TACC:  Starting up job 1813917 
TACC:  Starting parallel tasks... 
SNEDics v3.4 Non-Gaussian ED ground state program		Start at Fri Oct 23 21:17:09 2020

parallized on 16 MPI threads  * 7 OpenMP threads = 112 total threads.
********************************************************************************************************************
********************************************************************************************************************

********************************************************************************************************************
System parameters and configurations
********************************************************************************************************************
Special program options are enabled: splitted diagonal Hamiltonian
********************************************************************************************************************
Read input file "model_params.in"
	Hubbard-Holstein model parameters : 	t = 1    U = 5    g = 1.7321    W = 1    
********************************************************************************************************************
Read input file "hilbertspace_params.in"
	Requested 16-site 2D lattice, with 14 electrons (7, 7)
	Boundary : Periodic		Hilbert space representation : momentum-space (restricted to kIdx = 0)
	Conservation: particle number[U(1)]      spin[U(1)]     momentum
********************************************************************************************************************

Cluster Positions:				Cluster symmetry group : D4
 x ... x ... x ... x .....                       x ... x ... x ... x .....
 |           |           :                       |           |           :
 |           |           :                       |           |           :
12    13    14    15     x                       1     5     6     5     x
 |           |           :                       |           |           :
 |           |           :                       |           |           :
 8 --- 9 ---10 ---11 --- x                       2 --- 6 ---10 --- 6 --- x
 |           |           :                       |           |           :
 |           |           :                       |           |           :
 4     5     6     7     x                       1     5     6     5     x
 |           |           :                       |           |           :
 |           |           :                       |           |           :
 0 --- 1 --- 2 --- 3 --- x                       0 --- 1 --- 2 --- 1 --- x
orbital number : 1
********************************************************************************************************************
Read input file "obs_params.in"
	Observable Type : Nq(All),   Sq(All),   N(All),   Delta[s](All),   Delta[d](All),   Delta[s+](All)
********************************************************************************************************************
** WARNING ** the input observables have non-local factors which have been reinterpreted. The total observable number is 96
********************************************************************************************************************


********************************************************************************************************************
Start calculating the non-Gaussian ED ground state
** WARNING ** Detected low phonon energy W < 10. The initial state will be prepared through a warm-up process.
********************************************************************************************************************
Start warm-up calculation for scaling factor 16
open output files: NGSEDWarmUpW16Obs.txt
********************************************************************************************************************
Start the 0 rounds of NGS-ED iteration
	effective electronic model is modified as: kinetic energy t = 1
	                                           effective interaction Vq = [0,0,0,0,0,0,0,0,0,0,0,0,0,0,0,0]
	first Hamiltonian is constructed, non-zero numbers = 2178478298
	PARPACK diagonalization completed after 150 matrix-vector product operations.
	iteration results: : total energy is -14.465815 | electron energy -14.465815 + phonon energy 0.000000 | electron momentum kIdx = 0
	Nq(0) = 12.25,	Nq(1) = 0.193419,	Nq(2) = 0.245302,	Nq(3) = 0.193419,	Nq(4) = 0.193419,	Nq(5) = 0.278802,	Nq(6) = 0.325354,	Nq(7) = 0.278802,	Nq(8) = 0.245302,	Nq(9) = 0.325354,	Nq(10) = 0.378006,	Nq(11) = 0.325354,	Nq(12) = 0.193419,	Nq(13) = 0.278802,	Nq(14) = 0.325354,	Nq(15) = 0.278802,	Sq(0) = 1.04059e-18,	Sq(1) = 0.470049,	Sq(2) = 0.7051,	Sq(3) = 0.470049,	Sq(4) = 0.470049,	Sq(5) = 0.602219,	Sq(6) = 0.912215,	Sq(7) = 0.602219,	Sq(8) = 0.7051,	Sq(9) = 0.912215,	Sq(10) = 2.34296,	Sq(11) = 0.912215,	Sq(12) = 0.470049,	Sq(13) = 0.602219,	Sq(14) = 0.912215,	Sq(15) = 0.602219,	N(0) = 1.8799,	N(1) = 1.77932,	N(2) = 0.165036,	N(3) = 1.77932,	N(4) = 1.77932,	N(5) = 0.998332,	N(6) = 0.15021,	N(7) = 0.998332,	N(8) = 0.165036,	N(9) = 0.15021,	N(10) = 0.0785896,	N(11) = 0.15021,	N(12) = 1.77932,	N(13) = 0.998332,	N(14) = 0.15021,	N(15) = 0.998332,	Delta[s](0) = 0.119116,	Delta[s](1) = 0.0951306,	Delta[s](2) = 0.0662612,	Delta[s](3) = 0.0951306,	Delta[s](4) = 0.0951306,	Delta[s](5) = 0.076838,	Delta[s](6) = 0.0485629,	Delta[s](7) = 0.076838,	Delta[s](8) = 0.0662612,	Delta[s](9) = 0.0485629,	Delta[s](10) = 0.0206913,	Delta[s](11) = 0.0485629,	Delta[s](12) = 0.0951306,	Delta[s](13) = 0.076838,	Delta[s](14) = 0.0485629,	Delta[s](15) = 0.076838,	Delta[d](0) = 0.246074,	Delta[d](1) = 0.166957,	Delta[d](2) = 0.184264,	Delta[d](3) = 0.166957,	Delta[d](4) = 0.166957,	Delta[d](5) = 0.162848,	Delta[d](6) = 0.119702,	Delta[d](7) = 0.162848,	Delta[d](8) = 0.184264,	Delta[d](9) = 0.119702,	Delta[d](10) = 0.0431885,	Delta[d](11) = 0.119702,	Delta[d](12) = 0.166957,	Delta[d](13) = 0.162848,	Delta[d](14) = 0.119702,	Delta[d](15) = 0.162848,	Delta[s+](0) = 0.560662,	Delta[s+](1) = 0.417263,	Delta[s+](2) = 0.184264,	Delta[s+](3) = 0.417263,	Delta[s+](4) = 0.417263,	Delta[s+](5) = 0.288415,	Delta[s+](6) = 0.115241,	Delta[s+](7) = 0.288415,	Delta[s+](8) = 0.184264,	Delta[s+](9) = 0.115241,	Delta[s+](10) = 0.0318993,	Delta[s+](11) = 0.115241,	Delta[s+](12) = 0.417263,	Delta[s+](13) = 0.288415,	Delta[s+](14) = 0.115241,	Delta[s+](15) = 0.288415
The 0-th iteration is completed.	|| time cost : 0h 6m 32.829s
********************************************************************************************************************
Start the 1 rounds of NGS-ED iteration
	effective electronic model is modified as: kinetic energy t = 0.919246
	                                           effective interaction Vq = [-2.87788, -2.7568, -2.6808, -2.7568, -2.7568,-2.70651,-2.65393,-2.70651, -2.6808,-2.65393,-2.61908,-2.65393, -2.7568,-2.70651,-2.65393,-2.70651]
	PARPACK diagonalization completed after 60 matrix-vector product operations.
	iteration results: : total energy is -63.289420 | electron energy -63.295798 + phonon energy 0.006377 | electron momentum kIdx = 0
The 1-th iteration is completed.	|| time cost : 0h 5m 14.869s
********************************************************************************************************************
Start the 2 rounds of NGS-ED iteration
	effective electronic model is modified as: kinetic energy t = 0.88117
	                                           effective interaction Vq = [-2.99519, -2.9524, -2.9543, -2.9524, -2.9524,-2.92052,-2.89628,-2.92052, -2.9543,-2.89628,-2.85077,-2.89628, -2.9524,-2.92052,-2.89628,-2.92052]
	PARPACK diagonalization completed after 120 matrix-vector product operations.
	iteration results: : total energy is -66.057082 | electron energy -66.085855 + phonon energy 0.028773 | electron momentum kIdx = 0
The 2-th iteration is completed.	|| time cost : 0h 0m 38.499s
********************************************************************************************************************
Start the 3 rounds of NGS-ED iteration
	effective electronic model is modified as: kinetic energy t = 0.871137
	                                           effective interaction Vq = [-2.99997,-2.97277,-2.97158,-2.97277,-2.97277,-2.96523, -2.9284,-2.96523,-2.97158, -2.9284,-2.90464, -2.9284,-2.97277,-2.96523, -2.9284,-2.96523]
	PARPACK diagonalization completed after 45 matrix-vector product operations.
	iteration results: : total energy is -66.191090 | electron energy -66.228078 + phonon energy 0.036988 | electron momentum kIdx = 0
The 3-th iteration is completed.	|| time cost : 0h 0m 24.386s
********************************************************************************************************************
Start the 4 rounds of NGS-ED iteration
	effective electronic model is modified as: kinetic energy t = 0.8689
	                                           effective interaction Vq = [-3.00016, -2.9761,-2.97277, -2.9761, -2.9761,-2.97138,-2.93426,-2.97138,-2.97277,-2.93426,-2.92556,-2.93426, -2.9761,-2.97138,-2.93426,-2.97138]
	PARPACK diagonalization completed after 45 matrix-vector product operations.
	iteration results: : total energy is -66.198257 | electron energy -66.237444 + phonon energy 0.039187 | electron momentum kIdx = 0
The 4-th iteration is completed.	|| time cost : 0h 0m 24.42s
********************************************************************************************************************
Start the 5 rounds of NGS-ED iteration
	effective electronic model is modified as: kinetic energy t = 0.868221
	                                           effective interaction Vq = [-3.00017,-2.97683,-2.97199,-2.97683,-2.97683,-2.97168,-2.93562,-2.97168,-2.97199,-2.93562,-2.93955,-2.93562,-2.97683,-2.97168,-2.93562,-2.97168]
	PARPACK diagonalization completed after 45 matrix-vector product operations.
	iteration results: : total energy is -66.200320 | electron energy -66.240218 + phonon energy 0.039898 | electron momentum kIdx = 0
The 5-th iteration is completed.	|| time cost : 0h 0m 24.418s
********************************************************************************************************************
Start the 6 rounds of NGS-ED iteration
	effective electronic model is modified as: kinetic energy t = 0.867892
	                                           effective interaction Vq = [-3.00017,-2.97703,-2.97074,-2.97703,-2.97703,-2.97066,  -2.936,-2.97066,-2.97074,  -2.936,-2.95125,  -2.936,-2.97703,-2.97066,  -2.936,-2.97066]
	PARPACK diagonalization completed after 45 matrix-vector product operations.
	iteration results: : total energy is -66.202338 | electron energy -66.242634 + phonon energy 0.040296 | electron momentum kIdx = 0
The 6-th iteration is completed.	|| time cost : 0h 0m 24.456s
********************************************************************************************************************
Start the 7 rounds of NGS-ED iteration
	effective electronic model is modified as: kinetic energy t = 0.867712
	                                           effective interaction Vq = [-3.00017,-2.97704,-2.96914,-2.97704,-2.97704,-2.96912,-2.93604,-2.96912,-2.96914,-2.93604,-2.96113,-2.93604,-2.97704,-2.96912,-2.93604,-2.96912]
	PARPACK diagonalization completed after 45 matrix-vector product operations.
	iteration results: : total energy is -66.204343 | electron energy -66.244945 + phonon energy 0.040602 | electron momentum kIdx = 0
The 7-th iteration is completed.	|| time cost : 0h 0m 24.417s
********************************************************************************************************************
Start the 8 rounds of NGS-ED iteration
	effective electronic model is modified as: kinetic energy t = 0.867663
	                                           effective interaction Vq = [-3.00017,-2.97691,-2.96737,-2.97691,-2.97691,-2.96736,-2.93584,-2.96736,-2.96737,-2.93584,-2.96855,-2.93584,-2.97691,-2.96736,-2.93584,-2.96736]
	PARPACK diagonalization completed after 45 matrix-vector product operations.
	iteration results: : total energy is -66.205856 | electron energy -66.246684 + phonon energy 0.040828 | electron momentum kIdx = 0
The 8-th iteration is completed.	|| time cost : 0h 0m 24.424s
********************************************************************************************************************
Start the 9 rounds of NGS-ED iteration
	effective electronic model is modified as: kinetic energy t = 0.867703
	                                           effective interaction Vq = [-3.00017,-2.97671,-2.96578,-2.97671,-2.97671,-2.96578,-2.93552,-2.96578,-2.96578,-2.93552,-2.97331,-2.93552,-2.97671,-2.96578,-2.93552,-2.96578]
	PARPACK diagonalization completed after 45 matrix-vector product operations.
	iteration results: : total energy is -66.206653 | electron energy -66.247619 + phonon energy 0.040966 | electron momentum kIdx = 0
The 9-th iteration is completed.	|| time cost : 0h 0m 24.437s
********************************************************************************************************************
Start the 10 rounds of NGS-ED iteration
	effective electronic model is modified as: kinetic energy t = 0.867768
	                                           effective interaction Vq = [-3.00017,-2.97654,-2.96465,-2.97654,-2.97654,-2.96465,-2.93522,-2.96465,-2.96465,-2.93522,  -2.976,-2.93522,-2.97654,-2.96465,-2.93522,-2.96465]
	PARPACK diagonalization completed after 30 matrix-vector product operations.
	iteration results: : total energy is -66.206961 | electron energy -66.247996 + phonon energy 0.041036 | electron momentum kIdx = 0
The 10-th iteration is completed.	|| time cost : 0h 0m 21.624s
********************************************************************************************************************
Start the 11 rounds of NGS-ED iteration
	effective electronic model is modified as: kinetic energy t = 0.86782
	                                           effective interaction Vq = [-3.00017,-2.97641,-2.96395,-2.97641,-2.97641,-2.96395,-2.93501,-2.96395,-2.96395,-2.93501,-2.97741,-2.93501,-2.97641,-2.96395,-2.93501,-2.96395]
	PARPACK diagonalization completed after 30 matrix-vector product operations.
	iteration results: : total energy is -66.207057 | electron energy -66.248123 + phonon energy 0.041067 | electron momentum kIdx = 0
The 11-th iteration is completed.	|| time cost : 0h 0m 21.626s
********************************************************************************************************************
Start the 12 rounds of NGS-ED iteration
	effective electronic model is modified as: kinetic energy t = 0.867853
	                                           effective interaction Vq = [-3.00017,-2.97634,-2.96357,-2.97634,-2.97634,-2.96357,-2.93488,-2.96357,-2.96357,-2.93488,-2.97812,-2.93488,-2.97634,-2.96357,-2.93488,-2.96357]
	PARPACK diagonalization completed after 30 matrix-vector product operations.
	iteration results: : total energy is -66.207083 | electron energy -66.248163 + phonon energy 0.041080 | electron momentum kIdx = 0
	Nq(0) = 12.25,	Nq(1) = 0.406126,	Nq(2) = 0.631543,	Nq(3) = 0.406126,	Nq(4) = 0.406126,	Nq(5) = 0.631543,	Nq(6) = 0.675912,	Nq(7) = 0.631543,	Nq(8) = 0.631543,	Nq(9) = 0.675912,	Nq(10) = 1.65478,	Nq(11) = 0.675912,	Nq(12) = 0.406126,	Nq(13) = 0.631543,	Nq(14) = 0.675912,	Nq(15) = 0.631543,	Sq(0) = -8.56473e-18,	Sq(1) = 0.305469,	Sq(2) = 0.345773,	Sq(3) = 0.305469,	Sq(4) = 0.305469,	Sq(5) = 0.345773,	Sq(6) = 0.527431,	Sq(7) = 0.345773,	Sq(8) = 0.345773,	Sq(9) = 0.527431,	Sq(10) = 0.571575,	Sq(11) = 0.527431,	Sq(12) = 0.305469,	Sq(13) = 0.345773,	Sq(14) = 0.527431,	Sq(15) = 0.345773,	N(0) = 1.99464,	N(1) = 1.98577,	N(2) = 0.669387,	N(3) = 1.98577,	N(4) = 1.98577,	N(5) = 0.669387,	N(6) = 0.0104016,	N(7) = 0.669387,	N(8) = 0.669387,	N(9) = 0.0104016,	N(10) = 0.00435325,	N(11) = 0.0104016,	N(12) = 1.98577,	N(13) = 0.669387,	N(14) = 0.0104016,	N(15) = 0.669387,	Delta[s](0) = 0.71976,	Delta[s](1) = 0.265212,	Delta[s](2) = 0.229468,	Delta[s](3) = 0.265212,	Delta[s](4) = 0.265212,	Delta[s](5) = 0.229468,	Delta[s](6) = 0.184401,	Delta[s](7) = 0.229468,	Delta[s](8) = 0.229468,	Delta[s](9) = 0.184401,	Delta[s](10) = 0.116075,	Delta[s](11) = 0.184401,	Delta[s](12) = 0.265212,	Delta[s](13) = 0.229468,	Delta[s](14) = 0.184401,	Delta[s](15) = 0.229468,	Delta[d](0) = 0.243064,	Delta[d](1) = 0.195627,	Delta[d](2) = 0.197794,	Delta[d](3) = 0.195627,	Delta[d](4) = 0.195627,	Delta[d](5) = 0.149181,	Delta[d](6) = 0.149241,	Delta[d](7) = 0.149181,	Delta[d](8) = 0.197794,	Delta[d](9) = 0.149241,	Delta[d](10) = 0.0556103,	Delta[d](11) = 0.149241,	Delta[d](12) = 0.195627,	Delta[d](13) = 0.149181,	Delta[d](14) = 0.149241,	Delta[d](15) = 0.149181,	Delta[s+](0) = 0.440208,	Delta[s+](1) = 0.333182,	Delta[s+](2) = 0.197794,	Delta[s+](3) = 0.333182,	Delta[s+](4) = 0.333182,	Delta[s+](5) = 0.197794,	Delta[s+](6) = 0.0764495,	Delta[s+](7) = 0.197794,	Delta[s+](8) = 0.197794,	Delta[s+](9) = 0.0764495,	Delta[s+](10) = 0.0214666,	Delta[s+](11) = 0.0764495,	Delta[s+](12) = 0.333182,	Delta[s+](13) = 0.197794,	Delta[s+](14) = 0.0764495,	Delta[s+](15) = 0.197794
The 12-th iteration is completed.	|| time cost : 0h 3m 58.864s
********************************************************************************************************************
********************************************************************************************************************
Ground state is obtained after 13 iterations. The current ground-state energy is -66.2071, in which electron energy is -66.2482 and phonon energy is 0.0410795
final variational state is: 
	Gamma_x = [      1,1.01245,1.02362,1.01245,1.01245,1.02362, 1.0324,1.02362,1.02362, 1.0324,1.04935, 1.0324,1.01245,1.02362, 1.0324,1.02362]
	lambda_q = [0.433025,0.394396,0.385065,0.394396,0.394396,0.385065,0.369111,0.385065,0.385065,0.369111,0.396199,0.369111,0.394396,0.385065,0.369111,0.385065]
The effective e-e interactions mediated by phonons are: [3.00017,2.97629,2.96337,2.97629,2.97629,2.96337,2.93481,2.96337,2.96337,2.93481,2.97847,2.93481,2.97629,2.96337,2.93481,2.96337]
The real-space interactions mediated by phonons are: [  -47.4033,-0.0803246,-0.0109492,-0.0250301, -0.104668,-0.0699326,-0.0109492, 0.0280796,-0.0519049, 0.0280796,-0.0109492,-0.0699326, -0.104668,-0.0250301,-0.0109492,-0.0803246]
********************************************************************************************************************
o___o  ----------------------------------------
| L |	Time since last clock: 0h 0m 0s
A===A	Time since the beginning: 0h 19m 59.274s
***********************************************

********************************************************************************************************************
Start warm-up calculation for scaling factor 8
open output files: NGSEDWarmUpW8Obs.txt
********************************************************************************************************************
Start the 0 rounds of NGS-ED iteration
	effective electronic model is modified as: kinetic energy t = 0.867872
	                                           effective interaction Vq = [ -2.7428,   -2.62,-2.58676,   -2.62,   -2.62,-2.58676,-2.52669,-2.58676,-2.58676,-2.52669,-2.62626,-2.52669,   -2.62,-2.58676,-2.52669,-2.58676]
	PARPACK diagonalization completed after 45 matrix-vector product operations.
	iteration results: : total energy is -59.528033 | electron energy -59.548576 + phonon energy 0.020542 | electron momentum kIdx = 0
	Nq(0) = 12.25,	Nq(1) = 0.380336,	Nq(2) = 0.54974,	Nq(3) = 0.380336,	Nq(4) = 0.380336,	Nq(5) = 0.54974,	Nq(6) = 0.613978,	Nq(7) = 0.54974,	Nq(8) = 0.54974,	Nq(9) = 0.613978,	Nq(10) = 1.76504,	Nq(11) = 0.613978,	Nq(12) = 0.380336,	Nq(13) = 0.54974,	Nq(14) = 0.613978,	Nq(15) = 0.54974,	Sq(0) = -2.14118e-18,	Sq(1) = 0.361092,	Sq(2) = 0.370606,	Sq(3) = 0.361092,	Sq(4) = 0.361092,	Sq(5) = 0.370606,	Sq(6) = 0.60618,	Sq(7) = 0.370606,	Sq(8) = 0.370606,	Sq(9) = 0.60618,	Sq(10) = 0.616547,	Sq(11) = 0.60618,	Sq(12) = 0.361092,	Sq(13) = 0.370606,	Sq(14) = 0.60618,	Sq(15) = 0.370606,	N(0) = 1.99979,	N(1) = 1.99916,	N(2) = 0.666787,	N(3) = 1.99916,	N(4) = 1.99916,	N(5) = 0.666787,	N(6) = 0.000665768,	N(7) = 0.666787,	N(8) = 0.666787,	N(9) = 0.000665768,	N(10) = 0.000170065,	N(11) = 0.000665768,	N(12) = 1.99916,	N(13) = 0.666787,	N(14) = 0.000665768,	N(15) = 0.666787,	Delta[s](0) = 0.400584,	Delta[s](1) = 0.241918,	Delta[s](2) = 0.220345,	Delta[s](3) = 0.241918,	Delta[s](4) = 0.241918,	Delta[s](5) = 0.220345,	Delta[s](6) = 0.180921,	Delta[s](7) = 0.220345,	Delta[s](8) = 0.220345,	Delta[s](9) = 0.180921,	Delta[s](10) = 0.231358,	Delta[s](11) = 0.180921,	Delta[s](12) = 0.241918,	Delta[s](13) = 0.220345,	Delta[s](14) = 0.180921,	Delta[s](15) = 0.220345,	Delta[d](0) = 0.232362,	Delta[d](1) = 0.201692,	Delta[d](2) = 0.208158,	Delta[d](3) = 0.201692,	Delta[d](4) = 0.201692,	Delta[d](5) = 0.142657,	Delta[d](6) = 0.156164,	Delta[d](7) = 0.142657,	Delta[d](8) = 0.208158,	Delta[d](9) = 0.156164,	Delta[d](10) = 0.0529593,	Delta[d](11) = 0.156164,	Delta[d](12) = 0.201692,	Delta[d](13) = 0.142657,	Delta[d](14) = 0.156164,	Delta[d](15) = 0.142657,	Delta[s+](0) = 0.46546,	Delta[s+](1) = 0.349161,	Delta[s+](2) = 0.208158,	Delta[s+](3) = 0.349161,	Delta[s+](4) = 0.349161,	Delta[s+](5) = 0.208158,	Delta[s+](6) = 0.0849887,	Delta[s+](7) = 0.208158,	Delta[s+](8) = 0.208158,	Delta[s+](9) = 0.0849887,	Delta[s+](10) = 0.0267725,	Delta[s+](11) = 0.0849887,	Delta[s+](12) = 0.349161,	Delta[s+](13) = 0.208158,	Delta[s+](14) = 0.0849887,	Delta[s+](15) = 0.208158
The 0-th iteration is completed.	|| time cost : 0h 4m 1.091s
********************************************************************************************************************
Start the 1 rounds of NGS-ED iteration
	effective electronic model is modified as: kinetic energy t = 0.829793
	                                           effective interaction Vq = [-2.94821,-2.82895,-2.78166,-2.82895,-2.82895,-2.78166,-2.71454,-2.78166,-2.78166,-2.71454, -2.8571,-2.71454,-2.82895,-2.78166,-2.71454,-2.78166]
	PARPACK diagonalization completed after 45 matrix-vector product operations.
	iteration results: : total energy is -62.935130 | electron energy -63.026100 + phonon energy 0.090970 | electron momentum kIdx = 0
The 1-th iteration is completed.	|| time cost : 0h 0m 24.596s
********************************************************************************************************************
Start the 2 rounds of NGS-ED iteration
	effective electronic model is modified as: kinetic energy t = 0.812572
	                                           effective interaction Vq = [-2.98968,-2.89171,-2.84689,-2.89171,-2.89171,-2.84689,-2.77981,-2.84689,-2.84689,-2.77981,-2.92846,-2.77981,-2.89171,-2.84689,-2.77981,-2.84689]
	PARPACK diagonalization completed after 45 matrix-vector product operations.
	iteration results: : total energy is -63.617782 | electron energy -63.753679 + phonon energy 0.135897 | electron momentum kIdx = 0
The 2-th iteration is completed.	|| time cost : 0h 0m 24.462s
********************************************************************************************************************
Start the 3 rounds of NGS-ED iteration
	effective electronic model is modified as: kinetic energy t = 0.805111
	                                           effective interaction Vq = [-2.99805, -2.9136,-2.87135, -2.9136, -2.9136,-2.87135,-2.80502,-2.87135,-2.87135,-2.80502, -2.9519,-2.80502, -2.9136,-2.87135,-2.80502,-2.87135]
	PARPACK diagonalization completed after 30 matrix-vector product operations.
	iteration results: : total energy is -63.752423 | electron energy -63.910008 + phonon energy 0.157585 | electron momentum kIdx = 0
The 3-th iteration is completed.	|| time cost : 0h 0m 21.694s
********************************************************************************************************************
Start the 4 rounds of NGS-ED iteration
	effective electronic model is modified as: kinetic energy t = 0.801915
	                                           effective interaction Vq = [-2.99974,-2.92205,-2.88123,-2.92205,-2.92205,-2.88123,-2.81543,-2.88123,-2.88123,-2.81543,-2.96023,-2.81543,-2.92205,-2.88123,-2.81543,-2.88123]
	PARPACK diagonalization completed after 30 matrix-vector product operations.
	iteration results: : total energy is -63.778846 | electron energy -63.946071 + phonon energy 0.167226 | electron momentum kIdx = 0
The 4-th iteration is completed.	|| time cost : 0h 0m 21.633s
********************************************************************************************************************
Start the 5 rounds of NGS-ED iteration
	effective electronic model is modified as: kinetic energy t = 0.800546
	                                           effective interaction Vq = [-3.00008,-2.92549,-2.88538,-2.92549,-2.92549,-2.88538, -2.8199,-2.88538,-2.88538, -2.8199,-2.96333, -2.8199,-2.92549,-2.88538, -2.8199,-2.88538]
	PARPACK diagonalization completed after 30 matrix-vector product operations.
	iteration results: : total energy is -63.784038 | electron energy -63.955416 + phonon energy 0.171379 | electron momentum kIdx = 0
The 5-th iteration is completed.	|| time cost : 0h 0m 21.656s
********************************************************************************************************************
Start the 6 rounds of NGS-ED iteration
	effective electronic model is modified as: kinetic energy t = 0.799957
	                                           effective interaction Vq = [-3.00015,-2.92694,-2.88717,-2.92694,-2.92694,-2.88717,-2.82187,-2.88717,-2.88717,-2.82187, -2.9645,-2.82187,-2.92694,-2.88717,-2.82187,-2.88717]
	PARPACK diagonalization completed after 30 matrix-vector product operations.
	iteration results: : total energy is -63.785062 | electron energy -63.958209 + phonon energy 0.173148 | electron momentum kIdx = 0
The 6-th iteration is completed.	|| time cost : 0h 0m 21.682s
********************************************************************************************************************
Start the 7 rounds of NGS-ED iteration
	effective electronic model is modified as: kinetic energy t = 0.799702
	                                           effective interaction Vq = [-3.00017,-2.92756,-2.88796,-2.92756,-2.92756,-2.88796,-2.82274,-2.88796,-2.88796,-2.82274,-2.96494,-2.82274,-2.92756,-2.88796,-2.82274,-2.88796]
	PARPACK diagonalization completed after 30 matrix-vector product operations.
	iteration results: : total energy is -63.785264 | electron energy -63.959163 + phonon energy 0.173899 | electron momentum kIdx = 0
The 7-th iteration is completed.	|| time cost : 0h 0m 21.728s
********************************************************************************************************************
Start the 8 rounds of NGS-ED iteration
	effective electronic model is modified as: kinetic energy t = 0.79959
	                                           effective interaction Vq = [-3.00017,-2.92783,-2.88831,-2.92783,-2.92783,-2.88831,-2.82313,-2.88831,-2.88831,-2.82313,-2.96509,-2.82313,-2.92783,-2.88831,-2.82313,-2.88831]
	PARPACK diagonalization completed after 30 matrix-vector product operations.
	iteration results: : total energy is -63.785305 | electron energy -63.959523 + phonon energy 0.174219 | electron momentum kIdx = 0
	Nq(0) = 12.25,	Nq(1) = 0.38941,	Nq(2) = 0.580716,	Nq(3) = 0.38941,	Nq(4) = 0.38941,	Nq(5) = 0.580716,	Nq(6) = 0.63665,	Nq(7) = 0.580716,	Nq(8) = 0.580716,	Nq(9) = 0.63665,	Nq(10) = 2.10798,	Nq(11) = 0.63665,	Nq(12) = 0.38941,	Nq(13) = 0.580716,	Nq(14) = 0.63665,	Nq(15) = 0.580716,	Sq(0) = 9.14408e-18,	Sq(1) = 0.311601,	Sq(2) = 0.348254,	Sq(3) = 0.311601,	Sq(4) = 0.311601,	Sq(5) = 0.348254,	Sq(6) = 0.535578,	Sq(7) = 0.348254,	Sq(8) = 0.348254,	Sq(9) = 0.535578,	Sq(10) = 0.575249,	Sq(11) = 0.535578,	Sq(12) = 0.311601,	Sq(13) = 0.348254,	Sq(14) = 0.535578,	Sq(15) = 0.348254,	N(0) = 1.99539,	N(1) = 1.98639,	N(2) = 0.668942,	N(3) = 1.98639,	N(4) = 1.98639,	N(5) = 0.668942,	N(6) = 0.0104025,	N(7) = 0.668942,	N(8) = 0.668942,	N(9) = 0.0104025,	N(10) = 0.00377726,	N(11) = 0.0104025,	N(12) = 1.98639,	N(13) = 0.668942,	N(14) = 0.0104025,	N(15) = 0.668942,	Delta[s](0) = 0.479881,	Delta[s](1) = 0.261478,	Delta[s](2) = 0.23837,	Delta[s](3) = 0.261478,	Delta[s](4) = 0.261478,	Delta[s](5) = 0.23837,	Delta[s](6) = 0.20327,	Delta[s](7) = 0.23837,	Delta[s](8) = 0.23837,	Delta[s](9) = 0.20327,	Delta[s](10) = 0.204164,	Delta[s](11) = 0.20327,	Delta[s](12) = 0.261478,	Delta[s](13) = 0.23837,	Delta[s](14) = 0.20327,	Delta[s](15) = 0.23837,	Delta[d](0) = 0.229084,	Delta[d](1) = 0.193817,	Delta[d](2) = 0.201054,	Delta[d](3) = 0.193817,	Delta[d](4) = 0.193817,	Delta[d](5) = 0.146101,	Delta[d](6) = 0.151932,	Delta[d](7) = 0.146101,	Delta[d](8) = 0.201054,	Delta[d](9) = 0.151932,	Delta[d](10) = 0.0633062,	Delta[d](11) = 0.151932,	Delta[d](12) = 0.193817,	Delta[d](13) = 0.146101,	Delta[d](14) = 0.151932,	Delta[d](15) = 0.146101,	Delta[s+](0) = 0.440312,	Delta[s+](1) = 0.331545,	Delta[s+](2) = 0.201054,	Delta[s+](3) = 0.331545,	Delta[s+](4) = 0.331545,	Delta[s+](5) = 0.201054,	Delta[s+](6) = 0.0850599,	Delta[s+](7) = 0.201054,	Delta[s+](8) = 0.201054,	Delta[s+](9) = 0.0850599,	Delta[s+](10) = 0.0312674,	Delta[s+](11) = 0.0850599,	Delta[s+](12) = 0.331545,	Delta[s+](13) = 0.201054,	Delta[s+](14) = 0.0850599,	Delta[s+](15) = 0.201054
The 8-th iteration is completed.	|| time cost : 0h 3m 58.235s
********************************************************************************************************************
********************************************************************************************************************
Ground state is obtained after 9 iterations. The current ground-state energy is -63.7853, in which electron energy is -63.9595 and phonon energy is 0.174219
final variational state is: 
	Gamma_x = [      1,1.03898,1.07008,1.03898,1.03898,1.07008,1.09159,1.07008,1.07008,1.09159, 1.1638,1.09159,1.03898,1.07008,1.09159,1.07008]
	lambda_q = [0.612256, 0.51738,0.494223, 0.51738, 0.51738,0.494223,0.463706,0.494223,0.494223,0.463706,0.546226,0.463706, 0.51738,0.494223,0.463706,0.494223]
The effective e-e interactions mediated by phonons are: [3.00017,2.92795,2.88846,2.92795,2.92795,2.88846,2.82331,2.88846,2.88846,2.82331,2.96515,2.82331,2.92795,2.88846,2.82331,2.88846]
The real-space interactions mediated by phonons are: [  -46.3012, -0.194201,-0.0327234, -0.109302, -0.244301, -0.222564,-0.0327234, 0.0792372, -0.188394, 0.0792372,-0.0327234, -0.222564, -0.244301, -0.109302,-0.0327234, -0.194201]
********************************************************************************************************************
o___o  ----------------------------------------
| L |	Time since last clock: 0h 0m 0s
A===A	Time since the beginning: 0h 30m 36.057s
***********************************************

********************************************************************************************************************
Start warm-up calculation for scaling factor 4
open output files: NGSEDWarmUpW4Obs.txt
********************************************************************************************************************
Start the 0 rounds of NGS-ED iteration
	effective electronic model is modified as: kinetic energy t = 0.799541
	                                           effective interaction Vq = [-2.74252,-2.51389,-2.44715,-2.51389,-2.51389,-2.44715,-2.35265,-2.44715,-2.44715,-2.35265,-2.59102,-2.35265,-2.51389,-2.44715,-2.35265,-2.44715]
	PARPACK diagonalization completed after 45 matrix-vector product operations.
	iteration results: : total energy is -56.724474 | electron energy -56.811651 + phonon energy 0.087178 | electron momentum kIdx = 0
	Nq(0) = 12.25,	Nq(1) = 0.373888,	Nq(2) = 0.534921,	Nq(3) = 0.373888,	Nq(4) = 0.373888,	Nq(5) = 0.534921,	Nq(6) = 0.583329,	Nq(7) = 0.534921,	Nq(8) = 0.534921,	Nq(9) = 0.583329,	Nq(10) = 1.84234,	Nq(11) = 0.583329,	Nq(12) = 0.373888,	Nq(13) = 0.534921,	Nq(14) = 0.583329,	Nq(15) = 0.534921,	Sq(0) = 5.66706e-18,	Sq(1) = 0.371485,	Sq(2) = 0.375472,	Sq(3) = 0.371485,	Sq(4) = 0.371485,	Sq(5) = 0.375472,	Sq(6) = 0.625479,	Sq(7) = 0.375472,	Sq(8) = 0.375472,	Sq(9) = 0.625479,	Sq(10) = 0.628571,	Sq(11) = 0.625479,	Sq(12) = 0.371485,	Sq(13) = 0.375472,	Sq(14) = 0.625479,	Sq(15) = 0.375472,	N(0) = 1.9994,	N(1) = 1.99829,	N(2) = 0.666912,	N(3) = 1.99829,	N(4) = 1.99829,	N(5) = 0.666912,	N(6) = 0.00134656,	N(7) = 0.666912,	N(8) = 0.666912,	N(9) = 0.00134656,	N(10) = 0.000569609,	N(11) = 0.00134656,	N(12) = 1.99829,	N(13) = 0.666912,	N(14) = 0.00134656,	N(15) = 0.666912,	Delta[s](0) = 0.34077,	Delta[s](1) = 0.234353,	Delta[s](2) = 0.217064,	Delta[s](3) = 0.234353,	Delta[s](4) = 0.234353,	Delta[s](5) = 0.217064,	Delta[s](6) = 0.188421,	Delta[s](7) = 0.217064,	Delta[s](8) = 0.217064,	Delta[s](9) = 0.188421,	Delta[s](10) = 0.231117,	Delta[s](11) = 0.188421,	Delta[s](12) = 0.234353,	Delta[s](13) = 0.217064,	Delta[s](14) = 0.188421,	Delta[s](15) = 0.217064,	Delta[d](0) = 0.23708,	Delta[d](1) = 0.2086,	Delta[d](2) = 0.218693,	Delta[d](3) = 0.2086,	Delta[d](4) = 0.2086,	Delta[d](5) = 0.153683,	Delta[d](6) = 0.165005,	Delta[d](7) = 0.153683,	Delta[d](8) = 0.218693,	Delta[d](9) = 0.165005,	Delta[d](10) = 0.0703025,	Delta[d](11) = 0.165005,	Delta[d](12) = 0.2086,	Delta[d](13) = 0.153683,	Delta[d](14) = 0.165005,	Delta[d](15) = 0.153683,	Delta[s+](0) = 0.48183,	Delta[s+](1) = 0.360349,	Delta[s+](2) = 0.218693,	Delta[s+](3) = 0.360349,	Delta[s+](4) = 0.360349,	Delta[s+](5) = 0.218693,	Delta[s+](6) = 0.0958338,	Delta[s+](7) = 0.218693,	Delta[s+](8) = 0.218693,	Delta[s+](9) = 0.0958338,	Delta[s+](10) = 0.0361941,	Delta[s+](11) = 0.0958338,	Delta[s+](12) = 0.360349,	Delta[s+](13) = 0.218693,	Delta[s+](14) = 0.0958338,	Delta[s+](15) = 0.218693
The 0-th iteration is completed.	|| time cost : 0h 4m 0.714s
********************************************************************************************************************
Start the 1 rounds of NGS-ED iteration
	effective electronic model is modified as: kinetic energy t = 0.779565
	                                           effective interaction Vq = [ -2.8844,-2.64237,-2.55876,-2.64237,-2.64237,-2.55876,-2.44117,-2.55876,-2.55876,-2.44117,-2.74071,-2.44117,-2.64237,-2.55876,-2.44117,-2.55876]
	PARPACK diagonalization completed after 45 matrix-vector product operations.
	iteration results: : total energy is -58.895301 | electron energy -59.122740 + phonon energy 0.227439 | electron momentum kIdx = 0
The 1-th iteration is completed.	|| time cost : 0h 0m 24.5s
********************************************************************************************************************
Start the 2 rounds of NGS-ED iteration
	effective electronic model is modified as: kinetic energy t = 0.764906
	                                           effective interaction Vq = [-2.94815,-2.71337,-2.62791,-2.71337,-2.71337,-2.62791,-2.49835,-2.62791,-2.62791,-2.49835, -2.8314,-2.49835,-2.71337,-2.62791,-2.49835,-2.62791]
	PARPACK diagonalization completed after 45 matrix-vector product operations.
	iteration results: : total energy is -59.876245 | electron energy -60.213175 + phonon energy 0.336931 | electron momentum kIdx = 0
The 2-th iteration is completed.	|| time cost : 0h 0m 24.496s
********************************************************************************************************************
Start the 3 rounds of NGS-ED iteration
	effective electronic model is modified as: kinetic energy t = 0.754903
	                                           effective interaction Vq = [ -2.9768,-2.75337,-2.67072,-2.75337,-2.75337,-2.67072,-2.53401,-2.67072,-2.67072,-2.53401, -2.8833,-2.53401,-2.75337,-2.67072,-2.53401,-2.67072]
	PARPACK diagonalization completed after 30 matrix-vector product operations.
	iteration results: : total energy is -60.315184 | electron energy -60.727158 + phonon energy 0.411974 | electron momentum kIdx = 0
The 3-th iteration is completed.	|| time cost : 0h 0m 21.627s
********************************************************************************************************************
Start the 4 rounds of NGS-ED iteration
	effective electronic model is modified as: kinetic energy t = 0.748324
	                                           effective interaction Vq = [-2.98967,-2.77645,-2.69743,-2.77645,-2.77645,-2.69743,-2.55612,-2.69743,-2.69743,-2.55612,-2.91243,-2.55612,-2.77645,-2.69743,-2.55612,-2.69743]
	PARPACK diagonalization completed after 30 matrix-vector product operations.
	iteration results: : total energy is -60.509740 | electron energy -60.970858 + phonon energy 0.461119 | electron momentum kIdx = 0
The 4-th iteration is completed.	|| time cost : 0h 0m 21.696s
********************************************************************************************************************
Start the 5 rounds of NGS-ED iteration
	effective electronic model is modified as: kinetic energy t = 0.74408
	                                           effective interaction Vq = [-2.99545,-2.79006,-2.71424,-2.79006,-2.79006,-2.71424,-2.56989,-2.71424,-2.71424,-2.56989,-2.92881,-2.56989,-2.79006,-2.71424,-2.56989,-2.71424]
	PARPACK diagonalization completed after 30 matrix-vector product operations.
	iteration results: : total energy is -60.595464 | electron energy -61.088093 + phonon energy 0.492629 | electron momentum kIdx = 0
The 5-th iteration is completed.	|| time cost : 0h 0m 21.62s
********************************************************************************************************************
Start the 6 rounds of NGS-ED iteration
	effective electronic model is modified as: kinetic energy t = 0.741367
	                                           effective interaction Vq = [-2.99805,-2.79823,-2.72491,-2.79823,-2.79823,-2.72491,-2.57854,-2.72491,-2.72491,-2.57854,-2.93813,-2.57854,-2.79823,-2.72491,-2.57854,-2.72491]
	PARPACK diagonalization completed after 30 matrix-vector product operations.
	iteration results: : total energy is -60.633154 | electron energy -61.145757 + phonon energy 0.512603 | electron momentum kIdx = 0
The 6-th iteration is completed.	|| time cost : 0h 0m 21.645s
********************************************************************************************************************
Start the 7 rounds of NGS-ED iteration
	effective electronic model is modified as: kinetic energy t = 0.739641
	                                           effective interaction Vq = [-2.99922,-2.80321,-2.73172,-2.80321,-2.80321,-2.73172,-2.58401,-2.73172,-2.73172,-2.58401,-2.94349,-2.58401,-2.80321,-2.73172,-2.58401,-2.73172]
	PARPACK diagonalization completed after 30 matrix-vector product operations.
	iteration results: : total energy is -60.649732 | electron energy -61.174916 + phonon energy 0.525184 | electron momentum kIdx = 0
The 7-th iteration is completed.	|| time cost : 0h 0m 21.717s
********************************************************************************************************************
Start the 8 rounds of NGS-ED iteration
	effective electronic model is modified as: kinetic energy t = 0.738545
	                                           effective interaction Vq = [-2.99974,-2.80626, -2.7361,-2.80626,-2.80626, -2.7361, -2.5875, -2.7361, -2.7361, -2.5875, -2.9466, -2.5875,-2.80626, -2.7361, -2.5875, -2.7361]
	PARPACK diagonalization completed after 30 matrix-vector product operations.
	iteration results: : total energy is -60.657037 | electron energy -61.190120 + phonon energy 0.533083 | electron momentum kIdx = 0
The 8-th iteration is completed.	|| time cost : 0h 0m 21.692s
********************************************************************************************************************
Start the 9 rounds of NGS-ED iteration
	effective electronic model is modified as: kinetic energy t = 0.737847
	                                           effective interaction Vq = [-2.99998,-2.80816,-2.73891,-2.80816,-2.80816,-2.73891,-2.58973,-2.73891,-2.73891,-2.58973,-2.94842,-2.58973,-2.80816,-2.73891,-2.58973,-2.73891]
	PARPACK diagonalization completed after 30 matrix-vector product operations.
