SNEDics v3.22.2 Non-Gaussian ED ground state program		Start at Sun Apr 24 21:53:34 2022

Parallelization: 32 MPI threads  * 8 OpenMP threads = 256 total threads.
********************************************************************************************************************
********************************************************************************************************************

********************************************************************************************************************
System parameters and configurations
	special program options are enabled: splitted diagonal Hamiltonian | splitted Hamiltonian terms
********************************************************************************************************************
Read input file "model_params.in"
	Hubbard-Holstein model parameters : 	t = 1    U = 8    g = 0.2    W = 0.2    g' = 0.05    
********************************************************************************************************************
Read input file "hilbertspace_params.in"
	Requested 16-site 2D lattice, with 8 electrons (4, 4)
	Boundary : Periodic		Hilbert space representation : momentum-space (restricted to kIdx = 10)
	Conservation: particle number[U(1)]      spin[U(1)]     momentum
********************************************************************************************************************

Cluster Positions:				Cluster symmetry group : D4
 x ... x ... x ... x .....                       x ... x ... x ... x .....
 |           |           :                       |           |           :
 |           |           :                       |           |           :
12    13    14    15     x                       1     5     6     5     x
 |           |           :                       |           |           :
 |           |           :                       |           |           :
 8 --- 9 ---10 ---11 --- x                       2 --- 6 ---10 --- 6 --- x
 |           |           :                       |           |           :
 |           |           :                       |           |           :
 4     5     6     7     x                       1     5     6     5     x
 |           |           :                       |           |           :
 |           |           :                       |           |           :
 0 --- 1 --- 2 --- 3 --- x                       0 --- 1 --- 2 --- 1 --- x
orbital number : 1
********************************************************************************************************************
Read input file "obs_params.in"
	Observable Type : Nq(All),   Sq(All),   N(All-Orbital),   Delta[s](All),   Delta[d](All),   Delta[s+](All)
** WARNING ** the input observables have non-local factors which have been reinterpreted. The total observable number is 96
********************************************************************************************************************


********************************************************************************************************************
Start calculating the non-Gaussian ED ground state
Maximal iteration number is 1000; energy resolution is 1e-06. Phonon state relaxation time is 2000
W = 0.2 is relatively large. The non-Gaussian ED calculation starts directly.
open output files: NGSED_iteration_observables.txt
********************************************************************************************************************
Start the 0 rounds of NGS-ED iteration
	effective electronic model is modified as: kinetic energy t = 1
	                                           effective interaction Vq = [0,0,0,0,0,0,0,0,0,0,0,0,0,0,0,0]
	first Hamiltonian is constructed, size = 207168 and non-zero numbers = 32194784
	PARPACK diagonalization completed after 225 matrix-vector product operations.
	iteration results: : total energy is -14.228491 | electron energy -14.228491 + phonon energy 0.000000 | electron momentum kIdx = 10
	Nq(0) = 4,	Nq(1) = 0.1929,	Nq(2) = 0.241361,	Nq(3) = 0.1929,	Nq(4) = 0.1929,	Nq(5) = 0.2635,	
	Nq(6) = 0.343209,	Nq(7) = 0.2635,	Nq(8) = 0.241361,	Nq(9) = 0.343209,	Nq(10) = 0.497356,	
	Nq(11) = 0.343209,	Nq(12) = 0.1929,	Nq(13) = 0.2635,	Nq(14) = 0.343209,	Nq(15) = 0.2635;	
	Sq(0) = 1.05048e-18,	Sq(1) = 0.540129,	Sq(2) = 0.425883,	Sq(3) = 0.540129,	Sq(4) = 0.540129,	
	Sq(5) = 0.44091,	Sq(6) = 0.633208,	Sq(7) = 0.44091,	Sq(8) = 0.425883,	Sq(9) = 0.633208,	
	Sq(10) = 0.512733,	Sq(11) = 0.633208,	Sq(12) = 0.540129,	Sq(13) = 0.44091,	Sq(14) = 0.633208,	
	Sq(15) = 0.44091;	N(0) = 1.39632,	N(1) = 1.19393,	N(2) = 0.182033,	N(3) = 1.19393,	
	N(4) = 1.19393,	N(5) = 0.343994,	N(6) = 0.0196952,	N(7) = 0.343994,	N(8) = 0.182033,	
	N(9) = 0.0196952,	N(10) = 0.00914957,	N(11) = 0.0196952,	N(12) = 1.19393,	N(13) = 0.343994,	
	N(14) = 0.0196952,	N(15) = 0.343994;	Delta[s](0) = 0.020502,	Delta[s](1) = 0.0100296,	Delta[s](2) = 0.00240089,	
	Delta[s](3) = 0.0100296,	Delta[s](4) = 0.0100296,	Delta[s](5) = 0.00582843,	Delta[s](6) = 0.000123309,	Delta[s](7) = 0.00582843,	
	Delta[s](8) = 0.00240089,	Delta[s](9) = 0.000123309,	Delta[s](10) = 2.66054e-05,	Delta[s](11) = 0.000123309,	Delta[s](12) = 0.0100296,	
	Delta[s](13) = 0.00582843,	Delta[s](14) = 0.000123309,	Delta[s](15) = 0.00582843;	Delta[d](0) = 0.0484393,	Delta[d](1) = 0.0384867,	
	Delta[d](2) = 0.0276972,	Delta[d](3) = 0.0384867,	Delta[d](4) = 0.0384867,	Delta[d](5) = 0.0666345,	Delta[d](6) = 0.0425025,	
	Delta[d](7) = 0.0666345,	Delta[d](8) = 0.0276972,	Delta[d](9) = 0.0425025,	Delta[d](10) = 0.00310839,	Delta[d](11) = 0.0425025,	
	Delta[d](12) = 0.0384867,	Delta[d](13) = 0.0666345,	Delta[d](14) = 0.0425025,	Delta[d](15) = 0.0666345;	Delta[s+](0) = 0.204951,	
	Delta[s+](1) = 0.130044,	Delta[s+](2) = 0.0276972,	Delta[s+](3) = 0.130044,	Delta[s+](4) = 0.130044,	Delta[s+](5) = 0.0693662,	
	Delta[s+](6) = 0.0117701,	Delta[s+](7) = 0.0693662,	Delta[s+](8) = 0.0276972,	Delta[s+](9) = 0.0117701,	Delta[s+](10) = 0.000762814,	
	Delta[s+](11) = 0.0117701,	Delta[s+](12) = 0.130044,	Delta[s+](13) = 0.0693662,	Delta[s+](14) = 0.0117701,	Delta[s+](15) = 0.0693662
	
The 0-th iteration is completed.	|| time cost : 0h 0m 5.027s
********************************************************************************************************************
Start the 1 rounds of NGS-ED iteration
	effective electronic model is modified as: kinetic energy t = 0.997013
	                                           effective interaction Vq = [       -0.8, -0.0701367, -0.0196449, -0.0701367, -0.0701367, -0.0213843,-0.00460765, -0.0213843, -0.0196449,-0.00460765,          0,-0.00460765, -0.0701367, -0.0213843,-0.00460765, -0.0213843]
	PARPACK diagonalization completed after 45 matrix-vector product operations.
	iteration results: : total energy is -17.475546 | electron energy -17.476600 + phonon energy 0.001054 | electron momentum kIdx = 10
The 1-th iteration is completed.	|| time cost : 0h 0m 3.331s
********************************************************************************************************************
Start the 2 rounds of NGS-ED iteration
	effective electronic model is modified as: kinetic energy t = 0.996978
	                                           effective interaction Vq = [       -0.8, -0.0708257, -0.0196604, -0.0708257, -0.0708257, -0.0214116,-0.00459371, -0.0214116, -0.0196604,-0.00459371,          0,-0.00459371, -0.0708257, -0.0214116,-0.00459371, -0.0214116]
	PARPACK diagonalization completed after 30 matrix-vector product operations.
	iteration results: : total energy is -17.475549 | electron energy -17.476637 + phonon energy 0.001088 | electron momentum kIdx = 10
The 2-th iteration is completed.	|| time cost : 0h 0m 0.769s
********************************************************************************************************************
Start the 3 rounds of NGS-ED iteration
	effective electronic model is modified as: kinetic energy t = 0.996978
	                                           effective interaction Vq = [      -0.8,-0.0708334,-0.0196603,-0.0708334,-0.0708334,-0.0214114,-0.0045936,-0.0214114,-0.0196603,-0.0045936,         0,-0.0045936,-0.0708334,-0.0214114,-0.0045936,-0.0214114]
	PARPACK diagonalization completed after 30 matrix-vector product operations.
	iteration results: : total energy is -17.475549 | electron energy -17.476637 + phonon energy 0.001088 | electron momentum kIdx = 10
The 3-th iteration is completed.	|| time cost : 0h 0m 0.778s
********************************************************************************************************************
Start the 4 rounds of NGS-ED iteration
	effective electronic model is modified as: kinetic energy t = 0.996978
	                                           effective interaction Vq = [      -0.8,-0.0708335,-0.0196603,-0.0708335,-0.0708335,-0.0214114,-0.0045936,-0.0214114,-0.0196603,-0.0045936,         0,-0.0045936,-0.0708335,-0.0214114,-0.0045936,-0.0214114]
	PARPACK diagonalization completed after 30 matrix-vector product operations.
	iteration results: : total energy is -17.475549 | electron energy -17.476637 + phonon energy 0.001088 | electron momentum kIdx = 10
	Nq(0) = 4,	Nq(1) = 0.194878,	Nq(2) = 0.241612,	Nq(3) = 0.194878,	Nq(4) = 0.194878,	Nq(5) = 0.263906,	
	Nq(6) = 0.34218,	Nq(7) = 0.263906,	Nq(8) = 0.241612,	Nq(9) = 0.34218,	Nq(10) = 0.492519,	
	Nq(11) = 0.34218,	Nq(12) = 0.194878,	Nq(13) = 0.263906,	Nq(14) = 0.34218,	Nq(15) = 0.263906;	
	Sq(0) = 2.05506e-18,	Sq(1) = 0.539651,	Sq(2) = 0.42601,	Sq(3) = 0.539651,	Sq(4) = 0.539651,	
	Sq(5) = 0.441681,	Sq(6) = 0.632111,	Sq(7) = 0.441681,	Sq(8) = 0.42601,	Sq(9) = 0.632111,	
	Sq(10) = 0.514607,	Sq(11) = 0.632111,	Sq(12) = 0.539651,	Sq(13) = 0.441681,	Sq(14) = 0.632111,	
	Sq(15) = 0.441681;	N(0) = 1.39768,	N(1) = 1.19399,	N(2) = 0.182144,	N(3) = 1.19399,	
	N(4) = 1.19399,	N(5) = 0.343364,	N(6) = 0.0198153,	N(7) = 0.343364,	N(8) = 0.182144,	
	N(9) = 0.0198153,	N(10) = 0.00937078,	N(11) = 0.0198153,	N(12) = 1.19399,	N(13) = 0.343364,	
	N(14) = 0.0198153,	N(15) = 0.343364;	Delta[s](0) = 0.020617,	Delta[s](1) = 0.0100895,	Delta[s](2) = 0.00240512,	
	Delta[s](3) = 0.0100895,	Delta[s](4) = 0.0100895,	Delta[s](5) = 0.00587199,	Delta[s](6) = 0.00012476,	Delta[s](7) = 0.00587199,	
	Delta[s](8) = 0.00240512,	Delta[s](9) = 0.00012476,	Delta[s](10) = 2.6829e-05,	Delta[s](11) = 0.00012476,	Delta[s](12) = 0.0100895,	
	Delta[s](13) = 0.00587199,	Delta[s](14) = 0.00012476,	Delta[s](15) = 0.00587199;	Delta[d](0) = 0.0487709,	Delta[d](1) = 0.0385379,	
	Delta[d](2) = 0.0277249,	Delta[d](3) = 0.0385379,	Delta[d](4) = 0.0385379,	Delta[d](5) = 0.0669668,	Delta[d](6) = 0.0428071,	
	Delta[d](7) = 0.0669668,	Delta[d](8) = 0.0277249,	Delta[d](9) = 0.0428071,	Delta[d](10) = 0.00317248,	Delta[d](11) = 0.0428071,	
	Delta[d](12) = 0.0385379,	Delta[d](13) = 0.0669668,	Delta[d](14) = 0.0428071,	Delta[d](15) = 0.0669668;	Delta[s+](0) = 0.205507,	
	Delta[s+](1) = 0.130422,	Delta[s+](2) = 0.0277249,	Delta[s+](3) = 0.130422,	Delta[s+](4) = 0.130422,	Delta[s+](5) = 0.0694667,	
	Delta[s+](6) = 0.0118143,	Delta[s+](7) = 0.0694667,	Delta[s+](8) = 0.0277249,	Delta[s+](9) = 0.0118143,	Delta[s+](10) = 0.000771489,	
	Delta[s+](11) = 0.0118143,	Delta[s+](12) = 0.130422,	Delta[s+](13) = 0.0694667,	Delta[s+](14) = 0.0118143,	Delta[s+](15) = 0.0694667
	
The 4-th iteration is completed.	|| time cost : 0h 0m 2.95s
********************************************************************************************************************
********************************************************************************************************************
Ground state is obtained after 5 iterations. The current ground-state energy is -17.4755, in which electron energy is -17.4766 and phonon energy is 0.00108798
Final variational state is: 
	Gamma_x = [      1,1.06825, 1.0234,1.06825,1.06825,1.02783, 1.0077,1.02783, 1.0234, 1.0077,      1, 1.0077,1.06825,1.02783, 1.0077,1.02783]
	lambda_q = [        2, 0.123108,0.0504218, 0.123108, 0.123108,0.0550433,0.0235213,0.0550433,0.0504218,0.0235213,        0,0.0235213, 0.123108,0.0550433,0.0235213,0.0550433]
Effective e-e interactions mediated by phonons are:
	momentum-space Vq = [      -0.8,-0.0708335,-0.0196603,-0.0708335,-0.0708335,-0.0214114,-0.0045936,-0.0214114,-0.0196603,-0.0045936,         0,-0.0045936,-0.0708335,-0.0214114,-0.0045936,-0.0214114]
	real-space Vr = [-0.0766671,  -0.05828,-0.0471047,  -0.05828,  -0.05828,-0.0475425,  -0.04172,-0.0475425,-0.0471047,  -0.04172,-0.0389536,  -0.04172,  -0.05828,-0.0475425,  -0.04172,-0.0475425]
********************************************************************************************************************
o___o  ----------------------------------------
| L |	Time since last clock: 0h 0m 0.013s
A===A	Time since the beginning: 0h 0m 12.87s
***********************************************


Non-Gaussina ED ground state calculation is completed. The final ground-state energy is -17.4755
********************************************************************************************************************
o___o  ----------------------------------------
| L |	Time since last clock: 0h 0m 0.002s
A===A	Time since the beginning: 0h 0m 12.873s
***********************************************



********************************************************************************************************************
All non-Gaussian ED ground state calculations have been completed. Exit now.
