SNEDics v3.4 Non-Gaussian ED ground state program		Start at Sat Sep 21 17:22:12 2019

parallized on 16 MPI threads  * 8 OpenMP threads = 128 total threads.
********************************************************************************************************************
********************************************************************************************************************

********************************************************************************************************************
System parameters and configurations
********************************************************************************************************************
Special program options are enabled: splitted diagonal Hamiltonian
********************************************************************************************************************
Read input file "model_params.in"
	Hubbard-Holstein model parameters : 	t = 1    U = 0.8    g = 1.5811    W = 5    
********************************************************************************************************************
Read input file "hilbertspace_params.in"
	Requested 16-site 2D lattice, with 16 electrons (8, 8)
	Boundary : Periodic		Hilbert space representation : momentum-space (restricted to kIdx = 0)
	Conservation: particle number[U(1)]      spin[U(1)]     momentum
********************************************************************************************************************

Cluster Positions:				Cluster symmetry group : D4
 x ... x ... x ... x .....                       x ... x ... x ... x .....
 |           |           :                       |           |           :
 |           |           :                       |           |           :
12    13    14    15     x                       1     5     6     5     x
 |           |           :                       |           |           :
 |           |           :                       |           |           :
 8 --- 9 ---10 ---11 --- x                       2 --- 6 ---10 --- 6 --- x
 |           |           :                       |           |           :
 |           |           :                       |           |           :
 4     5     6     7     x                       1     5     6     5     x
 |           |           :                       |           |           :
 |           |           :                       |           |           :
 0 --- 1 --- 2 --- 3 --- x                       0 --- 1 --- 2 --- 1 --- x
orbital number : 1
********************************************************************************************************************
Read input file "obs_params.in"
	Observable Type : Nq(All),   Sq(All),   N(All),   Delta[s](All),   Delta[d](All),   Delta[s+](All)
********************************************************************************************************************
** WARNING ** the input observables have non-local factors which have been reinterpreted. The total observable number is 96
********************************************************************************************************************


********************************************************************************************************************
Start calculating the non-Gaussian ED ground state
** WARNING ** Detected low phonon energy W < 10. The initial state will be prepared through a warm-up process.
********************************************************************************************************************
Start warm-up calculation for scaling factor 2
open output files: NGSEDWarmUpW10Obs.txt
********************************************************************************************************************
Start the 0 rounds of NGS-ED iteration
	effective electronic model is modified as: kinetic energy t = 1
	                                           effective interaction Vq = [-0,-0,-0,-0,-0,-0,-0,-0,-0,-0,-0,-0,-0,-0,-0,-0]
	first Hamiltonian is constructed, non-zero numbers = 2845383612
	PARPACK diagonalization completed after 150 matrix-vector product operations.
	iteration results: : total energy is -21.399108 | electron energy -21.399108 + phonon energy 0.000000 | electron momentum kIdx = 0
	Nq(0) = 16,	Nq(1) = 0.315876,	Nq(2) = 0.352263,	Nq(3) = 0.315876,	Nq(4) = 0.315876,	Nq(5) = 0.352263,	Nq(6) = 0.544749,	Nq(7) = 0.352263,	Nq(8) = 0.352263,	Nq(9) = 0.544749,	Nq(10) = 0.585495,	Nq(11) = 0.544749,	Nq(12) = 0.315876,	Nq(13) = 0.352263,	Nq(14) = 0.544749,	Nq(15) = 0.352263,	Sq(0) = 1.12731e-18,	Sq(1) = 0.393855,	Sq(2) = 0.569325,	Sq(3) = 0.393855,	Sq(4) = 0.393855,	Sq(5) = 0.569325,	Sq(6) = 0.667265,	Sq(7) = 0.569325,	Sq(8) = 0.569325,	Sq(9) = 0.667265,	Sq(10) = 2.198,	Sq(11) = 0.667265,	Sq(12) = 0.393855,	Sq(13) = 0.569325,	Sq(14) = 0.667265,	Sq(15) = 0.569325,	N(0) = 1.99702,	N(1) = 1.99247,	N(2) = 1,	N(3) = 1.99247,	N(4) = 1.99247,	N(5) = 1,	N(6) = 0.00752549,	N(7) = 1,	N(8) = 1,	N(9) = 0.00752549,	N(10) = 0.00298182,	N(11) = 0.00752549,	N(12) = 1.99247,	N(13) = 1,	N(14) = 0.00752549,	N(15) = 1,	Delta[s](0) = 0.287164,	Delta[s](1) = 0.267783,	Delta[s](2) = 0.177094,	Delta[s](3) = 0.267783,	Delta[s](4) = 0.267783,	Delta[s](5) = 0.177094,	Delta[s](6) = 0.159748,	Delta[s](7) = 0.177094,	Delta[s](8) = 0.177094,	Delta[s](9) = 0.159748,	Delta[s](10) = 0.0109387,	Delta[s](11) = 0.159748,	Delta[s](12) = 0.267783,	Delta[s](13) = 0.177094,	Delta[s](14) = 0.159748,	Delta[s](15) = 0.177094,	Delta[d](0) = 0.575553,	Delta[d](1) = 0.299326,	Delta[d](2) = 0.260338,	Delta[d](3) = 0.299326,	Delta[d](4) = 0.299326,	Delta[d](5) = 0.318829,	Delta[d](6) = 0.222475,	Delta[d](7) = 0.318829,	Delta[d](8) = 0.260338,	Delta[d](9) = 0.222475,	Delta[d](10) = 0.0626059,	Delta[d](11) = 0.222475,	Delta[d](12) = 0.299326,	Delta[d](13) = 0.318829,	Delta[d](14) = 0.222475,	Delta[d](15) = 0.318829,	Delta[s+](0) = 0.520225,	Delta[s+](1) = 0.421443,	Delta[s+](2) = 0.260338,	Delta[s+](3) = 0.421443,	Delta[s+](4) = 0.421443,	Delta[s+](5) = 0.260338,	Delta[s+](6) = 0.103283,	Delta[s+](7) = 0.260338,	Delta[s+](8) = 0.260338,	Delta[s+](9) = 0.103283,	Delta[s+](10) = 0.0044724,	Delta[s+](11) = 0.103283,	Delta[s+](12) = 0.421443,	Delta[s+](13) = 0.260338,	Delta[s+](14) = 0.103283,	Delta[s+](15) = 0.260338
The 0-th iteration is completed.	|| time cost : 0h 11m 18.515s
********************************************************************************************************************
Start the 1 rounds of NGS-ED iteration
	effective electronic model is modified as: kinetic energy t = 0.985638
	                                           effective interaction Vq = [-0.432311,-0.409534,-0.391634,-0.409534,-0.409534,-0.391634,-0.392912,-0.391634,-0.391634,-0.392912,-0.383656,-0.392912,-0.409534,-0.391634,-0.392912,-0.391634]
	PARPACK diagonalization completed after 45 matrix-vector product operations.
	iteration results: : total energy is -30.539644 | electron energy -30.539907 + phonon energy 0.000263 | electron momentum kIdx = 0
The 1-th iteration is completed.	|| time cost : 0h 9m 35.63s
********************************************************************************************************************
Start the 2 rounds of NGS-ED iteration
	effective electronic model is modified as: kinetic energy t = 0.976868
	                                           effective interaction Vq = [-0.490818,-0.470653, -0.44667,-0.470653,-0.470653, -0.44667,-0.451342, -0.44667, -0.44667,-0.451342,-0.436623,-0.451342,-0.470653, -0.44667,-0.451342, -0.44667]
	PARPACK diagonalization completed after 105 matrix-vector product operations.
	iteration results: : total energy is -31.763540 | electron energy -31.765086 + phonon energy 0.001546 | electron momentum kIdx = 0
The 2-th iteration is completed.	|| time cost : 0h 1m 10.493s
********************************************************************************************************************
Start the 3 rounds of NGS-ED iteration
	effective electronic model is modified as: kinetic energy t = 0.971713
	                                           effective interaction Vq = [-0.498736,-0.482895,-0.476676,-0.482895,-0.482895,-0.476676,-0.463551,-0.476676,-0.476676,-0.463551,-0.462084,-0.463551,-0.482895,-0.476676,-0.463551,-0.476676]
	PARPACK diagonalization completed after 45 matrix-vector product operations.
	iteration results: : total energy is -31.966202 | electron energy -31.968993 + phonon energy 0.002791 | electron momentum kIdx = 0
The 3-th iteration is completed.	|| time cost : 0h 0m 42.914s
********************************************************************************************************************
Start the 4 rounds of NGS-ED iteration
	effective electronic model is modified as: kinetic energy t = 0.970078
	                                           effective interaction Vq = [-0.499808,-0.485983,-0.483475,-0.485983,-0.485983,-0.483475,-0.466539,-0.483475,-0.483475,-0.466539,-0.468139,-0.466539,-0.485983,-0.483475,-0.466539,-0.483475]
	PARPACK diagonalization completed after 30 matrix-vector product operations.
	iteration results: : total energy is -31.990418 | electron energy -31.993899 + phonon energy 0.003481 | electron momentum kIdx = 0
The 4-th iteration is completed.	|| time cost : 0h 0m 36.352s
********************************************************************************************************************
Start the 5 rounds of NGS-ED iteration
	effective electronic model is modified as: kinetic energy t = 0.969582
	                                           effective interaction Vq = [-0.499953,-0.486869,-0.485333,-0.486869,-0.486869,-0.485333,-0.467331,-0.485333,-0.485333,-0.467331,-0.469768,-0.467331,-0.486869,-0.485333,-0.467331,-0.485333]
	PARPACK diagonalization completed after 30 matrix-vector product operations.
	iteration results: : total energy is -31.993395 | electron energy -31.997138 + phonon energy 0.003743 | electron momentum kIdx = 0
The 5-th iteration is completed.	|| time cost : 0h 0m 35.981s
********************************************************************************************************************
Start the 6 rounds of NGS-ED iteration
	effective electronic model is modified as: kinetic energy t = 0.969432
	                                           effective interaction Vq = [-0.499972,-0.487136,-0.485881,-0.487136,-0.487136,-0.485881,-0.467546,-0.485881,-0.485881,-0.467546,-0.470225,-0.467546,-0.487136,-0.485881,-0.467546,-0.485881]
	PARPACK diagonalization completed after 30 matrix-vector product operations.
	iteration results: : total energy is -31.993770 | electron energy -31.997598 + phonon energy 0.003828 | electron momentum kIdx = 0
The 6-th iteration is completed.	|| time cost : 0h 0m 36.268s
********************************************************************************************************************
Start the 7 rounds of NGS-ED iteration
	effective electronic model is modified as: kinetic energy t = 0.969387
	                                           effective interaction Vq = [-0.499975,-0.487218,-0.486048,-0.487218,-0.487218,-0.486048,-0.467605,-0.486048,-0.486048,-0.467605,-0.470354,-0.467605,-0.487218,-0.486048,-0.467605,-0.486048]
	PARPACK diagonalization completed after 30 matrix-vector product operations.
	iteration results: : total energy is -31.993818 | electron energy -31.997673 + phonon energy 0.003855 | electron momentum kIdx = 0
	Nq(0) = 16,	Nq(1) = 0.381036,	Nq(2) = 0.720676,	Nq(3) = 0.381036,	Nq(4) = 0.381036,	Nq(5) = 0.720677,	Nq(6) = 0.631593,	Nq(7) = 0.720677,	Nq(8) = 0.720677,	Nq(9) = 0.631593,	Nq(10) = 0.890068,	Nq(11) = 0.631593,	Nq(12) = 0.381036,	Nq(13) = 0.720677,	Nq(14) = 0.631593,	Nq(15) = 0.720677,	Sq(0) = -8.66565e-19,	Sq(1) = 0.363684,	Sq(2) = 0.371203,	Sq(3) = 0.363684,	Sq(4) = 0.363684,	Sq(5) = 0.371203,	Sq(6) = 0.60888,	Sq(7) = 0.371203,	Sq(8) = 0.371203,	Sq(9) = 0.60888,	Sq(10) = 0.617882,	Sq(11) = 0.60888,	Sq(12) = 0.363684,	Sq(13) = 0.371203,	Sq(14) = 0.60888,	Sq(15) = 0.371203,	N(0) = 1.99989,	N(1) = 1.99969,	N(2) = 1,	N(3) = 1.99969,	N(4) = 1.99969,	N(5) = 1,	N(6) = 0.000309043,	N(7) = 1,	N(8) = 1,	N(9) = 0.000309043,	N(10) = 0.00011063,	N(11) = 0.000309043,	N(12) = 1.99969,	N(13) = 1,	N(14) = 0.000309043,	N(15) = 1,	Delta[s](0) = 0.951671,	Delta[s](1) = 0.313597,	Delta[s](2) = 0.238554,	Delta[s](3) = 0.313597,	Delta[s](4) = 0.313597,	Delta[s](5) = 0.238554,	Delta[s](6) = 0.200713,	Delta[s](7) = 0.238554,	Delta[s](8) = 0.238554,	Delta[s](9) = 0.200713,	Delta[s](10) = 0.192086,	Delta[s](11) = 0.200713,	Delta[s](12) = 0.313597,	Delta[s](13) = 0.238554,	Delta[s](14) = 0.200713,	Delta[s](15) = 0.238554,	Delta[d](0) = 0.357223,	Delta[d](1) = 0.281476,	Delta[d](2) = 0.250918,	Delta[d](3) = 0.281476,	Delta[d](4) = 0.281476,	Delta[d](5) = 0.239049,	Delta[d](6) = 0.222471,	Delta[d](7) = 0.239049,	Delta[d](8) = 0.250918,	Delta[d](9) = 0.222471,	Delta[d](10) = 0.12086,	Delta[d](11) = 0.222471,	Delta[d](12) = 0.281476,	Delta[d](13) = 0.239049,	Delta[d](14) = 0.222471,	Delta[d](15) = 0.239049,	Delta[s+](0) = 0.49325,	Delta[s+](1) = 0.401425,	Delta[s+](2) = 0.250918,	Delta[s+](3) = 0.401425,	Delta[s+](4) = 0.401425,	Delta[s+](5) = 0.250918,	Delta[s+](6) = 0.0991297,	Delta[s+](7) = 0.250918,	Delta[s+](8) = 0.250918,	Delta[s+](9) = 0.0991297,	Delta[s+](10) = 0.0070002,	Delta[s+](11) = 0.0991297,	Delta[s+](12) = 0.401425,	Delta[s+](13) = 0.250918,	Delta[s+](14) = 0.0991297,	Delta[s+](15) = 0.250918
The 7-th iteration is completed.	|| time cost : 0h 5m 53.209s
********************************************************************************************************************
********************************************************************************************************************
Ground state is obtained after 8 iterations. The current ground-state energy is -31.9938, in which electron energy is -31.9977 and phonon energy is 0.00385472
final variational state is: 
	Gamma_x = [      1,1.00512,1.01004,1.00512,1.00512,1.01004,1.01205,1.01004,1.01004,1.01205,1.01651,1.01205,1.00512,1.01004,1.01205,1.01004]
	lambda_q = [0.223526,0.187919, 0.18635,0.187919,0.187919, 0.18635, 0.16672, 0.18635, 0.18635, 0.16672, 0.16921, 0.16672,0.187919, 0.18635, 0.16672, 0.18635]
********************************************************************************************************************
o___o  ----------------------------------------
| L |	Time since last clock: 0h 0m 0s
A===A	Time since the beginning: 0h 30m 29.366s
***********************************************


********************************************************************************************************************
Warm up runs have been completed. Start calculating W = 5 phonon.
open output files: NGSEDIterationObs.txt
********************************************************************************************************************
Start the 0 rounds of NGS-ED iteration
	effective electronic model is modified as: kinetic energy t = 0.969374
	                                           effective interaction Vq = [-0.457015,-0.417669,-0.415645,-0.417669,-0.417669,-0.415645,-0.388224,-0.415645,-0.415645,-0.388224,-0.391916,-0.388224,-0.417669,-0.415645,-0.388224,-0.415645]
	PARPACK diagonalization completed after 60 matrix-vector product operations.
	iteration results: : total energy is -30.632116 | electron energy -30.634047 + phonon energy 0.001931 | electron momentum kIdx = 0
	Nq(0) = 16,	Nq(1) = 0.376692,	Nq(2) = 0.712187,	Nq(3) = 0.376692,	Nq(4) = 0.376692,	Nq(5) = 0.712187,	Nq(6) = 0.621061,	Nq(7) = 0.712187,	Nq(8) = 0.712187,	Nq(9) = 0.621061,	Nq(10) = 0.870248,	Nq(11) = 0.621061,	Nq(12) = 0.376692,	Nq(13) = 0.712187,	Nq(14) = 0.621061,	Nq(15) = 0.712187,	Sq(0) = 1.53028e-18,	Sq(1) = 0.374235,	Sq(2) = 0.374935,	Sq(3) = 0.374235,	Sq(4) = 0.374235,	Sq(5) = 0.374935,	Sq(6) = 0.623611,	Sq(7) = 0.374935,	Sq(8) = 0.374935,	Sq(9) = 0.623611,	Sq(10) = 0.62463,	Sq(11) = 0.623611,	Sq(12) = 0.374235,	Sq(13) = 0.374935,	Sq(14) = 0.623611,	Sq(15) = 0.374935,	N(0) = 1.99999,	N(1) = 1.99998,	N(2) = 1,	N(3) = 1.99998,	N(4) = 1.99998,	N(5) = 1,	N(6) = 1.96115e-05,	N(7) = 1,	N(8) = 1,	N(9) = 1.96115e-05,	N(10) = 6.24237e-06,	N(11) = 1.96115e-05,	N(12) = 1.99998,	N(13) = 1,	N(14) = 1.96115e-05,	N(15) = 1,	Delta[s](0) = 0.899818,	Delta[s](1) = 0.309554,	Delta[s](2) = 0.237631,	Delta[s](3) = 0.309554,	Delta[s](4) = 0.309554,	Delta[s](5) = 0.237631,	Delta[s](6) = 0.200893,	Delta[s](7) = 0.237631,	Delta[s](8) = 0.237631,	Delta[s](9) = 0.200893,	Delta[s](10) = 0.199801,	Delta[s](11) = 0.200893,	Delta[s](12) = 0.309554,	Delta[s](13) = 0.237631,	Delta[s](14) = 0.200893,	Delta[s](15) = 0.237631,	Delta[d](0) = 0.357877,	Delta[d](1) = 0.283165,	Delta[d](2) = 0.253611,	Delta[d](3) = 0.283165,	Delta[d](4) = 0.283165,	Delta[d](5) = 0.240679,	Delta[d](6) = 0.224256,	Delta[d](7) = 0.240679,	Delta[d](8) = 0.253611,	Delta[d](9) = 0.224256,	Delta[d](10) = 0.123114,	Delta[d](11) = 0.224256,	Delta[d](12) = 0.283165,	Delta[d](13) = 0.240679,	Delta[d](14) = 0.224256,	Delta[d](15) = 0.240679,	Delta[s+](0) = 0.499043,	Delta[s+](1) = 0.405606,	Delta[s+](2) = 0.253611,	Delta[s+](3) = 0.405606,	Delta[s+](4) = 0.405606,	Delta[s+](5) = 0.253611,	Delta[s+](6) = 0.10135,	Delta[s+](7) = 0.253611,	Delta[s+](8) = 0.253611,	Delta[s+](9) = 0.10135,	Delta[s+](10) = 0.00834336,	Delta[s+](11) = 0.10135,	Delta[s+](12) = 0.405606,	Delta[s+](13) = 0.253611,	Delta[s+](14) = 0.10135,	Delta[s+](15) = 0.253611
The 0-th iteration is completed.	|| time cost : 0h 6m 19.35s
********************************************************************************************************************
Start the 1 rounds of NGS-ED iteration
	effective electronic model is modified as: kinetic energy t = 0.96386
	                                           effective interaction Vq = [-0.484171,-0.441898,-0.439649,-0.441898,-0.441898,-0.439649,  -0.4053,-0.439649,-0.439649,  -0.4053,-0.409892,  -0.4053,-0.441898,-0.439649,  -0.4053,-0.439649]
	PARPACK diagonalization completed after 30 matrix-vector product operations.
	iteration results: : total energy is -31.127743 | electron energy -31.133783 + phonon energy 0.006039 | electron momentum kIdx = 0
The 1-th iteration is completed.	|| time cost : 0h 0m 36.485s
********************************************************************************************************************
Start the 2 rounds of NGS-ED iteration
	effective electronic model is modified as: kinetic energy t = 0.960955
	                                           effective interaction Vq = [-0.494161,-0.452767,-0.450489,-0.452767,-0.452767,-0.450489,-0.412844,-0.450489,-0.450489,-0.412844,-0.418036,-0.412844,-0.452767,-0.450489,-0.412844,-0.450489]
	PARPACK diagonalization completed after 30 matrix-vector product operations.
	iteration results: : total energy is -31.303572 | electron energy -31.312922 + phonon energy 0.009349 | electron momentum kIdx = 0
The 2-th iteration is completed.	|| time cost : 0h 0m 36.236s
********************************************************************************************************************
Start the 3 rounds of NGS-ED iteration
	effective electronic model is modified as: kinetic energy t = 0.959462
	                                           effective interaction Vq = [-0.497837,-0.457943, -0.45567,-0.457943,-0.457943, -0.45567,-0.416299, -0.45567, -0.45567,-0.416299,-0.421863,-0.416299,-0.457943, -0.45567,-0.416299, -0.45567]
	PARPACK diagonalization completed after 30 matrix-vector product operations.
	iteration results: : total energy is -31.366571 | electron energy -31.378032 + phonon energy 0.011461 | electron momentum kIdx = 0
The 3-th iteration is completed.	|| time cost : 0h 0m 36.494s
********************************************************************************************************************
Start the 4 rounds of NGS-ED iteration
	effective electronic model is modified as: kinetic energy t = 0.958702
	                                           effective interaction Vq = [-0.499189,-0.460499,-0.458235,-0.460499,-0.460499,-0.458235,-0.417914,-0.458235,-0.458235,-0.417914,-0.423698,-0.417914,-0.460499,-0.458235,-0.417914,-0.458235]
	PARPACK diagonalization completed after 30 matrix-vector product operations.
	iteration results: : total energy is -31.389307 | electron energy -31.401984 + phonon energy 0.012677 | electron momentum kIdx = 0
The 4-th iteration is completed.	|| time cost : 0h 0m 36.336s
********************************************************************************************************************
Start the 5 rounds of NGS-ED iteration
	effective electronic model is modified as: kinetic energy t = 0.958315
	                                           effective interaction Vq = [-0.499686,-0.461789, -0.45953,-0.461789,-0.461789, -0.45953,-0.418676, -0.45953, -0.45953,-0.418676,-0.424587,-0.418676,-0.461789, -0.45953,-0.418676, -0.45953]
	PARPACK diagonalization completed after 30 matrix-vector product operations.
	iteration results: : total energy is -31.397556 | electron energy -31.410897 + phonon energy 0.013341 | electron momentum kIdx = 0
The 5-th iteration is completed.	|| time cost : 0h 0m 36.444s
********************************************************************************************************************
Start the 6 rounds of NGS-ED iteration
	effective electronic model is modified as: kinetic energy t = 0.958119
	                                           effective interaction Vq = [-0.499869,-0.462447,-0.460192,-0.462447,-0.462447,-0.460192,-0.419038,-0.460192,-0.460192,-0.419038,-0.425021,-0.419038,-0.462447,-0.460192,-0.419038,-0.460192]
	PARPACK diagonalization completed after 30 matrix-vector product operations.
	iteration results: : total energy is -31.400561 | electron energy -31.414253 + phonon energy 0.013692 | electron momentum kIdx = 0
The 6-th iteration is completed.	|| time cost : 0h 0m 36.391s
********************************************************************************************************************
Start the 7 rounds of NGS-ED iteration
	effective electronic model is modified as: kinetic energy t = 0.958019
	                                           effective interaction Vq = [-0.499936,-0.462785,-0.460532,-0.462785,-0.462785,-0.460532, -0.41921,-0.460532,-0.460532, -0.41921,-0.425233, -0.41921,-0.462785,-0.460532, -0.41921,-0.460532]
	PARPACK diagonalization completed after 30 matrix-vector product operations.
	iteration results: : total energy is -31.401658 | electron energy -31.415533 + phonon energy 0.013875 | electron momentum kIdx = 0
The 7-th iteration is completed.	|| time cost : 0h 0m 36.315s
********************************************************************************************************************
Start the 8 rounds of NGS-ED iteration
	effective electronic model is modified as: kinetic energy t = 0.957969
	                                           effective interaction Vq = [-0.499961,-0.462959,-0.460707,-0.462959,-0.462959,-0.460707,-0.419292,-0.460707,-0.460707,-0.419292,-0.425337,-0.419292,-0.462959,-0.460707,-0.419292,-0.460707]
	PARPACK diagonalization completed after 30 matrix-vector product operations.
	iteration results: : total energy is -31.402060 | electron energy -31.416029 + phonon energy 0.013969 | electron momentum kIdx = 0
The 8-th iteration is completed.	|| time cost : 0h 0m 36.405s
********************************************************************************************************************
Start the 9 rounds of NGS-ED iteration
	effective electronic model is modified as: kinetic energy t = 0.957943
	                                           effective interaction Vq = [ -0.49997,-0.463049,-0.460797,-0.463049,-0.463049,-0.460797,-0.419331,-0.460797,-0.460797,-0.419331,-0.425388,-0.419331,-0.463049,-0.460797,-0.419331,-0.460797]
	PARPACK diagonalization completed after 30 matrix-vector product operations.
	iteration results: : total energy is -31.402207 | electron energy -31.416225 + phonon energy 0.014018 | electron momentum kIdx = 0
The 9-th iteration is completed.	|| time cost : 0h 0m 36.375s
********************************************************************************************************************
Start the 10 rounds of NGS-ED iteration
	effective electronic model is modified as: kinetic energy t = 0.95793
	                                           effective interaction Vq = [-0.499973,-0.463095,-0.460844,-0.463095,-0.463095,-0.460844, -0.41935,-0.460844,-0.460844, -0.41935,-0.425413, -0.41935,-0.463095,-0.460844, -0.41935,-0.460844]
	PARPACK diagonalization completed after 30 matrix-vector product operations.
	iteration results: : total energy is -31.402261 | electron energy -31.416303 + phonon energy 0.014042 | electron momentum kIdx = 0
	Nq(0) = 16,	Nq(1) = 0.379918,	Nq(2) = 0.719266,	Nq(3) = 0.379918,	Nq(4) = 0.379918,	Nq(5) = 0.719266,	Nq(6) = 0.623464,	Nq(7) = 0.719266,	Nq(8) = 0.719267,	Nq(9) = 0.623464,	Nq(10) = 0.876519,	Nq(11) = 0.623464,	Nq(12) = 0.379918,	Nq(13) = 0.719266,	Nq(14) = 0.623464,	Nq(15) = 0.719266,	Sq(0) = -5.31506e-18,	Sq(1) = 0.368447,	Sq(2) = 0.373048,	Sq(3) = 0.368447,	Sq(4) = 0.368447,	Sq(5) = 0.373048,	Sq(6) = 0.615312,	Sq(7) = 0.373048,	Sq(8) = 0.373048,	Sq(9) = 0.615312,	Sq(10) = 0.621029,	Sq(11) = 0.615312,	Sq(12) = 0.368447,	Sq(13) = 0.373048,	Sq(14) = 0.615312,	Sq(15) = 0.373048,	N(0) = 1.99996,	N(1) = 1.99985,	N(2) = 1,	N(3) = 1.99985,	N(4) = 1.99985,	N(5) = 1,	N(6) = 0.00014656,	N(7) = 1,	N(8) = 1,	N(9) = 0.00014656,	N(10) = 4.34384e-05,	N(11) = 0.00014656,	N(12) = 1.99985,	N(13) = 1,	N(14) = 0.00014656,	N(15) = 1,	Delta[s](0) = 0.898867,	Delta[s](1) = 0.311273,	Delta[s](2) = 0.240369,	Delta[s](3) = 0.311273,	Delta[s](4) = 0.311273,	Delta[s](5) = 0.240369,	Delta[s](6) = 0.203953,	Delta[s](7) = 0.240369,	Delta[s](8) = 0.240369,	Delta[s](9) = 0.203953,	Delta[s](10) = 0.200835,	Delta[s](11) = 0.203953,	Delta[s](12) = 0.311273,	Delta[s](13) = 0.240369,	Delta[s](14) = 0.203953,	Delta[s](15) = 0.240369,	Delta[d](0) = 0.360075,	Delta[d](1) = 0.285517,	Delta[d](2) = 0.255495,	Delta[d](3) = 0.285517,	Delta[d](4) = 0.285517,	Delta[d](5) = 0.243338,	Delta[d](6) = 0.226891,	Delta[d](7) = 0.243338,	Delta[d](8) = 0.255495,	Delta[d](9) = 0.226891,	Delta[d](10) = 0.126397,	Delta[d](11) = 0.226891,	Delta[d](12) = 0.285517,	Delta[d](13) = 0.243338,	Delta[d](14) = 0.226891,	Delta[d](15) = 0.243338,	Delta[s+](0) = 0.500289,	Delta[s+](1) = 0.406943,	Delta[s+](2) = 0.255495,	Delta[s+](3) = 0.406943,	Delta[s+](4) = 0.406943,	Delta[s+](5) = 0.255495,	Delta[s+](6) = 0.103037,	Delta[s+](7) = 0.255495,	Delta[s+](8) = 0.255495,	Delta[s+](9) = 0.103037,	Delta[s+](10) = 0.0099172,	Delta[s+](11) = 0.103037,	Delta[s+](12) = 0.406943,	Delta[s+](13) = 0.255495,	Delta[s+](14) = 0.103037,	Delta[s+](15) = 0.255495
The 10-th iteration is completed.	|| time cost : 0h 5m 46.447s
********************************************************************************************************************
Start the 11 rounds of NGS-ED iteration
	effective electronic model is modified as: kinetic energy t = 0.957923
	                                           effective interaction Vq = [-0.499975,-0.463119,-0.460868,-0.463119,-0.463119,-0.460868,-0.419359,-0.460868,-0.460868,-0.419359,-0.425425,-0.419359,-0.463119,-0.460868,-0.419359,-0.460868]
	PARPACK diagonalization completed after 30 matrix-vector product operations.
	iteration results: : total energy is -31.402281 | electron energy -31.416336 + phonon energy 0.014055 | electron momentum kIdx = 0
The 11-th iteration is completed.	|| time cost : 0h 0m 36.935s
********************************************************************************************************************
Start the 12 rounds of NGS-ED iteration
	effective electronic model is modified as: kinetic energy t = 0.957919
	                                           effective interaction Vq = [-0.499975,-0.463131,-0.460881,-0.463131,-0.463131,-0.460881,-0.419364,-0.460881,-0.460881,-0.419364,-0.425431,-0.419364,-0.463131,-0.460881,-0.419364,-0.460881]
	PARPACK diagonalization completed after 30 matrix-vector product operations.
	iteration results: : total energy is -31.402288 | electron energy -31.416349 + phonon energy 0.014061 | electron momentum kIdx = 0
The 12-th iteration is completed.	|| time cost : 0h 0m 36.795s
********************************************************************************************************************
Start the 13 rounds of NGS-ED iteration
	effective electronic model is modified as: kinetic energy t = 0.957918
	                                           effective interaction Vq = [-0.499975,-0.463138,-0.460888,-0.463138,-0.463138,-0.460888,-0.419366,-0.460888,-0.460888,-0.419366,-0.425434,-0.419366,-0.463138,-0.460888,-0.419366,-0.460888]
	PARPACK diagonalization completed after 30 matrix-vector product operations.
	iteration results: : total energy is -31.402291 | electron energy -31.416355 + phonon energy 0.014065 | electron momentum kIdx = 0
The 13-th iteration is completed.	|| time cost : 0h 0m 36.542s
********************************************************************************************************************
Start the 14 rounds of NGS-ED iteration
	effective electronic model is modified as: kinetic energy t = 0.957917
	                                           effective interaction Vq = [-0.499975,-0.463141,-0.460891,-0.463141,-0.463141,-0.460891,-0.419367,-0.460891,-0.460891,-0.419367,-0.425436,-0.419367,-0.463141,-0.460891,-0.419367,-0.460891]
	PARPACK diagonalization completed after 30 matrix-vector product operations.
	iteration results: : total energy is -31.402292 | electron energy -31.416358 + phonon energy 0.014066 | electron momentum kIdx = 0
The 14-th iteration is completed.	|| time cost : 0h 0m 36.463s
********************************************************************************************************************
Start the 15 rounds of NGS-ED iteration
	effective electronic model is modified as: kinetic energy t = 0.957916
	                                           effective interaction Vq = [-0.499975,-0.463143,-0.460893,-0.463143,-0.463143,-0.460893,-0.419367,-0.460893,-0.460893,-0.419367,-0.425437,-0.419367,-0.463143,-0.460893,-0.419367,-0.460893]
	PARPACK diagonalization completed after 30 matrix-vector product operations.
	iteration results: : total energy is -31.402292 | electron energy -31.416359 + phonon energy 0.014067 | electron momentum kIdx = 0
The 15-th iteration is completed.	|| time cost : 0h 0m 36.561s
********************************************************************************************************************
Start the 16 rounds of NGS-ED iteration
	effective electronic model is modified as: kinetic energy t = 0.957916
	                                           effective interaction Vq = [-0.499975,-0.463144,-0.460894,-0.463144,-0.463144,-0.460894,-0.419367,-0.460894,-0.460894,-0.419367,-0.425437,-0.419367,-0.463144,-0.460894,-0.419367,-0.460894]
	PARPACK diagonalization completed after 30 matrix-vector product operations.
	iteration results: : total energy is -31.402292 | electron energy -31.416360 + phonon energy 0.014068 | electron momentum kIdx = 0
The 16-th iteration is completed.	|| time cost : 0h 0m 36.737s
********************************************************************************************************************
Start the 17 rounds of NGS-ED iteration
	effective electronic model is modified as: kinetic energy t = 0.957916
	                                           effective interaction Vq = [-0.499975,-0.463144,-0.460894,-0.463144,-0.463144,-0.460894,-0.419367,-0.460894,-0.460894,-0.419367,-0.425437,-0.419367,-0.463144,-0.460894,-0.419367,-0.460894]
	PARPACK diagonalization completed after 30 matrix-vector product operations.
	iteration results: : total energy is -31.402292 | electron energy -31.416360 + phonon energy 0.014068 | electron momentum kIdx = 0
The 17-th iteration is completed.	|| time cost : 0h 0m 36.357s
********************************************************************************************************************
Start the 18 rounds of NGS-ED iteration
	effective electronic model is modified as: kinetic energy t = 0.957916
	                                           effective interaction Vq = [-0.499975,-0.463144,-0.460894,-0.463144,-0.463144,-0.460894,-0.419367,-0.460894,-0.460894,-0.419367,-0.425437,-0.419367,-0.463144,-0.460894,-0.419367,-0.460894]
	PARPACK diagonalization completed after 30 matrix-vector product operations.
	iteration results: : total energy is -31.402292 | electron energy -31.416360 + phonon energy 0.014068 | electron momentum kIdx = 0
The 18-th iteration is completed.	|| time cost : 0h 0m 36.547s
********************************************************************************************************************
Start the 19 rounds of NGS-ED iteration
	effective electronic model is modified as: kinetic energy t = 0.957916
	                                           effective interaction Vq = [-0.499975,-0.463144,-0.460894,-0.463144,-0.463144,-0.460894,-0.419367,-0.460894,-0.460894,-0.419367,-0.425437,-0.419367,-0.463144,-0.460894,-0.419367,-0.460894]
	PARPACK diagonalization completed after 30 matrix-vector product operations.
	iteration results: : total energy is -31.402292 | electron energy -31.416360 + phonon energy 0.014068 | electron momentum kIdx = 0
The 19-th iteration is completed.	|| time cost : 0h 0m 36.368s
********************************************************************************************************************
Start the 20 rounds of NGS-ED iteration
	effective electronic model is modified as: kinetic energy t = 0.957916
	                                           effective interaction Vq = [-0.499975,-0.463145,-0.460894,-0.463145,-0.463145,-0.460894,-0.419367,-0.460894,-0.460894,-0.419367,-0.425437,-0.419367,-0.463145,-0.460894,-0.419367,-0.460894]
	PARPACK diagonalization completed after 30 matrix-vector product operations.
	iteration results: : total energy is -31.402292 | electron energy -31.416360 + phonon energy 0.014068 | electron momentum kIdx = 0
	Nq(0) = 16,	Nq(1) = 0.379922,	Nq(2) = 0.719275,	Nq(3) = 0.379922,	Nq(4) = 0.379922,	Nq(5) = 0.719276,	Nq(6) = 0.623463,	Nq(7) = 0.719276,	Nq(8) = 0.719276,	Nq(9) = 0.623463,	Nq(10) = 0.876522,	Nq(11) = 0.623463,	Nq(12) = 0.379922,	Nq(13) = 0.719276,	Nq(14) = 0.623463,	Nq(15) = 0.719276,	Sq(0) = -1.02077e-18,	Sq(1) = 0.368441,	Sq(2) = 0.373046,	Sq(3) = 0.368441,	Sq(4) = 0.368441,	Sq(5) = 0.373046,	Sq(6) = 0.615304,	Sq(7) = 0.373046,	Sq(8) = 0.373046,	Sq(9) = 0.615304,	Sq(10) = 0.621026,	Sq(11) = 0.615304,	Sq(12) = 0.368441,	Sq(13) = 0.373046,	Sq(14) = 0.615304,	Sq(15) = 0.373046,	N(0) = 1.99996,	N(1) = 1.99985,	N(2) = 1,	N(3) = 1.99985,	N(4) = 1.99985,	N(5) = 1,	N(6) = 0.000146803,	N(7) = 1,	N(8) = 1,	N(9) = 0.000146803,	N(10) = 4.35119e-05,	N(11) = 0.000146803,	N(12) = 1.99985,	N(13) = 1,	N(14) = 0.000146803,	N(15) = 1,	Delta[s](0) = 0.89886,	Delta[s](1) = 0.311275,	Delta[s](2) = 0.240373,	Delta[s](3) = 0.311275,	Delta[s](4) = 0.311275,	Delta[s](5) = 0.240372,	Delta[s](6) = 0.203957,	Delta[s](7) = 0.240372,	Delta[s](8) = 0.240372,	Delta[s](9) = 0.203957,	Delta[s](10) = 0.200836,	Delta[s](11) = 0.203957,	Delta[s](12) = 0.311275,	Delta[s](13) = 0.240372,	Delta[s](14) = 0.203957,	Delta[s](15) = 0.240372,	Delta[d](0) = 0.360096,	Delta[d](1) = 0.285535,	Delta[d](2) = 0.255511,	Delta[d](3) = 0.285535,	Delta[d](4) = 0.285535,	Delta[d](5) = 0.243354,	Delta[d](6) = 0.226906,	Delta[d](7) = 0.243354,	Delta[d](8) = 0.255511,	Delta[d](9) = 0.226906,	Delta[d](10) = 0.126408,	Delta[d](11) = 0.226906,	Delta[d](12) = 0.285535,	Delta[d](13) = 0.243354,	Delta[d](14) = 0.226906,	Delta[d](15) = 0.243354,	Delta[s+](0) = 0.500317,	Delta[s+](1) = 0.406966,	Delta[s+](2) = 0.255511,	Delta[s+](3) = 0.406966,	Delta[s+](4) = 0.406966,	Delta[s+](5) = 0.255511,	Delta[s+](6) = 0.103044,	Delta[s+](7) = 0.255511,	Delta[s+](8) = 0.255511,	Delta[s+](9) = 0.103044,	Delta[s+](10) = 0.00991973,	Delta[s+](11) = 0.103044,	Delta[s+](12) = 0.406966,	Delta[s+](13) = 0.255511,	Delta[s+](14) = 0.103044,	Delta[s+](15) = 0.255511
The 20-th iteration is completed.	|| time cost : 0h 5m 49.04s
********************************************************************************************************************
Start the 21 rounds of NGS-ED iteration
	effective electronic model is modified as: kinetic energy t = 0.957916
	                                           effective interaction Vq = [-0.499975,-0.463145,-0.460894,-0.463145,-0.463145,-0.460894,-0.419367,-0.460894,-0.460894,-0.419367,-0.425437,-0.419367,-0.463145,-0.460894,-0.419367,-0.460894]
	PARPACK diagonalization completed after 30 matrix-vector product operations.
	iteration results: : total energy is -31.402292 | electron energy -31.416360 + phonon energy 0.014068 | electron momentum kIdx = 0
The 21-th iteration is completed.	|| time cost : 0h 0m 36.626s
********************************************************************************************************************
Start the 22 rounds of NGS-ED iteration
	effective electronic model is modified as: kinetic energy t = 0.957916
	                                           effective interaction Vq = [-0.499975,-0.463145,-0.460894,-0.463145,-0.463145,-0.460894,-0.419367,-0.460894,-0.460894,-0.419367,-0.425437,-0.419367,-0.463145,-0.460894,-0.419367,-0.460894]
	PARPACK diagonalization completed after 30 matrix-vector product operations.
	iteration results: : total energy is -31.402292 | electron energy -31.416360 + phonon energy 0.014068 | electron momentum kIdx = 0
The 22-th iteration is completed.	|| time cost : 0h 0m 36.424s
********************************************************************************************************************
Start the 23 rounds of NGS-ED iteration
	effective electronic model is modified as: kinetic energy t = 0.957916
	                                           effective interaction Vq = [-0.499975,-0.463145,-0.460894,-0.463145,-0.463145,-0.460894,-0.419367,-0.460894,-0.460894,-0.419367,-0.425437,-0.419367,-0.463145,-0.460894,-0.419367,-0.460894]
	PARPACK diagonalization completed after 30 matrix-vector product operations.
	iteration results: : total energy is -31.402292 | electron energy -31.416360 + phonon energy 0.014068 | electron momentum kIdx = 0
