SNEDics v3.2 diagonalization test program		Start at Sat May 11 21:40:59 2019

parallized on 80 MPI threads  * 3 OpenMP threads = 240 total threads.
************************************************************************************
************************************************************************************

Input file "model_params.in"
Hubbard-Holstein model parameters : 	t = 1    U = 3.1    g = 1.4142    W = 1    
************************************************************************************
Input file "hilbertspace_params.in"

Cluster Positions:				Cluster symmetry group : D4
 x ... x ... x ... x .....                       x ... x ... x ... x .....
 |           |           :                       |           |           :
 |           |           :                       |           |           :
12    13    14    15     x                       1     5     6     5     x
 |           |           :                       |           |           :
 |           |           :                       |           |           :
 8 --- 9 ---10 ---11 --- x                       2 --- 6 ---10 --- 6 --- x
 |           |           :                       |           |           :
 |           |           :                       |           |           :
 4     5     6     7     x                       1     5     6     5     x
 |           |           :                       |           |           :
 |           |           :                       |           |           :
 0 --- 1 --- 2 --- 3 --- x                       0 --- 1 --- 2 --- 1 --- x
orbital number : 1
************************************************************************************
** NOTE ** Detected low phonon energy W < 10. The initial state will be prepared through a warm-up process.
starting warm-up calculation for scaling factor 16
0 rounds of non-Gaussian ED iteration : ground-state energy is -15.4192 | electron energy -15.4192 + phonon energy 0 | electron momentum kIdx = 0
Nq = 	16	0.193149	0.268686	0.193149	0.193149	0.268686	0.371413	0.268686	0.268686	0.371413	0.442563	0.371413	0.193149	0.268686	0.371413	0.268686
Sq = 	3.76526e-18	0.423215	0.615056	0.423215	0.423215	0.615056	0.769393	0.615056	0.615056	0.769393	3.22631	0.769393	0.423215	0.615056	0.769393	0.615056
1 rounds of non-Gaussian ED iteration : ground-state energy is -55.5865 | electron energy -55.59 + phonon energy 0.00353186 | electron momentum kIdx = 0
Nq = 	16	0.39929	0.734535	0.39929	0.39929	0.734535	0.653321	0.734535	0.734535	0.653321	0.929869	0.653321	0.39929	0.734535	0.653321	0.734535
Sq = 	8.09942e-18	0.341161	0.362877	0.341161	0.341161	0.362877	0.576969	0.362877	0.362877	0.576969	0.602693	0.576969	0.341161	0.362877	0.576969	0.362877
2 rounds of non-Gaussian ED iteration : ground-state energy is -57.7472 | electron energy -57.7617 + phonon energy 0.0145063 | electron momentum kIdx = 0
Nq = 	16	0.406786	0.744076	0.406786	0.406786	0.744076	0.673313	0.744076	0.744076	0.673313	1.08988	0.673313	0.406786	0.744076	0.673313	0.744076
Sq = 	2.06035e-18	0.315916	0.351551	0.315916	0.315916	0.351551	0.542501	0.351551	0.351551	0.542501	0.582289	0.542501	0.315916	0.351551	0.542501	0.351551
3 rounds of non-Gaussian ED iteration : ground-state energy is -57.8323 | electron energy -57.8509 + phonon energy 0.0186254 | electron momentum kIdx = 0
Nq = 	16	0.406928	0.7135	0.406928	0.406928	0.7135	0.675852	0.7135	0.7135	0.675852	1.31905	0.675852	0.406928	0.7135	0.675852	0.7135
Sq = 	6.21109e-18	0.311183	0.349575	0.311183	0.311183	0.349575	0.536798	0.349575	0.349575	0.536798	0.579459	0.536798	0.311183	0.349575	0.536798	0.349575
4 rounds of non-Gaussian ED iteration : ground-state energy is -57.8401 | electron energy -57.8598 + phonon energy 0.0196632 | electron momentum kIdx = 0
Nq = 	16	0.400928	0.618302	0.400928	0.400928	0.618302	0.670079	0.618302	0.618302	0.670079	1.96921	0.670079	0.400928	0.618302	0.670079	0.618302
Sq = 	3.27745e-18	0.308055	0.348568	0.308055	0.308055	0.348568	0.53368	0.348568	0.348568	0.53368	0.578603	0.53368	0.308055	0.348568	0.53368	0.348568
5 rounds of non-Gaussian ED iteration : ground-state energy is -57.8605 | electron energy -57.8805 + phonon energy 0.0200035 | electron momentum kIdx = 0
Nq = 	16	0.378868	0.434849	0.378868	0.378868	0.434849	0.646985	0.434849	0.434849	0.646985	3.24799	0.646985	0.378868	0.434849	0.646985	0.434849
Sq = 	4.65813e-18	0.308309	0.348511	0.308309	0.308309	0.348511	0.534208	0.348511	0.348511	0.534208	0.578378	0.534208	0.308309	0.348511	0.534208	0.348511
6 rounds of non-Gaussian ED iteration : ground-state energy is -57.8868 | electron energy -57.9064 + phonon energy 0.0196475 | electron momentum kIdx = 0
Nq = 	16	0.368252	0.389166	0.368252	0.368252	0.389166	0.635761	0.389166	0.389166	0.635761	3.59286	0.635761	0.368252	0.389166	0.635761	0.389166
Sq = 	5.24865e-18	0.309781	0.348853	0.309781	0.309781	0.348853	0.536155	0.348853	0.348853	0.536155	0.579237	0.536155	0.309781	0.348853	0.536155	0.348853
7 rounds of non-Gaussian ED iteration : ground-state energy is -57.8907 | electron energy -57.91 + phonon energy 0.0193002 | electron momentum kIdx = 0
Nq = 	16	0.366274	0.384071	0.366274	0.366274	0.384071	0.633675	0.384071	0.384071	0.633675	3.63577	0.633675	0.366274	0.384071	0.633675	0.384071
Sq = 	-7.30286e-18	0.309993	0.348923	0.309993	0.309993	0.348923	0.536669	0.348923	0.348923	0.536669	0.579821	0.536669	0.309993	0.348923	0.536669	0.348923
Ground state is obtained after 8 iterations. The current ground-state energy is -57.891, in which electron energy is -57.9101 and phonon energy is 0.0191736
final variational state is: 
Gamma_x =       1 1.00852 1.01428 1.00852 1.00852 1.01428 1.02203 1.01428 1.01428 1.02203 1.03813 1.02203 1.00852 1.01428 1.02203 1.01428
lambda_q = 0.353549  0.31713 0.290469  0.31713  0.31713 0.290469 0.295436 0.290469 0.290469 0.295436 0.338162 0.295436  0.31713 0.290469 0.295436 0.290469
o___o  -------------------------------------
| L |	Time since last clock: 0h 45m 31.815s
A===A	Time since the beginning: 0h 45m 31.815s
********************************************

************************************************************************************
starting warm-up calculation for scaling factor 8
0 rounds of non-Gaussian ED iteration : ground-state energy is -52.7226 | electron energy -52.7322 + phonon energy 0.00958682 | electron momentum kIdx = 0
Nq = 	16	0.361034	0.370272	0.361034	0.361034	0.370272	0.607441	0.370272	0.370272	0.607441	3.44758	0.607441	0.361034	0.370272	0.607441	0.370272
Sq = 	-4.9217e-18	0.337667	0.362944	0.337667	0.337667	0.362944	0.579817	0.362944	0.362944	0.579817	0.609291	0.579817	0.337667	0.362944	0.579817	0.362944
1 rounds of non-Gaussian ED iteration : ground-state energy is -55.5791 | electron energy -55.6224 + phonon energy 0.0432952 | electron momentum kIdx = 0
Nq = 	16	0.353083	0.369149	0.353083	0.353083	0.369149	0.603666	0.369149	0.369149	0.603666	3.79537	0.603666	0.353083	0.369149	0.603666	0.369149
Sq = 	-1.37437e-17	0.314706	0.352777	0.314706	0.314706	0.352777	0.548799	0.352777	0.352777	0.548799	0.592054	0.548799	0.314706	0.352777	0.548799	0.352777
2 rounds of non-Gaussian ED iteration : ground-state energy is -56.1375 | electron energy -56.2029 + phonon energy 0.0653462 | electron momentum kIdx = 0
Nq = 	16	0.351135	0.369064	0.351135	0.351135	0.369064	0.603448	0.369064	0.369064	0.603448	3.88661	0.603448	0.351135	0.369064	0.603448	0.369064
Sq = 	-1.30498e-18	0.308631	0.34974	0.308631	0.308631	0.34974	0.540274	0.34974	0.34974	0.540274	0.586618	0.540274	0.308631	0.34974	0.540274	0.34974
3 rounds of non-Gaussian ED iteration : ground-state energy is -56.2459 | electron energy -56.3217 + phonon energy 0.0757892 | electron momentum kIdx = 0
Nq = 	16	0.350904	0.369211	0.350904	0.350904	0.369211	0.603935	0.369211	0.369211	0.603935	3.90925	0.603935	0.350904	0.369211	0.603935	0.369211
Sq = 	4.73014e-18	0.306885	0.348814	0.306885	0.306885	0.348814	0.537709	0.348814	0.348814	0.537709	0.584861	0.537709	0.306885	0.348814	0.537709	0.348814
4 rounds of non-Gaussian ED iteration : ground-state energy is -56.267 | electron energy -56.3472 + phonon energy 0.0802276 | electron momentum kIdx = 0
Nq = 	16	0.350927	0.369302	0.350927	0.350927	0.369302	0.604248	0.369302	0.369302	0.604248	3.91562	0.604248	0.350927	0.369302	0.604248	0.369302
Sq = 	-9.59776e-18	0.306314	0.348501	0.306314	0.306314	0.348501	0.536843	0.348501	0.348501	0.536843	0.584245	0.536843	0.306314	0.348501	0.536843	0.348501
5 rounds of non-Gaussian ED iteration : ground-state energy is -56.2711 | electron energy -56.3532 + phonon energy 0.0820317 | electron momentum kIdx = 0
Nq = 	16	0.350955	0.36934	0.350955	0.350955	0.36934	0.60439	0.36934	0.36934	0.60439	3.91772	0.60439	0.350955	0.36934	0.60439	0.36934
Sq = 	-3.9922e-18	0.306107	0.348386	0.306107	0.306107	0.348386	0.536525	0.348386	0.348386	0.536525	0.584017	0.536525	0.306107	0.348386	0.536525	0.348386
Ground state is obtained after 6 iterations. The current ground-state energy is -56.272, in which electron energy is -56.3547 and phonon energy is 0.0827511
final variational state is: 
Gamma_x =       1 1.02658 1.03923 1.02658 1.02658 1.03923 1.06192 1.03923 1.03923 1.06192 1.13155 1.06192 1.02658 1.03923 1.06192 1.03923
lambda_q =  0.49879 0.407818 0.351308 0.407818 0.407818 0.351308 0.362367 0.351308 0.351308 0.362367 0.465345 0.362367 0.407818 0.351308 0.362367 0.351308
o___o  -------------------------------------
| L |	Time since last clock: 0h 34m 32.024s
A===A	Time since the beginning: 1h 20m 3.839s
********************************************

************************************************************************************
starting warm-up calculation for scaling factor 4
0 rounds of non-Gaussian ED iteration : ground-state energy is -50.7951 | electron energy -50.8365 + phonon energy 0.0413755 | electron momentum kIdx = 0
Nq = 	16	0.347537	0.360057	0.347537	0.347537	0.360057	0.579099	0.360057	0.360057	0.579099	3.64514	0.579099	0.347537	0.360057	0.579099	0.360057
Sq = 	3.64172e-18	0.336063	0.364181	0.336063	0.336063	0.364181	0.585054	0.364181	0.364181	0.585054	0.618423	0.585054	0.336063	0.364181	0.585054	0.364181
1 rounds of non-Gaussian ED iteration : ground-state energy is -52.695 | electron energy -52.8048 + phonon energy 0.109792 | electron momentum kIdx = 0
Nq = 	16	0.335394	0.355114	0.335394	0.335394	0.355114	0.565808	0.355114	0.355114	0.565808	4.01901	0.565808	0.335394	0.355114	0.565808	0.355114
Sq = 	1.08489e-17	0.316054	0.355824	0.316054	0.316054	0.355824	0.559977	0.355824	0.355824	0.559977	0.606424	0.559977	0.316054	0.355824	0.559977	0.355824
2 rounds of non-Gaussian ED iteration : ground-state energy is -53.5436 | electron energy -53.7085 + phonon energy 0.164943 | electron momentum kIdx = 0
Nq = 	16	0.327419	0.351813	0.327419	0.327419	0.351813	0.557424	0.351813	0.351813	0.557424	4.24115	0.557424	0.327419	0.351813	0.557424	0.351813
Sq = 	-3.97033e-18	0.30518	0.350735	0.30518	0.30518	0.350735	0.546153	0.350735	0.350735	0.546153	0.598848	0.546153	0.30518	0.350735	0.546153	0.350735
3 rounds of non-Gaussian ED iteration : ground-state energy is -53.9171 | electron energy -54.1198 + phonon energy 0.202659 | electron momentum kIdx = 0
Nq = 	16	0.322987	0.349954	0.322987	0.322987	0.349954	0.55279	0.349954	0.349954	0.55279	4.36102	0.55279	0.322987	0.349954	0.55279	0.349954
Sq = 	-6.33529e-18	0.299551	0.347941	0.299551	0.299551	0.347941	0.538923	0.347941	0.347941	0.538923	0.594601	0.538923	0.299551	0.347941	0.538923	0.347941
4 rounds of non-Gaussian ED iteration : ground-state energy is -54.0803 | electron energy -54.3069 + phonon energy 0.226653 | electron momentum kIdx = 0
Nq = 	16	0.320636	0.348968	0.320636	0.320636	0.348968	0.550329	0.348968	0.348968	0.550329	4.42392	0.550329	0.320636	0.348968	0.550329	0.348968
Sq = 	2.14503e-18	0.296654	0.34646	0.296654	0.296654	0.34646	0.535178	0.34646	0.34646	0.535178	0.592321	0.535178	0.296654	0.34646	0.535178	0.34646
5 rounds of non-Gaussian ED iteration : ground-state energy is -54.1514 | electron energy -54.3927 + phonon energy 0.241306 | electron momentum kIdx = 0
Nq = 	16	0.319373	0.348444	0.319373	0.319373	0.348444	0.549001	0.348444	0.348444	0.549001	4.45737	0.549001	0.319373	0.348444	0.549001	0.348444
Sq = 	8.03232e-18	0.295132	0.345671	0.295132	0.295132	0.345671	0.533205	0.345671	0.345671	0.533205	0.591096	0.533205	0.295132	0.345671	0.533205	0.345671
6 rounds of non-Gaussian ED iteration : ground-state energy is -54.1825 | electron energy -54.4326 + phonon energy 0.250025 | electron momentum kIdx = 0
Nq = 	16	0.31867	0.348157	0.31867	0.31867	0.348157	0.548258	0.348157	0.348157	0.548258	4.4757	0.548258	0.31867	0.348157	0.548258	0.348157
Sq = 	-3.49301e-20	0.294308	0.34524	0.294308	0.294308	0.34524	0.532137	0.34524	0.34524	0.532137	0.590427	0.532137	0.294308	0.34524	0.532137	0.34524
7 rounds of non-Gaussian ED iteration : ground-state energy is -54.1962 | electron energy -54.4513 + phonon energy 0.255122 | electron momentum kIdx = 0
Nq = 	16	0.318265	0.347994	0.318265	0.318265	0.347994	0.547825	0.347994	0.347994	0.547825	4.48605	0.547825	0.318265	0.347994	0.547825	0.347994
Sq = 	-6.49424e-18	0.293849	0.345	0.293849	0.293849	0.345	0.531544	0.345	0.345	0.531544	0.590054	0.531544	0.293849	0.345	0.531544	0.345
8 rounds of non-Gaussian ED iteration : ground-state energy is -54.2022 | electron energy -54.4603 + phonon energy 0.258066 | electron momentum kIdx = 0
Nq = 	16	0.318024	0.347899	0.318024	0.318024	0.347899	0.547564	0.347899	0.347899	0.547564	4.49205	0.547564	0.318024	0.347899	0.547564	0.347899
Sq = 	-2.43577e-18	0.293587	0.344864	0.293587	0.293587	0.344864	0.531208	0.344864	0.344864	0.531208	0.589843	0.531208	0.293587	0.344864	0.531208	0.344864
9 rounds of non-Gaussian ED iteration : ground-state energy is -54.2049 | electron energy -54.4646 + phonon energy 0.259752 | electron momentum kIdx = 0
Nq = 	16	0.317877	0.347842	0.317877	0.317877	0.347842	0.547404	0.347842	0.347842	0.547404	4.49559	0.547404	0.317877	0.347842	0.547404	0.347842
Sq = 	2.1673e-18	0.293435	0.344785	0.293435	0.293435	0.344785	0.531015	0.344785	0.344785	0.531015	0.589723	0.531015	0.293435	0.344785	0.531015	0.344785
10 rounds of non-Gaussian ED iteration : ground-state energy is -54.2061 | electron energy -54.4668 + phonon energy 0.260711 | electron momentum kIdx = 0
Nq = 	16	0.317786	0.347807	0.317786	0.317786	0.347807	0.547304	0.347807	0.347807	0.547304	4.49771	0.547304	0.317786	0.347807	0.547304	0.347807
Sq = 	7.94606e-19	0.293346	0.344739	0.293346	0.293346	0.344739	0.530903	0.344739	0.344739	0.530903	0.589653	0.530903	0.293346	0.344739	0.530903	0.344739
Ground state is obtained after 11 iterations. The current ground-state energy is -54.2066, in which electron energy is -54.4678 and phonon energy is 0.261254
final variational state is: 
Gamma_x =       1 1.07072 1.08976 1.07072 1.07072 1.08976 1.14283 1.08976 1.08976 1.14283  1.4251 1.14283 1.07072 1.08976 1.14283 1.08976
lambda_q = 0.704543 0.485142 0.388232 0.485142 0.485142 0.388232 0.404868 0.388232 0.388232 0.404868 0.643979 0.404868 0.485142 0.388232 0.404868 0.388232
o___o  -------------------------------------
| L |	Time since last clock: 1h 0m 12.953s
A===A	Time since the beginning: 2h 20m 16.793s
********************************************

************************************************************************************
starting warm-up calculation for scaling factor 2
0 rounds of non-Gaussian ED iteration : ground-state energy is -48.6519 | electron energy -48.7825 + phonon energy 0.130627 | electron momentum kIdx = 0
Nq = 	16	0.319586	0.342602	0.319586	0.319586	0.342602	0.532397	0.342602	0.342602	0.532397	4.0719	0.532397	0.319586	0.342602	0.532397	0.342602
Sq = 	-3.66355e-18	0.327805	0.363218	0.327805	0.327805	0.363218	0.586364	0.363218	0.363218	0.586364	0.628569	0.586364	0.327805	0.363218	0.586364	0.363218
1 rounds of non-Gaussian ED iteration : ground-state energy is -49.8475 | electron energy -50.0818 + phonon energy 0.234344 | electron momentum kIdx = 0
Nq = 	16	0.304348	0.334678	0.304348	0.304348	0.334678	0.513956	0.334678	0.334678	0.513956	4.48368	0.513956	0.304348	0.334678	0.513956	0.334678
Sq = 	-2.42922e-18	0.308698	0.354851	0.308698	0.308698	0.354851	0.563309	0.354851	0.354851	0.563309	0.617902	0.563309	0.308698	0.354851	0.563309	0.354851
2 rounds of non-Gaussian ED iteration : ground-state energy is -50.65 | electron energy -50.9708 + phonon energy 0.320776 | electron momentum kIdx = 0
Nq = 	16	0.291141	0.327853	0.291141	0.291141	0.327853	0.498991	0.327853	0.327853	0.498991	4.82758	0.498991	0.291141	0.327853	0.498991	0.327853
Sq = 	9.07781e-18	0.293716	0.347369	0.293716	0.293716	0.347369	0.544557	0.347369	0.347369	0.544557	0.607465	0.544557	0.293716	0.347369	0.544557	0.347369
3 rounds of non-Gaussian ED iteration : ground-state energy is -51.1807 | electron energy -51.5682 + phonon energy 0.387477 | electron momentum kIdx = 0
Nq = 	16	0.281083	0.322555	0.281083	0.281083	0.322555	0.487776	0.322555	0.322555	0.487776	5.08607	0.487776	0.281083	0.322555	0.487776	0.322555
Sq = 	1.49688e-19	0.282987	0.341512	0.282987	0.282987	0.341512	0.530807	0.341512	0.341512	0.530807	0.598918	0.530807	0.282987	0.341512	0.530807	0.341512
4 rounds of non-Gaussian ED iteration : ground-state energy is -51.5264 | electron energy -51.9631 + phonon energy 0.436708 | electron momentum kIdx = 0
Nq = 	16	0.273946	0.318735	0.273946	0.273946	0.318735	0.479829	0.318735	0.318735	0.479829	5.26773	0.479829	0.273946	0.318735	0.479829	0.318735
Sq = 	1.7194e-18	0.275716	0.337306	0.275716	0.275716	0.337306	0.521358	0.337306	0.337306	0.521358	0.592632	0.521358	0.275716	0.337306	0.521358	0.337306
5 rounds of non-Gaussian ED iteration : ground-state energy is -51.7497 | electron energy -52.2216 + phonon energy 0.471826 | electron momentum kIdx = 0
Nq = 	16	0.269042	0.316092	0.269042	0.269042	0.316092	0.474356	0.316092	0.316092	0.474356	5.39102	0.474356	0.269042	0.316092	0.474356	0.316092
Sq = 	6.3674e-18	0.27092	0.334426	0.27092	0.27092	0.334426	0.51508	0.334426	0.334426	0.51508	0.588273	0.51508	0.27092	0.334426	0.51508	0.334426
6 rounds of non-Gaussian ED iteration : ground-state energy is -51.8938 | electron energy -52.3899 + phonon energy 0.496138 | electron momentum kIdx = 0
Nq = 	16	0.265694	0.314294	0.265694	0.265694	0.314294	0.470612	0.314294	0.314294	0.470612	5.47382	0.470612	0.265694	0.314294	0.470612	0.314294
Sq = 	-3.90576e-20	0.267774	0.332493	0.267774	0.267774	0.332493	0.510954	0.332493	0.332493	0.510954	0.585328	0.510954	0.267774	0.332493	0.510954	0.332493
7 rounds of non-Gaussian ED iteration : ground-state energy is -51.9871 | electron energy -52.4996 + phonon energy 0.512501 | electron momentum kIdx = 0
Nq = 	16	0.263389	0.313068	0.263389	0.263389	0.313068	0.468029	0.313068	0.313068	0.468029	5.5297	0.468029	0.263389	0.313068	0.468029	0.313068
Sq = 	1.48771e-18	0.265695	0.331196	0.265695	0.265695	0.331196	0.508231	0.331196	0.331196	0.508231	0.583348	0.508231	0.265695	0.331196	0.508231	0.331196
8 rounds of non-Gaussian ED iteration : ground-state energy is -52.0478 | electron energy -52.571 + phonon energy 0.523209 | electron momentum kIdx = 0
Nq = 	16	0.261778	0.312222	0.261778	0.261778	0.312222	0.466219	0.312222	0.312222	0.466219	5.56792	0.466219	0.261778	0.312222	0.466219	0.312222
Sq = 	-6.65932e-19	0.2643	0.330318	0.2643	0.2643	0.330318	0.506412	0.330318	0.330318	0.506412	0.582006	0.506412	0.2643	0.330318	0.506412	0.330318
9 rounds of non-Gaussian ED iteration : ground-state energy is -52.0877 | electron energy -52.6177 + phonon energy 0.530008 | electron momentum kIdx = 0
Nq = 	16	0.260633	0.311631	0.260633	0.260633	0.311631	0.464928	0.311631	0.311631	0.464928	5.59449	0.464928	0.260633	0.311631	0.464928	0.311631
Sq = 	-1.55218e-19	0.263347	0.329715	0.263347	0.263347	0.329715	0.505177	0.329715	0.329715	0.505177	0.581087	0.505177	0.263347	0.329715	0.505177	0.329715
10 rounds of non-Gaussian ED iteration : ground-state energy is -52.114 | electron energy -52.6481 + phonon energy 0.534178 | electron momentum kIdx = 0
Nq = 	16	0.259805	0.311211	0.259805	0.259805	0.311211	0.463991	0.311211	0.311211	0.463991	5.61328	0.463991	0.259805	0.311211	0.463991	0.311211
Sq = 	-1.7205e-18	0.262686	0.329295	0.262686	0.262686	0.329295	0.504326	0.329295	0.329295	0.504326	0.580447	0.504326	0.262686	0.329295	0.504326	0.329295
11 rounds of non-Gaussian ED iteration : ground-state energy is -52.1314 | electron energy -52.668 + phonon energy 0.536622 | electron momentum kIdx = 0
Nq = 	16	0.259198	0.310908	0.259198	0.259198	0.310908	0.4633	0.310908	0.310908	0.4633	5.62677	0.4633	0.259198	0.310908	0.4633	0.310908
Sq = 	-9.63016e-19	0.262219	0.328998	0.262219	0.262219	0.328998	0.50373	0.328998	0.328998	0.50373	0.579997	0.50373	0.262219	0.328998	0.50373	0.328998
12 rounds of non-Gaussian ED iteration : ground-state energy is -52.143 | electron energy -52.6809 + phonon energy 0.537959 | electron momentum kIdx = 0
Nq = 	16	0.258747	0.310687	0.258747	0.258747	0.310687	0.462784	0.310687	0.310687	0.462784	5.63659	0.462784	0.258747	0.310687	0.462784	0.310687
Sq = 	-3.54816e-18	0.261885	0.328786	0.261885	0.261885	0.328786	0.503308	0.328786	0.328786	0.503308	0.579675	0.503308	0.261885	0.328786	0.503308	0.328786
13 rounds of non-Gaussian ED iteration : ground-state energy is -52.1507 | electron energy -52.6893 + phonon energy 0.538608 | electron momentum kIdx = 0
Nq = 	16	0.258409	0.310524	0.258409	0.258409	0.310524	0.462394	0.310524	0.310524	0.462394	5.64382	0.462394	0.258409	0.310524	0.462394	0.310524
Sq = 	-1.9324e-18	0.261643	0.328632	0.261643	0.261643	0.328632	0.503004	0.328632	0.328632	0.503004	0.579443	0.503004	0.261643	0.328632	0.503004	0.328632
14 rounds of non-Gaussian ED iteration : ground-state energy is -52.1558 | electron energy -52.6947 + phonon energy 0.538841 | electron momentum kIdx = 0
Nq = 	16	0.258153	0.310402	0.258153	0.258153	0.310402	0.462097	0.310402	0.310402	0.462097	5.64921	0.462097	0.258153	0.310402	0.462097	0.310402
Sq = 	-5.21628e-19	0.261465	0.328519	0.261465	0.261465	0.328519	0.502783	0.328519	0.328519	0.502783	0.579274	0.502783	0.261465	0.328519	0.502783	0.328519
15 rounds of non-Gaussian ED iteration : ground-state energy is -52.1593 | electron energy -52.6981 + phonon energy 0.538836 | electron momentum kIdx = 0
Nq = 	16	0.257958	0.31031	0.257958	0.257958	0.31031	0.461868	0.31031	0.31031	0.461868	5.65326	0.461868	0.257958	0.31031	0.461868	0.31031
Sq = 	1.78762e-18	0.261333	0.328435	0.261333	0.261333	0.328435	0.502622	0.328435	0.328435	0.502622	0.579149	0.502622	0.261333	0.328435	0.502622	0.328435
16 rounds of non-Gaussian ED iteration : ground-state energy is -52.1616 | electron energy -52.7003 + phonon energy 0.538703 | electron momentum kIdx = 0
Nq = 	16	0.257807	0.31024	0.257807	0.257807	0.31024	0.461692	0.31024	0.31024	0.461692	5.65632	0.461692	0.257807	0.31024	0.461692	0.31024
Sq = 	5.57303e-19	0.261235	0.328373	0.261235	0.261235	0.328373	0.502502	0.328373	0.328373	0.502502	0.579056	0.502502	0.261235	0.328373	0.502502	0.328373
17 rounds of non-Gaussian ED iteration : ground-state energy is -52.1631 | electron energy -52.7016 + phonon energy 0.53851 | electron momentum kIdx = 0
Nq = 	16	0.257691	0.310187	0.257691	0.257691	0.310187	0.461554	0.310187	0.310187	0.461554	5.65867	0.461554	0.257691	0.310187	0.461554	0.310187
Sq = 	5.32238e-18	0.261161	0.328326	0.261161	0.261161	0.328326	0.502412	0.328326	0.328326	0.502412	0.578986	0.502412	0.261161	0.328326	0.502412	0.328326
18 rounds of non-Gaussian ED iteration : ground-state energy is -52.1642 | electron energy -52.7025 + phonon energy 0.538298 | electron momentum kIdx = 0
Nq = 	16	0.257601	0.310146	0.257601	0.257601	0.310146	0.461446	0.310146	0.310146	0.461446	5.66047	0.461446	0.257601	0.310146	0.461446	0.310146
Sq = 	9.46436e-19	0.261104	0.32829	0.261104	0.261104	0.32829	0.502345	0.32829	0.32829	0.502345	0.578933	0.502345	0.261104	0.32829	0.502345	0.32829
Ground state is obtained after 19 iterations. The current ground-state energy is -52.1649, in which electron energy is -52.7029 and phonon energy is 0.538091
final variational state is: 
Gamma_x =       1 1.13777 1.15534 1.13777 1.13777 1.15534 1.24316 1.15534 1.15534 1.24316 2.24931 1.24316 1.13777 1.15534 1.24316 1.15534
lambda_q = 0.993381 0.490507 0.370172 0.490507 0.490507 0.370172 0.385578 0.370172 0.370172 0.385578 0.912329 0.385578 0.490507 0.370172 0.385578 0.370172
o___o  -------------------------------------
| L |	Time since last clock: 1h 41m 31.83s
A===A	Time since the beginning: 4h 1m 48.623s
********************************************

************************************************************************************
Warm up completed
o___o  -------------------------------------
| L |	Time since last clock: 0h 0m 0.039s
A===A	Time since the beginning: 4h 1m 48.662s
********************************************

************************************************************************************
0 rounds of non-Gaussian ED iteration : ground-state energy is -46.8733 | electron energy -47.1423 + phonon energy 0.269045 | electron momentum kIdx = 0
Nq = 	16	0.272993	0.316439	0.272993	0.272993	0.316439	0.470294	0.316439	0.316439	0.470294	4.9064	0.470294	0.272993	0.316439	0.470294	0.316439
Sq = 	-2.79881e-18	0.302766	0.352854	0.302766	0.302766	0.352854	0.567156	0.352854	0.352854	0.567156	0.625007	0.567156	0.302766	0.352854	0.567156	0.352854
1 rounds of non-Gaussian ED iteration : ground-state energy is -47.6936 | electron energy -48.0786 + phonon energy 0.384972 | electron momentum kIdx = 0
Nq = 	16	0.257228	0.306637	0.257228	0.257228	0.306637	0.451328	0.306637	0.306637	0.451328	5.37873	0.451328	0.257228	0.306637	0.451328	0.306637
Sq = 	2.63007e-18	0.282061	0.341678	0.282061	0.282061	0.341678	0.540038	0.341678	0.341678	0.540038	0.608757	0.540038	0.282061	0.341678	0.540038	0.341678
2 rounds of non-Gaussian ED iteration : ground-state energy is -48.3492 | electron energy -48.8306 + phonon energy 0.481439 | electron momentum kIdx = 0
Nq = 	16	0.242799	0.297476	0.242799	0.242799	0.297476	0.434544	0.297476	0.297476	0.434544	5.81063	0.434544	0.242799	0.297476	0.434544	0.297476
Sq = 	1.85197e-19	0.264136	0.330772	0.264136	0.264136	0.330772	0.515532	0.330772	0.330772	0.515532	0.591837	0.515532	0.264136	0.330772	0.515532	0.330772
3 rounds of non-Gaussian ED iteration : ground-state energy is -48.8641 | electron energy -49.4228 + phonon energy 0.558735 | electron momentum kIdx = 0
Nq = 	16	0.231154	0.289811	0.231154	0.231154	0.289811	0.421002	0.289811	0.289811	0.421002	6.16164	0.421002	0.231154	0.289811	0.421002	0.289811
Sq = 	-8.9085e-20	0.250249	0.32152	0.250249	0.250249	0.32152	0.495947	0.32152	0.32152	0.495947	0.576958	0.495947	0.250249	0.32152	0.495947	0.32152
4 rounds of non-Gaussian ED iteration : ground-state energy is -49.2601 | electron energy -49.8789 + phonon energy 0.6188 | electron momentum kIdx = 0
Nq = 	16	0.222474	0.283922	0.222474	0.222474	0.283922	0.410831	0.283922	0.283922	0.410831	6.42459	0.410831	0.222474	0.283922	0.410831	0.283922
Sq = 	-7.56804e-19	0.240234	0.314402	0.240234	0.240234	0.314402	0.481512	0.314402	0.314402	0.481512	0.565267	0.481512	0.240234	0.314402	0.481512	0.314402
5 rounds of non-Gaussian ED iteration : ground-state energy is -49.5617 | electron energy -50.2258 + phonon energy 0.664108 | electron momentum kIdx = 0
Nq = 	16	0.216284	0.279642	0.216284	0.216284	0.279642	0.403531	0.279642	0.279642	0.403531	6.612	0.403531	0.216284	0.279642	0.403531	0.279642
Sq = 	-1.77844e-18	0.233302	0.309249	0.233302	0.233302	0.309249	0.471373	0.309249	0.309249	0.471373	0.556695	0.471373	0.233302	0.309249	0.471373	0.309249
6 rounds of non-Gaussian ED iteration : ground-state energy is -49.7919 | electron energy -50.4891 + phonon energy 0.697258 | electron momentum kIdx = 0
Nq = 	16	0.211954	0.276623	0.211954	0.211954	0.276623	0.398407	0.276623	0.276623	0.398407	6.74236	0.398407	0.211954	0.276623	0.398407	0.276623
Sq = 	-5.56264e-18	0.228588	0.305635	0.228588	0.228588	0.305635	0.464413	0.305635	0.305635	0.464413	0.550634	0.464413	0.228588	0.305635	0.464413	0.305635
7 rounds of non-Gaussian ED iteration : ground-state energy is -49.9695 | electron energy -50.6903 + phonon energy 0.720743 | electron momentum kIdx = 0
Nq = 	16	0.208926	0.274513	0.208926	0.208926	0.274513	0.394824	0.274513	0.274513	0.394824	6.83257	0.394824	0.208926	0.274513	0.394824	0.274513
Sq = 	4.10184e-18	0.225386	0.303128	0.225386	0.225386	0.303128	0.459659	0.303128	0.303128	0.459659	0.546404	0.459659	0.225386	0.303128	0.459659	0.303128
8 rounds of non-Gaussian ED iteration : ground-state energy is -50.1086 | electron energy -50.8454 + phonon energy 0.7368 | electron momentum kIdx = 0
Nq = 	16	0.206788	0.273031	0.206788	0.206788	0.273031	0.392294	0.273031	0.273031	0.392294	6.89547	0.392294	0.206788	0.273031	0.392294	0.273031
Sq = 	-2.7382e-18	0.223187	0.301381	0.223187	0.223187	0.301381	0.456386	0.301381	0.301381	0.456386	0.543444	0.456386	0.223187	0.301381	0.456386	0.301381
9 rounds of non-Gaussian ED iteration : ground-state energy is -50.2189 | electron energy -50.9662 + phonon energy 0.747328 | electron momentum kIdx = 0
Nq = 	16	0.205252	0.271976	0.205252	0.205252	0.271976	0.390478	0.271976	0.271976	0.390478	6.94	0.390478	0.205252	0.271976	0.390478	0.271976
Sq = 	-7.78847e-19	0.22165	0.300147	0.22165	0.22165	0.300147	0.454098	0.300147	0.300147	0.454098	0.541348	0.454098	0.22165	0.300147	0.454098	0.300147
10 rounds of non-Gaussian ED iteration : ground-state energy is -50.3074 | electron energy -51.0612 + phonon energy 0.753862 | electron momentum kIdx = 0
Nq = 	16	0.204126	0.271212	0.204126	0.204126	0.271212	0.389147	0.271212	0.271212	0.389147	6.97214	0.389147	0.204126	0.271212	0.389147	0.271212
Sq = 	5.55077e-19	0.220555	0.299261	0.220555	0.220555	0.299261	0.452468	0.299261	0.299261	0.452468	0.539838	0.452468	0.220555	0.299261	0.452468	0.299261
11 rounds of non-Gaussian ED iteration : ground-state energy is -50.3788 | electron energy -51.1364 + phonon energy 0.757595 | electron momentum kIdx = 0
Nq = 	16	0.203286	0.270647	0.203286	0.203286	0.270647	0.388149	0.270647	0.270647	0.388149	6.99583	0.388149	0.203286	0.270647	0.388149	0.270647
Sq = 	-7.25976e-20	0.219757	0.298611	0.219757	0.219757	0.298611	0.451282	0.298611	0.298611	0.451282	0.538729	0.451282	0.219757	0.298611	0.451282	0.298611
12 rounds of non-Gaussian ED iteration : ground-state energy is -50.4368 | electron energy -51.1962 + phonon energy 0.759418 | electron momentum kIdx = 0
Nq = 	16	0.202645	0.270221	0.202645	0.202645	0.270221	0.387384	0.270221	0.270221	0.387384	7.01365	0.387384	0.202645	0.270221	0.387384	0.270221
Sq = 	-2.8749e-18	0.219163	0.298126	0.219163	0.219163	0.298126	0.450403	0.298126	0.298126	0.450403	0.5379	0.450403	0.219163	0.298126	0.450403	0.298126
13 rounds of non-Gaussian ED iteration : ground-state energy is -50.484 | electron energy -51.244 + phonon energy 0.759982 | electron momentum kIdx = 0
Nq = 	16	0.202147	0.269893	0.202147	0.202147	0.269893	0.386787	0.269893	0.269893	0.386787	7.02732	0.386787	0.202147	0.269893	0.386787	0.269893
Sq = 	-1.93698e-18	0.218711	0.297755	0.218711	0.218711	0.297755	0.449736	0.297755	0.297755	0.449736	0.537267	0.449736	0.218711	0.297755	0.449736	0.297755
14 rounds of non-Gaussian ED iteration : ground-state energy is -50.5226 | electron energy -51.2823 + phonon energy 0.759744 | electron momentum kIdx = 0
Nq = 	16	0.201754	0.269636	0.201754	0.201754	0.269636	0.386311	0.269636	0.269636	0.386311	7.03801	0.386311	0.201754	0.269636	0.386311	0.269636
Sq = 	-2.90149e-18	0.218361	0.297468	0.218361	0.218361	0.297468	0.449223	0.297468	0.297468	0.449223	0.536775	0.449223	0.218361	0.297468	0.449223	0.297468
15 rounds of non-Gaussian ED iteration : ground-state energy is -50.5541 | electron energy -51.3131 + phonon energy 0.759023 | electron momentum kIdx = 0
Nq = 	16	0.201438	0.269432	0.201438	0.201438	0.269432	0.385925	0.269432	0.269432	0.385925	7.04651	0.385925	0.201438	0.269432	0.385925	0.269432
Sq = 	-7.90861e-19	0.218086	0.297241	0.218086	0.218086	0.297241	0.448819	0.297241	0.297241	0.448819	0.536386	0.448819	0.218086	0.297241	0.448819	0.297241
16 rounds of non-Gaussian ED iteration : ground-state energy is -50.5798 | electron energy -51.3379 + phonon energy 0.758035 | electron momentum kIdx = 0
Nq = 	16	0.201181	0.269267	0.201181	0.201181	0.269267	0.385609	0.269267	0.269267	0.385609	7.05337	0.385609	0.201181	0.269267	0.385609	0.269267
Sq = 	-4.6816e-19	0.217865	0.297058	0.217865	0.217865	0.297058	0.448497	0.297058	0.297058	0.448497	0.536075	0.448497	0.217865	0.297058	0.448497	0.297058
17 rounds of non-Gaussian ED iteration : ground-state energy is -50.6009 | electron energy -51.3578 + phonon energy 0.756922 | electron momentum kIdx = 0
Nq = 	16	0.20097	0.269131	0.20097	0.20097	0.269131	0.385346	0.269131	0.269131	0.385346	7.05899	0.385346	0.20097	0.269131	0.385346	0.269131
Sq = 	-2.55978e-18	0.217685	0.29691	0.217685	0.217685	0.29691	0.448236	0.29691	0.29691	0.448236	0.535821	0.448236	0.217685	0.29691	0.448236	0.29691
18 rounds of non-Gaussian ED iteration : ground-state energy is -50.6182 | electron energy -51.3739 + phonon energy 0.755775 | electron momentum kIdx = 0
Nq = 	16	0.200794	0.269019	0.200794	0.200794	0.269019	0.385125	0.269019	0.269019	0.385125	7.06364	0.385125	0.200794	0.269019	0.385125	0.269019
Sq = 	8.20456e-19	0.217537	0.296788	0.217537	0.217537	0.296788	0.448022	0.296788	0.296788	0.448022	0.535612	0.448022	0.217537	0.296788	0.448022	0.296788
19 rounds of non-Gaussian ED iteration : ground-state energy is -50.6323 | electron energy -51.3869 + phonon energy 0.754653 | electron momentum kIdx = 0
Nq = 	16	0.200646	0.268925	0.200646	0.200646	0.268925	0.384937	0.268925	0.268925	0.384937	7.06754	0.384937	0.200646	0.268925	0.384937	0.268925
Sq = 	-3.54135e-18	0.217414	0.296686	0.217414	0.217414	0.296686	0.447844	0.296686	0.296686	0.447844	0.535437	0.447844	0.217414	0.296686	0.447844	0.296686
20 rounds of non-Gaussian ED iteration : ground-state energy is -50.6438 | electron energy -51.3974 + phonon energy 0.753587 | electron momentum kIdx = 0
Nq = 	16	0.200521	0.268845	0.200521	0.200521	0.268845	0.384777	0.268845	0.268845	0.384777	7.07083	0.384777	0.200521	0.268845	0.384777	0.268845
Sq = 	2.97789e-19	0.21731	0.2966	0.21731	0.21731	0.2966	0.447695	0.2966	0.2966	0.447695	0.535291	0.447695	0.21731	0.2966	0.447695	0.2966
21 rounds of non-Gaussian ED iteration : ground-state energy is -50.6533 | electron energy -51.4058 + phonon energy 0.752597 | electron momentum kIdx = 0
Nq = 	16	0.200414	0.268778	0.200414	0.200414	0.268778	0.384639	0.268778	0.268778	0.384639	7.07363	0.384639	0.200414	0.268778	0.384639	0.268778
Sq = 	5.59902e-19	0.217222	0.296527	0.217222	0.217222	0.296527	0.447569	0.296527	0.296527	0.447569	0.535166	0.447569	0.217222	0.296527	0.447569	0.296527
22 rounds of non-Gaussian ED iteration : ground-state energy is -50.661 | electron energy -51.4127 + phonon energy 0.75169 | electron momentum kIdx = 0
Nq = 	16	0.200322	0.26872	0.200322	0.200322	0.26872	0.38452	0.26872	0.26872	0.38452	7.07603	0.38452	0.200322	0.26872	0.38452	0.26872
Sq = 	-4.79449e-19	0.217147	0.296465	0.217147	0.217147	0.296465	0.447462	0.296465	0.296465	0.447462	0.53506	0.447462	0.217147	0.296465	0.447462	0.296465
23 rounds of non-Gaussian ED iteration : ground-state energy is -50.6673 | electron energy -51.4182 + phonon energy 0.750868 | electron momentum kIdx = 0
Nq = 	16	0.200243	0.26867	0.200243	0.200243	0.26867	0.384417	0.26867	0.26867	0.384417	7.0781	0.384417	0.200243	0.26867	0.384417	0.26867
Sq = 	1.58331e-19	0.217082	0.296411	0.217082	0.217082	0.296411	0.44737	0.296411	0.296411	0.44737	0.534969	0.44737	0.217082	0.296411	0.44737	0.296411
24 rounds of non-Gaussian ED iteration : ground-state energy is -50.6725 | electron energy -51.4226 + phonon energy 0.750129 | electron momentum kIdx = 0
Nq = 	16	0.200175	0.268627	0.200175	0.200175	0.268627	0.384327	0.268627	0.268627	0.384327	7.07988	0.384327	0.200175	0.268627	0.384327	0.268627
Sq = 	4.44152e-19	0.217027	0.296365	0.217027	0.217027	0.296365	0.44729	0.296365	0.296365	0.44729	0.53489	0.44729	0.217027	0.296365	0.44729	0.296365
25 rounds of non-Gaussian ED iteration : ground-state energy is -50.6767 | electron energy -51.4262 + phonon energy 0.749469 | electron momentum kIdx = 0
Nq = 	16	0.200116	0.26859	0.200116	0.200116	0.26859	0.384249	0.26859	0.26859	0.384249	7.08143	0.384249	0.200116	0.26859	0.384249	0.26859
Sq = 	-3.6635e-19	0.216978	0.296325	0.216978	0.216978	0.296325	0.447222	0.296325	0.296325	0.447222	0.534822	0.447222	0.216978	0.296325	0.447222	0.296325
26 rounds of non-Gaussian ED iteration : ground-state energy is -50.6802 | electron energy -51.4291 + phonon energy 0.74888 | electron momentum kIdx = 0
Nq = 	16	0.200064	0.268558	0.200064	0.200064	0.268558	0.38418	0.268558	0.268558	0.38418	7.08277	0.38418	0.200064	0.268558	0.38418	0.268558
Sq = 	1.51884e-18	0.216936	0.296291	0.216936	0.216936	0.296291	0.447162	0.296291	0.296291	0.447162	0.534763	0.447162	0.216936	0.296291	0.447162	0.296291
27 rounds of non-Gaussian ED iteration : ground-state energy is -50.6831 | electron energy -51.4314 + phonon energy 0.748357 | electron momentum kIdx = 0
Nq = 	16	0.200019	0.26853	0.200019	0.200019	0.26853	0.38412	0.26853	0.26853	0.38412	7.08394	0.38412	0.200019	0.26853	0.38412	0.26853
Sq = 	1.04617e-18	0.2169	0.296261	0.2169	0.2169	0.296261	0.447111	0.296261	0.296261	0.447111	0.534711	0.447111	0.2169	0.296261	0.447111	0.296261
28 rounds of non-Gaussian ED iteration : ground-state energy is -50.6854 | electron energy -51.4333 + phonon energy 0.747895 | electron momentum kIdx = 0
Nq = 	16	0.19998	0.268505	0.19998	0.19998	0.268505	0.384068	0.268505	0.268505	0.384068	7.08497	0.384068	0.19998	0.268505	0.384068	0.268505
Sq = 	-2.36141e-18	0.216868	0.296234	0.216868	0.216868	0.296234	0.447066	0.296234	0.296234	0.447066	0.534667	0.447066	0.216868	0.296234	0.447066	0.296234
29 rounds of non-Gaussian ED iteration : ground-state energy is -50.6873 | electron energy -51.4348 + phonon energy 0.747485 | electron momentum kIdx = 0
Nq = 	16	0.199946	0.268484	0.199946	0.199946	0.268484	0.384022	0.268484	0.268484	0.384022	7.08586	0.384022	0.199946	0.268484	0.384022	0.268484
Sq = 	3.41767e-18	0.216841	0.296211	0.216841	0.216841	0.296211	0.447026	0.296211	0.296211	0.447026	0.534627	0.447026	0.216841	0.296211	0.447026	0.296211
30 rounds of non-Gaussian ED iteration : ground-state energy is -50.6888 | electron energy -51.436 + phonon energy 0.747124 | electron momentum kIdx = 0
Nq = 	16	0.199916	0.268465	0.199916	0.199916	0.268465	0.383981	0.268465	0.268465	0.383981	7.08664	0.383981	0.199916	0.268465	0.383981	0.268465
Sq = 	-6.88519e-19	0.216816	0.296191	0.216816	0.216816	0.296191	0.446992	0.296191	0.296191	0.446992	0.534593	0.446992	0.216816	0.296191	0.446992	0.296191
31 rounds of non-Gaussian ED iteration : ground-state energy is -50.6901 | electron energy -51.4369 + phonon energy 0.746806 | electron momentum kIdx = 0
Nq = 	16	0.19989	0.268449	0.19989	0.19989	0.268449	0.383946	0.268449	0.268449	0.383946	7.08733	0.383946	0.19989	0.268449	0.383946	0.268449
Sq = 	2.27986e-18	0.216795	0.296174	0.216795	0.216795	0.296174	0.446962	0.296174	0.296174	0.446962	0.534563	0.446962	0.216795	0.296174	0.446962	0.296174
32 rounds of non-Gaussian ED iteration : ground-state energy is -50.6912 | electron energy -51.4377 + phonon energy 0.746525 | electron momentum kIdx = 0
Nq = 	16	0.199868	0.268434	0.199868	0.199868	0.268434	0.383915	0.268434	0.268434	0.383915	7.08793	0.383915	0.199868	0.268434	0.383915	0.268434
Sq = 	1.64235e-18	0.216776	0.296158	0.216776	0.216776	0.296158	0.446936	0.296158	0.296158	0.446936	0.534537	0.446936	0.216776	0.296158	0.446936	0.296158
33 rounds of non-Gaussian ED iteration : ground-state energy is -50.692 | electron energy -51.4383 + phonon energy 0.746278 | electron momentum kIdx = 0
Nq = 	16	0.199848	0.268422	0.199848	0.199848	0.268422	0.383887	0.268422	0.268422	0.383887	7.08846	0.383887	0.199848	0.268422	0.383887	0.268422
