SNEDics v3.4 Non-Gaussian ED ground state program		Start at Tue Oct  1 22:55:26 2019

parallized on 16 MPI threads  * 8 OpenMP threads = 128 total threads.
********************************************************************************************************************
********************************************************************************************************************

********************************************************************************************************************
System parameters and configurations
********************************************************************************************************************
Special program options are enabled: splitted diagonal Hamiltonian
********************************************************************************************************************
Read input file "model_params.in"
	Hubbard-Holstein model parameters : 	t = 1    U = 4.3    g = 3.6742    W = 5    
********************************************************************************************************************
Read input file "hilbertspace_params.in"
	Requested 16-site 2D lattice, with 16 electrons (8, 8)
	Boundary : Periodic		Hilbert space representation : momentum-space (restricted to kIdx = 10)
	Conservation: particle number[U(1)]      spin[U(1)]     momentum
********************************************************************************************************************

Cluster Positions:				Cluster symmetry group : D4
 x ... x ... x ... x .....                       x ... x ... x ... x .....
 |           |           :                       |           |           :
 |           |           :                       |           |           :
12    13    14    15     x                       1     5     6     5     x
 |           |           :                       |           |           :
 |           |           :                       |           |           :
 8 --- 9 ---10 ---11 --- x                       2 --- 6 ---10 --- 6 --- x
 |           |           :                       |           |           :
 |           |           :                       |           |           :
 4     5     6     7     x                       1     5     6     5     x
 |           |           :                       |           |           :
 |           |           :                       |           |           :
 0 --- 1 --- 2 --- 3 --- x                       0 --- 1 --- 2 --- 1 --- x
orbital number : 1
********************************************************************************************************************
Read input file "obs_params.in"
	Observable Type : Nq(All),   Sq(All),   N(All),   Delta[s](All),   Delta[d](All),   Delta[s+](All)
********************************************************************************************************************
** WARNING ** the input observables have non-local factors which have been reinterpreted. The total observable number is 96
********************************************************************************************************************


********************************************************************************************************************
Start calculating the non-Gaussian ED ground state
** WARNING ** Detected low phonon energy W < 10. The initial state will be prepared through a warm-up process.
********************************************************************************************************************
Start warm-up calculation for scaling factor 2
open output files: NGSEDWarmUpW10Obs.txt
********************************************************************************************************************
Start the 0 rounds of NGS-ED iteration
	effective electronic model is modified as: kinetic energy t = 1
	                                           effective interaction Vq = [-0,-0,-0,-0,-0,-0,-0,-0,-0,-0,-0,-0,-0,-0,-0,-0]
	first Hamiltonian is constructed, non-zero numbers = 2845334624
	PARPACK diagonalization completed after 90 matrix-vector product operations.
	iteration results: : total energy is -12.927592 | electron energy -12.927592 + phonon energy 0.000000 | electron momentum kIdx = 10
	Nq(0) = 16,	Nq(1) = 0.153475,	Nq(2) = 0.224705,	Nq(3) = 0.153475,	Nq(4) = 0.153475,	Nq(5) = 0.224705,	Nq(6) = 0.306027,	Nq(7) = 0.224705,	Nq(8) = 0.224705,	Nq(9) = 0.306027,	Nq(10) = 0.368685,	Nq(11) = 0.306027,	Nq(12) = 0.153475,	Nq(13) = 0.224705,	Nq(14) = 0.306027,	Nq(15) = 0.224705,	Sq(0) = 3.19674e-20,	Sq(1) = 0.307803,	Sq(2) = 0.417848,	Sq(3) = 0.307803,	Sq(4) = 0.307803,	Sq(5) = 0.417848,	Sq(6) = 0.627635,	Sq(7) = 0.417848,	Sq(8) = 0.417848,	Sq(9) = 0.627635,	Sq(10) = 6.19624,	Sq(11) = 0.627635,	Sq(12) = 0.307803,	Sq(13) = 0.417848,	Sq(14) = 0.627635,	Sq(15) = 0.417848,	N(0) = 1.92182,	N(1) = 1.82476,	N(2) = 1,	N(3) = 1.82476,	N(4) = 1.82476,	N(5) = 1,	N(6) = 0.175243,	N(7) = 1,	N(8) = 1,	N(9) = 0.175243,	N(10) = 0.0781793,	N(11) = 0.175243,	N(12) = 1.82476,	N(13) = 1,	N(14) = 0.175243,	N(15) = 1,	Delta[s](0) = 0.166776,	Delta[s](1) = 0.142913,	Delta[s](2) = 0.112056,	Delta[s](3) = 0.142913,	Delta[s](4) = 0.142913,	Delta[s](5) = 0.112056,	Delta[s](6) = 0.0849355,	Delta[s](7) = 0.112056,	Delta[s](8) = 0.112056,	Delta[s](9) = 0.0849355,	Delta[s](10) = 0.0269568,	Delta[s](11) = 0.0849355,	Delta[s](12) = 0.142913,	Delta[s](13) = 0.112056,	Delta[s](14) = 0.0849355,	Delta[s](15) = 0.112056,	Delta[d](0) = 0.519537,	Delta[d](1) = 0.392144,	Delta[d](2) = 0.33127,	Delta[d](3) = 0.392144,	Delta[d](4) = 0.392144,	Delta[d](5) = 0.377525,	Delta[d](6) = 0.307629,	Delta[d](7) = 0.377525,	Delta[d](8) = 0.33127,	Delta[d](9) = 0.307629,	Delta[d](10) = 0.248834,	Delta[d](11) = 0.307629,	Delta[d](12) = 0.392144,	Delta[d](13) = 0.377525,	Delta[d](14) = 0.307629,	Delta[d](15) = 0.377525,	Delta[s+](0) = 0.587934,	Delta[s+](1) = 0.483086,	Delta[s+](2) = 0.33127,	Delta[s+](3) = 0.483086,	Delta[s+](4) = 0.483086,	Delta[s+](5) = 0.33127,	Delta[s+](6) = 0.184526,	Delta[s+](7) = 0.33127,	Delta[s+](8) = 0.33127,	Delta[s+](9) = 0.184526,	Delta[s+](10) = 0.0693608,	Delta[s+](11) = 0.184526,	Delta[s+](12) = 0.483086,	Delta[s+](13) = 0.33127,	Delta[s+](14) = 0.184526,	Delta[s+](15) = 0.33127
The 0-th iteration is completed.	|| time cost : 0h 8m 22.975s
********************************************************************************************************************
Start the 1 rounds of NGS-ED iteration
	effective electronic model is modified as: kinetic energy t = 0.93345
	                                           effective interaction Vq = [-2.33455,-2.12615,-2.05287,-2.12615,-2.12615,-2.05287,-2.02668,-2.05287,-2.05287,-2.02668,-1.99641,-2.02668,-2.12615,-2.05287,-2.02668,-2.05287]
	PARPACK diagonalization completed after 45 matrix-vector product operations.
	iteration results: : total energy is -59.102051 | electron energy -59.106276 + phonon energy 0.004224 | electron momentum kIdx = 10
The 1-th iteration is completed.	|| time cost : 0h 7m 35.716s
********************************************************************************************************************
Start the 2 rounds of NGS-ED iteration
	effective electronic model is modified as: kinetic energy t = 0.882944
	                                           effective interaction Vq = [ -2.6505,-2.53662,-2.42451,-2.53662,-2.53662,-2.42451,-2.43889,-2.42451,-2.42451,-2.43889,-2.37446,-2.43889,-2.53662,-2.42451,-2.43889,-2.42451]
	PARPACK diagonalization completed after 45 matrix-vector product operations.
	iteration results: : total energy is -66.111730 | electron energy -66.145897 + phonon energy 0.034167 | electron momentum kIdx = 10
The 2-th iteration is completed.	|| time cost : 0h 0m 32.04s
********************************************************************************************************************
Start the 3 rounds of NGS-ED iteration
	effective electronic model is modified as: kinetic energy t = 0.856201
	                                           effective interaction Vq = [-2.69326, -2.6232,-2.58489, -2.6232, -2.6232,-2.58489, -2.5409,-2.58489,-2.58489, -2.5409,-2.46976, -2.5409, -2.6232,-2.58489, -2.5409,-2.58489]
	PARPACK diagonalization completed after 30 matrix-vector product operations.
	iteration results: : total energy is -67.250396 | electron energy -67.313121 + phonon energy 0.062726 | electron momentum kIdx = 10
The 3-th iteration is completed.	|| time cost : 0h 0m 27.326s
********************************************************************************************************************
Start the 4 rounds of NGS-ED iteration
	effective electronic model is modified as: kinetic energy t = 0.846683
	                                           effective interaction Vq = [-2.69904,-2.64481,-2.62525,-2.64481,-2.64481,-2.62525,-2.56936,-2.62525,-2.62525,-2.56936,-2.49747,-2.56936,-2.64481,-2.62525,-2.56936,-2.62525]
	PARPACK diagonalization completed after 30 matrix-vector product operations.
	iteration results: : total energy is -67.398910 | electron energy -67.476542 + phonon energy 0.077632 | electron momentum kIdx = 10
The 4-th iteration is completed.	|| time cost : 0h 0m 27.288s
********************************************************************************************************************
Start the 5 rounds of NGS-ED iteration
	effective electronic model is modified as: kinetic energy t = 0.843409
	                                           effective interaction Vq = [-2.69983, -2.6512,-2.63721, -2.6512, -2.6512,-2.63721,-2.57832,-2.63721,-2.63721,-2.57832,-2.50636,-2.57832, -2.6512,-2.63721,-2.57832,-2.63721]
	PARPACK diagonalization completed after 30 matrix-vector product operations.
	iteration results: : total energy is -67.418051 | electron energy -67.501600 + phonon energy 0.083549 | electron momentum kIdx = 10
The 5-th iteration is completed.	|| time cost : 0h 0m 27.32s
********************************************************************************************************************
Start the 6 rounds of NGS-ED iteration
	effective electronic model is modified as: kinetic energy t = 0.842294
	                                           effective interaction Vq = [-2.69993,-2.65323,-2.64106,-2.65323,-2.65323,-2.64106,-2.58128,-2.64106,-2.64106,-2.58128,-2.50932,-2.58128,-2.65323,-2.64106,-2.58128,-2.64106]
	PARPACK diagonalization completed after 105 matrix-vector product operations.
	iteration results: : total energy is -67.714283 | electron energy -67.799963 + phonon energy 0.085679 | electron momentum kIdx = 10
The 6-th iteration is completed.	|| time cost : 0h 0m 51.166s
********************************************************************************************************************
Start the 7 rounds of NGS-ED iteration
	effective electronic model is modified as: kinetic energy t = 0.839464
	                                           effective interaction Vq = [-2.69995,-2.65065, -2.6493,-2.65065,-2.65065, -2.6493,-2.57704, -2.6493, -2.6493,-2.57704,-2.57724,-2.57704,-2.65065, -2.6493,-2.57704, -2.6493]
	PARPACK diagonalization completed after 45 matrix-vector product operations.
	iteration results: : total energy is -67.736099 | electron energy -67.824909 + phonon energy 0.088810 | electron momentum kIdx = 10
The 7-th iteration is completed.	|| time cost : 0h 0m 32.107s
********************************************************************************************************************
Start the 8 rounds of NGS-ED iteration
	effective electronic model is modified as: kinetic energy t = 0.838248
	                                           effective interaction Vq = [-2.69995,   -2.65, -2.6512,   -2.65,   -2.65, -2.6512,-2.57591, -2.6512, -2.6512,-2.57591,-2.60615,-2.57591,   -2.65, -2.6512,-2.57591, -2.6512]
	PARPACK diagonalization completed after 45 matrix-vector product operations.
	iteration results: : total energy is -67.743545 | electron energy -67.834738 + phonon energy 0.091193 | electron momentum kIdx = 10
The 8-th iteration is completed.	|| time cost : 0h 0m 32.022s
********************************************************************************************************************
Start the 9 rounds of NGS-ED iteration
	effective electronic model is modified as: kinetic energy t = 0.837434
	                                           effective interaction Vq = [-2.69995,-2.65025,-2.64859,-2.65025,-2.65025,-2.64859,-2.57632,-2.64859,-2.64859,-2.57632,-2.63452,-2.57632,-2.65025,-2.64859,-2.57632,-2.64859]
	PARPACK diagonalization completed after 45 matrix-vector product operations.
	iteration results: : total energy is -67.776958 | electron energy -67.869950 + phonon energy 0.092992 | electron momentum kIdx = 10
The 9-th iteration is completed.	|| time cost : 0h 0m 32.309s
********************************************************************************************************************
Start the 10 rounds of NGS-ED iteration
	effective electronic model is modified as: kinetic energy t = 0.841474
	                                           effective interaction Vq = [-2.69995,-2.64888,-2.60631,-2.64888,-2.64888,-2.60631,-2.57462,-2.60631,-2.60631,-2.57462,-2.67625,-2.57462,-2.64888,-2.60631,-2.57462,-2.60631]
	PARPACK diagonalization completed after 30 matrix-vector product operations.
	iteration results: : total energy is -67.922874 | electron energy -68.015674 + phonon energy 0.092800 | electron momentum kIdx = 10
	Nq(0) = 16,	Nq(1) = 0.355407,	Nq(2) = 0.380546,	Nq(3) = 0.355407,	Nq(4) = 0.355407,	Nq(5) = 0.380546,	Nq(6) = 0.616327,	Nq(7) = 0.380546,	Nq(8) = 0.380546,	Nq(9) = 0.616327,	Nq(10) = 3.98833,	Nq(11) = 0.616327,	Nq(12) = 0.355407,	Nq(13) = 0.380546,	Nq(14) = 0.616327,	Nq(15) = 0.380546,	Sq(0) = 2.16089e-19,	Sq(1) = 0.293168,	Sq(2) = 0.340667,	Sq(3) = 0.293168,	Sq(4) = 0.293168,	Sq(5) = 0.340667,	Sq(6) = 0.514824,	Sq(7) = 0.340667,	Sq(8) = 0.340667,	Sq(9) = 0.514824,	Sq(10) = 0.565484,	Sq(11) = 0.514824,	Sq(12) = 0.293168,	Sq(13) = 0.340667,	Sq(14) = 0.514824,	Sq(15) = 0.340667,	N(0) = 1.99375,	N(1) = 1.98265,	N(2) = 1,	N(3) = 1.98265,	N(4) = 1.98265,	N(5) = 1,	N(6) = 0.0173481,	N(7) = 1,	N(8) = 1,	N(9) = 0.0173481,	N(10) = 0.0062525,	N(11) = 0.0173481,	N(12) = 1.98265,	N(13) = 1,	N(14) = 0.0173481,	N(15) = 1,	Delta[s](0) = 0.470293,	Delta[s](1) = 0.337626,	Delta[s](2) = 0.32748,	Delta[s](3) = 0.337626,	Delta[s](4) = 0.337626,	Delta[s](5) = 0.32748,	Delta[s](6) = 0.264058,	Delta[s](7) = 0.32748,	Delta[s](8) = 0.32748,	Delta[s](9) = 0.264058,	Delta[s](10) = 0.237359,	Delta[s](11) = 0.264058,	Delta[s](12) = 0.337626,	Delta[s](13) = 0.32748,	Delta[s](14) = 0.264058,	Delta[s](15) = 0.32748,	Delta[d](0) = 0.236766,	Delta[d](1) = 0.238737,	Delta[d](2) = 0.230925,	Delta[d](3) = 0.238737,	Delta[d](4) = 0.238737,	Delta[d](5) = 0.147153,	Delta[d](6) = 0.193959,	Delta[d](7) = 0.147153,	Delta[d](8) = 0.230925,	Delta[d](9) = 0.193959,	Delta[d](10) = 0.0574897,	Delta[d](11) = 0.193959,	Delta[d](12) = 0.238737,	Delta[d](13) = 0.147153,	Delta[d](14) = 0.193959,	Delta[d](15) = 0.147153,	Delta[s+](0) = 0.444554,	Delta[s+](1) = 0.356332,	Delta[s+](2) = 0.230925,	Delta[s+](3) = 0.356332,	Delta[s+](4) = 0.356332,	Delta[s+](5) = 0.230925,	Delta[s+](6) = 0.103574,	Delta[s+](7) = 0.230925,	Delta[s+](8) = 0.230925,	Delta[s+](9) = 0.103574,	Delta[s+](10) = 0.0311391,	Delta[s+](11) = 0.103574,	Delta[s+](12) = 0.356332,	Delta[s+](13) = 0.230925,	Delta[s+](14) = 0.103574,	Delta[s+](15) = 0.230925
The 10-th iteration is completed.	|| time cost : 0h 4m 35.465s
********************************************************************************************************************
Start the 11 rounds of NGS-ED iteration
	effective electronic model is modified as: kinetic energy t = 0.846287
	                                           effective interaction Vq = [-2.69995,-2.64413,-2.56201,-2.64413,-2.64413,-2.56201,-2.56801,-2.56201,-2.56201,-2.56801,-2.68815,-2.56801,-2.64413,-2.56201,-2.56801,-2.56201]
	PARPACK diagonalization completed after 30 matrix-vector product operations.
	iteration results: : total energy is -67.963643 | electron energy -68.054701 + phonon energy 0.091058 | electron momentum kIdx = 10
The 11-th iteration is completed.	|| time cost : 0h 0m 27.435s
********************************************************************************************************************
Start the 12 rounds of NGS-ED iteration
	effective electronic model is modified as: kinetic energy t = 0.84806
	                                           effective interaction Vq = [-2.69995, -2.6412,-2.54511, -2.6412, -2.6412,-2.54511, -2.5641,-2.54511,-2.54511, -2.5641,-2.69136, -2.5641, -2.6412,-2.54511, -2.5641,-2.54511]
	PARPACK diagonalization completed after 30 matrix-vector product operations.
	iteration results: : total energy is -67.968674 | electron energy -68.058539 + phonon energy 0.089865 | electron momentum kIdx = 10
The 12-th iteration is completed.	|| time cost : 0h 0m 27.304s
********************************************************************************************************************
Start the 13 rounds of NGS-ED iteration
	effective electronic model is modified as: kinetic energy t = 0.848714
	                                           effective interaction Vq = [-2.69995,-2.63978,-2.53924,-2.63978,-2.63978,-2.53924,-2.56226,-2.53924,-2.53924,-2.56226,-2.69235,-2.56226,-2.63978,-2.53924,-2.56226,-2.53924]
	PARPACK diagonalization completed after 30 matrix-vector product operations.
	iteration results: : total energy is -67.969288 | electron energy -68.058624 + phonon energy 0.089336 | electron momentum kIdx = 10
The 13-th iteration is completed.	|| time cost : 0h 0m 27.355s
********************************************************************************************************************
Start the 14 rounds of NGS-ED iteration
	effective electronic model is modified as: kinetic energy t = 0.848957
	                                           effective interaction Vq = [-2.69995,-2.63916,-2.53724,-2.63916,-2.63916,-2.53724,-2.56146,-2.53724,-2.53724,-2.56146,-2.69268,-2.56146,-2.63916,-2.53724,-2.56146,-2.53724]
	PARPACK diagonalization completed after 30 matrix-vector product operations.
	iteration results: : total energy is -67.969364 | electron energy -68.058481 + phonon energy 0.089117 | electron momentum kIdx = 10
The 14-th iteration is completed.	|| time cost : 0h 0m 27.383s
********************************************************************************************************************
Start the 15 rounds of NGS-ED iteration
	effective electronic model is modified as: kinetic energy t = 0.849048
	                                           effective interaction Vq = [-2.69995, -2.6389,-2.53656, -2.6389, -2.6389,-2.53656,-2.56112,-2.53656,-2.53656,-2.56112,-2.69279,-2.56112, -2.6389,-2.53656,-2.56112,-2.53656]
	PARPACK diagonalization completed after 30 matrix-vector product operations.
	iteration results: : total energy is -67.969374 | electron energy -68.058402 + phonon energy 0.089028 | electron momentum kIdx = 10
	Nq(0) = 16,	Nq(1) = 0.345521,	Nq(2) = 0.370031,	Nq(3) = 0.345521,	Nq(4) = 0.345521,	Nq(5) = 0.370031,	Nq(6) = 0.605387,	Nq(7) = 0.370031,	Nq(8) = 0.370031,	Nq(9) = 0.605387,	Nq(10) = 4.16124,	Nq(11) = 0.605387,	Nq(12) = 0.345521,	Nq(13) = 0.370031,	Nq(14) = 0.605387,	Nq(15) = 0.370031,	Sq(0) = -8.49185e-18,	Sq(1) = 0.289888,	Sq(2) = 0.339362,	Sq(3) = 0.289888,	Sq(4) = 0.289888,	Sq(5) = 0.339362,	Sq(6) = 0.513006,	Sq(7) = 0.339362,	Sq(8) = 0.339362,	Sq(9) = 0.513006,	Sq(10) = 0.567185,	Sq(11) = 0.513006,	Sq(12) = 0.289888,	Sq(13) = 0.339362,	Sq(14) = 0.513006,	Sq(15) = 0.339362,	N(0) = 1.99309,	N(1) = 1.98093,	N(2) = 1,	N(3) = 1.98093,	N(4) = 1.98093,	N(5) = 1,	N(6) = 0.019074,	N(7) = 1,	N(8) = 1,	N(9) = 0.019074,	N(10) = 0.00691479,	N(11) = 0.019074,	N(12) = 1.98093,	N(13) = 1,	N(14) = 0.019074,	N(15) = 1,	Delta[s](0) = 0.458287,	Delta[s](1) = 0.339171,	Delta[s](2) = 0.328397,	Delta[s](3) = 0.339171,	Delta[s](4) = 0.339171,	Delta[s](5) = 0.328397,	Delta[s](6) = 0.26585,	Delta[s](7) = 0.328397,	Delta[s](8) = 0.328397,	Delta[s](9) = 0.26585,	Delta[s](10) = 0.243776,	Delta[s](11) = 0.26585,	Delta[s](12) = 0.339171,	Delta[s](13) = 0.328397,	Delta[s](14) = 0.26585,	Delta[s](15) = 0.328397,	Delta[d](0) = 0.233983,	Delta[d](1) = 0.234844,	Delta[d](2) = 0.228613,	Delta[d](3) = 0.234844,	Delta[d](4) = 0.234844,	Delta[d](5) = 0.144248,	Delta[d](6) = 0.18988,	Delta[d](7) = 0.144248,	Delta[d](8) = 0.228613,	Delta[d](9) = 0.18988,	Delta[d](10) = 0.05446,	Delta[d](11) = 0.18988,	Delta[d](12) = 0.234844,	Delta[d](13) = 0.144248,	Delta[d](14) = 0.18988,	Delta[d](15) = 0.144248,	Delta[s+](0) = 0.4448,	Delta[s+](1) = 0.354655,	Delta[s+](2) = 0.228613,	Delta[s+](3) = 0.354655,	Delta[s+](4) = 0.354655,	Delta[s+](5) = 0.228613,	Delta[s+](6) = 0.100888,	Delta[s+](7) = 0.228613,	Delta[s+](8) = 0.228613,	Delta[s+](9) = 0.100888,	Delta[s+](10) = 0.0296051,	Delta[s+](11) = 0.100888,	Delta[s+](12) = 0.354655,	Delta[s+](13) = 0.228613,	Delta[s+](14) = 0.100888,	Delta[s+](15) = 0.228613
The 15-th iteration is completed.	|| time cost : 0h 4m 27.397s
********************************************************************************************************************
********************************************************************************************************************
Ground state is obtained after 16 iterations. The current ground-state energy is -67.9694, in which electron energy is -68.0584 and phonon energy is 0.0890277
final variational state is: 
	Gamma_x = [      1,1.02415,1.03779,1.02415,1.02415,1.03779,  1.059,1.03779,1.03779,  1.059,1.11526,  1.059,1.02415,1.03779,  1.059,1.03779]
	lambda_q = [ 0.51961,0.441405,0.391695,0.441405,0.441405,0.391695,0.401726,0.391695,0.391695,0.401726,0.492927,0.401726,0.441405,0.391695,0.401726,0.391695]
********************************************************************************************************************
o___o  ----------------------------------------
| L |	Time since last clock: 0h 0m 0s
A===A	Time since the beginning: 0h 31m 12.618s
***********************************************


********************************************************************************************************************
Warm up runs have been completed. Start calculating W = 5 phonon.
open output files: NGSEDIterationObs.txt
********************************************************************************************************************
Start the 0 rounds of NGS-ED iteration
	effective electronic model is modified as: kinetic energy t = 0.849081
	                                           effective interaction Vq = [-2.46833,-2.26943,-2.11121,-2.26943,-2.26943,-2.11121,-2.14513,-2.11121,-2.11121,-2.14513,-2.40734,-2.14513,-2.26943,-2.11121,-2.14513,-2.11121]
	PARPACK diagonalization completed after 45 matrix-vector product operations.
	iteration results: : total energy is -60.753292 | electron energy -60.797788 + phonon energy 0.044496 | electron momentum kIdx = 10
	Nq(0) = 16,	Nq(1) = 0.34159,	Nq(2) = 0.357771,	Nq(3) = 0.34159,	Nq(4) = 0.34159,	Nq(5) = 0.357771,	Nq(6) = 0.572877,	Nq(7) = 0.357771,	Nq(8) = 0.357771,	Nq(9) = 0.572877,	Nq(10) = 3.81363,	Nq(11) = 0.572877,	Nq(12) = 0.34159,	Nq(13) = 0.357771,	Nq(14) = 0.572877,	Nq(15) = 0.357771,	Sq(0) = 5.40302e-18,	Sq(1) = 0.327105,	Sq(2) = 0.360624,	Sq(3) = 0.327105,	Sq(4) = 0.327105,	Sq(5) = 0.360624,	Sq(6) = 0.574039,	Sq(7) = 0.360624,	Sq(8) = 0.360624,	Sq(9) = 0.574039,	Sq(10) = 0.613552,	Sq(11) = 0.574039,	Sq(12) = 0.327105,	Sq(13) = 0.360624,	Sq(14) = 0.574039,	Sq(15) = 0.360624,	N(0) = 1.99733,	N(1) = 1.99224,	N(2) = 1,	N(3) = 1.99224,	N(4) = 1.99224,	N(5) = 1,	N(6) = 0.00776345,	N(7) = 1,	N(8) = 1,	N(9) = 0.00776345,	N(10) = 0.00266703,	N(11) = 0.00776345,	N(12) = 1.99224,	N(13) = 1,	N(14) = 0.00776345,	N(15) = 1,	Delta[s](0) = 0.396095,	Delta[s](1) = 0.317899,	Delta[s](2) = 0.309555,	Delta[s](3) = 0.317899,	Delta[s](4) = 0.317899,	Delta[s](5) = 0.309555,	Delta[s](6) = 0.258702,	Delta[s](7) = 0.309555,	Delta[s](8) = 0.309555,	Delta[s](9) = 0.258702,	Delta[s](10) = 0.249235,	Delta[s](11) = 0.258702,	Delta[s](12) = 0.317899,	Delta[s](13) = 0.309555,	Delta[s](14) = 0.258702,	Delta[s](15) = 0.309555,	Delta[d](0) = 0.241784,	Delta[d](1) = 0.248899,	Delta[d](2) = 0.243481,	Delta[d](3) = 0.248899,	Delta[d](4) = 0.248899,	Delta[d](5) = 0.152513,	Delta[d](6) = 0.202857,	Delta[d](7) = 0.152513,	Delta[d](8) = 0.243481,	Delta[d](9) = 0.202857,	Delta[d](10) = 0.0632486,	Delta[d](11) = 0.202857,	Delta[d](12) = 0.248899,	Delta[d](13) = 0.152513,	Delta[d](14) = 0.202857,	Delta[d](15) = 0.152513,	Delta[s+](0) = 0.478252,	Delta[s+](1) = 0.377245,	Delta[s+](2) = 0.243481,	Delta[s+](3) = 0.377245,	Delta[s+](4) = 0.377245,	Delta[s+](5) = 0.243481,	Delta[s+](6) = 0.109568,	Delta[s+](7) = 0.243481,	Delta[s+](8) = 0.243481,	Delta[s+](9) = 0.109568,	Delta[s+](10) = 0.0343021,	Delta[s+](11) = 0.109568,	Delta[s+](12) = 0.377245,	Delta[s+](13) = 0.243481,	Delta[s+](14) = 0.109568,	Delta[s+](15) = 0.243481
The 0-th iteration is completed.	|| time cost : 0h 4m 30.471s
********************************************************************************************************************
Start the 1 rounds of NGS-ED iteration
	effective electronic model is modified as: kinetic energy t = 0.827257
	                                           effective interaction Vq = [-2.61474,-2.40698,-2.20892,-2.40698,-2.40698,-2.20892,-2.25073,-2.20892,-2.20892,-2.25073,-2.56971,-2.25073,-2.40698,-2.20892,-2.25073,-2.20892]
	PARPACK diagonalization completed after 30 matrix-vector product operations.
	iteration results: : total energy is -63.779850 | electron energy -63.917129 + phonon energy 0.137280 | electron momentum kIdx = 10
The 1-th iteration is completed.	|| time cost : 0h 0m 27.357s
********************************************************************************************************************
Start the 2 rounds of NGS-ED iteration
	effective electronic model is modified as: kinetic energy t = 0.81567
	                                           effective interaction Vq = [ -2.6686,-2.46347,-2.25467,-2.46347,-2.46347,-2.25467,-2.29824,-2.25467,-2.25467,-2.29824,-2.63858,-2.29824,-2.46347,-2.25467,-2.29824,-2.25467]
	PARPACK diagonalization completed after 30 matrix-vector product operations.
	iteration results: : total energy is -64.886120 | electron energy -65.091720 + phonon energy 0.205601 | electron momentum kIdx = 10
The 2-th iteration is completed.	|| time cost : 0h 0m 27.42s
********************************************************************************************************************
Start the 3 rounds of NGS-ED iteration
	effective electronic model is modified as: kinetic energy t = 0.809825
	                                           effective interaction Vq = [-2.68842,-2.48743, -2.2763,-2.48743,-2.48743, -2.2763,-2.31961, -2.2763, -2.2763,-2.31961,-2.66678,-2.31961,-2.48743, -2.2763,-2.31961, -2.2763]
	PARPACK diagonalization completed after 30 matrix-vector product operations.
	iteration results: : total energy is -65.280678 | electron energy -65.527112 + phonon energy 0.246434 | electron momentum kIdx = 10
The 3-th iteration is completed.	|| time cost : 0h 0m 27.33s
********************************************************************************************************************
Start the 4 rounds of NGS-ED iteration
	effective electronic model is modified as: kinetic energy t = 0.806897
	                                           effective interaction Vq = [-2.69571,-2.49811,-2.28682,-2.49811,-2.49811,-2.28682,-2.32955,-2.28682,-2.28682,-2.32955,-2.67861,-2.32955,-2.49811,-2.28682,-2.32955,-2.28682]
	PARPACK diagonalization completed after 30 matrix-vector product operations.
	iteration results: : total energy is -65.419990 | electron energy -65.689050 + phonon energy 0.269061 | electron momentum kIdx = 10
The 4-th iteration is completed.	|| time cost : 0h 0m 27.289s
********************************************************************************************************************
Start the 5 rounds of NGS-ED iteration
	effective electronic model is modified as: kinetic energy t = 0.805419
	                                           effective interaction Vq = [-2.69839,-2.50307,-2.29209,-2.50307,-2.50307,-2.29209,-2.33435,-2.29209,-2.29209,-2.33435,-2.68386,-2.33435,-2.50307,-2.29209,-2.33435,-2.29209]
	PARPACK diagonalization completed after 30 matrix-vector product operations.
	iteration results: : total energy is -65.469221 | electron energy -65.750391 + phonon energy 0.281170 | electron momentum kIdx = 10
The 5-th iteration is completed.	|| time cost : 0h 0m 27.352s
********************************************************************************************************************
Start the 6 rounds of NGS-ED iteration
	effective electronic model is modified as: kinetic energy t = 0.804668
	                                           effective interaction Vq = [-2.69938,-2.50546,-2.29479,-2.50546,-2.50546,-2.29479,-2.33674,-2.29479,-2.29479,-2.33674,-2.68631,-2.33674,-2.50546,-2.29479,-2.33674,-2.29479]
	PARPACK diagonalization completed after 30 matrix-vector product operations.
	iteration results: : total energy is -65.486722 | electron energy -65.774251 + phonon energy 0.287530 | electron momentum kIdx = 10
The 6-th iteration is completed.	|| time cost : 0h 0m 27.364s
********************************************************************************************************************
Start the 7 rounds of NGS-ED iteration
	effective electronic model is modified as: kinetic energy t = 0.804284
	                                           effective interaction Vq = [-2.69974,-2.50662,-2.29618,-2.50662,-2.50662,-2.29618,-2.33794,-2.29618,-2.29618,-2.33794, -2.6875,-2.33794,-2.50662,-2.29618,-2.33794,-2.29618]
	PARPACK diagonalization completed after 30 matrix-vector product operations.
	iteration results: : total energy is -65.492988 | electron energy -65.783820 + phonon energy 0.290833 | electron momentum kIdx = 10
The 7-th iteration is completed.	|| time cost : 0h 0m 27.278s
********************************************************************************************************************
Start the 8 rounds of NGS-ED iteration
	effective electronic model is modified as: kinetic energy t = 0.804088
	                                           effective interaction Vq = [-2.69987,-2.50719, -2.2969,-2.50719,-2.50719, -2.2969,-2.33856, -2.2969, -2.2969,-2.33856,-2.68809,-2.33856,-2.50719, -2.2969,-2.33856, -2.2969]
	PARPACK diagonalization completed after 30 matrix-vector product operations.
	iteration results: : total energy is -65.495246 | electron energy -65.787783 + phonon energy 0.292537 | electron momentum kIdx = 10
The 8-th iteration is completed.	|| time cost : 0h 0m 27.404s
********************************************************************************************************************
Start the 9 rounds of NGS-ED iteration
	effective electronic model is modified as: kinetic energy t = 0.803987
	                                           effective interaction Vq = [-2.69992,-2.50747,-2.29727,-2.50747,-2.50747,-2.29727,-2.33887,-2.29727,-2.29727,-2.33887,-2.68839,-2.33887,-2.50747,-2.29727,-2.33887,-2.29727]
	PARPACK diagonalization completed after 30 matrix-vector product operations.
	iteration results: : total energy is -65.496064 | electron energy -65.789478 + phonon energy 0.293414 | electron momentum kIdx = 10
The 9-th iteration is completed.	|| time cost : 0h 0m 27.588s
********************************************************************************************************************
Start the 10 rounds of NGS-ED iteration
	effective electronic model is modified as: kinetic energy t = 0.803936
	                                           effective interaction Vq = [-2.69994,-2.50761,-2.29747,-2.50761,-2.50761,-2.29747,-2.33903,-2.29747,-2.29747,-2.33903,-2.68854,-2.33903,-2.50761,-2.29747,-2.33903,-2.29747]
	PARPACK diagonalization completed after 30 matrix-vector product operations.
	iteration results: : total energy is -65.496361 | electron energy -65.790226 + phonon energy 0.293864 | electron momentum kIdx = 10
	Nq(0) = 16,	Nq(1) = 0.302633,	Nq(2) = 0.342185,	Nq(3) = 0.302633,	Nq(4) = 0.302633,	Nq(5) = 0.342185,	Nq(6) = 0.534844,	Nq(7) = 0.342185,	Nq(8) = 0.342185,	Nq(9) = 0.534844,	Nq(10) = 4.95345,	Nq(11) = 0.534844,	Nq(12) = 0.302633,	Nq(13) = 0.342185,	Nq(14) = 0.534844,	Nq(15) = 0.342185,	Sq(0) = 5.62993e-20,	Sq(1) = 0.271369,	Sq(2) = 0.331806,	Sq(3) = 0.271369,	Sq(4) = 0.271369,	Sq(5) = 0.331806,	Sq(6) = 0.499997,	Sq(7) = 0.331806,	Sq(8) = 0.331806,	Sq(9) = 0.499997,	Sq(10) = 0.567236,	Sq(11) = 0.499997,	Sq(12) = 0.271369,	Sq(13) = 0.331806,	Sq(14) = 0.499997,	Sq(15) = 0.331806,	N(0) = 1.98883,	N(1) = 1.96586,	N(2) = 1,	N(3) = 1.96586,	N(4) = 1.96586,	N(5) = 1,	N(6) = 0.0341398,	N(7) = 1,	N(8) = 1,	N(9) = 0.0341398,	N(10) = 0.0111689,	N(11) = 0.0341398,	N(12) = 1.96586,	N(13) = 1,	N(14) = 0.0341398,	N(15) = 1,	Delta[s](0) = 0.412198,	Delta[s](1) = 0.34235,	Delta[s](2) = 0.329255,	Delta[s](3) = 0.34235,	Delta[s](4) = 0.34235,	Delta[s](5) = 0.329255,	Delta[s](6) = 0.287453,	Delta[s](7) = 0.329255,	Delta[s](8) = 0.329255,	Delta[s](9) = 0.287453,	Delta[s](10) = 0.271294,	Delta[s](11) = 0.287453,	Delta[s](12) = 0.34235,	Delta[s](13) = 0.329255,	Delta[s](14) = 0.287453,	Delta[s](15) = 0.329255,	Delta[d](0) = 0.231596,	Delta[d](1) = 0.226423,	Delta[d](2) = 0.230845,	Delta[d](3) = 0.226423,	Delta[d](4) = 0.226423,	Delta[d](5) = 0.14861,	Delta[d](6) = 0.183065,	Delta[d](7) = 0.14861,	Delta[d](8) = 0.230845,	Delta[d](9) = 0.183065,	Delta[d](10) = 0.0655807,	Delta[d](11) = 0.183065,	Delta[d](12) = 0.226423,	Delta[d](13) = 0.14861,	Delta[d](14) = 0.183065,	Delta[d](15) = 0.14861,	Delta[s+](0) = 0.459056,	Delta[s+](1) = 0.357956,	Delta[s+](2) = 0.230845,	Delta[s+](3) = 0.357956,	Delta[s+](4) = 0.357956,	Delta[s+](5) = 0.230845,	Delta[s+](6) = 0.10278,	Delta[s+](7) = 0.230845,	Delta[s+](8) = 0.230845,	Delta[s+](9) = 0.10278,	Delta[s+](10) = 0.0358884,	Delta[s+](11) = 0.10278,	Delta[s+](12) = 0.357956,	Delta[s+](13) = 0.230845,	Delta[s+](14) = 0.10278,	Delta[s+](15) = 0.230845
The 10-th iteration is completed.	|| time cost : 0h 4m 24.846s
********************************************************************************************************************
Start the 11 rounds of NGS-ED iteration
	effective electronic model is modified as: kinetic energy t = 0.80391
	                                           effective interaction Vq = [-2.69995,-2.50768,-2.29757,-2.50768,-2.50768,-2.29757,-2.33911,-2.29757,-2.29757,-2.33911,-2.68862,-2.33911,-2.50768,-2.29757,-2.33911,-2.29757]
	PARPACK diagonalization completed after 30 matrix-vector product operations.
	iteration results: : total energy is -65.496470 | electron energy -65.790565 + phonon energy 0.294095 | electron momentum kIdx = 10
The 11-th iteration is completed.	|| time cost : 0h 0m 27.664s
********************************************************************************************************************
Start the 12 rounds of NGS-ED iteration
	effective electronic model is modified as: kinetic energy t = 0.803896
	                                           effective interaction Vq = [-2.69995,-2.50771,-2.29762,-2.50771,-2.50771,-2.29762,-2.33915,-2.29762,-2.29762,-2.33915,-2.68866,-2.33915,-2.50771,-2.29762,-2.33915,-2.29762]
	PARPACK diagonalization completed after 30 matrix-vector product operations.
	iteration results: : total energy is -65.496510 | electron energy -65.790723 + phonon energy 0.294213 | electron momentum kIdx = 10
The 12-th iteration is completed.	|| time cost : 0h 0m 27.284s
********************************************************************************************************************
Start the 13 rounds of NGS-ED iteration
	effective electronic model is modified as: kinetic energy t = 0.803889
	                                           effective interaction Vq = [-2.69995,-2.50773,-2.29765,-2.50773,-2.50773,-2.29765,-2.33917,-2.29765,-2.29765,-2.33917,-2.68868,-2.33917,-2.50773,-2.29765,-2.33917,-2.29765]
	PARPACK diagonalization completed after 30 matrix-vector product operations.
	iteration results: : total energy is -65.496524 | electron energy -65.790798 + phonon energy 0.294274 | electron momentum kIdx = 10
The 13-th iteration is completed.	|| time cost : 0h 0m 27.378s
********************************************************************************************************************
Start the 14 rounds of NGS-ED iteration
	effective electronic model is modified as: kinetic energy t = 0.803886
	                                           effective interaction Vq = [-2.69995,-2.50773,-2.29766,-2.50773,-2.50773,-2.29766,-2.33918,-2.29766,-2.29766,-2.33918,-2.68869,-2.33918,-2.50773,-2.29766,-2.33918,-2.29766]
	PARPACK diagonalization completed after 30 matrix-vector product operations.
	iteration results: : total energy is -65.496530 | electron energy -65.790835 + phonon energy 0.294305 | electron momentum kIdx = 10
The 14-th iteration is completed.	|| time cost : 0h 0m 27.644s
********************************************************************************************************************
Start the 15 rounds of NGS-ED iteration
	effective electronic model is modified as: kinetic energy t = 0.803884
	                                           effective interaction Vq = [-2.69995,-2.50774,-2.29767,-2.50774,-2.50774,-2.29767,-2.33918,-2.29767,-2.29767,-2.33918, -2.6887,-2.33918,-2.50774,-2.29767,-2.33918,-2.29767]
	PARPACK diagonalization completed after 30 matrix-vector product operations.
	iteration results: : total energy is -65.496532 | electron energy -65.790852 + phonon energy 0.294321 | electron momentum kIdx = 10
The 15-th iteration is completed.	|| time cost : 0h 0m 27.332s
********************************************************************************************************************
Start the 16 rounds of NGS-ED iteration
	effective electronic model is modified as: kinetic energy t = 0.803883
	                                           effective interaction Vq = [-2.69995,-2.50774,-2.29767,-2.50774,-2.50774,-2.29767,-2.33918,-2.29767,-2.29767,-2.33918, -2.6887,-2.33918,-2.50774,-2.29767,-2.33918,-2.29767]
	PARPACK diagonalization completed after 30 matrix-vector product operations.
	iteration results: : total energy is -65.496532 | electron energy -65.790861 + phonon energy 0.294329 | electron momentum kIdx = 10
The 16-th iteration is completed.	|| time cost : 0h 0m 27.604s
********************************************************************************************************************
Start the 17 rounds of NGS-ED iteration
	effective electronic model is modified as: kinetic energy t = 0.803883
	                                           effective interaction Vq = [-2.69995,-2.50774,-2.29768,-2.50774,-2.50774,-2.29768,-2.33919,-2.29768,-2.29768,-2.33919, -2.6887,-2.33919,-2.50774,-2.29768,-2.33919,-2.29768]
	PARPACK diagonalization completed after 30 matrix-vector product operations.
	iteration results: : total energy is -65.496533 | electron energy -65.790866 + phonon energy 0.294333 | electron momentum kIdx = 10
The 17-th iteration is completed.	|| time cost : 0h 0m 27.336s
********************************************************************************************************************
Start the 18 rounds of NGS-ED iteration
	effective electronic model is modified as: kinetic energy t = 0.803883
	                                           effective interaction Vq = [-2.69995,-2.50774,-2.29768,-2.50774,-2.50774,-2.29768,-2.33919,-2.29768,-2.29768,-2.33919, -2.6887,-2.33919,-2.50774,-2.29768,-2.33919,-2.29768]
	PARPACK diagonalization completed after 30 matrix-vector product operations.
	iteration results: : total energy is -65.496533 | electron energy -65.790868 + phonon energy 0.294335 | electron momentum kIdx = 10
The 18-th iteration is completed.	|| time cost : 0h 0m 27.658s
