SNEDics v3.21.4 Non-Gaussian ED ground state program		Start at Mon Jul 26 13:26:03 2021

parallized on 32 MPI threads  * 8 OpenMP threads = 256 total threads.
********************************************************************************************************************
********************************************************************************************************************

********************************************************************************************************************
System parameters and configurations
	special program options are enabled: splitted diagonal Hamiltonian | splitted Hamiltonian terms
********************************************************************************************************************
Read input file "model_params.in"
	Hubbard-Holstein model parameters : 	t = 1    U = 8    g = 0.04    W = 0.2    g' = 0.08    
********************************************************************************************************************
Read input file "hilbertspace_params.in"
	Requested 16-site 2D lattice, with 14 electrons (7, 7)
	Boundary : Periodic		Hilbert space representation : momentum-space (restricted to kIdx = 0)
	Conservation: particle number[U(1)]      spin[U(1)]     momentum
********************************************************************************************************************

Cluster Positions:				Cluster symmetry group : D4
 x ... x ... x ... x .....                       x ... x ... x ... x .....
 |           |           :                       |           |           :
 |           |           :                       |           |           :
12    13    14    15     x                       1     5     6     5     x
 |           |           :                       |           |           :
 |           |           :                       |           |           :
 8 --- 9 ---10 ---11 --- x                       2 --- 6 ---10 --- 6 --- x
 |           |           :                       |           |           :
 |           |           :                       |           |           :
 4     5     6     7     x                       1     5     6     5     x
 |           |           :                       |           |           :
 |           |           :                       |           |           :
 0 --- 1 --- 2 --- 3 --- x                       0 --- 1 --- 2 --- 1 --- x
orbital number : 1
********************************************************************************************************************
Read input file "obs_params.in"
	Observable Type : Nq(All),   Sq(All),   N(All),   Delta[s](All),   Delta[d](All),   Delta[s+](All)
** WARNING ** the input observables have non-local factors which have been reinterpreted. The total observable number is 96
********************************************************************************************************************


********************************************************************************************************************
Start calculating the non-Gaussian ED ground state
Maximal iteration number is 1000; energy resolution is 1e-06. Phonon state relaxation time is 2000
W = 0.2 is relatively large. The non-Gaussian ED calculation starts directly.
open output files: NGSED_iteration_obserbles.txt
********************************************************************************************************************
Start the 0 rounds of NGS-ED iteration
	effective electronic model is modified as: kinetic energy t = 1
	                                           effective interaction Vq = [0,0,0,0,0,0,0,0,0,0,0,0,0,0,0,0]
	first Hamiltonian is constructed, size = 8179600 and non-zero numbers = 2178478298
	PARPACK diagonalization completed after 180 matrix-vector product operations.
	iteration results: : total energy is -11.868836 | electron energy -11.868836 + phonon energy 0.000000 | electron momentum kIdx = 0
	Nq(0) = 12.25,	Nq(1) = 0.154193,	Nq(2) = 0.185311,	Nq(3) = 0.154193,	Nq(4) = 0.154193,	Nq(5) = 0.203281,	
	Nq(6) = 0.235634,	Nq(7) = 0.203281,	Nq(8) = 0.185311,	Nq(9) = 0.235634,	Nq(10) = 0.275446,	
	Nq(11) = 0.235634,	Nq(12) = 0.154193,	Nq(13) = 0.203281,	Nq(14) = 0.235634,	Nq(15) = 0.203281;	
	Sq(0) = -1.83137e-18,	Sq(1) = 0.474292,	Sq(2) = 0.766364,	Sq(3) = 0.474292,	Sq(4) = 0.474292,	
	Sq(5) = 0.630724,	Sq(6) = 1.05279,	Sq(7) = 0.630724,	Sq(8) = 0.766364,	Sq(9) = 1.05279,	
	Sq(10) = 2.56755,	Sq(11) = 1.05279,	Sq(12) = 0.474292,	Sq(13) = 0.630724,	Sq(14) = 1.05279,	
	Sq(15) = 0.630724;	N(0) = 1.75464,	N(1) = 1.59086,	N(2) = 0.323321,	N(3) = 1.59086,	
	N(4) = 1.59086,	N(5) = 0.999881,	N(6) = 0.267546,	N(7) = 0.999881,	N(8) = 0.323321,	
	N(9) = 0.267546,	N(10) = 0.165565,	N(11) = 0.267546,	N(12) = 1.59086,	N(13) = 0.999881,	
	N(14) = 0.267546,	N(15) = 0.999881;	Delta[s](0) = 0.0792961,	Delta[s](1) = 0.0592406,	Delta[s](2) = 0.0354025,	
	Delta[s](3) = 0.0592406,	Delta[s](4) = 0.0592406,	Delta[s](5) = 0.0422995,	Delta[s](6) = 0.0194707,	Delta[s](7) = 0.0422995,	
	Delta[s](8) = 0.0354025,	Delta[s](9) = 0.0194707,	Delta[s](10) = 0.000106262,	Delta[s](11) = 0.0194707,	Delta[s](12) = 0.0592406,	
	Delta[s](13) = 0.0422995,	Delta[s](14) = 0.0194707,	Delta[s](15) = 0.0422995;	Delta[d](0) = 0.275922,	Delta[d](1) = 0.189691,	
	Delta[d](2) = 0.199488,	Delta[d](3) = 0.189691,	Delta[d](4) = 0.189691,	Delta[d](5) = 0.176423,	Delta[d](6) = 0.132336,	
	Delta[d](7) = 0.176423,	Delta[d](8) = 0.199488,	Delta[d](9) = 0.132336,	Delta[d](10) = 0.0533411,	Delta[d](11) = 0.132336,	
	Delta[d](12) = 0.189691,	Delta[d](13) = 0.176423,	Delta[d](14) = 0.132336,	Delta[d](15) = 0.176423;	Delta[s+](0) = 0.559668,	
	Delta[s+](1) = 0.41672,	Delta[s+](2) = 0.199488,	Delta[s+](3) = 0.41672,	Delta[s+](4) = 0.41672,	Delta[s+](5) = 0.291219,	
	Delta[s+](6) = 0.125987,	Delta[s+](7) = 0.291219,	Delta[s+](8) = 0.199488,	Delta[s+](9) = 0.125987,	Delta[s+](10) = 0.0381413,	
	Delta[s+](11) = 0.125987,	Delta[s+](12) = 0.41672,	Delta[s+](13) = 0.291219,	Delta[s+](14) = 0.125987,	Delta[s+](15) = 0.291219
	
The 0-th iteration is completed.	|| time cost : 0h 4m 44.415s
********************************************************************************************************************
Start the 1 rounds of NGS-ED iteration
	effective electronic model is modified as: kinetic energy t = 0.999322
	                                           effective interaction Vq = [      -0.648,  -0.0217456,  -0.0005325,  -0.0217456,  -0.0217456,-0.000581342, -0.00411091,-0.000581342,  -0.0005325, -0.00411091,  -0.0201613, -0.00411091,  -0.0217456,-0.000581342, -0.00411091,-0.000581342]
	PARPACK diagonalization completed after 60 matrix-vector product operations.
	iteration results: : total energy is -19.818771 | electron energy -19.818866 + phonon energy 0.000095 | electron momentum kIdx = 0
The 1-th iteration is completed.	|| time cost : 0h 2m 59.98s
********************************************************************************************************************
Start the 2 rounds of NGS-ED iteration
	effective electronic model is modified as: kinetic energy t = 0.99932
	                                           effective interaction Vq = [      -0.648,  -0.0217736,-0.000532287,  -0.0217736,  -0.0217736,-0.000581047, -0.00411081,-0.000581047,-0.000532287, -0.00411081,  -0.0201869, -0.00411081,  -0.0217736,-0.000581047, -0.00411081,-0.000581047]
	PARPACK diagonalization completed after 30 matrix-vector product operations.
	iteration results: : total energy is -19.818771 | electron energy -19.818867 + phonon energy 0.000096 | electron momentum kIdx = 0
The 2-th iteration is completed.	|| time cost : 0h 0m 21.828s
********************************************************************************************************************
Start the 3 rounds of NGS-ED iteration
	effective electronic model is modified as: kinetic energy t = 0.99932
	                                           effective interaction Vq = [      -0.648,  -0.0217737,-0.000532287,  -0.0217737,  -0.0217737,-0.000581047,  -0.0041108,-0.000581047,-0.000532287,  -0.0041108,   -0.020187,  -0.0041108,  -0.0217737,-0.000581047,  -0.0041108,-0.000581047]
	PARPACK diagonalization completed after 30 matrix-vector product operations.
	iteration results: : total energy is -19.818771 | electron energy -19.818867 + phonon energy 0.000096 | electron momentum kIdx = 0
	Nq(0) = 12.25,	Nq(1) = 0.154472,	Nq(2) = 0.185317,	Nq(3) = 0.154472,	Nq(4) = 0.154472,	Nq(5) = 0.203264,	
	Nq(6) = 0.235734,	Nq(7) = 0.203264,	Nq(8) = 0.185317,	Nq(9) = 0.235734,	Nq(10) = 0.275914,	
	Nq(11) = 0.235734,	Nq(12) = 0.154472,	Nq(13) = 0.203264,	Nq(14) = 0.235734,	Nq(15) = 0.203264;	
	Sq(0) = -2.82502e-18,	Sq(1) = 0.474075,	Sq(2) = 0.766196,	Sq(3) = 0.474075,	Sq(4) = 0.474075,	
	Sq(5) = 0.630576,	Sq(6) = 1.05292,	Sq(7) = 0.630576,	Sq(8) = 0.766196,	Sq(9) = 1.05292,	
	Sq(10) = 2.56689,	Sq(11) = 1.05292,	Sq(12) = 0.474075,	Sq(13) = 0.630576,	Sq(14) = 1.05292,	
	Sq(15) = 0.630576;	N(0) = 1.75491,	N(1) = 1.59131,	N(2) = 0.323203,	N(3) = 1.59131,	
	N(4) = 1.59131,	N(5) = 0.999778,	N(6) = 0.267225,	N(7) = 0.999778,	N(8) = 0.323203,	
	N(9) = 0.267225,	N(10) = 0.16544,	N(11) = 0.267225,	N(12) = 1.59131,	N(13) = 0.999778,	
	N(14) = 0.267225,	N(15) = 0.999778;	Delta[s](0) = 0.0794123,	Delta[s](1) = 0.059329,	Delta[s](2) = 0.0354558,	
	Delta[s](3) = 0.059329,	Delta[s](4) = 0.059329,	Delta[s](5) = 0.0423659,	Delta[s](6) = 0.0195011,	Delta[s](7) = 0.0423659,	
	Delta[s](8) = 0.0354558,	Delta[s](9) = 0.0195011,	Delta[s](10) = 0.000106705,	Delta[s](11) = 0.0195011,	Delta[s](12) = 0.059329,	
	Delta[s](13) = 0.0423659,	Delta[s](14) = 0.0195011,	Delta[s](15) = 0.0423659;	Delta[d](0) = 0.276378,	Delta[d](1) = 0.189704,	
	Delta[d](2) = 0.199471,	Delta[d](3) = 0.189704,	Delta[d](4) = 0.189704,	Delta[d](5) = 0.176424,	Delta[d](6) = 0.132286,	
	Delta[d](7) = 0.176424,	Delta[d](8) = 0.199471,	Delta[d](9) = 0.132286,	Delta[d](10) = 0.0533578,	Delta[d](11) = 0.132286,	
	Delta[d](12) = 0.189704,	Delta[d](13) = 0.176424,	Delta[d](14) = 0.132286,	Delta[d](15) = 0.176424;	Delta[s+](0) = 0.559694,	
	Delta[s+](1) = 0.416738,	Delta[s+](2) = 0.199471,	Delta[s+](3) = 0.416738,	Delta[s+](4) = 0.416738,	Delta[s+](5) = 0.291202,	
	Delta[s+](6) = 0.125951,	Delta[s+](7) = 0.291202,	Delta[s+](8) = 0.199471,	Delta[s+](9) = 0.125951,	Delta[s+](10) = 0.038114,	
	Delta[s+](11) = 0.125951,	Delta[s+](12) = 0.416738,	Delta[s+](13) = 0.291202,	Delta[s+](14) = 0.125951,	Delta[s+](15) = 0.291202
	
The 3-th iteration is completed.	|| time cost : 0h 3m 8.06s
********************************************************************************************************************
********************************************************************************************************************
Ground state is obtained after 4 iterations. The current ground-state energy is -19.8188, in which electron energy is -19.8189 and phonon energy is 9.57502e-05
Final variational state is: 
	Gamma_x = [      1,1.01647,1.00048,1.01647,1.01647,1.00058,1.00479,1.00058,1.00048,1.00479,1.02786,1.00479,1.01647,1.00058,1.00479,1.00058]
	lambda_q = [       1.8, 0.0560023, 0.0067681, 0.0560023, 0.0560023,0.00739998,-0.0173801,0.00739998, 0.0067681,-0.0173801,-0.0365246,-0.0173801, 0.0560023,0.00739998,-0.0173801,0.00739998]
Effective e-e interactions mediated by phonons are:
	momentum-space Vq = [      -0.648,  -0.0217737,-0.000532287,  -0.0217737,  -0.0217737,-0.000581047,  -0.0041108,-0.000581047,-0.000532287,  -0.0041108,   -0.020187,  -0.0041108,  -0.0217737,-0.000581047,  -0.0041108,-0.000581047]
	real-space Vr = [-0.0484446,-0.0414462, -0.041683,-0.0414462,-0.0414462,-0.0416952,-0.0370305,-0.0416952, -0.041683,-0.0370305,-0.0355024,-0.0370305,-0.0414462,-0.0416952,-0.0370305,-0.0416952]
********************************************************************************************************************
o___o  ----------------------------------------
| L |	Time since last clock: 0h 0m 0.01s
A===A	Time since the beginning: 0h 11m 14.295s
***********************************************


Non-Gaussina ED ground state calculation is completed. The final ground-state energy is -19.8188
********************************************************************************************************************
o___o  ----------------------------------------
| L |	Time since last clock: 0h 0m 0.004s
A===A	Time since the beginning: 0h 11m 14.299s
***********************************************



********************************************************************************************************************
All non-Gaussian ED ground state calculations have been completed. Exit now.
