SNEDics v3.2 diagonalization test program		Start at Fri Apr 26 19:41:51 2019

parallized on 80 MPI threads  * 6 OpenMP threads = 480 total threads.
************************************************************************************
************************************************************************************

Input file "model_params.in"
Hubbard-Holstein model parameters : 	t = 1    U = 3    g = 1    W = 1    
************************************************************************************
Input file "hilbertspace_params.in"

Cluster Positions:				Cluster symmetry group : D4
 x ... x ... x ... x .....                       x ... x ... x ... x .....
 |           |           :                       |           |           :
 |           |           :                       |           |           :
12    13    14    15     x                       1     5     6     5     x
 |           |           :                       |           |           :
 |           |           :                       |           |           :
 8 --- 9 ---10 ---11 --- x                       2 --- 6 ---10 --- 6 --- x
 |           |           :                       |           |           :
 |           |           :                       |           |           :
 4     5     6     7     x                       1     5     6     5     x
 |           |           :                       |           |           :
 |           |           :                       |           |           :
 0 --- 1 --- 2 --- 3 --- x                       0 --- 1 --- 2 --- 1 --- x
orbital number : 1
************************************************************************************
0 rounds of non-Gaussian ED iteration : ground-state energy is -15.6367 | electron energy -15.6367 + phonon energy 0 | electron momentum kIdx = 0
Nq = 	16	0.197474	0.272632	0.197474	0.197474	0.272632	0.377802	0.272632	0.272632	0.377802	0.449031	0.377802	0.197474	0.272632	0.377802	0.272632
Sq = 	5.12778e-19	0.422553	0.613841	0.422553	0.422553	0.613841	0.765373	0.613841	0.613841	0.765373	3.17932	0.765373	0.422553	0.613841	0.765373	0.613841
1 rounds of non-Gaussian ED iteration : ground-state energy is -19.0616 | electron energy -19.0616 + phonon energy 6.18824e-06 | electron momentum kIdx = 0
Nq = 	16	0.210058	0.283448	0.210058	0.210058	0.283448	0.395678	0.283448	0.283448	0.395678	0.466423	0.395678	0.210058	0.283448	0.395678	0.283448
Sq = 	3.591e-18	0.42049	0.610267	0.42049	0.42049	0.610267	0.754144	0.610267	0.610267	0.754144	3.04981	0.754144	0.42049	0.610267	0.754144	0.610267
2 rounds of non-Gaussian ED iteration : ground-state energy is -21.6167 | electron energy -21.6169 + phonon energy 0.000164 | electron momentum kIdx = 0
Nq = 	16	0.21699	0.288808	0.21699	0.21699	0.288808	0.404674	0.288808	0.288808	0.404674	0.474568	0.404674	0.21699	0.288808	0.404674	0.288808
Sq = 	3.53211e-18	0.419327	0.608386	0.419327	0.419327	0.608386	0.74843	0.608386	0.608386	0.74843	2.98458	0.74843	0.419327	0.608386	0.74843	0.608386
3 rounds of non-Gaussian ED iteration : ground-state energy is -23.6306 | electron energy -23.6315 + phonon energy 0.000839148 | electron momentum kIdx = 0
Nq = 	16	0.221214	0.29178	0.221214	0.221214	0.29178	0.409691	0.29178	0.29178	0.409691	0.478851	0.409691	0.221214	0.29178	0.409691	0.29178
Sq = 	1.07199e-18	0.418635	0.607323	0.418635	0.418635	0.607323	0.745192	0.607323	0.607323	0.745192	2.94761	0.745192	0.418635	0.607323	0.745192	0.607323
4 rounds of non-Gaussian ED iteration : ground-state energy is -25.2532 | electron energy -25.2555 + phonon energy 0.00227563 | electron momentum kIdx = 0
Nq = 	16	0.223961	0.293557	0.223961	0.223961	0.293557	0.412712	0.293557	0.293557	0.412712	0.481326	0.412712	0.223961	0.293557	0.412712	0.293557
Sq = 	-6.75176e-19	0.418199	0.60668	0.418199	0.418199	0.60668	0.743212	0.60668	0.60668	0.743212	2.92491	0.743212	0.418199	0.60668	0.743212	0.60668
5 rounds of non-Gaussian ED iteration : ground-state energy is -26.5721 | electron energy -26.5765 + phonon energy 0.00445427 | electron momentum kIdx = 0
Nq = 	16	0.225828	0.294683	0.225828	0.225828	0.294683	0.41465	0.294683	0.294683	0.41465	0.482878	0.41465	0.225828	0.294683	0.41465	0.294683
Sq = 	4.31945e-18	0.417909	0.606269	0.417909	0.417909	0.606269	0.74193	0.606269	0.606269	0.74193	2.91014	0.74193	0.417909	0.606269	0.74193	0.606269
6 rounds of non-Gaussian ED iteration : ground-state energy is -27.648 | electron energy -27.6552 + phonon energy 0.00719129 | electron momentum kIdx = 0
Nq = 	16	0.227142	0.295433	0.227142	0.227142	0.295433	0.415964	0.295433	0.295433	0.415964	0.483922	0.415964	0.227142	0.295433	0.415964	0.295433
Sq = 	-1.83854e-18	0.417708	0.605991	0.417708	0.417708	0.605991	0.741057	0.605991	0.605991	0.741057	2.90005	0.741057	0.417708	0.605991	0.741057	0.605991
7 rounds of non-Gaussian ED iteration : ground-state energy is -28.5272 | electron energy -28.5375 + phonon energy 0.0102568 | electron momentum kIdx = 0
Nq = 	16	0.228095	0.295954	0.228095	0.228095	0.295954	0.416898	0.295954	0.295954	0.416898	0.484668	0.416898	0.228095	0.295954	0.416898	0.295954
Sq = 	-6.62896e-18	0.417563	0.605793	0.417563	0.417563	0.605793	0.740438	0.605793	0.605793	0.740438	2.89287	0.740438	0.417563	0.605793	0.740438	0.605793
8 rounds of non-Gaussian ED iteration : ground-state energy is -29.2461 | electron energy -29.2596 + phonon energy 0.0134436 | electron momentum kIdx = 0
Nq = 	16	0.228802	0.296331	0.228802	0.228802	0.296331	0.417591	0.296331	0.296331	0.417591	0.485227	0.417591	0.228802	0.296331	0.417591	0.296331
Sq = 	-7.93809e-18	0.417453	0.605647	0.417453	0.417453	0.605647	0.739982	0.605647	0.605647	0.739982	2.88759	0.739982	0.417453	0.605647	0.739982	0.605647
9 rounds of non-Gaussian ED iteration : ground-state energy is -29.8343 | electron energy -29.8509 + phonon energy 0.0165922 | electron momentum kIdx = 0
Nq = 	16	0.22934	0.296612	0.22934	0.22934	0.296612	0.418122	0.296612	0.296612	0.418122	0.485662	0.418122	0.22934	0.296612	0.418122	0.296612
Sq = 	2.51254e-18	0.417369	0.605535	0.417369	0.417369	0.605535	0.739636	0.605535	0.605535	0.739636	2.88359	0.739636	0.417369	0.605535	0.739636	0.605535
10 rounds of non-Gaussian ED iteration : ground-state energy is -30.3155 | electron energy -30.3351 + phonon energy 0.0195937 | electron momentum kIdx = 0
Nq = 	16	0.229756	0.296829	0.229756	0.229756	0.296829	0.41854	0.296829	0.296829	0.41854	0.486009	0.41854	0.229756	0.296829	0.41854	0.296829
Sq = 	-2.66154e-18	0.417302	0.605446	0.417302	0.417302	0.605446	0.739367	0.605446	0.605446	0.739367	2.88048	0.739367	0.417302	0.605446	0.739367	0.605446
11 rounds of non-Gaussian ED iteration : ground-state energy is -30.7092 | electron energy -30.7316 + phonon energy 0.0223815 | electron momentum kIdx = 0
Nq = 	16	0.230085	0.296999	0.230085	0.230085	0.296999	0.418876	0.296999	0.296999	0.418876	0.486291	0.418876	0.230085	0.296999	0.418876	0.296999
Sq = 	-1.63515e-18	0.417249	0.605375	0.417249	0.417249	0.605374	0.739153	0.605374	0.605374	0.739153	2.87802	0.739153	0.417249	0.605374	0.739153	0.605374
12 rounds of non-Gaussian ED iteration : ground-state energy is -31.0315 | electron energy -31.0564 + phonon energy 0.0249212 | electron momentum kIdx = 0
Nq = 	16	0.230347	0.297136	0.230347	0.230347	0.297136	0.419151	0.297136	0.297136	0.419151	0.486523	0.419151	0.230347	0.297136	0.419151	0.297136
Sq = 	3.45006e-18	0.417205	0.605316	0.417205	0.417205	0.605316	0.73898	0.605316	0.605316	0.73898	2.87604	0.73898	0.417205	0.605316	0.73898	0.605316
13 rounds of non-Gaussian ED iteration : ground-state energy is -31.2953 | electron energy -31.3225 + phonon energy 0.0272014 | electron momentum kIdx = 0
Nq = 	16	0.230559	0.297246	0.230559	0.230559	0.297246	0.419378	0.297246	0.297246	0.419378	0.486716	0.419378	0.230559	0.297246	0.419378	0.297246
Sq = 	-4.85133e-19	0.417169	0.605268	0.417169	0.417169	0.605268	0.738839	0.605268	0.605268	0.738839	2.87442	0.738839	0.417169	0.605268	0.738839	0.605268
14 rounds of non-Gaussian ED iteration : ground-state energy is -31.5111 | electron energy -31.5404 + phonon energy 0.0292255 | electron momentum kIdx = 0
Nq = 	16	0.230733	0.297338	0.230733	0.230733	0.297338	0.419566	0.297338	0.297338	0.419566	0.486877	0.419566	0.230733	0.297338	0.419566	0.297338
Sq = 	-4.91525e-18	0.417139	0.605227	0.417139	0.417139	0.605227	0.738723	0.605227	0.605227	0.738723	2.87309	0.738723	0.417139	0.605227	0.738723	0.605227
15 rounds of non-Gaussian ED iteration : ground-state energy is -31.6878 | electron energy -31.7188 + phonon energy 0.0310067 | electron momentum kIdx = 0
Nq = 	16	0.230876	0.297413	0.230876	0.230876	0.297413	0.419724	0.297413	0.297413	0.419724	0.487013	0.419724	0.230876	0.297413	0.419724	0.297413
Sq = 	6.04311e-18	0.417114	0.605193	0.417114	0.417114	0.605193	0.738626	0.605193	0.605193	0.738626	2.87199	0.738626	0.417114	0.605193	0.738626	0.605193
16 rounds of non-Gaussian ED iteration : ground-state energy is -31.8325 | electron energy -31.865 + phonon energy 0.0325634 | electron momentum kIdx = 0
Nq = 	16	0.230994	0.297476	0.230994	0.230994	0.297476	0.419857	0.297476	0.297476	0.419857	0.487127	0.419857	0.230994	0.297476	0.419857	0.297476
Sq = 	-1.4815e-18	0.417092	0.605165	0.417092	0.417092	0.605165	0.738545	0.605165	0.605165	0.738545	2.87107	0.738545	0.417092	0.605165	0.738545	0.605165
17 rounds of non-Gaussian ED iteration : ground-state energy is -31.9509 | electron energy -31.9848 + phonon energy 0.0339163 | electron momentum kIdx = 0
Nq = 	16	0.231093	0.297528	0.231093	0.231093	0.297528	0.419969	0.297528	0.297528	0.419969	0.487223	0.419969	0.231093	0.297528	0.419969	0.297528
Sq = 	3.25225e-18	0.417075	0.605141	0.417075	0.417075	0.605141	0.738477	0.605141	0.605141	0.738477	2.8703	0.738477	0.417075	0.605141	0.738477	0.605141
18 rounds of non-Gaussian ED iteration : ground-state energy is -32.0478 | electron energy -32.0829 + phonon energy 0.035087 | electron momentum kIdx = 0
Nq = 	16	0.231176	0.297572	0.231176	0.231176	0.297572	0.420064	0.297572	0.297572	0.420064	0.487305	0.420064	0.231176	0.297572	0.420064	0.297572
Sq = 	-3.53038e-18	0.41706	0.605121	0.41706	0.41706	0.605121	0.73842	0.605121	0.605121	0.73842	2.86966	0.73842	0.41706	0.605121	0.73842	0.605121
19 rounds of non-Gaussian ED iteration : ground-state energy is -32.1271 | electron energy -32.1632 + phonon energy 0.0360965 | electron momentum kIdx = 0
Nq = 	16	0.231245	0.297609	0.231245	0.231245	0.297609	0.420144	0.297609	0.297609	0.420144	0.487374	0.420144	0.231245	0.297609	0.420144	0.297609
Sq = 	4.76696e-18	0.417047	0.605104	0.417047	0.417047	0.605104	0.738372	0.605104	0.605104	0.738372	2.86911	0.738372	0.417047	0.605104	0.738372	0.605104
20 rounds of non-Gaussian ED iteration : ground-state energy is -32.1921 | electron energy -32.229 + phonon energy 0.0369643 | electron momentum kIdx = 0
Nq = 	16	0.231304	0.297641	0.231304	0.231304	0.297641	0.420212	0.297641	0.297641	0.420212	0.487433	0.420212	0.231304	0.297641	0.420212	0.297641
Sq = 	9.45357e-18	0.417036	0.605089	0.417036	0.417036	0.605089	0.738332	0.605089	0.605089	0.738332	2.86866	0.738332	0.417036	0.605089	0.738332	0.605089
21 rounds of non-Gaussian ED iteration : ground-state energy is -32.2452 | electron energy -32.2829 + phonon energy 0.0377086 | electron momentum kIdx = 0
Nq = 	16	0.231353	0.297667	0.231353	0.231353	0.297667	0.42027	0.297667	0.297667	0.42027	0.487482	0.42027	0.231353	0.297667	0.42027	0.297667
Sq = 	6.29903e-18	0.417027	0.605077	0.417027	0.417027	0.605077	0.738298	0.605077	0.605077	0.738298	2.86827	0.738298	0.417027	0.605077	0.738298	0.605077
22 rounds of non-Gaussian ED iteration : ground-state energy is -32.2887 | electron energy -32.3271 + phonon energy 0.0383458 | electron momentum kIdx = 0
Nq = 	16	0.231394	0.297689	0.231394	0.231394	0.297689	0.420318	0.297689	0.297689	0.420318	0.487525	0.420318	0.231394	0.297689	0.420318	0.297689
Sq = 	-3.55857e-18	0.417019	0.605066	0.417019	0.417019	0.605066	0.738269	0.605066	0.605066	0.738269	2.86794	0.738269	0.417019	0.605066	0.738269	0.605066
23 rounds of non-Gaussian ED iteration : ground-state energy is -32.3244 | electron energy -32.3633 + phonon energy 0.0388903 | electron momentum kIdx = 0
Nq = 	16	0.23143	0.297708	0.23143	0.23143	0.297708	0.42036	0.297708	0.297708	0.42036	0.48756	0.42036	0.23143	0.297708	0.42036	0.297708
Sq = 	2.8231e-18	0.417013	0.605057	0.417013	0.417013	0.605057	0.738244	0.605057	0.605057	0.738244	2.86766	0.738244	0.417013	0.605057	0.738244	0.605057
24 rounds of non-Gaussian ED iteration : ground-state energy is -32.3535 | electron energy -32.3929 + phonon energy 0.0393551 | electron momentum kIdx = 0
Nq = 	16	0.231459	0.297723	0.231459	0.231459	0.297723	0.420395	0.297723	0.297723	0.420395	0.487591	0.420395	0.231459	0.297723	0.420395	0.297723
Sq = 	-2.99166e-18	0.417007	0.60505	0.417007	0.417007	0.60505	0.738224	0.60505	0.60505	0.738224	2.86743	0.738224	0.417007	0.60505	0.738224	0.60505
25 rounds of non-Gaussian ED iteration : ground-state energy is -32.3774 | electron energy -32.4172 + phonon energy 0.0397514 | electron momentum kIdx = 0
Nq = 	16	0.231485	0.297737	0.231485	0.231485	0.297737	0.420425	0.297737	0.297737	0.420425	0.487616	0.420425	0.231485	0.297737	0.420425	0.297737
Sq = 	-1.74292e-18	0.417002	0.605044	0.417002	0.417002	0.605044	0.738206	0.605044	0.605044	0.738206	2.86723	0.738206	0.417002	0.605044	0.738206	0.605044
26 rounds of non-Gaussian ED iteration : ground-state energy is -32.397 | electron energy -32.4371 + phonon energy 0.0400889 | electron momentum kIdx = 0
Nq = 	16	0.231506	0.297748	0.231506	0.231506	0.297748	0.42045	0.297748	0.297748	0.42045	0.487638	0.42045	0.231506	0.297748	0.42045	0.297748
Sq = 	2.50043e-18	0.416998	0.605038	0.416998	0.416998	0.605038	0.738191	0.605038	0.605038	0.738191	2.86706	0.738191	0.416998	0.605038	0.738191	0.605038
27 rounds of non-Gaussian ED iteration : ground-state energy is -32.413 | electron energy -32.4534 + phonon energy 0.0403763 | electron momentum kIdx = 0
Nq = 	16	0.231524	0.297757	0.231524	0.231524	0.297757	0.420472	0.297757	0.297757	0.420472	0.487657	0.420472	0.231524	0.297757	0.420472	0.297757
Sq = 	4.76636e-18	0.416995	0.605034	0.416995	0.416995	0.605034	0.738178	0.605034	0.605034	0.738178	2.86692	0.738178	0.416995	0.605034	0.738178	0.605034
28 rounds of non-Gaussian ED iteration : ground-state energy is -32.4261 | electron energy -32.4667 + phonon energy 0.0406207 | electron momentum kIdx = 0
Nq = 	16	0.231539	0.297766	0.231539	0.231539	0.297766	0.42049	0.297766	0.297766	0.42049	0.487673	0.42049	0.231539	0.297766	0.42049	0.297766
Sq = 	-1.5789e-17	0.416992	0.60503	0.416992	0.416992	0.60503	0.738168	0.60503	0.60503	0.738168	2.8668	0.738168	0.416992	0.60503	0.738168	0.60503
29 rounds of non-Gaussian ED iteration : ground-state energy is -32.4368 | electron energy -32.4776 + phonon energy 0.0408284 | electron momentum kIdx = 0
Nq = 	16	0.231552	0.297772	0.231552	0.231552	0.297772	0.420505	0.297772	0.297772	0.420505	0.487686	0.420505	0.231552	0.297772	0.420505	0.297772
Sq = 	7.44319e-19	0.416989	0.605026	0.416989	0.416989	0.605026	0.738159	0.605026	0.605026	0.738159	2.8667	0.738159	0.416989	0.605026	0.738159	0.605026
30 rounds of non-Gaussian ED iteration : ground-state energy is -32.4456 | electron energy -32.4866 + phonon energy 0.041005 | electron momentum kIdx = 0
Nq = 	16	0.231563	0.297778	0.231563	0.231563	0.297778	0.420519	0.297778	0.297778	0.420519	0.487698	0.420519	0.231563	0.297778	0.420519	0.297778
Sq = 	-1.4071e-17	0.416987	0.605024	0.416987	0.416987	0.605024	0.738151	0.605024	0.605024	0.738151	2.86661	0.738151	0.416987	0.605024	0.738151	0.605024
31 rounds of non-Gaussian ED iteration : ground-state energy is -32.4528 | electron energy -32.4939 + phonon energy 0.041155 | electron momentum kIdx = 0
Nq = 	16	0.231573	0.297783	0.231573	0.231573	0.297783	0.42053	0.297783	0.297783	0.42053	0.487707	0.42053	0.231573	0.297783	0.42053	0.297783
Sq = 	-2.27043e-18	0.416986	0.605021	0.416986	0.416986	0.605021	0.738144	0.605021	0.605021	0.738144	2.86654	0.738144	0.416986	0.605021	0.738144	0.605021
32 rounds of non-Gaussian ED iteration : ground-state energy is -32.4587 | electron energy -32.5 + phonon energy 0.0412824 | electron momentum kIdx = 0
Nq = 	16	0.231581	0.297787	0.231581	0.231581	0.297787	0.420539	0.297787	0.297787	0.420539	0.487716	0.420539	0.231581	0.297787	0.420539	0.297787
Sq = 	-6.4736e-18	0.416984	0.605019	0.416984	0.416984	0.605019	0.738139	0.605019	0.605019	0.738139	2.86648	0.738139	0.416984	0.605019	0.738139	0.605019
33 rounds of non-Gaussian ED iteration : ground-state energy is -32.4635 | electron energy -32.5049 + phonon energy 0.0413906 | electron momentum kIdx = 0
Nq = 	16	0.231587	0.297791	0.231587	0.231587	0.297791	0.420547	0.297791	0.297791	0.420547	0.487723	0.420547	0.231587	0.297791	0.420547	0.297791
Sq = 	1.17319e-18	0.416983	0.605018	0.416983	0.416983	0.605018	0.738134	0.605018	0.605018	0.738134	2.86642	0.738134	0.416983	0.605018	0.738134	0.605018
34 rounds of non-Gaussian ED iteration : ground-state energy is -32.4674 | electron energy -32.5089 + phonon energy 0.0414824 | electron momentum kIdx = 0
Nq = 	16	0.231593	0.297793	0.231593	0.231593	0.297793	0.420554	0.297793	0.297794	0.420554	0.487729	0.420554	0.231593	0.297793	0.420554	0.297793
Sq = 	1.3264e-18	0.416982	0.605016	0.416982	0.416982	0.605016	0.73813	0.605016	0.605016	0.73813	2.86638	0.73813	0.416982	0.605016	0.73813	0.605016
35 rounds of non-Gaussian ED iteration : ground-state energy is -32.4707 | electron energy -32.5122 + phonon energy 0.0415603 | electron momentum kIdx = 0
Nq = 	16	0.231598	0.297796	0.231598	0.231598	0.297796	0.42056	0.297796	0.297796	0.42056	0.487734	0.42056	0.231598	0.297796	0.42056	0.297796
Sq = 	9.46396e-18	0.416981	0.605015	0.416981	0.416981	0.605015	0.738127	0.605015	0.605015	0.738127	2.86634	0.738127	0.416981	0.605015	0.738127	0.605015
36 rounds of non-Gaussian ED iteration : ground-state energy is -32.4733 | electron energy -32.5149 + phonon energy 0.0416264 | electron momentum kIdx = 0
Nq = 	16	0.231602	0.297798	0.231602	0.231602	0.297798	0.420565	0.297798	0.297798	0.420565	0.487738	0.420565	0.231602	0.297798	0.420565	0.297798
Sq = 	1.77331e-17	0.41698	0.605014	0.41698	0.41698	0.605014	0.738124	0.605014	0.605014	0.738124	2.86631	0.738124	0.41698	0.605014	0.738124	0.605014
37 rounds of non-Gaussian ED iteration : ground-state energy is -32.4755 | electron energy -32.5172 + phonon energy 0.0416825 | electron momentum kIdx = 0
Nq = 	16	0.231605	0.2978	0.231605	0.231605	0.2978	0.420569	0.2978	0.2978	0.420569	0.487742	0.420569	0.231605	0.2978	0.420569	0.2978
Sq = 	7.2351e-18	0.416979	0.605013	0.416979	0.416979	0.605013	0.738122	0.605013	0.605013	0.738122	2.86628	0.738122	0.416979	0.605013	0.738122	0.605013
38 rounds of non-Gaussian ED iteration : ground-state energy is -32.4773 | electron energy -32.519 + phonon energy 0.0417301 | electron momentum kIdx = 0
Nq = 	16	0.231608	0.297801	0.231608	0.231608	0.297801	0.420573	0.297801	0.297801	0.420573	0.487745	0.420573	0.231608	0.297801	0.420573	0.297801
Sq = 	-2.75687e-19	0.416979	0.605012	0.416979	0.416979	0.605012	0.73812	0.605012	0.605012	0.73812	2.86626	0.73812	0.416979	0.605012	0.73812	0.605012
39 rounds of non-Gaussian ED iteration : ground-state energy is -32.4787 | electron energy -32.5205 + phonon energy 0.0417704 | electron momentum kIdx = 0
Nq = 	16	0.231611	0.297803	0.231611	0.231611	0.297803	0.420576	0.297803	0.297803	0.420576	0.487747	0.420576	0.231611	0.297803	0.420576	0.297803
Sq = 	-5.51636e-18	0.416978	0.605012	0.416978	0.416978	0.605012	0.738118	0.605012	0.605012	0.738118	2.86624	0.738118	0.416978	0.605012	0.738118	0.605012
40 rounds of non-Gaussian ED iteration : ground-state energy is -32.4799 | electron energy -32.5217 + phonon energy 0.0418047 | electron momentum kIdx = 0
Nq = 	16	0.231613	0.297804	0.231613	0.231613	0.297804	0.420578	0.297804	0.297804	0.420578	0.487749	0.420578	0.231613	0.297804	0.420578	0.297804
Sq = 	-1.09638e-17	0.416978	0.605011	0.416978	0.416978	0.605011	0.738116	0.605011	0.605011	0.738116	2.86622	0.738116	0.416978	0.605011	0.738116	0.605011
41 rounds of non-Gaussian ED iteration : ground-state energy is -32.4809 | electron energy -32.5227 + phonon energy 0.0418337 | electron momentum kIdx = 0
Nq = 	16	0.231615	0.297805	0.231615	0.231615	0.297805	0.42058	0.297805	0.297805	0.42058	0.487751	0.42058	0.231615	0.297805	0.42058	0.297805
Sq = 	5.28493e-18	0.416977	0.605011	0.416977	0.416977	0.605011	0.738115	0.605011	0.605011	0.738115	2.86621	0.738115	0.416977	0.605011	0.738115	0.605011
42 rounds of non-Gaussian ED iteration : ground-state energy is -32.4817 | electron energy -32.5235 + phonon energy 0.0418584 | electron momentum kIdx = 0
Nq = 	16	0.231616	0.297805	0.231616	0.231616	0.297805	0.420582	0.297805	0.297805	0.420582	0.487753	0.420582	0.231616	0.297805	0.420582	0.297805
Sq = 	7.1962e-18	0.416977	0.60501	0.416977	0.416977	0.60501	0.738114	0.60501	0.60501	0.738114	2.86619	0.738114	0.416977	0.60501	0.738114	0.60501
43 rounds of non-Gaussian ED iteration : ground-state energy is -32.4823 | electron energy -32.5242 + phonon energy 0.0418792 | electron momentum kIdx = 0
Nq = 	16	0.231618	0.297806	0.231618	0.231618	0.297806	0.420584	0.297806	0.297806	0.420584	0.487754	0.420584	0.231618	0.297806	0.420584	0.297806
Sq = 	-5.97176e-18	0.416977	0.60501	0.416977	0.416977	0.60501	0.738113	0.60501	0.60501	0.738113	2.86618	0.738113	0.416977	0.60501	0.738113	0.60501
44 rounds of non-Gaussian ED iteration : ground-state energy is -32.4829 | electron energy -32.5247 + phonon energy 0.041897 | electron momentum kIdx = 0
Nq = 	16	0.231619	0.297807	0.231619	0.231619	0.297807	0.420585	0.297807	0.297807	0.420585	0.487756	0.420585	0.231619	0.297807	0.420585	0.297807
Sq = 	7.13022e-18	0.416977	0.60501	0.416977	0.416977	0.60501	0.738112	0.60501	0.60501	0.738112	2.86618	0.738112	0.416977	0.60501	0.738112	0.60501
45 rounds of non-Gaussian ED iteration : ground-state energy is -32.4833 | electron energy -32.5252 + phonon energy 0.041912 | electron momentum kIdx = 0
Nq = 	16	0.23162	0.297807	0.23162	0.23162	0.297807	0.420586	0.297807	0.297807	0.420586	0.487756	0.420586	0.23162	0.297807	0.420586	0.297807
Sq = 	-1.73282e-18	0.416977	0.605009	0.416977	0.416977	0.605009	0.738112	0.605009	0.605009	0.738112	2.86617	0.738112	0.416977	0.605009	0.738112	0.605009
46 rounds of non-Gaussian ED iteration : ground-state energy is -32.4836 | electron energy -32.5256 + phonon energy 0.0419247 | electron momentum kIdx = 0
Nq = 	16	0.23162	0.297807	0.23162	0.23162	0.297807	0.420587	0.297807	0.297807	0.420587	0.487757	0.420587	0.23162	0.297807	0.420587	0.297807
Sq = 	-4.79706e-20	0.416976	0.605009	0.416976	0.416976	0.605009	0.738111	0.605009	0.605009	0.738111	2.86616	0.738111	0.416976	0.605009	0.738111	0.605009
47 rounds of non-Gaussian ED iteration : ground-state energy is -32.4839 | electron energy -32.5259 + phonon energy 0.0419355 | electron momentum kIdx = 0
Nq = 	16	0.231621	0.297808	0.231621	0.231621	0.297808	0.420588	0.297808	0.297808	0.420588	0.487758	0.420588	0.231621	0.297808	0.420588	0.297808
Sq = 	2.14151e-18	0.416976	0.605009	0.416976	0.416976	0.605009	0.738111	0.605009	0.605009	0.738111	2.86616	0.738111	0.416976	0.605009	0.738111	0.605009
48 rounds of non-Gaussian ED iteration : ground-state energy is -32.4842 | electron energy -32.5261 + phonon energy 0.0419447 | electron momentum kIdx = 0
Nq = 	16	0.231622	0.297808	0.231622	0.231622	0.297808	0.420589	0.297808	0.297808	0.420589	0.487759	0.420589	0.231622	0.297808	0.420589	0.297808
Sq = 	-4.13311e-18	0.416976	0.605009	0.416976	0.416976	0.605009	0.73811	0.605009	0.605009	0.73811	2.86615	0.73811	0.416976	0.605009	0.73811	0.605009
49 rounds of non-Gaussian ED iteration : ground-state energy is -32.4844 | electron energy -32.5263 + phonon energy 0.0419525 | electron momentum kIdx = 0
Nq = 	16	0.231622	0.297808	0.231622	0.231622	0.297808	0.420589	0.297808	0.297808	0.420589	0.487759	0.420589	0.231622	0.297808	0.420589	0.297808
Sq = 	2.66868e-18	0.416976	0.605009	0.416976	0.416976	0.605009	0.73811	0.605009	0.605009	0.73811	2.86615	0.73811	0.416976	0.605009	0.73811	0.605009
50 rounds of non-Gaussian ED iteration : ground-state energy is -32.4845 | electron energy -32.5265 + phonon energy 0.0419591 | electron momentum kIdx = 0
Nq = 	16	0.231623	0.297809	0.231623	0.231623	0.297809	0.42059	0.297809	0.297809	0.42059	0.48776	0.42059	0.231623	0.297809	0.42059	0.297809
Sq = 	8.61277e-18	0.416976	0.605009	0.416976	0.416976	0.605009	0.73811	0.605009	0.605009	0.73811	2.86615	0.73811	0.416976	0.605009	0.73811	0.605009
51 rounds of non-Gaussian ED iteration : ground-state energy is -32.4847 | electron energy -32.5266 + phonon energy 0.0419647 | electron momentum kIdx = 0
Nq = 	16	0.231623	0.297809	0.231623	0.231623	0.297809	0.42059	0.297809	0.297809	0.42059	0.48776	0.42059	0.231623	0.297809	0.42059	0.297809
Sq = 	3.27753e-18	0.416976	0.605008	0.416976	0.416976	0.605008	0.73811	0.605008	0.605008	0.73811	2.86614	0.73811	0.416976	0.605008	0.73811	0.605008
52 rounds of non-Gaussian ED iteration : ground-state energy is -32.4848 | electron energy -32.5267 + phonon energy 0.0419694 | electron momentum kIdx = 0
Nq = 	16	0.231623	0.297809	0.231623	0.231623	0.297809	0.420591	0.297809	0.297809	0.420591	0.48776	0.420591	0.231623	0.297809	0.420591	0.297809
Sq = 	5.98711e-18	0.416976	0.605008	0.416976	0.416976	0.605008	0.738109	0.605008	0.605008	0.738109	2.86614	0.738109	0.416976	0.605008	0.738109	0.605008
53 rounds of non-Gaussian ED iteration : ground-state energy is -32.4849 | electron energy -32.5268 + phonon energy 0.0419734 | electron momentum kIdx = 0
Nq = 	16	0.231623	0.297809	0.231623	0.231623	0.297809	0.420591	0.297809	0.297809	0.420591	0.487761	0.420591	0.231623	0.297809	0.420591	0.297809
Sq = 	3.55615e-18	0.416976	0.605008	0.416976	0.416976	0.605008	0.738109	0.605008	0.605008	0.738109	2.86614	0.738109	0.416976	0.605008	0.738109	0.605008
54 rounds of non-Gaussian ED iteration : ground-state energy is -32.4849 | electron energy -32.5269 + phonon energy 0.0419768 | electron momentum kIdx = 0
Nq = 	16	0.231624	0.297809	0.231624	0.231624	0.297809	0.420591	0.297809	0.297809	0.420591	0.487761	0.420591	0.231624	0.297809	0.420591	0.297809
Sq = 	1.10636e-17	0.416976	0.605008	0.416976	0.416976	0.605008	0.738109	0.605008	0.605008	0.738109	2.86614	0.738109	0.416976	0.605008	0.738109	0.605008
55 rounds of non-Gaussian ED iteration : ground-state energy is -32.485 | electron energy -32.527 + phonon energy 0.0419797 | electron momentum kIdx = 0
Nq = 	16	0.231624	0.297809	0.231624	0.231624	0.297809	0.420591	0.297809	0.297809	0.420591	0.487761	0.420591	0.231624	0.297809	0.420591	0.297809
Sq = 	4.19555e-18	0.416976	0.605008	0.416976	0.416976	0.605008	0.738109	0.605008	0.605008	0.738109	2.86614	0.738109	0.416976	0.605008	0.738109	0.605008
56 rounds of non-Gaussian ED iteration : ground-state energy is -32.485 | electron energy -32.527 + phonon energy 0.0419822 | electron momentum kIdx = 0
Nq = 	16	0.231624	0.297809	0.231624	0.231624	0.297809	0.420592	0.297809	0.297809	0.420592	0.487761	0.420592	0.231624	0.297809	0.420592	0.297809
Sq = 	2.54988e-18	0.416976	0.605008	0.416976	0.416976	0.605008	0.738109	0.605008	0.605008	0.738109	2.86613	0.738109	0.416976	0.605008	0.738109	0.605008
57 rounds of non-Gaussian ED iteration : ground-state energy is -32.4851 | electron energy -32.5271 + phonon energy 0.0419842 | electron momentum kIdx = 0
Nq = 	16	0.231624	0.297809	0.231624	0.231624	0.297809	0.420592	0.297809	0.297809	0.420592	0.487761	0.420592	0.231624	0.297809	0.420592	0.297809
Sq = 	-5.39908e-18	0.416976	0.605008	0.416976	0.416976	0.605008	0.738109	0.605008	0.605008	0.738109	2.86613	0.738109	0.416976	0.605008	0.738109	0.605008
58 rounds of non-Gaussian ED iteration : ground-state energy is -32.4851 | electron energy -32.5271 + phonon energy 0.041986 | electron momentum kIdx = 0
Nq = 	16	0.231624	0.297809	0.231624	0.231624	0.297809	0.420592	0.297809	0.297809	0.420592	0.487761	0.420592	0.231624	0.297809	0.420592	0.297809
Sq = 	-1.80456e-18	0.416976	0.605008	0.416976	0.416976	0.605008	0.738109	0.605008	0.605008	0.738109	2.86613	0.738109	0.416976	0.605008	0.738109	0.605008
slurmstepd: error: *** STEP 13182178.0 ON nid03735 CANCELLED AT 2019-04-27T00:41:42 DUE TO TIME LIMIT ***
srun: Job step aborted: Waiting up to 32 seconds for job step to finish.
srun: got SIGCONT
srun: forcing job termination
