TACC:  Starting up job 4202048 
TACC:  Starting parallel tasks... 
SNEDics v3.4 Non-Gaussian ED ground state program		Start at Tue Aug 20 15:29:49 2019

parallized on 32 MPI threads  * 6 OpenMP threads = 192 total threads.
********************************************************************************************************************
********************************************************************************************************************

********************************************************************************************************************
System parameters and configurations
********************************************************************************************************************
Special program options are enabled: splitted diagonal Hamiltonian
********************************************************************************************************************
Read input file "model_params.in"
	Hubbard-Holstein model parameters : 	t = 1    U = 6.7    g = 3.1623    W = 5    
********************************************************************************************************************
Read input file "hilbertspace_params.in"
	Requested 16-site 2D lattice, with 15 electrons (8, 7)
	Boundary : Periodic		Hilbert space representation : momentum-space (restricted to kIdx = 10)
	Conservation: particle number[U(1)]      spin[U(1)]     momentum
********************************************************************************************************************

Cluster Positions:				Cluster symmetry group : D4
 x ... x ... x ... x .....                       x ... x ... x ... x .....
 |           |           :                       |           |           :
 |           |           :                       |           |           :
12    13    14    15     x                       1     5     6     5     x
 |           |           :                       |           |           :
 |           |           :                       |           |           :
 8 --- 9 ---10 ---11 --- x                       2 --- 6 ---10 --- 6 --- x
 |           |           :                       |           |           :
 |           |           :                       |           |           :
 4     5     6     7     x                       1     5     6     5     x
 |           |           :                       |           |           :
 |           |           :                       |           |           :
 0 --- 1 --- 2 --- 3 --- x                       0 --- 1 --- 2 --- 1 --- x
orbital number : 1
********************************************************************************************************************
Read input file "obs_params.in"
	Observable Type : Nq[All],   Sq[All],   N[All]
********************************************************************************************************************
** WARNING ** the input observables have non-local factors which have been reinterpreted. The total observable number is 48
********************************************************************************************************************


********************************************************************************************************************
Start calculating the non-Gaussian ED ground state
** WARNING ** Detected low phonon energy W < 10. The initial state will be prepared through a warm-up process.
********************************************************************************************************************
Start warm-up calculation for scaling factor 2
open output files: NGSEDWarmUpW10Obs.txt
********************************************************************************************************************
Start the 0 rounds of NGS-ED iteration
	effective electronic model is modified as: kinetic energy t = 1
	                                           effective interaction Vq = [0,0,0,0,0,0,0,0,0,0,0,0,0,0,0,0]
	first Hamiltonian is constructed, non-zero numbers = 2489446524
	PARPACK diagonalization completed after 195 matrix-vector product operations.
	iteration results: : total energy is -10.743203 | electron energy -10.743203 + phonon energy 0.000000 | electron momentum kIdx = 10
	Nq(0) = 14.0625,	Nq(1) = 0.135083,	Nq(2) = 0.192557,	Nq(3) = 0.135083,	Nq(4) = 0.135083,	Nq(5) = 0.183692,	Nq(6) = 0.236648,	Nq(7) = 0.183692,	Nq(8) = 0.192557,	Nq(9) = 0.236648,	Nq(10) = 0.280018,	Nq(11) = 0.236648,	Nq(12) = 0.135083,	Nq(13) = 0.183692,	Nq(14) = 0.236648,	Nq(15) = 0.183692,	Sq(0) = 0.0625,	Sq(1) = 0.483543,	Sq(2) = 0.659108,	Sq(3) = 0.483543,	Sq(4) = 0.483543,	Sq(5) = 1.11644,	Sq(6) = 0.989439,	Sq(7) = 1.11644,	Sq(8) = 0.659108,	Sq(9) = 0.989439,	Sq(10) = 1.31225,	Sq(11) = 0.989439,	Sq(12) = 0.483543,	Sq(13) = 1.11644,	Sq(14) = 0.989439,	Sq(15) = 1.11644,	N(0) = 1.77936,	N(1) = 1.64787,	N(2) = 1.09175,	N(3) = 1.64787,	N(4) = 1.64787,	N(5) = 0.770539,	N(6) = 0.303388,	N(7) = 0.770539,	N(8) = 1.09175,	N(9) = 0.303388,	N(10) = 0.149959,	N(11) = 0.303388,	N(12) = 1.64787,	N(13) = 0.770539,	N(14) = 0.303388,	N(15) = 0.770539
The 0-th iteration is completed.	|| time cost : 0h 2m 37.346s
********************************************************************************************************************
Start the 1 rounds of NGS-ED iteration
	effective electronic model is modified as: kinetic energy t = 0.951367
	                                           effective interaction Vq = [-1.72935,-1.57964,-1.52122,-1.57964,-1.57964,-1.51142,-1.47764,-1.51142,-1.52122,-1.47764,-1.44794,-1.47764,-1.57964,-1.51142,-1.47764,-1.51142]
	PARPACK diagonalization completed after 45 matrix-vector product operations.
	iteration results: : total energy is -39.578788 | electron energy -39.580392 + phonon energy 0.001604 | electron momentum kIdx = 10
The 1-th iteration is completed.	|| time cost : 0h 3m 13.467s
********************************************************************************************************************
Start the 2 rounds of NGS-ED iteration
	effective electronic model is modified as: kinetic energy t = 0.921222
	                                           effective interaction Vq = [ -1.9634,-1.83647,-1.76948,-1.83647,-1.83647, -1.7538,-1.72635, -1.7538,-1.76948,-1.72635,-1.68982,-1.72635,-1.83647, -1.7538,-1.72635, -1.7538]
	PARPACK diagonalization completed after 45 matrix-vector product operations.
	iteration results: : total energy is -43.352443 | electron energy -43.365531 + phonon energy 0.013089 | electron momentum kIdx = 10
The 2-th iteration is completed.	|| time cost : 0h 0m 22.024s
********************************************************************************************************************
Start the 3 rounds of NGS-ED iteration
	effective electronic model is modified as: kinetic energy t = 0.911287
	                                           effective interaction Vq = [-1.99507,-1.89385,-1.82606,-1.89385,-1.89385, -1.8085,-1.78474, -1.8085,-1.82606,-1.78474,-1.74647,-1.78474,-1.89385, -1.8085,-1.78474, -1.8085]
	PARPACK diagonalization completed after 30 matrix-vector product operations.
	iteration results: : total energy is -43.843077 | electron energy -43.865384 + phonon energy 0.022308 | electron momentum kIdx = 10
The 3-th iteration is completed.	|| time cost : 0h 0m 17.639s
********************************************************************************************************************
Start the 4 rounds of NGS-ED iteration
	effective electronic model is modified as: kinetic energy t = 0.908298
	                                           effective interaction Vq = [-1.99936,-1.90938,-1.84121,-1.90938,-1.90938,-1.82294,-1.80053,-1.82294,-1.84121,-1.80053,-1.76162,-1.80053,-1.90938,-1.82294,-1.80053,-1.82294]
	PARPACK diagonalization completed after 30 matrix-vector product operations.
	iteration results: : total energy is -43.907432 | electron energy -43.933519 + phonon energy 0.026087 | electron momentum kIdx = 10
The 4-th iteration is completed.	|| time cost : 0h 0m 17.603s
********************************************************************************************************************
Start the 5 rounds of NGS-ED iteration
	effective electronic model is modified as: kinetic energy t = 0.907414
	                                           effective interaction Vq = [-1.99994,-1.91398,-1.84552,-1.91398,-1.91398,-1.82697,-1.80503,-1.82697,-1.84552,-1.80503,-1.76588,-1.80503,-1.91398,-1.82697,-1.80503,-1.82697]
	PARPACK diagonalization completed after 30 matrix-vector product operations.
	iteration results: : total energy is -43.915953 | electron energy -43.943287 + phonon energy 0.027334 | electron momentum kIdx = 10
The 5-th iteration is completed.	|| time cost : 0h 0m 17.626s
********************************************************************************************************************
Start the 6 rounds of NGS-ED iteration
	effective electronic model is modified as: kinetic energy t = 0.907154
	                                           effective interaction Vq = [-2.00002,-1.91539,-1.84677,-1.91539,-1.91539,-1.82812,-1.80634,-1.82812,-1.84677,-1.80634,-1.76709,-1.80634,-1.91539,-1.82812,-1.80634,-1.82812]
	PARPACK diagonalization completed after 30 matrix-vector product operations.
	iteration results: : total energy is -43.917090 | electron energy -43.944805 + phonon energy 0.027716 | electron momentum kIdx = 10
The 6-th iteration is completed.	|| time cost : 0h 0m 17.604s
********************************************************************************************************************
Start the 7 rounds of NGS-ED iteration
	effective electronic model is modified as: kinetic energy t = 0.907077
	                                           effective interaction Vq = [-2.00003,-1.91582,-1.84714,-1.91582,-1.91582,-1.82845,-1.80672,-1.82845,-1.84714,-1.80672,-1.76744,-1.80672,-1.91582,-1.82845,-1.80672,-1.82845]
	PARPACK diagonalization completed after 30 matrix-vector product operations.
	iteration results: : total energy is -43.917242 | electron energy -43.945071 + phonon energy 0.027829 | electron momentum kIdx = 10
	Nq(0) = 14.0625,	Nq(1) = 0.23895,	Nq(2) = 0.319414,	Nq(3) = 0.23895,	Nq(4) = 0.23895,	Nq(5) = 0.294972,	Nq(6) = 0.402191,	Nq(7) = 0.294972,	Nq(8) = 0.319414,	Nq(9) = 0.402191,	Nq(10) = 0.464074,	Nq(11) = 0.402191,	Nq(12) = 0.23895,	Nq(13) = 0.294972,	Nq(14) = 0.402191,	Nq(15) = 0.294972,	Sq(0) = 0.0625,	Sq(1) = 0.445014,	Sq(2) = 0.634782,	Sq(3) = 0.445014,	Sq(4) = 0.445014,	Sq(5) = 0.957673,	Sq(6) = 0.801423,	Sq(7) = 0.957673,	Sq(8) = 0.634782,	Sq(9) = 0.801423,	Sq(10) = 0.941644,	Sq(11) = 0.801423,	Sq(12) = 0.445014,	Sq(13) = 0.957673,	Sq(14) = 0.801423,	Sq(15) = 0.957673,	N(0) = 1.93434,	N(1) = 1.89817,	N(2) = 1.14136,	N(3) = 1.89817,	N(4) = 1.89817,	N(5) = 0.7013,	N(6) = 0.0863931,	N(7) = 0.7013,	N(8) = 1.14136,	N(9) = 0.0863931,	N(10) = 0.0395045,	N(11) = 0.0863931,	N(12) = 1.89817,	N(13) = 0.7013,	N(14) = 0.0863931,	N(15) = 0.7013
The 7-th iteration is completed.	|| time cost : 0h 0m 46.411s
********************************************************************************************************************
********************************************************************************************************************
Ground state is obtained after 8 iterations. The current ground-state energy is -43.9172, in which electron energy is -43.9451 and phonon energy is 0.0278293
final variational state is: 
	Gamma_x = [      1,1.01569,1.02587,1.01569,1.01569,1.02472,1.03504,1.02472,1.02587,1.03504,1.04257,1.03504,1.01569,1.02472,1.03504,1.02472]
	lambda_q = [0.447067,0.355525,0.323612,0.355525,0.355525,0.316266, 0.30822,0.316266,0.323612, 0.30822, 0.29474, 0.30822,0.355525,0.316266, 0.30822,0.316266]
********************************************************************************************************************
o___o  ----------------------------------------
| L |	Time since last clock: 0h 0m 0s
A===A	Time since the beginning: 0h 8m 9.724s
***********************************************


********************************************************************************************************************
Warm up runs have been completed. Start calculating W = 5 phonon.
open output files: NGSEDIterationObs.txt
Start the 0 rounds of NGS-ED iteration
	effective electronic model is modified as: kinetic energy t = 0.907054
	                                           effective interaction Vq = [-1.82817,-1.61656,-1.52309,-1.61656,-1.61656,-1.50014,-1.47437,-1.50014,-1.52309,-1.47437,-1.42975,-1.47437,-1.61656,-1.50014,-1.47437,-1.50014]
	PARPACK diagonalization completed after 45 matrix-vector product operations.
	iteration results: : total energy is -40.019672 | electron energy -40.033603 + phonon energy 0.013931 | electron momentum kIdx = 10
	Nq(0) = 14.0625,	Nq(1) = 0.212816,	Nq(2) = 0.289552,	Nq(3) = 0.212816,	Nq(4) = 0.212816,	Nq(5) = 0.269611,	Nq(6) = 0.360821,	Nq(7) = 0.269611,	Nq(8) = 0.289552,	Nq(9) = 0.360821,	Nq(10) = 0.418836,	Nq(11) = 0.360821,	Nq(12) = 0.212816,	Nq(13) = 0.269611,	Nq(14) = 0.360821,	Nq(15) = 0.269611,	Sq(0) = 0.0625,	Sq(1) = 0.457117,	Sq(2) = 0.644798,	Sq(3) = 0.457117,	Sq(4) = 0.457117,	Sq(5) = 1.0012,	Sq(6) = 0.841279,	Sq(7) = 1.0012,	Sq(8) = 0.644798,	Sq(9) = 0.841279,	Sq(10) = 1.01609,	Sq(11) = 0.841279,	Sq(12) = 0.457117,	Sq(13) = 1.0012,	Sq(14) = 0.841279,	Sq(15) = 1.0012,	N(0) = 1.90562,	N(1) = 1.85195,	N(2) = 1.13143,	N(3) = 1.85195,	N(4) = 1.85195,	N(5) = 0.715118,	N(6) = 0.126134,	N(7) = 0.715118,	N(8) = 1.13143,	N(9) = 0.126134,	N(10) = 0.0587253,	N(11) = 0.126134,	N(12) = 1.85195,	N(13) = 0.715118,	N(14) = 0.126134,	N(15) = 0.715118
The 0-th iteration is completed.	|| time cost : 0h 0m 49.532s
********************************************************************************************************************
Start the 1 rounds of NGS-ED iteration
	effective electronic model is modified as: kinetic energy t = 0.900393
	                                           effective interaction Vq = [-1.93681,-1.69211,-1.57471,-1.69211,-1.69211,-1.54642,-1.50811,-1.54642,-1.57471,-1.50811,-1.45132,-1.50811,-1.69211,-1.54642,-1.50811,-1.54642]
	PARPACK diagonalization completed after 30 matrix-vector product operations.
	iteration results: : total energy is -41.586016 | electron energy -41.622821 + phonon energy 0.036806 | electron momentum kIdx = 10
The 1-th iteration is completed.	|| time cost : 0h 0m 17.63s
********************************************************************************************************************
Start the 2 rounds of NGS-ED iteration
	effective electronic model is modified as: kinetic energy t = 0.896544
	                                           effective interaction Vq = [-1.97677,-1.72845, -1.6005,-1.72845,-1.72845,-1.56958,-1.52736,-1.56958, -1.6005,-1.52736,-1.46624,-1.52736,-1.72845,-1.56958,-1.52736,-1.56958]
	PARPACK diagonalization completed after 30 matrix-vector product operations.
	iteration results: : total energy is -42.158209 | electron energy -42.209236 + phonon energy 0.051027 | electron momentum kIdx = 10
The 2-th iteration is completed.	|| time cost : 0h 0m 17.66s
********************************************************************************************************************
Start the 3 rounds of NGS-ED iteration
	effective electronic model is modified as: kinetic energy t = 0.894441
	                                           effective interaction Vq = [-1.99147,-1.74661,-1.61354,-1.74661,-1.74661,-1.58123, -1.5378,-1.58123,-1.61354, -1.5378,-1.47492, -1.5378,-1.74661,-1.58123, -1.5378,-1.58123]
	PARPACK diagonalization completed after 30 matrix-vector product operations.
	iteration results: : total energy is -42.367683 | electron energy -42.426409 + phonon energy 0.058726 | electron momentum kIdx = 10
The 3-th iteration is completed.	|| time cost : 0h 0m 17.621s
********************************************************************************************************************
Start the 4 rounds of NGS-ED iteration
	effective electronic model is modified as: kinetic energy t = 0.893323
	                                           effective interaction Vq = [-1.99688,-1.75588,-1.62017,-1.75588,-1.75588,-1.58712,-1.54332,-1.58712,-1.62017,-1.54332,-1.47965,-1.54332,-1.75588,-1.58712,-1.54332,-1.58712]
	PARPACK diagonalization completed after 30 matrix-vector product operations.
	iteration results: : total energy is -42.444473 | electron energy -42.507225 + phonon energy 0.062752 | electron momentum kIdx = 10
The 4-th iteration is completed.	|| time cost : 0h 0m 20.082s
********************************************************************************************************************
Start the 5 rounds of NGS-ED iteration
	effective electronic model is modified as: kinetic energy t = 0.892736
	                                           effective interaction Vq = [-1.99887,-1.76067,-1.62356,-1.76067,-1.76067, -1.5901,-1.54622, -1.5901,-1.62356,-1.54622,-1.48216,-1.54622,-1.76067, -1.5901,-1.54622, -1.5901]
	PARPACK diagonalization completed after 30 matrix-vector product operations.
	iteration results: : total energy is -42.472650 | electron energy -42.537486 + phonon energy 0.064836 | electron momentum kIdx = 10
The 5-th iteration is completed.	|| time cost : 0h 0m 20.518s
********************************************************************************************************************
Start the 6 rounds of NGS-ED iteration
	effective electronic model is modified as: kinetic energy t = 0.892431
	                                           effective interaction Vq = [ -1.9996,-1.76316,-1.62529,-1.76316,-1.76316,-1.59161,-1.54773,-1.59161,-1.62529,-1.54773,-1.48348,-1.54773,-1.76316,-1.59161,-1.54773,-1.59161]
	PARPACK diagonalization completed after 30 matrix-vector product operations.
	iteration results: : total energy is -42.482996 | electron energy -42.548908 + phonon energy 0.065911 | electron momentum kIdx = 10
The 6-th iteration is completed.	|| time cost : 0h 0m 20.543s
********************************************************************************************************************
Start the 7 rounds of NGS-ED iteration
	effective electronic model is modified as: kinetic energy t = 0.892273
	                                           effective interaction Vq = [-1.99987,-1.76446,-1.62617,-1.76446,-1.76446,-1.59237,-1.54851,-1.59237,-1.62617,-1.54851,-1.48416,-1.54851,-1.76446,-1.59237,-1.54851,-1.59237]
	PARPACK diagonalization completed after 30 matrix-vector product operations.
	iteration results: : total energy is -42.486797 | electron energy -42.553263 + phonon energy 0.066466 | electron momentum kIdx = 10
The 7-th iteration is completed.	|| time cost : 0h 0m 20.529s
********************************************************************************************************************
Start the 8 rounds of NGS-ED iteration
	effective electronic model is modified as: kinetic energy t = 0.892191
	                                           effective interaction Vq = [-1.99997,-1.76514,-1.62663,-1.76514,-1.76514,-1.59276,-1.54892,-1.59276,-1.62663,-1.54892,-1.48452,-1.54892,-1.76514,-1.59276,-1.54892,-1.59276]
	PARPACK diagonalization completed after 30 matrix-vector product operations.
	iteration results: : total energy is -42.488194 | electron energy -42.554946 + phonon energy 0.066751 | electron momentum kIdx = 10
The 8-th iteration is completed.	|| time cost : 0h 0m 20.542s
********************************************************************************************************************
Start the 9 rounds of NGS-ED iteration
	effective electronic model is modified as: kinetic energy t = 0.892148
	                                           effective interaction Vq = [-2.00001,-1.76549,-1.62686,-1.76549,-1.76549,-1.59296,-1.54913,-1.59296,-1.62686,-1.54913, -1.4847,-1.54913,-1.76549,-1.59296,-1.54913,-1.59296]
	PARPACK diagonalization completed after 30 matrix-vector product operations.
	iteration results: : total energy is -42.488708 | electron energy -42.555606 + phonon energy 0.066899 | electron momentum kIdx = 10
The 9-th iteration is completed.	|| time cost : 0h 0m 21.025s
********************************************************************************************************************
Start the 10 rounds of NGS-ED iteration
	effective electronic model is modified as: kinetic energy t = 0.892126
	                                           effective interaction Vq = [-2.00002,-1.76568,-1.62698,-1.76568,-1.76568,-1.59306,-1.54923,-1.59306,-1.62698,-1.54923, -1.4848,-1.54923,-1.76568,-1.59306,-1.54923,-1.59306]
	PARPACK diagonalization completed after 30 matrix-vector product operations.
	iteration results: : total energy is -42.488896 | electron energy -42.555871 + phonon energy 0.066975 | electron momentum kIdx = 10
	Nq(0) = 14.0625,	Nq(1) = 0.220375,	Nq(2) = 0.296144,	Nq(3) = 0.220375,	Nq(4) = 0.220375,	Nq(5) = 0.274937,	Nq(6) = 0.367933,	Nq(7) = 0.274937,	Nq(8) = 0.296144,	Nq(9) = 0.367933,	Nq(10) = 0.425247,	Nq(11) = 0.367933,	Nq(12) = 0.220375,	Nq(13) = 0.274937,	Nq(14) = 0.367933,	Nq(15) = 0.274937,	Sq(0) = 0.0625,	Sq(1) = 0.454799,	Sq(2) = 0.643181,	Sq(3) = 0.454799,	Sq(4) = 0.454799,	Sq(5) = 0.991812,	Sq(6) = 0.832938,	Sq(7) = 0.991812,	Sq(8) = 0.643181,	Sq(9) = 0.832938,	Sq(10) = 0.999927,	Sq(11) = 0.832938,	Sq(12) = 0.454799,	Sq(13) = 0.991812,	Sq(14) = 0.832938,	Sq(15) = 0.991812,	N(0) = 1.91134,	N(1) = 1.86263,	N(2) = 1.1331,	N(3) = 1.86263,	N(4) = 1.86263,	N(5) = 0.7122,	N(6) = 0.11703,	N(7) = 0.7122,	N(8) = 1.1331,	N(9) = 0.11703,	N(10) = 0.0550126,	N(11) = 0.11703,	N(12) = 1.86263,	N(13) = 0.7122,	N(14) = 0.11703,	N(15) = 0.7122
The 10-th iteration is completed.	|| time cost : 0h 0m 57.065s
********************************************************************************************************************
Start the 11 rounds of NGS-ED iteration
	effective electronic model is modified as: kinetic energy t = 0.892115
	                                           effective interaction Vq = [-2.00003,-1.76578,-1.62704,-1.76578,-1.76578,-1.59311,-1.54929,-1.59311,-1.62704,-1.54929,-1.48485,-1.54929,-1.76578,-1.59311,-1.54929,-1.59311]
	PARPACK diagonalization completed after 30 matrix-vector product operations.
	iteration results: : total energy is -42.488966 | electron energy -42.555980 + phonon energy 0.067014 | electron momentum kIdx = 10
The 11-th iteration is completed.	|| time cost : 0h 0m 21.06s
********************************************************************************************************************
Start the 12 rounds of NGS-ED iteration
	effective electronic model is modified as: kinetic energy t = 0.892109
	                                           effective interaction Vq = [-2.00003,-1.76583,-1.62707,-1.76583,-1.76583,-1.59314,-1.54932,-1.59314,-1.62707,-1.54932,-1.48487,-1.54932,-1.76583,-1.59314,-1.54932,-1.59314]
	PARPACK diagonalization completed after 30 matrix-vector product operations.
	iteration results: : total energy is -42.488991 | electron energy -42.556026 + phonon energy 0.067034 | electron momentum kIdx = 10
The 12-th iteration is completed.	|| time cost : 0h 0m 21.243s
********************************************************************************************************************
Start the 13 rounds of NGS-ED iteration
	effective electronic model is modified as: kinetic energy t = 0.892106
	                                           effective interaction Vq = [-2.00003,-1.76585,-1.62709,-1.76585,-1.76585,-1.59315,-1.54933,-1.59315,-1.62709,-1.54933,-1.48489,-1.54933,-1.76585,-1.59315,-1.54933,-1.59315]
	PARPACK diagonalization completed after 30 matrix-vector product operations.
	iteration results: : total energy is -42.489001 | electron energy -42.556046 + phonon energy 0.067045 | electron momentum kIdx = 10
The 13-th iteration is completed.	|| time cost : 0h 0m 20.561s
********************************************************************************************************************
Start the 14 rounds of NGS-ED iteration
	effective electronic model is modified as: kinetic energy t = 0.892104
	                                           effective interaction Vq = [-2.00003,-1.76587, -1.6271,-1.76587,-1.76587,-1.59316,-1.54934,-1.59316, -1.6271,-1.54934,-1.48489,-1.54934,-1.76587,-1.59316,-1.54934,-1.59316]
	PARPACK diagonalization completed after 30 matrix-vector product operations.
	iteration results: : total energy is -42.489004 | electron energy -42.556054 + phonon energy 0.067050 | electron momentum kIdx = 10
The 14-th iteration is completed.	|| time cost : 0h 0m 20.641s
********************************************************************************************************************
Start the 15 rounds of NGS-ED iteration
	effective electronic model is modified as: kinetic energy t = 0.892104
	                                           effective interaction Vq = [-2.00003,-1.76588, -1.6271,-1.76588,-1.76588,-1.59316,-1.54935,-1.59316, -1.6271,-1.54935, -1.4849,-1.54935,-1.76588,-1.59316,-1.54935,-1.59316]
	PARPACK diagonalization completed after 30 matrix-vector product operations.
	iteration results: : total energy is -42.489005 | electron energy -42.556058 + phonon energy 0.067053 | electron momentum kIdx = 10
The 15-th iteration is completed.	|| time cost : 0h 0m 20.593s
********************************************************************************************************************
Start the 16 rounds of NGS-ED iteration
	effective electronic model is modified as: kinetic energy t = 0.892103
	                                           effective interaction Vq = [-2.00003,-1.76588, -1.6271,-1.76588,-1.76588,-1.59316,-1.54935,-1.59316, -1.6271,-1.54935, -1.4849,-1.54935,-1.76588,-1.59316,-1.54935,-1.59316]
	PARPACK diagonalization completed after 30 matrix-vector product operations.
	iteration results: : total energy is -42.489006 | electron energy -42.556060 + phonon energy 0.067054 | electron momentum kIdx = 10
The 16-th iteration is completed.	|| time cost : 0h 0m 20.717s
********************************************************************************************************************
Start the 17 rounds of NGS-ED iteration
	effective electronic model is modified as: kinetic energy t = 0.892103
	                                           effective interaction Vq = [-2.00003,-1.76588, -1.6271,-1.76588,-1.76588,-1.59316,-1.54935,-1.59316, -1.6271,-1.54935, -1.4849,-1.54935,-1.76588,-1.59316,-1.54935,-1.59316]
	PARPACK diagonalization completed after 30 matrix-vector product operations.
	iteration results: : total energy is -42.489006 | electron energy -42.556061 + phonon energy 0.067055 | electron momentum kIdx = 10
The 17-th iteration is completed.	|| time cost : 0h 0m 20.665s
********************************************************************************************************************
Start the 18 rounds of NGS-ED iteration
	effective electronic model is modified as: kinetic energy t = 0.892103
	                                           effective interaction Vq = [-2.00003,-1.76588,-1.62711,-1.76588,-1.76588,-1.59316,-1.54935,-1.59316,-1.62711,-1.54935, -1.4849,-1.54935,-1.76588,-1.59316,-1.54935,-1.59316]
	PARPACK diagonalization completed after 30 matrix-vector product operations.
	iteration results: : total energy is -42.489006 | electron energy -42.556062 + phonon energy 0.067056 | electron momentum kIdx = 10
The 18-th iteration is completed.	|| time cost : 0h 0m 20.578s
********************************************************************************************************************
Start the 19 rounds of NGS-ED iteration
	effective electronic model is modified as: kinetic energy t = 0.892103
	                                           effective interaction Vq = [-2.00003,-1.76588,-1.62711,-1.76588,-1.76588,-1.59316,-1.54935,-1.59316,-1.62711,-1.54935, -1.4849,-1.54935,-1.76588,-1.59316,-1.54935,-1.59316]
	PARPACK diagonalization completed after 30 matrix-vector product operations.
	iteration results: : total energy is -42.489006 | electron energy -42.556062 + phonon energy 0.067056 | electron momentum kIdx = 10
The 19-th iteration is completed.	|| time cost : 0h 0m 20.521s
********************************************************************************************************************
Start the 20 rounds of NGS-ED iteration
	effective electronic model is modified as: kinetic energy t = 0.892103
	                                           effective interaction Vq = [-2.00003,-1.76588,-1.62711,-1.76588,-1.76588,-1.59316,-1.54935,-1.59316,-1.62711,-1.54935, -1.4849,-1.54935,-1.76588,-1.59316,-1.54935,-1.59316]
	PARPACK diagonalization completed after 30 matrix-vector product operations.
	iteration results: : total energy is -42.489006 | electron energy -42.556062 + phonon energy 0.067056 | electron momentum kIdx = 10
	Nq(0) = 14.0625,	Nq(1) = 0.220385,	Nq(2) = 0.296152,	Nq(3) = 0.220385,	Nq(4) = 0.220385,	Nq(5) = 0.274943,	Nq(6) = 0.367943,	Nq(7) = 0.274943,	Nq(8) = 0.296152,	Nq(9) = 0.367943,	Nq(10) = 0.425257,	Nq(11) = 0.367943,	Nq(12) = 0.220385,	Nq(13) = 0.274943,	Nq(14) = 0.367943,	Nq(15) = 0.274943,	Sq(0) = 0.0625,	Sq(1) = 0.454796,	Sq(2) = 0.643178,	Sq(3) = 0.454796,	Sq(4) = 0.454796,	Sq(5) = 0.991799,	Sq(6) = 0.832927,	Sq(7) = 0.991799,	Sq(8) = 0.643178,	Sq(9) = 0.832927,	Sq(10) = 0.999907,	Sq(11) = 0.832927,	Sq(12) = 0.454796,	Sq(13) = 0.991799,	Sq(14) = 0.832927,	Sq(15) = 0.991799,	N(0) = 1.91134,	N(1) = 1.86264,	N(2) = 1.13311,	N(3) = 1.86264,	N(4) = 1.86264,	N(5) = 0.712197,	N(6) = 0.117018,	N(7) = 0.712197,	N(8) = 1.13311,	N(9) = 0.117018,	N(10) = 0.0550079,	N(11) = 0.117018,	N(12) = 1.86264,	N(13) = 0.712197,	N(14) = 0.117018,	N(15) = 0.712197
The 20-th iteration is completed.	|| time cost : 0h 0m 49.306s
********************************************************************************************************************
Start the 21 rounds of NGS-ED iteration
	effective electronic model is modified as: kinetic energy t = 0.892103
	                                           effective interaction Vq = [-2.00003,-1.76588,-1.62711,-1.76588,-1.76588,-1.59316,-1.54935,-1.59316,-1.62711,-1.54935, -1.4849,-1.54935,-1.76588,-1.59316,-1.54935,-1.59316]
	PARPACK diagonalization completed after 30 matrix-vector product operations.
	iteration results: : total energy is -42.489006 | electron energy -42.556062 + phonon energy 0.067056 | electron momentum kIdx = 10
The 21-th iteration is completed.	|| time cost : 0h 0m 17.628s
********************************************************************************************************************
Start the 22 rounds of NGS-ED iteration
	effective electronic model is modified as: kinetic energy t = 0.892103
	                                           effective interaction Vq = [-2.00003,-1.76588,-1.62711,-1.76588,-1.76588,-1.59316,-1.54935,-1.59316,-1.62711,-1.54935, -1.4849,-1.54935,-1.76588,-1.59316,-1.54935,-1.59316]
	PARPACK diagonalization completed after 30 matrix-vector product operations.
	iteration results: : total energy is -42.489006 | electron energy -42.556062 + phonon energy 0.067056 | electron momentum kIdx = 10
The 22-th iteration is completed.	|| time cost : 0h 0m 17.679s
********************************************************************************************************************
Start the 23 rounds of NGS-ED iteration
	effective electronic model is modified as: kinetic energy t = 0.892103
	                                           effective interaction Vq = [-2.00003,-1.76588,-1.62711,-1.76588,-1.76588,-1.59316,-1.54935,-1.59316,-1.62711,-1.54935, -1.4849,-1.54935,-1.76588,-1.59316,-1.54935,-1.59316]
	PARPACK diagonalization completed after 30 matrix-vector product operations.
	iteration results: : total energy is -42.489006 | electron energy -42.556062 + phonon energy 0.067056 | electron momentum kIdx = 10
The 23-th iteration is completed.	|| time cost : 0h 0m 17.645s
********************************************************************************************************************
Start the 24 rounds of NGS-ED iteration
	effective electronic model is modified as: kinetic energy t = 0.892103
	                                           effective interaction Vq = [-2.00003,-1.76588,-1.62711,-1.76588,-1.76588,-1.59316,-1.54935,-1.59316,-1.62711,-1.54935, -1.4849,-1.54935,-1.76588,-1.59316,-1.54935,-1.59316]
	PARPACK diagonalization completed after 30 matrix-vector product operations.
	iteration results: : total energy is -42.489006 | electron energy -42.556062 + phonon energy 0.067056 | electron momentum kIdx = 10
	Nq(0) = 14.0625,	Nq(1) = 0.220385,	Nq(2) = 0.296152,	Nq(3) = 0.220385,	Nq(4) = 0.220385,	Nq(5) = 0.274943,	Nq(6) = 0.367943,	Nq(7) = 0.274943,	Nq(8) = 0.296152,	Nq(9) = 0.367943,	Nq(10) = 0.425257,	Nq(11) = 0.367943,	Nq(12) = 0.220385,	Nq(13) = 0.274943,	Nq(14) = 0.367943,	Nq(15) = 0.274943,	Sq(0) = 0.0625,	Sq(1) = 0.454796,	Sq(2) = 0.643178,	Sq(3) = 0.454796,	Sq(4) = 0.454796,	Sq(5) = 0.991799,	Sq(6) = 0.832927,	Sq(7) = 0.991799,	Sq(8) = 0.643178,	Sq(9) = 0.832927,	Sq(10) = 0.999907,	Sq(11) = 0.832927,	Sq(12) = 0.454796,	Sq(13) = 0.991799,	Sq(14) = 0.832927,	Sq(15) = 0.991799,	N(0) = 1.91134,	N(1) = 1.86264,	N(2) = 1.13311,	N(3) = 1.86264,	N(4) = 1.86264,	N(5) = 0.712197,	N(6) = 0.117018,	N(7) = 0.712197,	N(8) = 1.13311,	N(9) = 0.117018,	N(10) = 0.0550079,	N(11) = 0.117018,	N(12) = 1.86264,	N(13) = 0.712197,	N(14) = 0.117018,	N(15) = 0.712197
The 24-th iteration is completed.	|| time cost : 0h 0m 46.282s
********************************************************************************************************************
********************************************************************************************************************
Ground state is obtained after 25 iterations. The current ground-state energy is -42.489, in which electron energy is -42.5561 and phonon energy is 0.067056
final variational state is: 
	Gamma_x = [      1,1.04047,1.05982,1.04047,1.04047,1.05594,1.07609,1.05594,1.05982,1.07609,1.08864,1.07609,1.04047,1.05594,1.07609,1.05594]
	lambda_q = [0.632459, 0.41606,0.359358, 0.41606, 0.41606,0.347201,0.332234,0.347201,0.359358,0.332234,0.311484,0.332234, 0.41606,0.347201,0.332234,0.347201]
********************************************************************************************************************
o___o  ----------------------------------------
| L |	Time since last clock: 0h 0m 0s
A===A	Time since the beginning: 0h 18m 27.603s
***********************************************


Non-Gaussina ED ground state calculation is completed. The final ground-state energy is -42.489
********************************************************************************************************************
o___o  ----------------------------------------
| L |	Time since last clock: 0h 0m 0.001s
A===A	Time since the beginning: 0h 18m 27.604s
***********************************************



********************************************************************************************************************
All non-Gaussian ED ground state calculations have been completed. Exit now.
TACC:  Shutdown complete. Exiting. 
