TACC:  Starting up job 4189195 
TACC:  Starting parallel tasks... 
SNEDics v3.4 Non-Gaussian ED ground state program		Start at Sun Aug 18 20:58:43 2019

parallized on 32 MPI threads  * 6 OpenMP threads = 192 total threads.
********************************************************************************************************************
********************************************************************************************************************

********************************************************************************************************************
System parameters and configurations
********************************************************************************************************************
Special program options are enabled: splitted diagonal Hamiltonian
********************************************************************************************************************
Read input file "model_params.in"
	Hubbard-Holstein model parameters : 	t = 1    U = 3.7    g = 3.1623    W = 5    
********************************************************************************************************************
Read input file "hilbertspace_params.in"
	Requested 16-site 2D lattice, with 16 electrons (8, 8)
	Boundary : Periodic		Hilbert space representation : momentum-space (restricted to kIdx = 0)
	Conservation: particle number[U(1)]      spin[U(1)]     momentum
********************************************************************************************************************

Cluster Positions:				Cluster symmetry group : D4
 x ... x ... x ... x .....                       x ... x ... x ... x .....
 |           |           :                       |           |           :
 |           |           :                       |           |           :
12    13    14    15     x                       1     5     6     5     x
 |           |           :                       |           |           :
 |           |           :                       |           |           :
 8 --- 9 ---10 ---11 --- x                       2 --- 6 ---10 --- 6 --- x
 |           |           :                       |           |           :
 |           |           :                       |           |           :
 4     5     6     7     x                       1     5     6     5     x
 |           |           :                       |           |           :
 |           |           :                       |           |           :
 0 --- 1 --- 2 --- 3 --- x                       0 --- 1 --- 2 --- 1 --- x
orbital number : 1
********************************************************************************************************************
Read input file "obs_params.in"
	Observable Type : Nq[All],   Sq[All],   N[All]
********************************************************************************************************************
** WARNING ** the input observables have non-local factors which have been reinterpreted. The total observable number is 48
********************************************************************************************************************


********************************************************************************************************************
Start calculating the non-Gaussian ED ground state
** WARNING ** Detected low phonon energy W < 10. The initial state will be prepared through a warm-up process.
********************************************************************************************************************
Start warm-up calculation for scaling factor 2
open output files: NGSEDWarmUpW10Obs.txt
********************************************************************************************************************
Start the 0 rounds of NGS-ED iteration
	effective electronic model is modified as: kinetic energy t = 1
	                                           effective interaction Vq = [0,0,0,0,0,0,0,0,0,0,0,0,0,0,0,0]
	first Hamiltonian is constructed, non-zero numbers = 2845383612
	PARPACK diagonalization completed after 105 matrix-vector product operations.
	iteration results: : total energy is -14.189658 | electron energy -14.189658 + phonon energy 0.000000 | electron momentum kIdx = 0
	Nq(0) = 16,	Nq(1) = 0.168757,	Nq(2) = 0.244931,	Nq(3) = 0.168757,	Nq(4) = 0.168757,	Nq(5) = 0.244931,	Nq(6) = 0.334746,	Nq(7) = 0.244931,	Nq(8) = 0.244931,	Nq(9) = 0.334746,	Nq(10) = 0.404135,	Nq(11) = 0.334746,	Nq(12) = 0.168757,	Nq(13) = 0.244931,	Nq(14) = 0.334746,	Nq(15) = 0.244931,	Sq(0) = 1.78173e-18,	Sq(1) = 0.426156,	Sq(2) = 0.621283,	Sq(3) = 0.426156,	Sq(4) = 0.426156,	Sq(5) = 0.621283,	Sq(6) = 0.79295,	Sq(7) = 0.621283,	Sq(8) = 0.621283,	Sq(9) = 0.79295,	Sq(10) = 3.50814,	Sq(11) = 0.79295,	Sq(12) = 0.426156,	Sq(13) = 0.621283,	Sq(14) = 0.79295,	Sq(15) = 0.621283,	N(0) = 1.94041,	N(1) = 1.86617,	N(2) = 1,	N(3) = 1.86617,	N(4) = 1.86617,	N(5) = 1,	N(6) = 0.133831,	N(7) = 1,	N(8) = 1,	N(9) = 0.133831,	N(10) = 0.0595915,	N(11) = 0.133831,	N(12) = 1.86617,	N(13) = 1,	N(14) = 0.133831,	N(15) = 1
The 0-th iteration is completed.	|| time cost : 0h 2m 39.188s
********************************************************************************************************************
Start the 1 rounds of NGS-ED iteration
	effective electronic model is modified as: kinetic energy t = 0.949443
	                                           effective interaction Vq = [-1.72935,-1.58136, -1.5273,-1.58136,-1.58136, -1.5273,-1.50902, -1.5273, -1.5273,-1.50902,-1.48761,-1.50902,-1.58136, -1.5273,-1.50902, -1.5273]
	PARPACK diagonalization completed after 60 matrix-vector product operations.
	iteration results: : total energy is -48.344496 | electron energy -48.347147 + phonon energy 0.002651 | electron momentum kIdx = 0
The 1-th iteration is completed.	|| time cost : 0h 3m 44.905s
********************************************************************************************************************
Start the 2 rounds of NGS-ED iteration
	effective electronic model is modified as: kinetic energy t = 0.913796
	                                           effective interaction Vq = [ -1.9634,-1.86857,-1.78526,-1.86857,-1.86857,-1.78526,-1.79001,-1.78526,-1.78526,-1.79001,-1.74564,-1.79001,-1.86857,-1.78526,-1.79001,-1.78526]
	PARPACK diagonalization completed after 60 matrix-vector product operations.
	iteration results: : total energy is -52.996033 | electron energy -53.015338 + phonon energy 0.019305 | electron momentum kIdx = 0
The 2-th iteration is completed.	|| time cost : 0h 0m 29.062s
********************************************************************************************************************
Start the 3 rounds of NGS-ED iteration
	effective electronic model is modified as: kinetic energy t = 0.900415
	                                           effective interaction Vq = [-1.99507,-1.93332,-1.84443,-1.93332,-1.93332,-1.84443, -1.8613,-1.84443,-1.84443, -1.8613,-1.80639, -1.8613,-1.93332,-1.84443, -1.8613,-1.84443]
	PARPACK diagonalization completed after 60 matrix-vector product operations.
	iteration results: : total energy is -53.613942 | electron energy -53.647251 + phonon energy 0.033308 | electron momentum kIdx = 0
The 3-th iteration is completed.	|| time cost : 0h 0m 29.017s
********************************************************************************************************************
Start the 4 rounds of NGS-ED iteration
	effective electronic model is modified as: kinetic energy t = 0.895858
	                                           effective interaction Vq = [-1.99936,-1.95108,-1.86071,-1.95108,-1.95108,-1.86071,-1.88258,-1.86071,-1.86071,-1.88258,-1.82317,-1.88258,-1.95108,-1.86071,-1.88258,-1.86071]
	PARPACK diagonalization completed after 75 matrix-vector product operations.
	iteration results: : total energy is -53.710544 | electron energy -53.750214 + phonon energy 0.039670 | electron momentum kIdx = 0
The 4-th iteration is completed.	|| time cost : 0h 0m 32.875s
********************************************************************************************************************
Start the 5 rounds of NGS-ED iteration
	effective electronic model is modified as: kinetic energy t = 0.888439
	                                           effective interaction Vq = [-1.99994,-1.95652,-1.92099,-1.95652,-1.95652,-1.92099, -1.8888,-1.92099,-1.92099, -1.8888,-1.82903, -1.8888,-1.95652,-1.92099, -1.8888,-1.92099]
	PARPACK diagonalization completed after 60 matrix-vector product operations.
	iteration results: : total energy is -53.823030 | electron energy -53.867391 + phonon energy 0.044361 | electron momentum kIdx = 0
The 5-th iteration is completed.	|| time cost : 0h 0m 29.02s
********************************************************************************************************************
Start the 6 rounds of NGS-ED iteration
	effective electronic model is modified as: kinetic energy t = 0.883325
	                                           effective interaction Vq = [-2.00002,-1.95804,-1.94535,-1.95804,-1.95804,-1.94535,-1.89111,-1.94535,-1.94535,-1.89111,-1.88005,-1.89111,-1.95804,-1.94535,-1.89111,-1.94535]
	PARPACK diagonalization completed after 45 matrix-vector product operations.
	iteration results: : total energy is -53.854643 | electron energy -53.903555 + phonon energy 0.048912 | electron momentum kIdx = 0
The 6-th iteration is completed.	|| time cost : 0h 0m 25.191s
********************************************************************************************************************
Start the 7 rounds of NGS-ED iteration
	effective electronic model is modified as: kinetic energy t = 0.881665
	                                           effective interaction Vq = [-2.00003,-1.95832,-1.95245,-1.95832,-1.95832,-1.95245,-1.89148,-1.95245,-1.95245,-1.89148,-1.89552,-1.89148,-1.95832,-1.95245,-1.89148,-1.95245]
	PARPACK diagonalization completed after 30 matrix-vector product operations.
	iteration results: : total energy is -53.858280 | electron energy -53.909769 + phonon energy 0.051490 | electron momentum kIdx = 0
The 7-th iteration is completed.	|| time cost : 0h 0m 21.254s
********************************************************************************************************************
Start the 8 rounds of NGS-ED iteration
	effective electronic model is modified as: kinetic energy t = 0.881125
	                                           effective interaction Vq = [-2.00003,-1.95835,-1.95469,-1.95835,-1.95835,-1.95469, -1.8915,-1.95469,-1.95469, -1.8915,-1.90059, -1.8915,-1.95835,-1.95469, -1.8915,-1.95469]
	PARPACK diagonalization completed after 30 matrix-vector product operations.
	iteration results: : total energy is -53.858695 | electron energy -53.911192 + phonon energy 0.052497 | electron momentum kIdx = 0
The 8-th iteration is completed.	|| time cost : 0h 0m 21.254s
********************************************************************************************************************
Start the 9 rounds of NGS-ED iteration
	effective electronic model is modified as: kinetic energy t = 0.880949
	                                           effective interaction Vq = [-2.00003,-1.95835,-1.95542,-1.95835,-1.95835,-1.95542,-1.89148,-1.95542,-1.95542,-1.89148, -1.9023,-1.89148,-1.95835,-1.95542,-1.89148,-1.95542]
	PARPACK diagonalization completed after 30 matrix-vector product operations.
	iteration results: : total energy is -53.858742 | electron energy -53.911592 + phonon energy 0.052850 | electron momentum kIdx = 0
The 9-th iteration is completed.	|| time cost : 0h 0m 21.285s
********************************************************************************************************************
Start the 10 rounds of NGS-ED iteration
	effective electronic model is modified as: kinetic energy t = 0.880892
	                                           effective interaction Vq = [-2.00003,-1.95834,-1.95566,-1.95834,-1.95834,-1.95566,-1.89146,-1.95566,-1.95566,-1.89146,-1.90288,-1.89146,-1.95834,-1.95566,-1.89146,-1.95566]
	PARPACK diagonalization completed after 30 matrix-vector product operations.
	iteration results: : total energy is -53.858747 | electron energy -53.911717 + phonon energy 0.052970 | electron momentum kIdx = 0
	Nq(0) = 16,	Nq(1) = 0.383979,	Nq(2) = 0.728483,	Nq(3) = 0.383979,	Nq(4) = 0.383979,	Nq(5) = 0.728483,	Nq(6) = 0.623728,	Nq(7) = 0.728483,	Nq(8) = 0.728483,	Nq(9) = 0.623728,	Nq(10) = 0.881211,	Nq(11) = 0.623728,	Nq(12) = 0.383979,	Nq(13) = 0.728483,	Nq(14) = 0.623728,	Nq(15) = 0.728483,	Sq(0) = 9.31824e-18,	Sq(1) = 0.362238,	Sq(2) = 0.371008,	Sq(3) = 0.362238,	Sq(4) = 0.362238,	Sq(5) = 0.371008,	Sq(6) = 0.606274,	Sq(7) = 0.371008,	Sq(8) = 0.371008,	Sq(9) = 0.606274,	Sq(10) = 0.616969,	Sq(11) = 0.606274,	Sq(12) = 0.362238,	Sq(13) = 0.371008,	Sq(14) = 0.606274,	Sq(15) = 0.371008,	N(0) = 1.99984,	N(1) = 1.99948,	N(2) = 1,	N(3) = 1.99948,	N(4) = 1.99948,	N(5) = 1,	N(6) = 0.000516736,	N(7) = 1,	N(8) = 1,	N(9) = 0.000516736,	N(10) = 0.000158736,	N(11) = 0.000516736,	N(12) = 1.99948,	N(13) = 1,	N(14) = 0.000516736,	N(15) = 1
The 10-th iteration is completed.	|| time cost : 0h 1m 8.699s
********************************************************************************************************************
********************************************************************************************************************
Ground state is obtained after 11 iterations. The current ground-state energy is -53.8587, in which electron energy is -53.9117 and phonon energy is 0.0529695
final variational state is: 
	Gamma_x = [      1,1.01916,1.03757,1.01916,1.01916,1.03757,1.04558,1.03757,1.03757,1.04558, 1.0623,1.04558,1.01916,1.03757,1.04558,1.03757]
	lambda_q = [0.447209,0.382645,0.380668,0.382645,0.382645,0.380668,0.343015,0.380668,0.380668,0.343015,0.348756,0.343015,0.382645,0.380668,0.343015,0.380668]
********************************************************************************************************************
o___o  ----------------------------------------
| L |	Time since last clock: 0h 0m 0s
A===A	Time since the beginning: 0h 11m 1.756s
***********************************************


********************************************************************************************************************
Warm up runs have been completed. Start calculating W = 5 phonon.
open output files: NGSEDIterationObs.txt
Start the 0 rounds of NGS-ED iteration
	effective electronic model is modified as: kinetic energy t = 0.880873
	                                           effective interaction Vq = [-1.82844,-1.68799,-1.68303,-1.68799,-1.68799,-1.68303,-1.58114,-1.68303,-1.68303,-1.58114,-1.59759,-1.58114,-1.68799,-1.68303,-1.58114,-1.68303]
	PARPACK diagonalization completed after 75 matrix-vector product operations.
	iteration results: : total energy is -48.973016 | electron energy -48.999521 + phonon energy 0.026505 | electron momentum kIdx = 0
	Nq(0) = 16,	Nq(1) = 0.343761,	Nq(2) = 0.366369,	Nq(3) = 0.343761,	Nq(4) = 0.343761,	Nq(5) = 0.366369,	Nq(6) = 0.563708,	Nq(7) = 0.366369,	Nq(8) = 0.366369,	Nq(9) = 0.563708,	Nq(10) = 0.595223,	Nq(11) = 0.563708,	Nq(12) = 0.343761,	Nq(13) = 0.366369,	Nq(14) = 0.563708,	Nq(15) = 0.366369,	Sq(0) = -5.02945e-18,	Sq(1) = 0.388022,	Sq(2) = 0.559807,	Sq(3) = 0.388022,	Sq(4) = 0.388022,	Sq(5) = 0.559807,	Sq(6) = 0.650702,	Sq(7) = 0.559807,	Sq(8) = 0.559807,	Sq(9) = 0.650702,	Sq(10) = 2.06295,	Sq(11) = 0.650702,	Sq(12) = 0.388022,	Sq(13) = 0.559807,	Sq(14) = 0.650702,	Sq(15) = 0.559807,	N(0) = 1.99885,	N(1) = 1.99702,	N(2) = 1,	N(3) = 1.99702,	N(4) = 1.99702,	N(5) = 1,	N(6) = 0.00298371,	N(7) = 1,	N(8) = 1,	N(9) = 0.00298371,	N(10) = 0.00115147,	N(11) = 0.00298371,	N(12) = 1.99702,	N(13) = 1,	N(14) = 0.00298371,	N(15) = 1
The 0-th iteration is completed.	|| time cost : 0h 1m 8.264s
********************************************************************************************************************
Start the 1 rounds of NGS-ED iteration
	effective electronic model is modified as: kinetic energy t = 0.875962
	                                           effective interaction Vq = [ -1.9369,-1.77923,-1.67636,-1.77923,-1.77923,-1.67636,-1.64469,-1.67636,-1.67636,-1.64469,-1.59831,-1.64469,-1.77923,-1.67636,-1.64469,-1.67636]
	PARPACK diagonalization completed after 45 matrix-vector product operations.
	iteration results: : total energy is -50.804193 | electron energy -50.876395 + phonon energy 0.072202 | electron momentum kIdx = 0
The 1-th iteration is completed.	|| time cost : 0h 0m 25.214s
********************************************************************************************************************
Start the 2 rounds of NGS-ED iteration
	effective electronic model is modified as: kinetic energy t = 0.871773
	                                           effective interaction Vq = [-1.97681,-1.82521,-1.67681,-1.82521,-1.82521,-1.67681,-1.68123,-1.67681,-1.67681,-1.68123,-1.60543,-1.68123,-1.82521,-1.67681,-1.68123,-1.67681]
	PARPACK diagonalization completed after 45 matrix-vector product operations.
	iteration results: : total energy is -51.472846 | electron energy -51.571619 + phonon energy 0.098773 | electron momentum kIdx = 0
The 2-th iteration is completed.	|| time cost : 0h 0m 25.142s
********************************************************************************************************************
Start the 3 rounds of NGS-ED iteration
	effective electronic model is modified as: kinetic energy t = 0.868931
	                                           effective interaction Vq = [-1.99149, -1.8495,-1.67851, -1.8495, -1.8495,-1.67851,-1.70218,-1.67851,-1.67851,-1.70218, -1.6113,-1.70218, -1.8495,-1.67851,-1.70218,-1.67851]
	PARPACK diagonalization completed after 45 matrix-vector product operations.
	iteration results: : total energy is -51.717837 | electron energy -51.830926 + phonon energy 0.113089 | electron momentum kIdx = 0
The 3-th iteration is completed.	|| time cost : 0h 0m 25.253s
********************************************************************************************************************
Start the 4 rounds of NGS-ED iteration
	effective electronic model is modified as: kinetic energy t = 0.867154
	                                           effective interaction Vq = [-1.99689,-1.86277,-1.67997,-1.86277,-1.86277,-1.67997,-1.71423,-1.67997,-1.67997,-1.71423,-1.61513,-1.71423,-1.86277,-1.67997,-1.71423,-1.67997]
	PARPACK diagonalization completed after 45 matrix-vector product operations.
	iteration results: : total energy is -51.807667 | electron energy -51.928643 + phonon energy 0.120976 | electron momentum kIdx = 0
The 4-th iteration is completed.	|| time cost : 0h 0m 25.14s
********************************************************************************************************************
Start the 5 rounds of NGS-ED iteration
	effective electronic model is modified as: kinetic energy t = 0.866083
	                                           effective interaction Vq = [-1.99887,-1.87018,-1.68099,-1.87018,-1.87018,-1.68099,-1.72118,-1.68099,-1.68099,-1.72118,-1.61745,-1.72118,-1.87018,-1.68099,-1.72118,-1.68099]
	PARPACK diagonalization completed after 45 matrix-vector product operations.
	iteration results: : total energy is -51.840612 | electron energy -51.966042 + phonon energy 0.125430 | electron momentum kIdx = 0
The 5-th iteration is completed.	|| time cost : 0h 0m 25.198s
********************************************************************************************************************
Start the 6 rounds of NGS-ED iteration
	effective electronic model is modified as: kinetic energy t = 0.865449
	                                           effective interaction Vq = [ -1.9996,-1.87437,-1.68164,-1.87437,-1.87437,-1.68164, -1.7252,-1.68164,-1.68164, -1.7252, -1.6188, -1.7252,-1.87437,-1.68164, -1.7252,-1.68164]
	PARPACK diagonalization completed after 45 matrix-vector product operations.
	iteration results: : total energy is -51.852696 | electron energy -51.980680 + phonon energy 0.127984 | electron momentum kIdx = 0
The 6-th iteration is completed.	|| time cost : 0h 0m 25.199s
********************************************************************************************************************
Start the 7 rounds of NGS-ED iteration
	effective electronic model is modified as: kinetic energy t = 0.865077
	                                           effective interaction Vq = [-1.99987,-1.87676,-1.68204,-1.87676,-1.87676,-1.68204,-1.72753,-1.68204,-1.68204,-1.72753,-1.61958,-1.72753,-1.87676,-1.68204,-1.72753,-1.68204]
	PARPACK diagonalization completed after 45 matrix-vector product operations.
	iteration results: : total energy is -51.857129 | electron energy -51.986589 + phonon energy 0.129459 | electron momentum kIdx = 0
The 7-th iteration is completed.	|| time cost : 0h 0m 26.707s
********************************************************************************************************************
Start the 8 rounds of NGS-ED iteration
	effective electronic model is modified as: kinetic energy t = 0.864859
	                                           effective interaction Vq = [-1.99997,-1.87813,-1.68228,-1.87813,-1.87813,-1.68228,-1.72888,-1.68228,-1.68228,-1.72888,-1.62003,-1.72888,-1.87813,-1.68228,-1.72888,-1.68228]
	PARPACK diagonalization completed after 30 matrix-vector product operations.
	iteration results: : total energy is -51.858756 | electron energy -51.989071 + phonon energy 0.130315 | electron momentum kIdx = 0
The 8-th iteration is completed.	|| time cost : 0h 0m 23.86s
********************************************************************************************************************
Start the 9 rounds of NGS-ED iteration
	effective electronic model is modified as: kinetic energy t = 0.864733
	                                           effective interaction Vq = [-2.00001,-1.87892,-1.68242,-1.87892,-1.87892,-1.68242,-1.72967,-1.68242,-1.68242,-1.72967,-1.62029,-1.72967,-1.87892,-1.68242,-1.72967,-1.68242]
	PARPACK diagonalization completed after 30 matrix-vector product operations.
	iteration results: : total energy is -51.859353 | electron energy -51.990164 + phonon energy 0.130811 | electron momentum kIdx = 0
The 9-th iteration is completed.	|| time cost : 0h 0m 23.728s
********************************************************************************************************************
Start the 10 rounds of NGS-ED iteration
	effective electronic model is modified as: kinetic energy t = 0.86466
	                                           effective interaction Vq = [-2.00002,-1.87937,-1.68251,-1.87937,-1.87937,-1.68251,-1.73012,-1.68251,-1.68251,-1.73012,-1.62044,-1.73012,-1.87937,-1.68251,-1.73012,-1.68251]
	PARPACK diagonalization completed after 30 matrix-vector product operations.
	iteration results: : total energy is -51.859572 | electron energy -51.990672 + phonon energy 0.131100 | electron momentum kIdx = 0
	Nq(0) = 16,	Nq(1) = 0.377574,	Nq(2) = 0.365003,	Nq(3) = 0.377574,	Nq(4) = 0.377574,	Nq(5) = 0.365003,	Nq(6) = 0.599978,	Nq(7) = 0.365003,	Nq(8) = 0.365003,	Nq(9) = 0.599978,	Nq(10) = 0.597485,	Nq(11) = 0.599978,	Nq(12) = 0.377574,	Nq(13) = 0.365003,	Nq(14) = 0.599978,	Nq(15) = 0.365003,	Sq(0) = 1.0986e-17,	Sq(1) = 0.379185,	Sq(2) = 0.550556,	Sq(3) = 0.379185,	Sq(4) = 0.379185,	Sq(5) = 0.550556,	Sq(6) = 0.63591,	Sq(7) = 0.550556,	Sq(8) = 0.550556,	Sq(9) = 0.63591,	Sq(10) = 1.93857,	Sq(11) = 0.63591,	Sq(12) = 0.379185,	Sq(13) = 0.550556,	Sq(14) = 0.63591,	Sq(15) = 0.550556,	N(0) = 1.99939,	N(1) = 1.99928,	N(2) = 1,	N(3) = 1.99928,	N(4) = 1.99928,	N(5) = 1,	N(6) = 0.000722118,	N(7) = 1,	N(8) = 1,	N(9) = 0.000722118,	N(10) = 0.000605945,	N(11) = 0.000722118,	N(12) = 1.99928,	N(13) = 1,	N(14) = 0.000722118,	N(15) = 1
The 10-th iteration is completed.	|| time cost : 0h 0m 57.256s
********************************************************************************************************************
Start the 11 rounds of NGS-ED iteration
	effective electronic model is modified as: kinetic energy t = 0.864617
	                                           effective interaction Vq = [-2.00003,-1.87964,-1.68256,-1.87964,-1.87964,-1.68256,-1.73039,-1.68256,-1.68256,-1.73039,-1.62052,-1.73039,-1.87964,-1.68256,-1.73039,-1.68256]
	PARPACK diagonalization completed after 30 matrix-vector product operations.
	iteration results: : total energy is -51.859652 | electron energy -51.990920 + phonon energy 0.131267 | electron momentum kIdx = 0
The 11-th iteration is completed.	|| time cost : 0h 0m 21.319s
********************************************************************************************************************
Start the 12 rounds of NGS-ED iteration
	effective electronic model is modified as: kinetic energy t = 0.864592
	                                           effective interaction Vq = [-2.00003,-1.87979,-1.68259,-1.87979,-1.87979,-1.68259,-1.73054,-1.68259,-1.68259,-1.73054,-1.62057,-1.73054,-1.87979,-1.68259,-1.73054,-1.68259]
	PARPACK diagonalization completed after 30 matrix-vector product operations.
	iteration results: : total energy is -51.859682 | electron energy -51.991046 + phonon energy 0.131364 | electron momentum kIdx = 0
The 12-th iteration is completed.	|| time cost : 0h 0m 21.318s
********************************************************************************************************************
Start the 13 rounds of NGS-ED iteration
	effective electronic model is modified as: kinetic energy t = 0.864578
	                                           effective interaction Vq = [-2.00003,-1.87987, -1.6826,-1.87987,-1.87987, -1.6826,-1.73063, -1.6826, -1.6826,-1.73063, -1.6206,-1.73063,-1.87987, -1.6826,-1.73063, -1.6826]
	PARPACK diagonalization completed after 30 matrix-vector product operations.
	iteration results: : total energy is -51.859693 | electron energy -51.991114 + phonon energy 0.131421 | electron momentum kIdx = 0
The 13-th iteration is completed.	|| time cost : 0h 0m 21.322s
********************************************************************************************************************
Start the 14 rounds of NGS-ED iteration
	effective electronic model is modified as: kinetic energy t = 0.86457
	                                           effective interaction Vq = [-2.00003,-1.87992,-1.68261,-1.87992,-1.87992,-1.68261,-1.73068,-1.68261,-1.68261,-1.73068,-1.62061,-1.73068,-1.87992,-1.68261,-1.73068,-1.68261]
	PARPACK diagonalization completed after 30 matrix-vector product operations.
	iteration results: : total energy is -51.859697 | electron energy -51.991150 + phonon energy 0.131454 | electron momentum kIdx = 0
The 14-th iteration is completed.	|| time cost : 0h 0m 21.277s
********************************************************************************************************************
Start the 15 rounds of NGS-ED iteration
	effective electronic model is modified as: kinetic energy t = 0.864565
	                                           effective interaction Vq = [-2.00003,-1.87995,-1.68262,-1.87995,-1.87995,-1.68262,-1.73071,-1.68262,-1.68262,-1.73071,-1.62062,-1.73071,-1.87995,-1.68262,-1.73071,-1.68262]
	PARPACK diagonalization completed after 30 matrix-vector product operations.
	iteration results: : total energy is -51.859698 | electron energy -51.991171 + phonon energy 0.131473 | electron momentum kIdx = 0
The 15-th iteration is completed.	|| time cost : 0h 0m 21.305s
********************************************************************************************************************
Start the 16 rounds of NGS-ED iteration
	effective electronic model is modified as: kinetic energy t = 0.864562
	                                           effective interaction Vq = [-2.00003,-1.87997,-1.68262,-1.87997,-1.87997,-1.68262,-1.73073,-1.68262,-1.68262,-1.73073,-1.62063,-1.73073,-1.87997,-1.68262,-1.73073,-1.68262]
	PARPACK diagonalization completed after 30 matrix-vector product operations.
	iteration results: : total energy is -51.859699 | electron energy -51.991182 + phonon energy 0.131484 | electron momentum kIdx = 0
The 16-th iteration is completed.	|| time cost : 0h 0m 21.292s
********************************************************************************************************************
Start the 17 rounds of NGS-ED iteration
	effective electronic model is modified as: kinetic energy t = 0.86456
	                                           effective interaction Vq = [-2.00003,-1.87998,-1.68263,-1.87998,-1.87998,-1.68263,-1.73074,-1.68263,-1.68263,-1.73074,-1.62063,-1.73074,-1.87998,-1.68263,-1.73074,-1.68263]
	PARPACK diagonalization completed after 30 matrix-vector product operations.
	iteration results: : total energy is -51.859699 | electron energy -51.991189 + phonon energy 0.131490 | electron momentum kIdx = 0
The 17-th iteration is completed.	|| time cost : 0h 0m 21.318s
********************************************************************************************************************
Start the 18 rounds of NGS-ED iteration
	effective electronic model is modified as: kinetic energy t = 0.864559
	                                           effective interaction Vq = [-2.00003,-1.87999,-1.68263,-1.87999,-1.87999,-1.68263,-1.73075,-1.68263,-1.68263,-1.73075,-1.62063,-1.73075,-1.87999,-1.68263,-1.73075,-1.68263]
	PARPACK diagonalization completed after 30 matrix-vector product operations.
	iteration results: : total energy is -51.859699 | electron energy -51.991193 + phonon energy 0.131494 | electron momentum kIdx = 0
The 18-th iteration is completed.	|| time cost : 0h 0m 21.27s
********************************************************************************************************************
Start the 19 rounds of NGS-ED iteration
	effective electronic model is modified as: kinetic energy t = 0.864559
	                                           effective interaction Vq = [-2.00003,-1.87999,-1.68263,-1.87999,-1.87999,-1.68263,-1.73075,-1.68263,-1.68263,-1.73075,-1.62063,-1.73075,-1.87999,-1.68263,-1.73075,-1.68263]
	PARPACK diagonalization completed after 30 matrix-vector product operations.
	iteration results: : total energy is -51.859699 | electron energy -51.991195 + phonon energy 0.131496 | electron momentum kIdx = 0
The 19-th iteration is completed.	|| time cost : 0h 0m 22.236s
********************************************************************************************************************
Start the 20 rounds of NGS-ED iteration
	effective electronic model is modified as: kinetic energy t = 0.864558
	                                           effective interaction Vq = [-2.00003,-1.87999,-1.68263,-1.87999,-1.87999,-1.68263,-1.73075,-1.68263,-1.68263,-1.73075,-1.62063,-1.73075,-1.87999,-1.68263,-1.73075,-1.68263]
	PARPACK diagonalization completed after 30 matrix-vector product operations.
	iteration results: : total energy is -51.859699 | electron energy -51.991196 + phonon energy 0.131497 | electron momentum kIdx = 0
	Nq(0) = 16,	Nq(1) = 0.377703,	Nq(2) = 0.365003,	Nq(3) = 0.377703,	Nq(4) = 0.377703,	Nq(5) = 0.365003,	Nq(6) = 0.600138,	Nq(7) = 0.365003,	Nq(8) = 0.365003,	Nq(9) = 0.600138,	Nq(10) = 0.597497,	Nq(11) = 0.600138,	Nq(12) = 0.377703,	Nq(13) = 0.365003,	Nq(14) = 0.600138,	Nq(15) = 0.365003,	Sq(0) = 1.54599e-17,	Sq(1) = 0.379148,	Sq(2) = 0.550514,	Sq(3) = 0.379148,	Sq(4) = 0.379148,	Sq(5) = 0.550514,	Sq(6) = 0.635846,	Sq(7) = 0.550514,	Sq(8) = 0.550514,	Sq(9) = 0.635846,	Sq(10) = 1.93807,	Sq(11) = 0.635846,	Sq(12) = 0.379148,	Sq(13) = 0.550514,	Sq(14) = 0.635846,	Sq(15) = 0.550514,	N(0) = 1.9994,	N(1) = 1.99928,	N(2) = 1,	N(3) = 1.99928,	N(4) = 1.99928,	N(5) = 1,	N(6) = 0.000718418,	N(7) = 1,	N(8) = 1,	N(9) = 0.000718418,	N(10) = 0.000604139,	N(11) = 0.000718418,	N(12) = 1.99928,	N(13) = 1,	N(14) = 0.000718418,	N(15) = 1
The 20-th iteration is completed.	|| time cost : 0h 0m 56.454s
********************************************************************************************************************
Start the 21 rounds of NGS-ED iteration
	effective electronic model is modified as: kinetic energy t = 0.864558
	                                           effective interaction Vq = [-2.00003,-1.87999,-1.68263,-1.87999,-1.87999,-1.68263,-1.73075,-1.68263,-1.68263,-1.73075,-1.62063,-1.73075,-1.87999,-1.68263,-1.73075,-1.68263]
	PARPACK diagonalization completed after 30 matrix-vector product operations.
	iteration results: : total energy is -51.859699 | electron energy -51.991197 + phonon energy 0.131498 | electron momentum kIdx = 0
The 21-th iteration is completed.	|| time cost : 0h 0m 21.284s
********************************************************************************************************************
Start the 22 rounds of NGS-ED iteration
	effective electronic model is modified as: kinetic energy t = 0.864558
	                                           effective interaction Vq = [-2.00003,-1.87999,-1.68263,-1.87999,-1.87999,-1.68263,-1.73075,-1.68263,-1.68263,-1.73075,-1.62063,-1.73075,-1.87999,-1.68263,-1.73075,-1.68263]
	PARPACK diagonalization completed after 30 matrix-vector product operations.
	iteration results: : total energy is -51.859699 | electron energy -51.991197 + phonon energy 0.131498 | electron momentum kIdx = 0
The 22-th iteration is completed.	|| time cost : 0h 0m 21.256s
********************************************************************************************************************
Start the 23 rounds of NGS-ED iteration
	effective electronic model is modified as: kinetic energy t = 0.864558
	                                           effective interaction Vq = [-2.00003,-1.87999,-1.68263,-1.87999,-1.87999,-1.68263,-1.73075,-1.68263,-1.68263,-1.73075,-1.62063,-1.73075,-1.87999,-1.68263,-1.73075,-1.68263]
	PARPACK diagonalization completed after 30 matrix-vector product operations.
	iteration results: : total energy is -51.859699 | electron energy -51.991198 + phonon energy 0.131499 | electron momentum kIdx = 0
The 23-th iteration is completed.	|| time cost : 0h 0m 21.27s
********************************************************************************************************************
Start the 24 rounds of NGS-ED iteration
	effective electronic model is modified as: kinetic energy t = 0.864558
	                                           effective interaction Vq = [-2.00003,-1.87999,-1.68263,-1.87999,-1.87999,-1.68263,-1.73075,-1.68263,-1.68263,-1.73075,-1.62063,-1.73075,-1.87999,-1.68263,-1.73075,-1.68263]
	PARPACK diagonalization completed after 30 matrix-vector product operations.
	iteration results: : total energy is -51.859699 | electron energy -51.991198 + phonon energy 0.131499 | electron momentum kIdx = 0
	Nq(0) = 16,	Nq(1) = 0.377703,	Nq(2) = 0.365003,	Nq(3) = 0.377703,	Nq(4) = 0.377703,	Nq(5) = 0.365003,	Nq(6) = 0.600138,	Nq(7) = 0.365003,	Nq(8) = 0.365003,	Nq(9) = 0.600138,	Nq(10) = 0.597497,	Nq(11) = 0.600138,	Nq(12) = 0.377703,	Nq(13) = 0.365003,	Nq(14) = 0.600138,	Nq(15) = 0.365003,	Sq(0) = -3.04841e-18,	Sq(1) = 0.379147,	Sq(2) = 0.550514,	Sq(3) = 0.379147,	Sq(4) = 0.379147,	Sq(5) = 0.550514,	Sq(6) = 0.635846,	Sq(7) = 0.550514,	Sq(8) = 0.550514,	Sq(9) = 0.635846,	Sq(10) = 1.93806,	Sq(11) = 0.635846,	Sq(12) = 0.379147,	Sq(13) = 0.550514,	Sq(14) = 0.635846,	Sq(15) = 0.550514,	N(0) = 1.9994,	N(1) = 1.99928,	N(2) = 1,	N(3) = 1.99928,	N(4) = 1.99928,	N(5) = 1,	N(6) = 0.000718404,	N(7) = 1,	N(8) = 1,	N(9) = 0.000718404,	N(10) = 0.000604132,	N(11) = 0.000718404,	N(12) = 1.99928,	N(13) = 1,	N(14) = 0.000718404,	N(15) = 1
The 24-th iteration is completed.	|| time cost : 0h 0m 56.468s
********************************************************************************************************************
********************************************************************************************************************
Ground state is obtained after 25 iterations. The current ground-state energy is -51.8597, in which electron energy is -51.9912 and phonon energy is 0.131499
final variational state is: 
	Gamma_x = [      1,1.05745,1.07243,1.05745,1.05745,1.07243,1.11773,1.07243,1.07243,1.11773, 1.1244,1.11773,1.05745,1.07243,1.11773,1.07243]
	lambda_q = [0.632459,0.477518,0.380508,0.477518,0.477518,0.380508,0.400394,0.380508,0.380508,0.400394,0.356999,0.400394,0.477518,0.380508,0.400394,0.380508]
********************************************************************************************************************
o___o  ----------------------------------------
| L |	Time since last clock: 0h 0m 0s
A===A	Time since the beginning: 0h 23m 2.119s
***********************************************


Non-Gaussina ED ground state calculation is completed. The final ground-state energy is -51.8597
********************************************************************************************************************
o___o  ----------------------------------------
| L |	Time since last clock: 0h 0m 0s
A===A	Time since the beginning: 0h 23m 2.119s
***********************************************



********************************************************************************************************************
All non-Gaussian ED ground state calculations have been completed. Exit now.
TACC:  Shutdown complete. Exiting. 
