TACC:  Starting up job 1741882 
TACC:  Starting parallel tasks... 
SNEDics v3.4 Non-Gaussian ED ground state program		Start at Fri Oct  9 18:17:03 2020

parallized on 16 MPI threads  * 7 OpenMP threads = 112 total threads.
********************************************************************************************************************
********************************************************************************************************************

********************************************************************************************************************
System parameters and configurations
********************************************************************************************************************
Special program options are enabled: splitted diagonal Hamiltonian
********************************************************************************************************************
Read input file "model_params.in"
	Hubbard-Holstein model parameters : 	t = 1    U = 8    g = 0.3    W = 0.2    g' = 0.13    
********************************************************************************************************************
Read input file "hilbertspace_params.in"
	Requested 16-site 2D lattice, with 12 electrons (6, 6)
	Boundary : Periodic		Hilbert space representation : momentum-space (restricted to kIdx = 0)
	Conservation: particle number[U(1)]      spin[U(1)]     momentum
********************************************************************************************************************

Cluster Positions:				Cluster symmetry group : D4
 x ... x ... x ... x .....                       x ... x ... x ... x .....
 |           |           :                       |           |           :
 |           |           :                       |           |           :
12    13    14    15     x                       1     5     6     5     x
 |           |           :                       |           |           :
 |           |           :                       |           |           :
 8 --- 9 ---10 ---11 --- x                       2 --- 6 ---10 --- 6 --- x
 |           |           :                       |           |           :
 |           |           :                       |           |           :
 4     5     6     7     x                       1     5     6     5     x
 |           |           :                       |           |           :
 |           |           :                       |           |           :
 0 --- 1 --- 2 --- 3 --- x                       0 --- 1 --- 2 --- 1 --- x
orbital number : 1
********************************************************************************************************************
Read input file "obs_params.in"
	Observable Type : Nq(All),   Sq(All),   N(All),   Delta[s](All),   Delta[d](All),   Delta[s+](All)
********************************************************************************************************************
** WARNING ** the input observables have non-local factors which have been reinterpreted. The total observable number is 96
********************************************************************************************************************


********************************************************************************************************************
Start calculating the non-Gaussian ED ground state
** WARNING ** Detected low phonon energy W < 10. The initial state will be prepared through a warm-up process.
********************************************************************************************************************
Start warm-up calculation for scaling factor 64
open output files: NGSEDWarmUpW12.8Obs.txt
********************************************************************************************************************
Start the 0 rounds of NGS-ED iteration
	effective electronic model is modified as: kinetic energy t = 1
	                                           effective interaction Vq = [0,0,0,0,0,0,0,0,0,0,0,0,0,0,0,0]
	first Hamiltonian is constructed, non-zero numbers = 969134044
	PARPACK diagonalization completed after 165 matrix-vector product operations.
	iteration results: : total energy is -14.925310 | electron energy -14.925310 + phonon energy 0.000000 | electron momentum kIdx = 0
	Nq(0) = 9,	Nq(1) = 0.191675,	Nq(2) = 0.266183,	Nq(3) = 0.191675,	Nq(4) = 0.191675,	Nq(5) = 0.245517,	Nq(6) = 0.314107,	Nq(7) = 0.245517,	Nq(8) = 0.266183,	Nq(9) = 0.314107,	Nq(10) = 0.369338,	Nq(11) = 0.314107,	Nq(12) = 0.191675,	Nq(13) = 0.245517,	Nq(14) = 0.314107,	Nq(15) = 0.245517,	Sq(0) = 2.48391e-18,	Sq(1) = 0.554662,	Sq(2) = 0.424361,	Sq(3) = 0.554662,	Sq(4) = 0.554662,	Sq(5) = 0.79749,	Sq(6) = 1.01287,	Sq(7) = 0.79749,	Sq(8) = 0.424361,	Sq(9) = 1.01287,	Sq(10) = 0.784303,	Sq(11) = 1.01287,	Sq(12) = 0.554662,	Sq(13) = 0.79749,	Sq(14) = 1.01287,	Sq(15) = 0.79749,	N(0) = 1.76735,	N(1) = 1.6264,	N(2) = 0.74365,	N(3) = 1.6264,	N(4) = 1.6264,	N(5) = 0.392302,	N(6) = 0.144321,	N(7) = 0.392302,	N(8) = 0.74365,	N(9) = 0.144321,	N(10) = 0.0932732,	N(11) = 0.144321,	N(12) = 1.6264,	N(13) = 0.392302,	N(14) = 0.144321,	N(15) = 0.392302,	Delta[s](0) = 0.0640171,	Delta[s](1) = 0.044647,	Delta[s](2) = 0.0302346,	Delta[s](3) = 0.044647,	Delta[s](4) = 0.044647,	Delta[s](5) = 0.02716,	Delta[s](6) = 0.010157,	Delta[s](7) = 0.02716,	Delta[s](8) = 0.0302346,	Delta[s](9) = 0.010157,	Delta[s](10) = 0.00110781,	Delta[s](11) = 0.010157,	Delta[s](12) = 0.044647,	Delta[s](13) = 0.02716,	Delta[s](14) = 0.010157,	Delta[s](15) = 0.02716,	Delta[d](0) = 0.241045,	Delta[d](1) = 0.190367,	Delta[d](2) = 0.234183,	Delta[d](3) = 0.190367,	Delta[d](4) = 0.190367,	Delta[d](5) = 0.131168,	Delta[d](6) = 0.159127,	Delta[d](7) = 0.131168,	Delta[d](8) = 0.234183,	Delta[d](9) = 0.159127,	Delta[d](10) = 0.0847369,	Delta[d](11) = 0.159127,	Delta[d](12) = 0.190367,	Delta[d](13) = 0.131168,	Delta[d](14) = 0.159127,	Delta[d](15) = 0.131168,	Delta[s+](0) = 0.555601,	Delta[s+](1) = 0.379282,	Delta[s+](2) = 0.234183,	Delta[s+](3) = 0.379282,	Delta[s+](4) = 0.379282,	Delta[s+](5) = 0.187372,	Delta[s+](6) = 0.0678276,	Delta[s+](7) = 0.187372,	Delta[s+](8) = 0.234183,	Delta[s+](9) = 0.0678276,	Delta[s+](10) = 0.0177754,	Delta[s+](11) = 0.0678276,	Delta[s+](12) = 0.379282,	Delta[s+](13) = 0.187372,	Delta[s+](14) = 0.0678276,	Delta[s+](15) = 0.187372
The 0-th iteration is completed.	|| time cost : 0h 2m 52.224s
********************************************************************************************************************
Start the 1 rounds of NGS-ED iteration
	effective electronic model is modified as: kinetic energy t = 0.988031
	                                           effective interaction Vq = [    -3.1021,   -1.36892,  -0.382589,   -1.36892,   -1.36892,  -0.379765,-0.00663863,  -0.379765,  -0.382589,-0.00663863,  -0.197805,-0.00663863,   -1.36892,  -0.379765,-0.00663863,  -0.379765]
	PARPACK diagonalization completed after 45 matrix-vector product operations.
	iteration results: : total energy is -44.428877 | electron energy -44.429033 + phonon energy 0.000156 | electron momentum kIdx = 0
The 1-th iteration is completed.	|| time cost : 0h 2m 18.3s
********************************************************************************************************************
Start the 2 rounds of NGS-ED iteration
	effective electronic model is modified as: kinetic energy t = 0.982731
	                                           effective interaction Vq = [   -3.34191,   -1.50139,  -0.415081,   -1.50139,   -1.50139,  -0.412235,-0.00715659,  -0.412235,  -0.415081,-0.00715659,   -0.21369,-0.00715659,   -1.50139,  -0.412235,-0.00715659,  -0.412235]
	PARPACK diagonalization completed after 45 matrix-vector product operations.
	iteration results: : total energy is -46.665244 | electron energy -46.665936 + phonon energy 0.000692 | electron momentum kIdx = 0
The 2-th iteration is completed.	|| time cost : 0h 0m 10.236s
********************************************************************************************************************
Start the 3 rounds of NGS-ED iteration
	effective electronic model is modified as: kinetic energy t = 0.981512
	                                           effective interaction Vq = [   -3.36045,   -1.52189,  -0.419768,   -1.52189,   -1.52189,  -0.416917,-0.00722435,  -0.416917,  -0.419768,-0.00722435,  -0.215759,-0.00722435,   -1.52189,  -0.416917,-0.00722435,  -0.416917]
	PARPACK diagonalization completed after 30 matrix-vector product operations.
	iteration results: : total energy is -46.835895 | electron energy -46.836849 + phonon energy 0.000954 | electron momentum kIdx = 0
The 3-th iteration is completed.	|| time cost : 0h 0m 9.153s
********************************************************************************************************************
Start the 4 rounds of NGS-ED iteration
	effective electronic model is modified as: kinetic energy t = 0.98125
	                                           effective interaction Vq = [   -3.36188,   -1.52603,  -0.420573,   -1.52603,   -1.52603,  -0.417714,-0.00723443,  -0.417714,  -0.420573,-0.00723443,  -0.216062,-0.00723443,   -1.52603,  -0.417714,-0.00723443,  -0.417714]
	PARPACK diagonalization completed after 30 matrix-vector product operations.
	iteration results: : total energy is -46.848980 | electron energy -46.850006 + phonon energy 0.001026 | electron momentum kIdx = 0
The 4-th iteration is completed.	|| time cost : 0h 0m 9.136s
********************************************************************************************************************
Start the 5 rounds of NGS-ED iteration
	effective electronic model is modified as: kinetic energy t = 0.981194
	                                           effective interaction Vq = [   -3.36199,   -1.52694,  -0.420716,   -1.52694,   -1.52694,  -0.417854,-0.00723596,  -0.417854,  -0.420716,-0.00723596,  -0.216107,-0.00723596,   -1.52694,  -0.417854,-0.00723596,  -0.417854]
	PARPACK diagonalization completed after 30 matrix-vector product operations.
	iteration results: : total energy is -46.849986 | electron energy -46.851030 + phonon energy 0.001043 | electron momentum kIdx = 0
The 5-th iteration is completed.	|| time cost : 0h 0m 9.14s
********************************************************************************************************************
Start the 6 rounds of NGS-ED iteration
	effective electronic model is modified as: kinetic energy t = 0.981182
	                                           effective interaction Vq = [     -3.362,   -1.52714,  -0.420742,   -1.52714,   -1.52714,  -0.417879,-0.00723619,  -0.417879,  -0.420742,-0.00723619,  -0.216114,-0.00723619,   -1.52714,  -0.417879,-0.00723619,  -0.417879]
	PARPACK diagonalization completed after 30 matrix-vector product operations.
	iteration results: : total energy is -46.850064 | electron energy -46.851111 + phonon energy 0.001047 | electron momentum kIdx = 0
	Nq(0) = 9,	Nq(1) = 0.236114,	Nq(2) = 0.266539,	Nq(3) = 0.236114,	Nq(4) = 0.236114,	Nq(5) = 0.250251,	Nq(6) = 0.307054,	Nq(7) = 0.250251,	Nq(8) = 0.266539,	Nq(9) = 0.307054,	Nq(10) = 0.375533,	Nq(11) = 0.307054,	Nq(12) = 0.236114,	Nq(13) = 0.250251,	Nq(14) = 0.307054,	Nq(15) = 0.250251,	Sq(0) = -1.34738e-18,	Sq(1) = 0.532573,	Sq(2) = 0.427183,	Sq(3) = 0.532573,	Sq(4) = 0.532573,	Sq(5) = 0.779039,	Sq(6) = 0.998797,	Sq(7) = 0.779039,	Sq(8) = 0.427183,	Sq(9) = 0.998797,	Sq(10) = 0.821714,	Sq(11) = 0.998797,	Sq(12) = 0.532573,	Sq(13) = 0.779039,	Sq(14) = 0.998797,	Sq(15) = 0.779039,	N(0) = 1.79469,	N(1) = 1.67708,	N(2) = 0.721235,	N(3) = 1.67708,	N(4) = 1.67708,	N(5) = 0.352453,	N(6) = 0.136276,	N(7) = 0.352453,	N(8) = 0.721235,	N(9) = 0.136276,	N(10) = 0.0995884,	N(11) = 0.136276,	N(12) = 1.67708,	N(13) = 0.352453,	N(14) = 0.136276,	N(15) = 0.352453,	Delta[s](0) = 0.0739636,	Delta[s](1) = 0.0519499,	Delta[s](2) = 0.0369106,	Delta[s](3) = 0.0519499,	Delta[s](4) = 0.0519499,	Delta[s](5) = 0.0329963,	Delta[s](6) = 0.0128023,	Delta[s](7) = 0.0329963,	Delta[s](8) = 0.0369106,	Delta[s](9) = 0.0128023,	Delta[s](10) = 0.00236432,	Delta[s](11) = 0.0128023,	Delta[s](12) = 0.0519499,	Delta[s](13) = 0.0329963,	Delta[s](14) = 0.0128023,	Delta[s](15) = 0.0329963,	Delta[d](0) = 0.261348,	Delta[d](1) = 0.207392,	Delta[d](2) = 0.25061,	Delta[d](3) = 0.207392,	Delta[d](4) = 0.207392,	Delta[d](5) = 0.139221,	Delta[d](6) = 0.168584,	Delta[d](7) = 0.139221,	Delta[d](8) = 0.25061,	Delta[d](9) = 0.168584,	Delta[d](10) = 0.0748876,	Delta[d](11) = 0.168584,	Delta[d](12) = 0.207392,	Delta[d](13) = 0.139221,	Delta[d](14) = 0.168584,	Delta[d](15) = 0.139221,	Delta[s+](0) = 0.599774,	Delta[s+](1) = 0.408107,	Delta[s+](2) = 0.25061,	Delta[s+](3) = 0.408107,	Delta[s+](4) = 0.408107,	Delta[s+](5) = 0.199213,	Delta[s+](6) = 0.0711087,	Delta[s+](7) = 0.199213,	Delta[s+](8) = 0.25061,	Delta[s+](9) = 0.0711087,	Delta[s+](10) = 0.0200503,	Delta[s+](11) = 0.0711087,	Delta[s+](12) = 0.408107,	Delta[s+](13) = 0.199213,	Delta[s+](14) = 0.0711087,	Delta[s+](15) = 0.199213
The 6-th iteration is completed.	|| time cost : 0h 1m 41.917s
********************************************************************************************************************
********************************************************************************************************************
Ground state is obtained after 7 iterations. The current ground-state energy is -46.8501, in which electron energy is -46.8511 and phonon energy is 0.00104723
final variational state is: 
	Gamma_x = [      1,1.00786,1.00357,1.00786,1.00786,1.00345,1.00008,1.00345,1.00357,1.00008,1.00313,1.00008,1.00786,1.00345,1.00008,1.00345]
	lambda_q = [  0.512434,  0.293533,  0.139694,  0.293533,  0.293533,  0.137409, 0.0172753,  0.137409,  0.139694, 0.0172753,-0.0925304, 0.0172753,  0.293533,  0.137409, 0.0172753,  0.137409]
The effective e-e interactions mediated by phonons are: [     3.362,   1.52719,  0.420746,   1.52719,   1.52719,  0.417883,0.00723622,  0.417883,  0.420746,0.00723622,  0.216115,0.00723622,   1.52719,  0.417883,0.00723622,  0.417883]
The real-space interactions mediated by phonons are: [ -12.2288, -5.07186,-0.728372, -1.97397, -6.18579, -3.61915,-0.728372, -1.10004, -2.74807, -1.10004,-0.728372, -3.61915, -6.18579, -1.97397,-0.728372, -5.07186]
********************************************************************************************************************
o___o  ----------------------------------------
| L |	Time since last clock: 0h 0m 0s
A===A	Time since the beginning: 0h 7m 30.11s
***********************************************

********************************************************************************************************************
Start warm-up calculation for scaling factor 32
open output files: NGSEDWarmUpW6.4Obs.txt
********************************************************************************************************************
Start the 0 rounds of NGS-ED iteration
	effective electronic model is modified as: kinetic energy t = 0.98118
	                                           effective interaction Vq = [   -3.07341,    -1.3083,  -0.349244,    -1.3083,    -1.3083,  -0.345542,-0.00590793,  -0.345542,  -0.349244,-0.00590793,  -0.175514,-0.00590793,    -1.3083,  -0.345542,-0.00590793,  -0.345542]
	PARPACK diagonalization completed after 45 matrix-vector product operations.
	iteration results: : total energy is -43.923002 | electron energy -43.923527 + phonon energy 0.000524 | electron momentum kIdx = 0
	Nq(0) = 9,	Nq(1) = 0.227944,	Nq(2) = 0.265964,	Nq(3) = 0.227944,	Nq(4) = 0.227944,	Nq(5) = 0.249009,	Nq(6) = 0.307684,	Nq(7) = 0.249009,	Nq(8) = 0.265964,	Nq(9) = 0.307684,	Nq(10) = 0.373846,	Nq(11) = 0.307684,	Nq(12) = 0.227944,	Nq(13) = 0.249009,	Nq(14) = 0.307684,	Nq(15) = 0.249009,	Sq(0) = 4.8465e-18,	Sq(1) = 0.536492,	Sq(2) = 0.426837,	Sq(3) = 0.536492,	Sq(4) = 0.536492,	Sq(5) = 0.782464,	Sq(6) = 1.0024,	Sq(7) = 0.782464,	Sq(8) = 0.426837,	Sq(9) = 1.0024,	Sq(10) = 0.816591,	Sq(11) = 1.0024,	Sq(12) = 0.536492,	Sq(13) = 0.782464,	Sq(14) = 1.0024,	Sq(15) = 0.782464,	N(0) = 1.78935,	N(1) = 1.66808,	N(2) = 0.725125,	N(3) = 1.66808,	N(4) = 1.66808,	N(5) = 0.359305,	N(6) = 0.137934,	N(7) = 0.359305,	N(8) = 0.725125,	N(9) = 0.137934,	N(10) = 0.0991247,	N(11) = 0.137934,	N(12) = 1.66808,	N(13) = 0.359305,	N(14) = 0.137934,	N(15) = 0.359305,	Delta[s](0) = 0.0710261,	Delta[s](1) = 0.0500642,	Delta[s](2) = 0.0353579,	Delta[s](3) = 0.0500642,	Delta[s](4) = 0.0500642,	Delta[s](5) = 0.0317409,	Delta[s](6) = 0.0126588,	Delta[s](7) = 0.0317409,	Delta[s](8) = 0.0353579,	Delta[s](9) = 0.0126588,	Delta[s](10) = 0.00256155,	Delta[s](11) = 0.0126588,	Delta[s](12) = 0.0500642,	Delta[s](13) = 0.0317409,	Delta[s](14) = 0.0126588,	Delta[s](15) = 0.0317409,	Delta[d](0) = 0.269479,	Delta[d](1) = 0.214069,	Delta[d](2) = 0.259164,	Delta[d](3) = 0.214069,	Delta[d](4) = 0.214069,	Delta[d](5) = 0.144866,	Delta[d](6) = 0.174831,	Delta[d](7) = 0.144866,	Delta[d](8) = 0.259164,	Delta[d](9) = 0.174831,	Delta[d](10) = 0.0826413,	Delta[d](11) = 0.174831,	Delta[d](12) = 0.214069,	Delta[d](13) = 0.144866,	Delta[d](14) = 0.174831,	Delta[d](15) = 0.144866,	Delta[s+](0) = 0.617846,	Delta[s+](1) = 0.420869,	Delta[s+](2) = 0.259164,	Delta[s+](3) = 0.420869,	Delta[s+](4) = 0.420869,	Delta[s+](5) = 0.206614,	Delta[s+](6) = 0.074753,	Delta[s+](7) = 0.206614,	Delta[s+](8) = 0.259164,	Delta[s+](9) = 0.074753,	Delta[s+](10) = 0.0212421,	Delta[s+](11) = 0.074753,	Delta[s+](12) = 0.420869,	Delta[s+](13) = 0.206614,	Delta[s+](14) = 0.074753,	Delta[s+](15) = 0.206614
The 0-th iteration is completed.	|| time cost : 0h 1m 42.469s
********************************************************************************************************************
Start the 1 rounds of NGS-ED iteration
	effective electronic model is modified as: kinetic energy t = 0.977219
	                                           effective interaction Vq = [ -3.28176, -1.39426,-0.367667, -1.39426, -1.39426,-0.362631,-0.006141,-0.362631,-0.367667,-0.006141,-0.181319,-0.006141, -1.39426,-0.362631,-0.006141,-0.362631]
	PARPACK diagonalization completed after 45 matrix-vector product operations.
	iteration results: : total energy is -45.829617 | electron energy -45.831573 + phonon energy 0.001956 | electron momentum kIdx = 0
The 1-th iteration is completed.	|| time cost : 0h 0m 10.225s
********************************************************************************************************************
Start the 2 rounds of NGS-ED iteration
	effective electronic model is modified as: kinetic energy t = 0.975517
	                                           effective interaction Vq = [   -3.33969,   -1.42648,  -0.373637,   -1.42648,   -1.42648,  -0.368133,-0.00620723,  -0.368133,  -0.373637,-0.00620723,  -0.182986,-0.00620723,   -1.42648,  -0.368133,-0.00620723,  -0.368133]
	PARPACK diagonalization completed after 45 matrix-vector product operations.
	iteration results: : total energy is -46.356737 | electron energy -46.359754 + phonon energy 0.003016 | electron momentum kIdx = 0
The 2-th iteration is completed.	|| time cost : 0h 0m 10.243s
********************************************************************************************************************
Start the 3 rounds of NGS-ED iteration
	effective electronic model is modified as: kinetic energy t = 0.974802
	                                           effective interaction Vq = [    -3.3558,   -1.43952,  -0.375667,   -1.43952,   -1.43952,  -0.369989,-0.00622664,  -0.369989,  -0.375667,-0.00622664,  -0.183481,-0.00622664,   -1.43952,  -0.369989,-0.00622664,  -0.369989]
	PARPACK diagonalization completed after 30 matrix-vector product operations.
	iteration results: : total energy is -46.502764 | electron energy -46.506363 + phonon energy 0.003599 | electron momentum kIdx = 0
The 3-th iteration is completed.	|| time cost : 0h 0m 9.152s
********************************************************************************************************************
Start the 4 rounds of NGS-ED iteration
	effective electronic model is modified as: kinetic energy t = 0.974503
	                                           effective interaction Vq = [   -3.36028,   -1.44501,   -0.37637,   -1.44501,   -1.44501,  -0.370627,-0.00623239,  -0.370627,   -0.37637,-0.00623239,  -0.183631,-0.00623239,   -1.44501,  -0.370627,-0.00623239,  -0.370627]
	PARPACK diagonalization completed after 30 matrix-vector product operations.
	iteration results: : total energy is -46.543269 | electron energy -46.547151 + phonon energy 0.003882 | electron momentum kIdx = 0
The 4-th iteration is completed.	|| time cost : 0h 0m 9.147s
********************************************************************************************************************
Start the 5 rounds of NGS-ED iteration
	effective electronic model is modified as: kinetic energy t = 0.974377
	                                           effective interaction Vq = [  -3.36152,  -1.44737, -0.376614,  -1.44737,  -1.44737, -0.370848,-0.0062341, -0.370848, -0.376614,-0.0062341, -0.183676,-0.0062341,  -1.44737, -0.370848,-0.0062341, -0.370848]
	PARPACK diagonalization completed after 30 matrix-vector product operations.
	iteration results: : total energy is -46.554512 | electron energy -46.558524 + phonon energy 0.004012 | electron momentum kIdx = 0
The 5-th iteration is completed.	|| time cost : 0h 0m 9.141s
********************************************************************************************************************
Start the 6 rounds of NGS-ED iteration
	effective electronic model is modified as: kinetic energy t = 0.974323
	                                           effective interaction Vq = [   -3.36187,   -1.44839,  -0.376699,   -1.44839,   -1.44839,  -0.370925,-0.00623461,  -0.370925,  -0.376699,-0.00623461,   -0.18369,-0.00623461,   -1.44839,  -0.370925,-0.00623461,  -0.370925]
	PARPACK diagonalization completed after 30 matrix-vector product operations.
	iteration results: : total energy is -46.557635 | electron energy -46.561705 + phonon energy 0.004070 | electron momentum kIdx = 0
The 6-th iteration is completed.	|| time cost : 0h 0m 9.149s
********************************************************************************************************************
Start the 7 rounds of NGS-ED iteration
	effective electronic model is modified as: kinetic energy t = 0.974301
	                                           effective interaction Vq = [   -3.36196,   -1.44883,  -0.376729,   -1.44883,   -1.44883,  -0.370952,-0.00623476,  -0.370952,  -0.376729,-0.00623476,  -0.183694,-0.00623476,   -1.44883,  -0.370952,-0.00623476,  -0.370952]
	PARPACK diagonalization completed after 30 matrix-vector product operations.
	iteration results: : total energy is -46.558503 | electron energy -46.562598 + phonon energy 0.004096 | electron momentum kIdx = 0
The 7-th iteration is completed.	|| time cost : 0h 0m 9.142s
********************************************************************************************************************
Start the 8 rounds of NGS-ED iteration
	effective electronic model is modified as: kinetic energy t = 0.974291
	                                           effective interaction Vq = [   -3.36199,   -1.44903,  -0.376739,   -1.44903,   -1.44903,  -0.370962,-0.00623481,  -0.370962,  -0.376739,-0.00623481,  -0.183696,-0.00623481,   -1.44903,  -0.370962,-0.00623481,  -0.370962]
	PARPACK diagonalization completed after 30 matrix-vector product operations.
	iteration results: : total energy is -46.558744 | electron energy -46.562851 + phonon energy 0.004107 | electron momentum kIdx = 0
The 8-th iteration is completed.	|| time cost : 0h 0m 9.172s
********************************************************************************************************************
Start the 9 rounds of NGS-ED iteration
	effective electronic model is modified as: kinetic energy t = 0.974287
	                                           effective interaction Vq = [     -3.362,   -1.44911,  -0.376742,   -1.44911,   -1.44911,  -0.370965,-0.00623482,  -0.370965,  -0.376742,-0.00623482,  -0.183696,-0.00623482,   -1.44911,  -0.370965,-0.00623482,  -0.370965]
	PARPACK diagonalization completed after 30 matrix-vector product operations.
	iteration results: : total energy is -46.558811 | electron energy -46.562922 + phonon energy 0.004111 | electron momentum kIdx = 0
	Nq(0) = 9,	Nq(1) = 0.232798,	Nq(2) = 0.265104,	Nq(3) = 0.232798,	Nq(4) = 0.232798,	Nq(5) = 0.248667,	Nq(6) = 0.306305,	Nq(7) = 0.248667,	Nq(8) = 0.265104,	Nq(9) = 0.306305,	Nq(10) = 0.372721,	Nq(11) = 0.306305,	Nq(12) = 0.232798,	Nq(13) = 0.248667,	Nq(14) = 0.306305,	Nq(15) = 0.248667,	Sq(0) = 6.96319e-18,	Sq(1) = 0.534481,	Sq(2) = 0.427203,	Sq(3) = 0.534481,	Sq(4) = 0.534481,	Sq(5) = 0.781096,	Sq(6) = 1.00201,	Sq(7) = 0.781096,	Sq(8) = 0.427203,	Sq(9) = 1.00201,	Sq(10) = 0.821232,	Sq(11) = 1.00201,	Sq(12) = 0.534481,	Sq(13) = 0.781096,	Sq(14) = 1.00201,	Sq(15) = 0.781096,	N(0) = 1.79008,	N(1) = 1.67069,	N(2) = 0.723002,	N(3) = 1.67069,	N(4) = 1.67069,	N(5) = 0.356673,	N(6) = 0.138469,	N(7) = 0.356673,	N(8) = 0.723002,	N(9) = 0.138469,	N(10) = 0.100596,	N(11) = 0.138469,	N(12) = 1.67069,	N(13) = 0.356673,	N(14) = 0.138469,	N(15) = 0.356673,	Delta[s](0) = 0.0710613,	Delta[s](1) = 0.0502475,	Delta[s](2) = 0.0356828,	Delta[s](3) = 0.0502475,	Delta[s](4) = 0.0502475,	Delta[s](5) = 0.0320844,	Delta[s](6) = 0.0130819,	Delta[s](7) = 0.0320844,	Delta[s](8) = 0.0356828,	Delta[s](9) = 0.0130819,	Delta[s](10) = 0.00292192,	Delta[s](11) = 0.0130819,	Delta[s](12) = 0.0502475,	Delta[s](13) = 0.0320844,	Delta[s](14) = 0.0130819,	Delta[s](15) = 0.0320844,	Delta[d](0) = 0.282577,	Delta[d](1) = 0.225117,	Delta[d](2) = 0.271532,	Delta[d](3) = 0.225117,	Delta[d](4) = 0.225117,	Delta[d](5) = 0.152299,	Delta[d](6) = 0.183258,	Delta[d](7) = 0.152299,	Delta[d](8) = 0.271532,	Delta[d](9) = 0.183258,	Delta[d](10) = 0.0866296,	Delta[d](11) = 0.183258,	Delta[d](12) = 0.225117,	Delta[d](13) = 0.152299,	Delta[d](14) = 0.183258,	Delta[d](15) = 0.152299,	Delta[s+](0) = 0.647004,	Delta[s+](1) = 0.440751,	Delta[s+](2) = 0.271532,	Delta[s+](3) = 0.440751,	Delta[s+](4) = 0.440751,	Delta[s+](5) = 0.21667,	Delta[s+](6) = 0.0789284,	Delta[s+](7) = 0.21667,	Delta[s+](8) = 0.271532,	Delta[s+](9) = 0.0789284,	Delta[s+](10) = 0.0228765,	Delta[s+](11) = 0.0789284,	Delta[s+](12) = 0.440751,	Delta[s+](13) = 0.21667,	Delta[s+](14) = 0.0789284,	Delta[s+](15) = 0.21667
The 9-th iteration is completed.	|| time cost : 0h 1m 43.174s
********************************************************************************************************************
********************************************************************************************************************
Ground state is obtained after 10 iterations. The current ground-state energy is -46.5588, in which electron energy is -46.5629 and phonon energy is 0.00411148
final variational state is: 
	Gamma_x = [      1,1.02301,1.00901,1.02301,1.02301,1.00855,1.00019,1.00855,1.00901,1.00019,1.00707,1.00019,1.02301,1.00855,1.00019,1.00855]
	lambda_q = [  0.724432,  0.358702,  0.158178,  0.358702,  0.358702,  0.154039, 0.0187478,  0.154039,  0.158178, 0.0187478,-0.0990083, 0.0187478,  0.358702,  0.154039, 0.0187478,  0.154039]
The effective e-e interactions mediated by phonons are: [     3.362,   1.44915,  0.376744,   1.44915,   1.44915,  0.370966,0.00623482,  0.370966,  0.376744,0.00623482,  0.183696,0.00623482,   1.44915,  0.370966,0.00623482,  0.370966]
The real-space interactions mediated by phonons are: [ -11.6046, -5.00702,-0.840441, -2.06785, -6.06413, -3.62965,-0.840441,  -1.2365, -2.81532,  -1.2365,-0.840441, -3.62965, -6.06413, -2.06785,-0.840441, -5.00702]
********************************************************************************************************************
o___o  ----------------------------------------
| L |	Time since last clock: 0h 0m 0s
A===A	Time since the beginning: 0h 12m 11.128s
***********************************************

********************************************************************************************************************
Start warm-up calculation for scaling factor 16
open output files: NGSEDWarmUpW3.2Obs.txt
********************************************************************************************************************
Start the 0 rounds of NGS-ED iteration
	effective electronic model is modified as: kinetic energy t = 0.974285
	                                           effective interaction Vq = [   -3.07291,   -1.19525,  -0.299562,   -1.19525,   -1.19525,  -0.293764,-0.00487457,  -0.293764,  -0.299562,-0.00487457,  -0.142886,-0.00487457,   -1.19525,  -0.293764,-0.00487457,  -0.293764]
	PARPACK diagonalization completed after 45 matrix-vector product operations.
	iteration results: : total energy is -43.593025 | electron energy -43.595082 + phonon energy 0.002057 | electron momentum kIdx = 0
	Nq(0) = 9,	Nq(1) = 0.223644,	Nq(2) = 0.264663,	Nq(3) = 0.223644,	Nq(4) = 0.223644,	Nq(5) = 0.247451,	Nq(6) = 0.307093,	Nq(7) = 0.247451,	Nq(8) = 0.264663,	Nq(9) = 0.307093,	Nq(10) = 0.371098,	Nq(11) = 0.307093,	Nq(12) = 0.223644,	Nq(13) = 0.247451,	Nq(14) = 0.307093,	Nq(15) = 0.247451,	Sq(0) = -3.95639e-18,	Sq(1) = 0.53892,	Sq(2) = 0.426786,	Sq(3) = 0.53892,	Sq(4) = 0.53892,	Sq(5) = 0.784906,	Sq(6) = 1.00576,	Sq(7) = 0.784906,	Sq(8) = 0.426786,	Sq(9) = 1.00576,	Sq(10) = 0.814913,	Sq(11) = 1.00576,	Sq(12) = 0.53892,	Sq(13) = 0.784906,	Sq(14) = 1.00576,	Sq(15) = 0.784906,	N(0) = 1.78416,	N(1) = 1.66058,	N(2) = 0.727511,	N(3) = 1.66058,	N(4) = 1.66058,	N(5) = 0.364442,	N(6) = 0.140202,	N(7) = 0.364442,	N(8) = 0.727511,	N(9) = 0.140202,	N(10) = 0.0999101,	N(11) = 0.140202,	N(12) = 1.66058,	N(13) = 0.364442,	N(14) = 0.140202,	N(15) = 0.364442,	Delta[s](0) = 0.0684531,	Delta[s](1) = 0.0484379,	Delta[s](2) = 0.0341007,	Delta[s](3) = 0.0484379,	Delta[s](4) = 0.0484379,	Delta[s](5) = 0.0307337,	Delta[s](6) = 0.0126147,	Delta[s](7) = 0.0307337,	Delta[s](8) = 0.0341007,	Delta[s](9) = 0.0126147,	Delta[s](10) = 0.00278805,	Delta[s](11) = 0.0126147,	Delta[s](12) = 0.0484379,	Delta[s](13) = 0.0307337,	Delta[s](14) = 0.0126147,	Delta[s](15) = 0.0307337,	Delta[d](0) = 0.290992,	Delta[d](1) = 0.231742,	Delta[d](2) = 0.280312,	Delta[d](3) = 0.231742,	Delta[d](4) = 0.231742,	Delta[d](5) = 0.157773,	Delta[d](6) = 0.189624,	Delta[d](7) = 0.157773,	Delta[d](8) = 0.280312,	Delta[d](9) = 0.189624,	Delta[d](10) = 0.094052,	Delta[d](11) = 0.189624,	Delta[d](12) = 0.231742,	Delta[d](13) = 0.157773,	Delta[d](14) = 0.189624,	Delta[d](15) = 0.157773,	Delta[s+](0) = 0.666004,	Delta[s+](1) = 0.454089,	Delta[s+](2) = 0.280312,	Delta[s+](3) = 0.454089,	Delta[s+](4) = 0.454089,	Delta[s+](5) = 0.224131,	Delta[s+](6) = 0.0822898,	Delta[s+](7) = 0.224131,	Delta[s+](8) = 0.280312,	Delta[s+](9) = 0.0822898,	Delta[s+](10) = 0.023776,	Delta[s+](11) = 0.0822898,	Delta[s+](12) = 0.454089,	Delta[s+](13) = 0.224131,	Delta[s+](14) = 0.0822898,	Delta[s+](15) = 0.224131
The 0-th iteration is completed.	|| time cost : 0h 1m 42.526s
********************************************************************************************************************
Start the 1 rounds of NGS-ED iteration
	effective electronic model is modified as: kinetic energy t = 0.97322
	                                           effective interaction Vq = [   -3.20956,   -1.22796,  -0.300971,   -1.22796,   -1.22796,  -0.293657,-0.00480387,  -0.293657,  -0.300971,-0.00480387,  -0.139545,-0.00480387,   -1.22796,  -0.293657,-0.00480387,  -0.293657]
	PARPACK diagonalization completed after 45 matrix-vector product operations.
	iteration results: : total energy is -44.828889 | electron energy -44.833512 + phonon energy 0.004624 | electron momentum kIdx = 0
The 1-th iteration is completed.	|| time cost : 0h 0m 10.233s
********************************************************************************************************************
Start the 2 rounds of NGS-ED iteration
	effective electronic model is modified as: kinetic energy t = 0.972502
	                                           effective interaction Vq = [   -3.28162,   -1.24784,  -0.301809,   -1.24784,   -1.24784,  -0.293803,-0.00477442,  -0.293803,  -0.301809,-0.00477442,  -0.138299,-0.00477442,   -1.24784,  -0.293803,-0.00477442,  -0.293803]
	PARPACK diagonalization completed after 45 matrix-vector product operations.
	iteration results: : total energy is -45.479726 | electron energy -45.486438 + phonon energy 0.006712 | electron momentum kIdx = 0
The 2-th iteration is completed.	|| time cost : 0h 0m 10.245s
********************************************************************************************************************
Start the 3 rounds of NGS-ED iteration
	effective electronic model is modified as: kinetic energy t = 0.972032
	                                           effective interaction Vq = [   -3.31962,   -1.26006,  -0.302297,   -1.26006,   -1.26006,  -0.293974,-0.00476224,  -0.293974,  -0.302297,-0.00476224,  -0.137849,-0.00476224,   -1.26006,  -0.293974,-0.00476224,  -0.293974]
	PARPACK diagonalization completed after 45 matrix-vector product operations.
	iteration results: : total energy is -45.822595 | electron energy -45.830797 + phonon energy 0.008202 | electron momentum kIdx = 0
The 3-th iteration is completed.	|| time cost : 0h 0m 10.23s
********************************************************************************************************************
Start the 4 rounds of NGS-ED iteration
	effective electronic model is modified as: kinetic energy t = 0.971731
	                                           effective interaction Vq = [   -3.33965,   -1.26763,  -0.302578,   -1.26763,   -1.26763,   -0.29411,-0.00475723,   -0.29411,  -0.302578,-0.00475723,  -0.137691,-0.00475723,   -1.26763,   -0.29411,-0.00475723,   -0.29411]
	PARPACK diagonalization completed after 30 matrix-vector product operations.
	iteration results: : total energy is -46.003266 | electron energy -46.012472 + phonon energy 0.009206 | electron momentum kIdx = 0
The 4-th iteration is completed.	|| time cost : 0h 0m 9.145s
********************************************************************************************************************
Start the 5 rounds of NGS-ED iteration
	effective electronic model is modified as: kinetic energy t = 0.97154
	                                           effective interaction Vq = [   -3.35022,   -1.27234,  -0.302736,   -1.27234,   -1.27234,  -0.294203,-0.00475519,  -0.294203,  -0.302736,-0.00475519,   -0.13764,-0.00475519,   -1.27234,  -0.294203,-0.00475519,  -0.294203]
	PARPACK diagonalization completed after 30 matrix-vector product operations.
	iteration results: : total energy is -46.098485 | electron energy -46.108348 + phonon energy 0.009863 | electron momentum kIdx = 0
The 5-th iteration is completed.	|| time cost : 0h 0m 9.139s
********************************************************************************************************************
Start the 6 rounds of NGS-ED iteration
	effective electronic model is modified as: kinetic energy t = 0.971419
	                                           effective interaction Vq = [   -3.35579,   -1.27528,  -0.302825,   -1.27528,   -1.27528,  -0.294262,-0.00475436,  -0.294262,  -0.302825,-0.00475436,  -0.137625,-0.00475436,   -1.27528,  -0.294262,-0.00475436,  -0.294262]
	PARPACK diagonalization completed after 30 matrix-vector product operations.
	iteration results: : total energy is -46.148674 | electron energy -46.158960 + phonon energy 0.010286 | electron momentum kIdx = 0
The 6-th iteration is completed.	|| time cost : 0h 0m 9.142s
********************************************************************************************************************
Start the 7 rounds of NGS-ED iteration
	effective electronic model is modified as: kinetic energy t = 0.971343
	                                           effective interaction Vq = [   -3.35872,   -1.27711,  -0.302874,   -1.27711,   -1.27711,  -0.294299,-0.00475403,  -0.294299,  -0.302874,-0.00475403,  -0.137623,-0.00475403,   -1.27711,  -0.294299,-0.00475403,  -0.294299]
	PARPACK diagonalization completed after 30 matrix-vector product operations.
	iteration results: : total energy is -46.175131 | electron energy -46.185686 + phonon energy 0.010555 | electron momentum kIdx = 0
The 7-th iteration is completed.	|| time cost : 0h 0m 9.136s
********************************************************************************************************************
Start the 8 rounds of NGS-ED iteration
	effective electronic model is modified as: kinetic energy t = 0.971295
	                                           effective interaction Vq = [  -3.36027,  -1.27827, -0.302901,  -1.27827,  -1.27827,  -0.29432,-0.0047539,  -0.29432, -0.302901,-0.0047539, -0.137623,-0.0047539,  -1.27827,  -0.29432,-0.0047539,  -0.29432]
	PARPACK diagonalization completed after 30 matrix-vector product operations.
	iteration results: : total energy is -46.189079 | electron energy -46.199804 + phonon energy 0.010726 | electron momentum kIdx = 0
The 8-th iteration is completed.	|| time cost : 0h 0m 9.144s
********************************************************************************************************************
Start the 9 rounds of NGS-ED iteration
	effective electronic model is modified as: kinetic energy t = 0.971265
	                                           effective interaction Vq = [   -3.36109,   -1.27899,  -0.302915,   -1.27899,   -1.27899,  -0.294333,-0.00475385,  -0.294333,  -0.302915,-0.00475385,  -0.137624,-0.00475385,   -1.27899,  -0.294333,-0.00475385,  -0.294333]
	PARPACK diagonalization completed after 30 matrix-vector product operations.
	iteration results: : total energy is -46.196432 | electron energy -46.207265 + phonon energy 0.010833 | electron momentum kIdx = 0
The 9-th iteration is completed.	|| time cost : 0h 0m 9.141s
********************************************************************************************************************
Start the 10 rounds of NGS-ED iteration
	effective electronic model is modified as: kinetic energy t = 0.971247
	                                           effective interaction Vq = [   -3.36152,   -1.27945,  -0.302923,   -1.27945,   -1.27945,  -0.294341,-0.00475383,  -0.294341,  -0.302923,-0.00475383,  -0.137625,-0.00475383,   -1.27945,  -0.294341,-0.00475383,  -0.294341]
	PARPACK diagonalization completed after 30 matrix-vector product operations.
	iteration results: : total energy is -46.200309 | electron energy -46.211210 + phonon energy 0.010901 | electron momentum kIdx = 0
