SNEDics v3.4 Non-Gaussian ED ground state program		Start at Sat Sep 28 12:15:39 2019

parallized on 16 MPI threads  * 8 OpenMP threads = 128 total threads.
********************************************************************************************************************
********************************************************************************************************************

********************************************************************************************************************
System parameters and configurations
********************************************************************************************************************
Special program options are enabled: splitted diagonal Hamiltonian
********************************************************************************************************************
Read input file "model_params.in"
	Hubbard-Holstein model parameters : 	t = 1    U = 1    g = 4.4721    W = 5    
********************************************************************************************************************
Read input file "hilbertspace_params.in"
	Requested 16-site 2D lattice, with 10 electrons (5, 5)
	Boundary : Periodic		Hilbert space representation : momentum-space (restricted to kIdx = 0)
	Conservation: particle number[U(1)]      spin[U(1)]     momentum
********************************************************************************************************************

Cluster Positions:				Cluster symmetry group : D4
 x ... x ... x ... x .....                       x ... x ... x ... x .....
 |           |           :                       |           |           :
 |           |           :                       |           |           :
12    13    14    15     x                       1     5     6     5     x
 |           |           :                       |           |           :
 |           |           :                       |           |           :
 8 --- 9 ---10 ---11 --- x                       2 --- 6 ---10 --- 6 --- x
 |           |           :                       |           |           :
 |           |           :                       |           |           :
 4     5     6     7     x                       1     5     6     5     x
 |           |           :                       |           |           :
 |           |           :                       |           |           :
 0 --- 1 --- 2 --- 3 --- x                       0 --- 1 --- 2 --- 1 --- x
orbital number : 1
********************************************************************************************************************
Read input file "obs_params.in"
	Observable Type : Nq(All),   Sq(All),   N(All),   Delta[s](All),   Delta[d](All),   Delta[s+](All)
********************************************************************************************************************
** WARNING ** the input observables have non-local factors which have been reinterpreted. The total observable number is 96
********************************************************************************************************************


********************************************************************************************************************
Start calculating the non-Gaussian ED ground state
** WARNING ** Detected low phonon energy W < 10. The initial state will be prepared through a warm-up process.
********************************************************************************************************************
Start warm-up calculation for scaling factor 2
open output files: NGSEDWarmUpW10Obs.txt
********************************************************************************************************************
Start the 0 rounds of NGS-ED iteration
	effective electronic model is modified as: kinetic energy t = 1
	                                           effective interaction Vq = [-0,-0,-0,-0,-0,-0,-0,-0,-0,-0,-0,-0,-0,-0,-0,-0]
	first Hamiltonian is constructed, non-zero numbers = 242521378
	PARPACK diagonalization completed after 45 matrix-vector product operations.
	iteration results: : total energy is -22.568358 | electron energy -22.568358 + phonon energy 0.000000 | electron momentum kIdx = 0
	Nq(0) = 6.25,	Nq(1) = 0.341121,	Nq(2) = 0.357715,	Nq(3) = 0.341121,	Nq(4) = 0.341121,	Nq(5) = 0.357715,	Nq(6) = 0.566105,	Nq(7) = 0.357715,	Nq(8) = 0.357715,	Nq(9) = 0.566105,	Nq(10) = 0.586902,	Nq(11) = 0.566105,	Nq(12) = 0.341121,	Nq(13) = 0.357715,	Nq(14) = 0.566105,	Nq(15) = 0.357715,	Sq(0) = -2.73715e-17,	Sq(1) = 0.40761,	Sq(2) = 0.390942,	Sq(3) = 0.40761,	Sq(4) = 0.40761,	Sq(5) = 0.390942,	Sq(6) = 0.687023,	Sq(7) = 0.390942,	Sq(8) = 0.390942,	Sq(9) = 0.687023,	Sq(10) = 0.663723,	Sq(11) = 0.687023,	Sq(12) = 0.40761,	Sq(13) = 0.390942,	Sq(14) = 0.687023,	Sq(15) = 0.390942,	N(0) = 1.99582,	N(1) = 1.98935,	N(2) = 0.00616428,	N(3) = 1.98935,	N(4) = 1.98935,	N(5) = 0.00616428,	N(6) = 0.00193511,	N(7) = 0.00616428,	N(8) = 0.00616428,	N(9) = 0.00193511,	N(10) = 0.00204954,	N(11) = 0.00193511,	N(12) = 1.98935,	N(13) = 0.00616428,	N(14) = 0.00193511,	N(15) = 0.00616428,	Delta[s](0) = 0.184596,	Delta[s](1) = 0.100272,	Delta[s](2) = 0.0942144,	Delta[s](3) = 0.100272,	Delta[s](4) = 0.100272,	Delta[s](5) = 0.0942144,	Delta[s](6) = 0.0312365,	Delta[s](7) = 0.0942144,	Delta[s](8) = 0.0942144,	Delta[s](9) = 0.0312365,	Delta[s](10) = 0.0301282,	Delta[s](11) = 0.0312365,	Delta[s](12) = 0.100272,	Delta[s](13) = 0.0942144,	Delta[s](14) = 0.0312365,	Delta[s](15) = 0.0942144,	Delta[d](0) = 0.216472,	Delta[d](1) = 0.0730039,	Delta[d](2) = 0.132297,	Delta[d](3) = 0.0730039,	Delta[d](4) = 0.0730039,	Delta[d](5) = 0.11616,	Delta[d](6) = 0.0211039,	Delta[d](7) = 0.11616,	Delta[d](8) = 0.132297,	Delta[d](9) = 0.0211039,	Delta[d](10) = 0.0167152,	Delta[d](11) = 0.0211039,	Delta[d](12) = 0.0730039,	Delta[d](13) = 0.11616,	Delta[d](14) = 0.0211039,	Delta[d](15) = 0.11616,	Delta[s+](0) = 0.487049,	Delta[s+](1) = 0.305279,	Delta[s+](2) = 0.132297,	Delta[s+](3) = 0.305279,	Delta[s+](4) = 0.305279,	Delta[s+](5) = 0.132297,	Delta[s+](6) = 0.0132988,	Delta[s+](7) = 0.132297,	Delta[s+](8) = 0.132297,	Delta[s+](9) = 0.0132988,	Delta[s+](10) = 0.00409121,	Delta[s+](11) = 0.0132988,	Delta[s+](12) = 0.305279,	Delta[s+](13) = 0.132297,	Delta[s+](14) = 0.0132988,	Delta[s+](15) = 0.132297
The 0-th iteration is completed.	|| time cost : 0h 0m 45.979s
********************************************************************************************************************
Start the 1 rounds of NGS-ED iteration
	effective electronic model is modified as: kinetic energy t = 0.888725
	                                           effective interaction Vq = [ -3.4586,-3.30475,-3.16669,-3.30475,-3.30475,-3.16669,-3.18636,-3.16669,-3.16669,-3.18636,-3.11058,-3.18636,-3.30475,-3.16669,-3.18636,-3.16669]
	PARPACK diagonalization completed after 60 matrix-vector product operations.
	iteration results: : total energy is -68.769388 | electron energy -68.784196 + phonon energy 0.014807 | electron momentum kIdx = 0
The 1-th iteration is completed.	|| time cost : 0h 0m 39.483s
********************************************************************************************************************
Start the 2 rounds of NGS-ED iteration
	effective electronic model is modified as: kinetic energy t = 0.791029
	                                           effective interaction Vq = [-3.92667,-3.86179,-3.78738,-3.86179,-3.86179,-3.78738,-3.81704,-3.78738,-3.78738,-3.81704,-3.78125,-3.81704,-3.86179,-3.78738,-3.81704,-3.78738]
	PARPACK diagonalization completed after 60 matrix-vector product operations.
	iteration results: : total energy is -77.446606 | electron energy -77.498909 + phonon energy 0.052303 | electron momentum kIdx = 0
The 2-th iteration is completed.	|| time cost : 0h 0m 3.107s
********************************************************************************************************************
Start the 3 rounds of NGS-ED iteration
	effective electronic model is modified as: kinetic energy t = 0.743799
	                                           effective interaction Vq = [-3.99002,-3.96124,-3.93202,-3.96124,-3.96124,-3.93202,-3.94532,-3.93202,-3.93202,-3.94532,-3.93168,-3.94532,-3.96124,-3.93202,-3.94532,-3.93202]
	PARPACK diagonalization completed after 45 matrix-vector product operations.
	iteration results: : total energy is -78.861869 | electron energy -78.920736 + phonon energy 0.058867 | electron momentum kIdx = 0
The 3-th iteration is completed.	|| time cost : 0h 0m 2.685s
********************************************************************************************************************
Start the 4 rounds of NGS-ED iteration
	effective electronic model is modified as: kinetic energy t = 0.724662
	                                           effective interaction Vq = [-3.99859,-3.98239,-3.96794,-3.98239,-3.98239,-3.96794, -3.9741,-3.96794,-3.96794, -3.9741,-3.96768, -3.9741,-3.98239,-3.96794, -3.9741,-3.96794]
	PARPACK diagonalization completed after 45 matrix-vector product operations.
	iteration results: : total energy is -79.071052 | electron energy -79.131141 + phonon energy 0.060089 | electron momentum kIdx = 0
The 4-th iteration is completed.	|| time cost : 0h 0m 2.708s
********************************************************************************************************************
Start the 5 rounds of NGS-ED iteration
	effective electronic model is modified as: kinetic energy t = 0.717246
	                                           effective interaction Vq = [-3.99975,-3.98811,-3.97854,-3.98811,-3.98811,-3.97854,-3.98201,-3.97854,-3.97854,-3.98201,  -3.978,-3.98201,-3.98811,-3.97854,-3.98201,-3.97854]
	PARPACK diagonalization completed after 45 matrix-vector product operations.
	iteration results: : total energy is -79.101237 | electron energy -79.161648 + phonon energy 0.060411 | electron momentum kIdx = 0
The 5-th iteration is completed.	|| time cost : 0h 0m 2.674s
********************************************************************************************************************
Start the 6 rounds of NGS-ED iteration
	effective electronic model is modified as: kinetic energy t = 0.714413
	                                           effective interaction Vq = [-3.99991,-3.98995,-3.98213,-3.98995,-3.98995,-3.98213,-3.98454,-3.98213,-3.98213,-3.98454,-3.98142,-3.98454,-3.98995,-3.98213,-3.98454,-3.98213]
	PARPACK diagonalization completed after 45 matrix-vector product operations.
	iteration results: : total energy is -79.105561 | electron energy -79.166076 + phonon energy 0.060516 | electron momentum kIdx = 0
The 6-th iteration is completed.	|| time cost : 0h 0m 2.676s
********************************************************************************************************************
Start the 7 rounds of NGS-ED iteration
	effective electronic model is modified as: kinetic energy t = 0.713335
	                                           effective interaction Vq = [-3.99993, -3.9906,-3.98345, -3.9906, -3.9906,-3.98345,-3.98542,-3.98345,-3.98345,-3.98542,-3.98265,-3.98542, -3.9906,-3.98345,-3.98542,-3.98345]
	PARPACK diagonalization completed after 30 matrix-vector product operations.
	iteration results: : total energy is -79.106179 | electron energy -79.166731 + phonon energy 0.060552 | electron momentum kIdx = 0
The 7-th iteration is completed.	|| time cost : 0h 0m 2.321s
********************************************************************************************************************
Start the 8 rounds of NGS-ED iteration
	effective electronic model is modified as: kinetic energy t = 0.712925
	                                           effective interaction Vq = [-3.99994,-3.99084,-3.98395,-3.99084,-3.99084,-3.98395,-3.98573,-3.98395,-3.98395,-3.98573,-3.98311,-3.98573,-3.99084,-3.98395,-3.98573,-3.98395]
	PARPACK diagonalization completed after 30 matrix-vector product operations.
	iteration results: : total energy is -79.106268 | electron energy -79.166832 + phonon energy 0.060564 | electron momentum kIdx = 0
The 8-th iteration is completed.	|| time cost : 0h 0m 2.317s
********************************************************************************************************************
Start the 9 rounds of NGS-ED iteration
	effective electronic model is modified as: kinetic energy t = 0.71277
	                                           effective interaction Vq = [-3.99994,-3.99092,-3.98414,-3.99092,-3.99092,-3.98414,-3.98585,-3.98414,-3.98414,-3.98585,-3.98328,-3.98585,-3.99092,-3.98414,-3.98585,-3.98414]
	PARPACK diagonalization completed after 30 matrix-vector product operations.
	iteration results: : total energy is -79.106280 | electron energy -79.166848 + phonon energy 0.060568 | electron momentum kIdx = 0
	Nq(0) = 6.25,	Nq(1) = 0.511381,	Nq(2) = 0.748243,	Nq(3) = 0.511381,	Nq(4) = 0.511381,	Nq(5) = 0.748243,	Nq(6) = 1.17089,	Nq(7) = 0.748243,	Nq(8) = 0.748243,	Nq(9) = 1.17089,	Nq(10) = 1.40682,	Nq(11) = 1.17089,	Nq(12) = 0.511381,	Nq(13) = 0.748243,	Nq(14) = 1.17089,	Nq(15) = 0.748243,	Sq(0) = -7.62481e-19,	Sq(1) = 0.0401796,	Sq(2) = 0.0722568,	Sq(3) = 0.0401796,	Sq(4) = 0.0401796,	Sq(5) = 0.0722568,	Sq(6) = 0.100947,	Sq(7) = 0.0722568,	Sq(8) = 0.0722568,	Sq(9) = 0.100947,	Sq(10) = 0.126567,	Sq(11) = 0.100947,	Sq(12) = 0.0401796,	Sq(13) = 0.0722568,	Sq(14) = 0.100947,	Sq(15) = 0.0722568,	N(0) = 1.49333,	N(1) = 1.05014,	N(2) = 0.514997,	N(3) = 1.05014,	N(4) = 1.05014,	N(5) = 0.514997,	N(6) = 0.263868,	N(7) = 0.514997,	N(8) = 0.514997,	N(9) = 0.263868,	N(10) = 0.160666,	N(11) = 0.263868,	N(12) = 1.05014,	N(13) = 0.514997,	N(14) = 0.263868,	N(15) = 0.514997,	Delta[s](0) = 0.908108,	Delta[s](1) = 0.267343,	Delta[s](2) = 0.235256,	Delta[s](3) = 0.267343,	Delta[s](4) = 0.267343,	Delta[s](5) = 0.235256,	Delta[s](6) = 0.211233,	Delta[s](7) = 0.235256,	Delta[s](8) = 0.235256,	Delta[s](9) = 0.211233,	Delta[s](10) = 0.203749,	Delta[s](11) = 0.211233,	Delta[s](12) = 0.267343,	Delta[s](13) = 0.235256,	Delta[s](14) = 0.211233,	Delta[s](15) = 0.235256,	Delta[d](0) = 0.0635829,	Delta[d](1) = 0.0602476,	Delta[d](2) = 0.0658771,	Delta[d](3) = 0.0602476,	Delta[d](4) = 0.0602476,	Delta[d](5) = 0.0542249,	Delta[d](6) = 0.0524623,	Delta[d](7) = 0.0542249,	Delta[d](8) = 0.0658771,	Delta[d](9) = 0.0524623,	Delta[d](10) = 0.0454193,	Delta[d](11) = 0.0524623,	Delta[d](12) = 0.0602476,	Delta[d](13) = 0.0542249,	Delta[d](14) = 0.0524623,	Delta[d](15) = 0.0542249,	Delta[s+](0) = 0.156744,	Delta[s+](1) = 0.0955046,	Delta[s+](2) = 0.0658771,	Delta[s+](3) = 0.0955046,	Delta[s+](4) = 0.0955046,	Delta[s+](5) = 0.0658771,	Delta[s+](6) = 0.0459891,	Delta[s+](7) = 0.0658771,	Delta[s+](8) = 0.0658771,	Delta[s+](9) = 0.0459891,	Delta[s+](10) = 0.037304,	Delta[s+](11) = 0.0459891,	Delta[s+](12) = 0.0955046,	Delta[s+](13) = 0.0658771,	Delta[s+](14) = 0.0459891,	Delta[s+](15) = 0.0658771
The 9-th iteration is completed.	|| time cost : 0h 0m 21.709s
********************************************************************************************************************
********************************************************************************************************************
Ground state is obtained after 10 iterations. The current ground-state energy is -79.1063, in which electron energy is -79.1668 and phonon energy is 0.060568
final variational state is: 
	Gamma_x = [      1,1.01862,1.03574,1.01862,1.01862,1.03574,1.05354,1.03574,1.03574,1.05354,1.07004,1.05354,1.01862,1.03574,1.05354,1.03574]
	lambda_q = [0.632422,0.602484,0.592804,0.602484,0.602484,0.592804,0.594971,0.592804,0.592804,0.594971,0.591715,0.594971,0.602484,0.592804,0.594971,0.592804]
********************************************************************************************************************
o___o  ----------------------------------------
| L |	Time since last clock: 0h 0m 0s
A===A	Time since the beginning: 0h 2m 5.662s
***********************************************


********************************************************************************************************************
Warm up runs have been completed. Start calculating W = 5 phonon.
open output files: NGSEDIterationObs.txt
********************************************************************************************************************
Start the 0 rounds of NGS-ED iteration
	effective electronic model is modified as: kinetic energy t = 0.712711
	                                           effective interaction Vq = [-3.65672, -3.5738,-3.54507, -3.5738, -3.5738,-3.54507,-3.55159,-3.54507,-3.54507,-3.55159,-3.54178,-3.55159, -3.5738,-3.54507,-3.55159,-3.54507]
	PARPACK diagonalization completed after 45 matrix-vector product operations.
	iteration results: : total energy is -71.572709 | electron energy -71.602993 + phonon energy 0.030285 | electron momentum kIdx = 0
	Nq(0) = 6.25,	Nq(1) = 0.528161,	Nq(2) = 0.708012,	Nq(3) = 0.528161,	Nq(4) = 0.528161,	Nq(5) = 0.708012,	Nq(6) = 1.15789,	Nq(7) = 0.708012,	Nq(8) = 0.708012,	Nq(9) = 1.15789,	Nq(10) = 1.3393,	Nq(11) = 1.15789,	Nq(12) = 0.528161,	Nq(13) = 0.708012,	Nq(14) = 1.15789,	Nq(15) = 0.708012,	Sq(0) = 9.93551e-19,	Sq(1) = 0.0526309,	Sq(2) = 0.0913281,	Sq(3) = 0.0526309,	Sq(4) = 0.0526309,	Sq(5) = 0.0913281,	Sq(6) = 0.125954,	Sq(7) = 0.0913281,	Sq(8) = 0.0913281,	Sq(9) = 0.125954,	Sq(10) = 0.156126,	Sq(11) = 0.125954,	Sq(12) = 0.0526309,	Sq(13) = 0.0913281,	Sq(14) = 0.125954,	Sq(15) = 0.0913281,	N(0) = 1.57738,	N(1) = 1.12479,	N(2) = 0.480568,	N(3) = 1.12479,	N(4) = 1.12479,	N(5) = 0.480568,	N(6) = 0.226513,	N(7) = 0.480568,	N(8) = 0.480568,	N(9) = 0.226513,	N(10) = 0.134009,	N(11) = 0.226513,	N(12) = 1.12479,	N(13) = 0.480568,	N(14) = 0.226513,	N(15) = 0.480568,	Delta[s](0) = 0.681217,	Delta[s](1) = 0.261718,	Delta[s](2) = 0.242035,	Delta[s](3) = 0.261718,	Delta[s](4) = 0.261718,	Delta[s](5) = 0.242035,	Delta[s](6) = 0.223278,	Delta[s](7) = 0.242035,	Delta[s](8) = 0.242035,	Delta[s](9) = 0.223278,	Delta[s](10) = 0.217372,	Delta[s](11) = 0.223278,	Delta[s](12) = 0.261718,	Delta[s](13) = 0.242035,	Delta[s](14) = 0.223278,	Delta[s](15) = 0.242035,	Delta[d](0) = 0.0699604,	Delta[d](1) = 0.0646798,	Delta[d](2) = 0.0707209,	Delta[d](3) = 0.0646798,	Delta[d](4) = 0.0646798,	Delta[d](5) = 0.058646,	Delta[d](6) = 0.0559406,	Delta[d](7) = 0.058646,	Delta[d](8) = 0.0707209,	Delta[d](9) = 0.0559406,	Delta[d](10) = 0.0481929,	Delta[d](11) = 0.0559406,	Delta[d](12) = 0.0646798,	Delta[d](13) = 0.058646,	Delta[d](14) = 0.0559406,	Delta[d](15) = 0.058646,	Delta[s+](0) = 0.168201,	Delta[s+](1) = 0.105003,	Delta[s+](2) = 0.0707209,	Delta[s+](3) = 0.105003,	Delta[s+](4) = 0.105003,	Delta[s+](5) = 0.0707209,	Delta[s+](6) = 0.0476227,	Delta[s+](7) = 0.0707209,	Delta[s+](8) = 0.0707209,	Delta[s+](9) = 0.0476227,	Delta[s+](10) = 0.0374729,	Delta[s+](11) = 0.0476227,	Delta[s+](12) = 0.105003,	Delta[s+](13) = 0.0707209,	Delta[s+](14) = 0.0476227,	Delta[s+](15) = 0.0707209
The 0-th iteration is completed.	|| time cost : 0h 0m 21.034s
********************************************************************************************************************
Start the 1 rounds of NGS-ED iteration
	effective electronic model is modified as: kinetic energy t = 0.651188
	                                           effective interaction Vq = [-3.87367,-3.79767,-3.76534,-3.79767,-3.79767,-3.76534,-3.77996,-3.76534,-3.76534,-3.77996,-3.77024,-3.77996,-3.79767,-3.76534,-3.77996,-3.76534]
	PARPACK diagonalization completed after 60 matrix-vector product operations.
	iteration results: : total energy is -74.913148 | electron energy -75.024175 + phonon energy 0.111026 | electron momentum kIdx = 0
The 1-th iteration is completed.	|| time cost : 0h 0m 3.09s
********************************************************************************************************************
Start the 2 rounds of NGS-ED iteration
	effective electronic model is modified as: kinetic energy t = 0.607398
	                                           effective interaction Vq = [-3.95349,-3.89728,-3.87201,-3.89728,-3.89728,-3.87201,-3.88598,-3.87201,-3.87201,-3.88598,-3.87983,-3.88598,-3.89728,-3.87201,-3.88598,-3.87201]
	PARPACK diagonalization completed after 45 matrix-vector product operations.
	iteration results: : total energy is -76.246546 | electron energy -76.393778 + phonon energy 0.147232 | electron momentum kIdx = 0
The 2-th iteration is completed.	|| time cost : 0h 0m 2.673s
********************************************************************************************************************
Start the 3 rounds of NGS-ED iteration
	effective electronic model is modified as: kinetic energy t = 0.578209
	                                           effective interaction Vq = [-3.98285,-3.94269,-3.92389,-3.94269,-3.94269,-3.92389,-3.93487,-3.92389,-3.92389,-3.93487,-3.93109,-3.93487,-3.94269,-3.92389,-3.93487,-3.92389]
	PARPACK diagonalization completed after 45 matrix-vector product operations.
	iteration results: : total energy is -76.765171 | electron energy -76.921197 + phonon energy 0.156026 | electron momentum kIdx = 0
The 3-th iteration is completed.	|| time cost : 0h 0m 2.682s
********************************************************************************************************************
Start the 4 rounds of NGS-ED iteration
	effective electronic model is modified as: kinetic energy t = 0.559316
	                                           effective interaction Vq = [-3.99365,-3.96436,-3.95012,-3.96436,-3.96436,-3.95012,-3.95821,-3.95012,-3.95012,-3.95821,-3.95573,-3.95821,-3.96436,-3.95012,-3.95821,-3.95012]
	PARPACK diagonalization completed after 45 matrix-vector product operations.
	iteration results: : total energy is -76.964910 | electron energy -77.119807 + phonon energy 0.154897 | electron momentum kIdx = 0
The 4-th iteration is completed.	|| time cost : 0h 0m 2.674s
********************************************************************************************************************
Start the 5 rounds of NGS-ED iteration
	effective electronic model is modified as: kinetic energy t = 0.547261
	                                           effective interaction Vq = [-3.99762,-3.97529,-3.96403,-3.97529,-3.97529,-3.96403,-3.96994,-3.96403,-3.96403,-3.96994,-3.96815,-3.96994,-3.97529,-3.96403,-3.96994,-3.96403]
	PARPACK diagonalization completed after 45 matrix-vector product operations.
	iteration results: : total energy is -77.041640 | electron energy -77.193035 + phonon energy 0.151395 | electron momentum kIdx = 0
The 5-th iteration is completed.	|| time cost : 0h 0m 2.679s
********************************************************************************************************************
Start the 6 rounds of NGS-ED iteration
	effective electronic model is modified as: kinetic energy t = 0.539627
	                                           effective interaction Vq = [-3.99908, -3.9811,-3.97174, -3.9811, -3.9811,-3.97174,-3.97615,-3.97174,-3.97174,-3.97615,-3.97473,-3.97615, -3.9811,-3.97174,-3.97615,-3.97174]
	PARPACK diagonalization completed after 45 matrix-vector product operations.
	iteration results: : total energy is -77.071125 | electron energy -77.219179 + phonon energy 0.148054 | electron momentum kIdx = 0
The 6-th iteration is completed.	|| time cost : 0h 0m 2.677s
********************************************************************************************************************
Start the 7 rounds of NGS-ED iteration
	effective electronic model is modified as: kinetic energy t = 0.534812
	                                           effective interaction Vq = [-3.99962,-3.98433,-3.97618,-3.98433,-3.98433,-3.97618,-3.97959,-3.97618,-3.97618,-3.97959,-3.97838,-3.97959,-3.98433,-3.97618,-3.97959,-3.97618]
	PARPACK diagonalization completed after 45 matrix-vector product operations.
	iteration results: : total energy is -77.082471 | electron energy -77.227959 + phonon energy 0.145488 | electron momentum kIdx = 0
The 7-th iteration is completed.	|| time cost : 0h 0m 2.687s
********************************************************************************************************************
Start the 8 rounds of NGS-ED iteration
	effective electronic model is modified as: kinetic energy t = 0.531783
	                                           effective interaction Vq = [-3.99982,-3.98619,-3.97882,-3.98619,-3.98619,-3.97882,-3.98156,-3.97882,-3.97882,-3.98156,-3.98047,-3.98156,-3.98619,-3.97882,-3.98156,-3.97882]
	PARPACK diagonalization completed after 45 matrix-vector product operations.
	iteration results: : total energy is -77.086843 | electron energy -77.230528 + phonon energy 0.143685 | electron momentum kIdx = 0
The 8-th iteration is completed.	|| time cost : 0h 0m 2.68s
********************************************************************************************************************
Start the 9 rounds of NGS-ED iteration
	effective electronic model is modified as: kinetic energy t = 0.529881
	                                           effective interaction Vq = [-3.99989, -3.9873,-3.98043, -3.9873, -3.9873,-3.98043,-3.98271,-3.98043,-3.98043,-3.98271, -3.9817,-3.98271, -3.9873,-3.98043,-3.98271,-3.98043]
	PARPACK diagonalization completed after 45 matrix-vector product operations.
	iteration results: : total energy is -77.088531 | electron energy -77.231003 + phonon energy 0.142471 | electron momentum kIdx = 0
The 9-th iteration is completed.	|| time cost : 0h 0m 2.679s
********************************************************************************************************************
Start the 10 rounds of NGS-ED iteration
	effective electronic model is modified as: kinetic energy t = 0.528688
	                                           effective interaction Vq = [-3.99992,-3.98797,-3.98142,-3.98797,-3.98797,-3.98142, -3.9834,-3.98142,-3.98142, -3.9834,-3.98243, -3.9834,-3.98797,-3.98142, -3.9834,-3.98142]
	PARPACK diagonalization completed after 45 matrix-vector product operations.
	iteration results: : total energy is -77.089184 | electron energy -77.230859 + phonon energy 0.141675 | electron momentum kIdx = 0
	Nq(0) = 6.25,	Nq(1) = 0.516225,	Nq(2) = 0.788097,	Nq(3) = 0.516225,	Nq(4) = 0.516225,	Nq(5) = 0.788097,	Nq(6) = 1.19839,	Nq(7) = 0.788097,	Nq(8) = 0.788097,	Nq(9) = 1.19839,	Nq(10) = 1.5004,	Nq(11) = 1.19839,	Nq(12) = 0.516225,	Nq(13) = 0.788097,	Nq(14) = 1.19839,	Nq(15) = 0.788097,	Sq(0) = -2.7135e-19,	Sq(1) = 0.022387,	Sq(2) = 0.0422651,	Sq(3) = 0.022387,	Sq(4) = 0.022387,	Sq(5) = 0.0422651,	Sq(6) = 0.0605087,	Sq(7) = 0.0422651,	Sq(8) = 0.0422651,	Sq(9) = 0.0605087,	Sq(10) = 0.0773998,	Sq(11) = 0.0605087,	Sq(12) = 0.022387,	Sq(13) = 0.0422651,	Sq(14) = 0.0605087,	Sq(15) = 0.0422651,	N(0) = 1.30375,	N(1) = 0.930611,	N(2) = 0.563312,	N(3) = 0.930611,	N(4) = 0.930611,	N(5) = 0.563312,	N(6) = 0.342037,	N(7) = 0.563312,	N(8) = 0.563312,	N(9) = 0.342037,	N(10) = 0.225793,	N(11) = 0.342037,	N(12) = 0.930611,	N(13) = 0.563312,	N(14) = 0.342037,	N(15) = 0.563312,	Delta[s](0) = 0.492258,	Delta[s](1) = 0.289918,	Delta[s](2) = 0.27795,	Delta[s](3) = 0.289918,	Delta[s](4) = 0.289918,	Delta[s](5) = 0.27795,	Delta[s](6) = 0.27047,	Delta[s](7) = 0.27795,	Delta[s](8) = 0.27795,	Delta[s](9) = 0.27047,	Delta[s](10) = 0.267202,	Delta[s](11) = 0.27047,	Delta[s](12) = 0.289918,	Delta[s](13) = 0.27795,	Delta[s](14) = 0.27047,	Delta[s](15) = 0.27795,	Delta[d](0) = 0.0599744,	Delta[d](1) = 0.0595645,	Delta[d](2) = 0.0630167,	Delta[d](3) = 0.0595645,	Delta[d](4) = 0.0595645,	Delta[d](5) = 0.0561017,	Delta[d](6) = 0.0559195,	Delta[d](7) = 0.0561017,	Delta[d](8) = 0.0630167,	Delta[d](9) = 0.0559195,	Delta[d](10) = 0.0523443,	Delta[d](11) = 0.0559195,	Delta[d](12) = 0.0595645,	Delta[d](13) = 0.0561017,	Delta[d](14) = 0.0559195,	Delta[d](15) = 0.0561017,	Delta[s+](0) = 0.10524,	Delta[s+](1) = 0.0770176,	Delta[s+](2) = 0.0630167,	Delta[s+](3) = 0.0770176,	Delta[s+](4) = 0.0770176,	Delta[s+](5) = 0.0630167,	Delta[s+](6) = 0.0533342,	Delta[s+](7) = 0.0630167,	Delta[s+](8) = 0.0630167,	Delta[s+](9) = 0.0533342,	Delta[s+](10) = 0.0482887,	Delta[s+](11) = 0.0533342,	Delta[s+](12) = 0.0770176,	Delta[s+](13) = 0.0630167,	Delta[s+](14) = 0.0533342,	Delta[s+](15) = 0.0630167
The 10-th iteration is completed.	|| time cost : 0h 0m 21.02s
********************************************************************************************************************
Start the 11 rounds of NGS-ED iteration
	effective electronic model is modified as: kinetic energy t = 0.527939
	                                           effective interaction Vq = [-3.99993,-3.98838,-3.98204,-3.98838,-3.98838,-3.98204,-3.98382,-3.98204,-3.98204,-3.98382,-3.98287,-3.98382,-3.98838,-3.98204,-3.98382,-3.98204]
	PARPACK diagonalization completed after 30 matrix-vector product operations.
	iteration results: : total energy is -77.089437 | electron energy -77.230597 + phonon energy 0.141161 | electron momentum kIdx = 0
The 11-th iteration is completed.	|| time cost : 0h 0m 2.287s
********************************************************************************************************************
Start the 12 rounds of NGS-ED iteration
	effective electronic model is modified as: kinetic energy t = 0.52747
	                                           effective interaction Vq = [-3.99993,-3.98863,-3.98243,-3.98863,-3.98863,-3.98243,-3.98407,-3.98243,-3.98243,-3.98407,-3.98314,-3.98407,-3.98863,-3.98243,-3.98407,-3.98243]
	PARPACK diagonalization completed after 30 matrix-vector product operations.
	iteration results: : total energy is -77.089535 | electron energy -77.230366 + phonon energy 0.140831 | electron momentum kIdx = 0
The 12-th iteration is completed.	|| time cost : 0h 0m 2.328s
********************************************************************************************************************
Start the 13 rounds of NGS-ED iteration
	effective electronic model is modified as: kinetic energy t = 0.527175
	                                           effective interaction Vq = [-3.99993,-3.98879,-3.98268,-3.98879,-3.98879,-3.98268,-3.98422,-3.98268,-3.98268,-3.98422, -3.9833,-3.98422,-3.98879,-3.98268,-3.98422,-3.98268]
	PARPACK diagonalization completed after 30 matrix-vector product operations.
	iteration results: : total energy is -77.089573 | electron energy -77.230194 + phonon energy 0.140621 | electron momentum kIdx = 0
The 13-th iteration is completed.	|| time cost : 0h 0m 2.29s
********************************************************************************************************************
Start the 14 rounds of NGS-ED iteration
	effective electronic model is modified as: kinetic energy t = 0.526991
	                                           effective interaction Vq = [-3.99994,-3.98888,-3.98284,-3.98888,-3.98888,-3.98284,-3.98431,-3.98284,-3.98284,-3.98431, -3.9834,-3.98431,-3.98888,-3.98284,-3.98431,-3.98284]
	PARPACK diagonalization completed after 30 matrix-vector product operations.
	iteration results: : total energy is -77.089588 | electron energy -77.230076 + phonon energy 0.140488 | electron momentum kIdx = 0
The 14-th iteration is completed.	|| time cost : 0h 0m 2.291s
********************************************************************************************************************
Start the 15 rounds of NGS-ED iteration
	effective electronic model is modified as: kinetic energy t = 0.526875
	                                           effective interaction Vq = [-3.99994,-3.98894,-3.98294,-3.98894,-3.98894,-3.98294,-3.98437,-3.98294,-3.98294,-3.98437,-3.98346,-3.98437,-3.98894,-3.98294,-3.98437,-3.98294]
	PARPACK diagonalization completed after 30 matrix-vector product operations.
	iteration results: : total energy is -77.089594 | electron energy -77.229997 + phonon energy 0.140403 | electron momentum kIdx = 0
The 15-th iteration is completed.	|| time cost : 0h 0m 2.318s
********************************************************************************************************************
Start the 16 rounds of NGS-ED iteration
	effective electronic model is modified as: kinetic energy t = 0.526802
	                                           effective interaction Vq = [-3.99994,-3.98898,  -3.983,-3.98898,-3.98898,  -3.983, -3.9844,  -3.983,  -3.983, -3.9844, -3.9835, -3.9844,-3.98898,  -3.983, -3.9844,  -3.983]
	PARPACK diagonalization completed after 30 matrix-vector product operations.
	iteration results: : total energy is -77.089596 | electron energy -77.229946 + phonon energy 0.140350 | electron momentum kIdx = 0
The 16-th iteration is completed.	|| time cost : 0h 0m 2.277s
********************************************************************************************************************
Start the 17 rounds of NGS-ED iteration
	effective electronic model is modified as: kinetic energy t = 0.526757
	                                           effective interaction Vq = [-3.99994,-3.98901,-3.98304,-3.98901,-3.98901,-3.98304,-3.98442,-3.98304,-3.98304,-3.98442,-3.98353,-3.98442,-3.98901,-3.98304,-3.98442,-3.98304]
	PARPACK diagonalization completed after 30 matrix-vector product operations.
	iteration results: : total energy is -77.089597 | electron energy -77.229913 + phonon energy 0.140316 | electron momentum kIdx = 0
The 17-th iteration is completed.	|| time cost : 0h 0m 2.276s
********************************************************************************************************************
Start the 18 rounds of NGS-ED iteration
	effective electronic model is modified as: kinetic energy t = 0.526728
	                                           effective interaction Vq = [-3.99994,-3.98902,-3.98307,-3.98902,-3.98902,-3.98307,-3.98444,-3.98307,-3.98307,-3.98444,-3.98354,-3.98444,-3.98902,-3.98307,-3.98444,-3.98307]
	PARPACK diagonalization completed after 30 matrix-vector product operations.
	iteration results: : total energy is -77.089597 | electron energy -77.229892 + phonon energy 0.140295 | electron momentum kIdx = 0
The 18-th iteration is completed.	|| time cost : 0h 0m 2.292s
********************************************************************************************************************
Start the 19 rounds of NGS-ED iteration
	effective electronic model is modified as: kinetic energy t = 0.52671
	                                           effective interaction Vq = [-3.99994,-3.98903,-3.98308,-3.98903,-3.98903,-3.98308,-3.98445,-3.98308,-3.98308,-3.98445,-3.98355,-3.98445,-3.98903,-3.98308,-3.98445,-3.98308]
	PARPACK diagonalization completed after 30 matrix-vector product operations.
	iteration results: : total energy is -77.089597 | electron energy -77.229879 + phonon energy 0.140281 | electron momentum kIdx = 0
The 19-th iteration is completed.	|| time cost : 0h 0m 2.296s
********************************************************************************************************************
Start the 20 rounds of NGS-ED iteration
	effective electronic model is modified as: kinetic energy t = 0.526699
	                                           effective interaction Vq = [-3.99994,-3.98904,-3.98309,-3.98904,-3.98904,-3.98309,-3.98445,-3.98309,-3.98309,-3.98445,-3.98355,-3.98445,-3.98904,-3.98309,-3.98445,-3.98309]
	PARPACK diagonalization completed after 30 matrix-vector product operations.
	iteration results: : total energy is -77.089597 | electron energy -77.229870 + phonon energy 0.140273 | electron momentum kIdx = 0
	Nq(0) = 6.25,	Nq(1) = 0.515916,	Nq(2) = 0.790185,	Nq(3) = 0.515916,	Nq(4) = 0.515916,	Nq(5) = 0.790185,	Nq(6) = 1.19686,	Nq(7) = 0.790185,	Nq(8) = 0.790185,	Nq(9) = 1.19686,	Nq(10) = 1.5002,	Nq(11) = 1.19686,	Nq(12) = 0.515916,	Nq(13) = 0.790185,	Nq(14) = 1.19686,	Nq(15) = 0.790185,	Sq(0) = 3.98058e-19,	Sq(1) = 0.0222048,	Sq(2) = 0.0419422,	Sq(3) = 0.0222048,	Sq(4) = 0.0222048,	Sq(5) = 0.0419422,	Sq(6) = 0.0600649,	Sq(7) = 0.0419422,	Sq(8) = 0.0419422,	Sq(9) = 0.0600649,	Sq(10) = 0.0768512,	Sq(11) = 0.0600649,	Sq(12) = 0.0222048,	Sq(13) = 0.0419422,	Sq(14) = 0.0600649,	Sq(15) = 0.0419422,	N(0) = 1.30121,	N(1) = 0.929231,	N(2) = 0.563831,	N(3) = 0.929231,	N(4) = 0.929231,	N(5) = 0.563831,	N(6) = 0.343043,	N(7) = 0.563831,	N(8) = 0.563831,	N(9) = 0.343043,	N(10) = 0.22671,	N(11) = 0.343043,	N(12) = 0.929231,	N(13) = 0.563831,	N(14) = 0.343043,	N(15) = 0.563831,	Delta[s](0) = 0.490716,	Delta[s](1) = 0.290104,	Delta[s](2) = 0.278214,	Delta[s](3) = 0.290104,	Delta[s](4) = 0.290104,	Delta[s](5) = 0.278214,	Delta[s](6) = 0.270808,	Delta[s](7) = 0.278214,	Delta[s](8) = 0.278214,	Delta[s](9) = 0.270808,	Delta[s](10) = 0.267556,	Delta[s](11) = 0.270808,	Delta[s](12) = 0.290104,	Delta[s](13) = 0.278214,	Delta[s](14) = 0.270808,	Delta[s](15) = 0.278214,	Delta[d](0) = 0.0600029,	Delta[d](1) = 0.0596045,	Delta[d](2) = 0.06303,	Delta[d](3) = 0.0596045,	Delta[d](4) = 0.0596045,	Delta[d](5) = 0.0561676,	Delta[d](6) = 0.0559898,	Delta[d](7) = 0.0561676,	Delta[d](8) = 0.06303,	Delta[d](9) = 0.0559898,	Delta[d](10) = 0.0524441,	Delta[d](11) = 0.0559898,	Delta[d](12) = 0.0596045,	Delta[d](13) = 0.0561676,	Delta[d](14) = 0.0559898,	Delta[d](15) = 0.0561676,	Delta[s+](0) = 0.104857,	Delta[s+](1) = 0.0768995,	Delta[s+](2) = 0.06303,	Delta[s+](3) = 0.0768995,	Delta[s+](4) = 0.0768995,	Delta[s+](5) = 0.06303,	Delta[s+](6) = 0.053433,	Delta[s+](7) = 0.06303,	Delta[s+](8) = 0.06303,	Delta[s+](9) = 0.053433,	Delta[s+](10) = 0.0484249,	Delta[s+](11) = 0.053433,	Delta[s+](12) = 0.0768995,	Delta[s+](13) = 0.06303,	Delta[s+](14) = 0.053433,	Delta[s+](15) = 0.06303
The 20-th iteration is completed.	|| time cost : 0h 0m 20.995s
********************************************************************************************************************
Start the 21 rounds of NGS-ED iteration
	effective electronic model is modified as: kinetic energy t = 0.526692
	                                           effective interaction Vq = [-3.99994,-3.98904, -3.9831,-3.98904,-3.98904, -3.9831,-3.98445, -3.9831, -3.9831,-3.98445,-3.98356,-3.98445,-3.98904, -3.9831,-3.98445, -3.9831]
	PARPACK diagonalization completed after 30 matrix-vector product operations.
	iteration results: : total energy is -77.089597 | electron energy -77.229865 + phonon energy 0.140268 | electron momentum kIdx = 0
The 21-th iteration is completed.	|| time cost : 0h 0m 2.284s
********************************************************************************************************************
Start the 22 rounds of NGS-ED iteration
	effective electronic model is modified as: kinetic energy t = 0.526688
	                                           effective interaction Vq = [-3.99994,-3.98904, -3.9831,-3.98904,-3.98904, -3.9831,-3.98445, -3.9831, -3.9831,-3.98445,-3.98356,-3.98445,-3.98904, -3.9831,-3.98445, -3.9831]
	PARPACK diagonalization completed after 30 matrix-vector product operations.
	iteration results: : total energy is -77.089597 | electron energy -77.229862 + phonon energy 0.140264 | electron momentum kIdx = 0
The 22-th iteration is completed.	|| time cost : 0h 0m 2.322s
********************************************************************************************************************
Start the 23 rounds of NGS-ED iteration
	effective electronic model is modified as: kinetic energy t = 0.526685
	                                           effective interaction Vq = [-3.99994,-3.98904,-3.98311,-3.98904,-3.98904,-3.98311,-3.98446,-3.98311,-3.98311,-3.98446,-3.98356,-3.98446,-3.98904,-3.98311,-3.98446,-3.98311]
	PARPACK diagonalization completed after 30 matrix-vector product operations.
	iteration results: : total energy is -77.089597 | electron energy -77.229859 + phonon energy 0.140262 | electron momentum kIdx = 0
The 23-th iteration is completed.	|| time cost : 0h 0m 2.287s
********************************************************************************************************************
Start the 24 rounds of NGS-ED iteration
	effective electronic model is modified as: kinetic energy t = 0.526683
	                                           effective interaction Vq = [-3.99994,-3.98904,-3.98311,-3.98904,-3.98904,-3.98311,-3.98446,-3.98311,-3.98311,-3.98446,-3.98356,-3.98446,-3.98904,-3.98311,-3.98446,-3.98311]
