SNEDics v3.4 Non-Gaussian ED ground state program		Start at Wed Oct  2 00:28:37 2019

parallized on 16 MPI threads  * 8 OpenMP threads = 128 total threads.
********************************************************************************************************************
********************************************************************************************************************

********************************************************************************************************************
System parameters and configurations
********************************************************************************************************************
Special program options are enabled: splitted diagonal Hamiltonian
********************************************************************************************************************
Read input file "model_params.in"
	Hubbard-Holstein model parameters : 	t = 1    U = 5.2    g = 4    W = 5    
********************************************************************************************************************
Read input file "hilbertspace_params.in"
	Requested 16-site 2D lattice, with 16 electrons (8, 8)
	Boundary : Periodic		Hilbert space representation : momentum-space (restricted to kIdx = 10)
	Conservation: particle number[U(1)]      spin[U(1)]     momentum
********************************************************************************************************************

Cluster Positions:				Cluster symmetry group : D4
 x ... x ... x ... x .....                       x ... x ... x ... x .....
 |           |           :                       |           |           :
 |           |           :                       |           |           :
12    13    14    15     x                       1     5     6     5     x
 |           |           :                       |           |           :
 |           |           :                       |           |           :
 8 --- 9 ---10 ---11 --- x                       2 --- 6 ---10 --- 6 --- x
 |           |           :                       |           |           :
 |           |           :                       |           |           :
 4     5     6     7     x                       1     5     6     5     x
 |           |           :                       |           |           :
 |           |           :                       |           |           :
 0 --- 1 --- 2 --- 3 --- x                       0 --- 1 --- 2 --- 1 --- x
orbital number : 1
********************************************************************************************************************
Read input file "obs_params.in"
	Observable Type : Nq(All),   Sq(All),   N(All),   Delta[s](All),   Delta[d](All),   Delta[s+](All)
********************************************************************************************************************
** WARNING ** the input observables have non-local factors which have been reinterpreted. The total observable number is 96
********************************************************************************************************************


********************************************************************************************************************
Start calculating the non-Gaussian ED ground state
** WARNING ** Detected low phonon energy W < 10. The initial state will be prepared through a warm-up process.
********************************************************************************************************************
Start warm-up calculation for scaling factor 2
open output files: NGSEDWarmUpW10Obs.txt
********************************************************************************************************************
Start the 0 rounds of NGS-ED iteration
	effective electronic model is modified as: kinetic energy t = 1
	                                           effective interaction Vq = [-0,-0,-0,-0,-0,-0,-0,-0,-0,-0,-0,-0,-0,-0,-0,-0]
	first Hamiltonian is constructed, non-zero numbers = 2845334624
	PARPACK diagonalization completed after 90 matrix-vector product operations.
	iteration results: : total energy is -11.460858 | electron energy -11.460858 + phonon energy 0.000000 | electron momentum kIdx = 10
	Nq(0) = 16,	Nq(1) = 0.122753,	Nq(2) = 0.189855,	Nq(3) = 0.122753,	Nq(4) = 0.122753,	Nq(5) = 0.189855,	Nq(6) = 0.257617,	Nq(7) = 0.189855,	Nq(8) = 0.189855,	Nq(9) = 0.257617,	Nq(10) = 0.314806,	Nq(11) = 0.257617,	Nq(12) = 0.122753,	Nq(13) = 0.189855,	Nq(14) = 0.257617,	Nq(15) = 0.189855,	Sq(0) = -1.83609e-18,	Sq(1) = 0.283989,	Sq(2) = 0.408305,	Sq(3) = 0.283989,	Sq(4) = 0.283989,	Sq(5) = 0.408305,	Sq(6) = 0.604744,	Sq(7) = 0.408305,	Sq(8) = 0.408305,	Sq(9) = 0.604744,	Sq(10) = 7.01983,	Sq(11) = 0.604744,	Sq(12) = 0.283989,	Sq(13) = 0.408305,	Sq(14) = 0.604744,	Sq(15) = 0.408305,	N(0) = 1.88857,	N(1) = 1.75552,	N(2) = 1,	N(3) = 1.75552,	N(4) = 1.75552,	N(5) = 1,	N(6) = 0.244478,	N(7) = 1,	N(8) = 1,	N(9) = 0.244478,	N(10) = 0.111429,	N(11) = 0.244478,	N(12) = 1.75552,	N(13) = 1,	N(14) = 0.244478,	N(15) = 1,	Delta[s](0) = 0.14016,	Delta[s](1) = 0.119189,	Delta[s](2) = 0.0943985,	Delta[s](3) = 0.119189,	Delta[s](4) = 0.119189,	Delta[s](5) = 0.0943985,	Delta[s](6) = 0.0698164,	Delta[s](7) = 0.0943985,	Delta[s](8) = 0.0943985,	Delta[s](9) = 0.0698164,	Delta[s](10) = 0.0251318,	Delta[s](11) = 0.0698164,	Delta[s](12) = 0.119189,	Delta[s](13) = 0.0943985,	Delta[s](14) = 0.0698164,	Delta[s](15) = 0.0943985,	Delta[d](0) = 0.530119,	Delta[d](1) = 0.416885,	Delta[d](2) = 0.349071,	Delta[d](3) = 0.416885,	Delta[d](4) = 0.416885,	Delta[d](5) = 0.386977,	Delta[d](6) = 0.320469,	Delta[d](7) = 0.386977,	Delta[d](8) = 0.349071,	Delta[d](9) = 0.320469,	Delta[d](10) = 0.259795,	Delta[d](11) = 0.320469,	Delta[d](12) = 0.416885,	Delta[d](13) = 0.386977,	Delta[d](14) = 0.320469,	Delta[d](15) = 0.386977,	Delta[s+](0) = 0.596008,	Delta[s+](1) = 0.492479,	Delta[s+](2) = 0.349071,	Delta[s+](3) = 0.492479,	Delta[s+](4) = 0.492479,	Delta[s+](5) = 0.349071,	Delta[s+](6) = 0.208824,	Delta[s+](7) = 0.349071,	Delta[s+](8) = 0.349071,	Delta[s+](9) = 0.208824,	Delta[s+](10) = 0.0938201,	Delta[s+](11) = 0.208824,	Delta[s+](12) = 0.492479,	Delta[s+](13) = 0.349071,	Delta[s+](14) = 0.208824,	Delta[s+](15) = 0.349071
The 0-th iteration is completed.	|| time cost : 0h 8m 39.701s
********************************************************************************************************************
Start the 1 rounds of NGS-ED iteration
	effective electronic model is modified as: kinetic energy t = 0.924791
	                                           effective interaction Vq = [-2.76693,-2.48132,-2.40189,-2.48132,-2.48132,-2.40189,-2.36681,-2.40189,-2.40189,-2.36681,-2.33384,-2.36681,-2.48132,-2.40189,-2.36681,-2.40189]
	PARPACK diagonalization completed after 45 matrix-vector product operations.
	iteration results: : total energy is -65.125309 | electron energy -65.130047 + phonon energy 0.004737 | electron momentum kIdx = 10
The 1-th iteration is completed.	|| time cost : 0h 7m 28.841s
********************************************************************************************************************
Start the 2 rounds of NGS-ED iteration
	effective electronic model is modified as: kinetic energy t = 0.86449
	                                           effective interaction Vq = [-3.14139,-2.99781,-2.87044,-2.99781,-2.99781,-2.87044, -2.8821,-2.87044,-2.87044, -2.8821,-2.81133, -2.8821,-2.99781,-2.87044, -2.8821,-2.87044]
	PARPACK diagonalization completed after 45 matrix-vector product operations.
	iteration results: : total energy is -73.490690 | electron energy -73.534817 + phonon energy 0.044127 | electron momentum kIdx = 10
The 2-th iteration is completed.	|| time cost : 0h 0m 32.022s
********************************************************************************************************************
Start the 3 rounds of NGS-ED iteration
	effective electronic model is modified as: kinetic energy t = 0.831856
	                                           effective interaction Vq = [-3.19207,-3.11032,-3.06685,-3.11032,-3.11032,-3.06685,-3.01594,-3.06685,-3.06685,-3.01594,-2.93578,-3.01594,-3.11032,-3.06685,-3.01594,-3.06685]
	PARPACK diagonalization completed after 30 matrix-vector product operations.
	iteration results: : total energy is -74.902957 | electron energy -74.985777 + phonon energy 0.082820 | electron momentum kIdx = 10
The 3-th iteration is completed.	|| time cost : 0h 0m 27.385s
********************************************************************************************************************
Start the 4 rounds of NGS-ED iteration
	effective electronic model is modified as: kinetic energy t = 0.819912
	                                           effective interaction Vq = [-3.19893,-3.13816,-3.11674,-3.13816,-3.13816,-3.11674,-3.05392,-3.11674,-3.11674,-3.05392,-2.97311,-3.05392,-3.13816,-3.11674,-3.05392,-3.11674]
	PARPACK diagonalization completed after 30 matrix-vector product operations.
	iteration results: : total energy is -75.090975 | electron energy -75.194082 + phonon energy 0.103107 | electron momentum kIdx = 10
The 4-th iteration is completed.	|| time cost : 0h 0m 27.407s
********************************************************************************************************************
Start the 5 rounds of NGS-ED iteration
	effective electronic model is modified as: kinetic energy t = 0.815693
	                                           effective interaction Vq = [-3.19985,-3.14637,-3.13161,-3.14637,-3.14637,-3.13161,-3.06617,-3.13161,-3.13161,-3.06617,-2.98553,-3.06617,-3.14637,-3.13161,-3.06617,-3.13161]
	PARPACK diagonalization completed after 30 matrix-vector product operations.
	iteration results: : total energy is -75.115527 | electron energy -75.226792 + phonon energy 0.111265 | electron momentum kIdx = 10
The 5-th iteration is completed.	|| time cost : 0h 0m 27.515s
********************************************************************************************************************
Start the 6 rounds of NGS-ED iteration
	effective electronic model is modified as: kinetic energy t = 0.81422
	                                           effective interaction Vq = [-3.19998,-3.14901,-3.13645,-3.14901,-3.14901,-3.13645,-3.07035,-3.13645,-3.13645,-3.07035,-2.98983,-3.07035,-3.14901,-3.13645,-3.07035,-3.13645]
	PARPACK diagonalization completed after 30 matrix-vector product operations.
	iteration results: : total energy is -75.118714 | electron energy -75.232979 + phonon energy 0.114264 | electron momentum kIdx = 10
The 6-th iteration is completed.	|| time cost : 0h 0m 27.318s
********************************************************************************************************************
Start the 7 rounds of NGS-ED iteration
	effective electronic model is modified as: kinetic energy t = 0.813707
	                                           effective interaction Vq = [    -3.2,-3.14988,-3.13809,-3.14988,-3.14988,-3.13809, -3.0718,-3.13809,-3.13809, -3.0718,-2.99135, -3.0718,-3.14988,-3.13809, -3.0718,-3.13809]
	PARPACK diagonalization completed after 90 matrix-vector product operations.
	iteration results: : total energy is -75.435929 | electron energy -75.551260 + phonon energy 0.115331 | electron momentum kIdx = 10
The 7-th iteration is completed.	|| time cost : 0h 0m 46.195s
********************************************************************************************************************
Start the 8 rounds of NGS-ED iteration
	effective electronic model is modified as: kinetic energy t = 0.810894
	                                           effective interaction Vq = [    -3.2,-3.14628,-3.14603,-3.14628,-3.14628,-3.14603,-3.06594,-3.14603,-3.14603,-3.06594,-3.06733,-3.06594,-3.14628,-3.14603,-3.06594,-3.14603]
	PARPACK diagonalization completed after 45 matrix-vector product operations.
	iteration results: : total energy is -75.460794 | electron energy -75.579519 + phonon energy 0.118725 | electron momentum kIdx = 10
The 8-th iteration is completed.	|| time cost : 0h 0m 32.005s
********************************************************************************************************************
Start the 9 rounds of NGS-ED iteration
	effective electronic model is modified as: kinetic energy t = 0.809574
	                                           effective interaction Vq = [    -3.2,-3.14537, -3.1476,-3.14537,-3.14537, -3.1476,-3.06434, -3.1476, -3.1476,-3.06434,-3.10196,-3.06434,-3.14537, -3.1476,-3.06434, -3.1476]
	PARPACK diagonalization completed after 45 matrix-vector product operations.
	iteration results: : total energy is -75.472450 | electron energy -75.593975 + phonon energy 0.121525 | electron momentum kIdx = 10
The 9-th iteration is completed.	|| time cost : 0h 0m 32.053s
********************************************************************************************************************
Start the 10 rounds of NGS-ED iteration
	effective electronic model is modified as: kinetic energy t = 0.808704
	                                           effective interaction Vq = [    -3.2,-3.14571,-3.14189,-3.14571,-3.14571,-3.14189,-3.06495,-3.14189,-3.14189,-3.06495,-3.14141,-3.06495,-3.14571,-3.14189,-3.06495,-3.14189]
	PARPACK diagonalization completed after 45 matrix-vector product operations.
	iteration results: : total energy is -75.545812 | electron energy -75.669764 + phonon energy 0.123952 | electron momentum kIdx = 10
	Nq(0) = 16,	Nq(1) = 0.368324,	Nq(2) = 0.415736,	Nq(3) = 0.368324,	Nq(4) = 0.368324,	Nq(5) = 0.415736,	Nq(6) = 0.630346,	Nq(7) = 0.415736,	Nq(8) = 0.415736,	Nq(9) = 0.630346,	Nq(10) = 3.74967,	Nq(11) = 0.630346,	Nq(12) = 0.368324,	Nq(13) = 0.415736,	Nq(14) = 0.630346,	Nq(15) = 0.415736,	Sq(0) = -4.40225e-19,	Sq(1) = 0.288489,	Sq(2) = 0.33766,	Sq(3) = 0.288489,	Sq(4) = 0.288489,	Sq(5) = 0.33766,	Sq(6) = 0.506052,	Sq(7) = 0.33766,	Sq(8) = 0.33766,	Sq(9) = 0.506052,	Sq(10) = 0.557107,	Sq(11) = 0.506052,	Sq(12) = 0.288489,	Sq(13) = 0.33766,	Sq(14) = 0.506052,	Sq(15) = 0.33766,	N(0) = 1.99278,	N(1) = 1.98064,	N(2) = 1,	N(3) = 1.98064,	N(4) = 1.98064,	N(5) = 1,	N(6) = 0.0193623,	N(7) = 1,	N(8) = 1,	N(9) = 0.0193623,	N(10) = 0.00722151,	N(11) = 0.0193623,	N(12) = 1.98064,	N(13) = 1,	N(14) = 0.0193623,	N(15) = 1,	Delta[s](0) = 0.497937,	Delta[s](1) = 0.336943,	Delta[s](2) = 0.325435,	Delta[s](3) = 0.336943,	Delta[s](4) = 0.336943,	Delta[s](5) = 0.325435,	Delta[s](6) = 0.27141,	Delta[s](7) = 0.325435,	Delta[s](8) = 0.325435,	Delta[s](9) = 0.27141,	Delta[s](10) = 0.235422,	Delta[s](11) = 0.27141,	Delta[s](12) = 0.336943,	Delta[s](13) = 0.325435,	Delta[s](14) = 0.27141,	Delta[s](15) = 0.325435,	Delta[d](0) = 0.243103,	Delta[d](1) = 0.241085,	Delta[d](2) = 0.232447,	Delta[d](3) = 0.241085,	Delta[d](4) = 0.241085,	Delta[d](5) = 0.159356,	Delta[d](6) = 0.199153,	Delta[d](7) = 0.159356,	Delta[d](8) = 0.232447,	Delta[d](9) = 0.199153,	Delta[d](10) = 0.0755849,	Delta[d](11) = 0.199153,	Delta[d](12) = 0.241085,	Delta[d](13) = 0.159356,	Delta[d](14) = 0.199153,	Delta[d](15) = 0.159356,	Delta[s+](0) = 0.437226,	Delta[s+](1) = 0.35269,	Delta[s+](2) = 0.232447,	Delta[s+](3) = 0.35269,	Delta[s+](4) = 0.35269,	Delta[s+](5) = 0.232447,	Delta[s+](6) = 0.11035,	Delta[s+](7) = 0.232447,	Delta[s+](8) = 0.232447,	Delta[s+](9) = 0.11035,	Delta[s+](10) = 0.0386466,	Delta[s+](11) = 0.11035,	Delta[s+](12) = 0.35269,	Delta[s+](13) = 0.232447,	Delta[s+](14) = 0.11035,	Delta[s+](15) = 0.232447
The 10-th iteration is completed.	|| time cost : 0h 4m 58.005s
********************************************************************************************************************
Start the 11 rounds of NGS-ED iteration
	effective electronic model is modified as: kinetic energy t = 0.815778
	                                           effective interaction Vq = [    -3.2,-3.14178,-3.07917,-3.14178,-3.14178,-3.07917,-3.05953,-3.07917,-3.07917,-3.05953,-3.17982,-3.05953,-3.14178,-3.07917,-3.05953,-3.07917]
	PARPACK diagonalization completed after 30 matrix-vector product operations.
	iteration results: : total energy is -75.704914 | electron energy -75.827038 + phonon energy 0.122124 | electron momentum kIdx = 10
The 11-th iteration is completed.	|| time cost : 0h 0m 27.424s
********************************************************************************************************************
Start the 12 rounds of NGS-ED iteration
	effective electronic model is modified as: kinetic energy t = 0.820186
	                                           effective interaction Vq = [    -3.2,-3.13574,-3.03922,-3.13574,-3.13574,-3.03922,-3.05124,-3.03922,-3.03922,-3.05124,-3.18927,-3.05124,-3.13574,-3.03922,-3.05124,-3.03922]
	PARPACK diagonalization completed after 30 matrix-vector product operations.
	iteration results: : total energy is -75.734104 | electron energy -75.853682 + phonon energy 0.119578 | electron momentum kIdx = 10
The 12-th iteration is completed.	|| time cost : 0h 0m 27.347s
********************************************************************************************************************
Start the 13 rounds of NGS-ED iteration
	effective electronic model is modified as: kinetic energy t = 0.821934
	                                           effective interaction Vq = [    -3.2,-3.13221,-3.02384,-3.13221,-3.13221,-3.02384,-3.04652,-3.02384,-3.02384,-3.04652,-3.19188,-3.04652,-3.13221,-3.02384,-3.04652,-3.02384]
	PARPACK diagonalization completed after 30 matrix-vector product operations.
	iteration results: : total energy is -75.737930 | electron energy -75.856025 + phonon energy 0.118095 | electron momentum kIdx = 10
The 13-th iteration is completed.	|| time cost : 0h 0m 27.341s
********************************************************************************************************************
Start the 14 rounds of NGS-ED iteration
	effective electronic model is modified as: kinetic energy t = 0.822625
	                                           effective interaction Vq = [    -3.2,-3.13049,-3.01828,-3.13049,-3.13049,-3.01828,-3.04424,-3.01828,-3.01828,-3.04424, -3.1927,-3.04424,-3.13049,-3.01828,-3.04424,-3.01828]
	PARPACK diagonalization completed after 30 matrix-vector product operations.
	iteration results: : total energy is -75.738436 | electron energy -75.855837 + phonon energy 0.117401 | electron momentum kIdx = 10
The 14-th iteration is completed.	|| time cost : 0h 0m 27.34s
********************************************************************************************************************
Start the 15 rounds of NGS-ED iteration
	effective electronic model is modified as: kinetic energy t = 0.822898
	                                           effective interaction Vq = [    -3.2,-3.12972,-3.01629,-3.12972,-3.12972,-3.01629,-3.04322,-3.01629,-3.01629,-3.04322,-3.19297,-3.04322,-3.12972,-3.01629,-3.04322,-3.01629]
	PARPACK diagonalization completed after 30 matrix-vector product operations.
	iteration results: : total energy is -75.738505 | electron energy -75.855600 + phonon energy 0.117095 | electron momentum kIdx = 10
The 15-th iteration is completed.	|| time cost : 0h 0m 27.383s
********************************************************************************************************************
Start the 16 rounds of NGS-ED iteration
	effective electronic model is modified as: kinetic energy t = 0.823006
	                                           effective interaction Vq = [    -3.2,-3.12938,-3.01557,-3.12938,-3.12938,-3.01557,-3.04277,-3.01557,-3.01557,-3.04277,-3.19307,-3.04277,-3.12938,-3.01557,-3.04277,-3.01557]
	PARPACK diagonalization completed after 30 matrix-vector product operations.
	iteration results: : total energy is -75.738515 | electron energy -75.855478 + phonon energy 0.116963 | electron momentum kIdx = 10
	Nq(0) = 16,	Nq(1) = 0.336946,	Nq(2) = 0.366607,	Nq(3) = 0.336946,	Nq(4) = 0.336946,	Nq(5) = 0.366607,	Nq(6) = 0.596241,	Nq(7) = 0.366607,	Nq(8) = 0.366607,	Nq(9) = 0.596241,	Nq(10) = 4.39626,	Nq(11) = 0.596241,	Nq(12) = 0.336946,	Nq(13) = 0.366607,	Nq(14) = 0.596241,	Nq(15) = 0.366607,	Sq(0) = -8.30541e-18,	Sq(1) = 0.279183,	Sq(2) = 0.33342,	Sq(3) = 0.279183,	Sq(4) = 0.279183,	Sq(5) = 0.33342,	Sq(6) = 0.499075,	Sq(7) = 0.33342,	Sq(8) = 0.33342,	Sq(9) = 0.499075,	Sq(10) = 0.557797,	Sq(11) = 0.499075,	Sq(12) = 0.279183,	Sq(13) = 0.33342,	Sq(14) = 0.499075,	Sq(15) = 0.33342,	N(0) = 1.99101,	N(1) = 1.97507,	N(2) = 1,	N(3) = 1.97507,	N(4) = 1.97507,	N(5) = 1,	N(6) = 0.0249333,	N(7) = 1,	N(8) = 1,	N(9) = 0.0249333,	N(10) = 0.00899412,	N(11) = 0.0249333,	N(12) = 1.97507,	N(13) = 1,	N(14) = 0.0249333,	N(15) = 1,	Delta[s](0) = 0.447031,	Delta[s](1) = 0.342244,	Delta[s](2) = 0.330965,	Delta[s](3) = 0.342244,	Delta[s](4) = 0.342244,	Delta[s](5) = 0.330965,	Delta[s](6) = 0.276743,	Delta[s](7) = 0.330965,	Delta[s](8) = 0.330965,	Delta[s](9) = 0.276743,	Delta[s](10) = 0.255555,	Delta[s](11) = 0.276743,	Delta[s](12) = 0.342244,	Delta[s](13) = 0.330965,	Delta[s](14) = 0.276743,	Delta[s](15) = 0.330965,	Delta[d](0) = 0.229693,	Delta[d](1) = 0.228023,	Delta[d](2) = 0.224862,	Delta[d](3) = 0.228023,	Delta[d](4) = 0.228023,	Delta[d](5) = 0.145721,	Delta[d](6) = 0.18571,	Delta[d](7) = 0.145721,	Delta[d](8) = 0.224862,	Delta[d](9) = 0.18571,	Delta[d](10) = 0.0616914,	Delta[d](11) = 0.18571,	Delta[d](12) = 0.228023,	Delta[d](13) = 0.145721,	Delta[d](14) = 0.18571,	Delta[d](15) = 0.145721,	Delta[s+](0) = 0.435409,	Delta[s+](1) = 0.346237,	Delta[s+](2) = 0.224862,	Delta[s+](3) = 0.346237,	Delta[s+](4) = 0.346237,	Delta[s+](5) = 0.224862,	Delta[s+](6) = 0.102128,	Delta[s+](7) = 0.224862,	Delta[s+](8) = 0.224862,	Delta[s+](9) = 0.102128,	Delta[s+](10) = 0.0340634,	Delta[s+](11) = 0.102128,	Delta[s+](12) = 0.346237,	Delta[s+](13) = 0.224862,	Delta[s+](14) = 0.102128,	Delta[s+](15) = 0.224862
The 16-th iteration is completed.	|| time cost : 0h 4m 38.914s
********************************************************************************************************************
********************************************************************************************************************
Ground state is obtained after 17 iterations. The current ground-state energy is -75.7385, in which electron energy is -75.8555 and phonon energy is 0.116963
final variational state is: 
	Gamma_x = [      1,1.02769,1.04377,1.02769,1.02769,1.04377,1.06806,1.04377,1.04377,1.06806,1.13213,1.06806,1.02769,1.04377,1.06806,1.04377]
	lambda_q = [0.565685,0.481567,0.429787,0.481567,0.481567,0.429787,0.440219,0.429787,0.429787,0.440219, 0.53942,0.440219,0.481567,0.429787,0.440219,0.429787]
********************************************************************************************************************
o___o  ----------------------------------------
| L |	Time since last clock: 0h 0m 0s
A===A	Time since the beginning: 0h 32m 14.206s
***********************************************


********************************************************************************************************************
Warm up runs have been completed. Start calculating W = 5 phonon.
open output files: NGSEDIterationObs.txt
********************************************************************************************************************
Start the 0 rounds of NGS-ED iteration
	effective electronic model is modified as: kinetic energy t = 0.823049
	                                           effective interaction Vq = [-2.92548,  -2.693,-2.51471,  -2.693,  -2.693,-2.51471,-2.55279,-2.51471,-2.51471,-2.55279,-2.86049,-2.55279,  -2.693,-2.51471,-2.55279,-2.51471]
	PARPACK diagonalization completed after 45 matrix-vector product operations.
	iteration results: : total energy is -67.214807 | electron energy -67.273261 + phonon energy 0.058454 | electron momentum kIdx = 10
	Nq(0) = 16,	Nq(1) = 0.333707,	Nq(2) = 0.352975,	Nq(3) = 0.333707,	Nq(4) = 0.333707,	Nq(5) = 0.352975,	Nq(6) = 0.560244,	Nq(7) = 0.352975,	Nq(8) = 0.352975,	Nq(9) = 0.560244,	Nq(10) = 3.96184,	Nq(11) = 0.560244,	Nq(12) = 0.333707,	Nq(13) = 0.352975,	Nq(14) = 0.560244,	Nq(15) = 0.352975,	Sq(0) = 3.01838e-18,	Sq(1) = 0.322605,	Sq(2) = 0.359308,	Sq(3) = 0.322605,	Sq(4) = 0.322605,	Sq(5) = 0.359308,	Sq(6) = 0.570979,	Sq(7) = 0.359308,	Sq(8) = 0.359308,	Sq(9) = 0.570979,	Sq(10) = 0.614325,	Sq(11) = 0.570979,	Sq(12) = 0.322605,	Sq(13) = 0.359308,	Sq(14) = 0.570979,	Sq(15) = 0.359308,	N(0) = 1.99644,	N(1) = 1.98983,	N(2) = 1,	N(3) = 1.98983,	N(4) = 1.98983,	N(5) = 1,	N(6) = 0.0101724,	N(7) = 1,	N(8) = 1,	N(9) = 0.0101724,	N(10) = 0.0035566,	N(11) = 0.0101724,	N(12) = 1.98983,	N(13) = 1,	N(14) = 0.0101724,	N(15) = 1,	Delta[s](0) = 0.381758,	Delta[s](1) = 0.317184,	Delta[s](2) = 0.308944,	Delta[s](3) = 0.317184,	Delta[s](4) = 0.317184,	Delta[s](5) = 0.308944,	Delta[s](6) = 0.266518,	Delta[s](7) = 0.308944,	Delta[s](8) = 0.308944,	Delta[s](9) = 0.266518,	Delta[s](10) = 0.257511,	Delta[s](11) = 0.266518,	Delta[s](12) = 0.317184,	Delta[s](13) = 0.308944,	Delta[s](14) = 0.266518,	Delta[s](15) = 0.308944,	Delta[d](0) = 0.240116,	Delta[d](1) = 0.245235,	Delta[d](2) = 0.242981,	Delta[d](3) = 0.245235,	Delta[d](4) = 0.245235,	Delta[d](5) = 0.156213,	Delta[d](6) = 0.201433,	Delta[d](7) = 0.156213,	Delta[d](8) = 0.242981,	Delta[d](9) = 0.201433,	Delta[d](10) = 0.0723245,	Delta[d](11) = 0.201433,	Delta[d](12) = 0.245235,	Delta[d](13) = 0.156213,	Delta[d](14) = 0.201433,	Delta[d](15) = 0.156213,	Delta[s+](0) = 0.475803,	Delta[s+](1) = 0.373615,	Delta[s+](2) = 0.242981,	Delta[s+](3) = 0.373615,	Delta[s+](4) = 0.373615,	Delta[s+](5) = 0.242981,	Delta[s+](6) = 0.112734,	Delta[s+](7) = 0.242981,	Delta[s+](8) = 0.242981,	Delta[s+](9) = 0.112734,	Delta[s+](10) = 0.0398654,	Delta[s+](11) = 0.112734,	Delta[s+](12) = 0.373615,	Delta[s+](13) = 0.242981,	Delta[s+](14) = 0.112734,	Delta[s+](15) = 0.242981
The 0-th iteration is completed.	|| time cost : 0h 4m 31.605s
********************************************************************************************************************
Start the 1 rounds of NGS-ED iteration
	effective electronic model is modified as: kinetic energy t = 0.798179
	                                           effective interaction Vq = [-3.09901,-2.85771,-2.63409,-2.85771,-2.85771,-2.63409,-2.68079,-2.63409,-2.63409,-2.68079,-3.05503,-2.68079,-2.85771,-2.63409,-2.68079,-2.63409]
	PARPACK diagonalization completed after 30 matrix-vector product operations.
	iteration results: : total energy is -70.869059 | electron energy -71.048803 + phonon energy 0.179743 | electron momentum kIdx = 10
The 1-th iteration is completed.	|| time cost : 0h 0m 27.43s
********************************************************************************************************************
Start the 2 rounds of NGS-ED iteration
	effective electronic model is modified as: kinetic energy t = 0.785163
	                                           effective interaction Vq = [-3.16285,-2.92241,-2.68931,-2.92241,-2.92241,-2.68931,-2.73674,-2.68931,-2.68931,-2.73674,-3.13614,-2.73674,-2.92241,-2.68931,-2.73674,-2.68931]
	PARPACK diagonalization completed after 30 matrix-vector product operations.
	iteration results: : total energy is -72.211987 | electron energy -72.477252 + phonon energy 0.265265 | electron momentum kIdx = 10
The 2-th iteration is completed.	|| time cost : 0h 0m 27.367s
********************************************************************************************************************
Start the 3 rounds of NGS-ED iteration
	effective electronic model is modified as: kinetic energy t = 0.778846
	                                           effective interaction Vq = [-3.18633,-2.94772,-2.71452,-2.94772,-2.94772,-2.71452,-2.76032,-2.71452,-2.71452,-2.76032,-3.16797,-2.76032,-2.94772,-2.71452,-2.76032,-2.71452]
	PARPACK diagonalization completed after 30 matrix-vector product operations.
	iteration results: : total energy is -72.688824 | electron energy -73.002617 + phonon energy 0.313793 | electron momentum kIdx = 10
The 3-th iteration is completed.	|| time cost : 0h 0m 27.333s
********************************************************************************************************************
Start the 4 rounds of NGS-ED iteration
	effective electronic model is modified as: kinetic energy t = 0.775819
	                                           effective interaction Vq = [-3.19497,-2.95792,-2.72635,-2.95792,-2.95792,-2.72635,-2.77049,-2.72635,-2.72635,-2.77049,-3.18068,-2.77049,-2.95792,-2.72635,-2.77049,-2.72635]
	PARPACK diagonalization completed after 30 matrix-vector product operations.
	iteration results: : total energy is -72.855840 | electron energy -73.195330 + phonon energy 0.339490 | electron momentum kIdx = 10
The 4-th iteration is completed.	|| time cost : 0h 0m 27.474s
********************************************************************************************************************
Start the 5 rounds of NGS-ED iteration
	effective electronic model is modified as: kinetic energy t = 0.774356
	                                           effective interaction Vq = [-3.19815,-2.96219, -2.7321,-2.96219,-2.96219, -2.7321,-2.77506, -2.7321, -2.7321,-2.77506,-3.18605,-2.77506,-2.96219, -2.7321,-2.77506, -2.7321]
	PARPACK diagonalization completed after 30 matrix-vector product operations.
	iteration results: : total energy is -72.914437 | electron energy -73.267180 + phonon energy 0.352742 | electron momentum kIdx = 10
The 5-th iteration is completed.	|| time cost : 0h 0m 27.451s
********************************************************************************************************************
Start the 6 rounds of NGS-ED iteration
	effective electronic model is modified as: kinetic energy t = 0.773643
	                                           effective interaction Vq = [-3.19932,-2.96401,-2.73497,-2.96401,-2.96401,-2.73497,-2.77716,-2.73497,-2.73497,-2.77716,-3.18847,-2.77716,-2.96401,-2.73497,-2.77716,-2.73497]
	PARPACK diagonalization completed after 30 matrix-vector product operations.
	iteration results: : total energy is -72.935165 | electron energy -73.294643 + phonon energy 0.359478 | electron momentum kIdx = 10
The 6-th iteration is completed.	|| time cost : 0h 0m 27.362s
********************************************************************************************************************
Start the 7 rounds of NGS-ED iteration
	effective electronic model is modified as: kinetic energy t = 0.773294
	                                           effective interaction Vq = [-3.19975,-2.96478,-2.73642,-2.96478,-2.96478,-2.73642,-2.77813,-2.73642,-2.73642,-2.77813,-3.18961,-2.77813,-2.96478,-2.73642,-2.77813,-2.73642]
	PARPACK diagonalization completed after 30 matrix-vector product operations.
	iteration results: : total energy is -72.942566 | electron energy -73.305434 + phonon energy 0.362868 | electron momentum kIdx = 10
The 7-th iteration is completed.	|| time cost : 0h 0m 27.4s
********************************************************************************************************************
Start the 8 rounds of NGS-ED iteration
	effective electronic model is modified as: kinetic energy t = 0.773123
	                                           effective interaction Vq = [-3.19991,-2.96509,-2.73715,-2.96509,-2.96509,-2.73715,-2.77858,-2.73715,-2.73715,-2.77858,-3.19016,-2.77858,-2.96509,-2.73715,-2.77858,-2.73715]
	PARPACK diagonalization completed after 30 matrix-vector product operations.
	iteration results: : total energy is -72.945230 | electron energy -73.309791 + phonon energy 0.364562 | electron momentum kIdx = 10
The 8-th iteration is completed.	|| time cost : 0h 0m 27.433s
********************************************************************************************************************
Start the 9 rounds of NGS-ED iteration
	effective electronic model is modified as: kinetic energy t = 0.773041
	                                           effective interaction Vq = [-3.19997,-2.96521,-2.73752,-2.96521,-2.96521,-2.73752,-2.77877,-2.73752,-2.73752,-2.77877,-3.19043,-2.77877,-2.96521,-2.73752,-2.77877,-2.73752]
	PARPACK diagonalization completed after 30 matrix-vector product operations.
	iteration results: : total energy is -72.946195 | electron energy -73.311597 + phonon energy 0.365402 | electron momentum kIdx = 10
The 9-th iteration is completed.	|| time cost : 0h 0m 27.347s
********************************************************************************************************************
Start the 10 rounds of NGS-ED iteration
	effective electronic model is modified as: kinetic energy t = 0.773002
	                                           effective interaction Vq = [-3.19999,-2.96524,-2.73771,-2.96524,-2.96524,-2.73771,-2.77886,-2.73771,-2.73771,-2.77886,-3.19057,-2.77886,-2.96524,-2.73771,-2.77886,-2.73771]
	PARPACK diagonalization completed after 30 matrix-vector product operations.
	iteration results: : total energy is -72.946546 | electron energy -73.312363 + phonon energy 0.365817 | electron momentum kIdx = 10
	Nq(0) = 16,	Nq(1) = 0.279418,	Nq(2) = 0.329148,	Nq(3) = 0.279418,	Nq(4) = 0.279418,	Nq(5) = 0.329148,	Nq(6) = 0.5057,	Nq(7) = 0.329148,	Nq(8) = 0.329148,	Nq(9) = 0.5057,	Nq(10) = 5.50156,	Nq(11) = 0.5057,	Nq(12) = 0.279418,	Nq(13) = 0.329148,	Nq(14) = 0.5057,	Nq(15) = 0.329148,	Sq(0) = 3.22786e-18,	Sq(1) = 0.252208,	Sq(2) = 0.319937,	Sq(3) = 0.252208,	Sq(4) = 0.252208,	Sq(5) = 0.319937,	Sq(6) = 0.476068,	Sq(7) = 0.319937,	Sq(8) = 0.319937,	Sq(9) = 0.476068,	Sq(10) = 0.55035,	Sq(11) = 0.476068,	Sq(12) = 0.252208,	Sq(13) = 0.319937,	Sq(14) = 0.476068,	Sq(15) = 0.319937,	N(0) = 1.98349,	N(1) = 1.94919,	N(2) = 1,	N(3) = 1.94919,	N(4) = 1.94919,	N(5) = 1,	N(6) = 0.0508099,	N(7) = 1,	N(8) = 1,	N(9) = 0.0508099,	N(10) = 0.0165113,	N(11) = 0.0508099,	N(12) = 1.94919,	N(13) = 1,	N(14) = 0.0508099,	N(15) = 1,	Delta[s](0) = 0.40374,	Delta[s](1) = 0.348559,	Delta[s](2) = 0.335568,	Delta[s](3) = 0.348559,	Delta[s](4) = 0.348559,	Delta[s](5) = 0.335568,	Delta[s](6) = 0.302478,	Delta[s](7) = 0.335568,	Delta[s](8) = 0.335568,	Delta[s](9) = 0.302478,	Delta[s](10) = 0.287166,	Delta[s](11) = 0.302478,	Delta[s](12) = 0.348559,	Delta[s](13) = 0.335568,	Delta[s](14) = 0.302478,	Delta[s](15) = 0.335568,	Delta[d](0) = 0.222632,	Delta[d](1) = 0.214635,	Delta[d](2) = 0.223779,	Delta[d](3) = 0.214635,	Delta[d](4) = 0.214635,	Delta[d](5) = 0.146878,	Delta[d](6) = 0.174247,	Delta[d](7) = 0.146878,	Delta[d](8) = 0.223779,	Delta[d](9) = 0.174247,	Delta[d](10) = 0.0710818,	Delta[d](11) = 0.174247,	Delta[d](12) = 0.214635,	Delta[d](13) = 0.146878,	Delta[d](14) = 0.174247,	Delta[d](15) = 0.146878,	Delta[s+](0) = 0.446562,	Delta[s+](1) = 0.345472,	Delta[s+](2) = 0.223779,	Delta[s+](3) = 0.345472,	Delta[s+](4) = 0.345472,	Delta[s+](5) = 0.223779,	Delta[s+](6) = 0.102139,	Delta[s+](7) = 0.223779,	Delta[s+](8) = 0.223779,	Delta[s+](9) = 0.102139,	Delta[s+](10) = 0.0399417,	Delta[s+](11) = 0.102139,	Delta[s+](12) = 0.345472,	Delta[s+](13) = 0.223779,	Delta[s+](14) = 0.102139,	Delta[s+](15) = 0.223779
The 10-th iteration is completed.	|| time cost : 0h 4m 24.939s
********************************************************************************************************************
Start the 11 rounds of NGS-ED iteration
	effective electronic model is modified as: kinetic energy t = 0.772984
	                                           effective interaction Vq = [    -3.2,-2.96524, -2.7378,-2.96524,-2.96524, -2.7378,-2.77889, -2.7378, -2.7378,-2.77889,-3.19064,-2.77889,-2.96524, -2.7378,-2.77889, -2.7378]
	PARPACK diagonalization completed after 30 matrix-vector product operations.
	iteration results: : total energy is -72.946674 | electron energy -73.312695 + phonon energy 0.366021 | electron momentum kIdx = 10
The 11-th iteration is completed.	|| time cost : 0h 0m 27.451s
********************************************************************************************************************
Start the 12 rounds of NGS-ED iteration
	effective electronic model is modified as: kinetic energy t = 0.772976
	                                           effective interaction Vq = [    -3.2,-2.96524,-2.73785,-2.96524,-2.96524,-2.73785,-2.77889,-2.73785,-2.73785,-2.77889,-3.19067,-2.77889,-2.96524,-2.73785,-2.77889,-2.73785]
	PARPACK diagonalization completed after 30 matrix-vector product operations.
	iteration results: : total energy is -72.946721 | electron energy -73.312840 + phonon energy 0.366119 | electron momentum kIdx = 10
The 12-th iteration is completed.	|| time cost : 0h 0m 27.419s
********************************************************************************************************************
Start the 13 rounds of NGS-ED iteration
	effective electronic model is modified as: kinetic energy t = 0.772973
	                                           effective interaction Vq = [    -3.2,-2.96523,-2.73787,-2.96523,-2.96523,-2.73787,-2.77889,-2.73787,-2.73787,-2.77889,-3.19069,-2.77889,-2.96523,-2.73787,-2.77889,-2.73787]
	PARPACK diagonalization completed after 30 matrix-vector product operations.
	iteration results: : total energy is -72.946738 | electron energy -73.312905 + phonon energy 0.366167 | electron momentum kIdx = 10
The 13-th iteration is completed.	|| time cost : 0h 0m 27.315s
********************************************************************************************************************
Start the 14 rounds of NGS-ED iteration
	effective electronic model is modified as: kinetic energy t = 0.772971
	                                           effective interaction Vq = [    -3.2,-2.96522,-2.73788,-2.96522,-2.96522,-2.73788,-2.77889,-2.73788,-2.73788,-2.77889, -3.1907,-2.77889,-2.96522,-2.73788,-2.77889,-2.73788]
	PARPACK diagonalization completed after 30 matrix-vector product operations.
	iteration results: : total energy is -72.946744 | electron energy -73.312933 + phonon energy 0.366189 | electron momentum kIdx = 10
The 14-th iteration is completed.	|| time cost : 0h 0m 27.275s
********************************************************************************************************************
Start the 15 rounds of NGS-ED iteration
	effective electronic model is modified as: kinetic energy t = 0.772971
	                                           effective interaction Vq = [    -3.2,-2.96521,-2.73788,-2.96521,-2.96521,-2.73788,-2.77889,-2.73788,-2.73788,-2.77889, -3.1907,-2.77889,-2.96521,-2.73788,-2.77889,-2.73788]
	PARPACK diagonalization completed after 30 matrix-vector product operations.
	iteration results: : total energy is -72.946747 | electron energy -73.312946 + phonon energy 0.366199 | electron momentum kIdx = 10
The 15-th iteration is completed.	|| time cost : 0h 0m 27.413s
********************************************************************************************************************
Start the 16 rounds of NGS-ED iteration
	effective electronic model is modified as: kinetic energy t = 0.772971
	                                           effective interaction Vq = [    -3.2,-2.96521,-2.73789,-2.96521,-2.96521,-2.73789,-2.77888,-2.73789,-2.73789,-2.77888,-3.19071,-2.77888,-2.96521,-2.73789,-2.77888,-2.73789]
	PARPACK diagonalization completed after 30 matrix-vector product operations.
	iteration results: : total energy is -72.946748 | electron energy -73.312951 + phonon energy 0.366203 | electron momentum kIdx = 10
The 16-th iteration is completed.	|| time cost : 0h 0m 27.41s
********************************************************************************************************************
Start the 17 rounds of NGS-ED iteration
	effective electronic model is modified as: kinetic energy t = 0.772971
	                                           effective interaction Vq = [    -3.2, -2.9652,-2.73789, -2.9652, -2.9652,-2.73789,-2.77888,-2.73789,-2.73789,-2.77888,-3.19071,-2.77888, -2.9652,-2.73789,-2.77888,-2.73789]
	PARPACK diagonalization completed after 30 matrix-vector product operations.
	iteration results: : total energy is -72.946748 | electron energy -73.312953 + phonon energy 0.366205 | electron momentum kIdx = 10
The 17-th iteration is completed.	|| time cost : 0h 0m 27.484s
