TACC:  Starting up job 4185638 
TACC:  Starting parallel tasks... 
SNEDics v3.4 Non-Gaussian ED ground state program		Start at Sun Aug 18 10:55:43 2019

parallized on 32 MPI threads  * 6 OpenMP threads = 192 total threads.
********************************************************************************************************************
********************************************************************************************************************

********************************************************************************************************************
System parameters and configurations
********************************************************************************************************************
Special program options are enabled: splitted diagonal Hamiltonian
********************************************************************************************************************
Read input file "model_params.in"
	Hubbard-Holstein model parameters : 	t = 1    U = 3    g = 3.1623    W = 5    
********************************************************************************************************************
Read input file "hilbertspace_params.in"
	Requested 16-site 2D lattice, with 16 electrons (8, 8)
	Boundary : Periodic		Hilbert space representation : momentum-space (restricted to kIdx = 10)
	Conservation: particle number[U(1)]      spin[U(1)]     momentum
********************************************************************************************************************

Cluster Positions:				Cluster symmetry group : D4
 x ... x ... x ... x .....                       x ... x ... x ... x .....
 |           |           :                       |           |           :
 |           |           :                       |           |           :
12    13    14    15     x                       1     5     6     5     x
 |           |           :                       |           |           :
 |           |           :                       |           |           :
 8 --- 9 ---10 ---11 --- x                       2 --- 6 ---10 --- 6 --- x
 |           |           :                       |           |           :
 |           |           :                       |           |           :
 4     5     6     7     x                       1     5     6     5     x
 |           |           :                       |           |           :
 |           |           :                       |           |           :
 0 --- 1 --- 2 --- 3 --- x                       0 --- 1 --- 2 --- 1 --- x
orbital number : 1
********************************************************************************************************************
Read input file "obs_params.in"
	Observable Type : Nq[All],   Sq[All],   N[All]
********************************************************************************************************************
** WARNING ** the input observables have non-local factors which have been reinterpreted. The total observable number is 48
********************************************************************************************************************


********************************************************************************************************************
Start calculating the non-Gaussian ED ground state
** WARNING ** Detected low phonon energy W < 10. The initial state will be prepared through a warm-up process.
********************************************************************************************************************
Start warm-up calculation for scaling factor 2
open output files: NGSEDWarmUpW10Obs.txt
********************************************************************************************************************
Start the 0 rounds of NGS-ED iteration
	effective electronic model is modified as: kinetic energy t = 1
	                                           effective interaction Vq = [0,0,0,0,0,0,0,0,0,0,0,0,0,0,0,0]
	first Hamiltonian is constructed, non-zero numbers = 2845334624
	PARPACK diagonalization completed after 105 matrix-vector product operations.
	iteration results: : total energy is -15.535866 | electron energy -15.535866 + phonon energy 0.000000 | electron momentum kIdx = 10
	Nq(0) = 16,	Nq(1) = 0.206781,	Nq(2) = 0.276745,	Nq(3) = 0.206781,	Nq(4) = 0.206781,	Nq(5) = 0.276745,	Nq(6) = 0.385948,	Nq(7) = 0.276745,	Nq(8) = 0.276745,	Nq(9) = 0.385948,	Nq(10) = 0.451955,	Nq(11) = 0.385948,	Nq(12) = 0.206781,	Nq(13) = 0.276745,	Nq(14) = 0.385948,	Nq(15) = 0.276745,	Sq(0) = 2.9315e-18,	Sq(1) = 0.342724,	Sq(2) = 0.427308,	Sq(3) = 0.342724,	Sq(4) = 0.342724,	Sq(5) = 0.427308,	Sq(6) = 0.656235,	Sq(7) = 0.427308,	Sq(8) = 0.427308,	Sq(9) = 0.656235,	Sq(10) = 4.95698,	Sq(11) = 0.656235,	Sq(12) = 0.342724,	Sq(13) = 0.427308,	Sq(14) = 0.656235,	Sq(15) = 0.427308,	N(0) = 1.96099,	N(1) = 1.91081,	N(2) = 1,	N(3) = 1.91081,	N(4) = 1.91081,	N(5) = 1,	N(6) = 0.0891896,	N(7) = 1,	N(8) = 1,	N(9) = 0.0891896,	N(10) = 0.0390113,	N(11) = 0.0891896,	N(12) = 1.91081,	N(13) = 1,	N(14) = 0.0891896,	N(15) = 1
The 0-th iteration is completed.	|| time cost : 0h 2m 38.929s
********************************************************************************************************************
Start the 1 rounds of NGS-ED iteration
	effective electronic model is modified as: kinetic energy t = 0.947573
	                                           effective interaction Vq = [-1.72935,-1.60374,-1.54323,-1.60374,-1.60374,-1.54323,-1.53039,-1.54323,-1.54323,-1.53039,-1.50435,-1.53039,-1.60374,-1.54323,-1.53039,-1.54323]
	PARPACK diagonalization completed after 60 matrix-vector product operations.
	iteration results: : total energy is -50.807701 | electron energy -50.810748 + phonon energy 0.003047 | electron momentum kIdx = 10
The 1-th iteration is completed.	|| time cost : 0h 4m 20.084s
********************************************************************************************************************
Start the 2 rounds of NGS-ED iteration
	effective electronic model is modified as: kinetic energy t = 0.90551
	                                           effective interaction Vq = [ -1.9634,-1.88464,-1.86009,-1.88464,-1.88464,-1.86009,-1.81287,-1.86009,-1.86009,-1.81287,-1.76106,-1.81287,-1.88464,-1.86009,-1.81287,-1.86009]
	PARPACK diagonalization completed after 30 matrix-vector product operations.
	iteration results: : total energy is -56.095311 | electron energy -56.117678 + phonon energy 0.022367 | electron momentum kIdx = 10
The 2-th iteration is completed.	|| time cost : 0h 0m 57.624s
********************************************************************************************************************
Start the 3 rounds of NGS-ED iteration
	effective electronic model is modified as: kinetic energy t = 0.889675
	                                           effective interaction Vq = [-1.99507, -1.9412,-1.92679, -1.9412, -1.9412,-1.92679,-1.87723,-1.92679,-1.92679,-1.87723,-1.82129,-1.87723, -1.9412,-1.92679,-1.87723,-1.92679]
	PARPACK diagonalization completed after 120 matrix-vector product operations.
	iteration results: : total energy is -57.042846 | electron energy -57.081971 + phonon energy 0.039125 | electron momentum kIdx = 10
The 3-th iteration is completed.	|| time cost : 0h 1m 19.717s
********************************************************************************************************************
Start the 4 rounds of NGS-ED iteration
	effective electronic model is modified as: kinetic energy t = 0.882253
	                                           effective interaction Vq = [-1.99936,-1.95334,-1.95062,-1.95334,-1.95334,-1.95062,-1.89154,-1.95062,-1.95062,-1.89154,-1.89241,-1.89154,-1.95334,-1.95062,-1.89154,-1.95062]
	PARPACK diagonalization completed after 45 matrix-vector product operations.
	iteration results: : total energy is -57.161078 | electron energy -57.209324 + phonon energy 0.048246 | electron momentum kIdx = 10
The 4-th iteration is completed.	|| time cost : 0h 0m 23.913s
********************************************************************************************************************
Start the 5 rounds of NGS-ED iteration
	effective electronic model is modified as: kinetic energy t = 0.879591
	                                           effective interaction Vq = [-1.99994, -1.9571, -1.9568, -1.9571, -1.9571, -1.9568,-1.89612, -1.9568, -1.9568,-1.89612,-1.91988,-1.89612, -1.9571, -1.9568,-1.89612, -1.9568]
	PARPACK diagonalization completed after 45 matrix-vector product operations.
	iteration results: : total energy is -57.180035 | electron energy -57.232553 + phonon energy 0.052518 | electron momentum kIdx = 10
The 5-th iteration is completed.	|| time cost : 0h 0m 25.149s
********************************************************************************************************************
Start the 6 rounds of NGS-ED iteration
	effective electronic model is modified as: kinetic energy t = 0.878397
	                                           effective interaction Vq = [-2.00002,-1.95865,-1.95577,-1.95865,-1.95865,-1.95577,-1.89816,-1.95577,-1.95577,-1.89816,-1.94499,-1.89816,-1.95865,-1.95577,-1.89816,-1.95577]
	PARPACK diagonalization completed after 45 matrix-vector product operations.
	iteration results: : total energy is -57.210006 | electron energy -57.264660 + phonon energy 0.054654 | electron momentum kIdx = 10
The 6-th iteration is completed.	|| time cost : 0h 0m 27.502s
********************************************************************************************************************
Start the 7 rounds of NGS-ED iteration
	effective electronic model is modified as: kinetic energy t = 0.881438
	                                           effective interaction Vq = [-2.00003,-1.95821,-1.92134,-1.95821,-1.95821,-1.92134,-1.89762,-1.92134,-1.92134,-1.89762,-1.97941,-1.89762,-1.95821,-1.92134,-1.89762,-1.92134]
	PARPACK diagonalization completed after 45 matrix-vector product operations.
	iteration results: : total energy is -57.322364 | electron energy -57.377263 + phonon energy 0.054899 | electron momentum kIdx = 10
The 7-th iteration is completed.	|| time cost : 0h 0m 26.147s
********************************************************************************************************************
Start the 8 rounds of NGS-ED iteration
	effective electronic model is modified as: kinetic energy t = 0.88479
	                                           effective interaction Vq = [-2.00003,-1.95547,-1.88798,-1.95547,-1.95547,-1.88798,-1.89379,-1.88798,-1.88798,-1.89379,-1.98931,-1.89379,-1.95547,-1.88798,-1.89379,-1.88798]
	PARPACK diagonalization completed after 30 matrix-vector product operations.
	iteration results: : total energy is -57.351402 | electron energy -57.405577 + phonon energy 0.054175 | electron momentum kIdx = 10
The 8-th iteration is completed.	|| time cost : 0h 0m 20.244s
********************************************************************************************************************
Start the 9 rounds of NGS-ED iteration
	effective electronic model is modified as: kinetic energy t = 0.885922
	                                           effective interaction Vq = [-2.00003,-1.95384,-1.87602,-1.95384,-1.95384,-1.87602,-1.89165,-1.87602,-1.87602,-1.89165,-1.99202,-1.89165,-1.95384,-1.87602,-1.89165,-1.87602]
	PARPACK diagonalization completed after 30 matrix-vector product operations.
	iteration results: : total energy is -57.354741 | electron energy -57.408435 + phonon energy 0.053695 | electron momentum kIdx = 10
The 9-th iteration is completed.	|| time cost : 0h 0m 20.308s
********************************************************************************************************************
Start the 10 rounds of NGS-ED iteration
	effective electronic model is modified as: kinetic energy t = 0.886305
	                                           effective interaction Vq = [-2.00003,-1.95309,-1.87211,-1.95309,-1.95309,-1.87211, -1.8907,-1.87211,-1.87211, -1.8907,-1.99286, -1.8907,-1.95309,-1.87211, -1.8907,-1.87211]
	PARPACK diagonalization completed after 30 matrix-vector product operations.
	iteration results: : total energy is -57.355118 | electron energy -57.408626 + phonon energy 0.053508 | electron momentum kIdx = 10
	Nq(0) = 16,	Nq(1) = 0.354758,	Nq(2) = 0.374285,	Nq(3) = 0.354758,	Nq(4) = 0.354758,	Nq(5) = 0.374285,	Nq(6) = 0.616506,	Nq(7) = 0.374285,	Nq(8) = 0.374285,	Nq(9) = 0.616506,	Nq(10) = 3.91118,	Nq(11) = 0.616506,	Nq(12) = 0.354758,	Nq(13) = 0.374285,	Nq(14) = 0.616506,	Nq(15) = 0.374285,	Sq(0) = 4.2764e-18,	Sq(1) = 0.30114,	Sq(2) = 0.345023,	Sq(3) = 0.30114,	Sq(4) = 0.30114,	Sq(5) = 0.345023,	Sq(6) = 0.526971,	Sq(7) = 0.345023,	Sq(8) = 0.345023,	Sq(9) = 0.526971,	Sq(10) = 0.575475,	Sq(11) = 0.526971,	Sq(12) = 0.30114,	Sq(13) = 0.345023,	Sq(14) = 0.526971,	Sq(15) = 0.345023,	N(0) = 1.9949,	N(1) = 1.98613,	N(2) = 1,	N(3) = 1.98613,	N(4) = 1.98613,	N(5) = 1,	N(6) = 0.0138745,	N(7) = 1,	N(8) = 1,	N(9) = 0.0138745,	N(10) = 0.00509797,	N(11) = 0.0138745,	N(12) = 1.98613,	N(13) = 1,	N(14) = 0.0138745,	N(15) = 1
The 10-th iteration is completed.	|| time cost : 0h 0m 53.543s
********************************************************************************************************************
Start the 11 rounds of NGS-ED iteration
	effective electronic model is modified as: kinetic energy t = 0.886436
	                                           effective interaction Vq = [-2.00003,-1.95277,-1.87086,-1.95277,-1.95277,-1.87086,-1.89031,-1.87086,-1.87086,-1.89031,-1.99314,-1.89031,-1.95277,-1.87086,-1.89031,-1.87086]
	PARPACK diagonalization completed after 30 matrix-vector product operations.
	iteration results: : total energy is -57.355161 | electron energy -57.408600 + phonon energy 0.053439 | electron momentum kIdx = 10
The 11-th iteration is completed.	|| time cost : 0h 0m 20.327s
********************************************************************************************************************
Start the 12 rounds of NGS-ED iteration
	effective electronic model is modified as: kinetic energy t = 0.886481
	                                           effective interaction Vq = [-2.00003,-1.95264,-1.87046,-1.95264,-1.95264,-1.87046,-1.89016,-1.87046,-1.87046,-1.89016,-1.99323,-1.89016,-1.95264,-1.87046,-1.89016,-1.87046]
	PARPACK diagonalization completed after 30 matrix-vector product operations.
	iteration results: : total energy is -57.355166 | electron energy -57.408580 + phonon energy 0.053415 | electron momentum kIdx = 10
	Nq(0) = 16,	Nq(1) = 0.354515,	Nq(2) = 0.374075,	Nq(3) = 0.354515,	Nq(4) = 0.354515,	Nq(5) = 0.374075,	Nq(6) = 0.616215,	Nq(7) = 0.374075,	Nq(8) = 0.374075,	Nq(9) = 0.616215,	Nq(10) = 3.91513,	Nq(11) = 0.616215,	Nq(12) = 0.354515,	Nq(13) = 0.374075,	Nq(14) = 0.616215,	Nq(15) = 0.374075,	Sq(0) = -3.01251e-18,	Sq(1) = 0.301063,	Sq(2) = 0.344997,	Sq(3) = 0.301063,	Sq(4) = 0.301063,	Sq(5) = 0.344997,	Sq(6) = 0.526935,	Sq(7) = 0.344997,	Sq(8) = 0.344997,	Sq(9) = 0.526935,	Sq(10) = 0.575523,	Sq(11) = 0.526935,	Sq(12) = 0.301063,	Sq(13) = 0.344997,	Sq(14) = 0.526935,	Sq(15) = 0.344997,	N(0) = 1.99489,	N(1) = 1.98609,	N(2) = 1,	N(3) = 1.98609,	N(4) = 1.98609,	N(5) = 1,	N(6) = 0.0139098,	N(7) = 1,	N(8) = 1,	N(9) = 0.0139098,	N(10) = 0.00511015,	N(11) = 0.0139098,	N(12) = 1.98609,	N(13) = 1,	N(14) = 0.0139098,	N(15) = 1
The 12-th iteration is completed.	|| time cost : 0h 0m 53.592s
********************************************************************************************************************
********************************************************************************************************************
Ground state is obtained after 13 iterations. The current ground-state energy is -57.3552, in which electron energy is -57.4086 and phonon energy is 0.0534145
final variational state is: 
	Gamma_x = [      1,1.01865,1.02882,1.01865,1.01865,1.02882,1.04523,1.02882,1.02882,1.04523,1.08933,1.04523,1.01865,1.02882,1.04523,1.02882]
	lambda_q = [0.447216,0.378344,0.333334,0.378344,0.378344,0.333334,0.342369,0.333334,0.333334,0.342369,0.421209,0.342369,0.378344,0.333334,0.342369,0.333334]
********************************************************************************************************************
o___o  ----------------------------------------
| L |	Time since last clock: 0h 0m 0s
A===A	Time since the beginning: 0h 13m 47.084s
***********************************************


********************************************************************************************************************
Warm up runs have been completed. Start calculating W = 5 phonon.
open output files: NGSEDIterationObs.txt
Start the 0 rounds of NGS-ED iteration
	effective electronic model is modified as: kinetic energy t = 0.886497
	                                           effective interaction Vq = [-1.82845,-1.67715,-1.55265,-1.67715,-1.67715,-1.55265,-1.57926,-1.55265,-1.55265,-1.57926,-1.77689,-1.57926,-1.67715,-1.55265,-1.57926,-1.55265]
	PARPACK diagonalization completed after 45 matrix-vector product operations.
	iteration results: : total energy is -51.973091 | electron energy -51.999794 + phonon energy 0.026703 | electron momentum kIdx = 10
	Nq(0) = 16,	Nq(1) = 0.350303,	Nq(2) = 0.364164,	Nq(3) = 0.350303,	Nq(4) = 0.350303,	Nq(5) = 0.364164,	Nq(6) = 0.590104,	Nq(7) = 0.364164,	Nq(8) = 0.364164,	Nq(9) = 0.590104,	Nq(10) = 3.68083,	Nq(11) = 0.590104,	Nq(12) = 0.350303,	Nq(13) = 0.364164,	Nq(14) = 0.590104,	Nq(15) = 0.364164,	Sq(0) = -1.82167e-18,	Sq(1) = 0.328756,	Sq(2) = 0.360256,	Sq(3) = 0.328756,	Sq(4) = 0.328756,	Sq(5) = 0.360256,	Sq(6) = 0.571842,	Sq(7) = 0.360256,	Sq(8) = 0.360256,	Sq(9) = 0.571842,	Sq(10) = 0.608628,	Sq(11) = 0.571842,	Sq(12) = 0.328756,	Sq(13) = 0.360256,	Sq(14) = 0.571842,	Sq(15) = 0.360256,	N(0) = 1.99798,	N(1) = 1.9939,	N(2) = 1,	N(3) = 1.9939,	N(4) = 1.9939,	N(5) = 1,	N(6) = 0.00610298,	N(7) = 1,	N(8) = 1,	N(9) = 0.00610298,	N(10) = 0.00202092,	N(11) = 0.00610298,	N(12) = 1.9939,	N(13) = 1,	N(14) = 0.00610298,	N(15) = 1
The 0-th iteration is completed.	|| time cost : 0h 0m 57.284s
********************************************************************************************************************
Start the 1 rounds of NGS-ED iteration
	effective electronic model is modified as: kinetic energy t = 0.869349
	                                           effective interaction Vq = [-1.93691,-1.77737,-1.62173,-1.77737,-1.77737,-1.62173,-1.65487,-1.62173,-1.62173,-1.65487,-1.89506,-1.65487,-1.77737,-1.62173,-1.65487,-1.62173]
	PARPACK diagonalization completed after 30 matrix-vector product operations.
	iteration results: : total energy is -54.165410 | electron energy -54.248423 + phonon energy 0.083013 | electron momentum kIdx = 10
The 1-th iteration is completed.	|| time cost : 0h 0m 20.343s
********************************************************************************************************************
Start the 2 rounds of NGS-ED iteration
	effective electronic model is modified as: kinetic energy t = 0.860226
	                                           effective interaction Vq = [-1.97681,-1.82009,-1.65379,-1.82009,-1.82009,-1.65379,-1.68925,-1.65379,-1.65379,-1.68925,-1.94599,-1.68925,-1.82009,-1.65379,-1.68925,-1.65379]
	PARPACK diagonalization completed after 30 matrix-vector product operations.
	iteration results: : total energy is -54.960742 | electron energy -55.087300 + phonon energy 0.126558 | electron momentum kIdx = 10
The 2-th iteration is completed.	|| time cost : 0h 0m 20.278s
********************************************************************************************************************
Start the 3 rounds of NGS-ED iteration
	effective electronic model is modified as: kinetic energy t = 0.855523
	                                           effective interaction Vq = [-1.99149,-1.83929,-1.66906,-1.83929,-1.83929,-1.66906,-1.70524,-1.66906,-1.66906,-1.70524,-1.96791,-1.70524,-1.83929,-1.66906,-1.70524,-1.66906]
	PARPACK diagonalization completed after 30 matrix-vector product operations.
	iteration results: : total energy is -55.245517 | electron energy -55.399433 + phonon energy 0.153915 | electron momentum kIdx = 10
The 3-th iteration is completed.	|| time cost : 0h 0m 20.286s
********************************************************************************************************************
Start the 4 rounds of NGS-ED iteration
	effective electronic model is modified as: kinetic energy t = 0.853112
	                                           effective interaction Vq = [-1.99689,-1.84834,-1.67651,-1.84834,-1.84834,-1.67651,-1.71291,-1.67651,-1.67651,-1.71291,-1.97769,-1.71291,-1.84834,-1.67651,-1.71291,-1.67651]
	PARPACK diagonalization completed after 30 matrix-vector product operations.
	iteration results: : total energy is -55.346965 | electron energy -55.516686 + phonon energy 0.169722 | electron momentum kIdx = 10
The 4-th iteration is completed.	|| time cost : 0h 0m 20.251s
********************************************************************************************************************
Start the 5 rounds of NGS-ED iteration
	effective electronic model is modified as: kinetic energy t = 0.851875
	                                           effective interaction Vq = [-1.99887,-1.85275,-1.68022,-1.85275,-1.85275,-1.68022,-1.71668,-1.68022,-1.68022,-1.71668,-1.98229,-1.71668,-1.85275,-1.68022,-1.71668,-1.68022]
	PARPACK diagonalization completed after 30 matrix-vector product operations.
	iteration results: : total energy is -55.383136 | electron energy -55.561605 + phonon energy 0.178469 | electron momentum kIdx = 10
The 5-th iteration is completed.	|| time cost : 0h 0m 20.252s
********************************************************************************************************************
Start the 6 rounds of NGS-ED iteration
	effective electronic model is modified as: kinetic energy t = 0.851239
	                                           effective interaction Vq = [ -1.9996,-1.85493,-1.68209,-1.85493,-1.85493,-1.68209,-1.71855,-1.68209,-1.68209,-1.71855,-1.98454,-1.71855,-1.85493,-1.68209,-1.71855,-1.68209]
	PARPACK diagonalization completed after 30 matrix-vector product operations.
	iteration results: : total energy is -55.396083 | electron energy -55.579274 + phonon energy 0.183192 | electron momentum kIdx = 10
The 6-th iteration is completed.	|| time cost : 0h 0m 20.226s
********************************************************************************************************************
Start the 7 rounds of NGS-ED iteration
	effective electronic model is modified as: kinetic energy t = 0.850912
	                                           effective interaction Vq = [-1.99987,-1.85602,-1.68303,-1.85602,-1.85602,-1.68303,-1.71949,-1.68303,-1.68303,-1.71949,-1.98569,-1.71949,-1.85602,-1.68303,-1.71949,-1.68303]
	PARPACK diagonalization completed after 30 matrix-vector product operations.
	iteration results: : total energy is -55.400739 | electron energy -55.586444 + phonon energy 0.185705 | electron momentum kIdx = 10
The 7-th iteration is completed.	|| time cost : 0h 0m 20.248s
********************************************************************************************************************
Start the 8 rounds of NGS-ED iteration
	effective electronic model is modified as: kinetic energy t = 0.850745
	                                           effective interaction Vq = [-1.99997,-1.85657,-1.68351,-1.85657,-1.85657,-1.68351,-1.71996,-1.68351,-1.68351,-1.71996,-1.98628,-1.71996,-1.85657,-1.68351,-1.71996,-1.68351]
	PARPACK diagonalization completed after 30 matrix-vector product operations.
	iteration results: : total energy is -55.402421 | electron energy -55.589451 + phonon energy 0.187030 | electron momentum kIdx = 10
The 8-th iteration is completed.	|| time cost : 0h 0m 20.695s
********************************************************************************************************************
Start the 9 rounds of NGS-ED iteration
	effective electronic model is modified as: kinetic energy t = 0.850659
	                                           effective interaction Vq = [-2.00001,-1.85684,-1.68375,-1.85684,-1.85684,-1.68375,-1.72019,-1.68375,-1.68375,-1.72019,-1.98658,-1.72019,-1.85684,-1.68375,-1.72019,-1.68375]
	PARPACK diagonalization completed after 30 matrix-vector product operations.
	iteration results: : total energy is -55.403031 | electron energy -55.590756 + phonon energy 0.187725 | electron momentum kIdx = 10
The 9-th iteration is completed.	|| time cost : 0h 0m 20.275s
********************************************************************************************************************
Start the 10 rounds of NGS-ED iteration
	effective electronic model is modified as: kinetic energy t = 0.850615
	                                           effective interaction Vq = [-2.00002,-1.85698,-1.68387,-1.85698,-1.85698,-1.68387, -1.7203,-1.68387,-1.68387, -1.7203,-1.98675, -1.7203,-1.85698,-1.68387, -1.7203,-1.68387]
	PARPACK diagonalization completed after 30 matrix-vector product operations.
	iteration results: : total energy is -55.403253 | electron energy -55.591342 + phonon energy 0.188089 | electron momentum kIdx = 10
	Nq(0) = 16,	Nq(1) = 0.326969,	Nq(2) = 0.355547,	Nq(3) = 0.326969,	Nq(4) = 0.326969,	Nq(5) = 0.355547,	Nq(6) = 0.567256,	Nq(7) = 0.355547,	Nq(8) = 0.355547,	Nq(9) = 0.567256,	Nq(10) = 4.40136,	Nq(11) = 0.567256,	Nq(12) = 0.326969,	Nq(13) = 0.355547,	Nq(14) = 0.567256,	Nq(15) = 0.355547,	Sq(0) = -3.08817e-18,	Sq(1) = 0.291048,	Sq(2) = 0.342238,	Sq(3) = 0.291048,	Sq(4) = 0.291048,	Sq(5) = 0.342238,	Sq(6) = 0.522658,	Sq(7) = 0.342238,	Sq(8) = 0.342238,	Sq(9) = 0.522658,	Sq(10) = 0.580201,	Sq(11) = 0.522658,	Sq(12) = 0.291048,	Sq(13) = 0.342238,	Sq(14) = 0.522658,	Sq(15) = 0.342238,	N(0) = 1.99321,	N(1) = 1.97951,	N(2) = 1,	N(3) = 1.97951,	N(4) = 1.97951,	N(5) = 1,	N(6) = 0.0204906,	N(7) = 1,	N(8) = 1,	N(9) = 0.0204906,	N(10) = 0.00679247,	N(11) = 0.0204906,	N(12) = 1.97951,	N(13) = 1,	N(14) = 0.0204906,	N(15) = 1
The 10-th iteration is completed.	|| time cost : 0h 0m 53.589s
********************************************************************************************************************
Start the 11 rounds of NGS-ED iteration
	effective electronic model is modified as: kinetic energy t = 0.850593
	                                           effective interaction Vq = [-2.00003,-1.85705,-1.68393,-1.85705,-1.85705,-1.68393,-1.72035,-1.68393,-1.68393,-1.72035,-1.98683,-1.72035,-1.85705,-1.68393,-1.72035,-1.68393]
	PARPACK diagonalization completed after 30 matrix-vector product operations.
	iteration results: : total energy is -55.403334 | electron energy -55.591612 + phonon energy 0.188278 | electron momentum kIdx = 10
The 11-th iteration is completed.	|| time cost : 0h 0m 20.273s
********************************************************************************************************************
Start the 12 rounds of NGS-ED iteration
	effective electronic model is modified as: kinetic energy t = 0.850582
	                                           effective interaction Vq = [-2.00003,-1.85708,-1.68396,-1.85708,-1.85708,-1.68396,-1.72038,-1.68396,-1.68396,-1.72038,-1.98688,-1.72038,-1.85708,-1.68396,-1.72038,-1.68396]
	PARPACK diagonalization completed after 30 matrix-vector product operations.
	iteration results: : total energy is -55.403364 | electron energy -55.591740 + phonon energy 0.188377 | electron momentum kIdx = 10
The 12-th iteration is completed.	|| time cost : 0h 0m 20.233s
********************************************************************************************************************
Start the 13 rounds of NGS-ED iteration
	effective electronic model is modified as: kinetic energy t = 0.850576
	                                           effective interaction Vq = [-2.00003,-1.85709,-1.68397,-1.85709,-1.85709,-1.68397,-1.72039,-1.68397,-1.68397,-1.72039, -1.9869,-1.72039,-1.85709,-1.68397,-1.72039,-1.68397]
	PARPACK diagonalization completed after 30 matrix-vector product operations.
	iteration results: : total energy is -55.403374 | electron energy -55.591802 + phonon energy 0.188428 | electron momentum kIdx = 10
The 13-th iteration is completed.	|| time cost : 0h 0m 20.273s
********************************************************************************************************************
Start the 14 rounds of NGS-ED iteration
	effective electronic model is modified as: kinetic energy t = 0.850574
	                                           effective interaction Vq = [-2.00003, -1.8571,-1.68398, -1.8571, -1.8571,-1.68398,-1.72039,-1.68398,-1.68398,-1.72039,-1.98692,-1.72039, -1.8571,-1.68398,-1.72039,-1.68398]
	PARPACK diagonalization completed after 30 matrix-vector product operations.
	iteration results: : total energy is -55.403378 | electron energy -55.591832 + phonon energy 0.188454 | electron momentum kIdx = 10
The 14-th iteration is completed.	|| time cost : 0h 0m 20.408s
********************************************************************************************************************
Start the 15 rounds of NGS-ED iteration
	effective electronic model is modified as: kinetic energy t = 0.850572
	                                           effective interaction Vq = [-2.00003, -1.8571,-1.68398, -1.8571, -1.8571,-1.68398, -1.7204,-1.68398,-1.68398, -1.7204,-1.98692, -1.7204, -1.8571,-1.68398, -1.7204,-1.68398]
	PARPACK diagonalization completed after 30 matrix-vector product operations.
	iteration results: : total energy is -55.403380 | electron energy -55.591847 + phonon energy 0.188468 | electron momentum kIdx = 10
The 15-th iteration is completed.	|| time cost : 0h 0m 24.863s
********************************************************************************************************************
Start the 16 rounds of NGS-ED iteration
	effective electronic model is modified as: kinetic energy t = 0.850572
	                                           effective interaction Vq = [-2.00003, -1.8571,-1.68398, -1.8571, -1.8571,-1.68398, -1.7204,-1.68398,-1.68398, -1.7204,-1.98693, -1.7204, -1.8571,-1.68398, -1.7204,-1.68398]
	PARPACK diagonalization completed after 30 matrix-vector product operations.
	iteration results: : total energy is -55.403380 | electron energy -55.591855 + phonon energy 0.188475 | electron momentum kIdx = 10
The 16-th iteration is completed.	|| time cost : 0h 0m 22.607s
********************************************************************************************************************
Start the 17 rounds of NGS-ED iteration
	effective electronic model is modified as: kinetic energy t = 0.850571
	                                           effective interaction Vq = [-2.00003, -1.8571,-1.68399, -1.8571, -1.8571,-1.68399, -1.7204,-1.68399,-1.68399, -1.7204,-1.98693, -1.7204, -1.8571,-1.68399, -1.7204,-1.68399]
	PARPACK diagonalization completed after 30 matrix-vector product operations.
	iteration results: : total energy is -55.403381 | electron energy -55.591859 + phonon energy 0.188478 | electron momentum kIdx = 10
The 17-th iteration is completed.	|| time cost : 0h 0m 20.255s
********************************************************************************************************************
Start the 18 rounds of NGS-ED iteration
	effective electronic model is modified as: kinetic energy t = 0.850571
	                                           effective interaction Vq = [-2.00003, -1.8571,-1.68399, -1.8571, -1.8571,-1.68399, -1.7204,-1.68399,-1.68399, -1.7204,-1.98693, -1.7204, -1.8571,-1.68399, -1.7204,-1.68399]
	PARPACK diagonalization completed after 30 matrix-vector product operations.
	iteration results: : total energy is -55.403381 | electron energy -55.591861 + phonon energy 0.188480 | electron momentum kIdx = 10
The 18-th iteration is completed.	|| time cost : 0h 0m 20.273s
********************************************************************************************************************
Start the 19 rounds of NGS-ED iteration
	effective electronic model is modified as: kinetic energy t = 0.850571
	                                           effective interaction Vq = [-2.00003, -1.8571,-1.68399, -1.8571, -1.8571,-1.68399, -1.7204,-1.68399,-1.68399, -1.7204,-1.98693, -1.7204, -1.8571,-1.68399, -1.7204,-1.68399]
	PARPACK diagonalization completed after 30 matrix-vector product operations.
	iteration results: : total energy is -55.403381 | electron energy -55.591862 + phonon energy 0.188481 | electron momentum kIdx = 10
The 19-th iteration is completed.	|| time cost : 0h 0m 20.315s
********************************************************************************************************************
Start the 20 rounds of NGS-ED iteration
	effective electronic model is modified as: kinetic energy t = 0.850571
	                                           effective interaction Vq = [-2.00003, -1.8571,-1.68399, -1.8571, -1.8571,-1.68399, -1.7204,-1.68399,-1.68399, -1.7204,-1.98693, -1.7204, -1.8571,-1.68399, -1.7204,-1.68399]
	PARPACK diagonalization completed after 30 matrix-vector product operations.
	iteration results: : total energy is -55.403381 | electron energy -55.591862 + phonon energy 0.188481 | electron momentum kIdx = 10
	Nq(0) = 16,	Nq(1) = 0.326936,	Nq(2) = 0.355535,	Nq(3) = 0.326936,	Nq(4) = 0.326936,	Nq(5) = 0.355535,	Nq(6) = 0.567221,	Nq(7) = 0.355535,	Nq(8) = 0.355535,	Nq(9) = 0.567221,	Nq(10) = 4.4022,	Nq(11) = 0.567221,	Nq(12) = 0.326936,	Nq(13) = 0.355535,	Nq(14) = 0.567221,	Nq(15) = 0.355535,	Sq(0) = -5.45207e-18,	Sq(1) = 0.291011,	Sq(2) = 0.342219,	Sq(3) = 0.291011,	Sq(4) = 0.291011,	Sq(5) = 0.342219,	Sq(6) = 0.52261,	Sq(7) = 0.342219,	Sq(8) = 0.342219,	Sq(9) = 0.52261,	Sq(10) = 0.58017,	Sq(11) = 0.52261,	Sq(12) = 0.291011,	Sq(13) = 0.342219,	Sq(14) = 0.52261,	Sq(15) = 0.342219,	N(0) = 1.9932,	N(1) = 1.97949,	N(2) = 1,	N(3) = 1.97949,	N(4) = 1.97949,	N(5) = 1,	N(6) = 0.0205105,	N(7) = 1,	N(8) = 1,	N(9) = 0.0205105,	N(10) = 0.00679878,	N(11) = 0.0205105,	N(12) = 1.97949,	N(13) = 1,	N(14) = 0.0205105,	N(15) = 1
The 20-th iteration is completed.	|| time cost : 0h 0m 53.531s
********************************************************************************************************************
Start the 21 rounds of NGS-ED iteration
	effective electronic model is modified as: kinetic energy t = 0.850571
	                                           effective interaction Vq = [-2.00003, -1.8571,-1.68399, -1.8571, -1.8571,-1.68399, -1.7204,-1.68399,-1.68399, -1.7204,-1.98693, -1.7204, -1.8571,-1.68399, -1.7204,-1.68399]
	PARPACK diagonalization completed after 30 matrix-vector product operations.
	iteration results: : total energy is -55.403381 | electron energy -55.591862 + phonon energy 0.188482 | electron momentum kIdx = 10
The 21-th iteration is completed.	|| time cost : 0h 0m 20.278s
********************************************************************************************************************
Start the 22 rounds of NGS-ED iteration
	effective electronic model is modified as: kinetic energy t = 0.850571
	                                           effective interaction Vq = [-2.00003, -1.8571,-1.68399, -1.8571, -1.8571,-1.68399, -1.7204,-1.68399,-1.68399, -1.7204,-1.98693, -1.7204, -1.8571,-1.68399, -1.7204,-1.68399]
	PARPACK diagonalization completed after 30 matrix-vector product operations.
	iteration results: : total energy is -55.403381 | electron energy -55.591863 + phonon energy 0.188482 | electron momentum kIdx = 10
The 22-th iteration is completed.	|| time cost : 0h 0m 20.249s
********************************************************************************************************************
Start the 23 rounds of NGS-ED iteration
	effective electronic model is modified as: kinetic energy t = 0.850571
	                                           effective interaction Vq = [-2.00003, -1.8571,-1.68399, -1.8571, -1.8571,-1.68399, -1.7204,-1.68399,-1.68399, -1.7204,-1.98693, -1.7204, -1.8571,-1.68399, -1.7204,-1.68399]
	PARPACK diagonalization completed after 30 matrix-vector product operations.
	iteration results: : total energy is -55.403381 | electron energy -55.591863 + phonon energy 0.188482 | electron momentum kIdx = 10
The 23-th iteration is completed.	|| time cost : 0h 0m 20.234s
********************************************************************************************************************
Start the 24 rounds of NGS-ED iteration
	effective electronic model is modified as: kinetic energy t = 0.850571
	                                           effective interaction Vq = [-2.00003, -1.8571,-1.68399, -1.8571, -1.8571,-1.68399, -1.7204,-1.68399,-1.68399, -1.7204,-1.98693, -1.7204, -1.8571,-1.68399, -1.7204,-1.68399]
	PARPACK diagonalization completed after 30 matrix-vector product operations.
	iteration results: : total energy is -55.403381 | electron energy -55.591863 + phonon energy 0.188482 | electron momentum kIdx = 10
	Nq(0) = 16,	Nq(1) = 0.326936,	Nq(2) = 0.355535,	Nq(3) = 0.326936,	Nq(4) = 0.326936,	Nq(5) = 0.355535,	Nq(6) = 0.567221,	Nq(7) = 0.355535,	Nq(8) = 0.355535,	Nq(9) = 0.567221,	Nq(10) = 4.4022,	Nq(11) = 0.567221,	Nq(12) = 0.326936,	Nq(13) = 0.355535,	Nq(14) = 0.567221,	Nq(15) = 0.355535,	Sq(0) = -3.03028e-19,	Sq(1) = 0.291011,	Sq(2) = 0.342219,	Sq(3) = 0.291011,	Sq(4) = 0.291011,	Sq(5) = 0.342219,	Sq(6) = 0.52261,	Sq(7) = 0.342219,	Sq(8) = 0.342219,	Sq(9) = 0.52261,	Sq(10) = 0.58017,	Sq(11) = 0.52261,	Sq(12) = 0.291011,	Sq(13) = 0.342219,	Sq(14) = 0.52261,	Sq(15) = 0.342219,	N(0) = 1.9932,	N(1) = 1.97949,	N(2) = 1,	N(3) = 1.97949,	N(4) = 1.97949,	N(5) = 1,	N(6) = 0.0205106,	N(7) = 1,	N(8) = 1,	N(9) = 0.0205106,	N(10) = 0.0067988,	N(11) = 0.0205106,	N(12) = 1.97949,	N(13) = 1,	N(14) = 0.0205106,	N(15) = 1
The 24-th iteration is completed.	|| time cost : 0h 0m 53.572s
********************************************************************************************************************
********************************************************************************************************************
Ground state is obtained after 25 iterations. The current ground-state energy is -55.4034, in which electron energy is -55.5919 and phonon energy is 0.188482
final variational state is: 
	Gamma_x = [      1,1.05254,1.07044,1.05254,1.05254,1.07044,1.11186,1.07044,1.07044,1.11186,1.29567,1.11186,1.05254,1.07044,1.11186,1.07044]
	lambda_q = [0.632459,0.463389,0.381047,0.463389,0.463389,0.381047,0.395973,0.381047,0.381047,0.395973,0.581279,0.395973,0.463389,0.381047,0.395973,0.381047]
********************************************************************************************************************
o___o  ----------------------------------------
| L |	Time since last clock: 0h 0m 0s
A===A	Time since the beginning: 0h 24m 38.191s
***********************************************


Non-Gaussina ED ground state calculation is completed. The final ground-state energy is -55.4034
********************************************************************************************************************
o___o  ----------------------------------------
| L |	Time since last clock: 0h 0m 0s
A===A	Time since the beginning: 0h 24m 38.192s
***********************************************



********************************************************************************************************************
All non-Gaussian ED ground state calculations have been completed. Exit now.
TACC:  Shutdown complete. Exiting. 
