SNEDics v3.4 Non-Gaussian ED ground state program		Start at Thu Sep 26 23:29:58 2019

parallized on 16 MPI threads  * 8 OpenMP threads = 128 total threads.
********************************************************************************************************************
********************************************************************************************************************

********************************************************************************************************************
System parameters and configurations
********************************************************************************************************************
Special program options are enabled: splitted diagonal Hamiltonian
********************************************************************************************************************
Read input file "model_params.in"
	Hubbard-Holstein model parameters : 	t = 1    U = 3    g = 4.4721    W = 5    
********************************************************************************************************************
Read input file "hilbertspace_params.in"
	Requested 16-site 2D lattice, with 12 electrons (6, 6)
	Boundary : Periodic		Hilbert space representation : momentum-space (restricted to kIdx = 0)
	Conservation: particle number[U(1)]      spin[U(1)]     momentum
********************************************************************************************************************

Cluster Positions:				Cluster symmetry group : D4
 x ... x ... x ... x .....                       x ... x ... x ... x .....
 |           |           :                       |           |           :
 |           |           :                       |           |           :
12    13    14    15     x                       1     5     6     5     x
 |           |           :                       |           |           :
 |           |           :                       |           |           :
 8 --- 9 ---10 ---11 --- x                       2 --- 6 ---10 --- 6 --- x
 |           |           :                       |           |           :
 |           |           :                       |           |           :
 4     5     6     7     x                       1     5     6     5     x
 |           |           :                       |           |           :
 |           |           :                       |           |           :
 0 --- 1 --- 2 --- 3 --- x                       0 --- 1 --- 2 --- 1 --- x
orbital number : 1
********************************************************************************************************************
Read input file "obs_params.in"
	Observable Type : Nq(All),   Sq(All),   N(All),   Delta[s](All),   Delta[d](All),   Delta[s+](All)
********************************************************************************************************************
** WARNING ** the input observables have non-local factors which have been reinterpreted. The total observable number is 96
********************************************************************************************************************


********************************************************************************************************************
Start calculating the non-Gaussian ED ground state
** WARNING ** Detected low phonon energy W < 10. The initial state will be prepared through a warm-up process.
********************************************************************************************************************
Start warm-up calculation for scaling factor 2
open output files: NGSEDWarmUpW10Obs.txt
********************************************************************************************************************
Start the 0 rounds of NGS-ED iteration
	effective electronic model is modified as: kinetic energy t = 1
	                                           effective interaction Vq = [-0,-0,-0,-0,-0,-0,-0,-0,-0,-0,-0,-0,-0,-0,-0,-0]
	first Hamiltonian is constructed, non-zero numbers = 969134044
	PARPACK diagonalization completed after 105 matrix-vector product operations.
	iteration results: : total energy is -18.884783 | electron energy -18.884783 + phonon energy 0.000000 | electron momentum kIdx = 0
	Nq(0) = 9,	Nq(1) = 0.271565,	Nq(2) = 0.31423,	Nq(3) = 0.271565,	Nq(4) = 0.271565,	Nq(5) = 0.381142,	Nq(6) = 0.451821,	Nq(7) = 0.381142,	Nq(8) = 0.31423,	Nq(9) = 0.451821,	Nq(10) = 0.501534,	Nq(11) = 0.451821,	Nq(12) = 0.271565,	Nq(13) = 0.381142,	Nq(14) = 0.451821,	Nq(15) = 0.381142,	Sq(0) = 8.28239e-18,	Sq(1) = 0.459939,	Sq(2) = 0.411439,	Sq(3) = 0.459939,	Sq(4) = 0.459939,	Sq(5) = 0.596091,	Sq(6) = 0.807754,	Sq(7) = 0.596091,	Sq(8) = 0.411439,	Sq(9) = 0.807754,	Sq(10) = 1.17388,	Sq(11) = 0.807754,	Sq(12) = 0.459939,	Sq(13) = 0.596091,	Sq(14) = 0.807754,	Sq(15) = 0.596091,	N(0) = 1.95428,	N(1) = 1.91189,	N(2) = 0.988178,	N(3) = 1.91189,	N(4) = 1.91189,	N(5) = 0.0602933,	N(6) = 0.0396553,	N(7) = 0.0602933,	N(8) = 0.988178,	N(9) = 0.0396553,	N(10) = 0.0220121,	N(11) = 0.0396553,	N(12) = 1.91189,	N(13) = 0.0602933,	N(14) = 0.0396553,	N(15) = 0.0602933,	Delta[s](0) = 0.140835,	Delta[s](1) = 0.10231,	Delta[s](2) = 0.0938886,	Delta[s](3) = 0.10231,	Delta[s](4) = 0.10231,	Delta[s](5) = 0.0777821,	Delta[s](6) = 0.0489477,	Delta[s](7) = 0.0777821,	Delta[s](8) = 0.0938886,	Delta[s](9) = 0.0489477,	Delta[s](10) = 0.0292809,	Delta[s](11) = 0.0489477,	Delta[s](12) = 0.10231,	Delta[s](13) = 0.0777821,	Delta[s](14) = 0.0489477,	Delta[s](15) = 0.0777821,	Delta[d](0) = 0.602098,	Delta[d](1) = 0.238492,	Delta[d](2) = 0.262102,	Delta[d](3) = 0.238492,	Delta[d](4) = 0.238492,	Delta[d](5) = 0.13776,	Delta[d](6) = 0.156229,	Delta[d](7) = 0.13776,	Delta[d](8) = 0.262102,	Delta[d](9) = 0.156229,	Delta[d](10) = 0.054121,	Delta[d](11) = 0.156229,	Delta[d](12) = 0.238492,	Delta[d](13) = 0.13776,	Delta[d](14) = 0.156229,	Delta[d](15) = 0.13776,	Delta[s+](0) = 0.526385,	Delta[s+](1) = 0.361112,	Delta[s+](2) = 0.262102,	Delta[s+](3) = 0.361112,	Delta[s+](4) = 0.361112,	Delta[s+](5) = 0.153442,	Delta[s+](6) = 0.0585186,	Delta[s+](7) = 0.153442,	Delta[s+](8) = 0.262102,	Delta[s+](9) = 0.0585186,	Delta[s+](10) = 0.0147117,	Delta[s+](11) = 0.0585186,	Delta[s+](12) = 0.361112,	Delta[s+](13) = 0.153442,	Delta[s+](14) = 0.0585186,	Delta[s+](15) = 0.153442
The 0-th iteration is completed.	|| time cost : 0h 2m 57.413s
********************************************************************************************************************
Start the 1 rounds of NGS-ED iteration
	effective electronic model is modified as: kinetic energy t = 0.891147
	                                           effective interaction Vq = [ -3.4586,-3.27355,-3.14133,-3.27355,-3.27355,-3.19776,-3.13153,-3.19776,-3.14133,-3.13153,-3.06902,-3.13153,-3.27355,-3.19776,-3.13153,-3.19776]
	PARPACK diagonalization completed after 60 matrix-vector product operations.
	iteration results: : total energy is -71.845455 | electron energy -71.858276 + phonon energy 0.012821 | electron momentum kIdx = 0
The 1-th iteration is completed.	|| time cost : 0h 2m 38.125s
********************************************************************************************************************
Start the 2 rounds of NGS-ED iteration
	effective electronic model is modified as: kinetic energy t = 0.802356
	                                           effective interaction Vq = [-3.92667,-3.85247,-3.72813,-3.85247,-3.85247,-3.77893,-3.76712,-3.77893,-3.72813,-3.76712,-3.67626,-3.76712,-3.85247,-3.77893,-3.76712,-3.77893]
	PARPACK diagonalization completed after 105 matrix-vector product operations.
	iteration results: : total energy is -82.187614 | electron energy -82.256144 + phonon energy 0.068531 | electron momentum kIdx = 0
The 2-th iteration is completed.	|| time cost : 0h 0m 16.724s
********************************************************************************************************************
Start the 3 rounds of NGS-ED iteration
	effective electronic model is modified as: kinetic energy t = 0.757824
	                                           effective interaction Vq = [-3.99002,-3.95233,-3.90114,-3.95233,-3.95233,-3.91574,-3.91487,-3.91574,-3.90114,-3.91487,-3.89497,-3.91487,-3.95233,-3.91574,-3.91487,-3.91574]
	PARPACK diagonalization completed after 45 matrix-vector product operations.
	iteration results: : total energy is -83.777824 | electron energy -83.875148 + phonon energy 0.097324 | electron momentum kIdx = 0
The 3-th iteration is completed.	|| time cost : 0h 0m 10.725s
********************************************************************************************************************
Start the 4 rounds of NGS-ED iteration
	effective electronic model is modified as: kinetic energy t = 0.739139
	                                           effective interaction Vq = [-3.99859,-3.97464,-3.94667,-3.97464,-3.97464,-3.95133,-3.95343,-3.95133,-3.94667,-3.95343,-3.95497,-3.95343,-3.97464,-3.95133,-3.95343,-3.95133]
	PARPACK diagonalization completed after 45 matrix-vector product operations.
	iteration results: : total energy is -84.025730 | electron energy -84.131313 + phonon energy 0.105583 | electron momentum kIdx = 0
The 4-th iteration is completed.	|| time cost : 0h 0m 10.554s
********************************************************************************************************************
Start the 5 rounds of NGS-ED iteration
	effective electronic model is modified as: kinetic energy t = 0.731782
	                                           effective interaction Vq = [-3.99975, -3.9809,-3.96067, -3.9809, -3.9809,-3.96232,-3.96508,-3.96232,-3.96067,-3.96508,-3.97282,-3.96508, -3.9809,-3.96232,-3.96508,-3.96232]
	PARPACK diagonalization completed after 45 matrix-vector product operations.
	iteration results: : total energy is -84.062696 | electron energy -84.170867 + phonon energy 0.108171 | electron momentum kIdx = 0
The 5-th iteration is completed.	|| time cost : 0h 0m 10.566s
********************************************************************************************************************
Start the 6 rounds of NGS-ED iteration
	effective electronic model is modified as: kinetic energy t = 0.728954
	                                           effective interaction Vq = [-3.99991,-3.98294,-3.96553,-3.98294,-3.98294,-3.96614,-3.96904,-3.96614,-3.96553,-3.96904,-3.97868,-3.96904,-3.98294,-3.96614,-3.96904,-3.96614]
	PARPACK diagonalization completed after 45 matrix-vector product operations.
	iteration results: : total energy is -84.068059 | electron energy -84.177162 + phonon energy 0.109103 | electron momentum kIdx = 0
The 6-th iteration is completed.	|| time cost : 0h 0m 10.557s
********************************************************************************************************************
Start the 7 rounds of NGS-ED iteration
	effective electronic model is modified as: kinetic energy t = 0.727875
	                                           effective interaction Vq = [-3.99993,-3.98365,-3.96732,-3.98365,-3.98365,-3.96756,-3.97047,-3.96756,-3.96732,-3.97047,-3.98076,-3.97047,-3.98365,-3.96756,-3.97047,-3.96756]
	PARPACK diagonalization completed after 30 matrix-vector product operations.
	iteration results: : total energy is -84.068828 | electron energy -84.178286 + phonon energy 0.109458 | electron momentum kIdx = 0
The 7-th iteration is completed.	|| time cost : 0h 0m 9.023s
********************************************************************************************************************
Start the 8 rounds of NGS-ED iteration
	effective electronic model is modified as: kinetic energy t = 0.727465
	                                           effective interaction Vq = [-3.99994,-3.98391,  -3.968,-3.98391,-3.98391,-3.96809,  -3.971,-3.96809,  -3.968,  -3.971,-3.98152,  -3.971,-3.98391,-3.96809,  -3.971,-3.96809]
	PARPACK diagonalization completed after 30 matrix-vector product operations.
	iteration results: : total energy is -84.068937 | electron energy -84.178532 + phonon energy 0.109595 | electron momentum kIdx = 0
The 8-th iteration is completed.	|| time cost : 0h 0m 9.022s
********************************************************************************************************************
Start the 9 rounds of NGS-ED iteration
	effective electronic model is modified as: kinetic energy t = 0.727309
	                                           effective interaction Vq = [-3.99994,-3.98401,-3.96827,-3.98401,-3.98401, -3.9683, -3.9712, -3.9683,-3.96827, -3.9712, -3.9818, -3.9712,-3.98401, -3.9683, -3.9712, -3.9683]
	PARPACK diagonalization completed after 30 matrix-vector product operations.
	iteration results: : total energy is -84.068953 | electron energy -84.178600 + phonon energy 0.109648 | electron momentum kIdx = 0
	Nq(0) = 9,	Nq(1) = 0.537038,	Nq(2) = 0.725514,	Nq(3) = 0.537038,	Nq(4) = 0.537038,	Nq(5) = 0.725559,	Nq(6) = 1.1216,	Nq(7) = 0.725559,	Nq(8) = 0.725514,	Nq(9) = 1.1216,	Nq(10) = 1.87708,	Nq(11) = 1.1216,	Nq(12) = 0.537038,	Nq(13) = 0.725559,	Nq(14) = 1.1216,	Nq(15) = 0.725559,	Sq(0) = 3.42841e-18,	Sq(1) = 0.0837783,	Sq(2) = 0.137053,	Sq(3) = 0.0837783,	Sq(4) = 0.0837783,	Sq(5) = 0.137053,	Sq(6) = 0.18694,	Sq(7) = 0.137053,	Sq(8) = 0.137053,	Sq(9) = 0.18694,	Sq(10) = 0.229933,	Sq(11) = 0.18694,	Sq(12) = 0.0837783,	Sq(13) = 0.137053,	Sq(14) = 0.18694,	Sq(15) = 0.137053,	N(0) = 1.75374,	N(1) = 1.43745,	N(2) = 0.584378,	N(3) = 1.43745,	N(4) = 1.43745,	N(5) = 0.584371,	N(6) = 0.217875,	N(7) = 0.584371,	N(8) = 0.584378,	N(9) = 0.217875,	N(10) = 0.118709,	N(11) = 0.217875,	N(12) = 1.43745,	N(13) = 0.584371,	N(14) = 0.217875,	N(15) = 0.584371,	Delta[s](0) = 0.92572,	Delta[s](1) = 0.300734,	Delta[s](2) = 0.270821,	Delta[s](3) = 0.300734,	Delta[s](4) = 0.300734,	Delta[s](5) = 0.27082,	Delta[s](6) = 0.239295,	Delta[s](7) = 0.27082,	Delta[s](8) = 0.270821,	Delta[s](9) = 0.239295,	Delta[s](10) = 0.221684,	Delta[s](11) = 0.239295,	Delta[s](12) = 0.300734,	Delta[s](13) = 0.27082,	Delta[s](14) = 0.239295,	Delta[s](15) = 0.27082,	Delta[d](0) = 0.122421,	Delta[d](1) = 0.105548,	Delta[d](2) = 0.110896,	Delta[d](3) = 0.105548,	Delta[d](4) = 0.105548,	Delta[d](5) = 0.0963868,	Delta[d](6) = 0.0902335,	Delta[d](7) = 0.0963868,	Delta[d](8) = 0.110896,	Delta[d](9) = 0.0902335,	Delta[d](10) = 0.0723047,	Delta[d](11) = 0.0902335,	Delta[d](12) = 0.105548,	Delta[d](13) = 0.0963868,	Delta[d](14) = 0.0902335,	Delta[d](15) = 0.0963868,	Delta[s+](0) = 0.223941,	Delta[s+](1) = 0.164062,	Delta[s+](2) = 0.110896,	Delta[s+](3) = 0.164062,	Delta[s+](4) = 0.164062,	Delta[s+](5) = 0.110896,	Delta[s+](6) = 0.0681562,	Delta[s+](7) = 0.110896,	Delta[s+](8) = 0.110896,	Delta[s+](9) = 0.0681562,	Delta[s+](10) = 0.0479293,	Delta[s+](11) = 0.0681562,	Delta[s+](12) = 0.164062,	Delta[s+](13) = 0.110896,	Delta[s+](14) = 0.0681562,	Delta[s+](15) = 0.110896
The 9-th iteration is completed.	|| time cost : 0h 1m 25.802s
********************************************************************************************************************
********************************************************************************************************************
Ground state is obtained after 10 iterations. The current ground-state energy is -84.069, in which electron energy is -84.1786 and phonon energy is 0.109648
final variational state is: 
	Gamma_x = [      1,1.02568,1.04804,1.02568,1.02568,1.04804,1.07189,1.04804,1.04804,1.07189,1.09829,1.07189,1.02568,1.04804,1.07189,1.04804]
	lambda_q = [0.632422,0.592582,0.576264,0.592582,0.592582,0.576277,0.578911,0.576277,0.576264,0.578911,0.589992,0.578911,0.592582,0.576277,0.578911,0.576277]
********************************************************************************************************************
o___o  ----------------------------------------
| L |	Time since last clock: 0h 0m 0s
A===A	Time since the beginning: 0h 8m 18.515s
***********************************************


********************************************************************************************************************
Warm up runs have been completed. Start calculating W = 5 phonon.
open output files: NGSEDIterationObs.txt
********************************************************************************************************************
Start the 0 rounds of NGS-ED iteration
	effective electronic model is modified as: kinetic energy t = 0.72725
	                                           effective interaction Vq = [-3.65672, -3.5444,-3.49382, -3.5444, -3.5444,-3.49386,-3.50221,-3.49386,-3.49382,-3.50221,-3.53655,-3.50221, -3.5444,-3.49386,-3.50221,-3.49386]
	PARPACK diagonalization completed after 45 matrix-vector product operations.
	iteration results: : total energy is -75.241214 | electron energy -75.296048 + phonon energy 0.054834 | electron momentum kIdx = 0
	Nq(0) = 9,	Nq(1) = 0.545833,	Nq(2) = 0.67789,	Nq(3) = 0.545833,	Nq(4) = 0.545833,	Nq(5) = 0.677928,	Nq(6) = 1.02954,	Nq(7) = 0.677928,	Nq(8) = 0.67789,	Nq(9) = 1.02954,	Nq(10) = 1.79414,	Nq(11) = 1.02954,	Nq(12) = 0.545833,	Nq(13) = 0.677928,	Nq(14) = 1.02954,	Nq(15) = 0.677928,	Sq(0) = 4.65652e-18,	Sq(1) = 0.119252,	Sq(2) = 0.180906,	Sq(3) = 0.119252,	Sq(4) = 0.119252,	Sq(5) = 0.180906,	Sq(6) = 0.244796,	Sq(7) = 0.180906,	Sq(8) = 0.180906,	Sq(9) = 0.244796,	Sq(10) = 0.295232,	Sq(11) = 0.244796,	Sq(12) = 0.119252,	Sq(13) = 0.180906,	Sq(14) = 0.244796,	Sq(15) = 0.180906,	N(0) = 1.83332,	N(1) = 1.58617,	N(2) = 0.519229,	N(3) = 1.58617,	N(4) = 1.58617,	N(5) = 0.519219,	N(6) = 0.155892,	N(7) = 0.519219,	N(8) = 0.519229,	N(9) = 0.155892,	N(10) = 0.0831091,	N(11) = 0.155892,	N(12) = 1.58617,	N(13) = 0.519219,	N(14) = 0.155892,	N(15) = 0.519219,	Delta[s](0) = 0.67245,	Delta[s](1) = 0.283524,	Delta[s](2) = 0.265081,	Delta[s](3) = 0.283524,	Delta[s](4) = 0.283524,	Delta[s](5) = 0.26508,	Delta[s](6) = 0.239667,	Delta[s](7) = 0.26508,	Delta[s](8) = 0.265081,	Delta[s](9) = 0.239667,	Delta[s](10) = 0.225871,	Delta[s](11) = 0.239667,	Delta[s](12) = 0.283524,	Delta[s](13) = 0.26508,	Delta[s](14) = 0.239667,	Delta[s](15) = 0.26508,	Delta[d](0) = 0.139975,	Delta[d](1) = 0.115376,	Delta[d](2) = 0.121597,	Delta[d](3) = 0.115376,	Delta[d](4) = 0.115376,	Delta[d](5) = 0.106704,	Delta[d](6) = 0.0972999,	Delta[d](7) = 0.106704,	Delta[d](8) = 0.121597,	Delta[d](9) = 0.0972999,	Delta[d](10) = 0.0760522,	Delta[d](11) = 0.0972999,	Delta[d](12) = 0.115376,	Delta[d](13) = 0.106704,	Delta[d](14) = 0.0972999,	Delta[d](15) = 0.106704,	Delta[s+](0) = 0.252422,	Delta[s+](1) = 0.186393,	Delta[s+](2) = 0.121597,	Delta[s+](3) = 0.186393,	Delta[s+](4) = 0.186393,	Delta[s+](5) = 0.121596,	Delta[s+](6) = 0.0699648,	Delta[s+](7) = 0.121596,	Delta[s+](8) = 0.121597,	Delta[s+](9) = 0.0699648,	Delta[s+](10) = 0.0461307,	Delta[s+](11) = 0.0699648,	Delta[s+](12) = 0.186393,	Delta[s+](13) = 0.121596,	Delta[s+](14) = 0.0699648,	Delta[s+](15) = 0.121596
The 0-th iteration is completed.	|| time cost : 0h 1m 26.01s
********************************************************************************************************************
Start the 1 rounds of NGS-ED iteration
	effective electronic model is modified as: kinetic energy t = 0.676844
	                                           effective interaction Vq = [-3.87367, -3.7659,-3.70515, -3.7659, -3.7659,-3.70517,-3.71894,-3.70517,-3.70515,-3.71894,-3.76951,-3.71894, -3.7659,-3.70517,-3.71894,-3.70517]
	PARPACK diagonalization completed after 45 matrix-vector product operations.
	iteration results: : total energy is -78.885887 | electron energy -79.088204 + phonon energy 0.202316 | electron momentum kIdx = 0
The 1-th iteration is completed.	|| time cost : 0h 0m 10.552s
********************************************************************************************************************
Start the 2 rounds of NGS-ED iteration
	effective electronic model is modified as: kinetic energy t = 0.638489
	                                           effective interaction Vq = [-3.95349,-3.87004,-3.81607,-3.87004,-3.87004,-3.81608,-3.83264,-3.81608,-3.81607,-3.83264,-3.88685,-3.83264,-3.87004,-3.81608,-3.83264,-3.81608]
	PARPACK diagonalization completed after 45 matrix-vector product operations.
	iteration results: : total energy is -80.363336 | electron energy -80.639846 + phonon energy 0.276509 | electron momentum kIdx = 0
The 2-th iteration is completed.	|| time cost : 0h 0m 10.723s
********************************************************************************************************************
Start the 3 rounds of NGS-ED iteration
	effective electronic model is modified as: kinetic energy t = 0.611912
	                                           effective interaction Vq = [-3.98285,-3.91988,-3.87463,-3.91988,-3.91988,-3.87464,-3.89075,-3.87464,-3.87463,-3.89075,-3.94063,-3.89075,-3.91988,-3.87464,-3.89075,-3.87464]
	PARPACK diagonalization completed after 45 matrix-vector product operations.
	iteration results: : total energy is -80.943526 | electron energy -81.244265 + phonon energy 0.300739 | electron momentum kIdx = 0
The 3-th iteration is completed.	|| time cost : 0h 0m 10.577s
********************************************************************************************************************
Start the 4 rounds of NGS-ED iteration
	effective electronic model is modified as: kinetic energy t = 0.594262
	                                           effective interaction Vq = [-3.99365,-3.94488,-3.90696,-3.94488,-3.94488,-3.90697,-3.92139,-3.90697,-3.90696,-3.92139,-3.96457,-3.92139,-3.94488,-3.90697,-3.92139,-3.90697]
	PARPACK diagonalization completed after 45 matrix-vector product operations.
	iteration results: : total energy is -81.167464 | electron energy -81.472720 + phonon energy 0.305256 | electron momentum kIdx = 0
The 4-th iteration is completed.	|| time cost : 0h 0m 10.577s
********************************************************************************************************************
Start the 5 rounds of NGS-ED iteration
	effective electronic model is modified as: kinetic energy t = 0.582734
	                                           effective interaction Vq = [-3.99762,-3.95812,-3.92576,-3.95812,-3.95812,-3.92577,-3.93839,-3.92577,-3.92576,-3.93839,-3.97536,-3.93839,-3.95812,-3.92577,-3.93839,-3.92577]
	PARPACK diagonalization completed after 45 matrix-vector product operations.
	iteration results: : total energy is -81.253946 | electron energy -81.557775 + phonon energy 0.303828 | electron momentum kIdx = 0
The 5-th iteration is completed.	|| time cost : 0h 0m 10.556s
********************************************************************************************************************
Start the 6 rounds of NGS-ED iteration
	effective electronic model is modified as: kinetic energy t = 0.575245
	                                           effective interaction Vq = [-3.99908,-3.96546,-3.93718,-3.96546,-3.96546,-3.93718,-3.94827,-3.93718,-3.93718,-3.94827,-3.98035,-3.94827,-3.96546,-3.93718,-3.94827,-3.93718]
	PARPACK diagonalization completed after 45 matrix-vector product operations.
	iteration results: : total energy is -81.287725 | electron energy -81.588961 + phonon energy 0.301236 | electron momentum kIdx = 0
The 6-th iteration is completed.	|| time cost : 0h 0m 10.574s
********************************************************************************************************************
Start the 7 rounds of NGS-ED iteration
	effective electronic model is modified as: kinetic energy t = 0.570384
	                                           effective interaction Vq = [-3.99962, -3.9697,-3.94433, -3.9697, -3.9697,-3.94433,-3.95422,-3.94433,-3.94433,-3.95422,-3.98267,-3.95422, -3.9697,-3.94433,-3.95422,-3.94433]
	PARPACK diagonalization completed after 45 matrix-vector product operations.
	iteration results: : total energy is -81.301126 | electron energy -81.600003 + phonon energy 0.298877 | electron momentum kIdx = 0
The 7-th iteration is completed.	|| time cost : 0h 0m 10.564s
********************************************************************************************************************
Start the 8 rounds of NGS-ED iteration
	effective electronic model is modified as: kinetic energy t = 0.567226
	                                           effective interaction Vq = [-3.99982,-3.97222,-3.94891,-3.97222,-3.97222,-3.94891,-3.95791,-3.94891,-3.94891,-3.95791,-3.98373,-3.95791,-3.97222,-3.94891,-3.95791,-3.94891]
	PARPACK diagonalization completed after 45 matrix-vector product operations.
	iteration results: : total energy is -81.306534 | electron energy -81.603585 + phonon energy 0.297051 | electron momentum kIdx = 0
The 8-th iteration is completed.	|| time cost : 0h 0m 10.578s
********************************************************************************************************************
Start the 9 rounds of NGS-ED iteration
	effective electronic model is modified as: kinetic energy t = 0.565171
	                                           effective interaction Vq = [-3.99989,-3.97375, -3.9519,-3.97375,-3.97375, -3.9519,-3.96024, -3.9519, -3.9519,-3.96024,-3.98417,-3.96024,-3.97375, -3.9519,-3.96024, -3.9519]
	PARPACK diagonalization completed after 45 matrix-vector product operations.
	iteration results: : total energy is -81.308753 | electron energy -81.604483 + phonon energy 0.295730 | electron momentum kIdx = 0
The 9-th iteration is completed.	|| time cost : 0h 0m 10.537s
********************************************************************************************************************
Start the 10 rounds of NGS-ED iteration
	effective electronic model is modified as: kinetic energy t = 0.563832
	                                           effective interaction Vq = [-3.99992,-3.97469,-3.95386,-3.97469,-3.97469,-3.95386,-3.96173,-3.95386,-3.95386,-3.96173, -3.9843,-3.96173,-3.97469,-3.95386,-3.96173,-3.95386]
	PARPACK diagonalization completed after 45 matrix-vector product operations.
	iteration results: : total energy is -81.309679 | electron energy -81.604486 + phonon energy 0.294808 | electron momentum kIdx = 0
	Nq(0) = 9,	Nq(1) = 0.537521,	Nq(2) = 0.739562,	Nq(3) = 0.537521,	Nq(4) = 0.537521,	Nq(5) = 0.739563,	Nq(6) = 1.1656,	Nq(7) = 0.739563,	Nq(8) = 0.739562,	Nq(9) = 1.1656,	Nq(10) = 2.31383,	Nq(11) = 1.1656,	Nq(12) = 0.537521,	Nq(13) = 0.739563,	Nq(14) = 1.1656,	Nq(15) = 0.739563,	Sq(0) = -2.20741e-19,	Sq(1) = 0.052274,	Sq(2) = 0.0922345,	Sq(3) = 0.052274,	Sq(4) = 0.052274,	Sq(5) = 0.0922345,	Sq(6) = 0.128236,	Sq(7) = 0.0922345,	Sq(8) = 0.0922345,	Sq(9) = 0.128236,	Sq(10) = 0.160877,	Sq(11) = 0.128236,	Sq(12) = 0.052274,	Sq(13) = 0.0922345,	Sq(14) = 0.128236,	Sq(15) = 0.0922345,	N(0) = 1.63389,	N(1) = 1.27386,	N(2) = 0.647145,	N(3) = 1.27386,	N(4) = 1.27386,	N(5) = 0.647145,	N(6) = 0.303489,	N(7) = 0.647145,	N(8) = 0.647145,	N(9) = 0.303489,	N(10) = 0.173841,	N(11) = 0.303489,	N(12) = 1.27386,	N(13) = 0.647145,	N(14) = 0.303489,	N(15) = 0.647145,	Delta[s](0) = 0.570938,	Delta[s](1) = 0.329213,	Delta[s](2) = 0.314494,	Delta[s](3) = 0.329213,	Delta[s](4) = 0.329213,	Delta[s](5) = 0.314494,	Delta[s](6) = 0.302606,	Delta[s](7) = 0.314494,	Delta[s](8) = 0.314494,	Delta[s](9) = 0.302606,	Delta[s](10) = 0.29666,	Delta[s](11) = 0.302606,	Delta[s](12) = 0.329213,	Delta[s](13) = 0.314494,	Delta[s](14) = 0.302606,	Delta[s](15) = 0.314494,	Delta[d](0) = 0.10498,	Delta[d](1) = 0.100034,	Delta[d](2) = 0.104551,	Delta[d](3) = 0.100034,	Delta[d](4) = 0.100034,	Delta[d](5) = 0.0934185,	Delta[d](6) = 0.0916393,	Delta[d](7) = 0.0934185,	Delta[d](8) = 0.104551,	Delta[d](9) = 0.0916393,	Delta[d](10) = 0.0823893,	Delta[d](11) = 0.0916393,	Delta[d](12) = 0.100034,	Delta[d](13) = 0.0934185,	Delta[d](14) = 0.0916393,	Delta[d](15) = 0.0934185,	Delta[s+](0) = 0.1749,	Delta[s+](1) = 0.135447,	Delta[s+](2) = 0.104551,	Delta[s+](3) = 0.135447,	Delta[s+](4) = 0.135447,	Delta[s+](5) = 0.104551,	Delta[s+](6) = 0.079879,	Delta[s+](7) = 0.104551,	Delta[s+](8) = 0.104551,	Delta[s+](9) = 0.079879,	Delta[s+](10) = 0.0657319,	Delta[s+](11) = 0.079879,	Delta[s+](12) = 0.135447,	Delta[s+](13) = 0.104551,	Delta[s+](14) = 0.079879,	Delta[s+](15) = 0.104551
The 10-th iteration is completed.	|| time cost : 0h 1m 26.304s
********************************************************************************************************************
Start the 11 rounds of NGS-ED iteration
	effective electronic model is modified as: kinetic energy t = 0.562956
	                                           effective interaction Vq = [-3.99993,-3.97528,-3.95517,-3.97528,-3.97528,-3.95517, -3.9627,-3.95517,-3.95517, -3.9627, -3.9843, -3.9627,-3.97528,-3.95517, -3.9627,-3.95517]
	PARPACK diagonalization completed after 45 matrix-vector product operations.
	iteration results: : total energy is -81.310071 | electron energy -81.604248 + phonon energy 0.294176 | electron momentum kIdx = 0
The 11-th iteration is completed.	|| time cost : 0h 0m 10.546s
********************************************************************************************************************
Start the 12 rounds of NGS-ED iteration
	effective electronic model is modified as: kinetic energy t = 0.562382
	                                           effective interaction Vq = [-3.99993,-3.97564,-3.95605,-3.97564,-3.97564,-3.95605,-3.96333,-3.95605,-3.95605,-3.96333,-3.98424,-3.96333,-3.97564,-3.95605,-3.96333,-3.95605]
	PARPACK diagonalization completed after 45 matrix-vector product operations.
	iteration results: : total energy is -81.310241 | electron energy -81.603990 + phonon energy 0.293749 | electron momentum kIdx = 0
The 12-th iteration is completed.	|| time cost : 0h 0m 10.688s
********************************************************************************************************************
Start the 13 rounds of NGS-ED iteration
	effective electronic model is modified as: kinetic energy t = 0.562005
	                                           effective interaction Vq = [-3.99993,-3.97588,-3.95664,-3.97588,-3.97588,-3.95664,-3.96375,-3.95664,-3.95664,-3.96375,-3.98416,-3.96375,-3.97588,-3.95664,-3.96375,-3.95664]
	PARPACK diagonalization completed after 30 matrix-vector product operations.
	iteration results: : total energy is -81.310315 | electron energy -81.603778 + phonon energy 0.293463 | electron momentum kIdx = 0
The 13-th iteration is completed.	|| time cost : 0h 0m 9.012s
********************************************************************************************************************
Start the 14 rounds of NGS-ED iteration
	effective electronic model is modified as: kinetic energy t = 0.561756
	                                           effective interaction Vq = [-3.99994,-3.97602,-3.95703,-3.97602,-3.97602,-3.95703,-3.96403,-3.95703,-3.95703,-3.96403,-3.98408,-3.96403,-3.97602,-3.95703,-3.96403,-3.95703]
	PARPACK diagonalization completed after 30 matrix-vector product operations.
	iteration results: : total energy is -81.310348 | electron energy -81.603619 + phonon energy 0.293271 | electron momentum kIdx = 0
The 14-th iteration is completed.	|| time cost : 0h 0m 9.002s
********************************************************************************************************************
Start the 15 rounds of NGS-ED iteration
	effective electronic model is modified as: kinetic energy t = 0.561591
	                                           effective interaction Vq = [-3.99994,-3.97612, -3.9573,-3.97612,-3.97612, -3.9573,-3.96421, -3.9573, -3.9573,-3.96421,-3.98402,-3.96421,-3.97612, -3.9573,-3.96421, -3.9573]
	PARPACK diagonalization completed after 30 matrix-vector product operations.
	iteration results: : total energy is -81.310363 | electron energy -81.603506 + phonon energy 0.293144 | electron momentum kIdx = 0
The 15-th iteration is completed.	|| time cost : 0h 0m 9.021s
********************************************************************************************************************
Start the 16 rounds of NGS-ED iteration
	effective electronic model is modified as: kinetic energy t = 0.561481
	                                           effective interaction Vq = [-3.99994,-3.97618,-3.95749,-3.97618,-3.97618,-3.95749,-3.96433,-3.95749,-3.95749,-3.96433,-3.98396,-3.96433,-3.97618,-3.95749,-3.96433,-3.95749]
	PARPACK diagonalization completed after 30 matrix-vector product operations.
	iteration results: : total energy is -81.310370 | electron energy -81.603428 + phonon energy 0.293058 | electron momentum kIdx = 0
The 16-th iteration is completed.	|| time cost : 0h 0m 9.014s
********************************************************************************************************************
Start the 17 rounds of NGS-ED iteration
	effective electronic model is modified as: kinetic energy t = 0.561408
	                                           effective interaction Vq = [-3.99994,-3.97621,-3.95761,-3.97621,-3.97621,-3.95761,-3.96442,-3.95761,-3.95761,-3.96442,-3.98392,-3.96442,-3.97621,-3.95761,-3.96442,-3.95761]
	PARPACK diagonalization completed after 30 matrix-vector product operations.
	iteration results: : total energy is -81.310373 | electron energy -81.603374 + phonon energy 0.293002 | electron momentum kIdx = 0
The 17-th iteration is completed.	|| time cost : 0h 0m 9.127s
********************************************************************************************************************
Start the 18 rounds of NGS-ED iteration
	effective electronic model is modified as: kinetic energy t = 0.56136
	                                           effective interaction Vq = [-3.99994,-3.97624, -3.9577,-3.97624,-3.97624, -3.9577,-3.96447, -3.9577, -3.9577,-3.96447,-3.98389,-3.96447,-3.97624, -3.9577,-3.96447, -3.9577]
	PARPACK diagonalization completed after 30 matrix-vector product operations.
	iteration results: : total energy is -81.310374 | electron energy -81.603338 + phonon energy 0.292964 | electron momentum kIdx = 0
The 18-th iteration is completed.	|| time cost : 0h 0m 9.014s
********************************************************************************************************************
Start the 19 rounds of NGS-ED iteration
	effective electronic model is modified as: kinetic energy t = 0.561327
	                                           effective interaction Vq = [-3.99994,-3.97626,-3.95775,-3.97626,-3.97626,-3.95775,-3.96451,-3.95775,-3.95775,-3.96451,-3.98387,-3.96451,-3.97626,-3.95775,-3.96451,-3.95775]
	PARPACK diagonalization completed after 30 matrix-vector product operations.
	iteration results: : total energy is -81.310375 | electron energy -81.603313 + phonon energy 0.292938 | electron momentum kIdx = 0
The 19-th iteration is completed.	|| time cost : 0h 0m 9.017s
********************************************************************************************************************
Start the 20 rounds of NGS-ED iteration
	effective electronic model is modified as: kinetic energy t = 0.561305
	                                           effective interaction Vq = [-3.99994,-3.97627,-3.95779,-3.97627,-3.97627,-3.95779,-3.96454,-3.95779,-3.95779,-3.96454,-3.98385,-3.96454,-3.97627,-3.95779,-3.96454,-3.95779]
	PARPACK diagonalization completed after 30 matrix-vector product operations.
	iteration results: : total energy is -81.310375 | electron energy -81.603297 + phonon energy 0.292921 | electron momentum kIdx = 0
	Nq(0) = 9,	Nq(1) = 0.536945,	Nq(2) = 0.745595,	Nq(3) = 0.536945,	Nq(4) = 0.536945,	Nq(5) = 0.745595,	Nq(6) = 1.1722,	Nq(7) = 0.745595,	Nq(8) = 0.745595,	Nq(9) = 1.1722,	Nq(10) = 2.26566,	Nq(11) = 1.1722,	Nq(12) = 0.536945,	Nq(13) = 0.745595,	Nq(14) = 1.1722,	Nq(15) = 0.745595,	Sq(0) = 1.10157e-18,	Sq(1) = 0.0517551,	Sq(2) = 0.0914456,	Sq(3) = 0.0517551,	Sq(4) = 0.0517551,	Sq(5) = 0.0914456,	Sq(6) = 0.127205,	Sq(7) = 0.0914456,	Sq(8) = 0.0914456,	Sq(9) = 0.127205,	Sq(10) = 0.159653,	Sq(11) = 0.127205,	Sq(12) = 0.0517551,	Sq(13) = 0.0914456,	Sq(14) = 0.127205,	Sq(15) = 0.0914456,	N(0) = 1.63122,	N(1) = 1.271,	N(2) = 0.648249,	N(3) = 1.271,	N(4) = 1.271,	N(5) = 0.648249,	N(6) = 0.305057,	N(7) = 0.648249,	N(8) = 0.648249,	N(9) = 0.305057,	N(10) = 0.175048,	N(11) = 0.305057,	N(12) = 1.271,	N(13) = 0.648249,	N(14) = 0.305057,	N(15) = 0.648249,	Delta[s](0) = 0.569931,	Delta[s](1) = 0.329608,	Delta[s](2) = 0.314942,	Delta[s](3) = 0.329608,	Delta[s](4) = 0.329608,	Delta[s](5) = 0.314942,	Delta[s](6) = 0.3032,	Delta[s](7) = 0.314942,	Delta[s](8) = 0.314942,	Delta[s](9) = 0.3032,	Delta[s](10) = 0.2971,	Delta[s](11) = 0.3032,	Delta[s](12) = 0.329608,	Delta[s](13) = 0.314942,	Delta[s](14) = 0.3032,	Delta[s](15) = 0.314942,	Delta[d](0) = 0.105459,	Delta[d](1) = 0.100601,	Delta[d](2) = 0.10504,	Delta[d](3) = 0.100601,	Delta[d](4) = 0.100601,	Delta[d](5) = 0.0940478,	Delta[d](6) = 0.0922899,	Delta[d](7) = 0.0940478,	Delta[d](8) = 0.10504,	Delta[d](9) = 0.0922899,	Delta[d](10) = 0.0831538,	Delta[d](11) = 0.0922899,	Delta[d](12) = 0.100601,	Delta[d](13) = 0.0940478,	Delta[d](14) = 0.0922899,	Delta[d](15) = 0.0940478,	Delta[s+](0) = 0.174531,	Delta[s+](1) = 0.135579,	Delta[s+](2) = 0.10504,	Delta[s+](3) = 0.135579,	Delta[s+](4) = 0.135579,	Delta[s+](5) = 0.10504,	Delta[s+](6) = 0.080603,	Delta[s+](7) = 0.10504,	Delta[s+](8) = 0.10504,	Delta[s+](9) = 0.080603,	Delta[s+](10) = 0.0665248,	Delta[s+](11) = 0.080603,	Delta[s+](12) = 0.135579,	Delta[s+](13) = 0.10504,	Delta[s+](14) = 0.080603,	Delta[s+](15) = 0.10504
The 20-th iteration is completed.	|| time cost : 0h 1m 24.459s
********************************************************************************************************************
Start the 21 rounds of NGS-ED iteration
	effective electronic model is modified as: kinetic energy t = 0.56129
	                                           effective interaction Vq = [-3.99994,-3.97627,-3.95782,-3.97627,-3.97627,-3.95782,-3.96456,-3.95782,-3.95782,-3.96456,-3.98384,-3.96456,-3.97627,-3.95782,-3.96456,-3.95782]
	PARPACK diagonalization completed after 30 matrix-vector product operations.
	iteration results: : total energy is -81.310375 | electron energy -81.603285 + phonon energy 0.292910 | electron momentum kIdx = 0
The 21-th iteration is completed.	|| time cost : 0h 0m 9.004s
********************************************************************************************************************
Start the 22 rounds of NGS-ED iteration
	effective electronic model is modified as: kinetic energy t = 0.56128
	                                           effective interaction Vq = [-3.99994,-3.97628,-3.95784,-3.97628,-3.97628,-3.95784,-3.96457,-3.95784,-3.95784,-3.96457,-3.98383,-3.96457,-3.97628,-3.95784,-3.96457,-3.95784]
	PARPACK diagonalization completed after 30 matrix-vector product operations.
	iteration results: : total energy is -81.310375 | electron energy -81.603278 + phonon energy 0.292902 | electron momentum kIdx = 0
The 22-th iteration is completed.	|| time cost : 0h 0m 9.003s
********************************************************************************************************************
Start the 23 rounds of NGS-ED iteration
	effective electronic model is modified as: kinetic energy t = 0.561273
	                                           effective interaction Vq = [-3.99994,-3.97628,-3.95785,-3.97628,-3.97628,-3.95785,-3.96458,-3.95785,-3.95785,-3.96458,-3.98382,-3.96458,-3.97628,-3.95785,-3.96458,-3.95785]
	PARPACK diagonalization completed after 30 matrix-vector product operations.
	iteration results: : total energy is -81.310375 | electron energy -81.603273 + phonon energy 0.292897 | electron momentum kIdx = 0
The 23-th iteration is completed.	|| time cost : 0h 0m 9.012s
********************************************************************************************************************
Start the 24 rounds of NGS-ED iteration
	effective electronic model is modified as: kinetic energy t = 0.561269
	                                           effective interaction Vq = [-3.99994,-3.97628,-3.95786,-3.97628,-3.97628,-3.95786,-3.96458,-3.95786,-3.95786,-3.96458,-3.98381,-3.96458,-3.97628,-3.95786,-3.96458,-3.95786]
	PARPACK diagonalization completed after 30 matrix-vector product operations.
