TACC:  Starting up job 1742734 
TACC:  Starting parallel tasks... 
SNEDics v3.4 Non-Gaussian ED ground state program		Start at Sat Oct 10 05:47:03 2020

parallized on 16 MPI threads  * 7 OpenMP threads = 112 total threads.
********************************************************************************************************************
********************************************************************************************************************

********************************************************************************************************************
System parameters and configurations
********************************************************************************************************************
Special program options are enabled: splitted diagonal Hamiltonian
********************************************************************************************************************
Read input file "model_params.in"
	Hubbard-Holstein model parameters : 	t = 1    U = 8    g = 0.05    W = 0.2    g' = 0.04    
********************************************************************************************************************
Read input file "hilbertspace_params.in"
	Requested 16-site 2D lattice, with 14 electrons (7, 7)
	Boundary : Periodic		Hilbert space representation : momentum-space (restricted to kIdx = 0)
	Conservation: particle number[U(1)]      spin[U(1)]     momentum
********************************************************************************************************************

Cluster Positions:				Cluster symmetry group : D4
 x ... x ... x ... x .....                       x ... x ... x ... x .....
 |           |           :                       |           |           :
 |           |           :                       |           |           :
12    13    14    15     x                       1     5     6     5     x
 |           |           :                       |           |           :
 |           |           :                       |           |           :
 8 --- 9 ---10 ---11 --- x                       2 --- 6 ---10 --- 6 --- x
 |           |           :                       |           |           :
 |           |           :                       |           |           :
 4     5     6     7     x                       1     5     6     5     x
 |           |           :                       |           |           :
 |           |           :                       |           |           :
 0 --- 1 --- 2 --- 3 --- x                       0 --- 1 --- 2 --- 1 --- x
orbital number : 1
********************************************************************************************************************
Read input file "obs_params.in"
	Observable Type : Nq(All),   Sq(All),   N(All),   Delta[s](All),   Delta[d](All),   Delta[s+](All)
********************************************************************************************************************
** WARNING ** the input observables have non-local factors which have been reinterpreted. The total observable number is 96
********************************************************************************************************************


********************************************************************************************************************
Start calculating the non-Gaussian ED ground state
** WARNING ** Detected low phonon energy W < 10. The initial state will be prepared through a warm-up process.
********************************************************************************************************************
Start warm-up calculation for scaling factor 64
open output files: NGSEDWarmUpW12.8Obs.txt
********************************************************************************************************************
Start the 0 rounds of NGS-ED iteration
	effective electronic model is modified as: kinetic energy t = 1
	                                           effective interaction Vq = [0,0,0,0,0,0,0,0,0,0,0,0,0,0,0,0]
	first Hamiltonian is constructed, non-zero numbers = 2178478298
	PARPACK diagonalization completed after 165 matrix-vector product operations.
	iteration results: : total energy is -11.868836 | electron energy -11.868836 + phonon energy 0.000000 | electron momentum kIdx = 0
	Nq(0) = 12.25,	Nq(1) = 0.154193,	Nq(2) = 0.185311,	Nq(3) = 0.154193,	Nq(4) = 0.154193,	Nq(5) = 0.203281,	Nq(6) = 0.235634,	Nq(7) = 0.203281,	Nq(8) = 0.185311,	Nq(9) = 0.235634,	Nq(10) = 0.275446,	Nq(11) = 0.235634,	Nq(12) = 0.154193,	Nq(13) = 0.203281,	Nq(14) = 0.235634,	Nq(15) = 0.203281,	Sq(0) = 1.11096e-18,	Sq(1) = 0.474292,	Sq(2) = 0.766364,	Sq(3) = 0.474292,	Sq(4) = 0.474292,	Sq(5) = 0.630724,	Sq(6) = 1.05279,	Sq(7) = 0.630724,	Sq(8) = 0.766364,	Sq(9) = 1.05279,	Sq(10) = 2.56755,	Sq(11) = 1.05279,	Sq(12) = 0.474292,	Sq(13) = 0.630724,	Sq(14) = 1.05279,	Sq(15) = 0.630724,	N(0) = 1.75464,	N(1) = 1.59086,	N(2) = 0.323321,	N(3) = 1.59086,	N(4) = 1.59086,	N(5) = 0.999881,	N(6) = 0.267546,	N(7) = 0.999881,	N(8) = 0.323321,	N(9) = 0.267546,	N(10) = 0.165565,	N(11) = 0.267546,	N(12) = 1.59086,	N(13) = 0.999881,	N(14) = 0.267546,	N(15) = 0.999881,	Delta[s](0) = 0.079297,	Delta[s](1) = 0.0592405,	Delta[s](2) = 0.0354026,	Delta[s](3) = 0.0592405,	Delta[s](4) = 0.0592405,	Delta[s](5) = 0.0422999,	Delta[s](6) = 0.01947,	Delta[s](7) = 0.0422999,	Delta[s](8) = 0.0354026,	Delta[s](9) = 0.01947,	Delta[s](10) = 0.000106015,	Delta[s](11) = 0.01947,	Delta[s](12) = 0.0592405,	Delta[s](13) = 0.0422999,	Delta[s](14) = 0.01947,	Delta[s](15) = 0.0422999,	Delta[d](0) = 0.276812,	Delta[d](1) = 0.190284,	Delta[d](2) = 0.200122,	Delta[d](3) = 0.190284,	Delta[d](4) = 0.190284,	Delta[d](5) = 0.176984,	Delta[d](6) = 0.13275,	Delta[d](7) = 0.176984,	Delta[d](8) = 0.200122,	Delta[d](9) = 0.13275,	Delta[d](10) = 0.0535149,	Delta[d](11) = 0.13275,	Delta[d](12) = 0.190284,	Delta[d](13) = 0.176984,	Delta[d](14) = 0.13275,	Delta[d](15) = 0.176984,	Delta[s+](0) = 0.561442,	Delta[s+](1) = 0.418038,	Delta[s+](2) = 0.200122,	Delta[s+](3) = 0.418038,	Delta[s+](4) = 0.418038,	Delta[s+](5) = 0.292142,	Delta[s+](6) = 0.126386,	Delta[s+](7) = 0.292142,	Delta[s+](8) = 0.200122,	Delta[s+](9) = 0.126386,	Delta[s+](10) = 0.0382607,	Delta[s+](11) = 0.126386,	Delta[s+](12) = 0.418038,	Delta[s+](13) = 0.292142,	Delta[s+](14) = 0.126386,	Delta[s+](15) = 0.292142
The 0-th iteration is completed.	|| time cost : 0h 6m 31.159s
********************************************************************************************************************
Start the 1 rounds of NGS-ED iteration
	effective electronic model is modified as: kinetic energy t = 0.999325
	                                           effective interaction Vq = [  -0.203454, -0.0731204,  -0.010325, -0.0731204, -0.0731204, -0.0104338,-0.00363784, -0.0104338,  -0.010325,-0.00363784, -0.0479384,-0.00363784, -0.0731204, -0.0104338,-0.00363784, -0.0104338]
	PARPACK diagonalization completed after 60 matrix-vector product operations.
	iteration results: : total energy is -14.423945 | electron energy -14.423945 + phonon energy 0.000001 | electron momentum kIdx = 0
The 1-th iteration is completed.	|| time cost : 0h 5m 14.647s
********************************************************************************************************************
Start the 2 rounds of NGS-ED iteration
	effective electronic model is modified as: kinetic energy t = 0.999076
	                                           effective interaction Vq = [ -0.219182,-0.0795725,-0.0111748,-0.0795725,-0.0795725,-0.0113097,-0.0039232,-0.0113097,-0.0111748,-0.0039232, -0.051545,-0.0039232,-0.0795725,-0.0113097,-0.0039232,-0.0113097]
	PARPACK diagonalization completed after 45 matrix-vector product operations.
	iteration results: : total energy is -14.618674 | electron energy -14.618676 + phonon energy 0.000002 | electron momentum kIdx = 0
The 2-th iteration is completed.	|| time cost : 0h 0m 24.551s
********************************************************************************************************************
Start the 3 rounds of NGS-ED iteration
	effective electronic model is modified as: kinetic energy t = 0.999028
	                                           effective interaction Vq = [  -0.220398, -0.0805351, -0.0112893, -0.0805351, -0.0805351, -0.0114312,-0.00395903, -0.0114312, -0.0112893,-0.00395903,   -0.05197,-0.00395903, -0.0805351, -0.0114312,-0.00395903, -0.0114312]
	PARPACK diagonalization completed after 45 matrix-vector product operations.
	iteration results: : total energy is -14.633640 | electron energy -14.633643 + phonon energy 0.000003 | electron momentum kIdx = 0
The 3-th iteration is completed.	|| time cost : 0h 0m 24.575s
********************************************************************************************************************
Start the 4 rounds of NGS-ED iteration
	effective electronic model is modified as: kinetic energy t = 0.999019
	                                           effective interaction Vq = [  -0.220492, -0.0807134, -0.0113068, -0.0807134, -0.0807134, -0.0114507,-0.00396401, -0.0114507, -0.0113068,-0.00396401, -0.0520247,-0.00396401, -0.0807134, -0.0114507,-0.00396401, -0.0114507]
	PARPACK diagonalization completed after 30 matrix-vector product operations.
	iteration results: : total energy is -14.634794 | electron energy -14.634797 + phonon energy 0.000003 | electron momentum kIdx = 0
The 4-th iteration is completed.	|| time cost : 0h 0m 21.73s
********************************************************************************************************************
Start the 5 rounds of NGS-ED iteration
	effective electronic model is modified as: kinetic energy t = 0.999017
	                                           effective interaction Vq = [  -0.220499, -0.0807482, -0.0113095, -0.0807482, -0.0807482, -0.0114539,-0.00396472, -0.0114539, -0.0113095,-0.00396472, -0.0520318,-0.00396472, -0.0807482, -0.0114539,-0.00396472, -0.0114539]
	PARPACK diagonalization completed after 30 matrix-vector product operations.
	iteration results: : total energy is -14.634884 | electron energy -14.634886 + phonon energy 0.000003 | electron momentum kIdx = 0
	Nq(0) = 12.25,	Nq(1) = 0.155288,	Nq(2) = 0.185594,	Nq(3) = 0.155288,	Nq(4) = 0.155288,	Nq(5) = 0.203538,	Nq(6) = 0.236001,	Nq(7) = 0.203538,	Nq(8) = 0.185594,	Nq(9) = 0.236001,	Nq(10) = 0.27696,	Nq(11) = 0.236001,	Nq(12) = 0.155288,	Nq(13) = 0.203538,	Nq(14) = 0.236001,	Nq(15) = 0.203538,	Sq(0) = 4.84149e-18,	Sq(1) = 0.473494,	Sq(2) = 0.765569,	Sq(3) = 0.473494,	Sq(4) = 0.473494,	Sq(5) = 0.630149,	Sq(6) = 1.05279,	Sq(7) = 0.630149,	Sq(8) = 0.765569,	Sq(9) = 1.05279,	Sq(10) = 2.56566,	Sq(11) = 1.05279,	Sq(12) = 0.473494,	Sq(13) = 0.630149,	Sq(14) = 1.05279,	Sq(15) = 0.630149,	N(0) = 1.75598,	N(1) = 1.59297,	N(2) = 0.322165,	N(3) = 1.59297,	N(4) = 1.59297,	N(5) = 0.999542,	N(6) = 0.266165,	N(7) = 0.999542,	N(8) = 0.322165,	N(9) = 0.266165,	N(10) = 0.16498,	N(11) = 0.266165,	N(12) = 1.59297,	N(13) = 0.999542,	N(14) = 0.266165,	N(15) = 0.999542,	Delta[s](0) = 0.0797801,	Delta[s](1) = 0.0596248,	Delta[s](2) = 0.03565,	Delta[s](3) = 0.0596248,	Delta[s](4) = 0.0596248,	Delta[s](5) = 0.0426091,	Delta[s](6) = 0.0196391,	Delta[s](7) = 0.0426091,	Delta[s](8) = 0.03565,	Delta[s](9) = 0.0196391,	Delta[s](10) = 0.000156236,	Delta[s](11) = 0.0196391,	Delta[s](12) = 0.0596248,	Delta[s](13) = 0.0426091,	Delta[s](14) = 0.0196391,	Delta[s](15) = 0.0426091,	Delta[d](0) = 0.279137,	Delta[d](1) = 0.190766,	Delta[d](2) = 0.200557,	Delta[d](3) = 0.190766,	Delta[d](4) = 0.190766,	Delta[d](5) = 0.177399,	Delta[d](6) = 0.132893,	Delta[d](7) = 0.177399,	Delta[d](8) = 0.200557,	Delta[d](9) = 0.132893,	Delta[d](10) = 0.0536755,	Delta[d](11) = 0.132893,	Delta[d](12) = 0.190766,	Delta[d](13) = 0.177399,	Delta[d](14) = 0.132893,	Delta[d](15) = 0.177399,	Delta[s+](0) = 0.563149,	Delta[s+](1) = 0.419284,	Delta[s+](2) = 0.200557,	Delta[s+](3) = 0.419284,	Delta[s+](4) = 0.419284,	Delta[s+](5) = 0.292884,	Delta[s+](6) = 0.126569,	Delta[s+](7) = 0.292884,	Delta[s+](8) = 0.200557,	Delta[s+](9) = 0.126569,	Delta[s+](10) = 0.0382594,	Delta[s+](11) = 0.126569,	Delta[s+](12) = 0.419284,	Delta[s+](13) = 0.292884,	Delta[s+](14) = 0.126569,	Delta[s+](15) = 0.292884
The 5-th iteration is completed.	|| time cost : 0h 4m 0.485s
********************************************************************************************************************
********************************************************************************************************************
Ground state is obtained after 6 iterations. The current ground-state energy is -14.6349, in which electron energy is -14.6349 and phonon energy is 2.82428e-06
final variational state is: 
	Gamma_x = [      1,1.00034,1.00008,1.00034,1.00034,1.00008,1.00004,1.00008,1.00008,1.00004,1.00061,1.00004,1.00034,1.00008,1.00004,1.00008]
	lambda_q = [  0.131189, 0.0641453, 0.0216078, 0.0641453, 0.0641453, 0.0222119,-0.0122838, 0.0222119, 0.0216078,-0.0122838,-0.0430302,-0.0122838, 0.0641453, 0.0222119,-0.0122838, 0.0222119]
The effective e-e interactions mediated by phonons are: [    0.2205, 0.0807551,   0.01131, 0.0807551, 0.0807551, 0.0114544,0.00396482, 0.0114544,   0.01131,0.00396482, 0.0520327,0.00396482, 0.0807551, 0.0114544,0.00396482, 0.0114544]
The real-space interactions mediated by phonons are: [  -0.67985, -0.280726,-0.0702997, -0.196427, -0.322048, -0.279544,-0.0702997,-0.0800633, -0.249335,-0.0800633,-0.0702997, -0.279544, -0.322048, -0.196427,-0.0702997, -0.280726]
********************************************************************************************************************
o___o  ----------------------------------------
| L |	Time since last clock: 0h 0m 0s
A===A	Time since the beginning: 0h 16m 57.15s
***********************************************

********************************************************************************************************************
Start warm-up calculation for scaling factor 32
open output files: NGSEDWarmUpW6.4Obs.txt
********************************************************************************************************************
Start the 0 rounds of NGS-ED iteration
	effective electronic model is modified as: kinetic energy t = 0.999017
	                                           effective interaction Vq = [  -0.201542, -0.0680102,-0.00923508, -0.0680102, -0.0680102, -0.0094074,-0.00320356, -0.0094074,-0.00923508,-0.00320356, -0.0417012,-0.00320356, -0.0680102, -0.0094074,-0.00320356, -0.0094074]
	PARPACK diagonalization completed after 45 matrix-vector product operations.
	iteration results: : total energy is -14.388729 | electron energy -14.388731 + phonon energy 0.000001 | electron momentum kIdx = 0
	Nq(0) = 12.25,	Nq(1) = 0.155101,	Nq(2) = 0.18552,	Nq(3) = 0.155101,	Nq(4) = 0.155101,	Nq(5) = 0.203463,	Nq(6) = 0.235904,	Nq(7) = 0.203463,	Nq(8) = 0.18552,	Nq(9) = 0.235904,	Nq(10) = 0.276633,	Nq(11) = 0.235904,	Nq(12) = 0.155101,	Nq(13) = 0.203463,	Nq(14) = 0.235904,	Nq(15) = 0.203463,	Sq(0) = -7.97788e-19,	Sq(1) = 0.473614,	Sq(2) = 0.765729,	Sq(3) = 0.473614,	Sq(4) = 0.473614,	Sq(5) = 0.630259,	Sq(6) = 1.05287,	Sq(7) = 0.630259,	Sq(8) = 0.765729,	Sq(9) = 1.05287,	Sq(10) = 2.56601,	Sq(11) = 1.05287,	Sq(12) = 0.473614,	Sq(13) = 0.630259,	Sq(14) = 1.05287,	Sq(15) = 0.630259,	N(0) = 1.75569,	N(1) = 1.59253,	N(2) = 0.322437,	N(3) = 1.59253,	N(4) = 1.59253,	N(5) = 0.999595,	N(6) = 0.266451,	N(7) = 0.999595,	N(8) = 0.322437,	N(9) = 0.266451,	N(10) = 0.16513,	N(11) = 0.266451,	N(12) = 1.59253,	N(13) = 0.999595,	N(14) = 0.266451,	N(15) = 0.999595,	Delta[s](0) = 0.0796434,	Delta[s](1) = 0.0595268,	Delta[s](2) = 0.035602,	Delta[s](3) = 0.0595268,	Delta[s](4) = 0.0595268,	Delta[s](5) = 0.0425396,	Delta[s](6) = 0.0196204,	Delta[s](7) = 0.0425396,	Delta[s](8) = 0.035602,	Delta[s](9) = 0.0196204,	Delta[s](10) = 0.000179599,	Delta[s](11) = 0.0196204,	Delta[s](12) = 0.0595268,	Delta[s](13) = 0.0425396,	Delta[s](14) = 0.0196204,	Delta[s](15) = 0.0425396,	Delta[d](0) = 0.279476,	Delta[d](1) = 0.191273,	Delta[d](2) = 0.201054,	Delta[d](3) = 0.191273,	Delta[d](4) = 0.191273,	Delta[d](5) = 0.177854,	Delta[d](6) = 0.133274,	Delta[d](7) = 0.177854,	Delta[d](8) = 0.201054,	Delta[d](9) = 0.133274,	Delta[d](10) = 0.05383,	Delta[d](11) = 0.133274,	Delta[d](12) = 0.191273,	Delta[d](13) = 0.177854,	Delta[d](14) = 0.133274,	Delta[d](15) = 0.177854,	Delta[s+](0) = 0.564333,	Delta[s+](1) = 0.420177,	Delta[s+](2) = 0.201054,	Delta[s+](3) = 0.420177,	Delta[s+](4) = 0.420177,	Delta[s+](5) = 0.293544,	Delta[s+](6) = 0.126914,	Delta[s+](7) = 0.293544,	Delta[s+](8) = 0.201054,	Delta[s+](9) = 0.126914,	Delta[s+](10) = 0.0383981,	Delta[s+](11) = 0.126914,	Delta[s+](12) = 0.420177,	Delta[s+](13) = 0.293544,	Delta[s+](14) = 0.126914,	Delta[s+](15) = 0.293544
The 0-th iteration is completed.	|| time cost : 0h 4m 1.764s
********************************************************************************************************************
Start the 1 rounds of NGS-ED iteration
	effective electronic model is modified as: kinetic energy t = 0.998865
	                                           effective interaction Vq = [  -0.215229, -0.0721029,-0.00958018, -0.0721029, -0.0721029,-0.00981013,-0.00328672,-0.00981013,-0.00958018,-0.00328672, -0.0423497,-0.00328672, -0.0721029,-0.00981013,-0.00328672,-0.00981013]
	PARPACK diagonalization completed after 45 matrix-vector product operations.
	iteration results: : total energy is -14.557069 | electron energy -14.557074 + phonon energy 0.000005 | electron momentum kIdx = 0
The 1-th iteration is completed.	|| time cost : 0h 0m 24.571s
********************************************************************************************************************
Start the 2 rounds of NGS-ED iteration
	effective electronic model is modified as: kinetic energy t = 0.998808
	                                           effective interaction Vq = [  -0.219034, -0.0734911,-0.00967939, -0.0734911, -0.0734911, -0.0099306,-0.00330864, -0.0099306,-0.00967939,-0.00330864,  -0.042511,-0.00330864, -0.0734911, -0.0099306,-0.00330864, -0.0099306]
	PARPACK diagonalization completed after 45 matrix-vector product operations.
	iteration results: : total energy is -14.603779 | electron energy -14.603786 + phonon energy 0.000007 | electron momentum kIdx = 0
The 2-th iteration is completed.	|| time cost : 0h 0m 24.567s
********************************************************************************************************************
Start the 3 rounds of NGS-ED iteration
	effective electronic model is modified as: kinetic energy t = 0.998787
	                                           effective interaction Vq = [  -0.220093, -0.0739918,-0.00970866, -0.0739918, -0.0739918,-0.00996781,-0.00331451,-0.00996781,-0.00970866,-0.00331451, -0.0425516,-0.00331451, -0.0739918,-0.00996781,-0.00331451,-0.00996781]
	PARPACK diagonalization completed after 45 matrix-vector product operations.
	iteration results: : total energy is -14.616753 | electron energy -14.616761 + phonon energy 0.000008 | electron momentum kIdx = 0
The 3-th iteration is completed.	|| time cost : 0h 0m 24.586s
********************************************************************************************************************
Start the 4 rounds of NGS-ED iteration
	effective electronic model is modified as: kinetic energy t = 0.998779
	                                           effective interaction Vq = [  -0.220387, -0.0741772,-0.00971737, -0.0741772, -0.0741772,-0.00997942,-0.00331609,-0.00997942,-0.00971737,-0.00331609,  -0.042562,-0.00331609, -0.0741772,-0.00997942,-0.00331609,-0.00997942]
	PARPACK diagonalization completed after 30 matrix-vector product operations.
	iteration results: : total energy is -14.620359 | electron energy -14.620367 + phonon energy 0.000008 | electron momentum kIdx = 0
The 4-th iteration is completed.	|| time cost : 0h 0m 21.722s
********************************************************************************************************************
Start the 5 rounds of NGS-ED iteration
	effective electronic model is modified as: kinetic energy t = 0.998777
	                                           effective interaction Vq = [  -0.220468, -0.0742464,-0.00971997, -0.0742464, -0.0742464,-0.00998305,-0.00331652,-0.00998305,-0.00971997,-0.00331652, -0.0425646,-0.00331652, -0.0742464,-0.00998305,-0.00331652,-0.00998305]
	PARPACK diagonalization completed after 30 matrix-vector product operations.
	iteration results: : total energy is -14.621361 | electron energy -14.621369 + phonon energy 0.000009 | electron momentum kIdx = 0
The 5-th iteration is completed.	|| time cost : 0h 0m 21.724s
********************************************************************************************************************
Start the 6 rounds of NGS-ED iteration
	effective electronic model is modified as: kinetic energy t = 0.998776
	                                           effective interaction Vq = [  -0.220491, -0.0742725,-0.00972075, -0.0742725, -0.0742725,-0.00998419,-0.00331663,-0.00998419,-0.00972075,-0.00331663, -0.0425653,-0.00331663, -0.0742725,-0.00998419,-0.00331663,-0.00998419]
	PARPACK diagonalization completed after 30 matrix-vector product operations.
	iteration results: : total energy is -14.621640 | electron energy -14.621648 + phonon energy 0.000009 | electron momentum kIdx = 0
The 6-th iteration is completed.	|| time cost : 0h 0m 21.763s
********************************************************************************************************************
Start the 7 rounds of NGS-ED iteration
	effective electronic model is modified as: kinetic energy t = 0.998775
	                                           effective interaction Vq = [  -0.220498, -0.0742822,-0.00972098, -0.0742822, -0.0742822,-0.00998455,-0.00331666,-0.00998455,-0.00972098,-0.00331666, -0.0425655,-0.00331666, -0.0742822,-0.00998455,-0.00331666,-0.00998455]
	PARPACK diagonalization completed after 30 matrix-vector product operations.
	iteration results: : total energy is -14.621717 | electron energy -14.621726 + phonon energy 0.000009 | electron momentum kIdx = 0
	Nq(0) = 12.25,	Nq(1) = 0.155173,	Nq(2) = 0.185509,	Nq(3) = 0.155173,	Nq(4) = 0.155173,	Nq(5) = 0.203443,	Nq(6) = 0.235887,	Nq(7) = 0.203443,	Nq(8) = 0.185509,	Nq(9) = 0.235887,	Nq(10) = 0.276637,	Nq(11) = 0.235887,	Nq(12) = 0.155173,	Nq(13) = 0.203443,	Nq(14) = 0.235887,	Nq(15) = 0.203443,	Sq(0) = -6.47729e-19,	Sq(1) = 0.473544,	Sq(2) = 0.765709,	Sq(3) = 0.473544,	Sq(4) = 0.473544,	Sq(5) = 0.630238,	Sq(6) = 1.05296,	Sq(7) = 0.630238,	Sq(8) = 0.765709,	Sq(9) = 1.05296,	Sq(10) = 2.56594,	Sq(11) = 1.05296,	Sq(12) = 0.473544,	Sq(13) = 0.630238,	Sq(14) = 1.05296,	Sq(15) = 0.630238,	N(0) = 1.7557,	N(1) = 1.59257,	N(2) = 0.322451,	N(3) = 1.59257,	N(4) = 1.59257,	N(5) = 0.999566,	N(6) = 0.266426,	N(7) = 0.999566,	N(8) = 0.322451,	N(9) = 0.266426,	N(10) = 0.165153,	N(11) = 0.266426,	N(12) = 1.59257,	N(13) = 0.999566,	N(14) = 0.266426,	N(15) = 0.999566,	Delta[s](0) = 0.0796369,	Delta[s](1) = 0.0595258,	Delta[s](2) = 0.0356065,	Delta[s](3) = 0.0595258,	Delta[s](4) = 0.0595258,	Delta[s](5) = 0.0425424,	Delta[s](6) = 0.0196291,	Delta[s](7) = 0.0425424,	Delta[s](8) = 0.0356065,	Delta[s](9) = 0.0196291,	Delta[s](10) = 0.000193799,	Delta[s](11) = 0.0196291,	Delta[s](12) = 0.0595258,	Delta[s](13) = 0.0425424,	Delta[s](14) = 0.0196291,	Delta[s](15) = 0.0425424,	Delta[d](0) = 0.280363,	Delta[d](1) = 0.191834,	Delta[d](2) = 0.201612,	Delta[d](3) = 0.191834,	Delta[d](4) = 0.191834,	Delta[d](5) = 0.178359,	Delta[d](6) = 0.133646,	Delta[d](7) = 0.178359,	Delta[d](8) = 0.201612,	Delta[d](9) = 0.133646,	Delta[d](10) = 0.0540014,	Delta[d](11) = 0.133646,	Delta[d](12) = 0.191834,	Delta[d](13) = 0.178359,	Delta[d](14) = 0.133646,	Delta[d](15) = 0.178359,	Delta[s+](0) = 0.565854,	Delta[s+](1) = 0.42131,	Delta[s+](2) = 0.201612,	Delta[s+](3) = 0.42131,	Delta[s+](4) = 0.42131,	Delta[s+](5) = 0.294334,	Delta[s+](6) = 0.127267,	Delta[s+](7) = 0.294334,	Delta[s+](8) = 0.201612,	Delta[s+](9) = 0.127267,	Delta[s+](10) = 0.0385145,	Delta[s+](11) = 0.127267,	Delta[s+](12) = 0.42131,	Delta[s+](13) = 0.294334,	Delta[s+](14) = 0.127267,	Delta[s+](15) = 0.294334
The 7-th iteration is completed.	|| time cost : 0h 3m 58.362s
********************************************************************************************************************
********************************************************************************************************************
Ground state is obtained after 8 iterations. The current ground-state energy is -14.6217, in which electron energy is -14.6217 and phonon energy is 8.6002e-06
final variational state is: 
	Gamma_x = [      1,1.00093,1.00018,1.00093,1.00093, 1.0002,1.00008, 1.0002,1.00018,1.00008, 1.0013,1.00008,1.00093, 1.0002,1.00008, 1.0002]
	lambda_q = [   0.18529, 0.0749555, 0.0233564, 0.0749555, 0.0749555, 0.0243694,-0.0129189, 0.0243694, 0.0233564,-0.0129189,-0.0442908,-0.0129189, 0.0749555, 0.0243694,-0.0129189, 0.0243694]
The effective e-e interactions mediated by phonons are: [  0.220499, 0.0742859,0.00972105, 0.0742859, 0.0742859,0.00998466,0.00331667,0.00998466,0.00972105,0.00331667, 0.0425655,0.00331667, 0.0742859,0.00998466,0.00331667,0.00998466]
The real-space interactions mediated by phonons are: [ -0.632856,  -0.28028,-0.0816486, -0.195595, -0.319872, -0.272411,-0.0816486, -0.094828, -0.242568, -0.094828,-0.0816486, -0.272411, -0.319872, -0.195595,-0.0816486,  -0.28028]
********************************************************************************************************************
o___o  ----------------------------------------
| L |	Time since last clock: 0h 0m 0s
A===A	Time since the beginning: 0h 27m 16.214s
***********************************************

********************************************************************************************************************
Start warm-up calculation for scaling factor 16
open output files: NGSEDWarmUpW3.2Obs.txt
********************************************************************************************************************
Start the 0 rounds of NGS-ED iteration
	effective electronic model is modified as: kinetic energy t = 0.998775
	                                           effective interaction Vq = [  -0.201424, -0.0599751, -0.0075969, -0.0599751, -0.0599751,-0.00784738,-0.00256646,-0.00784738, -0.0075969,-0.00256646, -0.0326985,-0.00256646, -0.0599751,-0.00784738,-0.00256646,-0.00784738]
	PARPACK diagonalization completed after 45 matrix-vector product operations.
	iteration results: : total energy is -14.373227 | electron energy -14.373232 + phonon energy 0.000004 | electron momentum kIdx = 0
	Nq(0) = 12.25,	Nq(1) = 0.154966,	Nq(2) = 0.185435,	Nq(3) = 0.154966,	Nq(4) = 0.154966,	Nq(5) = 0.203368,	Nq(6) = 0.235787,	Nq(7) = 0.203368,	Nq(8) = 0.185435,	Nq(9) = 0.235787,	Nq(10) = 0.276315,	Nq(11) = 0.235787,	Nq(12) = 0.154966,	Nq(13) = 0.203368,	Nq(14) = 0.235787,	Nq(15) = 0.203368,	Sq(0) = -9.08412e-19,	Sq(1) = 0.473681,	Sq(2) = 0.765878,	Sq(3) = 0.473681,	Sq(4) = 0.473681,	Sq(5) = 0.630356,	Sq(6) = 1.05303,	Sq(7) = 0.630356,	Sq(8) = 0.765878,	Sq(9) = 1.05303,	Sq(10) = 2.56631,	Sq(11) = 1.05303,	Sq(12) = 0.473681,	Sq(13) = 0.630356,	Sq(14) = 1.05303,	Sq(15) = 0.630356,	N(0) = 1.7554,	N(1) = 1.5921,	N(2) = 0.322737,	N(3) = 1.5921,	N(4) = 1.5921,	N(5) = 0.999627,	N(6) = 0.266725,	N(7) = 0.999627,	N(8) = 0.322737,	N(9) = 0.266725,	N(10) = 0.165303,	N(11) = 0.266725,	N(12) = 1.5921,	N(13) = 0.999627,	N(14) = 0.266725,	N(15) = 0.999627,	Delta[s](0) = 0.07952,	Delta[s](1) = 0.059436,	Delta[s](2) = 0.0355532,	Delta[s](3) = 0.059436,	Delta[s](4) = 0.059436,	Delta[s](5) = 0.0424719,	Delta[s](6) = 0.0195961,	Delta[s](7) = 0.0424719,	Delta[s](8) = 0.0355532,	Delta[s](9) = 0.0195961,	Delta[s](10) = 0.000192302,	Delta[s](11) = 0.0195961,	Delta[s](12) = 0.059436,	Delta[s](13) = 0.0424719,	Delta[s](14) = 0.0195961,	Delta[s](15) = 0.0424719,	Delta[d](0) = 0.2807,	Delta[d](1) = 0.192311,	Delta[d](2) = 0.202101,	Delta[d](3) = 0.192311,	Delta[d](4) = 0.192311,	Delta[d](5) = 0.178796,	Delta[d](6) = 0.134011,	Delta[d](7) = 0.178796,	Delta[d](8) = 0.202101,	Delta[d](9) = 0.134011,	Delta[d](10) = 0.0541395,	Delta[d](11) = 0.134011,	Delta[d](12) = 0.192311,	Delta[d](13) = 0.178796,	Delta[d](14) = 0.134011,	Delta[d](15) = 0.178796,	Delta[s+](0) = 0.567065,	Delta[s+](1) = 0.422221,	Delta[s+](2) = 0.202101,	Delta[s+](3) = 0.422221,	Delta[s+](4) = 0.422221,	Delta[s+](5) = 0.295001,	Delta[s+](6) = 0.127599,	Delta[s+](7) = 0.295001,	Delta[s+](8) = 0.202101,	Delta[s+](9) = 0.127599,	Delta[s+](10) = 0.038638,	Delta[s+](11) = 0.127599,	Delta[s+](12) = 0.422221,	Delta[s+](13) = 0.295001,	Delta[s+](14) = 0.127599,	Delta[s+](15) = 0.295001
The 0-th iteration is completed.	|| time cost : 0h 4m 1.928s
********************************************************************************************************************
Start the 1 rounds of NGS-ED iteration
	effective electronic model is modified as: kinetic energy t = 0.99878
	                                           effective interaction Vq = [  -0.210441, -0.0609642,-0.00746188, -0.0609642, -0.0609642,-0.00776715,-0.00248221,-0.00776715,-0.00746188,-0.00248221, -0.0311981,-0.00248221, -0.0609642,-0.00776715,-0.00248221,-0.00776715]
	PARPACK diagonalization completed after 45 matrix-vector product operations.
	iteration results: : total energy is -14.483783 | electron energy -14.483792 + phonon energy 0.000009 | electron momentum kIdx = 0
The 1-th iteration is completed.	|| time cost : 0h 0m 24.595s
********************************************************************************************************************
Start the 2 rounds of NGS-ED iteration
	effective electronic model is modified as: kinetic energy t = 0.998776
	                                           effective interaction Vq = [  -0.215196, -0.0614711,-0.00740605, -0.0614711, -0.0614711,-0.00773241,-0.00245057,-0.00773241,-0.00740605,-0.00245057, -0.0306855,-0.00245057, -0.0614711,-0.00773241,-0.00245057,-0.00773241]
	PARPACK diagonalization completed after 45 matrix-vector product operations.
	iteration results: : total energy is -14.542048 | electron energy -14.542060 + phonon energy 0.000013 | electron momentum kIdx = 0
The 2-th iteration is completed.	|| time cost : 0h 0m 24.57s
********************************************************************************************************************
Start the 3 rounds of NGS-ED iteration
	effective electronic model is modified as: kinetic energy t = 0.998772
	                                           effective interaction Vq = [  -0.217703, -0.0617332, -0.0073831, -0.0617332, -0.0617332,-0.00771743, -0.0024388,-0.00771743, -0.0073831, -0.0024388, -0.0305127, -0.0024388, -0.0617332,-0.00771743, -0.0024388,-0.00771743]
	PARPACK diagonalization completed after 45 matrix-vector product operations.
	iteration results: : total energy is -14.572765 | electron energy -14.572780 + phonon energy 0.000015 | electron momentum kIdx = 0
The 3-th iteration is completed.	|| time cost : 0h 0m 24.557s
********************************************************************************************************************
Start the 4 rounds of NGS-ED iteration
	effective electronic model is modified as: kinetic energy t = 0.998769
	                                           effective interaction Vq = [  -0.219025, -0.0618693, -0.0073737, -0.0618693, -0.0618693,-0.00771099,-0.00243444,-0.00771099, -0.0073737,-0.00243444, -0.0304548,-0.00243444, -0.0618693,-0.00771099,-0.00243444,-0.00771099]
	PARPACK diagonalization completed after 30 matrix-vector product operations.
	iteration results: : total energy is -14.588961 | electron energy -14.588977 + phonon energy 0.000016 | electron momentum kIdx = 0
The 4-th iteration is completed.	|| time cost : 0h 0m 21.786s
********************************************************************************************************************
Start the 5 rounds of NGS-ED iteration
	effective electronic model is modified as: kinetic energy t = 0.998767
	                                           effective interaction Vq = [  -0.219722, -0.0619401,-0.00736986, -0.0619401, -0.0619401,-0.00770822,-0.00243282,-0.00770822,-0.00736986,-0.00243282, -0.0304355,-0.00243282, -0.0619401,-0.00770822,-0.00243282,-0.00770822]
	PARPACK diagonalization completed after 30 matrix-vector product operations.
	iteration results: : total energy is -14.597500 | electron energy -14.597517 + phonon energy 0.000017 | electron momentum kIdx = 0
The 5-th iteration is completed.	|| time cost : 0h 0m 21.702s
********************************************************************************************************************
Start the 6 rounds of NGS-ED iteration
	effective electronic model is modified as: kinetic energy t = 0.998766
	                                           effective interaction Vq = [   -0.22009, -0.0619772,-0.00736828, -0.0619772, -0.0619772,-0.00770703,-0.00243223,-0.00770703,-0.00736828,-0.00243223, -0.0304291,-0.00243223, -0.0619772,-0.00770703,-0.00243223,-0.00770703]
	PARPACK diagonalization completed after 30 matrix-vector product operations.
	iteration results: : total energy is -14.602003 | electron energy -14.602021 + phonon energy 0.000017 | electron momentum kIdx = 0
The 6-th iteration is completed.	|| time cost : 0h 0m 21.752s
********************************************************************************************************************
Start the 7 rounds of NGS-ED iteration
	effective electronic model is modified as: kinetic energy t = 0.998765
	                                           effective interaction Vq = [  -0.220284, -0.0619965,-0.00736764, -0.0619965, -0.0619965,-0.00770652,  -0.002432,-0.00770652,-0.00736764,  -0.002432,  -0.030427,  -0.002432, -0.0619965,-0.00770652,  -0.002432,-0.00770652]
	PARPACK diagonalization completed after 30 matrix-vector product operations.
	iteration results: : total energy is -14.604378 | electron energy -14.604395 + phonon energy 0.000018 | electron momentum kIdx = 0
The 7-th iteration is completed.	|| time cost : 0h 0m 21.731s
********************************************************************************************************************
Start the 8 rounds of NGS-ED iteration
	effective electronic model is modified as: kinetic energy t = 0.998765
	                                           effective interaction Vq = [  -0.220386, -0.0620066,-0.00736738, -0.0620066, -0.0620066,-0.00770631,-0.00243192,-0.00770631,-0.00736738,-0.00243192, -0.0304264,-0.00243192, -0.0620066,-0.00770631,-0.00243192,-0.00770631]
	PARPACK diagonalization completed after 30 matrix-vector product operations.
	iteration results: : total energy is -14.605630 | electron energy -14.605647 + phonon energy 0.000018 | electron momentum kIdx = 0
The 8-th iteration is completed.	|| time cost : 0h 0m 21.735s
********************************************************************************************************************
Start the 9 rounds of NGS-ED iteration
	effective electronic model is modified as: kinetic energy t = 0.998764
	                                           effective interaction Vq = [   -0.22044, -0.0620119,-0.00736728, -0.0620119, -0.0620119,-0.00770621,-0.00243189,-0.00770621,-0.00736728,-0.00243189, -0.0304261,-0.00243189, -0.0620119,-0.00770621,-0.00243189,-0.00770621]
	PARPACK diagonalization completed after 30 matrix-vector product operations.
	iteration results: : total energy is -14.606290 | electron energy -14.606307 + phonon energy 0.000018 | electron momentum kIdx = 0
The 9-th iteration is completed.	|| time cost : 0h 0m 21.747s
********************************************************************************************************************
Start the 10 rounds of NGS-ED iteration
	effective electronic model is modified as: kinetic energy t = 0.998764
	                                           effective interaction Vq = [  -0.220468, -0.0620147,-0.00736723, -0.0620147, -0.0620147,-0.00770617,-0.00243188,-0.00770617,-0.00736723,-0.00243188, -0.0304261,-0.00243188, -0.0620147,-0.00770617,-0.00243188,-0.00770617]
	PARPACK diagonalization completed after 30 matrix-vector product operations.
	iteration results: : total energy is -14.606638 | electron energy -14.606656 + phonon energy 0.000018 | electron momentum kIdx = 0
	Nq(0) = 12.25,	Nq(1) = 0.154991,	Nq(2) = 0.185426,	Nq(3) = 0.154991,	Nq(4) = 0.154991,	Nq(5) = 0.203355,	Nq(6) = 0.235778,	Nq(7) = 0.203355,	Nq(8) = 0.185426,	Nq(9) = 0.235778,	Nq(10) = 0.276264,	Nq(11) = 0.235778,	Nq(12) = 0.154991,	Nq(13) = 0.203355,	Nq(14) = 0.235778,	Nq(15) = 0.203355,	Sq(0) = -1.19439e-18,	Sq(1) = 0.473654,	Sq(2) = 0.76588,	Sq(3) = 0.473654,	Sq(4) = 0.473654,	Sq(5) = 0.630353,	Sq(6) = 1.05307,	Sq(7) = 0.630353,	Sq(8) = 0.76588,	Sq(9) = 1.05307,	Sq(10) = 2.56631,	Sq(11) = 1.05307,	Sq(12) = 0.473654,	Sq(13) = 0.630353,	Sq(14) = 1.05307,	Sq(15) = 0.630353,	N(0) = 1.75539,	N(1) = 1.5921,	N(2) = 0.322748,	N(3) = 1.5921,	N(4) = 1.5921,	N(5) = 0.999615,	N(6) = 0.266734,	N(7) = 0.999615,	N(8) = 0.322748,	N(9) = 0.266734,	N(10) = 0.165323,	N(11) = 0.266734,	N(12) = 1.5921,	N(13) = 0.999615,	N(14) = 0.266734,	N(15) = 0.999615,	Delta[s](0) = 0.0795143,	Delta[s](1) = 0.0594323,	Delta[s](2) = 0.0355516,	Delta[s](3) = 0.0594323,	Delta[s](4) = 0.0594323,	Delta[s](5) = 0.0424696,	Delta[s](6) = 0.0195962,	Delta[s](7) = 0.0424696,	Delta[s](8) = 0.0355516,	Delta[s](9) = 0.0195962,	Delta[s](10) = 0.000194772,	Delta[s](11) = 0.0195962,	Delta[s](12) = 0.0594323,	Delta[s](13) = 0.0424696,	Delta[s](14) = 0.0195962,	Delta[s](15) = 0.0424696,	Delta[d](0) = 0.282567,	Delta[d](1) = 0.193576,	Delta[d](2) = 0.203417,	Delta[d](3) = 0.193576,	Delta[d](4) = 0.193576,	Delta[d](5) = 0.179964,	Delta[d](6) = 0.134885,	Delta[d](7) = 0.179964,	Delta[d](8) = 0.203417,	Delta[d](9) = 0.134885,	Delta[d](10) = 0.0545008,	Delta[d](11) = 0.134885,	Delta[d](12) = 0.193576,	Delta[d](13) = 0.179964,	Delta[d](14) = 0.134885,	Delta[d](15) = 0.179964,	Delta[s+](0) = 0.570735,	Delta[s+](1) = 0.424953,	Delta[s+](2) = 0.203417,	Delta[s+](3) = 0.424953,	Delta[s+](4) = 0.424953,	Delta[s+](5) = 0.296909,	Delta[s+](6) = 0.12843,	Delta[s+](7) = 0.296909,	Delta[s+](8) = 0.203417,	Delta[s+](9) = 0.12843,	Delta[s+](10) = 0.0388937,	Delta[s+](11) = 0.12843,	Delta[s+](12) = 0.424953,	Delta[s+](13) = 0.296909,	Delta[s+](14) = 0.12843,	Delta[s+](15) = 0.296909
The 10-th iteration is completed.	|| time cost : 0h 3m 57.932s
********************************************************************************************************************
Start the 11 rounds of NGS-ED iteration
	effective electronic model is modified as: kinetic energy t = 0.998764
	                                           effective interaction Vq = [  -0.220483, -0.0620162,-0.00736721, -0.0620162, -0.0620162,-0.00770616,-0.00243188,-0.00770616,-0.00736721,-0.00243188, -0.0304261,-0.00243188, -0.0620162,-0.00770616,-0.00243188,-0.00770616]
	PARPACK diagonalization completed after 30 matrix-vector product operations.
	iteration results: : total energy is -14.606821 | electron energy -14.606839 + phonon energy 0.000018 | electron momentum kIdx = 0
