SNEDics v3.4 Non-Gaussian ED ground state program		Start at Tue Oct  1 11:06:38 2019

parallized on 16 MPI threads  * 8 OpenMP threads = 128 total threads.
********************************************************************************************************************
********************************************************************************************************************

********************************************************************************************************************
System parameters and configurations
********************************************************************************************************************
Special program options are enabled: splitted diagonal Hamiltonian
********************************************************************************************************************
Read input file "model_params.in"
	Hubbard-Holstein model parameters : 	t = 1    U = 3.8    g = 4.1231    W = 5    
********************************************************************************************************************
Read input file "hilbertspace_params.in"
	Requested 16-site 2D lattice, with 16 electrons (8, 8)
	Boundary : Periodic		Hilbert space representation : momentum-space (restricted to kIdx = 0)
	Conservation: particle number[U(1)]      spin[U(1)]     momentum
********************************************************************************************************************

Cluster Positions:				Cluster symmetry group : D4
 x ... x ... x ... x .....                       x ... x ... x ... x .....
 |           |           :                       |           |           :
 |           |           :                       |           |           :
12    13    14    15     x                       1     5     6     5     x
 |           |           :                       |           |           :
 |           |           :                       |           |           :
 8 --- 9 ---10 ---11 --- x                       2 --- 6 ---10 --- 6 --- x
 |           |           :                       |           |           :
 |           |           :                       |           |           :
 4     5     6     7     x                       1     5     6     5     x
 |           |           :                       |           |           :
 |           |           :                       |           |           :
 0 --- 1 --- 2 --- 3 --- x                       0 --- 1 --- 2 --- 1 --- x
orbital number : 1
********************************************************************************************************************
Read input file "obs_params.in"
	Observable Type : Nq(All),   Sq(All),   N(All),   Delta[s](All),   Delta[d](All),   Delta[s+](All)
********************************************************************************************************************
** WARNING ** the input observables have non-local factors which have been reinterpreted. The total observable number is 96
********************************************************************************************************************


********************************************************************************************************************
Start calculating the non-Gaussian ED ground state
** WARNING ** Detected low phonon energy W < 10. The initial state will be prepared through a warm-up process.
********************************************************************************************************************
Start warm-up calculation for scaling factor 2
open output files: NGSEDWarmUpW10Obs.txt
********************************************************************************************************************
Start the 0 rounds of NGS-ED iteration
	effective electronic model is modified as: kinetic energy t = 1
	                                           effective interaction Vq = [-0,-0,-0,-0,-0,-0,-0,-0,-0,-0,-0,-0,-0,-0,-0,-0]
	first Hamiltonian is constructed, non-zero numbers = 2845383612
	PARPACK diagonalization completed after 90 matrix-vector product operations.
	iteration results: : total energy is -13.996989 | electron energy -13.996989 + phonon energy 0.000000 | electron momentum kIdx = 0
	Nq(0) = 16,	Nq(1) = 0.164945,	Nq(2) = 0.240984,	Nq(3) = 0.164945,	Nq(4) = 0.164945,	Nq(5) = 0.240984,	Nq(6) = 0.328905,	Nq(7) = 0.240984,	Nq(8) = 0.240984,	Nq(9) = 0.328905,	Nq(10) = 0.397827,	Nq(11) = 0.328905,	Nq(12) = 0.164945,	Nq(13) = 0.240984,	Nq(14) = 0.328905,	Nq(15) = 0.240984,	Sq(0) = -6.78658e-18,	Sq(1) = 0.426481,	Sq(2) = 0.622163,	Sq(3) = 0.426481,	Sq(4) = 0.426481,	Sq(5) = 0.622163,	Sq(6) = 0.796792,	Sq(7) = 0.622163,	Sq(8) = 0.622163,	Sq(9) = 0.796792,	Sq(10) = 3.5548,	Sq(11) = 0.796792,	Sq(12) = 0.426481,	Sq(13) = 0.622163,	Sq(14) = 0.796792,	Sq(15) = 0.622163,	N(0) = 1.93735,	N(1) = 1.85966,	N(2) = 1,	N(3) = 1.85966,	N(4) = 1.85966,	N(5) = 1,	N(6) = 0.140339,	N(7) = 1,	N(8) = 1,	N(9) = 0.140339,	N(10) = 0.0626548,	N(11) = 0.140339,	N(12) = 1.85966,	N(13) = 1,	N(14) = 0.140339,	N(15) = 1,	Delta[s](0) = 0.175284,	Delta[s](1) = 0.151003,	Delta[s](2) = 0.120162,	Delta[s](3) = 0.151003,	Delta[s](4) = 0.151003,	Delta[s](5) = 0.120162,	Delta[s](6) = 0.0933699,	Delta[s](7) = 0.120162,	Delta[s](8) = 0.120162,	Delta[s](9) = 0.0933699,	Delta[s](10) = 0.0358195,	Delta[s](11) = 0.0933699,	Delta[s](12) = 0.151003,	Delta[s](13) = 0.120162,	Delta[s](14) = 0.0933699,	Delta[s](15) = 0.120162,	Delta[d](0) = 0.554523,	Delta[d](1) = 0.37629,	Delta[d](2) = 0.304486,	Delta[d](3) = 0.37629,	Delta[d](4) = 0.37629,	Delta[d](5) = 0.325272,	Delta[d](6) = 0.236383,	Delta[d](7) = 0.325272,	Delta[d](8) = 0.304486,	Delta[d](9) = 0.236383,	Delta[d](10) = 0.104975,	Delta[d](11) = 0.236383,	Delta[d](12) = 0.37629,	Delta[d](13) = 0.325272,	Delta[d](14) = 0.236383,	Delta[d](15) = 0.325272,	Delta[s+](0) = 0.582912,	Delta[s+](1) = 0.463818,	Delta[s+](2) = 0.304486,	Delta[s+](3) = 0.463818,	Delta[s+](4) = 0.463818,	Delta[s+](5) = 0.304486,	Delta[s+](6) = 0.152321,	Delta[s+](7) = 0.304486,	Delta[s+](8) = 0.304486,	Delta[s+](9) = 0.152321,	Delta[s+](10) = 0.0379053,	Delta[s+](11) = 0.152321,	Delta[s+](12) = 0.463818,	Delta[s+](13) = 0.304486,	Delta[s+](14) = 0.152321,	Delta[s+](15) = 0.304486
The 0-th iteration is completed.	|| time cost : 0h 8m 24.868s
********************************************************************************************************************
Start the 1 rounds of NGS-ED iteration
	effective electronic model is modified as: kinetic energy t = 0.915338
	                                           effective interaction Vq = [-2.93985,-2.69146,-2.60364,-2.69146,-2.69146,-2.60364,-2.57361,-2.60364,-2.60364,-2.57361, -2.5395,-2.57361,-2.69146,-2.60364,-2.57361,-2.60364]
	PARPACK diagonalization completed after 75 matrix-vector product operations.
	iteration results: : total energy is -75.877491 | electron energy -75.884661 + phonon energy 0.007171 | electron momentum kIdx = 0
The 1-th iteration is completed.	|| time cost : 0h 7m 50.271s
********************************************************************************************************************
Start the 2 rounds of NGS-ED iteration
	effective electronic model is modified as: kinetic energy t = 0.835925
	                                           effective interaction Vq = [-3.33772,-3.22454,-3.19872,-3.22454,-3.22454,-3.19872,-3.12978,-3.19872,-3.19872,-3.12978,-3.15744,-3.12978,-3.22454,-3.19872,-3.12978,-3.19872]
	PARPACK diagonalization completed after 60 matrix-vector product operations.
	iteration results: : total energy is -86.721648 | electron energy -86.780961 + phonon energy 0.059313 | electron momentum kIdx = 0
The 2-th iteration is completed.	|| time cost : 0h 0m 37.02s
********************************************************************************************************************
Start the 3 rounds of NGS-ED iteration
	effective electronic model is modified as: kinetic energy t = 0.801962
	                                           effective interaction Vq = [-3.39156,-3.32968,-3.31046,-3.32968,-3.32968,-3.31046,-3.26274,-3.31046,-3.31046,-3.26274, -3.3312,-3.26274,-3.32968,-3.31046,-3.26274,-3.31046]
	PARPACK diagonalization completed after 45 matrix-vector product operations.
	iteration results: : total energy is -88.375512 | electron energy -88.476192 + phonon energy 0.100680 | electron momentum kIdx = 0
The 3-th iteration is completed.	|| time cost : 0h 0m 32.066s
********************************************************************************************************************
Start the 4 rounds of NGS-ED iteration
	effective electronic model is modified as: kinetic energy t = 0.796388
	                                           effective interaction Vq = [-3.39885,-3.34293,-3.30621,-3.34293,-3.34293,-3.30621,-3.28173,-3.30621,-3.30621,-3.28173,-3.38236,-3.28173,-3.34293,-3.30621,-3.28173,-3.30621]
	PARPACK diagonalization completed after 45 matrix-vector product operations.
	iteration results: : total energy is -88.697426 | electron energy -88.812516 + phonon energy 0.115090 | electron momentum kIdx = 0
The 4-th iteration is completed.	|| time cost : 0h 0m 32.064s
********************************************************************************************************************
Start the 5 rounds of NGS-ED iteration
	effective electronic model is modified as: kinetic energy t = 0.801928
	                                           effective interaction Vq = [-3.39984, -3.3312,-3.27055, -3.3312, -3.3312,-3.27055,-3.26592,-3.27055,-3.27055,-3.26592,-3.39371,-3.26592, -3.3312,-3.27055,-3.26592,-3.27055]
	PARPACK diagonalization completed after 45 matrix-vector product operations.
	iteration results: : total energy is -88.777161 | electron energy -88.891889 + phonon energy 0.114728 | electron momentum kIdx = 0
The 5-th iteration is completed.	|| time cost : 0h 0m 32.089s
********************************************************************************************************************
Start the 6 rounds of NGS-ED iteration
	effective electronic model is modified as: kinetic energy t = 0.807198
	                                           effective interaction Vq = [-3.39997, -3.3171,-3.24113, -3.3171, -3.3171,-3.24113,-3.24765,-3.24113,-3.24113,-3.24765,-3.39649,-3.24765, -3.3171,-3.24113,-3.24765,-3.24113]
	PARPACK diagonalization completed after 30 matrix-vector product operations.
	iteration results: : total energy is -88.798879 | electron energy -88.910030 + phonon energy 0.111151 | electron momentum kIdx = 0
The 6-th iteration is completed.	|| time cost : 0h 0m 27.34s
********************************************************************************************************************
Start the 7 rounds of NGS-ED iteration
	effective electronic model is modified as: kinetic energy t = 0.810597
	                                           effective interaction Vq = [-3.39999,-3.30636,-3.22302,-3.30636,-3.30636,-3.22302,-3.23416,-3.22302,-3.22302,-3.23416,-3.39733,-3.23416,-3.30636,-3.22302,-3.23416,-3.22302]
	PARPACK diagonalization completed after 30 matrix-vector product operations.
	iteration results: : total energy is -88.805050 | electron energy -88.913110 + phonon energy 0.108060 | electron momentum kIdx = 0
The 7-th iteration is completed.	|| time cost : 0h 0m 27.391s
********************************************************************************************************************
Start the 8 rounds of NGS-ED iteration
	effective electronic model is modified as: kinetic energy t = 0.812585
	                                           effective interaction Vq = [-3.39999,-3.29936,-3.21287,-3.29936,-3.29936,-3.21287,-3.22554,-3.21287,-3.21287,-3.22554,-3.39763,-3.22554,-3.29936,-3.21287,-3.22554,-3.21287]
	PARPACK diagonalization completed after 30 matrix-vector product operations.
	iteration results: : total energy is -88.806862 | electron energy -88.912864 + phonon energy 0.106002 | electron momentum kIdx = 0
The 8-th iteration is completed.	|| time cost : 0h 0m 27.366s
********************************************************************************************************************
Start the 9 rounds of NGS-ED iteration
	effective electronic model is modified as: kinetic energy t = 0.813708
	                                           effective interaction Vq = [-3.39999,-3.29514,-3.20735,-3.29514,-3.29514,-3.20735,-3.22039,-3.20735,-3.20735,-3.22039,-3.39775,-3.22039,-3.29514,-3.20735,-3.22039,-3.20735]
	PARPACK diagonalization completed after 30 matrix-vector product operations.
	iteration results: : total energy is -88.807403 | electron energy -88.912162 + phonon energy 0.104760 | electron momentum kIdx = 0
The 9-th iteration is completed.	|| time cost : 0h 0m 27.374s
********************************************************************************************************************
Start the 10 rounds of NGS-ED iteration
	effective electronic model is modified as: kinetic energy t = 0.814332
	                                           effective interaction Vq = [-3.39999,-3.29269,-3.20437,-3.29269,-3.29269,-3.20437,-3.21742,-3.20437,-3.20437,-3.21742, -3.3978,-3.21742,-3.29269,-3.20437,-3.21742,-3.20437]
	PARPACK diagonalization completed after 30 matrix-vector product operations.
	iteration results: : total energy is -88.807565 | electron energy -88.911609 + phonon energy 0.104044 | electron momentum kIdx = 0
	Nq(0) = 16,	Nq(1) = 0.238675,	Nq(2) = 0.322684,	Nq(3) = 0.238675,	Nq(4) = 0.238675,	Nq(5) = 0.322684,	Nq(6) = 0.495923,	Nq(7) = 0.322684,	Nq(8) = 0.322684,	Nq(9) = 0.495923,	Nq(10) = 7.32002,	Nq(11) = 0.495923,	Nq(12) = 0.238675,	Nq(13) = 0.322684,	Nq(14) = 0.495923,	Nq(15) = 0.322684,	Sq(0) = -2.59994e-18,	Sq(1) = 0.163694,	Sq(2) = 0.239052,	Sq(3) = 0.163694,	Sq(4) = 0.163694,	Sq(5) = 0.239052,	Sq(6) = 0.329443,	Sq(7) = 0.239052,	Sq(8) = 0.239052,	Sq(9) = 0.329443,	Sq(10) = 0.398628,	Sq(11) = 0.329443,	Sq(12) = 0.163694,	Sq(13) = 0.239052,	Sq(14) = 0.329443,	Sq(15) = 0.239052,	N(0) = 1.93789,	N(1) = 1.8419,	N(2) = 1,	N(3) = 1.8419,	N(4) = 1.8419,	N(5) = 1,	N(6) = 0.158096,	N(7) = 1,	N(8) = 1,	N(9) = 0.158096,	N(10) = 0.0621059,	N(11) = 0.158096,	N(12) = 1.8419,	N(13) = 1,	N(14) = 0.158096,	N(15) = 1,	Delta[s](0) = 0.552221,	Delta[s](1) = 0.410985,	Delta[s](2) = 0.379994,	Delta[s](3) = 0.410985,	Delta[s](4) = 0.410985,	Delta[s](5) = 0.379994,	Delta[s](6) = 0.333598,	Delta[s](7) = 0.379994,	Delta[s](8) = 0.379994,	Delta[s](9) = 0.333598,	Delta[s](10) = 0.286736,	Delta[s](11) = 0.333598,	Delta[s](12) = 0.410985,	Delta[s](13) = 0.379994,	Delta[s](14) = 0.333598,	Delta[s](15) = 0.379994,	Delta[d](0) = 0.174903,	Delta[d](1) = 0.158021,	Delta[d](2) = 0.169018,	Delta[d](3) = 0.158021,	Delta[d](4) = 0.158021,	Delta[d](5) = 0.113226,	Delta[d](6) = 0.125921,	Delta[d](7) = 0.113226,	Delta[d](8) = 0.169018,	Delta[d](9) = 0.125921,	Delta[d](10) = 0.0516686,	Delta[d](11) = 0.125921,	Delta[d](12) = 0.158021,	Delta[d](13) = 0.113226,	Delta[d](14) = 0.125921,	Delta[d](15) = 0.113226,	Delta[s+](0) = 0.327787,	Delta[s+](1) = 0.260305,	Delta[s+](2) = 0.169018,	Delta[s+](3) = 0.260305,	Delta[s+](4) = 0.260305,	Delta[s+](5) = 0.169018,	Delta[s+](6) = 0.0761607,	Delta[s+](7) = 0.169018,	Delta[s+](8) = 0.169018,	Delta[s+](9) = 0.0761607,	Delta[s+](10) = 0.0302361,	Delta[s+](11) = 0.0761607,	Delta[s+](12) = 0.260305,	Delta[s+](13) = 0.169018,	Delta[s+](14) = 0.0761607,	Delta[s+](15) = 0.169018
The 10-th iteration is completed.	|| time cost : 0h 4m 40.538s
********************************************************************************************************************
Start the 11 rounds of NGS-ED iteration
	effective electronic model is modified as: kinetic energy t = 0.814676
	                                           effective interaction Vq = [-3.39999,-3.29131,-3.20276,-3.29131,-3.29131,-3.20276,-3.21574,-3.20276,-3.20276,-3.21574,-3.39782,-3.21574,-3.29131,-3.20276,-3.21574,-3.20276]
	PARPACK diagonalization completed after 30 matrix-vector product operations.
	iteration results: : total energy is -88.807614 | electron energy -88.911254 + phonon energy 0.103641 | electron momentum kIdx = 0
The 11-th iteration is completed.	|| time cost : 0h 0m 27.416s
********************************************************************************************************************
Start the 12 rounds of NGS-ED iteration
	effective electronic model is modified as: kinetic energy t = 0.814865
	                                           effective interaction Vq = [-3.39999,-3.29054,-3.20189,-3.29054,-3.29054,-3.20189,-3.21481,-3.20189,-3.20189,-3.21481,-3.39784,-3.21481,-3.29054,-3.20189,-3.21481,-3.20189]
	PARPACK diagonalization completed after 30 matrix-vector product operations.
	iteration results: : total energy is -88.807628 | electron energy -88.911045 + phonon energy 0.103416 | electron momentum kIdx = 0
The 12-th iteration is completed.	|| time cost : 0h 0m 27.41s
********************************************************************************************************************
Start the 13 rounds of NGS-ED iteration
	effective electronic model is modified as: kinetic energy t = 0.814969
	                                           effective interaction Vq = [-3.39999,-3.29011,-3.20141,-3.29011,-3.29011,-3.20141,-3.21429,-3.20141,-3.20141,-3.21429,-3.39784,-3.21429,-3.29011,-3.20141,-3.21429,-3.20141]
	PARPACK diagonalization completed after 30 matrix-vector product operations.
	iteration results: : total energy is -88.807633 | electron energy -88.910925 + phonon energy 0.103292 | electron momentum kIdx = 0
	Nq(0) = 16,	Nq(1) = 0.237457,	Nq(2) = 0.321563,	Nq(3) = 0.237457,	Nq(4) = 0.237457,	Nq(5) = 0.321563,	Nq(6) = 0.49392,	Nq(7) = 0.321563,	Nq(8) = 0.321563,	Nq(9) = 0.49392,	Nq(10) = 7.34168,	Nq(11) = 0.49392,	Nq(12) = 0.237457,	Nq(13) = 0.321563,	Nq(14) = 0.49392,	Nq(15) = 0.321563,	Sq(0) = -7.66948e-19,	Sq(1) = 0.163542,	Sq(2) = 0.238919,	Sq(3) = 0.163542,	Sq(4) = 0.163542,	Sq(5) = 0.238919,	Sq(6) = 0.329307,	Sq(7) = 0.238919,	Sq(8) = 0.238919,	Sq(9) = 0.329307,	Sq(10) = 0.398526,	Sq(11) = 0.329307,	Sq(12) = 0.163542,	Sq(13) = 0.238919,	Sq(14) = 0.329307,	Sq(15) = 0.238919,	N(0) = 1.93783,	N(1) = 1.84145,	N(2) = 1,	N(3) = 1.84145,	N(4) = 1.84145,	N(5) = 1,	N(6) = 0.158553,	N(7) = 1,	N(8) = 1,	N(9) = 0.158553,	N(10) = 0.0621679,	N(11) = 0.158553,	N(12) = 1.84145,	N(13) = 1,	N(14) = 0.158553,	N(15) = 1,	Delta[s](0) = 0.55074,	Delta[s](1) = 0.411113,	Delta[s](2) = 0.380107,	Delta[s](3) = 0.411113,	Delta[s](4) = 0.411113,	Delta[s](5) = 0.380107,	Delta[s](6) = 0.333801,	Delta[s](7) = 0.380107,	Delta[s](8) = 0.380107,	Delta[s](9) = 0.333801,	Delta[s](10) = 0.287245,	Delta[s](11) = 0.333801,	Delta[s](12) = 0.411113,	Delta[s](13) = 0.380107,	Delta[s](14) = 0.333801,	Delta[s](15) = 0.380107,	Delta[d](0) = 0.174507,	Delta[d](1) = 0.157633,	Delta[d](2) = 0.168767,	Delta[d](3) = 0.157633,	Delta[d](4) = 0.157633,	Delta[d](5) = 0.112849,	Delta[d](6) = 0.125514,	Delta[d](7) = 0.112849,	Delta[d](8) = 0.168767,	Delta[d](9) = 0.125514,	Delta[d](10) = 0.0513028,	Delta[d](11) = 0.125514,	Delta[d](12) = 0.157633,	Delta[d](13) = 0.112849,	Delta[d](14) = 0.125514,	Delta[d](15) = 0.112849,	Delta[s+](0) = 0.327737,	Delta[s+](1) = 0.260096,	Delta[s+](2) = 0.168767,	Delta[s+](3) = 0.260096,	Delta[s+](4) = 0.260096,	Delta[s+](5) = 0.168767,	Delta[s+](6) = 0.0758967,	Delta[s+](7) = 0.168767,	Delta[s+](8) = 0.168767,	Delta[s+](9) = 0.0758967,	Delta[s+](10) = 0.0300512,	Delta[s+](11) = 0.0758967,	Delta[s+](12) = 0.260096,	Delta[s+](13) = 0.168767,	Delta[s+](14) = 0.0758967,	Delta[s+](15) = 0.168767
The 13-th iteration is completed.	|| time cost : 0h 4m 28.199s
********************************************************************************************************************
********************************************************************************************************************
Ground state is obtained after 14 iterations. The current ground-state energy is -88.8076, in which electron energy is -88.9109 and phonon energy is 0.103292
final variational state is: 
	Gamma_x = [      1,1.02413,1.04091,1.02413,1.02413,1.04091,1.06202,1.04091,1.04091,1.06202,1.12963,1.06202,1.02413,1.04091,1.06202,1.04091]
	lambda_q = [0.583094,0.478158,0.442085,0.478158,0.478158,0.442085,0.446718,0.442085,0.442085,0.446718,0.568449,0.446718,0.478158,0.442085,0.446718,0.442085]
********************************************************************************************************************
o___o  ----------------------------------------
| L |	Time since last clock: 0h 0m 0s
A===A	Time since the beginning: 0h 30m 21.418s
***********************************************


********************************************************************************************************************
Warm up runs have been completed. Start calculating W = 5 phonon.
open output files: NGSEDIterationObs.txt
********************************************************************************************************************
Start the 0 rounds of NGS-ED iteration
	effective electronic model is modified as: kinetic energy t = 0.815026
	                                           effective interaction Vq = [-3.10832,-2.79981,-2.66832,-2.79981,-2.79981,-2.66832,-2.68594,-2.66832,-2.66832,-2.68594,-3.07187,-2.68594,-2.79981,-2.66832,-2.68594,-2.66832]
	PARPACK diagonalization completed after 30 matrix-vector product operations.
	iteration results: : total energy is -79.372760 | electron energy -79.424372 + phonon energy 0.051612 | electron momentum kIdx = 0
	Nq(0) = 16,	Nq(1) = 0.214118,	Nq(2) = 0.295154,	Nq(3) = 0.214118,	Nq(4) = 0.214118,	Nq(5) = 0.295154,	Nq(6) = 0.443135,	Nq(7) = 0.295154,	Nq(8) = 0.295154,	Nq(9) = 0.443135,	Nq(10) = 7.45422,	Nq(11) = 0.443135,	Nq(12) = 0.214118,	Nq(13) = 0.295154,	Nq(14) = 0.443135,	Nq(15) = 0.295154,	Sq(0) = -5.87032e-19,	Sq(1) = 0.17913,	Sq(2) = 0.257316,	Sq(3) = 0.17913,	Sq(4) = 0.17913,	Sq(5) = 0.257316,	Sq(6) = 0.361876,	Sq(7) = 0.257316,	Sq(8) = 0.257316,	Sq(9) = 0.361876,	Sq(10) = 0.437933,	Sq(11) = 0.361876,	Sq(12) = 0.17913,	Sq(13) = 0.257316,	Sq(14) = 0.361876,	Sq(15) = 0.257316,	N(0) = 1.95183,	N(1) = 1.86081,	N(2) = 1,	N(3) = 1.86081,	N(4) = 1.86081,	N(5) = 1,	N(6) = 0.139187,	N(7) = 1,	N(8) = 1,	N(9) = 0.139187,	N(10) = 0.0481693,	N(11) = 0.139187,	N(12) = 1.86081,	N(13) = 1,	N(14) = 0.139187,	N(15) = 1,	Delta[s](0) = 0.462576,	Delta[s](1) = 0.393708,	Delta[s](2) = 0.371607,	Delta[s](3) = 0.393708,	Delta[s](4) = 0.393708,	Delta[s](5) = 0.371607,	Delta[s](6) = 0.337312,	Delta[s](7) = 0.371607,	Delta[s](8) = 0.371607,	Delta[s](9) = 0.337312,	Delta[s](10) = 0.310778,	Delta[s](11) = 0.337312,	Delta[s](12) = 0.393708,	Delta[s](13) = 0.371607,	Delta[s](14) = 0.337312,	Delta[s](15) = 0.371607,	Delta[d](0) = 0.175303,	Delta[d](1) = 0.160386,	Delta[d](2) = 0.175695,	Delta[d](3) = 0.160386,	Delta[d](4) = 0.160386,	Delta[d](5) = 0.112681,	Delta[d](6) = 0.12645,	Delta[d](7) = 0.112681,	Delta[d](8) = 0.175695,	Delta[d](9) = 0.12645,	Delta[d](10) = 0.0499309,	Delta[d](11) = 0.12645,	Delta[d](12) = 0.160386,	Delta[d](13) = 0.112681,	Delta[d](14) = 0.12645,	Delta[d](15) = 0.112681,	Delta[s+](0) = 0.357219,	Delta[s+](1) = 0.275189,	Delta[s+](2) = 0.175695,	Delta[s+](3) = 0.275189,	Delta[s+](4) = 0.275189,	Delta[s+](5) = 0.175695,	Delta[s+](6) = 0.0764794,	Delta[s+](7) = 0.175695,	Delta[s+](8) = 0.175695,	Delta[s+](9) = 0.0764794,	Delta[s+](10) = 0.0296373,	Delta[s+](11) = 0.0764794,	Delta[s+](12) = 0.275189,	Delta[s+](13) = 0.175695,	Delta[s+](14) = 0.0764794,	Delta[s+](15) = 0.175695
The 0-th iteration is completed.	|| time cost : 0h 4m 28.376s
********************************************************************************************************************
Start the 1 rounds of NGS-ED iteration
	effective electronic model is modified as: kinetic energy t = 0.793596
	                                           effective interaction Vq = [-3.29269,-2.93546,-2.77118,-2.93546,-2.93546,-2.77118,-2.79121,-2.77118,-2.77118,-2.79121,-3.28054,-2.79121,-2.93546,-2.77118,-2.79121,-2.77118]
	PARPACK diagonalization completed after 30 matrix-vector product operations.
	iteration results: : total energy is -83.924822 | electron energy -84.084433 + phonon energy 0.159611 | electron momentum kIdx = 0
The 1-th iteration is completed.	|| time cost : 0h 0m 28.089s
********************************************************************************************************************
Start the 2 rounds of NGS-ED iteration
	effective electronic model is modified as: kinetic energy t = 0.788904
	                                           effective interaction Vq = [-3.36052,-2.94186,-2.78108,-2.94186,-2.94186,-2.78108,-2.79461,-2.78108,-2.78108,-2.79461,-3.35701,-2.79461,-2.94186,-2.78108,-2.79461,-2.78108]
	PARPACK diagonalization completed after 30 matrix-vector product operations.
	iteration results: : total energy is -85.598040 | electron energy -85.811911 + phonon energy 0.213871 | electron momentum kIdx = 0
The 2-th iteration is completed.	|| time cost : 0h 0m 27.795s
********************************************************************************************************************
Start the 3 rounds of NGS-ED iteration
	effective electronic model is modified as: kinetic energy t = 0.790569
	                                           effective interaction Vq = [-3.38547,-2.91172,-2.76061,-2.91172,-2.91172,-2.76061,-2.76734,-2.76061,-2.76061,-2.76734,-3.38297,-2.76734,-2.91172,-2.76061,-2.76734,-2.76061]
	PARPACK diagonalization completed after 30 matrix-vector product operations.
	iteration results: : total energy is -86.185370 | electron energy -86.418455 + phonon energy 0.233084 | electron momentum kIdx = 0
The 3-th iteration is completed.	|| time cost : 0h 0m 27.32s
********************************************************************************************************************
Start the 4 rounds of NGS-ED iteration
	effective electronic model is modified as: kinetic energy t = 0.793582
	                                           effective interaction Vq = [-3.39465,-2.87879,-2.73619,-2.87879,-2.87879,-2.73619,-2.73754,-2.73619,-2.73619,-2.73754,-3.39196,-2.73754,-2.87879,-2.73619,-2.73754,-2.73619]
	PARPACK diagonalization completed after 30 matrix-vector product operations.
	iteration results: : total energy is -86.389167 | electron energy -86.627262 + phonon energy 0.238095 | electron momentum kIdx = 0
The 4-th iteration is completed.	|| time cost : 0h 0m 27.331s
********************************************************************************************************************
Start the 5 rounds of NGS-ED iteration
	effective electronic model is modified as: kinetic energy t = 0.796342
	                                           effective interaction Vq = [-3.39803,-2.85209,-2.71562,-2.85209,-2.85209,-2.71562,-2.71301,-2.71562,-2.71562,-2.71301,-3.39531,-2.71301,-2.85209,-2.71562,-2.71301,-2.71562]
	PARPACK diagonalization completed after 30 matrix-vector product operations.
	iteration results: : total energy is -86.460417 | electron energy -86.698375 + phonon energy 0.237958 | electron momentum kIdx = 0
The 5-th iteration is completed.	|| time cost : 0h 0m 27.376s
********************************************************************************************************************
Start the 6 rounds of NGS-ED iteration
	effective electronic model is modified as: kinetic energy t = 0.798496
	                                           effective interaction Vq = [-3.39927,-2.83248,-2.70008,-2.83248,-2.83248,-2.70008,-2.69466,-2.70008,-2.70008,-2.69466,-3.39669,-2.69466,-2.83248,-2.70008,-2.69466,-2.70008]
	PARPACK diagonalization completed after 30 matrix-vector product operations.
	iteration results: : total energy is -86.485711 | electron energy -86.721911 + phonon energy 0.236200 | electron momentum kIdx = 0
The 6-th iteration is completed.	|| time cost : 0h 0m 27.336s
********************************************************************************************************************
Start the 7 rounds of NGS-ED iteration
	effective electronic model is modified as: kinetic energy t = 0.800072
	                                           effective interaction Vq = [-3.39972,-2.81867, -2.6889,-2.81867,-2.81867, -2.6889,-2.68152, -2.6889, -2.6889,-2.68152, -3.3973,-2.68152,-2.81867, -2.6889,-2.68152, -2.6889]
	PARPACK diagonalization completed after 30 matrix-vector product operations.
	iteration results: : total energy is -86.494844 | electron energy -86.729034 + phonon energy 0.234190 | electron momentum kIdx = 0
The 7-th iteration is completed.	|| time cost : 0h 0m 27.399s
********************************************************************************************************************
Start the 8 rounds of NGS-ED iteration
	effective electronic model is modified as: kinetic energy t = 0.801189
	                                           effective interaction Vq = [-3.39989,-2.80916,-2.68107,-2.80916,-2.80916,-2.68107,-2.67232,-2.68107,-2.68107,-2.67232,-3.39759,-2.67232,-2.80916,-2.68107,-2.67232,-2.68107]
	PARPACK diagonalization completed after 30 matrix-vector product operations.
	iteration results: : total energy is -86.498193 | electron energy -86.730618 + phonon energy 0.232425 | electron momentum kIdx = 0
The 8-th iteration is completed.	|| time cost : 0h 0m 27.397s
********************************************************************************************************************
Start the 9 rounds of NGS-ED iteration
	effective electronic model is modified as: kinetic energy t = 0.801966
	                                           effective interaction Vq = [-3.39995,-2.80267,-2.67565,-2.80267,-2.80267,-2.67565,-2.66598,-2.67565,-2.67565,-2.66598,-3.39774,-2.66598,-2.80267,-2.67565,-2.66598,-2.67565]
	PARPACK diagonalization completed after 30 matrix-vector product operations.
	iteration results: : total energy is -86.499438 | electron energy -86.730470 + phonon energy 0.231032 | electron momentum kIdx = 0
The 9-th iteration is completed.	|| time cost : 0h 0m 27.45s
********************************************************************************************************************
Start the 10 rounds of NGS-ED iteration
	effective electronic model is modified as: kinetic energy t = 0.8025
	                                           effective interaction Vq = [-3.39998,-2.79829,-2.67195,-2.79829,-2.79829,-2.67195,-2.66164,-2.67195,-2.67195,-2.66164,-3.39781,-2.66164,-2.79829,-2.67195,-2.66164,-2.67195]
	PARPACK diagonalization completed after 30 matrix-vector product operations.
	iteration results: : total energy is -86.499906 | electron energy -86.729900 + phonon energy 0.229993 | electron momentum kIdx = 0
	Nq(0) = 16,	Nq(1) = 0.120463,	Nq(2) = 0.198097,	Nq(3) = 0.120463,	Nq(4) = 0.120463,	Nq(5) = 0.198097,	Nq(6) = 0.284541,	Nq(7) = 0.198097,	Nq(8) = 0.198097,	Nq(9) = 0.284541,	Nq(10) = 10.309,	Nq(11) = 0.284541,	Nq(12) = 0.120463,	Nq(13) = 0.198097,	Nq(14) = 0.284541,	Nq(15) = 0.198097,	Sq(0) = 3.24335e-18,	Sq(1) = 0.111272,	Sq(2) = 0.182457,	Sq(3) = 0.111272,	Sq(4) = 0.111272,	Sq(5) = 0.182457,	Sq(6) = 0.255333,	Sq(7) = 0.182457,	Sq(8) = 0.182457,	Sq(9) = 0.255333,	Sq(10) = 0.321255,	Sq(11) = 0.255333,	Sq(12) = 0.111272,	Sq(13) = 0.182457,	Sq(14) = 0.255333,	Sq(15) = 0.182457,	N(0) = 1.88407,	N(1) = 1.70065,	N(2) = 1,	N(3) = 1.70065,	N(4) = 1.70065,	N(5) = 1,	N(6) = 0.299347,	N(7) = 1,	N(8) = 1,	N(9) = 0.299347,	N(10) = 0.115934,	N(11) = 0.299347,	N(12) = 1.70065,	N(13) = 1,	N(14) = 0.299347,	N(15) = 1,	Delta[s](0) = 0.468679,	Delta[s](1) = 0.430696,	Delta[s](2) = 0.409254,	Delta[s](3) = 0.430696,	Delta[s](4) = 0.430696,	Delta[s](5) = 0.409254,	Delta[s](6) = 0.386559,	Delta[s](7) = 0.409254,	Delta[s](8) = 0.409254,	Delta[s](9) = 0.386559,	Delta[s](10) = 0.365569,	Delta[s](11) = 0.386559,	Delta[s](12) = 0.430696,	Delta[s](13) = 0.409254,	Delta[s](14) = 0.386559,	Delta[s](15) = 0.409254,	Delta[d](0) = 0.118703,	Delta[d](1) = 0.106148,	Delta[d](2) = 0.128563,	Delta[d](3) = 0.106148,	Delta[d](4) = 0.106148,	Delta[d](5) = 0.073593,	Delta[d](6) = 0.078131,	Delta[d](7) = 0.073593,	Delta[d](8) = 0.128563,	Delta[d](9) = 0.078131,	Delta[d](10) = 0.0283708,	Delta[d](11) = 0.078131,	Delta[d](12) = 0.106148,	Delta[d](13) = 0.073593,	Delta[d](14) = 0.078131,	Delta[d](15) = 0.073593,	Delta[s+](0) = 0.288953,	Delta[s+](1) = 0.212039,	Delta[s+](2) = 0.128563,	Delta[s+](3) = 0.212039,	Delta[s+](4) = 0.212039,	Delta[s+](5) = 0.128563,	Delta[s+](6) = 0.0513221,	Delta[s+](7) = 0.128563,	Delta[s+](8) = 0.128563,	Delta[s+](9) = 0.0513221,	Delta[s+](10) = 0.0187506,	Delta[s+](11) = 0.0513221,	Delta[s+](12) = 0.212039,	Delta[s+](13) = 0.128563,	Delta[s+](14) = 0.0513221,	Delta[s+](15) = 0.128563
The 10-th iteration is completed.	|| time cost : 0h 4m 25.724s
********************************************************************************************************************
Start the 11 rounds of NGS-ED iteration
	effective electronic model is modified as: kinetic energy t = 0.802864
	                                           effective interaction Vq = [-3.39999,-2.79533,-2.66943,-2.79533,-2.79533,-2.66943, -2.6587,-2.66943,-2.66943, -2.6587,-3.39785, -2.6587,-2.79533,-2.66943, -2.6587,-2.66943]
	PARPACK diagonalization completed after 30 matrix-vector product operations.
	iteration results: : total energy is -86.500085 | electron energy -86.729330 + phonon energy 0.229246 | electron momentum kIdx = 0
The 11-th iteration is completed.	|| time cost : 0h 0m 27.371s
********************************************************************************************************************
Start the 12 rounds of NGS-ED iteration
	effective electronic model is modified as: kinetic energy t = 0.803111
	                                           effective interaction Vq = [-3.39999,-2.79335,-2.66773,-2.79335,-2.79335,-2.66773,-2.65671,-2.66773,-2.66773,-2.65671,-3.39787,-2.65671,-2.79335,-2.66773,-2.65671,-2.66773]
	PARPACK diagonalization completed after 30 matrix-vector product operations.
	iteration results: : total energy is -86.500153 | electron energy -86.728872 + phonon energy 0.228719 | electron momentum kIdx = 0
The 12-th iteration is completed.	|| time cost : 0h 0m 27.328s
********************************************************************************************************************
Start the 13 rounds of NGS-ED iteration
	effective electronic model is modified as: kinetic energy t = 0.803278
	                                           effective interaction Vq = [-3.39999,-2.79202,-2.66659,-2.79202,-2.79202,-2.66659,-2.65537,-2.66659,-2.66659,-2.65537,-3.39788,-2.65537,-2.79202,-2.66659,-2.65537,-2.66659]
	PARPACK diagonalization completed after 30 matrix-vector product operations.
	iteration results: : total energy is -86.500179 | electron energy -86.728533 + phonon energy 0.228354 | electron momentum kIdx = 0
The 13-th iteration is completed.	|| time cost : 0h 0m 27.334s
********************************************************************************************************************
Start the 14 rounds of NGS-ED iteration
	effective electronic model is modified as: kinetic energy t = 0.80339
	                                           effective interaction Vq = [-3.39999,-2.79112,-2.66582,-2.79112,-2.79112,-2.66582,-2.65446,-2.66582,-2.66582,-2.65446,-3.39789,-2.65446,-2.79112,-2.66582,-2.65446,-2.66582]
	PARPACK diagonalization completed after 30 matrix-vector product operations.
	iteration results: : total energy is -86.500190 | electron energy -86.728292 + phonon energy 0.228103 | electron momentum kIdx = 0
The 14-th iteration is completed.	|| time cost : 0h 0m 27.366s
********************************************************************************************************************
Start the 15 rounds of NGS-ED iteration
	effective electronic model is modified as: kinetic energy t = 0.803466
	                                           effective interaction Vq = [-3.39999,-2.79053, -2.6653,-2.79053,-2.79053, -2.6653,-2.65386, -2.6653, -2.6653,-2.65386,-3.39789,-2.65386,-2.79053, -2.6653,-2.65386, -2.6653]
	PARPACK diagonalization completed after 30 matrix-vector product operations.
	iteration results: : total energy is -86.500194 | electron energy -86.728126 + phonon energy 0.227932 | electron momentum kIdx = 0
The 15-th iteration is completed.	|| time cost : 0h 0m 27.308s
********************************************************************************************************************
Start the 16 rounds of NGS-ED iteration
	effective electronic model is modified as: kinetic energy t = 0.803516
	                                           effective interaction Vq = [-3.39999,-2.79013,-2.66495,-2.79013,-2.79013,-2.66495,-2.65345,-2.66495,-2.66495,-2.65345, -3.3979,-2.65345,-2.79013,-2.66495,-2.65345,-2.66495]
	PARPACK diagonalization completed after 30 matrix-vector product operations.
	iteration results: : total energy is -86.500196 | electron energy -86.728011 + phonon energy 0.227816 | electron momentum kIdx = 0
The 16-th iteration is completed.	|| time cost : 0h 0m 27.297s
********************************************************************************************************************
Start the 17 rounds of NGS-ED iteration
	effective electronic model is modified as: kinetic energy t = 0.80355
	                                           effective interaction Vq = [-3.39999,-2.78986,-2.66472,-2.78986,-2.78986,-2.66472,-2.65318,-2.66472,-2.66472,-2.65318, -3.3979,-2.65318,-2.78986,-2.66472,-2.65318,-2.66472]
	PARPACK diagonalization completed after 30 matrix-vector product operations.
	iteration results: : total energy is -86.500196 | electron energy -86.727934 + phonon energy 0.227737 | electron momentum kIdx = 0
The 17-th iteration is completed.	|| time cost : 0h 0m 27.351s
********************************************************************************************************************
Start the 18 rounds of NGS-ED iteration
	effective electronic model is modified as: kinetic energy t = 0.803573
	                                           effective interaction Vq = [-3.39999,-2.78968,-2.66456,-2.78968,-2.78968,-2.66456,  -2.653,-2.66456,-2.66456,  -2.653, -3.3979,  -2.653,-2.78968,-2.66456,  -2.653,-2.66456]
	PARPACK diagonalization completed after 30 matrix-vector product operations.
	iteration results: : total energy is -86.500197 | electron energy -86.727881 + phonon energy 0.227685 | electron momentum kIdx = 0
The 18-th iteration is completed.	|| time cost : 0h 0m 27.72s
********************************************************************************************************************
Start the 19 rounds of NGS-ED iteration
	effective electronic model is modified as: kinetic energy t = 0.803588
	                                           effective interaction Vq = [-3.39999,-2.78956,-2.66446,-2.78956,-2.78956,-2.66446,-2.65288,-2.66446,-2.66446,-2.65288, -3.3979,-2.65288,-2.78956,-2.66446,-2.65288,-2.66446]
	PARPACK diagonalization completed after 30 matrix-vector product operations.
	iteration results: : total energy is -86.500197 | electron energy -86.727846 + phonon energy 0.227649 | electron momentum kIdx = 0
The 19-th iteration is completed.	|| time cost : 0h 0m 27.335s
********************************************************************************************************************
Start the 20 rounds of NGS-ED iteration
	effective electronic model is modified as: kinetic energy t = 0.803598
	                                           effective interaction Vq = [-3.39999,-2.78948,-2.66439,-2.78948,-2.78948,-2.66439, -2.6528,-2.66439,-2.66439, -2.6528, -3.3979, -2.6528,-2.78948,-2.66439, -2.6528,-2.66439]
	PARPACK diagonalization completed after 30 matrix-vector product operations.
	iteration results: : total energy is -86.500197 | electron energy -86.727822 + phonon energy 0.227625 | electron momentum kIdx = 0
