TACC:  Starting up job 1748082 
TACC:  Starting parallel tasks... 
SNEDics v3.4 Non-Gaussian ED ground state program		Start at Sun Oct 11 16:28:52 2020

parallized on 16 MPI threads  * 7 OpenMP threads = 112 total threads.
********************************************************************************************************************
********************************************************************************************************************

********************************************************************************************************************
System parameters and configurations
********************************************************************************************************************
Special program options are enabled: splitted diagonal Hamiltonian
********************************************************************************************************************
Read input file "model_params.in"
	Hubbard-Holstein model parameters : 	t = 1    U = 8    W = 0.2    g' = 0.02    
********************************************************************************************************************
Read input file "hilbertspace_params.in"
	Requested 16-site 2D lattice, with 14 electrons (7, 7)
	Boundary : Periodic		Hilbert space representation : momentum-space (restricted to kIdx = 0)
	Conservation: particle number[U(1)]      spin[U(1)]     momentum
********************************************************************************************************************

Cluster Positions:				Cluster symmetry group : D4
 x ... x ... x ... x .....                       x ... x ... x ... x .....
 |           |           :                       |           |           :
 |           |           :                       |           |           :
12    13    14    15     x                       1     5     6     5     x
 |           |           :                       |           |           :
 |           |           :                       |           |           :
 8 --- 9 ---10 ---11 --- x                       2 --- 6 ---10 --- 6 --- x
 |           |           :                       |           |           :
 |           |           :                       |           |           :
 4     5     6     7     x                       1     5     6     5     x
 |           |           :                       |           |           :
 |           |           :                       |           |           :
 0 --- 1 --- 2 --- 3 --- x                       0 --- 1 --- 2 --- 1 --- x
orbital number : 1
********************************************************************************************************************
Read input file "obs_params.in"
	Observable Type : Nq(All),   Sq(All),   N(All),   Delta[s](All),   Delta[d](All),   Delta[s+](All)
********************************************************************************************************************
** WARNING ** the input observables have non-local factors which have been reinterpreted. The total observable number is 96
********************************************************************************************************************


********************************************************************************************************************
Start calculating the non-Gaussian ED ground state
** WARNING ** Detected low phonon energy W < 10. The initial state will be prepared through a warm-up process.
********************************************************************************************************************
Start warm-up calculation for scaling factor 64
open output files: NGSEDWarmUpW12.8Obs.txt
********************************************************************************************************************
Start the 0 rounds of NGS-ED iteration
	effective electronic model is modified as: kinetic energy t = 1
	                                           effective interaction Vq = [0,0,0,0,0,0,0,0,0,0,0,0,0,0,0,0]
	first Hamiltonian is constructed, non-zero numbers = 2178478298
	PARPACK diagonalization completed after 165 matrix-vector product operations.
	iteration results: : total energy is -11.868836 | electron energy -11.868836 + phonon energy 0.000000 | electron momentum kIdx = 0
	Nq(0) = 12.25,	Nq(1) = 0.154193,	Nq(2) = 0.185311,	Nq(3) = 0.154193,	Nq(4) = 0.154193,	Nq(5) = 0.203281,	Nq(6) = 0.235634,	Nq(7) = 0.203281,	Nq(8) = 0.185311,	Nq(9) = 0.235634,	Nq(10) = 0.275446,	Nq(11) = 0.235634,	Nq(12) = 0.154193,	Nq(13) = 0.203281,	Nq(14) = 0.235634,	Nq(15) = 0.203281,	Sq(0) = 1.11096e-18,	Sq(1) = 0.474292,	Sq(2) = 0.766364,	Sq(3) = 0.474292,	Sq(4) = 0.474292,	Sq(5) = 0.630724,	Sq(6) = 1.05279,	Sq(7) = 0.630724,	Sq(8) = 0.766364,	Sq(9) = 1.05279,	Sq(10) = 2.56755,	Sq(11) = 1.05279,	Sq(12) = 0.474292,	Sq(13) = 0.630724,	Sq(14) = 1.05279,	Sq(15) = 0.630724,	N(0) = 1.75464,	N(1) = 1.59086,	N(2) = 0.323321,	N(3) = 1.59086,	N(4) = 1.59086,	N(5) = 0.999881,	N(6) = 0.267546,	N(7) = 0.999881,	N(8) = 0.323321,	N(9) = 0.267546,	N(10) = 0.165565,	N(11) = 0.267546,	N(12) = 1.59086,	N(13) = 0.999881,	N(14) = 0.267546,	N(15) = 0.999881,	Delta[s](0) = 0.079373,	Delta[s](1) = 0.0592773,	Delta[s](2) = 0.0353904,	Delta[s](3) = 0.0592773,	Delta[s](4) = 0.0592773,	Delta[s](5) = 0.0423084,	Delta[s](6) = 0.0194306,	Delta[s](7) = 0.0423084,	Delta[s](8) = 0.0353904,	Delta[s](9) = 0.0194306,	Delta[s](10) = 3.12622e-05,	Delta[s](11) = 0.0194306,	Delta[s](12) = 0.0592773,	Delta[s](13) = 0.0423084,	Delta[s](14) = 0.0194306,	Delta[s](15) = 0.0423084,	Delta[d](0) = 0.276141,	Delta[d](1) = 0.189613,	Delta[d](2) = 0.199497,	Delta[d](3) = 0.189613,	Delta[d](4) = 0.189613,	Delta[d](5) = 0.176393,	Delta[d](6) = 0.132286,	Delta[d](7) = 0.176393,	Delta[d](8) = 0.199497,	Delta[d](9) = 0.132286,	Delta[d](10) = 0.0533046,	Delta[d](11) = 0.132286,	Delta[d](12) = 0.189613,	Delta[d](13) = 0.176393,	Delta[d](14) = 0.132286,	Delta[d](15) = 0.176393,	Delta[s+](0) = 0.559904,	Delta[s+](1) = 0.416878,	Delta[s+](2) = 0.199497,	Delta[s+](3) = 0.416878,	Delta[s+](4) = 0.416878,	Delta[s+](5) = 0.291303,	Delta[s+](6) = 0.12596,	Delta[s+](7) = 0.291303,	Delta[s+](8) = 0.199497,	Delta[s+](9) = 0.12596,	Delta[s+](10) = 0.0380881,	Delta[s+](11) = 0.12596,	Delta[s+](12) = 0.416878,	Delta[s+](13) = 0.291303,	Delta[s+](14) = 0.12596,	Delta[s+](15) = 0.291303
The 0-th iteration is completed.	|| time cost : 0h 6m 32.761s
********************************************************************************************************************
Start the 1 rounds of NGS-ED iteration
	effective electronic model is modified as: kinetic energy t = 0.999802
	                                           effective interaction Vq = [  -0.0295262, -0.00692237,           0, -0.00692237, -0.00692237,-3.25598e-31, -0.00646697,-3.25598e-31,           0, -0.00646697,  -0.0253537, -0.00646697, -0.00692237,-3.25598e-31, -0.00646697,-2.93038e-30]
	PARPACK diagonalization completed after 60 matrix-vector product operations.
	iteration results: : total energy is -12.244539 | electron energy -12.244539 + phonon energy 0.000000 | electron momentum kIdx = 0
The 1-th iteration is completed.	|| time cost : 0h 3m 55.964s
********************************************************************************************************************
Start the 2 rounds of NGS-ED iteration
	effective electronic model is modified as: kinetic energy t = 0.99974
	                                           effective interaction Vq = [  -0.0318088, -0.00753097,           0, -0.00753097, -0.00753097,-3.52937e-31, -0.00697477,-3.52937e-31,           0, -0.00697477,  -0.0272522, -0.00697477, -0.00753097,-3.52937e-31, -0.00697477,-3.17644e-30]
	PARPACK diagonalization completed after 45 matrix-vector product operations.
	iteration results: : total energy is -12.272834 | electron energy -12.272834 + phonon energy 0.000000 | electron momentum kIdx = 0
The 2-th iteration is completed.	|| time cost : 0h 0m 48.703s
********************************************************************************************************************
Start the 3 rounds of NGS-ED iteration
	effective electronic model is modified as: kinetic energy t = 0.999731
	                                           effective interaction Vq = [  -0.0319852, -0.00762158,           0, -0.00762158, -0.00762158,-3.56731e-31, -0.00703856,-3.56731e-31,           0, -0.00703856,  -0.0274749, -0.00703856, -0.00762158,-3.56731e-31, -0.00703856,-3.21058e-30]
	PARPACK diagonalization completed after 30 matrix-vector product operations.
	iteration results: : total energy is -12.275005 | electron energy -12.275005 + phonon energy 0.000000 | electron momentum kIdx = 0
The 3-th iteration is completed.	|| time cost : 0h 0m 46.507s
********************************************************************************************************************
Start the 4 rounds of NGS-ED iteration
	effective electronic model is modified as: kinetic energy t = 0.999729
	                                           effective interaction Vq = [  -0.0319989, -0.00763831,           0, -0.00763831, -0.00763831,-3.57338e-31, -0.00704744,-3.57338e-31,           0, -0.00704744,  -0.0275034, -0.00704744, -0.00763831,-3.57338e-31, -0.00704744,-3.21605e-30]
	PARPACK diagonalization completed after 30 matrix-vector product operations.
	iteration results: : total energy is -12.275172 | electron energy -12.275173 + phonon energy 0.000000 | electron momentum kIdx = 0
	Nq(0) = 12.25,	Nq(1) = 0.154319,	Nq(2) = 0.185376,	Nq(3) = 0.154319,	Nq(4) = 0.154319,	Nq(5) = 0.203355,	Nq(6) = 0.235869,	Nq(7) = 0.203355,	Nq(8) = 0.185376,	Nq(9) = 0.235869,	Nq(10) = 0.276139,	Nq(11) = 0.235869,	Nq(12) = 0.154319,	Nq(13) = 0.203355,	Nq(14) = 0.235869,	Nq(15) = 0.203355,	Sq(0) = -4.82542e-19,	Sq(1) = 0.47426,	Sq(2) = 0.766187,	Sq(3) = 0.47426,	Sq(4) = 0.47426,	Sq(5) = 0.630585,	Sq(6) = 1.05257,	Sq(7) = 0.630585,	Sq(8) = 0.766187,	Sq(9) = 1.05257,	Sq(10) = 2.56689,	Sq(11) = 1.05257,	Sq(12) = 0.47426,	Sq(13) = 0.630585,	Sq(14) = 1.05257,	Sq(15) = 0.630585,	N(0) = 1.75502,	N(1) = 1.59141,	N(2) = 0.323051,	N(3) = 1.59141,	N(4) = 1.59141,	N(5) = 0.999845,	N(6) = 0.267152,	N(7) = 0.999845,	N(8) = 0.323051,	N(9) = 0.267152,	N(10) = 0.165263,	N(11) = 0.267152,	N(12) = 1.59141,	N(13) = 0.999845,	N(14) = 0.267152,	N(15) = 0.999845,	Delta[s](0) = 0.0795114,	Delta[s](1) = 0.0593866,	Delta[s](2) = 0.0354678,	Delta[s](3) = 0.0593866,	Delta[s](4) = 0.0593866,	Delta[s](5) = 0.0423932,	Delta[s](6) = 0.0194806,	Delta[s](7) = 0.0423932,	Delta[s](8) = 0.0354678,	Delta[s](9) = 0.0194806,	Delta[s](10) = 4.29531e-05,	Delta[s](11) = 0.0194806,	Delta[s](12) = 0.0593866,	Delta[s](13) = 0.0423932,	Delta[s](14) = 0.0194806,	Delta[s](15) = 0.0423932,	Delta[d](0) = 0.276205,	Delta[d](1) = 0.18961,	Delta[d](2) = 0.199498,	Delta[d](3) = 0.18961,	Delta[d](4) = 0.18961,	Delta[d](5) = 0.176403,	Delta[d](6) = 0.132268,	Delta[d](7) = 0.176403,	Delta[d](8) = 0.199498,	Delta[d](9) = 0.132268,	Delta[d](10) = 0.053282,	Delta[d](11) = 0.132268,	Delta[d](12) = 0.18961,	Delta[d](13) = 0.176403,	Delta[d](14) = 0.132268,	Delta[d](15) = 0.176403,	Delta[s+](0) = 0.560015,	Delta[s+](1) = 0.41697,	Delta[s+](2) = 0.199498,	Delta[s+](3) = 0.41697,	Delta[s+](4) = 0.41697,	Delta[s+](5) = 0.291355,	Delta[s+](6) = 0.12595,	Delta[s+](7) = 0.291355,	Delta[s+](8) = 0.199498,	Delta[s+](9) = 0.12595,	Delta[s+](10) = 0.0380633,	Delta[s+](11) = 0.12595,	Delta[s+](12) = 0.41697,	Delta[s+](13) = 0.291355,	Delta[s+](14) = 0.12595,	Delta[s+](15) = 0.291355
The 4-th iteration is completed.	|| time cost : 0h 4m 23.807s
********************************************************************************************************************
********************************************************************************************************************
Ground state is obtained after 5 iterations. The current ground-state energy is -12.2752, in which electron energy is -12.2752 and phonon energy is 4.02721e-07
final variational state is: 
	Gamma_x = [      1,1.00003,      1,1.00003,1.00003,      1,1.00007,      1,      1,1.00007,1.00032,1.00007,1.00003,      1,1.00007,      1]
	lambda_q = [   0.0499169,   0.0197082,           0,   0.0197082,   0.0197082,-1.24064e-16,  -0.0163791, 1.24064e-16,           0,  -0.0163791,  -0.0312648,  -0.0163791,   0.0197082, 1.24064e-16,  -0.0163791, 3.72192e-16]
The effective e-e interactions mediated by phonons are: [  0.0319999, 0.00764157,          0, 0.00764157, 0.00764157,3.57438e-31,  0.0070487,3.57438e-31,          0,  0.0070487,  0.0275071,  0.0070487, 0.00764157,3.57438e-31,  0.0070487,3.21694e-30]
The real-space interactions mediated by phonons are: [  -0.118268, -0.0133241, -0.0167168, -0.0511295,-0.00567856, -0.0517712, -0.0167168, -0.0117749,  -0.059507, -0.0117749, -0.0167168, -0.0517712,-0.00567856, -0.0511295, -0.0167168, -0.0133241]
********************************************************************************************************************
o___o  ----------------------------------------
| L |	Time since last clock: 0h 0m 0s
A===A	Time since the beginning: 0h 16m 27.744s
***********************************************

********************************************************************************************************************
Start warm-up calculation for scaling factor 32
open output files: NGSEDWarmUpW6.4Obs.txt
********************************************************************************************************************
Start the 0 rounds of NGS-ED iteration
	effective electronic model is modified as: kinetic energy t = 0.999729
	                                           effective interaction Vq = [  -0.0292328, -0.00643308,           0, -0.00643308, -0.00643308, -2.9355e-31, -0.00569537, -2.9355e-31,           0, -0.00569537,  -0.0220417, -0.00569537, -0.00643308, -2.9355e-31, -0.00569537,-2.64195e-30]
	PARPACK diagonalization completed after 45 matrix-vector product operations.
	iteration results: : total energy is -12.237756 | electron energy -12.237757 + phonon energy 0.000000 | electron momentum kIdx = 0
	Nq(0) = 12.25,	Nq(1) = 0.154295,	Nq(2) = 0.185357,	Nq(3) = 0.154295,	Nq(4) = 0.154295,	Nq(5) = 0.203333,	Nq(6) = 0.235815,	Nq(7) = 0.203333,	Nq(8) = 0.185357,	Nq(9) = 0.235815,	Nq(10) = 0.275992,	Nq(11) = 0.235815,	Nq(12) = 0.154295,	Nq(13) = 0.203333,	Nq(14) = 0.235815,	Nq(15) = 0.203333,	Sq(0) = 2.41744e-18,	Sq(1) = 0.474263,	Sq(2) = 0.766227,	Sq(3) = 0.474263,	Sq(4) = 0.474263,	Sq(5) = 0.630615,	Sq(6) = 1.05263,	Sq(7) = 0.630615,	Sq(8) = 0.766227,	Sq(9) = 1.05263,	Sq(10) = 2.56703,	Sq(11) = 1.05263,	Sq(12) = 0.474263,	Sq(13) = 0.630615,	Sq(14) = 1.05263,	Sq(15) = 0.630615,	N(0) = 1.75494,	N(1) = 1.59128,	N(2) = 0.323123,	N(3) = 1.59128,	N(4) = 1.59128,	N(5) = 0.999851,	N(6) = 0.26724,	N(7) = 0.999851,	N(8) = 0.323123,	N(9) = 0.26724,	N(10) = 0.165333,	N(11) = 0.26724,	N(12) = 1.59128,	N(13) = 0.999851,	N(14) = 0.26724,	N(15) = 0.999851,	Delta[s](0) = 0.0794734,	Delta[s](1) = 0.0593585,	Delta[s](2) = 0.0354508,	Delta[s](3) = 0.0593585,	Delta[s](4) = 0.0593585,	Delta[s](5) = 0.0423732,	Delta[s](6) = 0.0194724,	Delta[s](7) = 0.0423732,	Delta[s](8) = 0.0354508,	Delta[s](9) = 0.0194724,	Delta[s](10) = 4.66528e-05,	Delta[s](11) = 0.0194724,	Delta[s](12) = 0.0593585,	Delta[s](13) = 0.0423732,	Delta[s](14) = 0.0194724,	Delta[s](15) = 0.0423732,	Delta[d](0) = 0.276292,	Delta[d](1) = 0.189685,	Delta[d](2) = 0.19957,	Delta[d](3) = 0.189685,	Delta[d](4) = 0.189685,	Delta[d](5) = 0.176467,	Delta[d](6) = 0.132323,	Delta[d](7) = 0.176467,	Delta[d](8) = 0.19957,	Delta[d](9) = 0.132323,	Delta[d](10) = 0.0533105,	Delta[d](11) = 0.132323,	Delta[d](12) = 0.189685,	Delta[d](13) = 0.176467,	Delta[d](14) = 0.132323,	Delta[d](15) = 0.176467,	Delta[s+](0) = 0.560178,	Delta[s+](1) = 0.41709,	Delta[s+](2) = 0.19957,	Delta[s+](3) = 0.41709,	Delta[s+](4) = 0.41709,	Delta[s+](5) = 0.291443,	Delta[s+](6) = 0.126,	Delta[s+](7) = 0.291443,	Delta[s+](8) = 0.19957,	Delta[s+](9) = 0.126,	Delta[s+](10) = 0.0380862,	Delta[s+](11) = 0.126,	Delta[s+](12) = 0.41709,	Delta[s+](13) = 0.291443,	Delta[s+](14) = 0.126,	Delta[s+](15) = 0.291443
The 0-th iteration is completed.	|| time cost : 0h 4m 24.858s
********************************************************************************************************************
Start the 1 rounds of NGS-ED iteration
	effective electronic model is modified as: kinetic energy t = 0.999705
	                                           effective interaction Vq = [  -0.0312306,  -0.0068201,           0,  -0.0068201,  -0.0068201,-3.06118e-31, -0.00584319,-3.06118e-31,           0, -0.00584319,  -0.0223807, -0.00584319,  -0.0068201,-3.06118e-31, -0.00584319,-2.75506e-30]
	PARPACK diagonalization completed after 45 matrix-vector product operations.
	iteration results: : total energy is -12.262298 | electron energy -12.262299 + phonon energy 0.000001 | electron momentum kIdx = 0
The 1-th iteration is completed.	|| time cost : 0h 0m 48.758s
********************************************************************************************************************
Start the 2 rounds of NGS-ED iteration
	effective electronic model is modified as: kinetic energy t = 0.999697
	                                           effective interaction Vq = [  -0.0317861, -0.00695084,           0, -0.00695084, -0.00695084,-3.09874e-31, -0.00588216,-3.09874e-31,           0, -0.00588216,  -0.0224638, -0.00588216, -0.00695084,-3.09874e-31, -0.00588216,-2.78886e-30]
	PARPACK diagonalization completed after 30 matrix-vector product operations.
	iteration results: : total energy is -12.269112 | electron energy -12.269112 + phonon energy 0.000001 | electron momentum kIdx = 0
The 2-th iteration is completed.	|| time cost : 0h 0m 46.585s
********************************************************************************************************************
Start the 3 rounds of NGS-ED iteration
	effective electronic model is modified as: kinetic energy t = 0.999695
	                                           effective interaction Vq = [  -0.0319405,  -0.0069978,           0,  -0.0069978,  -0.0069978,-3.11032e-31, -0.00589259,-3.11032e-31,           0, -0.00589259,  -0.0224844, -0.00589259,  -0.0069978,-3.11032e-31, -0.00589259,-2.79929e-30]
	PARPACK diagonalization completed after 30 matrix-vector product operations.
	iteration results: : total energy is -12.271005 | electron energy -12.271006 + phonon energy 0.000001 | electron momentum kIdx = 0
The 3-th iteration is completed.	|| time cost : 0h 0m 46.539s
********************************************************************************************************************
Start the 4 rounds of NGS-ED iteration
	effective electronic model is modified as: kinetic energy t = 0.999694
	                                           effective interaction Vq = [  -0.0319835,  -0.0070151,           0,  -0.0070151,  -0.0070151,-3.11394e-31,  -0.0058954,-3.11394e-31,           0,  -0.0058954,  -0.0224896,  -0.0058954,  -0.0070151,-3.11394e-31,  -0.0058954,-2.80254e-30]
	PARPACK diagonalization completed after 30 matrix-vector product operations.
	iteration results: : total energy is -12.271531 | electron energy -12.271532 + phonon energy 0.000001 | electron momentum kIdx = 0
The 4-th iteration is completed.	|| time cost : 0h 0m 50.499s
********************************************************************************************************************
Start the 5 rounds of NGS-ED iteration
	effective electronic model is modified as: kinetic energy t = 0.999694
	                                           effective interaction Vq = [  -0.0319954, -0.00702153,           0, -0.00702153, -0.00702153,-3.11507e-31, -0.00589615,-3.11507e-31,           0, -0.00589615,  -0.0224908, -0.00589615, -0.00702153,-3.11507e-31, -0.00589615,-2.80356e-30]
	PARPACK diagonalization completed after 30 matrix-vector product operations.
	iteration results: : total energy is -12.271677 | electron energy -12.271678 + phonon energy 0.000001 | electron momentum kIdx = 0
	Nq(0) = 12.25,	Nq(1) = 0.154301,	Nq(2) = 0.185355,	Nq(3) = 0.154301,	Nq(4) = 0.154301,	Nq(5) = 0.20333,	Nq(6) = 0.235817,	Nq(7) = 0.20333,	Nq(8) = 0.185355,	Nq(9) = 0.235817,	Nq(10) = 0.276,	Nq(11) = 0.235817,	Nq(12) = 0.154301,	Nq(13) = 0.20333,	Nq(14) = 0.235817,	Nq(15) = 0.20333,	Sq(0) = 1.32159e-18,	Sq(1) = 0.474257,	Sq(2) = 0.766224,	Sq(3) = 0.474257,	Sq(4) = 0.474257,	Sq(5) = 0.630612,	Sq(6) = 1.05264,	Sq(7) = 0.630612,	Sq(8) = 0.766224,	Sq(9) = 1.05264,	Sq(10) = 2.56701,	Sq(11) = 1.05264,	Sq(12) = 0.474257,	Sq(13) = 0.630612,	Sq(14) = 1.05264,	Sq(15) = 0.630612,	N(0) = 1.75494,	N(1) = 1.59129,	N(2) = 0.323125,	N(3) = 1.59129,	N(4) = 1.59129,	N(5) = 0.999848,	N(6) = 0.267235,	N(7) = 0.999848,	N(8) = 0.323125,	N(9) = 0.267235,	N(10) = 0.165332,	N(11) = 0.267235,	N(12) = 1.59129,	N(13) = 0.999848,	N(14) = 0.267235,	N(15) = 0.999848,	Delta[s](0) = 0.0794732,	Delta[s](1) = 0.0593589,	Delta[s](2) = 0.0354518,	Delta[s](3) = 0.0593589,	Delta[s](4) = 0.0593589,	Delta[s](5) = 0.042374,	Delta[s](6) = 0.0194738,	Delta[s](7) = 0.042374,	Delta[s](8) = 0.0354518,	Delta[s](9) = 0.0194738,	Delta[s](10) = 4.84668e-05,	Delta[s](11) = 0.0194738,	Delta[s](12) = 0.0593589,	Delta[s](13) = 0.042374,	Delta[s](14) = 0.0194738,	Delta[s](15) = 0.042374,	Delta[d](0) = 0.276401,	Delta[d](1) = 0.189758,	Delta[d](2) = 0.199643,	Delta[d](3) = 0.189758,	Delta[d](4) = 0.189758,	Delta[d](5) = 0.176533,	Delta[d](6) = 0.132372,	Delta[d](7) = 0.176533,	Delta[d](8) = 0.199643,	Delta[d](9) = 0.132372,	Delta[d](10) = 0.0533319,	Delta[d](11) = 0.132372,	Delta[d](12) = 0.189758,	Delta[d](13) = 0.176533,	Delta[d](14) = 0.132372,	Delta[d](15) = 0.176533,	Delta[s+](0) = 0.560378,	Delta[s+](1) = 0.417239,	Delta[s+](2) = 0.199643,	Delta[s+](3) = 0.417239,	Delta[s+](4) = 0.417239,	Delta[s+](5) = 0.291547,	Delta[s+](6) = 0.126046,	Delta[s+](7) = 0.291547,	Delta[s+](8) = 0.199643,	Delta[s+](9) = 0.126046,	Delta[s+](10) = 0.0381009,	Delta[s+](11) = 0.126046,	Delta[s+](12) = 0.417239,	Delta[s+](13) = 0.291547,	Delta[s+](14) = 0.126046,	Delta[s+](15) = 0.291547
The 5-th iteration is completed.	|| time cost : 0h 4m 22.825s
********************************************************************************************************************
********************************************************************************************************************
Ground state is obtained after 6 iterations. The current ground-state energy is -12.2717, in which electron energy is -12.2717 and phonon energy is 9.34122e-07
final variational state is: 
	Gamma_x = [      1,1.00009,      1,1.00009,1.00009,      1,1.00015,      1,      1,1.00015,1.00068,1.00015,1.00009,      1,1.00015,      1]
	lambda_q = [   0.0702637,   0.0230058,           0,   0.0230058,   0.0230058,-1.36098e-16,  -0.0172254, 1.36098e-16,           0,  -0.0172254,  -0.0321652,  -0.0172254,   0.0230058, 1.36098e-16,  -0.0172254, 4.08294e-16]
The effective e-e interactions mediated by phonons are: [  0.0319987, 0.00702393,          0, 0.00702393, 0.00702393,3.11542e-31, 0.00589636,3.11542e-31,          0, 0.00589636,  0.0224912, 0.00589636, 0.00702393,3.11542e-31, 0.00589636,2.80388e-30]
The real-space interactions mediated by phonons are: [ -0.106171,-0.0175683,-0.0179509,-0.0472921,-0.0117627,-0.0485126,-0.0179509,-0.0146218,-0.0544899,-0.0146218,-0.0179509,-0.0485126,-0.0117627,-0.0472921,-0.0179509,-0.0175683]
********************************************************************************************************************
o___o  ----------------------------------------
| L |	Time since last clock: 0h 0m 0s
A===A	Time since the beginning: 0h 28m 27.812s
***********************************************

********************************************************************************************************************
Start warm-up calculation for scaling factor 16
open output files: NGSEDWarmUpW3.2Obs.txt
********************************************************************************************************************
Start the 0 rounds of NGS-ED iteration
	effective electronic model is modified as: kinetic energy t = 0.999693
	                                           effective interaction Vq = [  -0.0291704, -0.00566821,           0, -0.00566821, -0.00566821,-2.44845e-31, -0.00456265,-2.44845e-31,           0, -0.00456265,   -0.017275, -0.00456265, -0.00566821,-2.44845e-31, -0.00456265, -2.2036e-30]
	PARPACK diagonalization completed after 45 matrix-vector product operations.
	iteration results: : total energy is -12.233538 | electron energy -12.233538 + phonon energy 0.000000 | electron momentum kIdx = 0
	Nq(0) = 12.25,	Nq(1) = 0.154275,	Nq(2) = 0.185337,	Nq(3) = 0.154275,	Nq(4) = 0.154275,	Nq(5) = 0.203309,	Nq(6) = 0.235764,	Nq(7) = 0.203309,	Nq(8) = 0.185337,	Nq(9) = 0.235764,	Nq(10) = 0.275858,	Nq(11) = 0.235764,	Nq(12) = 0.154275,	Nq(13) = 0.203309,	Nq(14) = 0.235764,	Nq(15) = 0.203309,	Sq(0) = -8.0363e-19,	Sq(1) = 0.474261,	Sq(2) = 0.766264,	Sq(3) = 0.474261,	Sq(4) = 0.474261,	Sq(5) = 0.630641,	Sq(6) = 1.0527,	Sq(7) = 0.630641,	Sq(8) = 0.766264,	Sq(9) = 1.0527,	Sq(10) = 2.56714,	Sq(11) = 1.0527,	Sq(12) = 0.474261,	Sq(13) = 0.630641,	Sq(14) = 1.0527,	Sq(15) = 0.630641,	N(0) = 1.75485,	N(1) = 1.59116,	N(2) = 0.323196,	N(3) = 1.59116,	N(4) = 1.59116,	N(5) = 0.999854,	N(6) = 0.267322,	N(7) = 0.999854,	N(8) = 0.323196,	N(9) = 0.267322,	N(10) = 0.165401,	N(11) = 0.267322,	N(12) = 1.59116,	N(13) = 0.999854,	N(14) = 0.267322,	N(15) = 0.999854,	Delta[s](0) = 0.0794426,	Delta[s](1) = 0.0593345,	Delta[s](2) = 0.0354346,	Delta[s](3) = 0.0593345,	Delta[s](4) = 0.0593345,	Delta[s](5) = 0.0423546,	Delta[s](6) = 0.0194622,	Delta[s](7) = 0.0423546,	Delta[s](8) = 0.0354346,	Delta[s](9) = 0.0194622,	Delta[s](10) = 4.5258e-05,	Delta[s](11) = 0.0194622,	Delta[s](12) = 0.0593345,	Delta[s](13) = 0.0423546,	Delta[s](14) = 0.0194622,	Delta[s](15) = 0.0423546,	Delta[d](0) = 0.276504,	Delta[d](1) = 0.189842,	Delta[d](2) = 0.199727,	Delta[d](3) = 0.189842,	Delta[d](4) = 0.189842,	Delta[d](5) = 0.176607,	Delta[d](6) = 0.132433,	Delta[d](7) = 0.176607,	Delta[d](8) = 0.199727,	Delta[d](9) = 0.132433,	Delta[d](10) = 0.0533611,	Delta[d](11) = 0.132433,	Delta[d](12) = 0.189842,	Delta[d](13) = 0.176607,	Delta[d](14) = 0.132433,	Delta[d](15) = 0.176607,	Delta[s+](0) = 0.560581,	Delta[s+](1) = 0.417389,	Delta[s+](2) = 0.199727,	Delta[s+](3) = 0.417389,	Delta[s+](4) = 0.417389,	Delta[s+](5) = 0.291655,	Delta[s+](6) = 0.126102,	Delta[s+](7) = 0.291655,	Delta[s+](8) = 0.199727,	Delta[s+](9) = 0.126102,	Delta[s+](10) = 0.0381235,	Delta[s+](11) = 0.126102,	Delta[s+](12) = 0.417389,	Delta[s+](13) = 0.291655,	Delta[s+](14) = 0.126102,	Delta[s+](15) = 0.291655
The 0-th iteration is completed.	|| time cost : 0h 4m 25.224s
********************************************************************************************************************
Start the 1 rounds of NGS-ED iteration
	effective electronic model is modified as: kinetic energy t = 0.999713
	                                           effective interaction Vq = [   -0.030508, -0.00576113,           0, -0.00576113, -0.00576113,-2.42332e-31, -0.00441272,-2.42332e-31,           0, -0.00441272,  -0.0164789, -0.00441272, -0.00576113,-2.42332e-31, -0.00441272,-2.18099e-30]
	PARPACK diagonalization completed after 45 matrix-vector product operations.
	iteration results: : total energy is -12.249957 | electron energy -12.249958 + phonon energy 0.000001 | electron momentum kIdx = 0
The 1-th iteration is completed.	|| time cost : 0h 0m 48.755s
********************************************************************************************************************
Start the 2 rounds of NGS-ED iteration
	effective electronic model is modified as: kinetic energy t = 0.999719
	                                           effective interaction Vq = [  -0.0312133, -0.00580831,           0, -0.00580831, -0.00580831,-2.41241e-31, -0.00435644,-2.41241e-31,           0, -0.00435644,  -0.0162065, -0.00435644, -0.00580831,-2.41241e-31, -0.00435644,-2.17117e-30]
	PARPACK diagonalization completed after 30 matrix-vector product operations.
	iteration results: : total energy is -12.258601 | electron energy -12.258603 + phonon energy 0.000001 | electron momentum kIdx = 0
The 2-th iteration is completed.	|| time cost : 0h 0m 46.544s
********************************************************************************************************************
Start the 3 rounds of NGS-ED iteration
	effective electronic model is modified as: kinetic energy t = 0.999721
	                                           effective interaction Vq = [  -0.0315852, -0.00583244,           0, -0.00583244, -0.00583244,-2.40769e-31, -0.00433551,-2.40769e-31,           0, -0.00433551,  -0.0161145, -0.00433551, -0.00583244,-2.40769e-31, -0.00433551,-2.16692e-30]
	PARPACK diagonalization completed after 30 matrix-vector product operations.
	iteration results: : total energy is -12.263158 | electron energy -12.263159 + phonon energy 0.000001 | electron momentum kIdx = 0
The 3-th iteration is completed.	|| time cost : 0h 0m 46.523s
********************************************************************************************************************
Start the 4 rounds of NGS-ED iteration
	effective electronic model is modified as: kinetic energy t = 0.999722
	                                           effective interaction Vq = [  -0.0317813, -0.00584483,           0, -0.00584483, -0.00584483,-2.40566e-31, -0.00432776,-2.40566e-31,           0, -0.00432776,  -0.0160836, -0.00432776, -0.00584483,-2.40566e-31, -0.00432776,-2.16509e-30]
	PARPACK diagonalization completed after 30 matrix-vector product operations.
	iteration results: : total energy is -12.265560 | electron energy -12.265561 + phonon energy 0.000001 | electron momentum kIdx = 0
The 4-th iteration is completed.	|| time cost : 0h 0m 46.52s
********************************************************************************************************************
Start the 5 rounds of NGS-ED iteration
	effective electronic model is modified as: kinetic energy t = 0.999722
	                                           effective interaction Vq = [  -0.0318847, -0.00585121,           0, -0.00585121, -0.00585121,-2.40478e-31, -0.00432489,-2.40478e-31,           0, -0.00432489,  -0.0160733, -0.00432489, -0.00585121,-2.40478e-31, -0.00432489, -2.1643e-30]
	PARPACK diagonalization completed after 30 matrix-vector product operations.
	iteration results: : total energy is -12.266827 | electron energy -12.266828 + phonon energy 0.000001 | electron momentum kIdx = 0
The 5-th iteration is completed.	|| time cost : 0h 0m 46.553s
********************************************************************************************************************
Start the 6 rounds of NGS-ED iteration
	effective electronic model is modified as: kinetic energy t = 0.999722
	                                           effective interaction Vq = [  -0.0319392, -0.00585449,           0, -0.00585449, -0.00585449, -2.4044e-31, -0.00432383, -2.4044e-31,           0, -0.00432383,  -0.0160698, -0.00432383, -0.00585449, -2.4044e-31, -0.00432383,-2.16396e-30]
	PARPACK diagonalization completed after 30 matrix-vector product operations.
	iteration results: : total energy is -12.267495 | electron energy -12.267496 + phonon energy 0.000001 | electron momentum kIdx = 0
The 6-th iteration is completed.	|| time cost : 0h 0m 46.528s
********************************************************************************************************************
Start the 7 rounds of NGS-ED iteration
	effective electronic model is modified as: kinetic energy t = 0.999722
	                                           effective interaction Vq = [  -0.0319679, -0.00585619,           0, -0.00585619, -0.00585619,-2.40423e-31, -0.00432344,-2.40423e-31,           0, -0.00432344,  -0.0160686, -0.00432344, -0.00585619,-2.40423e-31, -0.00432344,-2.16381e-30]
	PARPACK diagonalization completed after 30 matrix-vector product operations.
	iteration results: : total energy is -12.267847 | electron energy -12.267848 + phonon energy 0.000001 | electron momentum kIdx = 0
The 7-th iteration is completed.	|| time cost : 0h 0m 46.525s
********************************************************************************************************************
Start the 8 rounds of NGS-ED iteration
	effective electronic model is modified as: kinetic energy t = 0.999722
	                                           effective interaction Vq = [  -0.0319831, -0.00585706,           0, -0.00585706, -0.00585706,-2.40416e-31,  -0.0043233,-2.40416e-31,           0,  -0.0043233,  -0.0160683,  -0.0043233, -0.00585706,-2.40416e-31,  -0.0043233,-2.16375e-30]
	PARPACK diagonalization completed after 30 matrix-vector product operations.
	iteration results: : total energy is -12.268033 | electron energy -12.268034 + phonon energy 0.000001 | electron momentum kIdx = 0
	Nq(0) = 12.25,	Nq(1) = 0.154278,	Nq(2) = 0.185337,	Nq(3) = 0.154278,	Nq(4) = 0.154278,	Nq(5) = 0.203308,	Nq(6) = 0.235759,	Nq(7) = 0.203308,	Nq(8) = 0.185337,	Nq(9) = 0.235759,	Nq(10) = 0.275834,	Nq(11) = 0.235759,	Nq(12) = 0.154278,	Nq(13) = 0.203308,	Nq(14) = 0.235759,	Nq(15) = 0.203308,	Sq(0) = -1.81015e-18,	Sq(1) = 0.474258,	Sq(2) = 0.766266,	Sq(3) = 0.474258,	Sq(4) = 0.474258,	Sq(5) = 0.630643,	Sq(6) = 1.05271,	Sq(7) = 0.630643,	Sq(8) = 0.766266,	Sq(9) = 1.05271,	Sq(10) = 2.56716,	Sq(11) = 1.05271,	Sq(12) = 0.474258,	Sq(13) = 0.630643,	Sq(14) = 1.05271,	Sq(15) = 0.630643,	N(0) = 1.75485,	N(1) = 1.59116,	N(2) = 0.323195,	N(3) = 1.59116,	N(4) = 1.59116,	N(5) = 0.999853,	N(6) = 0.267328,	N(7) = 0.999853,	N(8) = 0.323195,	N(9) = 0.267328,	N(10) = 0.165408,	N(11) = 0.267328,	N(12) = 1.59116,	N(13) = 0.999853,	N(14) = 0.267328,	N(15) = 0.999853,	Delta[s](0) = 0.079442,	Delta[s](1) = 0.0593336,	Delta[s](2) = 0.0354334,	Delta[s](3) = 0.0593336,	Delta[s](4) = 0.0593336,	Delta[s](5) = 0.0423535,	Delta[s](6) = 0.0194608,	Delta[s](7) = 0.0423535,	Delta[s](8) = 0.0354334,	Delta[s](9) = 0.0194608,	Delta[s](10) = 4.38947e-05,	Delta[s](11) = 0.0194608,	Delta[s](12) = 0.0593336,	Delta[s](13) = 0.0423535,	Delta[s](14) = 0.0194608,	Delta[s](15) = 0.0423535,	Delta[d](0) = 0.276767,	Delta[d](1) = 0.190017,	Delta[d](2) = 0.199911,	Delta[d](3) = 0.190017,	Delta[d](4) = 0.190017,	Delta[d](5) = 0.17677,	Delta[d](6) = 0.132554,	Delta[d](7) = 0.17677,	Delta[d](8) = 0.199911,	Delta[d](9) = 0.132554,	Delta[d](10) = 0.0534111,	Delta[d](11) = 0.132554,	Delta[d](12) = 0.190017,	Delta[d](13) = 0.17677,	Delta[d](14) = 0.132554,	Delta[d](15) = 0.17677,	Delta[s+](0) = 0.561098,	Delta[s+](1) = 0.417774,	Delta[s+](2) = 0.199911,	Delta[s+](3) = 0.417774,	Delta[s+](4) = 0.417774,	Delta[s+](5) = 0.291923,	Delta[s+](6) = 0.126218,	Delta[s+](7) = 0.291923,	Delta[s+](8) = 0.199911,	Delta[s+](9) = 0.126218,	Delta[s+](10) = 0.0381588,	Delta[s+](11) = 0.126218,	Delta[s+](12) = 0.417774,	Delta[s+](13) = 0.291923,	Delta[s+](14) = 0.126218,	Delta[s+](15) = 0.291923
The 8-th iteration is completed.	|| time cost : 0h 4m 22.729s
********************************************************************************************************************
********************************************************************************************************************
Ground state is obtained after 9 iterations. The current ground-state energy is -12.268, in which electron energy is -12.268 and phonon energy is 1.37762e-06
final variational state is: 
	Gamma_x = [      1,1.00019,      1,1.00019,1.00019,      1,1.00026,      1,      1,1.00026,1.00115,1.00026,1.00019,      1,1.00026,      1]
	lambda_q = [   0.0983308,   0.0241248,           0,   0.0241248,   0.0241248,-1.32872e-16,  -0.0161033, 1.32872e-16,           0,  -0.0161033,    -0.02944,  -0.0161033,   0.0241248, 1.32872e-16,  -0.0161033, 3.98616e-16]
The effective e-e interactions mediated by phonons are: [  0.0319911, 0.00585751,          0, 0.00585751, 0.00585751,2.40413e-31, 0.00432324,2.40413e-31,          0, 0.00432324,  0.0160681, 0.00432324, 0.00585751,2.40413e-31, 0.00432324,2.16372e-30]
The real-space interactions mediated by phonons are: [-0.0887822,-0.0226338,-0.0202761,-0.0425226,-0.0189915,-0.0441833,-0.0202761,-0.0186246,-0.0480592,-0.0186246,-0.0202761,-0.0441833,-0.0189915,-0.0425226,-0.0202761,-0.0226338]
********************************************************************************************************************
o___o  ----------------------------------------
| L |	Time since last clock: 0h 0m 0s
A===A	Time since the beginning: 0h 42m 43.717s
***********************************************

********************************************************************************************************************
Start warm-up calculation for scaling factor 8
open output files: NGSEDWarmUpW1.6Obs.txt
********************************************************************************************************************
Start the 0 rounds of NGS-ED iteration
	effective electronic model is modified as: kinetic energy t = 0.999722
	                                           effective interaction Vq = [  -0.0290291, -0.00452761,           0, -0.00452761, -0.00452761,-1.81698e-31, -0.00322885,-1.81698e-31,           0, -0.00322885,  -0.0119363, -0.00322885, -0.00452761,-1.81698e-31, -0.00322885,-1.63529e-30]
	PARPACK diagonalization completed after 45 matrix-vector product operations.
	iteration results: : total energy is -12.228855 | electron energy -12.228856 + phonon energy 0.000001 | electron momentum kIdx = 0
	Nq(0) = 12.25,	Nq(1) = 0.154254,	Nq(2) = 0.185323,	Nq(3) = 0.154254,	Nq(4) = 0.154254,	Nq(5) = 0.203291,	Nq(6) = 0.235716,	Nq(7) = 0.203291,	Nq(8) = 0.185323,	Nq(9) = 0.235716,	Nq(10) = 0.27572,	Nq(11) = 0.235716,	Nq(12) = 0.154254,	Nq(13) = 0.203291,	Nq(14) = 0.235716,	Nq(15) = 0.203291,	Sq(0) = -8.63549e-18,	Sq(1) = 0.474264,	Sq(2) = 0.7663,	Sq(3) = 0.474264,	Sq(4) = 0.474264,	Sq(5) = 0.630668,	Sq(6) = 1.05275,	Sq(7) = 0.630668,	Sq(8) = 0.7663,	Sq(9) = 1.05275,	Sq(10) = 2.56726,	Sq(11) = 1.05275,	Sq(12) = 0.474264,	Sq(13) = 0.630668,	Sq(14) = 1.05275,	Sq(15) = 0.630668,	N(0) = 1.75477,	N(1) = 1.59105,	N(2) = 0.323255,	N(3) = 1.59105,	N(4) = 1.59105,	N(5) = 0.99986,	N(6) = 0.2674,	N(7) = 0.99986,	N(8) = 0.323255,	N(9) = 0.2674,	N(10) = 0.165463,	N(11) = 0.2674,	N(12) = 1.59105,	N(13) = 0.99986,	N(14) = 0.2674,	N(15) = 0.99986,	Delta[s](0) = 0.0794204,	Delta[s](1) = 0.0593153,	Delta[s](2) = 0.0354189,	Delta[s](3) = 0.0593153,	Delta[s](4) = 0.0593153,	Delta[s](5) = 0.0423375,	Delta[s](6) = 0.0194492,	Delta[s](7) = 0.0423375,	Delta[s](8) = 0.0354189,	Delta[s](9) = 0.0194492,	Delta[s](10) = 3.7287e-05,	Delta[s](11) = 0.0194492,	Delta[s](12) = 0.0593153,	Delta[s](13) = 0.0423375,	Delta[s](14) = 0.0194492,	Delta[s](15) = 0.0423375,	Delta[d](0) = 0.276871,	Delta[d](1) = 0.190099,	Delta[d](2) = 0.199995,	Delta[d](3) = 0.190099,	Delta[d](4) = 0.190099,	Delta[d](5) = 0.176843,	Delta[d](6) = 0.132614,	Delta[d](7) = 0.176843,	Delta[d](8) = 0.199995,	Delta[d](9) = 0.132614,	Delta[d](10) = 0.0534376,	Delta[d](11) = 0.132614,	Delta[d](12) = 0.190099,	Delta[d](13) = 0.176843,	Delta[d](14) = 0.132614,	Delta[d](15) = 0.176843,	Delta[s+](0) = 0.561313,	Delta[s+](1) = 0.417932,	Delta[s+](2) = 0.199995,	Delta[s+](3) = 0.417932,	Delta[s+](4) = 0.417932,	Delta[s+](5) = 0.292036,	Delta[s+](6) = 0.126273,	Delta[s+](7) = 0.292036,	Delta[s+](8) = 0.199995,	Delta[s+](9) = 0.126273,	Delta[s+](10) = 0.0381788,	Delta[s+](11) = 0.126273,	Delta[s+](12) = 0.417932,	Delta[s+](13) = 0.292036,	Delta[s+](14) = 0.126273,	Delta[s+](15) = 0.292036
The 0-th iteration is completed.	|| time cost : 0h 4m 25.101s
********************************************************************************************************************
Start the 1 rounds of NGS-ED iteration
	effective electronic model is modified as: kinetic energy t = 0.999763
