SNEDics v3.2 diagonalization test program		Start at Tue Apr 23 23:25:19 2019

parallized on 80 MPI threads  * 6 OpenMP threads = 480 total threads.
************************************************************************************
************************************************************************************

Input file "model_params.in"
Hubbard-Holstein model parameters : 	t = 1    U = 9    g = 5    W = 5    
************************************************************************************
Input file "hilbertspace_params.in"

Cluster Positions:				Cluster symmetry group : D4
 x ... x ... x ... x .....                       x ... x ... x ... x .....
 |           |           :                       |           |           :
 |           |           :                       |           |           :
12    13    14    15     x                       1     5     6     5     x
 |           |           :                       |           |           :
 |           |           :                       |           |           :
 8 --- 9 ---10 ---11 --- x                       2 --- 6 ---10 --- 6 --- x
 |           |           :                       |           |           :
 |           |           :                       |           |           :
 4     5     6     7     x                       1     5     6     5     x
 |           |           :                       |           |           :
 |           |           :                       |           |           :
 0 --- 1 --- 2 --- 3 --- x                       0 --- 1 --- 2 --- 1 --- x
orbital number : 1
************************************************************************************
0 rounds of non-Gaussian ED iteration : ground-state energy is -7.68624 | electron energy -7.68624 + phonon energy 0 | electron momentum kIdx = 0
Nq = 	16	0.0508862	0.0916435	0.0508862	0.0508862	0.0916435	0.12837	0.0916435	0.0916435	0.12837	0.163095	0.12837	0.0508862	0.0916435	0.12837	0.0916435
Sq = 	-1.05549e-18	0.407061	0.644276	0.407061	0.407061	0.644276	0.965286	0.644276	0.644276	0.965286	5.21497	0.965286	0.407061	0.644276	0.965286	0.644276
1 rounds of non-Gaussian ED iteration : ground-state energy is -62.1409 | electron energy -62.1425 + phonon energy 0.00160496 | electron momentum kIdx = 0
Nq = 	16	0.134789	0.206916	0.134789	0.134789	0.206916	0.279394	0.206916	0.206916	0.279394	0.341342	0.279394	0.134789	0.206916	0.279394	0.206916
Sq = 	-3.02395e-18	0.427751	0.628845	0.427751	0.427751	0.628845	0.830052	0.628845	0.628845	0.830052	3.95615	0.830052	0.427751	0.628845	0.830052	0.628845
2 rounds of non-Gaussian ED iteration : ground-state energy is -82.6628 | electron energy -82.6972 + phonon energy 0.0344429 | electron momentum kIdx = 0
Nq = 	16	0.208963	0.278749	0.208963	0.208963	0.278749	0.382333	0.278749	0.278749	0.382333	0.447948	0.382333	0.208963	0.278749	0.382333	0.278749
Sq = 	-4.14215e-18	0.422201	0.613583	0.422201	0.422201	0.613583	0.759928	0.613583	0.613583	0.759928	3.10437	0.759928	0.422201	0.613583	0.759928	0.613583
3 rounds of non-Gaussian ED iteration : ground-state energy is -90.5941 | electron energy -90.7201 + phonon energy 0.125919 | electron momentum kIdx = 0
Nq = 	16	0.274627	0.320807	0.274627	0.274627	0.320807	0.458235	0.320807	0.320807	0.458235	0.511868	0.458235	0.274627	0.320807	0.458235	0.320807
Sq = 	3.54549e-18	0.409896	0.595244	0.409896	0.409897	0.595244	0.711431	0.595244	0.595244	0.711431	2.57507	0.711431	0.409897	0.595244	0.711431	0.595244
4 rounds of non-Gaussian ED iteration : ground-state energy is -93.743 | electron energy -93.9899 + phonon energy 0.246847 | electron momentum kIdx = 0
Nq = 	16	0.333438	0.344739	0.333438	0.333438	0.344739	0.518694	0.344739	0.344739	0.518694	0.55051	0.518694	0.333438	0.344739	0.518694	0.344739
Sq = 	8.4822e-18	0.396352	0.5764	0.396352	0.396352	0.5764	0.674573	0.5764	0.5764	0.674573	2.23043	0.674573	0.396352	0.5764	0.674573	0.5764
5 rounds of non-Gaussian ED iteration : ground-state energy is -95.0297 | electron energy -95.3913 + phonon energy 0.361665 | electron momentum kIdx = 0
Nq = 	16	0.384355	0.357658	0.384355	0.384355	0.357658	0.567924	0.357658	0.357658	0.567924	0.572806	0.567924	0.384355	0.357658	0.567924	0.357658
Sq = 	1.23594e-17	0.383658	0.559102	0.383658	0.383658	0.559102	0.646219	0.559102	0.559102	0.646219	1.99801	0.646219	0.383658	0.559102	0.646219	0.559102
6 rounds of non-Gaussian ED iteration : ground-state energy is -95.5711 | electron energy -96.025 + phonon energy 0.453942 | electron momentum kIdx = 0
Nq = 	16	0.426059	0.364237	0.426059	0.426059	0.364237	0.607611	0.364237	0.364237	0.607611	0.584673	0.607611	0.426059	0.364237	0.607611	0.364237
Sq = 	3.19698e-19	0.372765	0.544448	0.372765	0.372765	0.544448	0.624755	0.544448	0.544448	0.624755	1.83846	0.624755	0.372765	0.544448	0.624755	0.544448
7 rounds of non-Gaussian ED iteration : ground-state energy is -95.8052 | electron energy -96.3269 + phonon energy 0.521759 | electron momentum kIdx = 0
Nq = 	16	0.458586	0.367607	0.458586	0.458586	0.367607	0.63878	0.367607	0.367607	0.63878	0.590376	0.63878	0.458586	0.367607	0.63878	0.367607
Sq = 	-5.05361e-18	0.363956	0.53267	0.363956	0.363956	0.53267	0.60888	0.53267	0.53267	0.60888	1.72716	0.60888	0.363956	0.53267	0.60888	0.53267
8 rounds of non-Gaussian ED iteration : ground-state energy is -95.9089 | electron energy -96.4782 + phonon energy 0.569295 | electron momentum kIdx = 0
Nq = 	16	0.48353	0.370258	0.48353	0.483529	0.370258	0.662123	0.370258	0.370258	0.662123	0.592902	0.662123	0.483529	0.370258	0.662123	0.370258
Sq = 	1.33856e-18	0.357097	0.52334	0.357097	0.357096	0.52334	0.597395	0.52334	0.523341	0.597395	1.64493	0.597395	0.357096	0.52334	0.597395	0.52334
9 rounds of non-Gaussian ED iteration : ground-state energy is -95.9562 | electron energy -96.5581 + phonon energy 0.60189 | electron momentum kIdx = 0
Nq = 	16	0.503642	0.376707	0.503642	0.503644	0.376708	0.677247	0.376708	0.376708	0.677248	0.594464	0.677248	0.503644	0.376708	0.677247	0.376708
Sq = 	-3.84574e-18	0.351845	0.514906	0.351845	0.351846	0.514906	0.589383	0.514906	0.514906	0.589384	1.56738	0.589384	0.351846	0.514906	0.589383	0.514906
10 rounds of non-Gaussian ED iteration : ground-state energy is -95.9817 | electron energy -96.606 + phonon energy 0.624265 | electron momentum kIdx = 0
Nq = 	16	0.524109	0.474619	0.524109	0.524116	0.474624	0.66856	0.474624	0.474628	0.668564	0.622094	0.668564	0.524116	0.474624	0.66856	0.474624
Sq = 	-1.63979e-18	0.348277	0.473418	0.348277	0.34828	0.473421	0.585902	0.473421	0.473424	0.585905	1.18221	0.585905	0.34828	0.473421	0.585902	0.473421
11 rounds of non-Gaussian ED iteration : ground-state energy is -96.1464 | electron energy -96.791 + phonon energy 0.644569 | electron momentum kIdx = 0
Nq = 	16	0.484564	0.69404	0.484564	0.484572	0.694054	0.675798	0.694054	0.694066	0.675804	0.777405	0.675804	0.484572	0.694054	0.675798	0.694054
Sq = 	-1.13691e-17	0.338037	0.364734	0.338037	0.338041	0.364736	0.567816	0.364736	0.364738	0.56782	0.604954	0.56782	0.338041	0.364736	0.567816	0.364736
12 rounds of non-Gaussian ED iteration : ground-state energy is -96.3643 | electron energy -97.0406 + phonon energy 0.676327 | electron momentum kIdx = 0
Nq = 	16	0.458771	0.743854	0.458771	0.458775	0.743871	0.658136	0.743871	0.743887	0.65814	0.822784	0.65814	0.458775	0.743871	0.658136	0.743871
Sq = 	-1.23922e-17	0.325201	0.358171	0.325201	0.325203	0.358173	0.551041	0.358173	0.358174	0.551044	0.592335	0.551044	0.325203	0.358173	0.551041	0.358173
13 rounds of non-Gaussian ED iteration : ground-state energy is -96.459 | electron energy -97.1677 + phonon energy 0.708693 | electron momentum kIdx = 0
Nq = 	16	0.443269	0.774039	0.443269	0.443273	0.77406	0.645278	0.77406	0.77408	0.645282	0.858193	0.645282	0.443273	0.77406	0.645278	0.77406
Sq = 	-8.01087e-18	0.317683	0.354149	0.317683	0.317685	0.354151	0.540922	0.354151	0.354152	0.540925	0.583908	0.540925	0.317685	0.354151	0.540922	0.354151
14 rounds of non-Gaussian ED iteration : ground-state energy is -96.4989 | electron energy -97.2313 + phonon energy 0.732403 | electron momentum kIdx = 0
Nq = 	16	0.4335	0.792335	0.4335	0.433503	0.792359	0.636251	0.792359	0.792383	0.636256	0.885613	0.636256	0.433503	0.792359	0.636251	0.792359
Sq = 	-5.23691e-19	0.313273	0.351659	0.313273	0.313274	0.351661	0.5349	0.351661	0.351662	0.534903	0.57855	0.534903	0.313274	0.351661	0.5349	0.351661
15 rounds of non-Gaussian ED iteration : ground-state energy is -96.5154 | electron energy -97.2635 + phonon energy 0.748023 | electron momentum kIdx = 0
Nq = 	16	0.427221	0.803433	0.427221	0.427224	0.803461	0.629964	0.803461	0.803487	0.629969	0.906503	0.629969	0.427224	0.803461	0.629964	0.803461
Sq = 	4.57097e-18	0.310676	0.350123	0.310676	0.310677	0.350124	0.531327	0.350124	0.350125	0.53133	0.575212	0.53133	0.310677	0.350124	0.531327	0.350124
16 rounds of non-Gaussian ED iteration : ground-state energy is -96.5222 | electron energy -97.2801 + phonon energy 0.757861 | electron momentum kIdx = 0
Nq = 	16	0.423129	0.810197	0.423129	0.423132	0.810227	0.625584	0.810227	0.810257	0.625589	0.922165	0.625589	0.423132	0.810227	0.625584	0.810227
Sq = 	-1.22261e-18	0.309142	0.349174	0.309142	0.309143	0.349175	0.529207	0.349175	0.349177	0.529211	0.573146	0.529211	0.309143	0.349175	0.529207	0.349175
17 rounds of non-Gaussian ED iteration : ground-state energy is -96.525 | electron energy -97.2889 + phonon energy 0.763934 | electron momentum kIdx = 0
Nq = 	16	0.420434	0.814344	0.420434	0.420436	0.814377	0.622523	0.814377	0.814409	0.622529	0.93376	0.622529	0.420436	0.814377	0.622523	0.814377
Sq = 	2.06584e-18	0.308233	0.348587	0.308233	0.308235	0.348588	0.52795	0.348588	0.34859	0.527953	0.571867	0.527953	0.308235	0.348588	0.52795	0.348588
18 rounds of non-Gaussian ED iteration : ground-state energy is -96.5262 | electron energy -97.2938 + phonon energy 0.767649 | electron momentum kIdx = 0
Nq = 	16	0.418644	0.8169	0.418644	0.418647	0.816935	0.620378	0.816935	0.81697	0.620384	0.942266	0.620384	0.418647	0.816935	0.620378	0.816935
Sq = 	-1.48557e-18	0.307695	0.348223	0.307695	0.307696	0.348224	0.527203	0.348224	0.348225	0.527207	0.571074	0.527207	0.307696	0.348224	0.527203	0.348224
19 rounds of non-Gaussian ED iteration : ground-state energy is -96.5267 | electron energy -97.2966 + phonon energy 0.769913 | electron momentum kIdx = 0
Nq = 	16	0.417449	0.818484	0.417449	0.417451	0.818522	0.61887	0.818521	0.818559	0.618877	0.948464	0.618877	0.417451	0.818521	0.61887	0.818522
Sq = 	-3.63479e-18	0.307375	0.347995	0.307375	0.307377	0.347997	0.52676	0.347997	0.347998	0.526764	0.570582	0.526764	0.307377	0.347997	0.52676	0.347997
20 rounds of non-Gaussian ED iteration : ground-state energy is -96.5269 | electron energy -97.2982 + phonon energy 0.771291 | electron momentum kIdx = 0
Nq = 	16	0.416646	0.819469	0.416646	0.416649	0.81951	0.617809	0.81951	0.81955	0.617815	0.95296	0.617815	0.416649	0.81951	0.617809	0.81951
Sq = 	7.78164e-18	0.307186	0.347853	0.307186	0.307188	0.347855	0.526497	0.347855	0.347856	0.526501	0.570274	0.526501	0.307188	0.347855	0.526497	0.347855
21 rounds of non-Gaussian ED iteration : ground-state energy is -96.527 | electron energy -97.2991 + phonon energy 0.772131 | electron momentum kIdx = 0
Nq = 	16	0.416105	0.820084	0.416105	0.416108	0.820128	0.61706	0.820128	0.820171	0.617067	0.956209	0.617067	0.416108	0.820128	0.61706	0.820128
Sq = 	6.99339e-19	0.307074	0.347763	0.307074	0.307076	0.347765	0.526342	0.347765	0.347767	0.526346	0.570082	0.526346	0.307076	0.347765	0.526342	0.347765
22 rounds of non-Gaussian ED iteration : ground-state energy is -96.527 | electron energy -97.2997 + phonon energy 0.772643 | electron momentum kIdx = 0
Nq = 	16	0.415738	0.82047	0.415738	0.415741	0.820516	0.61653	0.820516	0.820563	0.616538	0.958552	0.616538	0.415741	0.820516	0.61653	0.820516
Sq = 	8.5143e-19	0.307008	0.347707	0.307008	0.30701	0.347708	0.52625	0.347708	0.34771	0.526254	0.56996	0.526254	0.30701	0.347708	0.52625	0.347708
23 rounds of non-Gaussian ED iteration : ground-state energy is -96.5271 | electron energy -97.3 + phonon energy 0.772956 | electron momentum kIdx = 0
Nq = 	16	0.415489	0.820712	0.415489	0.415492	0.820762	0.616156	0.820762	0.820811	0.616164	0.960239	0.616164	0.415492	0.820762	0.616156	0.820762
Sq = 	3.99634e-19	0.306969	0.34767	0.306969	0.306971	0.347672	0.526195	0.347672	0.347674	0.5262	0.569883	0.5262	0.306971	0.347672	0.526195	0.347672
24 rounds of non-Gaussian ED iteration : ground-state energy is -96.5271 | electron energy -97.3002 + phonon energy 0.773148 | electron momentum kIdx = 0
Nq = 	16	0.415319	0.820864	0.415319	0.415323	0.820917	0.615891	0.820917	0.82097	0.6159	0.961451	0.6159	0.415323	0.820917	0.615891	0.820917
Sq = 	1.1205e-17	0.306946	0.347647	0.306946	0.306948	0.347649	0.526163	0.347649	0.347651	0.526169	0.569835	0.526169	0.306948	0.347649	0.526163	0.347649
25 rounds of non-Gaussian ED iteration : ground-state energy is -96.5271 | electron energy -97.3003 + phonon energy 0.773266 | electron momentum kIdx = 0
Nq = 	16	0.415203	0.82096	0.415203	0.415207	0.821017	0.615703	0.821017	0.821073	0.615712	0.962321	0.615712	0.415207	0.821017	0.615703	0.821017
Sq = 	-3.45638e-18	0.306932	0.347632	0.306932	0.306934	0.347634	0.526144	0.347634	0.347636	0.52615	0.569803	0.52615	0.306934	0.347634	0.526144	0.347634
26 rounds of non-Gaussian ED iteration : ground-state energy is -96.5271 | electron energy -97.3004 + phonon energy 0.773339 | electron momentum kIdx = 0
Nq = 	16	0.415123	0.82102	0.415123	0.415127	0.82108	0.615569	0.82108	0.821141	0.61558	0.962944	0.61558	0.415127	0.82108	0.615569	0.82108
Sq = 	-4.52112e-18	0.306924	0.347622	0.306924	0.306926	0.347624	0.526133	0.347624	0.347627	0.526139	0.569783	0.526139	0.306926	0.347624	0.526133	0.347624
27 rounds of non-Gaussian ED iteration : ground-state energy is -96.5271 | electron energy -97.3005 + phonon energy 0.773384 | electron momentum kIdx = 0
Nq = 	16	0.415068	0.821057	0.415068	0.415072	0.821121	0.615475	0.821121	0.821185	0.615485	0.963392	0.615485	0.415072	0.821121	0.615475	0.821121
Sq = 	-4.08405e-18	0.30692	0.347616	0.30692	0.306922	0.347618	0.526126	0.347618	0.34762	0.526133	0.56977	0.526133	0.306922	0.347618	0.526126	0.347618
28 rounds of non-Gaussian ED iteration : ground-state energy is -96.5271 | electron energy -97.3005 + phonon energy 0.773413 | electron momentum kIdx = 0
Nq = 	16	0.41503	0.821079	0.41503	0.415035	0.821148	0.615408	0.821148	0.821217	0.615419	0.963712	0.615419	0.415035	0.821148	0.615408	0.821148
Sq = 	-2.89368e-18	0.306917	0.347611	0.306917	0.306919	0.347614	0.526122	0.347614	0.347616	0.526129	0.569761	0.526129	0.306919	0.347614	0.526122	0.347614
29 rounds of non-Gaussian ED iteration : ground-state energy is -96.5271 | electron energy -97.3005 + phonon energy 0.773431 | electron momentum kIdx = 0
Nq = 	16	0.415004	0.821091	0.415004	0.415009	0.821165	0.61536	0.821165	0.821238	0.615372	0.963941	0.615372	0.415009	0.821165	0.61536	0.821165
Sq = 	5.68251e-18	0.306915	0.347608	0.306915	0.306918	0.347611	0.52612	0.347611	0.347614	0.526127	0.569755	0.526127	0.306918	0.347611	0.52612	0.347611
30 rounds of non-Gaussian ED iteration : ground-state energy is -96.5271 | electron energy -97.3005 + phonon energy 0.773442 | electron momentum kIdx = 0
Nq = 	16	0.414985	0.821098	0.414985	0.414991	0.821176	0.615326	0.821176	0.821255	0.615339	0.964105	0.615339	0.414991	0.821176	0.615326	0.821176
Sq = 	8.41726e-19	0.306914	0.347606	0.306914	0.306917	0.347609	0.526118	0.347609	0.347612	0.526126	0.569751	0.526126	0.306917	0.347609	0.526118	0.347609
31 rounds of non-Gaussian ED iteration : ground-state energy is -96.5271 | electron energy -97.3005 + phonon energy 0.77345 | electron momentum kIdx = 0
Nq = 	16	0.414973	0.8211	0.414973	0.414978	0.821184	0.615301	0.821183	0.821268	0.615315	0.964223	0.615315	0.414978	0.821183	0.615301	0.821184
Sq = 	-4.92638e-20	0.306914	0.347605	0.306914	0.306917	0.347608	0.526117	0.347608	0.347611	0.526126	0.569749	0.526126	0.306917	0.347608	0.526117	0.347608
32 rounds of non-Gaussian ED iteration : ground-state energy is -96.5271 | electron energy -97.3005 + phonon energy 0.773454 | electron momentum kIdx = 0
Nq = 	16	0.414964	0.821099	0.414964	0.414969	0.821188	0.615284	0.821188	0.821278	0.615299	0.964307	0.615299	0.414969	0.821188	0.615284	0.821188
Sq = 	2.64262e-18	0.306913	0.347604	0.306913	0.306916	0.347607	0.526117	0.347607	0.34761	0.526126	0.569747	0.526126	0.306916	0.347607	0.526117	0.347607
33 rounds of non-Gaussian ED iteration : ground-state energy is -96.5271 | electron energy -97.3005 + phonon energy 0.773457 | electron momentum kIdx = 0
Nq = 	16	0.414957	0.821096	0.414957	0.414963	0.821192	0.615271	0.821192	0.821288	0.615287	0.964367	0.615287	0.414963	0.821192	0.615271	0.821192
Sq = 	4.48183e-18	0.306913	0.347603	0.306913	0.306916	0.347606	0.526116	0.347606	0.34761	0.526126	0.569746	0.526126	0.306916	0.347606	0.526116	0.347606
34 rounds of non-Gaussian ED iteration : ground-state energy is -96.5271 | electron energy -97.3005 + phonon energy 0.77346 | electron momentum kIdx = 0
Nq = 	16	0.414953	0.821091	0.414953	0.414959	0.821194	0.615262	0.821194	0.821296	0.615279	0.96441	0.615279	0.414959	0.821194	0.615262	0.821194
Sq = 	1.69454e-18	0.306913	0.347602	0.306913	0.306916	0.347606	0.526115	0.347606	0.347609	0.526126	0.569745	0.526126	0.306916	0.347606	0.526115	0.347606
srun: Job step aborted: Waiting up to 32 seconds for job step to finish.
slurmstepd: error: *** STEP 13145381.0 ON nid00417 CANCELLED AT 2019-04-24T02:25:43 DUE TO TIME LIMIT ***
srun: got SIGCONT
srun: forcing job termination
