SNEDics v3.4 Non-Gaussian ED ground state program		Start at Sun Mar  1 13:56:19 2020

parallized on 16 MPI threads  * 8 OpenMP threads = 128 total threads.
********************************************************************************************************************
********************************************************************************************************************

********************************************************************************************************************
System parameters and configurations
********************************************************************************************************************
Special program options are enabled: splitted diagonal Hamiltonian
********************************************************************************************************************
Read input file "model_params.in"
	Hubbard-Holstein model parameters : 	t = 1    U = 8    g = 8.579    W = 16    
********************************************************************************************************************
Read input file "hilbertspace_params.in"
	Requested 16-site 2D lattice, with 16 electrons (8, 8)
	Boundary : Periodic		Hilbert space representation : momentum-space (restricted to kIdx = 10)
	Conservation: particle number[U(1)]      spin[U(1)]     momentum
********************************************************************************************************************

Cluster Positions:				Cluster symmetry group : D4
 x ... x ... x ... x .....                       x ... x ... x ... x .....
 |           |           :                       |           |           :
 |           |           :                       |           |           :
12    13    14    15     x                       1     5     6     5     x
 |           |           :                       |           |           :
 |           |           :                       |           |           :
 8 --- 9 ---10 ---11 --- x                       2 --- 6 ---10 --- 6 --- x
 |           |           :                       |           |           :
 |           |           :                       |           |           :
 4     5     6     7     x                       1     5     6     5     x
 |           |           :                       |           |           :
 |           |           :                       |           |           :
 0 --- 1 --- 2 --- 3 --- x                       0 --- 1 --- 2 --- 1 --- x
orbital number : 1
********************************************************************************************************************
Read input file "obs_params.in"
	Observable Type : Nq(All),   Sq(All),   N(All),   Delta[s](All),   Delta[d](All),   Delta[s+](All)
********************************************************************************************************************
** WARNING ** the input observables have non-local factors which have been reinterpreted. The total observable number is 96
********************************************************************************************************************


********************************************************************************************************************
Start calculating the non-Gaussian ED ground state
W = 16 is relatively large. The non-Gaussian ED calculation starts directly.
open output files: NGSEDIterationObs.txt
********************************************************************************************************************
Start the 0 rounds of NGS-ED iteration
	effective electronic model is modified as: kinetic energy t = 1
	                                           effective interaction Vq = [-0,-0,-0,-0,-0,-0,-0,-0,-0,-0,-0,-0,-0,-0,-0,-0]
	first Hamiltonian is constructed, non-zero numbers = 2845334624
	PARPACK diagonalization completed after 105 matrix-vector product operations.
	iteration results: : total energy is -8.284915 | electron energy -8.284915 + phonon energy 0.000000 | electron momentum kIdx = 10
	Nq(0) = 16,	Nq(1) = 0.0623747,	Nq(2) = 0.108897,	Nq(3) = 0.0623747,	Nq(4) = 0.0623747,	Nq(5) = 0.108897,	Nq(6) = 0.15084,	Nq(7) = 0.108897,	Nq(8) = 0.108897,	Nq(9) = 0.15084,	Nq(10) = 0.189673,	Nq(11) = 0.15084,	Nq(12) = 0.0623747,	Nq(13) = 0.108897,	Nq(14) = 0.15084,	Nq(15) = 0.108897,	Sq(0) = 3.91852e-19,	Sq(1) = 0.234593,	Sq(2) = 0.384437,	Sq(3) = 0.234593,	Sq(4) = 0.234593,	Sq(5) = 0.384437,	Sq(6) = 0.569544,	Sq(7) = 0.384437,	Sq(8) = 0.384437,	Sq(9) = 0.569544,	Sq(10) = 8.78091,	Sq(11) = 0.569544,	Sq(12) = 0.234593,	Sq(13) = 0.384437,	Sq(14) = 0.569544,	Sq(15) = 0.384437,	N(0) = 1.77141,	N(1) = 1.55608,	N(2) = 1,	N(3) = 1.55608,	N(4) = 1.55608,	N(5) = 1,	N(6) = 0.443921,	N(7) = 1,	N(8) = 1,	N(9) = 0.443921,	N(10) = 0.228587,	N(11) = 0.443921,	N(12) = 1.55608,	N(13) = 1,	N(14) = 0.443921,	N(15) = 1,	Delta[s](0) = 0.0806476,	Delta[s](1) = 0.0678067,	Delta[s](2) = 0.0539468,	Delta[s](3) = 0.0678067,	Delta[s](4) = 0.0678067,	Delta[s](5) = 0.0539468,	Delta[s](6) = 0.0385876,	Delta[s](7) = 0.0539468,	Delta[s](8) = 0.0539468,	Delta[s](9) = 0.0385876,	Delta[s](10) = 0.0180517,	Delta[s](11) = 0.0385876,	Delta[s](12) = 0.0678067,	Delta[s](13) = 0.0539468,	Delta[s](14) = 0.0385876,	Delta[s](15) = 0.0539468,	Delta[d](0) = 0.562611,	Delta[d](1) = 0.470385,	Delta[d](2) = 0.38937,	Delta[d](3) = 0.470385,	Delta[d](4) = 0.470385,	Delta[d](5) = 0.412466,	Delta[d](6) = 0.342851,	Delta[d](7) = 0.412466,	Delta[d](8) = 0.38937,	Delta[d](9) = 0.342851,	Delta[d](10) = 0.27829,	Delta[d](11) = 0.342851,	Delta[d](12) = 0.470385,	Delta[d](13) = 0.412466,	Delta[d](14) = 0.342851,	Delta[d](15) = 0.412466,	Delta[s+](0) = 0.602592,	Delta[s+](1) = 0.506583,	Delta[s+](2) = 0.38937,	Delta[s+](3) = 0.506583,	Delta[s+](4) = 0.506583,	Delta[s+](5) = 0.38937,	Delta[s+](6) = 0.270386,	Delta[s+](7) = 0.38937,	Delta[s+](8) = 0.38937,	Delta[s+](9) = 0.270386,	Delta[s+](10) = 0.161454,	Delta[s+](11) = 0.270386,	Delta[s+](12) = 0.506583,	Delta[s+](13) = 0.38937,	Delta[s+](14) = 0.270386,	Delta[s+](15) = 0.38937
The 0-th iteration is completed.	|| time cost : 0h 8m 7.086s
********************************************************************************************************************
Start the 1 rounds of NGS-ED iteration
	effective electronic model is modified as: kinetic energy t = 0.901436
	                                           effective interaction Vq = [-4.41245,-3.96205,-3.89437,-3.96205,-3.96205,-3.89437,-3.85126,-3.89437,-3.89437,-3.85126,-3.81797,-3.85126,-3.96205,-3.89437,-3.85126,-3.89437]
	PARPACK diagonalization completed after 45 matrix-vector product operations.
	iteration results: : total energy is -91.461637 | electron energy -91.467172 + phonon energy 0.005535 | electron momentum kIdx = 10
The 1-th iteration is completed.	|| time cost : 0h 7m 16.133s
********************************************************************************************************************
Start the 2 rounds of NGS-ED iteration
	effective electronic model is modified as: kinetic energy t = 0.835295
	                                           effective interaction Vq = [-4.59231,-4.50631,-4.40849,-4.50631,-4.50631,-4.40849,-4.42177,-4.40849,-4.40849,-4.42177, -4.3599,-4.42177,-4.50631,-4.40849,-4.42177,-4.40849]
	PARPACK diagonalization completed after 45 matrix-vector product operations.
	iteration results: : total energy is -97.204443 | electron energy -97.255714 + phonon energy 0.051271 | electron momentum kIdx = 10
The 2-th iteration is completed.	|| time cost : 0h 0m 32.125s
********************************************************************************************************************
Start the 3 rounds of NGS-ED iteration
	effective electronic model is modified as: kinetic energy t = 0.81182
	                                           effective interaction Vq = [-4.59964,-4.56053,-4.53892,-4.56053,-4.56053,-4.53892,-4.50084,-4.53892,-4.53892,-4.50084,-4.44054,-4.50084,-4.56053,-4.53892,-4.50084,-4.53892]
	PARPACK diagonalization completed after 30 matrix-vector product operations.
	iteration results: : total energy is -97.644299 | electron energy -97.716499 + phonon energy 0.072199 | electron momentum kIdx = 10
The 3-th iteration is completed.	|| time cost : 0h 0m 27.496s
********************************************************************************************************************
Start the 4 rounds of NGS-ED iteration
	effective electronic model is modified as: kinetic energy t = 0.806941
	                                           effective interaction Vq = [-4.59994,-4.56778,-4.55726,-4.56778,-4.56778,-4.55726,-4.51372,-4.55726,-4.55726,-4.51372,-4.45478,-4.51372,-4.56778,-4.55726,-4.51372,-4.55726]
	PARPACK diagonalization completed after 30 matrix-vector product operations.
	iteration results: : total energy is -97.663024 | electron energy -97.740608 + phonon energy 0.077585 | electron momentum kIdx = 10
The 4-th iteration is completed.	|| time cost : 0h 0m 27.43s
********************************************************************************************************************
Start the 5 rounds of NGS-ED iteration
	effective electronic model is modified as: kinetic energy t = 0.805967
	                                           effective interaction Vq = [-4.59995,-4.56901,-4.56053,-4.56901,-4.56901,-4.56053, -4.5162,-4.56053,-4.56053, -4.5162,-4.45765, -4.5162,-4.56901,-4.56053, -4.5162,-4.56053]
	PARPACK diagonalization completed after 105 matrix-vector product operations.
	iteration results: : total energy is -98.007298 | electron energy -98.086033 + phonon energy 0.078735 | electron momentum kIdx = 10
The 5-th iteration is completed.	|| time cost : 0h 0m 51.027s
********************************************************************************************************************
Start the 6 rounds of NGS-ED iteration
	effective electronic model is modified as: kinetic energy t = 0.803381
	                                           effective interaction Vq = [-4.59995,-4.56618,-4.56644,-4.56618,-4.56618,-4.56644,-4.51142,-4.56644,-4.56644,-4.51142,-4.52735,-4.51142,-4.56618,-4.56644,-4.51142,-4.56644]
	PARPACK diagonalization completed after 45 matrix-vector product operations.
	iteration results: : total energy is -98.044270 | electron energy -98.125636 + phonon energy 0.081366 | electron momentum kIdx = 10
The 6-th iteration is completed.	|| time cost : 0h 0m 32.114s
********************************************************************************************************************
Start the 7 rounds of NGS-ED iteration
	effective electronic model is modified as: kinetic energy t = 0.802743
	                                           effective interaction Vq = [-4.59995,-4.56634,-4.55613,-4.56634,-4.56634,-4.55613,-4.51168,-4.55613,-4.55613,-4.51168, -4.5751,-4.51168,-4.56634,-4.55613,-4.51168,-4.55613]
	PARPACK diagonalization completed after 45 matrix-vector product operations.
	iteration results: : total energy is -98.157773 | electron energy -98.240995 + phonon energy 0.083222 | electron momentum kIdx = 10
The 7-th iteration is completed.	|| time cost : 0h 0m 32.194s
********************************************************************************************************************
Start the 8 rounds of NGS-ED iteration
	effective electronic model is modified as: kinetic energy t = 0.809029
	                                           effective interaction Vq = [-4.59995,-4.56208,-4.50293,-4.56208,-4.56208,-4.50293,-4.50507,-4.50293,-4.50293,-4.50507,-4.59236,-4.50507,-4.56208,-4.50293,-4.50507,-4.50293]
	PARPACK diagonalization completed after 30 matrix-vector product operations.
	iteration results: : total energy is -98.232565 | electron energy -98.313841 + phonon energy 0.081276 | electron momentum kIdx = 10
The 8-th iteration is completed.	|| time cost : 0h 0m 27.46s
********************************************************************************************************************
Start the 9 rounds of NGS-ED iteration
	effective electronic model is modified as: kinetic energy t = 0.811147
	                                           effective interaction Vq = [-4.59995,-4.55918,-4.48445,-4.55918,-4.55918,-4.48445,-4.50075,-4.48445,-4.48445,-4.50075, -4.5948,-4.50075,-4.55918,-4.48445,-4.50075,-4.48445]
	PARPACK diagonalization completed after 30 matrix-vector product operations.
	iteration results: : total energy is -98.237426 | electron energy -98.317497 + phonon energy 0.080071 | electron momentum kIdx = 10
The 9-th iteration is completed.	|| time cost : 0h 0m 27.451s
********************************************************************************************************************
Start the 10 rounds of NGS-ED iteration
	effective electronic model is modified as: kinetic energy t = 0.811692
	                                           effective interaction Vq = [-4.59995,-4.55818,-4.48008,-4.55818,-4.55818,-4.48008,-4.49927,-4.48008,-4.48008,-4.49927,-4.59524,-4.49927,-4.55818,-4.48008,-4.49927,-4.48008]
	PARPACK diagonalization completed after 30 matrix-vector product operations.
	iteration results: : total energy is -98.237678 | electron energy -98.317351 + phonon energy 0.079673 | electron momentum kIdx = 10
	Nq(0) = 16,	Nq(1) = 0.346716,	Nq(2) = 0.374521,	Nq(3) = 0.346716,	Nq(4) = 0.346716,	Nq(5) = 0.374521,	Nq(6) = 0.614987,	Nq(7) = 0.374521,	Nq(8) = 0.374521,	Nq(9) = 0.614987,	Nq(10) = 4.24323,	Nq(11) = 0.614987,	Nq(12) = 0.346716,	Nq(13) = 0.374521,	Nq(14) = 0.614987,	Nq(15) = 0.374521,	Sq(0) = 9.22055e-19,	Sq(1) = 0.280213,	Sq(2) = 0.333092,	Sq(3) = 0.280213,	Sq(4) = 0.280213,	Sq(5) = 0.333092,	Sq(6) = 0.497345,	Sq(7) = 0.333092,	Sq(8) = 0.333092,	Sq(9) = 0.497345,	Sq(10) = 0.554054,	Sq(11) = 0.497345,	Sq(12) = 0.280213,	Sq(13) = 0.333092,	Sq(14) = 0.497345,	Sq(15) = 0.333092,	N(0) = 1.99095,	N(1) = 1.97609,	N(2) = 1,	N(3) = 1.97609,	N(4) = 1.97609,	N(5) = 1,	N(6) = 0.0239118,	N(7) = 1,	N(8) = 1,	N(9) = 0.0239118,	N(10) = 0.00905495,	N(11) = 0.0239118,	N(12) = 1.97609,	N(13) = 1,	N(14) = 0.0239118,	N(15) = 1,	Delta[s](0) = 0.452691,	Delta[s](1) = 0.340859,	Delta[s](2) = 0.331186,	Delta[s](3) = 0.340859,	Delta[s](4) = 0.340859,	Delta[s](5) = 0.331186,	Delta[s](6) = 0.277698,	Delta[s](7) = 0.331186,	Delta[s](8) = 0.331186,	Delta[s](9) = 0.277698,	Delta[s](10) = 0.254552,	Delta[s](11) = 0.277698,	Delta[s](12) = 0.340859,	Delta[s](13) = 0.331186,	Delta[s](14) = 0.277698,	Delta[s](15) = 0.331186,	Delta[d](0) = 0.227843,	Delta[d](1) = 0.227213,	Delta[d](2) = 0.222594,	Delta[d](3) = 0.227213,	Delta[d](4) = 0.227213,	Delta[d](5) = 0.146817,	Delta[d](6) = 0.186683,	Delta[d](7) = 0.146817,	Delta[d](8) = 0.222594,	Delta[d](9) = 0.186683,	Delta[d](10) = 0.0657557,	Delta[d](11) = 0.186683,	Delta[d](12) = 0.227213,	Delta[d](13) = 0.146817,	Delta[d](14) = 0.186683,	Delta[d](15) = 0.146817,	Delta[s+](0) = 0.42536,	Delta[s+](1) = 0.340009,	Delta[s+](2) = 0.222594,	Delta[s+](3) = 0.340009,	Delta[s+](4) = 0.340009,	Delta[s+](5) = 0.222594,	Delta[s+](6) = 0.104227,	Delta[s+](7) = 0.222594,	Delta[s+](8) = 0.222594,	Delta[s+](9) = 0.104227,	Delta[s+](10) = 0.0368378,	Delta[s+](11) = 0.104227,	Delta[s+](12) = 0.340009,	Delta[s+](13) = 0.222594,	Delta[s+](14) = 0.104227,	Delta[s+](15) = 0.222594
The 10-th iteration is completed.	|| time cost : 0h 4m 34.677s
********************************************************************************************************************
Start the 11 rounds of NGS-ED iteration
	effective electronic model is modified as: kinetic energy t = 0.811829
	                                           effective interaction Vq = [-4.59995,-4.55788, -4.4791,-4.55788,-4.55788, -4.4791,-4.49883, -4.4791, -4.4791,-4.49883,-4.59533,-4.49883,-4.55788, -4.4791,-4.49883, -4.4791]
	PARPACK diagonalization completed after 30 matrix-vector product operations.
	iteration results: : total energy is -98.237691 | electron energy -98.317252 + phonon energy 0.079561 | electron momentum kIdx = 10
The 11-th iteration is completed.	|| time cost : 0h 0m 27.53s
********************************************************************************************************************
Start the 12 rounds of NGS-ED iteration
	effective electronic model is modified as: kinetic energy t = 0.811864
	                                           effective interaction Vq = [-4.59995, -4.5578,-4.47887, -4.5578, -4.5578,-4.47887, -4.4987,-4.47887,-4.47887, -4.4987,-4.59535, -4.4987, -4.5578,-4.47887, -4.4987,-4.47887]
	PARPACK diagonalization completed after 30 matrix-vector product operations.
	iteration results: : total energy is -98.237692 | electron energy -98.317223 + phonon energy 0.079531 | electron momentum kIdx = 10
The 12-th iteration is completed.	|| time cost : 0h 0m 27.416s
********************************************************************************************************************
Start the 13 rounds of NGS-ED iteration
	effective electronic model is modified as: kinetic energy t = 0.811872
	                                           effective interaction Vq = [-4.59995,-4.55778,-4.47882,-4.55778,-4.55778,-4.47882,-4.49867,-4.47882,-4.47882,-4.49867,-4.59536,-4.49867,-4.55778,-4.47882,-4.49867,-4.47882]
	PARPACK diagonalization completed after 30 matrix-vector product operations.
	iteration results: : total energy is -98.237692 | electron energy -98.317216 + phonon energy 0.079523 | electron momentum kIdx = 10
The 13-th iteration is completed.	|| time cost : 0h 0m 27.44s
********************************************************************************************************************
Start the 14 rounds of NGS-ED iteration
	effective electronic model is modified as: kinetic energy t = 0.811874
	                                           effective interaction Vq = [-4.59995,-4.55777,-4.47881,-4.55777,-4.55777,-4.47881,-4.49866,-4.47881,-4.47881,-4.49866,-4.59536,-4.49866,-4.55777,-4.47881,-4.49866,-4.47881]
	PARPACK diagonalization completed after 30 matrix-vector product operations.
	iteration results: : total energy is -98.237692 | electron energy -98.317214 + phonon energy 0.079521 | electron momentum kIdx = 10
The 14-th iteration is completed.	|| time cost : 0h 0m 27.553s
********************************************************************************************************************
Start the 15 rounds of NGS-ED iteration
	effective electronic model is modified as: kinetic energy t = 0.811875
	                                           effective interaction Vq = [-4.59995,-4.55777,-4.47881,-4.55777,-4.55777,-4.47881,-4.49866,-4.47881,-4.47881,-4.49866,-4.59536,-4.49866,-4.55777,-4.47881,-4.49866,-4.47881]
	PARPACK diagonalization completed after 30 matrix-vector product operations.
	iteration results: : total energy is -98.237692 | electron energy -98.317213 + phonon energy 0.079521 | electron momentum kIdx = 10
The 15-th iteration is completed.	|| time cost : 0h 0m 27.396s
********************************************************************************************************************
Start the 16 rounds of NGS-ED iteration
	effective electronic model is modified as: kinetic energy t = 0.811875
	                                           effective interaction Vq = [-4.59995,-4.55777,-4.47881,-4.55777,-4.55777,-4.47881,-4.49866,-4.47881,-4.47881,-4.49866,-4.59536,-4.49866,-4.55777,-4.47881,-4.49866,-4.47881]
	PARPACK diagonalization completed after 30 matrix-vector product operations.
	iteration results: : total energy is -98.237692 | electron energy -98.317213 + phonon energy 0.079521 | electron momentum kIdx = 10
	Nq(0) = 16,	Nq(1) = 0.346512,	Nq(2) = 0.374327,	Nq(3) = 0.346512,	Nq(4) = 0.346512,	Nq(5) = 0.374327,	Nq(6) = 0.614695,	Nq(7) = 0.374327,	Nq(8) = 0.374327,	Nq(9) = 0.614695,	Nq(10) = 4.24648,	Nq(11) = 0.614695,	Nq(12) = 0.346512,	Nq(13) = 0.374327,	Nq(14) = 0.614695,	Nq(15) = 0.374327,	Sq(0) = -1.91782e-18,	Sq(1) = 0.280179,	Sq(2) = 0.333085,	Sq(3) = 0.280179,	Sq(4) = 0.280179,	Sq(5) = 0.333085,	Sq(6) = 0.497351,	Sq(7) = 0.333085,	Sq(8) = 0.333085,	Sq(9) = 0.497351,	Sq(10) = 0.554109,	Sq(11) = 0.497351,	Sq(12) = 0.280179,	Sq(13) = 0.333085,	Sq(14) = 0.497351,	Sq(15) = 0.333085,	N(0) = 1.99094,	N(1) = 1.97606,	N(2) = 1,	N(3) = 1.97606,	N(4) = 1.97606,	N(5) = 1,	N(6) = 0.0239353,	N(7) = 1,	N(8) = 1,	N(9) = 0.0239353,	N(10) = 0.00905993,	N(11) = 0.0239353,	N(12) = 1.97606,	N(13) = 1,	N(14) = 0.0239353,	N(15) = 1,	Delta[s](0) = 0.452455,	Delta[s](1) = 0.340874,	Delta[s](2) = 0.331191,	Delta[s](3) = 0.340874,	Delta[s](4) = 0.340874,	Delta[s](5) = 0.331191,	Delta[s](6) = 0.277722,	Delta[s](7) = 0.331191,	Delta[s](8) = 0.331191,	Delta[s](9) = 0.277722,	Delta[s](10) = 0.25465,	Delta[s](11) = 0.277722,	Delta[s](12) = 0.340874,	Delta[s](13) = 0.331191,	Delta[s](14) = 0.277722,	Delta[s](15) = 0.331191,	Delta[d](0) = 0.227792,	Delta[d](1) = 0.227151,	Delta[d](2) = 0.222561,	Delta[d](3) = 0.227151,	Delta[d](4) = 0.227151,	Delta[d](5) = 0.146764,	Delta[d](6) = 0.186616,	Delta[d](7) = 0.146764,	Delta[d](8) = 0.222561,	Delta[d](9) = 0.186616,	Delta[d](10) = 0.0657,	Delta[d](11) = 0.186616,	Delta[d](12) = 0.227151,	Delta[d](13) = 0.146764,	Delta[d](14) = 0.186616,	Delta[d](15) = 0.146764,	Delta[s+](0) = 0.425384,	Delta[s+](1) = 0.339992,	Delta[s+](2) = 0.222561,	Delta[s+](3) = 0.339992,	Delta[s+](4) = 0.339992,	Delta[s+](5) = 0.222561,	Delta[s+](6) = 0.104182,	Delta[s+](7) = 0.222561,	Delta[s+](8) = 0.222561,	Delta[s+](9) = 0.104182,	Delta[s+](10) = 0.0368098,	Delta[s+](11) = 0.104182,	Delta[s+](12) = 0.339992,	Delta[s+](13) = 0.222561,	Delta[s+](14) = 0.104182,	Delta[s+](15) = 0.222561
The 16-th iteration is completed.	|| time cost : 0h 4m 32.6s
********************************************************************************************************************
********************************************************************************************************************
Ground state is obtained after 17 iterations. The current ground-state energy is -98.2377, in which electron energy is -98.3172 and phonon energy is 0.0795207
final variational state is: 
	Gamma_x = [      1, 1.0174,1.02969, 1.0174, 1.0174,1.02969,1.04566,1.02969,1.02969,1.04566,1.07752,1.04566, 1.0174,1.02969,1.04566,1.02969]
	lambda_q = [0.536187,0.484842,0.449172,0.484842,0.484842,0.449172, 0.45662,0.449172,0.449172, 0.45662,0.519241, 0.45662,0.484842,0.449172, 0.45662,0.449172]
********************************************************************************************************************
o___o  ----------------------------------------
| L |	Time since last clock: 0h 0m 0s
A===A	Time since the beginning: 0h 31m 5.137s
***********************************************


Non-Gaussina ED ground state calculation is completed. The final ground-state energy is -98.2377
********************************************************************************************************************
o___o  ----------------------------------------
| L |	Time since last clock: 0h 0m 0.007s
A===A	Time since the beginning: 0h 31m 5.144s
***********************************************



********************************************************************************************************************
All non-Gaussian ED ground state calculations have been completed. Exit now.
