SNEDics v3.2 diagonalization test program		Start at Sun May 12 15:55:14 2019

parallized on 60 MPI threads  * 4 OpenMP threads = 240 total threads.
************************************************************************************
************************************************************************************

Input file "model_params.in"
Hubbard-Holstein model parameters : 	t = 1    U = 2.8    g = 3.1623    W = 5    
************************************************************************************
Input file "hilbertspace_params.in"

Cluster Positions:				Cluster symmetry group : D4
 x ... x ... x ... x .....                       x ... x ... x ... x .....
 |           |           :                       |           |           :
 |           |           :                       |           |           :
12    13    14    15     x                       1     5     6     5     x
 |           |           :                       |           |           :
 |           |           :                       |           |           :
 8 --- 9 ---10 ---11 --- x                       2 --- 6 ---10 --- 6 --- x
 |           |           :                       |           |           :
 |           |           :                       |           |           :
 4     5     6     7     x                       1     5     6     5     x
 |           |           :                       |           |           :
 |           |           :                       |           |           :
 0 --- 1 --- 2 --- 3 --- x                       0 --- 1 --- 2 --- 1 --- x
orbital number : 1
************************************************************************************
** NOTE ** Detected low phonon energy W < 10. The initial state will be prepared through a warm-up process.
starting warm-up calculation for scaling factor 2
0 rounds of non-Gaussian ED iteration : ground-state energy is -15.9916 | electron energy -15.9916 + phonon energy 0 | electron momentum kIdx = 10
Nq = 	16	0.215799	0.284523	0.215799	0.215799	0.284523	0.39917	0.284523	0.284523	0.39917	0.464857	0.39917	0.215799	0.284523	0.39917	0.284523
Sq = 	-2.87694e-18	0.347522	0.427973	0.347522	0.347522	0.427973	0.658945	0.427973	0.427973	0.658945	4.77443	0.658945	0.347522	0.427973	0.658945	0.427973
1 rounds of non-Gaussian ED iteration : ground-state energy is -51.7793 | electron energy -51.7824 + phonon energy 0.00314637 | electron momentum kIdx = 10
Nq = 	16	0.384693	0.724352	0.384693	0.384693	0.724352	0.629727	0.724351	0.724351	0.629727	0.893311	0.629727	0.384693	0.724351	0.629727	0.724352
Sq = 	-6.64106e-18	0.363165	0.369718	0.363165	0.363165	0.369718	0.604899	0.369718	0.369718	0.604899	0.612338	0.604899	0.363165	0.369718	0.604899	0.369718
2 rounds of non-Gaussian ED iteration : ground-state energy is -57.3412 | electron energy -57.3647 + phonon energy 0.0235589 | electron momentum kIdx = 10
Nq = 	16	0.386317	0.750203	0.386317	0.386317	0.750203	0.64641	0.750203	0.750203	0.64641	1.14293	0.64641	0.386317	0.750203	0.64641	0.750203
Sq = 	5.70644e-18	0.32876	0.353947	0.32876	0.32876	0.353947	0.55207	0.353947	0.353947	0.55207	0.577946	0.55207	0.32876	0.353947	0.55207	0.353947
3 rounds of non-Gaussian ED iteration : ground-state energy is -58.0768 | electron energy -58.1189 + phonon energy 0.0420692 | electron momentum kIdx = 10
Nq = 	16	0.387178	0.574044	0.387178	0.387178	0.574044	0.653197	0.574044	0.574044	0.653197	2.43822	0.653197	0.387178	0.574044	0.653197	0.574044
Sq = 	6.90415e-20	0.305152	0.344812	0.305152	0.305152	0.344812	0.524953	0.344812	0.344812	0.524953	0.566725	0.524953	0.305152	0.344812	0.524953	0.344812
4 rounds of non-Gaussian ED iteration : ground-state energy is -58.2843 | electron energy -58.3355 + phonon energy 0.0511286 | electron momentum kIdx = 10
Nq = 	16	0.362012	0.39141	0.362012	0.362012	0.39141	0.628894	0.39141	0.39141	0.628894	3.88028	0.628894	0.362012	0.39141	0.628894	0.39141
Sq = 	-7.19192e-18	0.291679	0.339323	0.291679	0.291679	0.339323	0.510917	0.339323	0.339323	0.510917	0.56132	0.510917	0.291679	0.339323	0.510917	0.339323
5 rounds of non-Gaussian ED iteration : ground-state energy is -58.3581 | electron energy -58.4112 + phonon energy 0.0531538 | electron momentum kIdx = 10
Nq = 	16	0.353289	0.37872	0.353289	0.353289	0.37872	0.620109	0.37872	0.37872	0.620109	4.05555	0.620109	0.353289	0.37872	0.620109	0.37872
Sq = 	1.40078e-17	0.288813	0.337969	0.288813	0.288813	0.337969	0.508535	0.337969	0.337969	0.508535	0.56133	0.508535	0.288813	0.337969	0.508535	0.337969
6 rounds of non-Gaussian ED iteration : ground-state energy is -58.3677 | electron energy -58.421 + phonon energy 0.053316 | electron momentum kIdx = 10
Nq = 	16	0.350824	0.37595	0.350824	0.350824	0.37595	0.617487	0.37595	0.37595	0.617487	4.10036	0.617487	0.350824	0.37595	0.617487	0.37595
Sq = 	5.95173e-19	0.287954	0.337589	0.287954	0.287954	0.337589	0.507941	0.337589	0.337589	0.507941	0.561576	0.507941	0.287954	0.337589	0.507941	0.337589
7 rounds of non-Gaussian ED iteration : ground-state energy is -58.3688 | electron energy -58.4221 + phonon energy 0.0532906 | electron momentum kIdx = 10
Nq = 	16	0.349995	0.3751	0.349995	0.349995	0.3751	0.616554	0.3751	0.3751	0.616554	4.11489	0.616554	0.349995	0.3751	0.616554	0.3751
Sq = 	-2.50412e-18	0.287679	0.337474	0.287679	0.287679	0.337474	0.50777	0.337474	0.337474	0.50777	0.561679	0.50777	0.287679	0.337474	0.50777	0.337474
Ground state is obtained after 8 iterations. The current ground-state energy is -58.3689, in which electron energy is -58.4222 and phonon energy is 0.053262
final variational state is: 
Gamma_x =       1 1.01853  1.0289 1.01853 1.01853  1.0289 1.04515  1.0289  1.0289 1.04515 1.08907 1.04515 1.01853  1.0289 1.04515  1.0289
lambda_q = 0.447067 0.378003  0.33429 0.378003 0.378003  0.33429 0.342909  0.33429  0.33429 0.342909 0.422123 0.342909 0.378003  0.33429 0.342909  0.33429
o___o  -------------------------------------
| L |	Time since last clock: 0h 51m 37.024s
A===A	Time since the beginning: 0h 51m 37.024s
********************************************

************************************************************************************
Warm up completed
o___o  -------------------------------------
| L |	Time since last clock: 0h 0m 0.036s
A===A	Time since the beginning: 0h 51m 37.06s
********************************************

************************************************************************************
0 rounds of non-Gaussian ED iteration : ground-state energy is -52.9487 | electron energy -52.9754 + phonon energy 0.026631 | electron momentum kIdx = 10
Nq = 	16	0.344823	0.364415	0.344823	0.344823	0.364415	0.589936	0.364415	0.364415	0.589936	3.90697	0.589936	0.344823	0.364415	0.589936	0.364415
Sq = 	-8.9437e-18	0.313472	0.352994	0.313472	0.313472	0.352994	0.550098	0.352994	0.352994	0.550098	0.59525	0.550098	0.313472	0.352994	0.550098	0.352994
1 rounds of non-Gaussian ED iteration : ground-state energy is -55.1712 | electron energy -55.2543 + phonon energy 0.0830421 | electron momentum kIdx = 10
Nq = 	16	0.330603	0.358753	0.330603	0.330603	0.358753	0.575143	0.358753	0.358753	0.575143	4.32706	0.575143	0.330603	0.358753	0.575143	0.358753
Sq = 	-8.21411e-19	0.292569	0.342632	0.292569	0.292569	0.342632	0.523063	0.342632	0.342632	0.523063	0.579113	0.523063	0.292569	0.342632	0.523063	0.342632
2 rounds of non-Gaussian ED iteration : ground-state energy is -55.9777 | electron energy -56.1041 + phonon energy 0.126388 | electron momentum kIdx = 10
Nq = 	16	0.323228	0.355688	0.323228	0.323228	0.355688	0.567524	0.355688	0.355688	0.567524	4.53079	0.567524	0.323228	0.355688	0.567524	0.355688
Sq = 	-8.26057e-18	0.28323	0.337507	0.28323	0.28323	0.337507	0.510784	0.337507	0.337507	0.510784	0.570965	0.510784	0.28323	0.337507	0.510784	0.337507
3 rounds of non-Gaussian ED iteration : ground-state energy is -56.2662 | electron energy -56.4196 + phonon energy 0.153421 | electron momentum kIdx = 10
Nq = 	16	0.319979	0.354327	0.319979	0.319979	0.354327	0.564186	0.354327	0.354327	0.564186	4.62087	0.564186	0.319979	0.354327	0.564186	0.354327
Sq = 	-3.98977e-18	0.279181	0.335178	0.279181	0.279181	0.335178	0.505381	0.335178	0.335178	0.505381	0.567192	0.505381	0.279181	0.335178	0.505381	0.335178
4 rounds of non-Gaussian ED iteration : ground-state energy is -56.3687 | electron energy -56.5377 + phonon energy 0.168943 | electron momentum kIdx = 10
Nq = 	16	0.318566	0.353742	0.318566	0.318566	0.353742	0.562748	0.353742	0.353742	0.562748	4.66079	0.562748	0.318566	0.353742	0.562748	0.353742
Sq = 	1.11236e-17	0.27738	0.334119	0.27738	0.27738	0.334119	0.502952	0.334119	0.334119	0.502952	0.565448	0.502952	0.27738	0.334119	0.502952	0.334119
5 rounds of non-Gaussian ED iteration : ground-state energy is -56.4052 | electron energy -56.5827 + phonon energy 0.177487 | electron momentum kIdx = 10
Nq = 	16	0.317917	0.353478	0.317917	0.317917	0.353478	0.56209	0.353478	0.353478	0.56209	4.67938	0.56209	0.317917	0.353478	0.56209	0.353478
Sq = 	-4.47502e-18	0.276539	0.333619	0.276539	0.276539	0.333619	0.501808	0.333619	0.333619	0.501808	0.564616	0.501808	0.276539	0.333619	0.501808	0.333619
6 rounds of non-Gaussian ED iteration : ground-state energy is -56.4183 | electron energy -56.6003 + phonon energy 0.182078 | electron momentum kIdx = 10
Nq = 	16	0.317596	0.353349	0.317596	0.317596	0.353349	0.561762	0.353349	0.353349	0.561762	4.68854	0.561762	0.317596	0.353349	0.561762	0.353349
Sq = 	7.63124e-18	0.276126	0.333373	0.276126	0.276126	0.333373	0.501247	0.333373	0.333373	0.501247	0.564204	0.501247	0.276126	0.333373	0.501247	0.333373
7 rounds of non-Gaussian ED iteration : ground-state energy is -56.423 | electron energy -56.6075 + phonon energy 0.184508 | electron momentum kIdx = 10
Nq = 	16	0.317426	0.353282	0.317426	0.317426	0.353282	0.561587	0.353282	0.353282	0.561587	4.69328	0.561587	0.317426	0.353282	0.561587	0.353282
Sq = 	6.92835e-18	0.275915	0.333247	0.275915	0.275915	0.333247	0.500961	0.333247	0.333247	0.500961	0.563996	0.500961	0.275915	0.333247	0.500961	0.333247
8 rounds of non-Gaussian ED iteration : ground-state energy is -56.4246 | electron energy -56.6104 + phonon energy 0.185783 | electron momentum kIdx = 10
Nq = 	16	0.317333	0.353245	0.317333	0.317333	0.353245	0.561489	0.353245	0.353245	0.561489	4.6958	0.561489	0.317333	0.353245	0.561489	0.353245
Sq = 	4.48597e-19	0.275805	0.333182	0.275805	0.275805	0.333182	0.500813	0.333182	0.333182	0.500813	0.563888	0.500813	0.275805	0.333182	0.500813	0.333182
9 rounds of non-Gaussian ED iteration : ground-state energy is -56.4253 | electron energy -56.6117 + phonon energy 0.186448 | electron momentum kIdx = 10
Nq = 	16	0.31728	0.353224	0.31728	0.31728	0.353224	0.561432	0.353224	0.353224	0.561432	4.69717	0.561432	0.31728	0.353224	0.561432	0.353224
Sq = 	7.54344e-18	0.275746	0.333147	0.275746	0.275746	0.333147	0.500735	0.333147	0.333147	0.500735	0.563832	0.500735	0.275746	0.333147	0.500735	0.333147
10 rounds of non-Gaussian ED iteration : ground-state energy is -56.4255 | electron energy -56.6123 + phonon energy 0.186793 | electron momentum kIdx = 10
Nq = 	16	0.31725	0.353212	0.31725	0.31725	0.353212	0.561398	0.353212	0.353212	0.561398	4.69792	0.561398	0.31725	0.353212	0.561398	0.353212
Sq = 	-2.42836e-18	0.275715	0.333129	0.275715	0.275715	0.333129	0.500694	0.333129	0.333129	0.500694	0.563802	0.500694	0.275715	0.333129	0.500694	0.333129
11 rounds of non-Gaussian ED iteration : ground-state energy is -56.4256 | electron energy -56.6125 + phonon energy 0.186972 | electron momentum kIdx = 10
Nq = 	16	0.317233	0.353205	0.317233	0.317233	0.353205	0.561379	0.353205	0.353205	0.561379	4.69834	0.561379	0.317233	0.353205	0.561379	0.353205
Sq = 	2.31788e-18	0.275698	0.333119	0.275698	0.275698	0.333119	0.500672	0.333119	0.333119	0.500672	0.563787	0.500672	0.275698	0.333119	0.500672	0.333119
12 rounds of non-Gaussian ED iteration : ground-state energy is -56.4256 | electron energy -56.6127 + phonon energy 0.187064 | electron momentum kIdx = 10
Nq = 	16	0.317223	0.353201	0.317223	0.317223	0.353201	0.561367	0.353201	0.353201	0.561367	4.69858	0.561367	0.317223	0.353201	0.561367	0.353201
Sq = 	-2.4281e-18	0.275689	0.333114	0.275689	0.275689	0.333114	0.50066	0.333114	0.333114	0.50066	0.563779	0.50066	0.275689	0.333114	0.50066	0.333114
13 rounds of non-Gaussian ED iteration : ground-state energy is -56.4256 | electron energy -56.6127 + phonon energy 0.187111 | electron momentum kIdx = 10
Nq = 	16	0.317217	0.353199	0.317217	0.317217	0.353199	0.56136	0.353199	0.353199	0.56136	4.69871	0.56136	0.317217	0.353199	0.56136	0.353199
Sq = 	-1.60027e-18	0.275684	0.333111	0.275684	0.275684	0.333111	0.500654	0.333111	0.333111	0.500654	0.563774	0.500654	0.275684	0.333111	0.500654	0.333111
14 rounds of non-Gaussian ED iteration : ground-state energy is -56.4256 | electron energy -56.6127 + phonon energy 0.187135 | electron momentum kIdx = 10
Nq = 	16	0.317213	0.353197	0.317213	0.317213	0.353197	0.561356	0.353197	0.353197	0.561356	4.69878	0.561356	0.317213	0.353197	0.561356	0.353197
Sq = 	-5.93149e-19	0.275681	0.333109	0.275681	0.275681	0.333109	0.500651	0.333109	0.333109	0.500651	0.563772	0.500651	0.275681	0.333109	0.500651	0.333109
15 rounds of non-Gaussian ED iteration : ground-state energy is -56.4256 | electron energy -56.6128 + phonon energy 0.187148 | electron momentum kIdx = 10
Nq = 	16	0.317211	0.353197	0.317211	0.317211	0.353197	0.561353	0.353197	0.353197	0.561353	4.69882	0.561353	0.317211	0.353197	0.561353	0.353197
Sq = 	-6.84274e-18	0.27568	0.333108	0.27568	0.27568	0.333108	0.500649	0.333108	0.333108	0.500649	0.563771	0.500649	0.27568	0.333108	0.500649	0.333108
Ground state is obtained after 16 iterations. The current ground-state energy is -56.4256, in which electron energy is -56.6128 and phonon energy is 0.187154
final variational state is: 
Gamma_x =       1 1.05153 1.06997 1.05153 1.05153 1.06997 1.11078 1.06997 1.06997 1.11078 1.29691 1.11078 1.05153 1.06997 1.11078 1.06997
lambda_q = 0.632398  0.46033  0.38098  0.46033  0.46033  0.38098 0.395266  0.38098  0.38098 0.395266 0.584592 0.395266  0.46033  0.38098 0.395266  0.38098
o___o  -------------------------------------
| L |	Time since last clock: 1h 37m 15.553s
A===A	Time since the beginning: 2h 28m 52.614s
********************************************

************************************************************************************
