SNEDics v3.21.4 Non-Gaussian ED ground state program		Start at Mon Jul 26 13:50:55 2021

parallized on 32 MPI threads  * 8 OpenMP threads = 256 total threads.
********************************************************************************************************************
********************************************************************************************************************

********************************************************************************************************************
System parameters and configurations
	special program options are enabled: splitted diagonal Hamiltonian | splitted Hamiltonian terms
********************************************************************************************************************
Read input file "model_params.in"
	Hubbard-Holstein model parameters : 	t = 1    U = 8    g = 0.07    W = 0.2    g' = 0.09    
********************************************************************************************************************
Read input file "hilbertspace_params.in"
	Requested 16-site 2D lattice, with 14 electrons (7, 7)
	Boundary : Periodic		Hilbert space representation : momentum-space (restricted to kIdx = 0)
	Conservation: particle number[U(1)]      spin[U(1)]     momentum
********************************************************************************************************************

Cluster Positions:				Cluster symmetry group : D4
 x ... x ... x ... x .....                       x ... x ... x ... x .....
 |           |           :                       |           |           :
 |           |           :                       |           |           :
12    13    14    15     x                       1     5     6     5     x
 |           |           :                       |           |           :
 |           |           :                       |           |           :
 8 --- 9 ---10 ---11 --- x                       2 --- 6 ---10 --- 6 --- x
 |           |           :                       |           |           :
 |           |           :                       |           |           :
 4     5     6     7     x                       1     5     6     5     x
 |           |           :                       |           |           :
 |           |           :                       |           |           :
 0 --- 1 --- 2 --- 3 --- x                       0 --- 1 --- 2 --- 1 --- x
orbital number : 1
********************************************************************************************************************
Read input file "obs_params.in"
	Observable Type : Nq(All),   Sq(All),   N(All),   Delta[s](All),   Delta[d](All),   Delta[s+](All)
** WARNING ** the input observables have non-local factors which have been reinterpreted. The total observable number is 96
********************************************************************************************************************


********************************************************************************************************************
Start calculating the non-Gaussian ED ground state
Maximal iteration number is 1000; energy resolution is 1e-06. Phonon state relaxation time is 2000
W = 0.2 is relatively large. The non-Gaussian ED calculation starts directly.
open output files: NGSED_iteration_obserbles.txt
********************************************************************************************************************
Start the 0 rounds of NGS-ED iteration
	effective electronic model is modified as: kinetic energy t = 1
	                                           effective interaction Vq = [0,0,0,0,0,0,0,0,0,0,0,0,0,0,0,0]
	first Hamiltonian is constructed, size = 8179600 and non-zero numbers = 2178478298
	PARPACK diagonalization completed after 180 matrix-vector product operations.
	iteration results: : total energy is -11.868836 | electron energy -11.868836 + phonon energy 0.000000 | electron momentum kIdx = 0
	Nq(0) = 12.25,	Nq(1) = 0.154193,	Nq(2) = 0.185311,	Nq(3) = 0.154193,	Nq(4) = 0.154193,	Nq(5) = 0.203281,	
	Nq(6) = 0.235634,	Nq(7) = 0.203281,	Nq(8) = 0.185311,	Nq(9) = 0.235634,	Nq(10) = 0.275446,	
	Nq(11) = 0.235634,	Nq(12) = 0.154193,	Nq(13) = 0.203281,	Nq(14) = 0.235634,	Nq(15) = 0.203281;	
	Sq(0) = -1.83137e-18,	Sq(1) = 0.474292,	Sq(2) = 0.766364,	Sq(3) = 0.474292,	Sq(4) = 0.474292,	
	Sq(5) = 0.630724,	Sq(6) = 1.05279,	Sq(7) = 0.630724,	Sq(8) = 0.766364,	Sq(9) = 1.05279,	
	Sq(10) = 2.56755,	Sq(11) = 1.05279,	Sq(12) = 0.474292,	Sq(13) = 0.630724,	Sq(14) = 1.05279,	
	Sq(15) = 0.630724;	N(0) = 1.75464,	N(1) = 1.59086,	N(2) = 0.323321,	N(3) = 1.59086,	
	N(4) = 1.59086,	N(5) = 0.999881,	N(6) = 0.267546,	N(7) = 0.999881,	N(8) = 0.323321,	
	N(9) = 0.267546,	N(10) = 0.165565,	N(11) = 0.267546,	N(12) = 1.59086,	N(13) = 0.999881,	
	N(14) = 0.267546,	N(15) = 0.999881;	Delta[s](0) = 0.0792552,	Delta[s](1) = 0.0592211,	Delta[s](2) = 0.0354103,	
	Delta[s](3) = 0.0592211,	Delta[s](4) = 0.0592211,	Delta[s](5) = 0.0422939,	Delta[s](6) = 0.0194921,	Delta[s](7) = 0.0422939,	
	Delta[s](8) = 0.0354103,	Delta[s](9) = 0.0194921,	Delta[s](10) = 0.000146125,	Delta[s](11) = 0.0194921,	Delta[s](12) = 0.0592211,	
	Delta[s](13) = 0.0422939,	Delta[s](14) = 0.0194921,	Delta[s](15) = 0.0422939;	Delta[d](0) = 0.275811,	Delta[d](1) = 0.189761,	
	Delta[d](2) = 0.199505,	Delta[d](3) = 0.189761,	Delta[d](4) = 0.189761,	Delta[d](5) = 0.176462,	Delta[d](6) = 0.132381,	
	Delta[d](7) = 0.176462,	Delta[d](8) = 0.199505,	Delta[d](9) = 0.132381,	Delta[d](10) = 0.0533708,	Delta[d](11) = 0.132381,	
	Delta[d](12) = 0.189761,	Delta[d](13) = 0.176462,	Delta[d](14) = 0.132381,	Delta[d](15) = 0.176462;	Delta[s+](0) = 0.559578,	
	Delta[s+](1) = 0.416663,	Delta[s+](2) = 0.199505,	Delta[s+](3) = 0.416663,	Delta[s+](4) = 0.416663,	Delta[s+](5) = 0.291197,	
	Delta[s+](6) = 0.126017,	Delta[s+](7) = 0.291197,	Delta[s+](8) = 0.199505,	Delta[s+](9) = 0.126017,	Delta[s+](10) = 0.0381783,	
	Delta[s+](11) = 0.126017,	Delta[s+](12) = 0.416663,	Delta[s+](13) = 0.291197,	Delta[s+](14) = 0.126017,	Delta[s+](15) = 0.291197
	
The 0-th iteration is completed.	|| time cost : 0h 4m 47.182s
********************************************************************************************************************
Start the 1 rounds of NGS-ED iteration
	effective electronic model is modified as: kinetic energy t = 0.999066
	                                           effective interaction Vq = [    -0.9245, -0.0342787,-0.00163273, -0.0342787, -0.0342787,-0.00178281,-0.00345263,-0.00178281,-0.00163273,-0.00345263, -0.0216752,-0.00345263, -0.0342787,-0.00178281,-0.00345263,-0.00178281]
	PARPACK diagonalization completed after 60 matrix-vector product operations.
	iteration results: : total energy is -23.210405 | electron energy -23.210584 + phonon energy 0.000179 | electron momentum kIdx = 0
The 1-th iteration is completed.	|| time cost : 0h 3m 0.246s
********************************************************************************************************************
Start the 2 rounds of NGS-ED iteration
	effective electronic model is modified as: kinetic energy t = 0.999063
	                                           effective interaction Vq = [    -0.9245, -0.0343529,-0.00163189, -0.0343529, -0.0343529,-0.00178158,-0.00345186,-0.00178158,-0.00163189,-0.00345186, -0.0217034,-0.00345186, -0.0343529,-0.00178158,-0.00345186,-0.00178158]
	PARPACK diagonalization completed after 30 matrix-vector product operations.
	iteration results: : total energy is -23.210405 | electron energy -23.210586 + phonon energy 0.000181 | electron momentum kIdx = 0
The 2-th iteration is completed.	|| time cost : 0h 0m 21.966s
********************************************************************************************************************
Start the 3 rounds of NGS-ED iteration
	effective electronic model is modified as: kinetic energy t = 0.999063
	                                           effective interaction Vq = [    -0.9245, -0.0343531,-0.00163189, -0.0343531, -0.0343531,-0.00178158,-0.00345186,-0.00178158,-0.00163189,-0.00345186, -0.0217035,-0.00345186, -0.0343531,-0.00178158,-0.00345186,-0.00178158]
	PARPACK diagonalization completed after 30 matrix-vector product operations.
	iteration results: : total energy is -23.210405 | electron energy -23.210586 + phonon energy 0.000181 | electron momentum kIdx = 0
	Nq(0) = 12.25,	Nq(1) = 0.154627,	Nq(2) = 0.185317,	Nq(3) = 0.154627,	Nq(4) = 0.154627,	Nq(5) = 0.203249,	
	Nq(6) = 0.235714,	Nq(7) = 0.203249,	Nq(8) = 0.185317,	Nq(9) = 0.235714,	Nq(10) = 0.275952,	
	Nq(11) = 0.235714,	Nq(12) = 0.154627,	Nq(13) = 0.203249,	Nq(14) = 0.235714,	Nq(15) = 0.203249;	
	Sq(0) = -1.72206e-18,	Sq(1) = 0.473933,	Sq(2) = 0.766132,	Sq(3) = 0.473933,	Sq(4) = 0.473933,	
	Sq(5) = 0.630522,	Sq(6) = 1.05306,	Sq(7) = 0.630522,	Sq(8) = 0.766132,	Sq(9) = 1.05306,	
	Sq(10) = 2.56673,	Sq(11) = 1.05306,	Sq(12) = 0.473933,	Sq(13) = 0.630522,	Sq(14) = 1.05306,	
	Sq(15) = 0.630522;	N(0) = 1.75497,	N(1) = 1.59145,	N(2) = 0.323165,	N(3) = 1.59145,	
	N(4) = 1.59145,	N(5) = 0.999722,	N(6) = 0.267136,	N(7) = 0.999722,	N(8) = 0.323165,	
	N(9) = 0.267136,	N(10) = 0.165458,	N(11) = 0.267136,	N(12) = 1.59145,	N(13) = 0.999722,	
	N(14) = 0.267136,	N(15) = 0.999722;	Delta[s](0) = 0.0794034,	Delta[s](1) = 0.0593339,	Delta[s](2) = 0.0354749,	
	Delta[s](3) = 0.0593339,	Delta[s](4) = 0.0593339,	Delta[s](5) = 0.0423797,	Delta[s](6) = 0.0195296,	Delta[s](7) = 0.0423797,	
	Delta[s](8) = 0.0354749,	Delta[s](9) = 0.0195296,	Delta[s](10) = 0.000147005,	Delta[s](11) = 0.0195296,	Delta[s](12) = 0.0593339,	
	Delta[s](13) = 0.0423797,	Delta[s](14) = 0.0195296,	Delta[s](15) = 0.0423797;	Delta[d](0) = 0.276591,	Delta[d](1) = 0.189796,	
	Delta[d](2) = 0.199492,	Delta[d](3) = 0.189796,	Delta[d](4) = 0.189796,	Delta[d](5) = 0.176472,	Delta[d](6) = 0.132313,	
	Delta[d](7) = 0.176472,	Delta[d](8) = 0.199492,	Delta[d](9) = 0.132313,	Delta[d](10) = 0.0534094,	Delta[d](11) = 0.132313,	
	Delta[d](12) = 0.189796,	Delta[d](13) = 0.176472,	Delta[d](14) = 0.132313,	Delta[d](15) = 0.176472;	Delta[s+](0) = 0.55965,	
	Delta[s+](1) = 0.416709,	Delta[s+](2) = 0.199492,	Delta[s+](3) = 0.416709,	Delta[s+](4) = 0.416709,	Delta[s+](5) = 0.291181,	
	Delta[s+](6) = 0.12597,	Delta[s+](7) = 0.291181,	Delta[s+](8) = 0.199492,	Delta[s+](9) = 0.12597,	Delta[s+](10) = 0.0381443,	
	Delta[s+](11) = 0.12597,	Delta[s+](12) = 0.416709,	Delta[s+](13) = 0.291181,	Delta[s+](14) = 0.12597,	Delta[s+](15) = 0.291181
	
The 3-th iteration is completed.	|| time cost : 0h 3m 10.896s
********************************************************************************************************************
********************************************************************************************************************
Ground state is obtained after 4 iterations. The current ground-state energy is -23.2104, in which electron energy is -23.2106 and phonon energy is 0.00018068
Final variational state is: 
	Gamma_x = [      1,1.02612,1.00149,1.02612,1.02612,1.00178,1.00402,1.00178,1.00149,1.00402,1.02999,1.00402,1.02612,1.00178,1.00402,1.00178]
	lambda_q = [      2.15, 0.0707059, 0.0118572, 0.0707059, 0.0707059, 0.0129657,-0.0159207, 0.0129657, 0.0118572,-0.0159207,-0.0379155,-0.0159207, 0.0707059, 0.0129657,-0.0159207, 0.0129657]
Effective e-e interactions mediated by phonons are:
	momentum-space Vq = [    -0.9245, -0.0343531,-0.00163189, -0.0343531, -0.0343531,-0.00178158,-0.00345186,-0.00178158,-0.00163189,-0.00345186, -0.0217035,-0.00345186, -0.0343531,-0.00178158,-0.00345186,-0.00178158]
	real-space Vr = [-0.0692383,-0.0602874,-0.0588963,-0.0602874,-0.0602874,-0.0589337,-0.0525621,-0.0589337,-0.0588963,-0.0525621,-0.0503359,-0.0525621,-0.0602874,-0.0589337,-0.0525621,-0.0589337]
********************************************************************************************************************
o___o  ----------------------------------------
| L |	Time since last clock: 0h 0m 0.01s
A===A	Time since the beginning: 0h 11m 20.303s
***********************************************


Non-Gaussina ED ground state calculation is completed. The final ground-state energy is -23.2104
********************************************************************************************************************
o___o  ----------------------------------------
| L |	Time since last clock: 0h 0m 0.002s
A===A	Time since the beginning: 0h 11m 20.305s
***********************************************



********************************************************************************************************************
All non-Gaussian ED ground state calculations have been completed. Exit now.
