SNEDics v3.4 Non-Gaussian ED ground state program		Start at Tue Oct  1 22:51:59 2019

parallized on 16 MPI threads  * 8 OpenMP threads = 128 total threads.
********************************************************************************************************************
********************************************************************************************************************

********************************************************************************************************************
System parameters and configurations
********************************************************************************************************************
Special program options are enabled: splitted diagonal Hamiltonian
********************************************************************************************************************
Read input file "model_params.in"
	Hubbard-Holstein model parameters : 	t = 1    U = 4.2    g = 4.062    W = 5    
********************************************************************************************************************
Read input file "hilbertspace_params.in"
	Requested 16-site 2D lattice, with 16 electrons (8, 8)
	Boundary : Periodic		Hilbert space representation : momentum-space (restricted to kIdx = 10)
	Conservation: particle number[U(1)]      spin[U(1)]     momentum
********************************************************************************************************************

Cluster Positions:				Cluster symmetry group : D4
 x ... x ... x ... x .....                       x ... x ... x ... x .....
 |           |           :                       |           |           :
 |           |           :                       |           |           :
12    13    14    15     x                       1     5     6     5     x
 |           |           :                       |           |           :
 |           |           :                       |           |           :
 8 --- 9 ---10 ---11 --- x                       2 --- 6 ---10 --- 6 --- x
 |           |           :                       |           |           :
 |           |           :                       |           |           :
 4     5     6     7     x                       1     5     6     5     x
 |           |           :                       |           |           :
 |           |           :                       |           |           :
 0 --- 1 --- 2 --- 3 --- x                       0 --- 1 --- 2 --- 1 --- x
orbital number : 1
********************************************************************************************************************
Read input file "obs_params.in"
	Observable Type : Nq(All),   Sq(All),   N(All),   Delta[s](All),   Delta[d](All),   Delta[s+](All)
********************************************************************************************************************
** WARNING ** the input observables have non-local factors which have been reinterpreted. The total observable number is 96
********************************************************************************************************************


********************************************************************************************************************
Start calculating the non-Gaussian ED ground state
** WARNING ** Detected low phonon energy W < 10. The initial state will be prepared through a warm-up process.
********************************************************************************************************************
Start warm-up calculation for scaling factor 2
open output files: NGSEDWarmUpW10Obs.txt
********************************************************************************************************************
Start the 0 rounds of NGS-ED iteration
	effective electronic model is modified as: kinetic energy t = 1
	                                           effective interaction Vq = [-0,-0,-0,-0,-0,-0,-0,-0,-0,-0,-0,-0,-0,-0,-0,-0]
	first Hamiltonian is constructed, non-zero numbers = 2845334624
	PARPACK diagonalization completed after 90 matrix-vector product operations.
	iteration results: : total energy is -13.107044 | electron energy -13.107044 + phonon energy 0.000000 | electron momentum kIdx = 10
	Nq(0) = 16,	Nq(1) = 0.157226,	Nq(2) = 0.228709,	Nq(3) = 0.157226,	Nq(4) = 0.157226,	Nq(5) = 0.228709,	Nq(6) = 0.311786,	Nq(7) = 0.228709,	Nq(8) = 0.228709,	Nq(9) = 0.311786,	Nq(10) = 0.374943,	Nq(11) = 0.311786,	Nq(12) = 0.157226,	Nq(13) = 0.228709,	Nq(14) = 0.311786,	Nq(15) = 0.228709,	Sq(0) = -1.33693e-18,	Sq(1) = 0.310568,	Sq(2) = 0.418821,	Sq(3) = 0.310568,	Sq(4) = 0.310568,	Sq(5) = 0.418821,	Sq(6) = 0.630234,	Sq(7) = 0.418821,	Sq(8) = 0.418821,	Sq(9) = 0.630234,	Sq(10) = 6.10062,	Sq(11) = 0.630234,	Sq(12) = 0.310568,	Sq(13) = 0.418821,	Sq(14) = 0.630234,	Sq(15) = 0.418821,	N(0) = 1.92524,	N(1) = 1.83212,	N(2) = 1,	N(3) = 1.83212,	N(4) = 1.83212,	N(5) = 1,	N(6) = 0.167878,	N(7) = 1,	N(8) = 1,	N(9) = 0.167878,	N(10) = 0.0747604,	N(11) = 0.167878,	N(12) = 1.83212,	N(13) = 1,	N(14) = 0.167878,	N(15) = 1,	Delta[s](0) = 0.166186,	Delta[s](1) = 0.143602,	Delta[s](2) = 0.11404,	Delta[s](3) = 0.143602,	Delta[s](4) = 0.143602,	Delta[s](5) = 0.11404,	Delta[s](6) = 0.0884868,	Delta[s](7) = 0.11404,	Delta[s](8) = 0.11404,	Delta[s](9) = 0.0884868,	Delta[s](10) = 0.0328389,	Delta[s](11) = 0.0884868,	Delta[s](12) = 0.143602,	Delta[s](13) = 0.11404,	Delta[s](14) = 0.0884868,	Delta[s](15) = 0.11404,	Delta[d](0) = 0.517026,	Delta[d](1) = 0.390661,	Delta[d](2) = 0.331025,	Delta[d](3) = 0.390661,	Delta[d](4) = 0.390661,	Delta[d](5) = 0.377337,	Delta[d](6) = 0.307846,	Delta[d](7) = 0.377337,	Delta[d](8) = 0.331025,	Delta[d](9) = 0.307846,	Delta[d](10) = 0.250195,	Delta[d](11) = 0.307846,	Delta[d](12) = 0.390661,	Delta[d](13) = 0.377337,	Delta[d](14) = 0.307846,	Delta[d](15) = 0.377337,	Delta[s+](0) = 0.586151,	Delta[s+](1) = 0.481835,	Delta[s+](2) = 0.331025,	Delta[s+](3) = 0.481835,	Delta[s+](4) = 0.481835,	Delta[s+](5) = 0.331025,	Delta[s+](6) = 0.185074,	Delta[s+](7) = 0.331025,	Delta[s+](8) = 0.331025,	Delta[s+](9) = 0.185074,	Delta[s+](10) = 0.0702022,	Delta[s+](11) = 0.185074,	Delta[s+](12) = 0.481835,	Delta[s+](13) = 0.331025,	Delta[s+](14) = 0.185074,	Delta[s+](15) = 0.331025
The 0-th iteration is completed.	|| time cost : 0h 8m 20.275s
********************************************************************************************************************
Start the 1 rounds of NGS-ED iteration
	effective electronic model is modified as: kinetic energy t = 0.918635
	                                           effective interaction Vq = [-2.85337,-2.60613,-2.51727,-2.60613,-2.60613,-2.51727,-2.48672,-2.51727,-2.51727,-2.48672,-2.45023,-2.48672,-2.60613,-2.51727,-2.48672,-2.51727]
	PARPACK diagonalization completed after 60 matrix-vector product operations.
	iteration results: : total energy is -71.347255 | electron energy -71.353578 + phonon energy 0.006322 | electron momentum kIdx = 10
The 1-th iteration is completed.	|| time cost : 0h 7m 58.072s
********************************************************************************************************************
Start the 2 rounds of NGS-ED iteration
	effective electronic model is modified as: kinetic energy t = 0.846626
	                                           effective interaction Vq = [-3.23953,-3.11838,-3.08593,-3.11838,-3.11838,-3.08593,-3.01643,-3.08593,-3.08593,-3.01643,-2.94096,-3.01643,-3.11838,-3.08593,-3.01643,-3.08593]
	PARPACK diagonalization completed after 120 matrix-vector product operations.
	iteration results: : total energy is -81.514364 | electron energy -81.568002 + phonon energy 0.053638 | electron momentum kIdx = 10
The 2-th iteration is completed.	|| time cost : 0h 0m 55.689s
********************************************************************************************************************
Start the 3 rounds of NGS-ED iteration
	effective electronic model is modified as: kinetic energy t = 0.813876
	                                           effective interaction Vq = [-3.29179,-3.21599,-3.21144,-3.21599,-3.21599,-3.21144,-3.13631,-3.21144,-3.21144,-3.13631,-3.17743,-3.13631,-3.21599,-3.21144,-3.13631,-3.21144]
	PARPACK diagonalization completed after 45 matrix-vector product operations.
	iteration results: : total energy is -83.155497 | electron energy -83.251383 + phonon energy 0.095886 | electron momentum kIdx = 10
The 3-th iteration is completed.	|| time cost : 0h 0m 32.218s
********************************************************************************************************************
Start the 4 rounds of NGS-ED iteration
	effective electronic model is modified as: kinetic energy t = 0.808494
	                                           effective interaction Vq = [-3.29886,-3.23432,-3.19076,-3.23432,-3.23432,-3.19076, -3.1626,-3.19076,-3.19076, -3.1626,-3.27189, -3.1626,-3.23432,-3.19076, -3.1626,-3.19076]
	PARPACK diagonalization completed after 45 matrix-vector product operations.
	iteration results: : total energy is -83.653223 | electron energy -83.765903 + phonon energy 0.112680 | electron momentum kIdx = 10
The 4-th iteration is completed.	|| time cost : 0h 0m 32.203s
********************************************************************************************************************
Start the 5 rounds of NGS-ED iteration
	effective electronic model is modified as: kinetic energy t = 0.812755
	                                           effective interaction Vq = [-3.29982, -3.2262,-3.14959, -3.2262, -3.2262,-3.14959,-3.15267,-3.14959,-3.14959,-3.15267,-3.29087,-3.15267, -3.2262,-3.14959,-3.15267,-3.14959]
	PARPACK diagonalization completed after 30 matrix-vector product operations.
	iteration results: : total energy is -83.751380 | electron energy -83.865332 + phonon energy 0.113952 | electron momentum kIdx = 10
The 5-th iteration is completed.	|| time cost : 0h 0m 27.702s
********************************************************************************************************************
Start the 6 rounds of NGS-ED iteration
	effective electronic model is modified as: kinetic energy t = 0.815596
	                                           effective interaction Vq = [-3.29995,-3.21806,-3.12826,-3.21806,-3.21806,-3.12826,-3.14253,-3.12826,-3.12826,-3.14253,-3.29508,-3.14253,-3.21806,-3.12826,-3.14253,-3.12826]
	PARPACK diagonalization completed after 30 matrix-vector product operations.
	iteration results: : total energy is -83.766784 | electron energy -83.879130 + phonon energy 0.112346 | electron momentum kIdx = 10
The 6-th iteration is completed.	|| time cost : 0h 0m 27.4s
********************************************************************************************************************
Start the 7 rounds of NGS-ED iteration
	effective electronic model is modified as: kinetic energy t = 0.817087
	                                           effective interaction Vq = [-3.29997,-3.21309,-3.11862,-3.21309,-3.21309,-3.11862,-3.13634,-3.11862,-3.11862,-3.13634,-3.29623,-3.13634,-3.21309,-3.11862,-3.13634,-3.11862]
	PARPACK diagonalization completed after 30 matrix-vector product operations.
	iteration results: : total energy is -83.769266 | electron energy -83.880302 + phonon energy 0.111036 | electron momentum kIdx = 10
The 7-th iteration is completed.	|| time cost : 0h 0m 27.696s
********************************************************************************************************************
Start the 8 rounds of NGS-ED iteration
	effective electronic model is modified as: kinetic energy t = 0.817823
	                                           effective interaction Vq = [-3.29997,-3.21044,-3.11439,-3.21044,-3.21044,-3.11439,-3.13302,-3.11439,-3.11439,-3.13302, -3.2966,-3.13302,-3.21044,-3.11439,-3.13302,-3.11439]
	PARPACK diagonalization completed after 30 matrix-vector product operations.
	iteration results: : total energy is -83.769699 | electron energy -83.879954 + phonon energy 0.110256 | electron momentum kIdx = 10
The 8-th iteration is completed.	|| time cost : 0h 0m 27.505s
********************************************************************************************************************
Start the 9 rounds of NGS-ED iteration
	effective electronic model is modified as: kinetic energy t = 0.818178
	                                           effective interaction Vq = [-3.29997,-3.20911,-3.11253,-3.20911,-3.20911,-3.11253,-3.13134,-3.11253,-3.11253,-3.13134,-3.29673,-3.13134,-3.20911,-3.11253,-3.13134,-3.11253]
	PARPACK diagonalization completed after 30 matrix-vector product operations.
	iteration results: : total energy is -83.769780 | electron energy -83.879619 + phonon energy 0.109839 | electron momentum kIdx = 10
The 9-th iteration is completed.	|| time cost : 0h 0m 27.692s
********************************************************************************************************************
Start the 10 rounds of NGS-ED iteration
	effective electronic model is modified as: kinetic energy t = 0.818346
	                                           effective interaction Vq = [-3.29997,-3.20846, -3.1117,-3.20846,-3.20846, -3.1117,-3.13051, -3.1117, -3.1117,-3.13051,-3.29678,-3.13051,-3.20846, -3.1117,-3.13051, -3.1117]
	PARPACK diagonalization completed after 30 matrix-vector product operations.
	iteration results: : total energy is -83.769796 | electron energy -83.879424 + phonon energy 0.109628 | electron momentum kIdx = 10
	Nq(0) = 16,	Nq(1) = 0.274724,	Nq(2) = 0.344592,	Nq(3) = 0.274724,	Nq(4) = 0.274724,	Nq(5) = 0.344592,	Nq(6) = 0.541749,	Nq(7) = 0.344592,	Nq(8) = 0.344592,	Nq(9) = 0.541749,	Nq(10) = 6.24484,	Nq(11) = 0.541749,	Nq(12) = 0.274724,	Nq(13) = 0.344592,	Nq(14) = 0.541749,	Nq(15) = 0.344592,	Sq(0) = 4.22306e-18,	Sq(1) = 0.199254,	Sq(2) = 0.273181,	Sq(3) = 0.199254,	Sq(4) = 0.199254,	Sq(5) = 0.273181,	Sq(6) = 0.382902,	Sq(7) = 0.273181,	Sq(8) = 0.273181,	Sq(9) = 0.382902,	Sq(10) = 0.454003,	Sq(11) = 0.382902,	Sq(12) = 0.199254,	Sq(13) = 0.273181,	Sq(14) = 0.382902,	Sq(15) = 0.273181,	N(0) = 1.96125,	N(1) = 1.89893,	N(2) = 1,	N(3) = 1.89893,	N(4) = 1.89893,	N(5) = 1,	N(6) = 0.101066,	N(7) = 1,	N(8) = 1,	N(9) = 0.101066,	N(10) = 0.0387537,	N(11) = 0.101066,	N(12) = 1.89893,	N(13) = 1,	N(14) = 0.101066,	N(15) = 1,	Delta[s](0) = 0.516389,	Delta[s](1) = 0.388553,	Delta[s](2) = 0.364142,	Delta[s](3) = 0.388553,	Delta[s](4) = 0.388553,	Delta[s](5) = 0.364142,	Delta[s](6) = 0.314252,	Delta[s](7) = 0.364142,	Delta[s](8) = 0.364142,	Delta[s](9) = 0.314252,	Delta[s](10) = 0.276682,	Delta[s](11) = 0.314252,	Delta[s](12) = 0.388553,	Delta[s](13) = 0.364142,	Delta[s](14) = 0.314252,	Delta[s](15) = 0.364142,	Delta[d](0) = 0.196889,	Delta[d](1) = 0.182152,	Delta[d](2) = 0.18904,	Delta[d](3) = 0.182152,	Delta[d](4) = 0.182152,	Delta[d](5) = 0.126174,	Delta[d](6) = 0.146198,	Delta[d](7) = 0.126174,	Delta[d](8) = 0.18904,	Delta[d](9) = 0.146198,	Delta[d](10) = 0.0555173,	Delta[d](11) = 0.146198,	Delta[d](12) = 0.182152,	Delta[d](13) = 0.126174,	Delta[d](14) = 0.146198,	Delta[d](15) = 0.126174,	Delta[s+](0) = 0.365801,	Delta[s+](1) = 0.290862,	Delta[s+](2) = 0.18904,	Delta[s+](3) = 0.290862,	Delta[s+](4) = 0.290862,	Delta[s+](5) = 0.18904,	Delta[s+](6) = 0.0848467,	Delta[s+](7) = 0.18904,	Delta[s+](8) = 0.18904,	Delta[s+](9) = 0.0848467,	Delta[s+](10) = 0.0316237,	Delta[s+](11) = 0.0848467,	Delta[s+](12) = 0.290862,	Delta[s+](13) = 0.18904,	Delta[s+](14) = 0.0848467,	Delta[s+](15) = 0.18904
The 10-th iteration is completed.	|| time cost : 0h 4m 32.514s
********************************************************************************************************************
Start the 11 rounds of NGS-ED iteration
	effective electronic model is modified as: kinetic energy t = 0.818426
	                                           effective interaction Vq = [-3.29997,-3.20815,-3.11133,-3.20815,-3.20815,-3.11133,-3.13012,-3.11133,-3.11133,-3.13012, -3.2968,-3.13012,-3.20815,-3.11133,-3.13012,-3.11133]
	PARPACK diagonalization completed after 30 matrix-vector product operations.
	iteration results: : total energy is -83.769799 | electron energy -83.879324 + phonon energy 0.109524 | electron momentum kIdx = 10
	Nq(0) = 16,	Nq(1) = 0.274595,	Nq(2) = 0.344492,	Nq(3) = 0.274595,	Nq(4) = 0.274595,	Nq(5) = 0.344492,	Nq(6) = 0.54154,	Nq(7) = 0.344492,	Nq(8) = 0.344492,	Nq(9) = 0.54154,	Nq(10) = 6.24705,	Nq(11) = 0.54154,	Nq(12) = 0.274595,	Nq(13) = 0.344492,	Nq(14) = 0.54154,	Nq(15) = 0.344492,	Sq(0) = -2.3459e-18,	Sq(1) = 0.199231,	Sq(2) = 0.273166,	Sq(3) = 0.199231,	Sq(4) = 0.199231,	Sq(5) = 0.273166,	Sq(6) = 0.382885,	Sq(7) = 0.273166,	Sq(8) = 0.273166,	Sq(9) = 0.382885,	Sq(10) = 0.453997,	Sq(11) = 0.382885,	Sq(12) = 0.199231,	Sq(13) = 0.273166,	Sq(14) = 0.382885,	Sq(15) = 0.273166,	N(0) = 1.96124,	N(1) = 1.89889,	N(2) = 1,	N(3) = 1.89889,	N(4) = 1.89889,	N(5) = 1,	N(6) = 0.101109,	N(7) = 1,	N(8) = 1,	N(9) = 0.101109,	N(10) = 0.0387584,	N(11) = 0.101109,	N(12) = 1.89889,	N(13) = 1,	N(14) = 0.101109,	N(15) = 1,	Delta[s](0) = 0.516288,	Delta[s](1) = 0.388568,	Delta[s](2) = 0.364151,	Delta[s](3) = 0.388568,	Delta[s](4) = 0.388568,	Delta[s](5) = 0.364151,	Delta[s](6) = 0.314273,	Delta[s](7) = 0.364151,	Delta[s](8) = 0.364151,	Delta[s](9) = 0.314273,	Delta[s](10) = 0.276717,	Delta[s](11) = 0.314273,	Delta[s](12) = 0.388568,	Delta[s](13) = 0.364151,	Delta[s](14) = 0.314273,	Delta[s](15) = 0.364151,	Delta[d](0) = 0.19685,	Delta[d](1) = 0.182111,	Delta[d](2) = 0.189016,	Delta[d](3) = 0.182111,	Delta[d](4) = 0.182111,	Delta[d](5) = 0.126137,	Delta[d](6) = 0.146154,	Delta[d](7) = 0.126137,	Delta[d](8) = 0.189016,	Delta[d](9) = 0.146154,	Delta[d](10) = 0.0554806,	Delta[d](11) = 0.146154,	Delta[d](12) = 0.182111,	Delta[d](13) = 0.126137,	Delta[d](14) = 0.146154,	Delta[d](15) = 0.126137,	Delta[s+](0) = 0.3658,	Delta[s+](1) = 0.290843,	Delta[s+](2) = 0.189016,	Delta[s+](3) = 0.290843,	Delta[s+](4) = 0.290843,	Delta[s+](5) = 0.189016,	Delta[s+](6) = 0.0848184,	Delta[s+](7) = 0.189016,	Delta[s+](8) = 0.189016,	Delta[s+](9) = 0.0848184,	Delta[s+](10) = 0.0316048,	Delta[s+](11) = 0.0848184,	Delta[s+](12) = 0.290843,	Delta[s+](13) = 0.189016,	Delta[s+](14) = 0.0848184,	Delta[s+](15) = 0.189016
The 11-th iteration is completed.	|| time cost : 0h 4m 46.801s
********************************************************************************************************************
********************************************************************************************************************
Ground state is obtained after 12 iterations. The current ground-state energy is -83.7698, in which electron energy is -83.8793 and phonon energy is 0.109524
final variational state is: 
	Gamma_x = [      1,1.02554,1.04225,1.02554,1.02554,1.04225,1.06471,1.04225,1.04225,1.06471,1.13132,1.06471,1.02554,1.04225,1.06471,1.04225]
	lambda_q = [ 0.57445,0.478556,0.437047,0.478556,0.478556,0.437047,0.444054,0.437047,0.437047,0.444054,0.556658,0.444054,0.478556,0.437047,0.444054,0.437047]
********************************************************************************************************************
o___o  ----------------------------------------
| L |	Time since last clock: 0h 0m 0s
A===A	Time since the beginning: 0h 29m 55.773s
***********************************************


********************************************************************************************************************
Warm up runs have been completed. Start calculating W = 5 phonon.
open output files: NGSEDIterationObs.txt
********************************************************************************************************************
Start the 0 rounds of NGS-ED iteration
	effective electronic model is modified as: kinetic energy t = 0.818463
	                                           effective interaction Vq = [-3.01687,-2.74271,-2.59552,-2.74271,-2.74271,-2.59552,-2.62157,-2.59552,-2.59552,-2.62157,-2.97295,-2.62157,-2.74271,-2.59552,-2.62157,-2.59552]
	PARPACK diagonalization completed after 30 matrix-vector product operations.
	iteration results: : total energy is -74.701175 | electron energy -74.755913 + phonon energy 0.054737 | electron momentum kIdx = 10
	Nq(0) = 16,	Nq(1) = 0.26058,	Nq(2) = 0.3261,	Nq(3) = 0.26058,	Nq(4) = 0.26058,	Nq(5) = 0.3261,	Nq(6) = 0.500836,	Nq(7) = 0.3261,	Nq(8) = 0.3261,	Nq(9) = 0.500836,	Nq(10) = 6.12044,	Nq(11) = 0.500836,	Nq(12) = 0.26058,	Nq(13) = 0.3261,	Nq(14) = 0.500836,	Nq(15) = 0.3261,	Sq(0) = -1.71415e-18,	Sq(1) = 0.222404,	Sq(2) = 0.296049,	Sq(3) = 0.222404,	Sq(4) = 0.222404,	Sq(5) = 0.296049,	Sq(6) = 0.42709,	Sq(7) = 0.296049,	Sq(8) = 0.296049,	Sq(9) = 0.42709,	Sq(10) = 0.503023,	Sq(11) = 0.42709,	Sq(12) = 0.222404,	Sq(13) = 0.296049,	Sq(14) = 0.42709,	Sq(15) = 0.296049,	N(0) = 1.97431,	N(1) = 1.92241,	N(2) = 1,	N(3) = 1.92241,	N(4) = 1.92241,	N(5) = 1,	N(6) = 0.077586,	N(7) = 1,	N(8) = 1,	N(9) = 0.077586,	N(10) = 0.0256935,	N(11) = 0.077586,	N(12) = 1.92241,	N(13) = 1,	N(14) = 0.077586,	N(15) = 1,	Delta[s](0) = 0.439991,	Delta[s](1) = 0.368489,	Delta[s](2) = 0.350887,	Delta[s](3) = 0.368489,	Delta[s](4) = 0.368489,	Delta[s](5) = 0.350887,	Delta[s](6) = 0.312904,	Delta[s](7) = 0.350887,	Delta[s](8) = 0.350887,	Delta[s](9) = 0.312904,	Delta[s](10) = 0.290467,	Delta[s](11) = 0.312904,	Delta[s](12) = 0.368489,	Delta[s](13) = 0.350887,	Delta[s](14) = 0.312904,	Delta[s](15) = 0.350887,	Delta[d](0) = 0.202288,	Delta[d](1) = 0.190495,	Delta[d](2) = 0.200783,	Delta[d](3) = 0.190495,	Delta[d](4) = 0.190495,	Delta[d](5) = 0.1304,	Delta[d](6) = 0.152663,	Delta[d](7) = 0.1304,	Delta[d](8) = 0.200783,	Delta[d](9) = 0.152663,	Delta[d](10) = 0.0584196,	Delta[d](11) = 0.152663,	Delta[d](12) = 0.190495,	Delta[d](13) = 0.1304,	Delta[d](14) = 0.152663,	Delta[d](15) = 0.1304,	Delta[s+](0) = 0.401126,	Delta[s+](1) = 0.31162,	Delta[s+](2) = 0.200783,	Delta[s+](3) = 0.31162,	Delta[s+](4) = 0.31162,	Delta[s+](5) = 0.200783,	Delta[s+](6) = 0.089022,	Delta[s+](7) = 0.200783,	Delta[s+](8) = 0.200783,	Delta[s+](9) = 0.089022,	Delta[s+](10) = 0.033399,	Delta[s+](11) = 0.089022,	Delta[s+](12) = 0.31162,	Delta[s+](13) = 0.200783,	Delta[s+](14) = 0.089022,	Delta[s+](15) = 0.200783
The 0-th iteration is completed.	|| time cost : 0h 4m 21.282s
********************************************************************************************************************
Start the 1 rounds of NGS-ED iteration
	effective electronic model is modified as: kinetic energy t = 0.794871
	                                           effective interaction Vq = [-3.19582,-2.89412,-2.70911,-2.89412,-2.89412,-2.70911,-2.74052,-2.70911,-2.70911,-2.74052,-3.17568,-2.74052,-2.89412,-2.70911,-2.74052,-2.70911]
	PARPACK diagonalization completed after 30 matrix-vector product operations.
	iteration results: : total energy is -78.879923 | electron energy -79.050552 + phonon energy 0.170629 | electron momentum kIdx = 10
The 1-th iteration is completed.	|| time cost : 0h 0m 27.404s
********************************************************************************************************************
Start the 2 rounds of NGS-ED iteration
	effective electronic model is modified as: kinetic energy t = 0.786207
	                                           effective interaction Vq = [-3.26166,-2.92882,-2.74235,-2.92882,-2.92882,-2.74235,-2.76914,-2.74235,-2.74235,-2.76914,-3.25282,-2.76914,-2.92882,-2.74235,-2.76914,-2.74235]
	PARPACK diagonalization completed after 30 matrix-vector product operations.
	iteration results: : total energy is -80.414576 | electron energy -80.652735 + phonon energy 0.238158 | electron momentum kIdx = 10
The 2-th iteration is completed.	|| time cost : 0h 0m 27.567s
********************************************************************************************************************
Start the 3 rounds of NGS-ED iteration
	effective electronic model is modified as: kinetic energy t = 0.78436
	                                           effective interaction Vq = [-3.28587,-2.92516,-2.74453,-2.92516,-2.92516,-2.74453,-2.76544,-2.74453,-2.74453,-2.76544,-3.28004,-2.76544,-2.92516,-2.74453,-2.76544,-2.74453]
	PARPACK diagonalization completed after 30 matrix-vector product operations.
	iteration results: : total energy is -80.953360 | electron energy -81.221323 + phonon energy 0.267963 | electron momentum kIdx = 10
The 3-th iteration is completed.	|| time cost : 0h 0m 27.382s
********************************************************************************************************************
Start the 4 rounds of NGS-ED iteration
	effective electronic model is modified as: kinetic energy t = 0.784836
	                                           effective interaction Vq = [-3.29478,-2.91269,-2.73792,-2.91269,-2.91269,-2.73792,-2.75401,-2.73792,-2.73792,-2.75401,-3.28984,-2.75401,-2.91269,-2.73792,-2.75401,-2.73792]
	PARPACK diagonalization completed after 30 matrix-vector product operations.
	iteration results: : total energy is -81.140052 | electron energy -81.419801 + phonon energy 0.279749 | electron momentum kIdx = 10
The 4-th iteration is completed.	|| time cost : 0h 0m 27.685s
********************************************************************************************************************
Start the 5 rounds of NGS-ED iteration
	effective electronic model is modified as: kinetic energy t = 0.785882
	                                           effective interaction Vq = [-3.29806,-2.90055,-2.73019,-2.90055,-2.90055,-2.73019,-2.74273,-2.73019,-2.73019,-2.74273,-3.29364,-2.74273,-2.90055,-2.73019,-2.74273,-2.73019]
	PARPACK diagonalization completed after 30 matrix-vector product operations.
	iteration results: : total energy is -81.205129 | electron energy -81.488827 + phonon energy 0.283698 | electron momentum kIdx = 10
The 5-th iteration is completed.	|| time cost : 0h 0m 27.392s
********************************************************************************************************************
Start the 6 rounds of NGS-ED iteration
	effective electronic model is modified as: kinetic energy t = 0.786911
	                                           effective interaction Vq = [-3.29927,-2.89086,-2.72354,-2.89086,-2.89086,-2.72354,-2.73356,-2.72354,-2.72354,-2.73356,-3.29524,-2.73356,-2.89086,-2.72354,-2.73356,-2.72354]
	PARPACK diagonalization completed after 30 matrix-vector product operations.
	iteration results: : total energy is -81.228130 | electron energy -81.512502 + phonon energy 0.284371 | electron momentum kIdx = 10
The 6-th iteration is completed.	|| time cost : 0h 0m 27.512s
********************************************************************************************************************
Start the 7 rounds of NGS-ED iteration
	effective electronic model is modified as: kinetic energy t = 0.787759
	                                           effective interaction Vq = [-3.29971,-2.88366,-2.71838,-2.88366,-2.88366,-2.71838,-2.72663,-2.71838,-2.71838,-2.72663,-3.29598,-2.72663,-2.88366,-2.71838,-2.72663,-2.71838]
	PARPACK diagonalization completed after 30 matrix-vector product operations.
	iteration results: : total energy is -81.236386 | electron energy -81.520194 + phonon energy 0.283808 | electron momentum kIdx = 10
The 7-th iteration is completed.	|| time cost : 0h 0m 27.501s
********************************************************************************************************************
Start the 8 rounds of NGS-ED iteration
	effective electronic model is modified as: kinetic energy t = 0.788408
	                                           effective interaction Vq = [-3.29987,-2.87848,-2.71454,-2.87848,-2.87848,-2.71454,-2.72156,-2.71454,-2.71454,-2.72156,-3.29633,-2.72156,-2.87848,-2.71454,-2.72156,-2.71454]
	PARPACK diagonalization completed after 30 matrix-vector product operations.
	iteration results: : total energy is -81.239393 | electron energy -81.522296 + phonon energy 0.282902 | electron momentum kIdx = 10
The 8-th iteration is completed.	|| time cost : 0h 0m 27.381s
********************************************************************************************************************
Start the 9 rounds of NGS-ED iteration
	effective electronic model is modified as: kinetic energy t = 0.788887
	                                           effective interaction Vq = [-3.29993,-2.87482,-2.71177,-2.87482,-2.87482,-2.71177,-2.71793,-2.71177,-2.71177,-2.71793, -3.2965,-2.71793,-2.87482,-2.71177,-2.71793,-2.71177]
	PARPACK diagonalization completed after 30 matrix-vector product operations.
	iteration results: : total energy is -81.240503 | electron energy -81.522522 + phonon energy 0.282019 | electron momentum kIdx = 10
The 9-th iteration is completed.	|| time cost : 0h 0m 27.882s
********************************************************************************************************************
Start the 10 rounds of NGS-ED iteration
	effective electronic model is modified as: kinetic energy t = 0.789231
	                                           effective interaction Vq = [-3.29996,-2.87226,-2.70979,-2.87226,-2.87226,-2.70979,-2.71536,-2.70979,-2.70979,-2.71536,-3.29659,-2.71536,-2.87226,-2.70979,-2.71536,-2.70979]
	PARPACK diagonalization completed after 30 matrix-vector product operations.
	iteration results: : total energy is -81.240917 | electron energy -81.522198 + phonon energy 0.281281 | electron momentum kIdx = 10
	Nq(0) = 16,	Nq(1) = 0.167696,	Nq(2) = 0.250554,	Nq(3) = 0.167696,	Nq(4) = 0.167696,	Nq(5) = 0.250554,	Nq(6) = 0.364899,	Nq(7) = 0.250554,	Nq(8) = 0.250554,	Nq(9) = 0.364899,	Nq(10) = 8.70139,	Nq(11) = 0.364899,	Nq(12) = 0.167696,	Nq(13) = 0.250554,	Nq(14) = 0.364899,	Nq(15) = 0.250554,	Sq(0) = 3.34895e-18,	Sq(1) = 0.150561,	Sq(2) = 0.229309,	Sq(3) = 0.150561,	Sq(4) = 0.150561,	Sq(5) = 0.229309,	Sq(6) = 0.322178,	Sq(7) = 0.229309,	Sq(8) = 0.229309,	Sq(9) = 0.322178,	Sq(10) = 0.398091,	Sq(11) = 0.322178,	Sq(12) = 0.150561,	Sq(13) = 0.229309,	Sq(14) = 0.322178,	Sq(15) = 0.229309,	N(0) = 1.92983,	N(1) = 1.80039,	N(2) = 1,	N(3) = 1.80039,	N(4) = 1.80039,	N(5) = 1,	N(6) = 0.199606,	N(7) = 1,	N(8) = 1,	N(9) = 0.199606,	N(10) = 0.070171,	N(11) = 0.199606,	N(12) = 1.80039,	N(13) = 1,	N(14) = 0.199606,	N(15) = 1,	Delta[s](0) = 0.453805,	Delta[s](1) = 0.40652,	Delta[s](2) = 0.385667,	Delta[s](3) = 0.40652,	Delta[s](4) = 0.40652,	Delta[s](5) = 0.385667,	Delta[s](6) = 0.359137,	Delta[s](7) = 0.385667,	Delta[s](8) = 0.385667,	Delta[s](9) = 0.359137,	Delta[s](10) = 0.337113,	Delta[s](11) = 0.359137,	Delta[s](12) = 0.40652,	Delta[s](13) = 0.385667,	Delta[s](14) = 0.359137,	Delta[s](15) = 0.385667,	Delta[d](0) = 0.154635,	Delta[d](1) = 0.139816,	Delta[d](2) = 0.160458,	Delta[d](3) = 0.139816,	Delta[d](4) = 0.139816,	Delta[d](5) = 0.0982197,	Delta[d](6) = 0.107303,	Delta[d](7) = 0.0982197,	Delta[d](8) = 0.160458,	Delta[d](9) = 0.107303,	Delta[d](10) = 0.0416867,	Delta[d](11) = 0.107303,	Delta[d](12) = 0.139816,	Delta[d](13) = 0.0982197,	Delta[d](14) = 0.107303,	Delta[d](15) = 0.0982197,	Delta[s+](0) = 0.342127,	Delta[s+](1) = 0.257035,	Delta[s+](2) = 0.160458,	Delta[s+](3) = 0.257035,	Delta[s+](4) = 0.257035,	Delta[s+](5) = 0.160458,	Delta[s+](6) = 0.0670175,	Delta[s+](7) = 0.160458,	Delta[s+](8) = 0.160458,	Delta[s+](9) = 0.0670175,	Delta[s+](10) = 0.0256724,	Delta[s+](11) = 0.0670175,	Delta[s+](12) = 0.257035,	Delta[s+](13) = 0.160458,	Delta[s+](14) = 0.0670175,	Delta[s+](15) = 0.160458
The 10-th iteration is completed.	|| time cost : 0h 4m 22.03s
********************************************************************************************************************
Start the 11 rounds of NGS-ED iteration
	effective electronic model is modified as: kinetic energy t = 0.789476
	                                           effective interaction Vq = [-3.29996,-2.87049, -2.7084,-2.87049,-2.87049, -2.7084,-2.71356, -2.7084, -2.7084,-2.71356,-3.29664,-2.71356,-2.87049, -2.7084,-2.71356, -2.7084]
	PARPACK diagonalization completed after 30 matrix-vector product operations.
	iteration results: : total energy is -81.241073 | electron energy -81.521782 + phonon energy 0.280708 | electron momentum kIdx = 10
The 11-th iteration is completed.	|| time cost : 0h 0m 27.753s
********************************************************************************************************************
Start the 12 rounds of NGS-ED iteration
	effective electronic model is modified as: kinetic energy t = 0.789648
	                                           effective interaction Vq = [-3.29997,-2.86926,-2.70743,-2.86926,-2.86926,-2.70743,-2.71231,-2.70743,-2.70743,-2.71231,-3.29667,-2.71231,-2.86926,-2.70743,-2.71231,-2.70743]
	PARPACK diagonalization completed after 30 matrix-vector product operations.
	iteration results: : total energy is -81.241133 | electron energy -81.521415 + phonon energy 0.280282 | electron momentum kIdx = 10
The 12-th iteration is completed.	|| time cost : 0h 0m 27.67s
********************************************************************************************************************
Start the 13 rounds of NGS-ED iteration
	effective electronic model is modified as: kinetic energy t = 0.789768
	                                           effective interaction Vq = [-3.29997,-2.86841,-2.70675,-2.86841,-2.86841,-2.70675,-2.71143,-2.70675,-2.70675,-2.71143,-3.29668,-2.71143,-2.86841,-2.70675,-2.71143,-2.70675]
	PARPACK diagonalization completed after 30 matrix-vector product operations.
	iteration results: : total energy is -81.241156 | electron energy -81.521129 + phonon energy 0.279973 | electron momentum kIdx = 10
The 13-th iteration is completed.	|| time cost : 0h 0m 27.457s
********************************************************************************************************************
Start the 14 rounds of NGS-ED iteration
	effective electronic model is modified as: kinetic energy t = 0.789851
	                                           effective interaction Vq = [-3.29997,-2.86782,-2.70628,-2.86782,-2.86782,-2.70628,-2.71083,-2.70628,-2.70628,-2.71083,-3.29669,-2.71083,-2.86782,-2.70628,-2.71083,-2.70628]
	PARPACK diagonalization completed after 30 matrix-vector product operations.
	iteration results: : total energy is -81.241165 | electron energy -81.520918 + phonon energy 0.279753 | electron momentum kIdx = 10
The 14-th iteration is completed.	|| time cost : 0h 0m 27.503s
********************************************************************************************************************
Start the 15 rounds of NGS-ED iteration
	effective electronic model is modified as: kinetic energy t = 0.789909
	                                           effective interaction Vq = [-3.29997,-2.86742,-2.70595,-2.86742,-2.86742,-2.70595,-2.71041,-2.70595,-2.70595,-2.71041, -3.2967,-2.71041,-2.86742,-2.70595,-2.71041,-2.70595]
	PARPACK diagonalization completed after 30 matrix-vector product operations.
	iteration results: : total energy is -81.241169 | electron energy -81.520766 + phonon energy 0.279597 | electron momentum kIdx = 10
The 15-th iteration is completed.	|| time cost : 0h 0m 27.4s
********************************************************************************************************************
Start the 16 rounds of NGS-ED iteration
	effective electronic model is modified as: kinetic energy t = 0.789949
	                                           effective interaction Vq = [-3.29997,-2.86714,-2.70573,-2.86714,-2.86714,-2.70573,-2.71012,-2.70573,-2.70573,-2.71012, -3.2967,-2.71012,-2.86714,-2.70573,-2.71012,-2.70573]
	PARPACK diagonalization completed after 30 matrix-vector product operations.
	iteration results: : total energy is -81.241170 | electron energy -81.520658 + phonon energy 0.279488 | electron momentum kIdx = 10
The 16-th iteration is completed.	|| time cost : 0h 0m 27.501s
********************************************************************************************************************
Start the 17 rounds of NGS-ED iteration
	effective electronic model is modified as: kinetic energy t = 0.789977
	                                           effective interaction Vq = [-3.29997,-2.86695,-2.70557,-2.86695,-2.86695,-2.70557,-2.70992,-2.70557,-2.70557,-2.70992, -3.2967,-2.70992,-2.86695,-2.70557,-2.70992,-2.70557]
	PARPACK diagonalization completed after 30 matrix-vector product operations.
	iteration results: : total energy is -81.241171 | electron energy -81.520583 + phonon energy 0.279412 | electron momentum kIdx = 10
The 17-th iteration is completed.	|| time cost : 0h 0m 27.694s
********************************************************************************************************************
Start the 18 rounds of NGS-ED iteration
	effective electronic model is modified as: kinetic energy t = 0.789996
	                                           effective interaction Vq = [-3.29997,-2.86682,-2.70546,-2.86682,-2.86682,-2.70546,-2.70979,-2.70546,-2.70546,-2.70979, -3.2967,-2.70979,-2.86682,-2.70546,-2.70979,-2.70546]
	PARPACK diagonalization completed after 30 matrix-vector product operations.
	iteration results: : total energy is -81.241171 | electron energy -81.520531 + phonon energy 0.279360 | electron momentum kIdx = 10
The 18-th iteration is completed.	|| time cost : 0h 0m 27.425s
********************************************************************************************************************
Start the 19 rounds of NGS-ED iteration
	effective electronic model is modified as: kinetic energy t = 0.790009
	                                           effective interaction Vq = [-3.29997,-2.86673,-2.70539,-2.86673,-2.86673,-2.70539,-2.70969,-2.70539,-2.70539,-2.70969, -3.2967,-2.70969,-2.86673,-2.70539,-2.70969,-2.70539]
	PARPACK diagonalization completed after 30 matrix-vector product operations.
	iteration results: : total energy is -81.241171 | electron energy -81.520494 + phonon energy 0.279323 | electron momentum kIdx = 10
The 19-th iteration is completed.	|| time cost : 0h 0m 27.404s
********************************************************************************************************************
Start the 20 rounds of NGS-ED iteration
	effective electronic model is modified as: kinetic energy t = 0.790018
	                                           effective interaction Vq = [-3.29997,-2.86667,-2.70534,-2.86667,-2.86667,-2.70534,-2.70963,-2.70534,-2.70534,-2.70963, -3.2967,-2.70963,-2.86667,-2.70534,-2.70963,-2.70534]
	PARPACK diagonalization completed after 30 matrix-vector product operations.
	iteration results: : total energy is -81.241171 | electron energy -81.520469 + phonon energy 0.279298 | electron momentum kIdx = 10
