SNEDics v3.22.2 Non-Gaussian ED ground state program		Start at Sun Apr 24 22:01:36 2022

Parallelization: 32 MPI threads  * 8 OpenMP threads = 256 total threads.
********************************************************************************************************************
********************************************************************************************************************

********************************************************************************************************************
System parameters and configurations
	special program options are enabled: splitted diagonal Hamiltonian | splitted Hamiltonian terms
********************************************************************************************************************
Read input file "model_params.in"
	Hubbard-Holstein model parameters : 	t = 1    U = 8    g = 0.2    W = 0.2    g' = 0.2    
********************************************************************************************************************
Read input file "hilbertspace_params.in"
	Requested 16-site 2D lattice, with 12 electrons (6, 6)
	Boundary : Periodic		Hilbert space representation : momentum-space (restricted to kIdx = 10)
	Conservation: particle number[U(1)]      spin[U(1)]     momentum
********************************************************************************************************************

Cluster Positions:				Cluster symmetry group : D4
 x ... x ... x ... x .....                       x ... x ... x ... x .....
 |           |           :                       |           |           :
 |           |           :                       |           |           :
12    13    14    15     x                       1     5     6     5     x
 |           |           :                       |           |           :
 |           |           :                       |           |           :
 8 --- 9 ---10 ---11 --- x                       2 --- 6 ---10 --- 6 --- x
 |           |           :                       |           |           :
 |           |           :                       |           |           :
 4     5     6     7     x                       1     5     6     5     x
 |           |           :                       |           |           :
 |           |           :                       |           |           :
 0 --- 1 --- 2 --- 3 --- x                       0 --- 1 --- 2 --- 1 --- x
orbital number : 1
********************************************************************************************************************
Read input file "obs_params.in"
	Observable Type : Nq(All),   Sq(All),   N(All-Orbital),   Delta[s](All),   Delta[d](All),   Delta[s+](All)
** WARNING ** the input observables have non-local factors which have been reinterpreted. The total observable number is 96
********************************************************************************************************************


********************************************************************************************************************
Start calculating the non-Gaussian ED ground state
Maximal iteration number is 1000; energy resolution is 1e-06. Phonon state relaxation time is 2000
W = 0.2 is relatively large. The non-Gaussian ED calculation starts directly.
open output files: NGSED_iteration_observables.txt
********************************************************************************************************************
Start the 0 rounds of NGS-ED iteration
	effective electronic model is modified as: kinetic energy t = 1
	                                           effective interaction Vq = [0,0,0,0,0,0,0,0,0,0,0,0,0,0,0,0]
	first Hamiltonian is constructed, size = 4008592 and non-zero numbers = 969134084
	PARPACK diagonalization completed after 150 matrix-vector product operations.
	iteration results: : total energy is -14.925310 | electron energy -14.925310 + phonon energy 0.000000 | electron momentum kIdx = 10
	Nq(0) = 9,	Nq(1) = 0.191675,	Nq(2) = 0.238629,	Nq(3) = 0.191675,	Nq(4) = 0.191675,	Nq(5) = 0.259295,	
	Nq(6) = 0.314107,	Nq(7) = 0.259295,	Nq(8) = 0.238629,	Nq(9) = 0.314107,	Nq(10) = 0.369338,	
	Nq(11) = 0.314107,	Nq(12) = 0.191675,	Nq(13) = 0.259295,	Nq(14) = 0.314107,	Nq(15) = 0.259295;	
	Sq(0) = -1.73566e-18,	Sq(1) = 0.554662,	Sq(2) = 0.921866,	Sq(3) = 0.554662,	Sq(4) = 0.554662,	
	Sq(5) = 0.548737,	Sq(6) = 1.01287,	Sq(7) = 0.548737,	Sq(8) = 0.921866,	Sq(9) = 1.01287,	
	Sq(10) = 0.784303,	Sq(11) = 1.01287,	Sq(12) = 0.554662,	Sq(13) = 0.548737,	Sq(14) = 1.01287,	
	Sq(15) = 0.548737;	N(0) = 1.76735,	N(1) = 1.6264,	N(2) = 0.275186,	N(3) = 1.6264,	
	N(4) = 1.6264,	N(5) = 0.626534,	N(6) = 0.144321,	N(7) = 0.626534,	N(8) = 0.275186,	
	N(9) = 0.144321,	N(10) = 0.0932732,	N(11) = 0.144321,	N(12) = 1.6264,	N(13) = 0.626534,	
	N(14) = 0.144321,	N(15) = 0.626534;	Delta[s](0) = 0.0646287,	Delta[s](1) = 0.044926,	Delta[s](2) = 0.0260565,	
	Delta[s](3) = 0.044926,	Delta[s](4) = 0.044926,	Delta[s](5) = 0.029219,	Delta[s](6) = 0.00985498,	Delta[s](7) = 0.029219,	
	Delta[s](8) = 0.0260565,	Delta[s](9) = 0.00985498,	Delta[s](10) = 0.000708305,	Delta[s](11) = 0.00985498,	Delta[s](12) = 0.044926,	
	Delta[s](13) = 0.029219,	Delta[s](14) = 0.00985498,	Delta[s](15) = 0.029219;	Delta[d](0) = 0.197376,	Delta[d](1) = 0.128976,	
	Delta[d](2) = 0.162031,	Delta[d](3) = 0.128976,	Delta[d](4) = 0.128976,	Delta[d](5) = 0.118385,	Delta[d](6) = 0.0884526,	
	Delta[d](7) = 0.118385,	Delta[d](8) = 0.162031,	Delta[d](9) = 0.0884526,	Delta[d](10) = 0.039026,	Delta[d](11) = 0.0884526,	
	Delta[d](12) = 0.128976,	Delta[d](13) = 0.118385,	Delta[d](14) = 0.0884526,	Delta[d](15) = 0.118385;	Delta[s+](0) = 0.52651,	
	Delta[s+](1) = 0.359337,	Delta[s+](2) = 0.162031,	Delta[s+](3) = 0.359337,	Delta[s+](4) = 0.359337,	Delta[s+](5) = 0.206658,	
	Delta[s+](6) = 0.0634056,	Delta[s+](7) = 0.206658,	Delta[s+](8) = 0.162031,	Delta[s+](9) = 0.0634056,	Delta[s+](10) = 0.0163046,	
	Delta[s+](11) = 0.0634056,	Delta[s+](12) = 0.359337,	Delta[s+](13) = 0.206658,	Delta[s+](14) = 0.0634056,	Delta[s+](15) = 0.206658
	
The 0-th iteration is completed.	|| time cost : 0h 2m 3.993s
********************************************************************************************************************
Start the 1 rounds of NGS-ED iteration
	effective electronic model is modified as: kinetic energy t = 0.992076
	                                           effective interaction Vq = [        -5,    -0.272,-0.0158915,    -0.272,    -0.272,-0.0172304,-0.0140912,-0.0172304,-0.0158915,-0.0140912, -0.139742,-0.0140912,    -0.272,-0.0172304,-0.0140912,-0.0172304]
	PARPACK diagonalization completed after 45 matrix-vector product operations.
	iteration results: : total energy is -60.069333 | electron energy -60.085016 + phonon energy 0.015683 | electron momentum kIdx = 10
The 1-th iteration is completed.	|| time cost : 0h 1m 17.848s
********************************************************************************************************************
Start the 2 rounds of NGS-ED iteration
	effective electronic model is modified as: kinetic energy t = 0.991669
	                                           effective interaction Vq = [        -5, -0.283513,-0.0157973, -0.283513, -0.283513,-0.0170683,-0.0139955,-0.0170683,-0.0157973,-0.0139955, -0.142449,-0.0139955, -0.283513,-0.0170683,-0.0139955,-0.0170683]
	PARPACK diagonalization completed after 30 matrix-vector product operations.
	iteration results: : total energy is -60.069478 | electron energy -60.087244 + phonon energy 0.017766 | electron momentum kIdx = 10
The 2-th iteration is completed.	|| time cost : 0h 0m 9.339s
********************************************************************************************************************
Start the 3 rounds of NGS-ED iteration
	effective electronic model is modified as: kinetic energy t = 0.991651
	                                           effective interaction Vq = [        -5, -0.284065,-0.0157935, -0.284065, -0.284065,-0.0170612,-0.0139913,-0.0170612,-0.0157935,-0.0139913, -0.142484,-0.0139913, -0.284065,-0.0170612,-0.0139913,-0.0170612]
	PARPACK diagonalization completed after 30 matrix-vector product operations.
	iteration results: : total energy is -60.069479 | electron energy -60.087339 + phonon energy 0.017860 | electron momentum kIdx = 10
The 3-th iteration is completed.	|| time cost : 0h 0m 9.35s
********************************************************************************************************************
Start the 4 rounds of NGS-ED iteration
	effective electronic model is modified as: kinetic energy t = 0.99165
	                                           effective interaction Vq = [        -5, -0.284092,-0.0157934, -0.284092, -0.284092,-0.0170608,-0.0139911,-0.0170608,-0.0157934,-0.0139911, -0.142483,-0.0139911, -0.284092,-0.0170608,-0.0139911,-0.0170608]
	PARPACK diagonalization completed after 30 matrix-vector product operations.
	iteration results: : total energy is -60.069479 | electron energy -60.087343 + phonon energy 0.017864 | electron momentum kIdx = 10
The 4-th iteration is completed.	|| time cost : 0h 0m 9.324s
********************************************************************************************************************
Start the 5 rounds of NGS-ED iteration
	effective electronic model is modified as: kinetic energy t = 0.99165
	                                           effective interaction Vq = [        -5, -0.284094,-0.0157934, -0.284094, -0.284094,-0.0170608,-0.0139911,-0.0170608,-0.0157934,-0.0139911, -0.142483,-0.0139911, -0.284094,-0.0170608,-0.0139911,-0.0170608]
	PARPACK diagonalization completed after 30 matrix-vector product operations.
	iteration results: : total energy is -60.069479 | electron energy -60.087343 + phonon energy 0.017865 | electron momentum kIdx = 10
The 5-th iteration is completed.	|| time cost : 0h 0m 9.345s
********************************************************************************************************************
Start the 6 rounds of NGS-ED iteration
	effective electronic model is modified as: kinetic energy t = 0.99165
	                                           effective interaction Vq = [        -5, -0.284094,-0.0157934, -0.284094, -0.284094,-0.0170608,-0.0139911,-0.0170608,-0.0157934,-0.0139911, -0.142483,-0.0139911, -0.284094,-0.0170608,-0.0139911,-0.0170608]
	PARPACK diagonalization completed after 30 matrix-vector product operations.
	iteration results: : total energy is -60.069479 | electron energy -60.087343 + phonon energy 0.017865 | electron momentum kIdx = 10
	Nq(0) = 9,	Nq(1) = 0.19828,	Nq(2) = 0.237914,	Nq(3) = 0.19828,	Nq(4) = 0.19828,	Nq(5) = 0.257538,	
	Nq(6) = 0.312893,	Nq(7) = 0.257538,	Nq(8) = 0.237914,	Nq(9) = 0.312893,	Nq(10) = 0.375103,	
	Nq(11) = 0.312893,	Nq(12) = 0.19828,	Nq(13) = 0.257538,	Nq(14) = 0.312893,	Nq(15) = 0.257538;	
	Sq(0) = 3.79534e-18,	Sq(1) = 0.551047,	Sq(2) = 0.918711,	Sq(3) = 0.551047,	Sq(4) = 0.551047,	
	Sq(5) = 0.548168,	Sq(6) = 1.0118,	Sq(7) = 0.548168,	Sq(8) = 0.918711,	Sq(9) = 1.0118,	
	Sq(10) = 0.792751,	Sq(11) = 1.0118,	Sq(12) = 0.551047,	Sq(13) = 0.548168,	Sq(14) = 1.0118,	
	Sq(15) = 0.548168;	N(0) = 1.76948,	N(1) = 1.63423,	N(2) = 0.268814,	N(3) = 1.63423,	
	N(4) = 1.63423,	N(5) = 0.621761,	N(6) = 0.143552,	N(7) = 0.621761,	N(8) = 0.268814,	
	N(9) = 0.143552,	N(10) = 0.0946991,	N(11) = 0.143552,	N(12) = 1.63423,	N(13) = 0.621761,	
	N(14) = 0.143552,	N(15) = 0.621761;	Delta[s](0) = 0.065787,	Delta[s](1) = 0.0457538,	Delta[s](2) = 0.0266794,	
	Delta[s](3) = 0.0457538,	Delta[s](4) = 0.0457538,	Delta[s](5) = 0.0299311,	Delta[s](6) = 0.0100602,	Delta[s](7) = 0.0299311,	
	Delta[s](8) = 0.0266794,	Delta[s](9) = 0.0100602,	Delta[s](10) = 0.000761845,	Delta[s](11) = 0.0100602,	Delta[s](12) = 0.0457538,	
	Delta[s](13) = 0.0299311,	Delta[s](14) = 0.0100602,	Delta[s](15) = 0.0299311;	Delta[d](0) = 0.200448,	Delta[d](1) = 0.128741,	
	Delta[d](2) = 0.162513,	Delta[d](3) = 0.128741,	Delta[d](4) = 0.128741,	Delta[d](5) = 0.118844,	Delta[d](6) = 0.0877652,	
	Delta[d](7) = 0.118844,	Delta[d](8) = 0.162513,	Delta[d](9) = 0.0877652,	Delta[d](10) = 0.0387522,	Delta[d](11) = 0.0877652,	
	Delta[d](12) = 0.128741,	Delta[d](13) = 0.118844,	Delta[d](14) = 0.0877652,	Delta[d](15) = 0.118844;	Delta[s+](0) = 0.529219,	
	Delta[s+](1) = 0.360934,	Delta[s+](2) = 0.162513,	Delta[s+](3) = 0.360934,	Delta[s+](4) = 0.360934,	Delta[s+](5) = 0.207314,	
	Delta[s+](6) = 0.0634318,	Delta[s+](7) = 0.207314,	Delta[s+](8) = 0.162513,	Delta[s+](9) = 0.0634318,	Delta[s+](10) = 0.016531,	
	Delta[s+](11) = 0.0634318,	Delta[s+](12) = 0.360934,	Delta[s+](13) = 0.207314,	Delta[s+](14) = 0.0634318,	Delta[s+](15) = 0.207314
	
The 6-th iteration is completed.	|| time cost : 0h 1m 19.421s
********************************************************************************************************************
********************************************************************************************************************
Ground state is obtained after 7 iterations. The current ground-state energy is -60.0695, in which electron energy is -60.0873 and phonon energy is 0.0178646
Final variational state is: 
	Gamma_x = [      1,1.30526,1.01857,1.30526,1.30526,1.02171,1.02172,1.02171,1.01857,1.02172, 1.2954,1.02172,1.30526,1.02171,1.02172,1.02171]
	lambda_q = [         5,  0.246905, 0.0402952,  0.246905,  0.246905, 0.0436026,-0.0356118, 0.0436026, 0.0402952,-0.0356118, -0.121183,-0.0356118,  0.246905, 0.0436026,-0.0356118, 0.0436026]
Effective e-e interactions mediated by phonons are:
	momentum-space Vq = [        -5, -0.284094,-0.0157934, -0.284094, -0.284094,-0.0170608,-0.0139911,-0.0170608,-0.0157934,-0.0139911, -0.142483,-0.0139911, -0.284094,-0.0170608,-0.0139911,-0.0170608]
	real-space Vr = [-0.402166,-0.337358,-0.319114,-0.337358,-0.337358,-0.319431,-0.269832,-0.319431,-0.319114,-0.269832,-0.253123,-0.269832,-0.337358,-0.319431,-0.269832,-0.319431]
********************************************************************************************************************
o___o  ----------------------------------------
| L |	Time since last clock: 0h 0m 0.011s
A===A	Time since the beginning: 0h 5m 18.634s
***********************************************


Non-Gaussina ED ground state calculation is completed. The final ground-state energy is -60.0695
********************************************************************************************************************
o___o  ----------------------------------------
| L |	Time since last clock: 0h 0m 0.002s
A===A	Time since the beginning: 0h 5m 18.636s
***********************************************



********************************************************************************************************************
All non-Gaussian ED ground state calculations have been completed. Exit now.
