SNEDics v3.4 Non-Gaussian ED ground state program		Start at Sat Sep 28 12:28:29 2019

parallized on 16 MPI threads  * 8 OpenMP threads = 128 total threads.
********************************************************************************************************************
********************************************************************************************************************

********************************************************************************************************************
System parameters and configurations
********************************************************************************************************************
Special program options are enabled: splitted diagonal Hamiltonian
********************************************************************************************************************
Read input file "model_params.in"
	Hubbard-Holstein model parameters : 	t = 1    U = 6    g = 1.5811    W = 5    
********************************************************************************************************************
Read input file "hilbertspace_params.in"
	Requested 16-site 2D lattice, with 10 electrons (5, 5)
	Boundary : Periodic		Hilbert space representation : momentum-space (restricted to kIdx = 0)
	Conservation: particle number[U(1)]      spin[U(1)]     momentum
********************************************************************************************************************

Cluster Positions:				Cluster symmetry group : D4
 x ... x ... x ... x .....                       x ... x ... x ... x .....
 |           |           :                       |           |           :
 |           |           :                       |           |           :
12    13    14    15     x                       1     5     6     5     x
 |           |           :                       |           |           :
 |           |           :                       |           |           :
 8 --- 9 ---10 ---11 --- x                       2 --- 6 ---10 --- 6 --- x
 |           |           :                       |           |           :
 |           |           :                       |           |           :
 4     5     6     7     x                       1     5     6     5     x
 |           |           :                       |           |           :
 |           |           :                       |           |           :
 0 --- 1 --- 2 --- 3 --- x                       0 --- 1 --- 2 --- 1 --- x
orbital number : 1
********************************************************************************************************************
Read input file "obs_params.in"
	Observable Type : Nq(All),   Sq(All),   N(All),   Delta[s](All),   Delta[d](All),   Delta[s+](All)
********************************************************************************************************************
** WARNING ** the input observables have non-local factors which have been reinterpreted. The total observable number is 96
********************************************************************************************************************


********************************************************************************************************************
Start calculating the non-Gaussian ED ground state
** WARNING ** Detected low phonon energy W < 10. The initial state will be prepared through a warm-up process.
********************************************************************************************************************
Start warm-up calculation for scaling factor 2
open output files: NGSEDWarmUpW10Obs.txt
********************************************************************************************************************
Start the 0 rounds of NGS-ED iteration
	effective electronic model is modified as: kinetic energy t = 1
	                                           effective interaction Vq = [-0,-0,-0,-0,-0,-0,-0,-0,-0,-0,-0,-0,-0,-0,-0,-0]
	first Hamiltonian is constructed, non-zero numbers = 242521378
	PARPACK diagonalization completed after 60 matrix-vector product operations.
	iteration results: : total energy is -18.358365 | electron energy -18.358365 + phonon energy 0.000000 | electron momentum kIdx = 0
	Nq(0) = 6.25,	Nq(1) = 0.235052,	Nq(2) = 0.294071,	Nq(3) = 0.235052,	Nq(4) = 0.235052,	Nq(5) = 0.294071,	Nq(6) = 0.395925,	Nq(7) = 0.294071,	Nq(8) = 0.294071,	Nq(9) = 0.395925,	Nq(10) = 0.469567,	Nq(11) = 0.395925,	Nq(12) = 0.235052,	Nq(13) = 0.294071,	Nq(14) = 0.395925,	Nq(15) = 0.294071,	Sq(0) = 6.42618e-20,	Sq(1) = 0.500855,	Sq(2) = 0.439219,	Sq(3) = 0.500855,	Sq(4) = 0.500855,	Sq(5) = 0.439219,	Sq(6) = 0.9013,	Sq(7) = 0.439219,	Sq(8) = 0.439219,	Sq(9) = 0.9013,	Sq(10) = 0.748164,	Sq(11) = 0.9013,	Sq(12) = 0.500855,	Sq(13) = 0.439219,	Sq(14) = 0.9013,	Sq(15) = 0.439219,	N(0) = 1.88862,	N(1) = 1.79427,	N(2) = 0.119607,	N(3) = 1.79427,	N(4) = 1.79427,	N(5) = 0.119607,	N(6) = 0.0425139,	N(7) = 0.119607,	N(8) = 0.119607,	N(9) = 0.0425139,	N(10) = 0.0466098,	N(11) = 0.0425139,	N(12) = 1.79427,	N(13) = 0.119607,	N(14) = 0.0425139,	N(15) = 0.119607,	Delta[s](0) = 0.0859382,	Delta[s](1) = 0.0500405,	Delta[s](2) = 0.0343779,	Delta[s](3) = 0.0500405,	Delta[s](4) = 0.0500405,	Delta[s](5) = 0.0343779,	Delta[s](6) = 0.00248121,	Delta[s](7) = 0.0343779,	Delta[s](8) = 0.0343779,	Delta[s](9) = 0.00248121,	Delta[s](10) = 0.00165654,	Delta[s](11) = 0.00248121,	Delta[s](12) = 0.0500405,	Delta[s](13) = 0.0343779,	Delta[s](14) = 0.00248121,	Delta[s](15) = 0.0343779,	Delta[d](0) = 0.212944,	Delta[d](1) = 0.0852989,	Delta[d](2) = 0.149959,	Delta[d](3) = 0.0852989,	Delta[d](4) = 0.0852989,	Delta[d](5) = 0.10402,	Delta[d](6) = 0.0261486,	Delta[d](7) = 0.10402,	Delta[d](8) = 0.149959,	Delta[d](9) = 0.0261486,	Delta[d](10) = 0.0134324,	Delta[d](11) = 0.0261486,	Delta[d](12) = 0.0852989,	Delta[d](13) = 0.10402,	Delta[d](14) = 0.0261486,	Delta[d](15) = 0.10402,	Delta[s+](0) = 0.560729,	Delta[s+](1) = 0.341044,	Delta[s+](2) = 0.149959,	Delta[s+](3) = 0.341044,	Delta[s+](4) = 0.341044,	Delta[s+](5) = 0.149959,	Delta[s+](6) = 0.00925502,	Delta[s+](7) = 0.149959,	Delta[s+](8) = 0.149959,	Delta[s+](9) = 0.00925502,	Delta[s+](10) = 0.00300731,	Delta[s+](11) = 0.00925502,	Delta[s+](12) = 0.341044,	Delta[s+](13) = 0.149959,	Delta[s+](14) = 0.00925502,	Delta[s+](15) = 0.149959
The 0-th iteration is completed.	|| time cost : 0h 0m 45.413s
********************************************************************************************************************
Start the 1 rounds of NGS-ED iteration
	effective electronic model is modified as: kinetic energy t = 0.98628
	                                           effective interaction Vq = [-0.432311,-0.404855,-0.388649,-0.404855,-0.404855,-0.388649,-0.383828,-0.388649,-0.388649,-0.383828,-0.378024,-0.383828,-0.404855,-0.388649,-0.383828,-0.388649]
	PARPACK diagonalization completed after 30 matrix-vector product operations.
	iteration results: : total energy is -22.642535 | electron energy -22.642731 + phonon energy 0.000195 | electron momentum kIdx = 0
The 1-th iteration is completed.	|| time cost : 0h 0m 39.85s
********************************************************************************************************************
Start the 2 rounds of NGS-ED iteration
	effective electronic model is modified as: kinetic energy t = 0.979043
	                                           effective interaction Vq = [-0.490818,-0.461867,-0.440188,-0.461867,-0.461867,-0.440188,-0.434494,-0.440188,-0.440188,-0.434494,-0.425974,-0.434494,-0.461867,-0.440188,-0.434494,-0.440188]
	PARPACK diagonalization completed after 30 matrix-vector product operations.
	iteration results: : total energy is -23.104644 | electron energy -23.105708 + phonon energy 0.001064 | electron momentum kIdx = 0
The 2-th iteration is completed.	|| time cost : 0h 0m 2.293s
********************************************************************************************************************
Start the 3 rounds of NGS-ED iteration
	effective electronic model is modified as: kinetic energy t = 0.977058
	                                           effective interaction Vq = [-0.498736,-0.473433,-0.450273,-0.473433,-0.473433,-0.450273,-0.444312,-0.450273,-0.450273,-0.444312,-0.434919,-0.444312,-0.473433,-0.450273,-0.444312,-0.450273]
	PARPACK diagonalization completed after 30 matrix-vector product operations.
	iteration results: : total energy is -23.160301 | electron energy -23.161928 + phonon energy 0.001627 | electron momentum kIdx = 0
The 3-th iteration is completed.	|| time cost : 0h 0m 2.284s
********************************************************************************************************************
Start the 4 rounds of NGS-ED iteration
	effective electronic model is modified as: kinetic energy t = 0.976555
	                                           effective interaction Vq = [-0.499808,-0.476346,-0.452586,-0.476346,-0.476346,-0.452586,-0.446514,-0.452586,-0.452586,-0.446514,-0.436826,-0.446514,-0.476346,-0.452586,-0.446514,-0.452586]
	PARPACK diagonalization completed after 30 matrix-vector product operations.
	iteration results: : total energy is -23.167408 | electron energy -23.169231 + phonon energy 0.001823 | electron momentum kIdx = 0
The 4-th iteration is completed.	|| time cost : 0h 0m 2.283s
********************************************************************************************************************
Start the 5 rounds of NGS-ED iteration
	effective electronic model is modified as: kinetic energy t = 0.976429
	                                           effective interaction Vq = [-0.499953,-0.477145,-0.453141,-0.477145,-0.477145,-0.453141,-0.447029,-0.453141,-0.453141,-0.447029,-0.437247,-0.447029,-0.477145,-0.453141,-0.447029,-0.453141]
	PARPACK diagonalization completed after 30 matrix-vector product operations.
	iteration results: : total energy is -23.168342 | electron energy -23.170220 + phonon energy 0.001878 | electron momentum kIdx = 0
The 5-th iteration is completed.	|| time cost : 0h 0m 2.305s
********************************************************************************************************************
Start the 6 rounds of NGS-ED iteration
	effective electronic model is modified as: kinetic energy t = 0.976397
	                                           effective interaction Vq = [-0.499972,-0.477371,-0.453277,-0.477371,-0.477371,-0.453277,-0.447151,-0.453277,-0.453277,-0.447151,-0.437341,-0.447151,-0.477371,-0.453277,-0.447151,-0.453277]
	PARPACK diagonalization completed after 30 matrix-vector product operations.
	iteration results: : total energy is -23.168467 | electron energy -23.170359 + phonon energy 0.001892 | electron momentum kIdx = 0
The 6-th iteration is completed.	|| time cost : 0h 0m 2.301s
********************************************************************************************************************
Start the 7 rounds of NGS-ED iteration
	effective electronic model is modified as: kinetic energy t = 0.976389
	                                           effective interaction Vq = [-0.499975,-0.477435, -0.45331,-0.477435,-0.477435, -0.45331, -0.44718, -0.45331, -0.45331, -0.44718,-0.437362, -0.44718,-0.477435, -0.45331, -0.44718, -0.45331]
	PARPACK diagonalization completed after 30 matrix-vector product operations.
	iteration results: : total energy is -23.168484 | electron energy -23.170380 + phonon energy 0.001896 | electron momentum kIdx = 0
	Nq(0) = 6.25,	Nq(1) = 0.246212,	Nq(2) = 0.300899,	Nq(3) = 0.246212,	Nq(4) = 0.246212,	Nq(5) = 0.300899,	Nq(6) = 0.411354,	Nq(7) = 0.300899,	Nq(8) = 0.300899,	Nq(9) = 0.411354,	Nq(10) = 0.481079,	Nq(11) = 0.411354,	Nq(12) = 0.246212,	Nq(13) = 0.300899,	Nq(14) = 0.411354,	Nq(15) = 0.300899,	Sq(0) = -1.21273e-19,	Sq(1) = 0.491555,	Sq(2) = 0.434256,	Sq(3) = 0.491555,	Sq(4) = 0.491555,	Sq(5) = 0.434256,	Sq(6) = 0.879034,	Sq(7) = 0.434256,	Sq(8) = 0.434256,	Sq(9) = 0.879034,	Sq(10) = 0.74537,	Sq(11) = 0.879034,	Sq(12) = 0.491555,	Sq(13) = 0.434256,	Sq(14) = 0.879034,	Sq(15) = 0.434256,	N(0) = 1.91028,	N(1) = 1.82767,	N(2) = 0.0999593,	N(3) = 1.82767,	N(4) = 1.82767,	N(5) = 0.0999593,	N(6) = 0.0351259,	N(7) = 0.0999593,	N(8) = 0.0999593,	N(9) = 0.0351259,	N(10) = 0.0387904,	N(11) = 0.0351259,	N(12) = 1.82767,	N(13) = 0.0999593,	N(14) = 0.0351259,	N(15) = 0.0999593,	Delta[s](0) = 0.0968882,	Delta[s](1) = 0.0561687,	Delta[s](2) = 0.0403862,	Delta[s](3) = 0.0561687,	Delta[s](4) = 0.0561687,	Delta[s](5) = 0.0403862,	Delta[s](6) = 0.00407527,	Delta[s](7) = 0.0403862,	Delta[s](8) = 0.0403862,	Delta[s](9) = 0.00407527,	Delta[s](10) = 0.00318718,	Delta[s](11) = 0.00407527,	Delta[s](12) = 0.0561687,	Delta[s](13) = 0.0403862,	Delta[s](14) = 0.00407527,	Delta[s](15) = 0.0403862,	Delta[d](0) = 0.217378,	Delta[d](1) = 0.0837645,	Delta[d](2) = 0.149832,	Delta[d](3) = 0.0837645,	Delta[d](4) = 0.0837645,	Delta[d](5) = 0.107204,	Delta[d](6) = 0.02425,	Delta[d](7) = 0.107204,	Delta[d](8) = 0.149832,	Delta[d](9) = 0.02425,	Delta[d](10) = 0.0127127,	Delta[d](11) = 0.02425,	Delta[d](12) = 0.0837645,	Delta[d](13) = 0.107204,	Delta[d](14) = 0.02425,	Delta[d](15) = 0.107204,	Delta[s+](0) = 0.560775,	Delta[s+](1) = 0.342004,	Delta[s+](2) = 0.149832,	Delta[s+](3) = 0.342004,	Delta[s+](4) = 0.342004,	Delta[s+](5) = 0.149832,	Delta[s+](6) = 0.00919181,	Delta[s+](7) = 0.149832,	Delta[s+](8) = 0.149832,	Delta[s+](9) = 0.00919181,	Delta[s+](10) = 0.00295086,	Delta[s+](11) = 0.00919181,	Delta[s+](12) = 0.342004,	Delta[s+](13) = 0.149832,	Delta[s+](14) = 0.00919181,	Delta[s+](15) = 0.149832
The 7-th iteration is completed.	|| time cost : 0h 0m 22.179s
********************************************************************************************************************
********************************************************************************************************************
Ground state is obtained after 8 iterations. The current ground-state energy is -23.1685, in which electron energy is -23.1704 and phonon energy is 0.00189593
final variational state is: 
	Gamma_x = [      1,1.00412, 1.0064,1.00412,1.00412, 1.0064,1.00906, 1.0064, 1.0064,1.00906,1.01106,1.00906,1.00412, 1.0064,1.00906, 1.0064]
	lambda_q = [0.223526,0.176143,0.155295,0.176143,0.176143,0.155295,0.150945,0.155295,0.155295,0.150945,0.144475,0.150945,0.176143,0.155295,0.150945,0.155295]
********************************************************************************************************************
o___o  ----------------------------------------
| L |	Time since last clock: 0h 0m 0s
A===A	Time since the beginning: 0h 1m 58.912s
***********************************************


********************************************************************************************************************
Warm up runs have been completed. Start calculating W = 5 phonon.
open output files: NGSEDIterationObs.txt
********************************************************************************************************************
Start the 0 rounds of NGS-ED iteration
	effective electronic model is modified as: kinetic energy t = 0.976387
	                                           effective interaction Vq = [-0.457015,-0.401868,-0.370491,-0.401868,-0.401868,-0.370491,-0.363397,-0.370491,-0.370491,-0.363397,-0.352494,-0.363397,-0.401868,-0.370491,-0.363397,-0.370491]
	PARPACK diagonalization completed after 30 matrix-vector product operations.
	iteration results: : total energy is -22.499738 | electron energy -22.500686 + phonon energy 0.000948 | electron momentum kIdx = 0
	Nq(0) = 6.25,	Nq(1) = 0.244183,	Nq(2) = 0.299309,	Nq(3) = 0.244183,	Nq(4) = 0.244183,	Nq(5) = 0.299309,	Nq(6) = 0.407575,	Nq(7) = 0.299309,	Nq(8) = 0.299309,	Nq(9) = 0.407575,	Nq(10) = 0.477868,	Nq(11) = 0.407575,	Nq(12) = 0.244183,	Nq(13) = 0.299309,	Nq(14) = 0.407575,	Nq(15) = 0.299309,	Sq(0) = -1.05657e-17,	Sq(1) = 0.493552,	Sq(2) = 0.435447,	Sq(3) = 0.493552,	Sq(4) = 0.493552,	Sq(5) = 0.435447,	Sq(6) = 0.883896,	Sq(7) = 0.435447,	Sq(8) = 0.435447,	Sq(9) = 0.883896,	Sq(10) = 0.746774,	Sq(11) = 0.883896,	Sq(12) = 0.493552,	Sq(13) = 0.435447,	Sq(14) = 0.883896,	Sq(15) = 0.435447,	N(0) = 1.90564,	N(1) = 1.82066,	N(2) = 0.103985,	N(3) = 1.82066,	N(4) = 1.82066,	N(5) = 0.103985,	N(6) = 0.036807,	N(7) = 0.103985,	N(8) = 0.103985,	N(9) = 0.036807,	N(10) = 0.0405956,	N(11) = 0.036807,	N(12) = 1.82066,	N(13) = 0.103985,	N(14) = 0.036807,	N(15) = 0.103985,	Delta[s](0) = 0.0932969,	Delta[s](1) = 0.0544695,	Delta[s](2) = 0.0389305,	Delta[s](3) = 0.0544695,	Delta[s](4) = 0.0544695,	Delta[s](5) = 0.0389305,	Delta[s](6) = 0.00431826,	Delta[s](7) = 0.0389305,	Delta[s](8) = 0.0389305,	Delta[s](9) = 0.00431826,	Delta[s](10) = 0.00334363,	Delta[s](11) = 0.00431826,	Delta[s](12) = 0.0544695,	Delta[s](13) = 0.0389305,	Delta[s](14) = 0.00431826,	Delta[s](15) = 0.0389305,	Delta[d](0) = 0.21684,	Delta[d](1) = 0.085098,	Delta[d](2) = 0.150911,	Delta[d](3) = 0.085098,	Delta[d](4) = 0.085098,	Delta[d](5) = 0.107095,	Delta[d](6) = 0.0256823,	Delta[d](7) = 0.107095,	Delta[d](8) = 0.150911,	Delta[d](9) = 0.0256823,	Delta[d](10) = 0.0135732,	Delta[d](11) = 0.0256823,	Delta[d](12) = 0.085098,	Delta[d](13) = 0.107095,	Delta[d](14) = 0.0256823,	Delta[d](15) = 0.107095,	Delta[s+](0) = 0.563137,	Delta[s+](1) = 0.343447,	Delta[s+](2) = 0.150911,	Delta[s+](3) = 0.343447,	Delta[s+](4) = 0.343447,	Delta[s+](5) = 0.150911,	Delta[s+](6) = 0.00987503,	Delta[s+](7) = 0.150911,	Delta[s+](8) = 0.150911,	Delta[s+](9) = 0.00987503,	Delta[s+](10) = 0.00313995,	Delta[s+](11) = 0.00987503,	Delta[s+](12) = 0.343447,	Delta[s+](13) = 0.150911,	Delta[s+](14) = 0.00987503,	Delta[s+](15) = 0.150911
The 0-th iteration is completed.	|| time cost : 0h 0m 21.404s
********************************************************************************************************************
Start the 1 rounds of NGS-ED iteration
	effective electronic model is modified as: kinetic energy t = 0.974001
	                                           effective interaction Vq = [-0.484171,-0.422759,-0.383179,-0.422759,-0.422759,-0.383179,-0.373839,-0.383179,-0.383179,-0.373839,-0.359995,-0.373839,-0.422759,-0.383179,-0.373839,-0.383179]
	PARPACK diagonalization completed after 30 matrix-vector product operations.
	iteration results: : total energy is -22.679637 | electron energy -22.682379 + phonon energy 0.002741 | electron momentum kIdx = 0
The 1-th iteration is completed.	|| time cost : 0h 0m 2.283s
********************************************************************************************************************
Start the 2 rounds of NGS-ED iteration
	effective electronic model is modified as: kinetic energy t = 0.972941
	                                           effective interaction Vq = [-0.494161,-0.431819,-0.388261,-0.431819,-0.431819,-0.388261,-0.378031,-0.388261,-0.388261,-0.378031, -0.36299,-0.378031,-0.431819,-0.388261,-0.378031,-0.388261]
	PARPACK diagonalization completed after 30 matrix-vector product operations.
	iteration results: : total energy is -22.744148 | electron energy -22.748058 + phonon energy 0.003910 | electron momentum kIdx = 0
The 2-th iteration is completed.	|| time cost : 0h 0m 2.294s
********************************************************************************************************************
Start the 3 rounds of NGS-ED iteration
	effective electronic model is modified as: kinetic energy t = 0.972475
	                                           effective interaction Vq = [-0.497837,-0.435932,-0.390351,-0.435932,-0.435932,-0.390351,-0.379752,-0.390351,-0.390351,-0.379752,-0.364206,-0.379752,-0.435932,-0.390351,-0.379752,-0.390351]
	PARPACK diagonalization completed after 30 matrix-vector product operations.
	iteration results: : total energy is -22.767548 | electron energy -22.772071 + phonon energy 0.004523 | electron momentum kIdx = 0
The 3-th iteration is completed.	|| time cost : 0h 0m 2.284s
********************************************************************************************************************
Start the 4 rounds of NGS-ED iteration
	effective electronic model is modified as: kinetic energy t = 0.97227
	                                           effective interaction Vq = [-0.499189,-0.437847,-0.391223,-0.437847,-0.437847,-0.391223,-0.380467,-0.391223,-0.391223,-0.380467,-0.364704,-0.380467,-0.437847,-0.391223,-0.380467,-0.391223]
	PARPACK diagonalization completed after 30 matrix-vector product operations.
	iteration results: : total energy is -22.776089 | electron energy -22.780907 + phonon energy 0.004818 | electron momentum kIdx = 0
The 4-th iteration is completed.	|| time cost : 0h 0m 2.285s
********************************************************************************************************************
Start the 5 rounds of NGS-ED iteration
	effective electronic model is modified as: kinetic energy t = 0.972179
	                                           effective interaction Vq = [-0.499686, -0.43875, -0.39159, -0.43875, -0.43875, -0.39159,-0.380767, -0.39159, -0.39159,-0.380767,-0.364908,-0.380767, -0.43875, -0.39159,-0.380767, -0.39159]
	PARPACK diagonalization completed after 30 matrix-vector product operations.
	iteration results: : total energy is -22.779217 | electron energy -22.784172 + phonon energy 0.004955 | electron momentum kIdx = 0
The 5-th iteration is completed.	|| time cost : 0h 0m 2.297s
********************************************************************************************************************
Start the 6 rounds of NGS-ED iteration
	effective electronic model is modified as: kinetic energy t = 0.972139
	                                           effective interaction Vq = [-0.499869,-0.439178,-0.391745,-0.439178,-0.439178,-0.391745,-0.380893,-0.391745,-0.391745,-0.380893,-0.364993,-0.380893,-0.439178,-0.391745,-0.380893,-0.391745]
	PARPACK diagonalization completed after 30 matrix-vector product operations.
	iteration results: : total energy is -22.780365 | electron energy -22.785382 + phonon energy 0.005017 | electron momentum kIdx = 0
The 6-th iteration is completed.	|| time cost : 0h 0m 2.284s
********************************************************************************************************************
Start the 7 rounds of NGS-ED iteration
	effective electronic model is modified as: kinetic energy t = 0.972121
	                                           effective interaction Vq = [-0.499936,-0.439382, -0.39181,-0.439382,-0.439382, -0.39181,-0.380946, -0.39181, -0.39181,-0.380946,-0.365027,-0.380946,-0.439382, -0.39181,-0.380946, -0.39181]
	PARPACK diagonalization completed after 30 matrix-vector product operations.
	iteration results: : total energy is -22.780786 | electron energy -22.785832 + phonon energy 0.005045 | electron momentum kIdx = 0
The 7-th iteration is completed.	|| time cost : 0h 0m 2.298s
********************************************************************************************************************
Start the 8 rounds of NGS-ED iteration
	effective electronic model is modified as: kinetic energy t = 0.972113
	                                           effective interaction Vq = [-0.499961, -0.43948,-0.391838, -0.43948, -0.43948,-0.391838,-0.380969,-0.391838,-0.391838,-0.380969,-0.365042,-0.380969, -0.43948,-0.391838,-0.380969,-0.391838]
	PARPACK diagonalization completed after 30 matrix-vector product operations.
	iteration results: : total energy is -22.780941 | electron energy -22.785999 + phonon energy 0.005058 | electron momentum kIdx = 0
The 8-th iteration is completed.	|| time cost : 0h 0m 2.286s
********************************************************************************************************************
Start the 9 rounds of NGS-ED iteration
	effective electronic model is modified as: kinetic energy t = 0.972109
	                                           effective interaction Vq = [ -0.49997,-0.439526, -0.39185,-0.439526,-0.439526, -0.39185,-0.380978, -0.39185, -0.39185,-0.380978,-0.365048,-0.380978,-0.439526, -0.39185,-0.380978, -0.39185]
	PARPACK diagonalization completed after 30 matrix-vector product operations.
	iteration results: : total energy is -22.780998 | electron energy -22.786062 + phonon energy 0.005063 | electron momentum kIdx = 0
The 9-th iteration is completed.	|| time cost : 0h 0m 2.292s
********************************************************************************************************************
Start the 10 rounds of NGS-ED iteration
	effective electronic model is modified as: kinetic energy t = 0.972107
	                                           effective interaction Vq = [-0.499973,-0.439548,-0.391855,-0.439548,-0.439548,-0.391855,-0.380982,-0.391855,-0.391855,-0.380982, -0.36505,-0.380982,-0.439548,-0.391855,-0.380982,-0.391855]
	PARPACK diagonalization completed after 30 matrix-vector product operations.
	iteration results: : total energy is -22.781019 | electron energy -22.786085 + phonon energy 0.005066 | electron momentum kIdx = 0
	Nq(0) = 6.25,	Nq(1) = 0.245227,	Nq(2) = 0.299483,	Nq(3) = 0.245227,	Nq(4) = 0.245227,	Nq(5) = 0.299483,	Nq(6) = 0.407701,	Nq(7) = 0.299483,	Nq(8) = 0.299483,	Nq(9) = 0.407701,	Nq(10) = 0.47731,	Nq(11) = 0.407701,	Nq(12) = 0.245227,	Nq(13) = 0.299483,	Nq(14) = 0.407701,	Nq(15) = 0.299483,	Sq(0) = -1.05968e-17,	Sq(1) = 0.493142,	Sq(2) = 0.435397,	Sq(3) = 0.493142,	Sq(4) = 0.493142,	Sq(5) = 0.435397,	Sq(6) = 0.882917,	Sq(7) = 0.435397,	Sq(8) = 0.435397,	Sq(9) = 0.882917,	Sq(10) = 0.747462,	Sq(11) = 0.882917,	Sq(12) = 0.493142,	Sq(13) = 0.435397,	Sq(14) = 0.882917,	Sq(15) = 0.435397,	N(0) = 1.9062,	N(1) = 1.82196,	N(2) = 0.103091,	N(3) = 1.82196,	N(4) = 1.82196,	N(5) = 0.103091,	N(6) = 0.0367192,	N(7) = 0.103091,	N(8) = 0.103091,	N(9) = 0.0367192,	N(10) = 0.0405175,	N(11) = 0.0367192,	N(12) = 1.82196,	N(13) = 0.103091,	N(14) = 0.0367192,	N(15) = 0.103091,	Delta[s](0) = 0.0932507,	Delta[s](1) = 0.0545546,	Delta[s](2) = 0.0390898,	Delta[s](3) = 0.0545546,	Delta[s](4) = 0.0545546,	Delta[s](5) = 0.0390898,	Delta[s](6) = 0.00460199,	Delta[s](7) = 0.0390898,	Delta[s](8) = 0.0390898,	Delta[s](9) = 0.00460199,	Delta[s](10) = 0.00354447,	Delta[s](11) = 0.00460199,	Delta[s](12) = 0.0545546,	Delta[s](13) = 0.0390898,	Delta[s](14) = 0.00460199,	Delta[s](15) = 0.0390898,	Delta[d](0) = 0.218654,	Delta[d](1) = 0.086041,	Delta[d](2) = 0.152342,	Delta[d](3) = 0.086041,	Delta[d](4) = 0.086041,	Delta[d](5) = 0.108186,	Delta[d](6) = 0.0262274,	Delta[d](7) = 0.108186,	Delta[d](8) = 0.152342,	Delta[d](9) = 0.0262274,	Delta[d](10) = 0.0139136,	Delta[d](11) = 0.0262274,	Delta[d](12) = 0.086041,	Delta[d](13) = 0.108186,	Delta[d](14) = 0.0262274,	Delta[d](15) = 0.108186,	Delta[s+](0) = 0.567943,	Delta[s+](1) = 0.346482,	Delta[s+](2) = 0.152342,	Delta[s+](3) = 0.346482,	Delta[s+](4) = 0.346482,	Delta[s+](5) = 0.152342,	Delta[s+](6) = 0.0102091,	Delta[s+](7) = 0.152342,	Delta[s+](8) = 0.152342,	Delta[s+](9) = 0.0102091,	Delta[s+](10) = 0.0032241,	Delta[s+](11) = 0.0102091,	Delta[s+](12) = 0.346482,	Delta[s+](13) = 0.152342,	Delta[s+](14) = 0.0102091,	Delta[s+](15) = 0.152342
The 10-th iteration is completed.	|| time cost : 0h 0m 20.78s
********************************************************************************************************************
Start the 11 rounds of NGS-ED iteration
	effective electronic model is modified as: kinetic energy t = 0.972107
	                                           effective interaction Vq = [-0.499975,-0.439559,-0.391857,-0.439559,-0.439559,-0.391857,-0.380984,-0.391857,-0.391857,-0.380984,-0.365051,-0.380984,-0.439559,-0.391857,-0.380984,-0.391857]
	PARPACK diagonalization completed after 30 matrix-vector product operations.
	iteration results: : total energy is -22.781027 | electron energy -22.786094 + phonon energy 0.005067 | electron momentum kIdx = 0
The 11-th iteration is completed.	|| time cost : 0h 0m 2.278s
********************************************************************************************************************
Start the 12 rounds of NGS-ED iteration
	effective electronic model is modified as: kinetic energy t = 0.972106
	                                           effective interaction Vq = [-0.499975,-0.439564,-0.391858,-0.439564,-0.439564,-0.391858,-0.380985,-0.391858,-0.391858,-0.380985,-0.365051,-0.380985,-0.439564,-0.391858,-0.380985,-0.391858]
	PARPACK diagonalization completed after 30 matrix-vector product operations.
	iteration results: : total energy is -22.781030 | electron energy -22.786097 + phonon energy 0.005068 | electron momentum kIdx = 0
The 12-th iteration is completed.	|| time cost : 0h 0m 2.284s
********************************************************************************************************************
Start the 13 rounds of NGS-ED iteration
	effective electronic model is modified as: kinetic energy t = 0.972106
	                                           effective interaction Vq = [-0.499975,-0.439566,-0.391859,-0.439566,-0.439566,-0.391859,-0.380985,-0.391859,-0.391859,-0.380985,-0.365052,-0.380985,-0.439566,-0.391859,-0.380985,-0.391859]
	PARPACK diagonalization completed after 30 matrix-vector product operations.
	iteration results: : total energy is -22.781031 | electron energy -22.786099 + phonon energy 0.005068 | electron momentum kIdx = 0
The 13-th iteration is completed.	|| time cost : 0h 0m 2.293s
********************************************************************************************************************
Start the 14 rounds of NGS-ED iteration
	effective electronic model is modified as: kinetic energy t = 0.972106
	                                           effective interaction Vq = [-0.499975,-0.439568,-0.391859,-0.439568,-0.439568,-0.391859,-0.380985,-0.391859,-0.391859,-0.380985,-0.365052,-0.380985,-0.439568,-0.391859,-0.380985,-0.391859]
	PARPACK diagonalization completed after 30 matrix-vector product operations.
	iteration results: : total energy is -22.781031 | electron energy -22.786099 + phonon energy 0.005068 | electron momentum kIdx = 0
The 14-th iteration is completed.	|| time cost : 0h 0m 2.283s
********************************************************************************************************************
Start the 15 rounds of NGS-ED iteration
	effective electronic model is modified as: kinetic energy t = 0.972106
	                                           effective interaction Vq = [-0.499975,-0.439568,-0.391859,-0.439568,-0.439568,-0.391859,-0.380985,-0.391859,-0.391859,-0.380985,-0.365052,-0.380985,-0.439568,-0.391859,-0.380985,-0.391859]
	PARPACK diagonalization completed after 30 matrix-vector product operations.
	iteration results: : total energy is -22.781031 | electron energy -22.786099 + phonon energy 0.005068 | electron momentum kIdx = 0
The 15-th iteration is completed.	|| time cost : 0h 0m 2.303s
********************************************************************************************************************
Start the 16 rounds of NGS-ED iteration
	effective electronic model is modified as: kinetic energy t = 0.972106
	                                           effective interaction Vq = [-0.499975,-0.439568,-0.391859,-0.439568,-0.439568,-0.391859,-0.380985,-0.391859,-0.391859,-0.380985,-0.365052,-0.380985,-0.439568,-0.391859,-0.380985,-0.391859]
	PARPACK diagonalization completed after 30 matrix-vector product operations.
	iteration results: : total energy is -22.781031 | electron energy -22.786099 + phonon energy 0.005068 | electron momentum kIdx = 0
The 16-th iteration is completed.	|| time cost : 0h 0m 2.285s
********************************************************************************************************************
Start the 17 rounds of NGS-ED iteration
	effective electronic model is modified as: kinetic energy t = 0.972106
	                                           effective interaction Vq = [-0.499975,-0.439569,-0.391859,-0.439569,-0.439569,-0.391859,-0.380985,-0.391859,-0.391859,-0.380985,-0.365052,-0.380985,-0.439569,-0.391859,-0.380985,-0.391859]
	PARPACK diagonalization completed after 30 matrix-vector product operations.
	iteration results: : total energy is -22.781031 | electron energy -22.786099 + phonon energy 0.005068 | electron momentum kIdx = 0
The 17-th iteration is completed.	|| time cost : 0h 0m 2.282s
********************************************************************************************************************
Start the 18 rounds of NGS-ED iteration
	effective electronic model is modified as: kinetic energy t = 0.972106
	                                           effective interaction Vq = [-0.499975,-0.439569,-0.391859,-0.439569,-0.439569,-0.391859,-0.380985,-0.391859,-0.391859,-0.380985,-0.365052,-0.380985,-0.439569,-0.391859,-0.380985,-0.391859]
	PARPACK diagonalization completed after 30 matrix-vector product operations.
	iteration results: : total energy is -22.781031 | electron energy -22.786099 + phonon energy 0.005068 | electron momentum kIdx = 0
The 18-th iteration is completed.	|| time cost : 0h 0m 2.286s
********************************************************************************************************************
Start the 19 rounds of NGS-ED iteration
	effective electronic model is modified as: kinetic energy t = 0.972106
	                                           effective interaction Vq = [-0.499975,-0.439569,-0.391859,-0.439569,-0.439569,-0.391859,-0.380985,-0.391859,-0.391859,-0.380985,-0.365052,-0.380985,-0.439569,-0.391859,-0.380985,-0.391859]
	PARPACK diagonalization completed after 30 matrix-vector product operations.
	iteration results: : total energy is -22.781031 | electron energy -22.786099 + phonon energy 0.005068 | electron momentum kIdx = 0
The 19-th iteration is completed.	|| time cost : 0h 0m 2.289s
********************************************************************************************************************
Start the 20 rounds of NGS-ED iteration
	effective electronic model is modified as: kinetic energy t = 0.972106
	                                           effective interaction Vq = [-0.499975,-0.439569,-0.391859,-0.439569,-0.439569,-0.391859,-0.380985,-0.391859,-0.391859,-0.380985,-0.365052,-0.380985,-0.439569,-0.391859,-0.380985,-0.391859]
	PARPACK diagonalization completed after 30 matrix-vector product operations.
	iteration results: : total energy is -22.781031 | electron energy -22.786099 + phonon energy 0.005068 | electron momentum kIdx = 0
	Nq(0) = 6.25,	Nq(1) = 0.245227,	Nq(2) = 0.299483,	Nq(3) = 0.245227,	Nq(4) = 0.245227,	Nq(5) = 0.299483,	Nq(6) = 0.407701,	Nq(7) = 0.299483,	Nq(8) = 0.299483,	Nq(9) = 0.407701,	Nq(10) = 0.47731,	Nq(11) = 0.407701,	Nq(12) = 0.245227,	Nq(13) = 0.299483,	Nq(14) = 0.407701,	Nq(15) = 0.299483,	Sq(0) = -2.1802e-17,	Sq(1) = 0.493142,	Sq(2) = 0.435397,	Sq(3) = 0.493142,	Sq(4) = 0.493142,	Sq(5) = 0.435397,	Sq(6) = 0.882916,	Sq(7) = 0.435397,	Sq(8) = 0.435397,	Sq(9) = 0.882916,	Sq(10) = 0.747463,	Sq(11) = 0.882916,	Sq(12) = 0.493142,	Sq(13) = 0.435397,	Sq(14) = 0.882916,	Sq(15) = 0.435397,	N(0) = 1.9062,	N(1) = 1.82196,	N(2) = 0.103091,	N(3) = 1.82196,	N(4) = 1.82196,	N(5) = 0.103091,	N(6) = 0.0367193,	N(7) = 0.103091,	N(8) = 0.103091,	N(9) = 0.0367193,	N(10) = 0.0405175,	N(11) = 0.0367193,	N(12) = 1.82196,	N(13) = 0.103091,	N(14) = 0.0367193,	N(15) = 0.103091,	Delta[s](0) = 0.0932507,	Delta[s](1) = 0.0545546,	Delta[s](2) = 0.0390898,	Delta[s](3) = 0.0545546,	Delta[s](4) = 0.0545546,	Delta[s](5) = 0.0390898,	Delta[s](6) = 0.0046021,	Delta[s](7) = 0.0390898,	Delta[s](8) = 0.0390898,	Delta[s](9) = 0.0046021,	Delta[s](10) = 0.00354451,	Delta[s](11) = 0.0046021,	Delta[s](12) = 0.0545546,	Delta[s](13) = 0.0390898,	Delta[s](14) = 0.0046021,	Delta[s](15) = 0.0390898,	Delta[d](0) = 0.218667,	Delta[d](1) = 0.0860463,	Delta[d](2) = 0.152352,	Delta[d](3) = 0.0860463,	Delta[d](4) = 0.0860463,	Delta[d](5) = 0.108192,	Delta[d](6) = 0.0262292,	Delta[d](7) = 0.108192,	Delta[d](8) = 0.152352,	Delta[d](9) = 0.0262292,	Delta[d](10) = 0.0139145,	Delta[d](11) = 0.0262292,	Delta[d](12) = 0.0860463,	Delta[d](13) = 0.108192,	Delta[d](14) = 0.0262292,	Delta[d](15) = 0.108192,	Delta[s+](0) = 0.567978,	Delta[s+](1) = 0.346503,	Delta[s+](2) = 0.152352,	Delta[s+](3) = 0.346503,	Delta[s+](4) = 0.346503,	Delta[s+](5) = 0.152352,	Delta[s+](6) = 0.0102098,	Delta[s+](7) = 0.152352,	Delta[s+](8) = 0.152352,	Delta[s+](9) = 0.0102098,	Delta[s+](10) = 0.00322431,	Delta[s+](11) = 0.0102098,	Delta[s+](12) = 0.346503,	Delta[s+](13) = 0.152352,	Delta[s+](14) = 0.0102098,	Delta[s+](15) = 0.152352
The 20-th iteration is completed.	|| time cost : 0h 0m 20.675s
********************************************************************************************************************
Start the 21 rounds of NGS-ED iteration
	effective electronic model is modified as: kinetic energy t = 0.972106
	                                           effective interaction Vq = [-0.499975,-0.439569,-0.391859,-0.439569,-0.439569,-0.391859,-0.380985,-0.391859,-0.391859,-0.380985,-0.365052,-0.380985,-0.439569,-0.391859,-0.380985,-0.391859]
	PARPACK diagonalization completed after 30 matrix-vector product operations.
	iteration results: : total energy is -22.781031 | electron energy -22.786099 + phonon energy 0.005068 | electron momentum kIdx = 0
The 21-th iteration is completed.	|| time cost : 0h 0m 2.285s
********************************************************************************************************************
Start the 22 rounds of NGS-ED iteration
	effective electronic model is modified as: kinetic energy t = 0.972106
	                                           effective interaction Vq = [-0.499975,-0.439569,-0.391859,-0.439569,-0.439569,-0.391859,-0.380985,-0.391859,-0.391859,-0.380985,-0.365052,-0.380985,-0.439569,-0.391859,-0.380985,-0.391859]
	PARPACK diagonalization completed after 30 matrix-vector product operations.
	iteration results: : total energy is -22.781031 | electron energy -22.786099 + phonon energy 0.005068 | electron momentum kIdx = 0
The 22-th iteration is completed.	|| time cost : 0h 0m 2.288s
********************************************************************************************************************
Start the 23 rounds of NGS-ED iteration
	effective electronic model is modified as: kinetic energy t = 0.972106
	                                           effective interaction Vq = [-0.499975,-0.439569,-0.391859,-0.439569,-0.439569,-0.391859,-0.380985,-0.391859,-0.391859,-0.380985,-0.365052,-0.380985,-0.439569,-0.391859,-0.380985,-0.391859]
	PARPACK diagonalization completed after 30 matrix-vector product operations.
	iteration results: : total energy is -22.781031 | electron energy -22.786099 + phonon energy 0.005068 | electron momentum kIdx = 0
