SNEDics v3.4 Non-Gaussian ED ground state program		Start at Thu Sep 26 23:50:11 2019

parallized on 16 MPI threads  * 8 OpenMP threads = 128 total threads.
********************************************************************************************************************
********************************************************************************************************************

********************************************************************************************************************
System parameters and configurations
********************************************************************************************************************
Special program options are enabled: splitted diagonal Hamiltonian
********************************************************************************************************************
Read input file "model_params.in"
	Hubbard-Holstein model parameters : 	t = 1    U = 5    g = 1.5811    W = 5    
********************************************************************************************************************
Read input file "hilbertspace_params.in"
	Requested 16-site 2D lattice, with 12 electrons (6, 6)
	Boundary : Periodic		Hilbert space representation : momentum-space (restricted to kIdx = 0)
	Conservation: particle number[U(1)]      spin[U(1)]     momentum
********************************************************************************************************************

Cluster Positions:				Cluster symmetry group : D4
 x ... x ... x ... x .....                       x ... x ... x ... x .....
 |           |           :                       |           |           :
 |           |           :                       |           |           :
12    13    14    15     x                       1     5     6     5     x
 |           |           :                       |           |           :
 |           |           :                       |           |           :
 8 --- 9 ---10 ---11 --- x                       2 --- 6 ---10 --- 6 --- x
 |           |           :                       |           |           :
 |           |           :                       |           |           :
 4     5     6     7     x                       1     5     6     5     x
 |           |           :                       |           |           :
 |           |           :                       |           |           :
 0 --- 1 --- 2 --- 3 --- x                       0 --- 1 --- 2 --- 1 --- x
orbital number : 1
********************************************************************************************************************
Read input file "obs_params.in"
	Observable Type : Nq(All),   Sq(All),   N(All),   Delta[s](All),   Delta[d](All),   Delta[s+](All)
********************************************************************************************************************
** WARNING ** the input observables have non-local factors which have been reinterpreted. The total observable number is 96
********************************************************************************************************************


********************************************************************************************************************
Start calculating the non-Gaussian ED ground state
** WARNING ** Detected low phonon energy W < 10. The initial state will be prepared through a warm-up process.
********************************************************************************************************************
Start warm-up calculation for scaling factor 2
open output files: NGSEDWarmUpW10Obs.txt
********************************************************************************************************************
Start the 0 rounds of NGS-ED iteration
	effective electronic model is modified as: kinetic energy t = 1
	                                           effective interaction Vq = [-0,-0,-0,-0,-0,-0,-0,-0,-0,-0,-0,-0,-0,-0,-0,-0]
	first Hamiltonian is constructed, non-zero numbers = 969134044
	PARPACK diagonalization completed after 135 matrix-vector product operations.
	iteration results: : total energy is -16.786858 | electron energy -16.786858 + phonon energy 0.000000 | electron momentum kIdx = 0
	Nq(0) = 9,	Nq(1) = 0.230803,	Nq(2) = 0.307425,	Nq(3) = 0.230803,	Nq(4) = 0.230803,	Nq(5) = 0.283842,	Nq(6) = 0.381314,	Nq(7) = 0.283842,	Nq(8) = 0.307425,	Nq(9) = 0.381314,	Nq(10) = 0.469772,	Nq(11) = 0.381314,	Nq(12) = 0.230803,	Nq(13) = 0.283842,	Nq(14) = 0.381314,	Nq(15) = 0.283842,	Sq(0) = 1.84838e-18,	Sq(1) = 0.515182,	Sq(2) = 0.417645,	Sq(3) = 0.515182,	Sq(4) = 0.515182,	Sq(5) = 0.74857,	Sq(6) = 0.918152,	Sq(7) = 0.74857,	Sq(8) = 0.417645,	Sq(9) = 0.918152,	Sq(10) = 0.768634,	Sq(11) = 0.918152,	Sq(12) = 0.515182,	Sq(13) = 0.74857,	Sq(14) = 0.918152,	Sq(15) = 0.74857,	N(0) = 1.88012,	N(1) = 1.78772,	N(2) = 0.704777,	N(3) = 1.78772,	N(4) = 1.78772,	N(5) = 0.294282,	N(6) = 0.083142,	N(7) = 0.294282,	N(8) = 0.704777,	N(9) = 0.083142,	N(10) = 0.0497679,	N(11) = 0.083142,	N(12) = 1.78772,	N(13) = 0.294282,	N(14) = 0.083142,	N(15) = 0.294282,	Delta[s](0) = 0.112874,	Delta[s](1) = 0.0782318,	Delta[s](2) = 0.058336,	Delta[s](3) = 0.0782318,	Delta[s](4) = 0.0782318,	Delta[s](5) = 0.0516416,	Delta[s](6) = 0.0206007,	Delta[s](7) = 0.0516416,	Delta[s](8) = 0.058336,	Delta[s](9) = 0.0206007,	Delta[s](10) = 0.00278673,	Delta[s](11) = 0.0206007,	Delta[s](12) = 0.0782318,	Delta[s](13) = 0.0516416,	Delta[s](14) = 0.0206007,	Delta[s](15) = 0.0516416,	Delta[d](0) = 0.230884,	Delta[d](1) = 0.176155,	Delta[d](2) = 0.226112,	Delta[d](3) = 0.176155,	Delta[d](4) = 0.176155,	Delta[d](5) = 0.121982,	Delta[d](6) = 0.145655,	Delta[d](7) = 0.121982,	Delta[d](8) = 0.226112,	Delta[d](9) = 0.145655,	Delta[d](10) = 0.0494423,	Delta[d](11) = 0.145655,	Delta[d](12) = 0.176155,	Delta[d](13) = 0.121982,	Delta[d](14) = 0.145655,	Delta[d](15) = 0.121982,	Delta[s+](0) = 0.546596,	Delta[s+](1) = 0.372196,	Delta[s+](2) = 0.226112,	Delta[s+](3) = 0.372196,	Delta[s+](4) = 0.372196,	Delta[s+](5) = 0.174207,	Delta[s+](6) = 0.054122,	Delta[s+](7) = 0.174207,	Delta[s+](8) = 0.226112,	Delta[s+](9) = 0.054122,	Delta[s+](10) = 0.0106086,	Delta[s+](11) = 0.054122,	Delta[s+](12) = 0.372196,	Delta[s+](13) = 0.174207,	Delta[s+](14) = 0.054122,	Delta[s+](15) = 0.174207
The 0-th iteration is completed.	|| time cost : 0h 2m 58.903s
********************************************************************************************************************
Start the 1 rounds of NGS-ED iteration
	effective electronic model is modified as: kinetic energy t = 0.98628
	                                           effective interaction Vq = [-0.432311,-0.404903,-0.391334,-0.404903,-0.404903,-0.387982,-0.382983,-0.387982,-0.391334,-0.382983, -0.37909,-0.382983,-0.404903,-0.387982,-0.382983,-0.387982]
	PARPACK diagonalization completed after 45 matrix-vector product operations.
	iteration results: : total energy is -22.255165 | electron energy -22.255352 + phonon energy 0.000187 | electron momentum kIdx = 0
The 1-th iteration is completed.	|| time cost : 0h 2m 34.213s
********************************************************************************************************************
Start the 2 rounds of NGS-ED iteration
	effective electronic model is modified as: kinetic energy t = 0.978875
	                                           effective interaction Vq = [-0.490818,-0.462288,-0.444543,-0.462288,-0.462288,-0.439975, -0.43421,-0.439975,-0.444543, -0.43421,-0.429927, -0.43421,-0.462288,-0.439975, -0.43421,-0.439975]
	PARPACK diagonalization completed after 30 matrix-vector product operations.
	iteration results: : total energy is -22.882952 | electron energy -22.884011 + phonon energy 0.001059 | electron momentum kIdx = 0
The 2-th iteration is completed.	|| time cost : 0h 0m 9.018s
********************************************************************************************************************
Start the 3 rounds of NGS-ED iteration
	effective electronic model is modified as: kinetic energy t = 0.976805
	                                           effective interaction Vq = [-0.498736,-0.473959,-0.455162,-0.473959,-0.473959,-0.450213,-0.444221,-0.450213,-0.455162,-0.444221,-0.439827,-0.444221,-0.473959,-0.450213,-0.444221,-0.450213]
	PARPACK diagonalization completed after 30 matrix-vector product operations.
	iteration results: : total energy is -22.960883 | electron energy -22.962523 + phonon energy 0.001639 | electron momentum kIdx = 0
The 3-th iteration is completed.	|| time cost : 0h 0m 9.133s
********************************************************************************************************************
Start the 4 rounds of NGS-ED iteration
	effective electronic model is modified as: kinetic energy t = 0.976272
	                                           effective interaction Vq = [-0.499808,-0.476909,-0.457667,-0.476909,-0.476909,-0.452573,-0.446483,-0.452573,-0.457667,-0.446483,-0.442039,-0.446483,-0.476909,-0.452573,-0.446483,-0.452573]
	PARPACK diagonalization completed after 30 matrix-vector product operations.
	iteration results: : total energy is -22.970980 | electron energy -22.972824 + phonon energy 0.001844 | electron momentum kIdx = 0
The 4-th iteration is completed.	|| time cost : 0h 0m 8.961s
********************************************************************************************************************
Start the 5 rounds of NGS-ED iteration
	effective electronic model is modified as: kinetic energy t = 0.976137
	                                           effective interaction Vq = [-0.499953,-0.477722, -0.45829,-0.477722,-0.477722,-0.453142,-0.447017,-0.453142, -0.45829,-0.447017,-0.442552,-0.447017,-0.477722,-0.453142,-0.447017,-0.453142]
	PARPACK diagonalization completed after 30 matrix-vector product operations.
	iteration results: : total energy is -22.972316 | electron energy -22.974219 + phonon energy 0.001903 | electron momentum kIdx = 0
The 5-th iteration is completed.	|| time cost : 0h 0m 9.147s
********************************************************************************************************************
Start the 6 rounds of NGS-ED iteration
	effective electronic model is modified as: kinetic energy t = 0.976102
	                                           effective interaction Vq = [-0.499972,-0.477952,-0.458447,-0.477952,-0.477952,-0.453282,-0.447144,-0.453282,-0.458447,-0.447144,-0.442673,-0.447144,-0.477952,-0.453282,-0.447144,-0.453282]
	PARPACK diagonalization completed after 30 matrix-vector product operations.
	iteration results: : total energy is -22.972495 | electron energy -22.974414 + phonon energy 0.001919 | electron momentum kIdx = 0
The 6-th iteration is completed.	|| time cost : 0h 0m 9.077s
********************************************************************************************************************
Start the 7 rounds of NGS-ED iteration
	effective electronic model is modified as: kinetic energy t = 0.976093
	                                           effective interaction Vq = [-0.499975,-0.478018,-0.458487,-0.478018,-0.478018,-0.453316,-0.447174,-0.453316,-0.458487,-0.447174,-0.442702,-0.447174,-0.478018,-0.453316,-0.447174,-0.453316]
	PARPACK diagonalization completed after 30 matrix-vector product operations.
	iteration results: : total energy is -22.972519 | electron energy -22.974442 + phonon energy 0.001923 | electron momentum kIdx = 0
	Nq(0) = 9,	Nq(1) = 0.24864,	Nq(2) = 0.324834,	Nq(3) = 0.24864,	Nq(4) = 0.24864,	Nq(5) = 0.298888,	Nq(6) = 0.408541,	Nq(7) = 0.298888,	Nq(8) = 0.324834,	Nq(9) = 0.408541,	Nq(10) = 0.511291,	Nq(11) = 0.408541,	Nq(12) = 0.24864,	Nq(13) = 0.298888,	Nq(14) = 0.408541,	Nq(15) = 0.298888,	Sq(0) = 8.42236e-19,	Sq(1) = 0.498874,	Sq(2) = 0.414835,	Sq(3) = 0.498874,	Sq(4) = 0.498874,	Sq(5) = 0.728551,	Sq(6) = 0.879598,	Sq(7) = 0.728551,	Sq(8) = 0.414835,	Sq(9) = 0.879598,	Sq(10) = 0.757003,	Sq(11) = 0.879598,	Sq(12) = 0.498874,	Sq(13) = 0.728551,	Sq(14) = 0.879598,	Sq(15) = 0.728551,	N(0) = 1.91027,	N(1) = 1.83845,	N(2) = 0.693477,	N(3) = 1.83845,	N(4) = 1.83845,	N(5) = 0.263508,	N(6) = 0.0643716,	N(7) = 0.263508,	N(8) = 0.693477,	N(9) = 0.0643716,	N(10) = 0.037471,	N(11) = 0.0643716,	N(12) = 1.83845,	N(13) = 0.263508,	N(14) = 0.0643716,	N(15) = 0.263508,	Delta[s](0) = 0.130314,	Delta[s](1) = 0.0903425,	Delta[s](2) = 0.0700216,	Delta[s](3) = 0.0903425,	Delta[s](4) = 0.0903425,	Delta[s](5) = 0.0619255,	Delta[s](6) = 0.0268786,	Delta[s](7) = 0.0619255,	Delta[s](8) = 0.0700216,	Delta[s](9) = 0.0268786,	Delta[s](10) = 0.0056719,	Delta[s](11) = 0.0268786,	Delta[s](12) = 0.0903425,	Delta[s](13) = 0.0619255,	Delta[s](14) = 0.0268786,	Delta[s](15) = 0.0619255,	Delta[d](0) = 0.233445,	Delta[d](1) = 0.176151,	Delta[d](2) = 0.227281,	Delta[d](3) = 0.176151,	Delta[d](4) = 0.176151,	Delta[d](5) = 0.123469,	Delta[d](6) = 0.144293,	Delta[d](7) = 0.123469,	Delta[d](8) = 0.227281,	Delta[d](9) = 0.144293,	Delta[d](10) = 0.0422534,	Delta[d](11) = 0.144293,	Delta[d](12) = 0.176151,	Delta[d](13) = 0.123469,	Delta[d](14) = 0.144293,	Delta[d](15) = 0.123469,	Delta[s+](0) = 0.549912,	Delta[s+](1) = 0.374614,	Delta[s+](2) = 0.227281,	Delta[s+](3) = 0.374614,	Delta[s+](4) = 0.374614,	Delta[s+](5) = 0.173254,	Delta[s+](6) = 0.0521991,	Delta[s+](7) = 0.173254,	Delta[s+](8) = 0.227281,	Delta[s+](9) = 0.0521991,	Delta[s+](10) = 0.00956398,	Delta[s+](11) = 0.0521991,	Delta[s+](12) = 0.374614,	Delta[s+](13) = 0.173254,	Delta[s+](14) = 0.0521991,	Delta[s+](15) = 0.173254
The 7-th iteration is completed.	|| time cost : 0h 1m 28.595s
********************************************************************************************************************
********************************************************************************************************************
Ground state is obtained after 8 iterations. The current ground-state energy is -22.9725, in which electron energy is -22.9744 and phonon energy is 0.00192255
final variational state is: 
	Gamma_x = [      1,1.00412,1.00668,1.00412,1.00412,1.00636,  1.009,1.00636,1.00668,  1.009,1.01151,  1.009,1.00412,1.00636,  1.009,1.00636]
	lambda_q = [0.223526,0.176763,0.159197,0.176763,0.176763,  0.1553,0.150942,  0.1553,0.159197,0.150942,0.147926,0.150942,0.176763,  0.1553,0.150942,  0.1553]
********************************************************************************************************************
o___o  ----------------------------------------
| L |	Time since last clock: 0h 0m 0s
A===A	Time since the beginning: 0h 7m 47.05s
***********************************************


********************************************************************************************************************
Warm up runs have been completed. Start calculating W = 5 phonon.
open output files: NGSEDIterationObs.txt
********************************************************************************************************************
Start the 0 rounds of NGS-ED iteration
	effective electronic model is modified as: kinetic energy t = 0.976091
	                                           effective interaction Vq = [-0.457015,-0.402734,-0.376695,-0.402734,-0.402734,-0.370499,-0.363391,-0.370499,-0.376695,-0.363391,-0.358361,-0.363391,-0.402734,-0.370499,-0.363391,-0.370499]
	PARPACK diagonalization completed after 45 matrix-vector product operations.
	iteration results: : total energy is -22.182598 | electron energy -22.183560 + phonon energy 0.000962 | electron momentum kIdx = 0
	Nq(0) = 9,	Nq(1) = 0.245166,	Nq(2) = 0.320997,	Nq(3) = 0.245166,	Nq(4) = 0.245166,	Nq(5) = 0.29555,	Nq(6) = 0.402259,	Nq(7) = 0.29555,	Nq(8) = 0.320997,	Nq(9) = 0.402259,	Nq(10) = 0.501501,	Nq(11) = 0.402259,	Nq(12) = 0.245166,	Nq(13) = 0.29555,	Nq(14) = 0.402259,	Nq(15) = 0.29555,	Sq(0) = 5.19162e-18,	Sq(1) = 0.502384,	Sq(2) = 0.415514,	Sq(3) = 0.502384,	Sq(4) = 0.502384,	Sq(5) = 0.732929,	Sq(6) = 0.888069,	Sq(7) = 0.732929,	Sq(8) = 0.415514,	Sq(9) = 0.888069,	Sq(10) = 0.760053,	Sq(11) = 0.888069,	Sq(12) = 0.502384,	Sq(13) = 0.732929,	Sq(14) = 0.888069,	Sq(15) = 0.732929,	N(0) = 1.90414,	N(1) = 1.82811,	N(2) = 0.695545,	N(3) = 1.82811,	N(4) = 1.82811,	N(5) = 0.269748,	N(6) = 0.0683164,	N(7) = 0.269748,	N(8) = 0.695545,	N(9) = 0.0683164,	N(10) = 0.0400802,	N(11) = 0.0683164,	N(12) = 1.82811,	N(13) = 0.269748,	N(14) = 0.0683164,	N(15) = 0.269748,	Delta[s](0) = 0.125235,	Delta[s](1) = 0.0872042,	Delta[s](2) = 0.0672803,	Delta[s](3) = 0.0872042,	Delta[s](4) = 0.0872042,	Delta[s](5) = 0.0596623,	Delta[s](6) = 0.0261115,	Delta[s](7) = 0.0596623,	Delta[s](8) = 0.0672803,	Delta[s](9) = 0.0261115,	Delta[s](10) = 0.00598927,	Delta[s](11) = 0.0261115,	Delta[s](12) = 0.0872042,	Delta[s](13) = 0.0596623,	Delta[s](14) = 0.0261115,	Delta[s](15) = 0.0596623,	Delta[d](0) = 0.234019,	Delta[d](1) = 0.177448,	Delta[d](2) = 0.228455,	Delta[d](3) = 0.177448,	Delta[d](4) = 0.177448,	Delta[d](5) = 0.124292,	Delta[d](6) = 0.14583,	Delta[d](7) = 0.124292,	Delta[d](8) = 0.228455,	Delta[d](9) = 0.14583,	Delta[d](10) = 0.0452673,	Delta[d](11) = 0.14583,	Delta[d](12) = 0.177448,	Delta[d](13) = 0.124292,	Delta[d](14) = 0.14583,	Delta[d](15) = 0.124292,	Delta[s+](0) = 0.55199,	Delta[s+](1) = 0.37608,	Delta[s+](2) = 0.228455,	Delta[s+](3) = 0.37608,	Delta[s+](4) = 0.37608,	Delta[s+](5) = 0.174827,	Delta[s+](6) = 0.0535619,	Delta[s+](7) = 0.174827,	Delta[s+](8) = 0.228455,	Delta[s+](9) = 0.0535619,	Delta[s+](10) = 0.0103092,	Delta[s+](11) = 0.0535619,	Delta[s+](12) = 0.37608,	Delta[s+](13) = 0.174827,	Delta[s+](14) = 0.0535619,	Delta[s+](15) = 0.174827
The 0-th iteration is completed.	|| time cost : 0h 1m 25.288s
********************************************************************************************************************
Start the 1 rounds of NGS-ED iteration
	effective electronic model is modified as: kinetic energy t = 0.973646
	                                           effective interaction Vq = [-0.484171,-0.423695,-0.390902,-0.423695,-0.423695, -0.38295,-0.373545, -0.38295,-0.390902,-0.373545,-0.366806,-0.373545,-0.423695, -0.38295,-0.373545, -0.38295]
	PARPACK diagonalization completed after 30 matrix-vector product operations.
	iteration results: : total energy is -22.437550 | electron energy -22.440321 + phonon energy 0.002772 | electron momentum kIdx = 0
The 1-th iteration is completed.	|| time cost : 0h 0m 9.128s
********************************************************************************************************************
Start the 2 rounds of NGS-ED iteration
	effective electronic model is modified as: kinetic energy t = 0.972548
	                                           effective interaction Vq = [-0.494161,-0.432816, -0.39673,-0.432816,-0.432816,-0.387961,-0.377655,-0.387961, -0.39673,-0.377655,-0.370296,-0.377655,-0.432816,-0.387961,-0.377655,-0.387961]
	PARPACK diagonalization completed after 30 matrix-vector product operations.
	iteration results: : total energy is -22.529640 | electron energy -22.533598 + phonon energy 0.003957 | electron momentum kIdx = 0
The 2-th iteration is completed.	|| time cost : 0h 0m 8.986s
********************************************************************************************************************
Start the 3 rounds of NGS-ED iteration
	effective electronic model is modified as: kinetic energy t = 0.97206
	                                           effective interaction Vq = [-0.497837,-0.436972,-0.399191,-0.436972,-0.436972,-0.390031,-0.379354,-0.390031,-0.399191,-0.379354, -0.37176,-0.379354,-0.436972,-0.390031,-0.379354,-0.390031]
	PARPACK diagonalization completed after 30 matrix-vector product operations.
	iteration results: : total energy is -22.563175 | electron energy -22.567758 + phonon energy 0.004583 | electron momentum kIdx = 0
The 3-th iteration is completed.	|| time cost : 0h 0m 8.937s
********************************************************************************************************************
Start the 4 rounds of NGS-ED iteration
	effective electronic model is modified as: kinetic energy t = 0.971843
	                                           effective interaction Vq = [-0.499189,-0.438914,-0.400246,-0.438914,-0.438914,-0.390898,-0.380065,-0.390898,-0.400246,-0.380065, -0.37238,-0.380065,-0.438914,-0.390898,-0.380065,-0.390898]
	PARPACK diagonalization completed after 30 matrix-vector product operations.
	iteration results: : total energy is -22.575441 | electron energy -22.580328 + phonon energy 0.004887 | electron momentum kIdx = 0
The 4-th iteration is completed.	|| time cost : 0h 0m 9.133s
********************************************************************************************************************
Start the 5 rounds of NGS-ED iteration
	effective electronic model is modified as: kinetic energy t = 0.971747
	                                           effective interaction Vq = [-0.499686,-0.439834,-0.400701,-0.439834,-0.439834,-0.391264,-0.380365,-0.391264,-0.400701,-0.380365,-0.372643,-0.380365,-0.439834,-0.391264,-0.380365,-0.391264]
	PARPACK diagonalization completed after 30 matrix-vector product operations.
	iteration results: : total energy is -22.579938 | electron energy -22.584968 + phonon energy 0.005029 | electron momentum kIdx = 0
The 5-th iteration is completed.	|| time cost : 0h 0m 9.12s
********************************************************************************************************************
Start the 6 rounds of NGS-ED iteration
	effective electronic model is modified as: kinetic energy t = 0.971703
	                                           effective interaction Vq = [-0.499869,-0.440272,-0.400899,-0.440272,-0.440272,-0.391419,-0.380492,-0.391419,-0.400899,-0.380492,-0.372755,-0.380492,-0.440272,-0.391419,-0.380492,-0.391419]
	PARPACK diagonalization completed after 30 matrix-vector product operations.
	iteration results: : total energy is -22.581590 | electron energy -22.586684 + phonon energy 0.005094 | electron momentum kIdx = 0
The 6-th iteration is completed.	|| time cost : 0h 0m 9.146s
********************************************************************************************************************
Start the 7 rounds of NGS-ED iteration
	effective electronic model is modified as: kinetic energy t = 0.971684
	                                           effective interaction Vq = [-0.499936,-0.440481,-0.400985,-0.440481,-0.440481,-0.391485,-0.380546,-0.391485,-0.400985,-0.380546,-0.372803,-0.380546,-0.440481,-0.391485,-0.380546,-0.391485]
	PARPACK diagonalization completed after 30 matrix-vector product operations.
	iteration results: : total energy is -22.582196 | electron energy -22.587320 + phonon energy 0.005124 | electron momentum kIdx = 0
The 7-th iteration is completed.	|| time cost : 0h 0m 9.015s
********************************************************************************************************************
Start the 8 rounds of NGS-ED iteration
	effective electronic model is modified as: kinetic energy t = 0.971675
	                                           effective interaction Vq = [-0.499961,-0.440581,-0.401023,-0.440581,-0.440581,-0.391513,-0.380569,-0.391513,-0.401023,-0.380569,-0.372824,-0.380569,-0.440581,-0.391513,-0.380569,-0.391513]
	PARPACK diagonalization completed after 30 matrix-vector product operations.
	iteration results: : total energy is -22.582420 | electron energy -22.587557 + phonon energy 0.005137 | electron momentum kIdx = 0
The 8-th iteration is completed.	|| time cost : 0h 0m 8.975s
********************************************************************************************************************
Start the 9 rounds of NGS-ED iteration
	effective electronic model is modified as: kinetic energy t = 0.971671
	                                           effective interaction Vq = [ -0.49997, -0.44063,-0.401039, -0.44063, -0.44063,-0.391525,-0.380578,-0.391525,-0.401039,-0.380578,-0.372832,-0.380578, -0.44063,-0.391525,-0.380578,-0.391525]
	PARPACK diagonalization completed after 30 matrix-vector product operations.
	iteration results: : total energy is -22.582502 | electron energy -22.587645 + phonon energy 0.005143 | electron momentum kIdx = 0
The 9-th iteration is completed.	|| time cost : 0h 0m 9.172s
********************************************************************************************************************
Start the 10 rounds of NGS-ED iteration
	effective electronic model is modified as: kinetic energy t = 0.971669
	                                           effective interaction Vq = [-0.499973,-0.440653,-0.401047,-0.440653,-0.440653,-0.391531,-0.380582,-0.391531,-0.401047,-0.380582,-0.372836,-0.380582,-0.440653,-0.391531,-0.380582,-0.391531]
	PARPACK diagonalization completed after 30 matrix-vector product operations.
	iteration results: : total energy is -22.582532 | electron energy -22.587678 + phonon energy 0.005146 | electron momentum kIdx = 0
	Nq(0) = 9,	Nq(1) = 0.246473,	Nq(2) = 0.321675,	Nq(3) = 0.246473,	Nq(4) = 0.246473,	Nq(5) = 0.296007,	Nq(6) = 0.402808,	Nq(7) = 0.296007,	Nq(8) = 0.321675,	Nq(9) = 0.402808,	Nq(10) = 0.502074,	Nq(11) = 0.402808,	Nq(12) = 0.246473,	Nq(13) = 0.296007,	Nq(14) = 0.402808,	Nq(15) = 0.296007,	Sq(0) = -5.09203e-18,	Sq(1) = 0.501688,	Sq(2) = 0.415467,	Sq(3) = 0.501688,	Sq(4) = 0.501688,	Sq(5) = 0.732152,	Sq(6) = 0.88679,	Sq(7) = 0.732152,	Sq(8) = 0.415467,	Sq(9) = 0.88679,	Sq(10) = 0.75997,	Sq(11) = 0.88679,	Sq(12) = 0.501688,	Sq(13) = 0.732152,	Sq(14) = 0.88679,	Sq(15) = 0.732152,	N(0) = 1.90506,	N(1) = 1.82998,	N(2) = 0.694856,	N(3) = 1.82998,	N(4) = 1.82998,	N(5) = 0.268616,	N(6) = 0.0677597,	N(7) = 0.268616,	N(8) = 0.694856,	N(9) = 0.0677597,	N(10) = 0.0398206,	N(11) = 0.0677597,	N(12) = 1.82998,	N(13) = 0.268616,	N(14) = 0.0677597,	N(15) = 0.268616,	Delta[s](0) = 0.125392,	Delta[s](1) = 0.0874497,	Delta[s](2) = 0.0676296,	Delta[s](3) = 0.0874497,	Delta[s](4) = 0.0874497,	Delta[s](5) = 0.0600265,	Delta[s](6) = 0.0265733,	Delta[s](7) = 0.0600265,	Delta[s](8) = 0.0676296,	Delta[s](9) = 0.0265733,	Delta[s](10) = 0.00643782,	Delta[s](11) = 0.0265733,	Delta[s](12) = 0.0874497,	Delta[s](13) = 0.0600265,	Delta[s](14) = 0.0265733,	Delta[s](15) = 0.0600265,	Delta[d](0) = 0.236194,	Delta[d](1) = 0.179247,	Delta[d](2) = 0.230558,	Delta[d](3) = 0.179247,	Delta[d](4) = 0.179247,	Delta[d](5) = 0.125663,	Delta[d](6) = 0.147245,	Delta[d](7) = 0.125663,	Delta[d](8) = 0.230558,	Delta[d](9) = 0.147245,	Delta[d](10) = 0.0459221,	Delta[d](11) = 0.147245,	Delta[d](12) = 0.179247,	Delta[d](13) = 0.125663,	Delta[d](14) = 0.147245,	Delta[d](15) = 0.125663,	Delta[s+](0) = 0.556872,	Delta[s+](1) = 0.379452,	Delta[s+](2) = 0.230558,	Delta[s+](3) = 0.379452,	Delta[s+](4) = 0.379452,	Delta[s+](5) = 0.176503,	Delta[s+](6) = 0.0542349,	Delta[s+](7) = 0.176503,	Delta[s+](8) = 0.230558,	Delta[s+](9) = 0.0542349,	Delta[s+](10) = 0.0105517,	Delta[s+](11) = 0.0542349,	Delta[s+](12) = 0.379452,	Delta[s+](13) = 0.176503,	Delta[s+](14) = 0.0542349,	Delta[s+](15) = 0.176503
The 10-th iteration is completed.	|| time cost : 0h 1m 25.498s
********************************************************************************************************************
Start the 11 rounds of NGS-ED iteration
	effective electronic model is modified as: kinetic energy t = 0.971668
	                                           effective interaction Vq = [-0.499975,-0.440664, -0.40105,-0.440664,-0.440664,-0.391533,-0.380584,-0.391533, -0.40105,-0.380584,-0.372838,-0.380584,-0.440664,-0.391533,-0.380584,-0.391533]
	PARPACK diagonalization completed after 30 matrix-vector product operations.
	iteration results: : total energy is -22.582543 | electron energy -22.587690 + phonon energy 0.005147 | electron momentum kIdx = 0
The 11-th iteration is completed.	|| time cost : 0h 0m 9.12s
********************************************************************************************************************
Start the 12 rounds of NGS-ED iteration
	effective electronic model is modified as: kinetic energy t = 0.971668
	                                           effective interaction Vq = [-0.499975,-0.440669,-0.401051,-0.440669,-0.440669,-0.391534,-0.380585,-0.391534,-0.401051,-0.380585,-0.372838,-0.380585,-0.440669,-0.391534,-0.380585,-0.391534]
	PARPACK diagonalization completed after 30 matrix-vector product operations.
	iteration results: : total energy is -22.582547 | electron energy -22.587695 + phonon energy 0.005148 | electron momentum kIdx = 0
The 12-th iteration is completed.	|| time cost : 0h 0m 9.118s
********************************************************************************************************************
Start the 13 rounds of NGS-ED iteration
	effective electronic model is modified as: kinetic energy t = 0.971668
	                                           effective interaction Vq = [-0.499975,-0.440672,-0.401052,-0.440672,-0.440672,-0.391534,-0.380585,-0.391534,-0.401052,-0.380585,-0.372839,-0.380585,-0.440672,-0.391534,-0.380585,-0.391534]
	PARPACK diagonalization completed after 30 matrix-vector product operations.
	iteration results: : total energy is -22.582548 | electron energy -22.587696 + phonon energy 0.005148 | electron momentum kIdx = 0
The 13-th iteration is completed.	|| time cost : 0h 0m 8.992s
********************************************************************************************************************
Start the 14 rounds of NGS-ED iteration
	effective electronic model is modified as: kinetic energy t = 0.971668
	                                           effective interaction Vq = [-0.499975,-0.440673,-0.401052,-0.440673,-0.440673,-0.391534,-0.380586,-0.391534,-0.401052,-0.380586,-0.372839,-0.380586,-0.440673,-0.391534,-0.380586,-0.391534]
	PARPACK diagonalization completed after 30 matrix-vector product operations.
	iteration results: : total energy is -22.582549 | electron energy -22.587697 + phonon energy 0.005148 | electron momentum kIdx = 0
The 14-th iteration is completed.	|| time cost : 0h 0m 8.982s
********************************************************************************************************************
Start the 15 rounds of NGS-ED iteration
	effective electronic model is modified as: kinetic energy t = 0.971668
	                                           effective interaction Vq = [-0.499975,-0.440673,-0.401052,-0.440673,-0.440673,-0.391534,-0.380586,-0.391534,-0.401052,-0.380586,-0.372839,-0.380586,-0.440673,-0.391534,-0.380586,-0.391534]
	PARPACK diagonalization completed after 30 matrix-vector product operations.
	iteration results: : total energy is -22.582549 | electron energy -22.587697 + phonon energy 0.005148 | electron momentum kIdx = 0
The 15-th iteration is completed.	|| time cost : 0h 0m 8.999s
********************************************************************************************************************
Start the 16 rounds of NGS-ED iteration
	effective electronic model is modified as: kinetic energy t = 0.971668
	                                           effective interaction Vq = [-0.499975,-0.440674,-0.401052,-0.440674,-0.440674,-0.391534,-0.380586,-0.391534,-0.401052,-0.380586,-0.372839,-0.380586,-0.440674,-0.391534,-0.380586,-0.391534]
	PARPACK diagonalization completed after 30 matrix-vector product operations.
	iteration results: : total energy is -22.582549 | electron energy -22.587697 + phonon energy 0.005148 | electron momentum kIdx = 0
The 16-th iteration is completed.	|| time cost : 0h 0m 9.062s
********************************************************************************************************************
Start the 17 rounds of NGS-ED iteration
	effective electronic model is modified as: kinetic energy t = 0.971668
	                                           effective interaction Vq = [-0.499975,-0.440674,-0.401052,-0.440674,-0.440674,-0.391534,-0.380586,-0.391534,-0.401052,-0.380586,-0.372839,-0.380586,-0.440674,-0.391534,-0.380586,-0.391534]
	PARPACK diagonalization completed after 30 matrix-vector product operations.
	iteration results: : total energy is -22.582549 | electron energy -22.587698 + phonon energy 0.005148 | electron momentum kIdx = 0
The 17-th iteration is completed.	|| time cost : 0h 0m 9.129s
********************************************************************************************************************
Start the 18 rounds of NGS-ED iteration
	effective electronic model is modified as: kinetic energy t = 0.971668
	                                           effective interaction Vq = [-0.499975,-0.440674,-0.401052,-0.440674,-0.440674,-0.391534,-0.380586,-0.391534,-0.401052,-0.380586,-0.372839,-0.380586,-0.440674,-0.391534,-0.380586,-0.391534]
	PARPACK diagonalization completed after 30 matrix-vector product operations.
	iteration results: : total energy is -22.582549 | electron energy -22.587698 + phonon energy 0.005148 | electron momentum kIdx = 0
The 18-th iteration is completed.	|| time cost : 0h 0m 8.952s
********************************************************************************************************************
Start the 19 rounds of NGS-ED iteration
	effective electronic model is modified as: kinetic energy t = 0.971668
	                                           effective interaction Vq = [-0.499975,-0.440674,-0.401052,-0.440674,-0.440674,-0.391534,-0.380586,-0.391534,-0.401052,-0.380586,-0.372839,-0.380586,-0.440674,-0.391534,-0.380586,-0.391534]
	PARPACK diagonalization completed after 30 matrix-vector product operations.
	iteration results: : total energy is -22.582549 | electron energy -22.587698 + phonon energy 0.005148 | electron momentum kIdx = 0
The 19-th iteration is completed.	|| time cost : 0h 0m 9.066s
********************************************************************************************************************
Start the 20 rounds of NGS-ED iteration
	effective electronic model is modified as: kinetic energy t = 0.971668
	                                           effective interaction Vq = [-0.499975,-0.440674,-0.401052,-0.440674,-0.440674,-0.391534,-0.380586,-0.391534,-0.401052,-0.380586,-0.372839,-0.380586,-0.440674,-0.391534,-0.380586,-0.391534]
	PARPACK diagonalization completed after 30 matrix-vector product operations.
	iteration results: : total energy is -22.582549 | electron energy -22.587698 + phonon energy 0.005148 | electron momentum kIdx = 0
	Nq(0) = 9,	Nq(1) = 0.246473,	Nq(2) = 0.321675,	Nq(3) = 0.246473,	Nq(4) = 0.246473,	Nq(5) = 0.296007,	Nq(6) = 0.402808,	Nq(7) = 0.296007,	Nq(8) = 0.321675,	Nq(9) = 0.402808,	Nq(10) = 0.502074,	Nq(11) = 0.402808,	Nq(12) = 0.246473,	Nq(13) = 0.296007,	Nq(14) = 0.402808,	Nq(15) = 0.296007,	Sq(0) = -7.56759e-18,	Sq(1) = 0.501687,	Sq(2) = 0.415467,	Sq(3) = 0.501687,	Sq(4) = 0.501687,	Sq(5) = 0.732152,	Sq(6) = 0.88679,	Sq(7) = 0.732152,	Sq(8) = 0.415467,	Sq(9) = 0.88679,	Sq(10) = 0.75997,	Sq(11) = 0.88679,	Sq(12) = 0.501687,	Sq(13) = 0.732152,	Sq(14) = 0.88679,	Sq(15) = 0.732152,	N(0) = 1.90506,	N(1) = 1.82998,	N(2) = 0.694855,	N(3) = 1.82998,	N(4) = 1.82998,	N(5) = 0.268615,	N(6) = 0.0677596,	N(7) = 0.268615,	N(8) = 0.694855,	N(9) = 0.0677596,	N(10) = 0.0398206,	N(11) = 0.0677596,	N(12) = 1.82998,	N(13) = 0.268615,	N(14) = 0.0677596,	N(15) = 0.268615,	Delta[s](0) = 0.125392,	Delta[s](1) = 0.0874498,	Delta[s](2) = 0.0676297,	Delta[s](3) = 0.0874498,	Delta[s](4) = 0.0874498,	Delta[s](5) = 0.0600266,	Delta[s](6) = 0.0265735,	Delta[s](7) = 0.0600266,	Delta[s](8) = 0.0676297,	Delta[s](9) = 0.0265735,	Delta[s](10) = 0.00643797,	Delta[s](11) = 0.0265735,	Delta[s](12) = 0.0874498,	Delta[s](13) = 0.0600266,	Delta[s](14) = 0.0265735,	Delta[s](15) = 0.0600266,	Delta[d](0) = 0.236209,	Delta[d](1) = 0.179258,	Delta[d](2) = 0.230572,	Delta[d](3) = 0.179258,	Delta[d](4) = 0.179258,	Delta[d](5) = 0.12567,	Delta[d](6) = 0.147254,	Delta[d](7) = 0.12567,	Delta[d](8) = 0.230572,	Delta[d](9) = 0.147254,	Delta[d](10) = 0.045925,	Delta[d](11) = 0.147254,	Delta[d](12) = 0.179258,	Delta[d](13) = 0.12567,	Delta[d](14) = 0.147254,	Delta[d](15) = 0.12567,	Delta[s+](0) = 0.556906,	Delta[s+](1) = 0.379476,	Delta[s+](2) = 0.230572,	Delta[s+](3) = 0.379476,	Delta[s+](4) = 0.379476,	Delta[s+](5) = 0.176514,	Delta[s+](6) = 0.0542383,	Delta[s+](7) = 0.176514,	Delta[s+](8) = 0.230572,	Delta[s+](9) = 0.0542383,	Delta[s+](10) = 0.0105525,	Delta[s+](11) = 0.0542383,	Delta[s+](12) = 0.379476,	Delta[s+](13) = 0.176514,	Delta[s+](14) = 0.0542383,	Delta[s+](15) = 0.176514
The 20-th iteration is completed.	|| time cost : 0h 1m 24.699s
********************************************************************************************************************
Start the 21 rounds of NGS-ED iteration
	effective electronic model is modified as: kinetic energy t = 0.971668
	                                           effective interaction Vq = [-0.499975,-0.440674,-0.401052,-0.440674,-0.440674,-0.391534,-0.380586,-0.391534,-0.401052,-0.380586,-0.372839,-0.380586,-0.440674,-0.391534,-0.380586,-0.391534]
	PARPACK diagonalization completed after 30 matrix-vector product operations.
	iteration results: : total energy is -22.582549 | electron energy -22.587698 + phonon energy 0.005148 | electron momentum kIdx = 0
The 21-th iteration is completed.	|| time cost : 0h 0m 9.108s
********************************************************************************************************************
Start the 22 rounds of NGS-ED iteration
	effective electronic model is modified as: kinetic energy t = 0.971668
	                                           effective interaction Vq = [-0.499975,-0.440674,-0.401052,-0.440674,-0.440674,-0.391534,-0.380586,-0.391534,-0.401052,-0.380586,-0.372839,-0.380586,-0.440674,-0.391534,-0.380586,-0.391534]
	PARPACK diagonalization completed after 30 matrix-vector product operations.
	iteration results: : total energy is -22.582549 | electron energy -22.587698 + phonon energy 0.005148 | electron momentum kIdx = 0
The 22-th iteration is completed.	|| time cost : 0h 0m 8.998s
********************************************************************************************************************
Start the 23 rounds of NGS-ED iteration
	effective electronic model is modified as: kinetic energy t = 0.971668
	                                           effective interaction Vq = [-0.499975,-0.440674,-0.401052,-0.440674,-0.440674,-0.391534,-0.380586,-0.391534,-0.401052,-0.380586,-0.372839,-0.380586,-0.440674,-0.391534,-0.380586,-0.391534]
	PARPACK diagonalization completed after 90 matrix-vector product operations.
	iteration results: : total energy is -22.590893 | electron energy -22.596041 + phonon energy 0.005148 | electron momentum kIdx = 0
The 23-th iteration is completed.	|| time cost : 0h 0m 15.161s
********************************************************************************************************************
Start the 24 rounds of NGS-ED iteration
	effective electronic model is modified as: kinetic energy t = 0.971704
	                                           effective interaction Vq = [-0.499975,-0.439965,-0.394067,-0.439965,-0.439965,-0.400317,-0.379299,-0.400317,-0.394067,-0.379299,-0.363574,-0.379299,-0.439965,-0.400317,-0.379299,-0.400317]
	PARPACK diagonalization completed after 30 matrix-vector product operations.
	iteration results: : total energy is -22.592607 | electron energy -22.597745 + phonon energy 0.005137 | electron momentum kIdx = 0
The 24-th iteration is completed.	|| time cost : 0h 0m 9.04s
********************************************************************************************************************
Start the 25 rounds of NGS-ED iteration
	effective electronic model is modified as: kinetic energy t = 0.971689
	                                           effective interaction Vq = [-0.499975,-0.439629,-0.391217,-0.439629,-0.439629,-0.403937,  -0.3788,-0.403937,-0.391217,  -0.3788,-0.360184,  -0.3788,-0.439629,-0.403937,  -0.3788,-0.403937]
	PARPACK diagonalization completed after 30 matrix-vector product operations.
	iteration results: : total energy is -22.592899 | electron energy -22.598019 + phonon energy 0.005121 | electron momentum kIdx = 0
