TACC:  Starting up job 1813891 
TACC:  Starting parallel tasks... 
SNEDics v3.4 Non-Gaussian ED ground state program		Start at Fri Oct 23 21:17:13 2020

parallized on 16 MPI threads  * 7 OpenMP threads = 112 total threads.
********************************************************************************************************************
********************************************************************************************************************

********************************************************************************************************************
System parameters and configurations
********************************************************************************************************************
Special program options are enabled: splitted diagonal Hamiltonian
********************************************************************************************************************
Read input file "model_params.in"
	Hubbard-Holstein model parameters : 	t = 1    U = 2    g = 2.2361    W = 1    
********************************************************************************************************************
Read input file "hilbertspace_params.in"
	Requested 16-site 2D lattice, with 14 electrons (7, 7)
	Boundary : Periodic		Hilbert space representation : momentum-space (restricted to kIdx = 0)
	Conservation: particle number[U(1)]      spin[U(1)]     momentum
********************************************************************************************************************

Cluster Positions:				Cluster symmetry group : D4
 x ... x ... x ... x .....                       x ... x ... x ... x .....
 |           |           :                       |           |           :
 |           |           :                       |           |           :
12    13    14    15     x                       1     5     6     5     x
 |           |           :                       |           |           :
 |           |           :                       |           |           :
 8 --- 9 ---10 ---11 --- x                       2 --- 6 ---10 --- 6 --- x
 |           |           :                       |           |           :
 |           |           :                       |           |           :
 4     5     6     7     x                       1     5     6     5     x
 |           |           :                       |           |           :
 |           |           :                       |           |           :
 0 --- 1 --- 2 --- 3 --- x                       0 --- 1 --- 2 --- 1 --- x
orbital number : 1
********************************************************************************************************************
Read input file "obs_params.in"
	Observable Type : Nq(All),   Sq(All),   N(All),   Delta[s](All),   Delta[d](All),   Delta[s+](All)
********************************************************************************************************************
** WARNING ** the input observables have non-local factors which have been reinterpreted. The total observable number is 96
********************************************************************************************************************


********************************************************************************************************************
Start calculating the non-Gaussian ED ground state
** WARNING ** Detected low phonon energy W < 10. The initial state will be prepared through a warm-up process.
********************************************************************************************************************
Start warm-up calculation for scaling factor 16
open output files: NGSEDWarmUpW16Obs.txt
********************************************************************************************************************
Start the 0 rounds of NGS-ED iteration
	effective electronic model is modified as: kinetic energy t = 1
	                                           effective interaction Vq = [0,0,0,0,0,0,0,0,0,0,0,0,0,0,0,0]
	first Hamiltonian is constructed, non-zero numbers = 2178478298
	PARPACK diagonalization completed after 195 matrix-vector product operations.
	iteration results: : total energy is -19.171045 | electron energy -19.171045 + phonon energy 0.000000 | electron momentum kIdx = 0
	Nq(0) = 12.25,	Nq(1) = 0.279436,	Nq(2) = 0.329205,	Nq(3) = 0.279436,	Nq(4) = 0.279436,	Nq(5) = 0.404041,	Nq(6) = 0.478016,	Nq(7) = 0.404041,	Nq(8) = 0.329205,	Nq(9) = 0.478016,	Nq(10) = 0.527076,	Nq(11) = 0.478016,	Nq(12) = 0.279436,	Nq(13) = 0.404041,	Nq(14) = 0.478016,	Nq(15) = 0.404041,	Sq(0) = 1.51988e-18,	Sq(1) = 0.429144,	Sq(2) = 0.622642,	Sq(3) = 0.429144,	Sq(4) = 0.429144,	Sq(5) = 0.557077,	Sq(6) = 0.742896,	Sq(7) = 0.557077,	Sq(8) = 0.622642,	Sq(9) = 0.742896,	Sq(10) = 1.75679,	Sq(11) = 0.742896,	Sq(12) = 0.429144,	Sq(13) = 0.557077,	Sq(14) = 0.742896,	Sq(15) = 0.557077,	N(0) = 1.97713,	N(1) = 1.95615,	N(2) = 0.0329049,	N(3) = 1.95615,	N(4) = 1.95615,	N(5) = 0.998401,	N(6) = 0.0312702,	N(7) = 0.998401,	N(8) = 0.0329049,	N(9) = 0.0312702,	N(10) = 0.0137669,	N(11) = 0.0312702,	N(12) = 1.95615,	N(13) = 0.998401,	N(14) = 0.0312702,	N(15) = 0.998401,	Delta[s](0) = 0.186092,	Delta[s](1) = 0.155895,	Delta[s](2) = 0.114857,	Delta[s](3) = 0.155895,	Delta[s](4) = 0.155895,	Delta[s](5) = 0.134253,	Delta[s](6) = 0.101576,	Delta[s](7) = 0.134253,	Delta[s](8) = 0.114857,	Delta[s](9) = 0.101576,	Delta[s](10) = 0.0580253,	Delta[s](11) = 0.101576,	Delta[s](12) = 0.155895,	Delta[s](13) = 0.134253,	Delta[s](14) = 0.101576,	Delta[s](15) = 0.134253,	Delta[d](0) = 0.223461,	Delta[d](1) = 0.145569,	Delta[d](2) = 0.158295,	Delta[d](3) = 0.145569,	Delta[d](4) = 0.145569,	Delta[d](5) = 0.148584,	Delta[d](6) = 0.102901,	Delta[d](7) = 0.148584,	Delta[d](8) = 0.158295,	Delta[d](9) = 0.102901,	Delta[d](10) = 0.0350255,	Delta[d](11) = 0.102901,	Delta[d](12) = 0.145569,	Delta[d](13) = 0.148584,	Delta[d](14) = 0.102901,	Delta[d](15) = 0.148584,	Delta[s+](0) = 0.519351,	Delta[s+](1) = 0.389677,	Delta[s+](2) = 0.158295,	Delta[s+](3) = 0.389677,	Delta[s+](4) = 0.389677,	Delta[s+](5) = 0.268901,	Delta[s+](6) = 0.0982756,	Delta[s+](7) = 0.268901,	Delta[s+](8) = 0.158295,	Delta[s+](9) = 0.0982756,	Delta[s+](10) = 0.0257777,	Delta[s+](11) = 0.0982756,	Delta[s+](12) = 0.389677,	Delta[s+](13) = 0.268901,	Delta[s+](14) = 0.0982756,	Delta[s+](15) = 0.268901
The 0-th iteration is completed.	|| time cost : 0h 6m 38.852s
********************************************************************************************************************
Start the 1 rounds of NGS-ED iteration
	effective electronic model is modified as: kinetic energy t = 0.86003
	                                           effective interaction Vq = [-4.79633,-4.64845,-4.53722,-4.64845,-4.64845,-4.58968,-4.53172,-4.58968,-4.53722,-4.53172,-4.47349,-4.53172,-4.64845,-4.58968,-4.53172,-4.58968]
	PARPACK diagonalization completed after 150 matrix-vector product operations.
	iteration results: : total energy is -123.425736 | electron energy -123.449578 + phonon energy 0.023842 | electron momentum kIdx = 0
The 1-th iteration is completed.	|| time cost : 0h 5m 34.818s
********************************************************************************************************************
Start the 2 rounds of NGS-ED iteration
	effective electronic model is modified as: kinetic energy t = 0.778676
	                                           effective interaction Vq = [-4.99184,-4.97043,-4.95291,-4.97043,-4.97043,-4.95929,-4.95122,-4.95929,-4.95291,-4.95122,-4.95226,-4.95122,-4.97043,-4.95929,-4.95122,-4.95929]
	PARPACK diagonalization completed after 60 matrix-vector product operations.
	iteration results: : total energy is -130.444146 | electron energy -130.478652 + phonon energy 0.034506 | electron momentum kIdx = 0
The 2-th iteration is completed.	|| time cost : 0h 0m 27.238s
********************************************************************************************************************
Start the 3 rounds of NGS-ED iteration
	effective electronic model is modified as: kinetic energy t = 0.759673
	                                           effective interaction Vq = [ -4.9998,-4.99111,-4.98539,-4.99111,-4.99111,-4.98631,-4.98557,-4.98631,-4.98539,-4.98557,-4.99318,-4.98557,-4.99111,-4.98631,-4.98557,-4.98631]
	PARPACK diagonalization completed after 60 matrix-vector product operations.
	iteration results: : total energy is -130.774570 | electron energy -130.807812 + phonon energy 0.033242 | electron momentum kIdx = 0
The 3-th iteration is completed.	|| time cost : 0h 0m 27.203s
********************************************************************************************************************
Start the 4 rounds of NGS-ED iteration
	effective electronic model is modified as: kinetic energy t = 0.755912
	                                           effective interaction Vq = [-5.00013,-4.99354,-4.98948,-4.99354,-4.99354,-4.98965,-4.98993,-4.98965,-4.98948,-4.98993,-4.99737,-4.98993,-4.99354,-4.98965,-4.98993,-4.98965]
	PARPACK diagonalization completed after 45 matrix-vector product operations.
	iteration results: : total energy is -130.788454 | electron energy -130.821474 + phonon energy 0.033020 | electron momentum kIdx = 0
The 4-th iteration is completed.	|| time cost : 0h 0m 24.472s
********************************************************************************************************************
Start the 5 rounds of NGS-ED iteration
	effective electronic model is modified as: kinetic energy t = 0.755144
	                                           effective interaction Vq = [-5.00014,-4.99398,-4.99024,-4.99398,-4.99398,-4.99027,-4.99075,-4.99027,-4.99024,-4.99075,-4.99797,-4.99075,-4.99398,-4.99027,-4.99075,-4.99027]
	PARPACK diagonalization completed after 45 matrix-vector product operations.
	iteration results: : total energy is -130.789024 | electron energy -130.822033 + phonon energy 0.033009 | electron momentum kIdx = 0
The 5-th iteration is completed.	|| time cost : 0h 0m 24.426s
********************************************************************************************************************
Start the 6 rounds of NGS-ED iteration
	effective electronic model is modified as: kinetic energy t = 0.754982
	                                           effective interaction Vq = [-5.00014,-4.99407, -4.9904,-4.99407,-4.99407, -4.9904,-4.99092, -4.9904, -4.9904,-4.99092,-4.99808,-4.99092,-4.99407, -4.9904,-4.99092, -4.9904]
	PARPACK diagonalization completed after 30 matrix-vector product operations.
	iteration results: : total energy is -130.789047 | electron energy -130.822058 + phonon energy 0.033011 | electron momentum kIdx = 0
	Nq(0) = 12.25,	Nq(1) = 0.496459,	Nq(2) = 0.768852,	Nq(3) = 0.496459,	Nq(4) = 0.496459,	Nq(5) = 0.768867,	Nq(6) = 1.17608,	Nq(7) = 0.768867,	Nq(8) = 0.768852,	Nq(9) = 1.17608,	Nq(10) = 3.36399,	Nq(11) = 1.17608,	Nq(12) = 0.496459,	Nq(13) = 0.768867,	Nq(14) = 1.17608,	Nq(15) = 0.768867,	Sq(0) = 4.0466e-19,	Sq(1) = 0.0374734,	Sq(2) = 0.0691819,	Sq(3) = 0.0374734,	Sq(4) = 0.0374734,	Sq(5) = 0.0691819,	Sq(6) = 0.0980973,	Sq(7) = 0.0691819,	Sq(8) = 0.0691819,	Sq(9) = 0.0980973,	Sq(10) = 0.125297,	Sq(11) = 0.0980973,	Sq(12) = 0.0374734,	Sq(13) = 0.0691819,	Sq(14) = 0.0980973,	Sq(15) = 0.0691819,	N(0) = 1.60925,	N(1) = 1.31849,	N(2) = 0.837488,	N(3) = 1.31849,	N(4) = 1.31849,	N(5) = 0.837487,	N(6) = 0.455348,	N(7) = 0.837487,	N(8) = 0.837488,	N(9) = 0.455348,	N(10) = 0.270484,	N(11) = 0.455348,	N(12) = 1.31849,	N(13) = 0.837487,	N(14) = 0.455348,	N(15) = 0.837487,	Delta[s](0) = 1.25894,	Delta[s](1) = 0.39886,	Delta[s](2) = 0.347704,	Delta[s](3) = 0.39886,	Delta[s](4) = 0.39886,	Delta[s](5) = 0.347703,	Delta[s](6) = 0.310975,	Delta[s](7) = 0.347703,	Delta[s](8) = 0.347704,	Delta[s](9) = 0.310975,	Delta[s](10) = 0.274158,	Delta[s](11) = 0.310975,	Delta[s](12) = 0.39886,	Delta[s](13) = 0.347703,	Delta[s](14) = 0.310975,	Delta[s](15) = 0.347703,	Delta[d](0) = 0.131501,	Delta[d](1) = 0.125438,	Delta[d](2) = 0.127969,	Delta[d](3) = 0.125438,	Delta[d](4) = 0.125438,	Delta[d](5) = 0.118263,	Delta[d](6) = 0.116495,	Delta[d](7) = 0.118263,	Delta[d](8) = 0.127969,	Delta[d](9) = 0.116495,	Delta[d](10) = 0.105117,	Delta[d](11) = 0.116495,	Delta[d](12) = 0.125438,	Delta[d](13) = 0.118263,	Delta[d](14) = 0.116495,	Delta[d](15) = 0.118263,	Delta[s+](0) = 0.180779,	Delta[s+](1) = 0.156377,	Delta[s+](2) = 0.127969,	Delta[s+](3) = 0.156377,	Delta[s+](4) = 0.156377,	Delta[s+](5) = 0.12797,	Delta[s+](6) = 0.101099,	Delta[s+](7) = 0.12797,	Delta[s+](8) = 0.127969,	Delta[s+](9) = 0.101099,	Delta[s+](10) = 0.0834439,	Delta[s+](11) = 0.101099,	Delta[s+](12) = 0.156377,	Delta[s+](13) = 0.12797,	Delta[s+](14) = 0.101099,	Delta[s+](15) = 0.12797
The 6-th iteration is completed.	|| time cost : 0h 3m 58.274s
********************************************************************************************************************
********************************************************************************************************************
Ground state is obtained after 7 iterations. The current ground-state energy is -130.789, in which electron energy is -130.822 and phonon energy is 0.0330108
final variational state is: 
	Gamma_x = [      1,1.01047,1.02044,1.01047,1.01047,1.02044,1.03059,1.02044,1.02044,1.03059,1.04248,1.03059,1.01047,1.02044,1.03059,1.02044]
	lambda_q = [0.559017,0.539573,0.534388,0.539573,0.539573, 0.53439,0.535071, 0.53439,0.534388,0.535071, 0.54772,0.535071,0.539573, 0.53439,0.535071, 0.53439]
The effective e-e interactions mediated by phonons are: [5.00014,4.99409,4.99043,4.99409,4.99409,4.99043,4.99096,4.99043,4.99043,4.99096, 4.9981,4.99096,4.99409,4.99043,4.99096,4.99043]
The real-space interactions mediated by phonons are: [     -79.881, -0.00837566, -0.00239591,  -0.0134408, -0.00829824,   -0.016825, -0.00239591,-0.000205418,  -0.0173713,-0.000205418, -0.00239591,   -0.016825, -0.00829824,  -0.0134408, -0.00239591, -0.00837566]
********************************************************************************************************************
o___o  ----------------------------------------
| L |	Time since last clock: 0h 0m 0s
A===A	Time since the beginning: 0h 17m 55.287s
***********************************************

********************************************************************************************************************
Start warm-up calculation for scaling factor 8
open output files: NGSEDWarmUpW8Obs.txt
********************************************************************************************************************
Start the 0 rounds of NGS-ED iteration
	effective electronic model is modified as: kinetic energy t = 0.754947
	                                           effective interaction Vq = [-4.57117,-4.49611,-4.47507,-4.49611,-4.49611,-4.47507,-4.47786,-4.47507,-4.47507,-4.47786,-4.52829,-4.47786,-4.49611,-4.47507,-4.47786,-4.47507]
	PARPACK diagonalization completed after 60 matrix-vector product operations.
	iteration results: : total energy is -118.284392 | electron energy -118.300898 + phonon energy 0.016506 | electron momentum kIdx = 0
	Nq(0) = 12.25,	Nq(1) = 0.445129,	Nq(2) = 0.652174,	Nq(3) = 0.445129,	Nq(4) = 0.445129,	Nq(5) = 0.652184,	Nq(6) = 0.954859,	Nq(7) = 0.652184,	Nq(8) = 0.652174,	Nq(9) = 0.954859,	Nq(10) = 4.90524,	Nq(11) = 0.954859,	Nq(12) = 0.445129,	Nq(13) = 0.652184,	Nq(14) = 0.954859,	Nq(15) = 0.652184,	Sq(0) = -3.17609e-19,	Sq(1) = 0.0473354,	Sq(2) = 0.0853552,	Sq(3) = 0.0473354,	Sq(4) = 0.0473354,	Sq(5) = 0.0853552,	Sq(6) = 0.119658,	Sq(7) = 0.0853552,	Sq(8) = 0.0853552,	Sq(9) = 0.119658,	Sq(10) = 0.151622,	Sq(11) = 0.119658,	Sq(12) = 0.0473354,	Sq(13) = 0.0853552,	Sq(14) = 0.119658,	Sq(15) = 0.0853552,	N(0) = 1.66505,	N(1) = 1.37358,	N(2) = 0.827367,	N(3) = 1.37358,	N(4) = 1.37358,	N(5) = 0.827367,	N(6) = 0.411093,	N(7) = 0.827367,	N(8) = 0.827367,	N(9) = 0.411093,	N(10) = 0.232053,	N(11) = 0.411093,	N(12) = 1.37358,	N(13) = 0.827367,	N(14) = 0.411093,	N(15) = 0.827367,	Delta[s](0) = 0.834755,	Delta[s](1) = 0.397947,	Delta[s](2) = 0.36742,	Delta[s](3) = 0.397947,	Delta[s](4) = 0.397947,	Delta[s](5) = 0.36742,	Delta[s](6) = 0.344378,	Delta[s](7) = 0.36742,	Delta[s](8) = 0.36742,	Delta[s](9) = 0.344378,	Delta[s](10) = 0.325564,	Delta[s](11) = 0.344378,	Delta[s](12) = 0.397947,	Delta[s](13) = 0.36742,	Delta[s](14) = 0.344378,	Delta[s](15) = 0.36742,	Delta[d](0) = 0.114231,	Delta[d](1) = 0.108356,	Delta[d](2) = 0.112936,	Delta[d](3) = 0.108356,	Delta[d](4) = 0.108356,	Delta[d](5) = 0.100243,	Delta[d](6) = 0.0990545,	Delta[d](7) = 0.100243,	Delta[d](8) = 0.112936,	Delta[d](9) = 0.0990545,	Delta[d](10) = 0.0865949,	Delta[d](11) = 0.0990545,	Delta[d](12) = 0.108356,	Delta[d](13) = 0.100243,	Delta[d](14) = 0.0990545,	Delta[d](15) = 0.100243,	Delta[s+](0) = 0.175116,	Delta[s+](1) = 0.144539,	Delta[s+](2) = 0.112936,	Delta[s+](3) = 0.144539,	Delta[s+](4) = 0.144539,	Delta[s+](5) = 0.112936,	Delta[s+](6) = 0.0844958,	Delta[s+](7) = 0.112936,	Delta[s+](8) = 0.112936,	Delta[s+](9) = 0.0844958,	Delta[s+](10) = 0.0672724,	Delta[s+](11) = 0.0844958,	Delta[s+](12) = 0.144539,	Delta[s+](13) = 0.112936,	Delta[s+](14) = 0.0844958,	Delta[s+](15) = 0.112936
The 0-th iteration is completed.	|| time cost : 0h 4m 3.452s
********************************************************************************************************************
Start the 1 rounds of NGS-ED iteration
	effective electronic model is modified as: kinetic energy t = 0.672736
	                                           effective interaction Vq = [-4.91354,-4.84609,-4.82292,-4.84609,-4.84609,-4.82293,-4.82566,-4.82293,-4.82292,-4.82566,-4.89826,-4.82566,-4.84609,-4.82293,-4.82566,-4.82293]
	PARPACK diagonalization completed after 60 matrix-vector product operations.
	iteration results: : total energy is -126.634174 | electron energy -126.718917 + phonon energy 0.084743 | electron momentum kIdx = 0
The 1-th iteration is completed.	|| time cost : 0h 0m 27.35s
********************************************************************************************************************
Start the 2 rounds of NGS-ED iteration
	effective electronic model is modified as: kinetic energy t = 0.634525
	                                           effective interaction Vq = [-4.98266,-4.93598,-4.91398,-4.93598,-4.93598,-4.91398,-4.91375,-4.91398,-4.91398,-4.91375,-4.97815,-4.91375,-4.93598,-4.91398,-4.91375,-4.91398]
	PARPACK diagonalization completed after 60 matrix-vector product operations.
	iteration results: : total energy is -128.328845 | electron energy -128.421479 + phonon energy 0.092635 | electron momentum kIdx = 0
The 2-th iteration is completed.	|| time cost : 0h 0m 27.201s
********************************************************************************************************************
Start the 3 rounds of NGS-ED iteration
	effective electronic model is modified as: kinetic energy t = 0.615777
	                                           effective interaction Vq = [-4.99661,-4.96516,-4.94676,-4.96516,-4.96516,-4.94676, -4.9457,-4.94676,-4.94676, -4.9457, -4.9943, -4.9457,-4.96516,-4.94676, -4.9457,-4.94676]
	PARPACK diagonalization completed after 60 matrix-vector product operations.
	iteration results: : total energy is -128.674332 | electron energy -128.766032 + phonon energy 0.091700 | electron momentum kIdx = 0
The 3-th iteration is completed.	|| time cost : 0h 0m 27.199s
********************************************************************************************************************
Start the 4 rounds of NGS-ED iteration
	effective electronic model is modified as: kinetic energy t = 0.604806
	                                           effective interaction Vq = [-4.99943,-4.97725,-4.96315,-4.97725,-4.97725,-4.96315,-4.96291,-4.96315,-4.96315,-4.96291,-4.99779,-4.96291,-4.97725,-4.96315,-4.96291,-4.96315]
	PARPACK diagonalization completed after 60 matrix-vector product operations.
	iteration results: : total energy is -128.759324 | electron energy -128.851880 + phonon energy 0.092556 | electron momentum kIdx = 0
The 4-th iteration is completed.	|| time cost : 0h 0m 27.197s
********************************************************************************************************************
Start the 5 rounds of NGS-ED iteration
	effective electronic model is modified as: kinetic energy t = 0.597798
	                                           effective interaction Vq = [      -5,-4.98317,-4.97249,-4.98317,-4.98317,-4.97249,-4.97319,-4.97249,-4.97249,-4.97319,-4.99858,-4.97319,-4.98317,-4.97249,-4.97319,-4.97249]
	PARPACK diagonalization completed after 60 matrix-vector product operations.
	iteration results: : total energy is -128.786843 | electron energy -128.880629 + phonon energy 0.093786 | electron momentum kIdx = 0
The 5-th iteration is completed.	|| time cost : 0h 0m 27.233s
********************************************************************************************************************
Start the 6 rounds of NGS-ED iteration
	effective electronic model is modified as: kinetic energy t = 0.593375
	                                           effective interaction Vq = [-5.00011, -4.9863,-4.97784, -4.9863, -4.9863,-4.97784,-4.97914,-4.97784,-4.97784,-4.97914,-4.99868,-4.97914, -4.9863,-4.97784,-4.97914,-4.97784]
	PARPACK diagonalization completed after 60 matrix-vector product operations.
	iteration results: : total energy is -128.797002 | electron energy -128.891438 + phonon energy 0.094436 | electron momentum kIdx = 0
The 6-th iteration is completed.	|| time cost : 0h 0m 27.188s
********************************************************************************************************************
Start the 7 rounds of NGS-ED iteration
	effective electronic model is modified as: kinetic energy t = 0.590688
	                                           effective interaction Vq = [-5.00014,-4.98799,-4.98086,-4.98799,-4.98799,-4.98086,-4.98249,-4.98086,-4.98086,-4.98249,-4.99858,-4.98249,-4.98799,-4.98086,-4.98249,-4.98086]
	PARPACK diagonalization completed after 45 matrix-vector product operations.
	iteration results: : total energy is -128.800743 | electron energy -128.895352 + phonon energy 0.094609 | electron momentum kIdx = 0
The 7-th iteration is completed.	|| time cost : 0h 0m 24.437s
********************************************************************************************************************
Start the 8 rounds of NGS-ED iteration
	effective electronic model is modified as: kinetic energy t = 0.589103
	                                           effective interaction Vq = [-5.00014,-4.98892,-4.98256,-4.98892,-4.98892,-4.98256,-4.98436,-4.98256,-4.98256,-4.98436,-4.99844,-4.98436,-4.98892,-4.98256,-4.98436,-4.98256]
	PARPACK diagonalization completed after 45 matrix-vector product operations.
	iteration results: : total energy is -128.802077 | electron energy -128.896663 + phonon energy 0.094586 | electron momentum kIdx = 0
The 8-th iteration is completed.	|| time cost : 0h 0m 24.429s
********************************************************************************************************************
Start the 9 rounds of NGS-ED iteration
	effective electronic model is modified as: kinetic energy t = 0.588184
	                                           effective interaction Vq = [-5.00014,-4.98944,-4.98353,-4.98944,-4.98944,-4.98353,-4.98541,-4.98353,-4.98353,-4.98541,-4.99833,-4.98541,-4.98944,-4.98353,-4.98541,-4.98353]
	PARPACK diagonalization completed after 45 matrix-vector product operations.
	iteration results: : total energy is -128.802541 | electron energy -128.897061 + phonon energy 0.094520 | electron momentum kIdx = 0
The 9-th iteration is completed.	|| time cost : 0h 0m 24.455s
********************************************************************************************************************
Start the 10 rounds of NGS-ED iteration
	effective electronic model is modified as: kinetic energy t = 0.587655
	                                           effective interaction Vq = [-5.00014,-4.98973,-4.98407,-4.98973,-4.98973,-4.98407,  -4.986,-4.98407,-4.98407,  -4.986,-4.99824,  -4.986,-4.98973,-4.98407,  -4.986,-4.98407]
	PARPACK diagonalization completed after 45 matrix-vector product operations.
	iteration results: : total energy is -128.802700 | electron energy -128.897162 + phonon energy 0.094461 | electron momentum kIdx = 0
The 10-th iteration is completed.	|| time cost : 0h 0m 24.448s
********************************************************************************************************************
Start the 11 rounds of NGS-ED iteration
	effective electronic model is modified as: kinetic energy t = 0.587352
	                                           effective interaction Vq = [-5.00014, -4.9899,-4.98439, -4.9899, -4.9899,-4.98439,-4.98633,-4.98439,-4.98439,-4.98633,-4.99818,-4.98633, -4.9899,-4.98439,-4.98633,-4.98439]
	PARPACK diagonalization completed after 45 matrix-vector product operations.
	iteration results: : total energy is -128.802755 | electron energy -128.897176 + phonon energy 0.094421 | electron momentum kIdx = 0
The 11-th iteration is completed.	|| time cost : 0h 0m 24.503s
********************************************************************************************************************
Start the 12 rounds of NGS-ED iteration
	effective electronic model is modified as: kinetic energy t = 0.587177
	                                           effective interaction Vq = [-5.00014,   -4.99,-4.98457,   -4.99,   -4.99,-4.98457,-4.98653,-4.98457,-4.98457,-4.98653,-4.99815,-4.98653,   -4.99,-4.98457,-4.98653,-4.98457]
	PARPACK diagonalization completed after 45 matrix-vector product operations.
	iteration results: : total energy is -128.802773 | electron energy -128.897169 + phonon energy 0.094396 | electron momentum kIdx = 0
	Nq(0) = 12.25,	Nq(1) = 0.475151,	Nq(2) = 0.741902,	Nq(3) = 0.475151,	Nq(4) = 0.475151,	Nq(5) = 0.741902,	Nq(6) = 1.16881,	Nq(7) = 0.741902,	Nq(8) = 0.741902,	Nq(9) = 1.16881,	Nq(10) = 4.02171,	Nq(11) = 1.16881,	Nq(12) = 0.475151,	Nq(13) = 0.741902,	Nq(14) = 1.16881,	Nq(15) = 0.741902,	Sq(0) = -4.94824e-19,	Sq(1) = 0.0233649,	Sq(2) = 0.0445353,	Sq(3) = 0.0233649,	Sq(4) = 0.0233649,	Sq(5) = 0.0445353,	Sq(6) = 0.0643116,	Sq(7) = 0.0445353,	Sq(8) = 0.0445353,	Sq(9) = 0.0643116,	Sq(10) = 0.0831307,	Sq(11) = 0.0643116,	Sq(12) = 0.0233649,	Sq(13) = 0.0445353,	Sq(14) = 0.0643116,	Sq(15) = 0.0445353,	N(0) = 1.49321,	N(1) = 1.21869,	N(2) = 0.852014,	N(3) = 1.21869,	N(4) = 1.21869,	N(5) = 0.852014,	N(6) = 0.541692,	N(7) = 0.852014,	N(8) = 0.852014,	N(9) = 0.541692,	N(10) = 0.353176,	N(11) = 0.541692,	N(12) = 1.21869,	N(13) = 0.852014,	N(14) = 0.541692,	N(15) = 0.852014,	Delta[s](0) = 0.724983,	Delta[s](1) = 0.416425,	Delta[s](2) = 0.395041,	Delta[s](3) = 0.416425,	Delta[s](4) = 0.416425,	Delta[s](5) = 0.395041,	Delta[s](6) = 0.380186,	Delta[s](7) = 0.395041,	Delta[s](8) = 0.395041,	Delta[s](9) = 0.380186,	Delta[s](10) = 0.367801,	Delta[s](11) = 0.380186,	Delta[s](12) = 0.416425,	Delta[s](13) = 0.395041,	Delta[s](14) = 0.380186,	Delta[s](15) = 0.395041,	Delta[d](0) = 0.116287,	Delta[d](1) = 0.114456,	Delta[d](2) = 0.116816,	Delta[d](3) = 0.114456,	Delta[d](4) = 0.114456,	Delta[d](5) = 0.110644,	Delta[d](6) = 0.110064,	Delta[d](7) = 0.110644,	Delta[d](8) = 0.116816,	Delta[d](9) = 0.110064,	Delta[d](10) = 0.104857,	Delta[d](11) = 0.110064,	Delta[d](12) = 0.114456,	Delta[d](13) = 0.110644,	Delta[d](14) = 0.110064,	Delta[d](15) = 0.110644,	Delta[s+](0) = 0.14765,	Delta[s+](1) = 0.132108,	Delta[s+](2) = 0.116816,	Delta[s+](3) = 0.132108,	Delta[s+](4) = 0.132108,	Delta[s+](5) = 0.116816,	Delta[s+](6) = 0.103102,	Delta[s+](7) = 0.116816,	Delta[s+](8) = 0.116816,	Delta[s+](9) = 0.103102,	Delta[s+](10) = 0.0934574,	Delta[s+](11) = 0.103102,	Delta[s+](12) = 0.132108,	Delta[s+](13) = 0.116816,	Delta[s+](14) = 0.103102,	Delta[s+](15) = 0.116816
The 12-th iteration is completed.	|| time cost : 0h 4m 1.312s
********************************************************************************************************************
********************************************************************************************************************
Ground state is obtained after 13 iterations. The current ground-state energy is -128.803, in which electron energy is -128.897 and phonon energy is 0.0943955
final variational state is: 
	Gamma_x = [      1,1.02575,1.04977,1.02575,1.02575,1.04977,1.07434,1.04977,1.04977,1.07434,1.10442,1.07434,1.02575,1.04977,1.07434,1.04977]
	lambda_q = [0.790574,0.755062,0.746606,0.755062,0.755062,0.746606,0.749492,0.746606,0.746606,0.749492,0.774684,0.749492,0.755062,0.746606,0.749492,0.746606]
The effective e-e interactions mediated by phonons are: [5.00014,4.99005,4.98467,4.99005,4.99005,4.98467,4.98664,4.98467,4.98467,4.98664,4.99812,4.98664,4.99005,4.98467,4.98664,4.98467]
The real-space interactions mediated by phonons are: [   -79.8131, -0.0104205,-0.00471501, -0.0231327,-0.00884845, -0.0268273,-0.00471501,-0.00150087,  -0.028919,-0.00150087,-0.00471501, -0.0268273,-0.00884845, -0.0231327,-0.00471501, -0.0104205]
********************************************************************************************************************
o___o  ----------------------------------------
| L |	Time since last clock: 0h 0m 0s
A===A	Time since the beginning: 0h 30m 45.697s
***********************************************

********************************************************************************************************************
Start warm-up calculation for scaling factor 4
open output files: NGSEDWarmUpW4Obs.txt
********************************************************************************************************************
Start the 0 rounds of NGS-ED iteration
	effective electronic model is modified as: kinetic energy t = 0.587077
	                                           effective interaction Vq = [-4.57118, -4.4731,-4.44826, -4.4731, -4.4731,-4.44826, -4.4568,-4.44826,-4.44826, -4.4568,-4.52854, -4.4568, -4.4731,-4.44826, -4.4568,-4.44826]
	PARPACK diagonalization completed after 60 matrix-vector product operations.
	iteration results: : total energy is -116.034523 | electron energy -116.081713 + phonon energy 0.047190 | electron momentum kIdx = 0
	Nq(0) = 12.25,	Nq(1) = 0.342365,	Nq(2) = 0.466088,	Nq(3) = 0.342365,	Nq(4) = 0.342365,	Nq(5) = 0.466088,	Nq(6) = 0.653754,	Nq(7) = 0.466088,	Nq(8) = 0.466088,	Nq(9) = 0.653754,	Nq(10) = 8.1344,	Nq(11) = 0.653754,	Nq(12) = 0.342365,	Nq(13) = 0.466088,	Nq(14) = 0.653754,	Nq(15) = 0.466088,	Sq(0) = 4.3181e-19,	Sq(1) = 0.0283712,	Sq(2) = 0.0532388,	Sq(3) = 0.0283712,	Sq(4) = 0.0283712,	Sq(5) = 0.0532388,	Sq(6) = 0.0760607,	Sq(7) = 0.0532388,	Sq(8) = 0.0532388,	Sq(9) = 0.0760607,	Sq(10) = 0.097439,	Sq(11) = 0.0760607,	Sq(12) = 0.0283712,	Sq(13) = 0.0532388,	Sq(14) = 0.0760607,	Sq(15) = 0.0532388,	N(0) = 1.53189,	N(1) = 1.23997,	N(2) = 0.847764,	N(3) = 1.23997,	N(4) = 1.23997,	N(5) = 0.847764,	N(6) = 0.523559,	N(7) = 0.847764,	N(8) = 0.847764,	N(9) = 0.523559,	N(10) = 0.327421,	N(11) = 0.523559,	N(12) = 1.23997,	N(13) = 0.847764,	N(14) = 0.523559,	N(15) = 0.847764,	Delta[s](0) = 0.527358,	Delta[s](1) = 0.415259,	Delta[s](2) = 0.403218,	Delta[s](3) = 0.415259,	Delta[s](4) = 0.415259,	Delta[s](5) = 0.403218,	Delta[s](6) = 0.394323,	Delta[s](7) = 0.403218,	Delta[s](8) = 0.403218,	Delta[s](9) = 0.394323,	Delta[s](10) = 0.397707,	Delta[s](11) = 0.394323,	Delta[s](12) = 0.415259,	Delta[s](13) = 0.403218,	Delta[s](14) = 0.394323,	Delta[s](15) = 0.403218,	Delta[d](0) = 0.0626841,	Delta[d](1) = 0.0617132,	Delta[d](2) = 0.0669144,	Delta[d](3) = 0.0617132,	Delta[d](4) = 0.0617132,	Delta[d](5) = 0.0566778,	Delta[d](6) = 0.0568738,	Delta[d](7) = 0.0566778,	Delta[d](8) = 0.0669144,	Delta[d](9) = 0.0568738,	Delta[d](10) = 0.0506812,	Delta[d](11) = 0.0568738,	Delta[d](12) = 0.0617132,	Delta[d](13) = 0.0566778,	Delta[d](14) = 0.0568738,	Delta[d](15) = 0.0566778,	Delta[s+](0) = 0.10811,	Delta[s+](1) = 0.084623,	Delta[s+](2) = 0.0669144,	Delta[s+](3) = 0.084623,	Delta[s+](4) = 0.084623,	Delta[s+](5) = 0.0669144,	Delta[s+](6) = 0.0529417,	Delta[s+](7) = 0.0669144,	Delta[s+](8) = 0.0669144,	Delta[s+](9) = 0.0529417,	Delta[s+](10) = 0.045038,	Delta[s+](11) = 0.0529417,	Delta[s+](12) = 0.084623,	Delta[s+](13) = 0.0669144,	Delta[s+](14) = 0.0529417,	Delta[s+](15) = 0.0669144
The 0-th iteration is completed.	|| time cost : 0h 4m 3.792s
********************************************************************************************************************
Start the 1 rounds of NGS-ED iteration
	effective electronic model is modified as: kinetic energy t = 0.530893
	                                           effective interaction Vq = [ -4.8074,-4.69751,-4.65743,-4.69751,-4.69751,-4.65743,-4.66173,-4.65743,-4.65743,-4.66173,-4.80112,-4.66173,-4.69751,-4.65743,-4.66173,-4.65743]
	PARPACK diagonalization completed after 45 matrix-vector product operations.
	iteration results: : total energy is -122.081485 | electron energy -122.212865 + phonon energy 0.131380 | electron momentum kIdx = 0
The 1-th iteration is completed.	|| time cost : 0h 0m 24.439s
********************************************************************************************************************
Start the 2 rounds of NGS-ED iteration
	effective electronic model is modified as: kinetic energy t = 0.493906
	                                           effective interaction Vq = [-4.91354,-4.81513,-4.75862,-4.81513,-4.81513,-4.75862,-4.74112,-4.75862,-4.75862,-4.74112,-4.91928,-4.74112,-4.81513,-4.75862,-4.74112,-4.75862]
	PARPACK diagonalization completed after 45 matrix-vector product operations.
	iteration results: : total energy is -124.784621 | electron energy -124.932415 + phonon energy 0.147793 | electron momentum kIdx = 0
The 2-th iteration is completed.	|| time cost : 0h 0m 24.453s
********************************************************************************************************************
Start the 3 rounds of NGS-ED iteration
	effective electronic model is modified as: kinetic energy t = 0.466799
	                                           effective interaction Vq = [-4.96123,-4.88126,-4.82012,-4.88126,-4.88126,-4.82012,-4.78719,-4.82012,-4.82012,-4.78719,-4.96695,-4.78719,-4.88126,-4.82012,-4.78719,-4.82012]
	PARPACK diagonalization completed after 45 matrix-vector product operations.
	iteration results: : total energy is -125.954812 | electron energy -126.095021 + phonon energy 0.140209 | electron momentum kIdx = 0
The 3-th iteration is completed.	|| time cost : 0h 0m 24.404s
********************************************************************************************************************
Start the 4 rounds of NGS-ED iteration
	effective electronic model is modified as: kinetic energy t = 0.446703
	                                           effective interaction Vq = [-4.98266,-4.91926,-4.86001,-4.91926,-4.91926,-4.86001,-4.82005,-4.86001,-4.86001,-4.82005,-4.98609,-4.82005,-4.91926,-4.86001,-4.82005,-4.86001]
	PARPACK diagonalization completed after 45 matrix-vector product operations.
	iteration results: : total energy is -126.461024 | electron energy -126.590423 + phonon energy 0.129399 | electron momentum kIdx = 0
The 4-th iteration is completed.	|| time cost : 0h 0m 24.422s
********************************************************************************************************************
Start the 5 rounds of NGS-ED iteration
	effective electronic model is modified as: kinetic energy t = 0.43177
	                                           effective interaction Vq = [-4.99229,-4.94175,-4.88678,-4.94175,-4.94175,-4.88678,-4.84497,-4.88678,-4.88678,-4.84497, -4.9939,-4.84497,-4.94175,-4.88678,-4.84497,-4.88678]
	PARPACK diagonalization completed after 45 matrix-vector product operations.
	iteration results: : total energy is -126.682774 | electron energy -126.803171 + phonon energy 0.120397 | electron momentum kIdx = 0
The 5-th iteration is completed.	|| time cost : 0h 0m 24.439s
********************************************************************************************************************
Start the 6 rounds of NGS-ED iteration
	effective electronic model is modified as: kinetic energy t = 0.420557
	                                           effective interaction Vq = [-4.99661,-4.95552,-4.90531,-4.95552,-4.95552,-4.90531,-4.86442,-4.90531,-4.90531,-4.86442,-4.99718,-4.86442,-4.95552,-4.90531,-4.86442,-4.90531]
	PARPACK diagonalization completed after 45 matrix-vector product operations.
	iteration results: : total energy is -126.781991 | electron energy -126.895761 + phonon energy 0.113769 | electron momentum kIdx = 0
The 6-th iteration is completed.	|| time cost : 0h 0m 24.404s
********************************************************************************************************************
Start the 7 rounds of NGS-ED iteration
	effective electronic model is modified as: kinetic energy t = 0.411996
	                                           effective interaction Vq = [-4.99856,-4.96426,-4.91854,-4.96426,-4.96426,-4.91854,-4.87992,-4.91854,-4.91854,-4.87992,-4.99862,-4.87992,-4.96426,-4.91854,-4.87992,-4.91854]
	PARPACK diagonalization completed after 60 matrix-vector product operations.
	iteration results: : total energy is -126.827772 | electron energy -126.936858 + phonon energy 0.109086 | electron momentum kIdx = 0
The 7-th iteration is completed.	|| time cost : 0h 0m 27.205s
********************************************************************************************************************
Start the 8 rounds of NGS-ED iteration
	effective electronic model is modified as: kinetic energy t = 0.405325
	                                           effective interaction Vq = [-4.99943,   -4.97,-4.92828,   -4.97,   -4.97,-4.92828,-4.89251,-4.92828,-4.92828,-4.89251,-4.99928,-4.89251,   -4.97,-4.92828,-4.89251,-4.92828]
	PARPACK diagonalization completed after 60 matrix-vector product operations.
	iteration results: : total energy is -126.849844 | electron energy -126.955667 + phonon energy 0.105823 | electron momentum kIdx = 0
The 8-th iteration is completed.	|| time cost : 0h 0m 27.204s
********************************************************************************************************************
Start the 9 rounds of NGS-ED iteration
	effective electronic model is modified as: kinetic energy t = 0.40001
	                                           effective interaction Vq = [-4.99982,-4.97391,-4.93568,-4.97391,-4.97391,-4.93568,-4.90291,-4.93568,-4.93568,-4.90291, -4.9996,-4.90291,-4.97391,-4.93568,-4.90291,-4.93568]
	PARPACK diagonalization completed after 60 matrix-vector product operations.
	iteration results: : total energy is -126.861157 | electron energy -126.964718 + phonon energy 0.103561 | electron momentum kIdx = 0
The 9-th iteration is completed.	|| time cost : 0h 0m 27.222s
********************************************************************************************************************
Start the 10 rounds of NGS-ED iteration
	effective electronic model is modified as: kinetic energy t = 0.395677
	                                           effective interaction Vq = [      -5,-4.97665,-4.94145,-4.97665,-4.97665,-4.94145,-4.91163,-4.94145,-4.94145,-4.91163,-4.99976,-4.91163,-4.97665,-4.94145,-4.91163,-4.94145]
	PARPACK diagonalization completed after 60 matrix-vector product operations.
	iteration results: : total energy is -126.867439 | electron energy -126.969435 + phonon energy 0.101996 | electron momentum kIdx = 0
The 10-th iteration is completed.	|| time cost : 0h 0m 27.224s
********************************************************************************************************************
Start the 11 rounds of NGS-ED iteration
	effective electronic model is modified as: kinetic energy t = 0.392064
	                                           effective interaction Vq = [-5.00008,-4.97865,-4.94608,-4.97865,-4.97865,-4.94608,-4.91905,-4.94608,-4.94608,-4.91905,-4.99984,-4.91905,-4.97865,-4.94608,-4.91905,-4.94608]
