TACC:  Starting up job 1740069 
TACC:  Starting parallel tasks... 
SNEDics v3.4 Non-Gaussian ED ground state program		Start at Thu Oct  8 22:46:08 2020

parallized on 16 MPI threads  * 7 OpenMP threads = 112 total threads.
********************************************************************************************************************
********************************************************************************************************************

********************************************************************************************************************
System parameters and configurations
********************************************************************************************************************
Special program options are enabled: splitted diagonal Hamiltonian
********************************************************************************************************************
Read input file "model_params.in"
	Hubbard-Holstein model parameters : 	t = 1    U = 8    g = 0.3    W = 0.25    g' = 0.03    
********************************************************************************************************************
Read input file "hilbertspace_params.in"
	Requested 16-site 2D lattice, with 10 electrons (5, 5)
	Boundary : Periodic		Hilbert space representation : momentum-space (restricted to kIdx = 0)
	Conservation: particle number[U(1)]      spin[U(1)]     momentum
********************************************************************************************************************

Cluster Positions:				Cluster symmetry group : D4
 x ... x ... x ... x .....                       x ... x ... x ... x .....
 |           |           :                       |           |           :
 |           |           :                       |           |           :
12    13    14    15     x                       1     5     6     5     x
 |           |           :                       |           |           :
 |           |           :                       |           |           :
 8 --- 9 ---10 ---11 --- x                       2 --- 6 ---10 --- 6 --- x
 |           |           :                       |           |           :
 |           |           :                       |           |           :
 4     5     6     7     x                       1     5     6     5     x
 |           |           :                       |           |           :
 |           |           :                       |           |           :
 0 --- 1 --- 2 --- 3 --- x                       0 --- 1 --- 2 --- 1 --- x
orbital number : 1
********************************************************************************************************************
Read input file "obs_params.in"
	Observable Type : Nq(All),   Sq(All),   N(All),   Delta[s](All),   Delta[d](All),   Delta[s+](All)
********************************************************************************************************************
** WARNING ** the input observables have non-local factors which have been reinterpreted. The total observable number is 96
********************************************************************************************************************


********************************************************************************************************************
Start calculating the non-Gaussian ED ground state
** WARNING ** Detected low phonon energy W < 10. The initial state will be prepared through a warm-up process.
********************************************************************************************************************
Start warm-up calculation for scaling factor 64
open output files: NGSEDWarmUpW16Obs.txt
********************************************************************************************************************
Start the 0 rounds of NGS-ED iteration
	effective electronic model is modified as: kinetic energy t = 1
	                                           effective interaction Vq = [0,0,0,0,0,0,0,0,0,0,0,0,0,0,0,0]
	first Hamiltonian is constructed, non-zero numbers = 242521378
	PARPACK diagonalization completed after 75 matrix-vector product operations.
	iteration results: : total energy is -17.510367 | electron energy -17.510367 + phonon energy 0.000000 | electron momentum kIdx = 0
	Nq(0) = 6.25,	Nq(1) = 0.216391,	Nq(2) = 0.280969,	Nq(3) = 0.216391,	Nq(4) = 0.216391,	Nq(5) = 0.280969,	Nq(6) = 0.366428,	Nq(7) = 0.280969,	Nq(8) = 0.280969,	Nq(9) = 0.366428,	Nq(10) = 0.44292,	Nq(11) = 0.366428,	Nq(12) = 0.216391,	Nq(13) = 0.280969,	Nq(14) = 0.366428,	Nq(15) = 0.280969,	Sq(0) = 9.62134e-18,	Sq(1) = 0.519325,	Sq(2) = 0.449496,	Sq(3) = 0.519325,	Sq(4) = 0.519325,	Sq(5) = 0.449496,	Sq(6) = 0.941281,	Sq(7) = 0.449496,	Sq(8) = 0.449496,	Sq(9) = 0.941281,	Sq(10) = 0.750593,	Sq(11) = 0.941281,	Sq(12) = 0.519325,	Sq(13) = 0.449496,	Sq(14) = 0.941281,	Sq(15) = 0.449496,	N(0) = 1.83397,	N(1) = 1.72012,	N(2) = 0.162892,	N(3) = 1.72012,	N(4) = 1.72012,	N(5) = 0.162892,	N(6) = 0.0607952,	N(7) = 0.162892,	N(8) = 0.162892,	N(9) = 0.0607952,	N(10) = 0.0650178,	N(11) = 0.0607952,	N(12) = 1.72012,	N(13) = 0.162892,	N(14) = 0.0607952,	N(15) = 0.162892,	Delta[s](0) = 0.0618073,	Delta[s](1) = 0.0366906,	Delta[s](2) = 0.0232206,	Delta[s](3) = 0.0366906,	Delta[s](4) = 0.0366906,	Delta[s](5) = 0.0232206,	Delta[s](6) = 0.00161315,	Delta[s](7) = 0.0232206,	Delta[s](8) = 0.0232206,	Delta[s](9) = 0.00161315,	Delta[s](10) = 0.000658903,	Delta[s](11) = 0.00161315,	Delta[s](12) = 0.0366906,	Delta[s](13) = 0.0232206,	Delta[s](14) = 0.00161315,	Delta[s](15) = 0.0232206,	Delta[d](0) = 0.203525,	Delta[d](1) = 0.0917074,	Delta[d](2) = 0.152488,	Delta[d](3) = 0.0917074,	Delta[d](4) = 0.0917074,	Delta[d](5) = 0.0994909,	Delta[d](6) = 0.0341845,	Delta[d](7) = 0.0994909,	Delta[d](8) = 0.152488,	Delta[d](9) = 0.0341845,	Delta[d](10) = 0.0184557,	Delta[d](11) = 0.0341845,	Delta[d](12) = 0.0917074,	Delta[d](13) = 0.0994909,	Delta[d](14) = 0.0341845,	Delta[d](15) = 0.0994909,	Delta[s+](0) = 0.563647,	Delta[s+](1) = 0.341593,	Delta[s+](2) = 0.152488,	Delta[s+](3) = 0.341593,	Delta[s+](4) = 0.341593,	Delta[s+](5) = 0.152488,	Delta[s+](6) = 0.0120745,	Delta[s+](7) = 0.152488,	Delta[s+](8) = 0.152488,	Delta[s+](9) = 0.0120745,	Delta[s+](10) = 0.00372006,	Delta[s+](11) = 0.0120745,	Delta[s+](12) = 0.341593,	Delta[s+](13) = 0.152488,	Delta[s+](14) = 0.0120745,	Delta[s+](15) = 0.152488
The 0-th iteration is completed.	|| time cost : 0h 0m 43.563s
********************************************************************************************************************
Start the 1 rounds of NGS-ED iteration
	effective electronic model is modified as: kinetic energy t = 0.991235
	                                           effective interaction Vq = [-0.676838,-0.477266,-0.323198,-0.477266,-0.477266,-0.323198,-0.204532,-0.323198,-0.323198,-0.204532, -0.11401,-0.204532,-0.477266,-0.323198,-0.204532,-0.323198]
	PARPACK diagonalization completed after 30 matrix-vector product operations.
	iteration results: : total energy is -22.883720 | electron energy -22.883791 + phonon energy 0.000071 | electron momentum kIdx = 0
The 1-th iteration is completed.	|| time cost : 0h 0m 34.454s
********************************************************************************************************************
Start the 2 rounds of NGS-ED iteration
	effective electronic model is modified as: kinetic energy t = 0.988777
	                                           effective interaction Vq = [-0.704428,-0.503611,-0.340765,-0.503611,-0.503611,-0.340765,-0.215345,-0.340765,-0.340765,-0.215345,-0.119682,-0.215345,-0.503611,-0.340765,-0.215345,-0.340765]
	PARPACK diagonalization completed after 30 matrix-vector product operations.
	iteration results: : total energy is -23.077825 | electron energy -23.078026 + phonon energy 0.000201 | electron momentum kIdx = 0
The 2-th iteration is completed.	|| time cost : 0h 0m 2.276s
********************************************************************************************************************
Start the 3 rounds of NGS-ED iteration
	effective electronic model is modified as: kinetic energy t = 0.988424
	                                           effective interaction Vq = [-0.705552,-0.506521,-0.342646,-0.506521,-0.506521,-0.342646,-0.216452,-0.342646,-0.342646,-0.216452,-0.120228,-0.216452,-0.506521,-0.342646,-0.216452,-0.342646]
	PARPACK diagonalization completed after 30 matrix-vector product operations.
	iteration results: : total energy is -23.085281 | electron energy -23.085514 + phonon energy 0.000234 | electron momentum kIdx = 0
The 3-th iteration is completed.	|| time cost : 0h 0m 2.271s
********************************************************************************************************************
Start the 4 rounds of NGS-ED iteration
	effective electronic model is modified as: kinetic energy t = 0.988375
	                                           effective interaction Vq = [-0.705598,-0.506943,-0.342886,-0.506943,-0.506943,-0.342886,-0.216583,-0.342886,-0.342886,-0.216583,-0.120288,-0.216583,-0.506943,-0.342886,-0.216583,-0.342886]
	PARPACK diagonalization completed after 30 matrix-vector product operations.
	iteration results: : total energy is -23.085576 | electron energy -23.085815 + phonon energy 0.000239 | electron momentum kIdx = 0
The 4-th iteration is completed.	|| time cost : 0h 0m 2.27s
********************************************************************************************************************
Start the 5 rounds of NGS-ED iteration
	effective electronic model is modified as: kinetic energy t = 0.988369
	                                           effective interaction Vq = [  -0.7056,-0.507008,-0.342917,-0.507008,-0.507008,-0.342917,-0.216598,-0.342917,-0.342917,-0.216598,-0.120294,-0.216598,-0.507008,-0.342917,-0.216598,-0.342917]
	PARPACK diagonalization completed after 30 matrix-vector product operations.
	iteration results: : total energy is -23.085588 | electron energy -23.085827 + phonon energy 0.000239 | electron momentum kIdx = 0
	Nq(0) = 6.25,	Nq(1) = 0.228315,	Nq(2) = 0.285142,	Nq(3) = 0.228315,	Nq(4) = 0.228315,	Nq(5) = 0.285142,	Nq(6) = 0.367636,	Nq(7) = 0.285142,	Nq(8) = 0.285142,	Nq(9) = 0.367636,	Nq(10) = 0.434188,	Nq(11) = 0.367636,	Nq(12) = 0.228315,	Nq(13) = 0.285142,	Nq(14) = 0.367636,	Nq(15) = 0.285142,	Sq(0) = 9.49448e-18,	Sq(1) = 0.513468,	Sq(2) = 0.448064,	Sq(3) = 0.513468,	Sq(4) = 0.513468,	Sq(5) = 0.448064,	Sq(6) = 0.929587,	Sq(7) = 0.448064,	Sq(8) = 0.448064,	Sq(9) = 0.929587,	Sq(10) = 0.760553,	Sq(11) = 0.929587,	Sq(12) = 0.513468,	Sq(13) = 0.448064,	Sq(14) = 0.929587,	Sq(15) = 0.448064,	N(0) = 1.84824,	N(1) = 1.74189,	N(2) = 0.148211,	N(3) = 1.74189,	N(4) = 1.74189,	N(5) = 0.148211,	N(6) = 0.0577751,	N(7) = 0.148211,	N(8) = 0.148211,	N(9) = 0.0577751,	N(10) = 0.0638467,	N(11) = 0.0577751,	N(12) = 1.74189,	N(13) = 0.148211,	N(14) = 0.0577751,	N(15) = 0.148211,	Delta[s](0) = 0.0672952,	Delta[s](1) = 0.0397413,	Delta[s](2) = 0.0258098,	Delta[s](3) = 0.0397413,	Delta[s](4) = 0.0397413,	Delta[s](5) = 0.0258098,	Delta[s](6) = 0.00183905,	Delta[s](7) = 0.0258098,	Delta[s](8) = 0.0258098,	Delta[s](9) = 0.00183905,	Delta[s](10) = 0.000946789,	Delta[s](11) = 0.00183905,	Delta[s](12) = 0.0397413,	Delta[s](13) = 0.0258098,	Delta[s](14) = 0.00183905,	Delta[s](15) = 0.0258098,	Delta[d](0) = 0.210295,	Delta[d](1) = 0.0908834,	Delta[d](2) = 0.154213,	Delta[d](3) = 0.0908834,	Delta[d](4) = 0.0908834,	Delta[d](5) = 0.103297,	Delta[d](6) = 0.0322186,	Delta[d](7) = 0.103297,	Delta[d](8) = 0.154213,	Delta[d](9) = 0.0322186,	Delta[d](10) = 0.0176579,	Delta[d](11) = 0.0322186,	Delta[d](12) = 0.0908834,	Delta[d](13) = 0.103297,	Delta[d](14) = 0.0322186,	Delta[d](15) = 0.103297,	Delta[s+](0) = 0.571065,	Delta[s+](1) = 0.345931,	Delta[s+](2) = 0.154213,	Delta[s+](3) = 0.345931,	Delta[s+](4) = 0.345931,	Delta[s+](5) = 0.154213,	Delta[s+](6) = 0.0116276,	Delta[s+](7) = 0.154213,	Delta[s+](8) = 0.154213,	Delta[s+](9) = 0.0116276,	Delta[s+](10) = 0.00387535,	Delta[s+](11) = 0.0116276,	Delta[s+](12) = 0.345931,	Delta[s+](13) = 0.154213,	Delta[s+](14) = 0.0116276,	Delta[s+](15) = 0.154213
The 5-th iteration is completed.	|| time cost : 0h 0m 24.959s
********************************************************************************************************************
********************************************************************************************************************
Ground state is obtained after 6 iterations. The current ground-state energy is -23.0856, in which electron energy is -23.0858 and phonon energy is 0.00023926
final variational state is: 
	Gamma_x = [      1,1.00187,1.00219,1.00187,1.00187,1.00219,1.00196,1.00219,1.00219,1.00196,1.00138,1.00196,1.00187,1.00219,1.00196,1.00219]
	lambda_q = [ 0.209986, 0.153328, 0.117328, 0.153328, 0.153328, 0.117328,0.0906319, 0.117328, 0.117328,0.0906319,0.0658841,0.0906319, 0.153328, 0.117328,0.0906319, 0.117328]
The effective e-e interactions mediated by phonons are: [  0.7056,0.507018,0.342921,0.507018,0.507018,0.342921,  0.2166,0.342921,0.342921,  0.2166,0.120295,  0.2166,0.507018,0.342921,  0.2166,0.342921]
The real-space interactions mediated by phonons are: [  -5.77789, -0.899548,-0.0344855,-0.0480854,  -1.16614, -0.362431,-0.0344855, -0.140651, -0.140053, -0.140651,-0.0344855, -0.362431,  -1.16614,-0.0480854,-0.0344855, -0.899548]
********************************************************************************************************************
o___o  ----------------------------------------
| L |	Time since last clock: 0h 0m 0s
A===A	Time since the beginning: 0h 1m 49.796s
***********************************************

********************************************************************************************************************
Start warm-up calculation for scaling factor 32
open output files: NGSEDWarmUpW8Obs.txt
********************************************************************************************************************
Start the 0 rounds of NGS-ED iteration
	effective electronic model is modified as: kinetic energy t = 0.988368
	                                           effective interaction Vq = [ -0.645049, -0.436419, -0.288098, -0.436419, -0.436419, -0.288098, -0.180379, -0.288098, -0.288098, -0.180379,-0.0994451, -0.180379, -0.436419, -0.288098, -0.180379, -0.288098]
	PARPACK diagonalization completed after 30 matrix-vector product operations.
	iteration results: : total energy is -22.487093 | electron energy -22.487213 + phonon energy 0.000120 | electron momentum kIdx = 0
	Nq(0) = 6.25,	Nq(1) = 0.22655,	Nq(2) = 0.284326,	Nq(3) = 0.22655,	Nq(4) = 0.22655,	Nq(5) = 0.284326,	Nq(6) = 0.367104,	Nq(7) = 0.284326,	Nq(8) = 0.284326,	Nq(9) = 0.367104,	Nq(10) = 0.435141,	Nq(11) = 0.367104,	Nq(12) = 0.22655,	Nq(13) = 0.284326,	Nq(14) = 0.367104,	Nq(15) = 0.284326,	Sq(0) = -1.01031e-17,	Sq(1) = 0.514464,	Sq(2) = 0.448402,	Sq(3) = 0.514464,	Sq(4) = 0.514464,	Sq(5) = 0.448402,	Sq(6) = 0.931628,	Sq(7) = 0.448402,	Sq(8) = 0.448402,	Sq(9) = 0.931628,	Sq(10) = 0.759502,	Sq(11) = 0.931628,	Sq(12) = 0.514464,	Sq(13) = 0.448402,	Sq(14) = 0.931628,	Sq(15) = 0.448402,	N(0) = 1.84559,	N(1) = 1.73812,	N(2) = 0.150645,	N(3) = 1.73812,	N(4) = 1.73812,	N(5) = 0.150645,	N(6) = 0.0584518,	N(7) = 0.150645,	N(8) = 0.150645,	N(9) = 0.0584518,	N(10) = 0.0642693,	N(11) = 0.0584518,	N(12) = 1.73812,	N(13) = 0.150645,	N(14) = 0.0584518,	N(15) = 0.150645,	Delta[s](0) = 0.0656396,	Delta[s](1) = 0.0389694,	Delta[s](2) = 0.0252838,	Delta[s](3) = 0.0389694,	Delta[s](4) = 0.0389694,	Delta[s](5) = 0.0252838,	Delta[s](6) = 0.00212565,	Delta[s](7) = 0.0252838,	Delta[s](8) = 0.0252838,	Delta[s](9) = 0.00212565,	Delta[s](10) = 0.00113588,	Delta[s](11) = 0.00212565,	Delta[s](12) = 0.0389694,	Delta[s](13) = 0.0252838,	Delta[s](14) = 0.00212565,	Delta[s](15) = 0.0252838,	Delta[d](0) = 0.210025,	Delta[d](1) = 0.0921913,	Delta[d](2) = 0.155233,	Delta[d](3) = 0.0921913,	Delta[d](4) = 0.0921913,	Delta[d](5) = 0.103399,	Delta[d](6) = 0.0335593,	Delta[d](7) = 0.103399,	Delta[d](8) = 0.155233,	Delta[d](9) = 0.0335593,	Delta[d](10) = 0.0184655,	Delta[d](11) = 0.0335593,	Delta[d](12) = 0.0921913,	Delta[d](13) = 0.103399,	Delta[d](14) = 0.0335593,	Delta[d](15) = 0.103399,	Delta[s+](0) = 0.573369,	Delta[s+](1) = 0.34754,	Delta[s+](2) = 0.155233,	Delta[s+](3) = 0.34754,	Delta[s+](4) = 0.34754,	Delta[s+](5) = 0.155233,	Delta[s+](6) = 0.0123263,	Delta[s+](7) = 0.155233,	Delta[s+](8) = 0.155233,	Delta[s+](9) = 0.0123263,	Delta[s+](10) = 0.00400121,	Delta[s+](11) = 0.0123263,	Delta[s+](12) = 0.34754,	Delta[s+](13) = 0.155233,	Delta[s+](14) = 0.0123263,	Delta[s+](15) = 0.155233
The 0-th iteration is completed.	|| time cost : 0h 0m 24.726s
********************************************************************************************************************
Start the 1 rounds of NGS-ED iteration
	effective electronic model is modified as: kinetic energy t = 0.985455
	                                           effective interaction Vq = [-0.693375,-0.469973,-0.307249,-0.469973,-0.469973,-0.307249,-0.191312,-0.307249,-0.307249,-0.191312,-0.104937,-0.191312,-0.469973,-0.307249,-0.191312,-0.307249]
	PARPACK diagonalization completed after 30 matrix-vector product operations.
	iteration results: : total energy is -22.810404 | electron energy -22.810920 + phonon energy 0.000516 | electron momentum kIdx = 0
The 1-th iteration is completed.	|| time cost : 0h 0m 2.277s
********************************************************************************************************************
Start the 2 rounds of NGS-ED iteration
	effective electronic model is modified as: kinetic energy t = 0.984504
	                                           effective interaction Vq = [-0.703132,-0.479569,-0.312328,-0.479569,-0.479569,-0.312328,-0.194059,-0.312328,-0.312328,-0.194059,-0.106228,-0.194059,-0.479569,-0.312328,-0.194059,-0.312328]
	PARPACK diagonalization completed after 30 matrix-vector product operations.
	iteration results: : total energy is -22.873567 | electron energy -22.874316 + phonon energy 0.000749 | electron momentum kIdx = 0
The 2-th iteration is completed.	|| time cost : 0h 0m 2.27s
********************************************************************************************************************
Start the 3 rounds of NGS-ED iteration
	effective electronic model is modified as: kinetic energy t = 0.984204
	                                           effective interaction Vq = [-0.705102,-0.482651,-0.313781,-0.482651,-0.482651,-0.313781,-0.194793,-0.313781,-0.313781,-0.194793,-0.106548,-0.194793,-0.482651,-0.313781,-0.194793,-0.313781]
	PARPACK diagonalization completed after 30 matrix-vector product operations.
	iteration results: : total energy is -22.886111 | electron energy -22.886955 + phonon energy 0.000843 | electron momentum kIdx = 0
The 3-th iteration is completed.	|| time cost : 0h 0m 2.275s
********************************************************************************************************************
Start the 4 rounds of NGS-ED iteration
	effective electronic model is modified as: kinetic energy t = 0.984109
	                                           effective interaction Vq = [-0.705499, -0.48369,-0.314207, -0.48369, -0.48369,-0.314207,-0.194993,-0.314207,-0.314207,-0.194993,-0.106628,-0.194993, -0.48369,-0.314207,-0.194993,-0.314207]
	PARPACK diagonalization completed after 30 matrix-vector product operations.
	iteration results: : total energy is -22.888623 | electron energy -22.889499 + phonon energy 0.000876 | electron momentum kIdx = 0
The 4-th iteration is completed.	|| time cost : 0h 0m 2.272s
********************************************************************************************************************
Start the 5 rounds of NGS-ED iteration
	effective electronic model is modified as: kinetic energy t = 0.984079
	                                           effective interaction Vq = [ -0.70558,-0.484047,-0.314332,-0.484047,-0.484047,-0.314332,-0.195048,-0.314332,-0.314332,-0.195048,-0.106648,-0.195048,-0.484047,-0.314332,-0.195048,-0.314332]
	PARPACK diagonalization completed after 30 matrix-vector product operations.
	iteration results: : total energy is -22.889127 | electron energy -22.890015 + phonon energy 0.000888 | electron momentum kIdx = 0
The 5-th iteration is completed.	|| time cost : 0h 0m 2.275s
********************************************************************************************************************
Start the 6 rounds of NGS-ED iteration
	effective electronic model is modified as: kinetic energy t = 0.98407
	                                           effective interaction Vq = [-0.705596,-0.484171, -0.31437,-0.484171,-0.484171, -0.31437,-0.195063, -0.31437, -0.31437,-0.195063,-0.106653,-0.195063,-0.484171, -0.31437,-0.195063, -0.31437]
	PARPACK diagonalization completed after 30 matrix-vector product operations.
	iteration results: : total energy is -22.889229 | electron energy -22.890120 + phonon energy 0.000891 | electron momentum kIdx = 0
	Nq(0) = 6.25,	Nq(1) = 0.227668,	Nq(2) = 0.28447,	Nq(3) = 0.227668,	Nq(4) = 0.227668,	Nq(5) = 0.28447,	Nq(6) = 0.366721,	Nq(7) = 0.28447,	Nq(8) = 0.28447,	Nq(9) = 0.366721,	Nq(10) = 0.433925,	Nq(11) = 0.366721,	Nq(12) = 0.227668,	Nq(13) = 0.28447,	Nq(14) = 0.366721,	Nq(15) = 0.28447,	Sq(0) = 1.01106e-17,	Sq(1) = 0.514133,	Sq(2) = 0.44844,	Sq(3) = 0.514133,	Sq(4) = 0.514133,	Sq(5) = 0.44844,	Sq(6) = 0.930932,	Sq(7) = 0.44844,	Sq(8) = 0.44844,	Sq(9) = 0.930932,	Sq(10) = 0.760793,	Sq(11) = 0.930932,	Sq(12) = 0.514133,	Sq(13) = 0.44844,	Sq(14) = 0.930932,	Sq(15) = 0.44844,	N(0) = 1.84603,	N(1) = 1.73914,	N(2) = 0.149806,	N(3) = 1.73914,	N(4) = 1.73914,	N(5) = 0.149806,	N(6) = 0.0585169,	N(7) = 0.149806,	N(8) = 0.149806,	N(9) = 0.0585169,	N(10) = 0.0644924,	N(11) = 0.0585169,	N(12) = 1.73914,	N(13) = 0.149806,	N(14) = 0.0585169,	N(15) = 0.149806,	Delta[s](0) = 0.0656175,	Delta[s](1) = 0.0390088,	Delta[s](2) = 0.0253719,	Delta[s](3) = 0.0390088,	Delta[s](4) = 0.0390088,	Delta[s](5) = 0.0253719,	Delta[s](6) = 0.00225963,	Delta[s](7) = 0.0253719,	Delta[s](8) = 0.0253719,	Delta[s](9) = 0.00225963,	Delta[s](10) = 0.00122974,	Delta[s](11) = 0.00225963,	Delta[s](12) = 0.0390088,	Delta[s](13) = 0.0253719,	Delta[s](14) = 0.00225963,	Delta[s](15) = 0.0253719,	Delta[d](0) = 0.211489,	Delta[d](1) = 0.0929194,	Delta[d](2) = 0.156376,	Delta[d](3) = 0.0929194,	Delta[d](4) = 0.0929194,	Delta[d](5) = 0.104294,	Delta[d](6) = 0.0339731,	Delta[d](7) = 0.104294,	Delta[d](8) = 0.156376,	Delta[d](9) = 0.0339731,	Delta[d](10) = 0.0187646,	Delta[d](11) = 0.0339731,	Delta[d](12) = 0.0929194,	Delta[d](13) = 0.104294,	Delta[d](14) = 0.0339731,	Delta[d](15) = 0.104294,	Delta[s+](0) = 0.577161,	Delta[s+](1) = 0.349883,	Delta[s+](2) = 0.156376,	Delta[s+](3) = 0.349883,	Delta[s+](4) = 0.349883,	Delta[s+](5) = 0.156376,	Delta[s+](6) = 0.0125992,	Delta[s+](7) = 0.156376,	Delta[s+](8) = 0.156376,	Delta[s+](9) = 0.0125992,	Delta[s+](10) = 0.00409136,	Delta[s+](11) = 0.0125992,	Delta[s+](12) = 0.349883,	Delta[s+](13) = 0.156376,	Delta[s+](14) = 0.0125992,	Delta[s+](15) = 0.156376
The 6-th iteration is completed.	|| time cost : 0h 0m 25.207s
********************************************************************************************************************
********************************************************************************************************************
Ground state is obtained after 7 iterations. The current ground-state energy is -22.8892, in which electron energy is -22.8901 and phonon energy is 0.00089131
final variational state is: 
	Gamma_x = [      1,1.00564,1.00589,1.00564,1.00564,1.00589,1.00504,1.00589,1.00589,1.00504,1.00343,1.00504,1.00564,1.00589,1.00504,1.00589]
	lambda_q = [ 0.296663, 0.189188, 0.136618, 0.189188, 0.189188, 0.136618, 0.103248, 0.136618, 0.136618, 0.103248,0.0737229, 0.103248, 0.189188, 0.136618, 0.103248, 0.136618]
The effective e-e interactions mediated by phonons are: [0.705599,0.484214,0.314381,0.484214,0.484214,0.314381,0.195067,0.314381,0.314381,0.195067,0.106654,0.195067,0.484214,0.314381,0.195067,0.314381]
The real-space interactions mediated by phonons are: [  -5.41566, -0.915891,-0.0515524,-0.0878483,  -1.17724, -0.400818,-0.0515524, -0.160316, -0.183491, -0.160316,-0.0515524, -0.400818,  -1.17724,-0.0878483,-0.0515524, -0.915891]
********************************************************************************************************************
o___o  ----------------------------------------
| L |	Time since last clock: 0h 0m 0s
A===A	Time since the beginning: 0h 2m 51.102s
***********************************************

********************************************************************************************************************
Start warm-up calculation for scaling factor 16
open output files: NGSEDWarmUpW4Obs.txt
********************************************************************************************************************
Start the 0 rounds of NGS-ED iteration
	effective electronic model is modified as: kinetic energy t = 0.984067
	                                           effective interaction Vq = [ -0.644752, -0.401693, -0.253225, -0.401693, -0.401693, -0.253225, -0.155596, -0.253225, -0.253225, -0.155596,-0.0844207, -0.155596, -0.401693, -0.253225, -0.155596, -0.253225]
	PARPACK diagonalization completed after 30 matrix-vector product operations.
	iteration results: : total energy is -22.262860 | electron energy -22.263307 + phonon energy 0.000446 | electron momentum kIdx = 0
	Nq(0) = 6.25,	Nq(1) = 0.225573,	Nq(2) = 0.283583,	Nq(3) = 0.225573,	Nq(4) = 0.225573,	Nq(5) = 0.283583,	Nq(6) = 0.366209,	Nq(7) = 0.283583,	Nq(8) = 0.283583,	Nq(9) = 0.366209,	Nq(10) = 0.435112,	Nq(11) = 0.366209,	Nq(12) = 0.225573,	Nq(13) = 0.283583,	Nq(14) = 0.366209,	Nq(15) = 0.283583,	Sq(0) = 9.77671e-18,	Sq(1) = 0.515272,	Sq(2) = 0.448799,	Sq(3) = 0.515272,	Sq(4) = 0.515272,	Sq(5) = 0.448799,	Sq(6) = 0.933246,	Sq(7) = 0.448799,	Sq(8) = 0.448799,	Sq(9) = 0.933246,	Sq(10) = 0.759395,	Sq(11) = 0.933246,	Sq(12) = 0.515272,	Sq(13) = 0.448799,	Sq(14) = 0.933246,	Sq(15) = 0.448799,	N(0) = 1.84306,	N(1) = 1.73486,	N(2) = 0.1526,	N(3) = 1.73486,	N(4) = 1.73486,	N(5) = 0.1526,	N(6) = 0.0592438,	N(7) = 0.1526,	N(8) = 0.1526,	N(9) = 0.0592438,	N(10) = 0.0649169,	N(11) = 0.0592438,	N(12) = 1.73486,	N(13) = 0.1526,	N(14) = 0.0592438,	N(15) = 0.1526,	Delta[s](0) = 0.0642052,	Delta[s](1) = 0.0382907,	Delta[s](2) = 0.0248082,	Delta[s](3) = 0.0382907,	Delta[s](4) = 0.0382907,	Delta[s](5) = 0.0248082,	Delta[s](6) = 0.00235118,	Delta[s](7) = 0.0248082,	Delta[s](8) = 0.0248082,	Delta[s](9) = 0.00235118,	Delta[s](10) = 0.00124784,	Delta[s](11) = 0.00235118,	Delta[s](12) = 0.0382907,	Delta[s](13) = 0.0248082,	Delta[s](14) = 0.00235118,	Delta[s](15) = 0.0248082,	Delta[d](0) = 0.211655,	Delta[d](1) = 0.0941852,	Delta[d](2) = 0.157495,	Delta[d](3) = 0.0941852,	Delta[d](4) = 0.0941852,	Delta[d](5) = 0.104428,	Delta[d](6) = 0.035071,	Delta[d](7) = 0.104428,	Delta[d](8) = 0.157495,	Delta[d](9) = 0.035071,	Delta[d](10) = 0.0193377,	Delta[d](11) = 0.035071,	Delta[d](12) = 0.0941852,	Delta[d](13) = 0.104428,	Delta[d](14) = 0.035071,	Delta[d](15) = 0.104428,	Delta[s+](0) = 0.580504,	Delta[s+](1) = 0.35204,	Delta[s+](2) = 0.157495,	Delta[s+](3) = 0.35204,	Delta[s+](4) = 0.35204,	Delta[s+](5) = 0.157495,	Delta[s+](6) = 0.0130659,	Delta[s+](7) = 0.157495,	Delta[s+](8) = 0.157495,	Delta[s+](9) = 0.0130659,	Delta[s+](10) = 0.00415348,	Delta[s+](11) = 0.0130659,	Delta[s+](12) = 0.35204,	Delta[s+](13) = 0.157495,	Delta[s+](14) = 0.0130659,	Delta[s+](15) = 0.157495
The 0-th iteration is completed.	|| time cost : 0h 0m 24.84s
********************************************************************************************************************
Start the 1 rounds of NGS-ED iteration
	effective electronic model is modified as: kinetic energy t = 0.983133
	                                           effective interaction Vq = [ -0.678259,  -0.41697, -0.257689,  -0.41697,  -0.41697, -0.257689, -0.156836, -0.257689, -0.257689, -0.156836,-0.0844054, -0.156836,  -0.41697, -0.257689, -0.156836, -0.257689]
	PARPACK diagonalization completed after 30 matrix-vector product operations.
	iteration results: : total energy is -22.475640 | electron energy -22.476767 + phonon energy 0.001127 | electron momentum kIdx = 0
The 1-th iteration is completed.	|| time cost : 0h 0m 2.275s
********************************************************************************************************************
Start the 2 rounds of NGS-ED iteration
	effective electronic model is modified as: kinetic energy t = 0.982656
	                                           effective interaction Vq = [ -0.693315, -0.424562,  -0.25973, -0.424562, -0.424562,  -0.25973, -0.157402,  -0.25973,  -0.25973, -0.157402,-0.0844202, -0.157402, -0.424562,  -0.25973, -0.157402,  -0.25973]
	PARPACK diagonalization completed after 30 matrix-vector product operations.
	iteration results: : total energy is -22.570638 | electron energy -22.572251 + phonon energy 0.001613 | electron momentum kIdx = 0
The 2-th iteration is completed.	|| time cost : 0h 0m 2.275s
********************************************************************************************************************
Start the 3 rounds of NGS-ED iteration
	effective electronic model is modified as: kinetic energy t = 0.982414
	                                           effective interaction Vq = [  -0.70008, -0.428436, -0.260675, -0.428436, -0.428436, -0.260675, -0.157663, -0.260675, -0.260675, -0.157663,-0.0844351, -0.157663, -0.428436, -0.260675, -0.157663, -0.260675]
	PARPACK diagonalization completed after 30 matrix-vector product operations.
	iteration results: : total energy is -22.613163 | electron energy -22.615067 + phonon energy 0.001904 | electron momentum kIdx = 0
The 3-th iteration is completed.	|| time cost : 0h 0m 2.272s
********************************************************************************************************************
Start the 4 rounds of NGS-ED iteration
	effective electronic model is modified as: kinetic energy t = 0.982291
	                                           effective interaction Vq = [  -0.70312, -0.430442, -0.261117, -0.430442, -0.430442, -0.261117, -0.157784, -0.261117, -0.261117, -0.157784,-0.0844449, -0.157784, -0.430442, -0.261117, -0.157784, -0.261117]
	PARPACK diagonalization completed after 30 matrix-vector product operations.
	iteration results: : total energy is -22.632227 | electron energy -22.634294 + phonon energy 0.002067 | electron momentum kIdx = 0
The 4-th iteration is completed.	|| time cost : 0h 0m 2.272s
********************************************************************************************************************
Start the 5 rounds of NGS-ED iteration
	effective electronic model is modified as: kinetic energy t = 0.982228
	                                           effective interaction Vq = [ -0.704486, -0.431491, -0.261325, -0.431491, -0.431491, -0.261325,  -0.15784, -0.261325, -0.261325,  -0.15784,-0.0844504,  -0.15784, -0.431491, -0.261325,  -0.15784, -0.261325]
	PARPACK diagonalization completed after 30 matrix-vector product operations.
	iteration results: : total energy is -22.640782 | electron energy -22.642937 + phonon energy 0.002155 | electron momentum kIdx = 0
The 5-th iteration is completed.	|| time cost : 0h 0m 2.27s
********************************************************************************************************************
Start the 6 rounds of NGS-ED iteration
	effective electronic model is modified as: kinetic energy t = 0.982196
	                                           effective interaction Vq = [ -0.705099, -0.432042, -0.261423, -0.432042, -0.432042, -0.261423, -0.157866, -0.261423, -0.261423, -0.157866,-0.0844532, -0.157866, -0.432042, -0.261423, -0.157866, -0.261423]
	PARPACK diagonalization completed after 30 matrix-vector product operations.
	iteration results: : total energy is -22.644623 | electron energy -22.646824 + phonon energy 0.002201 | electron momentum kIdx = 0
The 6-th iteration is completed.	|| time cost : 0h 0m 2.27s
********************************************************************************************************************
Start the 7 rounds of NGS-ED iteration
	effective electronic model is modified as: kinetic energy t = 0.98218
	                                           effective interaction Vq = [ -0.705375, -0.432332,  -0.26147, -0.432332, -0.432332,  -0.26147, -0.157878,  -0.26147,  -0.26147, -0.157878,-0.0844546, -0.157878, -0.432332,  -0.26147, -0.157878,  -0.26147]
	PARPACK diagonalization completed after 30 matrix-vector product operations.
	iteration results: : total energy is -22.646348 | electron energy -22.648573 + phonon energy 0.002226 | electron momentum kIdx = 0
The 7-th iteration is completed.	|| time cost : 0h 0m 2.27s
********************************************************************************************************************
Start the 8 rounds of NGS-ED iteration
	effective electronic model is modified as: kinetic energy t = 0.982172
	                                           effective interaction Vq = [ -0.705499, -0.432486, -0.261492, -0.432486, -0.432486, -0.261492, -0.157884, -0.261492, -0.261492, -0.157884,-0.0844552, -0.157884, -0.432486, -0.261492, -0.157884, -0.261492]
	PARPACK diagonalization completed after 30 matrix-vector product operations.
	iteration results: : total energy is -22.647122 | electron energy -22.649361 + phonon energy 0.002238 | electron momentum kIdx = 0
The 8-th iteration is completed.	|| time cost : 0h 0m 2.269s
********************************************************************************************************************
Start the 9 rounds of NGS-ED iteration
	effective electronic model is modified as: kinetic energy t = 0.982167
	                                           effective interaction Vq = [ -0.705555, -0.432567, -0.261502, -0.432567, -0.432567, -0.261502, -0.157886, -0.261502, -0.261502, -0.157886,-0.0844555, -0.157886, -0.432567, -0.261502, -0.157886, -0.261502]
	PARPACK diagonalization completed after 30 matrix-vector product operations.
	iteration results: : total energy is -22.647470 | electron energy -22.649716 + phonon energy 0.002245 | electron momentum kIdx = 0
The 9-th iteration is completed.	|| time cost : 0h 0m 2.271s
********************************************************************************************************************
Start the 10 rounds of NGS-ED iteration
	effective electronic model is modified as: kinetic energy t = 0.982165
	                                           effective interaction Vq = [  -0.70558,  -0.43261, -0.261507,  -0.43261,  -0.43261, -0.261507, -0.157887, -0.261507, -0.261507, -0.157887,-0.0844557, -0.157887,  -0.43261, -0.261507, -0.157887, -0.261507]
	PARPACK diagonalization completed after 30 matrix-vector product operations.
	iteration results: : total energy is -22.647627 | electron energy -22.649875 + phonon energy 0.002249 | electron momentum kIdx = 0
	Nq(0) = 6.25,	Nq(1) = 0.22648,	Nq(2) = 0.283531,	Nq(3) = 0.22648,	Nq(4) = 0.22648,	Nq(5) = 0.283531,	Nq(6) = 0.365832,	Nq(7) = 0.283531,	Nq(8) = 0.283531,	Nq(9) = 0.365832,	Nq(10) = 0.434353,	Nq(11) = 0.365832,	Nq(12) = 0.22648,	Nq(13) = 0.283531,	Nq(14) = 0.365832,	Nq(15) = 0.283531,	Sq(0) = -9.54936e-18,	Sq(1) = 0.515055,	Sq(2) = 0.44888,	Sq(3) = 0.515055,	Sq(4) = 0.515055,	Sq(5) = 0.44888,	Sq(6) = 0.932767,	Sq(7) = 0.44888,	Sq(8) = 0.44888,	Sq(9) = 0.932767,	Sq(10) = 0.760642,	Sq(11) = 0.932767,	Sq(12) = 0.515055,	Sq(13) = 0.44888,	Sq(14) = 0.932767,	Sq(15) = 0.44888,	N(0) = 1.84315,	N(1) = 1.73547,	N(2) = 0.152036,	N(3) = 1.73547,	N(4) = 1.73547,	N(5) = 0.152036,	N(6) = 0.0593988,	N(7) = 0.152036,	N(8) = 0.152036,	N(9) = 0.0593988,	N(10) = 0.0651452,	N(11) = 0.0593988,	N(12) = 1.73547,	N(13) = 0.152036,	N(14) = 0.0593988,	N(15) = 0.152036,	Delta[s](0) = 0.0641196,	Delta[s](1) = 0.0382877,	Delta[s](2) = 0.0248371,	Delta[s](3) = 0.0382877,	Delta[s](4) = 0.0382877,	Delta[s](5) = 0.0248371,	Delta[s](6) = 0.00245257,	Delta[s](7) = 0.0248371,	Delta[s](8) = 0.0248371,	Delta[s](9) = 0.00245257,	Delta[s](10) = 0.00128951,	Delta[s](11) = 0.00245257,	Delta[s](12) = 0.0382877,	Delta[s](13) = 0.0248371,	Delta[s](14) = 0.00245257,	Delta[s](15) = 0.0248371,	Delta[d](0) = 0.215277,	Delta[d](1) = 0.0959786,	Delta[d](2) = 0.160325,	Delta[d](3) = 0.0959786,	Delta[d](4) = 0.0959786,	Delta[d](5) = 0.106352,	Delta[d](6) = 0.0359107,	Delta[d](7) = 0.106352,	Delta[d](8) = 0.160325,	Delta[d](9) = 0.0359107,	Delta[d](10) = 0.0198246,	Delta[d](11) = 0.0359107,	Delta[d](12) = 0.0959786,	Delta[d](13) = 0.106352,	Delta[d](14) = 0.0359107,	Delta[d](15) = 0.106352,	Delta[s+](0) = 0.590614,	Delta[s+](1) = 0.358216,	Delta[s+](2) = 0.160325,	Delta[s+](3) = 0.358216,	Delta[s+](4) = 0.358216,	Delta[s+](5) = 0.160325,	Delta[s+](6) = 0.0134714,	Delta[s+](7) = 0.160325,	Delta[s+](8) = 0.160325,	Delta[s+](9) = 0.0134714,	Delta[s+](10) = 0.00427174,	Delta[s+](11) = 0.0134714,	Delta[s+](12) = 0.358216,	Delta[s+](13) = 0.160325,	Delta[s+](14) = 0.0134714,	Delta[s+](15) = 0.160325
The 10-th iteration is completed.	|| time cost : 0h 0m 24.768s
********************************************************************************************************************
Start the 11 rounds of NGS-ED iteration
	effective electronic model is modified as: kinetic energy t = 0.982164
	                                           effective interaction Vq = [ -0.705591, -0.432633,  -0.26151, -0.432633, -0.432633,  -0.26151, -0.157888,  -0.26151,  -0.26151, -0.157888,-0.0844557, -0.157888, -0.432633,  -0.26151, -0.157888,  -0.26151]
	PARPACK diagonalization completed after 30 matrix-vector product operations.
	iteration results: : total energy is -22.647697 | electron energy -22.649947 + phonon energy 0.002250 | electron momentum kIdx = 0
	Nq(0) = 6.25,	Nq(1) = 0.226481,	Nq(2) = 0.283531,	Nq(3) = 0.226481,	Nq(4) = 0.226481,	Nq(5) = 0.283531,	Nq(6) = 0.365832,	Nq(7) = 0.283531,	Nq(8) = 0.283531,	Nq(9) = 0.365832,	Nq(10) = 0.434353,	Nq(11) = 0.365832,	Nq(12) = 0.226481,	Nq(13) = 0.283531,	Nq(14) = 0.365832,	Nq(15) = 0.283531,	Sq(0) = 9.71949e-18,	Sq(1) = 0.515055,	Sq(2) = 0.448881,	Sq(3) = 0.515055,	Sq(4) = 0.515055,	Sq(5) = 0.448881,	Sq(6) = 0.932767,	Sq(7) = 0.448881,	Sq(8) = 0.448881,	Sq(9) = 0.932767,	Sq(10) = 0.760643,	Sq(11) = 0.932767,	Sq(12) = 0.515055,	Sq(13) = 0.448881,	Sq(14) = 0.932767,	Sq(15) = 0.448881,	N(0) = 1.84315,	N(1) = 1.73547,	N(2) = 0.152036,	N(3) = 1.73547,	N(4) = 1.73547,	N(5) = 0.152036,	N(6) = 0.0593989,	N(7) = 0.152036,	N(8) = 0.152036,	N(9) = 0.0593989,	N(10) = 0.0651453,	N(11) = 0.0593989,	N(12) = 1.73547,	N(13) = 0.152036,	N(14) = 0.0593989,	N(15) = 0.152036,	Delta[s](0) = 0.0641196,	Delta[s](1) = 0.0382877,	Delta[s](2) = 0.0248371,	Delta[s](3) = 0.0382877,	Delta[s](4) = 0.0382877,	Delta[s](5) = 0.0248371,	Delta[s](6) = 0.00245264,	Delta[s](7) = 0.0248371,	Delta[s](8) = 0.0248371,	Delta[s](9) = 0.00245264,	Delta[s](10) = 0.00128953,	Delta[s](11) = 0.00245264,	Delta[s](12) = 0.0382877,	Delta[s](13) = 0.0248371,	Delta[s](14) = 0.00245264,	Delta[s](15) = 0.0248371,	Delta[d](0) = 0.2153,	Delta[d](1) = 0.0959889,	Delta[d](2) = 0.160342,	Delta[d](3) = 0.0959889,	Delta[d](4) = 0.0959889,	Delta[d](5) = 0.106363,	Delta[d](6) = 0.0359146,	Delta[d](7) = 0.106363,	Delta[d](8) = 0.160342,	Delta[d](9) = 0.0359146,	Delta[d](10) = 0.0198268,	Delta[d](11) = 0.0359146,	Delta[d](12) = 0.0959889,	Delta[d](13) = 0.106363,	Delta[d](14) = 0.0359146,	Delta[d](15) = 0.106363,	Delta[s+](0) = 0.590677,	Delta[s+](1) = 0.358254,	Delta[s+](2) = 0.160342,	Delta[s+](3) = 0.358254,	Delta[s+](4) = 0.358254,	Delta[s+](5) = 0.160342,	Delta[s+](6) = 0.013473,	Delta[s+](7) = 0.160342,	Delta[s+](8) = 0.160342,	Delta[s+](9) = 0.013473,	Delta[s+](10) = 0.00427222,	Delta[s+](11) = 0.013473,	Delta[s+](12) = 0.358254,	Delta[s+](13) = 0.160342,	Delta[s+](14) = 0.013473,	Delta[s+](15) = 0.160342
