SNEDics v3.22.2 Non-Gaussian ED ground state program		Start at Sun Feb  6 11:27:40 2022

Parallelization: 32 MPI threads  * 8 OpenMP threads = 256 total threads.
********************************************************************************************************************
********************************************************************************************************************

********************************************************************************************************************
System parameters and configurations
	special program options are enabled: splitted diagonal Hamiltonian | splitted Hamiltonian terms
********************************************************************************************************************
Read input file "model_params.in"
	Hubbard-Holstein model parameters : 	t = 1    t' = -0.2    U = 8    g = 0.25    W = 0.2    
********************************************************************************************************************
Read input file "hilbertspace_params.in"
	Requested 16-site 2D lattice, with 10 electrons (5, 5)
	Boundary : Periodic		Hilbert space representation : momentum-space (restricted to kIdx = 0)
	Conservation: particle number[U(1)]      spin[U(1)]     momentum
********************************************************************************************************************

Cluster Positions:				Cluster symmetry group : D4
 x ... x ... x ... x .....                       x ... x ... x ... x .....
 |           |           :                       |           |           :
 |           |           :                       |           |           :
12    13    14    15     x                       1     5     6     5     x
 |           |           :                       |           |           :
 |           |           :                       |           |           :
 8 --- 9 ---10 ---11 --- x                       2 --- 6 ---10 --- 6 --- x
 |           |           :                       |           |           :
 |           |           :                       |           |           :
 4     5     6     7     x                       1     5     6     5     x
 |           |           :                       |           |           :
 |           |           :                       |           |           :
 0 --- 1 --- 2 --- 3 --- x                       0 --- 1 --- 2 --- 1 --- x
orbital number : 1
********************************************************************************************************************
Read input file "obs_params.in"
	Observable Type : Nq(All),   Sq(All),   N(All-Orbital),   Delta[s](All),   Delta[d](All),   Delta[s+](All)
** WARNING ** the input observables have non-local factors which have been reinterpreted. The total observable number is 96
********************************************************************************************************************


********************************************************************************************************************
Start calculating the non-Gaussian ED ground state
Maximal iteration number is 1000; energy resolution is 1e-06. Phonon state relaxation time is 2000
W = 0.2 is relatively large. The non-Gaussian ED calculation starts directly.
open output files: NGSED_iteration_observables.txt
********************************************************************************************************************
Start the 0 rounds of NGS-ED iteration
	effective electronic model is modified as: kinetic energy t = 1, t' = -0.2
	                                           effective interaction Vq = [0,0,0,0,0,0,0,0,0,0,0,0,0,0,0,0]
	first Hamiltonian is constructed, size = 1192464 and non-zero numbers = 242772364
	PARPACK diagonalization completed after 90 matrix-vector product operations.
	iteration results: : total energy is -16.326666 | electron energy -16.326666 + phonon energy 0.000000 | electron momentum kIdx = 0
	Nq(0) = 6.25,	Nq(1) = 0.202338,	Nq(2) = 0.268998,	Nq(3) = 0.202338,	Nq(4) = 0.202338,	Nq(5) = 0.281666,	
	Nq(6) = 0.358706,	Nq(7) = 0.281666,	Nq(8) = 0.268998,	Nq(9) = 0.358706,	Nq(10) = 0.446937,	
	Nq(11) = 0.358706,	Nq(12) = 0.202338,	Nq(13) = 0.281666,	Nq(14) = 0.358706,	Nq(15) = 0.281666;	
	Sq(0) = 8.85037e-19,	Sq(1) = 0.543263,	Sq(2) = 0.466005,	Sq(3) = 0.543263,	Sq(4) = 0.543263,	
	Sq(5) = 0.45115,	Sq(6) = 0.943619,	Sq(7) = 0.45115,	Sq(8) = 0.466005,	Sq(9) = 0.943619,	
	Sq(10) = 0.710091,	Sq(11) = 0.943619,	Sq(12) = 0.543263,	Sq(13) = 0.45115,	Sq(14) = 0.943619,	
	Sq(15) = 0.45115;	N(0) = 1.79578,	N(1) = 1.67335,	N(2) = 0.240649,	N(3) = 1.67335,	
	N(4) = 1.67335,	N(5) = 0.17929,	N(6) = 0.0652386,	N(7) = 0.17929,	N(8) = 0.240649,	
	N(9) = 0.0652386,	N(10) = 0.0513937,	N(11) = 0.0652386,	N(12) = 1.67335,	N(13) = 0.17929,	
	N(14) = 0.0652386,	N(15) = 0.17929;	Delta[s](0) = 0.0518696,	Delta[s](1) = 0.0313839,	Delta[s](2) = 0.0219388,	
	Delta[s](3) = 0.0313839,	Delta[s](4) = 0.0313839,	Delta[s](5) = 0.0187853,	Delta[s](6) = 0.00154919,	Delta[s](7) = 0.0187853,	
	Delta[s](8) = 0.0219388,	Delta[s](9) = 0.00154919,	Delta[s](10) = 0.000265776,	Delta[s](11) = 0.00154919,	Delta[s](12) = 0.0313839,	
	Delta[s](13) = 0.0187853,	Delta[s](14) = 0.00154919,	Delta[s](15) = 0.0187853;	Delta[d](0) = 0.200858,	Delta[d](1) = 0.100164,	
	Delta[d](2) = 0.150651,	Delta[d](3) = 0.100164,	Delta[d](4) = 0.100164,	Delta[d](5) = 0.0957437,	Delta[d](6) = 0.0416082,	
	Delta[d](7) = 0.0957437,	Delta[d](8) = 0.150651,	Delta[d](9) = 0.0416082,	Delta[d](10) = 0.0224764,	Delta[d](11) = 0.0416082,	
	Delta[d](12) = 0.100164,	Delta[d](13) = 0.0957437,	Delta[d](14) = 0.0416082,	Delta[d](15) = 0.0957437;	Delta[s+](0) = 0.539132,	
	Delta[s+](1) = 0.32833,	Delta[s+](2) = 0.150651,	Delta[s+](3) = 0.32833,	Delta[s+](4) = 0.32833,	Delta[s+](5) = 0.141642,	
	Delta[s+](6) = 0.0113275,	Delta[s+](7) = 0.141642,	Delta[s+](8) = 0.150651,	Delta[s+](9) = 0.0113275,	Delta[s+](10) = 0.00189809,	
	Delta[s+](11) = 0.0113275,	Delta[s+](12) = 0.32833,	Delta[s+](13) = 0.141642,	Delta[s+](14) = 0.0113275,	Delta[s+](15) = 0.141642
	
The 0-th iteration is completed.	|| time cost : 0h 0m 30.282s
********************************************************************************************************************
Start the 1 rounds of NGS-ED iteration
	effective electronic model is modified as: kinetic energy t = 0.996599, t' = -0.199153
	                                           effective interaction Vq = [   -0.3125,-0.0429498,-0.0295072,-0.0429498,-0.0429498,-0.0291637,-0.0246558,-0.0291637,-0.0295072,-0.0246558,-0.0224541,-0.0246558,-0.0429498,-0.0291637,-0.0246558,-0.0291637]
	PARPACK diagonalization completed after 30 matrix-vector product operations.
	iteration results: : total energy is -18.344570 | electron energy -18.345887 + phonon energy 0.001317 | electron momentum kIdx = 0
The 1-th iteration is completed.	|| time cost : 0h 0m 20.087s
********************************************************************************************************************
Start the 2 rounds of NGS-ED iteration
	effective electronic model is modified as: kinetic energy t = 0.996596, t' = -0.199151
	                                           effective interaction Vq = [   -0.3125,-0.0430658,-0.0295065,-0.0430658,-0.0430658, -0.029156,-0.0246407, -0.029156,-0.0295065,-0.0246407,-0.0224221,-0.0246407,-0.0430658, -0.029156,-0.0246407, -0.029156]
	PARPACK diagonalization completed after 30 matrix-vector product operations.
	iteration results: : total energy is -18.344570 | electron energy -18.345891 + phonon energy 0.001321 | electron momentum kIdx = 0
The 2-th iteration is completed.	|| time cost : 0h 0m 2.686s
********************************************************************************************************************
Start the 3 rounds of NGS-ED iteration
	effective electronic model is modified as: kinetic energy t = 0.996596, t' = -0.199151
	                                           effective interaction Vq = [   -0.3125,-0.0430666,-0.0295064,-0.0430666,-0.0430666,-0.0291559,-0.0246406,-0.0291559,-0.0295064,-0.0246406,-0.0224219,-0.0246406,-0.0430666,-0.0291559,-0.0246406,-0.0291559]
	PARPACK diagonalization completed after 30 matrix-vector product operations.
	iteration results: : total energy is -18.344570 | electron energy -18.345891 + phonon energy 0.001321 | electron momentum kIdx = 0
The 3-th iteration is completed.	|| time cost : 0h 0m 2.673s
********************************************************************************************************************
Start the 4 rounds of NGS-ED iteration
	effective electronic model is modified as: kinetic energy t = 0.996596, t' = -0.199151
	                                           effective interaction Vq = [   -0.3125,-0.0430666,-0.0295064,-0.0430666,-0.0430666,-0.0291559,-0.0246406,-0.0291559,-0.0295064,-0.0246406,-0.0224219,-0.0246406,-0.0430666,-0.0291559,-0.0246406,-0.0291559]
	PARPACK diagonalization completed after 30 matrix-vector product operations.
	iteration results: : total energy is -18.344570 | electron energy -18.345891 + phonon energy 0.001321 | electron momentum kIdx = 0
	Nq(0) = 6.25,	Nq(1) = 0.203043,	Nq(2) = 0.269172,	Nq(3) = 0.203043,	Nq(4) = 0.203043,	Nq(5) = 0.281808,	
	Nq(6) = 0.358777,	Nq(7) = 0.281808,	Nq(8) = 0.269172,	Nq(9) = 0.358777,	Nq(10) = 0.446702,	
	Nq(11) = 0.358777,	Nq(12) = 0.203043,	Nq(13) = 0.281808,	Nq(14) = 0.358777,	Nq(15) = 0.281808;	
	Sq(0) = 3.48743e-19,	Sq(1) = 0.542821,	Sq(2) = 0.465865,	Sq(3) = 0.542821,	Sq(4) = 0.542821,	
	Sq(5) = 0.451076,	Sq(6) = 0.943038,	Sq(7) = 0.451076,	Sq(8) = 0.465865,	Sq(9) = 0.943038,	
	Sq(10) = 0.710976,	Sq(11) = 0.943038,	Sq(12) = 0.542821,	Sq(13) = 0.451076,	Sq(14) = 0.943038,	
	Sq(15) = 0.451076;	N(0) = 1.79677,	N(1) = 1.67489,	N(2) = 0.239408,	N(3) = 1.67489,	
	N(4) = 1.67489,	N(5) = 0.178329,	N(6) = 0.0650452,	N(7) = 0.178329,	N(8) = 0.239408,	
	N(9) = 0.0650452,	N(10) = 0.0513733,	N(11) = 0.0650452,	N(12) = 1.67489,	N(13) = 0.178329,	
	N(14) = 0.0650452,	N(15) = 0.178329;	Delta[s](0) = 0.0521998,	Delta[s](1) = 0.0315669,	Delta[s](2) = 0.0220872,	
	Delta[s](3) = 0.0315669,	Delta[s](4) = 0.0315669,	Delta[s](5) = 0.0189249,	Delta[s](6) = 0.00154297,	Delta[s](7) = 0.0189249,	
	Delta[s](8) = 0.0220872,	Delta[s](9) = 0.00154297,	Delta[s](10) = 0.000265822,	Delta[s](11) = 0.00154297,	Delta[s](12) = 0.0315669,	
	Delta[s](13) = 0.0189249,	Delta[s](14) = 0.00154297,	Delta[s](15) = 0.0189249;	Delta[d](0) = 0.201225,	Delta[d](1) = 0.10004,	
	Delta[d](2) = 0.150714,	Delta[d](3) = 0.10004,	Delta[d](4) = 0.10004,	Delta[d](5) = 0.0959314,	Delta[d](6) = 0.0414154,	
	Delta[d](7) = 0.0959314,	Delta[d](8) = 0.150714,	Delta[d](9) = 0.0414154,	Delta[d](10) = 0.0223608,	Delta[d](11) = 0.0414154,	
	Delta[d](12) = 0.10004,	Delta[d](13) = 0.0959314,	Delta[d](14) = 0.0414154,	Delta[d](15) = 0.0959314;	Delta[s+](0) = 0.539591,	
	Delta[s+](1) = 0.328588,	Delta[s+](2) = 0.150714,	Delta[s+](3) = 0.328588,	Delta[s+](4) = 0.328588,	Delta[s+](5) = 0.14174,	
	Delta[s+](6) = 0.0112683,	Delta[s+](7) = 0.14174,	Delta[s+](8) = 0.150714,	Delta[s+](9) = 0.0112683,	Delta[s+](10) = 0.00190379,	
	Delta[s+](11) = 0.0112683,	Delta[s+](12) = 0.328588,	Delta[s+](13) = 0.14174,	Delta[s+](14) = 0.0112683,	Delta[s+](15) = 0.14174
	
The 4-th iteration is completed.	|| time cost : 0h 0m 19.111s
********************************************************************************************************************
********************************************************************************************************************
Ground state is obtained after 5 iterations. The current ground-state energy is -18.3446, in which electron energy is -18.3459 and phonon energy is 0.00132078
Final variational state is: 
	Gamma_x = [      1,1.04299,1.03948,1.04299,1.04299,1.04088,1.04423,1.04088,1.03948,1.04423,1.05035,1.04423,1.04299,1.04088,1.04423,1.04088]
	lambda_q = [     1.25,0.0893247,0.0604758,0.0893247,0.0893247,0.0597392, 0.050293,0.0597392,0.0604758, 0.050293,0.0456784, 0.050293,0.0893247,0.0597392, 0.050293,0.0597392]
Effective e-e interactions mediated by phonons are:
	momentum-space Vq = [   -0.3125,-0.0430666,-0.0295064,-0.0430666,-0.0430666,-0.0291559,-0.0246406,-0.0291559,-0.0295064,-0.0246406,-0.0224219,-0.0246406,-0.0430666,-0.0291559,-0.0246406,-0.0291559]
	real-space Vr = [-0.0488367,-0.0204331, -0.017332,-0.0204331,-0.0204331,-0.0172443,-0.0158266,-0.0172443, -0.017332,-0.0158266,-0.0149831,-0.0158266,-0.0204331,-0.0172443,-0.0158266,-0.0172443]
********************************************************************************************************************
o___o  ----------------------------------------
| L |	Time since last clock: 0h 0m 0.008s
A===A	Time since the beginning: 0h 1m 14.849s
***********************************************


Non-Gaussina ED ground state calculation is completed. The final ground-state energy is -18.3446
********************************************************************************************************************
o___o  ----------------------------------------
| L |	Time since last clock: 0h 0m 0.003s
A===A	Time since the beginning: 0h 1m 14.852s
***********************************************



********************************************************************************************************************
All non-Gaussian ED ground state calculations have been completed. Exit now.
