SNEDics v3.4 Non-Gaussian ED ground state program		Start at Tue Oct  1 14:12:01 2019

parallized on 16 MPI threads  * 8 OpenMP threads = 128 total threads.
********************************************************************************************************************
********************************************************************************************************************

********************************************************************************************************************
System parameters and configurations
********************************************************************************************************************
Special program options are enabled: splitted diagonal Hamiltonian
********************************************************************************************************************
Read input file "model_params.in"
	Hubbard-Holstein model parameters : 	t = 1    U = 5.17    g = 3.873    W = 5    
********************************************************************************************************************
Read input file "hilbertspace_params.in"
	Requested 16-site 2D lattice, with 16 electrons (8, 8)
	Boundary : Periodic		Hilbert space representation : momentum-space (restricted to kIdx = 0)
	Conservation: particle number[U(1)]      spin[U(1)]     momentum
********************************************************************************************************************

Cluster Positions:				Cluster symmetry group : D4
 x ... x ... x ... x .....                       x ... x ... x ... x .....
 |           |           :                       |           |           :
 |           |           :                       |           |           :
12    13    14    15     x                       1     5     6     5     x
 |           |           :                       |           |           :
 |           |           :                       |           |           :
 8 --- 9 ---10 ---11 --- x                       2 --- 6 ---10 --- 6 --- x
 |           |           :                       |           |           :
 |           |           :                       |           |           :
 4     5     6     7     x                       1     5     6     5     x
 |           |           :                       |           |           :
 |           |           :                       |           |           :
 0 --- 1 --- 2 --- 3 --- x                       0 --- 1 --- 2 --- 1 --- x
orbital number : 1
********************************************************************************************************************
Read input file "obs_params.in"
	Observable Type : Nq(All),   Sq(All),   N(All),   Delta[s](All),   Delta[d](All),   Delta[s+](All)
********************************************************************************************************************
** WARNING ** the input observables have non-local factors which have been reinterpreted. The total observable number is 96
********************************************************************************************************************


********************************************************************************************************************
Start calculating the non-Gaussian ED ground state
** WARNING ** Detected low phonon energy W < 10. The initial state will be prepared through a warm-up process.
********************************************************************************************************************
Start warm-up calculation for scaling factor 2
open output files: NGSEDWarmUpW10Obs.txt
********************************************************************************************************************
Start the 0 rounds of NGS-ED iteration
	effective electronic model is modified as: kinetic energy t = 1
	                                           effective interaction Vq = [-0,-0,-0,-0,-0,-0,-0,-0,-0,-0,-0,-0,-0,-0,-0,-0]
	first Hamiltonian is constructed, non-zero numbers = 2845383612
	PARPACK diagonalization completed after 90 matrix-vector product operations.
	iteration results: : total energy is -11.685081 | electron energy -11.685081 + phonon energy 0.000000 | electron momentum kIdx = 0
	Nq(0) = 16,	Nq(1) = 0.119684,	Nq(2) = 0.189175,	Nq(3) = 0.119684,	Nq(4) = 0.119684,	Nq(5) = 0.189175,	Nq(6) = 0.256532,	Nq(7) = 0.189175,	Nq(8) = 0.189175,	Nq(9) = 0.256532,	Nq(10) = 0.31641,	Nq(11) = 0.256532,	Nq(12) = 0.119684,	Nq(13) = 0.189175,	Nq(14) = 0.256532,	Nq(15) = 0.189175,	Sq(0) = -6.33925e-19,	Sq(1) = 0.426742,	Sq(2) = 0.630995,	Sq(3) = 0.426742,	Sq(4) = 0.426742,	Sq(5) = 0.630995,	Sq(6) = 0.847415,	Sq(7) = 0.630995,	Sq(8) = 0.630995,	Sq(9) = 0.847415,	Sq(10) = 4.16107,	Sq(11) = 0.847415,	Sq(12) = 0.426742,	Sq(13) = 0.630995,	Sq(14) = 0.847415,	Sq(15) = 0.630995,	N(0) = 1.88985,	N(1) = 1.76302,	N(2) = 1,	N(3) = 1.76302,	N(4) = 1.76302,	N(5) = 1,	N(6) = 0.236976,	N(7) = 1,	N(8) = 1,	N(9) = 0.236976,	N(10) = 0.11015,	N(11) = 0.236976,	N(12) = 1.76302,	N(13) = 1,	N(14) = 0.236976,	N(15) = 1,	Delta[s](0) = 0.141623,	Delta[s](1) = 0.119207,	Delta[s](2) = 0.0940217,	Delta[s](3) = 0.119207,	Delta[s](4) = 0.119207,	Delta[s](5) = 0.0940217,	Delta[s](6) = 0.0680259,	Delta[s](7) = 0.0940217,	Delta[s](8) = 0.0940217,	Delta[s](9) = 0.0680259,	Delta[s](10) = 0.0234758,	Delta[s](11) = 0.0680259,	Delta[s](12) = 0.119207,	Delta[s](13) = 0.0940217,	Delta[s](14) = 0.0680259,	Delta[s](15) = 0.0940217,	Delta[d](0) = 0.565798,	Delta[d](1) = 0.406566,	Delta[d](2) = 0.319154,	Delta[d](3) = 0.406566,	Delta[d](4) = 0.406566,	Delta[d](5) = 0.331705,	Delta[d](6) = 0.237364,	Delta[d](7) = 0.331705,	Delta[d](8) = 0.319154,	Delta[d](9) = 0.237364,	Delta[d](10) = 0.111454,	Delta[d](11) = 0.237364,	Delta[d](12) = 0.406566,	Delta[d](13) = 0.331705,	Delta[d](14) = 0.237364,	Delta[d](15) = 0.331705,	Delta[s+](0) = 0.60106,	Delta[s+](1) = 0.475596,	Delta[s+](2) = 0.319154,	Delta[s+](3) = 0.475596,	Delta[s+](4) = 0.475596,	Delta[s+](5) = 0.319154,	Delta[s+](6) = 0.168618,	Delta[s+](7) = 0.319154,	Delta[s+](8) = 0.319154,	Delta[s+](9) = 0.168618,	Delta[s+](10) = 0.0487277,	Delta[s+](11) = 0.168618,	Delta[s+](12) = 0.475596,	Delta[s+](13) = 0.319154,	Delta[s+](14) = 0.168618,	Delta[s+](15) = 0.319154
The 0-th iteration is completed.	|| time cost : 0h 8m 38.744s
********************************************************************************************************************
Start the 1 rounds of NGS-ED iteration
	effective electronic model is modified as: kinetic energy t = 0.929784
	                                           effective interaction Vq = [-2.59402,-2.31653,-2.24684,-2.31653,-2.31653,-2.24684,-2.21318,-2.24684,-2.24684,-2.21318,-2.18543,-2.21318,-2.31653,-2.24684,-2.21318,-2.24684]
	PARPACK diagonalization completed after 60 matrix-vector product operations.
	iteration results: : total energy is -61.585468 | electron energy -61.589683 + phonon energy 0.004215 | electron momentum kIdx = 0
The 1-th iteration is completed.	|| time cost : 0h 7m 54.357s
********************************************************************************************************************
Start the 2 rounds of NGS-ED iteration
	effective electronic model is modified as: kinetic energy t = 0.874318
	                                           effective interaction Vq = [-2.94508,-2.79871,-2.68174,-2.79871,-2.79871,-2.68174,-2.68657,-2.68174,-2.68174,-2.68657,-2.62513,-2.68657,-2.79871,-2.68174,-2.68657,-2.68174]
	PARPACK diagonalization completed after 75 matrix-vector product operations.
	iteration results: : total energy is -69.104969 | electron energy -69.143226 + phonon energy 0.038257 | electron momentum kIdx = 0
The 2-th iteration is completed.	|| time cost : 0h 0m 41.558s
********************************************************************************************************************
Start the 3 rounds of NGS-ED iteration
	effective electronic model is modified as: kinetic energy t = 0.840288
	                                           effective interaction Vq = [-2.99259,-2.91103,-2.88028,-2.91103,-2.91103,-2.88028,-2.81649,-2.88028,-2.88028,-2.81649,-2.80929,-2.81649,-2.91103,-2.88028,-2.81649,-2.88028]
	PARPACK diagonalization completed after 60 matrix-vector product operations.
	iteration results: : total energy is -70.570274 | electron energy -70.645494 + phonon energy 0.075220 | electron momentum kIdx = 0
The 3-th iteration is completed.	|| time cost : 0h 0m 36.771s
********************************************************************************************************************
Start the 4 rounds of NGS-ED iteration
	effective electronic model is modified as: kinetic energy t = 0.827894
	                                           effective interaction Vq = [-2.99902,-2.93865,  -2.928,-2.93865,-2.93865,  -2.928,-2.85273,  -2.928,  -2.928,-2.85273,-2.86361,-2.85273,-2.93865,  -2.928,-2.85273,  -2.928]
	PARPACK diagonalization completed after 45 matrix-vector product operations.
	iteration results: : total energy is -70.763222 | electron energy -70.859642 + phonon energy 0.096420 | electron momentum kIdx = 0
The 4-th iteration is completed.	|| time cost : 0h 0m 32.243s
********************************************************************************************************************
Start the 5 rounds of NGS-ED iteration
	effective electronic model is modified as: kinetic energy t = 0.823532
	                                           effective interaction Vq = [-2.99989,-2.94682,-2.94165,-2.94682,-2.94682,-2.94165,-2.86431,-2.94165,-2.94165,-2.86431,-2.88225,-2.86431,-2.94682,-2.94165,-2.86431,-2.94165]
	PARPACK diagonalization completed after 45 matrix-vector product operations.
	iteration results: : total energy is -70.788165 | electron energy -70.893383 + phonon energy 0.105218 | electron momentum kIdx = 0
The 5-th iteration is completed.	|| time cost : 0h 0m 32.326s
********************************************************************************************************************
Start the 6 rounds of NGS-ED iteration
	effective electronic model is modified as: kinetic energy t = 0.822005
	                                           effective interaction Vq = [-3.00001,-2.94945,-2.94594,-2.94945,-2.94945,-2.94594,-2.86823,-2.94594,-2.94594,-2.86823,-2.88931,-2.86823,-2.94945,-2.94594,-2.86823,-2.94594]
	PARPACK diagonalization completed after 45 matrix-vector product operations.
	iteration results: : total energy is -70.791389 | electron energy -70.899897 + phonon energy 0.108508 | electron momentum kIdx = 0
The 6-th iteration is completed.	|| time cost : 0h 0m 32.076s
********************************************************************************************************************
Start the 7 rounds of NGS-ED iteration
	effective electronic model is modified as: kinetic energy t = 0.821469
	                                           effective interaction Vq = [-3.00002,-2.95033,-2.94733,-2.95033,-2.95033,-2.94733, -2.8696,-2.94733,-2.94733, -2.8696,-2.89217, -2.8696,-2.95033,-2.94733, -2.8696,-2.94733]
	PARPACK diagonalization completed after 45 matrix-vector product operations.
	iteration results: : total energy is -70.791810 | electron energy -70.901512 + phonon energy 0.109702 | electron momentum kIdx = 0
The 7-th iteration is completed.	|| time cost : 0h 0m 32.077s
********************************************************************************************************************
Start the 8 rounds of NGS-ED iteration
	effective electronic model is modified as: kinetic energy t = 0.821279
	                                           effective interaction Vq = [-3.00003,-2.95063,-2.94778,-2.95063,-2.95063,-2.94778,-2.87008,-2.94778,-2.94778,-2.87008,-2.89338,-2.87008,-2.95063,-2.94778,-2.87008,-2.94778]
	PARPACK diagonalization completed after 30 matrix-vector product operations.
	iteration results: : total energy is -70.791866 | electron energy -70.902000 + phonon energy 0.110135 | electron momentum kIdx = 0
The 8-th iteration is completed.	|| time cost : 0h 0m 27.366s
********************************************************************************************************************
Start the 9 rounds of NGS-ED iteration
	effective electronic model is modified as: kinetic energy t = 0.82121
	                                           effective interaction Vq = [-3.00003,-2.95074,-2.94792,-2.95074,-2.95074,-2.94792,-2.87025,-2.94792,-2.94792,-2.87025,-2.89391,-2.87025,-2.95074,-2.94792,-2.87025,-2.94792]
	PARPACK diagonalization completed after 30 matrix-vector product operations.
	iteration results: : total energy is -70.791873 | electron energy -70.902167 + phonon energy 0.110293 | electron momentum kIdx = 0
	Nq(0) = 16,	Nq(1) = 0.405525,	Nq(2) = 0.765976,	Nq(3) = 0.405525,	Nq(4) = 0.405525,	Nq(5) = 0.765976,	Nq(6) = 0.655844,	Nq(7) = 0.765976,	Nq(8) = 0.765976,	Nq(9) = 0.655844,	Nq(10) = 0.969502,	Nq(11) = 0.655844,	Nq(12) = 0.405525,	Nq(13) = 0.765976,	Nq(14) = 0.655844,	Nq(15) = 0.765976,	Sq(0) = 5.14527e-18,	Sq(1) = 0.321291,	Sq(2) = 0.354012,	Sq(3) = 0.321291,	Sq(4) = 0.321291,	Sq(5) = 0.354012,	Sq(6) = 0.548644,	Sq(7) = 0.354012,	Sq(8) = 0.354012,	Sq(9) = 0.548644,	Sq(10) = 0.585352,	Sq(11) = 0.548644,	Sq(12) = 0.321291,	Sq(13) = 0.354012,	Sq(14) = 0.548644,	Sq(15) = 0.354012,	N(0) = 1.9972,	N(1) = 1.99255,	N(2) = 1,	N(3) = 1.99255,	N(4) = 1.99255,	N(5) = 1,	N(6) = 0.00745041,	N(7) = 1,	N(8) = 1,	N(9) = 0.00745041,	N(10) = 0.00280163,	N(11) = 0.00745041,	N(12) = 1.99255,	N(13) = 1,	N(14) = 0.00745041,	N(15) = 1,	Delta[s](0) = 0.710523,	Delta[s](1) = 0.319169,	Delta[s](2) = 0.277384,	Delta[s](3) = 0.319169,	Delta[s](4) = 0.319169,	Delta[s](5) = 0.277384,	Delta[s](6) = 0.254928,	Delta[s](7) = 0.277384,	Delta[s](8) = 0.277384,	Delta[s](9) = 0.254928,	Delta[s](10) = 0.234206,	Delta[s](11) = 0.254928,	Delta[s](12) = 0.319169,	Delta[s](13) = 0.277384,	Delta[s](14) = 0.254928,	Delta[s](15) = 0.277384,	Delta[d](0) = 0.338979,	Delta[d](1) = 0.282707,	Delta[d](2) = 0.256475,	Delta[d](3) = 0.282707,	Delta[d](4) = 0.282707,	Delta[d](5) = 0.25191,	Delta[d](6) = 0.238882,	Delta[d](7) = 0.25191,	Delta[d](8) = 0.256475,	Delta[d](9) = 0.238882,	Delta[d](10) = 0.165059,	Delta[d](11) = 0.238882,	Delta[d](12) = 0.282707,	Delta[d](13) = 0.25191,	Delta[d](14) = 0.238882,	Delta[d](15) = 0.25191,	Delta[s+](0) = 0.462075,	Delta[s+](1) = 0.380756,	Delta[s+](2) = 0.256475,	Delta[s+](3) = 0.380756,	Delta[s+](4) = 0.380756,	Delta[s+](5) = 0.256475,	Delta[s+](6) = 0.127295,	Delta[s+](7) = 0.256475,	Delta[s+](8) = 0.256475,	Delta[s+](9) = 0.127295,	Delta[s+](10) = 0.0428118,	Delta[s+](11) = 0.127295,	Delta[s+](12) = 0.380756,	Delta[s+](13) = 0.256475,	Delta[s+](14) = 0.127295,	Delta[s+](15) = 0.256475
The 9-th iteration is completed.	|| time cost : 0h 4m 36.149s
********************************************************************************************************************
********************************************************************************************************************
Ground state is obtained after 10 iterations. The current ground-state energy is -70.7919, in which electron energy is -70.9022 and phonon energy is 0.110293
final variational state is: 
	Gamma_x = [      1,1.02754,1.05393,1.02754,1.02754,1.05393, 1.0669,1.05393,1.05393, 1.0669,1.09261, 1.0669,1.02754,1.05393, 1.0669,1.05393]
	lambda_q = [  0.5477,0.477545,0.475573,0.477545,0.477545,0.475573,0.433831,0.475573,0.475573,0.433831,0.444829,0.433831,0.477545,0.475573,0.433831,0.475573]
********************************************************************************************************************
o___o  ----------------------------------------
| L |	Time since last clock: 0h 0m 0s
A===A	Time since the beginning: 0h 25m 3.672s
***********************************************


********************************************************************************************************************
Warm up runs have been completed. Start calculating W = 5 phonon.
open output files: NGSEDIterationObs.txt
********************************************************************************************************************
Start the 0 rounds of NGS-ED iteration
	effective electronic model is modified as: kinetic energy t = 0.821186
	                                           effective interaction Vq = [-2.74261,-2.55882,-2.55294,-2.55882,-2.55882,-2.55294,-2.41941,-2.55294,-2.55294,-2.41941,-2.45628,-2.41941,-2.55882,-2.55294,-2.41941,-2.55294]
	PARPACK diagonalization completed after 75 matrix-vector product operations.
	iteration results: : total energy is -62.944944 | electron energy -63.000120 + phonon energy 0.055176 | electron momentum kIdx = 0
	Nq(0) = 16,	Nq(1) = 0.366982,	Nq(2) = 0.375951,	Nq(3) = 0.366982,	Nq(4) = 0.366982,	Nq(5) = 0.375951,	Nq(6) = 0.583089,	Nq(7) = 0.375951,	Nq(8) = 0.375951,	Nq(9) = 0.583089,	Nq(10) = 0.607032,	Nq(11) = 0.583089,	Nq(12) = 0.366982,	Nq(13) = 0.375951,	Nq(14) = 0.583089,	Nq(15) = 0.375951,	Sq(0) = 5.05366e-18,	Sq(1) = 0.382258,	Sq(2) = 0.550776,	Sq(3) = 0.382258,	Sq(4) = 0.382258,	Sq(5) = 0.550776,	Sq(6) = 0.636714,	Sq(7) = 0.550776,	Sq(8) = 0.550776,	Sq(9) = 0.636714,	Sq(10) = 1.95643,	Sq(11) = 0.636714,	Sq(12) = 0.382258,	Sq(13) = 0.550776,	Sq(14) = 0.636714,	Sq(15) = 0.550776,	N(0) = 1.9996,	N(1) = 1.99906,	N(2) = 1,	N(3) = 1.99906,	N(4) = 1.99906,	N(5) = 1,	N(6) = 0.000940112,	N(7) = 1,	N(8) = 1,	N(9) = 0.000940112,	N(10) = 0.00039578,	N(11) = 0.000940112,	N(12) = 1.99906,	N(13) = 1,	N(14) = 0.000940112,	N(15) = 1,	Delta[s](0) = 0.252802,	Delta[s](1) = 0.246982,	Delta[s](2) = 0.19913,	Delta[s](3) = 0.246982,	Delta[s](4) = 0.246982,	Delta[s](5) = 0.19913,	Delta[s](6) = 0.193968,	Delta[s](7) = 0.19913,	Delta[s](8) = 0.19913,	Delta[s](9) = 0.193968,	Delta[s](10) = 0.120131,	Delta[s](11) = 0.193968,	Delta[s](12) = 0.246982,	Delta[s](13) = 0.19913,	Delta[s](14) = 0.193968,	Delta[s](15) = 0.19913,	Delta[d](0) = 0.546393,	Delta[d](1) = 0.323553,	Delta[d](2) = 0.282921,	Delta[d](3) = 0.323553,	Delta[d](4) = 0.323553,	Delta[d](5) = 0.333602,	Delta[d](6) = 0.252113,	Delta[d](7) = 0.333602,	Delta[d](8) = 0.282921,	Delta[d](9) = 0.252113,	Delta[d](10) = 0.127398,	Delta[d](11) = 0.252113,	Delta[d](12) = 0.323553,	Delta[d](13) = 0.333602,	Delta[d](14) = 0.252113,	Delta[d](15) = 0.333602,	Delta[s+](0) = 0.51243,	Delta[s+](1) = 0.422084,	Delta[s+](2) = 0.282921,	Delta[s+](3) = 0.422084,	Delta[s+](4) = 0.422084,	Delta[s+](5) = 0.282921,	Delta[s+](6) = 0.14385,	Delta[s+](7) = 0.282921,	Delta[s+](8) = 0.282921,	Delta[s+](9) = 0.14385,	Delta[s+](10) = 0.046149,	Delta[s+](11) = 0.14385,	Delta[s+](12) = 0.422084,	Delta[s+](13) = 0.282921,	Delta[s+](14) = 0.14385,	Delta[s+](15) = 0.282921
The 0-th iteration is completed.	|| time cost : 0h 4m 37.115s
********************************************************************************************************************
Start the 1 rounds of NGS-ED iteration
	effective electronic model is modified as: kinetic energy t = 0.811949
	                                           effective interaction Vq = [-2.90533,-2.70525,-2.56542,-2.70525,-2.70525,-2.56542,-2.52926,-2.56542,-2.56542,-2.52926,-2.47195,-2.52926,-2.70525,-2.56542,-2.52926,-2.56542]
	PARPACK diagonalization completed after 60 matrix-vector product operations.
	iteration results: : total energy is -65.753335 | electron energy -65.906150 + phonon energy 0.152815 | electron momentum kIdx = 0
The 1-th iteration is completed.	|| time cost : 0h 0m 37.115s
********************************************************************************************************************
Start the 2 rounds of NGS-ED iteration
	effective electronic model is modified as: kinetic energy t = 0.803302
	                                           effective interaction Vq = [-2.96519,-2.78344,-2.57958,-2.78344,-2.78344,-2.57958,-2.59931,-2.57958,-2.57958,-2.59931,-2.49293,-2.59931,-2.78344,-2.57958,-2.59931,-2.57958]
	PARPACK diagonalization completed after 60 matrix-vector product operations.
	iteration results: : total energy is -66.792015 | electron energy -67.003694 + phonon energy 0.211678 | electron momentum kIdx = 0
The 2-th iteration is completed.	|| time cost : 0h 0m 36.778s
********************************************************************************************************************
Start the 3 rounds of NGS-ED iteration
	effective electronic model is modified as: kinetic energy t = 0.796378
	                                           effective interaction Vq = [-2.98721,-2.82732,-2.59662,-2.82732,-2.82732,-2.59662,-2.64275,-2.59662,-2.59662,-2.64275,-2.50856,-2.64275,-2.82732,-2.59662,-2.64275,-2.59662]
	PARPACK diagonalization completed after 75 matrix-vector product operations.
	iteration results: : total energy is -67.190736 | electron energy -67.436509 + phonon energy 0.245773 | electron momentum kIdx = 0
The 3-th iteration is completed.	|| time cost : 0h 0m 41.474s
********************************************************************************************************************
Start the 4 rounds of NGS-ED iteration
	effective electronic model is modified as: kinetic energy t = 0.78146
	                                           effective interaction Vq = [-2.99531,-2.85198,-2.71218,-2.85198,-2.85198,-2.71218,-2.66572,-2.71218,-2.71218,-2.66572,-2.52211,-2.66572,-2.85198,-2.71218,-2.66572,-2.71218]
	PARPACK diagonalization completed after 60 matrix-vector product operations.
	iteration results: : total energy is -67.527807 | electron energy -67.801738 + phonon energy 0.273931 | electron momentum kIdx = 0
The 4-th iteration is completed.	|| time cost : 0h 0m 36.844s
********************************************************************************************************************
Start the 5 rounds of NGS-ED iteration
	effective electronic model is modified as: kinetic energy t = 0.76762
	                                           effective interaction Vq = [-2.99829,-2.86427,-2.79039,-2.86427,-2.86427,-2.79039,-2.68326,-2.79039,-2.79039,-2.68326,-2.61874,-2.68326,-2.86427,-2.79039,-2.68326,-2.79039]
	PARPACK diagonalization completed after 60 matrix-vector product operations.
	iteration results: : total energy is -67.703147 | electron energy -68.007796 + phonon energy 0.304649 | electron momentum kIdx = 0
The 5-th iteration is completed.	|| time cost : 0h 0m 37.035s
********************************************************************************************************************
Start the 6 rounds of NGS-ED iteration
	effective electronic model is modified as: kinetic energy t = 0.759819
	                                           effective interaction Vq = [-2.99939,-2.86998,-2.83091,-2.86998,-2.86998,-2.83091,-2.69172,-2.83091,-2.83091,-2.69172,-2.67312,-2.69172,-2.86998,-2.83091,-2.69172,-2.83091]
	PARPACK diagonalization completed after 45 matrix-vector product operations.
	iteration results: : total energy is -67.767165 | electron energy -68.098943 + phonon energy 0.331778 | electron momentum kIdx = 0
The 6-th iteration is completed.	|| time cost : 0h 0m 32.371s
********************************************************************************************************************
Start the 7 rounds of NGS-ED iteration
	effective electronic model is modified as: kinetic energy t = 0.755354
	                                           effective interaction Vq = [-2.99979, -2.8726,-2.85282, -2.8726, -2.8726,-2.85282,-2.69578,-2.85282,-2.85282,-2.69578,-2.70548,-2.69578, -2.8726,-2.85282,-2.69578,-2.85282]
	PARPACK diagonalization completed after 45 matrix-vector product operations.
	iteration results: : total energy is -67.790463 | electron energy -68.141610 + phonon energy 0.351147 | electron momentum kIdx = 0
The 7-th iteration is completed.	|| time cost : 0h 0m 32.08s
********************************************************************************************************************
Start the 8 rounds of NGS-ED iteration
	effective electronic model is modified as: kinetic energy t = 0.752779
	                                           effective interaction Vq = [-2.99994,-2.87374,-2.86501,-2.87374,-2.87374,-2.86501,-2.69765,-2.86501,-2.86501,-2.69765,-2.72527,-2.69765,-2.87374,-2.86501,-2.69765,-2.86501]
	PARPACK diagonalization completed after 45 matrix-vector product operations.
	iteration results: : total energy is -67.798897 | electron energy -68.162668 + phonon energy 0.363771 | electron momentum kIdx = 0
The 8-th iteration is completed.	|| time cost : 0h 0m 32.124s
********************************************************************************************************************
Start the 9 rounds of NGS-ED iteration
	effective electronic model is modified as: kinetic energy t = 0.751287
	                                           effective interaction Vq = [-2.99999,-2.87419,-2.87191,-2.87419,-2.87419,-2.87191,-2.69846,-2.87191,-2.87191,-2.69846,-2.73756,-2.69846,-2.87419,-2.87191,-2.69846,-2.87191]
	PARPACK diagonalization completed after 45 matrix-vector product operations.
	iteration results: : total energy is -67.801943 | electron energy -68.173571 + phonon energy 0.371628 | electron momentum kIdx = 0
The 9-th iteration is completed.	|| time cost : 0h 0m 32.35s
********************************************************************************************************************
Start the 10 rounds of NGS-ED iteration
	effective electronic model is modified as: kinetic energy t = 0.750422
	                                           effective interaction Vq = [-3.00001,-2.87432,-2.87587,-2.87432,-2.87432,-2.87587,-2.69875,-2.87587,-2.87587,-2.69875,-2.74526,-2.69875,-2.87432,-2.87587,-2.69875,-2.87587]
	PARPACK diagonalization completed after 45 matrix-vector product operations.
	iteration results: : total energy is -67.803045 | electron energy -68.179444 + phonon energy 0.376399 | electron momentum kIdx = 0
	Nq(0) = 16,	Nq(1) = 0.40243,	Nq(2) = 0.775355,	Nq(3) = 0.40243,	Nq(4) = 0.40243,	Nq(5) = 0.775355,	Nq(6) = 0.617696,	Nq(7) = 0.775355,	Nq(8) = 0.775355,	Nq(9) = 0.617696,	Nq(10) = 0.899477,	Nq(11) = 0.617696,	Nq(12) = 0.40243,	Nq(13) = 0.775355,	Nq(14) = 0.617696,	Nq(15) = 0.775355,	Sq(0) = -4.14596e-19,	Sq(1) = 0.335013,	Sq(2) = 0.36095,	Sq(3) = 0.335013,	Sq(4) = 0.335013,	Sq(5) = 0.36095,	Sq(6) = 0.566473,	Sq(7) = 0.36095,	Sq(8) = 0.36095,	Sq(9) = 0.566473,	Sq(10) = 0.596245,	Sq(11) = 0.566473,	Sq(12) = 0.335013,	Sq(13) = 0.36095,	Sq(14) = 0.566473,	Sq(15) = 0.36095,	N(0) = 1.99825,	N(1) = 1.99463,	N(2) = 1,	N(3) = 1.99463,	N(4) = 1.99463,	N(5) = 1,	N(6) = 0.00537054,	N(7) = 1,	N(8) = 1,	N(9) = 0.00537054,	N(10) = 0.00175073,	N(11) = 0.00537054,	N(12) = 1.99463,	N(13) = 1,	N(14) = 0.00537054,	N(15) = 1,	Delta[s](0) = 0.54826,	Delta[s](1) = 0.311646,	Delta[s](2) = 0.282818,	Delta[s](3) = 0.311646,	Delta[s](4) = 0.311646,	Delta[s](5) = 0.282818,	Delta[s](6) = 0.266314,	Delta[s](7) = 0.282818,	Delta[s](8) = 0.282818,	Delta[s](9) = 0.266314,	Delta[s](10) = 0.259052,	Delta[s](11) = 0.266314,	Delta[s](12) = 0.311646,	Delta[s](13) = 0.282818,	Delta[s](14) = 0.266314,	Delta[s](15) = 0.282818,	Delta[d](0) = 0.359264,	Delta[d](1) = 0.308608,	Delta[d](2) = 0.28408,	Delta[d](3) = 0.308608,	Delta[d](4) = 0.308608,	Delta[d](5) = 0.2802,	Delta[d](6) = 0.267057,	Delta[d](7) = 0.2802,	Delta[d](8) = 0.28408,	Delta[d](9) = 0.267057,	Delta[d](10) = 0.200846,	Delta[d](11) = 0.267057,	Delta[d](12) = 0.308608,	Delta[d](13) = 0.2802,	Delta[d](14) = 0.267057,	Delta[d](15) = 0.2802,	Delta[s+](0) = 0.495755,	Delta[s+](1) = 0.409193,	Delta[s+](2) = 0.28408,	Delta[s+](3) = 0.409193,	Delta[s+](4) = 0.409193,	Delta[s+](5) = 0.28408,	Delta[s+](6) = 0.154374,	Delta[s+](7) = 0.28408,	Delta[s+](8) = 0.28408,	Delta[s+](9) = 0.154374,	Delta[s+](10) = 0.0660751,	Delta[s+](11) = 0.154374,	Delta[s+](12) = 0.409193,	Delta[s+](13) = 0.28408,	Delta[s+](14) = 0.154374,	Delta[s+](15) = 0.28408
The 10-th iteration is completed.	|| time cost : 0h 4m 33.842s
********************************************************************************************************************
Start the 11 rounds of NGS-ED iteration
	effective electronic model is modified as: kinetic energy t = 0.74992
	                                           effective interaction Vq = [-3.00002,-2.87432,-2.87815,-2.87432,-2.87432,-2.87815, -2.6988,-2.87815,-2.87815, -2.6988,-2.75011, -2.6988,-2.87432,-2.87815, -2.6988,-2.87815]
	PARPACK diagonalization completed after 45 matrix-vector product operations.
	iteration results: : total energy is -67.803444 | electron energy -68.182704 + phonon energy 0.379260 | electron momentum kIdx = 0
The 11-th iteration is completed.	|| time cost : 0h 0m 32.075s
********************************************************************************************************************
Start the 12 rounds of NGS-ED iteration
	effective electronic model is modified as: kinetic energy t = 0.749629
	                                           effective interaction Vq = [-3.00002,-2.87427,-2.87947,-2.87427,-2.87427,-2.87947,-2.69877,-2.87947,-2.87947,-2.69877,-2.75318,-2.69877,-2.87427,-2.87947,-2.69877,-2.87947]
	PARPACK diagonalization completed after 45 matrix-vector product operations.
	iteration results: : total energy is -67.803590 | electron energy -68.184552 + phonon energy 0.380963 | electron momentum kIdx = 0
The 12-th iteration is completed.	|| time cost : 0h 0m 32.098s
********************************************************************************************************************
Start the 13 rounds of NGS-ED iteration
	effective electronic model is modified as: kinetic energy t = 0.74946
	                                           effective interaction Vq = [-3.00003,-2.87421,-2.88024,-2.87421,-2.87421,-2.88024, -2.6987,-2.88024,-2.88024, -2.6987,-2.75513, -2.6987,-2.87421,-2.88024, -2.6987,-2.88024]
	PARPACK diagonalization completed after 30 matrix-vector product operations.
	iteration results: : total energy is -67.803643 | electron energy -68.185616 + phonon energy 0.381973 | electron momentum kIdx = 0
The 13-th iteration is completed.	|| time cost : 0h 0m 27.687s
********************************************************************************************************************
Start the 14 rounds of NGS-ED iteration
	effective electronic model is modified as: kinetic energy t = 0.749362
	                                           effective interaction Vq = [-3.00003,-2.87416,-2.88069,-2.87416,-2.87416,-2.88069,-2.69863,-2.88069,-2.88069,-2.69863,-2.75637,-2.69863,-2.87416,-2.88069,-2.69863,-2.88069]
	PARPACK diagonalization completed after 30 matrix-vector product operations.
	iteration results: : total energy is -67.803663 | electron energy -68.186235 + phonon energy 0.382572 | electron momentum kIdx = 0
The 14-th iteration is completed.	|| time cost : 0h 0m 27.31s
********************************************************************************************************************
Start the 15 rounds of NGS-ED iteration
	effective electronic model is modified as: kinetic energy t = 0.749305
	                                           effective interaction Vq = [-3.00003,-2.87412,-2.88096,-2.87412,-2.87412,-2.88096,-2.69857,-2.88096,-2.88096,-2.69857,-2.75716,-2.69857,-2.87412,-2.88096,-2.69857,-2.88096]
	PARPACK diagonalization completed after 30 matrix-vector product operations.
	iteration results: : total energy is -67.803670 | electron energy -68.186597 + phonon energy 0.382927 | electron momentum kIdx = 0
The 15-th iteration is completed.	|| time cost : 0h 0m 27.373s
********************************************************************************************************************
Start the 16 rounds of NGS-ED iteration
	effective electronic model is modified as: kinetic energy t = 0.749272
	                                           effective interaction Vq = [-3.00003,-2.87409,-2.88111,-2.87409,-2.87409,-2.88111,-2.69852,-2.88111,-2.88111,-2.69852,-2.75766,-2.69852,-2.87409,-2.88111,-2.69852,-2.88111]
	PARPACK diagonalization completed after 30 matrix-vector product operations.
	iteration results: : total energy is -67.803673 | electron energy -68.186811 + phonon energy 0.383138 | electron momentum kIdx = 0
The 16-th iteration is completed.	|| time cost : 0h 0m 27.372s
********************************************************************************************************************
Start the 17 rounds of NGS-ED iteration
	effective electronic model is modified as: kinetic energy t = 0.749253
	                                           effective interaction Vq = [-3.00003,-2.87406, -2.8812,-2.87406,-2.87406, -2.8812,-2.69849, -2.8812, -2.8812,-2.69849,-2.75798,-2.69849,-2.87406, -2.8812,-2.69849, -2.8812]
	PARPACK diagonalization completed after 30 matrix-vector product operations.
	iteration results: : total energy is -67.803674 | electron energy -68.186937 + phonon energy 0.383263 | electron momentum kIdx = 0
The 17-th iteration is completed.	|| time cost : 0h 0m 27.344s
********************************************************************************************************************
Start the 18 rounds of NGS-ED iteration
	effective electronic model is modified as: kinetic energy t = 0.749241
	                                           effective interaction Vq = [-3.00003,-2.87405,-2.88125,-2.87405,-2.87405,-2.88125,-2.69846,-2.88125,-2.88125,-2.69846,-2.75819,-2.69846,-2.87405,-2.88125,-2.69846,-2.88125]
	PARPACK diagonalization completed after 30 matrix-vector product operations.
	iteration results: : total energy is -67.803674 | electron energy -68.187011 + phonon energy 0.383337 | electron momentum kIdx = 0
The 18-th iteration is completed.	|| time cost : 0h 0m 27.35s
********************************************************************************************************************
Start the 19 rounds of NGS-ED iteration
	effective electronic model is modified as: kinetic energy t = 0.749235
	                                           effective interaction Vq = [-3.00003,-2.87403,-2.88128,-2.87403,-2.87403,-2.88128,-2.69844,-2.88128,-2.88128,-2.69844,-2.75832,-2.69844,-2.87403,-2.88128,-2.69844,-2.88128]
	PARPACK diagonalization completed after 30 matrix-vector product operations.
	iteration results: : total energy is -67.803674 | electron energy -68.187056 + phonon energy 0.383382 | electron momentum kIdx = 0
The 19-th iteration is completed.	|| time cost : 0h 0m 27.314s
********************************************************************************************************************
Start the 20 rounds of NGS-ED iteration
	effective electronic model is modified as: kinetic energy t = 0.749231
	                                           effective interaction Vq = [-3.00003,-2.87403, -2.8813,-2.87403,-2.87403, -2.8813,-2.69843, -2.8813, -2.8813,-2.69843, -2.7584,-2.69843,-2.87403, -2.8813,-2.69843, -2.8813]
	PARPACK diagonalization completed after 30 matrix-vector product operations.
	iteration results: : total energy is -67.803674 | electron energy -68.187082 + phonon energy 0.383408 | electron momentum kIdx = 0
	Nq(0) = 16,	Nq(1) = 0.401359,	Nq(2) = 0.777237,	Nq(3) = 0.401359,	Nq(4) = 0.401359,	Nq(5) = 0.777237,	Nq(6) = 0.616435,	Nq(7) = 0.777237,	Nq(8) = 0.777237,	Nq(9) = 0.616435,	Nq(10) = 0.907247,	Nq(11) = 0.616435,	Nq(12) = 0.401359,	Nq(13) = 0.777237,	Nq(14) = 0.616435,	Nq(15) = 0.777237,	Sq(0) = 8.98219e-19,	Sq(1) = 0.334318,	Sq(2) = 0.360559,	Sq(3) = 0.334318,	Sq(4) = 0.334318,	Sq(5) = 0.360559,	Sq(6) = 0.565521,	Sq(7) = 0.360559,	Sq(8) = 0.360559,	Sq(9) = 0.565521,	Sq(10) = 0.595448,	Sq(11) = 0.565521,	Sq(12) = 0.334318,	Sq(13) = 0.360559,	Sq(14) = 0.565521,	Sq(15) = 0.360559,	N(0) = 1.99817,	N(1) = 1.99444,	N(2) = 1,	N(3) = 1.99444,	N(4) = 1.99444,	N(5) = 1,	N(6) = 0.00556229,	N(7) = 1,	N(8) = 1,	N(9) = 0.00556229,	N(10) = 0.00183387,	N(11) = 0.00556229,	N(12) = 1.99444,	N(13) = 1,	N(14) = 0.00556229,	N(15) = 1,	Delta[s](0) = 0.547884,	Delta[s](1) = 0.311942,	Delta[s](2) = 0.283164,	Delta[s](3) = 0.311942,	Delta[s](4) = 0.311942,	Delta[s](5) = 0.283164,	Delta[s](6) = 0.26673,	Delta[s](7) = 0.283164,	Delta[s](8) = 0.283164,	Delta[s](9) = 0.26673,	Delta[s](10) = 0.259364,	Delta[s](11) = 0.26673,	Delta[s](12) = 0.311942,	Delta[s](13) = 0.283164,	Delta[s](14) = 0.26673,	Delta[s](15) = 0.283164,	Delta[d](0) = 0.358897,	Delta[d](1) = 0.308322,	Delta[d](2) = 0.283808,	Delta[d](3) = 0.308322,	Delta[d](4) = 0.308322,	Delta[d](5) = 0.280019,	Delta[d](6) = 0.266861,	Delta[d](7) = 0.280019,	Delta[d](8) = 0.283808,	Delta[d](9) = 0.266861,	Delta[d](10) = 0.200875,	Delta[d](11) = 0.266861,	Delta[d](12) = 0.308322,	Delta[d](13) = 0.280019,	Delta[d](14) = 0.266861,	Delta[d](15) = 0.280019,	Delta[s+](0) = 0.494991,	Delta[s+](1) = 0.408574,	Delta[s+](2) = 0.283808,	Delta[s+](3) = 0.408574,	Delta[s+](4) = 0.408574,	Delta[s+](5) = 0.283808,	Delta[s+](6) = 0.154283,	Delta[s+](7) = 0.283808,	Delta[s+](8) = 0.283808,	Delta[s+](9) = 0.154283,	Delta[s+](10) = 0.0661518,	Delta[s+](11) = 0.154283,	Delta[s+](12) = 0.408574,	Delta[s+](13) = 0.283808,	Delta[s+](14) = 0.154283,	Delta[s+](15) = 0.283808
The 20-th iteration is completed.	|| time cost : 0h 4m 20.795s
********************************************************************************************************************
Start the 21 rounds of NGS-ED iteration
	effective electronic model is modified as: kinetic energy t = 0.749229
	                                           effective interaction Vq = [-3.00003,-2.87402,-2.88131,-2.87402,-2.87402,-2.88131,-2.69842,-2.88131,-2.88131,-2.69842,-2.75846,-2.69842,-2.87402,-2.88131,-2.69842,-2.88131]
	PARPACK diagonalization completed after 30 matrix-vector product operations.
	iteration results: : total energy is -67.803674 | electron energy -68.187098 + phonon energy 0.383424 | electron momentum kIdx = 0
The 21-th iteration is completed.	|| time cost : 0h 0m 27.646s
********************************************************************************************************************
Start the 22 rounds of NGS-ED iteration
	effective electronic model is modified as: kinetic energy t = 0.749228
	                                           effective interaction Vq = [-3.00003,-2.87402,-2.88132,-2.87402,-2.87402,-2.88132,-2.69842,-2.88132,-2.88132,-2.69842,-2.75849,-2.69842,-2.87402,-2.88132,-2.69842,-2.88132]
	PARPACK diagonalization completed after 30 matrix-vector product operations.
	iteration results: : total energy is -67.803674 | electron energy -68.187108 + phonon energy 0.383433 | electron momentum kIdx = 0
The 22-th iteration is completed.	|| time cost : 0h 0m 27.693s
********************************************************************************************************************
Start the 23 rounds of NGS-ED iteration
	effective electronic model is modified as: kinetic energy t = 0.749227
	                                           effective interaction Vq = [-3.00003,-2.87402,-2.88132,-2.87402,-2.87402,-2.88132,-2.69841,-2.88132,-2.88132,-2.69841,-2.75851,-2.69841,-2.87402,-2.88132,-2.69841,-2.88132]
	PARPACK diagonalization completed after 30 matrix-vector product operations.
	iteration results: : total energy is -67.803674 | electron energy -68.187113 + phonon energy 0.383439 | electron momentum kIdx = 0
The 23-th iteration is completed.	|| time cost : 0h 0m 27.308s
********************************************************************************************************************
Start the 24 rounds of NGS-ED iteration
	effective electronic model is modified as: kinetic energy t = 0.749227
	                                           effective interaction Vq = [-3.00003,-2.87401,-2.88132,-2.87401,-2.87401,-2.88132,-2.69841,-2.88132,-2.88132,-2.69841,-2.75853,-2.69841,-2.87401,-2.88132,-2.69841,-2.88132]
	PARPACK diagonalization completed after 30 matrix-vector product operations.
	iteration results: : total energy is -67.803674 | electron energy -68.187117 + phonon energy 0.383442 | electron momentum kIdx = 0
The 24-th iteration is completed.	|| time cost : 0h 0m 27.712s
