SNEDics v3.21.4 Non-Gaussian ED ground state program		Start at Wed Jul 28 14:07:44 2021

parallized on 32 MPI threads  * 8 OpenMP threads = 256 total threads.
********************************************************************************************************************
********************************************************************************************************************

********************************************************************************************************************
System parameters and configurations
	special program options are enabled: splitted diagonal Hamiltonian | splitted Hamiltonian terms
********************************************************************************************************************
Read input file "model_params.in"
	Hubbard-Holstein model parameters : 	t = 1    U = 8    g = 0.6    W = 0.2    g' = 0.4    
********************************************************************************************************************
Read input file "hilbertspace_params.in"
	Requested 16-site 2D lattice, with 12 electrons (6, 6)
	Boundary : Periodic		Hilbert space representation : momentum-space (restricted to kIdx = 0)
	Conservation: particle number[U(1)]      spin[U(1)]     momentum
********************************************************************************************************************

Cluster Positions:				Cluster symmetry group : D4
 x ... x ... x ... x .....                       x ... x ... x ... x .....
 |           |           :                       |           |           :
 |           |           :                       |           |           :
12    13    14    15     x                       1     5     6     5     x
 |           |           :                       |           |           :
 |           |           :                       |           |           :
 8 --- 9 ---10 ---11 --- x                       2 --- 6 ---10 --- 6 --- x
 |           |           :                       |           |           :
 |           |           :                       |           |           :
 4     5     6     7     x                       1     5     6     5     x
 |           |           :                       |           |           :
 |           |           :                       |           |           :
 0 --- 1 --- 2 --- 3 --- x                       0 --- 1 --- 2 --- 1 --- x
orbital number : 1
********************************************************************************************************************
Read input file "obs_params.in"
	Observable Type : Nq(All),   Sq(All),   N(All),   Delta[s](All),   Delta[d](All),   Delta[s+](All)
** WARNING ** the input observables have non-local factors which have been reinterpreted. The total observable number is 96
********************************************************************************************************************


********************************************************************************************************************
Start calculating the non-Gaussian ED ground state
Maximal iteration number is 1000; energy resolution is 1e-06. Phonon state relaxation time is 2000
W = 0.2 is relatively large. The non-Gaussian ED calculation starts directly.
open output files: NGSED_iteration_obserbles.txt
********************************************************************************************************************
Start the 0 rounds of NGS-ED iteration
	effective electronic model is modified as: kinetic energy t = 1
	                                           effective interaction Vq = [0,0,0,0,0,0,0,0,0,0,0,0,0,0,0,0]
	first Hamiltonian is constructed, size = 4008592 and non-zero numbers = 969134044
	PARPACK diagonalization completed after 150 matrix-vector product operations.
	iteration results: : total energy is -14.925310 | electron energy -14.925310 + phonon energy 0.000000 | electron momentum kIdx = 0
	Nq(0) = 9,	Nq(1) = 0.191675,	Nq(2) = 0.266183,	Nq(3) = 0.191675,	Nq(4) = 0.191675,	Nq(5) = 0.245517,	
	Nq(6) = 0.314107,	Nq(7) = 0.245517,	Nq(8) = 0.266183,	Nq(9) = 0.314107,	Nq(10) = 0.369338,	
	Nq(11) = 0.314107,	Nq(12) = 0.191675,	Nq(13) = 0.245517,	Nq(14) = 0.314107,	Nq(15) = 0.245517;	
	Sq(0) = 3.02743e-18,	Sq(1) = 0.554662,	Sq(2) = 0.424361,	Sq(3) = 0.554662,	Sq(4) = 0.554662,	
	Sq(5) = 0.79749,	Sq(6) = 1.01287,	Sq(7) = 0.79749,	Sq(8) = 0.424361,	Sq(9) = 1.01287,	
	Sq(10) = 0.784303,	Sq(11) = 1.01287,	Sq(12) = 0.554662,	Sq(13) = 0.79749,	Sq(14) = 1.01287,	
	Sq(15) = 0.79749;	N(0) = 1.76735,	N(1) = 1.6264,	N(2) = 0.74365,	N(3) = 1.6264,	
	N(4) = 1.6264,	N(5) = 0.392302,	N(6) = 0.144321,	N(7) = 0.392302,	N(8) = 0.74365,	
	N(9) = 0.144321,	N(10) = 0.0932732,	N(11) = 0.144321,	N(12) = 1.6264,	N(13) = 0.392302,	
	N(14) = 0.144321,	N(15) = 0.392302;	Delta[s](0) = 0.0494197,	Delta[s](1) = 0.0383322,	Delta[s](2) = 0.0289129,	
	Delta[s](3) = 0.0383322,	Delta[s](4) = 0.0383322,	Delta[s](5) = 0.0276269,	Delta[s](6) = 0.018007,	Delta[s](7) = 0.0276269,	
	Delta[s](8) = 0.0289129,	Delta[s](9) = 0.018007,	Delta[s](10) = 0.0103404,	Delta[s](11) = 0.018007,	Delta[s](12) = 0.0383322,	
	Delta[s](13) = 0.0276269,	Delta[s](14) = 0.018007,	Delta[s](15) = 0.0276269;	Delta[d](0) = 0.209822,	Delta[d](1) = 0.176366,	
	Delta[d](2) = 0.207822,	Delta[d](3) = 0.176366,	Delta[d](4) = 0.176366,	Delta[d](5) = 0.132165,	Delta[d](6) = 0.146623,	
	Delta[d](7) = 0.132165,	Delta[d](8) = 0.207822,	Delta[d](9) = 0.146623,	Delta[d](10) = 0.110025,	Delta[d](11) = 0.146623,	
	Delta[d](12) = 0.176366,	Delta[d](13) = 0.132165,	Delta[d](14) = 0.146623,	Delta[d](15) = 0.132165;	Delta[s+](0) = 0.46642,	
	Delta[s+](1) = 0.322855,	Delta[s+](2) = 0.207822,	Delta[s+](3) = 0.322855,	Delta[s+](4) = 0.322855,	Delta[s+](5) = 0.173283,	
	Delta[s+](6) = 0.0785412,	Delta[s+](7) = 0.173283,	Delta[s+](8) = 0.207822,	Delta[s+](9) = 0.0785412,	Delta[s+](10) = 0.0291248,	
	Delta[s+](11) = 0.0785412,	Delta[s+](12) = 0.322855,	Delta[s+](13) = 0.173283,	Delta[s+](14) = 0.0785412,	Delta[s+](15) = 0.173283
	
The 0-th iteration is completed.	|| time cost : 0h 2m 2.478s
********************************************************************************************************************
Start the 1 rounds of NGS-ED iteration
	effective electronic model is modified as: kinetic energy t = 0.87121
	                                           effective interaction Vq = [     -24.2,  -6.40344, -0.229174,  -6.40344,  -6.40344, -0.203386,-0.0159703, -0.203386, -0.229174,-0.0159703,  -1.44125,-0.0159703,  -6.40344, -0.203386,-0.0159703, -0.203386]
	PARPACK diagonalization completed after 75 matrix-vector product operations.
	iteration results: : total energy is -251.975781 | electron energy -253.622009 + phonon energy 1.646229 | electron momentum kIdx = 0
The 1-th iteration is completed.	|| time cost : 0h 1m 22.01s
********************************************************************************************************************
Start the 2 rounds of NGS-ED iteration
	effective electronic model is modified as: kinetic energy t = 0.563924
	                                           effective interaction Vq = [     -24.2,  -9.79367, -0.233087,  -9.79367,  -9.79367, -0.700211,-0.0199767, -0.700211, -0.233087,-0.0199767, -0.685518,-0.0199767,  -9.79367, -0.700211,-0.0199767, -0.700211]
	PARPACK diagonalization completed after 75 matrix-vector product operations.
	iteration results: : total energy is -283.535213 | electron energy -285.572290 + phonon energy 2.037077 | electron momentum kIdx = 0
The 2-th iteration is completed.	|| time cost : 0h 0m 15.343s
********************************************************************************************************************
Start the 3 rounds of NGS-ED iteration
	effective electronic model is modified as: kinetic energy t = 2.26756e-06
	                                           effective interaction Vq = [-24.2, -9.8, -1.8, -9.8, -9.8, -1.8, -0.2, -1.8, -1.8, -0.2,   -5, -0.2, -9.8, -1.8, -0.2, -1.8]
	PARPACK diagonalization completed after 45 matrix-vector product operations.
	iteration results: : total energy is -285.600000 | electron energy -285.600000 + phonon energy 0.000000 | electron momentum kIdx = 0
The 3-th iteration is completed.	|| time cost : 0h 0m 19.479s
********************************************************************************************************************
Start the 4 rounds of NGS-ED iteration
	effective electronic model is modified as: kinetic energy t = 7.48511e-05
	                                           effective interaction Vq = [       -24.2,        -9.8,        -1.8,        -9.8,        -9.8,        -1.8,-0.000728859,        -1.8,        -1.8,-0.000728859,  -0.0182407,-0.000728859,        -9.8,        -1.8,-0.000728859,        -1.8]
	PARPACK diagonalization completed after 30 matrix-vector product operations.
	iteration results: : total energy is -285.600000 | electron energy -285.600000 + phonon energy 0.000000 | electron momentum kIdx = 0
The 4-th iteration is completed.	|| time cost : 0h 0m 9.68s
********************************************************************************************************************
Start the 5 rounds of NGS-ED iteration
	effective electronic model is modified as: kinetic energy t = 7.44795e-05
	                                           effective interaction Vq = [     -24.2,      -9.8,      -1.8,      -9.8,      -9.8,      -1.8,-0.0148856,      -1.8,      -1.8,-0.0148856, -0.372141,-0.0148856,      -9.8,      -1.8,-0.0148856,      -1.8]
	PARPACK diagonalization completed after 30 matrix-vector product operations.
	iteration results: : total energy is -285.600000 | electron energy -285.600000 + phonon energy 0.000000 | electron momentum kIdx = 0
The 5-th iteration is completed.	|| time cost : 0h 0m 9.638s
********************************************************************************************************************
Start the 6 rounds of NGS-ED iteration
	effective electronic model is modified as: kinetic energy t = 7.44648e-05
	                                           effective interaction Vq = [     -24.2,      -9.8,      -1.8,      -9.8,      -9.8,      -1.8,-0.0151706,      -1.8,      -1.8,-0.0151706, -0.379265,-0.0151706,      -9.8,      -1.8,-0.0151706,      -1.8]
	PARPACK diagonalization completed after 30 matrix-vector product operations.
	iteration results: : total energy is -285.600000 | electron energy -285.600000 + phonon energy 0.000000 | electron momentum kIdx = 0
The 6-th iteration is completed.	|| time cost : 0h 0m 9.592s
********************************************************************************************************************
Start the 7 rounds of NGS-ED iteration
	effective electronic model is modified as: kinetic energy t = 7.44646e-05
	                                           effective interaction Vq = [     -24.2,      -9.8,      -1.8,      -9.8,      -9.8,      -1.8,-0.0151751,      -1.8,      -1.8,-0.0151751, -0.379378,-0.0151751,      -9.8,      -1.8,-0.0151751,      -1.8]
	PARPACK diagonalization completed after 30 matrix-vector product operations.
	iteration results: : total energy is -285.600000 | electron energy -285.600000 + phonon energy 0.000000 | electron momentum kIdx = 0
The 7-th iteration is completed.	|| time cost : 0h 0m 9.635s
********************************************************************************************************************
Start the 8 rounds of NGS-ED iteration
	effective electronic model is modified as: kinetic energy t = 7.44643e-05
	                                           effective interaction Vq = [     -24.2,      -9.8,      -1.8,      -9.8,      -9.8,      -1.8,-0.0151803,      -1.8,      -1.8,-0.0151803, -0.379508,-0.0151803,      -9.8,      -1.8,-0.0151803,      -1.8]
	PARPACK diagonalization completed after 30 matrix-vector product operations.
	iteration results: : total energy is -285.600000 | electron energy -285.600000 + phonon energy 0.000000 | electron momentum kIdx = 0
The 8-th iteration is completed.	|| time cost : 0h 0m 9.616s
********************************************************************************************************************
Start the 9 rounds of NGS-ED iteration
	effective electronic model is modified as: kinetic energy t = 7.44646e-05
	                                           effective interaction Vq = [     -24.2,      -9.8,      -1.8,      -9.8,      -9.8,      -1.8,-0.0151752,      -1.8,      -1.8,-0.0151752,  -0.37938,-0.0151752,      -9.8,      -1.8,-0.0151752,      -1.8]
	PARPACK diagonalization completed after 30 matrix-vector product operations.
	iteration results: : total energy is -285.600000 | electron energy -285.600000 + phonon energy 0.000000 | electron momentum kIdx = 0
The 9-th iteration is completed.	|| time cost : 0h 0m 9.625s
********************************************************************************************************************
Start the 10 rounds of NGS-ED iteration
	effective electronic model is modified as: kinetic energy t = 7.44647e-05
	                                           effective interaction Vq = [     -24.2,      -9.8,      -1.8,      -9.8,      -9.8,      -1.8,-0.0151721,      -1.8,      -1.8,-0.0151721, -0.379301,-0.0151721,      -9.8,      -1.8,-0.0151721,      -1.8]
	PARPACK diagonalization completed after 30 matrix-vector product operations.
	iteration results: : total energy is -285.600000 | electron energy -285.600000 + phonon energy 0.000000 | electron momentum kIdx = 0
The 10-th iteration is completed.	|| time cost : 0h 0m 9.589s
********************************************************************************************************************
Start the 11 rounds of NGS-ED iteration
	effective electronic model is modified as: kinetic energy t = 7.44646e-05
	                                           effective interaction Vq = [     -24.2,      -9.8,      -1.8,      -9.8,      -9.8,      -1.8,-0.0151751,      -1.8,      -1.8,-0.0151751, -0.379378,-0.0151751,      -9.8,      -1.8,-0.0151751,      -1.8]
	PARPACK diagonalization completed after 30 matrix-vector product operations.
	iteration results: : total energy is -285.600000 | electron energy -285.600000 + phonon energy 0.000000 | electron momentum kIdx = 0
The 11-th iteration is completed.	|| time cost : 0h 0m 9.626s
********************************************************************************************************************
Start the 12 rounds of NGS-ED iteration
	effective electronic model is modified as: kinetic energy t = 7.44643e-05
	                                           effective interaction Vq = [     -24.2,      -9.8,      -1.8,      -9.8,      -9.8,      -1.8,-0.0151795,      -1.8,      -1.8,-0.0151795, -0.379488,-0.0151795,      -9.8,      -1.8,-0.0151795,      -1.8]
	PARPACK diagonalization completed after 30 matrix-vector product operations.
	iteration results: : total energy is -285.600000 | electron energy -285.600000 + phonon energy 0.000000 | electron momentum kIdx = 0
The 12-th iteration is completed.	|| time cost : 0h 0m 9.596s
********************************************************************************************************************
Start the 13 rounds of NGS-ED iteration
	effective electronic model is modified as: kinetic energy t = 7.44646e-05
	                                           effective interaction Vq = [     -24.2,      -9.8,      -1.8,      -9.8,      -9.8,      -1.8,-0.0151752,      -1.8,      -1.8,-0.0151752,  -0.37938,-0.0151752,      -9.8,      -1.8,-0.0151752,      -1.8]
	PARPACK diagonalization completed after 30 matrix-vector product operations.
	iteration results: : total energy is -285.600000 | electron energy -285.600000 + phonon energy 0.000000 | electron momentum kIdx = 0
The 13-th iteration is completed.	|| time cost : 0h 0m 10.779s
********************************************************************************************************************
Start the 14 rounds of NGS-ED iteration
	effective electronic model is modified as: kinetic energy t = 7.44646e-05
	                                           effective interaction Vq = [     -24.2,      -9.8,      -1.8,      -9.8,      -9.8,      -1.8,-0.0151742,      -1.8,      -1.8,-0.0151742, -0.379356,-0.0151742,      -9.8,      -1.8,-0.0151742,      -1.8]
	PARPACK diagonalization completed after 30 matrix-vector product operations.
	iteration results: : total energy is -285.600000 | electron energy -285.600000 + phonon energy 0.000000 | electron momentum kIdx = 0
The 14-th iteration is completed.	|| time cost : 0h 0m 9.577s
********************************************************************************************************************
Start the 15 rounds of NGS-ED iteration
	effective electronic model is modified as: kinetic energy t = 7.44646e-05
	                                           effective interaction Vq = [     -24.2,      -9.8,      -1.8,      -9.8,      -9.8,      -1.8,-0.0151752,      -1.8,      -1.8,-0.0151752,  -0.37938,-0.0151752,      -9.8,      -1.8,-0.0151752,      -1.8]
	PARPACK diagonalization completed after 30 matrix-vector product operations.
	iteration results: : total energy is -285.600000 | electron energy -285.600000 + phonon energy 0.000000 | electron momentum kIdx = 0
The 15-th iteration is completed.	|| time cost : 0h 0m 9.651s
********************************************************************************************************************
Start the 16 rounds of NGS-ED iteration
	effective electronic model is modified as: kinetic energy t = 7.44646e-05
	                                           effective interaction Vq = [     -24.2,      -9.8,      -1.8,      -9.8,      -9.8,      -1.8,-0.0151737,      -1.8,      -1.8,-0.0151737, -0.379344,-0.0151737,      -9.8,      -1.8,-0.0151737,      -1.8]
	PARPACK diagonalization completed after 30 matrix-vector product operations.
	iteration results: : total energy is -285.600000 | electron energy -285.600000 + phonon energy 0.000000 | electron momentum kIdx = 0
The 16-th iteration is completed.	|| time cost : 0h 0m 9.603s
********************************************************************************************************************
Start the 17 rounds of NGS-ED iteration
	effective electronic model is modified as: kinetic energy t = 7.44646e-05
	                                           effective interaction Vq = [     -24.2,      -9.8,      -1.8,      -9.8,      -9.8,      -1.8,-0.0151752,      -1.8,      -1.8,-0.0151752, -0.379379,-0.0151752,      -9.8,      -1.8,-0.0151752,      -1.8]
	PARPACK diagonalization completed after 30 matrix-vector product operations.
	iteration results: : total energy is -285.600000 | electron energy -285.600000 + phonon energy 0.000000 | electron momentum kIdx = 0
The 17-th iteration is completed.	|| time cost : 0h 0m 9.686s
********************************************************************************************************************
Start the 18 rounds of NGS-ED iteration
	effective electronic model is modified as: kinetic energy t = 7.44647e-05
	                                           effective interaction Vq = [     -24.2,      -9.8,      -1.8,      -9.8,      -9.8,      -1.8,-0.0151721,      -1.8,      -1.8,-0.0151721, -0.379302,-0.0151721,      -9.8,      -1.8,-0.0151721,      -1.8]
	PARPACK diagonalization completed after 30 matrix-vector product operations.
	iteration results: : total energy is -285.600000 | electron energy -285.600000 + phonon energy 0.000000 | electron momentum kIdx = 0
The 18-th iteration is completed.	|| time cost : 0h 0m 9.597s
********************************************************************************************************************
Start the 19 rounds of NGS-ED iteration
	effective electronic model is modified as: kinetic energy t = 7.44646e-05
	                                           effective interaction Vq = [     -24.2,      -9.8,      -1.8,      -9.8,      -9.8,      -1.8,-0.0151751,      -1.8,      -1.8,-0.0151751, -0.379378,-0.0151751,      -9.8,      -1.8,-0.0151751,      -1.8]
	PARPACK diagonalization completed after 30 matrix-vector product operations.
	iteration results: : total energy is -285.600000 | electron energy -285.600000 + phonon energy 0.000000 | electron momentum kIdx = 0
The 19-th iteration is completed.	|| time cost : 0h 0m 9.604s
********************************************************************************************************************
Start the 20 rounds of NGS-ED iteration
	effective electronic model is modified as: kinetic energy t = 7.44644e-05
	                                           effective interaction Vq = [     -24.2,      -9.8,      -1.8,      -9.8,      -9.8,      -1.8,-0.0151778,      -1.8,      -1.8,-0.0151778, -0.379444,-0.0151778,      -9.8,      -1.8,-0.0151778,      -1.8]
	PARPACK diagonalization completed after 30 matrix-vector product operations.
	iteration results: : total energy is -285.600000 | electron energy -285.600000 + phonon energy 0.000000 | electron momentum kIdx = 0
The 20-th iteration is completed.	|| time cost : 0h 0m 9.972s
********************************************************************************************************************
Start the 21 rounds of NGS-ED iteration
	effective electronic model is modified as: kinetic energy t = 7.44646e-05
	                                           effective interaction Vq = [     -24.2,      -9.8,      -1.8,      -9.8,      -9.8,      -1.8,-0.0151752,      -1.8,      -1.8,-0.0151752, -0.379379,-0.0151752,      -9.8,      -1.8,-0.0151752,      -1.8]
	PARPACK diagonalization completed after 30 matrix-vector product operations.
	iteration results: : total energy is -285.600000 | electron energy -285.600000 + phonon energy 0.000000 | electron momentum kIdx = 0
The 21-th iteration is completed.	|| time cost : 0h 0m 9.623s
********************************************************************************************************************
Start the 22 rounds of NGS-ED iteration
	effective electronic model is modified as: kinetic energy t = 7.44647e-05
	                                           effective interaction Vq = [    -24.2,     -9.8,     -1.8,     -9.8,     -9.8,     -1.8,-0.015172,     -1.8,     -1.8,-0.015172,-0.379299,-0.015172,     -9.8,     -1.8,-0.015172,     -1.8]
	PARPACK diagonalization completed after 30 matrix-vector product operations.
	iteration results: : total energy is -285.600000 | electron energy -285.600000 + phonon energy 0.000000 | electron momentum kIdx = 0
The 22-th iteration is completed.	|| time cost : 0h 0m 9.644s
********************************************************************************************************************
Start the 23 rounds of NGS-ED iteration
	effective electronic model is modified as: kinetic energy t = 7.44646e-05
	                                           effective interaction Vq = [     -24.2,      -9.8,      -1.8,      -9.8,      -9.8,      -1.8,-0.0151751,      -1.8,      -1.8,-0.0151751, -0.379378,-0.0151751,      -9.8,      -1.8,-0.0151751,      -1.8]
	PARPACK diagonalization completed after 30 matrix-vector product operations.
	iteration results: : total energy is -285.600000 | electron energy -285.600000 + phonon energy 0.000000 | electron momentum kIdx = 0
The 23-th iteration is completed.	|| time cost : 0h 0m 9.912s
********************************************************************************************************************
Start the 24 rounds of NGS-ED iteration
	effective electronic model is modified as: kinetic energy t = 7.44645e-05
	                                           effective interaction Vq = [     -24.2,      -9.8,      -1.8,      -9.8,      -9.8,      -1.8,-0.0151774,      -1.8,      -1.8,-0.0151774, -0.379436,-0.0151774,      -9.8,      -1.8,-0.0151774,      -1.8]
	PARPACK diagonalization completed after 30 matrix-vector product operations.
	iteration results: : total energy is -285.600000 | electron energy -285.600000 + phonon energy 0.000000 | electron momentum kIdx = 0
The 24-th iteration is completed.	|| time cost : 0h 0m 9.632s
********************************************************************************************************************
Start the 25 rounds of NGS-ED iteration
	effective electronic model is modified as: kinetic energy t = 7.44646e-05
	                                           effective interaction Vq = [     -24.2,      -9.8,      -1.8,      -9.8,      -9.8,      -1.8,-0.0151752,      -1.8,      -1.8,-0.0151752, -0.379379,-0.0151752,      -9.8,      -1.8,-0.0151752,      -1.8]
	PARPACK diagonalization completed after 30 matrix-vector product operations.
	iteration results: : total energy is -285.600000 | electron energy -285.600000 + phonon energy 0.000000 | electron momentum kIdx = 0
The 25-th iteration is completed.	|| time cost : 0h 0m 9.638s
********************************************************************************************************************
Start the 26 rounds of NGS-ED iteration
	effective electronic model is modified as: kinetic energy t = 7.44653e-05
	                                           effective interaction Vq = [     -24.2,      -9.8,      -1.8,      -9.8,      -9.8,      -1.8,-0.0151623,      -1.8,      -1.8,-0.0151623, -0.379057,-0.0151623,      -9.8,      -1.8,-0.0151623,      -1.8]
	PARPACK diagonalization completed after 30 matrix-vector product operations.
	iteration results: : total energy is -285.600000 | electron energy -285.600000 + phonon energy 0.000000 | electron momentum kIdx = 0
The 26-th iteration is completed.	|| time cost : 0h 0m 9.629s
********************************************************************************************************************
Start the 27 rounds of NGS-ED iteration
	effective electronic model is modified as: kinetic energy t = 7.44646e-05
	                                           effective interaction Vq = [    -24.2,     -9.8,     -1.8,     -9.8,     -9.8,     -1.8,-0.015175,     -1.8,     -1.8,-0.015175,-0.379374,-0.015175,     -9.8,     -1.8,-0.015175,     -1.8]
	PARPACK diagonalization completed after 30 matrix-vector product operations.
	iteration results: : total energy is -285.600000 | electron energy -285.600000 + phonon energy 0.000000 | electron momentum kIdx = 0
The 27-th iteration is completed.	|| time cost : 0h 0m 9.592s
********************************************************************************************************************
Start the 28 rounds of NGS-ED iteration
	effective electronic model is modified as: kinetic energy t = 7.44646e-05
	                                           effective interaction Vq = [     -24.2,      -9.8,      -1.8,      -9.8,      -9.8,      -1.8,-0.0151757,      -1.8,      -1.8,-0.0151757, -0.379393,-0.0151757,      -9.8,      -1.8,-0.0151757,      -1.8]
	PARPACK diagonalization completed after 30 matrix-vector product operations.
	iteration results: : total energy is -285.600000 | electron energy -285.600000 + phonon energy 0.000000 | electron momentum kIdx = 0
The 28-th iteration is completed.	|| time cost : 0h 0m 9.66s
********************************************************************************************************************
Start the 29 rounds of NGS-ED iteration
	effective electronic model is modified as: kinetic energy t = 7.44646e-05
	                                           effective interaction Vq = [     -24.2,      -9.8,      -1.8,      -9.8,      -9.8,      -1.8,-0.0151751,      -1.8,      -1.8,-0.0151751, -0.379379,-0.0151751,      -9.8,      -1.8,-0.0151751,      -1.8]
	PARPACK diagonalization completed after 30 matrix-vector product operations.
	iteration results: : total energy is -285.600000 | electron energy -285.600000 + phonon energy 0.000000 | electron momentum kIdx = 0
The 29-th iteration is completed.	|| time cost : 0h 0m 9.627s
********************************************************************************************************************
Start the 30 rounds of NGS-ED iteration
	effective electronic model is modified as: kinetic energy t = 7.44645e-05
	                                           effective interaction Vq = [     -24.2,      -9.8,      -1.8,      -9.8,      -9.8,      -1.8,-0.0151774,      -1.8,      -1.8,-0.0151774, -0.379435,-0.0151774,      -9.8,      -1.8,-0.0151774,      -1.8]
	PARPACK diagonalization completed after 30 matrix-vector product operations.
	iteration results: : total energy is -285.600000 | electron energy -285.600000 + phonon energy 0.000000 | electron momentum kIdx = 0
The 30-th iteration is completed.	|| time cost : 0h 0m 9.644s
********************************************************************************************************************
Start the 31 rounds of NGS-ED iteration
	effective electronic model is modified as: kinetic energy t = 7.44646e-05
	                                           effective interaction Vq = [     -24.2,      -9.8,      -1.8,      -9.8,      -9.8,      -1.8,-0.0151752,      -1.8,      -1.8,-0.0151752,  -0.37938,-0.0151752,      -9.8,      -1.8,-0.0151752,      -1.8]
	PARPACK diagonalization completed after 30 matrix-vector product operations.
	iteration results: : total energy is -285.600000 | electron energy -285.600000 + phonon energy 0.000000 | electron momentum kIdx = 0
The 31-th iteration is completed.	|| time cost : 0h 0m 9.975s
********************************************************************************************************************
Start the 32 rounds of NGS-ED iteration
	effective electronic model is modified as: kinetic energy t = 7.44648e-05
	                                           effective interaction Vq = [     -24.2,      -9.8,      -1.8,      -9.8,      -9.8,      -1.8,-0.0151706,      -1.8,      -1.8,-0.0151706, -0.379265,-0.0151706,      -9.8,      -1.8,-0.0151706,      -1.8]
	PARPACK diagonalization completed after 30 matrix-vector product operations.
	iteration results: : total energy is -285.600000 | electron energy -285.600000 + phonon energy 0.000000 | electron momentum kIdx = 0
The 32-th iteration is completed.	|| time cost : 0h 0m 9.645s
********************************************************************************************************************
Start the 33 rounds of NGS-ED iteration
	effective electronic model is modified as: kinetic energy t = 7.44646e-05
	                                           effective interaction Vq = [     -24.2,      -9.8,      -1.8,      -9.8,      -9.8,      -1.8,-0.0151751,      -1.8,      -1.8,-0.0151751, -0.379378,-0.0151751,      -9.8,      -1.8,-0.0151751,      -1.8]
	PARPACK diagonalization completed after 30 matrix-vector product operations.
	iteration results: : total energy is -285.600000 | electron energy -285.600000 + phonon energy 0.000000 | electron momentum kIdx = 0
The 33-th iteration is completed.	|| time cost : 0h 0m 9.598s
********************************************************************************************************************
Start the 34 rounds of NGS-ED iteration
	effective electronic model is modified as: kinetic energy t = 7.44645e-05
	                                           effective interaction Vq = [     -24.2,      -9.8,      -1.8,      -9.8,      -9.8,      -1.8,-0.0151759,      -1.8,      -1.8,-0.0151759, -0.379397,-0.0151759,      -9.8,      -1.8,-0.0151759,      -1.8]
	PARPACK diagonalization completed after 30 matrix-vector product operations.
	iteration results: : total energy is -285.600000 | electron energy -285.600000 + phonon energy 0.000000 | electron momentum kIdx = 0
The 34-th iteration is completed.	|| time cost : 0h 0m 9.609s
********************************************************************************************************************
Start the 35 rounds of NGS-ED iteration
	effective electronic model is modified as: kinetic energy t = 7.44646e-05
	                                           effective interaction Vq = [     -24.2,      -9.8,      -1.8,      -9.8,      -9.8,      -1.8,-0.0151751,      -1.8,      -1.8,-0.0151751, -0.379378,-0.0151751,      -9.8,      -1.8,-0.0151751,      -1.8]
	PARPACK diagonalization completed after 30 matrix-vector product operations.
	iteration results: : total energy is -285.600000 | electron energy -285.600000 + phonon energy 0.000000 | electron momentum kIdx = 0
The 35-th iteration is completed.	|| time cost : 0h 0m 9.595s
********************************************************************************************************************
Start the 36 rounds of NGS-ED iteration
	effective electronic model is modified as: kinetic energy t = 7.44645e-05
	                                           effective interaction Vq = [     -24.2,      -9.8,      -1.8,      -9.8,      -9.8,      -1.8,-0.0151765,      -1.8,      -1.8,-0.0151765, -0.379412,-0.0151765,      -9.8,      -1.8,-0.0151765,      -1.8]
	PARPACK diagonalization completed after 30 matrix-vector product operations.
	iteration results: : total energy is -285.600000 | electron energy -285.600000 + phonon energy 0.000000 | electron momentum kIdx = 0
The 36-th iteration is completed.	|| time cost : 0h 0m 9.591s
********************************************************************************************************************
Start the 37 rounds of NGS-ED iteration
	effective electronic model is modified as: kinetic energy t = 7.44646e-05
	                                           effective interaction Vq = [     -24.2,      -9.8,      -1.8,      -9.8,      -9.8,      -1.8,-0.0151752,      -1.8,      -1.8,-0.0151752, -0.379379,-0.0151752,      -9.8,      -1.8,-0.0151752,      -1.8]
	PARPACK diagonalization completed after 30 matrix-vector product operations.
	iteration results: : total energy is -285.600000 | electron energy -285.600000 + phonon energy 0.000000 | electron momentum kIdx = 0
The 37-th iteration is completed.	|| time cost : 0h 0m 9.584s
********************************************************************************************************************
Start the 38 rounds of NGS-ED iteration
	effective electronic model is modified as: kinetic energy t = 7.44645e-05
	                                           effective interaction Vq = [     -24.2,      -9.8,      -1.8,      -9.8,      -9.8,      -1.8,-0.0151777,      -1.8,      -1.8,-0.0151777, -0.379441,-0.0151777,      -9.8,      -1.8,-0.0151777,      -1.8]
	PARPACK diagonalization completed after 30 matrix-vector product operations.
	iteration results: : total energy is -285.600000 | electron energy -285.600000 + phonon energy 0.000000 | electron momentum kIdx = 0
The 38-th iteration is completed.	|| time cost : 0h 0m 10.086s
********************************************************************************************************************
Start the 39 rounds of NGS-ED iteration
	effective electronic model is modified as: kinetic energy t = 7.44646e-05
	                                           effective interaction Vq = [     -24.2,      -9.8,      -1.8,      -9.8,      -9.8,      -1.8,-0.0151752,      -1.8,      -1.8,-0.0151752,  -0.37938,-0.0151752,      -9.8,      -1.8,-0.0151752,      -1.8]
	PARPACK diagonalization completed after 30 matrix-vector product operations.
	iteration results: : total energy is -285.600000 | electron energy -285.600000 + phonon energy 0.000000 | electron momentum kIdx = 0
The 39-th iteration is completed.	|| time cost : 0h 0m 9.58s
********************************************************************************************************************
Start the 40 rounds of NGS-ED iteration
	effective electronic model is modified as: kinetic energy t = 7.44648e-05
	                                           effective interaction Vq = [     -24.2,      -9.8,      -1.8,      -9.8,      -9.8,      -1.8,-0.0151715,      -1.8,      -1.8,-0.0151715, -0.379287,-0.0151715,      -9.8,      -1.8,-0.0151715,      -1.8]
	PARPACK diagonalization completed after 30 matrix-vector product operations.
	iteration results: : total energy is -285.600000 | electron energy -285.600000 + phonon energy 0.000000 | electron momentum kIdx = 0
The 40-th iteration is completed.	|| time cost : 0h 0m 9.597s
********************************************************************************************************************
Start the 41 rounds of NGS-ED iteration
	effective electronic model is modified as: kinetic energy t = 7.44646e-05
	                                           effective interaction Vq = [     -24.2,      -9.8,      -1.8,      -9.8,      -9.8,      -1.8,-0.0151751,      -1.8,      -1.8,-0.0151751, -0.379378,-0.0151751,      -9.8,      -1.8,-0.0151751,      -1.8]
	PARPACK diagonalization completed after 30 matrix-vector product operations.
	iteration results: : total energy is -285.600000 | electron energy -285.600000 + phonon energy 0.000000 | electron momentum kIdx = 0
The 41-th iteration is completed.	|| time cost : 0h 0m 9.603s
********************************************************************************************************************
Start the 42 rounds of NGS-ED iteration
	effective electronic model is modified as: kinetic energy t = 7.44645e-05
	                                           effective interaction Vq = [     -24.2,      -9.8,      -1.8,      -9.8,      -9.8,      -1.8,-0.0151765,      -1.8,      -1.8,-0.0151765, -0.379413,-0.0151765,      -9.8,      -1.8,-0.0151765,      -1.8]
	PARPACK diagonalization completed after 30 matrix-vector product operations.
	iteration results: : total energy is -285.600000 | electron energy -285.600000 + phonon energy 0.000000 | electron momentum kIdx = 0
The 42-th iteration is completed.	|| time cost : 0h 0m 10.352s
********************************************************************************************************************
Start the 43 rounds of NGS-ED iteration
	effective electronic model is modified as: kinetic energy t = 7.44646e-05
	                                           effective interaction Vq = [     -24.2,      -9.8,      -1.8,      -9.8,      -9.8,      -1.8,-0.0151752,      -1.8,      -1.8,-0.0151752, -0.379379,-0.0151752,      -9.8,      -1.8,-0.0151752,      -1.8]
	PARPACK diagonalization completed after 30 matrix-vector product operations.
	iteration results: : total energy is -285.600000 | electron energy -285.600000 + phonon energy 0.000000 | electron momentum kIdx = 0
The 43-th iteration is completed.	|| time cost : 0h 0m 9.675s
********************************************************************************************************************
Start the 44 rounds of NGS-ED iteration
	effective electronic model is modified as: kinetic energy t = 7.44644e-05
	                                           effective interaction Vq = [     -24.2,      -9.8,      -1.8,      -9.8,      -9.8,      -1.8,-0.0151779,      -1.8,      -1.8,-0.0151779, -0.379448,-0.0151779,      -9.8,      -1.8,-0.0151779,      -1.8]
	PARPACK diagonalization completed after 30 matrix-vector product operations.
	iteration results: : total energy is -285.600000 | electron energy -285.600000 + phonon energy 0.000000 | electron momentum kIdx = 0
The 44-th iteration is completed.	|| time cost : 0h 0m 10.269s
********************************************************************************************************************
Start the 45 rounds of NGS-ED iteration
	effective electronic model is modified as: kinetic energy t = 7.44646e-05
	                                           effective interaction Vq = [     -24.2,      -9.8,      -1.8,      -9.8,      -9.8,      -1.8,-0.0151752,      -1.8,      -1.8,-0.0151752,  -0.37938,-0.0151752,      -9.8,      -1.8,-0.0151752,      -1.8]
	PARPACK diagonalization completed after 30 matrix-vector product operations.
	iteration results: : total energy is -285.600000 | electron energy -285.600000 + phonon energy 0.000000 | electron momentum kIdx = 0
The 45-th iteration is completed.	|| time cost : 0h 0m 9.588s
