SNEDics v3.4 Non-Gaussian ED ground state program		Start at Tue Oct  1 22:49:13 2019

parallized on 16 MPI threads  * 8 OpenMP threads = 128 total threads.
********************************************************************************************************************
********************************************************************************************************************

********************************************************************************************************************
System parameters and configurations
********************************************************************************************************************
Special program options are enabled: splitted diagonal Hamiltonian
********************************************************************************************************************
Read input file "model_params.in"
	Hubbard-Holstein model parameters : 	t = 1    U = 4.2    g = 4    W = 5    
********************************************************************************************************************
Read input file "hilbertspace_params.in"
	Requested 16-site 2D lattice, with 16 electrons (8, 8)
	Boundary : Periodic		Hilbert space representation : momentum-space (restricted to kIdx = 10)
	Conservation: particle number[U(1)]      spin[U(1)]     momentum
********************************************************************************************************************

Cluster Positions:				Cluster symmetry group : D4
 x ... x ... x ... x .....                       x ... x ... x ... x .....
 |           |           :                       |           |           :
 |           |           :                       |           |           :
12    13    14    15     x                       1     5     6     5     x
 |           |           :                       |           |           :
 |           |           :                       |           |           :
 8 --- 9 ---10 ---11 --- x                       2 --- 6 ---10 --- 6 --- x
 |           |           :                       |           |           :
 |           |           :                       |           |           :
 4     5     6     7     x                       1     5     6     5     x
 |           |           :                       |           |           :
 |           |           :                       |           |           :
 0 --- 1 --- 2 --- 3 --- x                       0 --- 1 --- 2 --- 1 --- x
orbital number : 1
********************************************************************************************************************
Read input file "obs_params.in"
	Observable Type : Nq(All),   Sq(All),   N(All),   Delta[s](All),   Delta[d](All),   Delta[s+](All)
********************************************************************************************************************
** WARNING ** the input observables have non-local factors which have been reinterpreted. The total observable number is 96
********************************************************************************************************************


********************************************************************************************************************
Start calculating the non-Gaussian ED ground state
** WARNING ** Detected low phonon energy W < 10. The initial state will be prepared through a warm-up process.
********************************************************************************************************************
Start warm-up calculation for scaling factor 2
open output files: NGSEDWarmUpW10Obs.txt
********************************************************************************************************************
Start the 0 rounds of NGS-ED iteration
	effective electronic model is modified as: kinetic energy t = 1
	                                           effective interaction Vq = [-0,-0,-0,-0,-0,-0,-0,-0,-0,-0,-0,-0,-0,-0,-0,-0]
	first Hamiltonian is constructed, non-zero numbers = 2845334624
	PARPACK diagonalization completed after 90 matrix-vector product operations.
	iteration results: : total energy is -13.107044 | electron energy -13.107044 + phonon energy 0.000000 | electron momentum kIdx = 10
	Nq(0) = 16,	Nq(1) = 0.157226,	Nq(2) = 0.228709,	Nq(3) = 0.157226,	Nq(4) = 0.157226,	Nq(5) = 0.228709,	Nq(6) = 0.311786,	Nq(7) = 0.228709,	Nq(8) = 0.228709,	Nq(9) = 0.311786,	Nq(10) = 0.374943,	Nq(11) = 0.311786,	Nq(12) = 0.157226,	Nq(13) = 0.228709,	Nq(14) = 0.311786,	Nq(15) = 0.228709,	Sq(0) = -1.33693e-18,	Sq(1) = 0.310568,	Sq(2) = 0.418821,	Sq(3) = 0.310568,	Sq(4) = 0.310568,	Sq(5) = 0.418821,	Sq(6) = 0.630234,	Sq(7) = 0.418821,	Sq(8) = 0.418821,	Sq(9) = 0.630234,	Sq(10) = 6.10062,	Sq(11) = 0.630234,	Sq(12) = 0.310568,	Sq(13) = 0.418821,	Sq(14) = 0.630234,	Sq(15) = 0.418821,	N(0) = 1.92524,	N(1) = 1.83212,	N(2) = 1,	N(3) = 1.83212,	N(4) = 1.83212,	N(5) = 1,	N(6) = 0.167878,	N(7) = 1,	N(8) = 1,	N(9) = 0.167878,	N(10) = 0.0747604,	N(11) = 0.167878,	N(12) = 1.83212,	N(13) = 1,	N(14) = 0.167878,	N(15) = 1,	Delta[s](0) = 0.166741,	Delta[s](1) = 0.143922,	Delta[s](2) = 0.114049,	Delta[s](3) = 0.143922,	Delta[s](4) = 0.143922,	Delta[s](5) = 0.114049,	Delta[s](6) = 0.0882292,	Delta[s](7) = 0.114049,	Delta[s](8) = 0.114049,	Delta[s](9) = 0.0882292,	Delta[s](10) = 0.0319855,	Delta[s](11) = 0.0882292,	Delta[s](12) = 0.143922,	Delta[s](13) = 0.114049,	Delta[s](14) = 0.0882292,	Delta[s](15) = 0.114049,	Delta[d](0) = 0.517253,	Delta[d](1) = 0.390451,	Delta[d](2) = 0.330749,	Delta[d](3) = 0.390451,	Delta[d](4) = 0.390451,	Delta[d](5) = 0.377216,	Delta[d](6) = 0.30757,	Delta[d](7) = 0.377216,	Delta[d](8) = 0.330749,	Delta[d](9) = 0.30757,	Delta[d](10) = 0.249788,	Delta[d](11) = 0.30757,	Delta[d](12) = 0.390451,	Delta[d](13) = 0.377216,	Delta[d](14) = 0.30757,	Delta[d](15) = 0.377216,	Delta[s+](0) = 0.586246,	Delta[s+](1) = 0.481839,	Delta[s+](2) = 0.330749,	Delta[s+](3) = 0.481839,	Delta[s+](4) = 0.481839,	Delta[s+](5) = 0.330749,	Delta[s+](6) = 0.184579,	Delta[s+](7) = 0.330749,	Delta[s+](8) = 0.330749,	Delta[s+](9) = 0.184579,	Delta[s+](10) = 0.069673,	Delta[s+](11) = 0.184579,	Delta[s+](12) = 0.481839,	Delta[s+](13) = 0.330749,	Delta[s+](14) = 0.184579,	Delta[s+](15) = 0.330749
The 0-th iteration is completed.	|| time cost : 0h 8m 26.285s
********************************************************************************************************************
Start the 1 rounds of NGS-ED iteration
	effective electronic model is modified as: kinetic energy t = 0.921043
	                                           effective interaction Vq = [-2.76693,-2.52668,-2.44028,-2.52668,-2.52668,-2.44028,-2.41054,-2.44028,-2.44028,-2.41054,-2.37502,-2.41054,-2.52668,-2.44028,-2.41054,-2.44028]
	PARPACK diagonalization completed after 45 matrix-vector product operations.
	iteration results: : total energy is -69.330286 | electron energy -69.336251 + phonon energy 0.005965 | electron momentum kIdx = 10
The 1-th iteration is completed.	|| time cost : 0h 7m 28.503s
********************************************************************************************************************
Start the 2 rounds of NGS-ED iteration
	effective electronic model is modified as: kinetic energy t = 0.851528
	                                           effective interaction Vq = [-3.14139,-3.02191, -2.9895,-3.02191,-3.02191, -2.9895, -2.9206, -2.9895, -2.9895, -2.9206,-2.84632, -2.9206,-3.02191, -2.9895, -2.9206, -2.9895]
	PARPACK diagonalization completed after 120 matrix-vector product operations.
	iteration results: : total energy is -79.050590 | electron energy -79.101343 + phonon energy 0.050753 | electron momentum kIdx = 10
The 2-th iteration is completed.	|| time cost : 0h 0m 55.346s
********************************************************************************************************************
Start the 3 rounds of NGS-ED iteration
	effective electronic model is modified as: kinetic energy t = 0.820192
	                                           effective interaction Vq = [-3.19207,-3.11622,-3.11251,-3.11622,-3.11622,-3.11251,-3.03542,-3.11251,-3.11251,-3.03542,-3.06866,-3.03542,-3.11622,-3.11251,-3.03542,-3.11251]
	PARPACK diagonalization completed after 45 matrix-vector product operations.
	iteration results: : total energy is -80.560362 | electron energy -80.651697 + phonon energy 0.091335 | electron momentum kIdx = 10
The 3-th iteration is completed.	|| time cost : 0h 0m 32.009s
********************************************************************************************************************
Start the 4 rounds of NGS-ED iteration
	effective electronic model is modified as: kinetic energy t = 0.813361
	                                           effective interaction Vq = [-3.19893,-3.13687,-3.10017,-3.13687,-3.13687,-3.10017,-3.06463,-3.10017,-3.10017,-3.06463,-3.16806,-3.06463,-3.13687,-3.10017,-3.06463,-3.10017]
	PARPACK diagonalization completed after 45 matrix-vector product operations.
	iteration results: : total energy is -81.037338 | electron energy -81.146421 + phonon energy 0.109084 | electron momentum kIdx = 10
The 4-th iteration is completed.	|| time cost : 0h 0m 32.013s
********************************************************************************************************************
Start the 5 rounds of NGS-ED iteration
	effective electronic model is modified as: kinetic energy t = 0.817704
	                                           effective interaction Vq = [-3.19985,-3.13065,-3.05598,-3.13065,-3.13065,-3.05598,-3.05698,-3.05598,-3.05598,-3.05698,-3.18959,-3.05698,-3.13065,-3.05598,-3.05698,-3.05598]
	PARPACK diagonalization completed after 30 matrix-vector product operations.
	iteration results: : total energy is -81.142528 | electron energy -81.253744 + phonon energy 0.111216 | electron momentum kIdx = 10
The 5-th iteration is completed.	|| time cost : 0h 0m 27.257s
********************************************************************************************************************
Start the 6 rounds of NGS-ED iteration
	effective electronic model is modified as: kinetic energy t = 0.820464
	                                           effective interaction Vq = [-3.19998,-3.12365,-3.03362,-3.12365,-3.12365,-3.03362,-3.04815,-3.03362,-3.03362,-3.04815, -3.1944,-3.04815,-3.12365,-3.03362,-3.04815,-3.03362]
	PARPACK diagonalization completed after 30 matrix-vector product operations.
	iteration results: : total energy is -81.158720 | electron energy -81.268667 + phonon energy 0.109947 | electron momentum kIdx = 10
The 6-th iteration is completed.	|| time cost : 0h 0m 27.278s
********************************************************************************************************************
Start the 7 rounds of NGS-ED iteration
	effective electronic model is modified as: kinetic energy t = 0.82185
	                                           effective interaction Vq = [    -3.2,-3.11938,-3.02396,-3.11938,-3.11938,-3.02396,-3.04277,-3.02396,-3.02396,-3.04277,-3.19572,-3.04277,-3.11938,-3.02396,-3.04277,-3.02396]
	PARPACK diagonalization completed after 30 matrix-vector product operations.
	iteration results: : total energy is -81.161198 | electron energy -81.270026 + phonon energy 0.108828 | electron momentum kIdx = 10
The 7-th iteration is completed.	|| time cost : 0h 0m 27.542s
********************************************************************************************************************
Start the 8 rounds of NGS-ED iteration
	effective electronic model is modified as: kinetic energy t = 0.822508
	                                           effective interaction Vq = [    -3.2,-3.11715,-3.01991,-3.11715,-3.11715,-3.01991,-3.03995,-3.01991,-3.01991,-3.03995,-3.19614,-3.03995,-3.11715,-3.01991,-3.03995,-3.01991]
	PARPACK diagonalization completed after 30 matrix-vector product operations.
	iteration results: : total energy is -81.161599 | electron energy -81.269764 + phonon energy 0.108165 | electron momentum kIdx = 10
The 8-th iteration is completed.	|| time cost : 0h 0m 27.282s
********************************************************************************************************************
Start the 9 rounds of NGS-ED iteration
	effective electronic model is modified as: kinetic energy t = 0.822813
	                                           effective interaction Vq = [    -3.2,-3.11605,-3.01822,-3.11605,-3.11605,-3.01822,-3.03855,-3.01822,-3.01822,-3.03855,-3.19629,-3.03855,-3.11605,-3.01822,-3.03855,-3.01822]
	PARPACK diagonalization completed after 30 matrix-vector product operations.
	iteration results: : total energy is -81.161668 | electron energy -81.269486 + phonon energy 0.107818 | electron momentum kIdx = 10
The 9-th iteration is completed.	|| time cost : 0h 0m 27.359s
********************************************************************************************************************
Start the 10 rounds of NGS-ED iteration
	effective electronic model is modified as: kinetic energy t = 0.822953
	                                           effective interaction Vq = [    -3.2,-3.11554,-3.01751,-3.11554,-3.11554,-3.01751,-3.03789,-3.01751,-3.01751,-3.03789,-3.19634,-3.03789,-3.11554,-3.01751,-3.03789,-3.01751]
	PARPACK diagonalization completed after 30 matrix-vector product operations.
	iteration results: : total energy is -81.161681 | electron energy -81.269327 + phonon energy 0.107646 | electron momentum kIdx = 10
	Nq(0) = 16,	Nq(1) = 0.289034,	Nq(2) = 0.352151,	Nq(3) = 0.289034,	Nq(4) = 0.289034,	Nq(5) = 0.352151,	Nq(6) = 0.558389,	Nq(7) = 0.352151,	Nq(8) = 0.352151,	Nq(9) = 0.558389,	Nq(10) = 5.85471,	Nq(11) = 0.558389,	Nq(12) = 0.289034,	Nq(13) = 0.352151,	Nq(14) = 0.558389,	Nq(15) = 0.352151,	Sq(0) = 3.72349e-18,	Sq(1) = 0.212632,	Sq(2) = 0.28484,	Sq(3) = 0.212632,	Sq(4) = 0.212632,	Sq(5) = 0.28484,	Sq(6) = 0.40248,	Sq(7) = 0.28484,	Sq(8) = 0.28484,	Sq(9) = 0.40248,	Sq(10) = 0.473201,	Sq(11) = 0.40248,	Sq(12) = 0.212632,	Sq(13) = 0.28484,	Sq(14) = 0.40248,	Sq(15) = 0.28484,	N(0) = 1.96815,	N(1) = 1.9166,	N(2) = 1,	N(3) = 1.9166,	N(4) = 1.9166,	N(5) = 1,	N(6) = 0.0833993,	N(7) = 1,	N(8) = 1,	N(9) = 0.0833993,	N(10) = 0.0318478,	N(11) = 0.0833993,	N(12) = 1.9166,	N(13) = 1,	N(14) = 0.0833993,	N(15) = 1,	Delta[s](0) = 0.510114,	Delta[s](1) = 0.380679,	Delta[s](2) = 0.358427,	Delta[s](3) = 0.380679,	Delta[s](4) = 0.380679,	Delta[s](5) = 0.358427,	Delta[s](6) = 0.306322,	Delta[s](7) = 0.358427,	Delta[s](8) = 0.358427,	Delta[s](9) = 0.306322,	Delta[s](10) = 0.269972,	Delta[s](11) = 0.306322,	Delta[s](12) = 0.380679,	Delta[s](13) = 0.358427,	Delta[s](14) = 0.306322,	Delta[s](15) = 0.358427,	Delta[d](0) = 0.204601,	Delta[d](1) = 0.191223,	Delta[d](2) = 0.19614,	Delta[d](3) = 0.191223,	Delta[d](4) = 0.191223,	Delta[d](5) = 0.130411,	Delta[d](6) = 0.153741,	Delta[d](7) = 0.130411,	Delta[d](8) = 0.19614,	Delta[d](9) = 0.153741,	Delta[d](10) = 0.05626,	Delta[d](11) = 0.153741,	Delta[d](12) = 0.191223,	Delta[d](13) = 0.130411,	Delta[d](14) = 0.153741,	Delta[d](15) = 0.130411,	Delta[s+](0) = 0.379313,	Delta[s+](1) = 0.301923,	Delta[s+](2) = 0.19614,	Delta[s+](3) = 0.301923,	Delta[s+](4) = 0.301923,	Delta[s+](5) = 0.19614,	Delta[s+](6) = 0.0877913,	Delta[s+](7) = 0.19614,	Delta[s+](8) = 0.19614,	Delta[s+](9) = 0.0877913,	Delta[s+](10) = 0.0316768,	Delta[s+](11) = 0.0877913,	Delta[s+](12) = 0.301923,	Delta[s+](13) = 0.19614,	Delta[s+](14) = 0.0877913,	Delta[s+](15) = 0.19614
The 10-th iteration is completed.	|| time cost : 0h 4m 43.494s
********************************************************************************************************************
Start the 11 rounds of NGS-ED iteration
	effective electronic model is modified as: kinetic energy t = 0.823016
	                                           effective interaction Vq = [    -3.2, -3.1153, -3.0172, -3.1153, -3.1153, -3.0172,-3.03758, -3.0172, -3.0172,-3.03758,-3.19636,-3.03758, -3.1153, -3.0172,-3.03758, -3.0172]
	PARPACK diagonalization completed after 30 matrix-vector product operations.
	iteration results: : total energy is -81.161683 | electron energy -81.269247 + phonon energy 0.107564 | electron momentum kIdx = 10
	Nq(0) = 16,	Nq(1) = 0.288932,	Nq(2) = 0.352075,	Nq(3) = 0.288932,	Nq(4) = 0.288932,	Nq(5) = 0.352075,	Nq(6) = 0.558227,	Nq(7) = 0.352075,	Nq(8) = 0.352075,	Nq(9) = 0.558227,	Nq(10) = 5.85641,	Nq(11) = 0.558227,	Nq(12) = 0.288932,	Nq(13) = 0.352075,	Nq(14) = 0.558227,	Nq(15) = 0.352075,	Sq(0) = -3.05697e-18,	Sq(1) = 0.212614,	Sq(2) = 0.284829,	Sq(3) = 0.212614,	Sq(4) = 0.212614,	Sq(5) = 0.284829,	Sq(6) = 0.402469,	Sq(7) = 0.284829,	Sq(8) = 0.284829,	Sq(9) = 0.402469,	Sq(10) = 0.4732,	Sq(11) = 0.402469,	Sq(12) = 0.212614,	Sq(13) = 0.284829,	Sq(14) = 0.402469,	Sq(15) = 0.284829,	N(0) = 1.96815,	N(1) = 1.91657,	N(2) = 1,	N(3) = 1.91657,	N(4) = 1.91657,	N(5) = 1,	N(6) = 0.0834299,	N(7) = 1,	N(8) = 1,	N(9) = 0.0834299,	N(10) = 0.0318511,	N(11) = 0.0834299,	N(12) = 1.91657,	N(13) = 1,	N(14) = 0.0834299,	N(15) = 1,	Delta[s](0) = 0.510034,	Delta[s](1) = 0.380691,	Delta[s](2) = 0.358433,	Delta[s](3) = 0.380691,	Delta[s](4) = 0.380691,	Delta[s](5) = 0.358433,	Delta[s](6) = 0.306338,	Delta[s](7) = 0.358433,	Delta[s](8) = 0.358433,	Delta[s](9) = 0.306338,	Delta[s](10) = 0.27,	Delta[s](11) = 0.306338,	Delta[s](12) = 0.380691,	Delta[s](13) = 0.358433,	Delta[s](14) = 0.306338,	Delta[s](15) = 0.358433,	Delta[d](0) = 0.204572,	Delta[d](1) = 0.191191,	Delta[d](2) = 0.196122,	Delta[d](3) = 0.191191,	Delta[d](4) = 0.191191,	Delta[d](5) = 0.130382,	Delta[d](6) = 0.153706,	Delta[d](7) = 0.130382,	Delta[d](8) = 0.196122,	Delta[d](9) = 0.153706,	Delta[d](10) = 0.0562314,	Delta[d](11) = 0.153706,	Delta[d](12) = 0.191191,	Delta[d](13) = 0.130382,	Delta[d](14) = 0.153706,	Delta[d](15) = 0.130382,	Delta[s+](0) = 0.379313,	Delta[s+](1) = 0.301909,	Delta[s+](2) = 0.196122,	Delta[s+](3) = 0.301909,	Delta[s+](4) = 0.301909,	Delta[s+](5) = 0.196122,	Delta[s+](6) = 0.0877692,	Delta[s+](7) = 0.196122,	Delta[s+](8) = 0.196122,	Delta[s+](9) = 0.0877692,	Delta[s+](10) = 0.0316621,	Delta[s+](11) = 0.0877692,	Delta[s+](12) = 0.301909,	Delta[s+](13) = 0.196122,	Delta[s+](14) = 0.0877692,	Delta[s+](15) = 0.196122
The 11-th iteration is completed.	|| time cost : 0h 4m 42.424s
********************************************************************************************************************
********************************************************************************************************************
Ground state is obtained after 12 iterations. The current ground-state energy is -81.1617, in which electron energy is -81.2692 and phonon energy is 0.107564
final variational state is: 
	Gamma_x = [      1,1.02553,1.04184,1.02553,1.02553,1.04184,1.06434,1.04184,1.04184,1.06434, 1.1294,1.06434,1.02553,1.04184,1.06434,1.04184]
	lambda_q = [0.565682,0.473591,0.430434,0.473591,0.473591,0.430434,0.438184,0.430434,0.430434,0.438184,0.546622,0.438184,0.473591,0.430434,0.438184,0.430434]
********************************************************************************************************************
o___o  ----------------------------------------
| L |	Time since last clock: 0h 0m 0s
A===A	Time since the beginning: 0h 29m 36.797s
***********************************************


********************************************************************************************************************
Warm up runs have been completed. Start calculating W = 5 phonon.
open output files: NGSEDIterationObs.txt
********************************************************************************************************************
Start the 0 rounds of NGS-ED iteration
	effective electronic model is modified as: kinetic energy t = 0.823045
	                                           effective interaction Vq = [-2.92548,-2.66729, -2.5171,-2.66729,-2.66729, -2.5171,-2.54544, -2.5171, -2.5171,-2.54544,  -2.879,-2.54544,-2.66729, -2.5171,-2.54544, -2.5171]
	PARPACK diagonalization completed after 30 matrix-vector product operations.
	iteration results: : total energy is -72.397837 | electron energy -72.451600 + phonon energy 0.053763 | electron momentum kIdx = 10
	Nq(0) = 16,	Nq(1) = 0.276972,	Nq(2) = 0.335101,	Nq(3) = 0.276972,	Nq(4) = 0.276972,	Nq(5) = 0.335101,	Nq(6) = 0.519332,	Nq(7) = 0.335101,	Nq(8) = 0.335101,	Nq(9) = 0.519332,	Nq(10) = 5.67803,	Nq(11) = 0.519332,	Nq(12) = 0.276972,	Nq(13) = 0.335101,	Nq(14) = 0.519332,	Nq(15) = 0.335101,	Sq(0) = 3.21211e-18,	Sq(1) = 0.238287,	Sq(2) = 0.308323,	Sq(3) = 0.238287,	Sq(4) = 0.238287,	Sq(5) = 0.308323,	Sq(6) = 0.449876,	Sq(7) = 0.308323,	Sq(8) = 0.308323,	Sq(9) = 0.449876,	Sq(10) = 0.523557,	Sq(11) = 0.449876,	Sq(12) = 0.238287,	Sq(13) = 0.308323,	Sq(14) = 0.449876,	Sq(15) = 0.308323,	N(0) = 1.9802,	N(1) = 1.93968,	N(2) = 1,	N(3) = 1.93968,	N(4) = 1.93968,	N(5) = 1,	N(6) = 0.0603188,	N(7) = 1,	N(8) = 1,	N(9) = 0.0603188,	N(10) = 0.0198038,	N(11) = 0.0603188,	N(12) = 1.93968,	N(13) = 1,	N(14) = 0.0603188,	N(15) = 1,	Delta[s](0) = 0.434209,	Delta[s](1) = 0.360214,	Delta[s](2) = 0.34401,	Delta[s](3) = 0.360214,	Delta[s](4) = 0.360214,	Delta[s](5) = 0.34401,	Delta[s](6) = 0.303787,	Delta[s](7) = 0.34401,	Delta[s](8) = 0.34401,	Delta[s](9) = 0.303787,	Delta[s](10) = 0.282652,	Delta[s](11) = 0.303787,	Delta[s](12) = 0.360214,	Delta[s](13) = 0.34401,	Delta[s](14) = 0.303787,	Delta[s](15) = 0.34401,	Delta[d](0) = 0.210796,	Delta[d](1) = 0.200874,	Delta[d](2) = 0.208862,	Delta[d](3) = 0.200874,	Delta[d](4) = 0.200874,	Delta[d](5) = 0.135521,	Delta[d](6) = 0.161585,	Delta[d](7) = 0.135521,	Delta[d](8) = 0.208862,	Delta[d](9) = 0.161585,	Delta[d](10) = 0.0601628,	Delta[d](11) = 0.161585,	Delta[d](12) = 0.200874,	Delta[d](13) = 0.135521,	Delta[d](14) = 0.161585,	Delta[d](15) = 0.135521,	Delta[s+](0) = 0.415309,	Delta[s+](1) = 0.323651,	Delta[s+](2) = 0.208862,	Delta[s+](3) = 0.323651,	Delta[s+](4) = 0.323651,	Delta[s+](5) = 0.208862,	Delta[s+](6) = 0.0928664,	Delta[s+](7) = 0.208862,	Delta[s+](8) = 0.208862,	Delta[s+](9) = 0.0928664,	Delta[s+](10) = 0.0339845,	Delta[s+](11) = 0.0928664,	Delta[s+](12) = 0.323651,	Delta[s+](13) = 0.208862,	Delta[s+](14) = 0.0928664,	Delta[s+](15) = 0.208862
The 0-th iteration is completed.	|| time cost : 0h 4m 24.186s
********************************************************************************************************************
Start the 1 rounds of NGS-ED iteration
	effective electronic model is modified as: kinetic energy t = 0.799407
	                                           effective interaction Vq = [-3.09901,-2.81828,-2.62947,-2.81828,-2.81828,-2.62947,-2.66407,-2.62947,-2.62947,-2.66407,-3.07528,-2.66407,-2.81828,-2.62947,-2.66407,-2.62947]
	PARPACK diagonalization completed after 30 matrix-vector product operations.
	iteration results: : total energy is -76.364539 | electron energy -76.532220 + phonon energy 0.167681 | electron momentum kIdx = 10
The 1-th iteration is completed.	|| time cost : 0h 0m 27.27s
********************************************************************************************************************
Start the 2 rounds of NGS-ED iteration
	effective electronic model is modified as: kinetic energy t = 0.789743
	                                           effective interaction Vq = [-3.16285,-2.86004,-2.66783,-2.86004,-2.86004,-2.66783,-2.69895,-2.66783,-2.66783,-2.69895,-3.15126,-2.69895,-2.86004,-2.66783,-2.69895,-2.66783]
	PARPACK diagonalization completed after 30 matrix-vector product operations.
	iteration results: : total energy is -77.820349 | electron energy -78.058124 + phonon energy 0.237776 | electron momentum kIdx = 10
The 2-th iteration is completed.	|| time cost : 0h 0m 27.328s
********************************************************************************************************************
Start the 3 rounds of NGS-ED iteration
	effective electronic model is modified as: kinetic energy t = 0.786781
	                                           effective interaction Vq = [-3.18633,-2.86433,-2.67627,-2.86433,-2.86433,-2.67627, -2.7024,-2.67627,-2.67627, -2.7024,-3.17867, -2.7024,-2.86433,-2.67627, -2.7024,-2.67627]
	PARPACK diagonalization completed after 30 matrix-vector product operations.
	iteration results: : total energy is -78.332239 | electron energy -78.603387 + phonon energy 0.271148 | electron momentum kIdx = 10
The 3-th iteration is completed.	|| time cost : 0h 0m 27.256s
********************************************************************************************************************
Start the 4 rounds of NGS-ED iteration
	effective electronic model is modified as: kinetic energy t = 0.786351
	                                           effective interaction Vq = [-3.19497,-2.85848,-2.67499,-2.85848,-2.85848,-2.67499,-2.69696,-2.67499,-2.67499,-2.69696,-3.18876,-2.69696,-2.85848,-2.67499,-2.69696,-2.67499]
	PARPACK diagonalization completed after 30 matrix-vector product operations.
	iteration results: : total energy is -78.509786 | electron energy -78.795552 + phonon energy 0.285766 | electron momentum kIdx = 10
The 4-th iteration is completed.	|| time cost : 0h 0m 27.284s
********************************************************************************************************************
Start the 5 rounds of NGS-ED iteration
	effective electronic model is modified as: kinetic energy t = 0.786732
	                                           effective interaction Vq = [-3.19815, -2.8513,-2.67133, -2.8513, -2.8513,-2.67133,-2.69026,-2.67133,-2.67133,-2.69026,-3.19274,-2.69026, -2.8513,-2.67133,-2.69026,-2.67133]
	PARPACK diagonalization completed after 30 matrix-vector product operations.
	iteration results: : total energy is -78.571645 | electron energy -78.863332 + phonon energy 0.291687 | electron momentum kIdx = 10
The 5-th iteration is completed.	|| time cost : 0h 0m 27.243s
********************************************************************************************************************
Start the 6 rounds of NGS-ED iteration
	effective electronic model is modified as: kinetic energy t = 0.787288
	                                           effective interaction Vq = [-3.19932,-2.84517,-2.66765,-2.84517,-2.84517,-2.66765,-2.68443,-2.66765,-2.66765,-2.68443,-3.19446,-2.68443,-2.84517,-2.66765,-2.68443,-2.66765]
	PARPACK diagonalization completed after 30 matrix-vector product operations.
	iteration results: : total energy is -78.593458 | electron energy -78.887152 + phonon energy 0.293694 | electron momentum kIdx = 10
The 6-th iteration is completed.	|| time cost : 0h 0m 27.287s
********************************************************************************************************************
Start the 7 rounds of NGS-ED iteration
	effective electronic model is modified as: kinetic energy t = 0.787805
	                                           effective interaction Vq = [-3.19975,-2.84048, -2.6646,-2.84048,-2.84048, -2.6646, -2.6799, -2.6646, -2.6646, -2.6799,-3.19525, -2.6799,-2.84048, -2.6646, -2.6799, -2.6646]
	PARPACK diagonalization completed after 30 matrix-vector product operations.
	iteration results: : total energy is -78.601254 | electron energy -78.895286 + phonon energy 0.294031 | electron momentum kIdx = 10
The 7-th iteration is completed.	|| time cost : 0h 0m 27.367s
********************************************************************************************************************
Start the 8 rounds of NGS-ED iteration
	effective electronic model is modified as: kinetic energy t = 0.788223
	                                           effective interaction Vq = [-3.19991,-2.83707,-2.66226,-2.83707,-2.83707,-2.66226,-2.67653,-2.66226,-2.66226,-2.67653,-3.19563,-2.67653,-2.83707,-2.66226,-2.67653,-2.66226]
	PARPACK diagonalization completed after 30 matrix-vector product operations.
	iteration results: : total energy is -78.604076 | electron energy -78.897812 + phonon energy 0.293736 | electron momentum kIdx = 10
The 8-th iteration is completed.	|| time cost : 0h 0m 27.298s
********************************************************************************************************************
Start the 9 rounds of NGS-ED iteration
	effective electronic model is modified as: kinetic energy t = 0.788541
	                                           effective interaction Vq = [-3.19997,-2.83464,-2.66053,-2.83464,-2.83464,-2.66053, -2.6741,-2.66053,-2.66053, -2.6741,-3.19582, -2.6741,-2.83464,-2.66053, -2.6741,-2.66053]
	PARPACK diagonalization completed after 30 matrix-vector product operations.
	iteration results: : total energy is -78.605108 | electron energy -78.898377 + phonon energy 0.293269 | electron momentum kIdx = 10
The 9-th iteration is completed.	|| time cost : 0h 0m 27.294s
********************************************************************************************************************
Start the 10 rounds of NGS-ED iteration
	effective electronic model is modified as: kinetic energy t = 0.788775
	                                           effective interaction Vq = [-3.19999,-2.83293,-2.65929,-2.83293,-2.83293,-2.65929,-2.67237,-2.65929,-2.65929,-2.67237,-3.19592,-2.67237,-2.83293,-2.65929,-2.67237,-2.65929]
	PARPACK diagonalization completed after 30 matrix-vector product operations.
	iteration results: : total energy is -78.605489 | electron energy -78.898305 + phonon energy 0.292817 | electron momentum kIdx = 10
	Nq(0) = 16,	Nq(1) = 0.190087,	Nq(2) = 0.271432,	Nq(3) = 0.190087,	Nq(4) = 0.190087,	Nq(5) = 0.271432,	Nq(6) = 0.399343,	Nq(7) = 0.271432,	Nq(8) = 0.271432,	Nq(9) = 0.399343,	Nq(10) = 8.02216,	Nq(11) = 0.399343,	Nq(12) = 0.190087,	Nq(13) = 0.271432,	Nq(14) = 0.399343,	Nq(15) = 0.271432,	Sq(0) = 1.2545e-18,	Sq(1) = 0.168408,	Sq(2) = 0.248098,	Sq(3) = 0.168408,	Sq(4) = 0.168408,	Sq(5) = 0.248098,	Sq(6) = 0.350211,	Sq(7) = 0.248098,	Sq(8) = 0.248098,	Sq(9) = 0.350211,	Sq(10) = 0.428459,	Sq(11) = 0.350211,	Sq(12) = 0.168408,	Sq(13) = 0.248098,	Sq(14) = 0.350211,	Sq(15) = 0.248098,	N(0) = 1.9443,	N(1) = 1.83719,	N(2) = 1,	N(3) = 1.83719,	N(4) = 1.83719,	N(5) = 1,	N(6) = 0.162806,	N(7) = 1,	N(8) = 1,	N(9) = 0.162806,	N(10) = 0.0556993,	N(11) = 0.162806,	N(12) = 1.83719,	N(13) = 1,	N(14) = 0.162806,	N(15) = 1,	Delta[s](0) = 0.448904,	Delta[s](1) = 0.396475,	Delta[s](2) = 0.376034,	Delta[s](3) = 0.396475,	Delta[s](4) = 0.396475,	Delta[s](5) = 0.376034,	Delta[s](6) = 0.347126,	Delta[s](7) = 0.376034,	Delta[s](8) = 0.376034,	Delta[s](9) = 0.347126,	Delta[s](10) = 0.324727,	Delta[s](11) = 0.347126,	Delta[s](12) = 0.396475,	Delta[s](13) = 0.376034,	Delta[s](14) = 0.347126,	Delta[s](15) = 0.376034,	Delta[d](0) = 0.169519,	Delta[d](1) = 0.154421,	Delta[d](2) = 0.173344,	Delta[d](3) = 0.154421,	Delta[d](4) = 0.154421,	Delta[d](5) = 0.108234,	Delta[d](6) = 0.120031,	Delta[d](7) = 0.108234,	Delta[d](8) = 0.173344,	Delta[d](9) = 0.120031,	Delta[d](10) = 0.0468328,	Delta[d](11) = 0.120031,	Delta[d](12) = 0.154421,	Delta[d](13) = 0.108234,	Delta[d](14) = 0.120031,	Delta[d](15) = 0.108234,	Delta[s+](0) = 0.362981,	Delta[s+](1) = 0.275115,	Delta[s+](2) = 0.173344,	Delta[s+](3) = 0.275115,	Delta[s+](4) = 0.275115,	Delta[s+](5) = 0.173344,	Delta[s+](6) = 0.0734336,	Delta[s+](7) = 0.173344,	Delta[s+](8) = 0.173344,	Delta[s+](9) = 0.0734336,	Delta[s+](10) = 0.0280958,	Delta[s+](11) = 0.0734336,	Delta[s+](12) = 0.275115,	Delta[s+](13) = 0.173344,	Delta[s+](14) = 0.0734336,	Delta[s+](15) = 0.173344
The 10-th iteration is completed.	|| time cost : 0h 4m 23.267s
********************************************************************************************************************
Start the 11 rounds of NGS-ED iteration
	effective electronic model is modified as: kinetic energy t = 0.788942
	                                           effective interaction Vq = [    -3.2,-2.83174,-2.65841,-2.83174,-2.83174,-2.65841,-2.67115,-2.65841,-2.65841,-2.67115,-3.19597,-2.67115,-2.83174,-2.65841,-2.67115,-2.65841]
	PARPACK diagonalization completed after 30 matrix-vector product operations.
	iteration results: : total energy is -78.605630 | electron energy -78.898070 + phonon energy 0.292440 | electron momentum kIdx = 10
The 11-th iteration is completed.	|| time cost : 0h 0m 27.539s
********************************************************************************************************************
Start the 12 rounds of NGS-ED iteration
	effective electronic model is modified as: kinetic energy t = 0.789061
	                                           effective interaction Vq = [    -3.2,-2.83092,-2.65778,-2.83092,-2.83092,-2.65778, -2.6703,-2.65778,-2.65778, -2.6703,  -3.196, -2.6703,-2.83092,-2.65778, -2.6703,-2.65778]
	PARPACK diagonalization completed after 30 matrix-vector product operations.
	iteration results: : total energy is -78.605684 | electron energy -78.897832 + phonon energy 0.292149 | electron momentum kIdx = 10
The 12-th iteration is completed.	|| time cost : 0h 0m 27.254s
********************************************************************************************************************
Start the 13 rounds of NGS-ED iteration
	effective electronic model is modified as: kinetic energy t = 0.789144
	                                           effective interaction Vq = [    -3.2,-2.83035,-2.65735,-2.83035,-2.83035,-2.65735,-2.66972,-2.65735,-2.65735,-2.66972,-3.19601,-2.66972,-2.83035,-2.65735,-2.66972,-2.65735]
	PARPACK diagonalization completed after 30 matrix-vector product operations.
	iteration results: : total energy is -78.605704 | electron energy -78.897636 + phonon energy 0.291932 | electron momentum kIdx = 10
The 13-th iteration is completed.	|| time cost : 0h 0m 27.284s
********************************************************************************************************************
Start the 14 rounds of NGS-ED iteration
	effective electronic model is modified as: kinetic energy t = 0.789202
	                                           effective interaction Vq = [    -3.2,-2.82997,-2.65705,-2.82997,-2.82997,-2.65705,-2.66931,-2.65705,-2.65705,-2.66931,-3.19602,-2.66931,-2.82997,-2.65705,-2.66931,-2.65705]
	PARPACK diagonalization completed after 30 matrix-vector product operations.
	iteration results: : total energy is -78.605711 | electron energy -78.897488 + phonon energy 0.291776 | electron momentum kIdx = 10
The 14-th iteration is completed.	|| time cost : 0h 0m 27.245s
********************************************************************************************************************
Start the 15 rounds of NGS-ED iteration
	effective electronic model is modified as: kinetic energy t = 0.789242
	                                           effective interaction Vq = [    -3.2, -2.8297,-2.65684, -2.8297, -2.8297,-2.65684,-2.66903,-2.65684,-2.65684,-2.66903,-3.19602,-2.66903, -2.8297,-2.65684,-2.66903,-2.65684]
	PARPACK diagonalization completed after 30 matrix-vector product operations.
	iteration results: : total energy is -78.605714 | electron energy -78.897379 + phonon energy 0.291665 | electron momentum kIdx = 10
The 15-th iteration is completed.	|| time cost : 0h 0m 27.545s
********************************************************************************************************************
Start the 16 rounds of NGS-ED iteration
	effective electronic model is modified as: kinetic energy t = 0.78927
	                                           effective interaction Vq = [    -3.2,-2.82952, -2.6567,-2.82952,-2.82952, -2.6567,-2.66883, -2.6567, -2.6567,-2.66883,-3.19603,-2.66883,-2.82952, -2.6567,-2.66883, -2.6567]
	PARPACK diagonalization completed after 30 matrix-vector product operations.
	iteration results: : total energy is -78.605715 | electron energy -78.897302 + phonon energy 0.291587 | electron momentum kIdx = 10
The 16-th iteration is completed.	|| time cost : 0h 0m 27.231s
********************************************************************************************************************
Start the 17 rounds of NGS-ED iteration
	effective electronic model is modified as: kinetic energy t = 0.789289
	                                           effective interaction Vq = [    -3.2,-2.82939, -2.6566,-2.82939,-2.82939, -2.6566, -2.6687, -2.6566, -2.6566, -2.6687,-3.19603, -2.6687,-2.82939, -2.6566, -2.6687, -2.6566]
	PARPACK diagonalization completed after 30 matrix-vector product operations.
	iteration results: : total energy is -78.605716 | electron energy -78.897248 + phonon energy 0.291532 | electron momentum kIdx = 10
The 17-th iteration is completed.	|| time cost : 0h 0m 27.552s
********************************************************************************************************************
Start the 18 rounds of NGS-ED iteration
	effective electronic model is modified as: kinetic energy t = 0.789302
	                                           effective interaction Vq = [    -3.2, -2.8293,-2.65653, -2.8293, -2.8293,-2.65653,-2.66861,-2.65653,-2.65653,-2.66861,-3.19603,-2.66861, -2.8293,-2.65653,-2.66861,-2.65653]
	PARPACK diagonalization completed after 30 matrix-vector product operations.
	iteration results: : total energy is -78.605716 | electron energy -78.897211 + phonon energy 0.291494 | electron momentum kIdx = 10
The 18-th iteration is completed.	|| time cost : 0h 0m 27.336s
********************************************************************************************************************
Start the 19 rounds of NGS-ED iteration
	effective electronic model is modified as: kinetic energy t = 0.789311
	                                           effective interaction Vq = [    -3.2,-2.82925,-2.65649,-2.82925,-2.82925,-2.65649,-2.66855,-2.65649,-2.65649,-2.66855,-3.19603,-2.66855,-2.82925,-2.65649,-2.66855,-2.65649]
	PARPACK diagonalization completed after 30 matrix-vector product operations.
	iteration results: : total energy is -78.605716 | electron energy -78.897184 + phonon energy 0.291468 | electron momentum kIdx = 10
The 19-th iteration is completed.	|| time cost : 0h 0m 27.267s
********************************************************************************************************************
Start the 20 rounds of NGS-ED iteration
	effective electronic model is modified as: kinetic energy t = 0.789317
	                                           effective interaction Vq = [    -3.2,-2.82921,-2.65645,-2.82921,-2.82921,-2.65645, -2.6685,-2.65645,-2.65645, -2.6685,-3.19603, -2.6685,-2.82921,-2.65645, -2.6685,-2.65645]
	PARPACK diagonalization completed after 30 matrix-vector product operations.
	iteration results: : total energy is -78.605716 | electron energy -78.897166 + phonon energy 0.291450 | electron momentum kIdx = 10
