SNEDics v3.4 Non-Gaussian ED ground state program		Start at Sat Sep 28 12:19:49 2019

parallized on 16 MPI threads  * 8 OpenMP threads = 128 total threads.
********************************************************************************************************************
********************************************************************************************************************

********************************************************************************************************************
System parameters and configurations
********************************************************************************************************************
Special program options are enabled: splitted diagonal Hamiltonian
********************************************************************************************************************
Read input file "model_params.in"
	Hubbard-Holstein model parameters : 	t = 1    U = 2    g = 3.5355    W = 5    
********************************************************************************************************************
Read input file "hilbertspace_params.in"
	Requested 16-site 2D lattice, with 10 electrons (5, 5)
	Boundary : Periodic		Hilbert space representation : momentum-space (restricted to kIdx = 0)
	Conservation: particle number[U(1)]      spin[U(1)]     momentum
********************************************************************************************************************

Cluster Positions:				Cluster symmetry group : D4
 x ... x ... x ... x .....                       x ... x ... x ... x .....
 |           |           :                       |           |           :
 |           |           :                       |           |           :
12    13    14    15     x                       1     5     6     5     x
 |           |           :                       |           |           :
 |           |           :                       |           |           :
 8 --- 9 ---10 ---11 --- x                       2 --- 6 ---10 --- 6 --- x
 |           |           :                       |           |           :
 |           |           :                       |           |           :
 4     5     6     7     x                       1     5     6     5     x
 |           |           :                       |           |           :
 |           |           :                       |           |           :
 0 --- 1 --- 2 --- 3 --- x                       0 --- 1 --- 2 --- 1 --- x
orbital number : 1
********************************************************************************************************************
Read input file "obs_params.in"
	Observable Type : Nq(All),   Sq(All),   N(All),   Delta[s](All),   Delta[d](All),   Delta[s+](All)
********************************************************************************************************************
** WARNING ** the input observables have non-local factors which have been reinterpreted. The total observable number is 96
********************************************************************************************************************


********************************************************************************************************************
Start calculating the non-Gaussian ED ground state
** WARNING ** Detected low phonon energy W < 10. The initial state will be prepared through a warm-up process.
********************************************************************************************************************
Start warm-up calculation for scaling factor 2
open output files: NGSEDWarmUpW10Obs.txt
********************************************************************************************************************
Start the 0 rounds of NGS-ED iteration
	effective electronic model is modified as: kinetic energy t = 1
	                                           effective interaction Vq = [-0,-0,-0,-0,-0,-0,-0,-0,-0,-0,-0,-0,-0,-0,-0,-0]
	first Hamiltonian is constructed, non-zero numbers = 242521378
	PARPACK diagonalization completed after 45 matrix-vector product operations.
	iteration results: : total energy is -21.376951 | electron energy -21.376951 + phonon energy 0.000000 | electron momentum kIdx = 0
	Nq(0) = 6.25,	Nq(1) = 0.310983,	Nq(2) = 0.341405,	Nq(3) = 0.310983,	Nq(4) = 0.310983,	Nq(5) = 0.341405,	Nq(6) = 0.51667,	Nq(7) = 0.341405,	Nq(8) = 0.341405,	Nq(9) = 0.51667,	Nq(10) = 0.555747,	Nq(11) = 0.51667,	Nq(12) = 0.310983,	Nq(13) = 0.341405,	Nq(14) = 0.51667,	Nq(15) = 0.341405,	Sq(0) = -1.31967e-17,	Sq(1) = 0.434858,	Sq(2) = 0.404169,	Sq(3) = 0.434858,	Sq(4) = 0.434858,	Sq(5) = 0.404169,	Sq(6) = 0.744107,	Sq(7) = 0.404169,	Sq(8) = 0.404169,	Sq(9) = 0.744107,	Sq(10) = 0.694334,	Sq(11) = 0.744107,	Sq(12) = 0.434858,	Sq(13) = 0.404169,	Sq(14) = 0.744107,	Sq(15) = 0.404169,	N(0) = 1.98393,	N(1) = 1.96167,	N(2) = 0.0222324,	N(3) = 1.96167,	N(4) = 1.96167,	N(5) = 0.0222324,	N(6) = 0.00707194,	N(7) = 0.0222324,	N(8) = 0.0222324,	N(9) = 0.00707194,	N(10) = 0.00769724,	N(11) = 0.00707194,	N(12) = 1.96167,	N(13) = 0.0222324,	N(14) = 0.00707194,	N(15) = 0.0222324,	Delta[s](0) = 0.165189,	Delta[s](1) = 0.0895017,	Delta[s](2) = 0.0788127,	Delta[s](3) = 0.0895017,	Delta[s](4) = 0.0895017,	Delta[s](5) = 0.0788127,	Delta[s](6) = 0.017424,	Delta[s](7) = 0.0788127,	Delta[s](8) = 0.0788127,	Delta[s](9) = 0.017424,	Delta[s](10) = 0.0166262,	Delta[s](11) = 0.017424,	Delta[s](12) = 0.0895017,	Delta[s](13) = 0.0788127,	Delta[s](14) = 0.017424,	Delta[s](15) = 0.0788127,	Delta[d](0) = 0.223946,	Delta[d](1) = 0.0734333,	Delta[d](2) = 0.138078,	Delta[d](3) = 0.0734333,	Delta[d](4) = 0.0734333,	Delta[d](5) = 0.116227,	Delta[d](6) = 0.016903,	Delta[d](7) = 0.116227,	Delta[d](8) = 0.138078,	Delta[d](9) = 0.016903,	Delta[d](10) = 0.0119257,	Delta[d](11) = 0.016903,	Delta[d](12) = 0.0734333,	Delta[d](13) = 0.116227,	Delta[d](14) = 0.016903,	Delta[d](15) = 0.116227,	Delta[s+](0) = 0.518718,	Delta[s+](1) = 0.321642,	Delta[s+](2) = 0.138078,	Delta[s+](3) = 0.321642,	Delta[s+](4) = 0.321642,	Delta[s+](5) = 0.138078,	Delta[s+](6) = 0.00947897,	Delta[s+](7) = 0.138078,	Delta[s+](8) = 0.138078,	Delta[s+](9) = 0.00947897,	Delta[s+](10) = 0.00281716,	Delta[s+](11) = 0.00947897,	Delta[s+](12) = 0.321642,	Delta[s+](13) = 0.138078,	Delta[s+](14) = 0.00947897,	Delta[s+](15) = 0.138078
The 0-th iteration is completed.	|| time cost : 0h 0m 46.167s
********************************************************************************************************************
Start the 1 rounds of NGS-ED iteration
	effective electronic model is modified as: kinetic energy t = 0.930338
	                                           effective interaction Vq = [-2.16162,-2.05315,-1.96513,-2.05315,-2.05315,-1.96513,-1.96854,-1.96513,-1.96513,-1.96854,-1.92379,-1.96854,-2.05315,-1.96513,-1.96854,-1.96513]
	PARPACK diagonalization completed after 30 matrix-vector product operations.
	iteration results: : total energy is -46.942613 | electron energy -46.948436 + phonon energy 0.005823 | electron momentum kIdx = 0
The 1-th iteration is completed.	|| time cost : 0h 0m 38.813s
********************************************************************************************************************
Start the 2 rounds of NGS-ED iteration
	effective electronic model is modified as: kinetic energy t = 0.881443
	                                           effective interaction Vq = [-2.45416,-2.38241,-2.28122,-2.38241,-2.38241,-2.28122,-2.31648,-2.28122,-2.28122,-2.31648,-2.25821,-2.31648,-2.38241,-2.28122,-2.31648,-2.28122]
	PARPACK diagonalization completed after 30 matrix-vector product operations.
	iteration results: : total energy is -50.429954 | electron energy -50.464180 + phonon energy 0.034226 | electron momentum kIdx = 0
The 2-th iteration is completed.	|| time cost : 0h 0m 2.283s
********************************************************************************************************************
Start the 3 rounds of NGS-ED iteration
	effective electronic model is modified as: kinetic energy t = 0.861486
	                                           effective interaction Vq = [-2.49376,-2.44881,-2.35849,-2.44881,-2.44881,-2.35849,-2.40102,-2.35849,-2.35849,-2.40102,-2.34931,-2.40102,-2.44881,-2.35849,-2.40102,-2.35849]
	PARPACK diagonalization completed after 30 matrix-vector product operations.
	iteration results: : total energy is -50.907361 | electron energy -50.962786 + phonon energy 0.055425 | electron momentum kIdx = 0
The 3-th iteration is completed.	|| time cost : 0h 0m 2.291s
********************************************************************************************************************
Start the 4 rounds of NGS-ED iteration
	effective electronic model is modified as: kinetic energy t = 0.853982
	                                           effective interaction Vq = [-2.49911,-2.46558,-2.38178,-2.46558,-2.46558,-2.38178,-2.42604,-2.38178,-2.38178,-2.42604,-2.37863,-2.42604,-2.46558,-2.38178,-2.42604,-2.38178]
	PARPACK diagonalization completed after 30 matrix-vector product operations.
	iteration results: : total energy is -50.971662 | electron energy -51.036751 + phonon energy 0.065089 | electron momentum kIdx = 0
The 4-th iteration is completed.	|| time cost : 0h 0m 2.283s
********************************************************************************************************************
Start the 5 rounds of NGS-ED iteration
	effective electronic model is modified as: kinetic energy t = 0.851236
	                                           effective interaction Vq = [-2.49984,-2.47059,-2.38953,-2.47059,-2.47059,-2.38953,-2.43438,-2.38953,-2.38953,-2.43438,-2.38889,-2.43438,-2.47059,-2.38953,-2.43438,-2.38953]
	PARPACK diagonalization completed after 30 matrix-vector product operations.
	iteration results: : total energy is -50.980249 | electron energy -51.049156 + phonon energy 0.068908 | electron momentum kIdx = 0
The 5-th iteration is completed.	|| time cost : 0h 0m 2.293s
********************************************************************************************************************
Start the 6 rounds of NGS-ED iteration
	effective electronic model is modified as: kinetic energy t = 0.85024
	                                           effective interaction Vq = [-2.49994,-2.47223,-2.39221,-2.47223,-2.47223,-2.39221,-2.43733,-2.39221,-2.39221,-2.43733,-2.39261,-2.43733,-2.47223,-2.39221,-2.43733,-2.39221]
	PARPACK diagonalization completed after 30 matrix-vector product operations.
	iteration results: : total energy is -50.981392 | electron energy -51.051736 + phonon energy 0.070344 | electron momentum kIdx = 0
The 6-th iteration is completed.	|| time cost : 0h 0m 2.291s
********************************************************************************************************************
Start the 7 rounds of NGS-ED iteration
	effective electronic model is modified as: kinetic energy t = 0.84988
	                                           effective interaction Vq = [-2.49995,-2.47277,-2.39316,-2.47277,-2.47277,-2.39316, -2.4384,-2.39316,-2.39316, -2.4384,-2.39398, -2.4384,-2.47277,-2.39316, -2.4384,-2.39316]
	PARPACK diagonalization completed after 30 matrix-vector product operations.
	iteration results: : total energy is -50.981545 | electron energy -51.052419 + phonon energy 0.070874 | electron momentum kIdx = 0
The 7-th iteration is completed.	|| time cost : 0h 0m 2.3s
********************************************************************************************************************
Start the 8 rounds of NGS-ED iteration
	effective electronic model is modified as: kinetic energy t = 0.84975
	                                           effective interaction Vq = [-2.49995,-2.47296,-2.39349,-2.47296,-2.47296,-2.39349, -2.4388,-2.39349,-2.39349, -2.4388,-2.39449, -2.4388,-2.47296,-2.39349, -2.4388,-2.39349]
	PARPACK diagonalization completed after 30 matrix-vector product operations.
	iteration results: : total energy is -50.981565 | electron energy -51.052633 + phonon energy 0.071068 | electron momentum kIdx = 0
	Nq(0) = 6.25,	Nq(1) = 0.495324,	Nq(2) = 0.435836,	Nq(3) = 0.495324,	Nq(4) = 0.495324,	Nq(5) = 0.435836,	Nq(6) = 0.896555,	Nq(7) = 0.435836,	Nq(8) = 0.435836,	Nq(9) = 0.896555,	Nq(10) = 0.848485,	Nq(11) = 0.896555,	Nq(12) = 0.495324,	Nq(13) = 0.435836,	Nq(14) = 0.896555,	Nq(15) = 0.435836,	Sq(0) = -1.16003e-17,	Sq(1) = 0.235105,	Sq(2) = 0.287511,	Sq(3) = 0.235105,	Sq(4) = 0.235105,	Sq(5) = 0.287511,	Sq(6) = 0.401934,	Sq(7) = 0.287511,	Sq(8) = 0.287511,	Sq(9) = 0.401934,	Sq(10) = 0.445758,	Sq(11) = 0.401934,	Sq(12) = 0.235105,	Sq(13) = 0.287511,	Sq(14) = 0.401934,	Sq(15) = 0.287511,	N(0) = 1.94126,	N(1) = 1.83599,	N(2) = 0.0933207,	N(3) = 1.83599,	N(4) = 1.83599,	N(5) = 0.0933207,	N(6) = 0.0322748,	N(7) = 0.0933207,	N(8) = 0.0933207,	N(9) = 0.0322748,	N(10) = 0.0257461,	N(11) = 0.0322748,	N(12) = 1.83599,	N(13) = 0.0933207,	N(14) = 0.0322748,	N(15) = 0.0933207,	Delta[s](0) = 0.47862,	Delta[s](1) = 0.171109,	Delta[s](2) = 0.178904,	Delta[s](3) = 0.171109,	Delta[s](4) = 0.171109,	Delta[s](5) = 0.178904,	Delta[s](6) = 0.0819229,	Delta[s](7) = 0.178904,	Delta[s](8) = 0.178904,	Delta[s](9) = 0.0819229,	Delta[s](10) = 0.0763366,	Delta[s](11) = 0.0819229,	Delta[s](12) = 0.171109,	Delta[s](13) = 0.178904,	Delta[s](14) = 0.0819229,	Delta[s](15) = 0.178904,	Delta[d](0) = 0.179831,	Delta[d](1) = 0.0719851,	Delta[d](2) = 0.0985209,	Delta[d](3) = 0.0719851,	Delta[d](4) = 0.0719851,	Delta[d](5) = 0.0991189,	Delta[d](6) = 0.0350201,	Delta[d](7) = 0.0991189,	Delta[d](8) = 0.0985209,	Delta[d](9) = 0.0350201,	Delta[d](10) = 0.0251308,	Delta[d](11) = 0.0350201,	Delta[d](12) = 0.0719851,	Delta[d](13) = 0.0991189,	Delta[d](14) = 0.0350201,	Delta[d](15) = 0.0991189,	Delta[s+](0) = 0.346126,	Delta[s+](1) = 0.224425,	Delta[s+](2) = 0.0985209,	Delta[s+](3) = 0.224425,	Delta[s+](4) = 0.224425,	Delta[s+](5) = 0.0985209,	Delta[s+](6) = 0.0187415,	Delta[s+](7) = 0.0985209,	Delta[s+](8) = 0.0985209,	Delta[s+](9) = 0.0187415,	Delta[s+](10) = 0.00775829,	Delta[s+](11) = 0.0187415,	Delta[s+](12) = 0.224425,	Delta[s+](13) = 0.0985209,	Delta[s+](14) = 0.0187415,	Delta[s+](15) = 0.0985209
The 8-th iteration is completed.	|| time cost : 0h 0m 21.795s
********************************************************************************************************************
********************************************************************************************************************
Ground state is obtained after 9 iterations. The current ground-state energy is -50.9816, in which electron energy is -51.0526 and phonon energy is 0.0710681
final variational state is: 
	Gamma_x = [      1,1.02328, 1.0363,1.02328,1.02328, 1.0363,1.06079, 1.0363, 1.0363,1.06079,1.07154,1.06079,1.02328, 1.0363,1.06079, 1.0363]
	lambda_q = [0.499934,0.448102,0.396874,0.448102,0.448102,0.396874,0.421884,0.396874,0.396874,0.421884,0.397392,0.421884,0.448102,0.396874,0.421884,0.396874]
********************************************************************************************************************
o___o  ----------------------------------------
| L |	Time since last clock: 0h 0m 0s
A===A	Time since the beginning: 0h 2m 0.519s
***********************************************


********************************************************************************************************************
Warm up runs have been completed. Start calculating W = 5 phonon.
open output files: NGSEDIterationObs.txt
********************************************************************************************************************
Start the 0 rounds of NGS-ED iteration
	effective electronic model is modified as: kinetic energy t = 0.849703
	                                           effective interaction Vq = [-2.28536,-2.16455,-2.01875,-2.16455,-2.16455,-2.01875,-2.09321,-2.01875,-2.01875,-2.09321,-2.02036,-2.09321,-2.16455,-2.01875,-2.09321,-2.01875]
	PARPACK diagonalization completed after 30 matrix-vector product operations.
	iteration results: : total energy is -46.631132 | electron energy -46.666702 + phonon energy 0.035570 | electron momentum kIdx = 0
	Nq(0) = 6.25,	Nq(1) = 0.481029,	Nq(2) = 0.416451,	Nq(3) = 0.481029,	Nq(4) = 0.481029,	Nq(5) = 0.416451,	Nq(6) = 0.813843,	Nq(7) = 0.416451,	Nq(8) = 0.416451,	Nq(9) = 0.813843,	Nq(10) = 0.770731,	Nq(11) = 0.813843,	Nq(12) = 0.481029,	Nq(13) = 0.416451,	Nq(14) = 0.813843,	Nq(15) = 0.416451,	Sq(0) = -1.30928e-19,	Sq(1) = 0.2712,	Sq(2) = 0.316083,	Sq(3) = 0.2712,	Sq(4) = 0.2712,	Sq(5) = 0.316083,	Sq(6) = 0.455761,	Sq(7) = 0.316083,	Sq(8) = 0.316083,	Sq(9) = 0.455761,	Sq(10) = 0.496726,	Sq(11) = 0.455761,	Sq(12) = 0.2712,	Sq(13) = 0.316083,	Sq(14) = 0.455761,	Sq(15) = 0.316083,	N(0) = 1.96942,	N(1) = 1.90791,	N(2) = 0.0531195,	N(3) = 1.90791,	N(4) = 1.90791,	N(5) = 0.0531195,	N(6) = 0.0163825,	N(7) = 0.0531195,	N(8) = 0.0531195,	N(9) = 0.0163825,	N(10) = 0.0146932,	N(11) = 0.0163825,	N(12) = 1.90791,	N(13) = 0.0531195,	N(14) = 0.0163825,	N(15) = 0.0531195,	Delta[s](0) = 0.355347,	Delta[s](1) = 0.156634,	Delta[s](2) = 0.1613,	Delta[s](3) = 0.156634,	Delta[s](4) = 0.156634,	Delta[s](5) = 0.1613,	Delta[s](6) = 0.0812417,	Delta[s](7) = 0.1613,	Delta[s](8) = 0.1613,	Delta[s](9) = 0.0812417,	Delta[s](10) = 0.0748164,	Delta[s](11) = 0.0812417,	Delta[s](12) = 0.156634,	Delta[s](13) = 0.1613,	Delta[s](14) = 0.0812417,	Delta[s](15) = 0.1613,	Delta[d](0) = 0.192979,	Delta[d](1) = 0.076599,	Delta[d](2) = 0.109092,	Delta[d](3) = 0.076599,	Delta[d](4) = 0.076599,	Delta[d](5) = 0.10776,	Delta[d](6) = 0.0370598,	Delta[d](7) = 0.10776,	Delta[d](8) = 0.109092,	Delta[d](9) = 0.0370598,	Delta[d](10) = 0.0270229,	Delta[d](11) = 0.0370598,	Delta[d](12) = 0.076599,	Delta[d](13) = 0.10776,	Delta[d](14) = 0.0370598,	Delta[d](15) = 0.10776,	Delta[s+](0) = 0.379076,	Delta[s+](1) = 0.246798,	Delta[s+](2) = 0.109092,	Delta[s+](3) = 0.246798,	Delta[s+](4) = 0.246798,	Delta[s+](5) = 0.109092,	Delta[s+](6) = 0.0208133,	Delta[s+](7) = 0.109092,	Delta[s+](8) = 0.109092,	Delta[s+](9) = 0.0208133,	Delta[s+](10) = 0.0080677,	Delta[s+](11) = 0.0208133,	Delta[s+](12) = 0.246798,	Delta[s+](13) = 0.109092,	Delta[s+](14) = 0.0208133,	Delta[s+](15) = 0.109092
The 0-th iteration is completed.	|| time cost : 0h 0m 20.542s
********************************************************************************************************************
Start the 1 rounds of NGS-ED iteration
	effective electronic model is modified as: kinetic energy t = 0.827455
	                                           effective interaction Vq = [-2.42101,-2.29729,-2.11752,-2.29729,-2.29729,-2.11752,-2.20793,-2.11752,-2.11752,-2.20793,-2.11421,-2.20793,-2.29729,-2.11752,-2.20793,-2.11752]
	PARPACK diagonalization completed after 30 matrix-vector product operations.
	iteration results: : total energy is -47.855573 | electron energy -47.968811 + phonon energy 0.113238 | electron momentum kIdx = 0
The 1-th iteration is completed.	|| time cost : 0h 0m 2.285s
********************************************************************************************************************
Start the 2 rounds of NGS-ED iteration
	effective electronic model is modified as: kinetic energy t = 0.812455
	                                           effective interaction Vq = [-2.47091,-2.36122,-2.17316,-2.36122,-2.36122,-2.17316,-2.27165,-2.17316,-2.17316,-2.27165,-2.17511,-2.27165,-2.36122,-2.17316,-2.27165,-2.17316]
	PARPACK diagonalization completed after 30 matrix-vector product operations.
	iteration results: : total energy is -48.309378 | electron energy -48.478574 + phonon energy 0.169196 | electron momentum kIdx = 0
The 2-th iteration is completed.	|| time cost : 0h 0m 2.315s
********************************************************************************************************************
Start the 3 rounds of NGS-ED iteration
	effective electronic model is modified as: kinetic energy t = 0.802774
	                                           effective interaction Vq = [-2.48927, -2.3935,-2.20526, -2.3935, -2.3935,-2.20526,-2.30781,-2.20526,-2.20526,-2.30781,-2.21331,-2.30781, -2.3935,-2.20526,-2.30781,-2.20526]
	PARPACK diagonalization completed after 30 matrix-vector product operations.
	iteration results: : total energy is -48.477315 | electron energy -48.681368 + phonon energy 0.204053 | electron momentum kIdx = 0
The 3-th iteration is completed.	|| time cost : 0h 0m 2.287s
********************************************************************************************************************
Start the 4 rounds of NGS-ED iteration
	effective electronic model is modified as: kinetic energy t = 0.796665
	                                           effective interaction Vq = [-2.49602, -2.4105,-2.22412, -2.4105, -2.4105,-2.22412,-2.32885,-2.22412,-2.22412,-2.32885,-2.23717,-2.32885, -2.4105,-2.22412,-2.32885,-2.22412]
	PARPACK diagonalization completed after 30 matrix-vector product operations.
	iteration results: : total energy is -48.539393 | electron energy -48.764605 + phonon energy 0.225212 | electron momentum kIdx = 0
The 4-th iteration is completed.	|| time cost : 0h 0m 2.317s
********************************************************************************************************************
Start the 5 rounds of NGS-ED iteration
	effective electronic model is modified as: kinetic energy t = 0.792858
	                                           effective interaction Vq = [-2.49851,-2.41976,-2.23535,-2.41976,-2.41976,-2.23535,-2.34135,-2.23535,-2.23535,-2.34135, -2.2521,-2.34135,-2.41976,-2.23535,-2.34135,-2.23535]
	PARPACK diagonalization completed after 30 matrix-vector product operations.
	iteration results: : total energy is -48.562333 | electron energy -48.800384 + phonon energy 0.238051 | electron momentum kIdx = 0
The 5-th iteration is completed.	|| time cost : 0h 0m 2.296s
********************************************************************************************************************
Start the 6 rounds of NGS-ED iteration
	effective electronic model is modified as: kinetic energy t = 0.790503
	                                           effective interaction Vq = [-2.49942,-2.42493, -2.2421,-2.42493,-2.42493, -2.2421,-2.34889, -2.2421, -2.2421,-2.34889,-2.26149,-2.34889,-2.42493, -2.2421,-2.34889, -2.2421]
	PARPACK diagonalization completed after 30 matrix-vector product operations.
	iteration results: : total energy is -48.570812 | electron energy -48.816691 + phonon energy 0.245879 | electron momentum kIdx = 0
The 6-th iteration is completed.	|| time cost : 0h 0m 2.296s
********************************************************************************************************************
Start the 7 rounds of NGS-ED iteration
	effective electronic model is modified as: kinetic energy t = 0.789051
	                                           effective interaction Vq = [-2.49976,-2.42785,-2.24617,-2.42785,-2.42785,-2.24617,-2.35349,-2.24617,-2.24617,-2.35349, -2.2674,-2.35349,-2.42785,-2.24617,-2.35349,-2.24617]
	PARPACK diagonalization completed after 30 matrix-vector product operations.
	iteration results: : total energy is -48.573949 | electron energy -48.824623 + phonon energy 0.250674 | electron momentum kIdx = 0
The 7-th iteration is completed.	|| time cost : 0h 0m 2.318s
********************************************************************************************************************
Start the 8 rounds of NGS-ED iteration
	effective electronic model is modified as: kinetic energy t = 0.788158
	                                           effective interaction Vq = [-2.49988,-2.42952,-2.24864,-2.42952,-2.42952,-2.24864,-2.35631,-2.24864,-2.24864,-2.35631,-2.27112,-2.35631,-2.42952,-2.24864,-2.35631,-2.24864]
	PARPACK diagonalization completed after 30 matrix-vector product operations.
	iteration results: : total energy is -48.575110 | electron energy -48.828733 + phonon energy 0.253622 | electron momentum kIdx = 0
The 8-th iteration is completed.	|| time cost : 0h 0m 2.293s
********************************************************************************************************************
Start the 9 rounds of NGS-ED iteration
	effective electronic model is modified as: kinetic energy t = 0.78761
	                                           effective interaction Vq = [-2.49993,-2.43048,-2.25013,-2.43048,-2.43048,-2.25013,-2.35806,-2.25013,-2.25013,-2.35806,-2.27347,-2.35806,-2.43048,-2.25013,-2.35806,-2.25013]
	PARPACK diagonalization completed after 30 matrix-vector product operations.
	iteration results: : total energy is -48.575541 | electron energy -48.830981 + phonon energy 0.255440 | electron momentum kIdx = 0
The 9-th iteration is completed.	|| time cost : 0h 0m 2.281s
********************************************************************************************************************
Start the 10 rounds of NGS-ED iteration
	effective electronic model is modified as: kinetic energy t = 0.787273
	                                           effective interaction Vq = [-2.49994,-2.43103,-2.25104,-2.43103,-2.43103,-2.25104,-2.35914,-2.25104,-2.25104,-2.35914,-2.27495,-2.35914,-2.43103,-2.25104,-2.35914,-2.25104]
	PARPACK diagonalization completed after 30 matrix-vector product operations.
	iteration results: : total energy is -48.575700 | electron energy -48.832263 + phonon energy 0.256562 | electron momentum kIdx = 0
	Nq(0) = 6.25,	Nq(1) = 0.510601,	Nq(2) = 0.430093,	Nq(3) = 0.510601,	Nq(4) = 0.510601,	Nq(5) = 0.430093,	Nq(6) = 0.895627,	Nq(7) = 0.430093,	Nq(8) = 0.430093,	Nq(9) = 0.895627,	Nq(10) = 0.852208,	Nq(11) = 0.895627,	Nq(12) = 0.510601,	Nq(13) = 0.430093,	Nq(14) = 0.895627,	Nq(15) = 0.430093,	Sq(0) = 2.2838e-17,	Sq(1) = 0.232706,	Sq(2) = 0.286932,	Sq(3) = 0.232706,	Sq(4) = 0.232706,	Sq(5) = 0.286932,	Sq(6) = 0.398797,	Sq(7) = 0.286932,	Sq(8) = 0.286932,	Sq(9) = 0.398797,	Sq(10) = 0.444715,	Sq(11) = 0.398797,	Sq(12) = 0.232706,	Sq(13) = 0.286932,	Sq(14) = 0.398797,	Sq(15) = 0.286932,	N(0) = 1.94136,	N(1) = 1.82972,	N(2) = 0.0973958,	N(3) = 1.82972,	N(4) = 1.82972,	N(5) = 0.0973958,	N(6) = 0.0321982,	N(7) = 0.0973958,	N(8) = 0.0973958,	N(9) = 0.0321982,	N(10) = 0.0266037,	N(11) = 0.0321982,	N(12) = 1.82972,	N(13) = 0.0973958,	N(14) = 0.0321982,	N(15) = 0.0973958,	Delta[s](0) = 0.390632,	Delta[s](1) = 0.173455,	Delta[s](2) = 0.174204,	Delta[s](3) = 0.173455,	Delta[s](4) = 0.173455,	Delta[s](5) = 0.174204,	Delta[s](6) = 0.106583,	Delta[s](7) = 0.174204,	Delta[s](8) = 0.174204,	Delta[s](9) = 0.106583,	Delta[s](10) = 0.097834,	Delta[s](11) = 0.106583,	Delta[s](12) = 0.173455,	Delta[s](13) = 0.174204,	Delta[s](14) = 0.106583,	Delta[s](15) = 0.174204,	Delta[d](0) = 0.1759,	Delta[d](1) = 0.081327,	Delta[d](2) = 0.105355,	Delta[d](3) = 0.081327,	Delta[d](4) = 0.081327,	Delta[d](5) = 0.101939,	Delta[d](6) = 0.0472079,	Delta[d](7) = 0.101939,	Delta[d](8) = 0.105355,	Delta[d](9) = 0.0472079,	Delta[d](10) = 0.0342032,	Delta[d](11) = 0.0472079,	Delta[d](12) = 0.081327,	Delta[d](13) = 0.101939,	Delta[d](14) = 0.0472079,	Delta[d](15) = 0.101939,	Delta[s+](0) = 0.34853,	Delta[s+](1) = 0.228819,	Delta[s+](2) = 0.105355,	Delta[s+](3) = 0.228819,	Delta[s+](4) = 0.228819,	Delta[s+](5) = 0.105355,	Delta[s+](6) = 0.0266152,	Delta[s+](7) = 0.105355,	Delta[s+](8) = 0.105355,	Delta[s+](9) = 0.0266152,	Delta[s+](10) = 0.0115287,	Delta[s+](11) = 0.0266152,	Delta[s+](12) = 0.228819,	Delta[s+](13) = 0.105355,	Delta[s+](14) = 0.0266152,	Delta[s+](15) = 0.105355
The 10-th iteration is completed.	|| time cost : 0h 0m 20.535s
********************************************************************************************************************
Start the 11 rounds of NGS-ED iteration
	effective electronic model is modified as: kinetic energy t = 0.787066
	                                           effective interaction Vq = [-2.49995,-2.43134,-2.25159,-2.43134,-2.43134,-2.25159,-2.35981,-2.25159,-2.25159,-2.35981,-2.27589,-2.35981,-2.43134,-2.25159,-2.35981,-2.25159]
	PARPACK diagonalization completed after 30 matrix-vector product operations.
	iteration results: : total energy is -48.575760 | electron energy -48.833017 + phonon energy 0.257257 | electron momentum kIdx = 0
The 11-th iteration is completed.	|| time cost : 0h 0m 2.298s
********************************************************************************************************************
Start the 12 rounds of NGS-ED iteration
	effective electronic model is modified as: kinetic energy t = 0.786939
	                                           effective interaction Vq = [-2.49995,-2.43152,-2.25192,-2.43152,-2.43152,-2.25192,-2.36024,-2.25192,-2.25192,-2.36024,-2.27648,-2.36024,-2.43152,-2.25192,-2.36024,-2.25192]
	PARPACK diagonalization completed after 30 matrix-vector product operations.
	iteration results: : total energy is -48.575782 | electron energy -48.833469 + phonon energy 0.257687 | electron momentum kIdx = 0
The 12-th iteration is completed.	|| time cost : 0h 0m 2.287s
********************************************************************************************************************
Start the 13 rounds of NGS-ED iteration
	effective electronic model is modified as: kinetic energy t = 0.786861
	                                           effective interaction Vq = [-2.49995,-2.43163,-2.25212,-2.43163,-2.43163,-2.25212, -2.3605,-2.25212,-2.25212, -2.3605,-2.27685, -2.3605,-2.43163,-2.25212, -2.3605,-2.25212]
	PARPACK diagonalization completed after 30 matrix-vector product operations.
	iteration results: : total energy is -48.575790 | electron energy -48.833743 + phonon energy 0.257953 | electron momentum kIdx = 0
The 13-th iteration is completed.	|| time cost : 0h 0m 2.283s
********************************************************************************************************************
Start the 14 rounds of NGS-ED iteration
	effective electronic model is modified as: kinetic energy t = 0.786814
	                                           effective interaction Vq = [-2.49995,-2.43169,-2.25224,-2.43169,-2.43169,-2.25224,-2.36066,-2.25224,-2.25224,-2.36066,-2.27708,-2.36066,-2.43169,-2.25224,-2.36066,-2.25224]
	PARPACK diagonalization completed after 30 matrix-vector product operations.
	iteration results: : total energy is -48.575793 | electron energy -48.833912 + phonon energy 0.258118 | electron momentum kIdx = 0
The 14-th iteration is completed.	|| time cost : 0h 0m 2.295s
********************************************************************************************************************
Start the 15 rounds of NGS-ED iteration
	effective electronic model is modified as: kinetic energy t = 0.786784
	                                           effective interaction Vq = [-2.49995,-2.43172,-2.25231,-2.43172,-2.43172,-2.25231,-2.36077,-2.25231,-2.25231,-2.36077,-2.27723,-2.36077,-2.43172,-2.25231,-2.36077,-2.25231]
	PARPACK diagonalization completed after 30 matrix-vector product operations.
	iteration results: : total energy is -48.575794 | electron energy -48.834015 + phonon energy 0.258221 | electron momentum kIdx = 0
The 15-th iteration is completed.	|| time cost : 0h 0m 2.301s
********************************************************************************************************************
Start the 16 rounds of NGS-ED iteration
	effective electronic model is modified as: kinetic energy t = 0.786766
	                                           effective interaction Vq = [-2.49995,-2.43174,-2.25236,-2.43174,-2.43174,-2.25236,-2.36083,-2.25236,-2.25236,-2.36083,-2.27732,-2.36083,-2.43174,-2.25236,-2.36083,-2.25236]
	PARPACK diagonalization completed after 30 matrix-vector product operations.
	iteration results: : total energy is -48.575795 | electron energy -48.834079 + phonon energy 0.258285 | electron momentum kIdx = 0
The 16-th iteration is completed.	|| time cost : 0h 0m 2.289s
********************************************************************************************************************
Start the 17 rounds of NGS-ED iteration
	effective electronic model is modified as: kinetic energy t = 0.786755
	                                           effective interaction Vq = [-2.49995,-2.43175,-2.25238,-2.43175,-2.43175,-2.25238,-2.36087,-2.25238,-2.25238,-2.36087,-2.27738,-2.36087,-2.43175,-2.25238,-2.36087,-2.25238]
	PARPACK diagonalization completed after 30 matrix-vector product operations.
	iteration results: : total energy is -48.575795 | electron energy -48.834119 + phonon energy 0.258324 | electron momentum kIdx = 0
The 17-th iteration is completed.	|| time cost : 0h 0m 2.286s
********************************************************************************************************************
Start the 18 rounds of NGS-ED iteration
	effective electronic model is modified as: kinetic energy t = 0.786748
	                                           effective interaction Vq = [-2.49995,-2.43175, -2.2524,-2.43175,-2.43175, -2.2524, -2.3609, -2.2524, -2.2524, -2.3609,-2.27741, -2.3609,-2.43175, -2.2524, -2.3609, -2.2524]
	PARPACK diagonalization completed after 30 matrix-vector product operations.
	iteration results: : total energy is -48.575795 | electron energy -48.834144 + phonon energy 0.258349 | electron momentum kIdx = 0
The 18-th iteration is completed.	|| time cost : 0h 0m 2.284s
********************************************************************************************************************
Start the 19 rounds of NGS-ED iteration
	effective electronic model is modified as: kinetic energy t = 0.786744
	                                           effective interaction Vq = [-2.49995,-2.43176,-2.25241,-2.43176,-2.43176,-2.25241,-2.36091,-2.25241,-2.25241,-2.36091,-2.27743,-2.36091,-2.43176,-2.25241,-2.36091,-2.25241]
	PARPACK diagonalization completed after 30 matrix-vector product operations.
	iteration results: : total energy is -48.575795 | electron energy -48.834159 + phonon energy 0.258364 | electron momentum kIdx = 0
The 19-th iteration is completed.	|| time cost : 0h 0m 2.287s
********************************************************************************************************************
Start the 20 rounds of NGS-ED iteration
	effective electronic model is modified as: kinetic energy t = 0.786741
	                                           effective interaction Vq = [-2.49995,-2.43176,-2.25242,-2.43176,-2.43176,-2.25242,-2.36092,-2.25242,-2.25242,-2.36092,-2.27745,-2.36092,-2.43176,-2.25242,-2.36092,-2.25242]
	PARPACK diagonalization completed after 30 matrix-vector product operations.
	iteration results: : total energy is -48.575795 | electron energy -48.834169 + phonon energy 0.258374 | electron momentum kIdx = 0
	Nq(0) = 6.25,	Nq(1) = 0.510412,	Nq(2) = 0.430139,	Nq(3) = 0.510412,	Nq(4) = 0.510412,	Nq(5) = 0.430139,	Nq(6) = 0.896667,	Nq(7) = 0.430139,	Nq(8) = 0.430139,	Nq(9) = 0.896667,	Nq(10) = 0.853291,	Nq(11) = 0.896667,	Nq(12) = 0.510412,	Nq(13) = 0.430139,	Nq(14) = 0.896667,	Nq(15) = 0.430139,	Sq(0) = -1.04022e-19,	Sq(1) = 0.232412,	Sq(2) = 0.286678,	Sq(3) = 0.232412,	Sq(4) = 0.232412,	Sq(5) = 0.286678,	Sq(6) = 0.398384,	Sq(7) = 0.286678,	Sq(8) = 0.286678,	Sq(9) = 0.398384,	Sq(10) = 0.444305,	Sq(11) = 0.398384,	Sq(12) = 0.232412,	Sq(13) = 0.286678,	Sq(14) = 0.398384,	Sq(15) = 0.286678,	N(0) = 1.94109,	N(1) = 1.82907,	N(2) = 0.0977503,	N(3) = 1.82907,	N(4) = 1.82907,	N(5) = 0.0977503,	N(6) = 0.0323549,	N(7) = 0.0977503,	N(8) = 0.0977503,	N(9) = 0.0323549,	N(10) = 0.0267209,	N(11) = 0.0323549,	N(12) = 1.82907,	N(13) = 0.0977503,	N(14) = 0.0323549,	N(15) = 0.0977503,	Delta[s](0) = 0.390856,	Delta[s](1) = 0.173585,	Delta[s](2) = 0.174313,	Delta[s](3) = 0.173585,	Delta[s](4) = 0.173585,	Delta[s](5) = 0.174313,	Delta[s](6) = 0.106778,	Delta[s](7) = 0.174313,	Delta[s](8) = 0.174313,	Delta[s](9) = 0.106778,	Delta[s](10) = 0.0980341,	Delta[s](11) = 0.106778,	Delta[s](12) = 0.173585,	Delta[s](13) = 0.174313,	Delta[s](14) = 0.106778,	Delta[s](15) = 0.174313,	Delta[d](0) = 0.175649,	Delta[d](1) = 0.0812967,	Delta[d](2) = 0.105281,	Delta[d](3) = 0.0812967,	Delta[d](4) = 0.0812967,	Delta[d](5) = 0.101826,	Delta[d](6) = 0.0472288,	Delta[d](7) = 0.101826,	Delta[d](8) = 0.105281,	Delta[d](9) = 0.0472288,	Delta[d](10) = 0.0342265,	Delta[d](11) = 0.0472288,	Delta[d](12) = 0.0812967,	Delta[d](13) = 0.101826,	Delta[d](14) = 0.0472288,	Delta[d](15) = 0.101826,	Delta[s+](0) = 0.348214,	Delta[s+](1) = 0.228602,	Delta[s+](2) = 0.105281,	Delta[s+](3) = 0.228602,	Delta[s+](4) = 0.228602,	Delta[s+](5) = 0.105281,	Delta[s+](6) = 0.0266393,	Delta[s+](7) = 0.105281,	Delta[s+](8) = 0.105281,	Delta[s+](9) = 0.0266393,	Delta[s+](10) = 0.0115511,	Delta[s+](11) = 0.0266393,	Delta[s+](12) = 0.228602,	Delta[s+](13) = 0.105281,	Delta[s+](14) = 0.0266393,	Delta[s+](15) = 0.105281
The 20-th iteration is completed.	|| time cost : 0h 0m 20.799s
********************************************************************************************************************
Start the 21 rounds of NGS-ED iteration
	effective electronic model is modified as: kinetic energy t = 0.786739
	                                           effective interaction Vq = [-2.49995,-2.43176,-2.25242,-2.43176,-2.43176,-2.25242,-2.36093,-2.25242,-2.25242,-2.36093,-2.27746,-2.36093,-2.43176,-2.25242,-2.36093,-2.25242]
	PARPACK diagonalization completed after 30 matrix-vector product operations.
	iteration results: : total energy is -48.575795 | electron energy -48.834175 + phonon energy 0.258380 | electron momentum kIdx = 0
The 21-th iteration is completed.	|| time cost : 0h 0m 2.285s
********************************************************************************************************************
Start the 22 rounds of NGS-ED iteration
	effective electronic model is modified as: kinetic energy t = 0.786738
	                                           effective interaction Vq = [-2.49995,-2.43176,-2.25242,-2.43176,-2.43176,-2.25242,-2.36093,-2.25242,-2.25242,-2.36093,-2.27746,-2.36093,-2.43176,-2.25242,-2.36093,-2.25242]
	PARPACK diagonalization completed after 30 matrix-vector product operations.
	iteration results: : total energy is -48.575795 | electron energy -48.834179 + phonon energy 0.258384 | electron momentum kIdx = 0
The 22-th iteration is completed.	|| time cost : 0h 0m 2.293s
********************************************************************************************************************
Start the 23 rounds of NGS-ED iteration
	effective electronic model is modified as: kinetic energy t = 0.786738
	                                           effective interaction Vq = [-2.49995,-2.43176,-2.25242,-2.43176,-2.43176,-2.25242,-2.36094,-2.25242,-2.25242,-2.36094,-2.27747,-2.36094,-2.43176,-2.25242,-2.36094,-2.25242]
	PARPACK diagonalization completed after 30 matrix-vector product operations.
	iteration results: : total energy is -48.575795 | electron energy -48.834181 + phonon energy 0.258386 | electron momentum kIdx = 0
The 23-th iteration is completed.	|| time cost : 0h 0m 2.283s
********************************************************************************************************************
Start the 24 rounds of NGS-ED iteration
	effective electronic model is modified as: kinetic energy t = 0.786737
	                                           effective interaction Vq = [-2.49995,-2.43176,-2.25242,-2.43176,-2.43176,-2.25242,-2.36094,-2.25242,-2.25242,-2.36094,-2.27747,-2.36094,-2.43176,-2.25242,-2.36094,-2.25242]
	PARPACK diagonalization completed after 30 matrix-vector product operations.
	iteration results: : total energy is -48.575795 | electron energy -48.834182 + phonon energy 0.258387 | electron momentum kIdx = 0
The 24-th iteration is completed.	|| time cost : 0h 0m 2.287s
********************************************************************************************************************
Start the 25 rounds of NGS-ED iteration
	effective electronic model is modified as: kinetic energy t = 0.786737
	                                           effective interaction Vq = [-2.49995,-2.43176,-2.25242,-2.43176,-2.43176,-2.25242,-2.36094,-2.25242,-2.25242,-2.36094,-2.27747,-2.36094,-2.43176,-2.25242,-2.36094,-2.25242]
