TACC:  Starting up job 4188540 
TACC:  Starting parallel tasks... 
SNEDics v3.4 Non-Gaussian ED ground state program		Start at Sun Aug 18 18:44:40 2019

parallized on 32 MPI threads  * 6 OpenMP threads = 192 total threads.
********************************************************************************************************************
********************************************************************************************************************

********************************************************************************************************************
System parameters and configurations
********************************************************************************************************************
Special program options are enabled: splitted diagonal Hamiltonian
********************************************************************************************************************
Read input file "model_params.in"
	Hubbard-Holstein model parameters : 	t = 1    U = 3.6    g = 3.1623    W = 5    
********************************************************************************************************************
Read input file "hilbertspace_params.in"
	Requested 16-site 2D lattice, with 16 electrons (8, 8)
	Boundary : Periodic		Hilbert space representation : momentum-space (restricted to kIdx = 10)
	Conservation: particle number[U(1)]      spin[U(1)]     momentum
********************************************************************************************************************

Cluster Positions:				Cluster symmetry group : D4
 x ... x ... x ... x .....                       x ... x ... x ... x .....
 |           |           :                       |           |           :
 |           |           :                       |           |           :
12    13    14    15     x                       1     5     6     5     x
 |           |           :                       |           |           :
 |           |           :                       |           |           :
 8 --- 9 ---10 ---11 --- x                       2 --- 6 ---10 --- 6 --- x
 |           |           :                       |           |           :
 |           |           :                       |           |           :
 4     5     6     7     x                       1     5     6     5     x
 |           |           :                       |           |           :
 |           |           :                       |           |           :
 0 --- 1 --- 2 --- 3 --- x                       0 --- 1 --- 2 --- 1 --- x
orbital number : 1
********************************************************************************************************************
Read input file "obs_params.in"
	Observable Type : Nq[All],   Sq[All],   N[All]
********************************************************************************************************************
** WARNING ** the input observables have non-local factors which have been reinterpreted. The total observable number is 48
********************************************************************************************************************


********************************************************************************************************************
Start calculating the non-Gaussian ED ground state
** WARNING ** Detected low phonon energy W < 10. The initial state will be prepared through a warm-up process.
********************************************************************************************************************
Start warm-up calculation for scaling factor 2
open output files: NGSEDWarmUpW10Obs.txt
********************************************************************************************************************
Start the 0 rounds of NGS-ED iteration
	effective electronic model is modified as: kinetic energy t = 1
	                                           effective interaction Vq = [0,0,0,0,0,0,0,0,0,0,0,0,0,0,0,0]
	first Hamiltonian is constructed, non-zero numbers = 2845334624
	PARPACK diagonalization completed after 105 matrix-vector product operations.
	iteration results: : total energy is -14.256866 | electron energy -14.256866 + phonon energy 0.000000 | electron momentum kIdx = 10
	Nq(0) = 16,	Nq(1) = 0.181003,	Nq(2) = 0.252876,	Nq(3) = 0.181003,	Nq(4) = 0.181003,	Nq(5) = 0.252876,	Nq(6) = 0.347747,	Nq(7) = 0.252876,	Nq(8) = 0.252876,	Nq(9) = 0.347747,	Nq(10) = 0.413181,	Nq(11) = 0.347747,	Nq(12) = 0.181003,	Nq(13) = 0.252876,	Nq(14) = 0.347747,	Nq(15) = 0.252876,	Sq(0) = 1.19133e-19,	Sq(1) = 0.327112,	Sq(2) = 0.423921,	Sq(3) = 0.327112,	Sq(4) = 0.327112,	Sq(5) = 0.423921,	Sq(6) = 0.64488,	Sq(7) = 0.423921,	Sq(8) = 0.423921,	Sq(9) = 0.64488,	Sq(10) = 5.52307,	Sq(11) = 0.64488,	Sq(12) = 0.327112,	Sq(13) = 0.423921,	Sq(14) = 0.64488,	Sq(15) = 0.423921,	N(0) = 1.94439,	N(1) = 1.87397,	N(2) = 1,	N(3) = 1.87397,	N(4) = 1.87397,	N(5) = 1,	N(6) = 0.126029,	N(7) = 1,	N(8) = 1,	N(9) = 0.126029,	N(10) = 0.0556109,	N(11) = 0.126029,	N(12) = 1.87397,	N(13) = 1,	N(14) = 0.126029,	N(15) = 1
The 0-th iteration is completed.	|| time cost : 0h 2m 50.908s
********************************************************************************************************************
Start the 1 rounds of NGS-ED iteration
	effective electronic model is modified as: kinetic energy t = 0.948857
	                                           effective interaction Vq = [-1.72935,-1.59038,-1.53221,-1.59038,-1.59038,-1.53221,-1.51567,-1.53221,-1.53221,-1.51567,-1.49119,-1.51567,-1.59038,-1.53221,-1.51567,-1.53221]
	PARPACK diagonalization completed after 45 matrix-vector product operations.
	iteration results: : total energy is -48.681482 | electron energy -48.684220 + phonon energy 0.002738 | electron momentum kIdx = 10
The 1-th iteration is completed.	|| time cost : 0h 3m 48.887s
********************************************************************************************************************
Start the 2 rounds of NGS-ED iteration
	effective electronic model is modified as: kinetic energy t = 0.913061
	                                           effective interaction Vq = [ -1.9634,-1.87317,-1.78802,-1.87317,-1.87317,-1.78802,-1.79517,-1.78802,-1.78802,-1.79517,-1.74821,-1.79517,-1.87317,-1.78802,-1.79517,-1.78802]
	PARPACK diagonalization completed after 30 matrix-vector product operations.
	iteration results: : total energy is -53.348408 | electron energy -53.368112 + phonon energy 0.019703 | electron momentum kIdx = 10
The 2-th iteration is completed.	|| time cost : 0h 0m 23.586s
********************************************************************************************************************
Start the 3 rounds of NGS-ED iteration
	effective electronic model is modified as: kinetic energy t = 0.89973
	                                           effective interaction Vq = [-1.99507,-1.93595,-1.84637,-1.93595,-1.93595,-1.84637,-1.86522,-1.84637,-1.84637,-1.86522,-1.80855,-1.86522,-1.93595,-1.84637,-1.86522,-1.84637]
	PARPACK diagonalization completed after 30 matrix-vector product operations.
	iteration results: : total energy is -54.032537 | electron energy -54.066337 + phonon energy 0.033800 | electron momentum kIdx = 10
The 3-th iteration is completed.	|| time cost : 0h 0m 23.551s
********************************************************************************************************************
Start the 4 rounds of NGS-ED iteration
	effective electronic model is modified as: kinetic energy t = 0.889447
	                                           effective interaction Vq = [-1.99936, -1.9521,-1.91828, -1.9521, -1.9521,-1.91828, -1.8849,-1.91828,-1.91828, -1.8849,-1.82616, -1.8849, -1.9521,-1.91828, -1.8849,-1.91828]
	PARPACK diagonalization completed after 30 matrix-vector product operations.
	iteration results: : total energy is -54.205752 | electron energy -54.248149 + phonon energy 0.042397 | electron momentum kIdx = 10
The 4-th iteration is completed.	|| time cost : 0h 0m 23.564s
********************************************************************************************************************
Start the 5 rounds of NGS-ED iteration
	effective electronic model is modified as: kinetic energy t = 0.886044
	                                           effective interaction Vq = [-1.99994,-1.95663,-1.93737,-1.95663,-1.95663,-1.93737,-1.89037,-1.93737,-1.93737,-1.89037, -1.8311,-1.89037,-1.95663,-1.93737,-1.89037,-1.93737]
	PARPACK diagonalization completed after 30 matrix-vector product operations.
	iteration results: : total energy is -54.226785 | electron energy -54.273606 + phonon energy 0.046821 | electron momentum kIdx = 10
The 5-th iteration is completed.	|| time cost : 0h 0m 20.363s
********************************************************************************************************************
Start the 6 rounds of NGS-ED iteration
	effective electronic model is modified as: kinetic energy t = 0.884936
	                                           effective interaction Vq = [-2.00002,-1.95801,-1.94314,-1.95801,-1.95801,-1.94314,-1.89199,-1.94314,-1.94314,-1.89199,-1.83257,-1.89199,-1.95801,-1.94314,-1.89199,-1.94314]
	PARPACK diagonalization completed after 30 matrix-vector product operations.
	iteration results: : total energy is -54.229329 | electron energy -54.277849 + phonon energy 0.048521 | electron momentum kIdx = 10
The 6-th iteration is completed.	|| time cost : 0h 0m 20.292s
********************************************************************************************************************
Start the 7 rounds of NGS-ED iteration
	effective electronic model is modified as: kinetic energy t = 0.884577
	                                           effective interaction Vq = [-2.00003,-1.95844,-1.94498,-1.95844,-1.95844,-1.94498,-1.89248,-1.94498,-1.94498,-1.89248,-1.83302,-1.89248,-1.95844,-1.94498,-1.89248,-1.94498]
	PARPACK diagonalization completed after 30 matrix-vector product operations.
	iteration results: : total energy is -54.229638 | electron energy -54.278746 + phonon energy 0.049108 | electron momentum kIdx = 10
The 7-th iteration is completed.	|| time cost : 0h 0m 20.32s
********************************************************************************************************************
Start the 8 rounds of NGS-ED iteration
	effective electronic model is modified as: kinetic energy t = 0.88446
	                                           effective interaction Vq = [-2.00003,-1.95857,-1.94558,-1.95857,-1.95857,-1.94558,-1.89263,-1.94558,-1.94558,-1.89263,-1.83316,-1.89263,-1.95857,-1.94558,-1.89263,-1.94558]
	PARPACK diagonalization completed after 30 matrix-vector product operations.
	iteration results: : total energy is -54.229676 | electron energy -54.278979 + phonon energy 0.049303 | electron momentum kIdx = 10
The 8-th iteration is completed.	|| time cost : 0h 0m 20.307s
********************************************************************************************************************
Start the 9 rounds of NGS-ED iteration
	effective electronic model is modified as: kinetic energy t = 0.884423
	                                           effective interaction Vq = [-2.00003,-1.95861,-1.94578,-1.95861,-1.95861,-1.94578,-1.89267,-1.94578,-1.94578,-1.89267, -1.8332,-1.89267,-1.95861,-1.94578,-1.89267,-1.94578]
	PARPACK diagonalization completed after 120 matrix-vector product operations.
	iteration results: : total energy is -54.307407 | electron energy -54.356774 + phonon energy 0.049367 | electron momentum kIdx = 10
The 9-th iteration is completed.	|| time cost : 0h 1m 26.067s
********************************************************************************************************************
Start the 10 rounds of NGS-ED iteration
	effective electronic model is modified as: kinetic energy t = 0.881969
	                                           effective interaction Vq = [-2.00003,-1.95798,-1.95305,-1.95798,-1.95798,-1.95305,-1.89157,-1.95305,-1.95305,-1.89157,-1.88307,-1.89157,-1.95798,-1.95305,-1.89157,-1.95305]
	PARPACK diagonalization completed after 30 matrix-vector product operations.
	iteration results: : total energy is -54.318835 | electron energy -54.369786 + phonon energy 0.050951 | electron momentum kIdx = 10
	Nq(0) = 16,	Nq(1) = 0.379952,	Nq(2) = 0.733769,	Nq(3) = 0.379952,	Nq(4) = 0.379952,	Nq(5) = 0.733769,	Nq(6) = 0.621789,	Nq(7) = 0.733769,	Nq(8) = 0.733769,	Nq(9) = 0.621789,	Nq(10) = 0.885286,	Nq(11) = 0.621789,	Nq(12) = 0.379952,	Nq(13) = 0.733769,	Nq(14) = 0.621789,	Nq(15) = 0.733769,	Sq(0) = 9.33421e-18,	Sq(1) = 0.362538,	Sq(2) = 0.370393,	Sq(3) = 0.362538,	Sq(4) = 0.362538,	Sq(5) = 0.370393,	Sq(6) = 0.605018,	Sq(7) = 0.370393,	Sq(8) = 0.370393,	Sq(9) = 0.605018,	Sq(10) = 0.612554,	Sq(11) = 0.605018,	Sq(12) = 0.362538,	Sq(13) = 0.370393,	Sq(14) = 0.605018,	Sq(15) = 0.370393,	N(0) = 1.99976,	N(1) = 1.99919,	N(2) = 1,	N(3) = 1.99919,	N(4) = 1.99919,	N(5) = 1,	N(6) = 0.000811237,	N(7) = 1,	N(8) = 1,	N(9) = 0.000811237,	N(10) = 0.000243048,	N(11) = 0.000811237,	N(12) = 1.99919,	N(13) = 1,	N(14) = 0.000811237,	N(15) = 1
The 10-th iteration is completed.	|| time cost : 0h 0m 53.586s
********************************************************************************************************************
Start the 11 rounds of NGS-ED iteration
	effective electronic model is modified as: kinetic energy t = 0.881173
	                                           effective interaction Vq = [-2.00003,-1.95768,-1.95532,-1.95768,-1.95768,-1.95532,-1.89105,-1.95532,-1.95532,-1.89105,-1.89832,-1.89105,-1.95768,-1.95532,-1.89105,-1.95532]
	PARPACK diagonalization completed after 30 matrix-vector product operations.
	iteration results: : total energy is -54.320215 | electron energy -54.372479 + phonon energy 0.052265 | electron momentum kIdx = 10
The 11-th iteration is completed.	|| time cost : 0h 0m 20.357s
********************************************************************************************************************
Start the 12 rounds of NGS-ED iteration
	effective electronic model is modified as: kinetic energy t = 0.880911
	                                           effective interaction Vq = [-2.00003,-1.95755,-1.95606,-1.95755,-1.95755,-1.95606,-1.89083,-1.95606,-1.95606,-1.89083,-1.90336,-1.89083,-1.95755,-1.95606,-1.89083,-1.95606]
	PARPACK diagonalization completed after 30 matrix-vector product operations.
	iteration results: : total energy is -54.320380 | electron energy -54.373200 + phonon energy 0.052821 | electron momentum kIdx = 10
The 12-th iteration is completed.	|| time cost : 0h 0m 20.29s
********************************************************************************************************************
Start the 13 rounds of NGS-ED iteration
	effective electronic model is modified as: kinetic energy t = 0.880824
	                                           effective interaction Vq = [-2.00003, -1.9575, -1.9563, -1.9575, -1.9575, -1.9563,-1.89075, -1.9563, -1.9563,-1.89075,-1.90507,-1.89075, -1.9575, -1.9563,-1.89075, -1.9563]
	PARPACK diagonalization completed after 30 matrix-vector product operations.
	iteration results: : total energy is -54.320400 | electron energy -54.373423 + phonon energy 0.053023 | electron momentum kIdx = 10
The 13-th iteration is completed.	|| time cost : 0h 0m 20.319s
********************************************************************************************************************
Start the 14 rounds of NGS-ED iteration
	effective electronic model is modified as: kinetic energy t = 0.880794
	                                           effective interaction Vq = [-2.00003,-1.95748,-1.95638,-1.95748,-1.95748,-1.95638,-1.89072,-1.95638,-1.95638,-1.89072,-1.90566,-1.89072,-1.95748,-1.95638,-1.89072,-1.95638]
	PARPACK diagonalization completed after 30 matrix-vector product operations.
	iteration results: : total energy is -54.320402 | electron energy -54.373495 + phonon energy 0.053093 | electron momentum kIdx = 10
	Nq(0) = 16,	Nq(1) = 0.379292,	Nq(2) = 0.734419,	Nq(3) = 0.379292,	Nq(4) = 0.379292,	Nq(5) = 0.734419,	Nq(6) = 0.620786,	Nq(7) = 0.734419,	Nq(8) = 0.734419,	Nq(9) = 0.620786,	Nq(10) = 0.897088,	Nq(11) = 0.620786,	Nq(12) = 0.379292,	Nq(13) = 0.734419,	Nq(14) = 0.620786,	Nq(15) = 0.734419,	Sq(0) = -5.0288e-18,	Sq(1) = 0.361836,	Sq(2) = 0.370071,	Sq(3) = 0.361836,	Sq(4) = 0.361836,	Sq(5) = 0.370071,	Sq(6) = 0.604105,	Sq(7) = 0.370071,	Sq(8) = 0.370071,	Sq(9) = 0.604105,	Sq(10) = 0.611904,	Sq(11) = 0.604105,	Sq(12) = 0.361836,	Sq(13) = 0.370071,	Sq(14) = 0.604105,	Sq(15) = 0.370071,	N(0) = 1.99974,	N(1) = 1.99913,	N(2) = 1,	N(3) = 1.99913,	N(4) = 1.99913,	N(5) = 1,	N(6) = 0.000869864,	N(7) = 1,	N(8) = 1,	N(9) = 0.000869864,	N(10) = 0.000258502,	N(11) = 0.000869864,	N(12) = 1.99913,	N(13) = 1,	N(14) = 0.000869864,	N(15) = 1
The 14-th iteration is completed.	|| time cost : 0h 0m 53.547s
********************************************************************************************************************
********************************************************************************************************************
Ground state is obtained after 15 iterations. The current ground-state energy is -54.3204, in which electron energy is -54.3735 and phonon energy is 0.0530933
final variational state is: 
	Gamma_x = [      1,1.01908,1.03765,1.01908,1.01908,1.03765,1.04547,1.03765,1.03765,1.04547,1.06277,1.04547,1.01908,1.03765,1.04547,1.03765]
	lambda_q = [0.447217,0.381981,0.381169,0.381981,0.381981,0.381169,0.342658,0.381169,0.381169,0.342658, 0.35018,0.342658,0.381981,0.381169,0.342658,0.381169]
********************************************************************************************************************
o___o  ----------------------------------------
| L |	Time since last clock: 0h 0m 0s
A===A	Time since the beginning: 0h 13m 25.952s
***********************************************


********************************************************************************************************************
Warm up runs have been completed. Start calculating W = 5 phonon.
open output files: NGSEDIterationObs.txt
Start the 0 rounds of NGS-ED iteration
	effective electronic model is modified as: kinetic energy t = 0.880785
	                                           effective interaction Vq = [-1.82845,-1.68633,-1.68429,-1.68633,-1.68633,-1.68429, -1.5801,-1.68429,-1.68429, -1.5801,-1.60162, -1.5801,-1.68633,-1.68429, -1.5801,-1.68429]
	PARPACK diagonalization completed after 225 matrix-vector product operations.
	iteration results: : total energy is -49.293456 | electron energy -49.320014 + phonon energy 0.026559 | electron momentum kIdx = 10
	Nq(0) = 16,	Nq(1) = 0.355214,	Nq(2) = 0.370274,	Nq(3) = 0.355214,	Nq(4) = 0.355214,	Nq(5) = 0.370274,	Nq(6) = 0.576116,	Nq(7) = 0.370274,	Nq(8) = 0.370274,	Nq(9) = 0.576116,	Nq(10) = 0.601387,	Nq(11) = 0.576116,	Nq(12) = 0.355214,	Nq(13) = 0.370274,	Nq(14) = 0.576116,	Nq(15) = 0.370274,	Sq(0) = 1.48114e-18,	Sq(1) = 0.376943,	Sq(2) = 0.415273,	Sq(3) = 0.376943,	Sq(4) = 0.376943,	Sq(5) = 0.415273,	Sq(6) = 0.637607,	Sq(7) = 0.415273,	Sq(8) = 0.415273,	Sq(9) = 0.637607,	Sq(10) = 2.90181,	Sq(11) = 0.637607,	Sq(12) = 0.376943,	Sq(13) = 0.415273,	Sq(14) = 0.637607,	Sq(15) = 0.415273,	N(0) = 1.99931,	N(1) = 1.99826,	N(2) = 1,	N(3) = 1.99826,	N(4) = 1.99826,	N(5) = 1,	N(6) = 0.00174191,	N(7) = 1,	N(8) = 1,	N(9) = 0.00174191,	N(10) = 0.0006949,	N(11) = 0.00174191,	N(12) = 1.99826,	N(13) = 1,	N(14) = 0.00174191,	N(15) = 1
The 0-th iteration is completed.	|| time cost : 0h 1m 43.945s
********************************************************************************************************************
Start the 1 rounds of NGS-ED iteration
	effective electronic model is modified as: kinetic energy t = 0.875127
	                                           effective interaction Vq = [-1.93691,-1.78227,-1.67926,-1.78227,-1.78227,-1.67926,-1.64899,-1.67926,-1.67926,-1.64899,-1.60275,-1.64899,-1.78227,-1.67926,-1.64899,-1.67926]
	PARPACK diagonalization completed after 30 matrix-vector product operations.
	iteration results: : total energy is -51.136442 | electron energy -51.209298 + phonon energy 0.072856 | electron momentum kIdx = 10
The 1-th iteration is completed.	|| time cost : 0h 0m 24.088s
********************************************************************************************************************
Start the 2 rounds of NGS-ED iteration
	effective electronic model is modified as: kinetic energy t = 0.870549
	                                           effective interaction Vq = [-1.97681,-1.83009,-1.68048,-1.83009,-1.83009,-1.68048,-1.68786,-1.68048,-1.68048,-1.68786,-1.61002,-1.68786,-1.83009,-1.68048,-1.68786,-1.68048]
	PARPACK diagonalization completed after 30 matrix-vector product operations.
	iteration results: : total energy is -51.809109 | electron energy -51.909362 + phonon energy 0.100253 | electron momentum kIdx = 10
The 2-th iteration is completed.	|| time cost : 0h 0m 23.763s
********************************************************************************************************************
Start the 3 rounds of NGS-ED iteration
	effective electronic model is modified as: kinetic energy t = 0.867502
	                                           effective interaction Vq = [-1.99149,-1.85512,-1.68253,-1.85512,-1.85512,-1.68253,-1.70988,-1.68253,-1.68253,-1.70988,-1.61594,-1.70988,-1.85512,-1.68253,-1.70988,-1.68253]
	PARPACK diagonalization completed after 30 matrix-vector product operations.
	iteration results: : total energy is -52.055408 | electron energy -52.170632 + phonon energy 0.115224 | electron momentum kIdx = 10
The 3-th iteration is completed.	|| time cost : 0h 0m 23.705s
********************************************************************************************************************
Start the 4 rounds of NGS-ED iteration
	effective electronic model is modified as: kinetic energy t = 0.865618
	                                           effective interaction Vq = [-1.99689,-1.86869,-1.68416,-1.86869,-1.86869,-1.68416,-1.72244,-1.68416,-1.68416,-1.72244,-1.61978,-1.72244,-1.86869,-1.68416,-1.72244,-1.68416]
	PARPACK diagonalization completed after 30 matrix-vector product operations.
	iteration results: : total energy is -52.145654 | electron energy -52.269194 + phonon energy 0.123540 | electron momentum kIdx = 10
The 4-th iteration is completed.	|| time cost : 0h 0m 23.652s
********************************************************************************************************************
Start the 5 rounds of NGS-ED iteration
	effective electronic model is modified as: kinetic energy t = 0.86449
	                                           effective interaction Vq = [-1.99887,-1.87622,-1.68526,-1.87622,-1.87622,-1.68526,-1.72965,-1.68526,-1.68526,-1.72965, -1.6221,-1.72965,-1.87622,-1.68526,-1.72965,-1.68526]
	PARPACK diagonalization completed after 30 matrix-vector product operations.
	iteration results: : total energy is -52.178729 | electron energy -52.306979 + phonon energy 0.128250 | electron momentum kIdx = 10
The 5-th iteration is completed.	|| time cost : 0h 0m 22.175s
********************************************************************************************************************
Start the 6 rounds of NGS-ED iteration
	effective electronic model is modified as: kinetic energy t = 0.863827
	                                           effective interaction Vq = [ -1.9996,-1.88045,-1.68594,-1.88045,-1.88045,-1.68594,-1.73379,-1.68594,-1.68594,-1.73379,-1.62345,-1.73379,-1.88045,-1.68594,-1.73379,-1.68594]
	PARPACK diagonalization completed after 30 matrix-vector product operations.
	iteration results: : total energy is -52.190854 | electron energy -52.321804 + phonon energy 0.130950 | electron momentum kIdx = 10
The 6-th iteration is completed.	|| time cost : 0h 0m 20.323s
********************************************************************************************************************
Start the 7 rounds of NGS-ED iteration
	effective electronic model is modified as: kinetic energy t = 0.86344
	                                           effective interaction Vq = [-1.99987,-1.88286,-1.68636,-1.88286,-1.88286,-1.68636,-1.73618,-1.68636,-1.68636,-1.73618,-1.62422,-1.73618,-1.88286,-1.68636,-1.73618,-1.68636]
	PARPACK diagonalization completed after 30 matrix-vector product operations.
	iteration results: : total energy is -52.195299 | electron energy -52.327805 + phonon energy 0.132506 | electron momentum kIdx = 10
The 7-th iteration is completed.	|| time cost : 0h 0m 20.298s
********************************************************************************************************************
Start the 8 rounds of NGS-ED iteration
	effective electronic model is modified as: kinetic energy t = 0.863215
	                                           effective interaction Vq = [-1.99997,-1.88423, -1.6866,-1.88423,-1.88423, -1.6866,-1.73757, -1.6866, -1.6866,-1.73757,-1.62467,-1.73757,-1.88423, -1.6866,-1.73757, -1.6866]
	PARPACK diagonalization completed after 30 matrix-vector product operations.
	iteration results: : total energy is -52.196930 | electron energy -52.330335 + phonon energy 0.133406 | electron momentum kIdx = 10
The 8-th iteration is completed.	|| time cost : 0h 0m 20.308s
********************************************************************************************************************
Start the 9 rounds of NGS-ED iteration
	effective electronic model is modified as: kinetic energy t = 0.863085
	                                           effective interaction Vq = [-2.00001,-1.88501,-1.68675,-1.88501,-1.88501,-1.68675,-1.73836,-1.68675,-1.68675,-1.73836,-1.62492,-1.73836,-1.88501,-1.68675,-1.73836,-1.68675]
	PARPACK diagonalization completed after 30 matrix-vector product operations.
	iteration results: : total energy is -52.197528 | electron energy -52.331453 + phonon energy 0.133926 | electron momentum kIdx = 10
The 9-th iteration is completed.	|| time cost : 0h 0m 20.299s
********************************************************************************************************************
Start the 10 rounds of NGS-ED iteration
	effective electronic model is modified as: kinetic energy t = 0.863009
	                                           effective interaction Vq = [-2.00002,-1.88546,-1.68684,-1.88546,-1.88546,-1.68684,-1.73883,-1.68684,-1.68684,-1.73883,-1.62507,-1.73883,-1.88546,-1.68684,-1.73883,-1.68684]
	PARPACK diagonalization completed after 30 matrix-vector product operations.
	iteration results: : total energy is -52.197747 | electron energy -52.331974 + phonon energy 0.134226 | electron momentum kIdx = 10
	Nq(0) = 16,	Nq(1) = 0.389805,	Nq(2) = 0.368408,	Nq(3) = 0.389805,	Nq(4) = 0.389805,	Nq(5) = 0.368408,	Nq(6) = 0.613626,	Nq(7) = 0.368408,	Nq(8) = 0.368408,	Nq(9) = 0.613626,	Nq(10) = 0.602527,	Nq(11) = 0.613626,	Nq(12) = 0.389805,	Nq(13) = 0.368408,	Nq(14) = 0.613626,	Nq(15) = 0.368408,	Sq(0) = 2.65169e-18,	Sq(1) = 0.375126,	Sq(2) = 0.411253,	Sq(3) = 0.375126,	Sq(4) = 0.375126,	Sq(5) = 0.411253,	Sq(6) = 0.630463,	Sq(7) = 0.411253,	Sq(8) = 0.411253,	Sq(9) = 0.630463,	Sq(10) = 2.68342,	Sq(11) = 0.630463,	Sq(12) = 0.375126,	Sq(13) = 0.411253,	Sq(14) = 0.630463,	Sq(15) = 0.411253,	N(0) = 1.99974,	N(1) = 1.99954,	N(2) = 1,	N(3) = 1.99954,	N(4) = 1.99954,	N(5) = 1,	N(6) = 0.000461038,	N(7) = 1,	N(8) = 1,	N(9) = 0.000461038,	N(10) = 0.000256691,	N(11) = 0.000461038,	N(12) = 1.99954,	N(13) = 1,	N(14) = 0.000461038,	N(15) = 1
The 10-th iteration is completed.	|| time cost : 0h 0m 53.576s
********************************************************************************************************************
Start the 11 rounds of NGS-ED iteration
	effective electronic model is modified as: kinetic energy t = 0.862966
	                                           effective interaction Vq = [-2.00003,-1.88572,-1.68689,-1.88572,-1.88572,-1.68689,-1.73909,-1.68689,-1.68689,-1.73909,-1.62515,-1.73909,-1.88572,-1.68689,-1.73909,-1.68689]
	PARPACK diagonalization completed after 30 matrix-vector product operations.
	iteration results: : total energy is -52.197828 | electron energy -52.332228 + phonon energy 0.134400 | electron momentum kIdx = 10
The 11-th iteration is completed.	|| time cost : 0h 0m 20.33s
********************************************************************************************************************
Start the 12 rounds of NGS-ED iteration
	effective electronic model is modified as: kinetic energy t = 0.86294
	                                           effective interaction Vq = [-2.00003,-1.88587,-1.68692,-1.88587,-1.88587,-1.68692,-1.73925,-1.68692,-1.68692,-1.73925, -1.6252,-1.73925,-1.88587,-1.68692,-1.73925,-1.68692]
	PARPACK diagonalization completed after 30 matrix-vector product operations.
	iteration results: : total energy is -52.197857 | electron energy -52.332359 + phonon energy 0.134501 | electron momentum kIdx = 10
The 12-th iteration is completed.	|| time cost : 0h 0m 20.609s
********************************************************************************************************************
Start the 13 rounds of NGS-ED iteration
	effective electronic model is modified as: kinetic energy t = 0.862926
	                                           effective interaction Vq = [-2.00003,-1.88596,-1.68693,-1.88596,-1.88596,-1.68693,-1.73934,-1.68693,-1.68693,-1.73934,-1.62522,-1.73934,-1.88596,-1.68693,-1.73934,-1.68693]
	PARPACK diagonalization completed after 30 matrix-vector product operations.
	iteration results: : total energy is -52.197868 | electron energy -52.332428 + phonon energy 0.134559 | electron momentum kIdx = 10
The 13-th iteration is completed.	|| time cost : 0h 0m 24.779s
********************************************************************************************************************
Start the 14 rounds of NGS-ED iteration
	effective electronic model is modified as: kinetic energy t = 0.862917
	                                           effective interaction Vq = [-2.00003,-1.88601,-1.68694,-1.88601,-1.88601,-1.68694,-1.73939,-1.68694,-1.68694,-1.73939,-1.62524,-1.73939,-1.88601,-1.68694,-1.73939,-1.68694]
	PARPACK diagonalization completed after 30 matrix-vector product operations.
	iteration results: : total energy is -52.197872 | electron energy -52.332465 + phonon energy 0.134593 | electron momentum kIdx = 10
The 14-th iteration is completed.	|| time cost : 0h 0m 23.491s
********************************************************************************************************************
Start the 15 rounds of NGS-ED iteration
	effective electronic model is modified as: kinetic energy t = 0.862913
	                                           effective interaction Vq = [-2.00003,-1.88603,-1.68695,-1.88603,-1.88603,-1.68695,-1.73942,-1.68695,-1.68695,-1.73942,-1.62525,-1.73942,-1.88603,-1.68695,-1.73942,-1.68695]
	PARPACK diagonalization completed after 30 matrix-vector product operations.
	iteration results: : total energy is -52.197874 | electron energy -52.332486 + phonon energy 0.134612 | electron momentum kIdx = 10
The 15-th iteration is completed.	|| time cost : 0h 0m 22.801s
********************************************************************************************************************
Start the 16 rounds of NGS-ED iteration
	effective electronic model is modified as: kinetic energy t = 0.86291
	                                           effective interaction Vq = [-2.00003,-1.88605,-1.68695,-1.88605,-1.88605,-1.68695,-1.73944,-1.68695,-1.68695,-1.73944,-1.62525,-1.73944,-1.88605,-1.68695,-1.73944,-1.68695]
	PARPACK diagonalization completed after 30 matrix-vector product operations.
	iteration results: : total energy is -52.197874 | electron energy -52.332498 + phonon energy 0.134624 | electron momentum kIdx = 10
The 16-th iteration is completed.	|| time cost : 0h 0m 20.32s
********************************************************************************************************************
Start the 17 rounds of NGS-ED iteration
	effective electronic model is modified as: kinetic energy t = 0.862908
	                                           effective interaction Vq = [-2.00003,-1.88606,-1.68696,-1.88606,-1.88606,-1.68696,-1.73945,-1.68696,-1.68696,-1.73945,-1.62525,-1.73945,-1.88606,-1.68696,-1.73945,-1.68696]
	PARPACK diagonalization completed after 30 matrix-vector product operations.
	iteration results: : total energy is -52.197875 | electron energy -52.332505 + phonon energy 0.134630 | electron momentum kIdx = 10
The 17-th iteration is completed.	|| time cost : 0h 0m 20.374s
********************************************************************************************************************
Start the 18 rounds of NGS-ED iteration
	effective electronic model is modified as: kinetic energy t = 0.862907
	                                           effective interaction Vq = [-2.00003,-1.88606,-1.68696,-1.88606,-1.88606,-1.68696,-1.73945,-1.68696,-1.68696,-1.73945,-1.62526,-1.73945,-1.88606,-1.68696,-1.73945,-1.68696]
	PARPACK diagonalization completed after 30 matrix-vector product operations.
	iteration results: : total energy is -52.197875 | electron energy -52.332508 + phonon energy 0.134634 | electron momentum kIdx = 10
The 18-th iteration is completed.	|| time cost : 0h 0m 20.323s
********************************************************************************************************************
Start the 19 rounds of NGS-ED iteration
	effective electronic model is modified as: kinetic energy t = 0.862907
	                                           effective interaction Vq = [-2.00003,-1.88607,-1.68696,-1.88607,-1.88607,-1.68696,-1.73946,-1.68696,-1.68696,-1.73946,-1.62526,-1.73946,-1.88607,-1.68696,-1.73946,-1.68696]
	PARPACK diagonalization completed after 30 matrix-vector product operations.
	iteration results: : total energy is -52.197875 | electron energy -52.332511 + phonon energy 0.134636 | electron momentum kIdx = 10
The 19-th iteration is completed.	|| time cost : 0h 0m 20.297s
********************************************************************************************************************
Start the 20 rounds of NGS-ED iteration
	effective electronic model is modified as: kinetic energy t = 0.862906
	                                           effective interaction Vq = [-2.00003,-1.88607,-1.68696,-1.88607,-1.88607,-1.68696,-1.73946,-1.68696,-1.68696,-1.73946,-1.62526,-1.73946,-1.88607,-1.68696,-1.73946,-1.68696]
	PARPACK diagonalization completed after 30 matrix-vector product operations.
	iteration results: : total energy is -52.197875 | electron energy -52.332512 + phonon energy 0.134637 | electron momentum kIdx = 10
	Nq(0) = 16,	Nq(1) = 0.389927,	Nq(2) = 0.368405,	Nq(3) = 0.389927,	Nq(4) = 0.389927,	Nq(5) = 0.368405,	Nq(6) = 0.613785,	Nq(7) = 0.368405,	Nq(8) = 0.368405,	Nq(9) = 0.613785,	Nq(10) = 0.602535,	Nq(11) = 0.613785,	Nq(12) = 0.389927,	Nq(13) = 0.368405,	Nq(14) = 0.613785,	Nq(15) = 0.368405,	Sq(0) = 5.75436e-18,	Sq(1) = 0.375116,	Sq(2) = 0.411234,	Sq(3) = 0.375116,	Sq(4) = 0.375116,	Sq(5) = 0.411234,	Sq(6) = 0.630428,	Sq(7) = 0.411234,	Sq(8) = 0.411234,	Sq(9) = 0.630428,	Sq(10) = 2.6826,	Sq(11) = 0.630428,	Sq(12) = 0.375116,	Sq(13) = 0.411234,	Sq(14) = 0.630428,	Sq(15) = 0.411234,	N(0) = 1.99974,	N(1) = 1.99954,	N(2) = 1,	N(3) = 1.99954,	N(4) = 1.99954,	N(5) = 1,	N(6) = 0.000461743,	N(7) = 1,	N(8) = 1,	N(9) = 0.000461743,	N(10) = 0.000255835,	N(11) = 0.000461743,	N(12) = 1.99954,	N(13) = 1,	N(14) = 0.000461743,	N(15) = 1
The 20-th iteration is completed.	|| time cost : 0h 0m 53.578s
********************************************************************************************************************
Start the 21 rounds of NGS-ED iteration
	effective electronic model is modified as: kinetic energy t = 0.862906
	                                           effective interaction Vq = [-2.00003,-1.88607,-1.68696,-1.88607,-1.88607,-1.68696,-1.73946,-1.68696,-1.68696,-1.73946,-1.62526,-1.73946,-1.88607,-1.68696,-1.73946,-1.68696]
	PARPACK diagonalization completed after 30 matrix-vector product operations.
	iteration results: : total energy is -52.197875 | electron energy -52.332513 + phonon energy 0.134638 | electron momentum kIdx = 10
The 21-th iteration is completed.	|| time cost : 0h 0m 20.382s
********************************************************************************************************************
Start the 22 rounds of NGS-ED iteration
	effective electronic model is modified as: kinetic energy t = 0.862906
	                                           effective interaction Vq = [-2.00003,-1.88607,-1.68696,-1.88607,-1.88607,-1.68696,-1.73946,-1.68696,-1.68696,-1.73946,-1.62526,-1.73946,-1.88607,-1.68696,-1.73946,-1.68696]
	PARPACK diagonalization completed after 30 matrix-vector product operations.
	iteration results: : total energy is -52.197875 | electron energy -52.332513 + phonon energy 0.134638 | electron momentum kIdx = 10
The 22-th iteration is completed.	|| time cost : 0h 0m 20.335s
********************************************************************************************************************
Start the 23 rounds of NGS-ED iteration
	effective electronic model is modified as: kinetic energy t = 0.862906
	                                           effective interaction Vq = [-2.00003,-1.88607,-1.68696,-1.88607,-1.88607,-1.68696,-1.73946,-1.68696,-1.68696,-1.73946,-1.62526,-1.73946,-1.88607,-1.68696,-1.73946,-1.68696]
	PARPACK diagonalization completed after 30 matrix-vector product operations.
	iteration results: : total energy is -52.197875 | electron energy -52.332513 + phonon energy 0.134639 | electron momentum kIdx = 10
The 23-th iteration is completed.	|| time cost : 0h 0m 20.305s
********************************************************************************************************************
Start the 24 rounds of NGS-ED iteration
	effective electronic model is modified as: kinetic energy t = 0.862906
	                                           effective interaction Vq = [-2.00003,-1.88607,-1.68696,-1.88607,-1.88607,-1.68696,-1.73946,-1.68696,-1.68696,-1.73946,-1.62526,-1.73946,-1.88607,-1.68696,-1.73946,-1.68696]
	PARPACK diagonalization completed after 30 matrix-vector product operations.
	iteration results: : total energy is -52.197875 | electron energy -52.332513 + phonon energy 0.134639 | electron momentum kIdx = 10
	Nq(0) = 16,	Nq(1) = 0.389927,	Nq(2) = 0.368405,	Nq(3) = 0.389927,	Nq(4) = 0.389927,	Nq(5) = 0.368405,	Nq(6) = 0.613786,	Nq(7) = 0.368405,	Nq(8) = 0.368405,	Nq(9) = 0.613786,	Nq(10) = 0.602535,	Nq(11) = 0.613786,	Nq(12) = 0.389927,	Nq(13) = 0.368405,	Nq(14) = 0.613786,	Nq(15) = 0.368405,	Sq(0) = 1.47229e-18,	Sq(1) = 0.375116,	Sq(2) = 0.411234,	Sq(3) = 0.375116,	Sq(4) = 0.375116,	Sq(5) = 0.411234,	Sq(6) = 0.630428,	Sq(7) = 0.411234,	Sq(8) = 0.411234,	Sq(9) = 0.630428,	Sq(10) = 2.6826,	Sq(11) = 0.630428,	Sq(12) = 0.375116,	Sq(13) = 0.411234,	Sq(14) = 0.630428,	Sq(15) = 0.411234,	N(0) = 1.99974,	N(1) = 1.99954,	N(2) = 1,	N(3) = 1.99954,	N(4) = 1.99954,	N(5) = 1,	N(6) = 0.000461745,	N(7) = 1,	N(8) = 1,	N(9) = 0.000461745,	N(10) = 0.000255832,	N(11) = 0.000461745,	N(12) = 1.99954,	N(13) = 1,	N(14) = 0.000461745,	N(15) = 1
The 24-th iteration is completed.	|| time cost : 0h 0m 55.404s
********************************************************************************************************************
********************************************************************************************************************
Ground state is obtained after 25 iterations. The current ground-state energy is -52.1979, in which electron energy is -52.3325 and phonon energy is 0.134639
final variational state is: 
	Gamma_x = [      1,1.05829,1.07295,1.05829,1.05829,1.07295,1.11966,1.07295,1.07295,1.11966,1.12531,1.11966,1.05829,1.07295,1.11966,1.07295]
	lambda_q = [0.632459,0.481492,0.382232,0.481492,0.481492,0.382232,0.404177,0.382232,0.382232,0.404177,0.358682,0.404177,0.481492,0.382232,0.404177,0.382232]
