SNEDics v3.4 Non-Gaussian ED ground state program		Start at Tue Oct  1 12:05:14 2019

parallized on 16 MPI threads  * 8 OpenMP threads = 128 total threads.
********************************************************************************************************************
********************************************************************************************************************

********************************************************************************************************************
System parameters and configurations
********************************************************************************************************************
Special program options are enabled: splitted diagonal Hamiltonian
********************************************************************************************************************
Read input file "model_params.in"
	Hubbard-Holstein model parameters : 	t = 1    U = 4.1    g = 3.937    W = 5    
********************************************************************************************************************
Read input file "hilbertspace_params.in"
	Requested 16-site 2D lattice, with 16 electrons (8, 8)
	Boundary : Periodic		Hilbert space representation : momentum-space (restricted to kIdx = 0)
	Conservation: particle number[U(1)]      spin[U(1)]     momentum
********************************************************************************************************************

Cluster Positions:				Cluster symmetry group : D4
 x ... x ... x ... x .....                       x ... x ... x ... x .....
 |           |           :                       |           |           :
 |           |           :                       |           |           :
12    13    14    15     x                       1     5     6     5     x
 |           |           :                       |           |           :
 |           |           :                       |           |           :
 8 --- 9 ---10 ---11 --- x                       2 --- 6 ---10 --- 6 --- x
 |           |           :                       |           |           :
 |           |           :                       |           |           :
 4     5     6     7     x                       1     5     6     5     x
 |           |           :                       |           |           :
 |           |           :                       |           |           :
 0 --- 1 --- 2 --- 3 --- x                       0 --- 1 --- 2 --- 1 --- x
orbital number : 1
********************************************************************************************************************
Read input file "obs_params.in"
	Observable Type : Nq(All),   Sq(All),   N(All),   Delta[s](All),   Delta[d](All),   Delta[s+](All)
********************************************************************************************************************
** WARNING ** the input observables have non-local factors which have been reinterpreted. The total observable number is 96
********************************************************************************************************************


********************************************************************************************************************
Start calculating the non-Gaussian ED ground state
** WARNING ** Detected low phonon energy W < 10. The initial state will be prepared through a warm-up process.
********************************************************************************************************************
Start warm-up calculation for scaling factor 2
open output files: NGSEDWarmUpW10Obs.txt
********************************************************************************************************************
Start the 0 rounds of NGS-ED iteration
	effective electronic model is modified as: kinetic energy t = 1
	                                           effective interaction Vq = [-0,-0,-0,-0,-0,-0,-0,-0,-0,-0,-0,-0,-0,-0,-0,-0]
	first Hamiltonian is constructed, non-zero numbers = 2845383612
	PARPACK diagonalization completed after 90 matrix-vector product operations.
	iteration results: : total energy is -13.439319 | electron energy -13.439319 + phonon energy 0.000000 | electron momentum kIdx = 0
	Nq(0) = 16,	Nq(1) = 0.153932,	Nq(2) = 0.229221,	Nq(3) = 0.153932,	Nq(4) = 0.153932,	Nq(5) = 0.229221,	Nq(6) = 0.311837,	Nq(7) = 0.229221,	Nq(8) = 0.229221,	Nq(9) = 0.311837,	Nq(10) = 0.379138,	Nq(11) = 0.311837,	Nq(12) = 0.153932,	Nq(13) = 0.229221,	Nq(14) = 0.311837,	Nq(15) = 0.229221,	Sq(0) = -3.73258e-18,	Sq(1) = 0.427186,	Sq(2) = 0.624572,	Sq(3) = 0.427186,	Sq(4) = 0.427186,	Sq(5) = 0.624572,	Sq(6) = 0.808187,	Sq(7) = 0.624572,	Sq(8) = 0.624572,	Sq(9) = 0.808187,	Sq(10) = 3.69354,	Sq(11) = 0.808187,	Sq(12) = 0.427186,	Sq(13) = 0.624572,	Sq(14) = 0.808187,	Sq(15) = 0.624572,	N(0) = 1.92779,	N(1) = 1.83956,	N(2) = 1,	N(3) = 1.83956,	N(4) = 1.83956,	N(5) = 1,	N(6) = 0.16044,	N(7) = 1,	N(8) = 1,	N(9) = 0.16044,	N(10) = 0.0722099,	N(11) = 0.16044,	N(12) = 1.83956,	N(13) = 1,	N(14) = 0.16044,	N(15) = 1,	Delta[s](0) = 0.168813,	Delta[s](1) = 0.14425,	Delta[s](2) = 0.114188,	Delta[s](3) = 0.14425,	Delta[s](4) = 0.14425,	Delta[s](5) = 0.114188,	Delta[s](6) = 0.0867124,	Delta[s](7) = 0.114188,	Delta[s](8) = 0.114188,	Delta[s](9) = 0.0867124,	Delta[s](10) = 0.0309779,	Delta[s](11) = 0.0867124,	Delta[s](12) = 0.14425,	Delta[s](13) = 0.114188,	Delta[s](14) = 0.0867124,	Delta[s](15) = 0.114188,	Delta[d](0) = 0.557425,	Delta[d](1) = 0.382806,	Delta[d](2) = 0.307471,	Delta[d](3) = 0.382806,	Delta[d](4) = 0.382806,	Delta[d](5) = 0.326237,	Delta[d](6) = 0.236138,	Delta[d](7) = 0.326237,	Delta[d](8) = 0.307471,	Delta[d](9) = 0.236138,	Delta[d](10) = 0.105297,	Delta[d](11) = 0.236138,	Delta[d](12) = 0.382806,	Delta[d](13) = 0.326237,	Delta[d](14) = 0.236138,	Delta[d](15) = 0.326237,	Delta[s+](0) = 0.58801,	Delta[s+](1) = 0.467049,	Delta[s+](2) = 0.307471,	Delta[s+](3) = 0.467049,	Delta[s+](4) = 0.467049,	Delta[s+](5) = 0.307471,	Delta[s+](6) = 0.154979,	Delta[s+](7) = 0.307471,	Delta[s+](8) = 0.307471,	Delta[s+](9) = 0.154979,	Delta[s+](10) = 0.0391948,	Delta[s+](11) = 0.154979,	Delta[s+](12) = 0.467049,	Delta[s+](13) = 0.307471,	Delta[s+](14) = 0.154979,	Delta[s+](15) = 0.307471
The 0-th iteration is completed.	|| time cost : 0h 8m 21.576s
********************************************************************************************************************
Start the 1 rounds of NGS-ED iteration
	effective electronic model is modified as: kinetic energy t = 0.923658
	                                           effective interaction Vq = [-2.68046,-2.44065,-2.36191,-2.44065,-2.44065,-2.36191,-2.33215,-2.36191,-2.36191,-2.33215, -2.3015,-2.33215,-2.44065,-2.36191,-2.33215,-2.36191]
	PARPACK diagonalization completed after 75 matrix-vector product operations.
	iteration results: : total energy is -67.977260 | electron energy -67.982935 + phonon energy 0.005674 | electron momentum kIdx = 0
The 1-th iteration is completed.	|| time cost : 0h 7m 55.668s
********************************************************************************************************************
Start the 2 rounds of NGS-ED iteration
	effective electronic model is modified as: kinetic energy t = 0.852939
	                                           effective interaction Vq = [-3.04322,-2.92717,-2.90756,-2.92717,-2.92717,-2.90756,-2.82924,-2.90756,-2.90756,-2.82924,-2.83797,-2.82924,-2.92717,-2.90756,-2.82924,-2.90756]
	PARPACK diagonalization completed after 60 matrix-vector product operations.
	iteration results: : total energy is -77.387570 | electron energy -77.437402 + phonon energy 0.049832 | electron momentum kIdx = 0
The 2-th iteration is completed.	|| time cost : 0h 0m 36.775s
********************************************************************************************************************
Start the 3 rounds of NGS-ED iteration
	effective electronic model is modified as: kinetic energy t = 0.822981
	                                           effective interaction Vq = [-3.09231,-3.02652,-3.01623,-3.02652,-3.02652,-3.01623,-2.95073,-3.01623,-3.01623,-2.95073,-2.98823,-2.95073,-3.02652,-3.01623,-2.95073,-3.01623]
	PARPACK diagonalization completed after 45 matrix-vector product operations.
	iteration results: : total energy is -78.713096 | electron energy -78.801915 + phonon energy 0.088819 | electron momentum kIdx = 0
The 3-th iteration is completed.	|| time cost : 0h 0m 32.044s
********************************************************************************************************************
Start the 4 rounds of NGS-ED iteration
	effective electronic model is modified as: kinetic energy t = 0.812231
	                                           effective interaction Vq = [-3.09895,-3.05027,-3.03533,-3.05027,-3.05027,-3.03533,-2.98464,-3.03533,-3.03533,-2.98464,-3.05422,-2.98464,-3.05027,-3.03533,-2.98464,-3.03533]
	PARPACK diagonalization completed after 45 matrix-vector product operations.
	iteration results: : total energy is -78.959655 | electron energy -79.067439 + phonon energy 0.107784 | electron momentum kIdx = 0
The 4-th iteration is completed.	|| time cost : 0h 0m 32.1s
********************************************************************************************************************
Start the 5 rounds of NGS-ED iteration
	effective electronic model is modified as: kinetic energy t = 0.814468
	                                           effective interaction Vq = [-3.09985,-3.04875,-3.00818,-3.04875,-3.04875,-3.00818,-2.98237,-3.00818,-3.00818,-2.98237,-3.08399,-2.98237,-3.04875,-3.00818,-2.98237,-3.00818]
	PARPACK diagonalization completed after 45 matrix-vector product operations.
	iteration results: : total energy is -79.080171 | electron energy -79.192782 + phonon energy 0.112611 | electron momentum kIdx = 0
The 5-th iteration is completed.	|| time cost : 0h 0m 32.474s
********************************************************************************************************************
Start the 6 rounds of NGS-ED iteration
	effective electronic model is modified as: kinetic energy t = 0.820551
	                                           effective interaction Vq = [-3.09997,-3.03867,-2.96765,-3.03867,-3.03867,-2.96765,-2.96808,-2.96765,-2.96765,-2.96808,-3.09241,-2.96808,-3.03867,-2.96765,-2.96808,-2.96765]
	PARPACK diagonalization completed after 45 matrix-vector product operations.
	iteration results: : total energy is -79.126043 | electron energy -79.236508 + phonon energy 0.110464 | electron momentum kIdx = 0
The 6-th iteration is completed.	|| time cost : 0h 0m 32.108s
********************************************************************************************************************
Start the 7 rounds of NGS-ED iteration
	effective electronic model is modified as: kinetic energy t = 0.824185
	                                           effective interaction Vq = [-3.09999,-3.03064,-2.94379,-3.03064,-3.03064,-2.94379,-2.95721,-2.94379,-2.94379,-2.95721,-3.09481,-2.95721,-3.03064,-2.94379,-2.95721,-2.94379]
	PARPACK diagonalization completed after 30 matrix-vector product operations.
	iteration results: : total energy is -79.136377 | electron energy -79.244043 + phonon energy 0.107666 | electron momentum kIdx = 0
The 7-th iteration is completed.	|| time cost : 0h 0m 27.743s
********************************************************************************************************************
Start the 8 rounds of NGS-ED iteration
	effective electronic model is modified as: kinetic energy t = 0.825964
	                                           effective interaction Vq = [-3.09999,-3.02591, -2.9327,-3.02591,-3.02591, -2.9327,-2.95097, -2.9327, -2.9327,-2.95097,-3.09559,-2.95097,-3.02591, -2.9327,-2.95097, -2.9327]
	PARPACK diagonalization completed after 30 matrix-vector product operations.
	iteration results: : total energy is -79.138426 | electron energy -79.244312 + phonon energy 0.105886 | electron momentum kIdx = 0
The 8-th iteration is completed.	|| time cost : 0h 0m 27.688s
********************************************************************************************************************
Start the 9 rounds of NGS-ED iteration
	effective electronic model is modified as: kinetic energy t = 0.826797
	                                           effective interaction Vq = [-3.09999,-3.02343,-2.92785,-3.02343,-3.02343,-2.92785,-2.94772,-2.92785,-2.92785,-2.94772,-3.09587,-2.94772,-3.02343,-2.92785,-2.94772,-2.92785]
	PARPACK diagonalization completed after 30 matrix-vector product operations.
	iteration results: : total energy is -79.138831 | electron energy -79.243774 + phonon energy 0.104944 | electron momentum kIdx = 0
The 9-th iteration is completed.	|| time cost : 0h 0m 27.365s
********************************************************************************************************************
Start the 10 rounds of NGS-ED iteration
	effective electronic model is modified as: kinetic energy t = 0.827183
	                                           effective interaction Vq = [-3.09999, -3.0222,-2.92575, -3.0222, -3.0222,-2.92575,-2.94611,-2.92575,-2.92575,-2.94611,-3.09598,-2.94611, -3.0222,-2.92575,-2.94611,-2.92575]
	PARPACK diagonalization completed after 30 matrix-vector product operations.
	iteration results: : total energy is -79.138912 | electron energy -79.243390 + phonon energy 0.104478 | electron momentum kIdx = 0
	Nq(0) = 16,	Nq(1) = 0.300601,	Nq(2) = 0.359218,	Nq(3) = 0.300601,	Nq(4) = 0.300601,	Nq(5) = 0.359218,	Nq(6) = 0.572005,	Nq(7) = 0.359218,	Nq(8) = 0.359218,	Nq(9) = 0.572005,	Nq(10) = 5.59889,	Nq(11) = 0.572005,	Nq(12) = 0.300601,	Nq(13) = 0.359218,	Nq(14) = 0.572005,	Nq(15) = 0.359218,	Sq(0) = -4.07604e-18,	Sq(1) = 0.219405,	Sq(2) = 0.290805,	Sq(3) = 0.219405,	Sq(4) = 0.219405,	Sq(5) = 0.290805,	Sq(6) = 0.412461,	Sq(7) = 0.290805,	Sq(8) = 0.290805,	Sq(9) = 0.412461,	Sq(10) = 0.483085,	Sq(11) = 0.412461,	Sq(12) = 0.219405,	Sq(13) = 0.290805,	Sq(14) = 0.412461,	Sq(15) = 0.290805,	N(0) = 1.97156,	N(1) = 1.92566,	N(2) = 1,	N(3) = 1.92566,	N(4) = 1.92566,	N(5) = 1,	N(6) = 0.0743379,	N(7) = 1,	N(8) = 1,	N(9) = 0.0743379,	N(10) = 0.0284392,	N(11) = 0.0743379,	N(12) = 1.92566,	N(13) = 1,	N(14) = 0.0743379,	N(15) = 1,	Delta[s](0) = 0.521478,	Delta[s](1) = 0.376429,	Delta[s](2) = 0.35519,	Delta[s](3) = 0.376429,	Delta[s](4) = 0.376429,	Delta[s](5) = 0.35519,	Delta[s](6) = 0.301199,	Delta[s](7) = 0.35519,	Delta[s](8) = 0.35519,	Delta[s](9) = 0.301199,	Delta[s](10) = 0.259187,	Delta[s](11) = 0.301199,	Delta[s](12) = 0.376429,	Delta[s](13) = 0.35519,	Delta[s](14) = 0.301199,	Delta[s](15) = 0.35519,	Delta[d](0) = 0.209703,	Delta[d](1) = 0.197006,	Delta[d](2) = 0.200346,	Delta[d](3) = 0.197006,	Delta[d](4) = 0.197006,	Delta[d](5) = 0.133373,	Delta[d](6) = 0.158583,	Delta[d](7) = 0.133373,	Delta[d](8) = 0.200346,	Delta[d](9) = 0.158583,	Delta[d](10) = 0.0570945,	Delta[d](11) = 0.158583,	Delta[d](12) = 0.197006,	Delta[d](13) = 0.133373,	Delta[d](14) = 0.158583,	Delta[d](15) = 0.133373,	Delta[s+](0) = 0.386663,	Delta[s+](1) = 0.308388,	Delta[s+](2) = 0.200346,	Delta[s+](3) = 0.308388,	Delta[s+](4) = 0.308388,	Delta[s+](5) = 0.200346,	Delta[s+](6) = 0.089626,	Delta[s+](7) = 0.200346,	Delta[s+](8) = 0.200346,	Delta[s+](9) = 0.089626,	Delta[s+](10) = 0.0316749,	Delta[s+](11) = 0.089626,	Delta[s+](12) = 0.308388,	Delta[s+](13) = 0.200346,	Delta[s+](14) = 0.089626,	Delta[s+](15) = 0.200346
The 10-th iteration is completed.	|| time cost : 0h 4m 31.015s
********************************************************************************************************************
Start the 11 rounds of NGS-ED iteration
	effective electronic model is modified as: kinetic energy t = 0.82736
	                                           effective interaction Vq = [-3.09999,-3.02161,-2.92484,-3.02161,-3.02161,-2.92484,-2.94534,-2.92484,-2.92484,-2.94534,-3.09602,-2.94534,-3.02161,-2.92484,-2.94534,-2.92484]
	PARPACK diagonalization completed after 30 matrix-vector product operations.
	iteration results: : total energy is -79.138928 | electron energy -79.243184 + phonon energy 0.104256 | electron momentum kIdx = 0
The 11-th iteration is completed.	|| time cost : 0h 0m 27.655s
********************************************************************************************************************
Start the 12 rounds of NGS-ED iteration
	effective electronic model is modified as: kinetic energy t = 0.827441
	                                           effective interaction Vq = [-3.09999,-3.02133,-2.92445,-3.02133,-3.02133,-2.92445,-2.94497,-2.92445,-2.92445,-2.94497,-3.09604,-2.94497,-3.02133,-2.92445,-2.94497,-2.92445]
	PARPACK diagonalization completed after 30 matrix-vector product operations.
	iteration results: : total energy is -79.138932 | electron energy -79.243083 + phonon energy 0.104151 | electron momentum kIdx = 0
	Nq(0) = 16,	Nq(1) = 0.300163,	Nq(2) = 0.358861,	Nq(3) = 0.300163,	Nq(4) = 0.300163,	Nq(5) = 0.358861,	Nq(6) = 0.571345,	Nq(7) = 0.358861,	Nq(8) = 0.358861,	Nq(9) = 0.571345,	Nq(10) = 5.60584,	Nq(11) = 0.571345,	Nq(12) = 0.300163,	Nq(13) = 0.358861,	Nq(14) = 0.571345,	Nq(15) = 0.358861,	Sq(0) = -2.59271e-18,	Sq(1) = 0.219356,	Sq(2) = 0.290777,	Sq(3) = 0.219356,	Sq(4) = 0.219356,	Sq(5) = 0.290777,	Sq(6) = 0.412444,	Sq(7) = 0.290777,	Sq(8) = 0.290777,	Sq(9) = 0.412444,	Sq(10) = 0.483099,	Sq(11) = 0.412444,	Sq(12) = 0.219356,	Sq(13) = 0.290777,	Sq(14) = 0.412444,	Sq(15) = 0.290777,	N(0) = 1.97155,	N(1) = 1.92557,	N(2) = 1,	N(3) = 1.92557,	N(4) = 1.92557,	N(5) = 1,	N(6) = 0.0744337,	N(7) = 1,	N(8) = 1,	N(9) = 0.0744337,	N(10) = 0.0284482,	N(11) = 0.0744337,	N(12) = 1.92557,	N(13) = 1,	N(14) = 0.0744337,	N(15) = 1,	Delta[s](0) = 0.520912,	Delta[s](1) = 0.376474,	Delta[s](2) = 0.355216,	Delta[s](3) = 0.376474,	Delta[s](4) = 0.376474,	Delta[s](5) = 0.355216,	Delta[s](6) = 0.301255,	Delta[s](7) = 0.355216,	Delta[s](8) = 0.355216,	Delta[s](9) = 0.301255,	Delta[s](10) = 0.259395,	Delta[s](11) = 0.301255,	Delta[s](12) = 0.376474,	Delta[s](13) = 0.355216,	Delta[s](14) = 0.301255,	Delta[s](15) = 0.355216,	Delta[d](0) = 0.20958,	Delta[d](1) = 0.196876,	Delta[d](2) = 0.200274,	Delta[d](3) = 0.196876,	Delta[d](4) = 0.196876,	Delta[d](5) = 0.133247,	Delta[d](6) = 0.158443,	Delta[d](7) = 0.133247,	Delta[d](8) = 0.200274,	Delta[d](9) = 0.158443,	Delta[d](10) = 0.056964,	Delta[d](11) = 0.158443,	Delta[d](12) = 0.196876,	Delta[d](13) = 0.133247,	Delta[d](14) = 0.158443,	Delta[d](15) = 0.133247,	Delta[s+](0) = 0.386673,	Delta[s+](1) = 0.308337,	Delta[s+](2) = 0.200274,	Delta[s+](3) = 0.308337,	Delta[s+](4) = 0.308337,	Delta[s+](5) = 0.200274,	Delta[s+](6) = 0.0895353,	Delta[s+](7) = 0.200274,	Delta[s+](8) = 0.200274,	Delta[s+](9) = 0.0895353,	Delta[s+](10) = 0.0316137,	Delta[s+](11) = 0.0895353,	Delta[s+](12) = 0.308337,	Delta[s+](13) = 0.200274,	Delta[s+](14) = 0.0895353,	Delta[s+](15) = 0.200274
The 12-th iteration is completed.	|| time cost : 0h 4m 34.94s
********************************************************************************************************************
********************************************************************************************************************
Ground state is obtained after 13 iterations. The current ground-state energy is -79.1389, in which electron energy is -79.2431 and phonon energy is 0.104151
final variational state is: 
	Gamma_x = [      1,1.02526,1.04119,1.02526,1.02526,1.04119,1.06344,1.04119,1.04119,1.06344,1.12664,1.06344,1.02526,1.04119,1.06344,1.04119]
	lambda_q = [0.556775,0.468012,0.424216,0.468012,0.468012,0.424216,0.432199,0.424216,0.424216,0.432199,0.536911,0.432199,0.468012,0.424216,0.432199,0.424216]
********************************************************************************************************************
o___o  ----------------------------------------
| L |	Time since last clock: 0h 0m 0s
A===A	Time since the beginning: 0h 29m 59.158s
***********************************************


********************************************************************************************************************
Warm up runs have been completed. Start calculating W = 5 phonon.
open output files: NGSEDIterationObs.txt
********************************************************************************************************************
Start the 0 rounds of NGS-ED iteration
	effective electronic model is modified as: kinetic energy t = 0.827478
	                                           effective interaction Vq = [-2.83405,-2.58995,-2.44048,-2.58995,-2.58995,-2.44048,-2.46916,-2.44048,-2.44048,-2.46916,-2.78627,-2.46916,-2.58995,-2.44048,-2.46916,-2.44048]
	PARPACK diagonalization completed after 45 matrix-vector product operations.
	iteration results: : total energy is -70.661144 | electron energy -70.713195 + phonon energy 0.052051 | electron momentum kIdx = 0
	Nq(0) = 16,	Nq(1) = 0.286481,	Nq(2) = 0.340189,	Nq(3) = 0.286481,	Nq(4) = 0.286481,	Nq(5) = 0.340189,	Nq(6) = 0.530336,	Nq(7) = 0.340189,	Nq(8) = 0.340189,	Nq(9) = 0.530336,	Nq(10) = 5.43986,	Nq(11) = 0.530336,	Nq(12) = 0.286481,	Nq(13) = 0.340189,	Nq(14) = 0.530336,	Nq(15) = 0.340189,	Sq(0) = -4.12505e-18,	Sq(1) = 0.246718,	Sq(2) = 0.314347,	Sq(3) = 0.246718,	Sq(4) = 0.246718,	Sq(5) = 0.314347,	Sq(6) = 0.461397,	Sq(7) = 0.314347,	Sq(8) = 0.314347,	Sq(9) = 0.461397,	Sq(10) = 0.533202,	Sq(11) = 0.461397,	Sq(12) = 0.246718,	Sq(13) = 0.314347,	Sq(14) = 0.461397,	Sq(15) = 0.314347,	N(0) = 1.98293,	N(1) = 1.94801,	N(2) = 1,	N(3) = 1.94801,	N(4) = 1.94801,	N(5) = 1,	N(6) = 0.0519863,	N(7) = 1,	N(8) = 1,	N(9) = 0.0519863,	N(10) = 0.0170677,	N(11) = 0.0519863,	N(12) = 1.94801,	N(13) = 1,	N(14) = 0.0519863,	N(15) = 1,	Delta[s](0) = 0.433575,	Delta[s](1) = 0.356271,	Delta[s](2) = 0.340672,	Delta[s](3) = 0.356271,	Delta[s](4) = 0.356271,	Delta[s](5) = 0.340672,	Delta[s](6) = 0.298471,	Delta[s](7) = 0.340672,	Delta[s](8) = 0.340672,	Delta[s](9) = 0.298471,	Delta[s](10) = 0.27755,	Delta[s](11) = 0.298471,	Delta[s](12) = 0.356271,	Delta[s](13) = 0.340672,	Delta[s](14) = 0.298471,	Delta[s](15) = 0.340672,	Delta[d](0) = 0.215254,	Delta[d](1) = 0.206481,	Delta[d](2) = 0.212936,	Delta[d](3) = 0.206481,	Delta[d](4) = 0.206481,	Delta[d](5) = 0.137884,	Delta[d](6) = 0.16631,	Delta[d](7) = 0.137884,	Delta[d](8) = 0.212936,	Delta[d](9) = 0.16631,	Delta[d](10) = 0.0604365,	Delta[d](11) = 0.16631,	Delta[d](12) = 0.206481,	Delta[d](13) = 0.137884,	Delta[d](14) = 0.16631,	Delta[d](15) = 0.137884,	Delta[s+](0) = 0.422267,	Delta[s+](1) = 0.329851,	Delta[s+](2) = 0.212936,	Delta[s+](3) = 0.329851,	Delta[s+](4) = 0.329851,	Delta[s+](5) = 0.212936,	Delta[s+](6) = 0.0946341,	Delta[s+](7) = 0.212936,	Delta[s+](8) = 0.212936,	Delta[s+](9) = 0.0946341,	Delta[s+](10) = 0.0338927,	Delta[s+](11) = 0.0946341,	Delta[s+](12) = 0.329851,	Delta[s+](13) = 0.212936,	Delta[s+](14) = 0.0946341,	Delta[s+](15) = 0.212936
The 0-th iteration is completed.	|| time cost : 0h 4m 29.169s
********************************************************************************************************************
Start the 1 rounds of NGS-ED iteration
	effective electronic model is modified as: kinetic energy t = 0.804301
	                                           effective interaction Vq = [-3.00216,-2.73675,-2.54854,-2.73675,-2.73675,-2.54854,-2.58425,-2.54854,-2.54854,-2.58425,-2.97619,-2.58425,-2.73675,-2.54854,-2.58425,-2.54854]
	PARPACK diagonalization completed after 30 matrix-vector product operations.
	iteration results: : total energy is -74.454302 | electron energy -74.616557 + phonon energy 0.162255 | electron momentum kIdx = 0
The 1-th iteration is completed.	|| time cost : 0h 0m 27.762s
********************************************************************************************************************
Start the 2 rounds of NGS-ED iteration
	effective electronic model is modified as: kinetic energy t = 0.794364
	                                           effective interaction Vq = [  -3.064,-2.78069, -2.5878,-2.78069,-2.78069, -2.5878,-2.62095, -2.5878, -2.5878,-2.62095,-3.05054,-2.62095,-2.78069, -2.5878,-2.62095, -2.5878]
	PARPACK diagonalization completed after 30 matrix-vector product operations.
	iteration results: : total energy is -75.846040 | electron energy -76.078165 + phonon energy 0.232125 | electron momentum kIdx = 0
The 2-th iteration is completed.	|| time cost : 0h 0m 27.618s
********************************************************************************************************************
Start the 3 rounds of NGS-ED iteration
	effective electronic model is modified as: kinetic energy t = 0.790924
	                                           effective interaction Vq = [-3.08675,-2.78856,-2.59867,-2.78856,-2.78856,-2.59867,-2.62752,-2.59867,-2.59867,-2.62752, -3.0778,-2.62752,-2.78856,-2.59867,-2.62752,-2.59867]
	PARPACK diagonalization completed after 30 matrix-vector product operations.
	iteration results: : total energy is -76.336325 | electron energy -76.603104 + phonon energy 0.266779 | electron momentum kIdx = 0
The 3-th iteration is completed.	|| time cost : 0h 0m 27.395s
********************************************************************************************************************
Start the 4 rounds of NGS-ED iteration
	effective electronic model is modified as: kinetic energy t = 0.790063
	                                           effective interaction Vq = [-3.09512, -2.7859,-2.59973, -2.7859, -2.7859,-2.59973,-2.62493,-2.59973,-2.59973,-2.62493,-3.08801,-2.62493, -2.7859,-2.59973,-2.62493,-2.59973]
	PARPACK diagonalization completed after 30 matrix-vector product operations.
	iteration results: : total energy is -76.506679 | electron energy -76.789395 + phonon energy 0.282716 | electron momentum kIdx = 0
The 4-th iteration is completed.	|| time cost : 0h 0m 27.381s
********************************************************************************************************************
Start the 5 rounds of NGS-ED iteration
	effective electronic model is modified as: kinetic energy t = 0.790111
	                                           effective interaction Vq = [ -3.0982,-2.78116,-2.59793,-2.78116,-2.78116,-2.59793,-2.62046,-2.59793,-2.59793,-2.62046, -3.0921,-2.62046,-2.78116,-2.59793,-2.62046,-2.59793]
	PARPACK diagonalization completed after 30 matrix-vector product operations.
	iteration results: : total energy is -76.566078 | electron energy -76.855731 + phonon energy 0.289653 | electron momentum kIdx = 0
The 5-th iteration is completed.	|| time cost : 0h 0m 27.653s
********************************************************************************************************************
Start the 6 rounds of NGS-ED iteration
	effective electronic model is modified as: kinetic energy t = 0.790425
	                                           effective interaction Vq = [-3.09933, -2.7768,-2.59564, -2.7768, -2.7768,-2.59564,-2.61629,-2.59564,-2.59564,-2.61629,-3.09388,-2.61629, -2.7768,-2.59564,-2.61629,-2.59564]
	PARPACK diagonalization completed after 30 matrix-vector product operations.
	iteration results: : total energy is -76.587015 | electron energy -76.879402 + phonon energy 0.292387 | electron momentum kIdx = 0
The 6-th iteration is completed.	|| time cost : 0h 0m 27.369s
********************************************************************************************************************
Start the 7 rounds of NGS-ED iteration
	effective electronic model is modified as: kinetic energy t = 0.790769
	                                           effective interaction Vq = [-3.09975,-2.77338,-2.59359,-2.77338,-2.77338,-2.59359,-2.61296,-2.59359,-2.59359,-2.61296,-3.09471,-2.61296,-2.77338,-2.59359,-2.61296,-2.59359]
	PARPACK diagonalization completed after 30 matrix-vector product operations.
	iteration results: : total energy is -76.594485 | electron energy -76.887720 + phonon energy 0.293235 | electron momentum kIdx = 0
The 7-th iteration is completed.	|| time cost : 0h 0m 27.711s
********************************************************************************************************************
Start the 8 rounds of NGS-ED iteration
	effective electronic model is modified as: kinetic energy t = 0.791065
	                                           effective interaction Vq = [ -3.0999,-2.77085,-2.59197,-2.77085,-2.77085,-2.59197,-2.61046,-2.59197,-2.59197,-2.61046,-3.09511,-2.61046,-2.77085,-2.59197,-2.61046,-2.59197]
	PARPACK diagonalization completed after 30 matrix-vector product operations.
	iteration results: : total energy is -76.597180 | electron energy -76.890477 + phonon energy 0.293296 | electron momentum kIdx = 0
The 8-th iteration is completed.	|| time cost : 0h 0m 27.364s
********************************************************************************************************************
Start the 9 rounds of NGS-ED iteration
	effective electronic model is modified as: kinetic energy t = 0.791297
	                                           effective interaction Vq = [-3.09996,-2.76904,-2.59075,-2.76904,-2.76904,-2.59075,-2.60864,-2.59075,-2.59075,-2.60864,-3.09531,-2.60864,-2.76904,-2.59075,-2.60864,-2.59075]
	PARPACK diagonalization completed after 30 matrix-vector product operations.
	iteration results: : total energy is -76.598162 | electron energy -76.891240 + phonon energy 0.293078 | electron momentum kIdx = 0
The 9-th iteration is completed.	|| time cost : 0h 0m 27.638s
********************************************************************************************************************
Start the 10 rounds of NGS-ED iteration
	effective electronic model is modified as: kinetic energy t = 0.79147
	                                           effective interaction Vq = [-3.09998,-2.76776,-2.58987,-2.76776,-2.76776,-2.58987,-2.60734,-2.58987,-2.58987,-2.60734,-3.09541,-2.60734,-2.76776,-2.58987,-2.60734,-2.58987]
	PARPACK diagonalization completed after 30 matrix-vector product operations.
	iteration results: : total energy is -76.598522 | electron energy -76.891320 + phonon energy 0.292798 | electron momentum kIdx = 0
	Nq(0) = 16,	Nq(1) = 0.204309,	Nq(2) = 0.283624,	Nq(3) = 0.204309,	Nq(4) = 0.204309,	Nq(5) = 0.283624,	Nq(6) = 0.42044,	Nq(7) = 0.283624,	Nq(8) = 0.283624,	Nq(9) = 0.42044,	Nq(10) = 7.61708,	Nq(11) = 0.42044,	Nq(12) = 0.204309,	Nq(13) = 0.283624,	Nq(14) = 0.42044,	Nq(15) = 0.283624,	Sq(0) = -1.34965e-19,	Sq(1) = 0.179311,	Sq(2) = 0.258831,	Sq(3) = 0.179311,	Sq(4) = 0.179311,	Sq(5) = 0.258831,	Sq(6) = 0.366608,	Sq(7) = 0.258831,	Sq(8) = 0.258831,	Sq(9) = 0.366608,	Sq(10) = 0.44552,	Sq(11) = 0.366608,	Sq(12) = 0.179311,	Sq(13) = 0.258831,	Sq(14) = 0.366608,	Sq(15) = 0.258831,	N(0) = 1.95182,	N(1) = 1.85753,	N(2) = 1,	N(3) = 1.85753,	N(4) = 1.85753,	N(5) = 1,	N(6) = 0.142471,	N(7) = 1,	N(8) = 1,	N(9) = 0.142471,	N(10) = 0.0481828,	N(11) = 0.142471,	N(12) = 1.85753,	N(13) = 1,	N(14) = 0.142471,	N(15) = 1,	Delta[s](0) = 0.447566,	Delta[s](1) = 0.390831,	Delta[s](2) = 0.370501,	Delta[s](3) = 0.390831,	Delta[s](4) = 0.390831,	Delta[s](5) = 0.370501,	Delta[s](6) = 0.339581,	Delta[s](7) = 0.370501,	Delta[s](8) = 0.370501,	Delta[s](9) = 0.339581,	Delta[s](10) = 0.316684,	Delta[s](11) = 0.339581,	Delta[s](12) = 0.390831,	Delta[s](13) = 0.370501,	Delta[s](14) = 0.339581,	Delta[s](15) = 0.370501,	Delta[d](0) = 0.178223,	Delta[d](1) = 0.163142,	Delta[d](2) = 0.180708,	Delta[d](3) = 0.163142,	Delta[d](4) = 0.163142,	Delta[d](5) = 0.113818,	Delta[d](6) = 0.127552,	Delta[d](7) = 0.113818,	Delta[d](8) = 0.180708,	Delta[d](9) = 0.127552,	Delta[d](10) = 0.0492968,	Delta[d](11) = 0.127552,	Delta[d](12) = 0.163142,	Delta[d](13) = 0.113818,	Delta[d](14) = 0.127552,	Delta[d](15) = 0.113818,	Delta[s+](0) = 0.374754,	Delta[s+](1) = 0.28555,	Delta[s+](2) = 0.180708,	Delta[s+](3) = 0.28555,	Delta[s+](4) = 0.28555,	Delta[s+](5) = 0.180708,	Delta[s+](6) = 0.0769465,	Delta[s+](7) = 0.180708,	Delta[s+](8) = 0.180708,	Delta[s+](9) = 0.0769465,	Delta[s+](10) = 0.0291189,	Delta[s+](11) = 0.0769465,	Delta[s+](12) = 0.28555,	Delta[s+](13) = 0.180708,	Delta[s+](14) = 0.0769465,	Delta[s+](15) = 0.180708
The 10-th iteration is completed.	|| time cost : 0h 4m 23.456s
********************************************************************************************************************
Start the 11 rounds of NGS-ED iteration
	effective electronic model is modified as: kinetic energy t = 0.791595
	                                           effective interaction Vq = [-3.09999,-2.76688,-2.58924,-2.76688,-2.76688,-2.58924,-2.60643,-2.58924,-2.58924,-2.60643,-3.09547,-2.60643,-2.76688,-2.58924,-2.60643,-2.58924]
	PARPACK diagonalization completed after 30 matrix-vector product operations.
	iteration results: : total energy is -76.598655 | electron energy -76.891197 + phonon energy 0.292542 | electron momentum kIdx = 0
The 11-th iteration is completed.	|| time cost : 0h 0m 27.652s
********************************************************************************************************************
Start the 12 rounds of NGS-ED iteration
	effective electronic model is modified as: kinetic energy t = 0.791684
	                                           effective interaction Vq = [-3.09999,-2.76627,-2.58879,-2.76627,-2.76627,-2.58879, -2.6058,-2.58879,-2.58879, -2.6058,-3.09549, -2.6058,-2.76627,-2.58879, -2.6058,-2.58879]
	PARPACK diagonalization completed after 30 matrix-vector product operations.
	iteration results: : total energy is -76.598705 | electron energy -76.891040 + phonon energy 0.292335 | electron momentum kIdx = 0
The 12-th iteration is completed.	|| time cost : 0h 0m 27.425s
********************************************************************************************************************
Start the 13 rounds of NGS-ED iteration
	effective electronic model is modified as: kinetic energy t = 0.791747
	                                           effective interaction Vq = [-3.09999,-2.76585,-2.58849,-2.76585,-2.76585,-2.58849,-2.60536,-2.58849,-2.58849,-2.60536,-3.09551,-2.60536,-2.76585,-2.58849,-2.60536,-2.58849]
	PARPACK diagonalization completed after 30 matrix-vector product operations.
	iteration results: : total energy is -76.598723 | electron energy -76.890901 + phonon energy 0.292177 | electron momentum kIdx = 0
The 13-th iteration is completed.	|| time cost : 0h 0m 27.383s
********************************************************************************************************************
Start the 14 rounds of NGS-ED iteration
	effective electronic model is modified as: kinetic energy t = 0.79179
	                                           effective interaction Vq = [-3.09999,-2.76557,-2.58827,-2.76557,-2.76557,-2.58827,-2.60506,-2.58827,-2.58827,-2.60506,-3.09552,-2.60506,-2.76557,-2.58827,-2.60506,-2.58827]
	PARPACK diagonalization completed after 30 matrix-vector product operations.
	iteration results: : total energy is -76.598730 | electron energy -76.890793 + phonon energy 0.292062 | electron momentum kIdx = 0
The 14-th iteration is completed.	|| time cost : 0h 0m 27.377s
********************************************************************************************************************
Start the 15 rounds of NGS-ED iteration
	effective electronic model is modified as: kinetic energy t = 0.79182
	                                           effective interaction Vq = [-3.09999,-2.76537,-2.58812,-2.76537,-2.76537,-2.58812,-2.60485,-2.58812,-2.58812,-2.60485,-3.09552,-2.60485,-2.76537,-2.58812,-2.60485,-2.58812]
	PARPACK diagonalization completed after 30 matrix-vector product operations.
	iteration results: : total energy is -76.598733 | electron energy -76.890713 + phonon energy 0.291980 | electron momentum kIdx = 0
The 15-th iteration is completed.	|| time cost : 0h 0m 27.741s
********************************************************************************************************************
Start the 16 rounds of NGS-ED iteration
	effective electronic model is modified as: kinetic energy t = 0.79184
	                                           effective interaction Vq = [-3.09999,-2.76524,-2.58802,-2.76524,-2.76524,-2.58802,-2.60471,-2.58802,-2.58802,-2.60471,-3.09553,-2.60471,-2.76524,-2.58802,-2.60471,-2.58802]
	PARPACK diagonalization completed after 30 matrix-vector product operations.
	iteration results: : total energy is -76.598734 | electron energy -76.890656 + phonon energy 0.291922 | electron momentum kIdx = 0
The 16-th iteration is completed.	|| time cost : 0h 0m 27.426s
********************************************************************************************************************
Start the 17 rounds of NGS-ED iteration
	effective electronic model is modified as: kinetic energy t = 0.791855
	                                           effective interaction Vq = [-3.09999,-2.76515,-2.58795,-2.76515,-2.76515,-2.58795,-2.60461,-2.58795,-2.58795,-2.60461,-3.09553,-2.60461,-2.76515,-2.58795,-2.60461,-2.58795]
	PARPACK diagonalization completed after 30 matrix-vector product operations.
	iteration results: : total energy is -76.598734 | electron energy -76.890615 + phonon energy 0.291881 | electron momentum kIdx = 0
The 17-th iteration is completed.	|| time cost : 0h 0m 27.393s
********************************************************************************************************************
Start the 18 rounds of NGS-ED iteration
	effective electronic model is modified as: kinetic energy t = 0.791864
	                                           effective interaction Vq = [-3.09999,-2.76509,-2.58791,-2.76509,-2.76509,-2.58791,-2.60454,-2.58791,-2.58791,-2.60454,-3.09553,-2.60454,-2.76509,-2.58791,-2.60454,-2.58791]
	PARPACK diagonalization completed after 30 matrix-vector product operations.
	iteration results: : total energy is -76.598735 | electron energy -76.890588 + phonon energy 0.291853 | electron momentum kIdx = 0
The 18-th iteration is completed.	|| time cost : 0h 0m 27.368s
********************************************************************************************************************
Start the 19 rounds of NGS-ED iteration
	effective electronic model is modified as: kinetic energy t = 0.791871
	                                           effective interaction Vq = [-3.09999,-2.76505,-2.58787,-2.76505,-2.76505,-2.58787, -2.6045,-2.58787,-2.58787, -2.6045,-3.09553, -2.6045,-2.76505,-2.58787, -2.6045,-2.58787]
	PARPACK diagonalization completed after 30 matrix-vector product operations.
	iteration results: : total energy is -76.598735 | electron energy -76.890568 + phonon energy 0.291834 | electron momentum kIdx = 0
The 19-th iteration is completed.	|| time cost : 0h 0m 27.735s
********************************************************************************************************************
Start the 20 rounds of NGS-ED iteration
	effective electronic model is modified as: kinetic energy t = 0.791875
	                                           effective interaction Vq = [-3.09999,-2.76502,-2.58785,-2.76502,-2.76502,-2.58785,-2.60447,-2.58785,-2.58785,-2.60447,-3.09553,-2.60447,-2.76502,-2.58785,-2.60447,-2.58785]
	PARPACK diagonalization completed after 30 matrix-vector product operations.
	iteration results: : total energy is -76.598735 | electron energy -76.890555 + phonon energy 0.291820 | electron momentum kIdx = 0
