SNEDics v3.2 diagonalization test program		Start at Fri Apr 26 22:35:43 2019

parallized on 80 MPI threads  * 6 OpenMP threads = 480 total threads.
************************************************************************************
************************************************************************************

Input file "model_params.in"
Hubbard-Holstein model parameters : 	t = 1    U = 1    g = 1.7321    W = 1    
************************************************************************************
Input file "hilbertspace_params.in"

Cluster Positions:				Cluster symmetry group : D4
 x ... x ... x ... x .....                       x ... x ... x ... x .....
 |           |           :                       |           |           :
 |           |           :                       |           |           :
12    13    14    15     x                       1     5     6     5     x
 |           |           :                       |           |           :
 |           |           :                       |           |           :
 8 --- 9 ---10 ---11 --- x                       2 --- 6 ---10 --- 6 --- x
 |           |           :                       |           |           :
 |           |           :                       |           |           :
 4     5     6     7     x                       1     5     6     5     x
 |           |           :                       |           |           :
 |           |           :                       |           |           :
 0 --- 1 --- 2 --- 3 --- x                       0 --- 1 --- 2 --- 1 --- x
orbital number : 1
************************************************************************************
0 rounds of non-Gaussian ED iteration : ground-state energy is -20.7936 | electron energy -20.7936 + phonon energy 0 | electron momentum kIdx = 0
Nq = 	16	0.302822	0.345909	0.302822	0.302822	0.345909	0.526848	0.345909	0.345909	0.526848	0.574284	0.526848	0.302822	0.345909	0.526848	0.345909
Sq = 	-2.54719e-18	0.397734	0.575092	0.397734	0.397734	0.575092	0.677148	0.575092	0.575092	0.677148	2.2815	0.677148	0.397734	0.575092	0.677148	0.575092
1 rounds of non-Gaussian ED iteration : ground-state energy is -31.9656 | electron energy -31.9657 + phonon energy 7.26868e-05 | electron momentum kIdx = 0
Nq = 	16	0.372159	0.372454	0.372159	0.372159	0.372454	0.614746	0.372454	0.372454	0.614746	0.618044	0.614746	0.372159	0.372454	0.614746	0.372454
Sq = 	1.41662e-17	0.377047	0.545017	0.377047	0.377047	0.545017	0.629397	0.545017	0.545017	0.629398	1.90372	0.629398	0.377047	0.545017	0.629397	0.545017
2 rounds of non-Gaussian ED iteration : ground-state energy is -40.873 | electron energy -40.8752 + phonon energy 0.00218441 | electron momentum kIdx = 0
Nq = 	16	0.411798	0.726098	0.411798	0.411798	0.726098	0.6598	0.726098	0.726098	0.6598	0.909974	0.6598	0.411798	0.726098	0.6598	0.726098
Sq = 	8.0234e-19	0.340599	0.36314	0.340599	0.340599	0.36314	0.575611	0.36314	0.36314	0.575611	0.603365	0.575611	0.340599	0.36314	0.575611	0.36314
3 rounds of non-Gaussian ED iteration : ground-state energy is -48.2993 | electron energy -48.3129 + phonon energy 0.013542 | electron momentum kIdx = 0
Nq = 	16	0.434678	0.768179	0.434678	0.434678	0.768179	0.678164	0.768178	0.768178	0.678164	0.971046	0.678164	0.434678	0.768178	0.678164	0.768179
Sq = 	-3.61594e-18	0.304732	0.346481	0.304732	0.304732	0.346481	0.524744	0.346481	0.346481	0.524744	0.571729	0.524744	0.304732	0.346481	0.524744	0.346481
4 rounds of non-Gaussian ED iteration : ground-state energy is -54.3071 | electron energy -54.352 + phonon energy 0.0448771 | electron momentum kIdx = 0
Nq = 	16	0.455282	0.805262	0.455282	0.455282	0.805262	0.69017	0.805262	0.805262	0.69017	1.02861	0.69017	0.455282	0.805262	0.69017	0.805262
Sq = 	-4.33998e-18	0.275759	0.330098	0.275759	0.275759	0.330098	0.483363	0.330098	0.330098	0.483363	0.540934	0.483363	0.275759	0.330098	0.483363	0.330098
5 rounds of non-Gaussian ED iteration : ground-state energy is -59.278 | electron energy -59.3824 + phonon energy 0.104428 | electron momentum kIdx = 0
Nq = 	16	0.473502	0.839819	0.473502	0.473502	0.839819	0.697961	0.839819	0.839819	0.697961	1.09655	0.697961	0.473502	0.839819	0.697961	0.839819
Sq = 	-1.19242e-18	0.250313	0.313297	0.250313	0.250313	0.313297	0.446856	0.313297	0.313297	0.446856	0.510219	0.446856	0.250313	0.313297	0.446856	0.313297
6 rounds of non-Gaussian ED iteration : ground-state energy is -63.4525 | electron energy -63.648 + phonon energy 0.195567 | electron momentum kIdx = 0
Nq = 	16	0.488314	0.871898	0.488314	0.488314	0.871898	0.701969	0.871898	0.871898	0.701969	1.19704	0.701969	0.488314	0.871898	0.701969	0.871898
Sq = 	-4.44383e-18	0.226684	0.29555	0.226684	0.226684	0.29555	0.412855	0.29555	0.29555	0.412855	0.478979	0.412855	0.226684	0.29555	0.412855	0.29555
7 rounds of non-Gaussian ED iteration : ground-state energy is -66.9986 | electron energy -67.3157 + phonon energy 0.317069 | electron momentum kIdx = 0
Nq = 	16	0.496743	0.894625	0.496743	0.496743	0.894625	0.70088	0.894625	0.894625	0.70088	1.40402	0.70088	0.496743	0.894625	0.70088	0.894625
Sq = 	3.92952e-18	0.203619	0.276274	0.203619	0.203619	0.276274	0.379732	0.276274	0.276274	0.379732	0.446691	0.379732	0.203619	0.276274	0.379732	0.276274
8 rounds of non-Gaussian ED iteration : ground-state energy is -70.0639 | electron energy -70.5281 + phonon energy 0.464255 | electron momentum kIdx = 0
Nq = 	16	0.467237	0.8143	0.467237	0.467237	0.8143	0.672701	0.8143	0.8143	0.672701	2.54339	0.672701	0.467237	0.8143	0.672701	0.8143
Sq = 	-4.70917e-18	0.177173	0.25272	0.177173	0.177173	0.25272	0.343677	0.25272	0.25272	0.343677	0.411334	0.343677	0.177173	0.25272	0.343677	0.25272
9 rounds of non-Gaussian ED iteration : ground-state energy is -73.363 | electron energy -73.9922 + phonon energy 0.629191 | electron momentum kIdx = 0
Nq = 	16	0.191044	0.29382	0.191044	0.191044	0.29382	0.40086	0.29382	0.29382	0.40086	8.68075	0.40086	0.191044	0.29382	0.40086	0.29382
Sq = 	1.5634e-18	0.130115	0.202707	0.130115	0.130115	0.202707	0.277897	0.202707	0.202707	0.277897	0.340421	0.277897	0.130115	0.202707	0.277897	0.202707
10 rounds of non-Gaussian ED iteration : ground-state energy is -77.5713 | electron energy -78.323 + phonon energy 0.751764 | electron momentum kIdx = 0
Nq = 	16	0.0959914	0.168653	0.0959914	0.0959914	0.168653	0.238429	0.168653	0.168653	0.238429	11.3742	0.238429	0.0959914	0.168653	0.238429	0.168653
Sq = 	-2.28681e-18	0.084732	0.14521	0.084732	0.084732	0.14521	0.2026	0.14521	0.14521	0.2026	0.255571	0.2026	0.084732	0.14521	0.2026	0.14521
11 rounds of non-Gaussian ED iteration : ground-state energy is -81.5235 | electron energy -82.301 + phonon energy 0.777509 | electron momentum kIdx = 0
Nq = 	16	0.0651153	0.119375	0.0651153	0.0651153	0.119375	0.17075	0.119375	0.119375	0.17075	12.5815	0.17075	0.0651153	0.119375	0.17075	0.119375
Sq = 	3.44715e-19	0.0621958	0.112001	0.0621958	0.0621958	0.112001	0.158713	0.112001	0.112001	0.158713	0.203184	0.158713	0.0621958	0.112001	0.158713	0.112001
12 rounds of non-Gaussian ED iteration : ground-state energy is -84.6538 | electron energy -85.3976 + phonon energy 0.743784 | electron momentum kIdx = 0
Nq = 	16	0.0515421	0.0961258	0.0515421	0.0515421	0.0961258	0.138335	0.0961258	0.0961258	0.138335	13.1957	0.138335	0.0515421	0.0961258	0.138335	0.0961258
Sq = 	1.4083e-18	0.0505468	0.0932927	0.0505468	0.0505468	0.0932927	0.133488	0.0932927	0.0932927	0.133488	0.172148	0.133488	0.0505468	0.0932927	0.133488	0.0932927
13 rounds of non-Gaussian ED iteration : ground-state energy is -86.9129 | electron energy -87.6073 + phonon energy 0.694421 | electron momentum kIdx = 0
Nq = 	16	0.044318	0.0834066	0.044318	0.044318	0.0834066	0.120471	0.0834066	0.0834066	0.120471	13.5465	0.120471	0.044318	0.0834066	0.120471	0.0834066
Sq = 	5.40969e-20	0.0439	0.082108	0.0439	0.0439	0.082108	0.118163	0.082108	0.082108	0.118163	0.152988	0.118163	0.0439	0.082108	0.118163	0.082108
14 rounds of non-Gaussian ED iteration : ground-state energy is -88.48 | electron energy -89.1312 + phonon energy 0.651263 | electron momentum kIdx = 0
Nq = 	16	0.0402164	0.0760841	0.0402164	0.0402164	0.0760841	0.110141	0.0760841	0.0760841	0.110141	13.753	0.110141	0.0402164	0.0760841	0.110141	0.0760841
Sq = 	-6.85308e-19	0.0400064	0.0753848	0.0400064	0.0400064	0.0753848	0.108859	0.0753848	0.0753848	0.108859	0.141255	0.108859	0.0400064	0.0753848	0.108859	0.0753848
15 rounds of non-Gaussian ED iteration : ground-state energy is -89.5556 | electron energy -90.1753 + phonon energy 0.619711 | electron momentum kIdx = 0
Nq = 	16	0.0378424	0.0718108	0.0378424	0.0378424	0.0718108	0.104094	0.0718108	0.0718108	0.104094	13.8749	0.104094	0.0378424	0.0718108	0.104094	0.0718108
Sq = 	4.34797e-19	0.0377187	0.0713775	0.0377187	0.0377187	0.0713775	0.103282	0.0713775	0.0713775	0.103282	0.134191	0.103282	0.0377187	0.0713775	0.103282	0.0713775
16 rounds of non-Gaussian ED iteration : ground-state energy is -90.3002 | electron energy -90.8987 + phonon energy 0.59843 | electron momentum kIdx = 0
Nq = 	16	0.0364464	0.0692843	0.0364464	0.0364464	0.0692843	0.100511	0.0692843	0.0692843	0.100511	13.9474	0.100511	0.0364464	0.0692843	0.100511	0.0692843
Sq = 	-3.63715e-19	0.0363631	0.0689838	0.0363631	0.0363631	0.0689838	0.0999397	0.0689838	0.0689838	0.0999397	0.129948	0.0999397	0.0363631	0.0689838	0.0999397	0.0689838
17 rounds of non-Gaussian ED iteration : ground-state energy is -90.8276 | electron energy -91.4121 + phonon energy 0.584526 | electron momentum kIdx = 0
Nq = 	16	0.0356058	0.0677567	0.0356058	0.0356058	0.0677567	0.0983406	0.0677567	0.0677567	0.0983406	13.9913	0.0983406	0.0356058	0.0677567	0.0983406	0.0677567
Sq = 	1.38211e-20	0.0355436	0.0675301	0.0355436	0.0355436	0.0675301	0.0979068	0.0675301	0.0675301	0.0979068	0.127365	0.0979068	0.0355436	0.0675301	0.0979068	0.0675301
18 rounds of non-Gaussian ED iteration : ground-state energy is -91.2123 | electron energy -91.7877 + phonon energy 0.575418 | electron momentum kIdx = 0
Nq = 	16	0.0350827	0.0668031	0.0350827	0.0350827	0.0668031	0.0969836	0.0668031	0.0668031	0.0969836	14.0188	0.0969836	0.0350827	0.0668031	0.0969836	0.0668031
Sq = 	-2.96176e-19	0.0350326	0.0666215	0.0350326	0.0350326	0.0666215	0.0966356	0.0666215	0.0666215	0.0966356	0.12575	0.0966356	0.0350326	0.0666215	0.0966356	0.0666215
19 rounds of non-Gaussian ED iteration : ground-state energy is -91.5015 | electron energy -92.0708 + phonon energy 0.569258 | electron momentum kIdx = 0
Nq = 	16	0.0347442	0.0661841	0.0347442	0.0347442	0.0661841	0.0961014	0.0661841	0.0661841	0.0961014	14.0366	0.0961014	0.0347442	0.0661841	0.0961014	0.0661841
Sq = 	7.34766e-19	0.0347016	0.0660324	0.0347016	0.0347016	0.0660324	0.0958112	0.0660324	0.0660324	0.0958112	0.124703	0.0958112	0.0347016	0.0660324	0.0958112	0.0660324
20 rounds of non-Gaussian ED iteration : ground-state energy is -91.7245 | electron energy -92.2894 + phonon energy 0.56487 | electron momentum kIdx = 0
Nq = 	16	0.0345157	0.0657651	0.0345157	0.0345157	0.0657651	0.0955035	0.0657651	0.0657651	0.0955035	14.0486	0.0955035	0.0345157	0.0657651	0.0955035	0.0657651
Sq = 	-7.87328e-20	0.0344782	0.0656344	0.0344782	0.0344782	0.0656344	0.0952546	0.0656344	0.0656344	0.0952546	0.123996	0.0952546	0.0344782	0.0656344	0.0952546	0.0656344
21 rounds of non-Gaussian ED iteration : ground-state energy is -91.8998 | electron energy -92.4613 + phonon energy 0.561556 | electron momentum kIdx = 0
Nq = 	16	0.0343551	0.06547	0.0343551	0.0343551	0.06547	0.0950817	0.06547	0.06547	0.0950817	14.0571	0.0950817	0.0343551	0.06547	0.0950817	0.06547
Sq = 	-6.00812e-20	0.0343212	0.0653548	0.0343212	0.0343212	0.0653548	0.0948636	0.0653548	0.0653548	0.0948636	0.1235	0.0948636	0.0343212	0.0653548	0.0948636	0.0653548
22 rounds of non-Gaussian ED iteration : ground-state energy is -92.0394 | electron energy -92.5984 + phonon energy 0.558925 | electron momentum kIdx = 0
Nq = 	16	0.0342382	0.0652547	0.0342382	0.0342382	0.0652547	0.0947736	0.0652547	0.0652547	0.0947736	14.0632	0.0947736	0.0342382	0.0652547	0.0947736	0.0652547
Sq = 	-3.66705e-19	0.0342069	0.0651513	0.0342069	0.0342069	0.0651513	0.0945793	0.0651513	0.0651513	0.0945793	0.123139	0.0945793	0.0342069	0.0651513	0.0945793	0.0651513
23 rounds of non-Gaussian ED iteration : ground-state energy is -92.1517 | electron energy -92.7085 + phonon energy 0.55676 | electron momentum kIdx = 0
Nq = 	16	0.0341506	0.065093	0.0341506	0.0341506	0.065093	0.0945419	0.065093	0.065093	0.0945419	14.0679	0.0945419	0.0341506	0.065093	0.0945419	0.065093
Sq = 	2.0118e-19	0.0341213	0.0649988	0.0341213	0.0341213	0.0649988	0.0943663	0.0649988	0.0649988	0.0943663	0.122869	0.0943663	0.0341213	0.0649988	0.0943663	0.0649988
24 rounds of non-Gaussian ED iteration : ground-state energy is -92.2425 | electron energy -92.7975 + phonon energy 0.55494 | electron momentum kIdx = 0
Nq = 	16	0.0340833	0.0649688	0.0340833	0.0340833	0.0649688	0.0943638	0.0649688	0.0649688	0.0943638	14.0714	0.0943638	0.0340833	0.0649688	0.0943638	0.0649688
Sq = 	-5.1526e-19	0.0340557	0.0648819	0.0340557	0.0340557	0.0648819	0.0942031	0.0648819	0.0648819	0.0942031	0.122662	0.0942031	0.0340557	0.0648819	0.0942031	0.0648819
25 rounds of non-Gaussian ED iteration : ground-state energy is -92.3163 | electron energy -92.8696 + phonon energy 0.553395 | electron momentum kIdx = 0
Nq = 	16	0.0340309	0.0648717	0.0340309	0.0340309	0.0648717	0.0942246	0.0648717	0.0648717	0.0942246	14.0742	0.0942246	0.0340309	0.0648717	0.0942246	0.0648717
Sq = 	1.70037e-19	0.0340044	0.0647907	0.0340044	0.0340044	0.0647907	0.0940758	0.0647907	0.0647907	0.0940758	0.122501	0.0940758	0.0340044	0.0647907	0.0940758	0.0647907
26 rounds of non-Gaussian ED iteration : ground-state energy is -92.3762 | electron energy -92.9283 + phonon energy 0.552079 | electron momentum kIdx = 0
Nq = 	16	0.0339894	0.0647949	0.0339894	0.0339894	0.0647949	0.0941143	0.0647949	0.0647949	0.0941143	14.0764	0.0941143	0.0339894	0.0647949	0.0941143	0.0647949
Sq = 	-5.09423e-19	0.033964	0.0647186	0.033964	0.033964	0.0647186	0.0939753	0.0647186	0.0647186	0.0939753	0.122374	0.0939753	0.033964	0.0647186	0.0939753	0.0647186
27 rounds of non-Gaussian ED iteration : ground-state energy is -92.4251 | electron energy -92.9761 + phonon energy 0.55096 | electron momentum kIdx = 0
Nq = 	16	0.0339562	0.0647335	0.0339562	0.0339562	0.0647335	0.094026	0.0647335	0.0647335	0.094026	14.0781	0.094026	0.0339562	0.0647335	0.094026	0.0647335
Sq = 	-3.64961e-19	0.0339316	0.0646611	0.0339316	0.0339316	0.0646611	0.093895	0.0646611	0.0646611	0.093895	0.122272	0.093895	0.0339316	0.0646611	0.093895	0.0646611
28 rounds of non-Gaussian ED iteration : ground-state energy is -92.465 | electron energy -93.015 + phonon energy 0.55001 | electron momentum kIdx = 0
Nq = 	16	0.0339296	0.0646841	0.0339296	0.0339296	0.0646841	0.093955	0.0646841	0.0646841	0.093955	14.0795	0.093955	0.0339296	0.0646841	0.093955	0.0646841
Sq = 	3.71917e-19	0.0339056	0.0646148	0.0339056	0.0339056	0.0646148	0.0938304	0.0646148	0.0646148	0.0938304	0.122191	0.0938304	0.0339056	0.0646148	0.0938304	0.0646148
29 rounds of non-Gaussian ED iteration : ground-state energy is -92.4976 | electron energy -93.0468 + phonon energy 0.549206 | electron momentum kIdx = 0
Nq = 	16	0.033908	0.0646441	0.033908	0.033908	0.0646441	0.0938974	0.0646441	0.0646441	0.0938974	14.0807	0.0938974	0.033908	0.0646441	0.0938974	0.0646441
Sq = 	-6.26356e-20	0.0338846	0.0645773	0.0338846	0.0338846	0.0645773	0.0937782	0.0645773	0.0645773	0.0937782	0.122125	0.0937782	0.0338846	0.0645773	0.0937782	0.0645773
30 rounds of non-Gaussian ED iteration : ground-state energy is -92.5242 | electron energy -93.0727 + phonon energy 0.548529 | electron momentum kIdx = 0
Nq = 	16	0.0338904	0.0646115	0.0338904	0.0338904	0.0646115	0.0938506	0.0646115	0.0646115	0.0938506	14.0816	0.0938506	0.0338904	0.0646115	0.0938506	0.0646115
Sq = 	8.61051e-20	0.0338675	0.0645469	0.0338675	0.0338675	0.0645469	0.0937358	0.0645469	0.0645469	0.0937358	0.122071	0.0937358	0.0338675	0.0645469	0.0937358	0.0645469
31 rounds of non-Gaussian ED iteration : ground-state energy is -92.5459 | electron energy -93.0939 + phonon energy 0.547959 | electron momentum kIdx = 0
Nq = 	16	0.0338761	0.064585	0.0338761	0.0338761	0.064585	0.0938123	0.064585	0.064585	0.0938123	14.0824	0.0938123	0.0338761	0.064585	0.0938123	0.064585
Sq = 	2.51346e-19	0.0338535	0.064522	0.0338535	0.0338535	0.064522	0.0937012	0.064522	0.064522	0.0937012	0.122027	0.0937012	0.0338535	0.064522	0.0937012	0.064522
32 rounds of non-Gaussian ED iteration : ground-state energy is -92.5637 | electron energy -93.1112 + phonon energy 0.547482 | electron momentum kIdx = 0
Nq = 	16	0.0338644	0.0645632	0.0338644	0.0338644	0.0645632	0.0937811	0.0645632	0.0645632	0.0937811	14.083	0.0937811	0.0338644	0.0645632	0.0937811	0.0645632
Sq = 	-4.30695e-19	0.0338421	0.0645017	0.0338421	0.0338421	0.0645017	0.0936729	0.0645017	0.0645017	0.0936729	0.121991	0.0936729	0.0338421	0.0645017	0.0936729	0.0645017
33 rounds of non-Gaussian ED iteration : ground-state energy is -92.5783 | electron energy -93.1253 + phonon energy 0.547082 | electron momentum kIdx = 0
Nq = 	16	0.0338548	0.0645454	0.0338548	0.0338548	0.0645454	0.0937554	0.0645454	0.0645454	0.0937554	14.0835	0.0937554	0.0338548	0.0645454	0.0937554	0.0645454
Sq = 	-5.01365e-19	0.0338327	0.0644851	0.0338327	0.0338327	0.0644851	0.0936497	0.0644851	0.0644851	0.0936497	0.121962	0.0936497	0.0338327	0.0644851	0.0936497	0.0644851
34 rounds of non-Gaussian ED iteration : ground-state energy is -92.5902 | electron energy -93.1369 + phonon energy 0.546748 | electron momentum kIdx = 0
Nq = 	16	0.0338469	0.0645308	0.0338469	0.0338469	0.0645308	0.0937343	0.0645308	0.0645308	0.0937343	14.0839	0.0937343	0.0338469	0.0645308	0.0937343	0.0645308
Sq = 	4.94932e-19	0.033825	0.0644714	0.033825	0.033825	0.0644714	0.0936306	0.0644714	0.0644714	0.0936306	0.121938	0.0936306	0.033825	0.0644714	0.0936306	0.0644714
35 rounds of non-Gaussian ED iteration : ground-state energy is -92.5999 | electron energy -93.1464 + phonon energy 0.54647 | electron momentum kIdx = 0
Nq = 	16	0.0338404	0.0645188	0.0338404	0.0338404	0.0645188	0.0937169	0.0645188	0.0645188	0.0937169	14.0842	0.0937169	0.0338404	0.0645188	0.0937169	0.0645188
Sq = 	-1.60003e-19	0.0338187	0.0644602	0.0338187	0.0338187	0.0644602	0.0936149	0.0644602	0.0644602	0.0936149	0.121918	0.0936149	0.0338187	0.0644602	0.0936149	0.0644602
36 rounds of non-Gaussian ED iteration : ground-state energy is -92.6078 | electron energy -93.1541 + phonon energy 0.546238 | electron momentum kIdx = 0
Nq = 	16	0.0338351	0.0645088	0.0338351	0.0338351	0.0645088	0.0937026	0.0645088	0.0645088	0.0937026	14.0845	0.0937026	0.0338351	0.0645088	0.0937026	0.0645088
Sq = 	-4.0348e-19	0.0338135	0.0644509	0.0338135	0.0338135	0.0644509	0.093602	0.0644509	0.0644509	0.093602	0.121902	0.093602	0.0338135	0.0644509	0.093602	0.0644509
37 rounds of non-Gaussian ED iteration : ground-state energy is -92.6144 | electron energy -93.1604 + phonon energy 0.546046 | electron momentum kIdx = 0
Nq = 	16	0.0338307	0.0645007	0.0338307	0.0338307	0.0645007	0.0936908	0.0645007	0.0645007	0.0936908	14.0848	0.0936908	0.0338307	0.0645007	0.0936908	0.0645007
Sq = 	-2.56547e-19	0.0338092	0.0644433	0.0338092	0.0338092	0.0644433	0.0935914	0.0644433	0.0644433	0.0935914	0.121888	0.0935914	0.0338092	0.0644433	0.0935914	0.0644433
38 rounds of non-Gaussian ED iteration : ground-state energy is -92.6197 | electron energy -93.1656 + phonon energy 0.545886 | electron momentum kIdx = 0
Nq = 	16	0.0338271	0.0644939	0.0338271	0.0338271	0.0644939	0.0936811	0.0644939	0.0644939	0.0936811	14.085	0.0936811	0.0338271	0.0644939	0.0936811	0.0644939
Sq = 	-3.62319e-20	0.0338057	0.064437	0.0338057	0.0338057	0.064437	0.0935826	0.064437	0.064437	0.0935826	0.121877	0.0935826	0.0338057	0.064437	0.0935826	0.064437
39 rounds of non-Gaussian ED iteration : ground-state energy is -92.6241 | electron energy -93.1698 + phonon energy 0.545753 | electron momentum kIdx = 0
Nq = 	16	0.0338241	0.0644883	0.0338241	0.0338241	0.0644883	0.0936731	0.0644883	0.0644883	0.0936731	14.0851	0.0936731	0.0338241	0.0644883	0.0936731	0.0644883
Sq = 	9.29599e-19	0.0338027	0.0644318	0.0338027	0.0338027	0.0644318	0.0935754	0.0644318	0.0644318	0.0935754	0.121868	0.0935754	0.0338027	0.0644318	0.0935754	0.0644318
40 rounds of non-Gaussian ED iteration : ground-state energy is -92.6276 | electron energy -93.1733 + phonon energy 0.545642 | electron momentum kIdx = 0
Nq = 	16	0.0338216	0.0644838	0.0338216	0.0338216	0.0644838	0.0936664	0.0644838	0.0644838	0.0936664	14.0852	0.0936664	0.0338216	0.0644838	0.0936664	0.0644838
Sq = 	1.13375e-19	0.0338003	0.0644275	0.0338003	0.0338003	0.0644275	0.0935694	0.0644275	0.0644275	0.0935694	0.121861	0.0935694	0.0338003	0.0644275	0.0935694	0.0644275
41 rounds of non-Gaussian ED iteration : ground-state energy is -92.6306 | electron energy -93.1761 + phonon energy 0.545551 | electron momentum kIdx = 0
Nq = 	16	0.0338195	0.0644799	0.0338195	0.0338195	0.0644799	0.0936609	0.0644799	0.0644799	0.0936609	14.0853	0.0936609	0.0338195	0.0644799	0.0936609	0.0644799
Sq = 	2.4331e-20	0.0337983	0.0644239	0.0337983	0.0337983	0.0644239	0.0935644	0.0644239	0.0644239	0.0935644	0.121854	0.0935644	0.0337983	0.0644239	0.0935644	0.0644239
42 rounds of non-Gaussian ED iteration : ground-state energy is -92.6329 | electron energy -93.1784 + phonon energy 0.545475 | electron momentum kIdx = 0
Nq = 	16	0.0338179	0.0644768	0.0338179	0.0338179	0.0644768	0.0936564	0.0644768	0.0644768	0.0936564	14.0854	0.0936564	0.0338179	0.0644768	0.0936564	0.0644768
Sq = 	-1.54e-19	0.0337967	0.064421	0.0337967	0.0337967	0.064421	0.0935603	0.064421	0.064421	0.0935603	0.121849	0.0935603	0.0337967	0.064421	0.0935603	0.064421
43 rounds of non-Gaussian ED iteration : ground-state energy is -92.6349 | electron energy -93.1803 + phonon energy 0.545412 | electron momentum kIdx = 0
Nq = 	16	0.0338165	0.0644742	0.0338165	0.0338165	0.0644742	0.0936526	0.0644742	0.0644742	0.0936526	14.0855	0.0936526	0.0338165	0.0644742	0.0936526	0.0644742
Sq = 	-1.91414e-19	0.0337953	0.0644185	0.0337953	0.0337953	0.0644185	0.093557	0.0644185	0.0644185	0.093557	0.121845	0.093557	0.0337953	0.0644185	0.093557	0.0644185
44 rounds of non-Gaussian ED iteration : ground-state energy is -92.6365 | electron energy -93.1819 + phonon energy 0.545359 | electron momentum kIdx = 0
Nq = 	16	0.0338153	0.064472	0.0338153	0.0338153	0.064472	0.0936495	0.064472	0.0644721	0.0936495	14.0856	0.0936495	0.0338153	0.064472	0.0936495	0.064472
Sq = 	3.40894e-19	0.0337942	0.0644165	0.0337942	0.0337942	0.0644165	0.0935542	0.0644165	0.0644165	0.0935542	0.121841	0.0935542	0.0337942	0.0644165	0.0935542	0.0644165
45 rounds of non-Gaussian ED iteration : ground-state energy is -92.6378 | electron energy -93.1831 + phonon energy 0.545316 | electron momentum kIdx = 0
Nq = 	16	0.0338143	0.0644703	0.0338143	0.0338143	0.0644703	0.0936469	0.0644703	0.0644703	0.0936469	14.0856	0.0936469	0.0338143	0.0644703	0.0936469	0.0644703
Sq = 	-4.39756e-19	0.0337933	0.0644149	0.0337933	0.0337933	0.0644149	0.0935519	0.0644149	0.0644149	0.0935519	0.121838	0.0935519	0.0337933	0.0644149	0.0935519	0.0644149
46 rounds of non-Gaussian ED iteration : ground-state energy is -92.6389 | electron energy -93.1842 + phonon energy 0.54528 | electron momentum kIdx = 0
Nq = 	16	0.0338135	0.0644688	0.0338135	0.0338135	0.0644688	0.0936448	0.0644688	0.0644688	0.0936448	14.0857	0.0936448	0.0338135	0.0644688	0.0936448	0.0644688
Sq = 	5.40817e-19	0.0337925	0.0644135	0.0337925	0.0337925	0.0644135	0.0935499	0.0644135	0.0644135	0.0935499	0.121836	0.0935499	0.0337925	0.0644135	0.0935499	0.0644135
47 rounds of non-Gaussian ED iteration : ground-state energy is -92.6398 | electron energy -93.185 + phonon energy 0.54525 | electron momentum kIdx = 0
Nq = 	16	0.0338129	0.0644676	0.0338129	0.0338129	0.0644676	0.093643	0.0644676	0.0644676	0.093643	14.0857	0.093643	0.0338129	0.0644676	0.093643	0.0644676
Sq = 	-1.48052e-19	0.0337918	0.0644124	0.0337918	0.0337918	0.0644124	0.0935483	0.0644124	0.0644124	0.0935483	0.121834	0.0935483	0.0337918	0.0644124	0.0935483	0.0644124
48 rounds of non-Gaussian ED iteration : ground-state energy is -92.6405 | electron energy -93.1857 + phonon energy 0.545226 | electron momentum kIdx = 0
Nq = 	16	0.0338123	0.0644666	0.0338123	0.0338123	0.0644666	0.0936416	0.0644666	0.0644666	0.0936416	14.0857	0.0936416	0.0338123	0.0644666	0.0936416	0.0644666
Sq = 	-2.00704e-19	0.0337913	0.0644114	0.0337913	0.0337913	0.0644114	0.093547	0.0644114	0.0644114	0.093547	0.121832	0.093547	0.0337913	0.0644114	0.093547	0.0644114
49 rounds of non-Gaussian ED iteration : ground-state energy is -92.6411 | electron energy -93.1863 + phonon energy 0.545205 | electron momentum kIdx = 0
Nq = 	16	0.0338119	0.0644657	0.0338119	0.0338119	0.0644657	0.0936404	0.0644657	0.0644657	0.0936404	14.0858	0.0936404	0.0338119	0.0644657	0.0936404	0.0644657
Sq = 	-4.31861e-19	0.0337909	0.0644106	0.0337909	0.0337909	0.0644106	0.093546	0.0644106	0.0644106	0.093546	0.121831	0.093546	0.0337909	0.0644106	0.093546	0.0644106
50 rounds of non-Gaussian ED iteration : ground-state energy is -92.6416 | electron energy -93.1868 + phonon energy 0.545188 | electron momentum kIdx = 0
Nq = 	16	0.0338115	0.064465	0.0338115	0.0338115	0.064465	0.0936394	0.064465	0.064465	0.0936394	14.0858	0.0936394	0.0338115	0.064465	0.0936394	0.064465
Sq = 	-4.02772e-19	0.0337905	0.06441	0.0337905	0.0337905	0.06441	0.0935451	0.06441	0.06441	0.0935451	0.12183	0.0935451	0.0337905	0.06441	0.0935451	0.06441
51 rounds of non-Gaussian ED iteration : ground-state energy is -92.642 | electron energy -93.1871 + phonon energy 0.545174 | electron momentum kIdx = 0
Nq = 	16	0.0338112	0.0644645	0.0338112	0.0338112	0.0644645	0.0936385	0.0644645	0.0644645	0.0936385	14.0858	0.0936385	0.0338112	0.0644645	0.0936385	0.0644645
Sq = 	-7.83189e-20	0.0337902	0.0644095	0.0337902	0.0337902	0.0644095	0.0935443	0.0644095	0.0644095	0.0935443	0.121829	0.0935443	0.0337902	0.0644095	0.0935443	0.0644095
52 rounds of non-Gaussian ED iteration : ground-state energy is -92.6423 | electron energy -93.1874 + phonon energy 0.545163 | electron momentum kIdx = 0
Nq = 	16	0.033811	0.064464	0.033811	0.033811	0.064464	0.0936379	0.064464	0.064464	0.0936379	14.0858	0.0936379	0.033811	0.064464	0.0936379	0.064464
Sq = 	-3.66861e-19	0.03379	0.064409	0.03379	0.03379	0.064409	0.0935437	0.064409	0.064409	0.0935437	0.121828	0.0935437	0.03379	0.064409	0.0935437	0.064409
53 rounds of non-Gaussian ED iteration : ground-state energy is -92.6425 | electron energy -93.1877 + phonon energy 0.545153 | electron momentum kIdx = 0
Nq = 	16	0.0338107	0.0644636	0.0338107	0.0338107	0.0644636	0.0936373	0.0644636	0.0644636	0.0936373	14.0858	0.0936373	0.0338107	0.0644636	0.0936373	0.0644636
Sq = 	1.08802e-19	0.0337898	0.0644086	0.0337898	0.0337898	0.0644086	0.0935432	0.0644086	0.0644086	0.0935432	0.121827	0.0935432	0.0337898	0.0644086	0.0935432	0.0644086
54 rounds of non-Gaussian ED iteration : ground-state energy is -92.6428 | electron energy -93.1879 + phonon energy 0.545145 | electron momentum kIdx = 0
Nq = 	16	0.0338106	0.0644633	0.0338106	0.0338106	0.0644633	0.0936368	0.0644633	0.0644633	0.0936368	14.0858	0.0936368	0.0338106	0.0644633	0.0936368	0.0644633
Sq = 	7.82875e-19	0.0337896	0.0644083	0.0337896	0.0337896	0.0644083	0.0935428	0.0644083	0.0644083	0.0935428	0.121827	0.0935428	0.0337896	0.0644083	0.0935428	0.0644083
55 rounds of non-Gaussian ED iteration : ground-state energy is -92.6429 | electron energy -93.1881 + phonon energy 0.545138 | electron momentum kIdx = 0
Nq = 	16	0.0338104	0.064463	0.0338104	0.0338104	0.064463	0.0936364	0.064463	0.064463	0.0936364	14.0858	0.0936364	0.0338104	0.064463	0.0936364	0.064463
Sq = 	-2.04767e-19	0.0337894	0.0644081	0.0337894	0.0337894	0.0644081	0.0935424	0.0644081	0.0644081	0.0935424	0.121826	0.0935424	0.0337894	0.0644081	0.0935424	0.0644081
56 rounds of non-Gaussian ED iteration : ground-state energy is -92.6431 | electron energy -93.1882 + phonon energy 0.545133 | electron momentum kIdx = 0
Nq = 	16	0.0338103	0.0644628	0.0338103	0.0338103	0.0644628	0.0936361	0.0644628	0.0644628	0.0936361	14.0858	0.0936361	0.0338103	0.0644628	0.0936361	0.0644628
Sq = 	-6.56829e-19	0.0337893	0.0644079	0.0337893	0.0337893	0.0644079	0.0935421	0.0644079	0.0644079	0.0935421	0.121826	0.0935421	0.0337893	0.0644079	0.0935421	0.0644079
57 rounds of non-Gaussian ED iteration : ground-state energy is -92.6432 | electron energy -93.1883 + phonon energy 0.545128 | electron momentum kIdx = 0
Nq = 	16	0.0338102	0.0644626	0.0338102	0.0338102	0.0644626	0.0936358	0.0644626	0.0644626	0.0936358	14.0858	0.0936358	0.0338102	0.0644626	0.0936358	0.0644626
Sq = 	-2.239e-19	0.0337892	0.0644077	0.0337892	0.0337892	0.0644077	0.0935419	0.0644077	0.0644077	0.0935419	0.121826	0.0935419	0.0337892	0.0644077	0.0935419	0.0644077
58 rounds of non-Gaussian ED iteration : ground-state energy is -92.6433 | electron energy -93.1884 + phonon energy 0.545125 | electron momentum kIdx = 0
Nq = 	16	0.0338101	0.0644624	0.0338101	0.0338101	0.0644624	0.0936356	0.0644624	0.0644624	0.0936356	14.0858	0.0936356	0.0338101	0.0644624	0.0936356	0.0644624
Sq = 	3.72156e-19	0.0337891	0.0644076	0.0337891	0.0337891	0.0644076	0.0935417	0.0644076	0.0644076	0.0935417	0.121826	0.0935417	0.0337891	0.0644076	0.0935417	0.0644076
59 rounds of non-Gaussian ED iteration : ground-state energy is -92.6434 | electron energy -93.1885 + phonon energy 0.545122 | electron momentum kIdx = 0
Nq = 	16	0.0338101	0.0644623	0.0338101	0.0338101	0.0644623	0.0936354	0.0644623	0.0644623	0.0936354	14.0859	0.0936354	0.0338101	0.0644623	0.0936354	0.0644623
Sq = 	1.83965e-19	0.0337891	0.0644074	0.0337891	0.0337891	0.0644074	0.0935415	0.0644074	0.0644074	0.0935415	0.121825	0.0935415	0.0337891	0.0644074	0.0935415	0.0644074
60 rounds of non-Gaussian ED iteration : ground-state energy is -92.6435 | electron energy -93.1886 + phonon energy 0.545119 | electron momentum kIdx = 0
Nq = 	16	0.03381	0.0644622	0.03381	0.03381	0.0644622	0.0936353	0.0644622	0.0644622	0.0936353	14.0859	0.0936353	0.03381	0.0644622	0.0936353	0.0644622
Sq = 	3.08886e-19	0.033789	0.0644073	0.033789	0.033789	0.0644073	0.0935414	0.0644073	0.0644073	0.0935414	0.121825	0.0935414	0.033789	0.0644073	0.0935414	0.0644073
srun: Job step aborted: Waiting up to 32 seconds for job step to finish.
slurmstepd: error: *** STEP 13182203.0 ON nid02088 CANCELLED AT 2019-04-27T03:35:55 DUE TO TIME LIMIT ***
srun: got SIGCONT
srun: forcing job termination
