SNEDics v3.22.2 Non-Gaussian ED ground state program		Start at Wed Jun 22 18:15:43 2022

Parallelization: 32 MPI threads  * 8 OpenMP threads = 256 total threads.
********************************************************************************************************************
********************************************************************************************************************

********************************************************************************************************************
System parameters and configurations
	special program options are enabled: splitted diagonal Hamiltonian | splitted Hamiltonian terms
********************************************************************************************************************
Read input file "model_params.in"
	Hubbard-Holstein model parameters : 	t = 1    t' = -0.3    U = 8    g = 0.9    W = 0.2    
********************************************************************************************************************
Read input file "hilbertspace_params.in"
	Requested 16-site 2D lattice, with 12 electrons (6, 6)
	Boundary : Periodic		Hilbert space representation : momentum-space (restricted to kIdx = 0)
	Conservation: particle number[U(1)]      spin[U(1)]     momentum
********************************************************************************************************************

Cluster Positions:				Cluster symmetry group : D4
 x ... x ... x ... x .....                       x ... x ... x ... x .....
 |           |           :                       |           |           :
 |           |           :                       |           |           :
12    13    14    15     x                       1     5     6     5     x
 |           |           :                       |           |           :
 |           |           :                       |           |           :
 8 --- 9 ---10 ---11 --- x                       2 --- 6 ---10 --- 6 --- x
 |           |           :                       |           |           :
 |           |           :                       |           |           :
 4     5     6     7     x                       1     5     6     5     x
 |           |           :                       |           |           :
 |           |           :                       |           |           :
 0 --- 1 --- 2 --- 3 --- x                       0 --- 1 --- 2 --- 1 --- x
orbital number : 1
********************************************************************************************************************
Read input file "obs_params.in"
	Observable Type : Nq(All),   Sq(All),   N(All-Orbital),   Delta[s](All),   Delta[d](All),   Delta[s+](All)
** WARNING ** the input observables have non-local factors which have been reinterpreted. The total observable number is 96
********************************************************************************************************************


********************************************************************************************************************
Start calculating the non-Gaussian ED ground state
Maximal iteration number is 1000; energy resolution is 1e-06. Phonon state relaxation time is 2000
W = 0.2 is relatively large. The non-Gaussian ED calculation starts directly.
open output files: NGSED_iteration_observables.txt
********************************************************************************************************************
Start the 0 rounds of NGS-ED iteration
	effective electronic model is modified as: kinetic energy t = 1, t' = -0.3
	                                           effective interaction Vq = [0,0,0,0,0,0,0,0,0,0,0,0,0,0,0,0]
	first Hamiltonian is constructed, size = 4008592 and non-zero numbers = 969952250
	PARPACK diagonalization completed after 135 matrix-vector product operations.
	iteration results: : total energy is -15.091341 | electron energy -15.091341 + phonon energy 0.000000 | electron momentum kIdx = 0
	Nq(0) = 9,	Nq(1) = 0.182775,	Nq(2) = 0.248843,	Nq(3) = 0.182775,	Nq(4) = 0.182775,	Nq(5) = 0.263236,	
	Nq(6) = 0.307436,	Nq(7) = 0.263236,	Nq(8) = 0.248843,	Nq(9) = 0.307436,	Nq(10) = 0.356784,	
	Nq(11) = 0.307436,	Nq(12) = 0.182775,	Nq(13) = 0.263236,	Nq(14) = 0.307436,	Nq(15) = 0.263236;	
	Sq(0) = 2.57275e-18,	Sq(1) = 0.523525,	Sq(2) = 0.451304,	Sq(3) = 0.523525,	Sq(4) = 0.523525,	
	Sq(5) = 0.707557,	Sq(6) = 1.00669,	Sq(7) = 0.707557,	Sq(8) = 0.451304,	Sq(9) = 1.00669,	
	Sq(10) = 1.27807,	Sq(11) = 1.00669,	Sq(12) = 0.523525,	Sq(13) = 0.707557,	Sq(14) = 1.00669,	
	Sq(15) = 0.707557;	N(0) = 1.72657,	N(1) = 1.59708,	N(2) = 1.0703,	N(3) = 1.59708,	
	N(4) = 1.59708,	N(5) = 0.264255,	N(6) = 0.153085,	N(7) = 0.264255,	N(8) = 1.0703,	
	N(9) = 0.153085,	N(10) = 0.0751403,	N(11) = 0.153085,	N(12) = 1.59708,	N(13) = 0.264255,	
	N(14) = 0.153085,	N(15) = 0.264255;	Delta[s](0) = 0.0529081,	Delta[s](1) = 0.0376713,	Delta[s](2) = 0.0314337,	
	Delta[s](3) = 0.0376713,	Delta[s](4) = 0.0376713,	Delta[s](5) = 0.0240596,	Delta[s](6) = 0.0158562,	Delta[s](7) = 0.0240596,	
	Delta[s](8) = 0.0314337,	Delta[s](9) = 0.0158562,	Delta[s](10) = 0.00800418,	Delta[s](11) = 0.0158562,	Delta[s](12) = 0.0376713,	
	Delta[s](13) = 0.0240596,	Delta[s](14) = 0.0158562,	Delta[s](15) = 0.0240596;	Delta[d](0) = 0.490751,	Delta[d](1) = 0.25204,	
	Delta[d](2) = 0.255959,	Delta[d](3) = 0.25204,	Delta[d](4) = 0.25204,	Delta[d](5) = 0.145749,	Delta[d](6) = 0.158303,	
	Delta[d](7) = 0.145749,	Delta[d](8) = 0.255959,	Delta[d](9) = 0.158303,	Delta[d](10) = 0.115285,	Delta[d](11) = 0.158303,	
	Delta[d](12) = 0.25204,	Delta[d](13) = 0.145749,	Delta[d](14) = 0.158303,	Delta[d](15) = 0.145749;	Delta[s+](0) = 0.492437,	
	Delta[s+](1) = 0.341017,	Delta[s+](2) = 0.255959,	Delta[s+](3) = 0.341017,	Delta[s+](4) = 0.341017,	Delta[s+](5) = 0.15692,	
	Delta[s+](6) = 0.0719239,	Delta[s+](7) = 0.15692,	Delta[s+](8) = 0.255959,	Delta[s+](9) = 0.0719239,	Delta[s+](10) = 0.0187862,	
	Delta[s+](11) = 0.0719239,	Delta[s+](12) = 0.341017,	Delta[s+](13) = 0.15692,	Delta[s+](14) = 0.0719239,	Delta[s+](15) = 0.15692
	
The 0-th iteration is completed.	|| time cost : 0h 2m 2.496s
********************************************************************************************************************
Start the 1 rounds of NGS-ED iteration
	effective electronic model is modified as: kinetic energy t = 0.924225, t' = -0.273539
	                                           effective interaction Vq = [    -4.05,-0.919352,-0.665108,-0.919352,-0.919352,-0.824394,-0.630569,-0.824394,-0.665108,-0.630569,-0.604047,-0.630569,-0.919352,-0.824394,-0.630569,-0.824394]
	PARPACK diagonalization completed after 60 matrix-vector product operations.
	iteration results: : total energy is -52.510066 | electron energy -53.035787 + phonon energy 0.525721 | electron momentum kIdx = 0
The 1-th iteration is completed.	|| time cost : 0h 1m 20.135s
********************************************************************************************************************
Start the 2 rounds of NGS-ED iteration
	effective electronic model is modified as: kinetic energy t = 0.914249, t' = -0.269845
	                                           effective interaction Vq = [    -4.05, -1.07848,-0.657021, -1.07848, -1.07848,-0.977442,-0.670332,-0.977442,-0.657021,-0.670332,-0.651972,-0.670332, -1.07848,-0.977442,-0.670332,-0.977442]
	PARPACK diagonalization completed after 45 matrix-vector product operations.
	iteration results: : total energy is -52.519714 | electron energy -53.206609 + phonon energy 0.686895 | electron momentum kIdx = 0
The 2-th iteration is completed.	|| time cost : 0h 0m 11.496s
********************************************************************************************************************
Start the 3 rounds of NGS-ED iteration
	effective electronic model is modified as: kinetic energy t = 0.911678, t' = -0.268803
	                                           effective interaction Vq = [    -4.05, -1.13212,-0.634753, -1.13212, -1.13212, -1.03495,-0.666331, -1.03495,-0.634753,-0.666331,-0.652308,-0.666331, -1.13212, -1.03495,-0.666331, -1.03495]
	PARPACK diagonalization completed after 45 matrix-vector product operations.
	iteration results: : total energy is -52.521037 | electron energy -53.249738 + phonon energy 0.728701 | electron momentum kIdx = 0
The 3-th iteration is completed.	|| time cost : 0h 0m 11.517s
********************************************************************************************************************
Start the 4 rounds of NGS-ED iteration
	effective electronic model is modified as: kinetic energy t = 0.910664, t' = -0.268364
	                                           effective interaction Vq = [    -4.05, -1.15447,-0.624533, -1.15447, -1.15447, -1.06213,-0.661151, -1.06213,-0.624533,-0.661151,-0.648846,-0.661151, -1.15447, -1.06213,-0.661151, -1.06213]
	PARPACK diagonalization completed after 45 matrix-vector product operations.
	iteration results: : total energy is -52.521321 | electron energy -53.266514 + phonon energy 0.745192 | electron momentum kIdx = 0
The 4-th iteration is completed.	|| time cost : 0h 0m 11.538s
********************************************************************************************************************
Start the 5 rounds of NGS-ED iteration
	effective electronic model is modified as: kinetic energy t = 0.91019, t' = -0.268155
	                                           effective interaction Vq = [    -4.05,  -1.1643,-0.620277,  -1.1643,  -1.1643, -1.07594,-0.658069, -1.07594,-0.620277,-0.658069, -0.64638,-0.658069,  -1.1643, -1.07594,-0.658069, -1.07594]
	PARPACK diagonalization completed after 45 matrix-vector product operations.
	iteration results: : total energy is -52.521389 | electron energy -53.274306 + phonon energy 0.752917 | electron momentum kIdx = 0
The 5-th iteration is completed.	|| time cost : 0h 0m 11.52s
********************************************************************************************************************
Start the 6 rounds of NGS-ED iteration
	effective electronic model is modified as: kinetic energy t = 0.909957, t' = -0.268053
	                                           effective interaction Vq = [    -4.05, -1.16865, -0.61844, -1.16865, -1.16865, -1.08314,-0.656441, -1.08314, -0.61844,-0.656441,-0.644967,-0.656441, -1.16865, -1.08314,-0.656441, -1.08314]
	PARPACK diagonalization completed after 45 matrix-vector product operations.
	iteration results: : total energy is -52.521405 | electron energy -53.278141 + phonon energy 0.756736 | electron momentum kIdx = 0
The 6-th iteration is completed.	|| time cost : 0h 0m 11.513s
********************************************************************************************************************
Start the 7 rounds of NGS-ED iteration
	effective electronic model is modified as: kinetic energy t = 0.90984, t' = -0.268004
	                                           effective interaction Vq = [    -4.05, -1.17055,-0.617609, -1.17055, -1.17055, -1.08695,-0.655608, -1.08695,-0.617609,-0.655608,-0.644212,-0.655608, -1.17055, -1.08695,-0.655608, -1.08695]
	PARPACK diagonalization completed after 45 matrix-vector product operations.
	iteration results: : total energy is -52.521410 | electron energy -53.280071 + phonon energy 0.758661 | electron momentum kIdx = 0
The 7-th iteration is completed.	|| time cost : 0h 0m 11.499s
********************************************************************************************************************
Start the 8 rounds of NGS-ED iteration
	effective electronic model is modified as: kinetic energy t = 0.909781, t' = -0.267979
	                                           effective interaction Vq = [    -4.05, -1.17136,-0.617219, -1.17136, -1.17136, -1.08898,-0.655184, -1.08898,-0.617219,-0.655184,-0.643821,-0.655184, -1.17136, -1.08898,-0.655184, -1.08898]
	PARPACK diagonalization completed after 45 matrix-vector product operations.
	iteration results: : total energy is -52.521411 | electron energy -53.281053 + phonon energy 0.759642 | electron momentum kIdx = 0
The 8-th iteration is completed.	|| time cost : 0h 0m 11.523s
********************************************************************************************************************
Start the 9 rounds of NGS-ED iteration
	effective electronic model is modified as: kinetic energy t = 0.90975, t' = -0.267967
	                                           effective interaction Vq = [    -4.05, -1.17169,-0.617032, -1.17169, -1.17169, -1.09007,-0.654969, -1.09007,-0.617032,-0.654969,-0.643622,-0.654969, -1.17169, -1.09007,-0.654969, -1.09007]
	PARPACK diagonalization completed after 30 matrix-vector product operations.
	iteration results: : total energy is -52.521411 | electron energy -53.281558 + phonon energy 0.760146 | electron momentum kIdx = 0
The 9-th iteration is completed.	|| time cost : 0h 0m 9.58s
********************************************************************************************************************
Start the 10 rounds of NGS-ED iteration
	effective electronic model is modified as: kinetic energy t = 0.909735, t' = -0.267962
	                                           effective interaction Vq = [    -4.05, -1.17182,-0.616941, -1.17182, -1.17182, -1.09066,-0.654859, -1.09066,-0.616941,-0.654859,-0.643521,-0.654859, -1.17182, -1.09066,-0.654859, -1.09066]
	PARPACK diagonalization completed after 30 matrix-vector product operations.
	iteration results: : total energy is -52.521411 | electron energy -53.281818 + phonon energy 0.760407 | electron momentum kIdx = 0
The 10-th iteration is completed.	|| time cost : 0h 0m 9.594s
********************************************************************************************************************
Start the 11 rounds of NGS-ED iteration
	effective electronic model is modified as: kinetic energy t = 0.909727, t' = -0.267959
	                                           effective interaction Vq = [    -4.05, -1.17186,-0.616896, -1.17186, -1.17186, -1.09097,-0.654803, -1.09097,-0.616896,-0.654803, -0.64347,-0.654803, -1.17186, -1.09097,-0.654803, -1.09097]
	PARPACK diagonalization completed after 30 matrix-vector product operations.
	iteration results: : total energy is -52.521411 | electron energy -53.281954 + phonon energy 0.760543 | electron momentum kIdx = 0
The 11-th iteration is completed.	|| time cost : 0h 0m 9.58s
********************************************************************************************************************
Start the 12 rounds of NGS-ED iteration
	effective electronic model is modified as: kinetic energy t = 0.909722, t' = -0.267957
	                                           effective interaction Vq = [    -4.05, -1.17187,-0.616874, -1.17187, -1.17187, -1.09115,-0.654773, -1.09115,-0.616874,-0.654773,-0.643445,-0.654773, -1.17187, -1.09115,-0.654773, -1.09115]
	PARPACK diagonalization completed after 30 matrix-vector product operations.
	iteration results: : total energy is -52.521411 | electron energy -53.282025 + phonon energy 0.760614 | electron momentum kIdx = 0
The 12-th iteration is completed.	|| time cost : 0h 0m 9.606s
********************************************************************************************************************
Start the 13 rounds of NGS-ED iteration
	effective electronic model is modified as: kinetic energy t = 0.90972, t' = -0.267957
	                                           effective interaction Vq = [    -4.05, -1.17187,-0.616863, -1.17187, -1.17187, -1.09124,-0.654758, -1.09124,-0.616863,-0.654758,-0.643432,-0.654758, -1.17187, -1.09124,-0.654758, -1.09124]
	PARPACK diagonalization completed after 30 matrix-vector product operations.
	iteration results: : total energy is -52.521411 | electron energy -53.282063 + phonon energy 0.760652 | electron momentum kIdx = 0
The 13-th iteration is completed.	|| time cost : 0h 0m 9.595s
********************************************************************************************************************
Start the 14 rounds of NGS-ED iteration
	effective electronic model is modified as: kinetic energy t = 0.909719, t' = -0.267956
	                                           effective interaction Vq = [    -4.05, -1.17187,-0.616858, -1.17187, -1.17187, -1.09129, -0.65475, -1.09129,-0.616858, -0.65475,-0.643425, -0.65475, -1.17187, -1.09129, -0.65475, -1.09129]
	PARPACK diagonalization completed after 30 matrix-vector product operations.
	iteration results: : total energy is -52.521411 | electron energy -53.282083 + phonon energy 0.760671 | electron momentum kIdx = 0
The 14-th iteration is completed.	|| time cost : 0h 0m 9.591s
********************************************************************************************************************
Start the 15 rounds of NGS-ED iteration
	effective electronic model is modified as: kinetic energy t = 0.909718, t' = -0.267956
	                                           effective interaction Vq = [    -4.05, -1.17187,-0.616855, -1.17187, -1.17187, -1.09132,-0.654746, -1.09132,-0.616855,-0.654746,-0.643422,-0.654746, -1.17187, -1.09132,-0.654746, -1.09132]
	PARPACK diagonalization completed after 30 matrix-vector product operations.
	iteration results: : total energy is -52.521411 | electron energy -53.282093 + phonon energy 0.760682 | electron momentum kIdx = 0
The 15-th iteration is completed.	|| time cost : 0h 0m 9.592s
********************************************************************************************************************
Start the 16 rounds of NGS-ED iteration
	effective electronic model is modified as: kinetic energy t = 0.909718, t' = -0.267956
	                                           effective interaction Vq = [    -4.05, -1.17187,-0.616854, -1.17187, -1.17187, -1.09134,-0.654744, -1.09134,-0.616854,-0.654744, -0.64342,-0.654744, -1.17187, -1.09134,-0.654744, -1.09134]
	PARPACK diagonalization completed after 30 matrix-vector product operations.
	iteration results: : total energy is -52.521411 | electron energy -53.282099 + phonon energy 0.760688 | electron momentum kIdx = 0
The 16-th iteration is completed.	|| time cost : 0h 0m 9.6s
********************************************************************************************************************
Start the 17 rounds of NGS-ED iteration
	effective electronic model is modified as: kinetic energy t = 0.909718, t' = -0.267956
	                                           effective interaction Vq = [    -4.05, -1.17186,-0.616853, -1.17186, -1.17186, -1.09135,-0.654742, -1.09135,-0.616853,-0.654742,-0.643419,-0.654742, -1.17186, -1.09135,-0.654742, -1.09135]
	PARPACK diagonalization completed after 30 matrix-vector product operations.
	iteration results: : total energy is -52.521411 | electron energy -53.282102 + phonon energy 0.760691 | electron momentum kIdx = 0
The 17-th iteration is completed.	|| time cost : 0h 0m 9.618s
********************************************************************************************************************
Start the 18 rounds of NGS-ED iteration
	effective electronic model is modified as: kinetic energy t = 0.909718, t' = -0.267956
	                                           effective interaction Vq = [    -4.05, -1.17186,-0.616852, -1.17186, -1.17186, -1.09135,-0.654742, -1.09135,-0.616852,-0.654742,-0.643419,-0.654742, -1.17186, -1.09135,-0.654742, -1.09135]
	PARPACK diagonalization completed after 30 matrix-vector product operations.
	iteration results: : total energy is -52.521411 | electron energy -53.282104 + phonon energy 0.760692 | electron momentum kIdx = 0
The 18-th iteration is completed.	|| time cost : 0h 0m 9.576s
********************************************************************************************************************
Start the 19 rounds of NGS-ED iteration
	effective electronic model is modified as: kinetic energy t = 0.909718, t' = -0.267956
	                                           effective interaction Vq = [    -4.05, -1.17186,-0.616852, -1.17186, -1.17186, -1.09135,-0.654741, -1.09135,-0.616852,-0.654741,-0.643419,-0.654741, -1.17186, -1.09135,-0.654741, -1.09135]
	PARPACK diagonalization completed after 30 matrix-vector product operations.
	iteration results: : total energy is -52.521411 | electron energy -53.282105 + phonon energy 0.760693 | electron momentum kIdx = 0
The 19-th iteration is completed.	|| time cost : 0h 0m 9.577s
********************************************************************************************************************
Start the 20 rounds of NGS-ED iteration
	effective electronic model is modified as: kinetic energy t = 0.909718, t' = -0.267956
	                                           effective interaction Vq = [    -4.05, -1.17186,-0.616852, -1.17186, -1.17186, -1.09136,-0.654741, -1.09136,-0.616852,-0.654741,-0.643419,-0.654741, -1.17186, -1.09136,-0.654741, -1.09136]
	PARPACK diagonalization completed after 30 matrix-vector product operations.
	iteration results: : total energy is -52.521411 | electron energy -53.282105 + phonon energy 0.760694 | electron momentum kIdx = 0
The 20-th iteration is completed.	|| time cost : 0h 0m 9.59s
********************************************************************************************************************
Start the 21 rounds of NGS-ED iteration
	effective electronic model is modified as: kinetic energy t = 0.909718, t' = -0.267956
	                                           effective interaction Vq = [    -4.05, -1.17186,-0.616852, -1.17186, -1.17186, -1.09136,-0.654741, -1.09136,-0.616852,-0.654741,-0.643419,-0.654741, -1.17186, -1.09136,-0.654741, -1.09136]
	PARPACK diagonalization completed after 30 matrix-vector product operations.
	iteration results: : total energy is -52.521411 | electron energy -53.282105 + phonon energy 0.760694 | electron momentum kIdx = 0
The 21-th iteration is completed.	|| time cost : 0h 0m 9.592s
********************************************************************************************************************
Start the 22 rounds of NGS-ED iteration
	effective electronic model is modified as: kinetic energy t = 0.909718, t' = -0.267956
	                                           effective interaction Vq = [    -4.05, -1.17186,-0.616852, -1.17186, -1.17186, -1.09136,-0.654741, -1.09136,-0.616852,-0.654741,-0.643419,-0.654741, -1.17186, -1.09136,-0.654741, -1.09136]
	PARPACK diagonalization completed after 30 matrix-vector product operations.
	iteration results: : total energy is -52.521411 | electron energy -53.282106 + phonon energy 0.760694 | electron momentum kIdx = 0
The 22-th iteration is completed.	|| time cost : 0h 0m 9.597s
********************************************************************************************************************
Start the 23 rounds of NGS-ED iteration
	effective electronic model is modified as: kinetic energy t = 0.909718, t' = -0.267956
	                                           effective interaction Vq = [    -4.05, -1.17186,-0.616852, -1.17186, -1.17186, -1.09136,-0.654741, -1.09136,-0.616852,-0.654741,-0.643419,-0.654741, -1.17186, -1.09136,-0.654741, -1.09136]
	PARPACK diagonalization completed after 30 matrix-vector product operations.
	iteration results: : total energy is -52.521411 | electron energy -53.282106 + phonon energy 0.760694 | electron momentum kIdx = 0
The 23-th iteration is completed.	|| time cost : 0h 0m 9.616s
********************************************************************************************************************
Start the 24 rounds of NGS-ED iteration
	effective electronic model is modified as: kinetic energy t = 0.909718, t' = -0.267956
	                                           effective interaction Vq = [    -4.05, -1.17186,-0.616852, -1.17186, -1.17186, -1.09136,-0.654741, -1.09136,-0.616852,-0.654741,-0.643419,-0.654741, -1.17186, -1.09136,-0.654741, -1.09136]
	PARPACK diagonalization completed after 30 matrix-vector product operations.
	iteration results: : total energy is -52.521411 | electron energy -53.282106 + phonon energy 0.760694 | electron momentum kIdx = 0
	Nq(0) = 9,	Nq(1) = 0.203139,	Nq(2) = 0.245751,	Nq(3) = 0.203139,	Nq(4) = 0.203139,	Nq(5) = 0.290246,	
	Nq(6) = 0.316339,	Nq(7) = 0.290246,	Nq(8) = 0.245751,	Nq(9) = 0.316339,	Nq(10) = 0.369684,	
	Nq(11) = 0.316339,	Nq(12) = 0.203139,	Nq(13) = 0.290246,	Nq(14) = 0.316339,	Nq(15) = 0.290246;	
	Sq(0) = -3.90203e-19,	Sq(1) = 0.513542,	Sq(2) = 0.449981,	Sq(3) = 0.513542,	Sq(4) = 0.513542,	
	Sq(5) = 0.6763,	Sq(6) = 0.977843,	Sq(7) = 0.6763,	Sq(8) = 0.449981,	Sq(9) = 0.977843,	
	Sq(10) = 1.32921,	Sq(11) = 0.977843,	Sq(12) = 0.513542,	Sq(13) = 0.6763,	Sq(14) = 0.977843,	
	Sq(15) = 0.6763;	N(0) = 1.77769,	N(1) = 1.66635,	N(2) = 1.05464,	N(3) = 1.66635,	
	N(4) = 1.66635,	N(5) = 0.210963,	N(6) = 0.132864,	N(7) = 0.210963,	N(8) = 1.05464,	
	N(9) = 0.132864,	N(10) = 0.0723468,	N(11) = 0.132864,	N(12) = 1.66635,	N(13) = 0.210963,	
	N(14) = 0.132864,	N(15) = 0.210963;	Delta[s](0) = 0.0643629,	Delta[s](1) = 0.0467742,	Delta[s](2) = 0.0396724,	
	Delta[s](3) = 0.0467742,	Delta[s](4) = 0.0467742,	Delta[s](5) = 0.0313387,	Delta[s](6) = 0.0206848,	Delta[s](7) = 0.0313387,	
	Delta[s](8) = 0.0396724,	Delta[s](9) = 0.0206848,	Delta[s](10) = 0.0111443,	Delta[s](11) = 0.0206848,	Delta[s](12) = 0.0467742,	
	Delta[s](13) = 0.0313387,	Delta[s](14) = 0.0206848,	Delta[s](15) = 0.0313387;	Delta[d](0) = 0.506901,	Delta[d](1) = 0.253881,	
	Delta[d](2) = 0.259071,	Delta[d](3) = 0.253881,	Delta[d](4) = 0.253881,	Delta[d](5) = 0.145434,	Delta[d](6) = 0.156623,	
	Delta[d](7) = 0.145434,	Delta[d](8) = 0.259071,	Delta[d](9) = 0.156623,	Delta[d](10) = 0.103738,	Delta[d](11) = 0.156623,	
	Delta[d](12) = 0.253881,	Delta[d](13) = 0.145434,	Delta[d](14) = 0.156623,	Delta[d](15) = 0.145434;	Delta[s+](0) = 0.504551,	
	Delta[s+](1) = 0.34853,	Delta[s+](2) = 0.259071,	Delta[s+](3) = 0.34853,	Delta[s+](4) = 0.34853,	Delta[s+](5) = 0.158774,	
	Delta[s+](6) = 0.070545,	Delta[s+](7) = 0.158774,	Delta[s+](8) = 0.259071,	Delta[s+](9) = 0.070545,	Delta[s+](10) = 0.0189427,	
	Delta[s+](11) = 0.070545,	Delta[s+](12) = 0.34853,	Delta[s+](13) = 0.158774,	Delta[s+](14) = 0.070545,	Delta[s+](15) = 0.158774
	
The 24-th iteration is completed.	|| time cost : 0h 1m 19.813s
********************************************************************************************************************
********************************************************************************************************************
Ground state is obtained after 25 iterations. The current ground-state energy is -52.5214, in which electron energy is -53.2821 and phonon energy is 0.760694
Final variational state is: 
	Gamma_x = [      1,2.56725,1.96281,2.56725,2.56725,3.22916,2.39712,3.22916,1.96281,2.39712,2.65277,2.39712,2.56725,3.22916,2.39712,3.22916]
	lambda_q = [     4.5,0.706493,0.356844,0.706493,0.706493,0.653805, 0.37977,0.653805,0.356844, 0.37977,0.372906, 0.37977,0.706493,0.653805, 0.37977,0.653805]
Effective e-e interactions mediated by phonons are:
	momentum-space Vq = [    -4.05, -1.17186,-0.616852, -1.17186, -1.17186, -1.09136,-0.654741, -1.09136,-0.616852,-0.654741,-0.643419,-0.654741, -1.17186, -1.09136,-0.654741, -1.09136]
	real-space Vr = [  -1.09994, -0.277551,-0.0976058, -0.277551, -0.277551, -0.216232, -0.148271, -0.216232,-0.0976058, -0.148271, -0.186634, -0.148271, -0.277551, -0.216232, -0.148271, -0.216232]
********************************************************************************************************************
o___o  ----------------------------------------
| L |	Time since last clock: 0h 0m 0.008s
A===A	Time since the beginning: 0h 8m 26.974s
***********************************************


Non-Gaussina ED ground state calculation is completed. The final ground-state energy is -52.5214
********************************************************************************************************************
o___o  ----------------------------------------
| L |	Time since last clock: 0h 0m 0.003s
A===A	Time since the beginning: 0h 8m 26.978s
***********************************************



********************************************************************************************************************
All non-Gaussian ED ground state calculations have been completed. Exit now.
