SNEDics v3.4 Non-Gaussian ED ground state program		Start at Wed Oct  2 03:15:43 2019

parallized on 16 MPI threads  * 8 OpenMP threads = 128 total threads.
********************************************************************************************************************
********************************************************************************************************************

********************************************************************************************************************
System parameters and configurations
********************************************************************************************************************
Special program options are enabled: splitted diagonal Hamiltonian
********************************************************************************************************************
Read input file "model_params.in"
	Hubbard-Holstein model parameters : 	t = 1    U = 8.97    g = 5    W = 5    
********************************************************************************************************************
Read input file "hilbertspace_params.in"
	Requested 16-site 2D lattice, with 16 electrons (8, 8)
	Boundary : Periodic		Hilbert space representation : momentum-space (restricted to kIdx = 10)
	Conservation: particle number[U(1)]      spin[U(1)]     momentum
********************************************************************************************************************

Cluster Positions:				Cluster symmetry group : D4
 x ... x ... x ... x .....                       x ... x ... x ... x .....
 |           |           :                       |           |           :
 |           |           :                       |           |           :
12    13    14    15     x                       1     5     6     5     x
 |           |           :                       |           |           :
 |           |           :                       |           |           :
 8 --- 9 ---10 ---11 --- x                       2 --- 6 ---10 --- 6 --- x
 |           |           :                       |           |           :
 |           |           :                       |           |           :
 4     5     6     7     x                       1     5     6     5     x
 |           |           :                       |           |           :
 |           |           :                       |           |           :
 0 --- 1 --- 2 --- 3 --- x                       0 --- 1 --- 2 --- 1 --- x
orbital number : 1
********************************************************************************************************************
Read input file "obs_params.in"
	Observable Type : Nq(All),   Sq(All),   N(All),   Delta[s](All),   Delta[d](All),   Delta[s+](All)
********************************************************************************************************************
** WARNING ** the input observables have non-local factors which have been reinterpreted. The total observable number is 96
********************************************************************************************************************


********************************************************************************************************************
Start calculating the non-Gaussian ED ground state
** WARNING ** Detected low phonon energy W < 10. The initial state will be prepared through a warm-up process.
********************************************************************************************************************
Start warm-up calculation for scaling factor 2
open output files: NGSEDWarmUpW10Obs.txt
********************************************************************************************************************
Start the 0 rounds of NGS-ED iteration
	effective electronic model is modified as: kinetic energy t = 1
	                                           effective interaction Vq = [-0,-0,-0,-0,-0,-0,-0,-0,-0,-0,-0,-0,-0,-0,-0,-0]
	first Hamiltonian is constructed, non-zero numbers = 2845334624
	PARPACK diagonalization completed after 120 matrix-vector product operations.
	iteration results: : total energy is -7.532247 | electron energy -7.532247 + phonon energy 0.000000 | electron momentum kIdx = 10
	Nq(0) = 16,	Nq(1) = 0.0507911,	Nq(2) = 0.0909809,	Nq(3) = 0.0507911,	Nq(4) = 0.0507911,	Nq(5) = 0.0909809,	Nq(6) = 0.127236,	Nq(7) = 0.0909809,	Nq(8) = 0.0909809,	Nq(9) = 0.127236,	Nq(10) = 0.161068,	Nq(11) = 0.127236,	Nq(12) = 0.0507911,	Nq(13) = 0.0909809,	Nq(14) = 0.127236,	Nq(15) = 0.0909809,	Sq(0) = -5.45473e-20,	Sq(1) = 0.225283,	Sq(2) = 0.380095,	Sq(3) = 0.225283,	Sq(4) = 0.225283,	Sq(5) = 0.380095,	Sq(6) = 0.568533,	Sq(7) = 0.380095,	Sq(8) = 0.380095,	Sq(9) = 0.568533,	Sq(10) = 9.1251,	Sq(11) = 0.568533,	Sq(12) = 0.225283,	Sq(13) = 0.380095,	Sq(14) = 0.568533,	Sq(15) = 0.380095,	N(0) = 1.73139,	N(1) = 1.50285,	N(2) = 1,	N(3) = 1.50285,	N(4) = 1.50285,	N(5) = 1,	N(6) = 0.49715,	N(7) = 1,	N(8) = 1,	N(9) = 0.49715,	N(10) = 0.268607,	N(11) = 0.49715,	N(12) = 1.50285,	N(13) = 1,	N(14) = 0.49715,	N(15) = 1,	Delta[s](0) = 0.068728,	Delta[s](1) = 0.0573232,	Delta[s](2) = 0.0451092,	Delta[s](3) = 0.0573232,	Delta[s](4) = 0.0573232,	Delta[s](5) = 0.0451092,	Delta[s](6) = 0.0315825,	Delta[s](7) = 0.0451092,	Delta[s](8) = 0.0451092,	Delta[s](9) = 0.0315825,	Delta[s](10) = 0.0145252,	Delta[s](11) = 0.0315825,	Delta[s](12) = 0.0573232,	Delta[s](13) = 0.0451092,	Delta[s](14) = 0.0315825,	Delta[s](15) = 0.0451092,	Delta[d](0) = 0.573434,	Delta[d](1) = 0.483107,	Delta[d](2) = 0.399497,	Delta[d](3) = 0.483107,	Delta[d](4) = 0.483107,	Delta[d](5) = 0.419983,	Delta[d](6) = 0.347874,	Delta[d](7) = 0.419983,	Delta[d](8) = 0.399497,	Delta[d](9) = 0.347874,	Delta[d](10) = 0.28145,	Delta[d](11) = 0.347874,	Delta[d](12) = 0.483107,	Delta[d](13) = 0.419983,	Delta[d](14) = 0.347874,	Delta[d](15) = 0.419983,	Delta[s+](0) = 0.60582,	Delta[s+](1) = 0.511339,	Delta[s+](2) = 0.399497,	Delta[s+](3) = 0.511339,	Delta[s+](4) = 0.511339,	Delta[s+](5) = 0.399497,	Delta[s+](6) = 0.285165,	Delta[s+](7) = 0.399497,	Delta[s+](8) = 0.399497,	Delta[s+](9) = 0.285165,	Delta[s+](10) = 0.177978,	Delta[s+](11) = 0.285165,	Delta[s+](12) = 0.511339,	Delta[s+](13) = 0.399497,	Delta[s+](14) = 0.285165,	Delta[s+](15) = 0.399497
The 0-th iteration is completed.	|| time cost : 0h 8m 24.893s
********************************************************************************************************************
Start the 1 rounds of NGS-ED iteration
	effective electronic model is modified as: kinetic energy t = 0.905821
	                                           effective interaction Vq = [-4.32332,-3.57038,-3.49274,-3.57038,-3.57038,-3.49274,-3.44094,-3.49274,-3.49274,-3.44094,-3.40154,-3.44094,-3.57038,-3.49274,-3.44094,-3.49274]
	PARPACK diagonalization completed after 45 matrix-vector product operations.
	iteration results: : total energy is -84.935561 | electron energy -84.939689 + phonon energy 0.004127 | electron momentum kIdx = 10
The 1-th iteration is completed.	|| time cost : 0h 7m 43.169s
********************************************************************************************************************
Start the 2 rounds of NGS-ED iteration
	effective electronic model is modified as: kinetic energy t = 0.812847
	                                           effective interaction Vq = [-4.90842,-4.57806,-4.41447,-4.57806,-4.57806,-4.41447,-4.39155,-4.41447,-4.41447,-4.39155,-4.31583,-4.39155,-4.57806,-4.41447,-4.39155,-4.41447]
	PARPACK diagonalization completed after 45 matrix-vector product operations.
	iteration results: : total energy is -97.624730 | electron energy -97.694514 + phonon energy 0.069783 | electron momentum kIdx = 10
The 2-th iteration is completed.	|| time cost : 0h 0m 32.784s
********************************************************************************************************************
Start the 3 rounds of NGS-ED iteration
	effective electronic model is modified as: kinetic energy t = 0.767194
	                                           effective interaction Vq = [-4.98761, -4.8433,-4.66473, -4.8433, -4.8433,-4.66473,-4.69341,-4.66473,-4.66473,-4.69341,-4.58771,-4.69341, -4.8433,-4.66473,-4.69341,-4.66473]
	PARPACK diagonalization completed after 45 matrix-vector product operations.
	iteration results: : total energy is -99.917716 | electron energy -100.064826 + phonon energy 0.147110 | electron momentum kIdx = 10
The 3-th iteration is completed.	|| time cost : 0h 0m 32.15s
********************************************************************************************************************
Start the 4 rounds of NGS-ED iteration
	effective electronic model is modified as: kinetic energy t = 0.737753
	                                           effective interaction Vq = [-4.99832,-4.91128,-4.84712,-4.91128,-4.91128,-4.84712,-4.79008,-4.84712,-4.84712,-4.79008, -4.6807,-4.79008,-4.91128,-4.84712,-4.79008,-4.84712]
	PARPACK diagonalization completed after 30 matrix-vector product operations.
	iteration results: : total energy is -100.492707 | electron energy -100.686657 + phonon energy 0.193950 | electron momentum kIdx = 10
The 4-th iteration is completed.	|| time cost : 0h 0m 27.613s
********************************************************************************************************************
Start the 5 rounds of NGS-ED iteration
	effective electronic model is modified as: kinetic energy t = 0.726584
	                                           effective interaction Vq = [-4.99977,-4.92975,-4.89921,-4.92975,-4.92975,-4.89921,-4.82077,-4.89921,-4.89921,-4.82077,-4.71254,-4.82077,-4.92975,-4.89921,-4.82077,-4.89921]
	PARPACK diagonalization completed after 30 matrix-vector product operations.
	iteration results: : total energy is -100.576513 | electron energy -100.792913 + phonon energy 0.216399 | electron momentum kIdx = 10
The 5-th iteration is completed.	|| time cost : 0h 0m 27.338s
********************************************************************************************************************
Start the 6 rounds of NGS-ED iteration
	effective electronic model is modified as: kinetic energy t = 0.722426
	                                           effective interaction Vq = [-4.99997,-4.93548,-4.91601,-4.93548,-4.93548,-4.91601,-4.83149,-4.91601,-4.91601,-4.83149,-4.72425,-4.83149,-4.93548,-4.91601,-4.83149,-4.91601]
	PARPACK diagonalization completed after 30 matrix-vector product operations.
	iteration results: : total energy is -100.588157 | electron energy -100.813513 + phonon energy 0.225357 | electron momentum kIdx = 10
The 6-th iteration is completed.	|| time cost : 0h 0m 27.619s
********************************************************************************************************************
Start the 7 rounds of NGS-ED iteration
	effective electronic model is modified as: kinetic energy t = 0.720892
	                                           effective interaction Vq = [      -5,-4.93737,-4.92184,-4.93737,-4.93737,-4.92184,-4.83541,-4.92184,-4.92184,-4.83541,-4.72869,-4.83541,-4.93737,-4.92184,-4.83541,-4.92184]
	PARPACK diagonalization completed after 30 matrix-vector product operations.
	iteration results: : total energy is -100.589740 | electron energy -100.818496 + phonon energy 0.228757 | electron momentum kIdx = 10
The 7-th iteration is completed.	|| time cost : 0h 0m 27.445s
********************************************************************************************************************
Start the 8 rounds of NGS-ED iteration
	effective electronic model is modified as: kinetic energy t = 0.720327
	                                           effective interaction Vq = [      -5,  -4.938,-4.92392,  -4.938,  -4.938,-4.92392,-4.83687,-4.92392,-4.92392,-4.83687,-4.73039,-4.83687,  -4.938,-4.92392,-4.83687,-4.92392]
	PARPACK diagonalization completed after 30 matrix-vector product operations.
	iteration results: : total energy is -100.589953 | electron energy -100.819981 + phonon energy 0.230028 | electron momentum kIdx = 10
The 8-th iteration is completed.	|| time cost : 0h 0m 27.307s
********************************************************************************************************************
Start the 9 rounds of NGS-ED iteration
	effective electronic model is modified as: kinetic energy t = 0.720119
	                                           effective interaction Vq = [      -5,-4.93821,-4.92467,-4.93821,-4.93821,-4.92467,-4.83742,-4.92467,-4.92467,-4.83742,-4.73105,-4.83742,-4.93821,-4.92467,-4.83742,-4.92467]
	PARPACK diagonalization completed after 30 matrix-vector product operations.
	iteration results: : total energy is -100.589982 | electron energy -100.820482 + phonon energy 0.230500 | electron momentum kIdx = 10
The 9-th iteration is completed.	|| time cost : 0h 0m 27.587s
********************************************************************************************************************
Start the 10 rounds of NGS-ED iteration
	effective electronic model is modified as: kinetic energy t = 0.720043
	                                           effective interaction Vq = [      -5,-4.93828,-4.92494,-4.93828,-4.93828,-4.92494,-4.83762,-4.92494,-4.92494,-4.83762, -4.7313,-4.83762,-4.93828,-4.92494,-4.83762,-4.92494]
	PARPACK diagonalization completed after 30 matrix-vector product operations.
	iteration results: : total energy is -100.589986 | electron energy -100.820661 + phonon energy 0.230676 | electron momentum kIdx = 10
	Nq(0) = 16,	Nq(1) = 0.410919,	Nq(2) = 0.710433,	Nq(3) = 0.410919,	Nq(4) = 0.410919,	Nq(5) = 0.710433,	Nq(6) = 0.662095,	Nq(7) = 0.710433,	Nq(8) = 0.710433,	Nq(9) = 0.662095,	Nq(10) = 0.633484,	Nq(11) = 0.662095,	Nq(12) = 0.410919,	Nq(13) = 0.710433,	Nq(14) = 0.662095,	Nq(15) = 0.710433,	Sq(0) = -5.62342e-19,	Sq(1) = 0.337129,	Sq(2) = 0.416133,	Sq(3) = 0.337129,	Sq(4) = 0.337129,	Sq(5) = 0.416133,	Sq(6) = 0.553565,	Sq(7) = 0.416133,	Sq(8) = 0.416133,	Sq(9) = 0.553565,	Sq(10) = 0.752291,	Sq(11) = 0.553565,	Sq(12) = 0.337129,	Sq(13) = 0.416133,	Sq(14) = 0.553565,	Sq(15) = 0.416133,	N(0) = 1.9929,	N(1) = 1.98874,	N(2) = 1,	N(3) = 1.98874,	N(4) = 1.98874,	N(5) = 1,	N(6) = 0.0112631,	N(7) = 1,	N(8) = 1,	N(9) = 0.0112631,	N(10) = 0.00709669,	N(11) = 0.0112631,	N(12) = 1.98874,	N(13) = 1,	N(14) = 0.0112631,	N(15) = 1,	Delta[s](0) = 0.302758,	Delta[s](1) = 0.302836,	Delta[s](2) = 0.301445,	Delta[s](3) = 0.302836,	Delta[s](4) = 0.302836,	Delta[s](5) = 0.301445,	Delta[s](6) = 0.264564,	Delta[s](7) = 0.301445,	Delta[s](8) = 0.301445,	Delta[s](9) = 0.264564,	Delta[s](10) = 0.213042,	Delta[s](11) = 0.264564,	Delta[s](12) = 0.302836,	Delta[s](13) = 0.301445,	Delta[s](14) = 0.264564,	Delta[s](15) = 0.301445,	Delta[d](0) = 0.307301,	Delta[d](1) = 0.292783,	Delta[d](2) = 0.269444,	Delta[d](3) = 0.292783,	Delta[d](4) = 0.292783,	Delta[d](5) = 0.27168,	Delta[d](6) = 0.260254,	Delta[d](7) = 0.27168,	Delta[d](8) = 0.269444,	Delta[d](9) = 0.260254,	Delta[d](10) = 0.323204,	Delta[d](11) = 0.260254,	Delta[d](12) = 0.292783,	Delta[d](13) = 0.27168,	Delta[d](14) = 0.260254,	Delta[d](15) = 0.27168,	Delta[s+](0) = 0.451737,	Delta[s+](1) = 0.377428,	Delta[s+](2) = 0.269444,	Delta[s+](3) = 0.377428,	Delta[s+](4) = 0.377428,	Delta[s+](5) = 0.269444,	Delta[s+](6) = 0.154362,	Delta[s+](7) = 0.269444,	Delta[s+](8) = 0.269444,	Delta[s+](9) = 0.154362,	Delta[s+](10) = 0.0725652,	Delta[s+](11) = 0.154362,	Delta[s+](12) = 0.377428,	Delta[s+](13) = 0.269444,	Delta[s+](14) = 0.154362,	Delta[s+](15) = 0.269444
The 10-th iteration is completed.	|| time cost : 0h 4m 33.605s
********************************************************************************************************************
********************************************************************************************************************
Ground state is obtained after 11 iterations. The current ground-state energy is -100.59, in which electron energy is -100.821 and phonon energy is 0.230676
final variational state is: 
	Gamma_x = [      1,1.04139,1.07921,1.04139,1.04139,1.07921,1.10255,1.07921,1.07921,1.10255,1.11912,1.10255,1.04139,1.07921,1.10255,1.07921]
	lambda_q = [0.707095,0.628562, 0.62053,0.628562,0.628562, 0.62053, 0.57971, 0.62053, 0.62053, 0.57971,0.543217, 0.57971,0.628562, 0.62053, 0.57971, 0.62053]
********************************************************************************************************************
o___o  ----------------------------------------
| L |	Time since last clock: 0h 0m 0s
A===A	Time since the beginning: 0h 24m 31.515s
***********************************************


********************************************************************************************************************
Warm up runs have been completed. Start calculating W = 5 phonon.
open output files: NGSEDIterationObs.txt
********************************************************************************************************************
Start the 0 rounds of NGS-ED iteration
	effective electronic model is modified as: kinetic energy t = 0.720015
	                                           effective interaction Vq = [-4.57103,-4.31017,-4.28001,-4.31017,-4.31017,-4.28001,-4.11678,-4.28001,-4.28001,-4.11678,-3.95675,-4.11678,-4.31017,-4.28001,-4.11678,-4.28001]
	PARPACK diagonalization completed after 45 matrix-vector product operations.
	iteration results: : total energy is -88.439434 | electron energy -88.554805 + phonon energy 0.115371 | electron momentum kIdx = 10
	Nq(0) = 16,	Nq(1) = 0.33637,	Nq(2) = 0.363827,	Nq(3) = 0.33637,	Nq(4) = 0.33637,	Nq(5) = 0.363827,	Nq(6) = 0.533607,	Nq(7) = 0.363827,	Nq(8) = 0.363827,	Nq(9) = 0.533607,	Nq(10) = 0.545574,	Nq(11) = 0.533607,	Nq(12) = 0.33637,	Nq(13) = 0.363827,	Nq(14) = 0.533607,	Nq(15) = 0.363827,	Sq(0) = 3.28757e-18,	Sq(1) = 0.376901,	Sq(2) = 0.422861,	Sq(3) = 0.376901,	Sq(4) = 0.376901,	Sq(5) = 0.422861,	Sq(6) = 0.650258,	Sq(7) = 0.422861,	Sq(8) = 0.422861,	Sq(9) = 0.650258,	Sq(10) = 3.14575,	Sq(11) = 0.650258,	Sq(12) = 0.376901,	Sq(13) = 0.422861,	Sq(14) = 0.650258,	Sq(15) = 0.422861,	N(0) = 1.99679,	N(1) = 1.99247,	N(2) = 1,	N(3) = 1.99247,	N(4) = 1.99247,	N(5) = 1,	N(6) = 0.00752942,	N(7) = 1,	N(8) = 1,	N(9) = 0.00752942,	N(10) = 0.00321116,	N(11) = 0.00752942,	N(12) = 1.99247,	N(13) = 1,	N(14) = 0.00752942,	N(15) = 1,	Delta[s](0) = 0.218943,	Delta[s](1) = 0.213189,	Delta[s](2) = 0.190531,	Delta[s](3) = 0.213189,	Delta[s](4) = 0.213189,	Delta[s](5) = 0.190531,	Delta[s](6) = 0.185146,	Delta[s](7) = 0.190531,	Delta[s](8) = 0.190531,	Delta[s](9) = 0.185146,	Delta[s](10) = 0.148756,	Delta[s](11) = 0.185146,	Delta[s](12) = 0.213189,	Delta[s](13) = 0.190531,	Delta[s](14) = 0.185146,	Delta[s](15) = 0.190531,	Delta[d](0) = 0.494799,	Delta[d](1) = 0.35884,	Delta[d](2) = 0.321267,	Delta[d](3) = 0.35884,	Delta[d](4) = 0.35884,	Delta[d](5) = 0.387837,	Delta[d](6) = 0.307352,	Delta[d](7) = 0.387837,	Delta[d](8) = 0.321267,	Delta[d](9) = 0.307352,	Delta[d](10) = 0.28231,	Delta[d](11) = 0.307352,	Delta[d](12) = 0.35884,	Delta[d](13) = 0.387837,	Delta[d](14) = 0.307352,	Delta[d](15) = 0.387837,	Delta[s+](0) = 0.540488,	Delta[s+](1) = 0.452383,	Delta[s+](2) = 0.321267,	Delta[s+](3) = 0.452383,	Delta[s+](4) = 0.452383,	Delta[s+](5) = 0.321267,	Delta[s+](6) = 0.188699,	Delta[s+](7) = 0.321267,	Delta[s+](8) = 0.321267,	Delta[s+](9) = 0.188699,	Delta[s+](10) = 0.0842477,	Delta[s+](11) = 0.188699,	Delta[s+](12) = 0.452383,	Delta[s+](13) = 0.321267,	Delta[s+](14) = 0.188699,	Delta[s+](15) = 0.321267
The 0-th iteration is completed.	|| time cost : 0h 4m 41.38s
********************************************************************************************************************
Start the 1 rounds of NGS-ED iteration
	effective electronic model is modified as: kinetic energy t = 0.702867
	                                           effective interaction Vq = [-4.84219,-4.54844,-4.35636,-4.54844,-4.54844,-4.35636,-4.30017,-4.35636,-4.35636,-4.30017, -4.1176,-4.30017,-4.54844,-4.35636,-4.30017,-4.35636]
	PARPACK diagonalization completed after 30 matrix-vector product operations.
	iteration results: : total energy is -93.170012 | electron energy -93.490953 + phonon energy 0.320941 | electron momentum kIdx = 10
The 1-th iteration is completed.	|| time cost : 0h 0m 27.365s
********************************************************************************************************************
Start the 2 rounds of NGS-ED iteration
	effective electronic model is modified as: kinetic energy t = 0.685246
	                                           effective interaction Vq = [-4.94195,-4.68752,-4.41649,-4.68752,-4.68752,-4.41649,-4.43422,-4.41649,-4.41649,-4.43422, -4.2376,-4.43422,-4.68752,-4.41649,-4.43422,-4.41649]
	PARPACK diagonalization completed after 30 matrix-vector product operations.
	iteration results: : total energy is -94.961908 | electron energy -95.412243 + phonon energy 0.450335 | electron momentum kIdx = 10
The 2-th iteration is completed.	|| time cost : 0h 0m 27.349s
********************************************************************************************************************
Start the 3 rounds of NGS-ED iteration
	effective electronic model is modified as: kinetic energy t = 0.671093
	                                           effective interaction Vq = [-4.97864,-4.77029,-4.45818,-4.77029,-4.77029,-4.45818,-4.52687,-4.45818,-4.45818,-4.52687,-4.31765,-4.52687,-4.77029,-4.45818,-4.52687,-4.45818]
	PARPACK diagonalization completed after 30 matrix-vector product operations.
	iteration results: : total energy is -95.651512 | electron energy -96.179434 + phonon energy 0.527922 | electron momentum kIdx = 10
The 3-th iteration is completed.	|| time cost : 0h 0m 27.633s
********************************************************************************************************************
Start the 4 rounds of NGS-ED iteration
	effective electronic model is modified as: kinetic energy t = 0.660524
	                                           effective interaction Vq = [-4.99214,-4.82049, -4.4869,-4.82049,-4.82049, -4.4869,-4.58998, -4.4869, -4.4869,-4.58998,-4.36927,-4.58998,-4.82049, -4.4869,-4.58998, -4.4869]
	PARPACK diagonalization completed after 45 matrix-vector product operations.
	iteration results: : total energy is -95.920545 | electron energy -96.496805 + phonon energy 0.576260 | electron momentum kIdx = 10
The 4-th iteration is completed.	|| time cost : 0h 0m 32.031s
********************************************************************************************************************
Start the 5 rounds of NGS-ED iteration
	effective electronic model is modified as: kinetic energy t = 0.652209
	                                           effective interaction Vq = [-4.99711, -4.8517,-4.51487, -4.8517, -4.8517,-4.51487,-4.63224,-4.51487,-4.51487,-4.63224,-4.40255,-4.63224, -4.8517,-4.51487,-4.63224,-4.51487]
	PARPACK diagonalization completed after 45 matrix-vector product operations.
	iteration results: : total energy is -96.040053 | electron energy -96.647956 + phonon energy 0.607903 | electron momentum kIdx = 10
The 5-th iteration is completed.	|| time cost : 0h 0m 32.137s
********************************************************************************************************************
Start the 6 rounds of NGS-ED iteration
	effective electronic model is modified as: kinetic energy t = 0.635188
	                                           effective interaction Vq = [-4.99894,  -4.865, -4.6561,  -4.865,  -4.865, -4.6561,-4.65397, -4.6561, -4.6561,-4.65397,-4.43204,-4.65397,  -4.865, -4.6561,-4.65397, -4.6561]
	PARPACK diagonalization completed after 30 matrix-vector product operations.
	iteration results: : total energy is -96.256469 | electron energy -96.895617 + phonon energy 0.639148 | electron momentum kIdx = 10
The 6-th iteration is completed.	|| time cost : 0h 0m 27.41s
********************************************************************************************************************
Start the 7 rounds of NGS-ED iteration
	effective electronic model is modified as: kinetic energy t = 0.624288
	                                           effective interaction Vq = [-4.99961,-4.86906,-4.73979,-4.86906,-4.86906,-4.73979,-4.66559,-4.73979,-4.73979,-4.66559,-4.45053,-4.66559,-4.86906,-4.73979,-4.66559,-4.73979]
	PARPACK diagonalization completed after 30 matrix-vector product operations.
	iteration results: : total energy is -96.356779 | electron energy -97.026002 + phonon energy 0.669223 | electron momentum kIdx = 10
The 7-th iteration is completed.	|| time cost : 0h 0m 27.374s
********************************************************************************************************************
Start the 8 rounds of NGS-ED iteration
	effective electronic model is modified as: kinetic energy t = 0.617621
	                                           effective interaction Vq = [-4.99986,-4.87026,-4.78766,-4.87026,-4.87026,-4.78766,-4.67107,-4.78766,-4.78766,-4.67107,-4.46139,-4.67107,-4.87026,-4.78766,-4.67107,-4.78766]
	PARPACK diagonalization completed after 30 matrix-vector product operations.
	iteration results: : total energy is -96.399232 | electron energy -97.090636 + phonon energy 0.691404 | electron momentum kIdx = 10
The 8-th iteration is completed.	|| time cost : 0h 0m 27.403s
********************************************************************************************************************
Start the 9 rounds of NGS-ED iteration
	effective electronic model is modified as: kinetic energy t = 0.613536
	                                           effective interaction Vq = [-4.99995, -4.8703,-4.81575, -4.8703, -4.8703,-4.81575,-4.67341,-4.81575,-4.81575,-4.67341,-4.46767,-4.67341, -4.8703,-4.81575,-4.67341,-4.81575]
	PARPACK diagonalization completed after 30 matrix-vector product operations.
	iteration results: : total energy is -96.416708 | electron energy -97.122805 + phonon energy 0.706097 | electron momentum kIdx = 10
The 9-th iteration is completed.	|| time cost : 0h 0m 27.442s
********************************************************************************************************************
Start the 10 rounds of NGS-ED iteration
	effective electronic model is modified as: kinetic energy t = 0.611041
	                                           effective interaction Vq = [-4.99998,-4.86992,-4.83251,-4.86992,-4.86992,-4.83251,-4.67421,-4.83251,-4.83251,-4.67421,-4.47123,-4.67421,-4.86992,-4.83251,-4.67421,-4.83251]
	PARPACK diagonalization completed after 30 matrix-vector product operations.
	iteration results: : total energy is -96.423744 | electron energy -97.139090 + phonon energy 0.715345 | electron momentum kIdx = 10
	Nq(0) = 16,	Nq(1) = 0.418991,	Nq(2) = 0.716285,	Nq(3) = 0.418991,	Nq(4) = 0.418991,	Nq(5) = 0.716285,	Nq(6) = 0.626722,	Nq(7) = 0.716285,	Nq(8) = 0.716284,	Nq(9) = 0.626722,	Nq(10) = 0.586567,	Nq(11) = 0.626722,	Nq(12) = 0.418991,	Nq(13) = 0.716285,	Nq(14) = 0.626722,	Nq(15) = 0.716285,	Sq(0) = -7.36648e-18,	Sq(1) = 0.343934,	Sq(2) = 0.423674,	Sq(3) = 0.343934,	Sq(4) = 0.343934,	Sq(5) = 0.423674,	Sq(6) = 0.560941,	Sq(7) = 0.423674,	Sq(8) = 0.423674,	Sq(9) = 0.560941,	Sq(10) = 0.771333,	Sq(11) = 0.560941,	Sq(12) = 0.343934,	Sq(13) = 0.423674,	Sq(14) = 0.560941,	Sq(15) = 0.423674,	N(0) = 1.99432,	N(1) = 1.9895,	N(2) = 1,	N(3) = 1.9895,	N(4) = 1.9895,	N(5) = 1,	N(6) = 0.0104993,	N(7) = 1,	N(8) = 1,	N(9) = 0.0104993,	N(10) = 0.00568294,	N(11) = 0.0104993,	N(12) = 1.9895,	N(13) = 1,	N(14) = 0.0104993,	N(15) = 1,	Delta[s](0) = 0.292497,	Delta[s](1) = 0.291526,	Delta[s](2) = 0.28967,	Delta[s](3) = 0.291526,	Delta[s](4) = 0.291526,	Delta[s](5) = 0.28967,	Delta[s](6) = 0.272279,	Delta[s](7) = 0.28967,	Delta[s](8) = 0.28967,	Delta[s](9) = 0.272279,	Delta[s](10) = 0.247829,	Delta[s](11) = 0.272279,	Delta[s](12) = 0.291526,	Delta[s](13) = 0.28967,	Delta[s](14) = 0.272279,	Delta[s](15) = 0.28967,	Delta[d](0) = 0.354503,	Delta[d](1) = 0.340793,	Delta[d](2) = 0.320759,	Delta[d](3) = 0.340793,	Delta[d](4) = 0.340793,	Delta[d](5) = 0.324497,	Delta[d](6) = 0.314516,	Delta[d](7) = 0.324497,	Delta[d](8) = 0.320759,	Delta[d](9) = 0.314516,	Delta[d](10) = 0.361738,	Delta[d](11) = 0.314516,	Delta[d](12) = 0.340793,	Delta[d](13) = 0.324497,	Delta[d](14) = 0.314516,	Delta[d](15) = 0.324497,	Delta[s+](0) = 0.506885,	Delta[s+](1) = 0.427579,	Delta[s+](2) = 0.320759,	Delta[s+](3) = 0.427579,	Delta[s+](4) = 0.427579,	Delta[s+](5) = 0.320759,	Delta[s+](6) = 0.207531,	Delta[s+](7) = 0.320759,	Delta[s+](8) = 0.320759,	Delta[s+](9) = 0.207531,	Delta[s+](10) = 0.120332,	Delta[s+](11) = 0.207531,	Delta[s+](12) = 0.427579,	Delta[s+](13) = 0.320759,	Delta[s+](14) = 0.207531,	Delta[s+](15) = 0.320759
The 10-th iteration is completed.	|| time cost : 0h 4m 40.36s
********************************************************************************************************************
Start the 11 rounds of NGS-ED iteration
	effective electronic model is modified as: kinetic energy t = 0.609526
	                                           effective interaction Vq = [-4.99999,-4.86946,-4.84265,-4.86946,-4.86946,-4.84265,-4.67428,-4.84265,-4.84265,-4.67428,-4.47322,-4.67428,-4.86946,-4.84265,-4.67428,-4.84265]
	PARPACK diagonalization completed after 30 matrix-vector product operations.
	iteration results: : total energy is -96.426535 | electron energy -97.147549 + phonon energy 0.721013 | electron momentum kIdx = 10
The 11-th iteration is completed.	|| time cost : 0h 0m 27.579s
********************************************************************************************************************
Start the 12 rounds of NGS-ED iteration
	effective electronic model is modified as: kinetic energy t = 0.608611
	                                           effective interaction Vq = [      -5,-4.86904,-4.84884,-4.86904,-4.86904,-4.84884,-4.67405,-4.84884,-4.84884,-4.67405, -4.4743,-4.67405,-4.86904,-4.84884,-4.67405,-4.84884]
	PARPACK diagonalization completed after 90 matrix-vector product operations.
	iteration results: : total energy is -96.588136 | electron energy -97.312571 + phonon energy 0.724435 | electron momentum kIdx = 10
The 12-th iteration is completed.	|| time cost : 0h 0m 46.419s
********************************************************************************************************************
Start the 13 rounds of NGS-ED iteration
	effective electronic model is modified as: kinetic energy t = 0.604094
	                                           effective interaction Vq = [      -5,-4.86497,-4.86592,-4.86497,-4.86497,-4.86592,-4.66628,-4.86592,-4.86592,-4.66628,-4.58137,-4.66628,-4.86497,-4.86592,-4.66628,-4.86592]
	PARPACK diagonalization completed after 30 matrix-vector product operations.
	iteration results: : total energy is -96.616565 | electron energy -97.349194 + phonon energy 0.732630 | electron momentum kIdx = 10
The 13-th iteration is completed.	|| time cost : 0h 0m 27.407s
********************************************************************************************************************
Start the 14 rounds of NGS-ED iteration
	effective electronic model is modified as: kinetic energy t = 0.601362
	                                           effective interaction Vq = [      -5,-4.86193,-4.87572,-4.86193,-4.86193,-4.87572,-4.66054,-4.87572,-4.87572,-4.66054, -4.6502,-4.66054,-4.86193,-4.87572,-4.66054,-4.87572]
	PARPACK diagonalization completed after 30 matrix-vector product operations.
	iteration results: : total energy is -96.630588 | electron energy -97.372913 + phonon energy 0.742325 | electron momentum kIdx = 10
The 14-th iteration is completed.	|| time cost : 0h 0m 27.437s
********************************************************************************************************************
Start the 15 rounds of NGS-ED iteration
	effective electronic model is modified as: kinetic energy t = 0.59964
	                                           effective interaction Vq = [      -5, -4.8597,-4.88146, -4.8597, -4.8597,-4.88146,-4.65623,-4.88146,-4.88146,-4.65623,-4.69614,-4.65623, -4.8597,-4.88146,-4.65623,-4.88146]
	PARPACK diagonalization completed after 30 matrix-vector product operations.
	iteration results: : total energy is -96.637692 | electron energy -97.387896 + phonon energy 0.750204 | electron momentum kIdx = 10
The 15-th iteration is completed.	|| time cost : 0h 0m 27.609s
********************************************************************************************************************
Start the 16 rounds of NGS-ED iteration
	effective electronic model is modified as: kinetic energy t = 0.598532
	                                           effective interaction Vq = [      -5,-4.85809,-4.88485,-4.85809,-4.85809,-4.88485,-4.65302,-4.88485,-4.88485,-4.65302,-4.72725,-4.65302,-4.85809,-4.88485,-4.65302,-4.88485]
	PARPACK diagonalization completed after 30 matrix-vector product operations.
	iteration results: : total energy is -96.641283 | electron energy -97.397215 + phonon energy 0.755933 | electron momentum kIdx = 10
The 16-th iteration is completed.	|| time cost : 0h 0m 27.414s
********************************************************************************************************************
Start the 17 rounds of NGS-ED iteration
	effective electronic model is modified as: kinetic energy t = 0.597808
	                                           effective interaction Vq = [      -5,-4.85696,-4.88687,-4.85696,-4.85696,-4.88687,-4.65067,-4.88687,-4.88687,-4.65067,-4.74849,-4.65067,-4.85696,-4.88687,-4.65067,-4.88687]
	PARPACK diagonalization completed after 30 matrix-vector product operations.
	iteration results: : total energy is -96.643086 | electron energy -97.403003 + phonon energy 0.759917 | electron momentum kIdx = 10
The 17-th iteration is completed.	|| time cost : 0h 0m 27.392s
********************************************************************************************************************
Start the 18 rounds of NGS-ED iteration
	effective electronic model is modified as: kinetic energy t = 0.597332
	                                           effective interaction Vq = [      -5,-4.85618,-4.88807,-4.85618,-4.85618,-4.88806,-4.64898,-4.88806,-4.88806,-4.64898, -4.7631,-4.64898,-4.85618,-4.88806,-4.64898,-4.88806]
	PARPACK diagonalization completed after 30 matrix-vector product operations.
	iteration results: : total energy is -96.643987 | electron energy -97.406626 + phonon energy 0.762639 | electron momentum kIdx = 10
The 18-th iteration is completed.	|| time cost : 0h 0m 27.369s
********************************************************************************************************************
Start the 19 rounds of NGS-ED iteration
	effective electronic model is modified as: kinetic energy t = 0.597015
	                                           effective interaction Vq = [      -5,-4.85565,-4.88877,-4.85565,-4.85565,-4.88877,-4.64777,-4.88877,-4.88877,-4.64777,-4.77321,-4.64777,-4.85565,-4.88877,-4.64777,-4.88877]
	PARPACK diagonalization completed after 30 matrix-vector product operations.
	iteration results: : total energy is -96.644438 | electron energy -97.408928 + phonon energy 0.764490 | electron momentum kIdx = 10
The 19-th iteration is completed.	|| time cost : 0h 0m 27.397s
********************************************************************************************************************
Start the 20 rounds of NGS-ED iteration
	effective electronic model is modified as: kinetic energy t = 0.596801
	                                           effective interaction Vq = [      -5,-4.85529,-4.88919,-4.85529,-4.85529,-4.88919,-4.64693,-4.88919,-4.88919,-4.64693,-4.78027,-4.64693,-4.85529,-4.88919,-4.64693,-4.88919]
	PARPACK diagonalization completed after 30 matrix-vector product operations.
	iteration results: : total energy is -96.644663 | electron energy -97.410415 + phonon energy 0.765752 | electron momentum kIdx = 10
	Nq(0) = 16,	Nq(1) = 0.386372,	Nq(2) = 0.824902,	Nq(3) = 0.386372,	Nq(4) = 0.386372,	Nq(5) = 0.824896,	Nq(6) = 0.583898,	Nq(7) = 0.824896,	Nq(8) = 0.82489,	Nq(9) = 0.583898,	Nq(10) = 0.997385,	Nq(11) = 0.583898,	Nq(12) = 0.386372,	Nq(13) = 0.824896,	Nq(14) = 0.583898,	Nq(15) = 0.824896,	Sq(0) = -3.9998e-18,	Sq(1) = 0.322649,	Sq(2) = 0.354779,	Sq(3) = 0.322649,	Sq(4) = 0.322649,	Sq(5) = 0.354779,	Sq(6) = 0.545542,	Sq(7) = 0.354779,	Sq(8) = 0.354779,	Sq(9) = 0.545542,	Sq(10) = 0.570722,	Sq(11) = 0.545542,	Sq(12) = 0.322649,	Sq(13) = 0.354779,	Sq(14) = 0.545542,	Sq(15) = 0.354779,	N(0) = 1.99605,	N(1) = 1.9854,	N(2) = 1,	N(3) = 1.9854,	N(4) = 1.9854,	N(5) = 1,	N(6) = 0.0146034,	N(7) = 1,	N(8) = 1,	N(9) = 0.0146033,	N(10) = 0.00394596,	N(11) = 0.0146033,	N(12) = 1.9854,	N(13) = 1,	N(14) = 0.0146034,	N(15) = 1,	Delta[s](0) = 0.340609,	Delta[s](1) = 0.31172,	Delta[s](2) = 0.300574,	Delta[s](3) = 0.31172,	Delta[s](4) = 0.31172,	Delta[s](5) = 0.300574,	Delta[s](6) = 0.294552,	Delta[s](7) = 0.300574,	Delta[s](8) = 0.300574,	Delta[s](9) = 0.294552,	Delta[s](10) = 0.344777,	Delta[s](11) = 0.294552,	Delta[s](12) = 0.31172,	Delta[s](13) = 0.300574,	Delta[s](14) = 0.294552,	Delta[s](15) = 0.300574,	Delta[d](0) = 0.363459,	Delta[d](1) = 0.326736,	Delta[d](2) = 0.304974,	Delta[d](3) = 0.326736,	Delta[d](4) = 0.326736,	Delta[d](5) = 0.306439,	Delta[d](6) = 0.295191,	Delta[d](7) = 0.306439,	Delta[d](8) = 0.304974,	Delta[d](9) = 0.295191,	Delta[d](10) = 0.24983,	Delta[d](11) = 0.295191,	Delta[d](12) = 0.326736,	Delta[d](13) = 0.306439,	Delta[d](14) = 0.295191,	Delta[d](15) = 0.306439,	Delta[s+](0) = 0.484715,	Delta[s+](1) = 0.406907,	Delta[s+](2) = 0.304974,	Delta[s+](3) = 0.406907,	Delta[s+](4) = 0.406907,	Delta[s+](5) = 0.304974,	Delta[s+](6) = 0.19669,	Delta[s+](7) = 0.304974,	Delta[s+](8) = 0.304974,	Delta[s+](9) = 0.196689,	Delta[s+](10) = 0.113825,	Delta[s+](11) = 0.196689,	Delta[s+](12) = 0.406907,	Delta[s+](13) = 0.304974,	Delta[s+](14) = 0.19669,	Delta[s+](15) = 0.304974
The 20-th iteration is completed.	|| time cost : 0h 4m 36.495s
********************************************************************************************************************
Start the 21 rounds of NGS-ED iteration
	effective electronic model is modified as: kinetic energy t = 0.596656
	                                           effective interaction Vq = [      -5,-4.85506,-4.88943,-4.85506,-4.85506,-4.88943,-4.64635,-4.88943,-4.88943,-4.64635,-4.78524,-4.64635,-4.85506,-4.88943,-4.64635,-4.88943]
	PARPACK diagonalization completed after 30 matrix-vector product operations.
	iteration results: : total energy is -96.644777 | electron energy -97.411395 + phonon energy 0.766618 | electron momentum kIdx = 10
The 21-th iteration is completed.	|| time cost : 0h 0m 27.618s
********************************************************************************************************************
Start the 22 rounds of NGS-ED iteration
	effective electronic model is modified as: kinetic energy t = 0.596556
	                                           effective interaction Vq = [      -5,-4.85491,-4.88957,-4.85491,-4.85491,-4.88956,-4.64595,-4.88956,-4.88956,-4.64595,-4.78875,-4.64595,-4.85491,-4.88956,-4.64595,-4.88956]
	PARPACK diagonalization completed after 30 matrix-vector product operations.
	iteration results: : total energy is -96.644835 | electron energy -97.412051 + phonon energy 0.767217 | electron momentum kIdx = 10
The 22-th iteration is completed.	|| time cost : 0h 0m 27.396s
********************************************************************************************************************
Start the 23 rounds of NGS-ED iteration
	effective electronic model is modified as: kinetic energy t = 0.596486
	                                           effective interaction Vq = [      -5,-4.85481,-4.88964,-4.85481,-4.85481,-4.88964,-4.64567,-4.88964,-4.88964,-4.64567,-4.79125,-4.64567,-4.85481,-4.88964,-4.64567,-4.88964]
	PARPACK diagonalization completed after 30 matrix-vector product operations.
	iteration results: : total energy is -96.644864 | electron energy -97.412499 + phonon energy 0.767635 | electron momentum kIdx = 10
The 23-th iteration is completed.	|| time cost : 0h 0m 27.31s
