SNEDics v3.4 Non-Gaussian ED ground state program		Start at Thu Sep 26 23:23:01 2019

parallized on 16 MPI threads  * 8 OpenMP threads = 128 total threads.
********************************************************************************************************************
********************************************************************************************************************

********************************************************************************************************************
System parameters and configurations
********************************************************************************************************************
Special program options are enabled: splitted diagonal Hamiltonian
********************************************************************************************************************
Read input file "model_params.in"
	Hubbard-Holstein model parameters : 	t = 1    U = 3    g = 1.5811    W = 5    
********************************************************************************************************************
Read input file "hilbertspace_params.in"
	Requested 16-site 2D lattice, with 12 electrons (6, 6)
	Boundary : Periodic		Hilbert space representation : momentum-space (restricted to kIdx = 0)
	Conservation: particle number[U(1)]      spin[U(1)]     momentum
********************************************************************************************************************

Cluster Positions:				Cluster symmetry group : D4
 x ... x ... x ... x .....                       x ... x ... x ... x .....
 |           |           :                       |           |           :
 |           |           :                       |           |           :
12    13    14    15     x                       1     5     6     5     x
 |           |           :                       |           |           :
 |           |           :                       |           |           :
 8 --- 9 ---10 ---11 --- x                       2 --- 6 ---10 --- 6 --- x
 |           |           :                       |           |           :
 |           |           :                       |           |           :
 4     5     6     7     x                       1     5     6     5     x
 |           |           :                       |           |           :
 |           |           :                       |           |           :
 0 --- 1 --- 2 --- 3 --- x                       0 --- 1 --- 2 --- 1 --- x
orbital number : 1
********************************************************************************************************************
Read input file "obs_params.in"
	Observable Type : Nq(All),   Sq(All),   N(All),   Delta[s](All),   Delta[d](All),   Delta[s+](All)
********************************************************************************************************************
** WARNING ** the input observables have non-local factors which have been reinterpreted. The total observable number is 96
********************************************************************************************************************


********************************************************************************************************************
Start calculating the non-Gaussian ED ground state
** WARNING ** Detected low phonon energy W < 10. The initial state will be prepared through a warm-up process.
********************************************************************************************************************
Start warm-up calculation for scaling factor 2
open output files: NGSEDWarmUpW10Obs.txt
********************************************************************************************************************
Start the 0 rounds of NGS-ED iteration
	effective electronic model is modified as: kinetic energy t = 1
	                                           effective interaction Vq = [-0,-0,-0,-0,-0,-0,-0,-0,-0,-0,-0,-0,-0,-0,-0,-0]
	first Hamiltonian is constructed, non-zero numbers = 969134044
	PARPACK diagonalization completed after 105 matrix-vector product operations.
	iteration results: : total energy is -18.884783 | electron energy -18.884783 + phonon energy 0.000000 | electron momentum kIdx = 0
	Nq(0) = 9,	Nq(1) = 0.271565,	Nq(2) = 0.31423,	Nq(3) = 0.271565,	Nq(4) = 0.271565,	Nq(5) = 0.381142,	Nq(6) = 0.451821,	Nq(7) = 0.381142,	Nq(8) = 0.31423,	Nq(9) = 0.451821,	Nq(10) = 0.501534,	Nq(11) = 0.451821,	Nq(12) = 0.271565,	Nq(13) = 0.381142,	Nq(14) = 0.451821,	Nq(15) = 0.381142,	Sq(0) = 8.28239e-18,	Sq(1) = 0.459939,	Sq(2) = 0.411439,	Sq(3) = 0.459939,	Sq(4) = 0.459939,	Sq(5) = 0.596091,	Sq(6) = 0.807754,	Sq(7) = 0.596091,	Sq(8) = 0.411439,	Sq(9) = 0.807754,	Sq(10) = 1.17388,	Sq(11) = 0.807754,	Sq(12) = 0.459939,	Sq(13) = 0.596091,	Sq(14) = 0.807754,	Sq(15) = 0.596091,	N(0) = 1.95428,	N(1) = 1.91189,	N(2) = 0.988178,	N(3) = 1.91189,	N(4) = 1.91189,	N(5) = 0.0602933,	N(6) = 0.0396553,	N(7) = 0.0602933,	N(8) = 0.988178,	N(9) = 0.0396553,	N(10) = 0.0220121,	N(11) = 0.0396553,	N(12) = 1.91189,	N(13) = 0.0602933,	N(14) = 0.0396553,	N(15) = 0.0602933,	Delta[s](0) = 0.171542,	Delta[s](1) = 0.113469,	Delta[s](2) = 0.101354,	Delta[s](3) = 0.113469,	Delta[s](4) = 0.113469,	Delta[s](5) = 0.0768234,	Delta[s](6) = 0.0335639,	Delta[s](7) = 0.0768234,	Delta[s](8) = 0.101354,	Delta[s](9) = 0.0335639,	Delta[s](10) = 0.00437702,	Delta[s](11) = 0.0335639,	Delta[s](12) = 0.113469,	Delta[s](13) = 0.0768234,	Delta[s](14) = 0.0335639,	Delta[s](15) = 0.0768234,	Delta[d](0) = 0.66985,	Delta[d](1) = 0.239926,	Delta[d](2) = 0.268617,	Delta[d](3) = 0.239926,	Delta[d](4) = 0.239926,	Delta[d](5) = 0.130027,	Delta[d](6) = 0.152401,	Delta[d](7) = 0.130027,	Delta[d](8) = 0.268617,	Delta[d](9) = 0.152401,	Delta[d](10) = 0.028357,	Delta[d](11) = 0.152401,	Delta[d](12) = 0.239926,	Delta[d](13) = 0.130027,	Delta[d](14) = 0.152401,	Delta[d](15) = 0.130027,	Delta[s+](0) = 0.550776,	Delta[s+](1) = 0.375275,	Delta[s+](2) = 0.268617,	Delta[s+](3) = 0.375275,	Delta[s+](4) = 0.375275,	Delta[s+](5) = 0.148628,	Delta[s+](6) = 0.0466387,	Delta[s+](7) = 0.148628,	Delta[s+](8) = 0.268617,	Delta[s+](9) = 0.0466387,	Delta[s+](10) = 0.00604584,	Delta[s+](11) = 0.0466387,	Delta[s+](12) = 0.375275,	Delta[s+](13) = 0.148628,	Delta[s+](14) = 0.0466387,	Delta[s+](15) = 0.148628
The 0-th iteration is completed.	|| time cost : 0h 2m 50.734s
********************************************************************************************************************
Start the 1 rounds of NGS-ED iteration
	effective electronic model is modified as: kinetic energy t = 0.985883
	                                           effective interaction Vq = [-0.432311,-0.407082,-0.388932,-0.407082,-0.407082,-0.396473,-0.387156,-0.396473,-0.388932,-0.387156,-0.378354,-0.387156,-0.407082,-0.396473,-0.387156,-0.396473]
	PARPACK diagonalization completed after 30 matrix-vector product operations.
	iteration results: : total energy is -24.708597 | electron energy -24.708827 + phonon energy 0.000230 | electron momentum kIdx = 0
The 1-th iteration is completed.	|| time cost : 0h 2m 33.528s
********************************************************************************************************************
Start the 2 rounds of NGS-ED iteration
	effective electronic model is modified as: kinetic energy t = 0.977822
	                                           effective interaction Vq = [-0.490818,-0.465479,-0.441577,-0.465479,-0.465479, -0.45243,-0.440874, -0.45243,-0.441577,-0.440874,-0.428224,-0.440874,-0.465479, -0.45243,-0.440874, -0.45243]
	PARPACK diagonalization completed after 30 matrix-vector product operations.
	iteration results: : total energy is -25.373990 | electron energy -25.375319 + phonon energy 0.001328 | electron momentum kIdx = 0
The 2-th iteration is completed.	|| time cost : 0h 0m 8.876s
********************************************************************************************************************
Start the 3 rounds of NGS-ED iteration
	effective electronic model is modified as: kinetic energy t = 0.975433
	                                           effective interaction Vq = [-0.498736,-0.477362,-0.452054,-0.477362,-0.477362,-0.463893,-0.451736,-0.463893,-0.452054,-0.451736, -0.43785,-0.451736,-0.477362,-0.463893,-0.451736,-0.463893]
	PARPACK diagonalization completed after 30 matrix-vector product operations.
	iteration results: : total energy is -25.455385 | electron energy -25.457481 + phonon energy 0.002096 | electron momentum kIdx = 0
The 3-th iteration is completed.	|| time cost : 0h 0m 9.003s
********************************************************************************************************************
Start the 4 rounds of NGS-ED iteration
	effective electronic model is modified as: kinetic energy t = 0.974785
	                                           effective interaction Vq = [-0.499808,-0.480399,-0.454506,-0.480399,-0.480399,-0.466725,-0.454312,-0.466725,-0.454506,-0.454312,-0.439986,-0.454312,-0.480399,-0.466725,-0.454312,-0.466725]
	PARPACK diagonalization completed after 30 matrix-vector product operations.
	iteration results: : total energy is -25.465782 | electron energy -25.468164 + phonon energy 0.002382 | electron momentum kIdx = 0
The 4-th iteration is completed.	|| time cost : 0h 0m 8.877s
********************************************************************************************************************
Start the 5 rounds of NGS-ED iteration
	effective electronic model is modified as: kinetic energy t = 0.974611
	                                           effective interaction Vq = [-0.499953,-0.481255, -0.45511,-0.481255,-0.481255,-0.467472,-0.454954,-0.467472, -0.45511,-0.454954,-0.440479,-0.454954,-0.481255,-0.467472,-0.454954,-0.467472]
	PARPACK diagonalization completed after 30 matrix-vector product operations.
	iteration results: : total energy is -25.467144 | electron energy -25.469612 + phonon energy 0.002468 | electron momentum kIdx = 0
The 5-th iteration is completed.	|| time cost : 0h 0m 8.914s
********************************************************************************************************************
Start the 6 rounds of NGS-ED iteration
	effective electronic model is modified as: kinetic energy t = 0.974565
	                                           effective interaction Vq = [-0.499972,-0.481504, -0.45526,-0.481504,-0.481504,-0.467673,-0.455117,-0.467673, -0.45526,-0.455117,-0.440594,-0.455117,-0.481504,-0.467673,-0.455117,-0.467673]
	PARPACK diagonalization completed after 30 matrix-vector product operations.
	iteration results: : total energy is -25.467326 | electron energy -25.469817 + phonon energy 0.002492 | electron momentum kIdx = 0
The 6-th iteration is completed.	|| time cost : 0h 0m 8.905s
********************************************************************************************************************
Start the 7 rounds of NGS-ED iteration
	effective electronic model is modified as: kinetic energy t = 0.974552
	                                           effective interaction Vq = [-0.499975,-0.481577,-0.455298,-0.481577,-0.481577,-0.467727,-0.455158,-0.467727,-0.455298,-0.455158,-0.440621,-0.455158,-0.481577,-0.467727,-0.455158,-0.467727]
	PARPACK diagonalization completed after 30 matrix-vector product operations.
	iteration results: : total energy is -25.467350 | electron energy -25.469848 + phonon energy 0.002498 | electron momentum kIdx = 0
	Nq(0) = 9,	Nq(1) = 0.297915,	Nq(2) = 0.330645,	Nq(3) = 0.297915,	Nq(4) = 0.297915,	Nq(5) = 0.413854,	Nq(6) = 0.493187,	Nq(7) = 0.413854,	Nq(8) = 0.330645,	Nq(9) = 0.493187,	Nq(10) = 0.533611,	Nq(11) = 0.493187,	Nq(12) = 0.297915,	Nq(13) = 0.413854,	Nq(14) = 0.493187,	Nq(15) = 0.413854,	Sq(0) = -9.19429e-18,	Sq(1) = 0.439484,	Sq(2) = 0.403875,	Sq(3) = 0.439484,	Sq(4) = 0.439484,	Sq(5) = 0.573002,	Sq(6) = 0.756983,	Sq(7) = 0.573002,	Sq(8) = 0.403875,	Sq(9) = 0.756983,	Sq(10) = 1.09965,	Sq(11) = 0.756983,	Sq(12) = 0.439484,	Sq(13) = 0.573002,	Sq(14) = 0.756983,	Sq(15) = 0.573002,	N(0) = 1.97563,	N(1) = 1.95263,	N(2) = 0.992467,	N(3) = 1.95263,	N(4) = 1.95263,	N(5) = 0.0325904,	N(6) = 0.0217096,	N(7) = 0.0325904,	N(8) = 0.992467,	N(9) = 0.0217096,	N(10) = 0.011737,	N(11) = 0.0217096,	N(12) = 1.95263,	N(13) = 0.0325904,	N(14) = 0.0217096,	N(15) = 0.0325904,	Delta[s](0) = 0.198323,	Delta[s](1) = 0.130239,	Delta[s](2) = 0.120566,	Delta[s](3) = 0.130239,	Delta[s](4) = 0.130239,	Delta[s](5) = 0.0907198,	Delta[s](6) = 0.0437324,	Delta[s](7) = 0.0907198,	Delta[s](8) = 0.120566,	Delta[s](9) = 0.0437324,	Delta[s](10) = 0.00914176,	Delta[s](11) = 0.0437324,	Delta[s](12) = 0.130239,	Delta[s](13) = 0.0907198,	Delta[s](14) = 0.0437324,	Delta[s](15) = 0.0907198,	Delta[d](0) = 0.69397,	Delta[d](1) = 0.236075,	Delta[d](2) = 0.265721,	Delta[d](3) = 0.236075,	Delta[d](4) = 0.236075,	Delta[d](5) = 0.130031,	Delta[d](6) = 0.154985,	Delta[d](7) = 0.130031,	Delta[d](8) = 0.265721,	Delta[d](9) = 0.154985,	Delta[d](10) = 0.0220069,	Delta[d](11) = 0.154985,	Delta[d](12) = 0.236075,	Delta[d](13) = 0.130031,	Delta[d](14) = 0.154985,	Delta[d](15) = 0.130031,	Delta[s+](0) = 0.541545,	Delta[s+](1) = 0.369934,	Delta[s+](2) = 0.265721,	Delta[s+](3) = 0.369934,	Delta[s+](4) = 0.369934,	Delta[s+](5) = 0.144064,	Delta[s+](6) = 0.0438402,	Delta[s+](7) = 0.144064,	Delta[s+](8) = 0.265721,	Delta[s+](9) = 0.0438402,	Delta[s+](10) = 0.00501974,	Delta[s+](11) = 0.0438402,	Delta[s+](12) = 0.369934,	Delta[s+](13) = 0.144064,	Delta[s+](14) = 0.0438402,	Delta[s+](15) = 0.144064
The 7-th iteration is completed.	|| time cost : 0h 1m 27.249s
********************************************************************************************************************
********************************************************************************************************************
Ground state is obtained after 8 iterations. The current ground-state energy is -25.4673, in which electron energy is -25.4698 and phonon energy is 0.00249809
final variational state is: 
	Gamma_x = [      1,1.00462,1.00695,1.00462,1.00462,1.00787, 1.0104,1.00787,1.00695, 1.0104,1.01212, 1.0104,1.00462,1.00787, 1.0104,1.00787]
	lambda_q = [0.223526,0.180733,0.156767,0.180733,0.180733,0.166827,0.156663,0.166827,0.156767,0.156663,0.146564,0.156663,0.180733,0.166827,0.156663,0.166827]
********************************************************************************************************************
o___o  ----------------------------------------
| L |	Time since last clock: 0h 0m 0s
A===A	Time since the beginning: 0h 7m 36.089s
***********************************************


********************************************************************************************************************
Warm up runs have been completed. Start calculating W = 5 phonon.
open output files: NGSEDIterationObs.txt
********************************************************************************************************************
Start the 0 rounds of NGS-ED iteration
	effective electronic model is modified as: kinetic energy t = 0.974549
	                                           effective interaction Vq = [-0.457015,-0.408192,-0.372849,-0.408192,-0.408192,-0.388384,-0.372684,-0.388384,-0.372849,-0.372684,-0.356059,-0.372684,-0.408192,-0.388384,-0.372684,-0.388384]
	PARPACK diagonalization completed after 30 matrix-vector product operations.
	iteration results: : total energy is -24.604422 | electron energy -24.605672 + phonon energy 0.001250 | electron momentum kIdx = 0
	Nq(0) = 9,	Nq(1) = 0.293325,	Nq(2) = 0.327287,	Nq(3) = 0.293325,	Nq(4) = 0.293325,	Nq(5) = 0.407599,	Nq(6) = 0.484484,	Nq(7) = 0.407599,	Nq(8) = 0.327287,	Nq(9) = 0.484484,	Nq(10) = 0.526604,	Nq(11) = 0.484484,	Nq(12) = 0.293325,	Nq(13) = 0.407599,	Nq(14) = 0.484484,	Nq(15) = 0.407599,	Sq(0) = -8.86189e-18,	Sq(1) = 0.443481,	Sq(2) = 0.405582,	Sq(3) = 0.443481,	Sq(4) = 0.443481,	Sq(5) = 0.577595,	Sq(6) = 0.766704,	Sq(7) = 0.577595,	Sq(8) = 0.405582,	Sq(9) = 0.766704,	Sq(10) = 1.11491,	Sq(11) = 0.766704,	Sq(12) = 0.443481,	Sq(13) = 0.577595,	Sq(14) = 0.766704,	Sq(15) = 0.577595,	N(0) = 1.97199,	N(1) = 1.94578,	N(2) = 0.991619,	N(3) = 1.94578,	N(4) = 1.94578,	N(5) = 0.0371924,	N(6) = 0.0248321,	N(7) = 0.0371924,	N(8) = 0.991619,	N(9) = 0.0248321,	N(10) = 0.0135595,	N(11) = 0.0248321,	N(12) = 1.94578,	N(13) = 0.0371924,	N(14) = 0.0248321,	N(15) = 0.0371924,	Delta[s](0) = 0.190819,	Delta[s](1) = 0.126263,	Delta[s](2) = 0.116134,	Delta[s](3) = 0.126263,	Delta[s](4) = 0.126263,	Delta[s](5) = 0.0881095,	Delta[s](6) = 0.0427422,	Delta[s](7) = 0.0881095,	Delta[s](8) = 0.116134,	Delta[s](9) = 0.0427422,	Delta[s](10) = 0.00985836,	Delta[s](11) = 0.0427422,	Delta[s](12) = 0.126263,	Delta[s](13) = 0.0881095,	Delta[s](14) = 0.0427422,	Delta[s](15) = 0.0881095,	Delta[d](0) = 0.689661,	Delta[d](1) = 0.238413,	Delta[d](2) = 0.267726,	Delta[d](3) = 0.238413,	Delta[d](4) = 0.238413,	Delta[d](5) = 0.131388,	Delta[d](6) = 0.155719,	Delta[d](7) = 0.131388,	Delta[d](8) = 0.267726,	Delta[d](9) = 0.155719,	Delta[d](10) = 0.025127,	Delta[d](11) = 0.155719,	Delta[d](12) = 0.238413,	Delta[d](13) = 0.131388,	Delta[d](14) = 0.155719,	Delta[d](15) = 0.131388,	Delta[s+](0) = 0.54583,	Delta[s+](1) = 0.372804,	Delta[s+](2) = 0.267726,	Delta[s+](3) = 0.372804,	Delta[s+](4) = 0.372804,	Delta[s+](5) = 0.146269,	Delta[s+](6) = 0.045354,	Delta[s+](7) = 0.146269,	Delta[s+](8) = 0.267726,	Delta[s+](9) = 0.045354,	Delta[s+](10) = 0.00569696,	Delta[s+](11) = 0.045354,	Delta[s+](12) = 0.372804,	Delta[s+](13) = 0.146269,	Delta[s+](14) = 0.045354,	Delta[s+](15) = 0.146269
The 0-th iteration is completed.	|| time cost : 0h 1m 25.098s
********************************************************************************************************************
Start the 1 rounds of NGS-ED iteration
	effective electronic model is modified as: kinetic energy t = 0.971472
	                                           effective interaction Vq = [-0.484171,-0.430325,-0.385932,-0.430325,-0.430325,-0.405593,-0.385336,-0.405593,-0.385932,-0.385336,-0.364162,-0.385336,-0.430325,-0.405593,-0.385336,-0.405593]
	PARPACK diagonalization completed after 30 matrix-vector product operations.
	iteration results: : total energy is -24.866487 | electron energy -24.870165 + phonon energy 0.003678 | electron momentum kIdx = 0
The 1-th iteration is completed.	|| time cost : 0h 0m 9.01s
********************************************************************************************************************
Start the 2 rounds of NGS-ED iteration
	effective electronic model is modified as: kinetic energy t = 0.970022
	                                           effective interaction Vq = [-0.494161,-0.440111,-0.391286,-0.440111,-0.440111,-0.412977, -0.39066,-0.412977,-0.391286, -0.39066,-0.367539, -0.39066,-0.440111,-0.412977, -0.39066,-0.412977]
	PARPACK diagonalization completed after 30 matrix-vector product operations.
	iteration results: : total energy is -24.960304 | electron energy -24.965662 + phonon energy 0.005358 | electron momentum kIdx = 0
The 2-th iteration is completed.	|| time cost : 0h 0m 8.904s
********************************************************************************************************************
Start the 3 rounds of NGS-ED iteration
	effective electronic model is modified as: kinetic energy t = 0.969349
	                                           effective interaction Vq = [-0.497837,-0.444661,-0.393539,-0.444661,-0.444661, -0.41626,-0.392957, -0.41626,-0.393539,-0.392957,-0.368969,-0.392957,-0.444661, -0.41626,-0.392957, -0.41626]
	PARPACK diagonalization completed after 30 matrix-vector product operations.
	iteration results: : total energy is -24.994255 | electron energy -25.000546 + phonon energy 0.006291 | electron momentum kIdx = 0
The 3-th iteration is completed.	|| time cost : 0h 0m 8.987s
********************************************************************************************************************
Start the 4 rounds of NGS-ED iteration
	effective electronic model is modified as: kinetic energy t = 0.969037
	                                           effective interaction Vq = [-0.499189,-0.446839,-0.394501,-0.446839,-0.446839,-0.417747,-0.393962,-0.417747,-0.394501,-0.393962,-0.369579,-0.393962,-0.446839,-0.417747,-0.393962,-0.417747]
	PARPACK diagonalization completed after 30 matrix-vector product operations.
	iteration results: : total energy is -25.006621 | electron energy -25.013387 + phonon energy 0.006766 | electron momentum kIdx = 0
The 4-th iteration is completed.	|| time cost : 0h 0m 8.964s
********************************************************************************************************************
Start the 5 rounds of NGS-ED iteration
	effective electronic model is modified as: kinetic energy t = 0.968893
	                                           effective interaction Vq = [-0.499686,-0.447896,-0.394916,-0.447896,-0.447896,-0.418427,-0.394405,-0.418427,-0.394916,-0.394405,-0.369841,-0.394405,-0.447896,-0.418427,-0.394405,-0.418427]
	PARPACK diagonalization completed after 30 matrix-vector product operations.
	iteration results: : total energy is -25.011143 | electron energy -25.018140 + phonon energy 0.006997 | electron momentum kIdx = 0
The 5-th iteration is completed.	|| time cost : 0h 0m 8.882s
********************************************************************************************************************
Start the 6 rounds of NGS-ED iteration
	effective electronic model is modified as: kinetic energy t = 0.968825
	                                           effective interaction Vq = [-0.499869,-0.448414,-0.395095,-0.448414,-0.448414,-0.418739,-0.394601,-0.418739,-0.395095,-0.394601,-0.369954,-0.394601,-0.448414,-0.418739,-0.394601,-0.418739]
	PARPACK diagonalization completed after 30 matrix-vector product operations.
	iteration results: : total energy is -25.012800 | electron energy -25.019908 + phonon energy 0.007108 | electron momentum kIdx = 0
The 6-th iteration is completed.	|| time cost : 0h 0m 8.984s
********************************************************************************************************************
Start the 7 rounds of NGS-ED iteration
	effective electronic model is modified as: kinetic energy t = 0.968794
	                                           effective interaction Vq = [-0.499936,-0.448669,-0.395173,-0.448669,-0.448669,-0.418883,-0.394688,-0.418883,-0.395173,-0.394688,-0.370002,-0.394688,-0.448669,-0.418883,-0.394688,-0.418883]
	PARPACK diagonalization completed after 30 matrix-vector product operations.
	iteration results: : total energy is -25.013408 | electron energy -25.020569 + phonon energy 0.007160 | electron momentum kIdx = 0
The 7-th iteration is completed.	|| time cost : 0h 0m 8.982s
********************************************************************************************************************
Start the 8 rounds of NGS-ED iteration
	effective electronic model is modified as: kinetic energy t = 0.968779
	                                           effective interaction Vq = [-0.499961,-0.448795,-0.395207,-0.448795,-0.448795, -0.41895,-0.394727, -0.41895,-0.395207,-0.394727,-0.370023,-0.394727,-0.448795, -0.41895,-0.394727, -0.41895]
	PARPACK diagonalization completed after 30 matrix-vector product operations.
	iteration results: : total energy is -25.013632 | electron energy -25.020817 + phonon energy 0.007185 | electron momentum kIdx = 0
The 8-th iteration is completed.	|| time cost : 0h 0m 8.916s
********************************************************************************************************************
Start the 9 rounds of NGS-ED iteration
	effective electronic model is modified as: kinetic energy t = 0.968773
	                                           effective interaction Vq = [ -0.49997,-0.448857,-0.395222,-0.448857,-0.448857,-0.418981,-0.394744,-0.418981,-0.395222,-0.394744,-0.370032,-0.394744,-0.448857,-0.418981,-0.394744,-0.418981]
	PARPACK diagonalization completed after 30 matrix-vector product operations.
	iteration results: : total energy is -25.013714 | electron energy -25.020910 + phonon energy 0.007196 | electron momentum kIdx = 0
The 9-th iteration is completed.	|| time cost : 0h 0m 8.995s
********************************************************************************************************************
Start the 10 rounds of NGS-ED iteration
	effective electronic model is modified as: kinetic energy t = 0.968769
	                                           effective interaction Vq = [-0.499973,-0.448887,-0.395229,-0.448887,-0.448887,-0.418995,-0.394752,-0.418995,-0.395229,-0.394752,-0.370036,-0.394752,-0.448887,-0.418995,-0.394752,-0.418995]
	PARPACK diagonalization completed after 30 matrix-vector product operations.
	iteration results: : total energy is -25.013744 | electron energy -25.020946 + phonon energy 0.007202 | electron momentum kIdx = 0
	Nq(0) = 9,	Nq(1) = 0.295645,	Nq(2) = 0.3279,	Nq(3) = 0.295645,	Nq(4) = 0.295645,	Nq(5) = 0.409558,	Nq(6) = 0.485965,	Nq(7) = 0.409558,	Nq(8) = 0.3279,	Nq(9) = 0.485965,	Nq(10) = 0.526921,	Nq(11) = 0.485965,	Nq(12) = 0.295645,	Nq(13) = 0.409558,	Nq(14) = 0.485965,	Nq(15) = 0.409558,	Sq(0) = -8.91676e-18,	Sq(1) = 0.442208,	Sq(2) = 0.405398,	Sq(3) = 0.442208,	Sq(4) = 0.442208,	Sq(5) = 0.576385,	Sq(6) = 0.76403,	Sq(7) = 0.576385,	Sq(8) = 0.405398,	Sq(9) = 0.76403,	Sq(10) = 1.11132,	Sq(11) = 0.76403,	Sq(12) = 0.442208,	Sq(13) = 0.576385,	Sq(14) = 0.76403,	Sq(15) = 0.576385,	N(0) = 1.97293,	N(1) = 1.9478,	N(2) = 0.991832,	N(3) = 1.9478,	N(4) = 1.9478,	N(5) = 0.0357229,	N(6) = 0.0240304,	N(7) = 0.0357229,	N(8) = 0.991832,	N(9) = 0.0240304,	N(10) = 0.0132152,	N(11) = 0.0240304,	N(12) = 1.9478,	N(13) = 0.0357229,	N(14) = 0.0240304,	N(15) = 0.0357229,	Delta[s](0) = 0.191281,	Delta[s](1) = 0.126878,	Delta[s](2) = 0.116843,	Delta[s](3) = 0.126878,	Delta[s](4) = 0.126878,	Delta[s](5) = 0.0888619,	Delta[s](6) = 0.0437401,	Delta[s](7) = 0.0888619,	Delta[s](8) = 0.116843,	Delta[s](9) = 0.0437401,	Delta[s](10) = 0.0108095,	Delta[s](11) = 0.0437401,	Delta[s](12) = 0.126878,	Delta[s](13) = 0.0888619,	Delta[s](14) = 0.0437401,	Delta[s](15) = 0.0888619,	Delta[d](0) = 0.695305,	Delta[d](1) = 0.240479,	Delta[d](2) = 0.269911,	Delta[d](3) = 0.240479,	Delta[d](4) = 0.240479,	Delta[d](5) = 0.132932,	Delta[d](6) = 0.157444,	Delta[d](7) = 0.132932,	Delta[d](8) = 0.269911,	Delta[d](9) = 0.157444,	Delta[d](10) = 0.0260322,	Delta[d](11) = 0.157444,	Delta[d](12) = 0.240479,	Delta[d](13) = 0.132932,	Delta[d](14) = 0.157444,	Delta[d](15) = 0.132932,	Delta[s+](0) = 0.549883,	Delta[s+](1) = 0.37569,	Delta[s+](2) = 0.269911,	Delta[s+](3) = 0.37569,	Delta[s+](4) = 0.37569,	Delta[s+](5) = 0.147584,	Delta[s+](6) = 0.0459552,	Delta[s+](7) = 0.147584,	Delta[s+](8) = 0.269911,	Delta[s+](9) = 0.0459552,	Delta[s+](10) = 0.00590805,	Delta[s+](11) = 0.0459552,	Delta[s+](12) = 0.37569,	Delta[s+](13) = 0.147584,	Delta[s+](14) = 0.0459552,	Delta[s+](15) = 0.147584
The 10-th iteration is completed.	|| time cost : 0h 1m 23.397s
********************************************************************************************************************
Start the 11 rounds of NGS-ED iteration
	effective electronic model is modified as: kinetic energy t = 0.968768
	                                           effective interaction Vq = [-0.499975,-0.448902,-0.395232,-0.448902,-0.448902,-0.419002,-0.394755,-0.419002,-0.395232,-0.394755,-0.370038,-0.394755,-0.448902,-0.419002,-0.394755,-0.419002]
	PARPACK diagonalization completed after 30 matrix-vector product operations.
	iteration results: : total energy is -25.013755 | electron energy -25.020959 + phonon energy 0.007204 | electron momentum kIdx = 0
The 11-th iteration is completed.	|| time cost : 0h 0m 8.922s
********************************************************************************************************************
Start the 12 rounds of NGS-ED iteration
	effective electronic model is modified as: kinetic energy t = 0.968767
	                                           effective interaction Vq = [-0.499975, -0.44891,-0.395233, -0.44891, -0.44891,-0.419005,-0.394757,-0.419005,-0.395233,-0.394757,-0.370039,-0.394757, -0.44891,-0.419005,-0.394757,-0.419005]
	PARPACK diagonalization completed after 30 matrix-vector product operations.
	iteration results: : total energy is -25.013759 | electron energy -25.020965 + phonon energy 0.007205 | electron momentum kIdx = 0
The 12-th iteration is completed.	|| time cost : 0h 0m 9.024s
********************************************************************************************************************
Start the 13 rounds of NGS-ED iteration
	effective electronic model is modified as: kinetic energy t = 0.968767
	                                           effective interaction Vq = [-0.499975,-0.448913,-0.395234,-0.448913,-0.448913,-0.419006,-0.394758,-0.419006,-0.395234,-0.394758,-0.370039,-0.394758,-0.448913,-0.419006,-0.394758,-0.419006]
	PARPACK diagonalization completed after 30 matrix-vector product operations.
	iteration results: : total energy is -25.013761 | electron energy -25.020967 + phonon energy 0.007206 | electron momentum kIdx = 0
The 13-th iteration is completed.	|| time cost : 0h 0m 8.895s
********************************************************************************************************************
Start the 14 rounds of NGS-ED iteration
	effective electronic model is modified as: kinetic energy t = 0.968767
	                                           effective interaction Vq = [-0.499975,-0.448915,-0.395234,-0.448915,-0.448915,-0.419007,-0.394758,-0.419007,-0.395234,-0.394758,-0.370039,-0.394758,-0.448915,-0.419007,-0.394758,-0.419007]
	PARPACK diagonalization completed after 30 matrix-vector product operations.
	iteration results: : total energy is -25.013761 | electron energy -25.020968 + phonon energy 0.007206 | electron momentum kIdx = 0
The 14-th iteration is completed.	|| time cost : 0h 0m 8.979s
********************************************************************************************************************
Start the 15 rounds of NGS-ED iteration
	effective electronic model is modified as: kinetic energy t = 0.968766
	                                           effective interaction Vq = [-0.499975,-0.448916,-0.395234,-0.448916,-0.448916,-0.419007,-0.394758,-0.419007,-0.395234,-0.394758,-0.370039,-0.394758,-0.448916,-0.419007,-0.394758,-0.419007]
	PARPACK diagonalization completed after 30 matrix-vector product operations.
	iteration results: : total energy is -25.013762 | electron energy -25.020968 + phonon energy 0.007206 | electron momentum kIdx = 0
The 15-th iteration is completed.	|| time cost : 0h 0m 8.932s
********************************************************************************************************************
Start the 16 rounds of NGS-ED iteration
	effective electronic model is modified as: kinetic energy t = 0.968766
	                                           effective interaction Vq = [-0.499975,-0.448917,-0.395234,-0.448917,-0.448917,-0.419007,-0.394758,-0.419007,-0.395234,-0.394758,-0.370039,-0.394758,-0.448917,-0.419007,-0.394758,-0.419007]
	PARPACK diagonalization completed after 30 matrix-vector product operations.
	iteration results: : total energy is -25.013762 | electron energy -25.020968 + phonon energy 0.007206 | electron momentum kIdx = 0
The 16-th iteration is completed.	|| time cost : 0h 0m 8.966s
********************************************************************************************************************
Start the 17 rounds of NGS-ED iteration
	effective electronic model is modified as: kinetic energy t = 0.968766
	                                           effective interaction Vq = [-0.499975,-0.448917,-0.395234,-0.448917,-0.448917,-0.419007,-0.394758,-0.419007,-0.395234,-0.394758,-0.370039,-0.394758,-0.448917,-0.419007,-0.394758,-0.419007]
	PARPACK diagonalization completed after 30 matrix-vector product operations.
	iteration results: : total energy is -25.013762 | electron energy -25.020968 + phonon energy 0.007206 | electron momentum kIdx = 0
The 17-th iteration is completed.	|| time cost : 0h 0m 8.92s
********************************************************************************************************************
Start the 18 rounds of NGS-ED iteration
	effective electronic model is modified as: kinetic energy t = 0.968766
	                                           effective interaction Vq = [-0.499975,-0.448917,-0.395234,-0.448917,-0.448917,-0.419007,-0.394758,-0.419007,-0.395234,-0.394758,-0.370039,-0.394758,-0.448917,-0.419007,-0.394758,-0.419007]
	PARPACK diagonalization completed after 30 matrix-vector product operations.
	iteration results: : total energy is -25.013762 | electron energy -25.020968 + phonon energy 0.007206 | electron momentum kIdx = 0
The 18-th iteration is completed.	|| time cost : 0h 0m 8.882s
********************************************************************************************************************
Start the 19 rounds of NGS-ED iteration
	effective electronic model is modified as: kinetic energy t = 0.968766
	                                           effective interaction Vq = [-0.499975,-0.448917,-0.395234,-0.448917,-0.448917,-0.419007,-0.394758,-0.419007,-0.395234,-0.394758,-0.370039,-0.394758,-0.448917,-0.419007,-0.394758,-0.419007]
	PARPACK diagonalization completed after 30 matrix-vector product operations.
	iteration results: : total energy is -25.013762 | electron energy -25.020968 + phonon energy 0.007206 | electron momentum kIdx = 0
The 19-th iteration is completed.	|| time cost : 0h 0m 9.005s
********************************************************************************************************************
Start the 20 rounds of NGS-ED iteration
	effective electronic model is modified as: kinetic energy t = 0.968766
	                                           effective interaction Vq = [-0.499975,-0.448917,-0.395234,-0.448917,-0.448917,-0.419007,-0.394758,-0.419007,-0.395234,-0.394758,-0.370039,-0.394758,-0.448917,-0.419007,-0.394758,-0.419007]
	PARPACK diagonalization completed after 30 matrix-vector product operations.
	iteration results: : total energy is -25.013762 | electron energy -25.020968 + phonon energy 0.007206 | electron momentum kIdx = 0
	Nq(0) = 9,	Nq(1) = 0.295647,	Nq(2) = 0.3279,	Nq(3) = 0.295647,	Nq(4) = 0.295647,	Nq(5) = 0.409559,	Nq(6) = 0.485966,	Nq(7) = 0.409559,	Nq(8) = 0.3279,	Nq(9) = 0.485966,	Nq(10) = 0.526921,	Nq(11) = 0.485966,	Nq(12) = 0.295647,	Nq(13) = 0.409559,	Nq(14) = 0.485966,	Nq(15) = 0.409559,	Sq(0) = -8.7084e-18,	Sq(1) = 0.442207,	Sq(2) = 0.405398,	Sq(3) = 0.442207,	Sq(4) = 0.442207,	Sq(5) = 0.576385,	Sq(6) = 0.764029,	Sq(7) = 0.576385,	Sq(8) = 0.405398,	Sq(9) = 0.764029,	Sq(10) = 1.11132,	Sq(11) = 0.764029,	Sq(12) = 0.442207,	Sq(13) = 0.576385,	Sq(14) = 0.764029,	Sq(15) = 0.576385,	N(0) = 1.97293,	N(1) = 1.9478,	N(2) = 0.991832,	N(3) = 1.9478,	N(4) = 1.9478,	N(5) = 0.0357222,	N(6) = 0.0240301,	N(7) = 0.0357222,	N(8) = 0.991832,	N(9) = 0.0240301,	N(10) = 0.0132151,	N(11) = 0.0240301,	N(12) = 1.9478,	N(13) = 0.0357222,	N(14) = 0.0240301,	N(15) = 0.0357222,	Delta[s](0) = 0.191281,	Delta[s](1) = 0.126879,	Delta[s](2) = 0.116843,	Delta[s](3) = 0.126879,	Delta[s](4) = 0.126879,	Delta[s](5) = 0.0888623,	Delta[s](6) = 0.0437405,	Delta[s](7) = 0.0888623,	Delta[s](8) = 0.116843,	Delta[s](9) = 0.0437405,	Delta[s](10) = 0.01081,	Delta[s](11) = 0.0437405,	Delta[s](12) = 0.126879,	Delta[s](13) = 0.0888623,	Delta[s](14) = 0.0437405,	Delta[s](15) = 0.0888623,	Delta[d](0) = 0.695348,	Delta[d](1) = 0.240494,	Delta[d](2) = 0.269928,	Delta[d](3) = 0.240494,	Delta[d](4) = 0.240494,	Delta[d](5) = 0.132941,	Delta[d](6) = 0.157454,	Delta[d](7) = 0.132941,	Delta[d](8) = 0.269928,	Delta[d](9) = 0.157454,	Delta[d](10) = 0.0260343,	Delta[d](11) = 0.157454,	Delta[d](12) = 0.240494,	Delta[d](13) = 0.132941,	Delta[d](14) = 0.157454,	Delta[d](15) = 0.132941,	Delta[s+](0) = 0.549917,	Delta[s+](1) = 0.375713,	Delta[s+](2) = 0.269928,	Delta[s+](3) = 0.375713,	Delta[s+](4) = 0.375713,	Delta[s+](5) = 0.147593,	Delta[s+](6) = 0.0459582,	Delta[s+](7) = 0.147593,	Delta[s+](8) = 0.269928,	Delta[s+](9) = 0.0459582,	Delta[s+](10) = 0.00590851,	Delta[s+](11) = 0.0459582,	Delta[s+](12) = 0.375713,	Delta[s+](13) = 0.147593,	Delta[s+](14) = 0.0459582,	Delta[s+](15) = 0.147593
The 20-th iteration is completed.	|| time cost : 0h 1m 24.308s
********************************************************************************************************************
Start the 21 rounds of NGS-ED iteration
	effective electronic model is modified as: kinetic energy t = 0.968766
	                                           effective interaction Vq = [-0.499975,-0.448917,-0.395234,-0.448917,-0.448917,-0.419007,-0.394758,-0.419007,-0.395234,-0.394758,-0.370039,-0.394758,-0.448917,-0.419007,-0.394758,-0.419007]
	PARPACK diagonalization completed after 30 matrix-vector product operations.
	iteration results: : total energy is -25.013762 | electron energy -25.020968 + phonon energy 0.007206 | electron momentum kIdx = 0
The 21-th iteration is completed.	|| time cost : 0h 0m 9.003s
********************************************************************************************************************
Start the 22 rounds of NGS-ED iteration
	effective electronic model is modified as: kinetic energy t = 0.968766
	                                           effective interaction Vq = [-0.499975,-0.448917,-0.395234,-0.448917,-0.448917,-0.419007,-0.394758,-0.419007,-0.395234,-0.394758,-0.370039,-0.394758,-0.448917,-0.419007,-0.394758,-0.419007]
	PARPACK diagonalization completed after 30 matrix-vector product operations.
	iteration results: : total energy is -25.013762 | electron energy -25.020968 + phonon energy 0.007206 | electron momentum kIdx = 0
The 22-th iteration is completed.	|| time cost : 0h 0m 9.001s
********************************************************************************************************************
Start the 23 rounds of NGS-ED iteration
	effective electronic model is modified as: kinetic energy t = 0.968766
	                                           effective interaction Vq = [-0.499975,-0.448917,-0.395234,-0.448917,-0.448917,-0.419007,-0.394758,-0.419007,-0.395234,-0.394758,-0.370039,-0.394758,-0.448917,-0.419007,-0.394758,-0.419007]
	PARPACK diagonalization completed after 30 matrix-vector product operations.
	iteration results: : total energy is -25.013762 | electron energy -25.020968 + phonon energy 0.007206 | electron momentum kIdx = 0
