SNEDics v3.21.4 Non-Gaussian ED ground state program		Start at Mon Jul 26 00:24:08 2021

parallized on 32 MPI threads  * 8 OpenMP threads = 256 total threads.
********************************************************************************************************************
********************************************************************************************************************

********************************************************************************************************************
System parameters and configurations
	special program options are enabled: splitted diagonal Hamiltonian | splitted Hamiltonian terms
********************************************************************************************************************
Read input file "model_params.in"
	Hubbard-Holstein model parameters : 	t = 1    U = 8    g = 0.01    W = 0.2    g' = 0.07    
********************************************************************************************************************
Read input file "hilbertspace_params.in"
	Requested 16-site 2D lattice, with 12 electrons (6, 6)
	Boundary : Periodic		Hilbert space representation : momentum-space (restricted to kIdx = 0)
	Conservation: particle number[U(1)]      spin[U(1)]     momentum
********************************************************************************************************************

Cluster Positions:				Cluster symmetry group : D4
 x ... x ... x ... x .....                       x ... x ... x ... x .....
 |           |           :                       |           |           :
 |           |           :                       |           |           :
12    13    14    15     x                       1     5     6     5     x
 |           |           :                       |           |           :
 |           |           :                       |           |           :
 8 --- 9 ---10 ---11 --- x                       2 --- 6 ---10 --- 6 --- x
 |           |           :                       |           |           :
 |           |           :                       |           |           :
 4     5     6     7     x                       1     5     6     5     x
 |           |           :                       |           |           :
 |           |           :                       |           |           :
 0 --- 1 --- 2 --- 3 --- x                       0 --- 1 --- 2 --- 1 --- x
orbital number : 1
********************************************************************************************************************
Read input file "obs_params.in"
	Observable Type : Nq(All),   Sq(All),   N(All),   Delta[s](All),   Delta[d](All),   Delta[s+](All)
** WARNING ** the input observables have non-local factors which have been reinterpreted. The total observable number is 96
********************************************************************************************************************


********************************************************************************************************************
Start calculating the non-Gaussian ED ground state
Maximal iteration number is 1000; energy resolution is 1e-06. Phonon state relaxation time is 2000
W = 0.2 is relatively large. The non-Gaussian ED calculation starts directly.
open output files: NGSED_iteration_obserbles.txt
********************************************************************************************************************
Start the 0 rounds of NGS-ED iteration
	effective electronic model is modified as: kinetic energy t = 1
	                                           effective interaction Vq = [0,0,0,0,0,0,0,0,0,0,0,0,0,0,0,0]
	first Hamiltonian is constructed, size = 4008592 and non-zero numbers = 969134044
	PARPACK diagonalization completed after 150 matrix-vector product operations.
	iteration results: : total energy is -14.925310 | electron energy -14.925310 + phonon energy 0.000000 | electron momentum kIdx = 0
	Nq(0) = 9,	Nq(1) = 0.191675,	Nq(2) = 0.266183,	Nq(3) = 0.191675,	Nq(4) = 0.191675,	Nq(5) = 0.245517,	
	Nq(6) = 0.314107,	Nq(7) = 0.245517,	Nq(8) = 0.266183,	Nq(9) = 0.314107,	Nq(10) = 0.369338,	
	Nq(11) = 0.314107,	Nq(12) = 0.191675,	Nq(13) = 0.245517,	Nq(14) = 0.314107,	Nq(15) = 0.245517;	
	Sq(0) = 3.02743e-18,	Sq(1) = 0.554662,	Sq(2) = 0.424361,	Sq(3) = 0.554662,	Sq(4) = 0.554662,	
	Sq(5) = 0.79749,	Sq(6) = 1.01287,	Sq(7) = 0.79749,	Sq(8) = 0.424361,	Sq(9) = 1.01287,	
	Sq(10) = 0.784303,	Sq(11) = 1.01287,	Sq(12) = 0.554662,	Sq(13) = 0.79749,	Sq(14) = 1.01287,	
	Sq(15) = 0.79749;	N(0) = 1.76735,	N(1) = 1.6264,	N(2) = 0.74365,	N(3) = 1.6264,	
	N(4) = 1.6264,	N(5) = 0.392302,	N(6) = 0.144321,	N(7) = 0.392302,	N(8) = 0.74365,	
	N(9) = 0.144321,	N(10) = 0.0932732,	N(11) = 0.144321,	N(12) = 1.6264,	N(13) = 0.392302,	
	N(14) = 0.144321,	N(15) = 0.392302;	Delta[s](0) = 0.0657448,	Delta[s](1) = 0.0453925,	Delta[s](2) = 0.0304022,	
	Delta[s](3) = 0.0453925,	Delta[s](4) = 0.0453925,	Delta[s](5) = 0.0270925,	Delta[s](6) = 0.00922191,	Delta[s](7) = 0.0270925,	
	Delta[s](8) = 0.0304022,	Delta[s](9) = 0.00922191,	Delta[s](10) = 7.35012e-05,	Delta[s](11) = 0.00922191,	Delta[s](12) = 0.0453925,	
	Delta[s](13) = 0.0270925,	Delta[s](14) = 0.00922191,	Delta[s](15) = 0.0270925;	Delta[d](0) = 0.229526,	Delta[d](1) = 0.18008,	
	Delta[d](2) = 0.222298,	Delta[d](3) = 0.18008,	Delta[d](4) = 0.18008,	Delta[d](5) = 0.122953,	Delta[d](6) = 0.150477,	
	Delta[d](7) = 0.122953,	Delta[d](8) = 0.222298,	Delta[d](9) = 0.150477,	Delta[d](10) = 0.0766198,	Delta[d](11) = 0.150477,	
	Delta[d](12) = 0.18008,	Delta[d](13) = 0.122953,	Delta[d](14) = 0.150477,	Delta[d](15) = 0.122953;	Delta[s+](0) = 0.529868,	
	Delta[s+](1) = 0.361339,	Delta[s+](2) = 0.222298,	Delta[s+](3) = 0.361339,	Delta[s+](4) = 0.361339,	Delta[s+](5) = 0.177147,	
	Delta[s+](6) = 0.0625791,	Delta[s+](7) = 0.177147,	Delta[s+](8) = 0.222298,	Delta[s+](9) = 0.0625791,	Delta[s+](10) = 0.0156382,	
	Delta[s+](11) = 0.0625791,	Delta[s+](12) = 0.361339,	Delta[s+](13) = 0.177147,	Delta[s+](14) = 0.0625791,	Delta[s+](15) = 0.177147
	
The 0-th iteration is completed.	|| time cost : 0h 2m 2.574s
********************************************************************************************************************
Start the 1 rounds of NGS-ED iteration
	effective electronic model is modified as: kinetic energy t = 0.999304
	                                           effective interaction Vq = [     -0.4205,  -0.0136869,-4.29627e-05,  -0.0136869,  -0.0136869,-3.98289e-05, -0.00584198,-3.98289e-05,-4.29627e-05, -0.00584198,  -0.0230737, -0.00584198,  -0.0136869,-3.98289e-05, -0.00584198,-3.98289e-05]
	PARPACK diagonalization completed after 30 matrix-vector product operations.
	iteration results: : total energy is -18.723203 | electron energy -18.723339 + phonon energy 0.000136 | electron momentum kIdx = 0
The 1-th iteration is completed.	|| time cost : 0h 1m 16.385s
********************************************************************************************************************
Start the 2 rounds of NGS-ED iteration
	effective electronic model is modified as: kinetic energy t = 0.999303
	                                           effective interaction Vq = [     -0.4205,  -0.0137011,-4.29217e-05,  -0.0137011,  -0.0137011,-3.97976e-05, -0.00584172,-3.97976e-05,-4.29217e-05, -0.00584172,  -0.0231296, -0.00584172,  -0.0137011,-3.97976e-05, -0.00584172,-3.97976e-05]
	PARPACK diagonalization completed after 30 matrix-vector product operations.
	iteration results: : total energy is -18.723203 | electron energy -18.723340 + phonon energy 0.000137 | electron momentum kIdx = 0
The 2-th iteration is completed.	|| time cost : 0h 0m 9.691s
********************************************************************************************************************
Start the 3 rounds of NGS-ED iteration
	effective electronic model is modified as: kinetic energy t = 0.999303
	                                           effective interaction Vq = [     -0.4205,  -0.0137011,-4.29217e-05,  -0.0137011,  -0.0137011,-3.97975e-05, -0.00584171,-3.97975e-05,-4.29217e-05, -0.00584171,  -0.0231298, -0.00584171,  -0.0137011,-3.97975e-05, -0.00584171,-3.97975e-05]
	PARPACK diagonalization completed after 30 matrix-vector product operations.
	iteration results: : total energy is -18.723203 | electron energy -18.723340 + phonon energy 0.000137 | electron momentum kIdx = 0
	Nq(0) = 9,	Nq(1) = 0.191959,	Nq(2) = 0.26601,	Nq(3) = 0.191959,	Nq(4) = 0.191959,	Nq(5) = 0.245403,	
	Nq(6) = 0.314207,	Nq(7) = 0.245403,	Nq(8) = 0.26601,	Nq(9) = 0.314207,	Nq(10) = 0.37034,	
	Nq(11) = 0.314207,	Nq(12) = 0.191959,	Nq(13) = 0.245403,	Nq(14) = 0.314207,	Nq(15) = 0.245403;	
	Sq(0) = -3.46698e-18,	Sq(1) = 0.554441,	Sq(2) = 0.424327,	Sq(3) = 0.554441,	Sq(4) = 0.554441,	
	Sq(5) = 0.797368,	Sq(6) = 1.01269,	Sq(7) = 0.797368,	Sq(8) = 0.424327,	Sq(9) = 1.01269,	
	Sq(10) = 0.784725,	Sq(11) = 1.01269,	Sq(12) = 0.554441,	Sq(13) = 0.797368,	Sq(14) = 1.01269,	
	Sq(15) = 0.797368;	N(0) = 1.76753,	N(1) = 1.62701,	N(2) = 0.743333,	N(3) = 1.62701,	
	N(4) = 1.62701,	N(5) = 0.391957,	N(6) = 0.144183,	N(7) = 0.391957,	N(8) = 0.743333,	
	N(9) = 0.144183,	N(10) = 0.0932169,	N(11) = 0.144183,	N(12) = 1.62701,	N(13) = 0.391957,	
	N(14) = 0.144183,	N(15) = 0.391957;	Delta[s](0) = 0.0658532,	Delta[s](1) = 0.0454702,	Delta[s](2) = 0.030466,	
	Delta[s](3) = 0.0454702,	Delta[s](4) = 0.0454702,	Delta[s](5) = 0.0271522,	Delta[s](6) = 0.00924253,	Delta[s](7) = 0.0271522,	
	Delta[s](8) = 0.030466,	Delta[s](9) = 0.00924253,	Delta[s](10) = 7.38594e-05,	Delta[s](11) = 0.00924253,	Delta[s](12) = 0.0454702,	
	Delta[s](13) = 0.0271522,	Delta[s](14) = 0.00924253,	Delta[s](15) = 0.0271522;	Delta[d](0) = 0.229515,	Delta[d](1) = 0.180075,	
	Delta[d](2) = 0.222316,	Delta[d](3) = 0.180075,	Delta[d](4) = 0.180075,	Delta[d](5) = 0.12294,	Delta[d](6) = 0.150459,	
	Delta[d](7) = 0.12294,	Delta[d](8) = 0.222316,	Delta[d](9) = 0.150459,	Delta[d](10) = 0.0764903,	Delta[d](11) = 0.150459,	
	Delta[d](12) = 0.180075,	Delta[d](13) = 0.12294,	Delta[d](14) = 0.150459,	Delta[d](15) = 0.12294;	Delta[s+](0) = 0.529985,	
	Delta[s+](1) = 0.361405,	Delta[s+](2) = 0.222316,	Delta[s+](3) = 0.361405,	Delta[s+](4) = 0.361405,	Delta[s+](5) = 0.17717,	
	Delta[s+](6) = 0.0625707,	Delta[s+](7) = 0.17717,	Delta[s+](8) = 0.222316,	Delta[s+](9) = 0.0625707,	Delta[s+](10) = 0.0156408,	
	Delta[s+](11) = 0.0625707,	Delta[s+](12) = 0.361405,	Delta[s+](13) = 0.17717,	Delta[s+](14) = 0.0625707,	Delta[s+](15) = 0.17717
	
The 3-th iteration is completed.	|| time cost : 0h 1m 19.359s
********************************************************************************************************************
********************************************************************************************************************
Ground state is obtained after 4 iterations. The current ground-state energy is -18.7232, in which electron energy is -18.7233 and phonon energy is 0.000137321
Final variational state is: 
	Gamma_x = [      1, 1.0128,1.00006, 1.0128, 1.0128,1.00005,1.00905,1.00005,1.00006,1.00905,1.04301,1.00905, 1.0128,1.00005,1.00905,1.00005]
	lambda_q = [      1.45, 0.0471525,0.00219423, 0.0471525, 0.0471525,0.00203113,-0.0228705,0.00203113,0.00219423,-0.0228705,-0.0435349,-0.0228705, 0.0471525,0.00203113,-0.0228705,0.00203113]
Effective e-e interactions mediated by phonons are:
	momentum-space Vq = [     -0.4205,  -0.0137011,-4.29217e-05,  -0.0137011,  -0.0137011,-3.97975e-05, -0.00584171,-3.97975e-05,-4.29217e-05, -0.00584171,  -0.0231298, -0.00584171,  -0.0137011,-3.97975e-05, -0.00584171,-3.97975e-05]
	real-space Vr = [-0.0326279,-0.0258181,-0.0277223,-0.0258181,-0.0258181,-0.0277215,-0.0238532,-0.0277215,-0.0277223,-0.0238532,-0.0228565,-0.0238532,-0.0258181,-0.0277215,-0.0238532,-0.0277215]
********************************************************************************************************************
o___o  ----------------------------------------
| L |	Time since last clock: 0h 0m 0.009s
A===A	Time since the beginning: 0h 4m 48.02s
***********************************************


Non-Gaussina ED ground state calculation is completed. The final ground-state energy is -18.7232
********************************************************************************************************************
o___o  ----------------------------------------
| L |	Time since last clock: 0h 0m 0.011s
A===A	Time since the beginning: 0h 4m 48.031s
***********************************************



********************************************************************************************************************
All non-Gaussian ED ground state calculations have been completed. Exit now.
