SNEDics v3.4 Non-Gaussian ED ground state program		Start at Sun Sep 22 02:58:49 2019

parallized on 16 MPI threads  * 8 OpenMP threads = 128 total threads.
********************************************************************************************************************
********************************************************************************************************************

********************************************************************************************************************
System parameters and configurations
********************************************************************************************************************
Special program options are enabled: splitted diagonal Hamiltonian
********************************************************************************************************************
Read input file "model_params.in"
	Hubbard-Holstein model parameters : 	t = 1    U = 8.9    g = 4.7434    W = 5    
********************************************************************************************************************
Read input file "hilbertspace_params.in"
	Requested 16-site 2D lattice, with 16 electrons (8, 8)
	Boundary : Periodic		Hilbert space representation : momentum-space (restricted to kIdx = 10)
	Conservation: particle number[U(1)]      spin[U(1)]     momentum
********************************************************************************************************************

Cluster Positions:				Cluster symmetry group : D4
 x ... x ... x ... x .....                       x ... x ... x ... x .....
 |           |           :                       |           |           :
 |           |           :                       |           |           :
12    13    14    15     x                       1     5     6     5     x
 |           |           :                       |           |           :
 |           |           :                       |           |           :
 8 --- 9 ---10 ---11 --- x                       2 --- 6 ---10 --- 6 --- x
 |           |           :                       |           |           :
 |           |           :                       |           |           :
 4     5     6     7     x                       1     5     6     5     x
 |           |           :                       |           |           :
 |           |           :                       |           |           :
 0 --- 1 --- 2 --- 3 --- x                       0 --- 1 --- 2 --- 1 --- x
orbital number : 1
********************************************************************************************************************
Read input file "obs_params.in"
	Observable Type : Nq(All),   Sq(All),   N(All),   Delta[s](All),   Delta[d](All),   Delta[s+](All)
********************************************************************************************************************
** WARNING ** the input observables have non-local factors which have been reinterpreted. The total observable number is 96
********************************************************************************************************************


********************************************************************************************************************
Start calculating the non-Gaussian ED ground state
** WARNING ** Detected low phonon energy W < 10. The initial state will be prepared through a warm-up process.
********************************************************************************************************************
Start warm-up calculation for scaling factor 2
open output files: NGSEDWarmUpW10Obs.txt
********************************************************************************************************************
Start the 0 rounds of NGS-ED iteration
	effective electronic model is modified as: kinetic energy t = 1
	                                           effective interaction Vq = [-0,-0,-0,-0,-0,-0,-0,-0,-0,-0,-0,-0,-0,-0,-0,-0]
	first Hamiltonian is constructed, non-zero numbers = 2845334624
	PARPACK diagonalization completed after 120 matrix-vector product operations.
	iteration results: : total energy is -7.582225 | electron energy -7.582225 + phonon energy 0.000000 | electron momentum kIdx = 10
	Nq(0) = 16,	Nq(1) = 0.0515197,	Nq(2) = 0.0921352,	Nq(3) = 0.0515197,	Nq(4) = 0.0515197,	Nq(5) = 0.0921352,	Nq(6) = 0.128764,	Nq(7) = 0.0921352,	Nq(8) = 0.0921352,	Nq(9) = 0.128764,	Nq(10) = 0.16293,	Nq(11) = 0.128764,	Nq(12) = 0.0515197,	Nq(13) = 0.0921352,	Nq(14) = 0.128764,	Nq(15) = 0.0921352,	Sq(0) = -2.2679e-19,	Sq(1) = 0.225863,	Sq(2) = 0.380353,	Sq(3) = 0.225863,	Sq(4) = 0.225863,	Sq(5) = 0.380353,	Sq(6) = 0.568504,	Sq(7) = 0.380353,	Sq(8) = 0.380353,	Sq(9) = 0.568504,	Sq(10) = 9.10354,	Sq(11) = 0.568504,	Sq(12) = 0.225863,	Sq(13) = 0.380353,	Sq(14) = 0.568504,	Sq(15) = 0.380353,	N(0) = 1.73422,	N(1) = 1.50641,	N(2) = 1,	N(3) = 1.50641,	N(4) = 1.50641,	N(5) = 1,	N(6) = 0.493591,	N(7) = 1,	N(8) = 1,	N(9) = 0.493591,	N(10) = 0.265776,	N(11) = 0.493591,	N(12) = 1.50641,	N(13) = 1,	N(14) = 0.493591,	N(15) = 1,	Delta[s](0) = 0.0705296,	Delta[s](1) = 0.0585489,	Delta[s](2) = 0.0457116,	Delta[s](3) = 0.0585489,	Delta[s](4) = 0.0585489,	Delta[s](5) = 0.0457116,	Delta[s](6) = 0.0314895,	Delta[s](7) = 0.0457116,	Delta[s](8) = 0.0457116,	Delta[s](9) = 0.0314895,	Delta[s](10) = 0.0134856,	Delta[s](11) = 0.0314895,	Delta[s](12) = 0.0585489,	Delta[s](13) = 0.0457116,	Delta[s](14) = 0.0314895,	Delta[s](15) = 0.0457116,	Delta[d](0) = 0.571926,	Delta[d](1) = 0.481133,	Delta[d](2) = 0.397552,	Delta[d](3) = 0.481133,	Delta[d](4) = 0.481133,	Delta[d](5) = 0.418393,	Delta[d](6) = 0.346441,	Delta[d](7) = 0.418393,	Delta[d](8) = 0.397552,	Delta[d](9) = 0.346441,	Delta[d](10) = 0.28014,	Delta[d](11) = 0.346441,	Delta[d](12) = 0.481133,	Delta[d](13) = 0.418393,	Delta[d](14) = 0.346441,	Delta[d](15) = 0.418393,	Delta[s+](0) = 0.604804,	Delta[s+](1) = 0.510096,	Delta[s+](2) = 0.397552,	Delta[s+](3) = 0.510096,	Delta[s+](4) = 0.510096,	Delta[s+](5) = 0.397552,	Delta[s+](6) = 0.28261,	Delta[s+](7) = 0.397552,	Delta[s+](8) = 0.397552,	Delta[s+](9) = 0.28261,	Delta[s+](10) = 0.175231,	Delta[s+](11) = 0.28261,	Delta[s+](12) = 0.510096,	Delta[s+](13) = 0.397552,	Delta[s+](14) = 0.28261,	Delta[s+](15) = 0.397552
The 0-th iteration is completed.	|| time cost : 0h 10m 50.548s
********************************************************************************************************************
Start the 1 rounds of NGS-ED iteration
	effective electronic model is modified as: kinetic energy t = 0.914828
	                                           effective interaction Vq = [-3.89096,-3.21385, -3.1426,-3.21385,-3.21385, -3.1426,-3.09518, -3.1426, -3.1426,-3.09518,-3.05906,-3.09518,-3.21385, -3.1426,-3.09518, -3.1426]
	PARPACK diagonalization completed after 45 matrix-vector product operations.
	iteration results: : total energy is -76.706835 | electron energy -76.710274 + phonon energy 0.003439 | electron momentum kIdx = 10
The 1-th iteration is completed.	|| time cost : 0h 9m 19.032s
********************************************************************************************************************
Start the 2 rounds of NGS-ED iteration
	effective electronic model is modified as: kinetic energy t = 0.835005
	                                           effective interaction Vq = [-4.41755,-4.08555,-3.93848,-4.08555,-4.08555,-3.93848, -3.9053,-3.93848,-3.93848, -3.9053,-3.83989, -3.9053,-4.08555,-3.93848, -3.9053,-3.93848]
	PARPACK diagonalization completed after 30 matrix-vector product operations.
	iteration results: : total energy is -87.475061 | electron energy -87.528217 + phonon energy 0.053157 | electron momentum kIdx = 10
The 2-th iteration is completed.	|| time cost : 0h 0m 36.136s
********************************************************************************************************************
Start the 3 rounds of NGS-ED iteration
	effective electronic model is modified as: kinetic energy t = 0.797639
	                                           effective interaction Vq = [-4.48881,-4.31771, -4.1562,-4.31771,-4.31771, -4.1562,-4.15693, -4.1562, -4.1562,-4.15693,-4.07344,-4.15693,-4.31771, -4.1562,-4.15693, -4.1562]
	PARPACK diagonalization completed after 30 matrix-vector product operations.
	iteration results: : total energy is -89.095862 | electron energy -89.209019 + phonon energy 0.113157 | electron momentum kIdx = 10
The 3-th iteration is completed.	|| time cost : 0h 0m 36.525s
********************************************************************************************************************
Start the 4 rounds of NGS-ED iteration
	effective electronic model is modified as: kinetic energy t = 0.782198
	                                           effective interaction Vq = [-4.49846,-4.38636, -4.2238,-4.38636,-4.38636, -4.2238,-4.24387, -4.2238, -4.2238,-4.24387,-4.15048,-4.24387,-4.38636, -4.2238,-4.24387, -4.2238]
	PARPACK diagonalization completed after 30 matrix-vector product operations.
	iteration results: : total energy is -89.332703 | electron energy -89.478657 + phonon energy 0.145954 | electron momentum kIdx = 10
The 4-th iteration is completed.	|| time cost : 0h 0m 36.173s
********************************************************************************************************************
Start the 5 rounds of NGS-ED iteration
	effective electronic model is modified as: kinetic energy t = 0.776094
	                                           effective interaction Vq = [-4.49976, -4.4091,-4.24667, -4.4091, -4.4091,-4.24667,-4.27618,-4.24667,-4.24667,-4.27618,-4.17759,-4.27618, -4.4091,-4.24667,-4.27618,-4.24667]
	PARPACK diagonalization completed after 30 matrix-vector product operations.
	iteration results: : total energy is -89.366667 | electron energy -89.526820 + phonon energy 0.160153 | electron momentum kIdx = 10
The 5-th iteration is completed.	|| time cost : 0h 0m 36.126s
********************************************************************************************************************
Start the 6 rounds of NGS-ED iteration
	effective electronic model is modified as: kinetic energy t = 0.773723
	                                           effective interaction Vq = [-4.49994,-4.41723,-4.25474,-4.41723,-4.41723,-4.25474,-4.28868,-4.25474,-4.25474,-4.28868,-4.18745,-4.28868,-4.41723,-4.25474,-4.28868,-4.25474]
	PARPACK diagonalization completed after 30 matrix-vector product operations.
	iteration results: : total energy is -89.371498 | electron energy -89.537364 + phonon energy 0.165866 | electron momentum kIdx = 10
The 6-th iteration is completed.	|| time cost : 0h 0m 36.583s
********************************************************************************************************************
Start the 7 rounds of NGS-ED iteration
	effective electronic model is modified as: kinetic energy t = 0.772809
	                                           effective interaction Vq = [-4.49996,-4.42025,-4.25765,-4.42025,-4.42025,-4.25765,-4.29359,-4.25765,-4.25765,-4.29359, -4.1911,-4.29359,-4.42025,-4.25765,-4.29359,-4.25765]
	PARPACK diagonalization completed after 30 matrix-vector product operations.
	iteration results: : total energy is -89.372185 | electron energy -89.540294 + phonon energy 0.168109 | electron momentum kIdx = 10
The 7-th iteration is completed.	|| time cost : 0h 0m 36.208s
********************************************************************************************************************
Start the 8 rounds of NGS-ED iteration
	effective electronic model is modified as: kinetic energy t = 0.772457
	                                           effective interaction Vq = [-4.49997, -4.4214, -4.2587, -4.4214, -4.4214, -4.2587,-4.29555, -4.2587, -4.2587,-4.29555,-4.19245,-4.29555, -4.4214, -4.2587,-4.29555, -4.2587]
	PARPACK diagonalization completed after 30 matrix-vector product operations.
	iteration results: : total energy is -89.372282 | electron energy -89.541265 + phonon energy 0.168982 | electron momentum kIdx = 10
The 8-th iteration is completed.	|| time cost : 0h 0m 36.239s
********************************************************************************************************************
Start the 9 rounds of NGS-ED iteration
	effective electronic model is modified as: kinetic energy t = 0.772321
	                                           effective interaction Vq = [-4.49997,-4.42183,-4.25908,-4.42183,-4.42183,-4.25908,-4.29632,-4.25908,-4.25908,-4.29632,-4.19296,-4.29632,-4.42183,-4.25908,-4.29632,-4.25908]
	PARPACK diagonalization completed after 30 matrix-vector product operations.
	iteration results: : total energy is -89.372296 | electron energy -89.541618 + phonon energy 0.169321 | electron momentum kIdx = 10
	Nq(0) = 16,	Nq(1) = 0.367674,	Nq(2) = 0.362893,	Nq(3) = 0.367674,	Nq(4) = 0.367674,	Nq(5) = 0.362893,	Nq(6) = 0.588625,	Nq(7) = 0.362893,	Nq(8) = 0.362893,	Nq(9) = 0.588625,	Nq(10) = 0.591114,	Nq(11) = 0.588625,	Nq(12) = 0.367674,	Nq(13) = 0.362893,	Nq(14) = 0.588625,	Nq(15) = 0.362893,	Sq(0) = 5.08854e-18,	Sq(1) = 0.376412,	Sq(2) = 0.415418,	Sq(3) = 0.376412,	Sq(4) = 0.376412,	Sq(5) = 0.415418,	Sq(6) = 0.63889,	Sq(7) = 0.415418,	Sq(8) = 0.415418,	Sq(9) = 0.63889,	Sq(10) = 2.85262,	Sq(11) = 0.63889,	Sq(12) = 0.376412,	Sq(13) = 0.415418,	Sq(14) = 0.63889,	Sq(15) = 0.415418,	N(0) = 1.99902,	N(1) = 1.99865,	N(2) = 1,	N(3) = 1.99865,	N(4) = 1.99865,	N(5) = 1,	N(6) = 0.00134763,	N(7) = 1,	N(8) = 1,	N(9) = 0.00134763,	N(10) = 0.000976048,	N(11) = 0.00134763,	N(12) = 1.99865,	N(13) = 1,	N(14) = 0.00134763,	N(15) = 1,	Delta[s](0) = 0.241425,	Delta[s](1) = 0.237339,	Delta[s](2) = 0.19863,	Delta[s](3) = 0.237339,	Delta[s](4) = 0.237339,	Delta[s](5) = 0.19863,	Delta[s](6) = 0.194811,	Delta[s](7) = 0.19863,	Delta[s](8) = 0.19863,	Delta[s](9) = 0.194811,	Delta[s](10) = 0.135031,	Delta[s](11) = 0.194811,	Delta[s](12) = 0.237339,	Delta[s](13) = 0.19863,	Delta[s](14) = 0.194811,	Delta[s](15) = 0.19863,	Delta[d](0) = 0.481822,	Delta[d](1) = 0.323226,	Delta[d](2) = 0.29067,	Delta[d](3) = 0.323226,	Delta[d](4) = 0.323226,	Delta[d](5) = 0.366832,	Delta[d](6) = 0.272951,	Delta[d](7) = 0.366832,	Delta[d](8) = 0.29067,	Delta[d](9) = 0.272951,	Delta[d](10) = 0.252959,	Delta[d](11) = 0.272951,	Delta[d](12) = 0.323226,	Delta[d](13) = 0.366832,	Delta[d](14) = 0.272951,	Delta[d](15) = 0.366832,	Delta[s+](0) = 0.508628,	Delta[s+](1) = 0.42191,	Delta[s+](2) = 0.29067,	Delta[s+](3) = 0.42191,	Delta[s+](4) = 0.42191,	Delta[s+](5) = 0.29067,	Delta[s+](6) = 0.15602,	Delta[s+](7) = 0.29067,	Delta[s+](8) = 0.29067,	Delta[s+](9) = 0.15602,	Delta[s+](10) = 0.0581924,	Delta[s+](11) = 0.15602,	Delta[s+](12) = 0.42191,	Delta[s+](13) = 0.29067,	Delta[s+](14) = 0.15602,	Delta[s+](15) = 0.29067
The 9-th iteration is completed.	|| time cost : 0h 5m 50.855s
********************************************************************************************************************
********************************************************************************************************************
Ground state is obtained after 10 iterations. The current ground-state energy is -89.3723, in which electron energy is -89.5416 and phonon energy is 0.169321
final variational state is: 
	Gamma_x = [      1,1.03851,1.05974,1.03851,1.03851,1.05974,1.09255,1.05974,1.05974,1.09255,1.10787,1.09255,1.03851,1.05974,1.09255,1.05974]
	lambda_q = [0.670788,0.582516,0.515659,0.582516,0.582516,0.515659,0.528221,0.515659,0.515659,0.528221,0.495655,0.528221,0.582516,0.515659,0.528221,0.515659]
********************************************************************************************************************
o___o  ----------------------------------------
| L |	Time since last clock: 0h 0m 0.001s
A===A	Time since the beginning: 0h 30m 14.431s
***********************************************


********************************************************************************************************************
Warm up runs have been completed. Start calculating W = 5 phonon.
open output files: NGSEDIterationObs.txt
********************************************************************************************************************
Start the 0 rounds of NGS-ED iteration
	effective electronic model is modified as: kinetic energy t = 0.772269
	                                           effective interaction Vq = [-4.11385,-3.82959,-3.56243,-3.82959,-3.82959,-3.56243,-3.61604,-3.56243,-3.56243,-3.61604,-3.47381,-3.61604,-3.82959,-3.56243,-3.61604,-3.56243]
	PARPACK diagonalization completed after 45 matrix-vector product operations.
	iteration results: : total energy is -79.337435 | electron energy -79.422162 + phonon energy 0.084727 | electron momentum kIdx = 10
	Nq(0) = 16,	Nq(1) = 0.261557,	Nq(2) = 0.308246,	Nq(3) = 0.261557,	Nq(4) = 0.261557,	Nq(5) = 0.308246,	Nq(6) = 0.447216,	Nq(7) = 0.308246,	Nq(8) = 0.308246,	Nq(9) = 0.447216,	Nq(10) = 0.49523,	Nq(11) = 0.447216,	Nq(12) = 0.261557,	Nq(13) = 0.308246,	Nq(14) = 0.447216,	Nq(15) = 0.308246,	Sq(0) = 3.22758e-19,	Sq(1) = 0.363265,	Sq(2) = 0.430509,	Sq(3) = 0.363265,	Sq(4) = 0.363265,	Sq(5) = 0.430509,	Sq(6) = 0.668491,	Sq(7) = 0.430509,	Sq(8) = 0.430509,	Sq(9) = 0.668491,	Sq(10) = 4.11013,	Sq(11) = 0.668491,	Sq(12) = 0.363265,	Sq(13) = 0.430509,	Sq(14) = 0.668491,	Sq(15) = 0.430509,	N(0) = 1.97833,	N(1) = 1.95678,	N(2) = 1,	N(3) = 1.95678,	N(4) = 1.95678,	N(5) = 1,	N(6) = 0.0432234,	N(7) = 1,	N(8) = 1,	N(9) = 0.0432234,	N(10) = 0.0216666,	N(11) = 0.0432234,	N(12) = 1.95678,	N(13) = 1,	N(14) = 0.0432234,	N(15) = 1,	Delta[s](0) = 0.192385,	Delta[s](1) = 0.182067,	Delta[s](2) = 0.160043,	Delta[s](3) = 0.182067,	Delta[s](4) = 0.182067,	Delta[s](5) = 0.160043,	Delta[s](6) = 0.149599,	Delta[s](7) = 0.160043,	Delta[s](8) = 0.160043,	Delta[s](9) = 0.149599,	Delta[s](10) = 0.110592,	Delta[s](11) = 0.149599,	Delta[s](12) = 0.182067,	Delta[s](13) = 0.160043,	Delta[s](14) = 0.149599,	Delta[s](15) = 0.160043,	Delta[d](0) = 0.516641,	Delta[d](1) = 0.382102,	Delta[d](2) = 0.338845,	Delta[d](3) = 0.382102,	Delta[d](4) = 0.382102,	Delta[d](5) = 0.396678,	Delta[d](6) = 0.320226,	Delta[d](7) = 0.396678,	Delta[d](8) = 0.338845,	Delta[d](9) = 0.320226,	Delta[d](10) = 0.28033,	Delta[d](11) = 0.320226,	Delta[d](12) = 0.382102,	Delta[d](13) = 0.396678,	Delta[d](14) = 0.320226,	Delta[d](15) = 0.396678,	Delta[s+](0) = 0.587043,	Delta[s+](1) = 0.485082,	Delta[s+](2) = 0.338845,	Delta[s+](3) = 0.485082,	Delta[s+](4) = 0.485082,	Delta[s+](5) = 0.338845,	Delta[s+](6) = 0.192935,	Delta[s+](7) = 0.338845,	Delta[s+](8) = 0.338845,	Delta[s+](9) = 0.192935,	Delta[s+](10) = 0.0787666,	Delta[s+](11) = 0.192935,	Delta[s+](12) = 0.485082,	Delta[s+](13) = 0.338845,	Delta[s+](14) = 0.192935,	Delta[s+](15) = 0.338845
The 0-th iteration is completed.	|| time cost : 0h 5m 57.666s
********************************************************************************************************************
Start the 1 rounds of NGS-ED iteration
	effective electronic model is modified as: kinetic energy t = 0.756638
	                                           effective interaction Vq = [-4.35792,-3.99917,-3.70073,-3.99917,-3.99917,-3.70073,-3.72795,-3.70073,-3.70073,-3.72795, -3.5854,-3.72795,-3.99917,-3.70073,-3.72795,-3.70073]
	PARPACK diagonalization completed after 30 matrix-vector product operations.
	iteration results: : total energy is -83.446807 | electron energy -83.669835 + phonon energy 0.223029 | electron momentum kIdx = 10
The 1-th iteration is completed.	|| time cost : 0h 0m 36.454s
********************************************************************************************************************
Start the 2 rounds of NGS-ED iteration
	effective electronic model is modified as: kinetic energy t = 0.742773
	                                           effective interaction Vq = [-4.44771,-4.10161, -3.7899,-4.10161,-4.10161, -3.7899,-3.81526, -3.7899, -3.7899,-3.81526,-3.67245,-3.81526,-4.10161, -3.7899,-3.81526, -3.7899]
	PARPACK diagonalization completed after 30 matrix-vector product operations.
	iteration results: : total energy is -84.971596 | electron energy -85.284443 + phonon energy 0.312848 | electron momentum kIdx = 10
The 2-th iteration is completed.	|| time cost : 0h 0m 37.652s
********************************************************************************************************************
Start the 3 rounds of NGS-ED iteration
	effective electronic model is modified as: kinetic energy t = 0.732497
	                                           effective interaction Vq = [-4.48074,-4.16457,-3.84608,-4.16457,-4.16457,-3.84608,-3.87641,-3.84608,-3.84608,-3.87641,-3.73174,-3.87641,-4.16457,-3.84608,-3.87641,-3.84608]
	PARPACK diagonalization completed after 30 matrix-vector product operations.
	iteration results: : total energy is -85.540075 | electron energy -85.908889 + phonon energy 0.368814 | electron momentum kIdx = 10
The 3-th iteration is completed.	|| time cost : 0h 0m 45.178s
********************************************************************************************************************
Start the 4 rounds of NGS-ED iteration
	effective electronic model is modified as: kinetic energy t = 0.725343
	                                           effective interaction Vq = [ -4.4929,-4.20389,-3.88138,-4.20389,-4.20389,-3.88138,-3.91794,-3.88138,-3.88138,-3.91794,-3.77065,-3.91794,-4.20389,-3.88138,-3.91794,-3.88138]
	PARPACK diagonalization completed after 30 matrix-vector product operations.
	iteration results: : total energy is -85.752554 | electron energy -86.157203 + phonon energy 0.404650 | electron momentum kIdx = 10
The 4-th iteration is completed.	|| time cost : 0h 0m 37.678s
********************************************************************************************************************
Start the 5 rounds of NGS-ED iteration
	effective electronic model is modified as: kinetic energy t = 0.720494
	                                           effective interaction Vq = [-4.49737,-4.22875,-3.90362,-4.22875,-4.22875,-3.90362, -3.9459,-3.90362,-3.90362, -3.9459,-3.79595, -3.9459,-4.22875,-3.90362, -3.9459,-3.90362]
	PARPACK diagonalization completed after 30 matrix-vector product operations.
	iteration results: : total energy is -85.832157 | electron energy -86.260229 + phonon energy 0.428072 | electron momentum kIdx = 10
The 5-th iteration is completed.	|| time cost : 0h 0m 36.315s
********************************************************************************************************************
Start the 6 rounds of NGS-ED iteration
	effective electronic model is modified as: kinetic energy t = 0.717249
	                                           effective interaction Vq = [-4.49901,-4.24465, -3.9177,-4.24465,-4.24465, -3.9177,-3.96469, -3.9177, -3.9177,-3.96469,-3.81236,-3.96469,-4.24465, -3.9177,-3.96469, -3.9177]
	PARPACK diagonalization completed after 30 matrix-vector product operations.
	iteration results: : total energy is -85.862058 | electron energy -86.305591 + phonon energy 0.443533 | electron momentum kIdx = 10
The 6-th iteration is completed.	|| time cost : 0h 0m 36.171s
********************************************************************************************************************
Start the 7 rounds of NGS-ED iteration
	effective electronic model is modified as: kinetic energy t = 0.715092
	                                           effective interaction Vq = [-4.49962, -4.2549,-3.92666, -4.2549, -4.2549,-3.92666,-3.97731,-3.92666,-3.92666,-3.97731,-3.82302,-3.97731, -4.2549,-3.92666,-3.97731,-3.92666]
	PARPACK diagonalization completed after 30 matrix-vector product operations.
	iteration results: : total energy is -85.873326 | electron energy -86.327103 + phonon energy 0.453778 | electron momentum kIdx = 10
The 7-th iteration is completed.	|| time cost : 0h 0m 36.113s
********************************************************************************************************************
Start the 8 rounds of NGS-ED iteration
	effective electronic model is modified as: kinetic energy t = 0.713662
	                                           effective interaction Vq = [-4.49984,-4.26154,-3.93237,-4.26154,-4.26154,-3.93237,-3.98579,-3.93237,-3.93237,-3.98579,-3.82996,-3.98579,-4.26154,-3.93237,-3.98579,-3.93237]
	PARPACK diagonalization completed after 30 matrix-vector product operations.
	iteration results: : total energy is -85.877587 | electron energy -86.338161 + phonon energy 0.460574 | electron momentum kIdx = 10
The 8-th iteration is completed.	|| time cost : 0h 0m 36.215s
********************************************************************************************************************
Start the 9 rounds of NGS-ED iteration
	effective electronic model is modified as: kinetic energy t = 0.712715
	                                           effective interaction Vq = [-4.49992,-4.26587,-3.93603,-4.26587,-4.26587,-3.93603,-3.99149,-3.93603,-3.93603,-3.99149,-3.83448,-3.99149,-4.26587,-3.93603,-3.99149,-3.93603]
	PARPACK diagonalization completed after 30 matrix-vector product operations.
	iteration results: : total energy is -85.879205 | electron energy -86.344289 + phonon energy 0.465084 | electron momentum kIdx = 10
The 9-th iteration is completed.	|| time cost : 0h 0m 36.137s
********************************************************************************************************************
Start the 10 rounds of NGS-ED iteration
	effective electronic model is modified as: kinetic energy t = 0.71209
	                                           effective interaction Vq = [-4.49995,-4.26869,-3.93838,-4.26869,-4.26869,-3.93838,-3.99532,-3.93838,-3.93838,-3.99532,-3.83743,-3.99532,-4.26869,-3.93838,-3.99532,-3.93838]
	PARPACK diagonalization completed after 30 matrix-vector product operations.
	iteration results: : total energy is -85.879822 | electron energy -86.347898 + phonon energy 0.468075 | electron momentum kIdx = 10
	Nq(0) = 16,	Nq(1) = 0.328371,	Nq(2) = 0.337877,	Nq(3) = 0.328371,	Nq(4) = 0.328371,	Nq(5) = 0.337877,	Nq(6) = 0.516142,	Nq(7) = 0.337877,	Nq(8) = 0.337877,	Nq(9) = 0.516142,	Nq(10) = 0.542004,	Nq(11) = 0.516142,	Nq(12) = 0.328371,	Nq(13) = 0.337877,	Nq(14) = 0.516142,	Nq(15) = 0.337877,	Sq(0) = -4.08206e-18,	Sq(1) = 0.375123,	Sq(2) = 0.426453,	Sq(3) = 0.375123,	Sq(4) = 0.375123,	Sq(5) = 0.426453,	Sq(6) = 0.661825,	Sq(7) = 0.426453,	Sq(8) = 0.426453,	Sq(9) = 0.661825,	Sq(10) = 3.34618,	Sq(11) = 0.661825,	Sq(12) = 0.375123,	Sq(13) = 0.426453,	Sq(14) = 0.661825,	Sq(15) = 0.426453,	N(0) = 1.99176,	N(1) = 1.98697,	N(2) = 1,	N(3) = 1.98697,	N(4) = 1.98697,	N(5) = 1,	N(6) = 0.0130313,	N(7) = 1,	N(8) = 1,	N(9) = 0.0130313,	N(10) = 0.00824141,	N(11) = 0.0130313,	N(12) = 1.98697,	N(13) = 1,	N(14) = 0.0130313,	N(15) = 1,	Delta[s](0) = 0.211119,	Delta[s](1) = 0.204568,	Delta[s](2) = 0.182883,	Delta[s](3) = 0.204568,	Delta[s](4) = 0.204568,	Delta[s](5) = 0.182883,	Delta[s](6) = 0.1765,	Delta[s](7) = 0.182883,	Delta[s](8) = 0.182883,	Delta[s](9) = 0.1765,	Delta[s](10) = 0.140974,	Delta[s](11) = 0.1765,	Delta[s](12) = 0.204568,	Delta[s](13) = 0.182883,	Delta[s](14) = 0.1765,	Delta[s](15) = 0.182883,	Delta[d](0) = 0.537948,	Delta[d](1) = 0.394248,	Delta[d](2) = 0.353878,	Delta[d](3) = 0.394248,	Delta[d](4) = 0.394248,	Delta[d](5) = 0.419907,	Delta[d](6) = 0.335927,	Delta[d](7) = 0.419907,	Delta[d](8) = 0.353878,	Delta[d](9) = 0.335927,	Delta[d](10) = 0.304316,	Delta[d](11) = 0.335927,	Delta[d](12) = 0.394248,	Delta[d](13) = 0.419907,	Delta[d](14) = 0.335927,	Delta[d](15) = 0.419907,	Delta[s+](0) = 0.600653,	Delta[s+](1) = 0.499328,	Delta[s+](2) = 0.353878,	Delta[s+](3) = 0.499328,	Delta[s+](4) = 0.499328,	Delta[s+](5) = 0.353878,	Delta[s+](6) = 0.205598,	Delta[s+](7) = 0.353878,	Delta[s+](8) = 0.353878,	Delta[s+](9) = 0.205598,	Delta[s+](10) = 0.090667,	Delta[s+](11) = 0.205598,	Delta[s+](12) = 0.499328,	Delta[s+](13) = 0.353878,	Delta[s+](14) = 0.205598,	Delta[s+](15) = 0.353878
The 10-th iteration is completed.	|| time cost : 0h 5m 44.118s
********************************************************************************************************************
Start the 11 rounds of NGS-ED iteration
	effective electronic model is modified as: kinetic energy t = 0.711676
	                                           effective interaction Vq = [-4.49996,-4.27054, -3.9399,-4.27054,-4.27054, -3.9399,-3.99789, -3.9399, -3.9399,-3.99789,-3.83936,-3.99789,-4.27054, -3.9399,-3.99789, -3.9399]
	PARPACK diagonalization completed after 30 matrix-vector product operations.
	iteration results: : total energy is -85.880059 | electron energy -86.350119 + phonon energy 0.470060 | electron momentum kIdx = 10
The 11-th iteration is completed.	|| time cost : 0h 0m 36.264s
********************************************************************************************************************
Start the 12 rounds of NGS-ED iteration
	effective electronic model is modified as: kinetic energy t = 0.711402
	                                           effective interaction Vq = [-4.49997,-4.27175,-3.94088,-4.27175,-4.27175,-3.94088,-3.99962,-3.94088,-3.94088,-3.99962,-3.84062,-3.99962,-4.27175,-3.94088,-3.99962,-3.94088]
	PARPACK diagonalization completed after 30 matrix-vector product operations.
	iteration results: : total energy is -85.880151 | electron energy -86.351527 + phonon energy 0.471376 | electron momentum kIdx = 10
The 12-th iteration is completed.	|| time cost : 0h 0m 36.088s
********************************************************************************************************************
Start the 13 rounds of NGS-ED iteration
	effective electronic model is modified as: kinetic energy t = 0.711221
	                                           effective interaction Vq = [-4.49997,-4.27255,-3.94151,-4.27255,-4.27255,-3.94151,-4.00078,-3.94151,-3.94151,-4.00078,-3.84145,-4.00078,-4.27255,-3.94151,-4.00078,-3.94151]
	PARPACK diagonalization completed after 30 matrix-vector product operations.
	iteration results: : total energy is -85.880186 | electron energy -86.352435 + phonon energy 0.472249 | electron momentum kIdx = 10
The 13-th iteration is completed.	|| time cost : 0h 0m 36.197s
********************************************************************************************************************
Start the 14 rounds of NGS-ED iteration
	effective electronic model is modified as: kinetic energy t = 0.711102
	                                           effective interaction Vq = [-4.49997,-4.27307,-3.94192,-4.27307,-4.27307,-3.94192,-4.00155,-3.94192,-3.94192,-4.00155,-3.84199,-4.00155,-4.27307,-3.94192,-4.00155,-3.94192]
	PARPACK diagonalization completed after 30 matrix-vector product operations.
	iteration results: : total energy is -85.880200 | electron energy -86.353028 + phonon energy 0.472828 | electron momentum kIdx = 10
The 14-th iteration is completed.	|| time cost : 0h 0m 36.048s
********************************************************************************************************************
Start the 15 rounds of NGS-ED iteration
	effective electronic model is modified as: kinetic energy t = 0.711023
	                                           effective interaction Vq = [-4.49997,-4.27342,-3.94219,-4.27342,-4.27342,-3.94219,-4.00207,-3.94219,-3.94219,-4.00207,-3.84235,-4.00207,-4.27342,-3.94219,-4.00207,-3.94219]
	PARPACK diagonalization completed after 30 matrix-vector product operations.
	iteration results: : total energy is -85.880206 | electron energy -86.353418 + phonon energy 0.473212 | electron momentum kIdx = 10
The 15-th iteration is completed.	|| time cost : 0h 0m 36.491s
********************************************************************************************************************
Start the 16 rounds of NGS-ED iteration
	effective electronic model is modified as: kinetic energy t = 0.71097
	                                           effective interaction Vq = [-4.49997,-4.27364,-3.94236,-4.27364,-4.27364,-3.94236,-4.00242,-3.94236,-3.94236,-4.00242,-3.84258,-4.00242,-4.27364,-3.94236,-4.00242,-3.94236]
	PARPACK diagonalization completed after 30 matrix-vector product operations.
	iteration results: : total energy is -85.880208 | electron energy -86.353675 + phonon energy 0.473467 | electron momentum kIdx = 10
The 16-th iteration is completed.	|| time cost : 0h 0m 36.235s
********************************************************************************************************************
Start the 17 rounds of NGS-ED iteration
	effective electronic model is modified as: kinetic energy t = 0.710936
	                                           effective interaction Vq = [-4.49997,-4.27379,-3.94248,-4.27379,-4.27379,-3.94248,-4.00265,-3.94248,-3.94248,-4.00265,-3.84274,-4.00265,-4.27379,-3.94248,-4.00265,-3.94248]
	PARPACK diagonalization completed after 30 matrix-vector product operations.
	iteration results: : total energy is -85.880209 | electron energy -86.353845 + phonon energy 0.473636 | electron momentum kIdx = 10
The 17-th iteration is completed.	|| time cost : 0h 0m 36.598s
********************************************************************************************************************
Start the 18 rounds of NGS-ED iteration
	effective electronic model is modified as: kinetic energy t = 0.710913
	                                           effective interaction Vq = [-4.49997,-4.27389,-3.94255,-4.27389,-4.27389,-3.94255,-4.00281,-3.94255,-3.94255,-4.00281,-3.84284,-4.00281,-4.27389,-3.94255,-4.00281,-3.94255]
	PARPACK diagonalization completed after 30 matrix-vector product operations.
	iteration results: : total energy is -85.880209 | electron energy -86.353957 + phonon energy 0.473748 | electron momentum kIdx = 10
The 18-th iteration is completed.	|| time cost : 0h 0m 36.09s
********************************************************************************************************************
Start the 19 rounds of NGS-ED iteration
	effective electronic model is modified as: kinetic energy t = 0.710897
	                                           effective interaction Vq = [-4.49997,-4.27396, -3.9426,-4.27396,-4.27396, -3.9426,-4.00291, -3.9426, -3.9426,-4.00291, -3.8429,-4.00291,-4.27396, -3.9426,-4.00291, -3.9426]
	PARPACK diagonalization completed after 30 matrix-vector product operations.
	iteration results: : total energy is -85.880209 | electron energy -86.354032 + phonon energy 0.473823 | electron momentum kIdx = 10
The 19-th iteration is completed.	|| time cost : 0h 0m 36.085s
********************************************************************************************************************
Start the 20 rounds of NGS-ED iteration
	effective electronic model is modified as: kinetic energy t = 0.710887
	                                           effective interaction Vq = [-4.49997,  -4.274,-3.94263,  -4.274,  -4.274,-3.94263,-4.00298,-3.94263,-3.94263,-4.00298,-3.84295,-4.00298,  -4.274,-3.94263,-4.00298,-3.94263]
	PARPACK diagonalization completed after 30 matrix-vector product operations.
	iteration results: : total energy is -85.880209 | electron energy -86.354081 + phonon energy 0.473872 | electron momentum kIdx = 10
	Nq(0) = 16,	Nq(1) = 0.329449,	Nq(2) = 0.338175,	Nq(3) = 0.329449,	Nq(4) = 0.329449,	Nq(5) = 0.338175,	Nq(6) = 0.517652,	Nq(7) = 0.338175,	Nq(8) = 0.338175,	Nq(9) = 0.517652,	Nq(10) = 0.542681,	Nq(11) = 0.517652,	Nq(12) = 0.329449,	Nq(13) = 0.338175,	Nq(14) = 0.517652,	Nq(15) = 0.338175,	Sq(0) = 1.78022e-18,	Sq(1) = 0.375211,	Sq(2) = 0.42631,	Sq(3) = 0.375211,	Sq(4) = 0.375211,	Sq(5) = 0.42631,	Sq(6) = 0.661554,	Sq(7) = 0.42631,	Sq(8) = 0.42631,	Sq(9) = 0.661554,	Sq(10) = 3.33495,	Sq(11) = 0.661554,	Sq(12) = 0.375211,	Sq(13) = 0.42631,	Sq(14) = 0.661554,	Sq(15) = 0.42631,	N(0) = 1.99192,	N(1) = 1.98731,	N(2) = 1,	N(3) = 1.98731,	N(4) = 1.98731,	N(5) = 1,	N(6) = 0.0126869,	N(7) = 1,	N(8) = 1,	N(9) = 0.0126869,	N(10) = 0.00808413,	N(11) = 0.0126869,	N(12) = 1.98731,	N(13) = 1,	N(14) = 0.0126869,	N(15) = 1,	Delta[s](0) = 0.21142,	Delta[s](1) = 0.204937,	Delta[s](2) = 0.183267,	Delta[s](3) = 0.204937,	Delta[s](4) = 0.204937,	Delta[s](5) = 0.183267,	Delta[s](6) = 0.17695,	Delta[s](7) = 0.183267,	Delta[s](8) = 0.183267,	Delta[s](9) = 0.17695,	Delta[s](10) = 0.141498,	Delta[s](11) = 0.17695,	Delta[s](12) = 0.204937,	Delta[s](13) = 0.183267,	Delta[s](14) = 0.17695,	Delta[s](15) = 0.183267,	Delta[d](0) = 0.537785,	Delta[d](1) = 0.394156,	Delta[d](2) = 0.353858,	Delta[d](3) = 0.394156,	Delta[d](4) = 0.394156,	Delta[d](5) = 0.419922,	Delta[d](6) = 0.335923,	Delta[d](7) = 0.419922,	Delta[d](8) = 0.353858,	Delta[d](9) = 0.335923,	Delta[d](10) = 0.304488,	Delta[d](11) = 0.335923,	Delta[d](12) = 0.394156,	Delta[d](13) = 0.419922,	Delta[d](14) = 0.335923,	Delta[d](15) = 0.419922,	Delta[s+](0) = 0.600339,	Delta[s+](1) = 0.499121,	Delta[s+](2) = 0.353858,	Delta[s+](3) = 0.499121,	Delta[s+](4) = 0.499121,	Delta[s+](5) = 0.353858,	Delta[s+](6) = 0.205697,	Delta[s+](7) = 0.353858,	Delta[s+](8) = 0.353858,	Delta[s+](9) = 0.205697,	Delta[s+](10) = 0.0908685,	Delta[s+](11) = 0.205697,	Delta[s+](12) = 0.499121,	Delta[s+](13) = 0.353858,	Delta[s+](14) = 0.205697,	Delta[s+](15) = 0.353858
The 20-th iteration is completed.	|| time cost : 0h 5m 43.404s
********************************************************************************************************************
Start the 21 rounds of NGS-ED iteration
	effective electronic model is modified as: kinetic energy t = 0.710881
	                                           effective interaction Vq = [-4.49997,-4.27403,-3.94265,-4.27403,-4.27403,-3.94265,-4.00303,-3.94265,-3.94265,-4.00303,-3.84298,-4.00303,-4.27403,-3.94265,-4.00303,-3.94265]
	PARPACK diagonalization completed after 30 matrix-vector product operations.
	iteration results: : total energy is -85.880209 | electron energy -86.354114 + phonon energy 0.473905 | electron momentum kIdx = 10
The 21-th iteration is completed.	|| time cost : 0h 0m 36.343s
********************************************************************************************************************
Start the 22 rounds of NGS-ED iteration
	effective electronic model is modified as: kinetic energy t = 0.710876
	                                           effective interaction Vq = [-4.49997,-4.27405,-3.94267,-4.27405,-4.27405,-3.94267,-4.00306,-3.94267,-3.94267,-4.00306,  -3.843,-4.00306,-4.27405,-3.94267,-4.00306,-3.94267]
	PARPACK diagonalization completed after 30 matrix-vector product operations.
	iteration results: : total energy is -85.880209 | electron energy -86.354136 + phonon energy 0.473927 | electron momentum kIdx = 10
The 22-th iteration is completed.	|| time cost : 0h 0m 36.116s
********************************************************************************************************************
Start the 23 rounds of NGS-ED iteration
	effective electronic model is modified as: kinetic energy t = 0.710873
	                                           effective interaction Vq = [-4.49997,-4.27406,-3.94268,-4.27406,-4.27406,-3.94268,-4.00308,-3.94268,-3.94268,-4.00308,-3.84301,-4.00308,-4.27406,-3.94268,-4.00308,-3.94268]
	PARPACK diagonalization completed after 30 matrix-vector product operations.
	iteration results: : total energy is -85.880209 | electron energy -86.354151 + phonon energy 0.473941 | electron momentum kIdx = 10
The 23-th iteration is completed.	|| time cost : 0h 0m 36.302s
********************************************************************************************************************
Start the 24 rounds of NGS-ED iteration
	effective electronic model is modified as: kinetic energy t = 0.710871
	                                           effective interaction Vq = [-4.49997,-4.27407,-3.94268,-4.27407,-4.27407,-3.94268, -4.0031,-3.94268,-3.94268, -4.0031,-3.84302, -4.0031,-4.27407,-3.94268, -4.0031,-3.94268]
	PARPACK diagonalization completed after 30 matrix-vector product operations.
	iteration results: : total energy is -85.880209 | electron energy -86.354160 + phonon energy 0.473951 | electron momentum kIdx = 10
The 24-th iteration is completed.	|| time cost : 0h 0m 36.386s
