SNEDics v3.2 diagonalization test program		Start at Wed Apr 24 10:29:40 2019

parallized on 80 MPI threads  * 6 OpenMP threads = 480 total threads.
************************************************************************************
************************************************************************************

Input file "model_params.in"
Hubbard-Holstein model parameters : 	t = 1    U = 2    g = 2.2361    W = 5    
************************************************************************************
Input file "hilbertspace_params.in"

Cluster Positions:				Cluster symmetry group : D4
 x ... x ... x ... x .....                       x ... x ... x ... x .....
 |           |           :                       |           |           :
 |           |           :                       |           |           :
12    13    14    15     x                       1     5     6     5     x
 |           |           :                       |           |           :
 |           |           :                       |           |           :
 8 --- 9 ---10 ---11 --- x                       2 --- 6 ---10 --- 6 --- x
 |           |           :                       |           |           :
 |           |           :                       |           |           :
 4     5     6     7     x                       1     5     6     5     x
 |           |           :                       |           |           :
 |           |           :                       |           |           :
 0 --- 1 --- 2 --- 3 --- x                       0 --- 1 --- 2 --- 1 --- x
orbital number : 1
************************************************************************************
0 rounds of non-Gaussian ED iteration : ground-state energy is -18.0176 | electron energy -18.0176 + phonon energy 0 | electron momentum kIdx = 0
Nq = 	16	0.245211	0.311045	0.245211	0.245211	0.311045	0.446617	0.311045	0.311045	0.446617	0.513491	0.446617	0.245211	0.311045	0.446617	0.311045
Sq = 	1.62176e-18	0.413058	0.598296	0.413058	0.413058	0.598296	0.72336	0.598296	0.598296	0.72336	2.71747	0.72336	0.413058	0.598296	0.72336	0.598296
1 rounds of non-Gaussian ED iteration : ground-state energy is -30.6823 | electron energy -30.6826 + phonon energy 0.000346941 | electron momentum kIdx = 0
Nq = 	16	0.309692	0.348169	0.309692	0.309692	0.348169	0.532369	0.348169	0.348169	0.532369	0.576016	0.532369	0.309692	0.348169	0.532369	0.348169
Sq = 	-2.47277e-18	0.39632	0.573228	0.39632	0.39632	0.573228	0.673497	0.573228	0.573228	0.673497	2.2481	0.673497	0.39632	0.573228	0.673497	0.573228
2 rounds of non-Gaussian ED iteration : ground-state energy is -34.9757 | electron energy -34.9803 + phonon energy 0.0045791 | electron momentum kIdx = 0
Nq = 	16	0.336353	0.358495	0.336353	0.336353	0.358495	0.564187	0.358495	0.358495	0.564187	0.592361	0.564187	0.336353	0.358495	0.564187	0.358495
Sq = 	-6.49222e-18	0.388934	0.562676	0.388934	0.388934	0.562676	0.655705	0.562676	0.562676	0.655705	2.09989	0.655705	0.388934	0.562676	0.655705	0.562676
3 rounds of non-Gaussian ED iteration : ground-state energy is -36.4863 | electron energy -36.4991 + phonon energy 0.0127816 | electron momentum kIdx = 0
Nq = 	16	0.348386	0.362197	0.348386	0.348386	0.362197	0.577909	0.362197	0.362197	0.577909	0.597949	0.577909	0.348386	0.362197	0.577909	0.362197
Sq = 	2.45464e-18	0.385583	0.558011	0.385583	0.385583	0.558011	0.64824	0.558011	0.558011	0.64824	2.04033	0.64824	0.385583	0.558011	0.64824	0.558011
4 rounds of non-Gaussian ED iteration : ground-state energy is -37.0269 | electron energy -37.0477 + phonon energy 0.0207494 | electron momentum kIdx = 0
Nq = 	16	0.35409	0.363708	0.35409	0.35409	0.363708	0.584314	0.363708	0.363708	0.584314	0.60017	0.584314	0.35409	0.363708	0.584314	0.363708
Sq = 	1.08081e-17	0.383992	0.555839	0.383992	0.383992	0.555839	0.644836	0.555839	0.555839	0.644836	2.01362	0.644836	0.383992	0.555839	0.644836	0.555839
5 rounds of non-Gaussian ED iteration : ground-state energy is -37.2221 | electron energy -37.2485 + phonon energy 0.0264538 | electron momentum kIdx = 0
Nq = 	16	0.356908	0.36437	0.356908	0.356908	0.36437	0.587445	0.36437	0.36437	0.587445	0.601132	0.587445	0.356908	0.36437	0.587445	0.36437
Sq = 	4.03022e-18	0.383209	0.554789	0.383209	0.383209	0.554789	0.643202	0.554789	0.554789	0.643202	2.00086	0.643202	0.383209	0.554789	0.643202	0.554789
6 rounds of non-Gaussian ED iteration : ground-state energy is -37.2929 | electron energy -37.3229 + phonon energy 0.0299641 | electron momentum kIdx = 0
Nq = 	16	0.358343	0.364672	0.358343	0.358343	0.364672	0.589018	0.364672	0.364672	0.589018	0.601568	0.589018	0.358343	0.364672	0.589018	0.364672
Sq = 	6.206e-18	0.382814	0.554267	0.382814	0.382814	0.554267	0.642392	0.554267	0.554267	0.642392	1.99453	0.642392	0.382814	0.554267	0.642392	0.554267
7 rounds of non-Gaussian ED iteration : ground-state energy is -37.3187 | electron energy -37.3507 + phonon energy 0.031958 | electron momentum kIdx = 0
Nq = 	16	0.35909	0.364813	0.35909	0.35909	0.364813	0.58982	0.364813	0.364813	0.58982	0.601773	0.58982	0.35909	0.364813	0.58982	0.364813
Sq = 	1.44047e-21	0.382611	0.554004	0.382611	0.382611	0.554004	0.641982	0.554004	0.554004	0.641982	1.99132	0.641982	0.382611	0.554004	0.641982	0.554004
8 rounds of non-Gaussian ED iteration : ground-state energy is -37.3282 | electron energy -37.3612 + phonon energy 0.0330421 | electron momentum kIdx = 0
Nq = 	16	0.359482	0.364879	0.359482	0.359482	0.364879	0.590234	0.364879	0.364879	0.590234	0.60187	0.590234	0.359482	0.364879	0.590234	0.364879
Sq = 	1.88037e-18	0.382506	0.553869	0.382506	0.382506	0.553869	0.641772	0.553869	0.553869	0.641772	1.98966	0.641772	0.382506	0.553869	0.641772	0.553869
9 rounds of non-Gaussian ED iteration : ground-state energy is -37.3316 | electron energy -37.3652 + phonon energy 0.0336175 | electron momentum kIdx = 0
Nq = 	16	0.359691	0.364911	0.359691	0.359691	0.364911	0.590448	0.364911	0.364911	0.590448	0.601917	0.590448	0.359691	0.364911	0.590448	0.364911
Sq = 	-3.31392e-18	0.382451	0.5538	0.382451	0.382451	0.5538	0.641664	0.5538	0.5538	0.641664	1.98881	0.641664	0.382451	0.5538	0.641664	0.5538
10 rounds of non-Gaussian ED iteration : ground-state energy is -37.3329 | electron energy -37.3668 + phonon energy 0.0339187 | electron momentum kIdx = 0
Nq = 	16	0.359802	0.364926	0.359802	0.359802	0.364926	0.590559	0.364926	0.364926	0.590559	0.601939	0.590559	0.359802	0.364926	0.590559	0.364926
Sq = 	4.17359e-18	0.382423	0.553764	0.382423	0.382423	0.553764	0.641608	0.553764	0.553764	0.641608	1.98836	0.641608	0.382423	0.553764	0.641608	0.553764
11 rounds of non-Gaussian ED iteration : ground-state energy is -37.3333 | electron energy -37.3674 + phonon energy 0.0340754 | electron momentum kIdx = 0
Nq = 	16	0.359861	0.364933	0.359861	0.359861	0.364933	0.590616	0.364933	0.364933	0.590616	0.60195	0.590616	0.359861	0.364933	0.590616	0.364933
Sq = 	6.34947e-18	0.382408	0.553745	0.382408	0.382408	0.553745	0.641578	0.553745	0.553745	0.641578	1.98813	0.641578	0.382408	0.553745	0.641578	0.553745
12 rounds of non-Gaussian ED iteration : ground-state energy is -37.3335 | electron energy -37.3677 + phonon energy 0.0341565 | electron momentum kIdx = 0
Nq = 	16	0.359892	0.364937	0.359892	0.359892	0.364937	0.590647	0.364937	0.364937	0.590647	0.601956	0.590647	0.359892	0.364937	0.590647	0.364937
Sq = 	7.50613e-18	0.3824	0.553736	0.3824	0.3824	0.553736	0.641563	0.553736	0.553736	0.641563	1.988	0.641563	0.3824	0.553736	0.641563	0.553736
13 rounds of non-Gaussian ED iteration : ground-state energy is -37.3336 | electron energy -37.3678 + phonon energy 0.0341985 | electron momentum kIdx = 0
Nq = 	16	0.359909	0.364938	0.359909	0.359909	0.364938	0.590662	0.364938	0.364938	0.590662	0.601958	0.590662	0.359909	0.364938	0.590662	0.364938
Sq = 	1.0087e-18	0.382396	0.553731	0.382396	0.382396	0.553731	0.641555	0.553731	0.553731	0.641555	1.98794	0.641555	0.382396	0.553731	0.641555	0.553731
14 rounds of non-Gaussian ED iteration : ground-state energy is -37.3336 | electron energy -37.3678 + phonon energy 0.0342202 | electron momentum kIdx = 0
Nq = 	16	0.359918	0.364939	0.359918	0.359918	0.364939	0.59067	0.364939	0.364939	0.59067	0.60196	0.59067	0.359918	0.364939	0.59067	0.364939
Sq = 	-3.89564e-18	0.382394	0.553728	0.382394	0.382394	0.553728	0.641551	0.553728	0.553728	0.641551	1.98791	0.641551	0.382394	0.553728	0.641551	0.553728
15 rounds of non-Gaussian ED iteration : ground-state energy is -37.3336 | electron energy -37.3678 + phonon energy 0.0342314 | electron momentum kIdx = 0
Nq = 	16	0.359923	0.36494	0.359923	0.359923	0.36494	0.590675	0.36494	0.36494	0.590675	0.60196	0.590675	0.359923	0.36494	0.590675	0.36494
Sq = 	5.85996e-19	0.382392	0.553727	0.382392	0.382392	0.553727	0.641549	0.553727	0.553727	0.641549	1.98789	0.641549	0.382392	0.553727	0.641549	0.553727
16 rounds of non-Gaussian ED iteration : ground-state energy is -37.3336 | electron energy -37.3678 + phonon energy 0.0342372 | electron momentum kIdx = 0
Nq = 	16	0.359925	0.36494	0.359925	0.359925	0.36494	0.590677	0.36494	0.36494	0.590677	0.601961	0.590677	0.359925	0.36494	0.590677	0.36494
Sq = 	-7.34866e-18	0.382392	0.553726	0.382392	0.382392	0.553726	0.641548	0.553726	0.553726	0.641548	1.98788	0.641548	0.382392	0.553726	0.641548	0.553726
17 rounds of non-Gaussian ED iteration : ground-state energy is -37.3336 | electron energy -37.3678 + phonon energy 0.0342402 | electron momentum kIdx = 0
Nq = 	16	0.359927	0.36494	0.359927	0.359927	0.36494	0.590678	0.36494	0.36494	0.590678	0.601961	0.590678	0.359927	0.36494	0.590678	0.36494
Sq = 	-3.47349e-18	0.382391	0.553726	0.382391	0.382391	0.553726	0.641547	0.553726	0.553726	0.641547	1.98787	0.641547	0.382391	0.553726	0.641547	0.553726
Ground state is obtained after 18 iterations. The current ground-state energy is -37.3336, in which electron energy is -37.3678 and phonon energy is 0.0342418
o___o  -------------------------------------
| L |	Time since last clock: 1h 35m 36.653s
A===A	Time since the beginning: 1h 35m 36.653s
********************************************

************************************************************************************
