TACC:  Starting up job 1813943 
TACC:  Starting parallel tasks... 
SNEDics v3.4 Non-Gaussian ED ground state program		Start at Fri Oct 23 21:17:12 2020

parallized on 16 MPI threads  * 7 OpenMP threads = 112 total threads.
********************************************************************************************************************
********************************************************************************************************************

********************************************************************************************************************
System parameters and configurations
********************************************************************************************************************
Special program options are enabled: splitted diagonal Hamiltonian
********************************************************************************************************************
Read input file "model_params.in"
	Hubbard-Holstein model parameters : 	t = 1    U = 9    g = 1.8708    W = 1    
********************************************************************************************************************
Read input file "hilbertspace_params.in"
	Requested 16-site 2D lattice, with 14 electrons (7, 7)
	Boundary : Periodic		Hilbert space representation : momentum-space (restricted to kIdx = 0)
	Conservation: particle number[U(1)]      spin[U(1)]     momentum
********************************************************************************************************************

Cluster Positions:				Cluster symmetry group : D4
 x ... x ... x ... x .....                       x ... x ... x ... x .....
 |           |           :                       |           |           :
 |           |           :                       |           |           :
12    13    14    15     x                       1     5     6     5     x
 |           |           :                       |           |           :
 |           |           :                       |           |           :
 8 --- 9 ---10 ---11 --- x                       2 --- 6 ---10 --- 6 --- x
 |           |           :                       |           |           :
 |           |           :                       |           |           :
 4     5     6     7     x                       1     5     6     5     x
 |           |           :                       |           |           :
 |           |           :                       |           |           :
 0 --- 1 --- 2 --- 3 --- x                       0 --- 1 --- 2 --- 1 --- x
orbital number : 1
********************************************************************************************************************
Read input file "obs_params.in"
	Observable Type : Nq(All),   Sq(All),   N(All),   Delta[s](All),   Delta[d](All),   Delta[s+](All)
********************************************************************************************************************
** WARNING ** the input observables have non-local factors which have been reinterpreted. The total observable number is 96
********************************************************************************************************************


********************************************************************************************************************
Start calculating the non-Gaussian ED ground state
** WARNING ** Detected low phonon energy W < 10. The initial state will be prepared through a warm-up process.
********************************************************************************************************************
Start warm-up calculation for scaling factor 16
open output files: NGSEDWarmUpW16Obs.txt
********************************************************************************************************************
Start the 0 rounds of NGS-ED iteration
	effective electronic model is modified as: kinetic energy t = 1
	                                           effective interaction Vq = [0,0,0,0,0,0,0,0,0,0,0,0,0,0,0,0]
	first Hamiltonian is constructed, non-zero numbers = 2178478298
	PARPACK diagonalization completed after 180 matrix-vector product operations.
	iteration results: : total energy is -11.290270 | electron energy -11.290270 + phonon energy 0.000000 | electron momentum kIdx = 0
	Nq(0) = 12.25,	Nq(1) = 0.147213,	Nq(2) = 0.172403,	Nq(3) = 0.147213,	Nq(4) = 0.147213,	Nq(5) = 0.18778,	Nq(6) = 0.216743,	Nq(7) = 0.18778,	Nq(8) = 0.172403,	Nq(9) = 0.216743,	Nq(10) = 0.252549,	Nq(11) = 0.216743,	Nq(12) = 0.147213,	Nq(13) = 0.18778,	Nq(14) = 0.216743,	Nq(15) = 0.18778,	Sq(0) = -8.58343e-20,	Sq(1) = 0.4724,	Sq(2) = 0.78139,	Sq(3) = 0.4724,	Sq(4) = 0.4724,	Sq(5) = 0.64095,	Sq(6) = 1.08931,	Sq(7) = 0.64095,	Sq(8) = 0.78139,	Sq(9) = 1.08931,	Sq(10) = 2.57227,	Sq(11) = 1.08931,	Sq(12) = 0.4724,	Sq(13) = 0.64095,	Sq(14) = 1.08931,	Sq(15) = 0.64095,	N(0) = 1.71518,	N(1) = 1.54016,	N(2) = 0.372009,	N(3) = 1.54016,	N(4) = 1.54016,	N(5) = 0.999832,	N(6) = 0.297,	N(7) = 0.999832,	N(8) = 0.372009,	N(9) = 0.297,	N(10) = 0.192843,	N(11) = 0.297,	N(12) = 1.54016,	N(13) = 0.999832,	N(14) = 0.297,	N(15) = 0.999832,	Delta[s](0) = 0.0563124,	Delta[s](1) = 0.0444682,	Delta[s](2) = 0.0305381,	Delta[s](3) = 0.0444682,	Delta[s](4) = 0.0444682,	Delta[s](5) = 0.0342612,	Delta[s](6) = 0.0211409,	Delta[s](7) = 0.0342612,	Delta[s](8) = 0.0305381,	Delta[s](9) = 0.0211409,	Delta[s](10) = 0.0102783,	Delta[s](11) = 0.0211409,	Delta[s](12) = 0.0444682,	Delta[s](13) = 0.0342612,	Delta[s](14) = 0.0211409,	Delta[s](15) = 0.0342612,	Delta[d](0) = 0.285832,	Delta[d](1) = 0.213901,	Delta[d](2) = 0.213765,	Delta[d](3) = 0.213901,	Delta[d](4) = 0.213901,	Delta[d](5) = 0.194919,	Delta[d](6) = 0.148785,	Delta[d](7) = 0.194919,	Delta[d](8) = 0.213765,	Delta[d](9) = 0.148785,	Delta[d](10) = 0.0694938,	Delta[d](11) = 0.148785,	Delta[d](12) = 0.213901,	Delta[d](13) = 0.194919,	Delta[d](14) = 0.148785,	Delta[d](15) = 0.194919,	Delta[s+](0) = 0.548772,	Delta[s+](1) = 0.411574,	Delta[s+](2) = 0.213765,	Delta[s+](3) = 0.411574,	Delta[s+](4) = 0.411574,	Delta[s+](5) = 0.293606,	Delta[s+](6) = 0.140636,	Delta[s+](7) = 0.293606,	Delta[s+](8) = 0.213765,	Delta[s+](9) = 0.140636,	Delta[s+](10) = 0.0520774,	Delta[s+](11) = 0.140636,	Delta[s+](12) = 0.411574,	Delta[s+](13) = 0.293606,	Delta[s+](14) = 0.140636,	Delta[s+](15) = 0.293606
The 0-th iteration is completed.	|| time cost : 0h 6m 33.633s
********************************************************************************************************************
Start the 1 rounds of NGS-ED iteration
	effective electronic model is modified as: kinetic energy t = 0.910686
	                                           effective interaction Vq = [-3.35723,-3.21079,-3.09716,-3.21079,-3.21079,-3.12024,-3.04385,-3.12024,-3.09716,-3.04385,-2.99634,-3.04385,-3.21079,-3.12024,-3.04385,-3.12024]
	PARPACK diagonalization completed after 45 matrix-vector product operations.
	iteration results: : total energy is -62.180077 | electron energy -62.184946 + phonon energy 0.004868 | electron momentum kIdx = 0
The 1-th iteration is completed.	|| time cost : 0h 5m 14.1s
********************************************************************************************************************
Start the 2 rounds of NGS-ED iteration
	effective electronic model is modified as: kinetic energy t = 0.876826
	                                           effective interaction Vq = [-3.49408,-3.41278,-3.33036,-3.41278,-3.41278,-3.36391,-3.30872,-3.36391,-3.33036,-3.30872,-3.26367,-3.30872,-3.41278,-3.36391,-3.30872,-3.36391]
	PARPACK diagonalization completed after 45 matrix-vector product operations.
	iteration results: : total energy is -64.349918 | electron energy -64.376935 + phonon energy 0.027018 | electron momentum kIdx = 0
The 2-th iteration is completed.	|| time cost : 0h 0m 24.533s
********************************************************************************************************************
Start the 3 rounds of NGS-ED iteration
	effective electronic model is modified as: kinetic energy t = 0.87
	                                           effective interaction Vq = [-3.49966,-3.43811, -3.3612,-3.43811,-3.43811, -3.3965,-3.34721, -3.3965, -3.3612,-3.34721,-3.30212,-3.34721,-3.43811, -3.3965,-3.34721, -3.3965]
	PARPACK diagonalization completed after 45 matrix-vector product operations.
	iteration results: : total energy is -64.436489 | electron energy -64.470911 + phonon energy 0.034421 | electron momentum kIdx = 0
The 3-th iteration is completed.	|| time cost : 0h 0m 24.485s
********************************************************************************************************************
Start the 4 rounds of NGS-ED iteration
	effective electronic model is modified as: kinetic energy t = 0.868757
	                                           effective interaction Vq = [-3.49988,-3.44228,-3.36615,-3.44228,-3.44228,-3.40189,-3.35382,-3.40189,-3.36615,-3.35382,-3.30855,-3.35382,-3.44228,-3.40189,-3.35382,-3.40189]
	PARPACK diagonalization completed after 30 matrix-vector product operations.
	iteration results: : total energy is -64.439874 | electron energy -64.475775 + phonon energy 0.035902 | electron momentum kIdx = 0
The 4-th iteration is completed.	|| time cost : 0h 0m 21.727s
********************************************************************************************************************
Start the 5 rounds of NGS-ED iteration
	effective electronic model is modified as: kinetic energy t = 0.868534
	                                           effective interaction Vq = [-3.49989,-3.44301,-3.36697,-3.44301,-3.44301,-3.40284,-3.35501,-3.40284,-3.36697,-3.35501,-3.30966,-3.35501,-3.44301,-3.40284,-3.35501,-3.40284]
	PARPACK diagonalization completed after 30 matrix-vector product operations.
	iteration results: : total energy is -64.440006 | electron energy -64.476178 + phonon energy 0.036172 | electron momentum kIdx = 0
The 5-th iteration is completed.	|| time cost : 0h 0m 21.663s
********************************************************************************************************************
Start the 6 rounds of NGS-ED iteration
	effective electronic model is modified as: kinetic energy t = 0.868495
	                                           effective interaction Vq = [-3.49989,-3.44315,-3.36711,-3.44315,-3.44315,-3.40301,-3.35522,-3.40301,-3.36711,-3.35522,-3.30986,-3.35522,-3.44315,-3.40301,-3.35522,-3.40301]
	PARPACK diagonalization completed after 30 matrix-vector product operations.
	iteration results: : total energy is -64.440011 | electron energy -64.476231 + phonon energy 0.036220 | electron momentum kIdx = 0
	Nq(0) = 12.25,	Nq(1) = 0.261889,	Nq(2) = 0.31314,	Nq(3) = 0.261889,	Nq(4) = 0.261889,	Nq(5) = 0.378971,	Nq(6) = 0.440928,	Nq(7) = 0.378971,	Nq(8) = 0.31314,	Nq(9) = 0.440928,	Nq(10) = 0.49031,	Nq(11) = 0.440928,	Nq(12) = 0.261889,	Nq(13) = 0.378971,	Nq(14) = 0.440928,	Nq(15) = 0.378971,	Sq(0) = 8.07778e-18,	Sq(1) = 0.440027,	Sq(2) = 0.641416,	Sq(3) = 0.440027,	Sq(4) = 0.440027,	Sq(5) = 0.568924,	Sq(6) = 0.77571,	Sq(7) = 0.568924,	Sq(8) = 0.641416,	Sq(9) = 0.77571,	Sq(10) = 1.88478,	Sq(11) = 0.77571,	Sq(12) = 0.440027,	Sq(13) = 0.568924,	Sq(14) = 0.77571,	Sq(15) = 0.568924,	N(0) = 1.96304,	N(1) = 1.9305,	N(2) = 0.0513417,	N(3) = 1.9305,	N(4) = 1.9305,	N(5) = 0.997925,	N(6) = 0.0494227,	N(7) = 0.997925,	N(8) = 0.0513417,	N(9) = 0.0494227,	N(10) = 0.0228895,	N(11) = 0.0494227,	N(12) = 1.9305,	N(13) = 0.997925,	N(14) = 0.0494227,	N(15) = 0.997925,	Delta[s](0) = 0.171169,	Delta[s](1) = 0.142361,	Delta[s](2) = 0.104731,	Delta[s](3) = 0.142361,	Delta[s](4) = 0.142361,	Delta[s](5) = 0.121898,	Delta[s](6) = 0.0897812,	Delta[s](7) = 0.121898,	Delta[s](8) = 0.104731,	Delta[s](9) = 0.0897812,	Delta[s](10) = 0.0500787,	Delta[s](11) = 0.0897812,	Delta[s](12) = 0.142361,	Delta[s](13) = 0.121898,	Delta[s](14) = 0.0897812,	Delta[s](15) = 0.121898,	Delta[d](0) = 0.231488,	Delta[d](1) = 0.151301,	Delta[d](2) = 0.166352,	Delta[d](3) = 0.151301,	Delta[d](4) = 0.151301,	Delta[d](5) = 0.153427,	Delta[d](6) = 0.107929,	Delta[d](7) = 0.153427,	Delta[d](8) = 0.166352,	Delta[d](9) = 0.107929,	Delta[d](10) = 0.0370103,	Delta[d](11) = 0.107929,	Delta[d](12) = 0.151301,	Delta[d](13) = 0.153427,	Delta[d](14) = 0.107929,	Delta[d](15) = 0.153427,	Delta[s+](0) = 0.539277,	Delta[s+](1) = 0.403449,	Delta[s+](2) = 0.166352,	Delta[s+](3) = 0.403449,	Delta[s+](4) = 0.403449,	Delta[s+](5) = 0.277747,	Delta[s+](6) = 0.103032,	Delta[s+](7) = 0.277747,	Delta[s+](8) = 0.166352,	Delta[s+](9) = 0.103032,	Delta[s+](10) = 0.0271138,	Delta[s+](11) = 0.103032,	Delta[s+](12) = 0.403449,	Delta[s+](13) = 0.277747,	Delta[s+](14) = 0.103032,	Delta[s+](15) = 0.277747
The 6-th iteration is completed.	|| time cost : 0h 3m 59.538s
********************************************************************************************************************
********************************************************************************************************************
Ground state is obtained after 7 iterations. The current ground-state energy is -64.44, in which electron energy is -64.4762 and phonon energy is 0.0362198
final variational state is: 
	Gamma_x = [      1,1.01281,1.02171,1.01281,1.01281,1.02326,1.03173,1.02326,1.02171,1.03173,1.03907,1.03173,1.01281,1.02326,1.03173,1.02326]
	lambda_q = [0.467694, 0.40816,0.376611, 0.40816, 0.40816,0.389895,0.372623,0.389895,0.376611,0.372623,0.358727,0.372623, 0.40816,0.389895,0.372623,0.389895]
The effective e-e interactions mediated by phonons are: [3.49989,3.44317,3.36714,3.44317,3.44317,3.40304,3.35526,3.40304,3.36714,3.35526,3.30989,3.35526,3.44317,3.40304,3.35526,3.40304]
The real-space interactions mediated by phonons are: [  -54.3499, -0.288099, 0.0193144,-0.0446976, -0.365828, -0.139853, 0.0193144,-0.0583729,  0.068086,-0.0583729, 0.0193144, -0.139853, -0.365828,-0.0446976, 0.0193144, -0.288099]
********************************************************************************************************************
o___o  ----------------------------------------
| L |	Time since last clock: 0h 0m 0s
A===A	Time since the beginning: 0h 17m 19.681s
***********************************************

********************************************************************************************************************
Start warm-up calculation for scaling factor 8
open output files: NGSEDWarmUpW8Obs.txt
********************************************************************************************************************
Start the 0 rounds of NGS-ED iteration
	effective electronic model is modified as: kinetic energy t = 0.868487
	                                           effective interaction Vq = [-3.19963,-2.98674,-2.85093,-2.98674,-2.98674,-2.91005,-2.83263,-2.91005,-2.85093,-2.83263,-2.76687,-2.83263,-2.98674,-2.91005,-2.83263,-2.91005]
	PARPACK diagonalization completed after 45 matrix-vector product operations.
	iteration results: : total energy is -58.228089 | electron energy -58.246203 + phonon energy 0.018114 | electron momentum kIdx = 0
	Nq(0) = 12.25,	Nq(1) = 0.226949,	Nq(2) = 0.279519,	Nq(3) = 0.226949,	Nq(4) = 0.226949,	Nq(5) = 0.328066,	Nq(6) = 0.378655,	Nq(7) = 0.328066,	Nq(8) = 0.279519,	Nq(9) = 0.378655,	Nq(10) = 0.429906,	Nq(11) = 0.378655,	Nq(12) = 0.226949,	Nq(13) = 0.328066,	Nq(14) = 0.378655,	Nq(15) = 0.328066,	Sq(0) = 1.21655e-18,	Sq(1) = 0.457467,	Sq(2) = 0.674368,	Sq(3) = 0.457467,	Sq(4) = 0.457467,	Sq(5) = 0.587478,	Sq(6) = 0.84228,	Sq(7) = 0.587478,	Sq(8) = 0.674368,	Sq(9) = 0.84228,	Sq(10) = 2.12874,	Sq(11) = 0.84228,	Sq(12) = 0.457467,	Sq(13) = 0.587478,	Sq(14) = 0.84228,	Sq(15) = 0.587478,	N(0) = 1.92696,	N(1) = 1.86455,	N(2) = 0.0996719,	N(3) = 1.86455,	N(4) = 1.86455,	N(5) = 0.997475,	N(6) = 0.0946905,	N(7) = 0.997475,	N(8) = 0.0996719,	N(9) = 0.0946905,	N(10) = 0.0468271,	N(11) = 0.0946905,	N(12) = 1.86455,	N(13) = 0.997475,	N(14) = 0.0946905,	N(15) = 0.997475,	Delta[s](0) = 0.133506,	Delta[s](1) = 0.11262,	Delta[s](2) = 0.0868472,	Delta[s](3) = 0.11262,	Delta[s](4) = 0.11262,	Delta[s](5) = 0.0973743,	Delta[s](6) = 0.0731922,	Delta[s](7) = 0.0973743,	Delta[s](8) = 0.0868472,	Delta[s](9) = 0.0731922,	Delta[s](10) = 0.0468651,	Delta[s](11) = 0.0731922,	Delta[s](12) = 0.11262,	Delta[s](13) = 0.0973743,	Delta[s](14) = 0.0731922,	Delta[s](15) = 0.0973743,	Delta[d](0) = 0.242966,	Delta[d](1) = 0.172076,	Delta[d](2) = 0.187438,	Delta[d](3) = 0.172076,	Delta[d](4) = 0.172076,	Delta[d](5) = 0.170819,	Delta[d](6) = 0.126317,	Delta[d](7) = 0.170819,	Delta[d](8) = 0.187438,	Delta[d](9) = 0.126317,	Delta[d](10) = 0.0505214,	Delta[d](11) = 0.126317,	Delta[d](12) = 0.172076,	Delta[d](13) = 0.170819,	Delta[d](14) = 0.126317,	Delta[d](15) = 0.170819,	Delta[s+](0) = 0.564849,	Delta[s+](1) = 0.422199,	Delta[s+](2) = 0.187438,	Delta[s+](3) = 0.422199,	Delta[s+](4) = 0.422199,	Delta[s+](5) = 0.294304,	Delta[s+](6) = 0.120294,	Delta[s+](7) = 0.294304,	Delta[s+](8) = 0.187438,	Delta[s+](9) = 0.120294,	Delta[s+](10) = 0.0377708,	Delta[s+](11) = 0.120294,	Delta[s+](12) = 0.422199,	Delta[s+](13) = 0.294304,	Delta[s+](14) = 0.120294,	Delta[s+](15) = 0.294304
The 0-th iteration is completed.	|| time cost : 0h 4m 0.798s
********************************************************************************************************************
Start the 1 rounds of NGS-ED iteration
	effective electronic model is modified as: kinetic energy t = 0.840485
	                                           effective interaction Vq = [-3.43927,-3.21164,-3.04489,-3.21164,-3.21164,-3.11446,-3.00834,-3.11446,-3.04489,-3.00834,-2.92827,-3.00834,-3.21164,-3.11446,-3.00834,-3.11446]
	PARPACK diagonalization completed after 45 matrix-vector product operations.
	iteration results: : total energy is -61.439276 | electron energy -61.505481 + phonon energy 0.066205 | electron momentum kIdx = 0
The 1-th iteration is completed.	|| time cost : 0h 0m 24.499s
********************************************************************************************************************
Start the 2 rounds of NGS-ED iteration
	effective electronic model is modified as: kinetic energy t = 0.828249
	                                           effective interaction Vq = [-3.48765,-3.28659,-3.11338,-3.28659,-3.28659,-3.18755,-3.07585,-3.18755,-3.11338,-3.07585,-2.99119,-3.07585,-3.28659,-3.18755,-3.07585,-3.18755]
	PARPACK diagonalization completed after 45 matrix-vector product operations.
	iteration results: : total energy is -62.081146 | electron energy -62.176144 + phonon energy 0.094998 | electron momentum kIdx = 0
The 2-th iteration is completed.	|| time cost : 0h 0m 24.577s
********************************************************************************************************************
Start the 3 rounds of NGS-ED iteration
	effective electronic model is modified as: kinetic energy t = 0.823096
	                                           effective interaction Vq = [-3.49742,-3.31437,-3.13929,-3.31437,-3.31437,-3.21567,-3.10291,-3.21567,-3.13929,-3.10291,-3.01635,-3.10291,-3.31437,-3.21567,-3.10291,-3.21567]
	PARPACK diagonalization completed after 45 matrix-vector product operations.
	iteration results: : total energy is -62.209328 | electron energy -62.317816 + phonon energy 0.108488 | electron momentum kIdx = 0
The 3-th iteration is completed.	|| time cost : 0h 0m 24.633s
********************************************************************************************************************
Start the 4 rounds of NGS-ED iteration
	effective electronic model is modified as: kinetic energy t = 0.820957
	                                           effective interaction Vq = [-3.49939,-3.32526,-3.14943,-3.32526,-3.32526,-3.22689,-3.11398,-3.22689,-3.14943,-3.11398,-3.02655,-3.11398,-3.32526,-3.22689,-3.11398,-3.22689]
	PARPACK diagonalization completed after 30 matrix-vector product operations.
	iteration results: : total energy is -62.234943 | electron energy -62.349277 + phonon energy 0.114335 | electron momentum kIdx = 0
The 4-th iteration is completed.	|| time cost : 0h 0m 21.663s
********************************************************************************************************************
Start the 5 rounds of NGS-ED iteration
	effective electronic model is modified as: kinetic energy t = 0.820075
	                                           effective interaction Vq = [-3.49979,-3.32964,-3.15345,-3.32964,-3.32964,-3.23144,-3.11855,-3.23144,-3.15345,-3.11855,-3.03071,-3.11855,-3.32964,-3.23144,-3.11855,-3.23144]
	PARPACK diagonalization completed after 30 matrix-vector product operations.
	iteration results: : total energy is -62.240067 | electron energy -62.356860 + phonon energy 0.116793 | electron momentum kIdx = 0
The 5-th iteration is completed.	|| time cost : 0h 0m 21.673s
********************************************************************************************************************
Start the 6 rounds of NGS-ED iteration
	effective electronic model is modified as: kinetic energy t = 0.819712
	                                           effective interaction Vq = [-3.49987,-3.33142,-3.15506,-3.33142,-3.33142, -3.2333,-3.12044, -3.2333,-3.15506,-3.12044,-3.03241,-3.12044,-3.33142, -3.2333,-3.12044, -3.2333]
	PARPACK diagonalization completed after 30 matrix-vector product operations.
	iteration results: : total energy is -62.241094 | electron energy -62.358908 + phonon energy 0.117814 | electron momentum kIdx = 0
The 6-th iteration is completed.	|| time cost : 0h 0m 21.69s
********************************************************************************************************************
Start the 7 rounds of NGS-ED iteration
	effective electronic model is modified as: kinetic energy t = 0.819562
	                                           effective interaction Vq = [-3.49989,-3.33215, -3.1557,-3.33215,-3.33215,-3.23406,-3.12123,-3.23406, -3.1557,-3.12123,-3.03311,-3.12123,-3.33215,-3.23406,-3.12123,-3.23406]
	PARPACK diagonalization completed after 30 matrix-vector product operations.
	iteration results: : total energy is -62.241300 | electron energy -62.359536 + phonon energy 0.118236 | electron momentum kIdx = 0
The 7-th iteration is completed.	|| time cost : 0h 0m 21.78s
********************************************************************************************************************
Start the 8 rounds of NGS-ED iteration
	effective electronic model is modified as: kinetic energy t = 0.819501
	                                           effective interaction Vq = [-3.49989,-3.33245,-3.15596,-3.33245,-3.33245,-3.23438,-3.12156,-3.23438,-3.15596,-3.12156,-3.03339,-3.12156,-3.33245,-3.23438,-3.12156,-3.23438]
	PARPACK diagonalization completed after 30 matrix-vector product operations.
	iteration results: : total energy is -62.241341 | electron energy -62.359751 + phonon energy 0.118410 | electron momentum kIdx = 0
	Nq(0) = 12.25,	Nq(1) = 0.245241,	Nq(2) = 0.294989,	Nq(3) = 0.245241,	Nq(4) = 0.245241,	Nq(5) = 0.352301,	Nq(6) = 0.403412,	Nq(7) = 0.352301,	Nq(8) = 0.294989,	Nq(9) = 0.403412,	Nq(10) = 0.451908,	Nq(11) = 0.403412,	Nq(12) = 0.245241,	Nq(13) = 0.352301,	Nq(14) = 0.403412,	Nq(15) = 0.352301,	Sq(0) = 5.47727e-18,	Sq(1) = 0.449649,	Sq(2) = 0.660338,	Sq(3) = 0.449649,	Sq(4) = 0.449649,	Sq(5) = 0.579943,	Sq(6) = 0.811613,	Sq(7) = 0.579943,	Sq(8) = 0.660338,	Sq(9) = 0.811613,	Sq(10) = 2.01881,	Sq(11) = 0.811613,	Sq(12) = 0.449649,	Sq(13) = 0.579943,	Sq(14) = 0.811613,	Sq(15) = 0.579943,	N(0) = 1.94433,	N(1) = 1.8974,	N(2) = 0.0749989,	N(3) = 1.8974,	N(4) = 1.8974,	N(5) = 0.997448,	N(6) = 0.0727098,	N(7) = 0.997448,	N(8) = 0.0749989,	N(9) = 0.0727098,	N(10) = 0.0354533,	N(11) = 0.0727098,	N(12) = 1.8974,	N(13) = 0.997448,	N(14) = 0.0727098,	N(15) = 0.997448,	Delta[s](0) = 0.142957,	Delta[s](1) = 0.122373,	Delta[s](2) = 0.0963817,	Delta[s](3) = 0.122373,	Delta[s](4) = 0.122373,	Delta[s](5) = 0.107454,	Delta[s](6) = 0.0839467,	Delta[s](7) = 0.107454,	Delta[s](8) = 0.0963817,	Delta[s](9) = 0.0839467,	Delta[s](10) = 0.0570369,	Delta[s](11) = 0.0839467,	Delta[s](12) = 0.122373,	Delta[s](13) = 0.107454,	Delta[s](14) = 0.0839467,	Delta[s](15) = 0.107454,	Delta[d](0) = 0.245209,	Delta[d](1) = 0.175106,	Delta[d](2) = 0.189629,	Delta[d](3) = 0.175106,	Delta[d](4) = 0.175106,	Delta[d](5) = 0.175174,	Delta[d](6) = 0.12941,	Delta[d](7) = 0.175174,	Delta[d](8) = 0.189629,	Delta[d](9) = 0.12941,	Delta[d](10) = 0.0533162,	Delta[d](11) = 0.12941,	Delta[d](12) = 0.175106,	Delta[d](13) = 0.175174,	Delta[d](14) = 0.12941,	Delta[d](15) = 0.175174,	Delta[s+](0) = 0.571638,	Delta[s+](1) = 0.42815,	Delta[s+](2) = 0.189629,	Delta[s+](3) = 0.42815,	Delta[s+](4) = 0.42815,	Delta[s+](5) = 0.299261,	Delta[s+](6) = 0.122528,	Delta[s+](7) = 0.299261,	Delta[s+](8) = 0.189629,	Delta[s+](9) = 0.122528,	Delta[s+](10) = 0.0398107,	Delta[s+](11) = 0.122528,	Delta[s+](12) = 0.42815,	Delta[s+](13) = 0.299261,	Delta[s+](14) = 0.122528,	Delta[s+](15) = 0.299261
The 8-th iteration is completed.	|| time cost : 0h 3m 58.03s
********************************************************************************************************************
********************************************************************************************************************
Ground state is obtained after 9 iterations. The current ground-state energy is -62.2413, in which electron energy is -62.3598 and phonon energy is 0.11841
final variational state is: 
	Gamma_x = [      1,1.03732,1.05707,1.03732,1.03732,1.06338, 1.0809,1.06338,1.05707, 1.0809,1.09582, 1.0809,1.03732,1.06338, 1.0809,1.06338]
	lambda_q = [0.661283,0.516807,0.454115,0.516807,0.516807,0.479292,0.443999,0.479292,0.454115,0.443999,0.419978,0.443999,0.516807,0.479292,0.443999,0.479292]
The effective e-e interactions mediated by phonons are: [3.49989,3.33257,3.15607,3.33257,3.33257,3.23451,3.12169,3.23451,3.15607,3.12169,3.03351,3.12169,3.33257,3.23451,3.12169,3.23451]
The real-space interactions mediated by phonons are: [  -51.6006, -0.706012,0.00918341, -0.143042, -0.888138, -0.371294,0.00918341, -0.154961,   0.09249, -0.154961,0.00918341, -0.371294, -0.888138, -0.143042,0.00918341, -0.706012]
********************************************************************************************************************
o___o  ----------------------------------------
| L |	Time since last clock: 0h 0m 0s
A===A	Time since the beginning: 0h 27m 59.029s
***********************************************

********************************************************************************************************************
Start warm-up calculation for scaling factor 4
open output files: NGSEDWarmUpW4Obs.txt
********************************************************************************************************************
Start the 0 rounds of NGS-ED iteration
	effective electronic model is modified as: kinetic energy t = 0.819475
	                                           effective interaction Vq = [-3.19933,-2.79901,-2.57335,-2.79901,-2.79901,-2.66775,-2.53399,-2.66775,-2.57335,-2.53399,-2.43725,-2.53399,-2.79901,-2.66775,-2.53399,-2.66775]
	PARPACK diagonalization completed after 45 matrix-vector product operations.
	iteration results: : total energy is -55.968564 | electron energy -56.027805 + phonon energy 0.059241 | electron momentum kIdx = 0
	Nq(0) = 12.25,	Nq(1) = 0.207437,	Nq(2) = 0.255103,	Nq(3) = 0.207437,	Nq(4) = 0.207437,	Nq(5) = 0.294675,	Nq(6) = 0.33748,	Nq(7) = 0.294675,	Nq(8) = 0.255103,	Nq(9) = 0.33748,	Nq(10) = 0.385993,	Nq(11) = 0.33748,	Nq(12) = 0.207437,	Nq(13) = 0.294675,	Nq(14) = 0.33748,	Nq(15) = 0.294675,	Sq(0) = 1.88859e-20,	Sq(1) = 0.465117,	Sq(2) = 0.696793,	Sq(3) = 0.465117,	Sq(4) = 0.465117,	Sq(5) = 0.598163,	Sq(6) = 0.891408,	Sq(7) = 0.598163,	Sq(8) = 0.696793,	Sq(9) = 0.891408,	Sq(10) = 2.2831,	Sq(11) = 0.891408,	Sq(12) = 0.465117,	Sq(13) = 0.598163,	Sq(14) = 0.891408,	Sq(15) = 0.598163,	N(0) = 1.89434,	N(1) = 1.80816,	N(2) = 0.141413,	N(3) = 1.80816,	N(4) = 1.80816,	N(5) = 0.997388,	N(6) = 0.132794,	N(7) = 0.997388,	N(8) = 0.141413,	N(9) = 0.132794,	N(10) = 0.0694518,	N(11) = 0.132794,	N(12) = 1.80816,	N(13) = 0.997388,	N(14) = 0.132794,	N(15) = 0.997388,	Delta[s](0) = 0.109324,	Delta[s](1) = 0.093477,	Delta[s](2) = 0.0742918,	Delta[s](3) = 0.093477,	Delta[s](4) = 0.093477,	Delta[s](5) = 0.0813529,	Delta[s](6) = 0.0627628,	Delta[s](7) = 0.0813529,	Delta[s](8) = 0.0742918,	Delta[s](9) = 0.0627628,	Delta[s](10) = 0.044005,	Delta[s](11) = 0.0627628,	Delta[s](12) = 0.093477,	Delta[s](13) = 0.0813529,	Delta[s](14) = 0.0627628,	Delta[s](15) = 0.0813529,	Delta[d](0) = 0.270303,	Delta[d](1) = 0.20249,	Delta[d](2) = 0.215207,	Delta[d](3) = 0.20249,	Delta[d](4) = 0.20249,	Delta[d](5) = 0.19657,	Delta[d](6) = 0.148826,	Delta[d](7) = 0.19657,	Delta[d](8) = 0.215207,	Delta[d](9) = 0.148826,	Delta[d](10) = 0.0653636,	Delta[d](11) = 0.148826,	Delta[d](12) = 0.20249,	Delta[d](13) = 0.19657,	Delta[d](14) = 0.148826,	Delta[d](15) = 0.19657,	Delta[s+](0) = 0.610674,	Delta[s+](1) = 0.456952,	Delta[s+](2) = 0.215207,	Delta[s+](3) = 0.456952,	Delta[s+](4) = 0.456952,	Delta[s+](5) = 0.322242,	Delta[s+](6) = 0.141514,	Delta[s+](7) = 0.322242,	Delta[s+](8) = 0.215207,	Delta[s+](9) = 0.141514,	Delta[s+](10) = 0.0499065,	Delta[s+](11) = 0.141514,	Delta[s+](12) = 0.456952,	Delta[s+](13) = 0.322242,	Delta[s+](14) = 0.141514,	Delta[s+](15) = 0.322242
The 0-th iteration is completed.	|| time cost : 0h 4m 1.34s
********************************************************************************************************************
Start the 1 rounds of NGS-ED iteration
	effective electronic model is modified as: kinetic energy t = 0.815367
	                                           effective interaction Vq = [-3.36484,-2.90205,-2.62145,-2.90205,-2.90205,-2.73129,-2.55643,-2.73129,-2.62145,-2.55643,-2.44234,-2.55643,-2.90205,-2.73129,-2.55643,-2.73129]
	PARPACK diagonalization completed after 45 matrix-vector product operations.
	iteration results: : total energy is -58.059240 | electron energy -58.188865 + phonon energy 0.129625 | electron momentum kIdx = 0
The 1-th iteration is completed.	|| time cost : 0h 0m 24.62s
********************************************************************************************************************
Start the 2 rounds of NGS-ED iteration
	effective electronic model is modified as: kinetic energy t = 0.810613
	                                           effective interaction Vq = [-3.43921,-2.96278,-2.65657,-2.96278,-2.96278,-2.77507,-2.58245,-2.77507,-2.65657,-2.58245,-2.46253,-2.58245,-2.96278,-2.77507,-2.58245,-2.77507]
	PARPACK diagonalization completed after 45 matrix-vector product operations.
	iteration results: : total energy is -58.991934 | electron energy -59.166606 + phonon energy 0.174672 | electron momentum kIdx = 0
The 2-th iteration is completed.	|| time cost : 0h 0m 24.629s
********************************************************************************************************************
Start the 3 rounds of NGS-ED iteration
	effective electronic model is modified as: kinetic energy t = 0.806857
	                                           effective interaction Vq = [-3.47263,-2.99935,-2.68032,-2.99935,-2.99935,-2.80403,-2.60298,-2.80403,-2.68032,-2.60298,-2.48065,-2.60298,-2.99935,-2.80403,-2.60298,-2.80403]
	PARPACK diagonalization completed after 45 matrix-vector product operations.
	iteration results: : total energy is -59.409623 | electron energy -59.611491 + phonon energy 0.201868 | electron momentum kIdx = 0
The 3-th iteration is completed.	|| time cost : 0h 0m 24.566s
********************************************************************************************************************
Start the 4 rounds of NGS-ED iteration
	effective electronic model is modified as: kinetic energy t = 0.80421
	                                           effective interaction Vq = [-3.48764, -3.0217,-2.69584, -3.0217, -3.0217,-2.82282,-2.61743,-2.82282,-2.69584,-2.61743,-2.49385,-2.61743, -3.0217,-2.82282,-2.61743,-2.82282]
	PARPACK diagonalization completed after 30 matrix-vector product operations.
	iteration results: : total energy is -59.596881 | electron energy -59.815344 + phonon energy 0.218463 | electron momentum kIdx = 0
The 4-th iteration is completed.	|| time cost : 0h 0m 21.834s
********************************************************************************************************************
Start the 5 rounds of NGS-ED iteration
	effective electronic model is modified as: kinetic energy t = 0.802434
	                                           effective interaction Vq = [-3.49439,-3.03549,-2.70583,-3.03549,-3.03549,-2.83492,-2.62714,-2.83492,-2.70583,-2.62714,-2.50282,-2.62714,-3.03549,-2.83492,-2.62714,-2.83492]
	PARPACK diagonalization completed after 45 matrix-vector product operations.
	iteration results: : total energy is -59.680868 | electron energy -59.909636 + phonon energy 0.228768 | electron momentum kIdx = 0
The 5-th iteration is completed.	|| time cost : 0h 0m 24.544s
********************************************************************************************************************
Start the 6 rounds of NGS-ED iteration
	effective electronic model is modified as: kinetic energy t = 0.801271
	                                           effective interaction Vq = [-3.49742,-3.04405,-2.71219,-3.04405,-3.04405,-2.84268,-2.63354,-2.84268,-2.71219,-2.63354,-2.50874,-2.63354,-3.04405,-2.84268,-2.63354,-2.84268]
	PARPACK diagonalization completed after 30 matrix-vector product operations.
	iteration results: : total energy is -59.718544 | electron energy -59.953795 + phonon energy 0.235251 | electron momentum kIdx = 0
The 6-th iteration is completed.	|| time cost : 0h 0m 21.662s
********************************************************************************************************************
Start the 7 rounds of NGS-ED iteration
	effective electronic model is modified as: kinetic energy t = 0.800518
	                                           effective interaction Vq = [-3.49878,-3.04939,-2.71623,-3.04939,-3.04939,-2.84764,-2.63772,-2.84764,-2.71623,-2.63772, -2.5126,-2.63772,-3.04939,-2.84764,-2.63772,-2.84764]
	PARPACK diagonalization completed after 30 matrix-vector product operations.
	iteration results: : total energy is -59.735449 | electron energy -59.974809 + phonon energy 0.239360 | electron momentum kIdx = 0
The 7-th iteration is completed.	|| time cost : 0h 0m 21.669s
********************************************************************************************************************
Start the 8 rounds of NGS-ED iteration
	effective electronic model is modified as: kinetic energy t = 0.800035
	                                           effective interaction Vq = [-3.49939,-3.05272,-2.71879,-3.05272,-3.05272,-2.85081,-2.64042,-2.85081,-2.71879,-2.64042,-2.51509,-2.64042,-3.05272,-2.85081,-2.64042,-2.85081]
	PARPACK diagonalization completed after 30 matrix-vector product operations.
	iteration results: : total energy is -59.743035 | electron energy -59.985011 + phonon energy 0.241976 | electron momentum kIdx = 0
The 8-th iteration is completed.	|| time cost : 0h 0m 21.697s
********************************************************************************************************************
Start the 9 rounds of NGS-ED iteration
	effective electronic model is modified as: kinetic energy t = 0.799725
	                                           effective interaction Vq = [-3.49967,-3.05481,-2.72041,-3.05481,-3.05481,-2.85283,-2.64217,-2.85283,-2.72041,-2.64217, -2.5167,-2.64217,-3.05481,-2.85283,-2.64217,-2.85283]
	PARPACK diagonalization completed after 30 matrix-vector product operations.
	iteration results: : total energy is -59.746440 | electron energy -59.990085 + phonon energy 0.243645 | electron momentum kIdx = 0
The 9-th iteration is completed.	|| time cost : 0h 0m 21.738s
********************************************************************************************************************
Start the 10 rounds of NGS-ED iteration
	effective electronic model is modified as: kinetic energy t = 0.799527
	                                           effective interaction Vq = [-3.49979,-3.05612,-2.72144,-3.05612,-3.05612,-2.85413,-2.64331,-2.85413,-2.72144,-2.64331,-2.51774,-2.64331,-3.05612,-2.85413,-2.64331,-2.85413]
	PARPACK diagonalization completed after 30 matrix-vector product operations.
	iteration results: : total energy is -59.747968 | electron energy -59.992679 + phonon energy 0.244711 | electron momentum kIdx = 0
The 10-th iteration is completed.	|| time cost : 0h 0m 21.711s
********************************************************************************************************************
Start the 11 rounds of NGS-ED iteration
	effective electronic model is modified as: kinetic energy t = 0.7994
	                                           effective interaction Vq = [-3.49985,-3.05695,-2.72209,-3.05695,-3.05695,-2.85495,-2.64403,-2.85495,-2.72209,-2.64403,-2.51841,-2.64403,-3.05695,-2.85495,-2.64403,-2.85495]
	PARPACK diagonalization completed after 30 matrix-vector product operations.
	iteration results: : total energy is -59.748654 | electron energy -59.994046 + phonon energy 0.245392 | electron momentum kIdx = 0
The 11-th iteration is completed.	|| time cost : 0h 0m 21.708s
********************************************************************************************************************
Start the 12 rounds of NGS-ED iteration
	effective electronic model is modified as: kinetic energy t = 0.79932
	                                           effective interaction Vq = [-3.49987,-3.05746, -2.7225,-3.05746,-3.05746,-2.85548, -2.6445,-2.85548, -2.7225, -2.6445,-2.51884, -2.6445,-3.05746,-2.85548, -2.6445,-2.85548]
	PARPACK diagonalization completed after 30 matrix-vector product operations.
	iteration results: : total energy is -59.748962 | electron energy -59.994790 + phonon energy 0.245827 | electron momentum kIdx = 0
The 12-th iteration is completed.	|| time cost : 0h 0m 21.681s
********************************************************************************************************************
Start the 13 rounds of NGS-ED iteration
	effective electronic model is modified as: kinetic energy t = 0.799268
	                                           effective interaction Vq = [-3.49988,-3.05779,-2.72276,-3.05779,-3.05779,-2.85582,-2.64481,-2.85582,-2.72276,-2.64481,-2.51911,-2.64481,-3.05779,-2.85582,-2.64481,-2.85582]
	PARPACK diagonalization completed after 30 matrix-vector product operations.
	iteration results: : total energy is -59.749101 | electron energy -59.995206 + phonon energy 0.246105 | electron momentum kIdx = 0
