TACC:  Starting up job 1744368 
TACC:  Starting parallel tasks... 
SNEDics v3.4 Non-Gaussian ED ground state program		Start at Sun Oct 11 00:48:39 2020

parallized on 16 MPI threads  * 7 OpenMP threads = 112 total threads.
********************************************************************************************************************
********************************************************************************************************************

********************************************************************************************************************
System parameters and configurations
********************************************************************************************************************
Special program options are enabled: splitted diagonal Hamiltonian
********************************************************************************************************************
Read input file "model_params.in"
	Hubbard-Holstein model parameters : 	t = 1    U = 8    g = 0.08    W = 0.2    g' = 0.1    
********************************************************************************************************************
Read input file "hilbertspace_params.in"
	Requested 16-site 2D lattice, with 14 electrons (7, 7)
	Boundary : Periodic		Hilbert space representation : momentum-space (restricted to kIdx = 0)
	Conservation: particle number[U(1)]      spin[U(1)]     momentum
********************************************************************************************************************

Cluster Positions:				Cluster symmetry group : D4
 x ... x ... x ... x .....                       x ... x ... x ... x .....
 |           |           :                       |           |           :
 |           |           :                       |           |           :
12    13    14    15     x                       1     5     6     5     x
 |           |           :                       |           |           :
 |           |           :                       |           |           :
 8 --- 9 ---10 ---11 --- x                       2 --- 6 ---10 --- 6 --- x
 |           |           :                       |           |           :
 |           |           :                       |           |           :
 4     5     6     7     x                       1     5     6     5     x
 |           |           :                       |           |           :
 |           |           :                       |           |           :
 0 --- 1 --- 2 --- 3 --- x                       0 --- 1 --- 2 --- 1 --- x
orbital number : 1
********************************************************************************************************************
Read input file "obs_params.in"
	Observable Type : Nq(All),   Sq(All),   N(All),   Delta[s](All),   Delta[d](All),   Delta[s+](All)
********************************************************************************************************************
** WARNING ** the input observables have non-local factors which have been reinterpreted. The total observable number is 96
********************************************************************************************************************


********************************************************************************************************************
Start calculating the non-Gaussian ED ground state
** WARNING ** Detected low phonon energy W < 10. The initial state will be prepared through a warm-up process.
********************************************************************************************************************
Start warm-up calculation for scaling factor 64
open output files: NGSEDWarmUpW12.8Obs.txt
********************************************************************************************************************
Start the 0 rounds of NGS-ED iteration
	effective electronic model is modified as: kinetic energy t = 1
	                                           effective interaction Vq = [0,0,0,0,0,0,0,0,0,0,0,0,0,0,0,0]
	first Hamiltonian is constructed, non-zero numbers = 2178478298
	PARPACK diagonalization completed after 165 matrix-vector product operations.
	iteration results: : total energy is -11.868836 | electron energy -11.868836 + phonon energy 0.000000 | electron momentum kIdx = 0
	Nq(0) = 12.25,	Nq(1) = 0.154193,	Nq(2) = 0.185311,	Nq(3) = 0.154193,	Nq(4) = 0.154193,	Nq(5) = 0.203281,	Nq(6) = 0.235634,	Nq(7) = 0.203281,	Nq(8) = 0.185311,	Nq(9) = 0.235634,	Nq(10) = 0.275446,	Nq(11) = 0.235634,	Nq(12) = 0.154193,	Nq(13) = 0.203281,	Nq(14) = 0.235634,	Nq(15) = 0.203281,	Sq(0) = 1.11096e-18,	Sq(1) = 0.474292,	Sq(2) = 0.766364,	Sq(3) = 0.474292,	Sq(4) = 0.474292,	Sq(5) = 0.630724,	Sq(6) = 1.05279,	Sq(7) = 0.630724,	Sq(8) = 0.766364,	Sq(9) = 1.05279,	Sq(10) = 2.56755,	Sq(11) = 1.05279,	Sq(12) = 0.474292,	Sq(13) = 0.630724,	Sq(14) = 1.05279,	Sq(15) = 0.630724,	N(0) = 1.75464,	N(1) = 1.59086,	N(2) = 0.323321,	N(3) = 1.59086,	N(4) = 1.59086,	N(5) = 0.999881,	N(6) = 0.267546,	N(7) = 0.999881,	N(8) = 0.323321,	N(9) = 0.267546,	N(10) = 0.165565,	N(11) = 0.267546,	N(12) = 1.59086,	N(13) = 0.999881,	N(14) = 0.267546,	N(15) = 0.999881,	Delta[s](0) = 0.0787694,	Delta[s](1) = 0.058983,	Delta[s](2) = 0.0354518,	Delta[s](3) = 0.058983,	Delta[s](4) = 0.058983,	Delta[s](5) = 0.0422644,	Delta[s](6) = 0.0197402,	Delta[s](7) = 0.0422644,	Delta[s](8) = 0.0354518,	Delta[s](9) = 0.0197402,	Delta[s](10) = 0.000626482,	Delta[s](11) = 0.0197402,	Delta[s](12) = 0.058983,	Delta[s](13) = 0.0422644,	Delta[s](14) = 0.0197402,	Delta[s](15) = 0.0422644,	Delta[d](0) = 0.279246,	Delta[d](1) = 0.192779,	Delta[d](2) = 0.202411,	Delta[d](3) = 0.192779,	Delta[d](4) = 0.192779,	Delta[d](5) = 0.179156,	Delta[d](6) = 0.134487,	Delta[d](7) = 0.179156,	Delta[d](8) = 0.202411,	Delta[d](9) = 0.134487,	Delta[d](10) = 0.0543162,	Delta[d](11) = 0.134487,	Delta[d](12) = 0.192779,	Delta[d](13) = 0.179156,	Delta[d](14) = 0.134487,	Delta[d](15) = 0.179156,	Delta[s+](0) = 0.566957,	Delta[s+](1) = 0.422219,	Delta[s+](2) = 0.202411,	Delta[s+](3) = 0.422219,	Delta[s+](4) = 0.422219,	Delta[s+](5) = 0.295183,	Delta[s+](6) = 0.127974,	Delta[s+](7) = 0.295183,	Delta[s+](8) = 0.202411,	Delta[s+](9) = 0.127974,	Delta[s+](10) = 0.0389445,	Delta[s+](11) = 0.127974,	Delta[s+](12) = 0.422219,	Delta[s+](13) = 0.295183,	Delta[s+](14) = 0.127974,	Delta[s+](15) = 0.295183
The 0-th iteration is completed.	|| time cost : 0h 6m 29.45s
********************************************************************************************************************
Start the 1 rounds of NGS-ED iteration
	effective electronic model is modified as: kinetic energy t = 0.995998
	                                           effective interaction Vq = [  -1.06294, -0.339286,-0.0264401, -0.339286, -0.339286,-0.0267178,-0.0582287,-0.0267178,-0.0264401,-0.0582287, -0.406024,-0.0582287, -0.339286,-0.0267178,-0.0582287,-0.0267178]
	PARPACK diagonalization completed after 60 matrix-vector product operations.
	iteration results: : total energy is -25.235307 | electron energy -25.235336 + phonon energy 0.000028 | electron momentum kIdx = 0
The 1-th iteration is completed.	|| time cost : 0h 5m 17.088s
********************************************************************************************************************
Start the 2 rounds of NGS-ED iteration
	effective electronic model is modified as: kinetic energy t = 0.994561
	                                           effective interaction Vq = [  -1.14512, -0.369634,-0.0286112, -0.369634, -0.369634,-0.0289532,-0.0628334,-0.0289532,-0.0286112,-0.0628334, -0.438865,-0.0628334, -0.369634,-0.0289532,-0.0628334,-0.0289532]
	PARPACK diagonalization completed after 60 matrix-vector product operations.
	iteration results: : total energy is -26.253014 | electron energy -26.253112 + phonon energy 0.000099 | electron momentum kIdx = 0
The 2-th iteration is completed.	|| time cost : 0h 0m 27.138s
********************************************************************************************************************
Start the 3 rounds of NGS-ED iteration
	effective electronic model is modified as: kinetic energy t = 0.994292
	                                           effective interaction Vq = [  -1.15147, -0.374199,-0.0289039, -0.374199, -0.374199,-0.0292631,-0.0634164,-0.0292631,-0.0289039,-0.0634164, -0.443009,-0.0634164, -0.374199,-0.0292631,-0.0634164,-0.0292631]
	PARPACK diagonalization completed after 45 matrix-vector product operations.
	iteration results: : total energy is -26.331215 | electron energy -26.331339 + phonon energy 0.000123 | electron momentum kIdx = 0
The 3-th iteration is completed.	|| time cost : 0h 0m 24.331s
********************************************************************************************************************
Start the 4 rounds of NGS-ED iteration
	effective electronic model is modified as: kinetic energy t = 0.994244
	                                           effective interaction Vq = [  -1.15196, -0.375055,-0.0289487, -0.375055, -0.375055,-0.0293126,-0.0634983,-0.0293126,-0.0289487,-0.0634983, -0.443585,-0.0634983, -0.375055,-0.0293126,-0.0634983,-0.0293126]
	PARPACK diagonalization completed after 45 matrix-vector product operations.
	iteration results: : total energy is -26.337245 | electron energy -26.337373 + phonon energy 0.000129 | electron momentum kIdx = 0
The 4-th iteration is completed.	|| time cost : 0h 0m 24.406s
********************************************************************************************************************
Start the 5 rounds of NGS-ED iteration
	effective electronic model is modified as: kinetic energy t = 0.994235
	                                           effective interaction Vq = [    -1.152, -0.375225,-0.0289558, -0.375225, -0.375225,-0.0293208,  -0.06351,-0.0293208,-0.0289558,  -0.06351, -0.443667,  -0.06351, -0.375225,-0.0293208,  -0.06351,-0.0293208]
	PARPACK diagonalization completed after 30 matrix-vector product operations.
	iteration results: : total energy is -26.337710 | electron energy -26.337840 + phonon energy 0.000129 | electron momentum kIdx = 0
The 5-th iteration is completed.	|| time cost : 0h 0m 21.528s
********************************************************************************************************************
Start the 6 rounds of NGS-ED iteration
	effective electronic model is modified as: kinetic energy t = 0.994234
	                                           effective interaction Vq = [    -1.152, -0.375259,-0.0289569, -0.375259, -0.375259,-0.0293221,-0.0635117,-0.0293221,-0.0289569,-0.0635117, -0.443678,-0.0635117, -0.375259,-0.0293221,-0.0635117,-0.0293221]
	PARPACK diagonalization completed after 30 matrix-vector product operations.
	iteration results: : total energy is -26.337746 | electron energy -26.337876 + phonon energy 0.000130 | electron momentum kIdx = 0
	Nq(0) = 12.25,	Nq(1) = 0.159665,	Nq(2) = 0.186768,	Nq(3) = 0.159665,	Nq(4) = 0.159665,	Nq(5) = 0.204597,	Nq(6) = 0.238788,	Nq(7) = 0.204597,	Nq(8) = 0.186768,	Nq(9) = 0.238788,	Nq(10) = 0.287895,	Nq(11) = 0.238788,	Nq(12) = 0.159665,	Nq(13) = 0.204597,	Nq(14) = 0.238788,	Nq(15) = 0.204597,	Sq(0) = -4.39998e-19,	Sq(1) = 0.470872,	Sq(2) = 0.76187,	Sq(3) = 0.470872,	Sq(4) = 0.470872,	Sq(5) = 0.627396,	Sq(6) = 1.05141,	Sq(7) = 0.627396,	Sq(8) = 0.76187,	Sq(9) = 1.05141,	Sq(10) = 2.55392,	Sq(11) = 1.05141,	Sq(12) = 0.470872,	Sq(13) = 0.627396,	Sq(14) = 1.05141,	Sq(15) = 0.627396,	N(0) = 1.76239,	N(1) = 1.60312,	N(2) = 0.317503,	N(3) = 1.60312,	N(4) = 1.60312,	N(5) = 0.998059,	N(6) = 0.259177,	N(7) = 0.998059,	N(8) = 0.317503,	N(9) = 0.259177,	N(10) = 0.161166,	N(11) = 0.259177,	N(12) = 1.60312,	N(13) = 0.998059,	N(14) = 0.259177,	N(15) = 0.998059,	Delta[s](0) = 0.0816986,	Delta[s](1) = 0.0613231,	Delta[s](2) = 0.0370375,	Delta[s](3) = 0.0613231,	Delta[s](4) = 0.0613231,	Delta[s](5) = 0.0441294,	Delta[s](6) = 0.020817,	Delta[s](7) = 0.0441294,	Delta[s](8) = 0.0370375,	Delta[s](9) = 0.020817,	Delta[s](10) = 0.000963904,	Delta[s](11) = 0.020817,	Delta[s](12) = 0.0613231,	Delta[s](13) = 0.0441294,	Delta[s](14) = 0.020817,	Delta[s](15) = 0.0441294,	Delta[d](0) = 0.289336,	Delta[d](1) = 0.194876,	Delta[d](2) = 0.204253,	Delta[d](3) = 0.194876,	Delta[d](4) = 0.194876,	Delta[d](5) = 0.181054,	Delta[d](6) = 0.135017,	Delta[d](7) = 0.181054,	Delta[d](8) = 0.204253,	Delta[d](9) = 0.135017,	Delta[d](10) = 0.0549035,	Delta[d](11) = 0.135017,	Delta[d](12) = 0.194876,	Delta[d](13) = 0.181054,	Delta[d](14) = 0.135017,	Delta[d](15) = 0.181054,	Delta[s+](0) = 0.57459,	Delta[s+](1) = 0.427907,	Delta[s+](2) = 0.204253,	Delta[s+](3) = 0.427907,	Delta[s+](4) = 0.427907,	Delta[s+](5) = 0.298562,	Delta[s+](6) = 0.128698,	Delta[s+](7) = 0.298562,	Delta[s+](8) = 0.204253,	Delta[s+](9) = 0.128698,	Delta[s+](10) = 0.0387996,	Delta[s+](11) = 0.128698,	Delta[s+](12) = 0.427907,	Delta[s+](13) = 0.298562,	Delta[s+](14) = 0.128698,	Delta[s+](15) = 0.298562
The 6-th iteration is completed.	|| time cost : 0h 4m 0.58s
********************************************************************************************************************
********************************************************************************************************************
Ground state is obtained after 7 iterations. The current ground-state energy is -26.3377, in which electron energy is -26.3379 and phonon energy is 0.00012962
final variational state is: 
	Gamma_x = [      1, 1.0016, 1.0002, 1.0016, 1.0016,1.00021,1.00061,1.00021, 1.0002,1.00061,1.00535,1.00061, 1.0016,1.00021,1.00061,1.00021]
	lambda_q = [  0.299961,  0.138842, 0.0345815,  0.138842,  0.138842, 0.0355365,-0.0492487, 0.0355365, 0.0345815,-0.0492487, -0.126942,-0.0492487,  0.138842, 0.0355365,-0.0492487, 0.0355365]
The effective e-e interactions mediated by phonons are: [    1.152, 0.375266, 0.028957, 0.375266, 0.375266,0.0293223, 0.063512,0.0293223, 0.028957, 0.063512,  0.44368, 0.063512, 0.375266,0.0293223, 0.063512,0.0293223]
The real-space interactions mediated by phonons are: [ -3.52599, -1.23712,-0.430426, -1.24758, -1.33183, -1.58502,-0.430426,-0.422464,  -1.5363,-0.422464,-0.430426, -1.58502, -1.33183, -1.24758,-0.430426, -1.23712]
********************************************************************************************************************
o___o  ----------------------------------------
| L |	Time since last clock: 0h 0m 0s
A===A	Time since the beginning: 0h 17m 24.525s
***********************************************

********************************************************************************************************************
Start warm-up calculation for scaling factor 32
open output files: NGSEDWarmUpW6.4Obs.txt
********************************************************************************************************************
Start the 0 rounds of NGS-ED iteration
	effective electronic model is modified as: kinetic energy t = 0.994233
	                                           effective interaction Vq = [  -1.05311, -0.316456, -0.023646, -0.316456, -0.316456,-0.0240818,-0.0513395,-0.0240818, -0.023646,-0.0513395, -0.356447,-0.0513395, -0.316456,-0.0240818,-0.0513395,-0.0240818]
	PARPACK diagonalization completed after 60 matrix-vector product operations.
	iteration results: : total energy is -25.046134 | electron energy -25.046199 + phonon energy 0.000065 | electron momentum kIdx = 0
	Nq(0) = 12.25,	Nq(1) = 0.158692,	Nq(2) = 0.186348,	Nq(3) = 0.158692,	Nq(4) = 0.158692,	Nq(5) = 0.204168,	Nq(6) = 0.237993,	Nq(7) = 0.204168,	Nq(8) = 0.186348,	Nq(9) = 0.237993,	Nq(10) = 0.285143,	Nq(11) = 0.237993,	Nq(12) = 0.158692,	Nq(13) = 0.204168,	Nq(14) = 0.237993,	Nq(15) = 0.204168,	Sq(0) = 6.9669e-19,	Sq(1) = 0.471344,	Sq(2) = 0.762816,	Sq(3) = 0.471344,	Sq(4) = 0.471344,	Sq(5) = 0.628059,	Sq(6) = 1.05221,	Sq(7) = 0.628059,	Sq(8) = 0.762816,	Sq(9) = 1.05221,	Sq(10) = 2.55666,	Sq(11) = 1.05221,	Sq(12) = 0.471344,	Sq(13) = 0.628059,	Sq(14) = 1.05221,	Sq(15) = 0.628059,	N(0) = 1.76066,	N(1) = 1.60044,	N(2) = 0.31899,	N(3) = 1.60044,	N(4) = 1.60044,	N(5) = 0.998361,	N(6) = 0.260972,	N(7) = 0.998361,	N(8) = 0.31899,	N(9) = 0.260972,	N(10) = 0.162257,	N(11) = 0.260972,	N(12) = 1.60044,	N(13) = 0.998361,	N(14) = 0.260972,	N(15) = 0.998361,	Delta[s](0) = 0.0808646,	Delta[s](1) = 0.0607133,	Delta[s](2) = 0.0367041,	Delta[s](3) = 0.0607133,	Delta[s](4) = 0.0607133,	Delta[s](5) = 0.0436926,	Delta[s](6) = 0.0206658,	Delta[s](7) = 0.0436926,	Delta[s](8) = 0.0367041,	Delta[s](9) = 0.0206658,	Delta[s](10) = 0.00106755,	Delta[s](11) = 0.0206658,	Delta[s](12) = 0.0607133,	Delta[s](13) = 0.0436926,	Delta[s](14) = 0.0206658,	Delta[s](15) = 0.0436926,	Delta[d](0) = 0.291519,	Delta[d](1) = 0.197576,	Delta[d](2) = 0.206895,	Delta[d](3) = 0.197576,	Delta[d](4) = 0.197576,	Delta[d](5) = 0.183441,	Delta[d](6) = 0.137017,	Delta[d](7) = 0.183441,	Delta[d](8) = 0.206895,	Delta[d](9) = 0.137017,	Delta[d](10) = 0.0557462,	Delta[d](11) = 0.137017,	Delta[d](12) = 0.197576,	Delta[d](13) = 0.183441,	Delta[d](14) = 0.137017,	Delta[d](15) = 0.183441,	Delta[s+](0) = 0.58091,	Delta[s+](1) = 0.432648,	Delta[s+](2) = 0.206895,	Delta[s+](3) = 0.432648,	Delta[s+](4) = 0.432648,	Delta[s+](5) = 0.302045,	Delta[s+](6) = 0.130516,	Delta[s+](7) = 0.302045,	Delta[s+](8) = 0.206895,	Delta[s+](9) = 0.130516,	Delta[s+](10) = 0.0395399,	Delta[s+](11) = 0.130516,	Delta[s+](12) = 0.432648,	Delta[s+](13) = 0.302045,	Delta[s+](14) = 0.130516,	Delta[s+](15) = 0.302045
The 0-th iteration is completed.	|| time cost : 0h 4m 4.43s
********************************************************************************************************************
Start the 1 rounds of NGS-ED iteration
	effective electronic model is modified as: kinetic energy t = 0.993474
	                                           effective interaction Vq = [  -1.12451, -0.335667,-0.0245355, -0.335667, -0.335667,-0.0251173,-0.0526999,-0.0251173,-0.0245355,-0.0526999, -0.362832,-0.0526999, -0.335667,-0.0251173,-0.0526999,-0.0251173]
	PARPACK diagonalization completed after 45 matrix-vector product operations.
	iteration results: : total energy is -25.924056 | electron energy -25.924269 + phonon energy 0.000213 | electron momentum kIdx = 0
The 1-th iteration is completed.	|| time cost : 0h 0m 24.384s
********************************************************************************************************************
Start the 2 rounds of NGS-ED iteration
	effective electronic model is modified as: kinetic energy t = 0.993189
	                                           effective interaction Vq = [  -1.14436, -0.342284,-0.0247923, -0.342284, -0.342284,-0.0254273,-0.0530653,-0.0254273,-0.0247923,-0.0530653, -0.364694,-0.0530653, -0.342284,-0.0254273,-0.0530653,-0.0254273]
	PARPACK diagonalization completed after 45 matrix-vector product operations.
	iteration results: : total energy is -26.167694 | electron energy -26.167984 + phonon energy 0.000290 | electron momentum kIdx = 0
The 2-th iteration is completed.	|| time cost : 0h 0m 24.349s
********************************************************************************************************************
Start the 3 rounds of NGS-ED iteration
	effective electronic model is modified as: kinetic energy t = 0.993083
	                                           effective interaction Vq = [  -1.14987, -0.344712,-0.0248685, -0.344712, -0.344712,-0.0255232,-0.0531654,-0.0255232,-0.0248685,-0.0531654, -0.365249,-0.0531654, -0.344712,-0.0255232,-0.0531654,-0.0255232]
	PARPACK diagonalization completed after 45 matrix-vector product operations.
	iteration results: : total energy is -26.235371 | electron energy -26.235694 + phonon energy 0.000323 | electron momentum kIdx = 0
The 3-th iteration is completed.	|| time cost : 0h 0m 24.357s
********************************************************************************************************************
Start the 4 rounds of NGS-ED iteration
	effective electronic model is modified as: kinetic energy t = 0.993044
	                                           effective interaction Vq = [  -1.15141, -0.345627,-0.0248913, -0.345627, -0.345627,-0.0255532,-0.0531931,-0.0255532,-0.0248913,-0.0531931, -0.365417,-0.0531931, -0.345627,-0.0255532,-0.0531931,-0.0255532]
	PARPACK diagonalization completed after 45 matrix-vector product operations.
	iteration results: : total energy is -26.254178 | electron energy -26.254514 + phonon energy 0.000335 | electron momentum kIdx = 0
The 4-th iteration is completed.	|| time cost : 0h 0m 24.316s
********************************************************************************************************************
Start the 5 rounds of NGS-ED iteration
	effective electronic model is modified as: kinetic energy t = 0.99303
	                                           effective interaction Vq = [  -1.15184, -0.345976,-0.0248982, -0.345976, -0.345976,-0.0255626,-0.0532008,-0.0255626,-0.0248982,-0.0532008, -0.365468,-0.0532008, -0.345976,-0.0255626,-0.0532008,-0.0255626]
	PARPACK diagonalization completed after 30 matrix-vector product operations.
	iteration results: : total energy is -26.259406 | electron energy -26.259746 + phonon energy 0.000340 | electron momentum kIdx = 0
The 5-th iteration is completed.	|| time cost : 0h 0m 21.559s
********************************************************************************************************************
Start the 6 rounds of NGS-ED iteration
	effective electronic model is modified as: kinetic energy t = 0.993025
	                                           effective interaction Vq = [  -1.15195,  -0.34611,-0.0249002,  -0.34611,  -0.34611,-0.0255655, -0.053203,-0.0255655,-0.0249002, -0.053203, -0.365484, -0.053203,  -0.34611,-0.0255655, -0.053203,-0.0255655]
	PARPACK diagonalization completed after 30 matrix-vector product operations.
	iteration results: : total energy is -26.260860 | electron energy -26.261202 + phonon energy 0.000342 | electron momentum kIdx = 0
The 6-th iteration is completed.	|| time cost : 0h 0m 21.545s
********************************************************************************************************************
Start the 7 rounds of NGS-ED iteration
	effective electronic model is modified as: kinetic energy t = 0.993023
	                                           effective interaction Vq = [  -1.15199, -0.346161,-0.0249008, -0.346161, -0.346161,-0.0255664,-0.0532036,-0.0255664,-0.0249008,-0.0532036, -0.365489,-0.0532036, -0.346161,-0.0255664,-0.0532036,-0.0255664]
	PARPACK diagonalization completed after 30 matrix-vector product operations.
	iteration results: : total energy is -26.261264 | electron energy -26.261606 + phonon energy 0.000343 | electron momentum kIdx = 0
The 7-th iteration is completed.	|| time cost : 0h 0m 21.544s
********************************************************************************************************************
Start the 8 rounds of NGS-ED iteration
	effective electronic model is modified as: kinetic energy t = 0.993022
	                                           effective interaction Vq = [    -1.152, -0.346181, -0.024901, -0.346181, -0.346181,-0.0255667,-0.0532037,-0.0255667, -0.024901,-0.0532037,  -0.36549,-0.0532037, -0.346181,-0.0255667,-0.0532037,-0.0255667]
	PARPACK diagonalization completed after 30 matrix-vector product operations.
	iteration results: : total energy is -26.261376 | electron energy -26.261719 + phonon energy 0.000343 | electron momentum kIdx = 0
	Nq(0) = 12.25,	Nq(1) = 0.159053,	Nq(2) = 0.186295,	Nq(3) = 0.159053,	Nq(4) = 0.159053,	Nq(5) = 0.204061,	Nq(6) = 0.237942,	Nq(7) = 0.204061,	Nq(8) = 0.186295,	Nq(9) = 0.237942,	Nq(10) = 0.285289,	Nq(11) = 0.237942,	Nq(12) = 0.159053,	Nq(13) = 0.204061,	Nq(14) = 0.237942,	Nq(15) = 0.204061,	Sq(0) = 6.09608e-18,	Sq(1) = 0.471019,	Sq(2) = 0.762695,	Sq(3) = 0.471019,	Sq(4) = 0.471019,	Sq(5) = 0.627947,	Sq(6) = 1.05262,	Sq(7) = 0.627947,	Sq(8) = 0.762695,	Sq(9) = 1.05262,	Sq(10) = 2.55618,	Sq(11) = 1.05262,	Sq(12) = 0.471019,	Sq(13) = 0.627947,	Sq(14) = 1.05262,	Sq(15) = 0.627947,	N(0) = 1.76072,	N(1) = 1.60067,	N(2) = 0.319089,	N(3) = 1.60067,	N(4) = 1.60067,	N(5) = 0.998196,	N(6) = 0.260824,	N(7) = 0.998196,	N(8) = 0.319089,	N(9) = 0.260824,	N(10) = 0.162338,	N(11) = 0.260824,	N(12) = 1.60067,	N(13) = 0.998196,	N(14) = 0.260824,	N(15) = 0.998196,	Delta[s](0) = 0.0808437,	Delta[s](1) = 0.0607184,	Delta[s](2) = 0.0367351,	Delta[s](3) = 0.0607184,	Delta[s](4) = 0.0607184,	Delta[s](5) = 0.043715,	Delta[s](6) = 0.0207155,	Delta[s](7) = 0.043715,	Delta[s](8) = 0.0367351,	Delta[s](9) = 0.0207155,	Delta[s](10) = 0.00114244,	Delta[s](11) = 0.0207155,	Delta[s](12) = 0.0607184,	Delta[s](13) = 0.043715,	Delta[s](14) = 0.0207155,	Delta[s](15) = 0.043715,	Delta[d](0) = 0.296259,	Delta[d](1) = 0.200582,	Delta[d](2) = 0.209881,	Delta[d](3) = 0.200582,	Delta[d](4) = 0.200582,	Delta[d](5) = 0.186155,	Delta[d](6) = 0.13901,	Delta[d](7) = 0.186155,	Delta[d](8) = 0.209881,	Delta[d](9) = 0.13901,	Delta[d](10) = 0.0566606,	Delta[d](11) = 0.13901,	Delta[d](12) = 0.200582,	Delta[d](13) = 0.186155,	Delta[d](14) = 0.13901,	Delta[d](15) = 0.186155,	Delta[s+](0) = 0.58905,	Delta[s+](1) = 0.438721,	Delta[s+](2) = 0.209881,	Delta[s+](3) = 0.438721,	Delta[s+](4) = 0.438721,	Delta[s+](5) = 0.306275,	Delta[s+](6) = 0.132403,	Delta[s+](7) = 0.306275,	Delta[s+](8) = 0.209881,	Delta[s+](9) = 0.132403,	Delta[s+](10) = 0.0401593,	Delta[s+](11) = 0.132403,	Delta[s+](12) = 0.438721,	Delta[s+](13) = 0.306275,	Delta[s+](14) = 0.132403,	Delta[s+](15) = 0.306275
The 8-th iteration is completed.	|| time cost : 0h 3m 58.066s
********************************************************************************************************************
********************************************************************************************************************
Ground state is obtained after 9 iterations. The current ground-state energy is -26.2614, in which electron energy is -26.2617 and phonon energy is 0.000342928
final variational state is: 
	Gamma_x = [      1,1.00439,1.00046,1.00439,1.00439, 1.0005,1.00134, 1.0005,1.00046,1.00134,1.01142,1.00134,1.00439, 1.0005,1.00134, 1.0005]
	lambda_q = [  0.423872,  0.162882, 0.0374059,  0.162882,  0.162882, 0.0390061,-0.0518728, 0.0390061, 0.0374059,-0.0518728, -0.131541,-0.0518728,  0.162882, 0.0390061,-0.0518728, 0.0390061]
The effective e-e interactions mediated by phonons are: [    1.152, 0.346188,0.0249011, 0.346188, 0.346188,0.0255668,0.0532038,0.0255668,0.0249011,0.0532038, 0.365491,0.0532038, 0.346188,0.0255668,0.0532038,0.0255668]
The real-space interactions mediated by phonons are: [ -3.26713, -1.26907,-0.484524, -1.20937, -1.37248, -1.52649,-0.484524,-0.503462, -1.46502,-0.503462,-0.484524, -1.52649, -1.37248, -1.20937,-0.484524, -1.26907]
********************************************************************************************************************
o___o  ----------------------------------------
| L |	Time since last clock: 0h 0m 0s
A===A	Time since the beginning: 0h 28m 9.08s
***********************************************

********************************************************************************************************************
Start warm-up calculation for scaling factor 16
open output files: NGSEDWarmUpW3.2Obs.txt
********************************************************************************************************************
Start the 0 rounds of NGS-ED iteration
	effective electronic model is modified as: kinetic energy t = 0.993021
	                                           effective interaction Vq = [  -1.05273, -0.279958,-0.0194624, -0.279958, -0.279958,-0.0200952,-0.0411873,-0.0200952,-0.0194624,-0.0411873, -0.281376,-0.0411873, -0.279958,-0.0200952,-0.0411873,-0.0200952]
	PARPACK diagonalization completed after 60 matrix-vector product operations.
	iteration results: : total energy is -24.961786 | electron energy -24.961957 + phonon energy 0.000172 | electron momentum kIdx = 0
	Nq(0) = 12.25,	Nq(1) = 0.157988,	Nq(2) = 0.185878,	Nq(3) = 0.157988,	Nq(4) = 0.157988,	Nq(5) = 0.203644,	Nq(6) = 0.237154,	Nq(7) = 0.203644,	Nq(8) = 0.185878,	Nq(9) = 0.237154,	Nq(10) = 0.282648,	Nq(11) = 0.237154,	Nq(12) = 0.157988,	Nq(13) = 0.203644,	Nq(14) = 0.237154,	Nq(15) = 0.203644,	Sq(0) = -7.72604e-19,	Sq(1) = 0.471584,	Sq(2) = 0.763675,	Sq(3) = 0.471584,	Sq(4) = 0.471584,	Sq(5) = 0.628639,	Sq(6) = 1.05333,	Sq(7) = 0.628639,	Sq(8) = 0.763675,	Sq(9) = 1.05333,	Sq(10) = 2.55891,	Sq(11) = 1.05333,	Sq(12) = 0.471584,	Sq(13) = 0.628639,	Sq(14) = 1.05333,	Sq(15) = 0.628639,	N(0) = 1.75894,	N(1) = 1.59791,	N(2) = 0.320613,	N(3) = 1.59791,	N(4) = 1.59791,	N(5) = 0.998537,	N(6) = 0.262655,	N(7) = 0.998537,	N(8) = 0.320613,	N(9) = 0.262655,	N(10) = 0.163419,	N(11) = 0.262655,	N(12) = 1.59791,	N(13) = 0.998537,	N(14) = 0.262655,	N(15) = 0.998537,	Delta[s](0) = 0.0801474,	Delta[s](1) = 0.0601727,	Delta[s](2) = 0.0363837,	Delta[s](3) = 0.0601727,	Delta[s](4) = 0.0601727,	Delta[s](5) = 0.0432819,	Delta[s](6) = 0.0204857,	Delta[s](7) = 0.0432819,	Delta[s](8) = 0.0363837,	Delta[s](9) = 0.0204857,	Delta[s](10) = 0.00109747,	Delta[s](11) = 0.0204857,	Delta[s](12) = 0.0601727,	Delta[s](13) = 0.0432819,	Delta[s](14) = 0.0204857,	Delta[s](15) = 0.0432819,	Delta[d](0) = 0.298627,	Delta[d](1) = 0.2033,	Delta[d](2) = 0.212653,	Delta[d](3) = 0.2033,	Delta[d](4) = 0.2033,	Delta[d](5) = 0.188612,	Delta[d](6) = 0.141049,	Delta[d](7) = 0.188612,	Delta[d](8) = 0.212653,	Delta[d](9) = 0.141049,	Delta[d](10) = 0.0574737,	Delta[d](11) = 0.141049,	Delta[d](12) = 0.2033,	Delta[d](13) = 0.188612,	Delta[d](14) = 0.141049,	Delta[d](15) = 0.188612,	Delta[s+](0) = 0.595965,	Delta[s+](1) = 0.443889,	Delta[s+](2) = 0.212653,	Delta[s+](3) = 0.443889,	Delta[s+](4) = 0.443889,	Delta[s+](5) = 0.310037,	Delta[s+](6) = 0.134274,	Delta[s+](7) = 0.310037,	Delta[s+](8) = 0.212653,	Delta[s+](9) = 0.134274,	Delta[s+](10) = 0.0408612,	Delta[s+](11) = 0.134274,	Delta[s+](12) = 0.443889,	Delta[s+](13) = 0.310037,	Delta[s+](14) = 0.134274,	Delta[s+](15) = 0.310037
The 0-th iteration is completed.	|| time cost : 0h 4m 5.555s
********************************************************************************************************************
Start the 1 rounds of NGS-ED iteration
	effective electronic model is modified as: kinetic energy t = 0.993187
	                                           effective interaction Vq = [  -1.09966, -0.284836,-0.0191224, -0.284836, -0.284836,-0.0198944,-0.0398592,-0.0198944,-0.0191224,-0.0398592, -0.269178,-0.0398592, -0.284836,-0.0198944,-0.0398592,-0.0198944]
	PARPACK diagonalization completed after 45 matrix-vector product operations.
	iteration results: : total energy is -25.537343 | electron energy -25.537698 + phonon energy 0.000355 | electron momentum kIdx = 0
The 1-th iteration is completed.	|| time cost : 0h 0m 24.405s
********************************************************************************************************************
Start the 2 rounds of NGS-ED iteration
	effective electronic model is modified as: kinetic energy t = 0.993208
	                                           effective interaction Vq = [   -1.1244, -0.287424,-0.0189818, -0.287424, -0.287424,-0.0198075,-0.0393613,-0.0198075,-0.0189818,-0.0393613, -0.265108,-0.0393613, -0.287424,-0.0198075,-0.0393613,-0.0198075]
	PARPACK diagonalization completed after 45 matrix-vector product operations.
	iteration results: : total energy is -25.840579 | electron energy -25.841046 + phonon energy 0.000467 | electron momentum kIdx = 0
The 2-th iteration is completed.	|| time cost : 0h 0m 24.321s
********************************************************************************************************************
Start the 3 rounds of NGS-ED iteration
	effective electronic model is modified as: kinetic energy t = 0.993198
	                                           effective interaction Vq = [  -1.13745, -0.288812,-0.0189242, -0.288812, -0.288812,-0.0197701,-0.0391768,-0.0197701,-0.0189242,-0.0391768, -0.263789,-0.0391768, -0.288812,-0.0197701,-0.0391768,-0.0197701]
	PARPACK diagonalization completed after 45 matrix-vector product operations.
	iteration results: : total energy is -26.000433 | electron energy -26.000964 + phonon energy 0.000531 | electron momentum kIdx = 0
The 3-th iteration is completed.	|| time cost : 0h 0m 24.345s
********************************************************************************************************************
Start the 4 rounds of NGS-ED iteration
	effective electronic model is modified as: kinetic energy t = 0.993184
	                                           effective interaction Vq = [  -1.14433, -0.289561,-0.0189006, -0.289561, -0.289561, -0.019754,-0.0391089, -0.019754,-0.0189006,-0.0391089, -0.263375,-0.0391089, -0.289561, -0.019754,-0.0391089, -0.019754]
	PARPACK diagonalization completed after 45 matrix-vector product operations.
	iteration results: : total energy is -26.084715 | electron energy -26.085281 + phonon energy 0.000566 | electron momentum kIdx = 0
The 4-th iteration is completed.	|| time cost : 0h 0m 24.359s
********************************************************************************************************************
Start the 5 rounds of NGS-ED iteration
	effective electronic model is modified as: kinetic energy t = 0.993174
	                                           effective interaction Vq = [  -1.14795, -0.289968,-0.0188911, -0.289968, -0.289968,-0.0197472, -0.039084,-0.0197472,-0.0188911, -0.039084, -0.263252, -0.039084, -0.289968,-0.0197472, -0.039084,-0.0197472]
	PARPACK diagonalization completed after 30 matrix-vector product operations.
	iteration results: : total energy is -26.129153 | electron energy -26.129740 + phonon energy 0.000586 | electron momentum kIdx = 0
The 5-th iteration is completed.	|| time cost : 0h 0m 21.562s
********************************************************************************************************************
Start the 6 rounds of NGS-ED iteration
	effective electronic model is modified as: kinetic energy t = 0.993168
	                                           effective interaction Vq = [  -1.14987, -0.290189,-0.0188872, -0.290189, -0.290189,-0.0197442, -0.039075,-0.0197442,-0.0188872, -0.039075,  -0.26322, -0.039075, -0.290189,-0.0197442, -0.039075,-0.0197442]
	PARPACK diagonalization completed after 30 matrix-vector product operations.
	iteration results: : total energy is -26.152585 | electron energy -26.153183 + phonon energy 0.000598 | electron momentum kIdx = 0
The 6-th iteration is completed.	|| time cost : 0h 0m 21.536s
********************************************************************************************************************
Start the 7 rounds of NGS-ED iteration
	effective electronic model is modified as: kinetic energy t = 0.993165
	                                           effective interaction Vq = [  -1.15087, -0.290311,-0.0188856, -0.290311, -0.290311, -0.019743,-0.0390718, -0.019743,-0.0188856,-0.0390718, -0.263213,-0.0390718, -0.290311, -0.019743,-0.0390718, -0.019743]
	PARPACK diagonalization completed after 30 matrix-vector product operations.
	iteration results: : total energy is -26.164940 | electron energy -26.165545 + phonon energy 0.000604 | electron momentum kIdx = 0
The 7-th iteration is completed.	|| time cost : 0h 0m 21.561s
********************************************************************************************************************
Start the 8 rounds of NGS-ED iteration
	effective electronic model is modified as: kinetic energy t = 0.993162
	                                           effective interaction Vq = [  -1.15141, -0.290377, -0.018885, -0.290377, -0.290377,-0.0197425,-0.0390706,-0.0197425, -0.018885,-0.0390706, -0.263214,-0.0390706, -0.290377,-0.0197425,-0.0390706,-0.0197425]
	PARPACK diagonalization completed after 30 matrix-vector product operations.
	iteration results: : total energy is -26.171455 | electron energy -26.172063 + phonon energy 0.000608 | electron momentum kIdx = 0
The 8-th iteration is completed.	|| time cost : 0h 0m 21.569s
********************************************************************************************************************
Start the 9 rounds of NGS-ED iteration
	effective electronic model is modified as: kinetic energy t = 0.993161
	                                           effective interaction Vq = [  -1.15169, -0.290413,-0.0188847, -0.290413, -0.290413,-0.0197423,-0.0390702,-0.0197423,-0.0188847,-0.0390702, -0.263215,-0.0390702, -0.290413,-0.0197423,-0.0390702,-0.0197423]
	PARPACK diagonalization completed after 30 matrix-vector product operations.
	iteration results: : total energy is -26.174890 | electron energy -26.175500 + phonon energy 0.000610 | electron momentum kIdx = 0
The 9-th iteration is completed.	|| time cost : 0h 0m 21.638s
********************************************************************************************************************
Start the 10 rounds of NGS-ED iteration
	effective electronic model is modified as: kinetic energy t = 0.99316
	                                           effective interaction Vq = [  -1.15184, -0.290433,-0.0188846, -0.290433, -0.290433,-0.0197422,-0.0390701,-0.0197422,-0.0188846,-0.0390701, -0.263217,-0.0390701, -0.290433,-0.0197422,-0.0390701,-0.0197422]
	PARPACK diagonalization completed after 30 matrix-vector product operations.
	iteration results: : total energy is -26.176702 | electron energy -26.177313 + phonon energy 0.000611 | electron momentum kIdx = 0
The 10-th iteration is completed.	|| time cost : 0h 0m 21.547s
********************************************************************************************************************
Start the 11 rounds of NGS-ED iteration
	effective electronic model is modified as: kinetic energy t = 0.99316
	                                           effective interaction Vq = [  -1.15191, -0.290444,-0.0188846, -0.290444, -0.290444,-0.0197421,-0.0390701,-0.0197421,-0.0188846,-0.0390701, -0.263217,-0.0390701, -0.290444,-0.0197421,-0.0390701,-0.0197421]
	PARPACK diagonalization completed after 30 matrix-vector product operations.
	iteration results: : total energy is -26.177657 | electron energy -26.178269 + phonon energy 0.000612 | electron momentum kIdx = 0
The 11-th iteration is completed.	|| time cost : 0h 0m 21.562s
********************************************************************************************************************
Start the 12 rounds of NGS-ED iteration
	effective electronic model is modified as: kinetic energy t = 0.99316
	                                           effective interaction Vq = [  -1.15195, -0.290451,-0.0188846, -0.290451, -0.290451,-0.0197421,  -0.03907,-0.0197421,-0.0188846,  -0.03907, -0.263218,  -0.03907, -0.290451,-0.0197421,  -0.03907,-0.0197421]
	PARPACK diagonalization completed after 30 matrix-vector product operations.
	iteration results: : total energy is -26.178160 | electron energy -26.178773 + phonon energy 0.000612 | electron momentum kIdx = 0
The 12-th iteration is completed.	|| time cost : 0h 0m 21.566s
********************************************************************************************************************
Start the 13 rounds of NGS-ED iteration
	effective electronic model is modified as: kinetic energy t = 0.99316
	                                           effective interaction Vq = [  -1.15198, -0.290454,-0.0188846, -0.290454, -0.290454,-0.0197421,  -0.03907,-0.0197421,-0.0188846,  -0.03907, -0.263218,  -0.03907, -0.290454,-0.0197421,  -0.03907,-0.0197421]
	PARPACK diagonalization completed after 30 matrix-vector product operations.
	iteration results: : total energy is -26.178426 | electron energy -26.179038 + phonon energy 0.000612 | electron momentum kIdx = 0
The 13-th iteration is completed.	|| time cost : 0h 0m 21.541s
********************************************************************************************************************
Start the 14 rounds of NGS-ED iteration
	effective electronic model is modified as: kinetic energy t = 0.99316
