SNEDics v3.4 Non-Gaussian ED ground state program		Start at Sat Sep 28 12:29:20 2019

parallized on 16 MPI threads  * 8 OpenMP threads = 128 total threads.
********************************************************************************************************************
********************************************************************************************************************

********************************************************************************************************************
System parameters and configurations
********************************************************************************************************************
Special program options are enabled: splitted diagonal Hamiltonian
********************************************************************************************************************
Read input file "model_params.in"
	Hubbard-Holstein model parameters : 	t = 1    U = 7    g = 1.5811    W = 5    
********************************************************************************************************************
Read input file "hilbertspace_params.in"
	Requested 16-site 2D lattice, with 10 electrons (5, 5)
	Boundary : Periodic		Hilbert space representation : momentum-space (restricted to kIdx = 0)
	Conservation: particle number[U(1)]      spin[U(1)]     momentum
********************************************************************************************************************

Cluster Positions:				Cluster symmetry group : D4
 x ... x ... x ... x .....                       x ... x ... x ... x .....
 |           |           :                       |           |           :
 |           |           :                       |           |           :
12    13    14    15     x                       1     5     6     5     x
 |           |           :                       |           |           :
 |           |           :                       |           |           :
 8 --- 9 ---10 ---11 --- x                       2 --- 6 ---10 --- 6 --- x
 |           |           :                       |           |           :
 |           |           :                       |           |           :
 4     5     6     7     x                       1     5     6     5     x
 |           |           :                       |           |           :
 |           |           :                       |           |           :
 0 --- 1 --- 2 --- 3 --- x                       0 --- 1 --- 2 --- 1 --- x
orbital number : 1
********************************************************************************************************************
Read input file "obs_params.in"
	Observable Type : Nq(All),   Sq(All),   N(All),   Delta[s](All),   Delta[d](All),   Delta[s+](All)
********************************************************************************************************************
** WARNING ** the input observables have non-local factors which have been reinterpreted. The total observable number is 96
********************************************************************************************************************


********************************************************************************************************************
Start calculating the non-Gaussian ED ground state
** WARNING ** Detected low phonon energy W < 10. The initial state will be prepared through a warm-up process.
********************************************************************************************************************
Start warm-up calculation for scaling factor 2
open output files: NGSEDWarmUpW10Obs.txt
********************************************************************************************************************
Start the 0 rounds of NGS-ED iteration
	effective electronic model is modified as: kinetic energy t = 1
	                                           effective interaction Vq = [-0,-0,-0,-0,-0,-0,-0,-0,-0,-0,-0,-0,-0,-0,-0,-0]
	first Hamiltonian is constructed, non-zero numbers = 242521378
	PARPACK diagonalization completed after 75 matrix-vector product operations.
	iteration results: : total energy is -17.897288 | electron energy -17.897288 + phonon energy 0.000000 | electron momentum kIdx = 0
	Nq(0) = 6.25,	Nq(1) = 0.22466,	Nq(2) = 0.286827,	Nq(3) = 0.22466,	Nq(4) = 0.22466,	Nq(5) = 0.286827,	Nq(6) = 0.379456,	Nq(7) = 0.286827,	Nq(8) = 0.286827,	Nq(9) = 0.379456,	Nq(10) = 0.455109,	Nq(11) = 0.379456,	Nq(12) = 0.22466,	Nq(13) = 0.286827,	Nq(14) = 0.379456,	Nq(15) = 0.286827,	Sq(0) = -1.00164e-17,	Sq(1) = 0.510787,	Sq(2) = 0.444801,	Sq(3) = 0.510787,	Sq(4) = 0.510787,	Sq(5) = 0.444801,	Sq(6) = 0.923756,	Sq(7) = 0.444801,	Sq(8) = 0.444801,	Sq(9) = 0.923756,	Sq(10) = 0.750487,	Sq(11) = 0.923756,	Sq(12) = 0.510787,	Sq(13) = 0.444801,	Sq(14) = 0.923756,	Sq(15) = 0.444801,	N(0) = 1.86091,	N(1) = 1.75535,	N(2) = 0.142305,	N(3) = 1.75535,	N(4) = 1.75535,	N(5) = 0.142305,	N(6) = 0.0519047,	N(7) = 0.142305,	N(8) = 0.142305,	N(9) = 0.0519047,	N(10) = 0.0562584,	N(11) = 0.0519047,	N(12) = 1.75535,	N(13) = 0.142305,	N(14) = 0.0519047,	N(15) = 0.142305,	Delta[s](0) = 0.0720982,	Delta[s](1) = 0.0425742,	Delta[s](2) = 0.0281029,	Delta[s](3) = 0.0425742,	Delta[s](4) = 0.0425742,	Delta[s](5) = 0.0281029,	Delta[s](6) = 0.00221825,	Delta[s](7) = 0.0281029,	Delta[s](8) = 0.0281029,	Delta[s](9) = 0.00221825,	Delta[s](10) = 0.00138047,	Delta[s](11) = 0.00221825,	Delta[s](12) = 0.0425742,	Delta[s](13) = 0.0281029,	Delta[s](14) = 0.00221825,	Delta[s](15) = 0.0281029,	Delta[d](0) = 0.206926,	Delta[d](1) = 0.088367,	Delta[d](2) = 0.150794,	Delta[d](3) = 0.088367,	Delta[d](4) = 0.088367,	Delta[d](5) = 0.10114,	Delta[d](6) = 0.0304059,	Delta[d](7) = 0.10114,	Delta[d](8) = 0.150794,	Delta[d](9) = 0.0304059,	Delta[d](10) = 0.0161282,	Delta[d](11) = 0.0304059,	Delta[d](12) = 0.088367,	Delta[d](13) = 0.10114,	Delta[d](14) = 0.0304059,	Delta[d](15) = 0.10114,	Delta[s+](0) = 0.559651,	Delta[s+](1) = 0.339793,	Delta[s+](2) = 0.150794,	Delta[s+](3) = 0.339793,	Delta[s+](4) = 0.339793,	Delta[s+](5) = 0.150794,	Delta[s+](6) = 0.010873,	Delta[s+](7) = 0.150794,	Delta[s+](8) = 0.150794,	Delta[s+](9) = 0.010873,	Delta[s+](10) = 0.00348418,	Delta[s+](11) = 0.010873,	Delta[s+](12) = 0.339793,	Delta[s+](13) = 0.150794,	Delta[s+](14) = 0.010873,	Delta[s+](15) = 0.150794
The 0-th iteration is completed.	|| time cost : 0h 0m 46.782s
********************************************************************************************************************
Start the 1 rounds of NGS-ED iteration
	effective electronic model is modified as: kinetic energy t = 0.986324
	                                           effective interaction Vq = [-0.432311,-0.404303,-0.388664,-0.404303,-0.404303,-0.388664,-0.383003,-0.388664,-0.388664,-0.383003,-0.377704,-0.383003,-0.404303,-0.388664,-0.383003,-0.388664]
	PARPACK diagonalization completed after 30 matrix-vector product operations.
	iteration results: : total energy is -22.117804 | electron energy -22.117988 + phonon energy 0.000184 | electron momentum kIdx = 0
The 1-th iteration is completed.	|| time cost : 0h 0m 39.553s
********************************************************************************************************************
Start the 2 rounds of NGS-ED iteration
	effective electronic model is modified as: kinetic energy t = 0.979179
	                                           effective interaction Vq = [-0.490818,-0.461001, -0.44006,-0.461001,-0.461001, -0.44006,-0.433049, -0.44006, -0.44006,-0.433049,-0.425367,-0.433049,-0.461001, -0.44006,-0.433049, -0.44006]
	PARPACK diagonalization completed after 30 matrix-vector product operations.
	iteration results: : total energy is -22.574053 | electron energy -22.575051 + phonon energy 0.000998 | electron momentum kIdx = 0
The 2-th iteration is completed.	|| time cost : 0h 0m 2.289s
********************************************************************************************************************
Start the 3 rounds of NGS-ED iteration
	effective electronic model is modified as: kinetic energy t = 0.977238
	                                           effective interaction Vq = [-0.498736,-0.472492,-0.450098,-0.472492,-0.472492,-0.450098,-0.442658,-0.450098,-0.450098,-0.442658,-0.434216,-0.442658,-0.472492,-0.450098,-0.442658,-0.450098]
	PARPACK diagonalization completed after 30 matrix-vector product operations.
	iteration results: : total energy is -22.629231 | electron energy -22.630750 + phonon energy 0.001520 | electron momentum kIdx = 0
The 3-th iteration is completed.	|| time cost : 0h 0m 2.323s
********************************************************************************************************************
Start the 4 rounds of NGS-ED iteration
	effective electronic model is modified as: kinetic energy t = 0.97675
	                                           effective interaction Vq = [-0.499808,-0.475376,-0.452395,-0.475376,-0.475376,-0.452395,-0.444789,-0.452395,-0.452395,-0.444789,-0.436091,-0.444789,-0.475376,-0.452395,-0.444789,-0.452395]
	PARPACK diagonalization completed after 30 matrix-vector product operations.
	iteration results: : total energy is -22.636300 | electron energy -22.637999 + phonon energy 0.001699 | electron momentum kIdx = 0
The 4-th iteration is completed.	|| time cost : 0h 0m 2.297s
********************************************************************************************************************
Start the 5 rounds of NGS-ED iteration
	effective electronic model is modified as: kinetic energy t = 0.976628
	                                           effective interaction Vq = [-0.499953,-0.476162,-0.452945,-0.476162,-0.476162,-0.452945,-0.445281,-0.452945,-0.452945,-0.445281,-0.436503,-0.445281,-0.476162,-0.452945,-0.445281,-0.452945]
	PARPACK diagonalization completed after 30 matrix-vector product operations.
	iteration results: : total energy is -22.637231 | electron energy -22.638980 + phonon energy 0.001749 | electron momentum kIdx = 0
The 5-th iteration is completed.	|| time cost : 0h 0m 2.302s
********************************************************************************************************************
Start the 6 rounds of NGS-ED iteration
	effective electronic model is modified as: kinetic energy t = 0.976598
	                                           effective interaction Vq = [-0.499972,-0.476382,-0.453079,-0.476382,-0.476382,-0.453079,-0.445396,-0.453079,-0.453079,-0.445396,-0.436593,-0.445396,-0.476382,-0.453079,-0.445396,-0.453079]
	PARPACK diagonalization completed after 30 matrix-vector product operations.
	iteration results: : total energy is -22.637356 | electron energy -22.639118 + phonon energy 0.001762 | electron momentum kIdx = 0
The 6-th iteration is completed.	|| time cost : 0h 0m 2.294s
********************************************************************************************************************
Start the 7 rounds of NGS-ED iteration
	effective electronic model is modified as: kinetic energy t = 0.97659
	                                           effective interaction Vq = [-0.499975,-0.476444,-0.453111,-0.476444,-0.476444,-0.453111,-0.445423,-0.453111,-0.453111,-0.445423,-0.436614,-0.445423,-0.476444,-0.453111,-0.445423,-0.453111]
	PARPACK diagonalization completed after 30 matrix-vector product operations.
	iteration results: : total energy is -22.637372 | electron energy -22.639138 + phonon energy 0.001765 | electron momentum kIdx = 0
	Nq(0) = 6.25,	Nq(1) = 0.233327,	Nq(2) = 0.292197,	Nq(3) = 0.233327,	Nq(4) = 0.233327,	Nq(5) = 0.292197,	Nq(6) = 0.391114,	Nq(7) = 0.292197,	Nq(8) = 0.292197,	Nq(9) = 0.391114,	Nq(10) = 0.464382,	Nq(11) = 0.391114,	Nq(12) = 0.233327,	Nq(13) = 0.292197,	Nq(14) = 0.391114,	Nq(15) = 0.292197,	Sq(0) = 3.58369e-19,	Sq(1) = 0.503189,	Sq(2) = 0.440786,	Sq(3) = 0.503189,	Sq(4) = 0.503189,	Sq(5) = 0.440786,	Sq(6) = 0.906752,	Sq(7) = 0.440786,	Sq(8) = 0.440786,	Sq(9) = 0.906752,	Sq(10) = 0.750194,	Sq(11) = 0.906752,	Sq(12) = 0.503189,	Sq(13) = 0.440786,	Sq(14) = 0.906752,	Sq(15) = 0.440786,	N(0) = 1.8819,	N(1) = 1.78515,	N(2) = 0.124711,	N(3) = 1.78515,	N(4) = 1.78515,	N(5) = 0.124711,	N(6) = 0.0449936,	N(7) = 0.124711,	N(8) = 0.124711,	N(9) = 0.0449936,	N(10) = 0.0492648,	N(11) = 0.0449936,	N(12) = 1.78515,	N(13) = 0.124711,	N(14) = 0.0449936,	N(15) = 0.124711,	Delta[s](0) = 0.0803216,	Delta[s](1) = 0.0474611,	Delta[s](2) = 0.0326367,	Delta[s](3) = 0.0474611,	Delta[s](4) = 0.0474611,	Delta[s](5) = 0.0326367,	Delta[s](6) = 0.00351573,	Delta[s](7) = 0.0326367,	Delta[s](8) = 0.0326367,	Delta[s](9) = 0.00351573,	Delta[s](10) = 0.00261647,	Delta[s](11) = 0.00351573,	Delta[s](12) = 0.0474611,	Delta[s](13) = 0.0326367,	Delta[s](14) = 0.00351573,	Delta[s](15) = 0.0326367,	Delta[d](0) = 0.211024,	Delta[d](1) = 0.0872938,	Delta[d](2) = 0.151194,	Delta[d](3) = 0.0872938,	Delta[d](4) = 0.0872938,	Delta[d](5) = 0.103898,	Delta[d](6) = 0.0288868,	Delta[d](7) = 0.103898,	Delta[d](8) = 0.151194,	Delta[d](9) = 0.0288868,	Delta[d](10) = 0.0154599,	Delta[d](11) = 0.0288868,	Delta[d](12) = 0.0872938,	Delta[d](13) = 0.103898,	Delta[d](14) = 0.0288868,	Delta[d](15) = 0.103898,	Delta[s+](0) = 0.561048,	Delta[s+](1) = 0.341461,	Delta[s+](2) = 0.151194,	Delta[s+](3) = 0.341461,	Delta[s+](4) = 0.341461,	Delta[s+](5) = 0.151194,	Delta[s+](6) = 0.0109161,	Delta[s+](7) = 0.151194,	Delta[s+](8) = 0.151194,	Delta[s+](9) = 0.0109161,	Delta[s+](10) = 0.00349798,	Delta[s+](11) = 0.0109161,	Delta[s+](12) = 0.341461,	Delta[s+](13) = 0.151194,	Delta[s+](14) = 0.0109161,	Delta[s+](15) = 0.151194
The 7-th iteration is completed.	|| time cost : 0h 0m 21.744s
********************************************************************************************************************
********************************************************************************************************************
Ground state is obtained after 8 iterations. The current ground-state energy is -22.6374, in which electron energy is -22.6391 and phonon energy is 0.00176538
final variational state is: 
	Gamma_x = [      1,1.00397,1.00623,1.00397,1.00397,1.00623,1.00869,1.00623,1.00623,1.00869, 1.0107,1.00869,1.00397,1.00623,1.00869,1.00623]
	lambda_q = [0.223526, 0.17511, 0.15515, 0.17511, 0.17511, 0.15515,0.149746, 0.15515, 0.15515,0.149746,0.144004,0.149746, 0.17511, 0.15515,0.149746, 0.15515]
********************************************************************************************************************
o___o  ----------------------------------------
| L |	Time since last clock: 0h 0m 0s
A===A	Time since the beginning: 0h 1m 59.586s
***********************************************


********************************************************************************************************************
Warm up runs have been completed. Start calculating W = 5 phonon.
open output files: NGSEDIterationObs.txt
********************************************************************************************************************
Start the 0 rounds of NGS-ED iteration
	effective electronic model is modified as: kinetic energy t = 0.976588
	                                           effective interaction Vq = [-0.457015,-0.400415,-0.370257,-0.400415,-0.400415,-0.370257,-0.361407,-0.370257,-0.370257,-0.361407,-0.351683,-0.361407,-0.400415,-0.370257,-0.361407,-0.370257]
	PARPACK diagonalization completed after 30 matrix-vector product operations.
	iteration results: : total energy is -21.983804 | electron energy -21.984687 + phonon energy 0.000883 | electron momentum kIdx = 0
	Nq(0) = 6.25,	Nq(1) = 0.23175,	Nq(2) = 0.290905,	Nq(3) = 0.23175,	Nq(4) = 0.23175,	Nq(5) = 0.290905,	Nq(6) = 0.388124,	Nq(7) = 0.290905,	Nq(8) = 0.290905,	Nq(9) = 0.388124,	Nq(10) = 0.461642,	Nq(11) = 0.388124,	Nq(12) = 0.23175,	Nq(13) = 0.290905,	Nq(14) = 0.388124,	Nq(15) = 0.290905,	Sq(0) = 3.91443e-19,	Sq(1) = 0.504855,	Sq(2) = 0.441785,	Sq(3) = 0.504855,	Sq(4) = 0.504855,	Sq(5) = 0.441785,	Sq(6) = 0.910575,	Sq(7) = 0.441785,	Sq(8) = 0.441785,	Sq(9) = 0.910575,	Sq(10) = 0.751004,	Sq(11) = 0.910575,	Sq(12) = 0.504855,	Sq(13) = 0.441785,	Sq(14) = 0.910575,	Sq(15) = 0.441785,	N(0) = 1.87721,	N(1) = 1.77863,	N(2) = 0.128453,	N(3) = 1.77863,	N(4) = 1.77863,	N(5) = 0.128453,	N(6) = 0.0466408,	N(7) = 0.128453,	N(8) = 0.128453,	N(9) = 0.0466408,	N(10) = 0.050979,	N(11) = 0.0466408,	N(12) = 1.77863,	N(13) = 0.128453,	N(14) = 0.0466408,	N(15) = 0.128453,	Delta[s](0) = 0.0774856,	Delta[s](1) = 0.0460366,	Delta[s](2) = 0.0315153,	Delta[s](3) = 0.0460366,	Delta[s](4) = 0.0460366,	Delta[s](5) = 0.0315153,	Delta[s](6) = 0.00370377,	Delta[s](7) = 0.0315153,	Delta[s](8) = 0.0315153,	Delta[s](9) = 0.00370377,	Delta[s](10) = 0.00274344,	Delta[s](11) = 0.00370377,	Delta[s](12) = 0.0460366,	Delta[s](13) = 0.0315153,	Delta[s](14) = 0.00370377,	Delta[s](15) = 0.0315153,	Delta[d](0) = 0.210589,	Delta[d](1) = 0.0885382,	Delta[d](2) = 0.152164,	Delta[d](3) = 0.0885382,	Delta[d](4) = 0.0885382,	Delta[d](5) = 0.103894,	Delta[d](6) = 0.0302296,	Delta[d](7) = 0.103894,	Delta[d](8) = 0.152164,	Delta[d](9) = 0.0302296,	Delta[d](10) = 0.0163206,	Delta[d](11) = 0.0302296,	Delta[d](12) = 0.0885382,	Delta[d](13) = 0.103894,	Delta[d](14) = 0.0302296,	Delta[d](15) = 0.103894,	Delta[s+](0) = 0.563111,	Delta[s+](1) = 0.342741,	Delta[s+](2) = 0.152164,	Delta[s+](3) = 0.342741,	Delta[s+](4) = 0.342741,	Delta[s+](5) = 0.152164,	Delta[s+](6) = 0.0115828,	Delta[s+](7) = 0.152164,	Delta[s+](8) = 0.152164,	Delta[s+](9) = 0.0115828,	Delta[s+](10) = 0.00368052,	Delta[s+](11) = 0.0115828,	Delta[s+](12) = 0.342741,	Delta[s+](13) = 0.152164,	Delta[s+](14) = 0.0115828,	Delta[s+](15) = 0.152164
The 0-th iteration is completed.	|| time cost : 0h 0m 20.776s
********************************************************************************************************************
Start the 1 rounds of NGS-ED iteration
	effective electronic model is modified as: kinetic energy t = 0.974271
	                                           effective interaction Vq = [-0.484171,-0.421006,-0.382923,-0.421006,-0.421006,-0.382923,-0.371356,-0.382923,-0.382923,-0.371356,-0.358984,-0.371356,-0.421006,-0.382923,-0.371356,-0.382923]
	PARPACK diagonalization completed after 30 matrix-vector product operations.
	iteration results: : total energy is -22.162839 | electron energy -22.165387 + phonon energy 0.002548 | electron momentum kIdx = 0
The 1-th iteration is completed.	|| time cost : 0h 0m 2.4s
********************************************************************************************************************
Start the 2 rounds of NGS-ED iteration
	effective electronic model is modified as: kinetic energy t = 0.973249
	                                           effective interaction Vq = [-0.494161,-0.429895,-0.387981,-0.429895,-0.429895,-0.387981,-0.375312,-0.387981,-0.387981,-0.375312,-0.361884,-0.375312,-0.429895,-0.387981,-0.375312,-0.387981]
	PARPACK diagonalization completed after 30 matrix-vector product operations.
	iteration results: : total energy is -22.227146 | electron energy -22.230772 + phonon energy 0.003626 | electron momentum kIdx = 0
The 2-th iteration is completed.	|| time cost : 0h 0m 2.353s
********************************************************************************************************************
Start the 3 rounds of NGS-ED iteration
	effective electronic model is modified as: kinetic energy t = 0.972803
	                                           effective interaction Vq = [-0.497837,-0.433908,-0.390055,-0.433908,-0.433908,-0.390055, -0.37692,-0.390055,-0.390055, -0.37692,-0.363055, -0.37692,-0.433908,-0.390055, -0.37692,-0.390055]
	PARPACK diagonalization completed after 30 matrix-vector product operations.
	iteration results: : total energy is -22.250498 | electron energy -22.254685 + phonon energy 0.004187 | electron momentum kIdx = 0
The 3-th iteration is completed.	|| time cost : 0h 0m 2.296s
********************************************************************************************************************
Start the 4 rounds of NGS-ED iteration
	effective electronic model is modified as: kinetic energy t = 0.972608
	                                           effective interaction Vq = [-0.499189,-0.435764,-0.390918,-0.435764,-0.435764,-0.390918,-0.377582,-0.390918,-0.390918,-0.377582,-0.363532,-0.377582,-0.435764,-0.390918,-0.377582,-0.390918]
	PARPACK diagonalization completed after 30 matrix-vector product operations.
	iteration results: : total energy is -22.259028 | electron energy -22.263484 + phonon energy 0.004456 | electron momentum kIdx = 0
The 4-th iteration is completed.	|| time cost : 0h 0m 2.293s
********************************************************************************************************************
Start the 5 rounds of NGS-ED iteration
	effective electronic model is modified as: kinetic energy t = 0.972522
	                                           effective interaction Vq = [-0.499686,-0.436634, -0.39128,-0.436634,-0.436634, -0.39128,-0.377856, -0.39128, -0.39128,-0.377856,-0.363727,-0.377856,-0.436634, -0.39128,-0.377856, -0.39128]
	PARPACK diagonalization completed after 30 matrix-vector product operations.
	iteration results: : total energy is -22.262153 | electron energy -22.266733 + phonon energy 0.004580 | electron momentum kIdx = 0
The 5-th iteration is completed.	|| time cost : 0h 0m 2.298s
********************************************************************************************************************
Start the 6 rounds of NGS-ED iteration
	effective electronic model is modified as: kinetic energy t = 0.972484
	                                           effective interaction Vq = [-0.499869,-0.437043,-0.391432,-0.437043,-0.437043,-0.391432,-0.377971,-0.391432,-0.391432,-0.377971,-0.363807,-0.377971,-0.437043,-0.391432,-0.377971,-0.391432]
	PARPACK diagonalization completed after 30 matrix-vector product operations.
	iteration results: : total energy is -22.263300 | electron energy -22.267936 + phonon energy 0.004636 | electron momentum kIdx = 0
The 6-th iteration is completed.	|| time cost : 0h 0m 2.3s
********************************************************************************************************************
Start the 7 rounds of NGS-ED iteration
	effective electronic model is modified as: kinetic energy t = 0.972467
	                                           effective interaction Vq = [-0.499936,-0.437237,-0.391496,-0.437237,-0.437237,-0.391496,-0.378018,-0.391496,-0.391496,-0.378018, -0.36384,-0.378018,-0.437237,-0.391496,-0.378018,-0.391496]
	PARPACK diagonalization completed after 30 matrix-vector product operations.
	iteration results: : total energy is -22.263722 | electron energy -22.268383 + phonon energy 0.004661 | electron momentum kIdx = 0
The 7-th iteration is completed.	|| time cost : 0h 0m 2.298s
********************************************************************************************************************
Start the 8 rounds of NGS-ED iteration
	effective electronic model is modified as: kinetic energy t = 0.97246
	                                           effective interaction Vq = [-0.499961,-0.437329,-0.391523,-0.437329,-0.437329,-0.391523,-0.378038,-0.391523,-0.391523,-0.378038,-0.363853,-0.378038,-0.437329,-0.391523,-0.378038,-0.391523]
	PARPACK diagonalization completed after 30 matrix-vector product operations.
	iteration results: : total energy is -22.263877 | electron energy -22.268549 + phonon energy 0.004673 | electron momentum kIdx = 0
The 8-th iteration is completed.	|| time cost : 0h 0m 2.298s
********************************************************************************************************************
Start the 9 rounds of NGS-ED iteration
	effective electronic model is modified as: kinetic energy t = 0.972456
	                                           effective interaction Vq = [ -0.49997,-0.437372,-0.391535,-0.437372,-0.437372,-0.391535,-0.378047,-0.391535,-0.391535,-0.378047,-0.363859,-0.378047,-0.437372,-0.391535,-0.378047,-0.391535]
	PARPACK diagonalization completed after 30 matrix-vector product operations.
	iteration results: : total energy is -22.263933 | electron energy -22.268611 + phonon energy 0.004677 | electron momentum kIdx = 0
The 9-th iteration is completed.	|| time cost : 0h 0m 2.295s
********************************************************************************************************************
Start the 10 rounds of NGS-ED iteration
	effective electronic model is modified as: kinetic energy t = 0.972455
	                                           effective interaction Vq = [-0.499973,-0.437393, -0.39154,-0.437393,-0.437393, -0.39154, -0.37805, -0.39154, -0.39154, -0.37805,-0.363861, -0.37805,-0.437393, -0.39154, -0.37805, -0.39154]
	PARPACK diagonalization completed after 30 matrix-vector product operations.
	iteration results: : total energy is -22.263954 | electron energy -22.268634 + phonon energy 0.004680 | electron momentum kIdx = 0
	Nq(0) = 6.25,	Nq(1) = 0.232591,	Nq(2) = 0.291017,	Nq(3) = 0.232591,	Nq(4) = 0.232591,	Nq(5) = 0.291017,	Nq(6) = 0.388087,	Nq(7) = 0.291017,	Nq(8) = 0.291017,	Nq(9) = 0.388087,	Nq(10) = 0.46103,	Nq(11) = 0.388087,	Nq(12) = 0.232591,	Nq(13) = 0.291017,	Nq(14) = 0.388087,	Nq(15) = 0.291017,	Sq(0) = -2.8409e-19,	Sq(1) = 0.504551,	Sq(2) = 0.441773,	Sq(3) = 0.504551,	Sq(4) = 0.504551,	Sq(5) = 0.441773,	Sq(6) = 0.909883,	Sq(7) = 0.441773,	Sq(8) = 0.441773,	Sq(9) = 0.909883,	Sq(10) = 0.751784,	Sq(11) = 0.909883,	Sq(12) = 0.504551,	Sq(13) = 0.441773,	Sq(14) = 0.909883,	Sq(15) = 0.441773,	N(0) = 1.87766,	N(1) = 1.77966,	N(2) = 0.127712,	N(3) = 1.77966,	N(4) = 1.77966,	N(5) = 0.127712,	N(6) = 0.0466051,	N(7) = 0.127712,	N(8) = 0.127712,	N(9) = 0.0466051,	N(10) = 0.0509857,	N(11) = 0.0466051,	N(12) = 1.77966,	N(13) = 0.127712,	N(14) = 0.0466051,	N(15) = 0.127712,	Delta[s](0) = 0.0773792,	Delta[s](1) = 0.0460667,	Delta[s](2) = 0.0316142,	Delta[s](3) = 0.0460667,	Delta[s](4) = 0.0460667,	Delta[s](5) = 0.0316142,	Delta[s](6) = 0.00392183,	Delta[s](7) = 0.0316142,	Delta[s](8) = 0.0316142,	Delta[s](9) = 0.00392183,	Delta[s](10) = 0.00290071,	Delta[s](11) = 0.00392183,	Delta[s](12) = 0.0460667,	Delta[s](13) = 0.0316142,	Delta[s](14) = 0.00392183,	Delta[s](15) = 0.0316142,	Delta[d](0) = 0.212352,	Delta[d](1) = 0.0895151,	Delta[d](2) = 0.153621,	Delta[d](3) = 0.0895151,	Delta[d](4) = 0.0895151,	Delta[d](5) = 0.104947,	Delta[d](6) = 0.030803,	Delta[d](7) = 0.104947,	Delta[d](8) = 0.153621,	Delta[d](9) = 0.030803,	Delta[d](10) = 0.0166866,	Delta[d](11) = 0.030803,	Delta[d](12) = 0.0895151,	Delta[d](13) = 0.104947,	Delta[d](14) = 0.030803,	Delta[d](15) = 0.104947,	Delta[s+](0) = 0.567956,	Delta[s+](1) = 0.345783,	Delta[s+](2) = 0.153621,	Delta[s+](3) = 0.345783,	Delta[s+](4) = 0.345783,	Delta[s+](5) = 0.153621,	Delta[s+](6) = 0.0119299,	Delta[s+](7) = 0.153621,	Delta[s+](8) = 0.153621,	Delta[s+](9) = 0.0119299,	Delta[s+](10) = 0.00377509,	Delta[s+](11) = 0.0119299,	Delta[s+](12) = 0.345783,	Delta[s+](13) = 0.153621,	Delta[s+](14) = 0.0119299,	Delta[s+](15) = 0.153621
The 10-th iteration is completed.	|| time cost : 0h 0m 20.954s
********************************************************************************************************************
Start the 11 rounds of NGS-ED iteration
	effective electronic model is modified as: kinetic energy t = 0.972454
	                                           effective interaction Vq = [-0.499975,-0.437403,-0.391542,-0.437403,-0.437403,-0.391542,-0.378052,-0.391542,-0.391542,-0.378052,-0.363862,-0.378052,-0.437403,-0.391542,-0.378052,-0.391542]
	PARPACK diagonalization completed after 30 matrix-vector product operations.
	iteration results: : total energy is -22.263962 | electron energy -22.268643 + phonon energy 0.004681 | electron momentum kIdx = 0
The 11-th iteration is completed.	|| time cost : 0h 0m 2.316s
********************************************************************************************************************
Start the 12 rounds of NGS-ED iteration
	effective electronic model is modified as: kinetic energy t = 0.972454
	                                           effective interaction Vq = [-0.499975,-0.437407,-0.391543,-0.437407,-0.437407,-0.391543,-0.378052,-0.391543,-0.391543,-0.378052,-0.363862,-0.378052,-0.437407,-0.391543,-0.378052,-0.391543]
	PARPACK diagonalization completed after 30 matrix-vector product operations.
	iteration results: : total energy is -22.263965 | electron energy -22.268646 + phonon energy 0.004681 | electron momentum kIdx = 0
The 12-th iteration is completed.	|| time cost : 0h 0m 2.294s
********************************************************************************************************************
Start the 13 rounds of NGS-ED iteration
	effective electronic model is modified as: kinetic energy t = 0.972454
	                                           effective interaction Vq = [-0.499975, -0.43741,-0.391543, -0.43741, -0.43741,-0.391543,-0.378053,-0.391543,-0.391543,-0.378053,-0.363862,-0.378053, -0.43741,-0.391543,-0.378053,-0.391543]
	PARPACK diagonalization completed after 30 matrix-vector product operations.
	iteration results: : total energy is -22.263966 | electron energy -22.268647 + phonon energy 0.004681 | electron momentum kIdx = 0
The 13-th iteration is completed.	|| time cost : 0h 0m 2.326s
********************************************************************************************************************
Start the 14 rounds of NGS-ED iteration
	effective electronic model is modified as: kinetic energy t = 0.972454
	                                           effective interaction Vq = [-0.499975,-0.437411,-0.391543,-0.437411,-0.437411,-0.391543,-0.378053,-0.391543,-0.391543,-0.378053,-0.363863,-0.378053,-0.437411,-0.391543,-0.378053,-0.391543]
	PARPACK diagonalization completed after 30 matrix-vector product operations.
	iteration results: : total energy is -22.263966 | electron energy -22.268648 + phonon energy 0.004681 | electron momentum kIdx = 0
The 14-th iteration is completed.	|| time cost : 0h 0m 2.29s
********************************************************************************************************************
Start the 15 rounds of NGS-ED iteration
	effective electronic model is modified as: kinetic energy t = 0.972454
	                                           effective interaction Vq = [-0.499975,-0.437411,-0.391543,-0.437411,-0.437411,-0.391543,-0.378053,-0.391543,-0.391543,-0.378053,-0.363863,-0.378053,-0.437411,-0.391543,-0.378053,-0.391543]
	PARPACK diagonalization completed after 30 matrix-vector product operations.
	iteration results: : total energy is -22.263967 | electron energy -22.268648 + phonon energy 0.004681 | electron momentum kIdx = 0
The 15-th iteration is completed.	|| time cost : 0h 0m 2.325s
********************************************************************************************************************
Start the 16 rounds of NGS-ED iteration
	effective electronic model is modified as: kinetic energy t = 0.972454
	                                           effective interaction Vq = [-0.499975,-0.437411,-0.391543,-0.437411,-0.437411,-0.391543,-0.378053,-0.391543,-0.391543,-0.378053,-0.363863,-0.378053,-0.437411,-0.391543,-0.378053,-0.391543]
	PARPACK diagonalization completed after 30 matrix-vector product operations.
	iteration results: : total energy is -22.263967 | electron energy -22.268648 + phonon energy 0.004681 | electron momentum kIdx = 0
The 16-th iteration is completed.	|| time cost : 0h 0m 2.29s
********************************************************************************************************************
Start the 17 rounds of NGS-ED iteration
	effective electronic model is modified as: kinetic energy t = 0.972454
	                                           effective interaction Vq = [-0.499975,-0.437411,-0.391543,-0.437411,-0.437411,-0.391543,-0.378053,-0.391543,-0.391543,-0.378053,-0.363863,-0.378053,-0.437411,-0.391543,-0.378053,-0.391543]
	PARPACK diagonalization completed after 30 matrix-vector product operations.
	iteration results: : total energy is -22.263967 | electron energy -22.268648 + phonon energy 0.004681 | electron momentum kIdx = 0
The 17-th iteration is completed.	|| time cost : 0h 0m 2.292s
********************************************************************************************************************
Start the 18 rounds of NGS-ED iteration
	effective electronic model is modified as: kinetic energy t = 0.972454
	                                           effective interaction Vq = [-0.499975,-0.437411,-0.391543,-0.437411,-0.437411,-0.391543,-0.378053,-0.391543,-0.391543,-0.378053,-0.363863,-0.378053,-0.437411,-0.391543,-0.378053,-0.391543]
	PARPACK diagonalization completed after 30 matrix-vector product operations.
	iteration results: : total energy is -22.263967 | electron energy -22.268648 + phonon energy 0.004681 | electron momentum kIdx = 0
The 18-th iteration is completed.	|| time cost : 0h 0m 2.291s
********************************************************************************************************************
Start the 19 rounds of NGS-ED iteration
	effective electronic model is modified as: kinetic energy t = 0.972454
	                                           effective interaction Vq = [-0.499975,-0.437411,-0.391543,-0.437411,-0.437411,-0.391543,-0.378053,-0.391543,-0.391543,-0.378053,-0.363863,-0.378053,-0.437411,-0.391543,-0.378053,-0.391543]
	PARPACK diagonalization completed after 30 matrix-vector product operations.
	iteration results: : total energy is -22.263967 | electron energy -22.268648 + phonon energy 0.004681 | electron momentum kIdx = 0
The 19-th iteration is completed.	|| time cost : 0h 0m 2.301s
********************************************************************************************************************
Start the 20 rounds of NGS-ED iteration
	effective electronic model is modified as: kinetic energy t = 0.972454
	                                           effective interaction Vq = [-0.499975,-0.437412,-0.391543,-0.437412,-0.437412,-0.391543,-0.378053,-0.391543,-0.391543,-0.378053,-0.363863,-0.378053,-0.437412,-0.391543,-0.378053,-0.391543]
	PARPACK diagonalization completed after 30 matrix-vector product operations.
	iteration results: : total energy is -22.263967 | electron energy -22.268648 + phonon energy 0.004681 | electron momentum kIdx = 0
	Nq(0) = 6.25,	Nq(1) = 0.232591,	Nq(2) = 0.291016,	Nq(3) = 0.232591,	Nq(4) = 0.232591,	Nq(5) = 0.291016,	Nq(6) = 0.388086,	Nq(7) = 0.291016,	Nq(8) = 0.291016,	Nq(9) = 0.388086,	Nq(10) = 0.46103,	Nq(11) = 0.388086,	Nq(12) = 0.232591,	Nq(13) = 0.291016,	Nq(14) = 0.388086,	Nq(15) = 0.291016,	Sq(0) = 1.02173e-17,	Sq(1) = 0.504551,	Sq(2) = 0.441773,	Sq(3) = 0.504551,	Sq(4) = 0.504551,	Sq(5) = 0.441773,	Sq(6) = 0.909883,	Sq(7) = 0.441773,	Sq(8) = 0.441773,	Sq(9) = 0.909883,	Sq(10) = 0.751784,	Sq(11) = 0.909883,	Sq(12) = 0.504551,	Sq(13) = 0.441773,	Sq(14) = 0.909883,	Sq(15) = 0.441773,	N(0) = 1.87766,	N(1) = 1.77967,	N(2) = 0.127712,	N(3) = 1.77967,	N(4) = 1.77967,	N(5) = 0.127712,	N(6) = 0.0466052,	N(7) = 0.127712,	N(8) = 0.127712,	N(9) = 0.0466052,	N(10) = 0.0509858,	N(11) = 0.0466052,	N(12) = 1.77967,	N(13) = 0.127712,	N(14) = 0.0466052,	N(15) = 0.127712,	Delta[s](0) = 0.0773792,	Delta[s](1) = 0.0460668,	Delta[s](2) = 0.0316143,	Delta[s](3) = 0.0460668,	Delta[s](4) = 0.0460668,	Delta[s](5) = 0.0316143,	Delta[s](6) = 0.0039219,	Delta[s](7) = 0.0316143,	Delta[s](8) = 0.0316143,	Delta[s](9) = 0.0039219,	Delta[s](10) = 0.00290074,	Delta[s](11) = 0.0039219,	Delta[s](12) = 0.0460668,	Delta[s](13) = 0.0316143,	Delta[s](14) = 0.0039219,	Delta[s](15) = 0.0316143,	Delta[d](0) = 0.212364,	Delta[d](1) = 0.0895207,	Delta[d](2) = 0.15363,	Delta[d](3) = 0.0895207,	Delta[d](4) = 0.0895207,	Delta[d](5) = 0.104954,	Delta[d](6) = 0.030805,	Delta[d](7) = 0.104954,	Delta[d](8) = 0.15363,	Delta[d](9) = 0.030805,	Delta[d](10) = 0.0166877,	Delta[d](11) = 0.030805,	Delta[d](12) = 0.0895207,	Delta[d](13) = 0.104954,	Delta[d](14) = 0.030805,	Delta[d](15) = 0.104954,	Delta[s+](0) = 0.567991,	Delta[s+](1) = 0.345804,	Delta[s+](2) = 0.15363,	Delta[s+](3) = 0.345804,	Delta[s+](4) = 0.345804,	Delta[s+](5) = 0.15363,	Delta[s+](6) = 0.0119308,	Delta[s+](7) = 0.15363,	Delta[s+](8) = 0.15363,	Delta[s+](9) = 0.0119308,	Delta[s+](10) = 0.00377534,	Delta[s+](11) = 0.0119308,	Delta[s+](12) = 0.345804,	Delta[s+](13) = 0.15363,	Delta[s+](14) = 0.0119308,	Delta[s+](15) = 0.15363
The 20-th iteration is completed.	|| time cost : 0h 0m 20.805s
********************************************************************************************************************
Start the 21 rounds of NGS-ED iteration
	effective electronic model is modified as: kinetic energy t = 0.972454
	                                           effective interaction Vq = [-0.499975,-0.437412,-0.391543,-0.437412,-0.437412,-0.391543,-0.378053,-0.391543,-0.391543,-0.378053,-0.363863,-0.378053,-0.437412,-0.391543,-0.378053,-0.391543]
	PARPACK diagonalization completed after 30 matrix-vector product operations.
	iteration results: : total energy is -22.263967 | electron energy -22.268648 + phonon energy 0.004681 | electron momentum kIdx = 0
The 21-th iteration is completed.	|| time cost : 0h 0m 2.283s
********************************************************************************************************************
Start the 22 rounds of NGS-ED iteration
	effective electronic model is modified as: kinetic energy t = 0.972454
	                                           effective interaction Vq = [-0.499975,-0.437412,-0.391543,-0.437412,-0.437412,-0.391543,-0.378053,-0.391543,-0.391543,-0.378053,-0.363863,-0.378053,-0.437412,-0.391543,-0.378053,-0.391543]
	PARPACK diagonalization completed after 30 matrix-vector product operations.
	iteration results: : total energy is -22.263967 | electron energy -22.268648 + phonon energy 0.004681 | electron momentum kIdx = 0
The 22-th iteration is completed.	|| time cost : 0h 0m 2.298s
********************************************************************************************************************
Start the 23 rounds of NGS-ED iteration
	effective electronic model is modified as: kinetic energy t = 0.972454
	                                           effective interaction Vq = [-0.499975,-0.437412,-0.391543,-0.437412,-0.437412,-0.391543,-0.378053,-0.391543,-0.391543,-0.378053,-0.363863,-0.378053,-0.437412,-0.391543,-0.378053,-0.391543]
	PARPACK diagonalization completed after 30 matrix-vector product operations.
	iteration results: : total energy is -22.263967 | electron energy -22.268648 + phonon energy 0.004681 | electron momentum kIdx = 0
