TACC:  Starting up job 1744436 
TACC:  Starting parallel tasks... 
SNEDics v3.4 Non-Gaussian ED ground state program		Start at Sun Oct 11 00:51:09 2020

parallized on 16 MPI threads  * 7 OpenMP threads = 112 total threads.
********************************************************************************************************************
********************************************************************************************************************

********************************************************************************************************************
System parameters and configurations
********************************************************************************************************************
Special program options are enabled: splitted diagonal Hamiltonian
********************************************************************************************************************
Read input file "model_params.in"
	Hubbard-Holstein model parameters : 	t = 1    U = 8    g = 0.04    W = 0.2    g' = 0.14    
********************************************************************************************************************
Read input file "hilbertspace_params.in"
	Requested 16-site 2D lattice, with 14 electrons (7, 7)
	Boundary : Periodic		Hilbert space representation : momentum-space (restricted to kIdx = 0)
	Conservation: particle number[U(1)]      spin[U(1)]     momentum
********************************************************************************************************************

Cluster Positions:				Cluster symmetry group : D4
 x ... x ... x ... x .....                       x ... x ... x ... x .....
 |           |           :                       |           |           :
 |           |           :                       |           |           :
12    13    14    15     x                       1     5     6     5     x
 |           |           :                       |           |           :
 |           |           :                       |           |           :
 8 --- 9 ---10 ---11 --- x                       2 --- 6 ---10 --- 6 --- x
 |           |           :                       |           |           :
 |           |           :                       |           |           :
 4     5     6     7     x                       1     5     6     5     x
 |           |           :                       |           |           :
 |           |           :                       |           |           :
 0 --- 1 --- 2 --- 3 --- x                       0 --- 1 --- 2 --- 1 --- x
orbital number : 1
********************************************************************************************************************
Read input file "obs_params.in"
	Observable Type : Nq(All),   Sq(All),   N(All),   Delta[s](All),   Delta[d](All),   Delta[s+](All)
********************************************************************************************************************
** WARNING ** the input observables have non-local factors which have been reinterpreted. The total observable number is 96
********************************************************************************************************************


********************************************************************************************************************
Start calculating the non-Gaussian ED ground state
** WARNING ** Detected low phonon energy W < 10. The initial state will be prepared through a warm-up process.
********************************************************************************************************************
Start warm-up calculation for scaling factor 64
open output files: NGSEDWarmUpW12.8Obs.txt
********************************************************************************************************************
Start the 0 rounds of NGS-ED iteration
	effective electronic model is modified as: kinetic energy t = 1
	                                           effective interaction Vq = [0,0,0,0,0,0,0,0,0,0,0,0,0,0,0,0]
	first Hamiltonian is constructed, non-zero numbers = 2178478298
	PARPACK diagonalization completed after 165 matrix-vector product operations.
	iteration results: : total energy is -11.868836 | electron energy -11.868836 + phonon energy 0.000000 | electron momentum kIdx = 0
	Nq(0) = 12.25,	Nq(1) = 0.154193,	Nq(2) = 0.185311,	Nq(3) = 0.154193,	Nq(4) = 0.154193,	Nq(5) = 0.203281,	Nq(6) = 0.235634,	Nq(7) = 0.203281,	Nq(8) = 0.185311,	Nq(9) = 0.235634,	Nq(10) = 0.275446,	Nq(11) = 0.235634,	Nq(12) = 0.154193,	Nq(13) = 0.203281,	Nq(14) = 0.235634,	Nq(15) = 0.203281,	Sq(0) = 1.11096e-18,	Sq(1) = 0.474292,	Sq(2) = 0.766364,	Sq(3) = 0.474292,	Sq(4) = 0.474292,	Sq(5) = 0.630724,	Sq(6) = 1.05279,	Sq(7) = 0.630724,	Sq(8) = 0.766364,	Sq(9) = 1.05279,	Sq(10) = 2.56755,	Sq(11) = 1.05279,	Sq(12) = 0.474292,	Sq(13) = 0.630724,	Sq(14) = 1.05279,	Sq(15) = 0.630724,	N(0) = 1.75464,	N(1) = 1.59086,	N(2) = 0.323321,	N(3) = 1.59086,	N(4) = 1.59086,	N(5) = 0.999881,	N(6) = 0.267546,	N(7) = 0.999881,	N(8) = 0.323321,	N(9) = 0.267546,	N(10) = 0.165565,	N(11) = 0.267546,	N(12) = 1.59086,	N(13) = 0.999881,	N(14) = 0.267546,	N(15) = 0.999881,	Delta[s](0) = 0.0780439,	Delta[s](1) = 0.0586256,	Delta[s](2) = 0.0354815,	Delta[s](3) = 0.0586256,	Delta[s](4) = 0.0586256,	Delta[s](5) = 0.0422411,	Delta[s](6) = 0.0201078,	Delta[s](7) = 0.0422411,	Delta[s](8) = 0.0354815,	Delta[s](9) = 0.0201078,	Delta[s](10) = 0.00134526,	Delta[s](11) = 0.0201078,	Delta[s](12) = 0.0586256,	Delta[s](13) = 0.0422411,	Delta[s](14) = 0.0201078,	Delta[s](15) = 0.0422411,	Delta[d](0) = 0.279354,	Delta[d](1) = 0.193184,	Delta[d](2) = 0.202664,	Delta[d](3) = 0.193184,	Delta[d](4) = 0.193184,	Delta[d](5) = 0.179453,	Delta[d](6) = 0.134801,	Delta[d](7) = 0.179453,	Delta[d](8) = 0.202664,	Delta[d](9) = 0.134801,	Delta[d](10) = 0.0545444,	Delta[d](11) = 0.134801,	Delta[d](12) = 0.193184,	Delta[d](13) = 0.179453,	Delta[d](14) = 0.134801,	Delta[d](15) = 0.179453,	Delta[s+](0) = 0.567052,	Delta[s+](1) = 0.422358,	Delta[s+](2) = 0.202664,	Delta[s+](3) = 0.422358,	Delta[s+](4) = 0.422358,	Delta[s+](5) = 0.295362,	Delta[s+](6) = 0.128256,	Delta[s+](7) = 0.295362,	Delta[s+](8) = 0.202664,	Delta[s+](9) = 0.128256,	Delta[s+](10) = 0.0392052,	Delta[s+](11) = 0.128256,	Delta[s+](12) = 0.422358,	Delta[s+](13) = 0.295362,	Delta[s+](14) = 0.128256,	Delta[s+](15) = 0.295362
The 0-th iteration is completed.	|| time cost : 0h 6m 27.831s
********************************************************************************************************************
Start the 1 rounds of NGS-ED iteration
	effective electronic model is modified as: kinetic energy t = 0.991365
	                                           effective interaction Vq = [   -1.66085,  -0.443264,-0.00661269,  -0.443264,  -0.443264,-0.00668187,  -0.233064,-0.00668187,-0.00661269,  -0.233064,   -1.07358,  -0.233064,  -0.443264,-0.00668187,  -0.233064,-0.00668187]
	PARPACK diagonalization completed after 60 matrix-vector product operations.
	iteration results: : total energy is -32.889776 | electron energy -32.889953 + phonon energy 0.000177 | electron momentum kIdx = 0
The 1-th iteration is completed.	|| time cost : 0h 5m 17.278s
********************************************************************************************************************
Start the 2 rounds of NGS-ED iteration
	effective electronic model is modified as: kinetic energy t = 0.988273
	                                           effective interaction Vq = [   -1.78924,  -0.483016,-0.00715346,  -0.483016,  -0.483016, -0.0072392,  -0.252099, -0.0072392,-0.00715346,  -0.252099,   -1.17236,  -0.252099,  -0.483016, -0.0072392,  -0.252099, -0.0072392]
	PARPACK diagonalization completed after 45 matrix-vector product operations.
	iteration results: : total energy is -34.483965 | electron energy -34.484602 + phonon energy 0.000637 | electron momentum kIdx = 0
The 2-th iteration is completed.	|| time cost : 0h 0m 24.345s
********************************************************************************************************************
Start the 3 rounds of NGS-ED iteration
	effective electronic model is modified as: kinetic energy t = 0.987703
	                                           effective interaction Vq = [   -1.79917,  -0.489016,-0.00722632,  -0.489016,  -0.489016,-0.00731639,  -0.254584,-0.00731639,-0.00722632,  -0.254584,   -1.18644,  -0.254584,  -0.489016,-0.00731639,  -0.254584,-0.00731639]
	PARPACK diagonalization completed after 45 matrix-vector product operations.
	iteration results: : total energy is -34.606257 | electron energy -34.607061 + phonon energy 0.000804 | electron momentum kIdx = 0
The 3-th iteration is completed.	|| time cost : 0h 0m 24.326s
********************************************************************************************************************
Start the 4 rounds of NGS-ED iteration
	effective electronic model is modified as: kinetic energy t = 0.987603
	                                           effective interaction Vq = [   -1.79994,  -0.490147,-0.00723749,  -0.490147,  -0.490147,-0.00732872,  -0.254946,-0.00732872,-0.00723749,  -0.254946,   -1.18869,  -0.254946,  -0.490147,-0.00732872,  -0.254946,-0.00732872]
	PARPACK diagonalization completed after 45 matrix-vector product operations.
	iteration results: : total energy is -34.615680 | electron energy -34.616519 + phonon energy 0.000839 | electron momentum kIdx = 0
The 4-th iteration is completed.	|| time cost : 0h 0m 24.313s
********************************************************************************************************************
Start the 5 rounds of NGS-ED iteration
	effective electronic model is modified as: kinetic energy t = 0.987585
	                                           effective interaction Vq = [       -1.8,  -0.490372,-0.00723924,  -0.490372,  -0.490372,-0.00733074,     -0.255,-0.00733074,-0.00723924,     -0.255,   -1.18905,     -0.255,  -0.490372,-0.00733074,     -0.255,-0.00733074]
	PARPACK diagonalization completed after 30 matrix-vector product operations.
	iteration results: : total energy is -34.616408 | electron energy -34.617253 + phonon energy 0.000846 | electron momentum kIdx = 0
The 5-th iteration is completed.	|| time cost : 0h 0m 21.549s
********************************************************************************************************************
Start the 6 rounds of NGS-ED iteration
	effective electronic model is modified as: kinetic energy t = 0.987582
	                                           effective interaction Vq = [       -1.8,  -0.490418,-0.00723951,  -0.490418,  -0.490418,-0.00733107,  -0.255008,-0.00733107,-0.00723951,  -0.255008,   -1.18911,  -0.255008,  -0.490418,-0.00733107,  -0.255008,-0.00733107]
	PARPACK diagonalization completed after 30 matrix-vector product operations.
	iteration results: : total energy is -34.616464 | electron energy -34.617311 + phonon energy 0.000847 | electron momentum kIdx = 0
	Nq(0) = 12.25,	Nq(1) = 0.162283,	Nq(2) = 0.188452,	Nq(3) = 0.162283,	Nq(4) = 0.162283,	Nq(5) = 0.206505,	Nq(6) = 0.245683,	Nq(7) = 0.206505,	Nq(8) = 0.188452,	Nq(9) = 0.245683,	Nq(10) = 0.311363,	Nq(11) = 0.245683,	Nq(12) = 0.162283,	Nq(13) = 0.206505,	Nq(14) = 0.245683,	Nq(15) = 0.206505,	Sq(0) = -4.83837e-18,	Sq(1) = 0.471133,	Sq(2) = 0.757191,	Sq(3) = 0.471133,	Sq(4) = 0.471133,	Sq(5) = 0.623802,	Sq(6) = 1.04417,	Sq(7) = 0.623802,	Sq(8) = 0.757191,	Sq(9) = 1.04417,	Sq(10) = 2.53305,	Sq(11) = 1.04417,	Sq(12) = 0.471133,	Sq(13) = 0.623802,	Sq(14) = 1.04417,	Sq(15) = 0.623802,	N(0) = 1.77163,	N(1) = 1.61711,	N(2) = 0.311149,	N(3) = 1.61711,	N(4) = 1.61711,	N(5) = 0.997291,	N(6) = 0.248855,	N(7) = 0.997291,	N(8) = 0.311149,	N(9) = 0.248855,	N(10) = 0.153065,	N(11) = 0.248855,	N(12) = 1.61711,	N(13) = 0.997291,	N(14) = 0.248855,	N(15) = 0.997291,	Delta[s](0) = 0.0846574,	Delta[s](1) = 0.0639404,	Delta[s](2) = 0.039311,	Delta[s](3) = 0.0639404,	Delta[s](4) = 0.0639404,	Delta[s](5) = 0.0464671,	Delta[s](6) = 0.0227318,	Delta[s](7) = 0.0464671,	Delta[s](8) = 0.039311,	Delta[s](9) = 0.0227318,	Delta[s](10) = 0.0022379,	Delta[s](11) = 0.0227318,	Delta[s](12) = 0.0639404,	Delta[s](13) = 0.0464671,	Delta[s](14) = 0.0227318,	Delta[s](15) = 0.0464671,	Delta[d](0) = 0.287522,	Delta[d](1) = 0.19423,	Delta[d](2) = 0.203608,	Delta[d](3) = 0.19423,	Delta[d](4) = 0.19423,	Delta[d](5) = 0.180864,	Delta[d](6) = 0.134436,	Delta[d](7) = 0.180864,	Delta[d](8) = 0.203608,	Delta[d](9) = 0.134436,	Delta[d](10) = 0.0541679,	Delta[d](11) = 0.134436,	Delta[d](12) = 0.19423,	Delta[d](13) = 0.180864,	Delta[d](14) = 0.134436,	Delta[d](15) = 0.180864,	Delta[s+](0) = 0.574845,	Delta[s+](1) = 0.428543,	Delta[s+](2) = 0.203608,	Delta[s+](3) = 0.428543,	Delta[s+](4) = 0.428543,	Delta[s+](5) = 0.298923,	Delta[s+](6) = 0.128253,	Delta[s+](7) = 0.298923,	Delta[s+](8) = 0.203608,	Delta[s+](9) = 0.128253,	Delta[s+](10) = 0.0382546,	Delta[s+](11) = 0.128253,	Delta[s+](12) = 0.428543,	Delta[s+](13) = 0.298923,	Delta[s+](14) = 0.128253,	Delta[s+](15) = 0.298923
The 6-th iteration is completed.	|| time cost : 0h 4m 0.087s
********************************************************************************************************************
********************************************************************************************************************
Ground state is obtained after 7 iterations. The current ground-state energy is -34.6165, in which electron energy is -34.6173 and phonon energy is 0.000846629
final variational state is: 
	Gamma_x = [      1,1.00212,1.00005,1.00212,1.00212,1.00005,1.00248,1.00005,1.00005,1.00248,1.01502,1.00248,1.00212,1.00005,1.00248,1.00005]
	lambda_q = [  0.374952,  0.158946, 0.0172922,  0.158946,  0.158946, 0.0177712,-0.0992318, 0.0177712, 0.0172922,-0.0992318, -0.212196,-0.0992318,  0.158946, 0.0177712,-0.0992318, 0.0177712]
The effective e-e interactions mediated by phonons are: [       1.8,  0.490427,0.00723955,  0.490427,  0.490427,0.00733113,  0.255009,0.00733113,0.00723955,  0.255009,   1.18912,  0.255009,  0.490427,0.00733113,  0.255009,0.00733113]
The real-space interactions mediated by phonons are: [ -6.01467, -1.26463,-0.826386, -2.50107, -1.08171, -2.75588,-0.826386,-0.649455, -2.97428,-0.649455,-0.826386, -2.75588, -1.08171, -2.50107,-0.826386, -1.26463]
********************************************************************************************************************
o___o  ----------------------------------------
| L |	Time since last clock: 0h 0m 0s
A===A	Time since the beginning: 0h 17m 19.732s
***********************************************

********************************************************************************************************************
Start warm-up calculation for scaling factor 32
open output files: NGSEDWarmUpW6.4Obs.txt
********************************************************************************************************************
Start the 0 rounds of NGS-ED iteration
	effective electronic model is modified as: kinetic energy t = 0.987582
	                                           effective interaction Vq = [   -1.64549,  -0.413758,-0.00591183,  -0.413758,  -0.413758,-0.00602111,  -0.206423,-0.00602111,-0.00591183,  -0.206423,  -0.960201,  -0.206423,  -0.413758,-0.00602111,  -0.206423,-0.00602111]
	PARPACK diagonalization completed after 60 matrix-vector product operations.
	iteration results: : total energy is -32.555220 | electron energy -32.555643 + phonon energy 0.000423 | electron momentum kIdx = 0
	Nq(0) = 12.25,	Nq(1) = 0.160712,	Nq(2) = 0.187504,	Nq(3) = 0.160712,	Nq(4) = 0.160712,	Nq(5) = 0.205468,	Nq(6) = 0.243218,	Nq(7) = 0.205468,	Nq(8) = 0.187504,	Nq(9) = 0.243218,	Nq(10) = 0.302905,	Nq(11) = 0.243218,	Nq(12) = 0.160712,	Nq(13) = 0.205468,	Nq(14) = 0.243218,	Nq(15) = 0.205468,	Sq(0) = -4.57175e-19,	Sq(1) = 0.471458,	Sq(2) = 0.759289,	Sq(3) = 0.471458,	Sq(4) = 0.471458,	Sq(5) = 0.625294,	Sq(6) = 1.04704,	Sq(7) = 0.625294,	Sq(8) = 0.759289,	Sq(9) = 1.04704,	Sq(10) = 2.54073,	Sq(11) = 1.04704,	Sq(12) = 0.471458,	Sq(13) = 0.625294,	Sq(14) = 1.04704,	Sq(15) = 0.625294,	N(0) = 1.76771,	N(1) = 1.61105,	N(2) = 0.314451,	N(3) = 1.61105,	N(4) = 1.61105,	N(5) = 0.997728,	N(6) = 0.253063,	N(7) = 0.997728,	N(8) = 0.314451,	N(9) = 0.253063,	N(10) = 0.156033,	N(11) = 0.253063,	N(12) = 1.61105,	N(13) = 0.997728,	N(14) = 0.253063,	N(15) = 0.997728,	Delta[s](0) = 0.0827445,	Delta[s](1) = 0.0625084,	Delta[s](2) = 0.0384264,	Delta[s](3) = 0.0625084,	Delta[s](4) = 0.0625084,	Delta[s](5) = 0.0454249,	Delta[s](6) = 0.0222668,	Delta[s](7) = 0.0454249,	Delta[s](8) = 0.0384264,	Delta[s](9) = 0.0222668,	Delta[s](10) = 0.0023558,	Delta[s](11) = 0.0222668,	Delta[s](12) = 0.0625084,	Delta[s](13) = 0.0454249,	Delta[s](14) = 0.0222668,	Delta[s](15) = 0.0454249,	Delta[d](0) = 0.2921,	Delta[d](1) = 0.198609,	Delta[d](2) = 0.207837,	Delta[d](3) = 0.198609,	Delta[d](4) = 0.198609,	Delta[d](5) = 0.184642,	Delta[d](6) = 0.137611,	Delta[d](7) = 0.184642,	Delta[d](8) = 0.207837,	Delta[d](9) = 0.137611,	Delta[d](10) = 0.0556802,	Delta[d](11) = 0.137611,	Delta[d](12) = 0.198609,	Delta[d](13) = 0.184642,	Delta[d](14) = 0.137611,	Delta[d](15) = 0.184642,	Delta[s+](0) = 0.58465,	Delta[s+](1) = 0.435825,	Delta[s+](2) = 0.207837,	Delta[s+](3) = 0.435825,	Delta[s+](4) = 0.435825,	Delta[s+](5) = 0.304251,	Delta[s+](6) = 0.131146,	Delta[s+](7) = 0.304251,	Delta[s+](8) = 0.207837,	Delta[s+](9) = 0.131146,	Delta[s+](10) = 0.0395159,	Delta[s+](11) = 0.131146,	Delta[s+](12) = 0.435825,	Delta[s+](13) = 0.304251,	Delta[s+](14) = 0.131146,	Delta[s+](15) = 0.304251
The 0-th iteration is completed.	|| time cost : 0h 4m 5.006s
********************************************************************************************************************
Start the 1 rounds of NGS-ED iteration
	effective electronic model is modified as: kinetic energy t = 0.986285
	                                           effective interaction Vq = [   -1.75704,  -0.439011, -0.0061357,  -0.439011,  -0.439011,-0.00628127,   -0.21214,-0.00628127, -0.0061357,   -0.21214,  -0.981439,   -0.21214,  -0.439011,-0.00628127,   -0.21214,-0.00628127]
	PARPACK diagonalization completed after 45 matrix-vector product operations.
	iteration results: : total energy is -33.926906 | electron energy -33.928245 + phonon energy 0.001338 | electron momentum kIdx = 0
The 1-th iteration is completed.	|| time cost : 0h 0m 24.35s
********************************************************************************************************************
Start the 2 rounds of NGS-ED iteration
	effective electronic model is modified as: kinetic energy t = 0.985798
	                                           effective interaction Vq = [   -1.78806,  -0.447762,-0.00620038,  -0.447762,  -0.447762,-0.00635913,  -0.213758,-0.00635913,-0.00620038,  -0.213758,  -0.988997,  -0.213758,  -0.447762,-0.00635913,  -0.213758,-0.00635913]
	PARPACK diagonalization completed after 45 matrix-vector product operations.
	iteration results: : total energy is -34.307577 | electron energy -34.309356 + phonon energy 0.001780 | electron momentum kIdx = 0
The 2-th iteration is completed.	|| time cost : 0h 0m 24.348s
********************************************************************************************************************
Start the 3 rounds of NGS-ED iteration
	effective electronic model is modified as: kinetic energy t = 0.985619
	                                           effective interaction Vq = [   -1.79668,  -0.450994,-0.00621959,  -0.450994,  -0.450994,-0.00638321,  -0.214227,-0.00638321,-0.00621959,  -0.214227,  -0.991669,  -0.214227,  -0.450994,-0.00638321,  -0.214227,-0.00638321]
	PARPACK diagonalization completed after 45 matrix-vector product operations.
	iteration results: : total energy is -34.413319 | electron energy -34.415270 + phonon energy 0.001951 | electron momentum kIdx = 0
The 3-th iteration is completed.	|| time cost : 0h 0m 24.365s
********************************************************************************************************************
Start the 4 rounds of NGS-ED iteration
	effective electronic model is modified as: kinetic energy t = 0.985553
	                                           effective interaction Vq = [   -1.79908,  -0.452222,-0.00622536,  -0.452222,  -0.452222,-0.00639073,  -0.214365,-0.00639073,-0.00622536,  -0.214365,  -0.992609,  -0.214365,  -0.452222,-0.00639073,  -0.214365,-0.00639073]
	PARPACK diagonalization completed after 45 matrix-vector product operations.
	iteration results: : total energy is -34.442706 | electron energy -34.444720 + phonon energy 0.002014 | electron momentum kIdx = 0
The 4-th iteration is completed.	|| time cost : 0h 0m 24.37s
********************************************************************************************************************
Start the 5 rounds of NGS-ED iteration
	effective electronic model is modified as: kinetic energy t = 0.985529
	                                           effective interaction Vq = [   -1.79974,  -0.452693, -0.0062271,  -0.452693,  -0.452693,-0.00639309,  -0.214406,-0.00639309, -0.0062271,  -0.214406,  -0.992939,  -0.214406,  -0.452693,-0.00639309,  -0.214406,-0.00639309]
	PARPACK diagonalization completed after 30 matrix-vector product operations.
	iteration results: : total energy is -34.450874 | electron energy -34.452911 + phonon energy 0.002037 | electron momentum kIdx = 0
The 5-th iteration is completed.	|| time cost : 0h 0m 21.539s
********************************************************************************************************************
Start the 6 rounds of NGS-ED iteration
	effective electronic model is modified as: kinetic energy t = 0.98552
	                                           effective interaction Vq = [   -1.79993,  -0.452876,-0.00622762,  -0.452876,  -0.452876,-0.00639383,  -0.214419,-0.00639383,-0.00622762,  -0.214419,  -0.993054,  -0.214419,  -0.452876,-0.00639383,  -0.214419,-0.00639383]
	PARPACK diagonalization completed after 30 matrix-vector product operations.
	iteration results: : total energy is -34.453145 | electron energy -34.455190 + phonon energy 0.002045 | electron momentum kIdx = 0
The 6-th iteration is completed.	|| time cost : 0h 0m 21.558s
********************************************************************************************************************
Start the 7 rounds of NGS-ED iteration
	effective electronic model is modified as: kinetic energy t = 0.985516
	                                           effective interaction Vq = [   -1.79998,  -0.452946,-0.00622778,  -0.452946,  -0.452946,-0.00639407,  -0.214422,-0.00639407,-0.00622778,  -0.214422,  -0.993095,  -0.214422,  -0.452946,-0.00639407,  -0.214422,-0.00639407]
	PARPACK diagonalization completed after 30 matrix-vector product operations.
	iteration results: : total energy is -34.453777 | electron energy -34.455825 + phonon energy 0.002048 | electron momentum kIdx = 0
The 7-th iteration is completed.	|| time cost : 0h 0m 21.539s
********************************************************************************************************************
Start the 8 rounds of NGS-ED iteration
	effective electronic model is modified as: kinetic energy t = 0.985515
	                                           effective interaction Vq = [   -1.79999,  -0.452973,-0.00622783,  -0.452973,  -0.452973,-0.00639414,  -0.214423,-0.00639414,-0.00622783,  -0.214423,  -0.993109,  -0.214423,  -0.452973,-0.00639414,  -0.214423,-0.00639414]
	PARPACK diagonalization completed after 30 matrix-vector product operations.
	iteration results: : total energy is -34.453952 | electron energy -34.456001 + phonon energy 0.002049 | electron momentum kIdx = 0
	Nq(0) = 12.25,	Nq(1) = 0.161211,	Nq(2) = 0.187441,	Nq(3) = 0.161211,	Nq(4) = 0.161211,	Nq(5) = 0.205325,	Nq(6) = 0.2433,	Nq(7) = 0.205325,	Nq(8) = 0.187441,	Nq(9) = 0.2433,	Nq(10) = 0.303776,	Nq(11) = 0.2433,	Nq(12) = 0.161211,	Nq(13) = 0.205325,	Nq(14) = 0.2433,	Nq(15) = 0.205325,	Sq(0) = 3.81307e-18,	Sq(1) = 0.471079,	Sq(2) = 0.75906,	Sq(3) = 0.471079,	Sq(4) = 0.471079,	Sq(5) = 0.62508,	Sq(6) = 1.04743,	Sq(7) = 0.62508,	Sq(8) = 0.75906,	Sq(9) = 1.04743,	Sq(10) = 2.53952,	Sq(11) = 1.04743,	Sq(12) = 0.471079,	Sq(13) = 0.62508,	Sq(14) = 1.04743,	Sq(15) = 0.62508,	N(0) = 1.76791,	N(1) = 1.61158,	N(2) = 0.314561,	N(3) = 1.61158,	N(4) = 1.61158,	N(5) = 0.997493,	N(6) = 0.252679,	N(7) = 0.997493,	N(8) = 0.314561,	N(9) = 0.252679,	N(10) = 0.155978,	N(11) = 0.252679,	N(12) = 1.61158,	N(13) = 0.997493,	N(14) = 0.252679,	N(15) = 0.997493,	Delta[s](0) = 0.0827597,	Delta[s](1) = 0.0625582,	Delta[s](2) = 0.0385133,	Delta[s](3) = 0.0625582,	Delta[s](4) = 0.0625582,	Delta[s](5) = 0.0454963,	Delta[s](6) = 0.0223758,	Delta[s](7) = 0.0454963,	Delta[s](8) = 0.0385133,	Delta[s](9) = 0.0223758,	Delta[s](10) = 0.00249282,	Delta[s](11) = 0.0223758,	Delta[s](12) = 0.0625582,	Delta[s](13) = 0.0454963,	Delta[s](14) = 0.0223758,	Delta[s](15) = 0.0454963,	Delta[d](0) = 0.299043,	Delta[d](1) = 0.203136,	Delta[d](2) = 0.212356,	Delta[d](3) = 0.203136,	Delta[d](4) = 0.203136,	Delta[d](5) = 0.188759,	Delta[d](6) = 0.140631,	Delta[d](7) = 0.188759,	Delta[d](8) = 0.212356,	Delta[d](9) = 0.140631,	Delta[d](10) = 0.0570282,	Delta[d](11) = 0.140631,	Delta[d](12) = 0.203136,	Delta[d](13) = 0.188759,	Delta[d](14) = 0.140631,	Delta[d](15) = 0.188759,	Delta[s+](0) = 0.597025,	Delta[s+](1) = 0.445081,	Delta[s+](2) = 0.212356,	Delta[s+](3) = 0.445081,	Delta[s+](4) = 0.445081,	Delta[s+](5) = 0.310708,	Delta[s+](6) = 0.134007,	Delta[s+](7) = 0.310708,	Delta[s+](8) = 0.212356,	Delta[s+](9) = 0.134007,	Delta[s+](10) = 0.0404365,	Delta[s+](11) = 0.134007,	Delta[s+](12) = 0.445081,	Delta[s+](13) = 0.310708,	Delta[s+](14) = 0.134007,	Delta[s+](15) = 0.310708
The 8-th iteration is completed.	|| time cost : 0h 3m 57.63s
********************************************************************************************************************
********************************************************************************************************************
Ground state is obtained after 9 iterations. The current ground-state energy is -34.454, in which electron energy is -34.456 and phonon energy is 0.00204917
final variational state is: 
	Gamma_x = [      1, 1.0058,1.00012, 1.0058, 1.0058,1.00013,1.00549,1.00013,1.00012,1.00549,1.03257,1.00549, 1.0058,1.00013,1.00549,1.00013]
	lambda_q = [  0.52984, 0.186815, 0.018715, 0.186815, 0.186815,0.0195151,-0.104911,0.0195151, 0.018715,-0.104911,-0.222816,-0.104911, 0.186815,0.0195151,-0.104911,0.0195151]
The effective e-e interactions mediated by phonons are: [       1.8,  0.452984,0.00622784,  0.452984,  0.452984,0.00639416,  0.214424,0.00639416,0.00622784,  0.214424,  0.993114,  0.214424,  0.452984,0.00639416,  0.214424,0.00639416]
The real-space interactions mediated by phonons are: [ -5.50077, -1.40763,-0.900259,  -2.3625, -1.28401, -2.62071,-0.900259,-0.784243, -2.77999,-0.784243,-0.900259, -2.62071, -1.28401,  -2.3625,-0.900259, -1.40763]
********************************************************************************************************************
o___o  ----------------------------------------
| L |	Time since last clock: 0h 0m 0s
A===A	Time since the beginning: 0h 28m 4.442s
***********************************************

********************************************************************************************************************
Start warm-up calculation for scaling factor 16
open output files: NGSEDWarmUpW3.2Obs.txt
********************************************************************************************************************
Start the 0 rounds of NGS-ED iteration
	effective electronic model is modified as: kinetic energy t = 0.985515
	                                           effective interaction Vq = [    -1.6449,  -0.366567,-0.00486801,  -0.366567,  -0.366567,-0.00502615,  -0.166209,-0.00502615,-0.00486801,  -0.166209,  -0.768043,  -0.166209,  -0.366567,-0.00502615,  -0.166209,-0.00502615]
	PARPACK diagonalization completed after 60 matrix-vector product operations.
	iteration results: : total energy is -32.383781 | electron energy -32.384806 + phonon energy 0.001025 | electron momentum kIdx = 0
	Nq(0) = 12.25,	Nq(1) = 0.159545,	Nq(2) = 0.18652,	Nq(3) = 0.159545,	Nq(4) = 0.159545,	Nq(5) = 0.204333,	Nq(6) = 0.240911,	Nq(7) = 0.204333,	Nq(8) = 0.18652,	Nq(9) = 0.240911,	Nq(10) = 0.295911,	Nq(11) = 0.240911,	Nq(12) = 0.159545,	Nq(13) = 0.204333,	Nq(14) = 0.240911,	Nq(15) = 0.204333,	Sq(0) = -9.73266e-19,	Sq(1) = 0.471529,	Sq(2) = 0.761143,	Sq(3) = 0.471529,	Sq(4) = 0.471529,	Sq(5) = 0.626578,	Sq(6) = 1.05009,	Sq(7) = 0.626578,	Sq(8) = 0.761143,	Sq(9) = 1.05009,	Sq(10) = 2.54682,	Sq(11) = 1.05009,	Sq(12) = 0.471529,	Sq(13) = 0.626578,	Sq(14) = 1.05009,	Sq(15) = 0.626578,	N(0) = 1.76395,	N(1) = 1.6055,	N(2) = 0.317868,	N(3) = 1.6055,	N(4) = 1.6055,	N(5) = 0.997984,	N(6) = 0.256865,	N(7) = 0.997984,	N(8) = 0.317868,	N(9) = 0.256865,	N(10) = 0.158915,	N(11) = 0.256865,	N(12) = 1.6055,	N(13) = 0.997984,	N(14) = 0.256865,	N(15) = 0.997984,	Delta[s](0) = 0.0812121,	Delta[s](1) = 0.0613164,	Delta[s](2) = 0.0376333,	Delta[s](3) = 0.0613164,	Delta[s](4) = 0.0613164,	Delta[s](5) = 0.0444933,	Delta[s](6) = 0.0217618,	Delta[s](7) = 0.0444933,	Delta[s](8) = 0.0376333,	Delta[s](9) = 0.0217618,	Delta[s](10) = 0.00228672,	Delta[s](11) = 0.0217618,	Delta[s](12) = 0.0613164,	Delta[s](13) = 0.0444933,	Delta[s](14) = 0.0217618,	Delta[s](15) = 0.0444933,	Delta[d](0) = 0.304474,	Delta[d](1) = 0.207977,	Delta[d](2) = 0.21721,	Delta[d](3) = 0.207977,	Delta[d](4) = 0.207977,	Delta[d](5) = 0.193034,	Delta[d](6) = 0.14415,	Delta[d](7) = 0.193034,	Delta[d](8) = 0.21721,	Delta[d](9) = 0.14415,	Delta[d](10) = 0.0586089,	Delta[d](11) = 0.14415,	Delta[d](12) = 0.207977,	Delta[d](13) = 0.193034,	Delta[d](14) = 0.14415,	Delta[d](15) = 0.193034,	Delta[s+](0) = 0.608924,	Delta[s+](1) = 0.453899,	Delta[s+](2) = 0.21721,	Delta[s+](3) = 0.453899,	Delta[s+](4) = 0.453899,	Delta[s+](5) = 0.31708,	Delta[s+](6) = 0.137244,	Delta[s+](7) = 0.31708,	Delta[s+](8) = 0.21721,	Delta[s+](9) = 0.137244,	Delta[s+](10) = 0.0417117,	Delta[s+](11) = 0.137244,	Delta[s+](12) = 0.453899,	Delta[s+](13) = 0.31708,	Delta[s+](14) = 0.137244,	Delta[s+](15) = 0.31708
The 0-th iteration is completed.	|| time cost : 0h 4m 2.788s
********************************************************************************************************************
Start the 1 rounds of NGS-ED iteration
	effective electronic model is modified as: kinetic energy t = 0.986249
	                                           effective interaction Vq = [   -1.71821,  -0.373141,-0.00478407,  -0.373141,  -0.373141,-0.00497683,  -0.161059,-0.00497683,-0.00478407,  -0.161059,  -0.738312,  -0.161059,  -0.373141,-0.00497683,  -0.161059,-0.00497683]
	PARPACK diagonalization completed after 45 matrix-vector product operations.
	iteration results: : total energy is -33.283936 | electron energy -33.285986 + phonon energy 0.002049 | electron momentum kIdx = 0
The 1-th iteration is completed.	|| time cost : 0h 0m 24.345s
********************************************************************************************************************
Start the 2 rounds of NGS-ED iteration
	effective electronic model is modified as: kinetic energy t = 0.986437
	                                           effective interaction Vq = [   -1.75688,  -0.376661,-0.00474901,  -0.376661,  -0.376661,-0.00495506,  -0.159145,-0.00495506,-0.00474901,  -0.159145,  -0.729001,  -0.159145,  -0.376661,-0.00495506,  -0.159145,-0.00495506]
	PARPACK diagonalization completed after 45 matrix-vector product operations.
	iteration results: : total energy is -33.757848 | electron energy -33.760438 + phonon energy 0.002590 | electron momentum kIdx = 0
The 2-th iteration is completed.	|| time cost : 0h 0m 24.338s
********************************************************************************************************************
Start the 3 rounds of NGS-ED iteration
	effective electronic model is modified as: kinetic energy t = 0.986471
	                                           effective interaction Vq = [   -1.77726,  -0.378571, -0.0047345,  -0.378571,  -0.378571,-0.00494554,  -0.158447,-0.00494554, -0.0047345,  -0.158447,  -0.726341,  -0.158447,  -0.378571,-0.00494554,  -0.158447,-0.00494554]
	PARPACK diagonalization completed after 45 matrix-vector product operations.
	iteration results: : total energy is -34.007634 | electron energy -34.010494 + phonon energy 0.002860 | electron momentum kIdx = 0
The 3-th iteration is completed.	|| time cost : 0h 0m 24.328s
********************************************************************************************************************
Start the 4 rounds of NGS-ED iteration
	effective electronic model is modified as: kinetic energy t = 0.986467
	                                           effective interaction Vq = [   -1.78801,  -0.379615,-0.00472852,  -0.379615,  -0.379615, -0.0049414,  -0.158197, -0.0049414,-0.00472852,  -0.158197,  -0.725716,  -0.158197,  -0.379615, -0.0049414,  -0.158197, -0.0049414]
	PARPACK diagonalization completed after 45 matrix-vector product operations.
	iteration results: : total energy is -34.139327 | electron energy -34.142325 + phonon energy 0.002998 | electron momentum kIdx = 0
The 4-th iteration is completed.	|| time cost : 0h 0m 24.302s
********************************************************************************************************************
Start the 5 rounds of NGS-ED iteration
	effective electronic model is modified as: kinetic energy t = 0.986456
	                                           effective interaction Vq = [   -1.79368,  -0.380189,-0.00472607,  -0.380189,  -0.380189,-0.00493961,  -0.158109,-0.00493961,-0.00472607,  -0.158109,  -0.725657,  -0.158109,  -0.380189,-0.00493961,  -0.158109,-0.00493961]
	PARPACK diagonalization completed after 30 matrix-vector product operations.
	iteration results: : total energy is -34.208763 | electron energy -34.211835 + phonon energy 0.003071 | electron momentum kIdx = 0
The 5-th iteration is completed.	|| time cost : 0h 0m 21.584s
********************************************************************************************************************
Start the 6 rounds of NGS-ED iteration
	effective electronic model is modified as: kinetic energy t = 0.986447
	                                           effective interaction Vq = [   -1.79667,  -0.380507,-0.00472507,  -0.380507,  -0.380507,-0.00493883,   -0.15808,-0.00493883,-0.00472507,   -0.15808,  -0.725722,   -0.15808,  -0.380507,-0.00493883,   -0.15808,-0.00493883]
	PARPACK diagonalization completed after 30 matrix-vector product operations.
	iteration results: : total energy is -34.245376 | electron energy -34.248487 + phonon energy 0.003111 | electron momentum kIdx = 0
The 6-th iteration is completed.	|| time cost : 0h 0m 21.529s
********************************************************************************************************************
Start the 7 rounds of NGS-ED iteration
	effective electronic model is modified as: kinetic energy t = 0.986441
	                                           effective interaction Vq = [   -1.79824,  -0.380682,-0.00472466,  -0.380682,  -0.380682, -0.0049385,   -0.15807, -0.0049385,-0.00472466,   -0.15807,  -0.725792,   -0.15807,  -0.380682, -0.0049385,   -0.15807, -0.0049385]
	PARPACK diagonalization completed after 30 matrix-vector product operations.
	iteration results: : total energy is -34.264681 | electron energy -34.267814 + phonon energy 0.003133 | electron momentum kIdx = 0
The 7-th iteration is completed.	|| time cost : 0h 0m 21.542s
********************************************************************************************************************
Start the 8 rounds of NGS-ED iteration
	effective electronic model is modified as: kinetic energy t = 0.986437
	                                           effective interaction Vq = [   -1.79907,   -0.38078, -0.0047245,   -0.38078,   -0.38078,-0.00493835,  -0.158067,-0.00493835, -0.0047245,  -0.158067,  -0.725843,  -0.158067,   -0.38078,-0.00493835,  -0.158067,-0.00493835]
	PARPACK diagonalization completed after 30 matrix-vector product operations.
	iteration results: : total energy is -34.274860 | electron energy -34.278005 + phonon energy 0.003145 | electron momentum kIdx = 0
The 8-th iteration is completed.	|| time cost : 0h 0m 21.562s
********************************************************************************************************************
Start the 9 rounds of NGS-ED iteration
	effective electronic model is modified as: kinetic energy t = 0.986435
	                                           effective interaction Vq = [   -1.79951,  -0.380834,-0.00472443,  -0.380834,  -0.380834,-0.00493829,  -0.158067,-0.00493829,-0.00472443,  -0.158067,  -0.725876,  -0.158067,  -0.380834,-0.00493829,  -0.158067,-0.00493829]
	PARPACK diagonalization completed after 30 matrix-vector product operations.
	iteration results: : total energy is -34.280228 | electron energy -34.283380 + phonon energy 0.003152 | electron momentum kIdx = 0
The 9-th iteration is completed.	|| time cost : 0h 0m 21.557s
********************************************************************************************************************
Start the 10 rounds of NGS-ED iteration
	effective electronic model is modified as: kinetic energy t = 0.986434
	                                           effective interaction Vq = [   -1.79974,  -0.380865,-0.00472441,  -0.380865,  -0.380865,-0.00493827,  -0.158067,-0.00493827,-0.00472441,  -0.158067,  -0.725895,  -0.158067,  -0.380865,-0.00493827,  -0.158067,-0.00493827]
	PARPACK diagonalization completed after 30 matrix-vector product operations.
	iteration results: : total energy is -34.283058 | electron energy -34.286214 + phonon energy 0.003156 | electron momentum kIdx = 0
The 10-th iteration is completed.	|| time cost : 0h 0m 21.56s
********************************************************************************************************************
Start the 11 rounds of NGS-ED iteration
	effective electronic model is modified as: kinetic energy t = 0.986433
	                                           effective interaction Vq = [   -1.79986,  -0.380882, -0.0047244,  -0.380882,  -0.380882,-0.00493825,  -0.158067,-0.00493825, -0.0047244,  -0.158067,  -0.725907,  -0.158067,  -0.380882,-0.00493825,  -0.158067,-0.00493825]
	PARPACK diagonalization completed after 30 matrix-vector product operations.
	iteration results: : total energy is -34.284550 | electron energy -34.287708 + phonon energy 0.003158 | electron momentum kIdx = 0
The 11-th iteration is completed.	|| time cost : 0h 0m 21.542s
********************************************************************************************************************
Start the 12 rounds of NGS-ED iteration
	effective electronic model is modified as: kinetic energy t = 0.986433
	                                           effective interaction Vq = [   -1.79993,  -0.380891,-0.00472439,  -0.380891,  -0.380891,-0.00493825,  -0.158067,-0.00493825,-0.00472439,  -0.158067,  -0.725914,  -0.158067,  -0.380891,-0.00493825,  -0.158067,-0.00493825]
	PARPACK diagonalization completed after 30 matrix-vector product operations.
	iteration results: : total energy is -34.285337 | electron energy -34.288496 + phonon energy 0.003159 | electron momentum kIdx = 0
The 12-th iteration is completed.	|| time cost : 0h 0m 21.558s
********************************************************************************************************************
Start the 13 rounds of NGS-ED iteration
	effective electronic model is modified as: kinetic energy t = 0.986433
	                                           effective interaction Vq = [   -1.79996,  -0.380896,-0.00472439,  -0.380896,  -0.380896,-0.00493825,  -0.158067,-0.00493825,-0.00472439,  -0.158067,  -0.725918,  -0.158067,  -0.380896,-0.00493825,  -0.158067,-0.00493825]
	PARPACK diagonalization completed after 30 matrix-vector product operations.
