SNEDics v3.21.4 Non-Gaussian ED ground state program		Start at Wed Jul 28 02:49:17 2021

parallized on 32 MPI threads  * 8 OpenMP threads = 256 total threads.
********************************************************************************************************************
********************************************************************************************************************

********************************************************************************************************************
System parameters and configurations
	special program options are enabled: splitted diagonal Hamiltonian | splitted Hamiltonian terms
********************************************************************************************************************
Read input file "model_params.in"
	Hubbard-Holstein model parameters : 	t = 1    U = 8    g = 0.1    W = 0.2    g' = 0.1    
********************************************************************************************************************
Read input file "hilbertspace_params.in"
	Requested 16-site 2D lattice, with 14 electrons (7, 7)
	Boundary : Periodic		Hilbert space representation : momentum-space (restricted to kIdx = 0)
	Conservation: particle number[U(1)]      spin[U(1)]     momentum
********************************************************************************************************************

Cluster Positions:				Cluster symmetry group : D4
 x ... x ... x ... x .....                       x ... x ... x ... x .....
 |           |           :                       |           |           :
 |           |           :                       |           |           :
12    13    14    15     x                       1     5     6     5     x
 |           |           :                       |           |           :
 |           |           :                       |           |           :
 8 --- 9 ---10 ---11 --- x                       2 --- 6 ---10 --- 6 --- x
 |           |           :                       |           |           :
 |           |           :                       |           |           :
 4     5     6     7     x                       1     5     6     5     x
 |           |           :                       |           |           :
 |           |           :                       |           |           :
 0 --- 1 --- 2 --- 3 --- x                       0 --- 1 --- 2 --- 1 --- x
orbital number : 1
********************************************************************************************************************
Read input file "obs_params.in"
	Observable Type : Nq(All),   Sq(All),   N(All),   Delta[s](All),   Delta[d](All),   Delta[s+](All)
** WARNING ** the input observables have non-local factors which have been reinterpreted. The total observable number is 96
********************************************************************************************************************


********************************************************************************************************************
Start calculating the non-Gaussian ED ground state
Maximal iteration number is 1000; energy resolution is 1e-06. Phonon state relaxation time is 2000
W = 0.2 is relatively large. The non-Gaussian ED calculation starts directly.
open output files: NGSED_iteration_obserbles.txt
********************************************************************************************************************
Start the 0 rounds of NGS-ED iteration
	effective electronic model is modified as: kinetic energy t = 1
	                                           effective interaction Vq = [0,0,0,0,0,0,0,0,0,0,0,0,0,0,0,0]
	first Hamiltonian is constructed, size = 8179600 and non-zero numbers = 2178478298
	PARPACK diagonalization completed after 180 matrix-vector product operations.
	iteration results: : total energy is -11.868836 | electron energy -11.868836 + phonon energy 0.000000 | electron momentum kIdx = 0
	Nq(0) = 12.25,	Nq(1) = 0.154193,	Nq(2) = 0.185311,	Nq(3) = 0.154193,	Nq(4) = 0.154193,	Nq(5) = 0.203281,	
	Nq(6) = 0.235634,	Nq(7) = 0.203281,	Nq(8) = 0.185311,	Nq(9) = 0.235634,	Nq(10) = 0.275446,	
	Nq(11) = 0.235634,	Nq(12) = 0.154193,	Nq(13) = 0.203281,	Nq(14) = 0.235634,	Nq(15) = 0.203281;	
	Sq(0) = -1.83137e-18,	Sq(1) = 0.474292,	Sq(2) = 0.766364,	Sq(3) = 0.474292,	Sq(4) = 0.474292,	
	Sq(5) = 0.630724,	Sq(6) = 1.05279,	Sq(7) = 0.630724,	Sq(8) = 0.766364,	Sq(9) = 1.05279,	
	Sq(10) = 2.56755,	Sq(11) = 1.05279,	Sq(12) = 0.474292,	Sq(13) = 0.630724,	Sq(14) = 1.05279,	
	Sq(15) = 0.630724;	N(0) = 1.75464,	N(1) = 1.59086,	N(2) = 0.323321,	N(3) = 1.59086,	
	N(4) = 1.59086,	N(5) = 0.999881,	N(6) = 0.267546,	N(7) = 0.999881,	N(8) = 0.323321,	
	N(9) = 0.267546,	N(10) = 0.165565,	N(11) = 0.267546,	N(12) = 1.59086,	N(13) = 0.999881,	
	N(14) = 0.267546,	N(15) = 0.999881;	Delta[s](0) = 0.0792018,	Delta[s](1) = 0.0591956,	Delta[s](2) = 0.0354203,	
	Delta[s](3) = 0.0591956,	Delta[s](4) = 0.0591956,	Delta[s](5) = 0.0422867,	Delta[s](6) = 0.01952,	Delta[s](7) = 0.0422867,	
	Delta[s](8) = 0.0354203,	Delta[s](9) = 0.01952,	Delta[s](10) = 0.000198294,	Delta[s](11) = 0.01952,	Delta[s](12) = 0.0591956,	
	Delta[s](13) = 0.0422867,	Delta[s](14) = 0.01952,	Delta[s](15) = 0.0422867;	Delta[d](0) = 0.275672,	Delta[d](1) = 0.189849,	
	Delta[d](2) = 0.199526,	Delta[d](3) = 0.189849,	Delta[d](4) = 0.189849,	Delta[d](5) = 0.176512,	Delta[d](6) = 0.132438,	
	Delta[d](7) = 0.176512,	Delta[d](8) = 0.199526,	Delta[d](9) = 0.132438,	Delta[d](10) = 0.0534103,	Delta[d](11) = 0.132438,	
	Delta[d](12) = 0.189849,	Delta[d](13) = 0.176512,	Delta[d](14) = 0.132438,	Delta[d](15) = 0.176512;	Delta[s+](0) = 0.559462,	
	Delta[s+](1) = 0.41659,	Delta[s+](2) = 0.199526,	Delta[s+](3) = 0.41659,	Delta[s+](4) = 0.41659,	Delta[s+](5) = 0.291168,	
	Delta[s+](6) = 0.126056,	Delta[s+](7) = 0.291168,	Delta[s+](8) = 0.199526,	Delta[s+](9) = 0.126056,	Delta[s+](10) = 0.0382266,	
	Delta[s+](11) = 0.126056,	Delta[s+](12) = 0.41659,	Delta[s+](13) = 0.291168,	Delta[s+](14) = 0.126056,	Delta[s+](15) = 0.291168
	
The 0-th iteration is completed.	|| time cost : 0h 4m 43.236s
********************************************************************************************************************
Start the 1 rounds of NGS-ED iteration
	effective electronic model is modified as: kinetic energy t = 0.998731
	                                           effective interaction Vq = [      -1.25, -0.0499075,-0.00333808, -0.0499075, -0.0499075,-0.00364592,-0.00285242,-0.00364592,-0.00333808,-0.00285242,  -0.023251,-0.00285242, -0.0499075,-0.00364592,-0.00285242,-0.00364592]
	PARPACK diagonalization completed after 60 matrix-vector product operations.
	iteration results: : total energy is -27.203639 | electron energy -27.203974 + phonon energy 0.000335 | electron momentum kIdx = 0
The 1-th iteration is completed.	|| time cost : 0h 2m 59.714s
********************************************************************************************************************
Start the 2 rounds of NGS-ED iteration
	effective electronic model is modified as: kinetic energy t = 0.998725
	                                           effective interaction Vq = [      -1.25, -0.0500713,-0.00333594, -0.0500713, -0.0500713,-0.00364268,-0.00285113,-0.00364268,-0.00333594,-0.00285113, -0.0232816,-0.00285113, -0.0500713,-0.00364268,-0.00285113,-0.00364268]
	PARPACK diagonalization completed after 30 matrix-vector product operations.
	iteration results: : total energy is -27.203640 | electron energy -27.203978 + phonon energy 0.000339 | electron momentum kIdx = 0
The 2-th iteration is completed.	|| time cost : 0h 0m 21.862s
********************************************************************************************************************
Start the 3 rounds of NGS-ED iteration
	effective electronic model is modified as: kinetic energy t = 0.998725
	                                           effective interaction Vq = [      -1.25, -0.0500719,-0.00333593, -0.0500719, -0.0500719,-0.00364266,-0.00285112,-0.00364266,-0.00333593,-0.00285112, -0.0232816,-0.00285112, -0.0500719,-0.00364266,-0.00285112,-0.00364266]
	PARPACK diagonalization completed after 30 matrix-vector product operations.
	iteration results: : total energy is -27.203640 | electron energy -27.203978 + phonon energy 0.000339 | electron momentum kIdx = 0
The 3-th iteration is completed.	|| time cost : 0h 0m 21.835s
********************************************************************************************************************
Start the 4 rounds of NGS-ED iteration
	effective electronic model is modified as: kinetic energy t = 0.998725
	                                           effective interaction Vq = [      -1.25, -0.0500719,-0.00333593, -0.0500719, -0.0500719,-0.00364266,-0.00285112,-0.00364266,-0.00333593,-0.00285112, -0.0232816,-0.00285112, -0.0500719,-0.00364266,-0.00285112,-0.00364266]
	PARPACK diagonalization completed after 30 matrix-vector product operations.
	iteration results: : total energy is -27.203640 | electron energy -27.203978 + phonon energy 0.000339 | electron momentum kIdx = 0
	Nq(0) = 12.25,	Nq(1) = 0.15482,	Nq(2) = 0.185322,	Nq(3) = 0.15482,	Nq(4) = 0.15482,	Nq(5) = 0.203239,	
	Nq(6) = 0.235695,	Nq(7) = 0.203239,	Nq(8) = 0.185322,	Nq(9) = 0.235695,	Nq(10) = 0.275996,	
	Nq(11) = 0.235695,	Nq(12) = 0.15482,	Nq(13) = 0.203239,	Nq(14) = 0.235695,	Nq(15) = 0.203239;	
	Sq(0) = 1.30595e-18,	Sq(1) = 0.473759,	Sq(2) = 0.766048,	Sq(3) = 0.473759,	Sq(4) = 0.473759,	
	Sq(5) = 0.630454,	Sq(6) = 1.05321,	Sq(7) = 0.630454,	Sq(8) = 0.766048,	Sq(9) = 1.05321,	
	Sq(10) = 2.56654,	Sq(11) = 1.05321,	Sq(12) = 0.473759,	Sq(13) = 0.630454,	Sq(14) = 1.05321,	
	Sq(15) = 0.630454;	N(0) = 1.75507,	N(1) = 1.59164,	N(2) = 0.323097,	N(3) = 1.59164,	
	N(4) = 1.59164,	N(5) = 0.999653,	N(6) = 0.267018,	N(7) = 0.999653,	N(8) = 0.323097,	
	N(9) = 0.267018,	N(10) = 0.165474,	N(11) = 0.267018,	N(12) = 1.59164,	N(13) = 0.999653,	
	N(14) = 0.267018,	N(15) = 0.999653;	Delta[s](0) = 0.0793934,	Delta[s](1) = 0.0593415,	Delta[s](2) = 0.035501,	
	Delta[s](3) = 0.0593415,	Delta[s](4) = 0.0593415,	Delta[s](5) = 0.042399,	Delta[s](6) = 0.0195676,	Delta[s](7) = 0.042399,	
	Delta[s](8) = 0.035501,	Delta[s](9) = 0.0195676,	Delta[s](10) = 0.000199989,	Delta[s](11) = 0.0195676,	Delta[s](12) = 0.0593415,	
	Delta[s](13) = 0.042399,	Delta[s](14) = 0.0195676,	Delta[s](15) = 0.042399;	Delta[d](0) = 0.276846,	Delta[d](1) = 0.189909,	
	Delta[d](2) = 0.199519,	Delta[d](3) = 0.189909,	Delta[d](4) = 0.189909,	Delta[d](5) = 0.176532,	Delta[d](6) = 0.132347,	
	Delta[d](7) = 0.176532,	Delta[d](8) = 0.199519,	Delta[d](9) = 0.132347,	Delta[d](10) = 0.0534735,	Delta[d](11) = 0.132347,	
	Delta[d](12) = 0.189909,	Delta[d](13) = 0.176532,	Delta[d](14) = 0.132347,	Delta[d](15) = 0.176532;	Delta[s+](0) = 0.559595,	
	Delta[s+](1) = 0.416673,	Delta[s+](2) = 0.199519,	Delta[s+](3) = 0.416673,	Delta[s+](4) = 0.416673,	Delta[s+](5) = 0.291155,	
	Delta[s+](6) = 0.125994,	Delta[s+](7) = 0.291155,	Delta[s+](8) = 0.199519,	Delta[s+](9) = 0.125994,	Delta[s+](10) = 0.0381831,	
	Delta[s+](11) = 0.125994,	Delta[s+](12) = 0.416673,	Delta[s+](13) = 0.291155,	Delta[s+](14) = 0.125994,	Delta[s+](15) = 0.291155
	
The 4-th iteration is completed.	|| time cost : 0h 3m 6.823s
********************************************************************************************************************
********************************************************************************************************************
Ground state is obtained after 5 iterations. The current ground-state energy is -27.2036, in which electron energy is -27.204 and phonon energy is 0.000338909
Final variational state is: 
	Gamma_x = [      1,1.03833,1.00304,1.03833,1.03833,1.00364,1.00332,1.00364,1.00304,1.00332, 1.0322,1.00332,1.03833,1.00364,1.00332,1.00364]
	lambda_q = [       2.5, 0.0859135, 0.0169675, 0.0859135, 0.0859135, 0.0185577,-0.0144648, 0.0185577, 0.0169675,-0.0144648,-0.0393179,-0.0144648, 0.0859135, 0.0185577,-0.0144648, 0.0185577]
Effective e-e interactions mediated by phonons are:
	momentum-space Vq = [      -1.25, -0.0500719,-0.00333593, -0.0500719, -0.0500719,-0.00364266,-0.00285112,-0.00364266,-0.00333593,-0.00285112, -0.0232816,-0.00285112, -0.0500719,-0.00364266,-0.00285112,-0.00364266]
	real-space Vr = [-0.0941385,-0.0825725,-0.0790864,-0.0825725,-0.0825725,-0.0791631,-0.0707673,-0.0791631,-0.0790864,-0.0707673, -0.067677,-0.0707673,-0.0825725,-0.0791631,-0.0707673,-0.0791631]
********************************************************************************************************************
o___o  ----------------------------------------
| L |	Time since last clock: 0h 0m 0.012s
A===A	Time since the beginning: 0h 11m 33.486s
***********************************************


Non-Gaussina ED ground state calculation is completed. The final ground-state energy is -27.2036
********************************************************************************************************************
o___o  ----------------------------------------
| L |	Time since last clock: 0h 0m 0.005s
A===A	Time since the beginning: 0h 11m 33.491s
***********************************************



********************************************************************************************************************
All non-Gaussian ED ground state calculations have been completed. Exit now.
