SNEDics v3.22.2 Non-Gaussian ED ground state program		Start at Mon Jun  6 06:38:33 2022

Parallelization: 32 MPI threads  * 8 OpenMP threads = 256 total threads.
********************************************************************************************************************
********************************************************************************************************************

********************************************************************************************************************
System parameters and configurations
	special program options are enabled: splitted diagonal Hamiltonian | splitted Hamiltonian terms
********************************************************************************************************************
Read input file "model_params.in"
	Hubbard-Holstein model parameters : 	t = 1    U = 8    g = 0.6    W = 0.2    g' = 0.1    
********************************************************************************************************************
Read input file "hilbertspace_params.in"
	Requested 16-site 2D lattice, with 8 electrons (4, 4)
	Boundary : Periodic		Hilbert space representation : momentum-space (restricted to kIdx = 0)
	Conservation: particle number[U(1)]      spin[U(1)]     momentum
********************************************************************************************************************

Cluster Positions:				Cluster symmetry group : D4
 x ... x ... x ... x .....                       x ... x ... x ... x .....
 |           |           :                       |           |           :
 |           |           :                       |           |           :
12    13    14    15     x                       1     5     6     5     x
 |           |           :                       |           |           :
 |           |           :                       |           |           :
 8 --- 9 ---10 ---11 --- x                       2 --- 6 ---10 --- 6 --- x
 |           |           :                       |           |           :
 |           |           :                       |           |           :
 4     5     6     7     x                       1     5     6     5     x
 |           |           :                       |           |           :
 |           |           :                       |           |           :
 0 --- 1 --- 2 --- 3 --- x                       0 --- 1 --- 2 --- 1 --- x
orbital number : 1
********************************************************************************************************************
Read input file "obs_params.in"
	Observable Type : Nq(All),   Sq(All),   N(All-Orbital),   Delta[s](All),   Delta[d](All),   Delta[s+](All)
** WARNING ** the input observables have non-local factors which have been reinterpreted. The total observable number is 96
********************************************************************************************************************


********************************************************************************************************************
Start calculating the non-Gaussian ED ground state
Maximal iteration number is 1000; energy resolution is 1e-06. Phonon state relaxation time is 2000
W = 0.2 is relatively large. The non-Gaussian ED calculation starts directly.
open output files: NGSED_iteration_observables.txt
********************************************************************************************************************
Start the 0 rounds of NGS-ED iteration
	effective electronic model is modified as: kinetic energy t = 1
	                                           effective interaction Vq = [0,0,0,0,0,0,0,0,0,0,0,0,0,0,0,0]
	first Hamiltonian is constructed, size = 207184 and non-zero numbers = 32207050
	PARPACK diagonalization completed after 75 matrix-vector product operations.
	iteration results: : total energy is -16.460627 | electron energy -16.460627 + phonon energy 0.000000 | electron momentum kIdx = 0
	Nq(0) = 4,	Nq(1) = 0.217892,	Nq(2) = 0.275693,	Nq(3) = 0.217892,	Nq(4) = 0.217892,	Nq(5) = 0.260941,	
	Nq(6) = 0.370592,	Nq(7) = 0.260941,	Nq(8) = 0.275693,	Nq(9) = 0.370592,	Nq(10) = 0.4202,	
	Nq(11) = 0.370592,	Nq(12) = 0.217892,	Nq(13) = 0.260941,	Nq(14) = 0.370592,	Nq(15) = 0.260941;	
	Sq(0) = 2.57535e-18,	Sq(1) = 0.41044,	Sq(2) = 0.343979,	Sq(3) = 0.41044,	Sq(4) = 0.41044,	
	Sq(5) = 0.572101,	Sq(6) = 0.615629,	Sq(7) = 0.572101,	Sq(8) = 0.343979,	Sq(9) = 0.615629,	
	Sq(10) = 0.550078,	Sq(11) = 0.615629,	Sq(12) = 0.41044,	Sq(13) = 0.572101,	Sq(14) = 0.615629,	
	Sq(15) = 0.572101;	N(0) = 1.82882,	N(1) = 1.37933,	N(2) = 0.0780726,	N(3) = 1.37933,	
	N(4) = 1.37933,	N(5) = 0.0780398,	N(6) = 0.0412646,	N(7) = 0.0780398,	N(8) = 0.0780726,	
	N(9) = 0.0412646,	N(10) = 0.0205069,	N(11) = 0.0412646,	N(12) = 1.37933,	N(13) = 0.0780398,	
	N(14) = 0.0412646,	N(15) = 0.0780398;	Delta[s](0) = 0.035619,	Delta[s](1) = 0.0201191,	Delta[s](2) = 0.0100733,	
	Delta[s](3) = 0.0201191,	Delta[s](4) = 0.0201191,	Delta[s](5) = 0.0102049,	Delta[s](6) = 0.00173065,	Delta[s](7) = 0.0102049,	
	Delta[s](8) = 0.0100733,	Delta[s](9) = 0.00173065,	Delta[s](10) = 0.000657804,	Delta[s](11) = 0.00173065,	Delta[s](12) = 0.0201191,	
	Delta[s](13) = 0.0102049,	Delta[s](14) = 0.00173065,	Delta[s](15) = 0.0102049;	Delta[d](0) = 0.249735,	Delta[d](1) = 0.0623579,	
	Delta[d](2) = 0.0799258,	Delta[d](3) = 0.0623579,	Delta[d](4) = 0.0623579,	Delta[d](5) = 0.0538121,	Delta[d](6) = 0.0171235,	
	Delta[d](7) = 0.0538121,	Delta[d](8) = 0.0799258,	Delta[d](9) = 0.0171235,	Delta[d](10) = 0.00979431,	Delta[d](11) = 0.0171235,	
	Delta[d](12) = 0.0623579,	Delta[d](13) = 0.0538121,	Delta[d](14) = 0.0171235,	Delta[d](15) = 0.0538121;	Delta[s+](0) = 0.384774,	
	Delta[s+](1) = 0.219743,	Delta[s+](2) = 0.0799258,	Delta[s+](3) = 0.219743,	Delta[s+](4) = 0.219743,	Delta[s+](5) = 0.0750228,	
	Delta[s+](6) = 0.00630937,	Delta[s+](7) = 0.0750228,	Delta[s+](8) = 0.0799258,	Delta[s+](9) = 0.00630937,	Delta[s+](10) = 0.00125876,	
	Delta[s+](11) = 0.00630937,	Delta[s+](12) = 0.219743,	Delta[s+](13) = 0.0750228,	Delta[s+](14) = 0.00630937,	Delta[s+](15) = 0.0750228
	
The 0-th iteration is completed.	|| time cost : 0h 0m 4.821s
********************************************************************************************************************
Start the 1 rounds of NGS-ED iteration
	effective electronic model is modified as: kinetic energy t = 0.966859
	                                           effective interaction Vq = [        -5, -0.907082, -0.222295, -0.907082, -0.907082, -0.204638,-0.0777221, -0.204638, -0.222295,-0.0777221,-0.0150847,-0.0777221, -0.907082, -0.204638,-0.0777221, -0.204638]
	PARPACK diagonalization completed after 30 matrix-vector product operations.
	iteration results: : total energy is -37.000721 | electron energy -37.166250 + phonon energy 0.165529 | electron momentum kIdx = 0
The 1-th iteration is completed.	|| time cost : 0h 0m 3.452s
********************************************************************************************************************
Start the 2 rounds of NGS-ED iteration
	effective electronic model is modified as: kinetic energy t = 0.955781
	                                           effective interaction Vq = [        -5,  -1.28386, -0.221703,  -1.28386,  -1.28386, -0.204886, -0.074237, -0.204886, -0.221703, -0.074237,-0.0142642, -0.074237,  -1.28386, -0.204886, -0.074237, -0.204886]
	PARPACK diagonalization completed after 30 matrix-vector product operations.
	iteration results: : total energy is -37.039623 | electron energy -37.354445 + phonon energy 0.314822 | electron momentum kIdx = 0
The 2-th iteration is completed.	|| time cost : 0h 0m 0.792s
********************************************************************************************************************
Start the 3 rounds of NGS-ED iteration
	effective electronic model is modified as: kinetic energy t = 0.948591
	                                           effective interaction Vq = [        -5,  -1.51487, -0.218191,  -1.51487,  -1.51487, -0.203372,-0.0728387, -0.203372, -0.218191,-0.0728387,-0.0140216,-0.0728387,  -1.51487, -0.203372,-0.0728387, -0.203372]
	PARPACK diagonalization completed after 30 matrix-vector product operations.
	iteration results: : total energy is -37.055541 | electron energy -37.476472 + phonon energy 0.420932 | electron momentum kIdx = 0
The 3-th iteration is completed.	|| time cost : 0h 0m 0.8s
********************************************************************************************************************
Start the 4 rounds of NGS-ED iteration
	effective electronic model is modified as: kinetic energy t = 0.943648
	                                           effective interaction Vq = [        -5,  -1.66518, -0.215767,  -1.66518,  -1.66518, -0.202286,-0.0719615, -0.202286, -0.215767,-0.0719615,-0.0138714,-0.0719615,  -1.66518, -0.202286,-0.0719615, -0.202286]
	PARPACK diagonalization completed after 30 matrix-vector product operations.
	iteration results: : total energy is -37.062968 | electron energy -37.558428 + phonon energy 0.495460 | electron momentum kIdx = 0
The 4-th iteration is completed.	|| time cost : 0h 0m 0.809s
********************************************************************************************************************
Start the 5 rounds of NGS-ED iteration
	effective electronic model is modified as: kinetic energy t = 0.94026
	                                           effective interaction Vq = [        -5,    -1.764, -0.214106,    -1.764,    -1.764, -0.201504,-0.0713722, -0.201504, -0.214106,-0.0713722,-0.0137718,-0.0713722,    -1.764, -0.201504,-0.0713722, -0.201504]
	PARPACK diagonalization completed after 30 matrix-vector product operations.
	iteration results: : total energy is -37.066440 | electron energy -37.613190 + phonon energy 0.546750 | electron momentum kIdx = 0
The 5-th iteration is completed.	|| time cost : 0h 0m 0.766s
********************************************************************************************************************
Start the 6 rounds of NGS-ED iteration
	effective electronic model is modified as: kinetic energy t = 0.93797
	                                           effective interaction Vq = [        -5,  -1.82882, -0.212969,  -1.82882,  -1.82882, -0.200949, -0.070976, -0.200949, -0.212969, -0.070976,-0.0137053, -0.070976,  -1.82882, -0.200949, -0.070976, -0.200949]
	PARPACK diagonalization completed after 30 matrix-vector product operations.
	iteration results: : total energy is -37.068021 | electron energy -37.649402 + phonon energy 0.581380 | electron momentum kIdx = 0
The 6-th iteration is completed.	|| time cost : 0h 0m 0.83s
********************************************************************************************************************
Start the 7 rounds of NGS-ED iteration
	effective electronic model is modified as: kinetic energy t = 0.936444
	                                           effective interaction Vq = [        -5,  -1.87114, -0.212201,  -1.87114,  -1.87114, -0.200564,-0.0707123, -0.200564, -0.212201,-0.0707123,-0.0136612,-0.0707123,  -1.87114, -0.200564,-0.0707123, -0.200564]
	PARPACK diagonalization completed after 30 matrix-vector product operations.
	iteration results: : total energy is -37.068723 | electron energy -37.673133 + phonon energy 0.604411 | electron momentum kIdx = 0
The 7-th iteration is completed.	|| time cost : 0h 0m 0.807s
********************************************************************************************************************
Start the 8 rounds of NGS-ED iteration
	effective electronic model is modified as: kinetic energy t = 0.935437
	                                           effective interaction Vq = [        -5,  -1.89864,  -0.21169,  -1.89864,  -1.89864, -0.200303,-0.0705385, -0.200303,  -0.21169,-0.0705385,-0.0136322,-0.0705385,  -1.89864, -0.200303,-0.0705385, -0.200303]
	PARPACK diagonalization completed after 30 matrix-vector product operations.
	iteration results: : total energy is -37.069027 | electron energy -37.688586 + phonon energy 0.619559 | electron momentum kIdx = 0
The 8-th iteration is completed.	|| time cost : 0h 0m 0.813s
********************************************************************************************************************
Start the 9 rounds of NGS-ED iteration
	effective electronic model is modified as: kinetic energy t = 0.934779
	                                           effective interaction Vq = [        -5,  -1.91646, -0.211353,  -1.91646,  -1.91646, -0.200129,-0.0704249, -0.200129, -0.211353,-0.0704249,-0.0136133,-0.0704249,  -1.91646, -0.200129,-0.0704249, -0.200129]
	PARPACK diagonalization completed after 30 matrix-vector product operations.
	iteration results: : total energy is -37.069157 | electron energy -37.698604 + phonon energy 0.629446 | electron momentum kIdx = 0
The 9-th iteration is completed.	|| time cost : 0h 0m 0.807s
********************************************************************************************************************
Start the 10 rounds of NGS-ED iteration
	effective electronic model is modified as: kinetic energy t = 0.934351
	                                           effective interaction Vq = [       -5, -1.92797,-0.211132, -1.92797, -1.92797,-0.200015,-0.070351,-0.200015,-0.211132,-0.070351,-0.013601,-0.070351, -1.92797,-0.200015,-0.070351,-0.200015]
	PARPACK diagonalization completed after 30 matrix-vector product operations.
	iteration results: : total energy is -37.069212 | electron energy -37.705080 + phonon energy 0.635867 | electron momentum kIdx = 0
The 10-th iteration is completed.	|| time cost : 0h 0m 0.8s
********************************************************************************************************************
Start the 11 rounds of NGS-ED iteration
	effective electronic model is modified as: kinetic energy t = 0.934073
	                                           effective interaction Vq = [        -5,  -1.93539, -0.210989,  -1.93539,  -1.93539,  -0.19994,-0.0703032,  -0.19994, -0.210989,-0.0703032, -0.013593,-0.0703032,  -1.93539,  -0.19994,-0.0703032,  -0.19994]
	PARPACK diagonalization completed after 30 matrix-vector product operations.
	iteration results: : total energy is -37.069235 | electron energy -37.709258 + phonon energy 0.640023 | electron momentum kIdx = 0
The 11-th iteration is completed.	|| time cost : 0h 0m 0.818s
********************************************************************************************************************
Start the 12 rounds of NGS-ED iteration
	effective electronic model is modified as: kinetic energy t = 0.933894
	                                           effective interaction Vq = [        -5,  -1.94018, -0.210896,  -1.94018,  -1.94018, -0.199892,-0.0702723, -0.199892, -0.210896,-0.0702723,-0.0135878,-0.0702723,  -1.94018, -0.199892,-0.0702723, -0.199892]
	PARPACK diagonalization completed after 30 matrix-vector product operations.
	iteration results: : total energy is -37.069245 | electron energy -37.711951 + phonon energy 0.642706 | electron momentum kIdx = 0
The 12-th iteration is completed.	|| time cost : 0h 0m 0.811s
********************************************************************************************************************
Start the 13 rounds of NGS-ED iteration
	effective electronic model is modified as: kinetic energy t = 0.933779
	                                           effective interaction Vq = [        -5,  -1.94326, -0.210836,  -1.94326,  -1.94326,  -0.19986,-0.0702523,  -0.19986, -0.210836,-0.0702523,-0.0135845,-0.0702523,  -1.94326,  -0.19986,-0.0702523,  -0.19986]
	PARPACK diagonalization completed after 30 matrix-vector product operations.
	iteration results: : total energy is -37.069249 | electron energy -37.713686 + phonon energy 0.644437 | electron momentum kIdx = 0
The 13-th iteration is completed.	|| time cost : 0h 0m 0.812s
********************************************************************************************************************
Start the 14 rounds of NGS-ED iteration
	effective electronic model is modified as: kinetic energy t = 0.933704
	                                           effective interaction Vq = [        -5,  -1.94524, -0.210798,  -1.94524,  -1.94524,  -0.19984,-0.0702395,  -0.19984, -0.210798,-0.0702395,-0.0135824,-0.0702395,  -1.94524,  -0.19984,-0.0702395,  -0.19984]
	PARPACK diagonalization completed after 30 matrix-vector product operations.
	iteration results: : total energy is -37.069251 | electron energy -37.714802 + phonon energy 0.645551 | electron momentum kIdx = 0
The 14-th iteration is completed.	|| time cost : 0h 0m 0.819s
********************************************************************************************************************
Start the 15 rounds of NGS-ED iteration
	effective electronic model is modified as: kinetic energy t = 0.933656
	                                           effective interaction Vq = [        -5,  -1.94652, -0.210773,  -1.94652,  -1.94652, -0.199827,-0.0702312, -0.199827, -0.210773,-0.0702312, -0.013581,-0.0702312,  -1.94652, -0.199827,-0.0702312, -0.199827]
	PARPACK diagonalization completed after 30 matrix-vector product operations.
	iteration results: : total energy is -37.069251 | electron energy -37.715520 + phonon energy 0.646269 | electron momentum kIdx = 0
The 15-th iteration is completed.	|| time cost : 0h 0m 0.812s
********************************************************************************************************************
Start the 16 rounds of NGS-ED iteration
	effective electronic model is modified as: kinetic energy t = 0.933625
	                                           effective interaction Vq = [        -5,  -1.94734, -0.210757,  -1.94734,  -1.94734, -0.199818,-0.0702259, -0.199818, -0.210757,-0.0702259,-0.0135801,-0.0702259,  -1.94734, -0.199818,-0.0702259, -0.199818]
	PARPACK diagonalization completed after 30 matrix-vector product operations.
	iteration results: : total energy is -37.069252 | electron energy -37.715982 + phonon energy 0.646731 | electron momentum kIdx = 0
The 16-th iteration is completed.	|| time cost : 0h 0m 0.848s
********************************************************************************************************************
Start the 17 rounds of NGS-ED iteration
	effective electronic model is modified as: kinetic energy t = 0.933605
	                                           effective interaction Vq = [        -5,  -1.94787, -0.210746,  -1.94787,  -1.94787, -0.199813,-0.0702224, -0.199813, -0.210746,-0.0702224,-0.0135795,-0.0702224,  -1.94787, -0.199813,-0.0702224, -0.199813]
	PARPACK diagonalization completed after 30 matrix-vector product operations.
	iteration results: : total energy is -37.069252 | electron energy -37.716280 + phonon energy 0.647028 | electron momentum kIdx = 0
The 17-th iteration is completed.	|| time cost : 0h 0m 0.811s
********************************************************************************************************************
Start the 18 rounds of NGS-ED iteration
	effective electronic model is modified as: kinetic energy t = 0.933593
	                                           effective interaction Vq = [        -5,  -1.94821,  -0.21074,  -1.94821,  -1.94821,  -0.19981,-0.0702202,  -0.19981,  -0.21074,-0.0702202,-0.0135792,-0.0702202,  -1.94821,  -0.19981,-0.0702202,  -0.19981]
	PARPACK diagonalization completed after 30 matrix-vector product operations.
	iteration results: : total energy is -37.069252 | electron energy -37.716471 + phonon energy 0.647219 | electron momentum kIdx = 0
The 18-th iteration is completed.	|| time cost : 0h 0m 0.813s
********************************************************************************************************************
Start the 19 rounds of NGS-ED iteration
	effective electronic model is modified as: kinetic energy t = 0.933584
	                                           effective interaction Vq = [        -5,  -1.94843, -0.210735,  -1.94843,  -1.94843, -0.199807,-0.0702188, -0.199807, -0.210735,-0.0702188,-0.0135789,-0.0702188,  -1.94843, -0.199807,-0.0702188, -0.199807]
	PARPACK diagonalization completed after 30 matrix-vector product operations.
	iteration results: : total energy is -37.069252 | electron energy -37.716594 + phonon energy 0.647342 | electron momentum kIdx = 0
The 19-th iteration is completed.	|| time cost : 0h 0m 0.739s
********************************************************************************************************************
Start the 20 rounds of NGS-ED iteration
	effective electronic model is modified as: kinetic energy t = 0.933579
	                                           effective interaction Vq = [        -5,  -1.94857, -0.210733,  -1.94857,  -1.94857, -0.199806,-0.0702179, -0.199806, -0.210733,-0.0702179,-0.0135788,-0.0702179,  -1.94857, -0.199806,-0.0702179, -0.199806]
	PARPACK diagonalization completed after 30 matrix-vector product operations.
	iteration results: : total energy is -37.069252 | electron energy -37.716673 + phonon energy 0.647421 | electron momentum kIdx = 0
The 20-th iteration is completed.	|| time cost : 0h 0m 0.813s
********************************************************************************************************************
Start the 21 rounds of NGS-ED iteration
	effective electronic model is modified as: kinetic energy t = 0.933576
	                                           effective interaction Vq = [        -5,  -1.94866, -0.210731,  -1.94866,  -1.94866, -0.199805,-0.0702173, -0.199805, -0.210731,-0.0702173,-0.0135787,-0.0702173,  -1.94866, -0.199805,-0.0702173, -0.199805]
	PARPACK diagonalization completed after 30 matrix-vector product operations.
	iteration results: : total energy is -37.069252 | electron energy -37.716724 + phonon energy 0.647472 | electron momentum kIdx = 0
The 21-th iteration is completed.	|| time cost : 0h 0m 0.818s
********************************************************************************************************************
Start the 22 rounds of NGS-ED iteration
	effective electronic model is modified as: kinetic energy t = 0.933574
	                                           effective interaction Vq = [        -5,  -1.94872,  -0.21073,  -1.94872,  -1.94872, -0.199804,-0.0702169, -0.199804,  -0.21073,-0.0702169,-0.0135786,-0.0702169,  -1.94872, -0.199804,-0.0702169, -0.199804]
	PARPACK diagonalization completed after 30 matrix-vector product operations.
	iteration results: : total energy is -37.069252 | electron energy -37.716756 + phonon energy 0.647505 | electron momentum kIdx = 0
The 22-th iteration is completed.	|| time cost : 0h 0m 0.811s
********************************************************************************************************************
Start the 23 rounds of NGS-ED iteration
	effective electronic model is modified as: kinetic energy t = 0.933572
	                                           effective interaction Vq = [        -5,  -1.94875, -0.210729,  -1.94875,  -1.94875, -0.199804,-0.0702167, -0.199804, -0.210729,-0.0702167,-0.0135786,-0.0702167,  -1.94875, -0.199804,-0.0702167, -0.199804]
	PARPACK diagonalization completed after 30 matrix-vector product operations.
	iteration results: : total energy is -37.069252 | electron energy -37.716777 + phonon energy 0.647526 | electron momentum kIdx = 0
The 23-th iteration is completed.	|| time cost : 0h 0m 0.807s
********************************************************************************************************************
Start the 24 rounds of NGS-ED iteration
	effective electronic model is modified as: kinetic energy t = 0.933571
	                                           effective interaction Vq = [        -5,  -1.94878, -0.210729,  -1.94878,  -1.94878, -0.199804,-0.0702165, -0.199804, -0.210729,-0.0702165,-0.0135786,-0.0702165,  -1.94878, -0.199804,-0.0702165, -0.199804]
	PARPACK diagonalization completed after 30 matrix-vector product operations.
	iteration results: : total energy is -37.069252 | electron energy -37.716791 + phonon energy 0.647539 | electron momentum kIdx = 0
The 24-th iteration is completed.	|| time cost : 0h 0m 0.815s
********************************************************************************************************************
Start the 25 rounds of NGS-ED iteration
	effective electronic model is modified as: kinetic energy t = 0.933571
	                                           effective interaction Vq = [        -5,  -1.94879, -0.210728,  -1.94879,  -1.94879, -0.199804,-0.0702164, -0.199804, -0.210728,-0.0702164,-0.0135785,-0.0702164,  -1.94879, -0.199804,-0.0702164, -0.199804]
	PARPACK diagonalization completed after 30 matrix-vector product operations.
	iteration results: : total energy is -37.069252 | electron energy -37.716800 + phonon energy 0.647548 | electron momentum kIdx = 0
The 25-th iteration is completed.	|| time cost : 0h 0m 0.828s
********************************************************************************************************************
Start the 26 rounds of NGS-ED iteration
	effective electronic model is modified as: kinetic energy t = 0.93357
	                                           effective interaction Vq = [        -5,   -1.9488, -0.210728,   -1.9488,   -1.9488, -0.199803,-0.0702164, -0.199803, -0.210728,-0.0702164,-0.0135785,-0.0702164,   -1.9488, -0.199803,-0.0702164, -0.199803]
	PARPACK diagonalization completed after 30 matrix-vector product operations.
	iteration results: : total energy is -37.069252 | electron energy -37.716805 + phonon energy 0.647553 | electron momentum kIdx = 0
The 26-th iteration is completed.	|| time cost : 0h 0m 0.788s
********************************************************************************************************************
Start the 27 rounds of NGS-ED iteration
	effective electronic model is modified as: kinetic energy t = 0.93357
	                                           effective interaction Vq = [        -5,  -1.94881, -0.210728,  -1.94881,  -1.94881, -0.199803,-0.0702163, -0.199803, -0.210728,-0.0702163,-0.0135785,-0.0702163,  -1.94881, -0.199803,-0.0702163, -0.199803]
	PARPACK diagonalization completed after 30 matrix-vector product operations.
	iteration results: : total energy is -37.069252 | electron energy -37.716809 + phonon energy 0.647557 | electron momentum kIdx = 0
The 27-th iteration is completed.	|| time cost : 0h 0m 0.809s
********************************************************************************************************************
Start the 28 rounds of NGS-ED iteration
	effective electronic model is modified as: kinetic energy t = 0.93357
	                                           effective interaction Vq = [        -5,  -1.94881, -0.210728,  -1.94881,  -1.94881, -0.199803,-0.0702163, -0.199803, -0.210728,-0.0702163,-0.0135785,-0.0702163,  -1.94881, -0.199803,-0.0702163, -0.199803]
	PARPACK diagonalization completed after 30 matrix-vector product operations.
	iteration results: : total energy is -37.069252 | electron energy -37.716811 + phonon energy 0.647559 | electron momentum kIdx = 0
The 28-th iteration is completed.	|| time cost : 0h 0m 0.809s
********************************************************************************************************************
Start the 29 rounds of NGS-ED iteration
	effective electronic model is modified as: kinetic energy t = 0.93357
	                                           effective interaction Vq = [        -5,  -1.94882, -0.210728,  -1.94882,  -1.94882, -0.199803,-0.0702163, -0.199803, -0.210728,-0.0702163,-0.0135785,-0.0702163,  -1.94882, -0.199803,-0.0702163, -0.199803]
	PARPACK diagonalization completed after 30 matrix-vector product operations.
	iteration results: : total energy is -37.069252 | electron energy -37.716813 + phonon energy 0.647561 | electron momentum kIdx = 0
The 29-th iteration is completed.	|| time cost : 0h 0m 0.816s
********************************************************************************************************************
Start the 30 rounds of NGS-ED iteration
	effective electronic model is modified as: kinetic energy t = 0.93357
	                                           effective interaction Vq = [        -5,  -1.94882, -0.210728,  -1.94882,  -1.94882, -0.199803,-0.0702163, -0.199803, -0.210728,-0.0702163,-0.0135785,-0.0702163,  -1.94882, -0.199803,-0.0702163, -0.199803]
	PARPACK diagonalization completed after 30 matrix-vector product operations.
	iteration results: : total energy is -37.069252 | electron energy -37.716814 + phonon energy 0.647562 | electron momentum kIdx = 0
The 30-th iteration is completed.	|| time cost : 0h 0m 0.812s
********************************************************************************************************************
Start the 31 rounds of NGS-ED iteration
	effective electronic model is modified as: kinetic energy t = 0.93357
	                                           effective interaction Vq = [        -5,  -1.94882, -0.210728,  -1.94882,  -1.94882, -0.199803,-0.0702163, -0.199803, -0.210728,-0.0702163,-0.0135785,-0.0702163,  -1.94882, -0.199803,-0.0702163, -0.199803]
	PARPACK diagonalization completed after 30 matrix-vector product operations.
	iteration results: : total energy is -37.069252 | electron energy -37.716814 + phonon energy 0.647562 | electron momentum kIdx = 0
The 31-th iteration is completed.	|| time cost : 0h 0m 0.802s
********************************************************************************************************************
Start the 32 rounds of NGS-ED iteration
	effective electronic model is modified as: kinetic energy t = 0.93357
	                                           effective interaction Vq = [        -5,  -1.94882, -0.210728,  -1.94882,  -1.94882, -0.199803,-0.0702163, -0.199803, -0.210728,-0.0702163,-0.0135785,-0.0702163,  -1.94882, -0.199803,-0.0702163, -0.199803]
	PARPACK diagonalization completed after 30 matrix-vector product operations.
	iteration results: : total energy is -37.069252 | electron energy -37.716815 + phonon energy 0.647563 | electron momentum kIdx = 0
The 32-th iteration is completed.	|| time cost : 0h 0m 0.821s
********************************************************************************************************************
Start the 33 rounds of NGS-ED iteration
	effective electronic model is modified as: kinetic energy t = 0.93357
	                                           effective interaction Vq = [        -5,  -1.94882, -0.210728,  -1.94882,  -1.94882, -0.199803,-0.0702163, -0.199803, -0.210728,-0.0702163,-0.0135785,-0.0702163,  -1.94882, -0.199803,-0.0702163, -0.199803]
	PARPACK diagonalization completed after 30 matrix-vector product operations.
	iteration results: : total energy is -37.069252 | electron energy -37.716815 + phonon energy 0.647563 | electron momentum kIdx = 0
The 33-th iteration is completed.	|| time cost : 0h 0m 0.811s
********************************************************************************************************************
Start the 34 rounds of NGS-ED iteration
	effective electronic model is modified as: kinetic energy t = 0.93357
	                                           effective interaction Vq = [        -5,  -1.94882, -0.210728,  -1.94882,  -1.94882, -0.199803,-0.0702163, -0.199803, -0.210728,-0.0702163,-0.0135785,-0.0702163,  -1.94882, -0.199803,-0.0702163, -0.199803]
	PARPACK diagonalization completed after 30 matrix-vector product operations.
	iteration results: : total energy is -37.069252 | electron energy -37.716815 + phonon energy 0.647563 | electron momentum kIdx = 0
The 34-th iteration is completed.	|| time cost : 0h 0m 0.809s
********************************************************************************************************************
Start the 35 rounds of NGS-ED iteration
	effective electronic model is modified as: kinetic energy t = 0.93357
	                                           effective interaction Vq = [        -5,  -1.94882, -0.210728,  -1.94882,  -1.94882, -0.199803,-0.0702162, -0.199803, -0.210728,-0.0702162,-0.0135785,-0.0702162,  -1.94882, -0.199803,-0.0702162, -0.199803]
	PARPACK diagonalization completed after 30 matrix-vector product operations.
	iteration results: : total energy is -37.069252 | electron energy -37.716815 + phonon energy 0.647563 | electron momentum kIdx = 0
The 35-th iteration is completed.	|| time cost : 0h 0m 0.815s
********************************************************************************************************************
Start the 36 rounds of NGS-ED iteration
	effective electronic model is modified as: kinetic energy t = 0.93357
	                                           effective interaction Vq = [        -5,  -1.94882, -0.210728,  -1.94882,  -1.94882, -0.199803,-0.0702162, -0.199803, -0.210728,-0.0702162,-0.0135785,-0.0702162,  -1.94882, -0.199803,-0.0702162, -0.199803]
	PARPACK diagonalization completed after 30 matrix-vector product operations.
	iteration results: : total energy is -37.069252 | electron energy -37.716815 + phonon energy 0.647563 | electron momentum kIdx = 0
	Nq(0) = 4,	Nq(1) = 0.315347,	Nq(2) = 0.257166,	Nq(3) = 0.315347,	Nq(4) = 0.315347,	Nq(5) = 0.247872,	
	Nq(6) = 0.327168,	Nq(7) = 0.247872,	Nq(8) = 0.257166,	Nq(9) = 0.327168,	Nq(10) = 0.362533,	
	Nq(11) = 0.327168,	Nq(12) = 0.315347,	Nq(13) = 0.247872,	Nq(14) = 0.327168,	Nq(15) = 0.247872;	
	Sq(0) = -2.38126e-18,	Sq(1) = 0.38134,	Sq(2) = 0.346496,	Sq(3) = 0.38134,	Sq(4) = 0.38134,	
	Sq(5) = 0.583828,	Sq(6) = 0.603769,	Sq(7) = 0.583828,	Sq(8) = 0.346496,	Sq(9) = 0.603769,	
	Sq(10) = 0.592847,	Sq(11) = 0.603769,	Sq(12) = 0.38134,	Sq(13) = 0.583828,	Sq(14) = 0.603769,	
	Sq(15) = 0.583828;	N(0) = 1.85954,	N(1) = 1.37031,	N(2) = 0.0648621,	N(3) = 1.37031,	
	N(4) = 1.37031,	N(5) = 0.0649589,	N(6) = 0.058606,	N(7) = 0.0649589,	N(8) = 0.0648621,	
	N(9) = 0.058606,	N(10) = 0.0352443,	N(11) = 0.058606,	N(12) = 1.37031,	N(13) = 0.0649589,	
	N(14) = 0.058606,	N(15) = 0.0649589;	Delta[s](0) = 0.0373034,	Delta[s](1) = 0.0226849,	Delta[s](2) = 0.0116225,	
	Delta[s](3) = 0.0226849,	Delta[s](4) = 0.0226849,	Delta[s](5) = 0.0124254,	Delta[s](6) = 0.00418687,	Delta[s](7) = 0.0124254,	
	Delta[s](8) = 0.0116225,	Delta[s](9) = 0.00418687,	Delta[s](10) = 0.00146942,	Delta[s](11) = 0.00418687,	Delta[s](12) = 0.0226849,	
	Delta[s](13) = 0.0124254,	Delta[s](14) = 0.00418687,	Delta[s](15) = 0.0124254;	Delta[d](0) = 0.239169,	Delta[d](1) = 0.069351,	
	Delta[d](2) = 0.0831215,	Delta[d](3) = 0.069351,	Delta[d](4) = 0.069351,	Delta[d](5) = 0.0593989,	Delta[d](6) = 0.0264429,	
	Delta[d](7) = 0.0593989,	Delta[d](8) = 0.0831215,	Delta[d](9) = 0.0264429,	Delta[d](10) = 0.0156124,	Delta[d](11) = 0.0264429,	
	Delta[d](12) = 0.069351,	Delta[d](13) = 0.0593989,	Delta[d](14) = 0.0264429,	Delta[d](15) = 0.0593989;	Delta[s+](0) = 0.386415,	
	Delta[s+](1) = 0.223847,	Delta[s+](2) = 0.0831215,	Delta[s+](3) = 0.223847,	Delta[s+](4) = 0.223847,	Delta[s+](5) = 0.0812641,	
	Delta[s+](6) = 0.0136153,	Delta[s+](7) = 0.0812641,	Delta[s+](8) = 0.0831215,	Delta[s+](9) = 0.0136153,	Delta[s+](10) = 0.00334894,	
	Delta[s+](11) = 0.0136153,	Delta[s+](12) = 0.223847,	Delta[s+](13) = 0.0812641,	Delta[s+](14) = 0.0136153,	Delta[s+](15) = 0.0812641
	
The 36-th iteration is completed.	|| time cost : 0h 0m 3.002s
********************************************************************************************************************
********************************************************************************************************************
Ground state is obtained after 37 iterations. The current ground-state energy is -37.0693, in which electron energy is -37.7168 and phonon energy is 0.647563
Final variational state is: 
	Gamma_x = [      1, 4.9315,1.29641, 4.9315, 4.9315,1.26882, 1.1185,1.26882,1.29641, 1.1185,1.02447, 1.1185, 4.9315,1.26882, 1.1185,1.26882]
	lambda_q = [        5,  1.49882, 0.181071,  1.49882,  1.49882, 0.171399,0.0897857, 0.171399, 0.181071,0.0897857,0.0345429,0.0897857,  1.49882, 0.171399,0.0897857, 0.171399]
Effective e-e interactions mediated by phonons are:
	momentum-space Vq = [        -5,  -1.94882, -0.210728,  -1.94882,  -1.94882, -0.199803,-0.0702162, -0.199803, -0.210728,-0.0702162,-0.0135785,-0.0702162,  -1.94882, -0.199803,-0.0702162, -0.199803]
	real-space Vr = [   -0.8944, -0.546477, -0.289739, -0.546477, -0.546477, -0.287008,-0.0768257, -0.287008, -0.289739,-0.0768257,  0.115119,-0.0768257, -0.546477, -0.287008,-0.0768257, -0.287008]
********************************************************************************************************************
o___o  ----------------------------------------
| L |	Time since last clock: 0h 0m 0.008s
A===A	Time since the beginning: 0h 0m 38.792s
***********************************************


Non-Gaussina ED ground state calculation is completed. The final ground-state energy is -37.0693
********************************************************************************************************************
o___o  ----------------------------------------
| L |	Time since last clock: 0h 0m 0.002s
A===A	Time since the beginning: 0h 0m 38.795s
***********************************************



********************************************************************************************************************
All non-Gaussian ED ground state calculations have been completed. Exit now.
