SNEDics v3.2 diagonalization test program		Start at Wed Apr 24 23:29:37 2019

parallized on 80 MPI threads  * 6 OpenMP threads = 480 total threads.
************************************************************************************
************************************************************************************

Input file "model_params.in"
Hubbard-Holstein model parameters : 	t = 1    U = 8    g = 1.5811    W = 5    
************************************************************************************
Input file "hilbertspace_params.in"

Cluster Positions:				Cluster symmetry group : D4
 x ... x ... x ... x .....                       x ... x ... x ... x .....
 |           |           :                       |           |           :
 |           |           :                       |           |           :
12    13    14    15     x                       1     5     6     5     x
 |           |           :                       |           |           :
 |           |           :                       |           |           :
 8 --- 9 ---10 ---11 --- x                       2 --- 6 ---10 --- 6 --- x
 |           |           :                       |           |           :
 |           |           :                       |           |           :
 4     5     6     7     x                       1     5     6     5     x
 |           |           :                       |           |           :
 |           |           :                       |           |           :
 0 --- 1 --- 2 --- 3 --- x                       0 --- 1 --- 2 --- 1 --- x
orbital number : 1
************************************************************************************
0 rounds of non-Gaussian ED iteration : ground-state energy is -8.46888 | electron energy -8.46888 + phonon energy 0 | electron momentum kIdx = 0
Nq = 	16	0.0625034	0.109912	0.0625034	0.0625034	0.109912	0.152438	0.109912	0.109912	0.152438	0.1925	0.152438	0.0625034	0.109912	0.152438	0.109912
Sq = 	2.31488e-18	0.412873	0.641315	0.412873	0.412873	0.641315	0.93882	0.641315	0.641315	0.93882	5.0336	0.93882	0.412873	0.641315	0.93882	0.641315
1 rounds of non-Gaussian ED iteration : ground-state energy is -13.8285 | electron energy -13.8286 + phonon energy 2.22688e-05 | electron momentum kIdx = 0
Nq = 	16	0.0683728	0.118817	0.0683728	0.0683728	0.118817	0.164061	0.118817	0.118817	0.164061	0.206564	0.164061	0.0683728	0.118817	0.164061	0.118817
Sq = 	2.90641e-19	0.415354	0.640036	0.415354	0.415354	0.640036	0.926876	0.640036	0.640036	0.926876	4.94166	0.926876	0.415354	0.640036	0.926876	0.640036
2 rounds of non-Gaussian ED iteration : ground-state energy is -15.7135 | electron energy -15.7137 + phonon energy 0.000203044 | electron momentum kIdx = 0
Nq = 	16	0.0694676	0.120445	0.0694676	0.0694676	0.120445	0.166161	0.120445	0.120445	0.166161	0.209071	0.166161	0.0694676	0.120445	0.166161	0.120445
Sq = 	9.89518e-19	0.415793	0.639821	0.415793	0.415793	0.639821	0.924748	0.639821	0.639821	0.924748	4.92466	0.924748	0.415793	0.639821	0.924748	0.639821
3 rounds of non-Gaussian ED iteration : ground-state energy is -16.4 | electron energy -16.4004 + phonon energy 0.000432929 | electron momentum kIdx = 0
Nq = 	16	0.0697381	0.120842	0.0697381	0.0697381	0.120842	0.166669	0.120842	0.120842	0.166669	0.209671	0.166669	0.0697381	0.120842	0.166669	0.120842
Sq = 	-7.82439e-19	0.415902	0.639771	0.415902	0.415902	0.639771	0.92423	0.639771	0.639771	0.92423	4.9205	0.92423	0.415902	0.639771	0.92423	0.639771
4 rounds of non-Gaussian ED iteration : ground-state energy is -16.652 | electron energy -16.6526 + phonon energy 0.000583248 | electron momentum kIdx = 0
Nq = 	16	0.0698149	0.120954	0.0698149	0.0698149	0.120954	0.16681	0.120954	0.120954	0.16681	0.209838	0.16681	0.0698149	0.120954	0.16681	0.120954
Sq = 	-5.7451e-19	0.415933	0.639758	0.415933	0.415933	0.639758	0.924084	0.639758	0.639758	0.924084	4.91932	0.924084	0.415933	0.639758	0.924084	0.639758
5 rounds of non-Gaussian ED iteration : ground-state energy is -16.7446 | electron energy -16.7453 + phonon energy 0.000658185 | electron momentum kIdx = 0
Nq = 	16	0.0698381	0.120988	0.0698381	0.0698381	0.120988	0.166852	0.120988	0.120988	0.166852	0.209887	0.166852	0.0698381	0.120988	0.166852	0.120988
Sq = 	-2.42595e-18	0.415943	0.639754	0.415943	0.415943	0.639754	0.92404	0.639754	0.639754	0.92404	4.91897	0.92404	0.415943	0.639754	0.92404	0.639754
6 rounds of non-Gaussian ED iteration : ground-state energy is -16.7787 | electron energy -16.7794 + phonon energy 0.00069118 | electron momentum kIdx = 0
Nq = 	16	0.0698453	0.120998	0.0698453	0.0698453	0.120998	0.166865	0.120998	0.120998	0.166865	0.209902	0.166865	0.0698453	0.120998	0.166865	0.120998
Sq = 	-6.93071e-19	0.415946	0.639753	0.415946	0.415946	0.639753	0.924027	0.639753	0.639753	0.924027	4.91886	0.924027	0.415946	0.639753	0.924027	0.639753
7 rounds of non-Gaussian ED iteration : ground-state energy is -16.7912 | electron energy -16.7919 + phonon energy 0.000704839 | electron momentum kIdx = 0
Nq = 	16	0.0698476	0.121001	0.0698476	0.0698476	0.121001	0.166869	0.121001	0.121001	0.166869	0.209907	0.166869	0.0698476	0.121001	0.166869	0.121001
Sq = 	-1.89634e-18	0.415947	0.639752	0.415947	0.415947	0.639752	0.924022	0.639752	0.639752	0.924022	4.91883	0.924022	0.415947	0.639752	0.924022	0.639752
8 rounds of non-Gaussian ED iteration : ground-state energy is -16.7958 | electron energy -16.7965 + phonon energy 0.000710312 | electron momentum kIdx = 0
Nq = 	16	0.0698484	0.121002	0.0698484	0.0698484	0.121002	0.166871	0.121002	0.121002	0.166871	0.209908	0.166871	0.0698484	0.121002	0.166871	0.121002
Sq = 	1.16242e-18	0.415947	0.639752	0.415947	0.415947	0.639752	0.924021	0.639752	0.639752	0.924021	4.91882	0.924021	0.415947	0.639752	0.924021	0.639752
9 rounds of non-Gaussian ED iteration : ground-state energy is -16.7975 | electron energy -16.7982 + phonon energy 0.000712463 | electron momentum kIdx = 0
Nq = 	16	0.0698486	0.121003	0.0698486	0.0698486	0.121003	0.166871	0.121003	0.121003	0.166871	0.209909	0.166871	0.0698486	0.121003	0.166871	0.121003
Sq = 	-1.31716e-18	0.415947	0.639752	0.415947	0.415947	0.639752	0.92402	0.639752	0.639752	0.92402	4.91881	0.92402	0.415947	0.639752	0.92402	0.639752
10 rounds of non-Gaussian ED iteration : ground-state energy is -16.7982 | electron energy -16.7989 + phonon energy 0.000713299 | electron momentum kIdx = 0
Nq = 	16	0.0698487	0.121003	0.0698487	0.0698487	0.121003	0.166871	0.121003	0.121003	0.166871	0.209909	0.166871	0.0698487	0.121003	0.166871	0.121003
Sq = 	1.84077e-19	0.415947	0.639752	0.415947	0.415947	0.639752	0.92402	0.639752	0.639752	0.92402	4.91881	0.92402	0.415947	0.639752	0.92402	0.639752
11 rounds of non-Gaussian ED iteration : ground-state energy is -16.7984 | electron energy -16.7991 + phonon energy 0.000713622 | electron momentum kIdx = 0
Nq = 	16	0.0698487	0.121003	0.0698487	0.0698487	0.121003	0.166871	0.121003	0.121003	0.166871	0.209909	0.166871	0.0698487	0.121003	0.166871	0.121003
Sq = 	-2.18892e-18	0.415947	0.639752	0.415947	0.415947	0.639752	0.92402	0.639752	0.639752	0.92402	4.91881	0.92402	0.415947	0.639752	0.92402	0.639752
12 rounds of non-Gaussian ED iteration : ground-state energy is -16.7985 | electron energy -16.7992 + phonon energy 0.000713746 | electron momentum kIdx = 0
Nq = 	16	0.0698487	0.121003	0.0698487	0.0698487	0.121003	0.166871	0.121003	0.121003	0.166871	0.209909	0.166871	0.0698487	0.121003	0.166871	0.121003
Sq = 	-5.54691e-19	0.415947	0.639752	0.415947	0.415947	0.639752	0.92402	0.639752	0.639752	0.92402	4.91881	0.92402	0.415947	0.639752	0.92402	0.639752
13 rounds of non-Gaussian ED iteration : ground-state energy is -16.7985 | electron energy -16.7992 + phonon energy 0.000713793 | electron momentum kIdx = 0
Nq = 	16	0.0698487	0.121003	0.0698487	0.0698487	0.121003	0.166871	0.121003	0.121003	0.166871	0.209909	0.166871	0.0698487	0.121003	0.166871	0.121003
Sq = 	-1.66009e-18	0.415947	0.639752	0.415947	0.415947	0.639752	0.92402	0.639752	0.639752	0.92402	4.91881	0.92402	0.415947	0.639752	0.92402	0.639752
14 rounds of non-Gaussian ED iteration : ground-state energy is -16.7985 | electron energy -16.7992 + phonon energy 0.000713811 | electron momentum kIdx = 0
Nq = 	16	0.0698487	0.121003	0.0698487	0.0698487	0.121003	0.166871	0.121003	0.121003	0.166871	0.209909	0.166871	0.0698487	0.121003	0.166871	0.121003
Sq = 	-5.9861e-19	0.415947	0.639752	0.415947	0.415947	0.639752	0.92402	0.639752	0.639752	0.92402	4.91881	0.92402	0.415947	0.639752	0.92402	0.639752
15 rounds of non-Gaussian ED iteration : ground-state energy is -16.7985 | electron energy -16.7992 + phonon energy 0.000713818 | electron momentum kIdx = 0
Nq = 	16	0.0698487	0.121003	0.0698487	0.0698487	0.121003	0.166871	0.121003	0.121003	0.166871	0.209909	0.166871	0.0698487	0.121003	0.166871	0.121003
Sq = 	-1.26882e-18	0.415947	0.639752	0.415947	0.415947	0.639752	0.92402	0.639752	0.639752	0.92402	4.91881	0.92402	0.415947	0.639752	0.92402	0.639752
16 rounds of non-Gaussian ED iteration : ground-state energy is -16.7985 | electron energy -16.7992 + phonon energy 0.000713821 | electron momentum kIdx = 0
Nq = 	16	0.0698487	0.121003	0.0698487	0.0698487	0.121003	0.166871	0.121003	0.121003	0.166871	0.209909	0.166871	0.0698487	0.121003	0.166871	0.121003
Sq = 	1.1542e-18	0.415947	0.639752	0.415947	0.415947	0.639752	0.92402	0.639752	0.639752	0.92402	4.91881	0.92402	0.415947	0.639752	0.92402	0.639752
Ground state is obtained after 17 iterations. The current ground-state energy is -16.7985, in which electron energy is -16.7992 and phonon energy is 0.000713822
o___o  -------------------------------------
| L |	Time since last clock: 1h 28m 43.139s
A===A	Time since the beginning: 1h 28m 43.139s
********************************************

************************************************************************************
