SNEDics v3.4 Non-Gaussian ED ground state program		Start at Sat Sep 21 22:46:59 2019

parallized on 16 MPI threads  * 8 OpenMP threads = 128 total threads.
********************************************************************************************************************
********************************************************************************************************************

********************************************************************************************************************
System parameters and configurations
********************************************************************************************************************
Special program options are enabled: splitted diagonal Hamiltonian
********************************************************************************************************************
Read input file "model_params.in"
	Hubbard-Holstein model parameters : 	t = 1    U = 7.6    g = 4.7434    W = 5    
********************************************************************************************************************
Read input file "hilbertspace_params.in"
	Requested 16-site 2D lattice, with 16 electrons (8, 8)
	Boundary : Periodic		Hilbert space representation : momentum-space (restricted to kIdx = 0)
	Conservation: particle number[U(1)]      spin[U(1)]     momentum
********************************************************************************************************************

Cluster Positions:				Cluster symmetry group : D4
 x ... x ... x ... x .....                       x ... x ... x ... x .....
 |           |           :                       |           |           :
 |           |           :                       |           |           :
12    13    14    15     x                       1     5     6     5     x
 |           |           :                       |           |           :
 |           |           :                       |           |           :
 8 --- 9 ---10 ---11 --- x                       2 --- 6 ---10 --- 6 --- x
 |           |           :                       |           |           :
 |           |           :                       |           |           :
 4     5     6     7     x                       1     5     6     5     x
 |           |           :                       |           |           :
 |           |           :                       |           |           :
 0 --- 1 --- 2 --- 3 --- x                       0 --- 1 --- 2 --- 1 --- x
orbital number : 1
********************************************************************************************************************
Read input file "obs_params.in"
	Observable Type : Nq(All),   Sq(All),   N(All),   Delta[s](All),   Delta[d](All),   Delta[s+](All)
********************************************************************************************************************
** WARNING ** the input observables have non-local factors which have been reinterpreted. The total observable number is 96
********************************************************************************************************************


********************************************************************************************************************
Start calculating the non-Gaussian ED ground state
** WARNING ** Detected low phonon energy W < 10. The initial state will be prepared through a warm-up process.
********************************************************************************************************************
Start warm-up calculation for scaling factor 2
open output files: NGSEDWarmUpW10Obs.txt
********************************************************************************************************************
Start the 0 rounds of NGS-ED iteration
	effective electronic model is modified as: kinetic energy t = 1
	                                           effective interaction Vq = [-0,-0,-0,-0,-0,-0,-0,-0,-0,-0,-0,-0,-0,-0,-0,-0]
	first Hamiltonian is constructed, non-zero numbers = 2845383612
	PARPACK diagonalization completed after 105 matrix-vector product operations.
	iteration results: : total energy is -8.824296 | electron energy -8.824296 + phonon energy 0.000000 | electron momentum kIdx = 0
	Nq(0) = 16,	Nq(1) = 0.0681551,	Nq(2) = 0.118506,	Nq(3) = 0.0681551,	Nq(4) = 0.0681551,	Nq(5) = 0.118506,	Nq(6) = 0.163687,	Nq(7) = 0.118506,	Nq(8) = 0.118506,	Nq(9) = 0.163687,	Nq(10) = 0.206155,	Nq(11) = 0.163687,	Nq(12) = 0.0681551,	Nq(13) = 0.118506,	Nq(14) = 0.163687,	Nq(15) = 0.118506,	Sq(0) = 4.24038e-19,	Sq(1) = 0.415253,	Sq(2) = 0.640064,	Sq(3) = 0.415253,	Sq(4) = 0.415253,	Sq(5) = 0.640064,	Sq(6) = 0.927292,	Sq(7) = 0.640064,	Sq(8) = 0.640064,	Sq(9) = 0.927292,	Sq(10) = 4.94487,	Sq(11) = 0.927292,	Sq(12) = 0.415253,	Sq(13) = 0.640064,	Sq(14) = 0.927292,	Sq(15) = 0.640064,	N(0) = 1.79172,	N(1) = 1.59374,	N(2) = 1,	N(3) = 1.59374,	N(4) = 1.59374,	N(5) = 1,	N(6) = 0.40626,	N(7) = 1,	N(8) = 1,	N(9) = 0.40626,	N(10) = 0.208277,	N(11) = 0.40626,	N(12) = 1.59374,	N(13) = 1,	N(14) = 0.40626,	N(15) = 1,	Delta[s](0) = 0.0886082,	Delta[s](1) = 0.0741273,	Delta[s](2) = 0.0587286,	Delta[s](3) = 0.0741273,	Delta[s](4) = 0.0741273,	Delta[s](5) = 0.0587286,	Delta[s](6) = 0.0415853,	Delta[s](7) = 0.0587286,	Delta[s](8) = 0.0587286,	Delta[s](9) = 0.0415853,	Delta[s](10) = 0.0184494,	Delta[s](11) = 0.0415853,	Delta[s](12) = 0.0741273,	Delta[s](13) = 0.0587286,	Delta[s](14) = 0.0415853,	Delta[s](15) = 0.0587286,	Delta[d](0) = 0.587678,	Delta[d](1) = 0.450235,	Delta[d](2) = 0.342398,	Delta[d](3) = 0.450235,	Delta[d](4) = 0.450235,	Delta[d](5) = 0.348894,	Delta[d](6) = 0.243485,	Delta[d](7) = 0.348894,	Delta[d](8) = 0.342398,	Delta[d](9) = 0.243485,	Delta[d](10) = 0.125431,	Delta[d](11) = 0.243485,	Delta[d](12) = 0.450235,	Delta[d](13) = 0.348894,	Delta[d](14) = 0.243485,	Delta[d](15) = 0.348894,	Delta[s+](0) = 0.614841,	Delta[s+](1) = 0.486604,	Delta[s+](2) = 0.342398,	Delta[s+](3) = 0.486604,	Delta[s+](4) = 0.486604,	Delta[s+](5) = 0.342398,	Delta[s+](6) = 0.200705,	Delta[s+](7) = 0.342398,	Delta[s+](8) = 0.342398,	Delta[s+](9) = 0.200705,	Delta[s+](10) = 0.0753672,	Delta[s+](11) = 0.200705,	Delta[s+](12) = 0.486604,	Delta[s+](13) = 0.342398,	Delta[s+](14) = 0.200705,	Delta[s+](15) = 0.342398
The 0-th iteration is completed.	|| time cost : 0h 10m 52.287s
********************************************************************************************************************
Start the 1 rounds of NGS-ED iteration
	effective electronic model is modified as: kinetic energy t = 0.908403
	                                           effective interaction Vq = [-3.89096,-3.30914,-3.22995,-3.30914,-3.30914,-3.22995,-3.18005,-3.22995,-3.22995,-3.18005,-3.14447,-3.18005,-3.30914,-3.22995,-3.18005,-3.22995]
	PARPACK diagonalization completed after 60 matrix-vector product operations.
	iteration results: : total energy is -80.404780 | electron energy -80.409731 + phonon energy 0.004951 | electron momentum kIdx = 0
The 1-th iteration is completed.	|| time cost : 0h 9m 37.003s
********************************************************************************************************************
Start the 2 rounds of NGS-ED iteration
	effective electronic model is modified as: kinetic energy t = 0.823035
	                                           effective interaction Vq = [-4.41755,-4.16282,-4.00793,-4.16282,-4.16282,-4.00793,-4.00246,-4.00793,-4.00793,-4.00246,-3.92706,-4.00246,-4.16282,-4.00793,-4.00246,-4.00793]
	PARPACK diagonalization completed after 75 matrix-vector product operations.
	iteration results: : total energy is -92.473867 | electron energy -92.541453 + phonon energy 0.067586 | electron momentum kIdx = 0
The 2-th iteration is completed.	|| time cost : 0h 0m 58.502s
********************************************************************************************************************
Start the 3 rounds of NGS-ED iteration
	effective electronic model is modified as: kinetic energy t = 0.768688
	                                           effective interaction Vq = [-4.48881,-4.37532,-4.33436,-4.37532,-4.37532,-4.33436,-4.25189,-4.33436,-4.33436,-4.25189,-4.24429,-4.25189,-4.37532,-4.33436,-4.25189,-4.33436]
	PARPACK diagonalization completed after 60 matrix-vector product operations.
	iteration results: : total energy is -95.064884 | electron energy -95.206540 + phonon energy 0.141657 | electron momentum kIdx = 0
The 3-th iteration is completed.	|| time cost : 0h 0m 49.996s
********************************************************************************************************************
Start the 4 rounds of NGS-ED iteration
	effective electronic model is modified as: kinetic energy t = 0.747105
	                                           effective interaction Vq = [-4.49846,-4.42654,-4.41255,-4.42654,-4.42654,-4.41255,-4.32511,-4.41255,-4.41255,-4.32511, -4.3455,-4.32511,-4.42654,-4.41255,-4.32511,-4.41255]
	PARPACK diagonalization completed after 45 matrix-vector product operations.
	iteration results: : total energy is -95.439594 | electron energy -95.622161 + phonon energy 0.182566 | electron momentum kIdx = 0
The 4-th iteration is completed.	|| time cost : 0h 0m 44.255s
********************************************************************************************************************
Start the 5 rounds of NGS-ED iteration
	effective electronic model is modified as: kinetic energy t = 0.738733
	                                           effective interaction Vq = [-4.49976,-4.44163,  -4.434,-4.44163,-4.44163,  -4.434,-4.35022,  -4.434,  -4.434,-4.35022,-4.38754,-4.35022,-4.44163,  -4.434,-4.35022,  -4.434]
	PARPACK diagonalization completed after 45 matrix-vector product operations.
	iteration results: : total energy is -95.494297 | electron energy -95.694251 + phonon energy 0.199954 | electron momentum kIdx = 0
The 5-th iteration is completed.	|| time cost : 0h 0m 49.278s
********************************************************************************************************************
Start the 6 rounds of NGS-ED iteration
	effective electronic model is modified as: kinetic energy t = 0.735382
	                                           effective interaction Vq = [-4.49994,-4.44658, -4.4392,-4.44658,-4.44658, -4.4392,-4.35951, -4.4392, -4.4392,-4.35951,-4.41424,-4.35951,-4.44658, -4.4392,-4.35951, -4.4392]
	PARPACK diagonalization completed after 45 matrix-vector product operations.
	iteration results: : total energy is -95.507978 | electron energy -95.715372 + phonon energy 0.207394 | electron momentum kIdx = 0
The 6-th iteration is completed.	|| time cost : 0h 0m 43.093s
********************************************************************************************************************
Start the 7 rounds of NGS-ED iteration
	effective electronic model is modified as: kinetic energy t = 0.734218
	                                           effective interaction Vq = [-4.49996,-4.44755,-4.43517,-4.44755,-4.44755,-4.43517,-4.36197,-4.43517,-4.43517,-4.36197,-4.44492,-4.36197,-4.44755,-4.43517,-4.36197,-4.43517]
	PARPACK diagonalization completed after 45 matrix-vector product operations.
	iteration results: : total energy is -95.551243 | electron energy -95.762555 + phonon energy 0.211312 | electron momentum kIdx = 0
The 7-th iteration is completed.	|| time cost : 0h 0m 43.121s
********************************************************************************************************************
Start the 8 rounds of NGS-ED iteration
	effective electronic model is modified as: kinetic energy t = 0.741184
	                                           effective interaction Vq = [-4.49997,-4.43915,-4.38634,-4.43915,-4.43915,-4.38634, -4.3493,-4.38634,-4.38634, -4.3493,-4.47931, -4.3493,-4.43915,-4.38634, -4.3493,-4.38634]
	PARPACK diagonalization completed after 45 matrix-vector product operations.
	iteration results: : total energy is -95.702487 | electron energy -95.912140 + phonon energy 0.209654 | electron momentum kIdx = 0
The 8-th iteration is completed.	|| time cost : 0h 0m 43.28s
********************************************************************************************************************
Start the 9 rounds of NGS-ED iteration
	effective electronic model is modified as: kinetic energy t = 0.750614
	                                           effective interaction Vq = [-4.49997, -4.4244,-4.32156, -4.4244, -4.4244,-4.32156,-4.32793,-4.32156,-4.32156,-4.32793,-4.48983,-4.32793, -4.4244,-4.32156,-4.32793,-4.32156]
	PARPACK diagonalization completed after 30 matrix-vector product operations.
	iteration results: : total energy is -95.765446 | electron energy -95.968400 + phonon energy 0.202955 | electron momentum kIdx = 0
The 9-th iteration is completed.	|| time cost : 0h 0m 36.212s
********************************************************************************************************************
Start the 10 rounds of NGS-ED iteration
	effective electronic model is modified as: kinetic energy t = 0.754986
	                                           effective interaction Vq = [-4.49997,-4.41471,-4.29092,-4.41471,-4.41471,-4.29092,-4.31434,-4.29092,-4.29092,-4.31434,-4.49273,-4.31434,-4.41471,-4.29092,-4.31434,-4.29092]
	PARPACK diagonalization completed after 30 matrix-vector product operations.
	iteration results: : total energy is -95.776405 | electron energy -95.974114 + phonon energy 0.197709 | electron momentum kIdx = 0
	Nq(0) = 16,	Nq(1) = 0.31568,	Nq(2) = 0.358181,	Nq(3) = 0.31568,	Nq(4) = 0.31568,	Nq(5) = 0.358181,	Nq(6) = 0.573382,	Nq(7) = 0.358181,	Nq(8) = 0.358181,	Nq(9) = 0.573382,	Nq(10) = 4.98132,	Nq(11) = 0.573382,	Nq(12) = 0.31568,	Nq(13) = 0.358181,	Nq(14) = 0.573382,	Nq(15) = 0.358181,	Sq(0) = 4.1979e-18,	Sq(1) = 0.253854,	Sq(2) = 0.317639,	Sq(3) = 0.253854,	Sq(4) = 0.253854,	Sq(5) = 0.317639,	Sq(6) = 0.465035,	Sq(7) = 0.317639,	Sq(8) = 0.317639,	Sq(9) = 0.465035,	Sq(10) = 0.531962,	Sq(11) = 0.465035,	Sq(12) = 0.253854,	Sq(13) = 0.317639,	Sq(14) = 0.465035,	Sq(15) = 0.317639,	N(0) = 1.98475,	N(1) = 1.95741,	N(2) = 1,	N(3) = 1.95741,	N(4) = 1.95741,	N(5) = 1,	N(6) = 0.0425905,	N(7) = 1,	N(8) = 1,	N(9) = 0.0425905,	N(10) = 0.0152511,	N(11) = 0.0425905,	N(12) = 1.95741,	N(13) = 1,	N(14) = 0.0425905,	N(15) = 1,	Delta[s](0) = 0.426339,	Delta[s](1) = 0.349659,	Delta[s](2) = 0.33849,	Delta[s](3) = 0.349659,	Delta[s](4) = 0.349659,	Delta[s](5) = 0.33849,	Delta[s](6) = 0.301337,	Delta[s](7) = 0.33849,	Delta[s](8) = 0.33849,	Delta[s](9) = 0.301337,	Delta[s](10) = 0.28206,	Delta[s](11) = 0.301337,	Delta[s](12) = 0.349659,	Delta[s](13) = 0.33849,	Delta[s](14) = 0.301337,	Delta[s](15) = 0.33849,	Delta[d](0) = 0.218247,	Delta[d](1) = 0.212356,	Delta[d](2) = 0.215175,	Delta[d](3) = 0.212356,	Delta[d](4) = 0.212356,	Delta[d](5) = 0.148053,	Delta[d](6) = 0.176281,	Delta[d](7) = 0.148053,	Delta[d](8) = 0.215175,	Delta[d](9) = 0.176281,	Delta[d](10) = 0.0777926,	Delta[d](11) = 0.176281,	Delta[d](12) = 0.212356,	Delta[d](13) = 0.148053,	Delta[d](14) = 0.176281,	Delta[d](15) = 0.148053,	Delta[s+](0) = 0.410219,	Delta[s+](1) = 0.324773,	Delta[s+](2) = 0.215175,	Delta[s+](3) = 0.324773,	Delta[s+](4) = 0.324773,	Delta[s+](5) = 0.215175,	Delta[s+](6) = 0.105369,	Delta[s+](7) = 0.215175,	Delta[s+](8) = 0.215175,	Delta[s+](9) = 0.105369,	Delta[s+](10) = 0.0447685,	Delta[s+](11) = 0.105369,	Delta[s+](12) = 0.324773,	Delta[s+](13) = 0.215175,	Delta[s+](14) = 0.105369,	Delta[s+](15) = 0.215175
The 10-th iteration is completed.	|| time cost : 0h 5m 40.947s
********************************************************************************************************************
Start the 11 rounds of NGS-ED iteration
	effective electronic model is modified as: kinetic energy t = 0.756932
	                                           effective interaction Vq = [-4.49997,-4.40948,-4.27811,-4.40948,-4.40948,-4.27811,-4.30705,-4.27811,-4.27811,-4.30705,-4.49365,-4.30705,-4.40948,-4.27811,-4.30705,-4.27811]
	PARPACK diagonalization completed after 30 matrix-vector product operations.
	iteration results: : total energy is -95.778315 | electron energy -95.973217 + phonon energy 0.194902 | electron momentum kIdx = 0
The 11-th iteration is completed.	|| time cost : 0h 0m 36.442s
********************************************************************************************************************
Start the 12 rounds of NGS-ED iteration
	effective electronic model is modified as: kinetic energy t = 0.757798
	                                           effective interaction Vq = [-4.49997,-4.40687,-4.27288,-4.40687,-4.40687,-4.27288, -4.3034,-4.27288,-4.27288, -4.3034,-4.49398, -4.3034,-4.40687,-4.27288, -4.3034,-4.27288]
	PARPACK diagonalization completed after 30 matrix-vector product operations.
	iteration results: : total energy is -95.778664 | electron energy -95.972200 + phonon energy 0.193537 | electron momentum kIdx = 0
The 12-th iteration is completed.	|| time cost : 0h 0m 36.267s
********************************************************************************************************************
Start the 13 rounds of NGS-ED iteration
	effective electronic model is modified as: kinetic energy t = 0.758185
	                                           effective interaction Vq = [-4.49997,-4.40563,-4.27073,-4.40563,-4.40563,-4.27073,-4.30163,-4.27073,-4.27073,-4.30163, -4.4941,-4.30163,-4.40563,-4.27073,-4.30163,-4.27073]
	PARPACK diagonalization completed after 30 matrix-vector product operations.
	iteration results: : total energy is -95.778730 | electron energy -95.971626 + phonon energy 0.192896 | electron momentum kIdx = 0
The 13-th iteration is completed.	|| time cost : 0h 0m 36.12s
********************************************************************************************************************
Start the 14 rounds of NGS-ED iteration
	effective electronic model is modified as: kinetic energy t = 0.758357
	                                           effective interaction Vq = [-4.49997,-4.40505,-4.26985,-4.40505,-4.40505,-4.26985,-4.30079,-4.26985,-4.26985,-4.30079,-4.49415,-4.30079,-4.40505,-4.26985,-4.30079,-4.26985]
	PARPACK diagonalization completed after 30 matrix-vector product operations.
	iteration results: : total energy is -95.778743 | electron energy -95.971343 + phonon energy 0.192601 | electron momentum kIdx = 0
The 14-th iteration is completed.	|| time cost : 0h 0m 36.184s
********************************************************************************************************************
Start the 15 rounds of NGS-ED iteration
	effective electronic model is modified as: kinetic energy t = 0.758434
	                                           effective interaction Vq = [-4.49997,-4.40478,-4.26948,-4.40478,-4.40478,-4.26948, -4.3004,-4.26948,-4.26948, -4.3004,-4.49417, -4.3004,-4.40478,-4.26948, -4.3004,-4.26948]
	PARPACK diagonalization completed after 30 matrix-vector product operations.
	iteration results: : total energy is -95.778745 | electron energy -95.971211 + phonon energy 0.192466 | electron momentum kIdx = 0
	Nq(0) = 16,	Nq(1) = 0.311346,	Nq(2) = 0.354913,	Nq(3) = 0.311346,	Nq(4) = 0.311346,	Nq(5) = 0.354913,	Nq(6) = 0.567038,	Nq(7) = 0.354913,	Nq(8) = 0.354913,	Nq(9) = 0.567038,	Nq(10) = 5.05224,	Nq(11) = 0.567038,	Nq(12) = 0.311346,	Nq(13) = 0.354913,	Nq(14) = 0.567038,	Nq(15) = 0.354913,	Sq(0) = 3.33604e-18,	Sq(1) = 0.252805,	Sq(2) = 0.317164,	Sq(3) = 0.252805,	Sq(4) = 0.252805,	Sq(5) = 0.317164,	Sq(6) = 0.464548,	Sq(7) = 0.317164,	Sq(8) = 0.317164,	Sq(9) = 0.464548,	Sq(10) = 0.532345,	Sq(11) = 0.464548,	Sq(12) = 0.252805,	Sq(13) = 0.317164,	Sq(14) = 0.464548,	Sq(15) = 0.317164,	N(0) = 1.98445,	N(1) = 1.95621,	N(2) = 1,	N(3) = 1.95621,	N(4) = 1.95621,	N(5) = 1,	N(6) = 0.043791,	N(7) = 1,	N(8) = 1,	N(9) = 0.043791,	N(10) = 0.0155459,	N(11) = 0.043791,	N(12) = 1.95621,	N(13) = 1,	N(14) = 0.043791,	N(15) = 1,	Delta[s](0) = 0.424407,	Delta[s](1) = 0.350107,	Delta[s](2) = 0.338724,	Delta[s](3) = 0.350107,	Delta[s](4) = 0.350107,	Delta[s](5) = 0.338724,	Delta[s](6) = 0.301844,	Delta[s](7) = 0.338724,	Delta[s](8) = 0.338724,	Delta[s](9) = 0.301844,	Delta[s](10) = 0.283077,	Delta[s](11) = 0.301844,	Delta[s](12) = 0.350107,	Delta[s](13) = 0.338724,	Delta[s](14) = 0.301844,	Delta[s](15) = 0.338724,	Delta[d](0) = 0.217091,	Delta[d](1) = 0.210949,	Delta[d](2) = 0.21434,	Delta[d](3) = 0.210949,	Delta[d](4) = 0.210949,	Delta[d](5) = 0.146821,	Delta[d](6) = 0.174758,	Delta[d](7) = 0.146821,	Delta[d](8) = 0.21434,	Delta[d](9) = 0.174758,	Delta[d](10) = 0.0764827,	Delta[d](11) = 0.174758,	Delta[d](12) = 0.210949,	Delta[d](13) = 0.146821,	Delta[d](14) = 0.174758,	Delta[d](15) = 0.146821,	Delta[s+](0) = 0.410369,	Delta[s+](1) = 0.324218,	Delta[s+](2) = 0.21434,	Delta[s+](3) = 0.324218,	Delta[s+](4) = 0.324218,	Delta[s+](5) = 0.21434,	Delta[s+](6) = 0.104297,	Delta[s+](7) = 0.21434,	Delta[s+](8) = 0.21434,	Delta[s+](9) = 0.104297,	Delta[s+](10) = 0.0440178,	Delta[s+](11) = 0.104297,	Delta[s+](12) = 0.324218,	Delta[s+](13) = 0.21434,	Delta[s+](14) = 0.104297,	Delta[s+](15) = 0.21434
The 15-th iteration is completed.	|| time cost : 0h 5m 57.715s
********************************************************************************************************************
********************************************************************************************************************
Ground state is obtained after 16 iterations. The current ground-state energy is -95.7787, in which electron energy is -95.9712 and phonon energy is 0.192466
final variational state is: 
	Gamma_x = [      1,1.03547,1.05752,1.03547,1.03547,1.05752,1.08849,1.05752,1.05752,1.08849,1.16945,1.08849,1.03547,1.05752,1.08849,1.05752]
	lambda_q = [0.670818,0.573189,0.518947,0.573189,0.573189,0.518947,0.529483,0.518947,0.518947,0.529483,0.646759,0.529483,0.573189,0.518947,0.529483,0.518947]
********************************************************************************************************************
o___o  ----------------------------------------
| L |	Time since last clock: 0h 0m 0s
A===A	Time since the beginning: 0h 40m 40.71s
***********************************************


********************************************************************************************************************
Warm up runs have been completed. Start calculating W = 5 phonon.
open output files: NGSEDIterationObs.txt
********************************************************************************************************************
Start the 0 rounds of NGS-ED iteration
	effective electronic model is modified as: kinetic energy t = 0.758468
	                                           effective interaction Vq = [-4.11393,  -3.795,-3.57662,  -3.795,  -3.795,-3.57662,-3.62134,-3.57662,-3.57662,-3.62134,-4.04419,-3.62134,  -3.795,-3.57662,-3.62134,-3.57662]
	PARPACK diagonalization completed after 45 matrix-vector product operations.
	iteration results: : total energy is -83.891758 | electron energy -83.987961 + phonon energy 0.096202 | electron momentum kIdx = 0
	Nq(0) = 16,	Nq(1) = 0.312717,	Nq(2) = 0.33966,	Nq(3) = 0.312717,	Nq(4) = 0.312717,	Nq(5) = 0.33966,	Nq(6) = 0.526903,	Nq(7) = 0.33966,	Nq(8) = 0.33966,	Nq(9) = 0.526903,	Nq(10) = 4.3329,	Nq(11) = 0.526903,	Nq(12) = 0.312717,	Nq(13) = 0.33966,	Nq(14) = 0.526903,	Nq(15) = 0.33966,	Sq(0) = -1.08369e-18,	Sq(1) = 0.312825,	Sq(2) = 0.356355,	Sq(3) = 0.312825,	Sq(4) = 0.312825,	Sq(5) = 0.356355,	Sq(6) = 0.565916,	Sq(7) = 0.356355,	Sq(8) = 0.356355,	Sq(9) = 0.565916,	Sq(10) = 0.617563,	Sq(11) = 0.565916,	Sq(12) = 0.312825,	Sq(13) = 0.356355,	Sq(14) = 0.565916,	Sq(15) = 0.356355,	N(0) = 1.99338,	N(1) = 1.98204,	N(2) = 1,	N(3) = 1.98204,	N(4) = 1.98204,	N(5) = 1,	N(6) = 0.0179639,	N(7) = 1,	N(8) = 1,	N(9) = 0.0179639,	N(10) = 0.00662361,	N(11) = 0.0179639,	N(12) = 1.98204,	N(13) = 1,	N(14) = 0.0179639,	N(15) = 1,	Delta[s](0) = 0.353692,	Delta[s](1) = 0.315133,	Delta[s](2) = 0.30804,	Delta[s](3) = 0.315133,	Delta[s](4) = 0.315133,	Delta[s](5) = 0.30804,	Delta[s](6) = 0.281904,	Delta[s](7) = 0.30804,	Delta[s](8) = 0.30804,	Delta[s](9) = 0.281904,	Delta[s](10) = 0.274595,	Delta[s](11) = 0.281904,	Delta[s](12) = 0.315133,	Delta[s](13) = 0.30804,	Delta[s](14) = 0.281904,	Delta[s](15) = 0.30804,	Delta[d](0) = 0.236207,	Delta[d](1) = 0.237635,	Delta[d](2) = 0.241919,	Delta[d](3) = 0.237635,	Delta[d](4) = 0.237635,	Delta[d](5) = 0.164523,	Delta[d](6) = 0.198669,	Delta[d](7) = 0.164523,	Delta[d](8) = 0.241919,	Delta[d](9) = 0.198669,	Delta[d](10) = 0.0928719,	Delta[d](11) = 0.198669,	Delta[d](12) = 0.237635,	Delta[d](13) = 0.164523,	Delta[d](14) = 0.198669,	Delta[d](15) = 0.164523,	Delta[s+](0) = 0.469622,	Delta[s+](1) = 0.365057,	Delta[s+](2) = 0.241919,	Delta[s+](3) = 0.365057,	Delta[s+](4) = 0.365057,	Delta[s+](5) = 0.241919,	Delta[s+](6) = 0.120819,	Delta[s+](7) = 0.241919,	Delta[s+](8) = 0.241919,	Delta[s+](9) = 0.120819,	Delta[s+](10) = 0.0534096,	Delta[s+](11) = 0.120819,	Delta[s+](12) = 0.365057,	Delta[s+](13) = 0.241919,	Delta[s+](14) = 0.120819,	Delta[s+](15) = 0.241919
The 0-th iteration is completed.	|| time cost : 0h 5m 52.765s
********************************************************************************************************************
Start the 1 rounds of NGS-ED iteration
	effective electronic model is modified as: kinetic energy t = 0.726578
	                                           effective interaction Vq = [-4.35795,-4.03348,-3.75712,-4.03348,-4.03348,-3.75712,-3.81168,-3.75712,-3.75712,-3.81168,-4.32326,-3.81168,-4.03348,-3.75712,-3.81168,-3.75712]
	PARPACK diagonalization completed after 30 matrix-vector product operations.
	iteration results: : total energy is -89.279418 | electron energy -89.574139 + phonon energy 0.294720 | electron momentum kIdx = 0
The 1-th iteration is completed.	|| time cost : 0h 0m 36.416s
********************************************************************************************************************
Start the 2 rounds of NGS-ED iteration
	effective electronic model is modified as: kinetic energy t = 0.711173
	                                           effective interaction Vq = [-4.44772,-4.11108,-3.83295,-4.11108,-4.11108,-3.83295,-3.88359,-3.83295,-3.83295,-3.88359,-4.43388,-3.88359,-4.11108,-3.83295,-3.88359,-3.83295]
	PARPACK diagonalization completed after 30 matrix-vector product operations.
	iteration results: : total energy is -91.288970 | electron energy -91.703693 + phonon energy 0.414723 | electron momentum kIdx = 0
The 2-th iteration is completed.	|| time cost : 0h 0m 36.22s
********************************************************************************************************************
Start the 3 rounds of NGS-ED iteration
	effective electronic model is modified as: kinetic energy t = 0.705284
	                                           effective interaction Vq = [-4.48075, -4.1278, -3.8592, -4.1278, -4.1278, -3.8592,-3.90267, -3.8592, -3.8592,-3.90267,-4.47253,-3.90267, -4.1278, -3.8592,-3.90267, -3.8592]
	PARPACK diagonalization completed after 30 matrix-vector product operations.
	iteration results: : total energy is -91.992384 | electron energy -92.460748 + phonon energy 0.468364 | electron momentum kIdx = 0
The 3-th iteration is completed.	|| time cost : 0h 0m 36.237s
********************************************************************************************************************
Start the 4 rounds of NGS-ED iteration
	effective electronic model is modified as: kinetic energy t = 0.703475
	                                           effective interaction Vq = [ -4.4929,-4.12624, -3.8665,-4.12624,-4.12624, -3.8665,-3.90384, -3.8665, -3.8665,-3.90384,-4.48603,-3.90384,-4.12624, -3.8665,-3.90384, -3.8665]
	PARPACK diagonalization completed after 30 matrix-vector product operations.
	iteration results: : total energy is -92.233843 | electron energy -92.724317 + phonon energy 0.490474 | electron momentum kIdx = 0
The 4-th iteration is completed.	|| time cost : 0h 0m 36.176s
********************************************************************************************************************
Start the 5 rounds of NGS-ED iteration
	effective electronic model is modified as: kinetic energy t = 0.703211
	                                           effective interaction Vq = [-4.49737,-4.12061,-3.86717,-4.12061,-4.12061,-3.86717,-3.90004,-3.86717,-3.86717,-3.90004, -4.4911,-3.90004,-4.12061,-3.86717,-3.90004,-3.86717]
	PARPACK diagonalization completed after 30 matrix-vector product operations.
	iteration results: : total energy is -92.317373 | electron energy -92.816486 + phonon energy 0.499114 | electron momentum kIdx = 0
The 5-th iteration is completed.	|| time cost : 0h 0m 36.45s
********************************************************************************************************************
Start the 6 rounds of NGS-ED iteration
	effective electronic model is modified as: kinetic energy t = 0.703472
	                                           effective interaction Vq = [-4.49901,-4.11501, -3.8657,-4.11501,-4.11501, -3.8657,-3.89545, -3.8657, -3.8657,-3.89545,-4.49318,-3.89545,-4.11501, -3.8657,-3.89545, -3.8657]
	PARPACK diagonalization completed after 30 matrix-vector product operations.
	iteration results: : total energy is -92.346753 | electron energy -92.848736 + phonon energy 0.501983 | electron momentum kIdx = 0
The 6-th iteration is completed.	|| time cost : 0h 0m 36.139s
********************************************************************************************************************
Start the 7 rounds of NGS-ED iteration
	effective electronic model is modified as: kinetic energy t = 0.703863
	                                           effective interaction Vq = [-4.49962,-4.11042,-3.86374,-4.11042,-4.11042,-3.86374,-3.89135,-3.86374,-3.86374,-3.89135, -4.4941,-3.89135,-4.11042,-3.86374,-3.89135,-3.86374]
	PARPACK diagonalization completed after 30 matrix-vector product operations.
	iteration results: : total energy is -92.357261 | electron energy -92.859698 + phonon energy 0.502437 | electron momentum kIdx = 0
The 7-th iteration is completed.	|| time cost : 0h 0m 36.09s
********************************************************************************************************************
Start the 8 rounds of NGS-ED iteration
	effective electronic model is modified as: kinetic energy t = 0.704241
	                                           effective interaction Vq = [-4.49984,-4.10691,-3.86189,-4.10691,-4.10691,-3.86189,-3.88801,-3.86189,-3.86189,-3.88801,-4.49453,-3.88801,-4.10691,-3.86189,-3.88801,-3.86189]
	PARPACK diagonalization completed after 30 matrix-vector product operations.
	iteration results: : total energy is -92.361072 | electron energy -92.863049 + phonon energy 0.501977 | electron momentum kIdx = 0
The 8-th iteration is completed.	|| time cost : 0h 0m 36.258s
********************************************************************************************************************
Start the 9 rounds of NGS-ED iteration
	effective electronic model is modified as: kinetic energy t = 0.704558
	                                           effective interaction Vq = [-4.49992,-4.10429,-3.86033,-4.10429,-4.10429,-3.86033,-3.88542,-3.86033,-3.86033,-3.88542,-4.49474,-3.88542,-4.10429,-3.86033,-3.88542,-3.86033]
	PARPACK diagonalization completed after 30 matrix-vector product operations.
	iteration results: : total energy is -92.362470 | electron energy -92.863731 + phonon energy 0.501260 | electron momentum kIdx = 0
The 9-th iteration is completed.	|| time cost : 0h 0m 36.174s
********************************************************************************************************************
Start the 10 rounds of NGS-ED iteration
	effective electronic model is modified as: kinetic energy t = 0.70481
	                                           effective interaction Vq = [-4.49995,-4.10238,-3.85908,-4.10238,-4.10238,-3.85908,-3.88347,-3.85908,-3.85908,-3.88347,-4.49485,-3.88347,-4.10238,-3.85908,-3.88347,-3.85908]
	PARPACK diagonalization completed after 30 matrix-vector product operations.
	iteration results: : total energy is -92.362989 | electron energy -92.863544 + phonon energy 0.500555 | electron momentum kIdx = 0
	Nq(0) = 16,	Nq(1) = 0.20796,	Nq(2) = 0.279653,	Nq(3) = 0.20796,	Nq(4) = 0.20796,	Nq(5) = 0.279653,	Nq(6) = 0.409729,	Nq(7) = 0.279653,	Nq(8) = 0.279653,	Nq(9) = 0.409729,	Nq(10) = 7.31855,	Nq(11) = 0.409729,	Nq(12) = 0.20796,	Nq(13) = 0.279653,	Nq(14) = 0.409729,	Nq(15) = 0.279653,	Sq(0) = -2.25452e-18,	Sq(1) = 0.195952,	Sq(2) = 0.276708,	Sq(3) = 0.195952,	Sq(4) = 0.195952,	Sq(5) = 0.276708,	Sq(6) = 0.400765,	Sq(7) = 0.276708,	Sq(8) = 0.276708,	Sq(9) = 0.400765,	Sq(10) = 0.485665,	Sq(11) = 0.400765,	Sq(12) = 0.195952,	Sq(13) = 0.276708,	Sq(14) = 0.400765,	Sq(15) = 0.276708,	N(0) = 1.95906,	N(1) = 1.87647,	N(2) = 1,	N(3) = 1.87647,	N(4) = 1.87647,	N(5) = 1,	N(6) = 0.123529,	N(7) = 1,	N(8) = 1,	N(9) = 0.123529,	N(10) = 0.0409364,	N(11) = 0.123529,	N(12) = 1.87647,	N(13) = 1,	N(14) = 0.123529,	N(15) = 1,	Delta[s](0) = 0.397997,	Delta[s](1) = 0.370231,	Delta[s](2) = 0.359329,	Delta[s](3) = 0.370231,	Delta[s](4) = 0.370231,	Delta[s](5) = 0.359329,	Delta[s](6) = 0.34206,	Delta[s](7) = 0.359329,	Delta[s](8) = 0.359329,	Delta[s](9) = 0.34206,	Delta[s](10) = 0.330476,	Delta[s](11) = 0.34206,	Delta[s](12) = 0.370231,	Delta[s](13) = 0.359329,	Delta[s](14) = 0.34206,	Delta[s](15) = 0.359329,	Delta[d](0) = 0.187795,	Delta[d](1) = 0.176742,	Delta[d](2) = 0.195378,	Delta[d](3) = 0.176742,	Delta[d](4) = 0.176742,	Delta[d](5) = 0.130287,	Delta[d](6) = 0.143634,	Delta[d](7) = 0.130287,	Delta[d](8) = 0.195378,	Delta[d](9) = 0.143634,	Delta[d](10) = 0.0727601,	Delta[d](11) = 0.143634,	Delta[d](12) = 0.176742,	Delta[d](13) = 0.130287,	Delta[d](14) = 0.143634,	Delta[d](15) = 0.130287,	Delta[s+](0) = 0.399076,	Delta[s+](1) = 0.301337,	Delta[s+](2) = 0.195378,	Delta[s+](3) = 0.301337,	Delta[s+](4) = 0.301337,	Delta[s+](5) = 0.195378,	Delta[s+](6) = 0.093383,	Delta[s+](7) = 0.195378,	Delta[s+](8) = 0.195378,	Delta[s+](9) = 0.093383,	Delta[s+](10) = 0.0442528,	Delta[s+](11) = 0.093383,	Delta[s+](12) = 0.301337,	Delta[s+](13) = 0.195378,	Delta[s+](14) = 0.093383,	Delta[s+](15) = 0.195378
The 10-th iteration is completed.	|| time cost : 0h 5m 38.865s
********************************************************************************************************************
Start the 11 rounds of NGS-ED iteration
	effective electronic model is modified as: kinetic energy t = 0.705003
	                                           effective interaction Vq = [-4.49996,-4.10099,-3.85812,-4.10099,-4.10099,-3.85812,-3.88201,-3.85812,-3.85812,-3.88201, -4.4949,-3.88201,-4.10099,-3.85812,-3.88201,-3.85812]
	PARPACK diagonalization completed after 30 matrix-vector product operations.
	iteration results: : total energy is -92.363183 | electron energy -92.863136 + phonon energy 0.499953 | electron momentum kIdx = 0
The 11-th iteration is completed.	|| time cost : 0h 0m 36.236s
********************************************************************************************************************
Start the 12 rounds of NGS-ED iteration
	effective electronic model is modified as: kinetic energy t = 0.705147
	                                           effective interaction Vq = [-4.49997,-4.09999,-3.85739,-4.09999,-4.09999,-3.85739,-3.88093,-3.85739,-3.85739,-3.88093,-4.49493,-3.88093,-4.09999,-3.85739,-3.88093,-3.85739]
	PARPACK diagonalization completed after 30 matrix-vector product operations.
	iteration results: : total energy is -92.363257 | electron energy -92.862730 + phonon energy 0.499474 | electron momentum kIdx = 0
The 12-th iteration is completed.	|| time cost : 0h 0m 36.139s
********************************************************************************************************************
Start the 13 rounds of NGS-ED iteration
	effective electronic model is modified as: kinetic energy t = 0.705254
	                                           effective interaction Vq = [-4.49997,-4.09926,-3.85685,-4.09926,-4.09926,-3.85685,-3.88014,-3.85685,-3.85685,-3.88014,-4.49495,-3.88014,-4.09926,-3.85685,-3.88014,-3.85685]
	PARPACK diagonalization completed after 30 matrix-vector product operations.
	iteration results: : total energy is -92.363285 | electron energy -92.862390 + phonon energy 0.499105 | electron momentum kIdx = 0
The 13-th iteration is completed.	|| time cost : 0h 0m 36.234s
********************************************************************************************************************
Start the 14 rounds of NGS-ED iteration
	effective electronic model is modified as: kinetic energy t = 0.705333
	                                           effective interaction Vq = [-4.49997,-4.09874,-3.85645,-4.09874,-4.09874,-3.85645,-3.87956,-3.85645,-3.85645,-3.87956,-4.49496,-3.87956,-4.09874,-3.85645,-3.87956,-3.85645]
	PARPACK diagonalization completed after 30 matrix-vector product operations.
	iteration results: : total energy is -92.363296 | electron energy -92.862124 + phonon energy 0.498828 | electron momentum kIdx = 0
The 14-th iteration is completed.	|| time cost : 0h 0m 36.382s
********************************************************************************************************************
Start the 15 rounds of NGS-ED iteration
	effective electronic model is modified as: kinetic energy t = 0.705391
	                                           effective interaction Vq = [-4.49997,-4.09836,-3.85615,-4.09836,-4.09836,-3.85615,-3.87914,-3.85615,-3.85615,-3.87914,-4.49496,-3.87914,-4.09836,-3.85615,-3.87914,-3.85615]
	PARPACK diagonalization completed after 30 matrix-vector product operations.
	iteration results: : total energy is -92.363300 | electron energy -92.861922 + phonon energy 0.498622 | electron momentum kIdx = 0
The 15-th iteration is completed.	|| time cost : 0h 0m 36.339s
********************************************************************************************************************
Start the 16 rounds of NGS-ED iteration
	effective electronic model is modified as: kinetic energy t = 0.705433
	                                           effective interaction Vq = [-4.49997,-4.09809,-3.85593,-4.09809,-4.09809,-3.85593,-3.87883,-3.85593,-3.85593,-3.87883,-4.49496,-3.87883,-4.09809,-3.85593,-3.87883,-3.85593]
	PARPACK diagonalization completed after 30 matrix-vector product operations.
	iteration results: : total energy is -92.363302 | electron energy -92.861772 + phonon energy 0.498470 | electron momentum kIdx = 0
The 16-th iteration is completed.	|| time cost : 0h 0m 36.103s
********************************************************************************************************************
Start the 17 rounds of NGS-ED iteration
	effective electronic model is modified as: kinetic energy t = 0.705464
	                                           effective interaction Vq = [-4.49997,-4.09789,-3.85578,-4.09789,-4.09789,-3.85578,-3.87861,-3.85578,-3.85578,-3.87861,-4.49497,-3.87861,-4.09789,-3.85578,-3.87861,-3.85578]
	PARPACK diagonalization completed after 30 matrix-vector product operations.
	iteration results: : total energy is -92.363303 | electron energy -92.861661 + phonon energy 0.498358 | electron momentum kIdx = 0
The 17-th iteration is completed.	|| time cost : 0h 0m 36.329s
********************************************************************************************************************
Start the 18 rounds of NGS-ED iteration
	effective electronic model is modified as: kinetic energy t = 0.705486
	                                           effective interaction Vq = [-4.49997,-4.09775,-3.85566,-4.09775,-4.09775,-3.85566,-3.87845,-3.85566,-3.85566,-3.87845,-4.49497,-3.87845,-4.09775,-3.85566,-3.87845,-3.85566]
	PARPACK diagonalization completed after 30 matrix-vector product operations.
	iteration results: : total energy is -92.363303 | electron energy -92.861580 + phonon energy 0.498277 | electron momentum kIdx = 0
The 18-th iteration is completed.	|| time cost : 0h 0m 36.234s
