TACC:  Starting up job 4211460 
TACC:  Starting parallel tasks... 
SNEDics v3.4 Non-Gaussian ED ground state program		Start at Thu Aug 22 00:43:01 2019

parallized on 32 MPI threads  * 6 OpenMP threads = 192 total threads.
********************************************************************************************************************
********************************************************************************************************************

********************************************************************************************************************
System parameters and configurations
********************************************************************************************************************
Special program options are enabled: splitted diagonal Hamiltonian
********************************************************************************************************************
Read input file "model_params.in"
	Hubbard-Holstein model parameters : 	t = 1    U = 6.7    g = 4.4721    W = 5    
********************************************************************************************************************
Read input file "hilbertspace_params.in"
	Requested 16-site 2D lattice, with 14 electrons (7, 7)
	Boundary : Periodic		Hilbert space representation : momentum-space (restricted to kIdx = 10)
	Conservation: particle number[U(1)]      spin[U(1)]     momentum
********************************************************************************************************************

Cluster Positions:				Cluster symmetry group : D4
 x ... x ... x ... x .....                       x ... x ... x ... x .....
 |           |           :                       |           |           :
 |           |           :                       |           |           :
12    13    14    15     x                       1     5     6     5     x
 |           |           :                       |           |           :
 |           |           :                       |           |           :
 8 --- 9 ---10 ---11 --- x                       2 --- 6 ---10 --- 6 --- x
 |           |           :                       |           |           :
 |           |           :                       |           |           :
 4     5     6     7     x                       1     5     6     5     x
 |           |           :                       |           |           :
 |           |           :                       |           |           :
 0 --- 1 --- 2 --- 3 --- x                       0 --- 1 --- 2 --- 1 --- x
orbital number : 1
********************************************************************************************************************
Read input file "obs_params.in"
	Observable Type : Nq[All],   Sq[All],   N[All]
********************************************************************************************************************
** WARNING ** the input observables have non-local factors which have been reinterpreted. The total observable number is 48
********************************************************************************************************************


********************************************************************************************************************
Start calculating the non-Gaussian ED ground state
** WARNING ** Detected low phonon energy W < 10. The initial state will be prepared through a warm-up process.
********************************************************************************************************************
Start warm-up calculation for scaling factor 2
open output files: NGSEDWarmUpW10Obs.txt
********************************************************************************************************************
Start the 0 rounds of NGS-ED iteration
	effective electronic model is modified as: kinetic energy t = 1
	                                           effective interaction Vq = [0,0,0,0,0,0,0,0,0,0,0,0,0,0,0,0]
	first Hamiltonian is constructed, non-zero numbers = 2178478152
	PARPACK diagonalization completed after 150 matrix-vector product operations.
	iteration results: : total energy is -12.779962 | electron energy -12.779962 + phonon energy 0.000000 | electron momentum kIdx = 10
	Nq(0) = 12.25,	Nq(1) = 0.15645,	Nq(2) = 0.221156,	Nq(3) = 0.15645,	Nq(4) = 0.165242,	Nq(5) = 0.213718,	Nq(6) = 0.275984,	Nq(7) = 0.233813,	Nq(8) = 0.244968,	Nq(9) = 0.269938,	Nq(10) = 0.314283,	Nq(11) = 0.269938,	Nq(12) = 0.165242,	Nq(13) = 0.233813,	Nq(14) = 0.275984,	Nq(15) = 0.213718,	Sq(0) = 1.58318e-18,	Sq(1) = 0.492278,	Sq(2) = 0.691755,	Sq(3) = 0.492278,	Sq(4) = 0.501356,	Sq(5) = 0.717637,	Sq(6) = 0.976031,	Sq(7) = 0.648032,	Sq(8) = 0.544275,	Sq(9) = 0.939002,	Sq(10) = 2.55461,	Sq(11) = 0.939002,	Sq(12) = 0.501356,	Sq(13) = 0.648032,	Sq(14) = 0.976031,	Sq(15) = 0.717637,	N(0) = 1.80914,	N(1) = 1.67045,	N(2) = 0.983596,	N(3) = 1.67045,	N(4) = 1.68083,	N(5) = 0.280361,	N(6) = 0.223869,	N(7) = 0.95609,	N(8) = 1.00967,	N(9) = 0.223657,	N(10) = 0.127074,	N(11) = 0.223657,	N(12) = 1.68083,	N(13) = 0.95609,	N(14) = 0.223869,	N(15) = 0.280361
The 0-th iteration is completed.	|| time cost : 0h 2m 16.616s
********************************************************************************************************************
Start the 1 rounds of NGS-ED iteration
	effective electronic model is modified as: kinetic energy (tx,ty)=(0.900505, 0.899824)
	                                           effective interaction Vq = [ -3.4586,-3.19362,-3.08772,-3.19362,-3.21178,-3.07792,-3.01948,-3.11047,-3.12897,-3.01212,-2.95074,-3.01212,-3.21178,-3.11047,-3.01948,-3.07792]
	PARPACK diagonalization completed after 90 matrix-vector product operations.
	iteration results: : total energy is -67.909265 | electron energy -67.916488 + phonon energy 0.007223 | electron momentum kIdx = 10
The 1-th iteration is completed.	|| time cost : 0h 2m 54.967s
********************************************************************************************************************
Start the 2 rounds of NGS-ED iteration
	effective electronic model is modified as: kinetic energy (tx,ty)=(0.828711, 0.826231)
	                                           effective interaction Vq = [-3.92667,-3.76829, -3.6319,-3.76829,-3.77438,-3.63229,-3.62093,-3.67947,-3.72861,-3.61942,-3.52943,-3.61942,-3.77438,-3.67947,-3.62093,-3.63229]
	PARPACK diagonalization completed after 105 matrix-vector product operations.
	iteration results: : total energy is -76.464509 | electron energy -76.533114 + phonon energy 0.068605 | electron momentum kIdx = 10
The 2-th iteration is completed.	|| time cost : 0h 0m 41.655s
********************************************************************************************************************
Start the 3 rounds of NGS-ED iteration
	effective electronic model is modified as: kinetic energy (tx,ty)=(0.793391, 0.79065)
	                                           effective interaction Vq = [-3.99002,-3.89844, -3.7858,-3.89844, -3.8997, -3.8271,-3.78358,  -3.894,-3.86399,-3.78413,-3.68953,-3.78413, -3.8997,  -3.894,-3.78358, -3.8271]
	PARPACK diagonalization completed after 75 matrix-vector product operations.
	iteration results: : total energy is -77.886102 | electron energy -78.008362 + phonon energy 0.122260 | electron momentum kIdx = 10
The 3-th iteration is completed.	|| time cost : 0h 0m 34.716s
********************************************************************************************************************
Start the 4 rounds of NGS-ED iteration
	effective electronic model is modified as: kinetic energy (tx,ty)=(0.779708, 0.77765)
	                                           effective interaction Vq = [-3.99859,-3.93148,-3.84356,-3.93148,-3.93129,-3.87459,-3.83308,-3.94677,-3.89505,-3.83322, -3.7421,-3.83322,-3.93129,-3.94677,-3.83308,-3.87459]
	PARPACK diagonalization completed after 60 matrix-vector product operations.
	iteration results: : total energy is -78.083097 | electron energy -78.231067 + phonon energy 0.147970 | electron momentum kIdx = 10
The 4-th iteration is completed.	|| time cost : 0h 0m 31.365s
********************************************************************************************************************
Start the 5 rounds of NGS-ED iteration
	effective electronic model is modified as: kinetic energy (tx,ty)=(0.774494, 0.773101)
	                                           effective interaction Vq = [-3.99975,-3.94136,-3.86796,-3.94136,-3.94086,-3.88792,-3.85005,-3.96178,-3.90129,-3.84991,-3.76118,-3.84991,-3.94086,-3.96178,-3.85005,-3.88792]
	PARPACK diagonalization completed after 120 matrix-vector product operations.
	iteration results: : total energy is -78.144275 | electron energy -78.302448 + phonon energy 0.158174 | electron momentum kIdx = 10
The 5-th iteration is completed.	|| time cost : 0h 0m 39.556s
********************************************************************************************************************
Start the 6 rounds of NGS-ED iteration
	effective electronic model is modified as: kinetic energy (tx,ty)=(0.76897, 0.768484)
	                                           effective interaction Vq = [-3.99991, -3.9438,-3.89217, -3.9438,-3.94359,-3.89873,-3.85584,-3.93262,-3.90358,-3.85576,-3.91723,-3.85576,-3.94359,-3.93262,-3.85584,-3.89873]
	PARPACK diagonalization completed after 45 matrix-vector product operations.
	iteration results: : total energy is -78.337517 | electron energy -78.505622 + phonon energy 0.168105 | electron momentum kIdx = 10
The 6-th iteration is completed.	|| time cost : 0h 0m 21.899s
********************************************************************************************************************
Start the 7 rounds of NGS-ED iteration
	effective electronic model is modified as: kinetic energy (tx,ty)=(0.767519, 0.767346)
	                                           effective interaction Vq = [-3.99993,-3.94117,-3.90052,-3.94117,-3.94108,-3.90271,-3.85262, -3.9177,-3.90454, -3.8526, -3.9587, -3.8526,-3.94108, -3.9177,-3.85262,-3.90271]
	PARPACK diagonalization completed after 45 matrix-vector product operations.
	iteration results: : total energy is -78.374855 | electron energy -78.548803 + phonon energy 0.173949 | electron momentum kIdx = 10
The 7-th iteration is completed.	|| time cost : 0h 0m 20.756s
********************************************************************************************************************
Start the 8 rounds of NGS-ED iteration
	effective electronic model is modified as: kinetic energy (tx,ty)=(0.767213, 0.767152)
	                                           effective interaction Vq = [-3.99994,-3.93917,-3.90361,-3.93917,-3.93913,-3.90433,-3.84978,-3.91087,-3.90505,-3.84977,-3.97078,-3.84977,-3.93913,-3.91087,-3.84978,-3.90433]
	PARPACK diagonalization completed after 30 matrix-vector product operations.
	iteration results: : total energy is -78.380630 | electron energy -78.556861 + phonon energy 0.176231 | electron momentum kIdx = 10
The 8-th iteration is completed.	|| time cost : 0h 0m 17.712s
********************************************************************************************************************
Start the 9 rounds of NGS-ED iteration
	effective electronic model is modified as: kinetic energy (tx,ty)=(0.767184, 0.767162)
	                                           effective interaction Vq = [-3.99994,-3.93812,-3.90483,-3.93812,-3.93811,-3.90506, -3.8482,-3.90789,-3.90534,-3.84819,-3.97467,-3.84819,-3.93811,-3.90789, -3.8482,-3.90506]
	PARPACK diagonalization completed after 45 matrix-vector product operations.
	iteration results: : total energy is -78.381447 | electron energy -78.558449 + phonon energy 0.177002 | electron momentum kIdx = 10
The 9-th iteration is completed.	|| time cost : 0h 0m 20.446s
********************************************************************************************************************
Start the 10 rounds of NGS-ED iteration
	effective electronic model is modified as: kinetic energy (tx,ty)=(0.767203, 0.767195)
	                                           effective interaction Vq = [-3.99994,-3.93764,-3.90532,-3.93764,-3.93764,-3.90539,-3.84743,-3.90661, -3.9055,-3.84743,-3.97599,-3.84743,-3.93764,-3.90661,-3.84743,-3.90539]
	PARPACK diagonalization completed after 30 matrix-vector product operations.
	iteration results: : total energy is -78.381561 | electron energy -78.558797 + phonon energy 0.177236 | electron momentum kIdx = 10
	Nq(0) = 12.25,	Nq(1) = 0.381933,	Nq(2) = 0.585725,	Nq(3) = 0.381933,	Nq(4) = 0.381927,	Nq(5) = 0.585708,	Nq(6) = 0.642695,	Nq(7) = 0.586551,	Nq(8) = 0.585778,	Nq(9) = 0.642694,	Nq(10) = 2.39127,	Nq(11) = 0.642694,	Nq(12) = 0.381927,	Nq(13) = 0.586551,	Nq(14) = 0.642695,	Nq(15) = 0.585708,	Sq(0) = -4.71221e-18,	Sq(1) = 0.291776,	Sq(2) = 0.335331,	Sq(3) = 0.291776,	Sq(4) = 0.291772,	Sq(5) = 0.335316,	Sq(6) = 0.504144,	Sq(7) = 0.335321,	Sq(8) = 0.335327,	Sq(9) = 0.504143,	Sq(10) = 0.548608,	Sq(11) = 0.504143,	Sq(12) = 0.291772,	Sq(13) = 0.335321,	Sq(14) = 0.504144,	Sq(15) = 0.335316,	N(0) = 1.99017,	N(1) = 1.97277,	N(2) = 0.671503,	N(3) = 1.97277,	N(4) = 1.97277,	N(5) = 0.67148,	N(6) = 0.0198593,	N(7) = 0.672728,	N(8) = 0.671515,	N(9) = 0.0198607,	N(10) = 0.00787389,	N(11) = 0.0198607,	N(12) = 1.97277,	N(13) = 0.672728,	N(14) = 0.0198593,	N(15) = 0.67148
The 10-th iteration is completed.	|| time cost : 0h 0m 40.202s
********************************************************************************************************************
Start the 11 rounds of NGS-ED iteration
	effective electronic model is modified as: kinetic energy (tx,ty)=(0.76722, 0.767217)
	                                           effective interaction Vq = [-3.99994,-3.93743,-3.90552,-3.93743,-3.93743,-3.90554,-3.84708,-3.90607,-3.90559,-3.84708,-3.97646,-3.84708,-3.93743,-3.90607,-3.84708,-3.90554]
	PARPACK diagonalization completed after 30 matrix-vector product operations.
	iteration results: : total energy is -78.381577 | electron energy -78.558876 + phonon energy 0.177299 | electron momentum kIdx = 10
	Nq(0) = 12.25,	Nq(1) = 0.381814,	Nq(2) = 0.585846,	Nq(3) = 0.381814,	Nq(4) = 0.381812,	Nq(5) = 0.585833,	Nq(6) = 0.642492,	Nq(7) = 0.586197,	Nq(8) = 0.585865,	Nq(9) = 0.642492,	Nq(10) = 2.39327,	Nq(11) = 0.642492,	Nq(12) = 0.381812,	Nq(13) = 0.586197,	Nq(14) = 0.642492,	Nq(15) = 0.585833,	Sq(0) = -2.64496e-18,	Sq(1) = 0.291733,	Sq(2) = 0.335304,	Sq(3) = 0.291733,	Sq(4) = 0.291732,	Sq(5) = 0.335297,	Sq(6) = 0.504106,	Sq(7) = 0.335299,	Sq(8) = 0.335302,	Sq(9) = 0.504105,	Sq(10) = 0.548585,	Sq(11) = 0.504105,	Sq(12) = 0.291732,	Sq(13) = 0.335299,	Sq(14) = 0.504106,	Sq(15) = 0.335297,	N(0) = 1.99017,	N(1) = 1.97274,	N(2) = 0.671733,	N(3) = 1.97274,	N(4) = 1.97274,	N(5) = 0.671717,	N(6) = 0.0198951,	N(7) = 0.672255,	N(8) = 0.671737,	N(9) = 0.0198956,	N(10) = 0.00787937,	N(11) = 0.0198956,	N(12) = 1.97274,	N(13) = 0.672255,	N(14) = 0.0198951,	N(15) = 0.671717
The 11-th iteration is completed.	|| time cost : 0h 0m 43.054s
********************************************************************************************************************
********************************************************************************************************************
Ground state is obtained after 12 iterations. The current ground-state energy is -78.3816, in which electron energy is -78.5589 and phonon energy is 0.177299
final variational state is: 
	Gamma_x = [      1,  1.034,1.06276,  1.034,  1.034,1.06276,1.08416, 1.0628,1.06276,1.08416,1.14378,1.08416,  1.034, 1.0628,1.08416,1.06276]
	lambda_q = [0.632447,0.553336,0.535326,0.553336,0.553335,0.535328,0.508752,0.535446,0.535339,0.508752,0.584171,0.508752,0.553335,0.535446,0.508752,0.535328]
********************************************************************************************************************
o___o  ----------------------------------------
| L |	Time since last clock: 0h 0m 0s
A===A	Time since the beginning: 0h 10m 22.949s
***********************************************


********************************************************************************************************************
Warm up runs have been completed. Start calculating W = 5 phonon.
open output files: NGSEDIterationObs.txt
Start the 0 rounds of NGS-ED iteration
	effective electronic model is modified as: kinetic energy (tx,ty)=(0.767231, 0.76723)
	                                           effective interaction Vq = [-3.65679,-3.41824,-3.35519,-3.41824,-3.41824, -3.3552,-3.25624,-3.35562,-3.35524,-3.25624,-3.51866,-3.25624,-3.41824,-3.35562,-3.25624, -3.3552]
	PARPACK diagonalization completed after 60 matrix-vector product operations.
	iteration results: : total energy is -69.177311 | electron energy -69.265968 + phonon energy 0.088657 | electron momentum kIdx = 10
	Nq(0) = 12.25,	Nq(1) = 0.372005,	Nq(2) = 0.536512,	Nq(3) = 0.372005,	Nq(4) = 0.372006,	Nq(5) = 0.536178,	Nq(6) = 0.582989,	Nq(7) = 0.544983,	Nq(8) = 0.536523,	Nq(9) = 0.58299,	Nq(10) = 1.96622,	Nq(11) = 0.58299,	Nq(12) = 0.372006,	Nq(13) = 0.544983,	Nq(14) = 0.582989,	Nq(15) = 0.536178,	Sq(0) = -4.26141e-18,	Sq(1) = 0.360304,	Sq(2) = 0.371288,	Sq(3) = 0.360304,	Sq(4) = 0.360305,	Sq(5) = 0.371281,	Sq(6) = 0.609806,	Sq(7) = 0.37104,	Sq(8) = 0.371289,	Sq(9) = 0.609807,	Sq(10) = 0.620777,	Sq(11) = 0.609807,	Sq(12) = 0.360305,	Sq(13) = 0.37104,	Sq(14) = 0.609806,	Sq(15) = 0.371281,	N(0) = 1.99919,	N(1) = 1.99719,	N(2) = 0.656259,	N(3) = 1.99719,	N(4) = 1.99719,	N(5) = 0.654873,	N(6) = 0.00250693,	N(7) = 0.689496,	N(8) = 0.65625,	N(9) = 0.00250693,	N(10) = 0.000776218,	N(11) = 0.00250693,	N(12) = 1.99719,	N(13) = 0.689496,	N(14) = 0.00250693,	N(15) = 0.654873
The 0-th iteration is completed.	|| time cost : 0h 0m 45.999s
********************************************************************************************************************
Start the 1 rounds of NGS-ED iteration
	effective electronic model is modified as: kinetic energy t = 0.733042
	                                           effective interaction Vq = [ -3.8737,-3.63194,-3.55105,-3.63194,-3.63194, -3.5509,-3.42821,-3.55516,-3.55108,-3.42821,-3.75071,-3.42821,-3.63194,-3.55516,-3.42821, -3.5509]
	PARPACK diagonalization completed after 45 matrix-vector product operations.
	iteration results: : total energy is -72.701438 | electron energy -72.971925 + phonon energy 0.270487 | electron momentum kIdx = 10
The 1-th iteration is completed.	|| time cost : 0h 0m 18.229s
********************************************************************************************************************
Start the 2 rounds of NGS-ED iteration
	effective electronic model is modified as: kinetic energy t = 0.710396
	                                           effective interaction Vq = [ -3.9535,-3.73315,-3.65722,-3.73315,-3.73315,-3.65707,-3.52382,-3.66055,-3.65723,-3.52382,-3.86711,-3.52382,-3.73315,-3.66055,-3.52382,-3.65707]
	PARPACK diagonalization completed after 45 matrix-vector product operations.
	iteration results: : total energy is -74.027729 | electron energy -74.428399 + phonon energy 0.400670 | electron momentum kIdx = 10
The 2-th iteration is completed.	|| time cost : 0h 0m 18.2s
********************************************************************************************************************
Start the 3 rounds of NGS-ED iteration
	effective electronic model is modified as: kinetic energy t = 0.696361
	                                           effective interaction Vq = [-3.98285, -3.7831,-3.71525, -3.7831, -3.7831,-3.71511,-3.57681, -3.7177,-3.71525,-3.57681,-3.92125,-3.57681, -3.7831, -3.7177,-3.57681,-3.71511]
	PARPACK diagonalization completed after 45 matrix-vector product operations.
	iteration results: : total energy is -74.514992 | electron energy -74.994017 + phonon energy 0.479025 | electron momentum kIdx = 10
The 3-th iteration is completed.	|| time cost : 0h 0m 18.202s
********************************************************************************************************************
Start the 4 rounds of NGS-ED iteration
	effective electronic model is modified as: kinetic energy t = 0.687915
	                                           effective interaction Vq = [-3.99365,-3.80908,-3.74773,-3.80908,-3.80908,-3.74762,-3.60698, -3.7495,-3.74774,-3.60698,-3.94614,-3.60698,-3.80908, -3.7495,-3.60698,-3.74762]
	PARPACK diagonalization completed after 45 matrix-vector product operations.
	iteration results: : total energy is -74.690802 | electron energy -75.214882 + phonon energy 0.524080 | electron momentum kIdx = 10
The 4-th iteration is completed.	|| time cost : 0h 0m 18.373s
********************************************************************************************************************
Start the 5 rounds of NGS-ED iteration
	effective electronic model is modified as: kinetic energy t = 0.682889
	                                           effective interaction Vq = [-3.99762,-3.82323,-3.76636,-3.82323,-3.82323,-3.76626,-3.62469,-3.76763,-3.76636,-3.62469,-3.95784,-3.62469,-3.82323,-3.76763,-3.62469,-3.76626]
	PARPACK diagonalization completed after 30 matrix-vector product operations.
	iteration results: : total energy is -74.753775 | electron energy -75.303597 + phonon energy 0.549822 | electron momentum kIdx = 10
The 5-th iteration is completed.	|| time cost : 0h 0m 15.348s
********************************************************************************************************************
Start the 6 rounds of NGS-ED iteration
	effective electronic model is modified as: kinetic energy t = 0.679904
	                                           effective interaction Vq = [-3.99909,-3.83121,-3.77723,-3.83121,-3.83121,-3.77715,-3.63535,-3.77814,-3.77723,-3.63535,-3.96351,-3.63535,-3.83121,-3.77814,-3.63535,-3.77715]
	PARPACK diagonalization completed after 30 matrix-vector product operations.
	iteration results: : total energy is -74.776341 | electron energy -75.340941 + phonon energy 0.564600 | electron momentum kIdx = 10
The 6-th iteration is completed.	|| time cost : 0h 0m 15.307s
********************************************************************************************************************
Start the 7 rounds of NGS-ED iteration
	effective electronic model is modified as: kinetic energy t = 0.678127
	                                           effective interaction Vq = [-3.99962,-3.83581,-3.78365,-3.83581,-3.83581,-3.78359,-3.64188,-3.78431,-3.78365,-3.64188,-3.96632,-3.64188,-3.83581,-3.78431,-3.64188,-3.78359]
	PARPACK diagonalization completed after 30 matrix-vector product operations.
	iteration results: : total energy is -74.784460 | electron energy -75.357608 + phonon energy 0.573148 | electron momentum kIdx = 10
The 7-th iteration is completed.	|| time cost : 0h 0m 15.306s
********************************************************************************************************************
Start the 8 rounds of NGS-ED iteration
	effective electronic model is modified as: kinetic energy t = 0.677064
	                                           effective interaction Vq = [-3.99982,-3.83852,-3.78749,-3.83852,-3.83852,-3.78744,-3.64594,-3.78796,-3.78749,-3.64594,-3.96772,-3.64594,-3.83852,-3.78796,-3.64594,-3.78744]
	PARPACK diagonalization completed after 30 matrix-vector product operations.
	iteration results: : total energy is -74.787397 | electron energy -75.365529 + phonon energy 0.578133 | electron momentum kIdx = 10
The 8-th iteration is completed.	|| time cost : 0h 0m 15.347s
********************************************************************************************************************
Start the 9 rounds of NGS-ED iteration
	effective electronic model is modified as: kinetic energy t = 0.676425
	                                           effective interaction Vq = [-3.99989,-3.84013,-3.78979,-3.84013,-3.84013,-3.78975,-3.64849,-3.79013,-3.78979,-3.64849,-3.96842,-3.64849,-3.84013,-3.79013,-3.64849,-3.78975]
	PARPACK diagonalization completed after 30 matrix-vector product operations.
	iteration results: : total energy is -74.788465 | electron energy -75.369528 + phonon energy 0.581064 | electron momentum kIdx = 10
The 9-th iteration is completed.	|| time cost : 0h 0m 15.315s
********************************************************************************************************************
Start the 10 rounds of NGS-ED iteration
	effective electronic model is modified as: kinetic energy t = 0.676038
	                                           effective interaction Vq = [-3.99992, -3.8411,-3.79118, -3.8411, -3.8411,-3.79115,-3.65011,-3.79142,-3.79118,-3.65011,-3.96876,-3.65011, -3.8411,-3.79142,-3.65011,-3.79115]
	PARPACK diagonalization completed after 30 matrix-vector product operations.
	iteration results: : total energy is -74.788855 | electron energy -75.371657 + phonon energy 0.582802 | electron momentum kIdx = 10
	Nq(0) = 12.25,	Nq(1) = 0.363661,	Nq(2) = 0.57157,	Nq(3) = 0.363661,	Nq(4) = 0.363661,	Nq(5) = 0.571544,	Nq(6) = 0.58415,	Nq(7) = 0.571748,	Nq(8) = 0.57157,	Nq(9) = 0.58415,	Nq(10) = 2.86489,	Nq(11) = 0.58415,	Nq(12) = 0.363661,	Nq(13) = 0.571748,	Nq(14) = 0.58415,	Nq(15) = 0.571544,	Sq(0) = -2.05902e-18,	Sq(1) = 0.284352,	Sq(2) = 0.331144,	Sq(3) = 0.284352,	Sq(4) = 0.284352,	Sq(5) = 0.331141,	Sq(6) = 0.498644,	Sq(7) = 0.331141,	Sq(8) = 0.331144,	Sq(9) = 0.498644,	Sq(10) = 0.545303,	Sq(11) = 0.498644,	Sq(12) = 0.284352,	Sq(13) = 0.331141,	Sq(14) = 0.498644,	Sq(15) = 0.331141,	N(0) = 1.98868,	N(1) = 1.9636,	N(2) = 0.671015,	N(3) = 1.9636,	N(4) = 1.9636,	N(5) = 0.67098,	N(6) = 0.0302032,	N(7) = 0.671309,	N(8) = 0.671015,	N(9) = 0.0302032,	N(10) = 0.00948345,	N(11) = 0.0302032,	N(12) = 1.9636,	N(13) = 0.671309,	N(14) = 0.0302032,	N(15) = 0.67098
The 10-th iteration is completed.	|| time cost : 0h 0m 40.168s
********************************************************************************************************************
Start the 11 rounds of NGS-ED iteration
	effective electronic model is modified as: kinetic energy t = 0.675803
	                                           effective interaction Vq = [-3.99993,-3.84169,-3.79202,-3.84169,-3.84169,-3.79199,-3.65114,-3.79219,-3.79202,-3.65114,-3.96893,-3.65114,-3.84169,-3.79219,-3.65114,-3.79199]
	PARPACK diagonalization completed after 30 matrix-vector product operations.
	iteration results: : total energy is -74.788998 | electron energy -75.372839 + phonon energy 0.583841 | electron momentum kIdx = 10
The 11-th iteration is completed.	|| time cost : 0h 0m 15.341s
********************************************************************************************************************
Start the 12 rounds of NGS-ED iteration
	effective electronic model is modified as: kinetic energy t = 0.675659
	                                           effective interaction Vq = [-3.99993,-3.84205,-3.79253,-3.84205,-3.84205,-3.79251, -3.6518,-3.79265,-3.79253, -3.6518,-3.96901, -3.6518,-3.84205,-3.79265, -3.6518,-3.79251]
	PARPACK diagonalization completed after 30 matrix-vector product operations.
	iteration results: : total energy is -74.789051 | electron energy -75.373518 + phonon energy 0.584468 | electron momentum kIdx = 10
The 12-th iteration is completed.	|| time cost : 0h 0m 15.353s
********************************************************************************************************************
Start the 13 rounds of NGS-ED iteration
	effective electronic model is modified as: kinetic energy t = 0.675571
	                                           effective interaction Vq = [-3.99993,-3.84228,-3.79284,-3.84228,-3.84228,-3.79282,-3.65223,-3.79293,-3.79284,-3.65223,-3.96904,-3.65223,-3.84228,-3.79293,-3.65223,-3.79282]
	PARPACK diagonalization completed after 30 matrix-vector product operations.
	iteration results: : total energy is -74.789070 | electron energy -75.373918 + phonon energy 0.584848 | electron momentum kIdx = 10
The 13-th iteration is completed.	|| time cost : 0h 0m 16.662s
********************************************************************************************************************
Start the 14 rounds of NGS-ED iteration
	effective electronic model is modified as: kinetic energy t = 0.675516
	                                           effective interaction Vq = [-3.99994,-3.84242,-3.79303,-3.84242,-3.84242,-3.79302,-3.65251,-3.79309,-3.79303,-3.65251,-3.96906,-3.65251,-3.84242,-3.79309,-3.65251,-3.79302]
	PARPACK diagonalization completed after 30 matrix-vector product operations.
	iteration results: : total energy is -74.789077 | electron energy -75.374158 + phonon energy 0.585081 | electron momentum kIdx = 10
The 14-th iteration is completed.	|| time cost : 0h 0m 17.852s
********************************************************************************************************************
Start the 15 rounds of NGS-ED iteration
	effective electronic model is modified as: kinetic energy t = 0.675482
	                                           effective interaction Vq = [-3.99994, -3.8425,-3.79314, -3.8425, -3.8425,-3.79313,-3.65269,-3.79319,-3.79314,-3.65269,-3.96906,-3.65269, -3.8425,-3.79319,-3.65269,-3.79313]
	PARPACK diagonalization completed after 30 matrix-vector product operations.
	iteration results: : total energy is -74.789080 | electron energy -75.374304 + phonon energy 0.585224 | electron momentum kIdx = 10
The 15-th iteration is completed.	|| time cost : 0h 0m 15.341s
********************************************************************************************************************
Start the 16 rounds of NGS-ED iteration
	effective electronic model is modified as: kinetic energy t = 0.675461
	                                           effective interaction Vq = [-3.99994,-3.84256,-3.79321,-3.84256,-3.84256,-3.79321, -3.6528,-3.79325,-3.79321, -3.6528,-3.96906, -3.6528,-3.84256,-3.79325, -3.6528,-3.79321]
	PARPACK diagonalization completed after 30 matrix-vector product operations.
	iteration results: : total energy is -74.789081 | electron energy -75.374394 + phonon energy 0.585312 | electron momentum kIdx = 10
The 16-th iteration is completed.	|| time cost : 0h 0m 15.337s
********************************************************************************************************************
Start the 17 rounds of NGS-ED iteration
	effective electronic model is modified as: kinetic energy t = 0.675448
	                                           effective interaction Vq = [-3.99994,-3.84259,-3.79326,-3.84259,-3.84259,-3.79325,-3.65288,-3.79328,-3.79326,-3.65288,-3.96906,-3.65288,-3.84259,-3.79328,-3.65288,-3.79325]
	PARPACK diagonalization completed after 30 matrix-vector product operations.
	iteration results: : total energy is -74.789081 | electron energy -75.374449 + phonon energy 0.585368 | electron momentum kIdx = 10
The 17-th iteration is completed.	|| time cost : 0h 0m 15.319s
********************************************************************************************************************
Start the 18 rounds of NGS-ED iteration
	effective electronic model is modified as: kinetic energy t = 0.675439
	                                           effective interaction Vq = [-3.99994,-3.84261,-3.79328,-3.84261,-3.84261,-3.79328,-3.65293, -3.7933,-3.79328,-3.65293,-3.96906,-3.65293,-3.84261, -3.7933,-3.65293,-3.79328]
	PARPACK diagonalization completed after 30 matrix-vector product operations.
	iteration results: : total energy is -74.789082 | electron energy -75.374484 + phonon energy 0.585402 | electron momentum kIdx = 10
The 18-th iteration is completed.	|| time cost : 0h 0m 15.335s
********************************************************************************************************************
Start the 19 rounds of NGS-ED iteration
	effective electronic model is modified as: kinetic energy t = 0.675434
	                                           effective interaction Vq = [-3.99994,-3.84263, -3.7933,-3.84263,-3.84263, -3.7933,-3.65296,-3.79331, -3.7933,-3.65296,-3.96906,-3.65296,-3.84263,-3.79331,-3.65296, -3.7933]
	PARPACK diagonalization completed after 30 matrix-vector product operations.
	iteration results: : total energy is -74.789082 | electron energy -75.374506 + phonon energy 0.585424 | electron momentum kIdx = 10
The 19-th iteration is completed.	|| time cost : 0h 0m 15.315s
********************************************************************************************************************
Start the 20 rounds of NGS-ED iteration
	effective electronic model is modified as: kinetic energy t = 0.675431
	                                           effective interaction Vq = [-3.99994,-3.84264,-3.79331,-3.84264,-3.84264,-3.79331,-3.65298,-3.79332,-3.79331,-3.65298,-3.96906,-3.65298,-3.84264,-3.79332,-3.65298,-3.79331]
	PARPACK diagonalization completed after 30 matrix-vector product operations.
	iteration results: : total energy is -74.789082 | electron energy -75.374519 + phonon energy 0.585438 | electron momentum kIdx = 10
	Nq(0) = 12.25,	Nq(1) = 0.363854,	Nq(2) = 0.571965,	Nq(3) = 0.363854,	Nq(4) = 0.363854,	Nq(5) = 0.571964,	Nq(6) = 0.584778,	Nq(7) = 0.571972,	Nq(8) = 0.571965,	Nq(9) = 0.584778,	Nq(10) = 2.86213,	Nq(11) = 0.584778,	Nq(12) = 0.363854,	Nq(13) = 0.571972,	Nq(14) = 0.584778,	Nq(15) = 0.571964,	Sq(0) = -3.32712e-18,	Sq(1) = 0.284197,	Sq(2) = 0.331049,	Sq(3) = 0.284197,	Sq(4) = 0.284197,	Sq(5) = 0.331049,	Sq(6) = 0.49835,	Sq(7) = 0.331049,	Sq(8) = 0.331049,	Sq(9) = 0.49835,	Sq(10) = 0.545062,	Sq(11) = 0.49835,	Sq(12) = 0.284197,	Sq(13) = 0.331049,	Sq(14) = 0.49835,	Sq(15) = 0.331049,	N(0) = 1.98864,	N(1) = 1.96356,	N(2) = 0.67114,	N(3) = 1.96356,	N(4) = 1.96356,	N(5) = 0.671138,	N(6) = 0.0301929,	N(7) = 0.671151,	N(8) = 0.67114,	N(9) = 0.0301929,	N(10) = 0.0095007,	N(11) = 0.0301929,	N(12) = 1.96356,	N(13) = 0.671151,	N(14) = 0.0301929,	N(15) = 0.671138
The 20-th iteration is completed.	|| time cost : 0h 0m 40.223s
********************************************************************************************************************
Start the 21 rounds of NGS-ED iteration
	effective electronic model is modified as: kinetic energy t = 0.675428
	                                           effective interaction Vq = [-3.99994,-3.84264,-3.79332,-3.84264,-3.84264,-3.79331,  -3.653,-3.79332,-3.79332,  -3.653,-3.96906,  -3.653,-3.84264,-3.79332,  -3.653,-3.79331]
	PARPACK diagonalization completed after 30 matrix-vector product operations.
	iteration results: : total energy is -74.789082 | electron energy -75.374528 + phonon energy 0.585446 | electron momentum kIdx = 10
The 21-th iteration is completed.	|| time cost : 0h 0m 15.366s
********************************************************************************************************************
Start the 22 rounds of NGS-ED iteration
	effective electronic model is modified as: kinetic energy t = 0.675427
	                                           effective interaction Vq = [-3.99994,-3.84265,-3.79332,-3.84265,-3.84265,-3.79332,-3.65301,-3.79332,-3.79332,-3.65301,-3.96906,-3.65301,-3.84265,-3.79332,-3.65301,-3.79332]
	PARPACK diagonalization completed after 30 matrix-vector product operations.
	iteration results: : total energy is -74.789082 | electron energy -75.374534 + phonon energy 0.585452 | electron momentum kIdx = 10
The 22-th iteration is completed.	|| time cost : 0h 0m 15.337s
********************************************************************************************************************
Start the 23 rounds of NGS-ED iteration
	effective electronic model is modified as: kinetic energy t = 0.675426
	                                           effective interaction Vq = [-3.99994,-3.84265,-3.79332,-3.84265,-3.84265,-3.79332,-3.65301,-3.79333,-3.79332,-3.65301,-3.96906,-3.65301,-3.84265,-3.79333,-3.65301,-3.79332]
	PARPACK diagonalization completed after 30 matrix-vector product operations.
	iteration results: : total energy is -74.789082 | electron energy -75.374537 + phonon energy 0.585455 | electron momentum kIdx = 10
The 23-th iteration is completed.	|| time cost : 0h 0m 15.326s
********************************************************************************************************************
Start the 24 rounds of NGS-ED iteration
	effective electronic model is modified as: kinetic energy t = 0.675426
	                                           effective interaction Vq = [-3.99994,-3.84265,-3.79332,-3.84265,-3.84265,-3.79332,-3.65302,-3.79333,-3.79332,-3.65302,-3.96906,-3.65302,-3.84265,-3.79333,-3.65302,-3.79332]
	PARPACK diagonalization completed after 30 matrix-vector product operations.
	iteration results: : total energy is -74.789082 | electron energy -75.374539 + phonon energy 0.585458 | electron momentum kIdx = 10
The 24-th iteration is completed.	|| time cost : 0h 0m 15.342s
********************************************************************************************************************
Start the 25 rounds of NGS-ED iteration
	effective electronic model is modified as: kinetic energy t = 0.675425
	                                           effective interaction Vq = [-3.99994,-3.84265,-3.79332,-3.84265,-3.84265,-3.79332,-3.65302,-3.79333,-3.79332,-3.65302,-3.96906,-3.65302,-3.84265,-3.79333,-3.65302,-3.79332]
	PARPACK diagonalization completed after 30 matrix-vector product operations.
	iteration results: : total energy is -74.789082 | electron energy -75.374541 + phonon energy 0.585459 | electron momentum kIdx = 10
The 25-th iteration is completed.	|| time cost : 0h 0m 15.317s
********************************************************************************************************************
Start the 26 rounds of NGS-ED iteration
	effective electronic model is modified as: kinetic energy t = 0.675425
	                                           effective interaction Vq = [-3.99994,-3.84265,-3.79333,-3.84265,-3.84265,-3.79333,-3.65302,-3.79333,-3.79333,-3.65302,-3.96906,-3.65302,-3.84265,-3.79333,-3.65302,-3.79333]
	PARPACK diagonalization completed after 30 matrix-vector product operations.
	iteration results: : total energy is -74.789082 | electron energy -75.374542 + phonon energy 0.585460 | electron momentum kIdx = 10
The 26-th iteration is completed.	|| time cost : 0h 0m 15.314s
********************************************************************************************************************
Start the 27 rounds of NGS-ED iteration
	effective electronic model is modified as: kinetic energy t = 0.675425
	                                           effective interaction Vq = [-3.99994,-3.84265,-3.79333,-3.84265,-3.84265,-3.79333,-3.65302,-3.79333,-3.79333,-3.65302,-3.96906,-3.65302,-3.84265,-3.79333,-3.65302,-3.79333]
	PARPACK diagonalization completed after 30 matrix-vector product operations.
	iteration results: : total energy is -74.789082 | electron energy -75.374542 + phonon energy 0.585461 | electron momentum kIdx = 10
The 27-th iteration is completed.	|| time cost : 0h 0m 15.331s
********************************************************************************************************************
Start the 28 rounds of NGS-ED iteration
	effective electronic model is modified as: kinetic energy t = 0.675425
	                                           effective interaction Vq = [-3.99994,-3.84265,-3.79333,-3.84265,-3.84265,-3.79333,-3.65302,-3.79333,-3.79333,-3.65302,-3.96906,-3.65302,-3.84265,-3.79333,-3.65302,-3.79333]
	PARPACK diagonalization completed after 30 matrix-vector product operations.
	iteration results: : total energy is -74.789082 | electron energy -75.374543 + phonon energy 0.585461 | electron momentum kIdx = 10
