SNEDics v3.4 Non-Gaussian ED ground state program		Start at Sat Mar  7 17:34:15 2020

parallized on 16 MPI threads  * 8 OpenMP threads = 128 total threads.
********************************************************************************************************************
********************************************************************************************************************

********************************************************************************************************************
System parameters and configurations
********************************************************************************************************************
Special program options are enabled: splitted diagonal Hamiltonian
********************************************************************************************************************
Read input file "model_params.in"
	Hubbard-Holstein model parameters : 	t = 1    U = 8    g = 2.1448    W = 1    
********************************************************************************************************************
Read input file "hilbertspace_params.in"
	Requested 16-site 2D lattice, with 16 electrons (8, 8)
	Boundary : Periodic		Hilbert space representation : momentum-space (restricted to kIdx = 0)
	Conservation: particle number[U(1)]      spin[U(1)]     momentum
********************************************************************************************************************

Cluster Positions:				Cluster symmetry group : D4
 x ... x ... x ... x .....                       x ... x ... x ... x .....
 |           |           :                       |           |           :
 |           |           :                       |           |           :
12    13    14    15     x                       1     5     6     5     x
 |           |           :                       |           |           :
 |           |           :                       |           |           :
 8 --- 9 ---10 ---11 --- x                       2 --- 6 ---10 --- 6 --- x
 |           |           :                       |           |           :
 |           |           :                       |           |           :
 4     5     6     7     x                       1     5     6     5     x
 |           |           :                       |           |           :
 |           |           :                       |           |           :
 0 --- 1 --- 2 --- 3 --- x                       0 --- 1 --- 2 --- 1 --- x
orbital number : 1
********************************************************************************************************************
Read input file "obs_params.in"
	Observable Type : Nq(All),   Sq(All),   N(All),   Delta[s](All),   Delta[d](All),   Delta[s+](All)
********************************************************************************************************************
** WARNING ** the input observables have non-local factors which have been reinterpreted. The total observable number is 96
********************************************************************************************************************


********************************************************************************************************************
Start calculating the non-Gaussian ED ground state
** WARNING ** Detected low phonon energy W < 10. The initial state will be prepared through a warm-up process.
********************************************************************************************************************
Start warm-up calculation for scaling factor 16
open output files: NGSEDWarmUpW16Obs.txt
********************************************************************************************************************
Start the 0 rounds of NGS-ED iteration
	effective electronic model is modified as: kinetic energy t = 1
	                                           effective interaction Vq = [-0,-0,-0,-0,-0,-0,-0,-0,-0,-0,-0,-0,-0,-0,-0,-0]
	first Hamiltonian is constructed, non-zero numbers = 2845383612
	PARPACK diagonalization completed after 105 matrix-vector product operations.
	iteration results: : total energy is -8.468875 | electron energy -8.468875 + phonon energy 0.000000 | electron momentum kIdx = 0
	Nq(0) = 16,	Nq(1) = 0.0625034,	Nq(2) = 0.109912,	Nq(3) = 0.0625034,	Nq(4) = 0.0625034,	Nq(5) = 0.109912,	Nq(6) = 0.152438,	Nq(7) = 0.109912,	Nq(8) = 0.109912,	Nq(9) = 0.152438,	Nq(10) = 0.1925,	Nq(11) = 0.152438,	Nq(12) = 0.0625034,	Nq(13) = 0.109912,	Nq(14) = 0.152438,	Nq(15) = 0.109912,	Sq(0) = 1.02167e-18,	Sq(1) = 0.412873,	Sq(2) = 0.641315,	Sq(3) = 0.412873,	Sq(4) = 0.412873,	Sq(5) = 0.641315,	Sq(6) = 0.93882,	Sq(7) = 0.641315,	Sq(8) = 0.641315,	Sq(9) = 0.93882,	Sq(10) = 5.0336,	Sq(11) = 0.93882,	Sq(12) = 0.412873,	Sq(13) = 0.641315,	Sq(14) = 0.93882,	Sq(15) = 0.641315,	N(0) = 1.77534,	N(1) = 1.56957,	N(2) = 1,	N(3) = 1.56957,	N(4) = 1.56957,	N(5) = 1,	N(6) = 0.430429,	N(7) = 1,	N(8) = 1,	N(9) = 0.430429,	N(10) = 0.224665,	N(11) = 0.430429,	N(12) = 1.56957,	N(13) = 1,	N(14) = 0.430429,	N(15) = 1,	Delta[s](0) = 0.0817888,	Delta[s](1) = 0.0685247,	Delta[s](2) = 0.0544512,	Delta[s](3) = 0.0685247,	Delta[s](4) = 0.0685247,	Delta[s](5) = 0.0544512,	Delta[s](6) = 0.0387771,	Delta[s](7) = 0.0544512,	Delta[s](8) = 0.0544512,	Delta[s](9) = 0.0387771,	Delta[s](10) = 0.018164,	Delta[s](11) = 0.0387771,	Delta[s](12) = 0.0685247,	Delta[s](13) = 0.0544512,	Delta[s](14) = 0.0387771,	Delta[s](15) = 0.0544512,	Delta[d](0) = 0.588823,	Delta[d](1) = 0.453875,	Delta[d](2) = 0.344229,	Delta[d](3) = 0.453875,	Delta[d](4) = 0.453875,	Delta[d](5) = 0.35034,	Delta[d](6) = 0.243732,	Delta[d](7) = 0.35034,	Delta[d](8) = 0.344229,	Delta[d](9) = 0.243732,	Delta[d](10) = 0.126683,	Delta[d](11) = 0.243732,	Delta[d](12) = 0.453875,	Delta[d](13) = 0.35034,	Delta[d](14) = 0.243732,	Delta[d](15) = 0.35034,	Delta[s+](0) = 0.613652,	Delta[s+](1) = 0.486012,	Delta[s+](2) = 0.344229,	Delta[s+](3) = 0.486012,	Delta[s+](4) = 0.486012,	Delta[s+](5) = 0.344229,	Delta[s+](6) = 0.204519,	Delta[s+](7) = 0.344229,	Delta[s+](8) = 0.344229,	Delta[s+](9) = 0.204519,	Delta[s+](10) = 0.0792267,	Delta[s+](11) = 0.204519,	Delta[s+](12) = 0.486012,	Delta[s+](13) = 0.344229,	Delta[s+](14) = 0.204519,	Delta[s+](15) = 0.344229
The 0-th iteration is completed.	|| time cost : 0h 8m 11.477s
********************************************************************************************************************
Start the 1 rounds of NGS-ED iteration
	effective electronic model is modified as: kinetic energy t = 0.901771
	                                           effective interaction Vq = [-4.41265,-3.95525,-3.89062,-3.95525,-3.95525,-3.89062,-3.84799,-3.89062,-3.89062,-3.84799,-3.81723,-3.84799,-3.95525,-3.89062,-3.84799,-3.89062]
	PARPACK diagonalization completed after 60 matrix-vector product operations.
	iteration results: : total energy is -91.446930 | electron energy -91.452621 + phonon energy 0.005690 | electron momentum kIdx = 0
The 1-th iteration is completed.	|| time cost : 0h 7m 14.873s
********************************************************************************************************************
Start the 2 rounds of NGS-ED iteration
	effective electronic model is modified as: kinetic energy t = 0.835448
	                                           effective interaction Vq = [-4.59252,-4.50534,-4.40804,-4.50534,-4.50534,-4.40804,-4.42109,-4.40804,-4.40804,-4.42109,-4.36004,-4.42109,-4.50534,-4.40804,-4.42109,-4.40804]
	PARPACK diagonalization completed after 75 matrix-vector product operations.
	iteration results: : total energy is -97.525583 | electron energy -97.576772 + phonon energy 0.051189 | electron momentum kIdx = 0
The 2-th iteration is completed.	|| time cost : 0h 0m 41.558s
********************************************************************************************************************
Start the 3 rounds of NGS-ED iteration
	effective electronic model is modified as: kinetic energy t = 0.808294
	                                           effective interaction Vq = [-4.59986,-4.56268,-4.54614,-4.56268,-4.56268,-4.54614,-4.50433,-4.54614,-4.54614,-4.50433,-4.51006,-4.50433,-4.56268,-4.54614,-4.50433,-4.54614]
	PARPACK diagonalization completed after 60 matrix-vector product operations.
	iteration results: : total energy is -98.093679 | electron energy -98.168290 + phonon energy 0.074611 | electron momentum kIdx = 0
The 3-th iteration is completed.	|| time cost : 0h 0m 36.842s
********************************************************************************************************************
Start the 4 rounds of NGS-ED iteration
	effective electronic model is modified as: kinetic energy t = 0.802396
	                                           effective interaction Vq = [-4.60015,-4.57007,-4.56279,-4.57007,-4.57007,-4.56279,-4.51744,-4.56279,-4.56279,-4.51744,-4.54566,-4.51744,-4.57007,-4.56279,-4.51744,-4.56279]
	PARPACK diagonalization completed after 45 matrix-vector product operations.
	iteration results: : total energy is -98.124238 | electron energy -98.205748 + phonon energy 0.081510 | electron momentum kIdx = 0
The 4-th iteration is completed.	|| time cost : 0h 0m 32.171s
********************************************************************************************************************
Start the 5 rounds of NGS-ED iteration
	effective electronic model is modified as: kinetic energy t = 0.801219
	                                           effective interaction Vq = [-4.60017,-4.57087,-4.56096,-4.57087,-4.57087,-4.56096,-4.51923,-4.56096,-4.56096,-4.51923,-4.56953,-4.51923,-4.57087,-4.56096,-4.51923,-4.56096]
	PARPACK diagonalization completed after 45 matrix-vector product operations.
	iteration results: : total energy is -98.151650 | electron energy -98.235247 + phonon energy 0.083596 | electron momentum kIdx = 0
The 5-th iteration is completed.	|| time cost : 0h 0m 32.238s
********************************************************************************************************************
Start the 6 rounds of NGS-ED iteration
	effective electronic model is modified as: kinetic energy t = 0.804898
	                                           effective interaction Vq = [-4.60017,-4.56711,-4.53178,-4.56711,-4.56711,-4.53178,-4.51309,-4.53178,-4.53178,-4.51309,-4.58957,-4.51309,-4.56711,-4.53178,-4.51309,-4.53178]
	PARPACK diagonalization completed after 45 matrix-vector product operations.
	iteration results: : total energy is -98.219995 | electron energy -98.303045 + phonon energy 0.083050 | electron momentum kIdx = 0
The 6-th iteration is completed.	|| time cost : 0h 0m 32.181s
********************************************************************************************************************
Start the 7 rounds of NGS-ED iteration
	effective electronic model is modified as: kinetic energy t = 0.809722
	                                           effective interaction Vq = [-4.60017,-4.56165,-4.49508,-4.56165,-4.56165,-4.49508,-4.50446,-4.49508,-4.49508,-4.50446,-4.59439,-4.50446,-4.56165,-4.49508,-4.50446,-4.49508]
	PARPACK diagonalization completed after 45 matrix-vector product operations.
	iteration results: : total energy is -98.241913 | electron energy -98.322934 + phonon energy 0.081021 | electron momentum kIdx = 0
The 7-th iteration is completed.	|| time cost : 0h 0m 32.13s
********************************************************************************************************************
Start the 8 rounds of NGS-ED iteration
	effective electronic model is modified as: kinetic energy t = 0.811218
	                                           effective interaction Vq = [-4.60017, -4.5593,-4.48348, -4.5593, -4.5593,-4.48348,-4.50087,-4.48348,-4.48348,-4.50087, -4.5953,-4.50087, -4.5593,-4.48348,-4.50087,-4.48348]
	PARPACK diagonalization completed after 30 matrix-vector product operations.
	iteration results: : total energy is -98.243544 | electron energy -98.323562 + phonon energy 0.080018 | electron momentum kIdx = 0
The 8-th iteration is completed.	|| time cost : 0h 0m 27.468s
********************************************************************************************************************
Start the 9 rounds of NGS-ED iteration
	effective electronic model is modified as: kinetic energy t = 0.811615
	                                           effective interaction Vq = [-4.60017,-4.55854, -4.4806,-4.55854,-4.55854, -4.4806,-4.49972, -4.4806, -4.4806,-4.49972,-4.59549,-4.49972,-4.55854, -4.4806,-4.49972, -4.4806]
	PARPACK diagonalization completed after 30 matrix-vector product operations.
	iteration results: : total energy is -98.243645 | electron energy -98.323346 + phonon energy 0.079701 | electron momentum kIdx = 0
The 9-th iteration is completed.	|| time cost : 0h 0m 27.455s
********************************************************************************************************************
Start the 10 rounds of NGS-ED iteration
	effective electronic model is modified as: kinetic energy t = 0.811718
	                                           effective interaction Vq = [-4.60017,-4.55832,-4.47991,-4.55832,-4.55832,-4.47991,-4.49938,-4.47991,-4.47991,-4.49938,-4.59554,-4.49938,-4.55832,-4.47991,-4.49938,-4.47991]
	PARPACK diagonalization completed after 30 matrix-vector product operations.
	iteration results: : total energy is -98.243652 | electron energy -98.323264 + phonon energy 0.079612 | electron momentum kIdx = 0
	Nq(0) = 16,	Nq(1) = 0.347646,	Nq(2) = 0.375543,	Nq(3) = 0.347646,	Nq(4) = 0.347646,	Nq(5) = 0.375543,	Nq(6) = 0.615961,	Nq(7) = 0.375543,	Nq(8) = 0.375543,	Nq(9) = 0.615961,	Nq(10) = 4.23455,	Nq(11) = 0.615961,	Nq(12) = 0.347646,	Nq(13) = 0.375543,	Nq(14) = 0.615961,	Nq(15) = 0.375543,	Sq(0) = -3.96611e-18,	Sq(1) = 0.279697,	Sq(2) = 0.332951,	Sq(3) = 0.279697,	Sq(4) = 0.279697,	Sq(5) = 0.332951,	Sq(6) = 0.496828,	Sq(7) = 0.332951,	Sq(8) = 0.332951,	Sq(9) = 0.496828,	Sq(10) = 0.553965,	Sq(11) = 0.496828,	Sq(12) = 0.279697,	Sq(13) = 0.332951,	Sq(14) = 0.496828,	Sq(15) = 0.332951,	N(0) = 1.99092,	N(1) = 1.976,	N(2) = 1,	N(3) = 1.976,	N(4) = 1.976,	N(5) = 1,	N(6) = 0.0239988,	N(7) = 1,	N(8) = 1,	N(9) = 0.0239988,	N(10) = 0.0090757,	N(11) = 0.0239988,	N(12) = 1.976,	N(13) = 1,	N(14) = 0.0239988,	N(15) = 1,	Delta[s](0) = 0.458773,	Delta[s](1) = 0.340899,	Delta[s](2) = 0.331149,	Delta[s](3) = 0.340899,	Delta[s](4) = 0.340899,	Delta[s](5) = 0.331149,	Delta[s](6) = 0.277749,	Delta[s](7) = 0.331149,	Delta[s](8) = 0.331149,	Delta[s](9) = 0.277749,	Delta[s](10) = 0.250857,	Delta[s](11) = 0.277749,	Delta[s](12) = 0.340899,	Delta[s](13) = 0.331149,	Delta[s](14) = 0.277749,	Delta[s](15) = 0.331149,	Delta[d](0) = 0.228102,	Delta[d](1) = 0.227316,	Delta[d](2) = 0.222643,	Delta[d](3) = 0.227316,	Delta[d](4) = 0.227316,	Delta[d](5) = 0.147107,	Delta[d](6) = 0.186793,	Delta[d](7) = 0.147107,	Delta[d](8) = 0.222643,	Delta[d](9) = 0.186793,	Delta[d](10) = 0.066082,	Delta[d](11) = 0.186793,	Delta[d](12) = 0.227316,	Delta[d](13) = 0.147107,	Delta[d](14) = 0.186793,	Delta[d](15) = 0.147107,	Delta[s+](0) = 0.425333,	Delta[s+](1) = 0.340045,	Delta[s+](2) = 0.222643,	Delta[s+](3) = 0.340045,	Delta[s+](4) = 0.340045,	Delta[s+](5) = 0.222643,	Delta[s+](6) = 0.104298,	Delta[s+](7) = 0.222643,	Delta[s+](8) = 0.222643,	Delta[s+](9) = 0.104298,	Delta[s+](10) = 0.0368974,	Delta[s+](11) = 0.104298,	Delta[s+](12) = 0.340045,	Delta[s+](13) = 0.222643,	Delta[s+](14) = 0.104298,	Delta[s+](15) = 0.222643
The 10-th iteration is completed.	|| time cost : 0h 4m 42.227s
********************************************************************************************************************
********************************************************************************************************************
Ground state is obtained after 11 iterations. The current ground-state energy is -98.2437, in which electron energy is -98.3233 and phonon energy is 0.0796123
final variational state is: 
	Gamma_x = [      1,1.01741,1.02972,1.01741,1.01741,1.02972,1.04569,1.02972,1.02972,1.04569,1.07749,1.04569,1.01741,1.02972,1.04569,1.02972]
	lambda_q = [  0.5362,0.485023,0.449447,0.485023,0.485023,0.449447,0.456793,0.449447,0.449447,0.456793,0.519206,0.456793,0.485023,0.449447,0.456793,0.449447]
********************************************************************************************************************
o___o  ----------------------------------------
| L |	Time since last clock: 0h 0m 0s
A===A	Time since the beginning: 0h 24m 30.623s
***********************************************

********************************************************************************************************************
Start warm-up calculation for scaling factor 8
open output files: NGSEDWarmUpW8Obs.txt
********************************************************************************************************************
Start the 0 rounds of NGS-ED iteration
	effective electronic model is modified as: kinetic energy t = 0.811745
	                                           effective interaction Vq = [-4.20554,-4.00272,-3.83704,-4.00272,-4.00272,-3.83704,-3.87291,-3.83704,-3.83704,-3.87291,-4.14283,-3.87291,-4.00272,-3.83704,-3.87291,-3.83704]
	PARPACK diagonalization completed after 45 matrix-vector product operations.
	iteration results: : total energy is -86.532333 | electron energy -86.572127 + phonon energy 0.039794 | electron momentum kIdx = 0
	Nq(0) = 16,	Nq(1) = 0.345359,	Nq(2) = 0.355755,	Nq(3) = 0.345359,	Nq(4) = 0.345359,	Nq(5) = 0.355755,	Nq(6) = 0.568403,	Nq(7) = 0.355755,	Nq(8) = 0.355755,	Nq(9) = 0.568403,	Nq(10) = 3.59012,	Nq(11) = 0.568403,	Nq(12) = 0.345359,	Nq(13) = 0.355755,	Nq(14) = 0.568403,	Nq(15) = 0.355755,	Sq(0) = 5.97173e-19,	Sq(1) = 0.344751,	Sq(2) = 0.368463,	Sq(3) = 0.344751,	Sq(4) = 0.344751,	Sq(5) = 0.368463,	Sq(6) = 0.600375,	Sq(7) = 0.368463,	Sq(8) = 0.368463,	Sq(9) = 0.600375,	Sq(10) = 0.629024,	Sq(11) = 0.600375,	Sq(12) = 0.344751,	Sq(13) = 0.368463,	Sq(14) = 0.600375,	Sq(15) = 0.368463,	N(0) = 1.99793,	N(1) = 1.99503,	N(2) = 1,	N(3) = 1.99503,	N(4) = 1.99503,	N(5) = 1,	N(6) = 0.00497296,	N(7) = 1,	N(8) = 1,	N(9) = 0.00497296,	N(10) = 0.0020734,	N(11) = 0.00497296,	N(12) = 1.99503,	N(13) = 1,	N(14) = 0.00497296,	N(15) = 1,	Delta[s](0) = 0.357966,	Delta[s](1) = 0.305017,	Delta[s](2) = 0.299688,	Delta[s](3) = 0.305017,	Delta[s](4) = 0.305017,	Delta[s](5) = 0.299688,	Delta[s](6) = 0.263813,	Delta[s](7) = 0.299688,	Delta[s](8) = 0.299688,	Delta[s](9) = 0.263813,	Delta[s](10) = 0.258434,	Delta[s](11) = 0.263813,	Delta[s](12) = 0.305017,	Delta[s](13) = 0.299688,	Delta[s](14) = 0.263813,	Delta[s](15) = 0.299688,	Delta[d](0) = 0.239774,	Delta[d](1) = 0.249069,	Delta[d](2) = 0.245094,	Delta[d](3) = 0.249069,	Delta[d](4) = 0.249069,	Delta[d](5) = 0.162572,	Delta[d](6) = 0.208349,	Delta[d](7) = 0.162572,	Delta[d](8) = 0.245094,	Delta[d](9) = 0.208349,	Delta[d](10) = 0.0853873,	Delta[d](11) = 0.208349,	Delta[d](12) = 0.249069,	Delta[d](13) = 0.162572,	Delta[d](14) = 0.208349,	Delta[d](15) = 0.162572,	Delta[s+](0) = 0.470645,	Delta[s+](1) = 0.371082,	Delta[s+](2) = 0.245094,	Delta[s+](3) = 0.371082,	Delta[s+](4) = 0.371082,	Delta[s+](5) = 0.245094,	Delta[s+](6) = 0.121283,	Delta[s+](7) = 0.245094,	Delta[s+](8) = 0.245094,	Delta[s+](9) = 0.121283,	Delta[s+](10) = 0.048584,	Delta[s+](11) = 0.121283,	Delta[s+](12) = 0.371082,	Delta[s+](13) = 0.245094,	Delta[s+](14) = 0.121283,	Delta[s+](15) = 0.245094
The 0-th iteration is completed.	|| time cost : 0h 4m 27.176s
********************************************************************************************************************
Start the 1 rounds of NGS-ED iteration
	effective electronic model is modified as: kinetic energy t = 0.76159
	                                           effective interaction Vq = [-4.52049,-4.33435,-4.13042,-4.33435,-4.33435,-4.13042,-4.17404,-4.13042,-4.13042,-4.17404, -4.4813,-4.17404,-4.33435,-4.13042,-4.17404,-4.13042]
	PARPACK diagonalization completed after 45 matrix-vector product operations.
	iteration results: : total energy is -93.380764 | electron energy -93.553447 + phonon energy 0.172682 | electron momentum kIdx = 0
The 1-th iteration is completed.	|| time cost : 0h 0m 32.044s
********************************************************************************************************************
Start the 2 rounds of NGS-ED iteration
	effective electronic model is modified as: kinetic energy t = 0.741396
	                                           effective interaction Vq = [-4.58408,-4.41926,-4.22476,-4.41926,-4.41926,-4.22476,-4.26567,-4.22476,-4.22476,-4.26567,-4.56468,-4.26567,-4.41926,-4.22476,-4.26567,-4.22476]
	PARPACK diagonalization completed after 30 matrix-vector product operations.
	iteration results: : total energy is -94.762757 | electron energy -95.007238 + phonon energy 0.244481 | electron momentum kIdx = 0
The 2-th iteration is completed.	|| time cost : 0h 0m 27.43s
********************************************************************************************************************
Start the 3 rounds of NGS-ED iteration
	effective electronic model is modified as: kinetic energy t = 0.733521
	                                           effective interaction Vq = [-4.59692,-4.44503,-4.25878,-4.44503,-4.44503,-4.25878, -4.2973,-4.25878,-4.25878, -4.2973,-4.58484, -4.2973,-4.44503,-4.25878, -4.2973,-4.25878]
	PARPACK diagonalization completed after 30 matrix-vector product operations.
	iteration results: : total energy is -95.028125 | electron energy -95.301952 + phonon energy 0.273827 | electron momentum kIdx = 0
The 3-th iteration is completed.	|| time cost : 0h 0m 27.469s
********************************************************************************************************************
Start the 4 rounds of NGS-ED iteration
	effective electronic model is modified as: kinetic energy t = 0.730276
	                                           effective interaction Vq = [-4.59951,-4.45465,-4.27263,-4.45465,-4.45465,-4.27263,-4.31025,-4.27263,-4.27263,-4.31025,-4.59039,-4.31025,-4.45465,-4.27263,-4.31025,-4.27263]
	PARPACK diagonalization completed after 30 matrix-vector product operations.
	iteration results: : total energy is -95.078790 | electron energy -95.364681 + phonon energy 0.285890 | electron momentum kIdx = 0
The 4-th iteration is completed.	|| time cost : 0h 0m 27.49s
********************************************************************************************************************
Start the 5 rounds of NGS-ED iteration
	effective electronic model is modified as: kinetic energy t = 0.728866
	                                           effective interaction Vq = [-4.60003,-4.45876,-4.27871,-4.45876,-4.45876,-4.27871,-4.31616,-4.27871,-4.27871,-4.31616,-4.59214,-4.31616,-4.45876,-4.27871,-4.31616,-4.27871]
	PARPACK diagonalization completed after 30 matrix-vector product operations.
	iteration results: : total energy is -95.088574 | electron energy -95.379557 + phonon energy 0.290982 | electron momentum kIdx = 0
The 5-th iteration is completed.	|| time cost : 0h 0m 27.475s
********************************************************************************************************************
Start the 6 rounds of NGS-ED iteration
	effective electronic model is modified as: kinetic energy t = 0.728227
	                                           effective interaction Vq = [-4.60014,-4.46067,-4.28148,-4.46067,-4.46067,-4.28148,-4.31901,-4.28148,-4.28148,-4.31901,-4.59274,-4.31901,-4.46067,-4.28148,-4.31901,-4.28148]
	PARPACK diagonalization completed after 30 matrix-vector product operations.
	iteration results: : total energy is -95.090492 | electron energy -95.383673 + phonon energy 0.293181 | electron momentum kIdx = 0
The 6-th iteration is completed.	|| time cost : 0h 0m 27.441s
********************************************************************************************************************
Start the 7 rounds of NGS-ED iteration
	effective electronic model is modified as: kinetic energy t = 0.727929
	                                           effective interaction Vq = [-4.60016,-4.46159,-4.28279,-4.46159,-4.46159,-4.28279,-4.32044,-4.28279,-4.28279,-4.32044,-4.59295,-4.32044,-4.46159,-4.28279,-4.32044,-4.28279]
	PARPACK diagonalization completed after 30 matrix-vector product operations.
	iteration results: : total energy is -95.090873 | electron energy -95.385029 + phonon energy 0.294155 | electron momentum kIdx = 0
The 7-th iteration is completed.	|| time cost : 0h 0m 27.505s
********************************************************************************************************************
Start the 8 rounds of NGS-ED iteration
	effective electronic model is modified as: kinetic energy t = 0.727785
	                                           effective interaction Vq = [-4.60017,-4.46205,-4.28341,-4.46205,-4.46205,-4.28341,-4.32116,-4.28341,-4.28341,-4.32116,-4.59302,-4.32116,-4.46205,-4.28341,-4.32116,-4.28341]
	PARPACK diagonalization completed after 30 matrix-vector product operations.
	iteration results: : total energy is -95.090950 | electron energy -95.385550 + phonon energy 0.294600 | electron momentum kIdx = 0
	Nq(0) = 16,	Nq(1) = 0.300071,	Nq(2) = 0.343884,	Nq(3) = 0.300071,	Nq(4) = 0.300071,	Nq(5) = 0.343884,	Nq(6) = 0.540565,	Nq(7) = 0.343884,	Nq(8) = 0.343884,	Nq(9) = 0.540565,	Nq(10) = 5.16174,	Nq(11) = 0.540565,	Nq(12) = 0.300071,	Nq(13) = 0.343884,	Nq(14) = 0.540565,	Nq(15) = 0.343884,	Sq(0) = -3.30862e-18,	Sq(1) = 0.25728,	Sq(2) = 0.321772,	Sq(3) = 0.25728,	Sq(4) = 0.25728,	Sq(5) = 0.321772,	Sq(6) = 0.476584,	Sq(7) = 0.321772,	Sq(8) = 0.321772,	Sq(9) = 0.476584,	Sq(10) = 0.546322,	Sq(11) = 0.476584,	Sq(12) = 0.25728,	Sq(13) = 0.321772,	Sq(14) = 0.476584,	Sq(15) = 0.321772,	N(0) = 1.9857,	N(1) = 1.95745,	N(2) = 1,	N(3) = 1.95745,	N(4) = 1.95745,	N(5) = 1,	N(6) = 0.0425499,	N(7) = 1,	N(8) = 1,	N(9) = 0.0425499,	N(10) = 0.0143024,	N(11) = 0.0425499,	N(12) = 1.95745,	N(13) = 1,	N(14) = 0.0425499,	N(15) = 1,	Delta[s](0) = 0.395943,	Delta[s](1) = 0.344179,	Delta[s](2) = 0.33443,	Delta[s](3) = 0.344179,	Delta[s](4) = 0.344179,	Delta[s](5) = 0.33443,	Delta[s](6) = 0.305538,	Delta[s](7) = 0.33443,	Delta[s](8) = 0.33443,	Delta[s](9) = 0.305538,	Delta[s](10) = 0.292406,	Delta[s](11) = 0.305538,	Delta[s](12) = 0.344179,	Delta[s](13) = 0.33443,	Delta[s](14) = 0.305538,	Delta[s](15) = 0.33443,	Delta[d](0) = 0.218698,	Delta[d](1) = 0.213038,	Delta[d](2) = 0.219086,	Delta[d](3) = 0.213038,	Delta[d](4) = 0.213038,	Delta[d](5) = 0.151677,	Delta[d](6) = 0.177594,	Delta[d](7) = 0.151677,	Delta[d](8) = 0.219086,	Delta[d](9) = 0.177594,	Delta[d](10) = 0.0845877,	Delta[d](11) = 0.177594,	Delta[d](12) = 0.213038,	Delta[d](13) = 0.151677,	Delta[d](14) = 0.177594,	Delta[d](15) = 0.151677,	Delta[s+](0) = 0.421362,	Delta[s+](1) = 0.330018,	Delta[s+](2) = 0.219086,	Delta[s+](3) = 0.330018,	Delta[s+](4) = 0.330018,	Delta[s+](5) = 0.219086,	Delta[s+](6) = 0.109135,	Delta[s+](7) = 0.219086,	Delta[s+](8) = 0.219086,	Delta[s+](9) = 0.109135,	Delta[s+](10) = 0.0492325,	Delta[s+](11) = 0.109135,	Delta[s+](12) = 0.330018,	Delta[s+](13) = 0.219086,	Delta[s+](14) = 0.109135,	Delta[s+](15) = 0.219086
The 8-th iteration is completed.	|| time cost : 0h 4m 23.38s
********************************************************************************************************************
********************************************************************************************************************
Ground state is obtained after 9 iterations. The current ground-state energy is -95.0909, in which electron energy is -95.3855 and phonon energy is 0.2946
final variational state is: 
	Gamma_x = [      1,1.05058, 1.0794,1.05058,1.05058, 1.0794,1.12189, 1.0794, 1.0794,1.12189,1.24901,1.12189,1.05058, 1.0794,1.12189, 1.0794]
	lambda_q = [0.758135, 0.62702,0.559412, 0.62702, 0.62702,0.559412,0.571678,0.559412,0.559412,0.571678,0.728459,0.571678, 0.62702,0.559412,0.571678,0.559412]
********************************************************************************************************************
o___o  ----------------------------------------
| L |	Time since last clock: 0h 0m 0s
A===A	Time since the beginning: 0h 36m 38.038s
***********************************************

********************************************************************************************************************
Start warm-up calculation for scaling factor 4
open output files: NGSEDWarmUpW4Obs.txt
********************************************************************************************************************
Start the 0 rounds of NGS-ED iteration
	effective electronic model is modified as: kinetic energy t = 0.727714
	                                           effective interaction Vq = [-4.20512,-3.80671,-3.54754,-3.80671,-3.80671,-3.54754,-3.59728,-3.54754,-3.54754,-3.59728,-4.12699,-3.59728,-3.80671,-3.54754,-3.59728,-3.54754]
	PARPACK diagonalization completed after 45 matrix-vector product operations.
	iteration results: : total energy is -82.913104 | electron energy -83.060508 + phonon energy 0.147404 | electron momentum kIdx = 0
	Nq(0) = 16,	Nq(1) = 0.306836,	Nq(2) = 0.330736,	Nq(3) = 0.306836,	Nq(4) = 0.306836,	Nq(5) = 0.330736,	Nq(6) = 0.505283,	Nq(7) = 0.330736,	Nq(8) = 0.330736,	Nq(9) = 0.505283,	Nq(10) = 4.23874,	Nq(11) = 0.505283,	Nq(12) = 0.306836,	Nq(13) = 0.330736,	Nq(14) = 0.505283,	Nq(15) = 0.330736,	Sq(0) = 6.45099e-18,	Sq(1) = 0.3286,	Sq(2) = 0.364799,	Sq(3) = 0.3286,	Sq(4) = 0.3286,	Sq(5) = 0.364799,	Sq(6) = 0.596318,	Sq(7) = 0.364799,	Sq(8) = 0.364799,	Sq(9) = 0.596318,	Sq(10) = 0.639899,	Sq(11) = 0.596318,	Sq(12) = 0.3286,	Sq(13) = 0.364799,	Sq(14) = 0.596318,	Sq(15) = 0.364799,	N(0) = 1.99122,	N(1) = 1.98071,	N(2) = 1,	N(3) = 1.98071,	N(4) = 1.98071,	N(5) = 1,	N(6) = 0.0192911,	N(7) = 1,	N(8) = 1,	N(9) = 0.0192911,	N(10) = 0.00878163,	N(11) = 0.0192911,	N(12) = 1.98071,	N(13) = 1,	N(14) = 0.0192911,	N(15) = 1,	Delta[s](0) = 0.335235,	Delta[s](1) = 0.305483,	Delta[s](2) = 0.29918,	Delta[s](3) = 0.305483,	Delta[s](4) = 0.305483,	Delta[s](5) = 0.29918,	Delta[s](6) = 0.27794,	Delta[s](7) = 0.29918,	Delta[s](8) = 0.29918,	Delta[s](9) = 0.27794,	Delta[s](10) = 0.271816,	Delta[s](11) = 0.27794,	Delta[s](12) = 0.305483,	Delta[s](13) = 0.29918,	Delta[s](14) = 0.27794,	Delta[s](15) = 0.29918,	Delta[d](0) = 0.245026,	Delta[d](1) = 0.247452,	Delta[d](2) = 0.253262,	Delta[d](3) = 0.247452,	Delta[d](4) = 0.247452,	Delta[d](5) = 0.174509,	Delta[d](6) = 0.207857,	Delta[d](7) = 0.174509,	Delta[d](8) = 0.253262,	Delta[d](9) = 0.207857,	Delta[d](10) = 0.104008,	Delta[d](11) = 0.207857,	Delta[d](12) = 0.247452,	Delta[d](13) = 0.174509,	Delta[d](14) = 0.207857,	Delta[d](15) = 0.174509,	Delta[s+](0) = 0.49179,	Delta[s+](1) = 0.380219,	Delta[s+](2) = 0.253262,	Delta[s+](3) = 0.380219,	Delta[s+](4) = 0.380219,	Delta[s+](5) = 0.253262,	Delta[s+](6) = 0.129363,	Delta[s+](7) = 0.253262,	Delta[s+](8) = 0.253262,	Delta[s+](9) = 0.129363,	Delta[s+](10) = 0.0601912,	Delta[s+](11) = 0.129363,	Delta[s+](12) = 0.380219,	Delta[s+](13) = 0.253262,	Delta[s+](14) = 0.129363,	Delta[s+](15) = 0.253262
The 0-th iteration is completed.	|| time cost : 0h 4m 26.602s
********************************************************************************************************************
Start the 1 rounds of NGS-ED iteration
	effective electronic model is modified as: kinetic energy t = 0.705059
	                                           effective interaction Vq = [-4.42266,-4.01332,-3.68458,-4.01332,-4.01332,-3.68458,-3.74518,-3.68458,-3.68458,-3.74518,-4.38749,-3.74518,-4.01332,-3.68458,-3.74518,-3.68458]
	PARPACK diagonalization completed after 30 matrix-vector product operations.
	iteration results: : total energy is -87.710724 | electron energy -88.097070 + phonon energy 0.386347 | electron momentum kIdx = 0
The 1-th iteration is completed.	|| time cost : 0h 0m 27.594s
********************************************************************************************************************
Start the 2 rounds of NGS-ED iteration
	effective electronic model is modified as: kinetic energy t = 0.692945
	                                           effective interaction Vq = [-4.52041,-4.08648,-3.74803,-4.08648,-4.08648,-3.74803,-3.80662,-3.74803,-3.74803,-3.80662,-4.51147,-3.80662,-4.08648,-3.74803,-3.80662,-3.74803]
	PARPACK diagonalization completed after 30 matrix-vector product operations.
	iteration results: : total energy is -89.923764 | electron energy -90.464373 + phonon energy 0.540608 | electron momentum kIdx = 0
The 2-th iteration is completed.	|| time cost : 0h 0m 27.606s
********************************************************************************************************************
Start the 3 rounds of NGS-ED iteration
	effective electronic model is modified as: kinetic energy t = 0.688773
	                                           effective interaction Vq = [-4.56433,-4.09556,-3.76657,-4.09556,-4.09556,-3.76657,-3.81772,-3.76657,-3.76657,-3.81772,-4.56168,-3.81772,-4.09556,-3.76657,-3.81772,-3.76657]
	PARPACK diagonalization completed after 30 matrix-vector product operations.
	iteration results: : total energy is -90.875667 | electron energy -91.489505 + phonon energy 0.613838 | electron momentum kIdx = 0
The 3-th iteration is completed.	|| time cost : 0h 0m 27.503s
********************************************************************************************************************
Start the 4 rounds of NGS-ED iteration
	effective electronic model is modified as: kinetic energy t = 0.688449
	                                           effective interaction Vq = [-4.58406,-4.08222,-3.76559,-4.08222,-4.08222,-3.76559,-3.80892,-3.76559,-3.76559,-3.80892,-4.58111,-3.80892,-4.08222,-3.76559,-3.80892,-3.76559]
	PARPACK diagonalization completed after 30 matrix-vector product operations.
	iteration results: : total energy is -91.274382 | electron energy -91.917859 + phonon energy 0.643477 | electron momentum kIdx = 0
The 4-th iteration is completed.	|| time cost : 0h 0m 27.472s
********************************************************************************************************************
Start the 5 rounds of NGS-ED iteration
	effective electronic model is modified as: kinetic energy t = 0.68958
	                                           effective interaction Vq = [-4.59293,-4.06403,-3.75797,-4.06403,-4.06403,-3.75797,-3.79462,-3.75797,-3.75797,-3.79462,-4.58889,-3.79462,-4.06403,-3.75797,-3.79462,-3.75797]
	PARPACK diagonalization completed after 30 matrix-vector product operations.
	iteration results: : total energy is -91.442549 | electron energy -92.095828 + phonon energy 0.653279 | electron momentum kIdx = 0
The 5-th iteration is completed.	|| time cost : 0h 0m 27.536s
********************************************************************************************************************
Start the 6 rounds of NGS-ED iteration
	effective electronic model is modified as: kinetic energy t = 0.691102
	                                           effective interaction Vq = [-4.59692,-4.04692,-3.74891,-4.04692,-4.04692,-3.74891, -3.7802,-3.74891,-3.74891, -3.7802,-4.59223, -3.7802,-4.04692,-3.74891, -3.7802,-3.74891]
	PARPACK diagonalization completed after 30 matrix-vector product operations.
	iteration results: : total energy is -91.514857 | electron energy -92.169286 + phonon energy 0.654429 | electron momentum kIdx = 0
The 6-th iteration is completed.	|| time cost : 0h 0m 27.463s
********************************************************************************************************************
Start the 7 rounds of NGS-ED iteration
	effective electronic model is modified as: kinetic energy t = 0.692592
	                                           effective interaction Vq = [-4.59871,-4.03247,-3.74032,-4.03247,-4.03247,-3.74032,-3.76742,-3.74032,-3.74032,-3.76742,-4.59377,-3.76742,-4.03247,-3.74032,-3.76742,-3.74032]
	PARPACK diagonalization completed after 30 matrix-vector product operations.
	iteration results: : total energy is -91.546576 | electron energy -92.198615 + phonon energy 0.652039 | electron momentum kIdx = 0
The 7-th iteration is completed.	|| time cost : 0h 0m 27.399s
********************************************************************************************************************
Start the 8 rounds of NGS-ED iteration
	effective electronic model is modified as: kinetic energy t = 0.693901
	                                           effective interaction Vq = [-4.59951,-4.02077,-3.73283,-4.02077,-4.02077,-3.73283,-3.75668,-3.73283,-3.73283,-3.75668,-4.59452,-3.75668,-4.02077,-3.73283,-3.75668,-3.73283]
	PARPACK diagonalization completed after 30 matrix-vector product operations.
	iteration results: : total energy is -91.560729 | electron energy -92.209208 + phonon energy 0.648479 | electron momentum kIdx = 0
The 8-th iteration is completed.	|| time cost : 0h 0m 27.526s
********************************************************************************************************************
Start the 9 rounds of NGS-ED iteration
	effective electronic model is modified as: kinetic energy t = 0.694996
	                                           effective interaction Vq = [-4.59987,-4.01149,-3.72657,-4.01149,-4.01149,-3.72657,-3.74791,-3.72657,-3.72657,-3.74791,-4.59491,-3.74791,-4.01149,-3.72657,-3.74791,-3.72657]
	PARPACK diagonalization completed after 30 matrix-vector product operations.
	iteration results: : total energy is -91.567132 | electron energy -92.211958 + phonon energy 0.644826 | electron momentum kIdx = 0
The 9-th iteration is completed.	|| time cost : 0h 0m 27.493s
********************************************************************************************************************
Start the 10 rounds of NGS-ED iteration
	effective electronic model is modified as: kinetic energy t = 0.695887
	                                           effective interaction Vq = [-4.60003, -4.0042,-3.72144, -4.0042, -4.0042,-3.72144,-3.74085,-3.72144,-3.72144,-3.74085,-4.59513,-3.74085, -4.0042,-3.72144,-3.74085,-3.72144]
	PARPACK diagonalization completed after 30 matrix-vector product operations.
	iteration results: : total energy is -91.570065 | electron energy -92.211588 + phonon energy 0.641523 | electron momentum kIdx = 0
