SNEDics v3.22.2 Non-Gaussian ED ground state program		Start at Sun May 15 17:23:39 2022

Parallelization: 32 MPI threads  * 8 OpenMP threads = 256 total threads.
********************************************************************************************************************
********************************************************************************************************************

********************************************************************************************************************
System parameters and configurations
	special program options are enabled: splitted diagonal Hamiltonian | splitted Hamiltonian terms
********************************************************************************************************************
Read input file "model_params.in"
	Hubbard-Holstein model parameters : 	t = 1    t' = -0.3    U = 8    g = 0.35    W = 0.2    g' = 0.15    
********************************************************************************************************************
Read input file "hilbertspace_params.in"
	Requested 16-site 2D lattice, with 12 electrons (6, 6)
	Boundary : Periodic		Hilbert space representation : momentum-space (restricted to kIdx = 10)
	Conservation: particle number[U(1)]      spin[U(1)]     momentum
********************************************************************************************************************

Cluster Positions:				Cluster symmetry group : D4
 x ... x ... x ... x .....                       x ... x ... x ... x .....
 |           |           :                       |           |           :
 |           |           :                       |           |           :
12    13    14    15     x                       1     5     6     5     x
 |           |           :                       |           |           :
 |           |           :                       |           |           :
 8 --- 9 ---10 ---11 --- x                       2 --- 6 ---10 --- 6 --- x
 |           |           :                       |           |           :
 |           |           :                       |           |           :
 4     5     6     7     x                       1     5     6     5     x
 |           |           :                       |           |           :
 |           |           :                       |           |           :
 0 --- 1 --- 2 --- 3 --- x                       0 --- 1 --- 2 --- 1 --- x
orbital number : 1
********************************************************************************************************************
Read input file "obs_params.in"
	Observable Type : Nq(All),   Sq(All),   N(All-Orbital),   Delta[s](All),   Delta[d](All),   Delta[s+](All)
** WARNING ** the input observables have non-local factors which have been reinterpreted. The total observable number is 96
********************************************************************************************************************


********************************************************************************************************************
Start calculating the non-Gaussian ED ground state
Maximal iteration number is 1000; energy resolution is 1e-06. Phonon state relaxation time is 2000
W = 0.2 is relatively large. The non-Gaussian ED calculation starts directly.
open output files: NGSED_iteration_observables.txt
********************************************************************************************************************
Start the 0 rounds of NGS-ED iteration
	effective electronic model is modified as: kinetic energy t = 1, t' = -0.3
	                                           effective interaction Vq = [0,0,0,0,0,0,0,0,0,0,0,0,0,0,0,0]
	first Hamiltonian is constructed, size = 4008592 and non-zero numbers = 969952276
	PARPACK diagonalization completed after 120 matrix-vector product operations.
	iteration results: : total energy is -14.904199 | electron energy -14.904199 + phonon energy 0.000000 | electron momentum kIdx = 10
	Nq(0) = 9,	Nq(1) = 0.183693,	Nq(2) = 0.250775,	Nq(3) = 0.183693,	Nq(4) = 0.183693,	Nq(5) = 0.258947,	
	Nq(6) = 0.308855,	Nq(7) = 0.258947,	Nq(8) = 0.250775,	Nq(9) = 0.308855,	Nq(10) = 0.355902,	
	Nq(11) = 0.308855,	Nq(12) = 0.183693,	Nq(13) = 0.258947,	Nq(14) = 0.308855,	Nq(15) = 0.258947;	
	Sq(0) = 3.45099e-18,	Sq(1) = 0.504384,	Sq(2) = 0.469115,	Sq(3) = 0.504384,	Sq(4) = 0.504384,	
	Sq(5) = 0.735911,	Sq(6) = 0.943053,	Sq(7) = 0.735911,	Sq(8) = 0.469115,	Sq(9) = 0.943053,	
	Sq(10) = 1.46495,	Sq(11) = 0.943053,	Sq(12) = 0.504384,	Sq(13) = 0.735911,	Sq(14) = 0.943053,	
	Sq(15) = 0.735911;	N(0) = 1.70338,	N(1) = 1.58882,	N(2) = 1.04187,	N(3) = 1.58882,	
	N(4) = 1.58882,	N(5) = 0.289608,	N(6) = 0.157281,	N(7) = 0.289608,	N(8) = 1.04187,	
	N(9) = 0.157281,	N(10) = 0.0700575,	N(11) = 0.157281,	N(12) = 1.58882,	N(13) = 0.289608,	
	N(14) = 0.157281,	N(15) = 0.289608;	Delta[s](0) = 0.060087,	Delta[s](1) = 0.0413109,	Delta[s](2) = 0.0323705,	
	Delta[s](3) = 0.0413109,	Delta[s](4) = 0.0413109,	Delta[s](5) = 0.0224752,	Delta[s](6) = 0.0124328,	Delta[s](7) = 0.0224752,	
	Delta[s](8) = 0.0323705,	Delta[s](9) = 0.0124328,	Delta[s](10) = 0.00201333,	Delta[s](11) = 0.0124328,	Delta[s](12) = 0.0413109,	
	Delta[s](13) = 0.0224752,	Delta[s](14) = 0.0124328,	Delta[s](15) = 0.0224752;	Delta[d](0) = 0.273354,	Delta[d](1) = 0.219866,	
	Delta[d](2) = 0.261788,	Delta[d](3) = 0.219866,	Delta[d](4) = 0.219866,	Delta[d](5) = 0.148342,	Delta[d](6) = 0.197483,	
	Delta[d](7) = 0.148342,	Delta[d](8) = 0.261788,	Delta[d](9) = 0.197483,	Delta[d](10) = 0.327745,	Delta[d](11) = 0.197483,	
	Delta[d](12) = 0.219866,	Delta[d](13) = 0.148342,	Delta[d](14) = 0.197483,	Delta[d](15) = 0.148342;	Delta[s+](0) = 0.49959,	
	Delta[s+](1) = 0.348843,	Delta[s+](2) = 0.261788,	Delta[s+](3) = 0.348843,	Delta[s+](4) = 0.348843,	Delta[s+](5) = 0.158117,	
	Delta[s+](6) = 0.0715881,	Delta[s+](7) = 0.158117,	Delta[s+](8) = 0.261788,	Delta[s+](9) = 0.0715881,	Delta[s+](10) = 0.023425,	
	Delta[s+](11) = 0.0715881,	Delta[s+](12) = 0.348843,	Delta[s+](13) = 0.158117,	Delta[s+](14) = 0.0715881,	Delta[s+](15) = 0.158117
	
The 0-th iteration is completed.	|| time cost : 0h 2m 1.595s
********************************************************************************************************************
Start the 1 rounds of NGS-ED iteration
	effective electronic model is modified as: kinetic energy t = 0.99165, t' = -0.295593
	                                           effective interaction Vq = [     -4.5125,   -0.311565,   -0.052797,   -0.311565,   -0.311565,  -0.0557169,-0.000864663,  -0.0557169,   -0.052797,-0.000864663,  -0.0196734,-0.000864663,   -0.311565,  -0.0557169,-0.000864663,  -0.0557169]
	PARPACK diagonalization completed after 45 matrix-vector product operations.
	iteration results: : total energy is -55.669680 | electron energy -55.685972 + phonon energy 0.016292 | electron momentum kIdx = 10
The 1-th iteration is completed.	|| time cost : 0h 1m 18.031s
********************************************************************************************************************
Start the 2 rounds of NGS-ED iteration
	effective electronic model is modified as: kinetic energy t = 0.991191, t' = -0.295317
	                                           effective interaction Vq = [     -4.5125,   -0.326898,   -0.052406,   -0.326898,   -0.326898,  -0.0556433,-0.000857505,  -0.0556433,   -0.052406,-0.000857505,  -0.0195739,-0.000857505,   -0.326898,  -0.0556433,-0.000857505,  -0.0556433]
	PARPACK diagonalization completed after 45 matrix-vector product operations.
	iteration results: : total energy is -55.669876 | electron energy -55.688702 + phonon energy 0.018826 | electron momentum kIdx = 10
The 2-th iteration is completed.	|| time cost : 0h 0m 11.466s
********************************************************************************************************************
Start the 3 rounds of NGS-ED iteration
	effective electronic model is modified as: kinetic energy t = 0.991165, t' = -0.295301
	                                           effective interaction Vq = [     -4.5125,   -0.327781,  -0.0523757,   -0.327781,   -0.327781,  -0.0556256,-0.000857252,  -0.0556256,  -0.0523757,-0.000857252,  -0.0195683,-0.000857252,   -0.327781,  -0.0556256,-0.000857252,  -0.0556256]
	PARPACK diagonalization completed after 30 matrix-vector product operations.
	iteration results: : total energy is -55.669877 | electron energy -55.688851 + phonon energy 0.018975 | electron momentum kIdx = 10
The 3-th iteration is completed.	|| time cost : 0h 0m 9.547s
********************************************************************************************************************
Start the 4 rounds of NGS-ED iteration
	effective electronic model is modified as: kinetic energy t = 0.991163, t' = -0.2953
	                                           effective interaction Vq = [     -4.5125,   -0.327833,  -0.0523739,   -0.327833,   -0.327833,  -0.0556245,-0.000857238,  -0.0556245,  -0.0523739,-0.000857238,   -0.019568,-0.000857238,   -0.327833,  -0.0556245,-0.000857238,  -0.0556245]
	PARPACK diagonalization completed after 30 matrix-vector product operations.
	iteration results: : total energy is -55.669877 | electron energy -55.688860 + phonon energy 0.018983 | electron momentum kIdx = 10
The 4-th iteration is completed.	|| time cost : 0h 0m 9.546s
********************************************************************************************************************
Start the 5 rounds of NGS-ED iteration
	effective electronic model is modified as: kinetic energy t = 0.991163, t' = -0.2953
	                                           effective interaction Vq = [     -4.5125,   -0.327836,  -0.0523738,   -0.327836,   -0.327836,  -0.0556245,-0.000857237,  -0.0556245,  -0.0523738,-0.000857237,  -0.0195679,-0.000857237,   -0.327836,  -0.0556245,-0.000857237,  -0.0556245]
	PARPACK diagonalization completed after 30 matrix-vector product operations.
	iteration results: : total energy is -55.669877 | electron energy -55.688861 + phonon energy 0.018984 | electron momentum kIdx = 10
The 5-th iteration is completed.	|| time cost : 0h 0m 9.505s
********************************************************************************************************************
Start the 6 rounds of NGS-ED iteration
	effective electronic model is modified as: kinetic energy t = 0.991163, t' = -0.2953
	                                           effective interaction Vq = [     -4.5125,   -0.327836,  -0.0523738,   -0.327836,   -0.327836,  -0.0556245,-0.000857237,  -0.0556245,  -0.0523738,-0.000857237,  -0.0195679,-0.000857237,   -0.327836,  -0.0556245,-0.000857237,  -0.0556245]
	PARPACK diagonalization completed after 30 matrix-vector product operations.
	iteration results: : total energy is -55.669877 | electron energy -55.688861 + phonon energy 0.018984 | electron momentum kIdx = 10
	Nq(0) = 9,	Nq(1) = 0.19059,	Nq(2) = 0.249524,	Nq(3) = 0.19059,	Nq(4) = 0.19059,	Nq(5) = 0.259469,	
	Nq(6) = 0.307345,	Nq(7) = 0.259469,	Nq(8) = 0.249524,	Nq(9) = 0.307345,	Nq(10) = 0.355711,	
	Nq(11) = 0.307345,	Nq(12) = 0.19059,	Nq(13) = 0.259469,	Nq(14) = 0.307345,	Nq(15) = 0.259469;	
	Sq(0) = 1.922e-18,	Sq(1) = 0.503233,	Sq(2) = 0.466743,	Sq(3) = 0.503233,	Sq(4) = 0.503233,	
	Sq(5) = 0.731237,	Sq(6) = 0.941025,	Sq(7) = 0.731237,	Sq(8) = 0.466743,	Sq(9) = 0.941025,	
	Sq(10) = 1.48016,	Sq(11) = 0.941025,	Sq(12) = 0.503233,	Sq(13) = 0.731237,	Sq(14) = 0.941025,	
	Sq(15) = 0.731237;	N(0) = 1.70805,	N(1) = 1.59867,	N(2) = 1.03773,	N(3) = 1.59867,	
	N(4) = 1.59867,	N(5) = 0.281113,	N(6) = 0.156336,	N(7) = 0.281113,	N(8) = 1.03773,	
	N(9) = 0.156336,	N(10) = 0.0719975,	N(11) = 0.156336,	N(12) = 1.59867,	N(13) = 0.281113,	
	N(14) = 0.156336,	N(15) = 0.281113;	Delta[s](0) = 0.0614567,	Delta[s](1) = 0.0422862,	Delta[s](2) = 0.033229,	
	Delta[s](3) = 0.0422862,	Delta[s](4) = 0.0422862,	Delta[s](5) = 0.0231143,	Delta[s](6) = 0.0126755,	Delta[s](7) = 0.0231143,	
	Delta[s](8) = 0.033229,	Delta[s](9) = 0.0126755,	Delta[s](10) = 0.00197072,	Delta[s](11) = 0.0126755,	Delta[s](12) = 0.0422862,	
	Delta[s](13) = 0.0231143,	Delta[s](14) = 0.0126755,	Delta[s](15) = 0.0231143;	Delta[d](0) = 0.274047,	Delta[d](1) = 0.221203,	
	Delta[d](2) = 0.263281,	Delta[d](3) = 0.221203,	Delta[d](4) = 0.221203,	Delta[d](5) = 0.148254,	Delta[d](6) = 0.196803,	
	Delta[d](7) = 0.148254,	Delta[d](8) = 0.263281,	Delta[d](9) = 0.196803,	Delta[d](10) = 0.33066,	Delta[d](11) = 0.196803,	
	Delta[d](12) = 0.221203,	Delta[d](13) = 0.148254,	Delta[d](14) = 0.196803,	Delta[d](15) = 0.148254;	Delta[s+](0) = 0.504301,	
	Delta[s+](1) = 0.351629,	Delta[s+](2) = 0.263281,	Delta[s+](3) = 0.351629,	Delta[s+](4) = 0.351629,	Delta[s+](5) = 0.15883,	
	Delta[s+](6) = 0.0713715,	Delta[s+](7) = 0.15883,	Delta[s+](8) = 0.263281,	Delta[s+](9) = 0.0713715,	Delta[s+](10) = 0.0235019,	
	Delta[s+](11) = 0.0713715,	Delta[s+](12) = 0.351629,	Delta[s+](13) = 0.15883,	Delta[s+](14) = 0.0713715,	Delta[s+](15) = 0.15883
	
The 6-th iteration is completed.	|| time cost : 0h 1m 19.549s
********************************************************************************************************************
********************************************************************************************************************
Ground state is obtained after 7 iterations. The current ground-state energy is -55.6699, in which electron energy is -55.6889 and phonon energy is 0.0189839
Final variational state is: 
	Gamma_x = [      1,1.34306,1.06592,1.34306,1.34306,1.07293,1.00129,1.07293,1.06592,1.00129,1.03483,1.00129,1.34306,1.07293,1.00129,1.07293]
	lambda_q = [      4.75,  0.262807, 0.0764914,  0.262807,  0.262807, 0.0813545,0.00872461, 0.0813545, 0.0764914,0.00872461,-0.0397685,0.00872461,  0.262807, 0.0813545,0.00872461, 0.0813545]
Effective e-e interactions mediated by phonons are:
	momentum-space Vq = [     -4.5125,   -0.327836,  -0.0523738,   -0.327836,   -0.327836,  -0.0556245,-0.000857237,  -0.0556245,  -0.0523738,-0.000857237,  -0.0195679,-0.000857237,   -0.327836,  -0.0556245,-0.000857237,  -0.0556245]
	real-space Vr = [ -0.38588,-0.321681,-0.275895,-0.321681,-0.321681,-0.276708,-0.239936,-0.276708,-0.275895,-0.239936,-0.221534,-0.239936,-0.321681,-0.276708,-0.239936,-0.276708]
********************************************************************************************************************
o___o  ----------------------------------------
| L |	Time since last clock: 0h 0m 0.009s
A===A	Time since the beginning: 0h 5m 19.251s
***********************************************


Non-Gaussina ED ground state calculation is completed. The final ground-state energy is -55.6699
********************************************************************************************************************
o___o  ----------------------------------------
| L |	Time since last clock: 0h 0m 0.003s
A===A	Time since the beginning: 0h 5m 19.254s
***********************************************



********************************************************************************************************************
All non-Gaussian ED ground state calculations have been completed. Exit now.
