TACC:  Starting up job 4382656 
TACC:  Starting parallel tasks... 
SNEDics v3.4 Non-Gaussian ED ground state program		Start at Mon Sep 23 01:27:43 2019

parallized on 32 MPI threads  * 6 OpenMP threads = 192 total threads.
********************************************************************************************************************
********************************************************************************************************************

********************************************************************************************************************
System parameters and configurations
********************************************************************************************************************
Special program options are enabled: splitted diagonal Hamiltonian
********************************************************************************************************************
Read input file "model_params.in"
	Hubbard-Holstein model parameters : 	t = 1    U = 2    g = 2.2361    W = 5    
********************************************************************************************************************
Read input file "hilbertspace_params.in"
	Requested 16-site 2D lattice, with 16 electrons (8, 8)
	Boundary : Periodic		Hilbert space representation : momentum-space (restricted to kIdx = 0)
	Conservation: particle number[U(1)]      spin[U(1)]     momentum
********************************************************************************************************************

Cluster Positions:				Cluster symmetry group : D4
 x ... x ... x ... x .....                       x ... x ... x ... x .....
 |           |           :                       |           |           :
 |           |           :                       |           |           :
12    13    14    15     x                       1     5     6     5     x
 |           |           :                       |           |           :
 |           |           :                       |           |           :
 8 --- 9 ---10 ---11 --- x                       2 --- 6 ---10 --- 6 --- x
 |           |           :                       |           |           :
 |           |           :                       |           |           :
 4     5     6     7     x                       1     5     6     5     x
 |           |           :                       |           |           :
 |           |           :                       |           |           :
 0 --- 1 --- 2 --- 3 --- x                       0 --- 1 --- 2 --- 1 --- x
orbital number : 1
********************************************************************************************************************
Read input file "obs_params.in"
	Observable Type : Nq(All),   Sq(All),   N(All),   Delta[s](All),   Delta[d](All),   Delta[s+](All)
********************************************************************************************************************
** WARNING ** the input observables have non-local factors which have been reinterpreted. The total observable number is 96
********************************************************************************************************************


********************************************************************************************************************
Start calculating the non-Gaussian ED ground state
** WARNING ** Detected low phonon energy W < 10. The initial state will be prepared through a warm-up process.
********************************************************************************************************************
Start warm-up calculation for scaling factor 2
open output files: NGSEDWarmUpW10Obs.txt
********************************************************************************************************************
Start the 0 rounds of NGS-ED iteration
	effective electronic model is modified as: kinetic energy t = 1
	                                           effective interaction Vq = [0,0,0,0,0,0,0,0,0,0,0,0,0,0,0,0]
	first Hamiltonian is constructed, non-zero numbers = 2845383612
	PARPACK diagonalization completed after 120 matrix-vector product operations.
	iteration results: : total energy is -18.017572 | electron energy -18.017572 + phonon energy 0.000000 | electron momentum kIdx = 0
	Nq(0) = 16,	Nq(1) = 0.245211,	Nq(2) = 0.311045,	Nq(3) = 0.245211,	Nq(4) = 0.245211,	Nq(5) = 0.311045,	Nq(6) = 0.446617,	Nq(7) = 0.311045,	Nq(8) = 0.311045,	Nq(9) = 0.446617,	Nq(10) = 0.513491,	Nq(11) = 0.446617,	Nq(12) = 0.245211,	Nq(13) = 0.311045,	Nq(14) = 0.446617,	Nq(15) = 0.311045,	Sq(0) = -1.09556e-17,	Sq(1) = 0.413058,	Sq(2) = 0.598296,	Sq(3) = 0.413058,	Sq(4) = 0.413058,	Sq(5) = 0.598296,	Sq(6) = 0.72336,	Sq(7) = 0.598296,	Sq(8) = 0.598296,	Sq(9) = 0.72336,	Sq(10) = 2.71747,	Sq(11) = 0.72336,	Sq(12) = 0.413058,	Sq(13) = 0.598296,	Sq(14) = 0.72336,	Sq(15) = 0.598296,	N(0) = 1.98178,	N(1) = 1.9569,	N(2) = 1,	N(3) = 1.9569,	N(4) = 1.9569,	N(5) = 1,	N(6) = 0.0430982,	N(7) = 1,	N(8) = 1,	N(9) = 0.0430982,	N(10) = 0.0182227,	N(11) = 0.0430982,	N(12) = 1.9569,	N(13) = 1,	N(14) = 0.0430982,	N(15) = 1,	Delta[s](0) = 0.246752,	Delta[s](1) = 0.216706,	Delta[s](2) = 0.156133,	Delta[s](3) = 0.216706,	Delta[s](4) = 0.216706,	Delta[s](5) = 0.156133,	Delta[s](6) = 0.126523,	Delta[s](7) = 0.156133,	Delta[s](8) = 0.156133,	Delta[s](9) = 0.126523,	Delta[s](10) = 0.0170692,	Delta[s](11) = 0.126523,	Delta[s](12) = 0.216706,	Delta[s](13) = 0.156133,	Delta[s](14) = 0.126523,	Delta[s](15) = 0.156133,	Delta[d](0) = 0.565906,	Delta[d](1) = 0.327773,	Delta[d](2) = 0.276479,	Delta[d](3) = 0.327773,	Delta[d](4) = 0.327773,	Delta[d](5) = 0.318833,	Delta[d](6) = 0.227,	Delta[d](7) = 0.318833,	Delta[d](8) = 0.276479,	Delta[d](9) = 0.227,	Delta[d](10) = 0.0747874,	Delta[d](11) = 0.227,	Delta[d](12) = 0.327773,	Delta[d](13) = 0.318833,	Delta[d](14) = 0.227,	Delta[d](15) = 0.318833,	Delta[s+](0) = 0.54964,	Delta[s+](1) = 0.441755,	Delta[s+](2) = 0.276479,	Delta[s+](3) = 0.441755,	Delta[s+](4) = 0.441755,	Delta[s+](5) = 0.276479,	Delta[s+](6) = 0.118716,	Delta[s+](7) = 0.276479,	Delta[s+](8) = 0.276479,	Delta[s+](9) = 0.118716,	Delta[s+](10) = 0.0130339,	Delta[s+](11) = 0.118716,	Delta[s+](12) = 0.441755,	Delta[s+](13) = 0.276479,	Delta[s+](14) = 0.118716,	Delta[s+](15) = 0.276479
The 0-th iteration is completed.	|| time cost : 0h 5m 51.405s
********************************************************************************************************************
Start the 1 rounds of NGS-ED iteration
	effective electronic model is modified as: kinetic energy t = 0.97265
	                                           effective interaction Vq = [-0.864689,-0.808348,-0.776408,-0.808348,-0.808348,-0.776408,-0.772794,-0.776408,-0.776408,-0.772794,-0.758674,-0.772794,-0.808348,-0.776408,-0.772794,-0.776408]
	PARPACK diagonalization completed after 45 matrix-vector product operations.
	iteration results: : total energy is -35.713739 | electron energy -35.714644 + phonon energy 0.000905 | electron momentum kIdx = 0
The 1-th iteration is completed.	|| time cost : 0h 3m 36.27s
********************************************************************************************************************
Start the 2 rounds of NGS-ED iteration
	effective electronic model is modified as: kinetic energy t = 0.955317
	                                           effective interaction Vq = [-0.981712,-0.936901,-0.891805,-0.936901,-0.936901,-0.891805,-0.896735,-0.891805,-0.891805,-0.896735,-0.871452,-0.896735,-0.936901,-0.891805,-0.896735,-0.891805]
	PARPACK diagonalization completed after 45 matrix-vector product operations.
	iteration results: : total energy is -37.961649 | electron energy -37.967222 + phonon energy 0.005573 | electron momentum kIdx = 0
The 2-th iteration is completed.	|| time cost : 0h 0m 24.2s
********************************************************************************************************************
Start the 3 rounds of NGS-ED iteration
	effective electronic model is modified as: kinetic energy t = 0.949545
	                                           effective interaction Vq = [ -0.99755,-0.964139,-0.916396,-0.964139,-0.964139,-0.916396,-0.924808,-0.916396,-0.916396,-0.924808,-0.895482,-0.924808,-0.964139,-0.916396,-0.924808,-0.916396]
	PARPACK diagonalization completed after 30 matrix-vector product operations.
	iteration results: : total energy is -38.250145 | electron energy -38.259302 + phonon energy 0.009157 | electron momentum kIdx = 0
The 3-th iteration is completed.	|| time cost : 0h 0m 21.175s
********************************************************************************************************************
Start the 4 rounds of NGS-ED iteration
	effective electronic model is modified as: kinetic energy t = 0.947796
	                                           effective interaction Vq = [-0.999693,-0.971359,-0.922645,-0.971359,-0.971359,-0.922645,-0.932376,-0.922645,-0.922645,-0.932376,-0.901486,-0.932376,-0.971359,-0.922645,-0.932376,-0.922645]
	PARPACK diagonalization completed after 30 matrix-vector product operations.
	iteration results: : total energy is -38.287686 | electron energy -38.298323 + phonon energy 0.010638 | electron momentum kIdx = 0
The 4-th iteration is completed.	|| time cost : 0h 0m 20.503s
********************************************************************************************************************
Start the 5 rounds of NGS-ED iteration
	effective electronic model is modified as: kinetic energy t = 0.947276
	                                           effective interaction Vq = [-0.999983,-0.973516,-0.924337,-0.973516,-0.973516,-0.924337,-0.934564,-0.924337,-0.924337,-0.934564,-0.903071,-0.934564,-0.973516,-0.924337,-0.934564,-0.924337]
	PARPACK diagonalization completed after 30 matrix-vector product operations.
	iteration results: : total energy is -38.292628 | electron energy -38.303760 + phonon energy 0.011132 | electron momentum kIdx = 0
The 5-th iteration is completed.	|| time cost : 0h 0m 20.485s
********************************************************************************************************************
Start the 6 rounds of NGS-ED iteration
	effective electronic model is modified as: kinetic energy t = 0.947122
	                                           effective interaction Vq = [ -1.00002,-0.974192,-0.924805,-0.974192,-0.974192,-0.924805,-0.935211,-0.924805,-0.924805,-0.935211,-0.903497,-0.935211,-0.974192,-0.924805,-0.935211,-0.924805]
	PARPACK diagonalization completed after 30 matrix-vector product operations.
	iteration results: : total energy is -38.293284 | electron energy -38.304569 + phonon energy 0.011285 | electron momentum kIdx = 0
The 6-th iteration is completed.	|| time cost : 0h 0m 20.539s
********************************************************************************************************************
Start the 7 rounds of NGS-ED iteration
	effective electronic model is modified as: kinetic energy t = 0.947076
	                                           effective interaction Vq = [ -1.00003,-0.974406,-0.924935,-0.974406,-0.974406,-0.924935,-0.935404,-0.924935,-0.924935,-0.935404,-0.903613,-0.935404,-0.974406,-0.924935,-0.935404,-0.924935]
	PARPACK diagonalization completed after 30 matrix-vector product operations.
	iteration results: : total energy is -38.293372 | electron energy -38.304703 + phonon energy 0.011331 | electron momentum kIdx = 0
	Nq(0) = 16,	Nq(1) = 0.369829,	Nq(2) = 0.37095,	Nq(3) = 0.369829,	Nq(4) = 0.369829,	Nq(5) = 0.37095,	Nq(6) = 0.611245,	Nq(7) = 0.37095,	Nq(8) = 0.37095,	Nq(9) = 0.611245,	Nq(10) = 0.614623,	Nq(11) = 0.611245,	Nq(12) = 0.369829,	Nq(13) = 0.37095,	Nq(14) = 0.611245,	Nq(15) = 0.37095,	Sq(0) = -1.01365e-18,	Sq(1) = 0.377922,	Sq(2) = 0.546568,	Sq(3) = 0.377922,	Sq(4) = 0.377922,	Sq(5) = 0.546568,	Sq(6) = 0.631534,	Sq(7) = 0.546568,	Sq(8) = 0.546568,	Sq(9) = 0.631534,	Sq(10) = 1.91815,	Sq(11) = 0.631534,	Sq(12) = 0.377922,	Sq(13) = 0.546568,	Sq(14) = 0.631534,	Sq(15) = 0.546568,	N(0) = 1.99989,	N(1) = 1.99983,	N(2) = 1,	N(3) = 1.99983,	N(4) = 1.99983,	N(5) = 1,	N(6) = 0.000172084,	N(7) = 1,	N(8) = 1,	N(9) = 0.000172084,	N(10) = 0.000110571,	N(11) = 0.000172084,	N(12) = 1.99983,	N(13) = 1,	N(14) = 0.000172084,	N(15) = 1,	Delta[s](0) = 0.290739,	Delta[s](1) = 0.287104,	Delta[s](2) = 0.191307,	Delta[s](3) = 0.287104,	Delta[s](4) = 0.287104,	Delta[s](5) = 0.191307,	Delta[s](6) = 0.188188,	Delta[s](7) = 0.191307,	Delta[s](8) = 0.191307,	Delta[s](9) = 0.188188,	Delta[s](10) = 0.0425623,	Delta[s](11) = 0.188188,	Delta[s](12) = 0.287104,	Delta[s](13) = 0.191307,	Delta[s](14) = 0.188188,	Delta[s](15) = 0.191307,	Delta[d](0) = 0.568103,	Delta[d](1) = 0.29211,	Delta[d](2) = 0.258442,	Delta[d](3) = 0.29211,	Delta[d](4) = 0.29211,	Delta[d](5) = 0.321278,	Delta[d](6) = 0.226893,	Delta[d](7) = 0.321278,	Delta[d](8) = 0.258442,	Delta[d](9) = 0.226893,	Delta[d](10) = 0.0758499,	Delta[d](11) = 0.226893,	Delta[d](12) = 0.29211,	Delta[d](13) = 0.321278,	Delta[d](14) = 0.226893,	Delta[d](15) = 0.321278,	Delta[s+](0) = 0.503097,	Delta[s+](1) = 0.409693,	Delta[s+](2) = 0.258442,	Delta[s+](3) = 0.409693,	Delta[s+](4) = 0.409693,	Delta[s+](5) = 0.258442,	Delta[s+](6) = 0.107,	Delta[s+](7) = 0.258442,	Delta[s+](8) = 0.258442,	Delta[s+](9) = 0.107,	Delta[s+](10) = 0.0122095,	Delta[s+](11) = 0.107,	Delta[s+](12) = 0.409693,	Delta[s+](13) = 0.258442,	Delta[s+](14) = 0.107,	Delta[s+](15) = 0.258442
The 7-th iteration is completed.	|| time cost : 0h 3m 44.444s
********************************************************************************************************************
********************************************************************************************************************
Ground state is obtained after 8 iterations. The current ground-state energy is -38.2934, in which electron energy is -38.3047 and phonon energy is 0.0113305
final variational state is: 
	Gamma_x = [      1,1.00997,1.01486,1.00997,1.00997,1.01486,1.02343,1.01486,1.01486,1.02343,1.02666,1.02343,1.00997,1.01486,1.02343,1.01486]
	lambda_q = [0.316126,0.265682,0.229597,0.265682,0.265682,0.229597,0.235879,0.229597,0.229597,0.235879,0.218057,0.235879,0.265682,0.229597,0.235879,0.229597]
********************************************************************************************************************
o___o  ----------------------------------------
| L |	Time since last clock: 0h 0m 0s
A===A	Time since the beginning: 0h 14m 59.025s
***********************************************


********************************************************************************************************************
Warm up runs have been completed. Start calculating W = 5 phonon.
open output files: NGSEDIterationObs.txt
********************************************************************************************************************
Start the 0 rounds of NGS-ED iteration
	effective electronic model is modified as: kinetic energy t = 0.947062
	                                           effective interaction Vq = [-0.914101,-0.835248,-0.763229,-0.835248,-0.835248,-0.763229,-0.776704,-0.763229,-0.763229,-0.776704, -0.73745,-0.776704,-0.835248,-0.763229,-0.776704,-0.763229]
	PARPACK diagonalization completed after 45 matrix-vector product operations.
	iteration results: : total energy is -35.891342 | electron energy -35.897014 + phonon energy 0.005672 | electron momentum kIdx = 0
	Nq(0) = 16,	Nq(1) = 0.346038,	Nq(2) = 0.361662,	Nq(3) = 0.346038,	Nq(4) = 0.346038,	Nq(5) = 0.361662,	Nq(6) = 0.577353,	Nq(7) = 0.361662,	Nq(8) = 0.361662,	Nq(9) = 0.577353,	Nq(10) = 0.598181,	Nq(11) = 0.577353,	Nq(12) = 0.346038,	Nq(13) = 0.361662,	Nq(14) = 0.577353,	Nq(15) = 0.361662,	Sq(0) = 6.48727e-18,	Sq(1) = 0.385912,	Sq(2) = 0.558452,	Sq(3) = 0.385912,	Sq(4) = 0.385912,	Sq(5) = 0.558452,	Sq(6) = 0.649079,	Sq(7) = 0.558452,	Sq(8) = 0.558452,	Sq(9) = 0.649079,	Sq(10) = 2.0476,	Sq(11) = 0.649079,	Sq(12) = 0.385912,	Sq(13) = 0.558452,	Sq(14) = 0.649079,	Sq(15) = 0.558452,	N(0) = 1.99887,	N(1) = 1.99769,	N(2) = 1,	N(3) = 1.99769,	N(4) = 1.99769,	N(5) = 1,	N(6) = 0.00230877,	N(7) = 1,	N(8) = 1,	N(9) = 0.00230877,	N(10) = 0.00112608,	N(11) = 0.00230877,	N(12) = 1.99769,	N(13) = 1,	N(14) = 0.00230877,	N(15) = 1,	Delta[s](0) = 0.280457,	Delta[s](1) = 0.269768,	Delta[s](2) = 0.186332,	Delta[s](3) = 0.269768,	Delta[s](4) = 0.269768,	Delta[s](5) = 0.186332,	Delta[s](6) = 0.176979,	Delta[s](7) = 0.186332,	Delta[s](8) = 0.186332,	Delta[s](9) = 0.176979,	Delta[s](10) = 0.0454185,	Delta[s](11) = 0.176979,	Delta[s](12) = 0.269768,	Delta[s](13) = 0.186332,	Delta[s](14) = 0.176979,	Delta[s](15) = 0.186332,	Delta[d](0) = 0.571261,	Delta[d](1) = 0.302821,	Delta[d](2) = 0.265666,	Delta[d](3) = 0.302821,	Delta[d](4) = 0.302821,	Delta[d](5) = 0.324582,	Delta[d](6) = 0.230962,	Delta[d](7) = 0.324582,	Delta[d](8) = 0.265666,	Delta[d](9) = 0.230962,	Delta[d](10) = 0.079793,	Delta[d](11) = 0.230962,	Delta[d](12) = 0.302821,	Delta[d](13) = 0.324582,	Delta[d](14) = 0.230962,	Delta[d](15) = 0.324582,	Delta[s+](0) = 0.51737,	Delta[s+](1) = 0.420657,	Delta[s+](2) = 0.265666,	Delta[s+](3) = 0.420657,	Delta[s+](4) = 0.420657,	Delta[s+](5) = 0.265666,	Delta[s+](6) = 0.112075,	Delta[s+](7) = 0.265666,	Delta[s+](8) = 0.265666,	Delta[s+](9) = 0.112075,	Delta[s+](10) = 0.0141915,	Delta[s+](11) = 0.112075,	Delta[s+](12) = 0.420657,	Delta[s+](13) = 0.265666,	Delta[s+](14) = 0.112075,	Delta[s+](15) = 0.265666
The 0-th iteration is completed.	|| time cost : 0h 3m 50.8s
********************************************************************************************************************
Start the 1 rounds of NGS-ED iteration
	effective electronic model is modified as: kinetic energy t = 0.940644
	                                           effective interaction Vq = [-0.968418,-0.880798,-0.793112,-0.880798,-0.880798,-0.793112,-0.807489,-0.793112,-0.793112,-0.807489,-0.760312,-0.807489,-0.880798,-0.793112,-0.807489,-0.793112]
	PARPACK diagonalization completed after 45 matrix-vector product operations.
	iteration results: : total energy is -36.809428 | electron energy -36.826169 + phonon energy 0.016741 | electron momentum kIdx = 0
The 1-th iteration is completed.	|| time cost : 0h 0m 24.271s
********************************************************************************************************************
Start the 2 rounds of NGS-ED iteration
	effective electronic model is modified as: kinetic energy t = 0.93723
	                                           effective interaction Vq = [  -0.9884,-0.902384,-0.806788,-0.902384,-0.902384,-0.806788,-0.822781,-0.806788,-0.806788,-0.822781, -0.77144,-0.822781,-0.902384,-0.806788,-0.822781,-0.806788]
	PARPACK diagonalization completed after 45 matrix-vector product operations.
	iteration results: : total energy is -37.142501 | electron energy -37.167029 + phonon energy 0.024527 | electron momentum kIdx = 0
The 2-th iteration is completed.	|| time cost : 0h 0m 24.244s
********************************************************************************************************************
Start the 3 rounds of NGS-ED iteration
	effective electronic model is modified as: kinetic energy t = 0.935448
	                                           effective interaction Vq = [-0.995751,-0.913139,-0.813225,-0.913139,-0.913139,-0.813225,-0.830515,-0.813225,-0.813225,-0.830515,-0.776872,-0.830515,-0.913139,-0.813225,-0.830515,-0.813225]
	PARPACK diagonalization completed after 45 matrix-vector product operations.
	iteration results: : total energy is -37.263771 | electron energy -37.292832 + phonon energy 0.029061 | electron momentum kIdx = 0
The 3-th iteration is completed.	|| time cost : 0h 0m 24.492s
********************************************************************************************************************
Start the 4 rounds of NGS-ED iteration
	effective electronic model is modified as: kinetic energy t = 0.934526
	                                           effective interaction Vq = [-0.998455,-0.918671,-0.816303,-0.918671,-0.918671,-0.816303, -0.83447,-0.816303,-0.816303, -0.83447,-0.779529, -0.83447,-0.918671,-0.816303, -0.83447,-0.816303]
	PARPACK diagonalization completed after 45 matrix-vector product operations.
	iteration results: : total energy is -37.308042 | electron energy -37.339572 + phonon energy 0.031530 | electron momentum kIdx = 0
The 4-th iteration is completed.	|| time cost : 0h 0m 28.649s
********************************************************************************************************************
Start the 5 rounds of NGS-ED iteration
	effective electronic model is modified as: kinetic energy t = 0.93405
	                                           effective interaction Vq = [ -0.99945, -0.92157, -0.81779, -0.92157, -0.92157, -0.81779,-0.836504, -0.81779, -0.81779,-0.836504,-0.780831,-0.836504, -0.92157, -0.81779,-0.836504, -0.81779]
	PARPACK diagonalization completed after 30 matrix-vector product operations.
	iteration results: : total energy is -37.324236 | electron energy -37.357071 + phonon energy 0.032835 | electron momentum kIdx = 0
The 5-th iteration is completed.	|| time cost : 0h 0m 20.598s
********************************************************************************************************************
Start the 6 rounds of NGS-ED iteration
	effective electronic model is modified as: kinetic energy t = 0.933804
	                                           effective interaction Vq = [-0.999816,-0.923106,-0.818511,-0.923106,-0.923106,-0.818511,-0.837554,-0.818511,-0.818511,-0.837554,-0.781471,-0.837554,-0.923106,-0.818511,-0.837554,-0.818511]
	PARPACK diagonalization completed after 30 matrix-vector product operations.
	iteration results: : total energy is -37.330168 | electron energy -37.363683 + phonon energy 0.033515 | electron momentum kIdx = 0
The 6-th iteration is completed.	|| time cost : 0h 0m 20.523s
********************************************************************************************************************
Start the 7 rounds of NGS-ED iteration
	effective electronic model is modified as: kinetic energy t = 0.933677
	                                           effective interaction Vq = [ -0.99995,-0.923924,-0.818863,-0.923924,-0.923924,-0.818863,-0.838097,-0.818863,-0.818863,-0.838097,-0.781785,-0.838097,-0.923924,-0.818863,-0.838097,-0.818863]
	PARPACK diagonalization completed after 30 matrix-vector product operations.
	iteration results: : total energy is -37.332343 | electron energy -37.366211 + phonon energy 0.033867 | electron momentum kIdx = 0
The 7-th iteration is completed.	|| time cost : 0h 0m 20.544s
********************************************************************************************************************
Start the 8 rounds of NGS-ED iteration
	effective electronic model is modified as: kinetic energy t = 0.933611
	                                           effective interaction Vq = [       -1,-0.924361,-0.819036,-0.924361,-0.924361,-0.819036,-0.838379,-0.819036,-0.819036,-0.838379, -0.78194,-0.838379,-0.924361,-0.819036,-0.838379,-0.819036]
	PARPACK diagonalization completed after 30 matrix-vector product operations.
	iteration results: : total energy is -37.333142 | electron energy -37.367191 + phonon energy 0.034049 | electron momentum kIdx = 0
The 8-th iteration is completed.	|| time cost : 0h 0m 20.55s
********************************************************************************************************************
Start the 9 rounds of NGS-ED iteration
	effective electronic model is modified as: kinetic energy t = 0.933577
	                                           effective interaction Vq = [ -1.00002,-0.924595, -0.81912,-0.924595,-0.924595, -0.81912,-0.838525, -0.81912, -0.81912,-0.838525,-0.782017,-0.838525,-0.924595, -0.81912,-0.838525, -0.81912]
	PARPACK diagonalization completed after 30 matrix-vector product operations.
	iteration results: : total energy is -37.333435 | electron energy -37.367578 + phonon energy 0.034143 | electron momentum kIdx = 0
The 9-th iteration is completed.	|| time cost : 0h 0m 20.552s
********************************************************************************************************************
Start the 10 rounds of NGS-ED iteration
	effective electronic model is modified as: kinetic energy t = 0.933559
	                                           effective interaction Vq = [ -1.00002, -0.92472,-0.819162, -0.92472, -0.92472,-0.819162,-0.838601,-0.819162,-0.819162,-0.838601,-0.782055,-0.838601, -0.92472,-0.819162,-0.838601,-0.819162]
	PARPACK diagonalization completed after 30 matrix-vector product operations.
	iteration results: : total energy is -37.333543 | electron energy -37.367734 + phonon energy 0.034192 | electron momentum kIdx = 0
	Nq(0) = 16,	Nq(1) = 0.359905,	Nq(2) = 0.364938,	Nq(3) = 0.359905,	Nq(4) = 0.359905,	Nq(5) = 0.364938,	Nq(6) = 0.59066,	Nq(7) = 0.364938,	Nq(8) = 0.364938,	Nq(9) = 0.59066,	Nq(10) = 0.601958,	Nq(11) = 0.59066,	Nq(12) = 0.359905,	Nq(13) = 0.364938,	Nq(14) = 0.59066,	Nq(15) = 0.364938,	Sq(0) = 3.02959e-18,	Sq(1) = 0.382396,	Sq(2) = 0.553732,	Sq(3) = 0.382396,	Sq(4) = 0.382396,	Sq(5) = 0.553732,	Sq(6) = 0.641557,	Sq(7) = 0.553732,	Sq(8) = 0.553732,	Sq(9) = 0.641557,	Sq(10) = 1.98795,	Sq(11) = 0.641557,	Sq(12) = 0.382396,	Sq(13) = 0.553732,	Sq(14) = 0.641557,	Sq(15) = 0.553732,	N(0) = 1.99934,	N(1) = 1.99891,	N(2) = 1,	N(3) = 1.99891,	N(4) = 1.99891,	N(5) = 1,	N(6) = 0.00109009,	N(7) = 1,	N(8) = 1,	N(9) = 0.00109009,	N(10) = 0.000659934,	N(11) = 0.00109009,	N(12) = 1.99891,	N(13) = 1,	N(14) = 0.00109009,	N(15) = 1,	Delta[s](0) = 0.281777,	Delta[s](1) = 0.273859,	Delta[s](2) = 0.189543,	Delta[s](3) = 0.273859,	Delta[s](4) = 0.273859,	Delta[s](5) = 0.189543,	Delta[s](6) = 0.182641,	Delta[s](7) = 0.189543,	Delta[s](8) = 0.189543,	Delta[s](9) = 0.182641,	Delta[s](10) = 0.0518891,	Delta[s](11) = 0.182641,	Delta[s](12) = 0.273859,	Delta[s](13) = 0.189543,	Delta[s](14) = 0.182641,	Delta[s](15) = 0.189543,	Delta[d](0) = 0.579216,	Delta[d](1) = 0.306754,	Delta[d](2) = 0.269956,	Delta[d](3) = 0.306754,	Delta[d](4) = 0.306754,	Delta[d](5) = 0.330383,	Delta[d](6) = 0.235922,	Delta[d](7) = 0.330383,	Delta[d](8) = 0.269956,	Delta[d](9) = 0.235922,	Delta[d](10) = 0.0845044,	Delta[d](11) = 0.235922,	Delta[d](12) = 0.306754,	Delta[d](13) = 0.330383,	Delta[d](14) = 0.235922,	Delta[d](15) = 0.330383,	Delta[s+](0) = 0.522952,	Delta[s+](1) = 0.425547,	Delta[s+](2) = 0.269956,	Delta[s+](3) = 0.425547,	Delta[s+](4) = 0.425547,	Delta[s+](5) = 0.269956,	Delta[s+](6) = 0.114807,	Delta[s+](7) = 0.269956,	Delta[s+](8) = 0.269956,	Delta[s+](9) = 0.114807,	Delta[s+](10) = 0.0162248,	Delta[s+](11) = 0.114807,	Delta[s+](12) = 0.425547,	Delta[s+](13) = 0.269956,	Delta[s+](14) = 0.114807,	Delta[s+](15) = 0.269956
The 10-th iteration is completed.	|| time cost : 0h 4m 11.079s
********************************************************************************************************************
Start the 11 rounds of NGS-ED iteration
	effective electronic model is modified as: kinetic energy t = 0.93355
	                                           effective interaction Vq = [ -1.00003,-0.924787,-0.819183,-0.924787,-0.924787,-0.819183, -0.83864,-0.819183,-0.819183, -0.83864,-0.782074, -0.83864,-0.924787,-0.819183, -0.83864,-0.819183]
	PARPACK diagonalization completed after 30 matrix-vector product operations.
	iteration results: : total energy is -37.333582 | electron energy -37.367799 + phonon energy 0.034217 | electron momentum kIdx = 0
The 11-th iteration is completed.	|| time cost : 0h 0m 24.599s
********************************************************************************************************************
Start the 12 rounds of NGS-ED iteration
	effective electronic model is modified as: kinetic energy t = 0.933545
	                                           effective interaction Vq = [ -1.00003,-0.924823,-0.819193,-0.924823,-0.924823,-0.819193,-0.838661,-0.819193,-0.819193,-0.838661,-0.782083,-0.838661,-0.924823,-0.819193,-0.838661,-0.819193]
	PARPACK diagonalization completed after 30 matrix-vector product operations.
	iteration results: : total energy is -37.333597 | electron energy -37.367826 + phonon energy 0.034230 | electron momentum kIdx = 0
The 12-th iteration is completed.	|| time cost : 0h 0m 23.965s
********************************************************************************************************************
Start the 13 rounds of NGS-ED iteration
	effective electronic model is modified as: kinetic energy t = 0.933542
	                                           effective interaction Vq = [ -1.00003,-0.924842,-0.819198,-0.924842,-0.924842,-0.819198,-0.838671,-0.819198,-0.819198,-0.838671,-0.782088,-0.838671,-0.924842,-0.819198,-0.838671,-0.819198]
	PARPACK diagonalization completed after 30 matrix-vector product operations.
	iteration results: : total energy is -37.333602 | electron energy -37.367838 + phonon energy 0.034236 | electron momentum kIdx = 0
The 13-th iteration is completed.	|| time cost : 0h 0m 23.633s
********************************************************************************************************************
Start the 14 rounds of NGS-ED iteration
	effective electronic model is modified as: kinetic energy t = 0.933541
	                                           effective interaction Vq = [ -1.00003,-0.924853,  -0.8192,-0.924853,-0.924853,  -0.8192,-0.838677,  -0.8192,  -0.8192,-0.838677, -0.78209,-0.838677,-0.924853,  -0.8192,-0.838677,  -0.8192]
	PARPACK diagonalization completed after 30 matrix-vector product operations.
	iteration results: : total energy is -37.333604 | electron energy -37.367844 + phonon energy 0.034240 | electron momentum kIdx = 0
The 14-th iteration is completed.	|| time cost : 0h 0m 23.66s
********************************************************************************************************************
Start the 15 rounds of NGS-ED iteration
	effective electronic model is modified as: kinetic energy t = 0.93354
	                                           effective interaction Vq = [ -1.00003,-0.924858,-0.819202,-0.924858,-0.924858,-0.819202, -0.83868,-0.819202,-0.819202, -0.83868,-0.782092, -0.83868,-0.924858,-0.819202, -0.83868,-0.819202]
	PARPACK diagonalization completed after 30 matrix-vector product operations.
	iteration results: : total energy is -37.333605 | electron energy -37.367846 + phonon energy 0.034242 | electron momentum kIdx = 0
The 15-th iteration is completed.	|| time cost : 0h 0m 23.679s
********************************************************************************************************************
Start the 16 rounds of NGS-ED iteration
	effective electronic model is modified as: kinetic energy t = 0.93354
	                                           effective interaction Vq = [ -1.00003,-0.924861,-0.819202,-0.924861,-0.924861,-0.819202,-0.838681,-0.819202,-0.819202,-0.838681,-0.782092,-0.838681,-0.924861,-0.819202,-0.838681,-0.819202]
	PARPACK diagonalization completed after 30 matrix-vector product operations.
	iteration results: : total energy is -37.333605 | electron energy -37.367848 + phonon energy 0.034242 | electron momentum kIdx = 0
The 16-th iteration is completed.	|| time cost : 0h 0m 23.699s
********************************************************************************************************************
Start the 17 rounds of NGS-ED iteration
	effective electronic model is modified as: kinetic energy t = 0.93354
	                                           effective interaction Vq = [ -1.00003,-0.924863,-0.819203,-0.924863,-0.924863,-0.819203,-0.838682,-0.819203,-0.819203,-0.838682,-0.782093,-0.838682,-0.924863,-0.819203,-0.838682,-0.819203]
	PARPACK diagonalization completed after 30 matrix-vector product operations.
	iteration results: : total energy is -37.333605 | electron energy -37.367848 + phonon energy 0.034243 | electron momentum kIdx = 0
The 17-th iteration is completed.	|| time cost : 0h 0m 23.62s
********************************************************************************************************************
Start the 18 rounds of NGS-ED iteration
	effective electronic model is modified as: kinetic energy t = 0.93354
	                                           effective interaction Vq = [ -1.00003,-0.924864,-0.819203,-0.924864,-0.924864,-0.819203,-0.838682,-0.819203,-0.819203,-0.838682,-0.782093,-0.838682,-0.924864,-0.819203,-0.838682,-0.819203]
	PARPACK diagonalization completed after 30 matrix-vector product operations.
	iteration results: : total energy is -37.333605 | electron energy -37.367848 + phonon energy 0.034243 | electron momentum kIdx = 0
The 18-th iteration is completed.	|| time cost : 0h 0m 22.355s
********************************************************************************************************************
Start the 19 rounds of NGS-ED iteration
	effective electronic model is modified as: kinetic energy t = 0.93354
	                                           effective interaction Vq = [ -1.00003,-0.924864,-0.819203,-0.924864,-0.924864,-0.819203,-0.838682,-0.819203,-0.819203,-0.838682,-0.782093,-0.838682,-0.924864,-0.819203,-0.838682,-0.819203]
	PARPACK diagonalization completed after 30 matrix-vector product operations.
	iteration results: : total energy is -37.333605 | electron energy -37.367849 + phonon energy 0.034243 | electron momentum kIdx = 0
The 19-th iteration is completed.	|| time cost : 0h 0m 20.565s
********************************************************************************************************************
Start the 20 rounds of NGS-ED iteration
	effective electronic model is modified as: kinetic energy t = 0.93354
	                                           effective interaction Vq = [ -1.00003,-0.924864,-0.819203,-0.924864,-0.924864,-0.819203,-0.838683,-0.819203,-0.819203,-0.838683,-0.782093,-0.838683,-0.924864,-0.819203,-0.838683,-0.819203]
	PARPACK diagonalization completed after 30 matrix-vector product operations.
	iteration results: : total energy is -37.333605 | electron energy -37.367849 + phonon energy 0.034243 | electron momentum kIdx = 0
	Nq(0) = 16,	Nq(1) = 0.359928,	Nq(2) = 0.36494,	Nq(3) = 0.359928,	Nq(4) = 0.359928,	Nq(5) = 0.36494,	Nq(6) = 0.590679,	Nq(7) = 0.36494,	Nq(8) = 0.36494,	Nq(9) = 0.590679,	Nq(10) = 0.601961,	Nq(11) = 0.590679,	Nq(12) = 0.359928,	Nq(13) = 0.36494,	Nq(14) = 0.590679,	Nq(15) = 0.36494,	Sq(0) = -2.15255e-18,	Sq(1) = 0.382391,	Sq(2) = 0.553725,	Sq(3) = 0.382391,	Sq(4) = 0.382391,	Sq(5) = 0.553725,	Sq(6) = 0.641546,	Sq(7) = 0.553725,	Sq(8) = 0.553725,	Sq(9) = 0.641546,	Sq(10) = 1.98787,	Sq(11) = 0.641546,	Sq(12) = 0.382391,	Sq(13) = 0.553725,	Sq(14) = 0.641546,	Sq(15) = 0.553725,	N(0) = 1.99934,	N(1) = 1.99891,	N(2) = 1,	N(3) = 1.99891,	N(4) = 1.99891,	N(5) = 1,	N(6) = 0.0010888,	N(7) = 1,	N(8) = 1,	N(9) = 0.0010888,	N(10) = 0.000659549,	N(11) = 0.0010888,	N(12) = 1.99891,	N(13) = 1,	N(14) = 0.0010888,	N(15) = 1,	Delta[s](0) = 0.281778,	Delta[s](1) = 0.273864,	Delta[s](2) = 0.189548,	Delta[s](3) = 0.273864,	Delta[s](4) = 0.273864,	Delta[s](5) = 0.189548,	Delta[s](6) = 0.182648,	Delta[s](7) = 0.189548,	Delta[s](8) = 0.189548,	Delta[s](9) = 0.182648,	Delta[s](10) = 0.0518991,	Delta[s](11) = 0.182648,	Delta[s](12) = 0.273864,	Delta[s](13) = 0.189548,	Delta[s](14) = 0.182648,	Delta[s](15) = 0.189548,	Delta[d](0) = 0.579286,	Delta[d](1) = 0.306791,	Delta[d](2) = 0.26999,	Delta[d](3) = 0.306791,	Delta[d](4) = 0.306791,	Delta[d](5) = 0.330425,	Delta[d](6) = 0.235954,	Delta[d](7) = 0.330425,	Delta[d](8) = 0.26999,	Delta[d](9) = 0.235954,	Delta[d](10) = 0.0845208,	Delta[d](11) = 0.235954,	Delta[d](12) = 0.306791,	Delta[d](13) = 0.330425,	Delta[d](14) = 0.235954,	Delta[d](15) = 0.330425,	Delta[s+](0) = 0.523015,	Delta[s+](1) = 0.425598,	Delta[s+](2) = 0.26999,	Delta[s+](3) = 0.425598,	Delta[s+](4) = 0.425598,	Delta[s+](5) = 0.26999,	Delta[s+](6) = 0.114823,	Delta[s+](7) = 0.26999,	Delta[s+](8) = 0.26999,	Delta[s+](9) = 0.114823,	Delta[s+](10) = 0.0162297,	Delta[s+](11) = 0.114823,	Delta[s+](12) = 0.425598,	Delta[s+](13) = 0.26999,	Delta[s+](14) = 0.114823,	Delta[s+](15) = 0.26999
The 20-th iteration is completed.	|| time cost : 0h 3m 42.788s
********************************************************************************************************************
Start the 21 rounds of NGS-ED iteration
	effective electronic model is modified as: kinetic energy t = 0.93354
	                                           effective interaction Vq = [ -1.00003,-0.924864,-0.819203,-0.924864,-0.924864,-0.819203,-0.838683,-0.819203,-0.819203,-0.838683,-0.782093,-0.838683,-0.924864,-0.819203,-0.838683,-0.819203]
	PARPACK diagonalization completed after 30 matrix-vector product operations.
	iteration results: : total energy is -37.333605 | electron energy -37.367849 + phonon energy 0.034243 | electron momentum kIdx = 0
The 21-th iteration is completed.	|| time cost : 0h 0m 20.578s
********************************************************************************************************************
Start the 22 rounds of NGS-ED iteration
	effective electronic model is modified as: kinetic energy t = 0.93354
	                                           effective interaction Vq = [ -1.00003,-0.924864,-0.819203,-0.924864,-0.924864,-0.819203,-0.838683,-0.819203,-0.819203,-0.838683,-0.782093,-0.838683,-0.924864,-0.819203,-0.838683,-0.819203]
	PARPACK diagonalization completed after 30 matrix-vector product operations.
	iteration results: : total energy is -37.333605 | electron energy -37.367849 + phonon energy 0.034243 | electron momentum kIdx = 0
The 22-th iteration is completed.	|| time cost : 0h 0m 20.555s
********************************************************************************************************************
Start the 23 rounds of NGS-ED iteration
	effective electronic model is modified as: kinetic energy t = 0.93354
	                                           effective interaction Vq = [ -1.00003,-0.924865,-0.819203,-0.924865,-0.924865,-0.819203,-0.838683,-0.819203,-0.819203,-0.838683,-0.782093,-0.838683,-0.924865,-0.819203,-0.838683,-0.819203]
	PARPACK diagonalization completed after 30 matrix-vector product operations.
	iteration results: : total energy is -37.333605 | electron energy -37.367849 + phonon energy 0.034243 | electron momentum kIdx = 0
