SNEDics v3.22.2 Non-Gaussian ED ground state program		Start at Fri May  6 09:35:55 2022

Parallelization: 32 MPI threads  * 8 OpenMP threads = 256 total threads.
********************************************************************************************************************
********************************************************************************************************************

********************************************************************************************************************
System parameters and configurations
	special program options are enabled: splitted diagonal Hamiltonian | splitted Hamiltonian terms
********************************************************************************************************************
Read input file "model_params.in"
	Hubbard-Holstein model parameters : 	t = 1    t' = -0.3    U = 8    g = 0.25    W = 0.2    g' = 0.3    
********************************************************************************************************************
Read input file "hilbertspace_params.in"
	Requested 16-site 2D lattice, with 8 electrons (4, 4)
	Boundary : Periodic		Hilbert space representation : momentum-space (restricted to kIdx = 0)
	Conservation: particle number[U(1)]      spin[U(1)]     momentum
********************************************************************************************************************

Cluster Positions:				Cluster symmetry group : D4
 x ... x ... x ... x .....                       x ... x ... x ... x .....
 |           |           :                       |           |           :
 |           |           :                       |           |           :
12    13    14    15     x                       1     5     6     5     x
 |           |           :                       |           |           :
 |           |           :                       |           |           :
 8 --- 9 ---10 ---11 --- x                       2 --- 6 ---10 --- 6 --- x
 |           |           :                       |           |           :
 |           |           :                       |           |           :
 4     5     6     7     x                       1     5     6     5     x
 |           |           :                       |           |           :
 |           |           :                       |           |           :
 0 --- 1 --- 2 --- 3 --- x                       0 --- 1 --- 2 --- 1 --- x
orbital number : 1
********************************************************************************************************************
Read input file "obs_params.in"
	Observable Type : Nq(All),   Sq(All),   N(All-Orbital),   Delta[s](All),   Delta[d](All),   Delta[s+](All)
** WARNING ** the input observables have non-local factors which have been reinterpreted. The total observable number is 96
********************************************************************************************************************


********************************************************************************************************************
Start calculating the non-Gaussian ED ground state
Maximal iteration number is 1000; energy resolution is 1e-06. Phonon state relaxation time is 2000
W = 0.2 is relatively large. The non-Gaussian ED calculation starts directly.
open output files: NGSED_iteration_observables.txt
********************************************************************************************************************
Start the 0 rounds of NGS-ED iteration
	effective electronic model is modified as: kinetic energy t = 1, t' = -0.3
	                                           effective interaction Vq = [0,0,0,0,0,0,0,0,0,0,0,0,0,0,0,0]
	first Hamiltonian is constructed, size = 207184 and non-zero numbers = 32252562
	PARPACK diagonalization completed after 120 matrix-vector product operations.
	iteration results: : total energy is -14.600323 | electron energy -14.600323 + phonon energy 0.000000 | electron momentum kIdx = 0
	Nq(0) = 4,	Nq(1) = 0.197198,	Nq(2) = 0.25408,	Nq(3) = 0.197198,	Nq(4) = 0.197198,	Nq(5) = 0.267076,	
	Nq(6) = 0.353825,	Nq(7) = 0.267076,	Nq(8) = 0.25408,	Nq(9) = 0.353825,	Nq(10) = 0.466428,	
	Nq(11) = 0.353825,	Nq(12) = 0.197198,	Nq(13) = 0.267076,	Nq(14) = 0.353825,	Nq(15) = 0.267076;	
	Sq(0) = 8.19558e-19,	Sq(1) = 0.482052,	Sq(2) = 0.340779,	Sq(3) = 0.482052,	Sq(4) = 0.482052,	
	Sq(5) = 0.566062,	Sq(6) = 0.591821,	Sq(7) = 0.566062,	Sq(8) = 0.340779,	Sq(9) = 0.591821,	
	Sq(10) = 0.511715,	Sq(11) = 0.591821,	Sq(12) = 0.482052,	Sq(13) = 0.566062,	Sq(14) = 0.591821,	
	Sq(15) = 0.566062;	N(0) = 1.72489,	N(1) = 1.32099,	N(2) = 0.213478,	N(3) = 1.32099,	
	N(4) = 1.32099,	N(5) = 0.105651,	N(6) = 0.0323985,	N(7) = 0.105651,	N(8) = 0.213478,	
	N(9) = 0.0323985,	N(10) = 0.0120143,	N(11) = 0.0323985,	N(12) = 1.32099,	N(13) = 0.105651,	
	N(14) = 0.0323985,	N(15) = 0.105651;	Delta[s](0) = 0.0202326,	Delta[s](1) = 0.0120858,	Delta[s](2) = 0.00899465,	
	Delta[s](3) = 0.0120858,	Delta[s](4) = 0.0120858,	Delta[s](5) = 0.00658938,	Delta[s](6) = 0.00226675,	Delta[s](7) = 0.00658938,	
	Delta[s](8) = 0.00899465,	Delta[s](9) = 0.00226675,	Delta[s](10) = 0.00150305,	Delta[s](11) = 0.00226675,	Delta[s](12) = 0.0120858,	
	Delta[s](13) = 0.00658938,	Delta[s](14) = 0.00226675,	Delta[s](15) = 0.00658938;	Delta[d](0) = 0.178664,	Delta[d](1) = 0.0654887,	
	Delta[d](2) = 0.0826602,	Delta[d](3) = 0.0654887,	Delta[d](4) = 0.0654887,	Delta[d](5) = 0.0511688,	Delta[d](6) = 0.0301848,	
	Delta[d](7) = 0.0511688,	Delta[d](8) = 0.0826602,	Delta[d](9) = 0.0301848,	Delta[d](10) = 0.0137124,	Delta[d](11) = 0.0301848,	
	Delta[d](12) = 0.0654887,	Delta[d](13) = 0.0511688,	Delta[d](14) = 0.0301848,	Delta[d](15) = 0.0511688;	Delta[s+](0) = 0.332904,	
	Delta[s+](1) = 0.187524,	Delta[s+](2) = 0.0826602,	Delta[s+](3) = 0.187524,	Delta[s+](4) = 0.187524,	Delta[s+](5) = 0.06374,	
	Delta[s+](6) = 0.00665486,	Delta[s+](7) = 0.06374,	Delta[s+](8) = 0.0826602,	Delta[s+](9) = 0.00665486,	Delta[s+](10) = 0.00085438,	
	Delta[s+](11) = 0.00665486,	Delta[s+](12) = 0.187524,	Delta[s+](13) = 0.06374,	Delta[s+](14) = 0.00665486,	Delta[s+](15) = 0.06374
	
The 0-th iteration is completed.	|| time cost : 0h 0m 5.201s
********************************************************************************************************************
Start the 1 rounds of NGS-ED iteration
	effective electronic model is modified as: kinetic energy t = 0.934852, t' = -0.278152
	                                           effective interaction Vq = [  -10.5125,  -1.33634,-0.0368837,  -1.33634,  -1.33634,-0.0350682, -0.063047,-0.0350682,-0.0368837, -0.063047,  -2.23804, -0.063047,  -1.33634,-0.0350682, -0.063047,-0.0350682]
	PARPACK diagonalization completed after 45 matrix-vector product operations.
	iteration results: : total energy is -57.784862 | electron energy -58.347099 + phonon energy 0.562237 | electron momentum kIdx = 0
The 1-th iteration is completed.	|| time cost : 0h 0m 3.872s
********************************************************************************************************************
Start the 2 rounds of NGS-ED iteration
	effective electronic model is modified as: kinetic energy t = 0.895862, t' = -0.278345
	                                           effective interaction Vq = [  -10.5125,  -1.29768,-0.0329154,  -1.29768,  -1.29768,-0.0316868,-0.0553571,-0.0316868,-0.0329154,-0.0553571,  -4.12534,-0.0553571,  -1.29768,-0.0316868,-0.0553571,-0.0316868]
	PARPACK diagonalization completed after 30 matrix-vector product operations.
	iteration results: : total energy is -61.090692 | electron energy -62.178757 + phonon energy 1.088065 | electron momentum kIdx = 0
The 2-th iteration is completed.	|| time cost : 0h 0m 0.955s
********************************************************************************************************************
Start the 3 rounds of NGS-ED iteration
	effective electronic model is modified as: kinetic energy t = 0.872748, t' = -0.298109
	                                           effective interaction Vq = [  -10.5125, -0.243537,-0.0177251, -0.243537, -0.243537,-0.0182214,-0.0333948,-0.0182214,-0.0177251,-0.0333948,   -4.4905,-0.0333948, -0.243537,-0.0182214,-0.0333948,-0.0182214]
	PARPACK diagonalization completed after 30 matrix-vector product operations.
	iteration results: : total energy is -62.239034 | electron energy -63.065097 + phonon energy 0.826063 | electron momentum kIdx = 0
The 3-th iteration is completed.	|| time cost : 0h 0m 1.028s
********************************************************************************************************************
Start the 4 rounds of NGS-ED iteration
	effective electronic model is modified as: kinetic energy t = 0.861285, t' = -0.298731
	                                           effective interaction Vq = [  -10.5125, -0.195373,-0.0152129, -0.195373, -0.195373,-0.0156731,-0.0291534,-0.0156731,-0.0152129,-0.0291534,  -4.49671,-0.0291534, -0.195373,-0.0156731,-0.0291534,-0.0156731]
	PARPACK diagonalization completed after 30 matrix-vector product operations.
	iteration results: : total energy is -62.249076 | electron energy -63.003370 + phonon energy 0.754295 | electron momentum kIdx = 0
The 4-th iteration is completed.	|| time cost : 0h 0m 1.038s
********************************************************************************************************************
Start the 5 rounds of NGS-ED iteration
	effective electronic model is modified as: kinetic energy t = 0.859978, t' = -0.298778
	                                           effective interaction Vq = [  -10.5125,  -0.19147,-0.0149733,  -0.19147,  -0.19147,-0.0154202,-0.0287288,-0.0154202,-0.0149733,-0.0287288,  -4.49721,-0.0287288,  -0.19147,-0.0154202,-0.0287288,-0.0154202]
	PARPACK diagonalization completed after 30 matrix-vector product operations.
	iteration results: : total energy is -62.249182 | electron energy -62.995928 + phonon energy 0.746747 | electron momentum kIdx = 0
The 5-th iteration is completed.	|| time cost : 0h 0m 1.036s
********************************************************************************************************************
Start the 6 rounds of NGS-ED iteration
	effective electronic model is modified as: kinetic energy t = 0.859837, t' = -0.298782
	                                           effective interaction Vq = [  -10.5125, -0.191061,-0.0149478, -0.191061, -0.191061,-0.0153932,-0.0286834,-0.0153932,-0.0149478,-0.0286834,  -4.49727,-0.0286834, -0.191061,-0.0153932,-0.0286834,-0.0153932]
	PARPACK diagonalization completed after 30 matrix-vector product operations.
	iteration results: : total energy is -62.249183 | electron energy -62.995118 + phonon energy 0.745935 | electron momentum kIdx = 0
The 6-th iteration is completed.	|| time cost : 0h 0m 1.035s
********************************************************************************************************************
Start the 7 rounds of NGS-ED iteration
	effective electronic model is modified as: kinetic energy t = 0.859821, t' = -0.298783
	                                           effective interaction Vq = [  -10.5125, -0.191017, -0.014945, -0.191017, -0.191017,-0.0153903,-0.0286785,-0.0153903, -0.014945,-0.0286785,  -4.49727,-0.0286785, -0.191017,-0.0153903,-0.0286785,-0.0153903]
	PARPACK diagonalization completed after 120 matrix-vector product operations.
	iteration results: : total energy is -62.294637 | electron energy -63.040485 + phonon energy 0.745848 | electron momentum kIdx = 0
The 7-th iteration is completed.	|| time cost : 0h 0m 1.405s
********************************************************************************************************************
Start the 8 rounds of NGS-ED iteration
	effective electronic model is modified as: kinetic energy t = 0.861931, t' = -0.298768
	                                           effective interaction Vq = [  -10.5125, -0.192005,-0.0150927, -0.192005, -0.192005,-0.0155999,-0.0289465,-0.0155999,-0.0150927,-0.0289465,  -4.49664,-0.0289465, -0.192005,-0.0155999,-0.0289465,-0.0155999]
	PARPACK diagonalization completed after 30 matrix-vector product operations.
	iteration results: : total energy is -62.294874 | electron energy -63.052858 + phonon energy 0.757985 | electron momentum kIdx = 0
The 8-th iteration is completed.	|| time cost : 0h 0m 1.024s
********************************************************************************************************************
Start the 9 rounds of NGS-ED iteration
	effective electronic model is modified as: kinetic energy t = 0.862136, t' = -0.298761
	                                           effective interaction Vq = [  -10.5125, -0.192594,-0.0151309, -0.192594, -0.192594,-0.0156401,-0.0290127,-0.0156401,-0.0151309,-0.0290127,  -4.49655,-0.0290127, -0.192594,-0.0156401,-0.0290127,-0.0156401]
	PARPACK diagonalization completed after 30 matrix-vector product operations.
	iteration results: : total energy is -62.294876 | electron energy -63.054065 + phonon energy 0.759189 | electron momentum kIdx = 0
The 9-th iteration is completed.	|| time cost : 0h 0m 1.023s
********************************************************************************************************************
Start the 10 rounds of NGS-ED iteration
	effective electronic model is modified as: kinetic energy t = 0.862158, t' = -0.29876
	                                           effective interaction Vq = [  -10.5125, -0.192659, -0.015135, -0.192659, -0.192659,-0.0156444,-0.0290198,-0.0156444, -0.015135,-0.0290198,  -4.49655,-0.0290198, -0.192659,-0.0156444,-0.0290198,-0.0156444]
	PARPACK diagonalization completed after 30 matrix-vector product operations.
	iteration results: : total energy is -62.294876 | electron energy -63.054194 + phonon energy 0.759318 | electron momentum kIdx = 0
The 10-th iteration is completed.	|| time cost : 0h 0m 1.018s
********************************************************************************************************************
Start the 11 rounds of NGS-ED iteration
	effective electronic model is modified as: kinetic energy t = 0.86216, t' = -0.29876
	                                           effective interaction Vq = [  -10.5125, -0.192666,-0.0151355, -0.192666, -0.192666,-0.0156449,-0.0290206,-0.0156449,-0.0151355,-0.0290206,  -4.49654,-0.0290206, -0.192666,-0.0156449,-0.0290206,-0.0156449]
	PARPACK diagonalization completed after 30 matrix-vector product operations.
	iteration results: : total energy is -62.294876 | electron energy -63.054208 + phonon energy 0.759332 | electron momentum kIdx = 0
The 11-th iteration is completed.	|| time cost : 0h 0m 1.026s
********************************************************************************************************************
Start the 12 rounds of NGS-ED iteration
	effective electronic model is modified as: kinetic energy t = 0.862161, t' = -0.29876
	                                           effective interaction Vq = [  -10.5125, -0.192666,-0.0151355, -0.192666, -0.192666,-0.0156449,-0.0290207,-0.0156449,-0.0151355,-0.0290207,  -4.49654,-0.0290207, -0.192666,-0.0156449,-0.0290207,-0.0156449]
	PARPACK diagonalization completed after 30 matrix-vector product operations.
	iteration results: : total energy is -62.294876 | electron energy -63.054210 + phonon energy 0.759334 | electron momentum kIdx = 0
The 12-th iteration is completed.	|| time cost : 0h 0m 1.027s
********************************************************************************************************************
Start the 13 rounds of NGS-ED iteration
	effective electronic model is modified as: kinetic energy t = 0.862161, t' = -0.29876
	                                           effective interaction Vq = [  -10.5125, -0.192666,-0.0151355, -0.192666, -0.192666,-0.0156449,-0.0290207,-0.0156449,-0.0151355,-0.0290207,  -4.49654,-0.0290207, -0.192666,-0.0156449,-0.0290207,-0.0156449]
	PARPACK diagonalization completed after 30 matrix-vector product operations.
	iteration results: : total energy is -62.294876 | electron energy -63.054210 + phonon energy 0.759334 | electron momentum kIdx = 0
The 13-th iteration is completed.	|| time cost : 0h 0m 1.022s
********************************************************************************************************************
Start the 14 rounds of NGS-ED iteration
	effective electronic model is modified as: kinetic energy t = 0.862161, t' = -0.29876
	                                           effective interaction Vq = [  -10.5125, -0.192666,-0.0151355, -0.192666, -0.192666,-0.0156449,-0.0290207,-0.0156449,-0.0151355,-0.0290207,  -4.49654,-0.0290207, -0.192666,-0.0156449,-0.0290207,-0.0156449]
	PARPACK diagonalization completed after 30 matrix-vector product operations.
	iteration results: : total energy is -62.294876 | electron energy -63.054210 + phonon energy 0.759334 | electron momentum kIdx = 0
	Nq(0) = 4,	Nq(1) = 0.0253073,	Nq(2) = 0.0467386,	Nq(3) = 0.0253073,	Nq(4) = 0.0253073,	Nq(5) = 0.0479024,	
	Nq(6) = 0.0672413,	Nq(7) = 0.0479024,	Nq(8) = 0.0467386,	Nq(9) = 0.0672413,	Nq(10) = 3.38135,	
	Nq(11) = 0.0672413,	Nq(12) = 0.0253073,	Nq(13) = 0.0479024,	Nq(14) = 0.0672413,	Nq(15) = 0.0479024;	
	Sq(0) = 2.17336e-22,	Sq(1) = 0.339581,	Sq(2) = 0.0465814,	Sq(3) = 0.339581,	Sq(4) = 0.339581,	
	Sq(5) = 1.25048,	Sq(6) = 0.355998,	Sq(7) = 1.25048,	Sq(8) = 0.0465814,	Sq(9) = 0.355998,	
	Sq(10) = 0.0859686,	Sq(11) = 0.355998,	Sq(12) = 0.339581,	Sq(13) = 1.25048,	Sq(14) = 0.355998,	
	Sq(15) = 1.25048;	N(0) = 1.00023,	N(1) = 0.717908,	N(2) = 0.610552,	N(3) = 0.717908,	
	N(4) = 0.717908,	N(5) = 0.401316,	N(6) = 0.282137,	N(7) = 0.401316,	N(8) = 0.610552,	
	N(9) = 0.282137,	N(10) = 0.173223,	N(11) = 0.282137,	N(12) = 0.717908,	N(13) = 0.401316,	
	N(14) = 0.282137,	N(15) = 0.401316;	Delta[s](0) = 0.00256778,	Delta[s](1) = 0.00128766,	Delta[s](2) = 0.00169145,	
	Delta[s](3) = 0.00128766,	Delta[s](4) = 0.00128766,	Delta[s](5) = 0.000316054,	Delta[s](6) = 0.000985975,	Delta[s](7) = 0.000316054,	
	Delta[s](8) = 0.00169145,	Delta[s](9) = 0.000985975,	Delta[s](10) = 0.00200788,	Delta[s](11) = 0.000985975,	Delta[s](12) = 0.00128766,	
	Delta[s](13) = 0.000316054,	Delta[s](14) = 0.000985975,	Delta[s](15) = 0.000316054;	Delta[d](0) = 0.0359492,	Delta[d](1) = 0.0211867,	
	Delta[d](2) = 0.024708,	Delta[d](3) = 0.0211867,	Delta[d](4) = 0.0211867,	Delta[d](5) = 0.00398301,	Delta[d](6) = 0.00418767,	
	Delta[d](7) = 0.00398301,	Delta[d](8) = 0.024708,	Delta[d](9) = 0.00418767,	Delta[d](10) = 0.000164485,	Delta[d](11) = 0.00418767,	
	Delta[d](12) = 0.0211867,	Delta[d](13) = 0.00398301,	Delta[d](14) = 0.00418767,	Delta[d](15) = 0.00398301;	Delta[s+](0) = 0.0507991,	
	Delta[s+](1) = 0.0298563,	Delta[s+](2) = 0.024708,	Delta[s+](3) = 0.0298563,	Delta[s+](4) = 0.0298563,	Delta[s+](5) = 0.00776248,	
	Delta[s+](6) = 0.00273723,	Delta[s+](7) = 0.00776248,	Delta[s+](8) = 0.024708,	Delta[s+](9) = 0.00273723,	Delta[s+](10) = 4.90961e-05,	
	Delta[s+](11) = 0.00273723,	Delta[s+](12) = 0.0298563,	Delta[s+](13) = 0.00776248,	Delta[s+](14) = 0.00273723,	Delta[s+](15) = 0.00776248
	
The 14-th iteration is completed.	|| time cost : 0h 0m 3.217s
********************************************************************************************************************
********************************************************************************************************************
Ground state is obtained after 15 iterations. The current ground-state energy is -62.2949, in which electron energy is -63.0542 and phonon energy is 0.759334
Final variational state is: 
	Gamma_x = [      1,1.02433, 1.0035,1.02433,1.02433,1.00371,1.00968,1.00371, 1.0035,1.00968,17.1255,1.00968,1.02433,1.00371,1.00968,1.00371]
	lambda_q = [      7.25,  0.114886, 0.0306467,  0.114886,  0.114886, 0.0316916,-0.0419612, 0.0316916, 0.0306467,-0.0419612,  -4.46755,-0.0419612,  0.114886, 0.0316916,-0.0419612, 0.0316916]
Effective e-e interactions mediated by phonons are:
	momentum-space Vq = [  -10.5125, -0.192666,-0.0151355, -0.192666, -0.192666,-0.0156449,-0.0290207,-0.0156449,-0.0151355,-0.0290207,  -4.49654,-0.0290207, -0.192666,-0.0156449,-0.0290207,-0.0156449]
	real-space Vr = [ -0.99929,-0.396453,-0.936046,-0.396453,-0.396453,-0.936173,-0.355541,-0.936173,-0.936046,-0.355541,-0.888447,-0.355541,-0.396453,-0.936173,-0.355541,-0.936173]
********************************************************************************************************************
o___o  ----------------------------------------
| L |	Time since last clock: 0h 0m 0.079s
A===A	Time since the beginning: 0h 0m 25.014s
***********************************************


Non-Gaussina ED ground state calculation is completed. The final ground-state energy is -62.2949
********************************************************************************************************************
o___o  ----------------------------------------
| L |	Time since last clock: 0h 0m 0.009s
A===A	Time since the beginning: 0h 0m 25.023s
***********************************************



********************************************************************************************************************
All non-Gaussian ED ground state calculations have been completed. Exit now.
