SNEDics v3.4 Non-Gaussian ED ground state program		Start at Mon Oct  7 03:20:18 2019

parallized on 16 MPI threads  * 8 OpenMP threads = 128 total threads.
********************************************************************************************************************
********************************************************************************************************************

********************************************************************************************************************
System parameters and configurations
********************************************************************************************************************
Special program options are enabled: splitted diagonal Hamiltonian
********************************************************************************************************************
Read input file "model_params.in"
	Hubbard-Holstein model parameters : 	t = 1    g = 0.2828    W = 0.2    
********************************************************************************************************************
Read input file "hilbertspace_params.in"
	Requested 16-site 2D lattice, with 14 electrons (7, 7)
	Boundary : Periodic		Hilbert space representation : momentum-space (restricted to kIdx = 0)
	Conservation: particle number[U(1)]      spin[U(1)]     momentum
********************************************************************************************************************

Cluster Positions:				Cluster symmetry group : D4
 x ... x ... x ... x .....                       x ... x ... x ... x .....
 |           |           :                       |           |           :
 |           |           :                       |           |           :
12    13    14    15     x                       1     5     6     5     x
 |           |           :                       |           |           :
 |           |           :                       |           |           :
 8 --- 9 ---10 ---11 --- x                       2 --- 6 ---10 --- 6 --- x
 |           |           :                       |           |           :
 |           |           :                       |           |           :
 4     5     6     7     x                       1     5     6     5     x
 |           |           :                       |           |           :
 |           |           :                       |           |           :
 0 --- 1 --- 2 --- 3 --- x                       0 --- 1 --- 2 --- 1 --- x
orbital number : 1
********************************************************************************************************************
Read input file "obs_params.in"
	Observable Type : Nq(All),   Sq(All),   N(All),   Delta[s](All),   Delta[d](All),   Delta[s+](All)
********************************************************************************************************************
** WARNING ** the input observables have non-local factors which have been reinterpreted. The total observable number is 96
********************************************************************************************************************


********************************************************************************************************************
Start calculating the non-Gaussian ED ground state
** WARNING ** Detected low phonon energy W < 10. The initial state will be prepared through a warm-up process.
********************************************************************************************************************
Start warm-up calculation for scaling factor 64
open output files: NGSEDWarmUpW12Obs.txt
********************************************************************************************************************
Start the 0 rounds of NGS-ED iteration
	effective electronic model is modified as: kinetic energy t = 1
	                                           effective interaction Vq = [-0,-0,-0,-0,-0,-0,-0,-0,-0,-0,-0,-0,-0,-0,-0,-0]
	first Hamiltonian is constructed, non-zero numbers = 5976538
	PARPACK diagonalization completed after 30 matrix-vector product operations.
	iteration results: : total energy is -24.000000 | electron energy -24.000000 + phonon energy 0.000000 | electron momentum kIdx = 0
	Nq(0) = 12.25,	Nq(1) = 0.375767,	Nq(2) = 0.535707,	Nq(3) = 0.375767,	Nq(4) = 0.374233,	Nq(5) = 0.525104,	Nq(6) = 0.625767,	Nq(7) = 0.507505,	Nq(8) = 0.56314,	Nq(9) = 0.624233,	Nq(10) = 0.788018,	Nq(11) = 0.624233,	Nq(12) = 0.374233,	Nq(13) = 0.507505,	Nq(14) = 0.625767,	Nq(15) = 0.525104,	Sq(0) = -1.31706e-17,	Sq(1) = 0.375767,	Sq(2) = 0.494217,	Sq(3) = 0.375767,	Sq(4) = 0.374233,	Sq(5) = 0.481113,	Sq(6) = 0.625767,	Sq(7) = 0.497843,	Sq(8) = 0.512539,	Sq(9) = 0.624233,	Sq(10) = 0.833248,	Sq(11) = 0.624233,	Sq(12) = 0.374233,	Sq(13) = 0.497843,	Sq(14) = 0.625767,	Sq(15) = 0.481113,	N(0) = 2,	N(1) = 2,	N(2) = 0.335245,	N(3) = 2,	N(4) = 2,	N(5) = 0.740739,	N(6) = 5.96138e-27,	N(7) = 0.742111,	N(8) = 0.347521,	N(9) = 5.92085e-27,	N(10) = 2.28344e-27,	N(11) = 6.02853e-27,	N(12) = 2,	N(13) = 0.816085,	N(14) = 6.10386e-27,	N(15) = 1.0183,	Delta[s](0) = 0.35755,	Delta[s](1) = 0.240801,	Delta[s](2) = 0.200783,	Delta[s](3) = 0.252886,	Delta[s](4) = 0.237158,	Delta[s](5) = 0.179365,	Delta[s](6) = 0.117629,	Delta[s](7) = 0.196654,	Delta[s](8) = 0.23275,	Delta[s](9) = 0.122761,	Delta[s](10) = 0.0436148,	Delta[s](11) = 0.134847,	Delta[s](12) = 0.258019,	Delta[s](13) = 0.194459,	Delta[s](14) = 0.138489,	Delta[s](15) = 0.193274,	Delta[d](0) = 0.268853,	Delta[d](1) = 0.153687,	Delta[d](2) = 0.157968,	Delta[d](3) = 0.166031,	Delta[d](4) = 0.163763,	Delta[d](5) = 0.133441,	Delta[d](6) = 0.0865899,	Delta[d](7) = 0.135385,	Delta[d](8) = 0.178741,	Delta[d](9) = 0.109112,	Delta[d](10) = 0.0709638,	Delta[d](11) = 0.121271,	Delta[d](12) = 0.188482,	Delta[d](13) = 0.154037,	Delta[d](14) = 0.111249,	Delta[d](15) = 0.143197,	Delta[s+](0) = 0.497256,	Delta[s+](1) = 0.36919,	Delta[s+](2) = 0.177208,	Delta[s+](3) = 0.381517,	Delta[s+](4) = 0.358341,	Delta[s+](5) = 0.182905,	Delta[s+](6) = 0.0541626,	Delta[s+](7) = 0.224615,	Delta[s+](8) = 0.159479,	Delta[s+](9) = 0.0560023,	Delta[s+](10) = 0.00201693,	Delta[s+](11) = 0.0684943,	Delta[s+](12) = 0.383404,	Delta[s+](13) = 0.249725,	Delta[s+](14) = 0.0792779,	Delta[s+](15) = 0.25718
The 0-th iteration is completed.	|| time cost : 0h 5m 25.964s
********************************************************************************************************************
Start the 1 rounds of NGS-ED iteration
	effective electronic model is modified as: kinetic energy (tx,ty)=(0.987276, 0.987259)
	                                           effective interaction Vq = [-0.368967,-0.355957,-0.350567,-0.355957,-0.355957,-0.350222,-0.345218,-0.349551,-0.351565,-0.345191, -0.34383,-0.345191,-0.355957,-0.349551,-0.345218,-0.350222]
	PARPACK diagonalization completed after 105 matrix-vector product operations.
	iteration results: : total energy is -31.418167 | electron energy -31.418389 + phonon energy 0.000222 | electron momentum kIdx = 0
The 1-th iteration is completed.	|| time cost : 0h 5m 48.058s
********************************************************************************************************************
Start the 2 rounds of NGS-ED iteration
	effective electronic model is modified as: kinetic energy (tx,ty)=(0.980675, 0.980669)
	                                           effective interaction Vq = [ -0.39749,-0.387938,-0.385017,-0.387938,-0.387938,-0.384978,-0.377465,-0.384883,-0.385176,-0.377463,-0.383527,-0.377463,-0.387938,-0.384883,-0.377465,-0.384978]
	PARPACK diagonalization completed after 60 matrix-vector product operations.
	iteration results: : total energy is -31.935090 | electron energy -31.936072 + phonon energy 0.000982 | electron momentum kIdx = 0
The 2-th iteration is completed.	|| time cost : 0h 0m 25.987s
********************************************************************************************************************
Start the 3 rounds of NGS-ED iteration
	effective electronic model is modified as: kinetic energy (tx,ty)=(0.979024, 0.979023)
	                                           effective interaction Vq = [-0.399694,-0.392525,-0.389781,-0.392525,-0.392525,-0.389774,-0.382405,-0.389755,-0.389814,-0.382405,-0.390269,-0.382405,-0.392525,-0.389755,-0.382405,-0.389774]
	PARPACK diagonalization completed after 60 matrix-vector product operations.
	iteration results: : total energy is -31.970887 | electron energy -31.972268 + phonon energy 0.001381 | electron momentum kIdx = 0
The 3-th iteration is completed.	|| time cost : 0h 0m 26.035s
********************************************************************************************************************
Start the 4 rounds of NGS-ED iteration
	effective electronic model is modified as: kinetic energy t = 0.978649
	                                           effective interaction Vq = [-0.399865,-0.393433,-0.390645,-0.393433,-0.393433,-0.390643,-0.383349,-0.390639,-0.390653,-0.383349,-0.391816,-0.383349,-0.393433,-0.390639,-0.383349,-0.390643]
	PARPACK diagonalization completed after 45 matrix-vector product operations.
	iteration results: : total energy is -31.973452 | electron energy -31.974950 + phonon energy 0.001498 | electron momentum kIdx = 0
The 4-th iteration is completed.	|| time cost : 0h 0m 22.646s
********************************************************************************************************************
Start the 5 rounds of NGS-ED iteration
	effective electronic model is modified as: kinetic energy t = 0.978566
	                                           effective interaction Vq = [-0.399878,-0.393634,-0.390805,-0.393634,-0.393634,-0.390805,-0.383538,-0.390804,-0.390807,-0.383538, -0.39223,-0.383538,-0.393634,-0.390804,-0.383538,-0.390805]
	PARPACK diagonalization completed after 45 matrix-vector product operations.
	iteration results: : total energy is -31.973637 | electron energy -31.975164 + phonon energy 0.001527 | electron momentum kIdx = 0
The 5-th iteration is completed.	|| time cost : 0h 0m 22.66s
********************************************************************************************************************
Start the 6 rounds of NGS-ED iteration
	effective electronic model is modified as: kinetic energy t = 0.978548
	                                           effective interaction Vq = [-0.399879, -0.39368,-0.390831, -0.39368, -0.39368,-0.390831,-0.383576,-0.390831,-0.390831,-0.383576,-0.392352,-0.383576, -0.39368,-0.390831,-0.383576,-0.390831]
	PARPACK diagonalization completed after 45 matrix-vector product operations.
	iteration results: : total energy is -31.973650 | electron energy -31.975184 + phonon energy 0.001534 | electron momentum kIdx = 0
	Nq(0) = 12.25,	Nq(1) = 0.400306,	Nq(2) = 0.640844,	Nq(3) = 0.400306,	Nq(4) = 0.400306,	Nq(5) = 0.640844,	Nq(6) = 0.671757,	Nq(7) = 0.640844,	Nq(8) = 0.640845,	Nq(9) = 0.671757,	Nq(10) = 1.4246,	Nq(11) = 0.671757,	Nq(12) = 0.400306,	Nq(13) = 0.640844,	Nq(14) = 0.671757,	Nq(15) = 0.640844,	Sq(0) = 4.16579e-18,	Sq(1) = 0.32115,	Sq(2) = 0.353646,	Sq(3) = 0.32115,	Sq(4) = 0.32115,	Sq(5) = 0.353647,	Sq(6) = 0.549846,	Sq(7) = 0.353647,	Sq(8) = 0.353647,	Sq(9) = 0.549846,	Sq(10) = 0.586221,	Sq(11) = 0.549846,	Sq(12) = 0.32115,	Sq(13) = 0.353647,	Sq(14) = 0.549846,	Sq(15) = 0.353647,	N(0) = 1.99694,	N(1) = 1.99195,	N(2) = 0.66818,	N(3) = 1.99195,	N(4) = 1.99195,	N(5) = 0.66818,	N(6) = 0.00591808,	N(7) = 0.66818,	N(8) = 0.668179,	N(9) = 0.00591808,	N(10) = 0.00252471,	N(11) = 0.00591808,	N(12) = 1.99195,	N(13) = 0.66818,	N(14) = 0.00591808,	N(15) = 0.66818,	Delta[s](0) = 1.00606,	Delta[s](1) = 0.266456,	Delta[s](2) = 0.207881,	Delta[s](3) = 0.266456,	Delta[s](4) = 0.266456,	Delta[s](5) = 0.20788,	Delta[s](6) = 0.140977,	Delta[s](7) = 0.207881,	Delta[s](8) = 0.20788,	Delta[s](9) = 0.140977,	Delta[s](10) = 0.0208885,	Delta[s](11) = 0.140977,	Delta[s](12) = 0.266456,	Delta[s](13) = 0.207881,	Delta[s](14) = 0.140977,	Delta[s](15) = 0.20788,	Delta[d](0) = 0.266334,	Delta[d](1) = 0.202316,	Delta[d](2) = 0.200833,	Delta[d](3) = 0.202316,	Delta[d](4) = 0.202316,	Delta[d](5) = 0.147728,	Delta[d](6) = 0.144015,	Delta[d](7) = 0.147728,	Delta[d](8) = 0.200833,	Delta[d](9) = 0.144014,	Delta[d](10) = 0.0293518,	Delta[d](11) = 0.144014,	Delta[d](12) = 0.202316,	Delta[d](13) = 0.147728,	Delta[d](14) = 0.144015,	Delta[d](15) = 0.147728,	Delta[s+](0) = 0.47135,	Delta[s+](1) = 0.355353,	Delta[s+](2) = 0.200833,	Delta[s+](3) = 0.355353,	Delta[s+](4) = 0.355353,	Delta[s+](5) = 0.200833,	Delta[s+](6) = 0.0624824,	Delta[s+](7) = 0.200833,	Delta[s+](8) = 0.200833,	Delta[s+](9) = 0.0624823,	Delta[s+](10) = 0.00431054,	Delta[s+](11) = 0.0624823,	Delta[s+](12) = 0.355353,	Delta[s+](13) = 0.200833,	Delta[s+](14) = 0.0624824,	Delta[s+](15) = 0.200833
The 6-th iteration is completed.	|| time cost : 0h 3m 23.024s
********************************************************************************************************************
********************************************************************************************************************
Ground state is obtained after 7 iterations. The current ground-state energy is -31.9737, in which electron energy is -31.9752 and phonon energy is 0.00153406
final variational state is: 
	Gamma_x = [      1,1.00273,1.00513,1.00273,1.00273,1.00513,1.00678,1.00513,1.00513,1.00678,1.01056,1.00678,1.00273,1.00513,1.00678,1.00513]
	lambda_q = [0.176727,0.154761,0.150165,0.154761,0.154761,0.150165,0.141069,0.150165,0.150165,0.141069,0.152561,0.141069,0.154761,0.150165,0.141069,0.150165]
********************************************************************************************************************
o___o  ----------------------------------------
| L |	Time since last clock: 0h 0m 0s
A===A	Time since the beginning: 0h 16m 14.377s
***********************************************

********************************************************************************************************************
Start warm-up calculation for scaling factor 32
open output files: NGSEDWarmUpW6Obs.txt
********************************************************************************************************************
Start the 0 rounds of NGS-ED iteration
	effective electronic model is modified as: kinetic energy t = 0.978544
	                                           effective interaction Vq = [-0.365554,-0.341874,-0.336138,-0.341874,-0.341874,-0.336138, -0.32399,-0.336138,-0.336139, -0.32399,-0.339162, -0.32399,-0.341874,-0.336138, -0.32399,-0.336138]
	PARPACK diagonalization completed after 45 matrix-vector product operations.
	iteration results: : total energy is -31.027346 | electron energy -31.028113 + phonon energy 0.000768 | electron momentum kIdx = 0
	Nq(0) = 12.25,	Nq(1) = 0.396933,	Nq(2) = 0.630833,	Nq(3) = 0.396933,	Nq(4) = 0.396933,	Nq(5) = 0.630833,	Nq(6) = 0.663064,	Nq(7) = 0.630833,	Nq(8) = 0.630833,	Nq(9) = 0.663064,	Nq(10) = 1.43883,	Nq(11) = 0.663064,	Nq(12) = 0.396933,	Nq(13) = 0.630833,	Nq(14) = 0.663064,	Nq(15) = 0.630833,	Sq(0) = 1.20438e-18,	Sq(1) = 0.328275,	Sq(2) = 0.356969,	Sq(3) = 0.328275,	Sq(4) = 0.328275,	Sq(5) = 0.356969,	Sq(6) = 0.559756,	Sq(7) = 0.356969,	Sq(8) = 0.356969,	Sq(9) = 0.559756,	Sq(10) = 0.592247,	Sq(11) = 0.559756,	Sq(12) = 0.328275,	Sq(13) = 0.356969,	Sq(14) = 0.559756,	Sq(15) = 0.356969,	N(0) = 1.99777,	N(1) = 1.99403,	N(2) = 0.667765,	N(3) = 1.99403,	N(4) = 1.99403,	N(5) = 0.667765,	N(6) = 0.00442266,	N(7) = 0.667765,	N(8) = 0.667765,	N(9) = 0.00442266,	N(10) = 0.00184607,	N(11) = 0.00442266,	N(12) = 1.99403,	N(13) = 0.667765,	N(14) = 0.00442266,	N(15) = 0.667765,	Delta[s](0) = 0.955585,	Delta[s](1) = 0.263714,	Delta[s](2) = 0.208312,	Delta[s](3) = 0.263714,	Delta[s](4) = 0.263714,	Delta[s](5) = 0.208312,	Delta[s](6) = 0.142354,	Delta[s](7) = 0.208312,	Delta[s](8) = 0.208312,	Delta[s](9) = 0.142354,	Delta[s](10) = 0.0271777,	Delta[s](11) = 0.142354,	Delta[s](12) = 0.263714,	Delta[s](13) = 0.208312,	Delta[s](14) = 0.142354,	Delta[s](15) = 0.208312,	Delta[d](0) = 0.26478,	Delta[d](1) = 0.203199,	Delta[d](2) = 0.202363,	Delta[d](3) = 0.203199,	Delta[d](4) = 0.203199,	Delta[d](5) = 0.146844,	Delta[d](6) = 0.14502,	Delta[d](7) = 0.146844,	Delta[d](8) = 0.202363,	Delta[d](9) = 0.14502,	Delta[d](10) = 0.0290763,	Delta[d](11) = 0.14502,	Delta[d](12) = 0.203199,	Delta[d](13) = 0.146844,	Delta[d](14) = 0.14502,	Delta[d](15) = 0.146844,	Delta[s+](0) = 0.475128,	Delta[s+](1) = 0.357828,	Delta[s+](2) = 0.202363,	Delta[s+](3) = 0.357828,	Delta[s+](4) = 0.357828,	Delta[s+](5) = 0.202363,	Delta[s+](6) = 0.0636281,	Delta[s+](7) = 0.202363,	Delta[s+](8) = 0.202363,	Delta[s+](9) = 0.0636281,	Delta[s+](10) = 0.00489701,	Delta[s+](11) = 0.0636281,	Delta[s+](12) = 0.357828,	Delta[s+](13) = 0.202363,	Delta[s+](14) = 0.0636281,	Delta[s+](15) = 0.202363
The 0-th iteration is completed.	|| time cost : 0h 3m 22.355s
********************************************************************************************************************
Start the 1 rounds of NGS-ED iteration
	effective electronic model is modified as: kinetic energy t = 0.972975
	                                           effective interaction Vq = [-0.390335,-0.365888,-0.358922,-0.365888,-0.365888,-0.358922,-0.343817,-0.358922,-0.358922,-0.343817,-0.363363,-0.343817,-0.365888,-0.358922,-0.343817,-0.358922]
	PARPACK diagonalization completed after 45 matrix-vector product operations.
	iteration results: : total energy is -31.407929 | electron energy -31.410903 + phonon energy 0.002974 | electron momentum kIdx = 0
The 1-th iteration is completed.	|| time cost : 0h 0m 22.911s
********************************************************************************************************************
Start the 2 rounds of NGS-ED iteration
	effective electronic model is modified as: kinetic energy t = 0.97042
	                                           effective interaction Vq = [-0.397226,-0.374582, -0.36712,-0.374582,-0.374582, -0.36712,-0.350951, -0.36712, -0.36712,-0.350951,-0.372561,-0.350951,-0.374582, -0.36712,-0.350951, -0.36712]
	PARPACK diagonalization completed after 45 matrix-vector product operations.
	iteration results: : total energy is -31.507020 | electron energy -31.511711 + phonon energy 0.004691 | electron momentum kIdx = 0
The 2-th iteration is completed.	|| time cost : 0h 0m 22.513s
********************************************************************************************************************
Start the 3 rounds of NGS-ED iteration
	effective electronic model is modified as: kinetic energy t = 0.969295
	                                           effective interaction Vq = [-0.399141,-0.378056,-0.370307,-0.378056,-0.378056,-0.370307,-0.353688,-0.370307,-0.370307,-0.353688,-0.376449,-0.353688,-0.378056,-0.370307,-0.353688,-0.370307]
	PARPACK diagonalization completed after 30 matrix-vector product operations.
	iteration results: : total energy is -31.533311 | electron energy -31.538980 + phonon energy 0.005670 | electron momentum kIdx = 0
The 3-th iteration is completed.	|| time cost : 0h 0m 19.467s
********************************************************************************************************************
Start the 4 rounds of NGS-ED iteration
	effective electronic model is modified as: kinetic energy t = 0.968808
	                                           effective interaction Vq = [-0.399674,-0.379523,-0.371582,-0.379523,-0.379523,-0.371582,-0.354767,-0.371582,-0.371582,-0.354767,-0.378222,-0.354767,-0.379523,-0.371582,-0.354767,-0.371582]
	PARPACK diagonalization completed after 30 matrix-vector product operations.
	iteration results: : total energy is -31.540386 | electron energy -31.546545 + phonon energy 0.006159 | electron momentum kIdx = 0
The 4-th iteration is completed.	|| time cost : 0h 0m 19.547s
********************************************************************************************************************
Start the 5 rounds of NGS-ED iteration
	effective electronic model is modified as: kinetic energy t = 0.968598
	                                           effective interaction Vq = [-0.399822,-0.380159,-0.372087,-0.380159,-0.380159,-0.372087,-0.355194,-0.372087,-0.372087,-0.355194,-0.379081,-0.355194,-0.380159,-0.372087,-0.355194,-0.372087]
	PARPACK diagonalization completed after 30 matrix-vector product operations.
	iteration results: : total energy is -31.542310 | electron energy -31.548699 + phonon energy 0.006390 | electron momentum kIdx = 0
The 5-th iteration is completed.	|| time cost : 0h 0m 19.507s
********************************************************************************************************************
Start the 6 rounds of NGS-ED iteration
	effective electronic model is modified as: kinetic energy t = 0.968508
	                                           effective interaction Vq = [-0.399863,-0.380437,-0.372276,-0.380437,-0.380437,-0.372276,-0.355362,-0.372276,-0.372276,-0.355362,-0.379521,-0.355362,-0.380437,-0.372276,-0.355362,-0.372276]
	PARPACK diagonalization completed after 30 matrix-vector product operations.
	iteration results: : total energy is -31.542837 | electron energy -31.549333 + phonon energy 0.006495 | electron momentum kIdx = 0
The 6-th iteration is completed.	|| time cost : 0h 0m 19.533s
********************************************************************************************************************
Start the 7 rounds of NGS-ED iteration
	effective electronic model is modified as: kinetic energy t = 0.96847
	                                           effective interaction Vq = [-0.399875,-0.380558,-0.372339,-0.380558,-0.380558,-0.372339,-0.355427,-0.372339,-0.372339,-0.355427,-0.379758,-0.355427,-0.380558,-0.372339,-0.355427,-0.372339]
	PARPACK diagonalization completed after 30 matrix-vector product operations.
	iteration results: : total energy is -31.542983 | electron energy -31.549526 + phonon energy 0.006543 | electron momentum kIdx = 0
	Nq(0) = 12.25,	Nq(1) = 0.39856,	Nq(2) = 0.625465,	Nq(3) = 0.39856,	Nq(4) = 0.39856,	Nq(5) = 0.625465,	Nq(6) = 0.665229,	Nq(7) = 0.625465,	Nq(8) = 0.625464,	Nq(9) = 0.665229,	Nq(10) = 1.52278,	Nq(11) = 0.665229,	Nq(12) = 0.39856,	Nq(13) = 0.625465,	Nq(14) = 0.665229,	Nq(15) = 0.625465,	Sq(0) = 4.06164e-18,	Sq(1) = 0.323253,	Sq(2) = 0.354635,	Sq(3) = 0.323253,	Sq(4) = 0.323253,	Sq(5) = 0.354635,	Sq(6) = 0.552635,	Sq(7) = 0.354635,	Sq(8) = 0.354635,	Sq(9) = 0.552635,	Sq(10) = 0.587915,	Sq(11) = 0.552635,	Sq(12) = 0.323253,	Sq(13) = 0.354635,	Sq(14) = 0.552635,	Sq(15) = 0.354635,	N(0) = 1.99721,	N(1) = 1.99253,	N(2) = 0.668048,	N(3) = 1.99253,	N(4) = 1.99253,	N(5) = 0.668048,	N(6) = 0.00551642,	N(7) = 0.668048,	N(8) = 0.668048,	N(9) = 0.00551642,	N(10) = 0.0022965,	N(11) = 0.00551642,	N(12) = 1.99253,	N(13) = 0.668048,	N(14) = 0.00551642,	N(15) = 0.668048,	Delta[s](0) = 0.939091,	Delta[s](1) = 0.26556,	Delta[s](2) = 0.21208,	Delta[s](3) = 0.26556,	Delta[s](4) = 0.26556,	Delta[s](5) = 0.21208,	Delta[s](6) = 0.145122,	Delta[s](7) = 0.21208,	Delta[s](8) = 0.21208,	Delta[s](9) = 0.145122,	Delta[s](10) = 0.0360624,	Delta[s](11) = 0.145122,	Delta[s](12) = 0.26556,	Delta[s](13) = 0.21208,	Delta[s](14) = 0.145122,	Delta[s](15) = 0.21208,	Delta[d](0) = 0.262199,	Delta[d](1) = 0.202684,	Delta[d](2) = 0.202127,	Delta[d](3) = 0.202684,	Delta[d](4) = 0.202684,	Delta[d](5) = 0.145178,	Delta[d](6) = 0.144978,	Delta[d](7) = 0.145178,	Delta[d](8) = 0.202127,	Delta[d](9) = 0.144978,	Delta[d](10) = 0.0283596,	Delta[d](11) = 0.144978,	Delta[d](12) = 0.202684,	Delta[d](13) = 0.145178,	Delta[d](14) = 0.144978,	Delta[d](15) = 0.145178,	Delta[s+](0) = 0.473289,	Delta[s+](1) = 0.35658,	Delta[s+](2) = 0.202127,	Delta[s+](3) = 0.35658,	Delta[s+](4) = 0.35658,	Delta[s+](5) = 0.202127,	Delta[s+](6) = 0.0640314,	Delta[s+](7) = 0.202127,	Delta[s+](8) = 0.202127,	Delta[s+](9) = 0.0640314,	Delta[s+](10) = 0.0057237,	Delta[s+](11) = 0.0640314,	Delta[s+](12) = 0.35658,	Delta[s+](13) = 0.202127,	Delta[s+](14) = 0.0640314,	Delta[s+](15) = 0.202127
The 7-th iteration is completed.	|| time cost : 0h 3m 17.448s
********************************************************************************************************************
********************************************************************************************************************
Ground state is obtained after 8 iterations. The current ground-state energy is -31.543, in which electron energy is -31.5495 and phonon energy is 0.0065433
final variational state is: 
	Gamma_x = [      1,1.00855,1.01523,1.00855,1.00855,1.01523,1.01863,1.01523,1.01523,1.01863, 1.0334,1.01863,1.00855,1.01523,1.01863,1.01523]
	lambda_q = [0.249525,0.195091, 0.18438,0.195091,0.195091, 0.18438,0.166644, 0.18438, 0.18438,0.166644, 0.19408,0.166644,0.195091, 0.18438,0.166644, 0.18438]
********************************************************************************************************************
o___o  ----------------------------------------
| L |	Time since last clock: 0h 0m 0s
A===A	Time since the beginning: 0h 24m 57.662s
***********************************************

********************************************************************************************************************
Start warm-up calculation for scaling factor 16
open output files: NGSEDWarmUpW3Obs.txt
********************************************************************************************************************
Start the 0 rounds of NGS-ED iteration
	effective electronic model is modified as: kinetic energy t = 0.968454
	                                           effective interaction Vq = [-0.365284, -0.31958,-0.308354, -0.31958, -0.31958,-0.308354,-0.288151,-0.308354,-0.308354,-0.288151,-0.318552,-0.288151, -0.31958,-0.308354,-0.288151,-0.308354]
	PARPACK diagonalization completed after 45 matrix-vector product operations.
	iteration results: : total energy is -30.516266 | electron energy -30.519548 + phonon energy 0.003283 | electron momentum kIdx = 0
	Nq(0) = 12.25,	Nq(1) = 0.393827,	Nq(2) = 0.607615,	Nq(3) = 0.393827,	Nq(4) = 0.393827,	Nq(5) = 0.607615,	Nq(6) = 0.655157,	Nq(7) = 0.607615,	Nq(8) = 0.607615,	Nq(9) = 0.655157,	Nq(10) = 1.57651,	Nq(11) = 0.655157,	Nq(12) = 0.393827,	Nq(13) = 0.607615,	Nq(14) = 0.655157,	Nq(15) = 0.607615,	Sq(0) = -1.50513e-18,	Sq(1) = 0.331874,	Sq(2) = 0.358524,	Sq(3) = 0.331874,	Sq(4) = 0.331874,	Sq(5) = 0.358524,	Sq(6) = 0.564577,	Sq(7) = 0.358524,	Sq(8) = 0.358524,	Sq(9) = 0.564577,	Sq(10) = 0.594906,	Sq(11) = 0.564577,	Sq(12) = 0.331874,	Sq(13) = 0.358524,	Sq(14) = 0.564577,	Sq(15) = 0.358524,	N(0) = 1.99811,	N(1) = 1.99484,	N(2) = 0.667599,	N(3) = 1.99484,	N(4) = 1.99484,	N(5) = 0.667599,	N(6) = 0.00383983,	N(7) = 0.667599,	N(8) = 0.667599,	N(9) = 0.00383983,	N(10) = 0.00155631,	N(11) = 0.00383983,	N(12) = 1.99484,	N(13) = 0.667599,	N(14) = 0.00383983,	N(15) = 0.667599,	Delta[s](0) = 0.874539,	Delta[s](1) = 0.262734,	Delta[s](2) = 0.213092,	Delta[s](3) = 0.262734,	Delta[s](4) = 0.262734,	Delta[s](5) = 0.213092,	Delta[s](6) = 0.145022,	Delta[s](7) = 0.213092,	Delta[s](8) = 0.213092,	Delta[s](9) = 0.145022,	Delta[s](10) = 0.0499528,	Delta[s](11) = 0.145022,	Delta[s](12) = 0.262734,	Delta[s](13) = 0.213092,	Delta[s](14) = 0.145022,	Delta[s](15) = 0.213092,	Delta[d](0) = 0.259483,	Delta[d](1) = 0.203858,	Delta[d](2) = 0.204068,	Delta[d](3) = 0.203858,	Delta[d](4) = 0.203858,	Delta[d](5) = 0.142259,	Delta[d](6) = 0.145829,	Delta[d](7) = 0.142259,	Delta[d](8) = 0.204068,	Delta[d](9) = 0.145829,	Delta[d](10) = 0.0251663,	Delta[d](11) = 0.145829,	Delta[d](12) = 0.203858,	Delta[d](13) = 0.142259,	Delta[d](14) = 0.145829,	Delta[d](15) = 0.142259,	Delta[s+](0) = 0.479033,	Delta[s+](1) = 0.360378,	Delta[s+](2) = 0.204068,	Delta[s+](3) = 0.360378,	Delta[s+](4) = 0.360378,	Delta[s+](5) = 0.204068,	Delta[s+](6) = 0.06487,	Delta[s+](7) = 0.204068,	Delta[s+](8) = 0.204068,	Delta[s+](9) = 0.06487,	Delta[s+](10) = 0.00583656,	Delta[s+](11) = 0.06487,	Delta[s+](12) = 0.360378,	Delta[s+](13) = 0.204068,	Delta[s+](14) = 0.06487,	Delta[s+](15) = 0.204068
The 0-th iteration is completed.	|| time cost : 0h 3m 21.721s
********************************************************************************************************************
Start the 1 rounds of NGS-ED iteration
	effective electronic model is modified as: kinetic energy t = 0.965828
	                                           effective interaction Vq = [-0.381638,-0.331406,-0.317494,-0.331406,-0.331406,-0.317494,-0.293434,-0.317494,-0.317494,-0.293434,-0.332019,-0.293434,-0.331406,-0.317494,-0.293434,-0.317494]
	PARPACK diagonalization completed after 45 matrix-vector product operations.
	iteration results: : total energy is -30.736719 | electron energy -30.744320 + phonon energy 0.007602 | electron momentum kIdx = 0
The 1-th iteration is completed.	|| time cost : 0h 0m 22.638s
********************************************************************************************************************
Start the 2 rounds of NGS-ED iteration
	effective electronic model is modified as: kinetic energy t = 0.964186
	                                           effective interaction Vq = [-0.390261,-0.338236,-0.322407,-0.338236,-0.338236,-0.322407, -0.29648,-0.322407,-0.322407, -0.29648,-0.341031, -0.29648,-0.338236,-0.322407, -0.29648,-0.322407]
	PARPACK diagonalization completed after 45 matrix-vector product operations.
	iteration results: : total energy is -30.850657 | electron energy -30.862012 + phonon energy 0.011355 | electron momentum kIdx = 0
The 2-th iteration is completed.	|| time cost : 0h 0m 22.778s
********************************************************************************************************************
Start the 3 rounds of NGS-ED iteration
	effective electronic model is modified as: kinetic energy t = 0.963176
	                                           effective interaction Vq = [-0.394807,-0.342247,-0.324999,-0.342247,-0.342247,-0.324999,-0.298217,-0.324999,-0.324999,-0.298217,-0.347172,-0.298217,-0.342247,-0.324999,-0.298217,-0.324999]
	PARPACK diagonalization completed after 30 matrix-vector product operations.
	iteration results: : total energy is -30.909904 | electron energy -30.924098 + phonon energy 0.014194 | electron momentum kIdx = 0
The 3-th iteration is completed.	|| time cost : 0h 0m 19.48s
********************************************************************************************************************
Start the 4 rounds of NGS-ED iteration
	effective electronic model is modified as: kinetic energy t = 0.962561
	                                           effective interaction Vq = [-0.397205,-0.344624,-0.326322,-0.344624,-0.344624,-0.326322,-0.299192,-0.326322,-0.326322,-0.299192,-0.351399,-0.299192,-0.344624,-0.326322,-0.299192,-0.326322]
	PARPACK diagonalization completed after 45 matrix-vector product operations.
	iteration results: : total energy is -30.940843 | electron energy -30.957054 + phonon energy 0.016211 | electron momentum kIdx = 0
The 4-th iteration is completed.	|| time cost : 0h 0m 22.583s
********************************************************************************************************************
Start the 5 rounds of NGS-ED iteration
	effective electronic model is modified as: kinetic energy t = 0.962189
	                                           effective interaction Vq = [-0.398469,-0.346037,-0.326961,-0.346037,-0.346037,-0.326961,-0.299727,-0.326961,-0.326961,-0.299727,-0.354329,-0.299727,-0.346037,-0.326961,-0.299727,-0.326961]
	PARPACK diagonalization completed after 30 matrix-vector product operations.
	iteration results: : total energy is -30.957047 | electron energy -30.974643 + phonon energy 0.017596 | electron momentum kIdx = 0
The 5-th iteration is completed.	|| time cost : 0h 0m 19.473s
********************************************************************************************************************
Start the 6 rounds of NGS-ED iteration
	effective electronic model is modified as: kinetic energy t = 0.961964
	                                           effective interaction Vq = [-0.399136,-0.346875,-0.327236,-0.346875,-0.346875,-0.327236,-0.300013,-0.327236,-0.327236,-0.300013,-0.356372,-0.300013,-0.346875,-0.327236,-0.300013,-0.327236]
	PARPACK diagonalization completed after 30 matrix-vector product operations.
	iteration results: : total energy is -30.965551 | electron energy -30.984082 + phonon energy 0.018531 | electron momentum kIdx = 0
The 6-th iteration is completed.	|| time cost : 0h 0m 19.589s
********************************************************************************************************************
Start the 7 rounds of NGS-ED iteration
	effective electronic model is modified as: kinetic energy t = 0.96183
	                                           effective interaction Vq = [-0.399487, -0.34737,-0.327325, -0.34737, -0.34737,-0.327325,-0.300158,-0.327325,-0.327325,-0.300158,-0.357802,-0.300158, -0.34737,-0.327325,-0.300158,-0.327325]
	PARPACK diagonalization completed after 30 matrix-vector product operations.
	iteration results: : total energy is -30.970019 | electron energy -30.989176 + phonon energy 0.019156 | electron momentum kIdx = 0
The 7-th iteration is completed.	|| time cost : 0h 0m 19.839s
********************************************************************************************************************
Start the 8 rounds of NGS-ED iteration
	effective electronic model is modified as: kinetic energy t = 0.961749
	                                           effective interaction Vq = [-0.399672,-0.347659,-0.327324,-0.347659,-0.347659,-0.327324,-0.300226,-0.327324,-0.327324,-0.300226,-0.358809,-0.300226,-0.347659,-0.327324,-0.300226,-0.327324]
	PARPACK diagonalization completed after 30 matrix-vector product operations.
	iteration results: : total energy is -30.972370 | electron energy -30.991941 + phonon energy 0.019571 | electron momentum kIdx = 0
The 8-th iteration is completed.	|| time cost : 0h 0m 19.556s
********************************************************************************************************************
Start the 9 rounds of NGS-ED iteration
	effective electronic model is modified as: kinetic energy t = 0.961701
	                                           effective interaction Vq = [ -0.39977,-0.347825,-0.327284,-0.347825,-0.347825,-0.327284,-0.300253,-0.327284,-0.327284,-0.300253,-0.359519,-0.300253,-0.347825,-0.327284,-0.300253,-0.327284]
	PARPACK diagonalization completed after 30 matrix-vector product operations.
	iteration results: : total energy is -30.973607 | electron energy -30.993454 + phonon energy 0.019847 | electron momentum kIdx = 0
The 9-th iteration is completed.	|| time cost : 0h 0m 19.474s
********************************************************************************************************************
Start the 10 rounds of NGS-ED iteration
	effective electronic model is modified as: kinetic energy t = 0.961672
	                                           effective interaction Vq = [-0.399822,-0.347919,-0.327231,-0.347919,-0.347919,-0.327231,-0.300259,-0.327231,-0.327231,-0.300259,-0.360023,-0.300259,-0.347919,-0.327231,-0.300259,-0.327231]
	PARPACK diagonalization completed after 30 matrix-vector product operations.
	iteration results: : total energy is -30.974259 | electron energy -30.994289 + phonon energy 0.020030 | electron momentum kIdx = 0
The 10-th iteration is completed.	|| time cost : 0h 0m 19.493s
********************************************************************************************************************
Start the 11 rounds of NGS-ED iteration
	effective electronic model is modified as: kinetic energy t = 0.961656
	                                           effective interaction Vq = [-0.399849,-0.347969,-0.327179,-0.347969,-0.347969,-0.327179,-0.300255,-0.327179,-0.327179,-0.300255,-0.360381,-0.300255,-0.347969,-0.327179,-0.300255,-0.327179]
	PARPACK diagonalization completed after 30 matrix-vector product operations.
	iteration results: : total energy is -30.974602 | electron energy -30.994754 + phonon energy 0.020152 | electron momentum kIdx = 0
The 11-th iteration is completed.	|| time cost : 0h 0m 19.535s
********************************************************************************************************************
Start the 12 rounds of NGS-ED iteration
	effective electronic model is modified as: kinetic energy t = 0.961646
	                                           effective interaction Vq = [-0.399863,-0.347996,-0.327132,-0.347996,-0.347996,-0.327132,-0.300248,-0.327132,-0.327132,-0.300248,-0.360636,-0.300248,-0.347996,-0.327132,-0.300248,-0.327132]
	PARPACK diagonalization completed after 30 matrix-vector product operations.
	iteration results: : total energy is -30.974783 | electron energy -30.995016 + phonon energy 0.020233 | electron momentum kIdx = 0
The 12-th iteration is completed.	|| time cost : 0h 0m 19.841s
********************************************************************************************************************
Start the 13 rounds of NGS-ED iteration
	effective electronic model is modified as: kinetic energy t = 0.96164
	                                           effective interaction Vq = [-0.399871,-0.348008,-0.327092,-0.348008,-0.348008,-0.327092,-0.300239,-0.327092,-0.327092,-0.300239,-0.360819,-0.300239,-0.348008,-0.327092,-0.300239,-0.327092]
	PARPACK diagonalization completed after 30 matrix-vector product operations.
	iteration results: : total energy is -30.974878 | electron energy -30.995166 + phonon energy 0.020287 | electron momentum kIdx = 0
	Nq(0) = 12.25,	Nq(1) = 0.389937,	Nq(2) = 0.581635,	Nq(3) = 0.389937,	Nq(4) = 0.389937,	Nq(5) = 0.581635,	Nq(6) = 0.648603,	Nq(7) = 0.581635,	Nq(8) = 0.581635,	Nq(9) = 0.648603,	Nq(10) = 1.80506,	Nq(11) = 0.648603,	Nq(12) = 0.389937,	Nq(13) = 0.581635,	Nq(14) = 0.648603,	Nq(15) = 0.581635,	Sq(0) = -4.52104e-18,	Sq(1) = 0.329896,	Sq(2) = 0.357305,	Sq(3) = 0.329896,	Sq(4) = 0.329896,	Sq(5) = 0.357305,	Sq(6) = 0.561337,	Sq(7) = 0.357305,	Sq(8) = 0.357305,	Sq(9) = 0.561337,	Sq(10) = 0.592204,	Sq(11) = 0.561337,	Sq(12) = 0.329896,	Sq(13) = 0.357305,	Sq(14) = 0.561337,	Sq(15) = 0.357305,	N(0) = 1.99782,	N(1) = 1.99391,	N(2) = 0.667753,	N(3) = 1.99391,	N(4) = 1.99391,	N(5) = 0.667753,	N(6) = 0.00455334,	N(7) = 0.667753,	N(8) = 0.667753,	N(9) = 0.00455334,	N(10) = 0.00179824,	N(11) = 0.00455334,	N(12) = 1.99391,	N(13) = 0.667753,	N(14) = 0.00455334,	N(15) = 0.667753,	Delta[s](0) = 0.7654,	Delta[s](1) = 0.264693,	Delta[s](2) = 0.220054,	Delta[s](3) = 0.264693,	Delta[s](4) = 0.264693,	Delta[s](5) = 0.220054,	Delta[s](6) = 0.148316,	Delta[s](7) = 0.220054,	Delta[s](8) = 0.220054,	Delta[s](9) = 0.148316,	Delta[s](10) = 0.111752,	Delta[s](11) = 0.148316,	Delta[s](12) = 0.264693,	Delta[s](13) = 0.220054,	Delta[s](14) = 0.148316,	Delta[s](15) = 0.220054,	Delta[d](0) = 0.253417,	Delta[d](1) = 0.203425,	Delta[d](2) = 0.204974,	Delta[d](3) = 0.203425,	Delta[d](4) = 0.203425,	Delta[d](5) = 0.13605,	Delta[d](6) = 0.145283,	Delta[d](7) = 0.13605,	Delta[d](8) = 0.204974,	Delta[d](9) = 0.145283,	Delta[d](10) = 0.0188183,	Delta[d](11) = 0.145283,	Delta[d](12) = 0.203425,	Delta[d](13) = 0.13605,	Delta[d](14) = 0.145283,	Delta[d](15) = 0.13605,	Delta[s+](0) = 0.481802,	Delta[s+](1) = 0.361937,	Delta[s+](2) = 0.204974,	Delta[s+](3) = 0.361937,	Delta[s+](4) = 0.361937,	Delta[s+](5) = 0.204974,	Delta[s+](6) = 0.0650639,	Delta[s+](7) = 0.204974,	Delta[s+](8) = 0.204974,	Delta[s+](9) = 0.0650639,	Delta[s+](10) = 0.00634568,	Delta[s+](11) = 0.0650639,	Delta[s+](12) = 0.361937,	Delta[s+](13) = 0.204974,	Delta[s+](14) = 0.0650639,	Delta[s+](15) = 0.204974
The 13-th iteration is completed.	|| time cost : 0h 3m 16.094s
********************************************************************************************************************
********************************************************************************************************************
Ground state is obtained after 14 iterations. The current ground-state energy is -30.9749, in which electron energy is -30.9952 and phonon energy is 0.0202874
