TACC:  Starting up job 1813950 
TACC:  Starting parallel tasks... 
SNEDics v3.4 Non-Gaussian ED ground state program		Start at Fri Oct 23 21:17:17 2020

parallized on 16 MPI threads  * 7 OpenMP threads = 112 total threads.
********************************************************************************************************************
********************************************************************************************************************

********************************************************************************************************************
System parameters and configurations
********************************************************************************************************************
Special program options are enabled: splitted diagonal Hamiltonian
********************************************************************************************************************
Read input file "model_params.in"
	Hubbard-Holstein model parameters : 	t = 1    U = 10    g = 1.2247    W = 1    
********************************************************************************************************************
Read input file "hilbertspace_params.in"
	Requested 16-site 2D lattice, with 14 electrons (7, 7)
	Boundary : Periodic		Hilbert space representation : momentum-space (restricted to kIdx = 0)
	Conservation: particle number[U(1)]      spin[U(1)]     momentum
********************************************************************************************************************

Cluster Positions:				Cluster symmetry group : D4
 x ... x ... x ... x .....                       x ... x ... x ... x .....
 |           |           :                       |           |           :
 |           |           :                       |           |           :
12    13    14    15     x                       1     5     6     5     x
 |           |           :                       |           |           :
 |           |           :                       |           |           :
 8 --- 9 ---10 ---11 --- x                       2 --- 6 ---10 --- 6 --- x
 |           |           :                       |           |           :
 |           |           :                       |           |           :
 4     5     6     7     x                       1     5     6     5     x
 |           |           :                       |           |           :
 |           |           :                       |           |           :
 0 --- 1 --- 2 --- 3 --- x                       0 --- 1 --- 2 --- 1 --- x
orbital number : 1
********************************************************************************************************************
Read input file "obs_params.in"
	Observable Type : Nq(All),   Sq(All),   N(All),   Delta[s](All),   Delta[d](All),   Delta[s+](All)
********************************************************************************************************************
** WARNING ** the input observables have non-local factors which have been reinterpreted. The total observable number is 96
********************************************************************************************************************


********************************************************************************************************************
Start calculating the non-Gaussian ED ground state
** WARNING ** Detected low phonon energy W < 10. The initial state will be prepared through a warm-up process.
********************************************************************************************************************
Start warm-up calculation for scaling factor 16
open output files: NGSEDWarmUpW16Obs.txt
********************************************************************************************************************
Start the 0 rounds of NGS-ED iteration
	effective electronic model is modified as: kinetic energy t = 1
	                                           effective interaction Vq = [0,0,0,0,0,0,0,0,0,0,0,0,0,0,0,0]
	first Hamiltonian is constructed, non-zero numbers = 2178478298
	PARPACK diagonalization completed after 180 matrix-vector product operations.
	iteration results: : total energy is -10.807012 | electron energy -10.807012 + phonon energy 0.000000 | electron momentum kIdx = 0
	Nq(0) = 12.25,	Nq(1) = 0.141929,	Nq(2) = 0.162174,	Nq(3) = 0.141929,	Nq(4) = 0.141929,	Nq(5) = 0.175613,	Nq(6) = 0.20172,	Nq(7) = 0.175613,	Nq(8) = 0.162174,	Nq(9) = 0.20172,	Nq(10) = 0.233929,	Nq(11) = 0.20172,	Nq(12) = 0.141929,	Nq(13) = 0.175613,	Nq(14) = 0.20172,	Nq(15) = 0.175613,	Sq(0) = 4.57656e-19,	Sq(1) = 0.470092,	Sq(2) = 0.793515,	Sq(3) = 0.470092,	Sq(4) = 0.470092,	Sq(5) = 0.652239,	Sq(6) = 1.12077,	Sq(7) = 0.652239,	Sq(8) = 0.793515,	Sq(9) = 1.12077,	Sq(10) = 2.55524,	Sq(11) = 1.12077,	Sq(12) = 0.470092,	Sq(13) = 0.652239,	Sq(14) = 1.12077,	Sq(15) = 0.652239,	N(0) = 1.67827,	N(1) = 1.49596,	N(2) = 0.417412,	N(3) = 1.49596,	N(4) = 1.49596,	N(5) = 0.99941,	N(6) = 0.321825,	N(7) = 0.99941,	N(8) = 0.417412,	N(9) = 0.321825,	N(10) = 0.218126,	N(11) = 0.321825,	N(12) = 1.49596,	N(13) = 0.99941,	N(14) = 0.321825,	N(15) = 0.99941,	Delta[s](0) = 0.052633,	Delta[s](1) = 0.0399277,	Delta[s](2) = 0.0251063,	Delta[s](3) = 0.0399277,	Delta[s](4) = 0.0399277,	Delta[s](5) = 0.028875,	Delta[s](6) = 0.0151465,	Delta[s](7) = 0.028875,	Delta[s](8) = 0.0251063,	Delta[s](9) = 0.0151465,	Delta[s](10) = 0.00402248,	Delta[s](11) = 0.0151465,	Delta[s](12) = 0.0399277,	Delta[s](13) = 0.028875,	Delta[s](14) = 0.0151465,	Delta[s](15) = 0.028875,	Delta[d](0) = 0.293135,	Delta[d](1) = 0.214231,	Delta[d](2) = 0.213179,	Delta[d](3) = 0.214231,	Delta[d](4) = 0.214231,	Delta[d](5) = 0.19386,	Delta[d](6) = 0.148213,	Delta[d](7) = 0.19386,	Delta[d](8) = 0.213179,	Delta[d](9) = 0.148213,	Delta[d](10) = 0.0694565,	Delta[d](11) = 0.148213,	Delta[d](12) = 0.214231,	Delta[d](13) = 0.19386,	Delta[d](14) = 0.148213,	Delta[d](15) = 0.19386,	Delta[s+](0) = 0.54566,	Delta[s+](1) = 0.408905,	Delta[s+](2) = 0.213179,	Delta[s+](3) = 0.408905,	Delta[s+](4) = 0.408905,	Delta[s+](5) = 0.290646,	Delta[s+](6) = 0.138523,	Delta[s+](7) = 0.290646,	Delta[s+](8) = 0.213179,	Delta[s+](9) = 0.138523,	Delta[s+](10) = 0.049846,	Delta[s+](11) = 0.138523,	Delta[s+](12) = 0.408905,	Delta[s+](13) = 0.290646,	Delta[s+](14) = 0.138523,	Delta[s+](15) = 0.290646
The 0-th iteration is completed.	|| time cost : 0h 6m 33.509s
********************************************************************************************************************
Start the 1 rounds of NGS-ED iteration
	effective electronic model is modified as: kinetic energy t = 0.961415
	                                           effective interaction Vq = [-1.43875,-1.37383,-1.32012,-1.37383,-1.37383,-1.32991,-1.29389,-1.32991,-1.32012,-1.29389,-1.27088,-1.29389,-1.37383,-1.32991,-1.29389,-1.32991]
	PARPACK diagonalization completed after 60 matrix-vector product operations.
	iteration results: : total energy is -31.564886 | electron energy -31.565742 + phonon energy 0.000856 | electron momentum kIdx = 0
The 1-th iteration is completed.	|| time cost : 0h 5m 12.364s
********************************************************************************************************************
Start the 2 rounds of NGS-ED iteration
	effective electronic model is modified as: kinetic energy t = 0.9511
	                                           effective interaction Vq = [ -1.4974,-1.44779,-1.39652,-1.44779,-1.44779,-1.40878,-1.37179,-1.40878,-1.39652,-1.37179,-1.34827,-1.37179,-1.44779,-1.40878,-1.37179,-1.40878]
	PARPACK diagonalization completed after 60 matrix-vector product operations.
	iteration results: : total energy is -32.342888 | electron energy -32.345701 + phonon energy 0.002813 | electron momentum kIdx = 0
The 2-th iteration is completed.	|| time cost : 0h 0m 27.26s
********************************************************************************************************************
Start the 3 rounds of NGS-ED iteration
	effective electronic model is modified as: kinetic energy t = 0.949675
	                                           effective interaction Vq = [-1.49979,-1.45608,-1.40484,-1.45608,-1.45608,-1.41756,-1.38009,-1.41756,-1.40484,-1.38009,-1.35626,-1.38009,-1.45608,-1.41756,-1.38009,-1.41756]
	PARPACK diagonalization completed after 45 matrix-vector product operations.
	iteration results: : total energy is -32.373252 | electron energy -32.376513 + phonon energy 0.003261 | electron momentum kIdx = 0
The 3-th iteration is completed.	|| time cost : 0h 0m 24.535s
********************************************************************************************************************
Start the 4 rounds of NGS-ED iteration
	effective electronic model is modified as: kinetic energy t = 0.949488
	                                           effective interaction Vq = [-1.49989,-1.45725,-1.40588,-1.45725,-1.45725, -1.4187,-1.38108, -1.4187,-1.40588,-1.38108,-1.35716,-1.38108,-1.45725, -1.4187,-1.38108, -1.4187]
	PARPACK diagonalization completed after 45 matrix-vector product operations.
	iteration results: : total energy is -32.374466 | electron energy -32.377790 + phonon energy 0.003324 | electron momentum kIdx = 0
The 4-th iteration is completed.	|| time cost : 0h 0m 24.444s
********************************************************************************************************************
Start the 5 rounds of NGS-ED iteration
	effective electronic model is modified as: kinetic energy t = 0.949463
	                                           effective interaction Vq = [-1.49989,-1.45743,-1.40601,-1.45743,-1.45743,-1.41886, -1.3812,-1.41886,-1.40601, -1.3812,-1.35727, -1.3812,-1.45743,-1.41886, -1.3812,-1.41886]
	PARPACK diagonalization completed after 30 matrix-vector product operations.
	iteration results: : total energy is -32.374515 | electron energy -32.377848 + phonon energy 0.003333 | electron momentum kIdx = 0
	Nq(0) = 12.25,	Nq(1) = 0.158552,	Nq(2) = 0.191703,	Nq(3) = 0.158552,	Nq(4) = 0.158552,	Nq(5) = 0.211164,	Nq(6) = 0.244499,	Nq(7) = 0.211164,	Nq(8) = 0.191703,	Nq(9) = 0.244499,	Nq(10) = 0.285571,	Nq(11) = 0.244499,	Nq(12) = 0.158552,	Nq(13) = 0.211164,	Nq(14) = 0.244499,	Nq(15) = 0.211164,	Sq(0) = 2.6398e-18,	Sq(1) = 0.47411,	Sq(2) = 0.759044,	Sq(3) = 0.47411,	Sq(4) = 0.47411,	Sq(5) = 0.626546,	Sq(6) = 1.03642,	Sq(7) = 0.626546,	Sq(8) = 0.759044,	Sq(9) = 1.03642,	Sq(10) = 2.55778,	Sq(11) = 1.03642,	Sq(12) = 0.47411,	Sq(13) = 0.626546,	Sq(14) = 1.03642,	Sq(15) = 0.626546,	N(0) = 1.77197,	N(1) = 1.61464,	N(2) = 0.301419,	N(3) = 1.61464,	N(4) = 1.61464,	N(5) = 0.999601,	N(6) = 0.25357,	N(7) = 0.999601,	N(8) = 0.301419,	N(9) = 0.25357,	N(10) = 0.15397,	N(11) = 0.25357,	N(12) = 1.61464,	N(13) = 0.999601,	N(14) = 0.25357,	N(15) = 0.999601,	Delta[s](0) = 0.0776118,	Delta[s](1) = 0.0601144,	Delta[s](2) = 0.0392741,	Delta[s](3) = 0.0601144,	Delta[s](4) = 0.0601144,	Delta[s](5) = 0.0454543,	Delta[s](6) = 0.0253561,	Delta[s](7) = 0.0454543,	Delta[s](8) = 0.0392741,	Delta[s](9) = 0.0253561,	Delta[s](10) = 0.00806193,	Delta[s](11) = 0.0253561,	Delta[s](12) = 0.0601144,	Delta[s](13) = 0.0454543,	Delta[s](14) = 0.0253561,	Delta[s](15) = 0.0454543,	Delta[d](0) = 0.27505,	Delta[d](1) = 0.194771,	Delta[d](2) = 0.203452,	Delta[d](3) = 0.194771,	Delta[d](4) = 0.194771,	Delta[d](5) = 0.181549,	Delta[d](6) = 0.136676,	Delta[d](7) = 0.181549,	Delta[d](8) = 0.203452,	Delta[d](9) = 0.136676,	Delta[d](10) = 0.0572323,	Delta[d](11) = 0.136676,	Delta[d](12) = 0.194771,	Delta[d](13) = 0.181549,	Delta[d](14) = 0.136676,	Delta[d](15) = 0.181549,	Delta[s+](0) = 0.56292,	Delta[s+](1) = 0.419809,	Delta[s+](2) = 0.203452,	Delta[s+](3) = 0.419809,	Delta[s+](4) = 0.419809,	Delta[s+](5) = 0.294963,	Delta[s+](6) = 0.130501,	Delta[s+](7) = 0.294963,	Delta[s+](8) = 0.203452,	Delta[s+](9) = 0.130501,	Delta[s+](10) = 0.0422403,	Delta[s+](11) = 0.130501,	Delta[s+](12) = 0.419809,	Delta[s+](13) = 0.294963,	Delta[s+](14) = 0.130501,	Delta[s+](15) = 0.294963
The 5-th iteration is completed.	|| time cost : 0h 4m 1.628s
********************************************************************************************************************
********************************************************************************************************************
Ground state is obtained after 6 iterations. The current ground-state energy is -32.3745, in which electron energy is -32.3778 and phonon energy is 0.0033328
final variational state is: 
	Gamma_x = [      1,1.00417,1.00676,1.00417,1.00417,1.00709,1.00931,1.00709,1.00676,1.00931,1.01148,1.00931,1.00417,1.00709,1.00931,1.00709]
	lambda_q = [0.306154,0.254675,0.229582,0.254675,0.254675,0.235017,0.220052,0.235017,0.229582,0.220052,0.211766,0.220052,0.254675,0.235017,0.220052,0.235017]
The effective e-e interactions mediated by phonons are: [1.49989,1.45745,1.40603,1.45745,1.45745,1.41888,1.38122,1.41888,1.40603,1.38122,1.35728,1.38122,1.45745,1.41888,1.38122,1.41888]
The real-space interactions mediated by phonons are: [  -22.6994, -0.227943,0.00899178,-0.0181338, -0.295087, -0.100654,0.00899178,-0.0287217,0.00627811,-0.0287217,0.00899178, -0.100654, -0.295087,-0.0181338,0.00899178, -0.227943]
********************************************************************************************************************
o___o  ----------------------------------------
| L |	Time since last clock: 0h 0m 0s
A===A	Time since the beginning: 0h 17m 3.744s
***********************************************

********************************************************************************************************************
Start warm-up calculation for scaling factor 8
open output files: NGSEDWarmUpW8Obs.txt
********************************************************************************************************************
Start the 0 rounds of NGS-ED iteration
	effective electronic model is modified as: kinetic energy t = 0.94946
	                                           effective interaction Vq = [-1.37118, -1.2455,-1.16887, -1.2455, -1.2455,-1.18632,-1.13713,-1.18632,-1.16887,-1.13713,-1.10834,-1.13713, -1.2455,-1.18632,-1.13713,-1.18632]
	PARPACK diagonalization completed after 60 matrix-vector product operations.
	iteration results: : total energy is -30.082952 | electron energy -30.084619 + phonon energy 0.001667 | electron momentum kIdx = 0
	Nq(0) = 12.25,	Nq(1) = 0.154592,	Nq(2) = 0.184138,	Nq(3) = 0.154592,	Nq(4) = 0.154592,	Nq(5) = 0.202035,	Nq(6) = 0.233393,	Nq(7) = 0.202035,	Nq(8) = 0.184138,	Nq(9) = 0.233393,	Nq(10) = 0.27233,	Nq(11) = 0.233393,	Nq(12) = 0.154592,	Nq(13) = 0.202035,	Nq(14) = 0.233393,	Nq(15) = 0.202035,	Sq(0) = 5.18023e-19,	Sq(1) = 0.473068,	Sq(2) = 0.767383,	Sq(3) = 0.473068,	Sq(4) = 0.473068,	Sq(5) = 0.631275,	Sq(6) = 1.05688,	Sq(7) = 0.631275,	Sq(8) = 0.767383,	Sq(9) = 1.05688,	Sq(10) = 2.56966,	Sq(11) = 1.05688,	Sq(12) = 0.473068,	Sq(13) = 0.631275,	Sq(14) = 1.05688,	Sq(15) = 0.631275,	N(0) = 1.75161,	N(1) = 1.58715,	N(2) = 0.32673,	N(3) = 1.58715,	N(4) = 1.58715,	N(5) = 0.999593,	N(6) = 0.269918,	N(7) = 0.999593,	N(8) = 0.32673,	N(9) = 0.269918,	N(10) = 0.168307,	N(11) = 0.269918,	N(12) = 1.58715,	N(13) = 0.999593,	N(14) = 0.269918,	N(15) = 0.999593,	Delta[s](0) = 0.0697644,	Delta[s](1) = 0.0542513,	Delta[s](2) = 0.035849,	Delta[s](3) = 0.0542513,	Delta[s](4) = 0.0542513,	Delta[s](5) = 0.041087,	Delta[s](6) = 0.0234874,	Delta[s](7) = 0.041087,	Delta[s](8) = 0.035849,	Delta[s](9) = 0.0234874,	Delta[s](10) = 0.00857867,	Delta[s](11) = 0.0234874,	Delta[s](12) = 0.0542513,	Delta[s](13) = 0.041087,	Delta[s](14) = 0.0234874,	Delta[s](15) = 0.041087,	Delta[d](0) = 0.284191,	Delta[d](1) = 0.204915,	Delta[d](2) = 0.210484,	Delta[d](3) = 0.204915,	Delta[d](4) = 0.204915,	Delta[d](5) = 0.189278,	Delta[d](6) = 0.14321,	Delta[d](7) = 0.189278,	Delta[d](8) = 0.210484,	Delta[d](9) = 0.14321,	Delta[d](10) = 0.0625137,	Delta[d](11) = 0.14321,	Delta[d](12) = 0.204915,	Delta[d](13) = 0.189278,	Delta[d](14) = 0.14321,	Delta[d](15) = 0.189278,	Delta[s+](0) = 0.567403,	Delta[s+](1) = 0.423852,	Delta[s+](2) = 0.210484,	Delta[s+](3) = 0.423852,	Delta[s+](4) = 0.423852,	Delta[s+](5) = 0.299344,	Delta[s+](6) = 0.136222,	Delta[s+](7) = 0.299344,	Delta[s+](8) = 0.210484,	Delta[s+](9) = 0.136222,	Delta[s+](10) = 0.0463354,	Delta[s+](11) = 0.136222,	Delta[s+](12) = 0.423852,	Delta[s+](13) = 0.299344,	Delta[s+](14) = 0.136222,	Delta[s+](15) = 0.299344
The 0-th iteration is completed.	|| time cost : 0h 4m 3.307s
********************************************************************************************************************
Start the 1 rounds of NGS-ED iteration
	effective electronic model is modified as: kinetic energy t = 0.939942
	                                           effective interaction Vq = [ -1.4739,-1.34022,-1.23745,-1.34022,-1.34022,-1.26037,  -1.193,-1.26037,-1.23745,  -1.193,-1.15331,  -1.193,-1.34022,-1.26037,  -1.193,-1.26037]
	PARPACK diagonalization completed after 60 matrix-vector product operations.
	iteration results: : total energy is -31.384466 | electron energy -31.390739 + phonon energy 0.006273 | electron momentum kIdx = 0
The 1-th iteration is completed.	|| time cost : 0h 0m 27.637s
********************************************************************************************************************
Start the 2 rounds of NGS-ED iteration
	effective electronic model is modified as: kinetic energy t = 0.936907
	                                           effective interaction Vq = [-1.49464,-1.36747,-1.25612,-1.36747,-1.36747,-1.28099,-1.20805,-1.28099,-1.25612,-1.20805,-1.16546,-1.20805,-1.36747,-1.28099,-1.20805,-1.28099]
	PARPACK diagonalization completed after 45 matrix-vector product operations.
	iteration results: : total energy is -31.642910 | electron energy -31.651488 + phonon energy 0.008578 | electron momentum kIdx = 0
The 2-th iteration is completed.	|| time cost : 0h 0m 24.673s
********************************************************************************************************************
Start the 3 rounds of NGS-ED iteration
	effective electronic model is modified as: kinetic energy t = 0.93596
	                                           effective interaction Vq = [-1.49883,-1.37618,-1.26153,-1.37618,-1.37618,-1.28713,-1.21231,-1.28713,-1.26153,-1.21231,-1.16887,-1.21231,-1.37618,-1.28713,-1.21231,-1.28713]
	PARPACK diagonalization completed after 45 matrix-vector product operations.
	iteration results: : total energy is -31.694660 | electron energy -31.704081 + phonon energy 0.009421 | electron momentum kIdx = 0
The 3-th iteration is completed.	|| time cost : 0h 0m 24.578s
********************************************************************************************************************
Start the 4 rounds of NGS-ED iteration
	effective electronic model is modified as: kinetic energy t = 0.935664
	                                           effective interaction Vq = [-1.49968,-1.37908,-1.26313,-1.37908,-1.37908,-1.28899,-1.21353,-1.28899,-1.26313,-1.21353,-1.16984,-1.21353,-1.37908,-1.28899,-1.21353,-1.28899]
	PARPACK diagonalization completed after 30 matrix-vector product operations.
	iteration results: : total energy is -31.705064 | electron energy -31.714764 + phonon energy 0.009700 | electron momentum kIdx = 0
The 4-th iteration is completed.	|| time cost : 0h 0m 21.93s
********************************************************************************************************************
Start the 5 rounds of NGS-ED iteration
	effective electronic model is modified as: kinetic energy t = 0.935572
	                                           effective interaction Vq = [-1.49985,-1.38007, -1.2636,-1.38007,-1.38007,-1.28957,-1.21389,-1.28957, -1.2636,-1.21389,-1.17012,-1.21389,-1.38007,-1.28957,-1.21389,-1.28957]
	PARPACK diagonalization completed after 30 matrix-vector product operations.
	iteration results: : total energy is -31.707160 | electron energy -31.716950 + phonon energy 0.009789 | electron momentum kIdx = 0
The 5-th iteration is completed.	|| time cost : 0h 0m 21.759s
********************************************************************************************************************
Start the 6 rounds of NGS-ED iteration
	effective electronic model is modified as: kinetic energy t = 0.935542
	                                           effective interaction Vq = [-1.49988,-1.38041,-1.26374,-1.38041,-1.38041,-1.28974,-1.21399,-1.28974,-1.26374,-1.21399, -1.1702,-1.21399,-1.38041,-1.28974,-1.21399,-1.28974]
	PARPACK diagonalization completed after 30 matrix-vector product operations.
	iteration results: : total energy is -31.707583 | electron energy -31.717400 + phonon energy 0.009817 | electron momentum kIdx = 0
The 6-th iteration is completed.	|| time cost : 0h 0m 21.784s
********************************************************************************************************************
Start the 7 rounds of NGS-ED iteration
	effective electronic model is modified as: kinetic energy t = 0.935533
	                                           effective interaction Vq = [-1.49989,-1.38052,-1.26379,-1.38052,-1.38052, -1.2898,-1.21402, -1.2898,-1.26379,-1.21402,-1.17022,-1.21402,-1.38052, -1.2898,-1.21402, -1.2898]
	PARPACK diagonalization completed after 30 matrix-vector product operations.
	iteration results: : total energy is -31.707668 | electron energy -31.717494 + phonon energy 0.009826 | electron momentum kIdx = 0
	Nq(0) = 12.25,	Nq(1) = 0.155794,	Nq(2) = 0.185231,	Nq(3) = 0.155794,	Nq(4) = 0.155794,	Nq(5) = 0.203435,	Nq(6) = 0.234655,	Nq(7) = 0.203435,	Nq(8) = 0.185231,	Nq(9) = 0.234655,	Nq(10) = 0.273597,	Nq(11) = 0.234655,	Nq(12) = 0.155794,	Nq(13) = 0.203435,	Nq(14) = 0.234655,	Nq(15) = 0.203435,	Sq(0) = -3.75332e-18,	Sq(1) = 0.472584,	Sq(2) = 0.76598,	Sq(3) = 0.472584,	Sq(4) = 0.472584,	Sq(5) = 0.630404,	Sq(6) = 1.05443,	Sq(7) = 0.630404,	Sq(8) = 0.76598,	Sq(9) = 1.05443,	Sq(10) = 2.56877,	Sq(11) = 1.05443,	Sq(12) = 0.472584,	Sq(13) = 0.630404,	Sq(14) = 1.05443,	Sq(15) = 0.630404,	N(0) = 1.75479,	N(1) = 1.59158,	N(2) = 0.322574,	N(3) = 1.59158,	N(4) = 1.59158,	N(5) = 0.99941,	N(6) = 0.267415,	N(7) = 0.99941,	N(8) = 0.322574,	N(9) = 0.267415,	N(10) = 0.166458,	N(11) = 0.267415,	N(12) = 1.59158,	N(13) = 0.99941,	N(14) = 0.267415,	N(15) = 0.99941,	Delta[s](0) = 0.0701715,	Delta[s](1) = 0.0547563,	Delta[s](2) = 0.0364526,	Delta[s](3) = 0.0547563,	Delta[s](4) = 0.0547563,	Delta[s](5) = 0.0416879,	Delta[s](6) = 0.0241639,	Delta[s](7) = 0.0416879,	Delta[s](8) = 0.0364526,	Delta[s](9) = 0.0241639,	Delta[s](10) = 0.00928838,	Delta[s](11) = 0.0241639,	Delta[s](12) = 0.0547563,	Delta[s](13) = 0.0416879,	Delta[s](14) = 0.0241639,	Delta[s](15) = 0.0416879,	Delta[d](0) = 0.288474,	Delta[d](1) = 0.207993,	Delta[d](2) = 0.213527,	Delta[d](3) = 0.207993,	Delta[d](4) = 0.207993,	Delta[d](5) = 0.192132,	Delta[d](6) = 0.145334,	Delta[d](7) = 0.192132,	Delta[d](8) = 0.213527,	Delta[d](9) = 0.145334,	Delta[d](10) = 0.0635987,	Delta[d](11) = 0.145334,	Delta[d](12) = 0.207993,	Delta[d](13) = 0.192132,	Delta[d](14) = 0.145334,	Delta[d](15) = 0.192132,	Delta[s+](0) = 0.575588,	Delta[s+](1) = 0.429968,	Delta[s+](2) = 0.213527,	Delta[s+](3) = 0.429968,	Delta[s+](4) = 0.429968,	Delta[s+](5) = 0.303694,	Delta[s+](6) = 0.138307,	Delta[s+](7) = 0.303694,	Delta[s+](8) = 0.213527,	Delta[s+](9) = 0.138307,	Delta[s+](10) = 0.047232,	Delta[s+](11) = 0.138307,	Delta[s+](12) = 0.429968,	Delta[s+](13) = 0.303694,	Delta[s+](14) = 0.138307,	Delta[s+](15) = 0.303694
The 7-th iteration is completed.	|| time cost : 0h 4m 0.877s
********************************************************************************************************************
********************************************************************************************************************
Ground state is obtained after 8 iterations. The current ground-state energy is -31.7077, in which electron energy is -31.7175 and phonon energy is 0.00982576
final variational state is: 
	Gamma_x = [      1, 1.0119,1.01676, 1.0119, 1.0119,1.01802,1.02188,1.01802,1.01676,1.02188,1.02587,1.02188, 1.0119,1.01802,1.02188,1.01802]
	lambda_q = [0.432786,0.310864,0.261209,0.310864,0.310864,0.270948,0.243967,0.270948,0.261209,0.243967,0.230001,0.243967,0.310864,0.270948,0.243967,0.270948]
The effective e-e interactions mediated by phonons are: [1.49989,1.38056, 1.2638,1.38056,1.38056,1.28981,1.21403,1.28981, 1.2638,1.21403,1.17023,1.21403,1.38056,1.28981,1.21403,1.28981]
The real-space interactions mediated by phonons are: [   -20.7353,  -0.519829,-0.00257216, -0.0798031,   -0.66271,   -0.26005,-0.00257216, -0.0846758, -0.0384731, -0.0846758,-0.00257216,   -0.26005,   -0.66271, -0.0798031,-0.00257216,  -0.519829]
********************************************************************************************************************
o___o  ----------------------------------------
| L |	Time since last clock: 0h 0m 0s
A===A	Time since the beginning: 0h 27m 30.295s
***********************************************

********************************************************************************************************************
Start warm-up calculation for scaling factor 4
open output files: NGSEDWarmUpW4Obs.txt
********************************************************************************************************************
Start the 0 rounds of NGS-ED iteration
	effective electronic model is modified as: kinetic energy t = 0.93553
	                                           effective interaction Vq = [ -1.37092, -1.13632, -1.00669, -1.13632, -1.13632, -1.03367,-0.957067, -1.03367, -1.00669,-0.957067,-0.915127,-0.957067, -1.13632, -1.03367,-0.957067, -1.03367]
	PARPACK diagonalization completed after 60 matrix-vector product operations.
	iteration results: : total energy is -29.381892 | electron energy -29.386806 + phonon energy 0.004914 | electron momentum kIdx = 0
	Nq(0) = 12.25,	Nq(1) = 0.151771,	Nq(2) = 0.177713,	Nq(3) = 0.151771,	Nq(4) = 0.151771,	Nq(5) = 0.194394,	Nq(6) = 0.223825,	Nq(7) = 0.194394,	Nq(8) = 0.177713,	Nq(9) = 0.223825,	Nq(10) = 0.260697,	Nq(11) = 0.223825,	Nq(12) = 0.151771,	Nq(13) = 0.194394,	Nq(14) = 0.223825,	Nq(15) = 0.194394,	Sq(0) = 6.24634e-20,	Sq(1) = 0.471363,	Sq(2) = 0.774366,	Sq(3) = 0.471363,	Sq(4) = 0.471363,	Sq(5) = 0.635821,	Sq(6) = 1.07549,	Sq(7) = 0.635821,	Sq(8) = 0.774366,	Sq(9) = 1.07549,	Sq(10) = 2.57449,	Sq(11) = 1.07549,	Sq(12) = 0.471363,	Sq(13) = 0.635821,	Sq(14) = 1.07549,	Sq(15) = 0.635821,	N(0) = 1.73301,	N(1) = 1.56295,	N(2) = 0.349863,	N(3) = 1.56295,	N(4) = 1.56295,	N(5) = 0.999366,	N(6) = 0.284081,	N(7) = 0.999366,	N(8) = 0.349863,	N(9) = 0.284081,	N(10) = 0.181674,	N(11) = 0.284081,	N(12) = 1.56295,	N(13) = 0.999366,	N(14) = 0.284081,	N(15) = 0.999366,	Delta[s](0) = 0.0637374,	Delta[s](1) = 0.049609,	Delta[s](2) = 0.0329213,	Delta[s](3) = 0.049609,	Delta[s](4) = 0.049609,	Delta[s](5) = 0.0374914,	Delta[s](6) = 0.0216619,	Delta[s](7) = 0.0374914,	Delta[s](8) = 0.0329213,	Delta[s](9) = 0.0216619,	Delta[s](10) = 0.00841287,	Delta[s](11) = 0.0216619,	Delta[s](12) = 0.049609,	Delta[s](13) = 0.0374914,	Delta[s](14) = 0.0216619,	Delta[s](15) = 0.0374914,	Delta[d](0) = 0.29983,	Delta[d](1) = 0.218576,	Delta[d](2) = 0.221258,	Delta[d](3) = 0.218576,	Delta[d](4) = 0.218576,	Delta[d](5) = 0.200205,	Delta[d](6) = 0.151976,	Delta[d](7) = 0.200205,	Delta[d](8) = 0.221258,	Delta[d](9) = 0.151976,	Delta[d](10) = 0.0684716,	Delta[d](11) = 0.151976,	Delta[d](12) = 0.218576,	Delta[d](13) = 0.200205,	Delta[d](14) = 0.151976,	Delta[d](15) = 0.200205,	Delta[s+](0) = 0.583991,	Delta[s+](1) = 0.43684,	Delta[s+](2) = 0.221258,	Delta[s+](3) = 0.43684,	Delta[s+](4) = 0.43684,	Delta[s+](5) = 0.309639,	Delta[s+](6) = 0.144002,	Delta[s+](7) = 0.309639,	Delta[s+](8) = 0.221258,	Delta[s+](9) = 0.144002,	Delta[s+](10) = 0.0507461,	Delta[s+](11) = 0.144002,	Delta[s+](12) = 0.43684,	Delta[s+](13) = 0.309639,	Delta[s+](14) = 0.144002,	Delta[s+](15) = 0.309639
The 0-th iteration is completed.	|| time cost : 0h 4m 2.932s
********************************************************************************************************************
Start the 1 rounds of NGS-ED iteration
	effective electronic model is modified as: kinetic energy t = 0.935187
	                                           effective interaction Vq = [ -1.44194, -1.17656, -1.01097, -1.17656, -1.17656, -1.04426,-0.947062, -1.04426, -1.01097,-0.947062,-0.894263,-0.947062, -1.17656, -1.04426,-0.947062, -1.04426]
	PARPACK diagonalization completed after 60 matrix-vector product operations.
	iteration results: : total energy is -30.259789 | electron energy -30.271025 + phonon energy 0.011236 | electron momentum kIdx = 0
The 1-th iteration is completed.	|| time cost : 0h 0m 27.304s
********************************************************************************************************************
Start the 2 rounds of NGS-ED iteration
	effective electronic model is modified as: kinetic energy t = 0.934605
	                                           effective interaction Vq = [ -1.47385, -1.19678, -1.01416, -1.19678, -1.19678, -1.05021,-0.945217, -1.05021, -1.01416,-0.945217,-0.889308,-0.945217, -1.19678, -1.05021,-0.945217, -1.05021]
	PARPACK diagonalization completed after 60 matrix-vector product operations.
	iteration results: : total energy is -30.652557 | electron energy -30.667514 + phonon energy 0.014958 | electron momentum kIdx = 0
The 2-th iteration is completed.	|| time cost : 0h 0m 27.341s
********************************************************************************************************************
Start the 3 rounds of NGS-ED iteration
	effective electronic model is modified as: kinetic energy t = 0.934174
	                                           effective interaction Vq = [ -1.48819, -1.20718, -1.01615, -1.20718, -1.20718, -1.05346, -0.94536, -1.05346, -1.01615, -0.94536,-0.888524, -0.94536, -1.20718, -1.05346, -0.94536, -1.05346]
	PARPACK diagonalization completed after 45 matrix-vector product operations.
	iteration results: : total energy is -30.828687 | electron energy -30.845596 + phonon energy 0.016909 | electron momentum kIdx = 0
The 3-th iteration is completed.	|| time cost : 0h 0m 24.475s
********************************************************************************************************************
Start the 4 rounds of NGS-ED iteration
	effective electronic model is modified as: kinetic energy t = 0.933909
	                                           effective interaction Vq = [ -1.49463, -1.21261,  -1.0173, -1.21261, -1.21261,  -1.0552,-0.945786,  -1.0552,  -1.0173,-0.945786,-0.888647,-0.945786, -1.21261,  -1.0552,-0.945786,  -1.0552]
	PARPACK diagonalization completed after 45 matrix-vector product operations.
	iteration results: : total energy is -30.907742 | electron energy -30.925650 + phonon energy 0.017908 | electron momentum kIdx = 0
The 4-th iteration is completed.	|| time cost : 0h 0m 24.537s
********************************************************************************************************************
Start the 5 rounds of NGS-ED iteration
	effective electronic model is modified as: kinetic energy t = 0.933757
	                                           effective interaction Vq = [ -1.49753, -1.21548, -1.01793, -1.21548, -1.21548, -1.05612,-0.946118, -1.05612, -1.01793,-0.946118,-0.888866,-0.946118, -1.21548, -1.05612,-0.946118, -1.05612]
	PARPACK diagonalization completed after 45 matrix-vector product operations.
	iteration results: : total energy is -30.943242 | electron energy -30.961659 + phonon energy 0.018417 | electron momentum kIdx = 0
The 5-th iteration is completed.	|| time cost : 0h 0m 24.509s
********************************************************************************************************************
Start the 6 rounds of NGS-ED iteration
	effective electronic model is modified as: kinetic energy t = 0.933673
	                                           effective interaction Vq = [ -1.49883, -1.21699, -1.01827, -1.21699, -1.21699,  -1.0566,-0.946323,  -1.0566, -1.01827,-0.946323,-0.889023,-0.946323, -1.21699,  -1.0566,-0.946323,  -1.0566]
	PARPACK diagonalization completed after 45 matrix-vector product operations.
	iteration results: : total energy is -30.959187 | electron energy -30.977865 + phonon energy 0.018678 | electron momentum kIdx = 0
The 6-th iteration is completed.	|| time cost : 0h 0m 24.518s
********************************************************************************************************************
Start the 7 rounds of NGS-ED iteration
	effective electronic model is modified as: kinetic energy t = 0.933628
	                                           effective interaction Vq = [ -1.49941,  -1.2178, -1.01845,  -1.2178,  -1.2178, -1.05685, -0.94644, -1.05685, -1.01845, -0.94644,-0.889118, -0.94644,  -1.2178, -1.05685, -0.94644, -1.05685]
	PARPACK diagonalization completed after 45 matrix-vector product operations.
	iteration results: : total energy is -30.966349 | electron energy -30.985161 + phonon energy 0.018812 | electron momentum kIdx = 0
The 7-th iteration is completed.	|| time cost : 0h 0m 24.544s
********************************************************************************************************************
Start the 8 rounds of NGS-ED iteration
	effective electronic model is modified as: kinetic energy t = 0.933604
	                                           effective interaction Vq = [ -1.49968, -1.21823, -1.01854, -1.21823, -1.21823, -1.05698,-0.946503, -1.05698, -1.01854,-0.946503, -0.88917,-0.946503, -1.21823, -1.05698,-0.946503, -1.05698]
	PARPACK diagonalization completed after 30 matrix-vector product operations.
	iteration results: : total energy is -30.969567 | electron energy -30.988448 + phonon energy 0.018881 | electron momentum kIdx = 0
The 8-th iteration is completed.	|| time cost : 0h 0m 21.668s
********************************************************************************************************************
Start the 9 rounds of NGS-ED iteration
	effective electronic model is modified as: kinetic energy t = 0.933591
	                                           effective interaction Vq = [ -1.49979, -1.21846, -1.01859, -1.21846, -1.21846, -1.05705,-0.946536, -1.05705, -1.01859,-0.946536,-0.889198,-0.946536, -1.21846, -1.05705,-0.946536, -1.05705]
	PARPACK diagonalization completed after 30 matrix-vector product operations.
	iteration results: : total energy is -30.971013 | electron energy -30.989930 + phonon energy 0.018916 | electron momentum kIdx = 0
The 9-th iteration is completed.	|| time cost : 0h 0m 21.67s
********************************************************************************************************************
Start the 10 rounds of NGS-ED iteration
	effective electronic model is modified as: kinetic energy t = 0.933585
	                                           effective interaction Vq = [ -1.49985, -1.21858, -1.01861, -1.21858, -1.21858, -1.05708,-0.946553, -1.05708, -1.01861,-0.946553,-0.889213,-0.946553, -1.21858, -1.05708,-0.946553, -1.05708]
	PARPACK diagonalization completed after 30 matrix-vector product operations.
	iteration results: : total energy is -30.971663 | electron energy -30.990598 + phonon energy 0.018935 | electron momentum kIdx = 0
The 10-th iteration is completed.	|| time cost : 0h 0m 21.974s
********************************************************************************************************************
Start the 11 rounds of NGS-ED iteration
	effective electronic model is modified as: kinetic energy t = 0.933581
	                                           effective interaction Vq = [ -1.49987, -1.21865, -1.01863, -1.21865, -1.21865,  -1.0571,-0.946562,  -1.0571, -1.01863,-0.946562, -0.88922,-0.946562, -1.21865,  -1.0571,-0.946562,  -1.0571]
	PARPACK diagonalization completed after 30 matrix-vector product operations.
	iteration results: : total energy is -30.971955 | electron energy -30.990899 + phonon energy 0.018944 | electron momentum kIdx = 0
The 11-th iteration is completed.	|| time cost : 0h 0m 21.777s
********************************************************************************************************************
Start the 12 rounds of NGS-ED iteration
	effective electronic model is modified as: kinetic energy t = 0.933579
	                                           effective interaction Vq = [ -1.49988, -1.21868, -1.01863, -1.21868, -1.21868, -1.05711,-0.946567, -1.05711, -1.01863,-0.946567,-0.889224,-0.946567, -1.21868, -1.05711,-0.946567, -1.05711]
	PARPACK diagonalization completed after 30 matrix-vector product operations.
	iteration results: : total energy is -30.972086 | electron energy -30.991035 + phonon energy 0.018949 | electron momentum kIdx = 0
	Nq(0) = 12.25,	Nq(1) = 0.152723,	Nq(2) = 0.177692,	Nq(3) = 0.152723,	Nq(4) = 0.152723,	Nq(5) = 0.194457,	Nq(6) = 0.223483,	Nq(7) = 0.194457,	Nq(8) = 0.177692,	Nq(9) = 0.223483,	Nq(10) = 0.26014,	Nq(11) = 0.223483,	Nq(12) = 0.152723,	Nq(13) = 0.194457,	Nq(14) = 0.223483,	Nq(15) = 0.194457,	Sq(0) = -3.51455e-18,	Sq(1) = 0.470305,	Sq(2) = 0.773919,	Sq(3) = 0.470305,	Sq(4) = 0.470305,	Sq(5) = 0.63554,	Sq(6) = 1.07644,	Sq(7) = 0.63554,	Sq(8) = 0.773919,	Sq(9) = 1.07644,	Sq(10) = 2.57486,	Sq(11) = 1.07644,	Sq(12) = 0.470305,	Sq(13) = 0.63554,	Sq(14) = 1.07644,	Sq(15) = 0.63554,	N(0) = 1.7334,	N(1) = 1.56362,	N(2) = 0.349461,	N(3) = 1.56362,	N(4) = 1.56362,	N(5) = 0.999034,	N(6) = 0.283766,	N(7) = 0.999034,	N(8) = 0.349461,	N(9) = 0.283766,	N(10) = 0.182006,	N(11) = 0.283766,	N(12) = 1.56362,	N(13) = 0.999034,	N(14) = 0.283766,	N(15) = 0.999034,	Delta[s](0) = 0.0636609,	Delta[s](1) = 0.0496087,	Delta[s](2) = 0.0329989,	Delta[s](3) = 0.0496087,	Delta[s](4) = 0.0496087,	Delta[s](5) = 0.0375476,	Delta[s](6) = 0.0217967,	Delta[s](7) = 0.0375476,	Delta[s](8) = 0.0329989,	Delta[s](9) = 0.0217967,	Delta[s](10) = 0.00861621,	Delta[s](11) = 0.0217967,	Delta[s](12) = 0.0496087,	Delta[s](13) = 0.0375476,	Delta[s](14) = 0.0217967,	Delta[s](15) = 0.0375476,	Delta[d](0) = 0.313542,	Delta[d](1) = 0.228026,	Delta[d](2) = 0.230337,	Delta[d](3) = 0.228026,	Delta[d](4) = 0.228026,	Delta[d](5) = 0.208584,	Delta[d](6) = 0.158267,	Delta[d](7) = 0.208584,	Delta[d](8) = 0.230337,	Delta[d](9) = 0.158267,	Delta[d](10) = 0.0715875,	Delta[d](11) = 0.158267,	Delta[d](12) = 0.228026,	Delta[d](13) = 0.208584,	Delta[d](14) = 0.158267,	Delta[d](15) = 0.208584,	Delta[s+](0) = 0.607209,	Delta[s+](1) = 0.454212,	Delta[s+](2) = 0.230337,	Delta[s+](3) = 0.454212,	Delta[s+](4) = 0.454212,	Delta[s+](5) = 0.32195,	Delta[s+](6) = 0.149948,	Delta[s+](7) = 0.32195,	Delta[s+](8) = 0.230337,	Delta[s+](9) = 0.149948,	Delta[s+](10) = 0.0530339,	Delta[s+](11) = 0.149948,	Delta[s+](12) = 0.454212,	Delta[s+](13) = 0.32195,	Delta[s+](14) = 0.149948,	Delta[s+](15) = 0.32195
The 12-th iteration is completed.	|| time cost : 0h 3m 57.741s
********************************************************************************************************************
********************************************************************************************************************
Ground state is obtained after 13 iterations. The current ground-state energy is -30.9721, in which electron energy is -30.991 and phonon energy is 0.0189495
final variational state is: 
	Gamma_x = [      1,1.02851,1.03326,1.02851,1.02851,1.03684,1.04076,1.03684,1.03326,1.04076,1.04607,1.04076,1.02851,1.03684,1.04076,1.03684]
	lambda_q = [0.611359,0.347214,0.265487,0.347214,0.347214,0.279643,0.240422,0.279643,0.265487,0.240422,0.221625,0.240422,0.347214,0.279643,0.240422,0.279643]
The effective e-e interactions mediated by phonons are: [ 1.49989,  1.2187, 1.01864,  1.2187,  1.2187, 1.05711,0.946569, 1.05711, 1.01864,0.946569,0.889226,0.946569,  1.2187, 1.05711,0.946569, 1.05711]
The real-space interactions mediated by phonons are: [  -17.3159, -0.928314,-0.0811197, -0.242469,  -1.15492, -0.537022,-0.0811197,   -0.2172, -0.197929,   -0.2172,-0.0811197, -0.537022,  -1.15492, -0.242469,-0.0811197, -0.928314]
