SNEDics v3.2 diagonalization test program		Start at Fri Apr 26 23:06:33 2019

parallized on 80 MPI threads  * 6 OpenMP threads = 480 total threads.
************************************************************************************
************************************************************************************

Input file "model_params.in"
Hubbard-Holstein model parameters : 	t = 1    U = 10    g = 1.7321    W = 1    
************************************************************************************
Input file "hilbertspace_params.in"

Cluster Positions:				Cluster symmetry group : D4
 x ... x ... x ... x .....                       x ... x ... x ... x .....
 |           |           :                       |           |           :
 |           |           :                       |           |           :
12    13    14    15     x                       1     5     6     5     x
 |           |           :                       |           |           :
 |           |           :                       |           |           :
 8 --- 9 ---10 ---11 --- x                       2 --- 6 ---10 --- 6 --- x
 |           |           :                       |           |           :
 |           |           :                       |           |           :
 4     5     6     7     x                       1     5     6     5     x
 |           |           :                       |           |           :
 |           |           :                       |           |           :
 0 --- 1 --- 2 --- 3 --- x                       0 --- 1 --- 2 --- 1 --- x
orbital number : 1
************************************************************************************
0 rounds of non-Gaussian ED iteration : ground-state energy is -7.029 | electron energy -7.029 + phonon energy 0 | electron momentum kIdx = 0
Nq = 	16	0.0420847	0.0772202	0.0420847	0.0420847	0.0772202	0.109143	0.0772202	0.0772202	0.109143	0.139405	0.109143	0.0420847	0.0772202	0.109143	0.0772202
Sq = 	-6.79764e-19	0.401736	0.646986	0.401736	0.401736	0.646986	0.988392	0.646986	0.646986	0.988392	5.34993	0.988392	0.401736	0.646986	0.988392	0.646986
1 rounds of non-Gaussian ED iteration : ground-state energy is -16.0276 | electron energy -16.0276 + phonon energy 9.35389e-06 | electron momentum kIdx = 0
Nq = 	16	0.0469963	0.0853243	0.0469963	0.0469963	0.0853243	0.119952	0.0853243	0.0853243	0.119952	0.152712	0.119952	0.0469963	0.0853243	0.119952	0.0853243
Sq = 	7.84137e-19	0.40483	0.64543	0.40483	0.40483	0.64543	0.975126	0.64543	0.64543	0.975126	5.27515	0.975126	0.40483	0.64543	0.975126	0.64543
2 rounds of non-Gaussian ED iteration : ground-state energy is -23.1938 | electron energy -23.1939 + phonon energy 0.000163833 | electron momentum kIdx = 0
Nq = 	16	0.0484903	0.0877449	0.0484903	0.0484903	0.0877449	0.123141	0.0877449	0.0877449	0.123141	0.156596	0.123141	0.0484903	0.0877449	0.123141	0.0877449
Sq = 	1.54492e-18	0.405735	0.645	0.405735	0.405735	0.645	0.971275	0.645	0.645	0.971275	5.25237	0.971275	0.405735	0.645	0.971275	0.645
3 rounds of non-Gaussian ED iteration : ground-state energy is -29.0345 | electron energy -29.0351 + phonon energy 0.000616984 | electron momentum kIdx = 0
Nq = 	16	0.0490498	0.088643	0.0490498	0.0490498	0.088643	0.124316	0.088643	0.088643	0.124316	0.158017	0.124316	0.0490498	0.088643	0.124316	0.088643
Sq = 	-1.67021e-18	0.406072	0.644846	0.406072	0.406072	0.644846	0.969855	0.644846	0.644846	0.969855	5.24388	0.969855	0.406072	0.644846	0.969855	0.644846
4 rounds of non-Gaussian ED iteration : ground-state energy is -33.8126 | electron energy -33.8139 + phonon energy 0.00133206 | electron momentum kIdx = 0
Nq = 	16	0.0492931	0.0890318	0.0492931	0.0492931	0.0890318	0.124823	0.0890318	0.0890318	0.124823	0.158631	0.124823	0.0492931	0.0890318	0.124823	0.0890318
Sq = 	-2.42948e-19	0.406218	0.644781	0.406218	0.406218	0.644781	0.969242	0.644781	0.644781	0.969242	5.24019	0.969242	0.406218	0.644781	0.969242	0.644781
5 rounds of non-Gaussian ED iteration : ground-state energy is -37.7237 | electron energy -37.7259 + phonon energy 0.00219446 | electron momentum kIdx = 0
Nq = 	16	0.0494152	0.0892271	0.0494152	0.0494152	0.0892271	0.125079	0.0892271	0.0892271	0.125079	0.158943	0.125079	0.0494152	0.0892271	0.125079	0.0892271
Sq = 	7.07524e-19	0.40629	0.644747	0.40629	0.40629	0.644747	0.968936	0.644747	0.644747	0.968936	5.23833	0.968936	0.40629	0.644747	0.968936	0.644747
6 rounds of non-Gaussian ED iteration : ground-state energy is -40.9257 | electron energy -40.9288 + phonon energy 0.0031034 | electron momentum kIdx = 0
Nq = 	16	0.0494864	0.0893415	0.0494864	0.0494864	0.0893415	0.12523	0.0893415	0.0893415	0.12523	0.159128	0.12523	0.0494864	0.0893415	0.12523	0.0893415
Sq = 	-6.2026e-19	0.406331	0.644727	0.406331	0.406331	0.644727	0.968758	0.644727	0.644727	0.968758	5.23724	0.968758	0.406331	0.644727	0.968758	0.644727
7 rounds of non-Gaussian ED iteration : ground-state energy is -43.5471 | electron energy -43.5511 + phonon energy 0.00399208 | electron momentum kIdx = 0
Nq = 	16	0.049534	0.0894183	0.049534	0.049534	0.0894183	0.125333	0.0894183	0.0894183	0.125333	0.159255	0.125333	0.049534	0.0894183	0.125333	0.0894183
Sq = 	-1.55759e-20	0.406358	0.644713	0.406358	0.406358	0.644713	0.968639	0.644713	0.644713	0.968639	5.2365	0.968639	0.406358	0.644713	0.968639	0.644713
8 rounds of non-Gaussian ED iteration : ground-state energy is -45.6932 | electron energy -45.6981 + phonon energy 0.00482238 | electron momentum kIdx = 0
Nq = 	16	0.0495691	0.0894752	0.0495691	0.0495691	0.0894752	0.125409	0.0894752	0.0894752	0.125409	0.15935	0.125409	0.0495691	0.0894752	0.125409	0.0894752
Sq = 	9.32654e-19	0.406377	0.644703	0.406377	0.406377	0.644703	0.968551	0.644703	0.644703	0.968551	5.23595	0.968551	0.406377	0.644703	0.968551	0.644703
9 rounds of non-Gaussian ED iteration : ground-state energy is -47.4503 | electron energy -47.4559 + phonon energy 0.00557563 | electron momentum kIdx = 0
Nq = 	16	0.0495966	0.0895198	0.0495966	0.0495966	0.0895198	0.125469	0.0895198	0.0895198	0.125469	0.159426	0.125469	0.0495966	0.0895198	0.125469	0.0895198
Sq = 	7.94778e-19	0.406393	0.644695	0.406393	0.406392	0.644695	0.968483	0.644695	0.644695	0.968483	5.23552	0.968483	0.406392	0.644695	0.968483	0.644695
10 rounds of non-Gaussian ED iteration : ground-state energy is -48.8888 | electron energy -48.8951 + phonon energy 0.00624538 | electron momentum kIdx = 0
Nq = 	16	0.0496188	0.089556	0.0496188	0.0496188	0.089556	0.125518	0.089556	0.089556	0.125518	0.159487	0.125518	0.0496188	0.089556	0.125518	0.089556
Sq = 	5.26233e-19	0.406405	0.644688	0.406405	0.406405	0.644688	0.968427	0.644688	0.644688	0.968427	5.23518	0.968427	0.406405	0.644688	0.968427	0.644688
11 rounds of non-Gaussian ED iteration : ground-state energy is -50.0666 | electron energy -50.0734 + phonon energy 0.0068324 | electron momentum kIdx = 0
Nq = 	16	0.0496371	0.0895857	0.0496371	0.0496371	0.0895857	0.125558	0.0895857	0.0895857	0.125558	0.159538	0.125558	0.0496371	0.0895857	0.125558	0.0895857
Sq = 	-4.19374e-19	0.406415	0.644682	0.406415	0.406414	0.644682	0.968382	0.644682	0.644682	0.968382	5.23489	0.968382	0.406414	0.644682	0.968382	0.644682
12 rounds of non-Gaussian ED iteration : ground-state energy is -51.0308 | electron energy -51.0382 + phonon energy 0.00734147 | electron momentum kIdx = 0
Nq = 	16	0.0496522	0.0896104	0.0496522	0.0496522	0.0896104	0.125591	0.0896104	0.0896104	0.125591	0.15958	0.125591	0.0496522	0.0896104	0.125591	0.0896104
Sq = 	-1.13809e-18	0.406423	0.644677	0.406423	0.406423	0.644677	0.968344	0.644677	0.644677	0.968344	5.23465	0.968344	0.406423	0.644677	0.968344	0.644677
13 rounds of non-Gaussian ED iteration : ground-state energy is -51.8203 | electron energy -51.828 + phonon energy 0.0077794 | electron momentum kIdx = 0
Nq = 	16	0.0496648	0.0896309	0.0496648	0.0496648	0.0896309	0.125619	0.0896309	0.0896309	0.125619	0.159615	0.125619	0.0496648	0.0896309	0.125619	0.0896309
Sq = 	8.19788e-19	0.406429	0.644673	0.406429	0.406429	0.644673	0.968313	0.644673	0.644673	0.968313	5.23446	0.968313	0.406429	0.644673	0.968313	0.644673
14 rounds of non-Gaussian ED iteration : ground-state energy is -52.4666 | electron energy -52.4747 + phonon energy 0.00815378 | electron momentum kIdx = 0
Nq = 	16	0.0496753	0.0896479	0.0496753	0.0496753	0.0896479	0.125642	0.0896479	0.0896479	0.125642	0.159644	0.125642	0.0496753	0.0896479	0.125642	0.0896479
Sq = 	4.52426e-19	0.406435	0.64467	0.406435	0.406435	0.64467	0.968287	0.64467	0.64467	0.968287	5.23429	0.968287	0.406435	0.64467	0.968287	0.64467
15 rounds of non-Gaussian ED iteration : ground-state energy is -52.9958 | electron energy -53.0042 + phonon energy 0.00847229 | electron momentum kIdx = 0
Nq = 	16	0.049684	0.0896621	0.049684	0.049684	0.0896621	0.125661	0.0896621	0.0896621	0.125661	0.159668	0.125661	0.049684	0.0896621	0.125661	0.0896621
Sq = 	-6.18832e-19	0.40644	0.644667	0.40644	0.40644	0.644667	0.968265	0.644667	0.644667	0.968265	5.23415	0.968265	0.40644	0.644667	0.968265	0.644667
16 rounds of non-Gaussian ED iteration : ground-state energy is -53.429 | electron energy -53.4377 + phonon energy 0.0087422 | electron momentum kIdx = 0
Nq = 	16	0.0496912	0.089674	0.0496912	0.0496912	0.089674	0.125677	0.089674	0.089674	0.125677	0.159688	0.125677	0.0496912	0.089674	0.125677	0.089674
Sq = 	7.90176e-19	0.406444	0.644665	0.406444	0.406444	0.644665	0.968247	0.644665	0.644665	0.968247	5.23404	0.968247	0.406444	0.644665	0.968247	0.644665
17 rounds of non-Gaussian ED iteration : ground-state energy is -53.7837 | electron energy -53.7927 + phonon energy 0.00897021 | electron momentum kIdx = 0
Nq = 	16	0.0496973	0.0896838	0.0496973	0.0496973	0.0896838	0.125691	0.0896838	0.0896838	0.125691	0.159705	0.125691	0.0496973	0.0896838	0.125691	0.0896838
Sq = 	9.15204e-19	0.406447	0.644663	0.406447	0.406447	0.644663	0.968232	0.644663	0.644663	0.968232	5.23395	0.968232	0.406447	0.644663	0.968232	0.644663
18 rounds of non-Gaussian ED iteration : ground-state energy is -54.0741 | electron energy -54.0833 + phonon energy 0.00916235 | electron momentum kIdx = 0
Nq = 	16	0.0497023	0.089692	0.0497023	0.0497023	0.089692	0.125702	0.089692	0.089692	0.125702	0.159719	0.125702	0.0497023	0.089692	0.125702	0.089692
Sq = 	-6.55276e-19	0.40645	0.644662	0.40645	0.40645	0.644662	0.968219	0.644662	0.644662	0.968219	5.23387	0.968219	0.40645	0.644662	0.968219	0.644662
19 rounds of non-Gaussian ED iteration : ground-state energy is -54.3119 | electron energy -54.3212 + phonon energy 0.00932392 | electron momentum kIdx = 0
Nq = 	16	0.0497065	0.0896989	0.0497065	0.0497065	0.0896989	0.125711	0.0896989	0.0896989	0.125711	0.159731	0.125711	0.0497065	0.0896989	0.125711	0.0896989
Sq = 	-1.08937e-18	0.406452	0.64466	0.406452	0.406452	0.64466	0.968209	0.64466	0.64466	0.968209	5.2338	0.968209	0.406452	0.64466	0.968209	0.64466
20 rounds of non-Gaussian ED iteration : ground-state energy is -54.5065 | electron energy -54.516 + phonon energy 0.00945957 | electron momentum kIdx = 0
Nq = 	16	0.04971	0.0897046	0.04971	0.04971	0.0897046	0.125719	0.0897046	0.0897046	0.125719	0.159741	0.125719	0.04971	0.0897046	0.125719	0.0897046
Sq = 	6.16065e-19	0.406454	0.644659	0.406454	0.406454	0.644659	0.9682	0.644659	0.644659	0.9682	5.23374	0.9682	0.406454	0.644659	0.9682	0.644659
21 rounds of non-Gaussian ED iteration : ground-state energy is -54.6659 | electron energy -54.6755 + phonon energy 0.00957329 | electron momentum kIdx = 0
Nq = 	16	0.0497129	0.0897093	0.0497129	0.0497129	0.0897093	0.125725	0.0897093	0.0897093	0.125725	0.159749	0.125725	0.0497129	0.0897093	0.125725	0.0897093
Sq = 	-4.39949e-19	0.406455	0.644658	0.406455	0.406455	0.644658	0.968193	0.644658	0.644658	0.968193	5.2337	0.968193	0.406455	0.644658	0.968193	0.644658
22 rounds of non-Gaussian ED iteration : ground-state energy is -54.7964 | electron energy -54.8061 + phonon energy 0.00966852 | electron momentum kIdx = 0
Nq = 	16	0.0497154	0.0897133	0.0497154	0.0497154	0.0897133	0.125731	0.0897133	0.0897133	0.125731	0.159756	0.125731	0.0497154	0.0897133	0.125731	0.0897133
Sq = 	7.01975e-19	0.406457	0.644658	0.406457	0.406457	0.644658	0.968187	0.644658	0.644658	0.968187	5.23366	0.968187	0.406457	0.644658	0.968187	0.644658
23 rounds of non-Gaussian ED iteration : ground-state energy is -54.9032 | electron energy -54.913 + phonon energy 0.0097482 | electron momentum kIdx = 0
Nq = 	16	0.0497174	0.0897166	0.0497174	0.0497174	0.0897166	0.125735	0.0897166	0.0897166	0.125735	0.159762	0.125735	0.0497174	0.0897166	0.125735	0.0897166
Sq = 	6.60736e-19	0.406458	0.644657	0.406458	0.406458	0.644657	0.968182	0.644657	0.644657	0.968182	5.23363	0.968182	0.406458	0.644657	0.968182	0.644657
24 rounds of non-Gaussian ED iteration : ground-state energy is -54.9907 | electron energy -55.0005 + phonon energy 0.00981481 | electron momentum kIdx = 0
Nq = 	16	0.0497191	0.0897193	0.0497191	0.0497191	0.0897193	0.125739	0.0897193	0.0897193	0.125739	0.159766	0.125739	0.0497191	0.0897193	0.125739	0.0897193
Sq = 	-8.27675e-19	0.406459	0.644656	0.406459	0.406459	0.644656	0.968178	0.644656	0.644656	0.968178	5.2336	0.968178	0.406459	0.644656	0.968178	0.644656
25 rounds of non-Gaussian ED iteration : ground-state energy is -55.0623 | electron energy -55.0722 + phonon energy 0.00987047 | electron momentum kIdx = 0
Nq = 	16	0.0497205	0.0897216	0.0497205	0.0497205	0.0897216	0.125742	0.0897216	0.0897216	0.125742	0.15977	0.125742	0.0497205	0.0897216	0.125742	0.0897216
Sq = 	-8.02244e-19	0.406459	0.644656	0.406459	0.406459	0.644656	0.968174	0.644656	0.644656	0.968174	5.23358	0.968174	0.406459	0.644656	0.968174	0.644656
26 rounds of non-Gaussian ED iteration : ground-state energy is -55.1209 | electron energy -55.1308 + phonon energy 0.00991694 | electron momentum kIdx = 0
Nq = 	16	0.0497216	0.0897235	0.0497216	0.0497216	0.0897235	0.125744	0.0897235	0.0897235	0.125744	0.159773	0.125744	0.0497216	0.0897235	0.125744	0.0897235
Sq = 	-4.76397e-19	0.40646	0.644656	0.40646	0.40646	0.644656	0.968171	0.644656	0.644656	0.968171	5.23356	0.968171	0.40646	0.644656	0.968171	0.644656
27 rounds of non-Gaussian ED iteration : ground-state energy is -55.1689 | electron energy -55.1789 + phonon energy 0.00995574 | electron momentum kIdx = 0
Nq = 	16	0.0497226	0.0897251	0.0497226	0.0497226	0.0897251	0.125747	0.0897251	0.0897251	0.125747	0.159776	0.125747	0.0497226	0.0897251	0.125747	0.0897251
Sq = 	2.21257e-18	0.40646	0.644655	0.40646	0.40646	0.644655	0.968169	0.644655	0.644655	0.968169	5.23355	0.968169	0.40646	0.644655	0.968169	0.644655
28 rounds of non-Gaussian ED iteration : ground-state energy is -55.2082 | electron energy -55.2182 + phonon energy 0.00998811 | electron momentum kIdx = 0
Nq = 	16	0.0497234	0.0897264	0.0497234	0.0497234	0.0897264	0.125748	0.0897264	0.0897264	0.125748	0.159779	0.125748	0.0497234	0.0897264	0.125748	0.0897264
Sq = 	-5.33124e-19	0.406461	0.644655	0.406461	0.406461	0.644655	0.968167	0.644655	0.644655	0.968167	5.23353	0.968167	0.406461	0.644655	0.968167	0.644655
29 rounds of non-Gaussian ED iteration : ground-state energy is -55.2404 | electron energy -55.2504 + phonon energy 0.0100151 | electron momentum kIdx = 0
Nq = 	16	0.0497241	0.0897275	0.0497241	0.0497241	0.0897275	0.12575	0.0897275	0.0897275	0.12575	0.15978	0.12575	0.0497241	0.0897275	0.12575	0.0897275
Sq = 	5.33225e-19	0.406461	0.644655	0.406461	0.406461	0.644655	0.968165	0.644655	0.644655	0.968165	5.23352	0.968165	0.406461	0.644655	0.968165	0.644655
30 rounds of non-Gaussian ED iteration : ground-state energy is -55.2668 | electron energy -55.2768 + phonon energy 0.0100376 | electron momentum kIdx = 0
Nq = 	16	0.0497246	0.0897284	0.0497246	0.0497246	0.0897284	0.125751	0.0897284	0.0897284	0.125751	0.159782	0.125751	0.0497246	0.0897284	0.125751	0.0897284
Sq = 	-4.89453e-19	0.406462	0.644655	0.406462	0.406462	0.644655	0.968164	0.644655	0.644655	0.968164	5.23351	0.968164	0.406462	0.644655	0.968164	0.644655
31 rounds of non-Gaussian ED iteration : ground-state energy is -55.2883 | electron energy -55.2984 + phonon energy 0.0100564 | electron momentum kIdx = 0
Nq = 	16	0.0497251	0.0897292	0.0497251	0.0497251	0.0897292	0.125752	0.0897292	0.0897292	0.125752	0.159783	0.125752	0.0497251	0.0897292	0.125752	0.0897292
Sq = 	-2.53784e-19	0.406462	0.644655	0.406462	0.406462	0.644655	0.968163	0.644655	0.644655	0.968163	5.23351	0.968163	0.406462	0.644655	0.968163	0.644655
32 rounds of non-Gaussian ED iteration : ground-state energy is -55.306 | electron energy -55.3161 + phonon energy 0.0100721 | electron momentum kIdx = 0
Nq = 	16	0.0497255	0.0897298	0.0497255	0.0497255	0.0897298	0.125753	0.0897298	0.0897298	0.125753	0.159784	0.125753	0.0497255	0.0897298	0.125753	0.0897298
Sq = 	-2.00663e-18	0.406462	0.644654	0.406462	0.406462	0.644654	0.968162	0.644654	0.644654	0.968162	5.2335	0.968162	0.406462	0.644654	0.968162	0.644654
33 rounds of non-Gaussian ED iteration : ground-state energy is -55.3204 | electron energy -55.3305 + phonon energy 0.0100851 | electron momentum kIdx = 0
Nq = 	16	0.0497258	0.0897304	0.0497258	0.0497258	0.0897304	0.125754	0.0897304	0.0897304	0.125754	0.159785	0.125754	0.0497258	0.0897304	0.125754	0.0897304
Sq = 	-7.51011e-19	0.406462	0.644654	0.406462	0.406462	0.644654	0.968161	0.644654	0.644654	0.968161	5.2335	0.968161	0.406462	0.644654	0.968161	0.644654
34 rounds of non-Gaussian ED iteration : ground-state energy is -55.3323 | electron energy -55.3424 + phonon energy 0.010096 | electron momentum kIdx = 0
Nq = 	16	0.0497261	0.0897308	0.0497261	0.0497261	0.0897308	0.125754	0.0897308	0.0897308	0.125754	0.159786	0.125754	0.0497261	0.0897308	0.125754	0.0897308
Sq = 	3.62164e-19	0.406462	0.644654	0.406462	0.406462	0.644654	0.96816	0.644654	0.644654	0.96816	5.23349	0.96816	0.406462	0.644654	0.96816	0.644654
35 rounds of non-Gaussian ED iteration : ground-state energy is -55.342 | electron energy -55.3521 + phonon energy 0.010105 | electron momentum kIdx = 0
Nq = 	16	0.0497263	0.0897312	0.0497263	0.0497263	0.0897312	0.125755	0.0897312	0.0897312	0.125755	0.159787	0.125755	0.0497263	0.0897312	0.125755	0.0897312
Sq = 	4.86953e-19	0.406462	0.644654	0.406462	0.406462	0.644654	0.96816	0.644654	0.644654	0.96816	5.23349	0.96816	0.406462	0.644654	0.96816	0.644654
36 rounds of non-Gaussian ED iteration : ground-state energy is -55.3499 | electron energy -55.36 + phonon energy 0.0101126 | electron momentum kIdx = 0
Nq = 	16	0.0497265	0.0897315	0.0497265	0.0497265	0.0897315	0.125755	0.0897315	0.0897315	0.125755	0.159787	0.125755	0.0497265	0.0897315	0.125755	0.0897315
Sq = 	2.19797e-19	0.406462	0.644654	0.406462	0.406463	0.644654	0.968159	0.644654	0.644654	0.968159	5.23349	0.968159	0.406463	0.644654	0.968159	0.644654
37 rounds of non-Gaussian ED iteration : ground-state energy is -55.3564 | electron energy -55.3665 + phonon energy 0.0101189 | electron momentum kIdx = 0
Nq = 	16	0.0497267	0.0897317	0.0497267	0.0497267	0.0897317	0.125756	0.0897317	0.0897317	0.125756	0.159788	0.125756	0.0497267	0.0897317	0.125756	0.0897317
Sq = 	9.97601e-20	0.406463	0.644654	0.406463	0.406463	0.644654	0.968159	0.644654	0.644654	0.968159	5.23348	0.968159	0.406463	0.644654	0.968159	0.644654
38 rounds of non-Gaussian ED iteration : ground-state energy is -55.3617 | electron energy -55.3718 + phonon energy 0.0101241 | electron momentum kIdx = 0
Nq = 	16	0.0497268	0.0897319	0.0497268	0.0497268	0.0897319	0.125756	0.0897319	0.0897319	0.125756	0.159788	0.125756	0.0497268	0.0897319	0.125756	0.0897319
Sq = 	-1.43127e-18	0.406463	0.644654	0.406463	0.406463	0.644654	0.968159	0.644654	0.644654	0.968159	5.23348	0.968159	0.406463	0.644654	0.968159	0.644654
39 rounds of non-Gaussian ED iteration : ground-state energy is -55.3661 | electron energy -55.3762 + phonon energy 0.0101285 | electron momentum kIdx = 0
Nq = 	16	0.0497269	0.0897321	0.0497269	0.0497269	0.0897321	0.125756	0.0897321	0.0897321	0.125756	0.159788	0.125756	0.0497269	0.0897321	0.125756	0.0897321
Sq = 	-1.3271e-18	0.406463	0.644654	0.406463	0.406463	0.644654	0.968158	0.644654	0.644654	0.968158	5.23348	0.968158	0.406463	0.644654	0.968158	0.644654
40 rounds of non-Gaussian ED iteration : ground-state energy is -55.3696 | electron energy -55.3798 + phonon energy 0.0101321 | electron momentum kIdx = 0
Nq = 	16	0.049727	0.0897323	0.049727	0.049727	0.0897323	0.125756	0.0897323	0.0897323	0.125756	0.159789	0.125756	0.049727	0.0897323	0.125756	0.0897323
Sq = 	2.9632e-20	0.406463	0.644654	0.406463	0.406463	0.644654	0.968158	0.644654	0.644654	0.968158	5.23348	0.968158	0.406463	0.644654	0.968158	0.644654
41 rounds of non-Gaussian ED iteration : ground-state energy is -55.3726 | electron energy -55.3827 + phonon energy 0.0101352 | electron momentum kIdx = 0
Nq = 	16	0.0497271	0.0897324	0.0497271	0.0497271	0.0897324	0.125756	0.0897324	0.0897324	0.125756	0.159789	0.125756	0.0497271	0.0897324	0.125756	0.0897324
Sq = 	1.70579e-18	0.406463	0.644654	0.406463	0.406463	0.644654	0.968158	0.644654	0.644654	0.968158	5.23348	0.968158	0.406463	0.644654	0.968158	0.644654
42 rounds of non-Gaussian ED iteration : ground-state energy is -55.3749 | electron energy -55.3851 + phonon energy 0.0101377 | electron momentum kIdx = 0
Nq = 	16	0.0497271	0.0897325	0.0497271	0.0497271	0.0897325	0.125757	0.0897325	0.0897325	0.125757	0.159789	0.125757	0.0497271	0.0897325	0.125757	0.0897325
Sq = 	-1.17947e-18	0.406463	0.644654	0.406463	0.406463	0.644654	0.968158	0.644654	0.644654	0.968158	5.23348	0.968158	0.406463	0.644654	0.968158	0.644654
43 rounds of non-Gaussian ED iteration : ground-state energy is -55.3769 | electron energy -55.387 + phonon energy 0.0101398 | electron momentum kIdx = 0
Nq = 	16	0.0497272	0.0897326	0.0497272	0.0497272	0.0897326	0.125757	0.0897326	0.0897326	0.125757	0.159789	0.125757	0.0497272	0.0897326	0.125757	0.0897326
Sq = 	-6.11318e-19	0.406463	0.644654	0.406463	0.406463	0.644654	0.968158	0.644654	0.644654	0.968158	5.23347	0.968158	0.406463	0.644654	0.968158	0.644654
44 rounds of non-Gaussian ED iteration : ground-state energy is -55.3785 | electron energy -55.3886 + phonon energy 0.0101416 | electron momentum kIdx = 0
Nq = 	16	0.0497272	0.0897326	0.0497272	0.0497272	0.0897326	0.125757	0.0897326	0.0897326	0.125757	0.159789	0.125757	0.0497272	0.0897326	0.125757	0.0897326
Sq = 	-1.2154e-19	0.406463	0.644654	0.406463	0.406463	0.644654	0.968158	0.644654	0.644654	0.968157	5.23347	0.968157	0.406463	0.644654	0.968158	0.644654
45 rounds of non-Gaussian ED iteration : ground-state energy is -55.3798 | electron energy -55.39 + phonon energy 0.010143 | electron momentum kIdx = 0
Nq = 	16	0.0497273	0.0897327	0.0497273	0.0497273	0.0897327	0.125757	0.0897327	0.0897327	0.125757	0.159789	0.125757	0.0497273	0.0897327	0.125757	0.0897327
Sq = 	-1.63999e-18	0.406463	0.644654	0.406463	0.406463	0.644654	0.968157	0.644654	0.644654	0.968157	5.23347	0.968157	0.406463	0.644654	0.968157	0.644654
46 rounds of non-Gaussian ED iteration : ground-state energy is -55.3809 | electron energy -55.391 + phonon energy 0.0101442 | electron momentum kIdx = 0
Nq = 	16	0.0497273	0.0897327	0.0497273	0.0497273	0.0897327	0.125757	0.0897327	0.0897327	0.125757	0.159789	0.125757	0.0497273	0.0897327	0.125757	0.0897327
Sq = 	-1.31378e-18	0.406463	0.644654	0.406463	0.406463	0.644654	0.968157	0.644654	0.644654	0.968157	5.23347	0.968157	0.406463	0.644654	0.968157	0.644654
47 rounds of non-Gaussian ED iteration : ground-state energy is -55.3818 | electron energy -55.3919 + phonon energy 0.0101453 | electron momentum kIdx = 0
Nq = 	16	0.0497273	0.0897328	0.0497273	0.0497273	0.0897328	0.125757	0.0897328	0.0897328	0.125757	0.15979	0.125757	0.0497273	0.0897328	0.125757	0.0897328
Sq = 	5.14053e-19	0.406463	0.644654	0.406463	0.406463	0.644654	0.968157	0.644654	0.644654	0.968157	5.23347	0.968157	0.406463	0.644654	0.968157	0.644654
48 rounds of non-Gaussian ED iteration : ground-state energy is -55.3825 | electron energy -55.3926 + phonon energy 0.0101461 | electron momentum kIdx = 0
Nq = 	16	0.0497273	0.0897328	0.0497273	0.0497273	0.0897328	0.125757	0.0897328	0.0897328	0.125757	0.15979	0.125757	0.0497273	0.0897328	0.125757	0.0897328
Sq = 	6.62618e-19	0.406463	0.644654	0.406463	0.406463	0.644654	0.968157	0.644654	0.644654	0.968157	5.23347	0.968157	0.406463	0.644654	0.968157	0.644654
49 rounds of non-Gaussian ED iteration : ground-state energy is -55.3831 | electron energy -55.3932 + phonon energy 0.0101468 | electron momentum kIdx = 0
Nq = 	16	0.0497274	0.0897328	0.0497274	0.0497274	0.0897328	0.125757	0.0897328	0.0897328	0.125757	0.15979	0.125757	0.0497274	0.0897328	0.125757	0.0897328
Sq = 	-1.36485e-18	0.406463	0.644654	0.406463	0.406463	0.644654	0.968157	0.644654	0.644654	0.968157	5.23347	0.968157	0.406463	0.644654	0.968157	0.644654
50 rounds of non-Gaussian ED iteration : ground-state energy is -55.3836 | electron energy -55.3937 + phonon energy 0.0101474 | electron momentum kIdx = 0
Nq = 	16	0.0497274	0.0897329	0.0497274	0.0497274	0.0897329	0.125757	0.0897329	0.0897329	0.125757	0.15979	0.125757	0.0497274	0.0897329	0.125757	0.0897329
Sq = 	8.54161e-19	0.406463	0.644654	0.406463	0.406463	0.644654	0.968157	0.644654	0.644654	0.968157	5.23347	0.968157	0.406463	0.644654	0.968157	0.644654
51 rounds of non-Gaussian ED iteration : ground-state energy is -55.384 | electron energy -55.3941 + phonon energy 0.0101479 | electron momentum kIdx = 0
Nq = 	16	0.0497274	0.0897329	0.0497274	0.0497274	0.0897329	0.125757	0.0897329	0.0897329	0.125757	0.15979	0.125757	0.0497274	0.0897329	0.125757	0.0897329
Sq = 	-3.02681e-19	0.406463	0.644654	0.406463	0.406463	0.644654	0.968157	0.644654	0.644654	0.968157	5.23347	0.968157	0.406463	0.644654	0.968157	0.644654
52 rounds of non-Gaussian ED iteration : ground-state energy is -55.3843 | electron energy -55.3944 + phonon energy 0.0101483 | electron momentum kIdx = 0
Nq = 	16	0.0497274	0.0897329	0.0497274	0.0497274	0.0897329	0.125757	0.0897329	0.0897329	0.125757	0.15979	0.125757	0.0497274	0.0897329	0.125757	0.0897329
Sq = 	-1.06949e-18	0.406463	0.644654	0.406463	0.406463	0.644654	0.968157	0.644654	0.644654	0.968157	5.23347	0.968157	0.406463	0.644654	0.968157	0.644654
53 rounds of non-Gaussian ED iteration : ground-state energy is -55.3845 | electron energy -55.3947 + phonon energy 0.0101486 | electron momentum kIdx = 0
Nq = 	16	0.0497274	0.0897329	0.0497274	0.0497274	0.0897329	0.125757	0.0897329	0.0897329	0.125757	0.15979	0.125757	0.0497274	0.0897329	0.125757	0.0897329
Sq = 	2.46903e-18	0.406463	0.644654	0.406463	0.406463	0.644654	0.968157	0.644654	0.644654	0.968157	5.23347	0.968157	0.406463	0.644654	0.968157	0.644654
54 rounds of non-Gaussian ED iteration : ground-state energy is -55.3848 | electron energy -55.3949 + phonon energy 0.0101489 | electron momentum kIdx = 0
Nq = 	16	0.0497274	0.0897329	0.0497274	0.0497274	0.0897329	0.125757	0.0897329	0.0897329	0.125757	0.15979	0.125757	0.0497274	0.0897329	0.125757	0.0897329
Sq = 	-2.01152e-18	0.406463	0.644654	0.406463	0.406463	0.644654	0.968157	0.644654	0.644654	0.968157	5.23347	0.968157	0.406463	0.644654	0.968157	0.644654
55 rounds of non-Gaussian ED iteration : ground-state energy is -55.3849 | electron energy -55.3951 + phonon energy 0.0101491 | electron momentum kIdx = 0
Nq = 	16	0.0497274	0.0897329	0.0497274	0.0497274	0.0897329	0.125757	0.0897329	0.0897329	0.125757	0.15979	0.125757	0.0497274	0.0897329	0.125757	0.0897329
Sq = 	2.0751e-19	0.406463	0.644654	0.406463	0.406463	0.644654	0.968157	0.644654	0.644654	0.968157	5.23347	0.968157	0.406463	0.644654	0.968157	0.644654
56 rounds of non-Gaussian ED iteration : ground-state energy is -55.3851 | electron energy -55.3952 + phonon energy 0.0101493 | electron momentum kIdx = 0
Nq = 	16	0.0497274	0.0897329	0.0497274	0.0497274	0.0897329	0.125757	0.0897329	0.0897329	0.125757	0.15979	0.125757	0.0497274	0.0897329	0.125757	0.0897329
Sq = 	9.08302e-19	0.406463	0.644654	0.406463	0.406463	0.644654	0.968157	0.644654	0.644654	0.968157	5.23347	0.968157	0.406463	0.644654	0.968157	0.644654
57 rounds of non-Gaussian ED iteration : ground-state energy is -55.3852 | electron energy -55.3954 + phonon energy 0.0101495 | electron momentum kIdx = 0
Nq = 	16	0.0497274	0.0897329	0.0497274	0.0497274	0.0897329	0.125757	0.0897329	0.0897329	0.125757	0.15979	0.125757	0.0497274	0.0897329	0.125757	0.0897329
Sq = 	-2.69925e-19	0.406463	0.644654	0.406463	0.406463	0.644654	0.968157	0.644654	0.644654	0.968157	5.23347	0.968157	0.406463	0.644654	0.968157	0.644654
58 rounds of non-Gaussian ED iteration : ground-state energy is -55.3853 | electron energy -55.3955 + phonon energy 0.0101496 | electron momentum kIdx = 0
srun: Job step aborted: Waiting up to 32 seconds for job step to finish.
slurmstepd: error: *** STEP 13182213.0 ON nid01810 CANCELLED AT 2019-04-27T04:03:41 DUE TO TIME LIMIT ***
srun: got SIGCONT
srun: forcing job termination
