SNEDics v3.4 Non-Gaussian ED ground state program		Start at Fri Sep 27 16:44:38 2019

parallized on 16 MPI threads  * 8 OpenMP threads = 128 total threads.
********************************************************************************************************************
********************************************************************************************************************

********************************************************************************************************************
System parameters and configurations
********************************************************************************************************************
Special program options are enabled: splitted diagonal Hamiltonian
********************************************************************************************************************
Read input file "model_params.in"
	Hubbard-Holstein model parameters : 	t = 1    U = 9    g = 4.7434    W = 5    
********************************************************************************************************************
Read input file "hilbertspace_params.in"
	Requested 16-site 2D lattice, with 12 electrons (6, 6)
	Boundary : Periodic		Hilbert space representation : momentum-space (restricted to kIdx = 10)
	Conservation: particle number[U(1)]      spin[U(1)]     momentum
********************************************************************************************************************

Cluster Positions:				Cluster symmetry group : D4
 x ... x ... x ... x .....                       x ... x ... x ... x .....
 |           |           :                       |           |           :
 |           |           :                       |           |           :
12    13    14    15     x                       1     5     6     5     x
 |           |           :                       |           |           :
 |           |           :                       |           |           :
 8 --- 9 ---10 ---11 --- x                       2 --- 6 ---10 --- 6 --- x
 |           |           :                       |           |           :
 |           |           :                       |           |           :
 4     5     6     7     x                       1     5     6     5     x
 |           |           :                       |           |           :
 |           |           :                       |           |           :
 0 --- 1 --- 2 --- 3 --- x                       0 --- 1 --- 2 --- 1 --- x
orbital number : 1
********************************************************************************************************************
Read input file "obs_params.in"
	Observable Type : Nq(All),   Sq(All),   N(All),   Delta[s](All),   Delta[d](All),   Delta[s+](All)
********************************************************************************************************************
** WARNING ** the input observables have non-local factors which have been reinterpreted. The total observable number is 96
********************************************************************************************************************


********************************************************************************************************************
Start calculating the non-Gaussian ED ground state
** WARNING ** Detected low phonon energy W < 10. The initial state will be prepared through a warm-up process.
********************************************************************************************************************
Start warm-up calculation for scaling factor 2
open output files: NGSEDWarmUpW10Obs.txt
********************************************************************************************************************
Start the 0 rounds of NGS-ED iteration
	effective electronic model is modified as: kinetic energy t = 1
	                                           effective interaction Vq = [-0,-0,-0,-0,-0,-0,-0,-0,-0,-0,-0,-0,-0,-0,-0,-0]
	first Hamiltonian is constructed, non-zero numbers = 969134084
	PARPACK diagonalization completed after 165 matrix-vector product operations.
	iteration results: : total energy is -14.511237 | electron energy -14.511237 + phonon energy 0.000000 | electron momentum kIdx = 10
	Nq(0) = 9,	Nq(1) = 0.184053,	Nq(2) = 0.230821,	Nq(3) = 0.184053,	Nq(4) = 0.184053,	Nq(5) = 0.251288,	Nq(6) = 0.300745,	Nq(7) = 0.251288,	Nq(8) = 0.230821,	Nq(9) = 0.300745,	Nq(10) = 0.349569,	Nq(11) = 0.300745,	Nq(12) = 0.184053,	Nq(13) = 0.251288,	Nq(14) = 0.300745,	Nq(15) = 0.251288,	Sq(0) = 1.28836e-18,	Sq(1) = 0.563352,	Sq(2) = 0.935498,	Sq(3) = 0.563352,	Sq(4) = 0.563352,	Sq(5) = 0.553202,	Sq(6) = 1.03094,	Sq(7) = 0.553202,	Sq(8) = 0.935498,	Sq(9) = 1.03094,	Sq(10) = 0.783477,	Sq(11) = 1.03094,	Sq(12) = 0.563352,	Sq(13) = 0.553202,	Sq(14) = 1.03094,	Sq(15) = 0.553202,	N(0) = 1.73352,	N(1) = 1.58528,	N(2) = 0.304655,	N(3) = 1.58528,	N(4) = 1.58528,	N(5) = 0.642128,	N(6) = 0.160619,	N(7) = 0.642128,	N(8) = 0.304655,	N(9) = 0.160619,	N(10) = 0.105041,	N(11) = 0.160619,	N(12) = 1.58528,	N(13) = 0.642128,	N(14) = 0.160619,	N(15) = 0.642128,	Delta[s](0) = 0.0430536,	Delta[s](1) = 0.0325304,	Delta[s](2) = 0.0223023,	Delta[s](3) = 0.0325304,	Delta[s](4) = 0.0325304,	Delta[s](5) = 0.023912,	Delta[s](6) = 0.0137982,	Delta[s](7) = 0.023912,	Delta[s](8) = 0.0223023,	Delta[s](9) = 0.0137982,	Delta[s](10) = 0.00915754,	Delta[s](11) = 0.0137982,	Delta[s](12) = 0.0325304,	Delta[s](13) = 0.023912,	Delta[s](14) = 0.0137982,	Delta[s](15) = 0.023912,	Delta[d](0) = 0.188898,	Delta[d](1) = 0.139813,	Delta[d](2) = 0.168048,	Delta[d](3) = 0.139813,	Delta[d](4) = 0.139813,	Delta[d](5) = 0.126488,	Delta[d](6) = 0.103012,	Delta[d](7) = 0.126488,	Delta[d](8) = 0.168048,	Delta[d](9) = 0.103012,	Delta[d](10) = 0.0570753,	Delta[d](11) = 0.103012,	Delta[d](12) = 0.139813,	Delta[d](13) = 0.126488,	Delta[d](14) = 0.103012,	Delta[d](15) = 0.126488,	Delta[s+](0) = 0.499079,	Delta[s+](1) = 0.343966,	Delta[s+](2) = 0.168048,	Delta[s+](3) = 0.343966,	Delta[s+](4) = 0.343966,	Delta[s+](5) = 0.206012,	Delta[s+](6) = 0.0772011,	Delta[s+](7) = 0.206012,	Delta[s+](8) = 0.168048,	Delta[s+](9) = 0.0772011,	Delta[s+](10) = 0.0277513,	Delta[s+](11) = 0.0772011,	Delta[s+](12) = 0.343966,	Delta[s+](13) = 0.206012,	Delta[s+](14) = 0.0772011,	Delta[s+](15) = 0.206012
The 0-th iteration is completed.	|| time cost : 0h 3m 0.821s
********************************************************************************************************************
Start the 1 rounds of NGS-ED iteration
	effective electronic model is modified as: kinetic energy t = 0.883416
	                                           effective interaction Vq = [-3.89096,-3.64912,-3.50894,-3.64912,-3.64912,-3.54016, -3.4554,-3.54016,-3.50894, -3.4554,-3.39573, -3.4554,-3.64912,-3.54016, -3.4554,-3.54016]
	PARPACK diagonalization completed after 45 matrix-vector product operations.
	iteration results: : total energy is -63.163758 | electron energy -63.172944 + phonon energy 0.009186 | electron momentum kIdx = 10
The 1-th iteration is completed.	|| time cost : 0h 2m 34.279s
********************************************************************************************************************
Start the 2 rounds of NGS-ED iteration
	effective electronic model is modified as: kinetic energy t = 0.811361
	                                           effective interaction Vq = [-4.41755,-4.23768, -4.0595,-4.23768,-4.23768,-4.10138,-4.05222,-4.10138, -4.0595,-4.05222,-4.03598,-4.05222,-4.23768,-4.10138,-4.05222,-4.10138]
	PARPACK diagonalization completed after 30 matrix-vector product operations.
	iteration results: : total energy is -69.845477 | electron energy -69.924103 + phonon energy 0.078626 | electron momentum kIdx = 10
The 2-th iteration is completed.	|| time cost : 0h 0m 8.971s
********************************************************************************************************************
Start the 3 rounds of NGS-ED iteration
	effective electronic model is modified as: kinetic energy t = 0.782386
	                                           effective interaction Vq = [-4.48881, -4.3724,-4.19886, -4.3724, -4.3724,-4.24527,-4.21658,-4.24527,-4.19886,-4.21658,-4.22287,-4.21658, -4.3724,-4.24527,-4.21658,-4.24527]
	PARPACK diagonalization completed after 30 matrix-vector product operations.
	iteration results: : total energy is -70.783853 | electron energy -70.920316 + phonon energy 0.136463 | electron momentum kIdx = 10
The 3-th iteration is completed.	|| time cost : 0h 0m 9.115s
********************************************************************************************************************
Start the 4 rounds of NGS-ED iteration
	effective electronic model is modified as: kinetic energy t = 0.771406
	                                           effective interaction Vq = [-4.49846,-4.40935,-4.24121,-4.40935,-4.40935,-4.28946, -4.2695,-4.28946,-4.24121, -4.2695,-4.28527, -4.2695,-4.40935,-4.28946, -4.2695,-4.28946]
	PARPACK diagonalization completed after 30 matrix-vector product operations.
	iteration results: : total energy is -70.912742 | electron energy -71.076079 + phonon energy 0.163337 | electron momentum kIdx = 10
The 4-th iteration is completed.	|| time cost : 0h 0m 9.102s
********************************************************************************************************************
Start the 5 rounds of NGS-ED iteration
	effective electronic model is modified as: kinetic energy t = 0.767343
	                                           effective interaction Vq = [-4.49976,-4.42086, -4.2552,-4.42086,-4.42086,-4.30429,  -4.288,-4.30429, -4.2552,  -4.288,-4.30779,  -4.288,-4.42086,-4.30429,  -4.288,-4.30429]
	PARPACK diagonalization completed after 30 matrix-vector product operations.
	iteration results: : total energy is -70.930237 | electron energy -71.104251 + phonon energy 0.174014 | electron momentum kIdx = 10
The 5-th iteration is completed.	|| time cost : 0h 0m 8.993s
********************************************************************************************************************
Start the 6 rounds of NGS-ED iteration
	effective electronic model is modified as: kinetic energy t = 0.765854
	                                           effective interaction Vq = [-4.49994,-4.42468,-4.25997,-4.42468,-4.42468,-4.30945,-4.29471,-4.30945,-4.25997,-4.29471,-4.31625,-4.29471,-4.42468,-4.30945,-4.29471,-4.30945]
	PARPACK diagonalization completed after 30 matrix-vector product operations.
	iteration results: : total energy is -70.932603 | electron energy -71.110662 + phonon energy 0.178059 | electron momentum kIdx = 10
The 6-th iteration is completed.	|| time cost : 0h 0m 9.121s
********************************************************************************************************************
Start the 7 rounds of NGS-ED iteration
	effective electronic model is modified as: kinetic energy t = 0.76531
	                                           effective interaction Vq = [-4.49996,-4.42597,-4.26162,-4.42597,-4.42597,-4.31127,-4.29718,-4.31127,-4.26162,-4.29718, -4.3195,-4.29718,-4.42597,-4.31127,-4.29718,-4.31127]
	PARPACK diagonalization completed after 30 matrix-vector product operations.
	iteration results: : total energy is -70.932923 | electron energy -71.112492 + phonon energy 0.179569 | electron momentum kIdx = 10
The 7-th iteration is completed.	|| time cost : 0h 0m 9.021s
********************************************************************************************************************
Start the 8 rounds of NGS-ED iteration
	effective electronic model is modified as: kinetic energy t = 0.765111
	                                           effective interaction Vq = [-4.49997,-4.42641,-4.26219,-4.42641,-4.42641,-4.31192, -4.2981,-4.31192,-4.26219, -4.2981,-4.32075, -4.2981,-4.42641,-4.31192, -4.2981,-4.31192]
	PARPACK diagonalization completed after 30 matrix-vector product operations.
	iteration results: : total energy is -70.932966 | electron energy -71.113097 + phonon energy 0.180131 | electron momentum kIdx = 10
The 8-th iteration is completed.	|| time cost : 0h 0m 9.007s
********************************************************************************************************************
Start the 9 rounds of NGS-ED iteration
	effective electronic model is modified as: kinetic energy t = 0.765039
	                                           effective interaction Vq = [-4.49997,-4.42656,-4.26239,-4.42656,-4.42656,-4.31214,-4.29844,-4.31214,-4.26239,-4.29844,-4.32124,-4.29844,-4.42656,-4.31214,-4.29844,-4.31214]
	PARPACK diagonalization completed after 30 matrix-vector product operations.
	iteration results: : total energy is -70.932972 | electron energy -71.113311 + phonon energy 0.180340 | electron momentum kIdx = 10
	Nq(0) = 9,	Nq(1) = 0.376955,	Nq(2) = 0.362609,	Nq(3) = 0.376955,	Nq(4) = 0.376955,	Nq(5) = 0.419811,	Nq(6) = 0.586639,	Nq(7) = 0.419811,	Nq(8) = 0.362609,	Nq(9) = 0.586639,	Nq(10) = 0.819441,	Nq(11) = 0.586639,	Nq(12) = 0.376955,	Nq(13) = 0.419811,	Nq(14) = 0.586639,	Nq(15) = 0.419811,	Sq(0) = 1.03668e-17,	Sq(1) = 0.388514,	Sq(2) = 0.652476,	Sq(3) = 0.388514,	Sq(4) = 0.388514,	Sq(5) = 0.450301,	Sq(6) = 0.653698,	Sq(7) = 0.450301,	Sq(8) = 0.652476,	Sq(9) = 0.653698,	Sq(10) = 0.646717,	Sq(11) = 0.653698,	Sq(12) = 0.388514,	Sq(13) = 0.450301,	Sq(14) = 0.653698,	Sq(15) = 0.450301,	N(0) = 1.99826,	N(1) = 1.99761,	N(2) = 0.00186377,	N(3) = 1.99761,	N(4) = 1.99761,	N(5) = 0.500528,	N(6) = 0.00120749,	N(7) = 0.500528,	N(8) = 0.00186377,	N(9) = 0.00120749,	N(10) = 0.000651628,	N(11) = 0.00120749,	N(12) = 1.99761,	N(13) = 0.500528,	N(14) = 0.00120749,	N(15) = 0.500528,	Delta[s](0) = 0.181992,	Delta[s](1) = 0.144487,	Delta[s](2) = 0.124136,	Delta[s](3) = 0.144487,	Delta[s](4) = 0.144487,	Delta[s](5) = 0.133115,	Delta[s](6) = 0.103675,	Delta[s](7) = 0.133115,	Delta[s](8) = 0.124136,	Delta[s](9) = 0.103675,	Delta[s](10) = 0.0837655,	Delta[s](11) = 0.103675,	Delta[s](12) = 0.144487,	Delta[s](13) = 0.133115,	Delta[s](14) = 0.103675,	Delta[s](15) = 0.133115,	Delta[d](0) = 0.205924,	Delta[d](1) = 0.117655,	Delta[d](2) = 0.146908,	Delta[d](3) = 0.117655,	Delta[d](4) = 0.117655,	Delta[d](5) = 0.133143,	Delta[d](6) = 0.0763469,	Delta[d](7) = 0.133143,	Delta[d](8) = 0.146908,	Delta[d](9) = 0.0763469,	Delta[d](10) = 0.0438649,	Delta[d](11) = 0.0763469,	Delta[d](12) = 0.117655,	Delta[d](13) = 0.133143,	Delta[d](14) = 0.0763469,	Delta[d](15) = 0.133143,	Delta[s+](0) = 0.467755,	Delta[s+](1) = 0.32629,	Delta[s+](2) = 0.146908,	Delta[s+](3) = 0.32629,	Delta[s+](4) = 0.32629,	Delta[s+](5) = 0.194153,	Delta[s+](6) = 0.06518,	Delta[s+](7) = 0.194153,	Delta[s+](8) = 0.146908,	Delta[s+](9) = 0.06518,	Delta[s+](10) = 0.0252325,	Delta[s+](11) = 0.06518,	Delta[s+](12) = 0.32629,	Delta[s+](13) = 0.194153,	Delta[s+](14) = 0.06518,	Delta[s+](15) = 0.194153
The 9-th iteration is completed.	|| time cost : 0h 1m 31.104s
********************************************************************************************************************
********************************************************************************************************************
Ground state is obtained after 10 iterations. The current ground-state energy is -70.933, in which electron energy is -71.1133 and phonon energy is 0.18034
final variational state is: 
	Gamma_x = [      1,1.03849,1.05941,1.03849,1.03849,1.06329,1.09192,1.06329,1.05941,1.09192,1.12449,1.09192,1.03849,1.06329,1.09192,1.06329]
	lambda_q = [0.670788,0.585172,0.516705,0.585172,0.585172,0.533798,0.528901,0.533798,0.516705,0.528901,0.537201,0.528901,0.585172,0.533798,0.528901,0.533798]
********************************************************************************************************************
o___o  ----------------------------------------
| L |	Time since last clock: 0h 0m 0s
A===A	Time since the beginning: 0h 8m 9.54s
***********************************************


********************************************************************************************************************
Warm up runs have been completed. Start calculating W = 5 phonon.
open output files: NGSEDIterationObs.txt
********************************************************************************************************************
Start the 0 rounds of NGS-ED iteration
	effective electronic model is modified as: kinetic energy t = 0.765012
	                                           effective interaction Vq = [-4.11385,-3.83928,-3.56696,-3.83928,-3.83928,-3.63933, -3.6189,-3.63933,-3.56696, -3.6189,-3.65339, -3.6189,-3.83928,-3.63933, -3.6189,-3.63933]
	PARPACK diagonalization completed after 30 matrix-vector product operations.
	iteration results: : total energy is -63.244716 | electron energy -63.334925 + phonon energy 0.090209 | electron momentum kIdx = 10
	Nq(0) = 9,	Nq(1) = 0.32124,	Nq(2) = 0.326387,	Nq(3) = 0.32124,	Nq(4) = 0.32124,	Nq(5) = 0.365149,	Nq(6) = 0.49037,	Nq(7) = 0.365149,	Nq(8) = 0.326387,	Nq(9) = 0.49037,	Nq(10) = 0.652729,	Nq(11) = 0.49037,	Nq(12) = 0.32124,	Nq(13) = 0.365149,	Nq(14) = 0.49037,	Nq(15) = 0.365149,	Sq(0) = 1.61436e-17,	Sq(1) = 0.442781,	Sq(2) = 0.747528,	Sq(3) = 0.442781,	Sq(4) = 0.442781,	Sq(5) = 0.489338,	Sq(6) = 0.762873,	Sq(7) = 0.489338,	Sq(8) = 0.747528,	Sq(9) = 0.762873,	Sq(10) = 0.712434,	Sq(11) = 0.762873,	Sq(12) = 0.442781,	Sq(13) = 0.489338,	Sq(14) = 0.762873,	Sq(15) = 0.489338,	N(0) = 1.9703,	N(1) = 1.95219,	N(2) = 0.0357517,	N(3) = 1.95219,	N(4) = 1.95219,	N(5) = 0.512551,	N(6) = 0.0217573,	N(7) = 0.512551,	N(8) = 0.0357517,	N(9) = 0.0217573,	N(10) = 0.0121973,	N(11) = 0.0217573,	N(12) = 1.95219,	N(13) = 0.512551,	N(14) = 0.0217573,	N(15) = 0.512551,	Delta[s](0) = 0.127841,	Delta[s](1) = 0.106604,	Delta[s](2) = 0.0927154,	Delta[s](3) = 0.106604,	Delta[s](4) = 0.106604,	Delta[s](5) = 0.0973254,	Delta[s](6) = 0.0778975,	Delta[s](7) = 0.0973254,	Delta[s](8) = 0.0927154,	Delta[s](9) = 0.0778975,	Delta[s](10) = 0.0656895,	Delta[s](11) = 0.0778975,	Delta[s](12) = 0.106604,	Delta[s](13) = 0.0973254,	Delta[s](14) = 0.0778975,	Delta[s](15) = 0.0973254,	Delta[d](0) = 0.211993,	Delta[d](1) = 0.134189,	Delta[d](2) = 0.168876,	Delta[d](3) = 0.134189,	Delta[d](4) = 0.134189,	Delta[d](5) = 0.141875,	Delta[d](6) = 0.0935308,	Delta[d](7) = 0.141875,	Delta[d](8) = 0.168876,	Delta[d](9) = 0.0935308,	Delta[d](10) = 0.0540767,	Delta[d](11) = 0.0935308,	Delta[d](12) = 0.134189,	Delta[d](13) = 0.141875,	Delta[d](14) = 0.0935308,	Delta[d](15) = 0.141875,	Delta[s+](0) = 0.516167,	Delta[s+](1) = 0.358702,	Delta[s+](2) = 0.168876,	Delta[s+](3) = 0.358702,	Delta[s+](4) = 0.358702,	Delta[s+](5) = 0.215206,	Delta[s+](6) = 0.0788214,	Delta[s+](7) = 0.215206,	Delta[s+](8) = 0.168876,	Delta[s+](9) = 0.0788214,	Delta[s+](10) = 0.0319794,	Delta[s+](11) = 0.0788214,	Delta[s+](12) = 0.358702,	Delta[s+](13) = 0.215206,	Delta[s+](14) = 0.0788214,	Delta[s+](15) = 0.215206
The 0-th iteration is completed.	|| time cost : 0h 1m 23.567s
********************************************************************************************************************
Start the 1 rounds of NGS-ED iteration
	effective electronic model is modified as: kinetic energy t = 0.740529
	                                           effective interaction Vq = [-4.35792,-4.05896,-3.73579,-4.05896,-4.05896,-3.81614,-3.77962,-3.81614,-3.73579,-3.77962,-3.81386,-3.77962,-4.05896,-3.81614,-3.77962,-3.81614]
	PARPACK diagonalization completed after 30 matrix-vector product operations.
	iteration results: : total energy is -65.805719 | electron energy -66.051938 + phonon energy 0.246218 | electron momentum kIdx = 10
The 1-th iteration is completed.	|| time cost : 0h 0m 9.093s
********************************************************************************************************************
Start the 2 rounds of NGS-ED iteration
	effective electronic model is modified as: kinetic energy t = 0.722817
	                                           effective interaction Vq = [-4.44771,-4.17512,-3.83369,-4.17512,-4.17512,-3.91895,-3.88168,-3.91895,-3.83369,-3.88168,-3.92247,-3.88168,-4.17512,-3.91895,-3.88168,-3.91895]
	PARPACK diagonalization completed after 30 matrix-vector product operations.
	iteration results: : total energy is -66.757539 | electron energy -67.111730 + phonon energy 0.354191 | electron momentum kIdx = 10
The 2-th iteration is completed.	|| time cost : 0h 0m 9.089s
********************************************************************************************************************
Start the 3 rounds of NGS-ED iteration
	effective electronic model is modified as: kinetic energy t = 0.711014
	                                           effective interaction Vq = [-4.48074, -4.2385,-3.89089, -4.2385, -4.2385,-3.97922,-3.94453,-3.97922,-3.89089,-3.94453,-3.99185,-3.94453, -4.2385,-3.97922,-3.94453,-3.97922]
	PARPACK diagonalization completed after 30 matrix-vector product operations.
	iteration results: : total energy is -67.111439 | electron energy -67.533371 + phonon energy 0.421933 | electron momentum kIdx = 10
The 3-th iteration is completed.	|| time cost : 0h 0m 9.101s
********************************************************************************************************************
Start the 4 rounds of NGS-ED iteration
	effective electronic model is modified as: kinetic energy t = 0.703426
	                                           effective interaction Vq = [ -4.4929,-4.27404,-3.92467,-4.27404,-4.27404,-4.01497,-3.98313,-4.01497,-3.92467,-3.98313,-4.03571,-3.98313,-4.27404,-4.01497,-3.98313,-4.01497]
	PARPACK diagonalization completed after 30 matrix-vector product operations.
	iteration results: : total energy is -67.242863 | electron energy -67.706772 + phonon energy 0.463910 | electron momentum kIdx = 10
The 4-th iteration is completed.	|| time cost : 0h 0m 9.008s
********************************************************************************************************************
Start the 5 rounds of NGS-ED iteration
	effective electronic model is modified as: kinetic energy t = 0.698634
	                                           effective interaction Vq = [-4.49737, -4.2944, -3.9448, -4.2944, -4.2944,-4.03638,-4.00693,-4.03638, -3.9448,-4.00693,-4.06352,-4.00693, -4.2944,-4.03638,-4.00693,-4.03638]
	PARPACK diagonalization completed after 30 matrix-vector product operations.
	iteration results: : total energy is -67.291620 | electron energy -67.781570 + phonon energy 0.489950 | electron momentum kIdx = 10
The 5-th iteration is completed.	|| time cost : 0h 0m 8.985s
********************************************************************************************************************
Start the 6 rounds of NGS-ED iteration
	effective electronic model is modified as: kinetic energy t = 0.695636
	                                           effective interaction Vq = [-4.49901,-4.30624,-3.95687,-4.30624,-4.30624,-4.04929,-4.02168,-4.04929,-3.95687,-4.02168,-4.08126,-4.02168,-4.30624,-4.04929,-4.02168,-4.04929]
	PARPACK diagonalization completed after 30 matrix-vector product operations.
	iteration results: : total energy is -67.309700 | electron energy -67.815843 + phonon energy 0.506142 | electron momentum kIdx = 10
The 6-th iteration is completed.	|| time cost : 0h 0m 9.09s
********************************************************************************************************************
Start the 7 rounds of NGS-ED iteration
	effective electronic model is modified as: kinetic energy t = 0.693769
	                                           effective interaction Vq = [-4.49962,-4.31319,-3.96414,-4.31319,-4.31319,-4.05711,-4.03085,-4.05711,-3.96414,-4.03085,-4.09263,-4.03085,-4.31319,-4.05711,-4.03085,-4.05711]
	PARPACK diagonalization completed after 30 matrix-vector product operations.
	iteration results: : total energy is -67.316405 | electron energy -67.832637 + phonon energy 0.516232 | electron momentum kIdx = 10
The 7-th iteration is completed.	|| time cost : 0h 0m 8.983s
********************************************************************************************************************
Start the 8 rounds of NGS-ED iteration
	effective electronic model is modified as: kinetic energy t = 0.692609
	                                           effective interaction Vq = [-4.49984,-4.31729,-3.96853,-4.31729,-4.31729,-4.06186,-4.03657,-4.06186,-3.96853,-4.03657,-4.09996,-4.03657,-4.31729,-4.06186,-4.03657,-4.06186]
	PARPACK diagonalization completed after 30 matrix-vector product operations.
	iteration results: : total energy is -67.318892 | electron energy -67.841420 + phonon energy 0.522528 | electron momentum kIdx = 10
The 8-th iteration is completed.	|| time cost : 0h 0m 9.11s
********************************************************************************************************************
Start the 9 rounds of NGS-ED iteration
	effective electronic model is modified as: kinetic energy t = 0.69189
	                                           effective interaction Vq = [-4.49992,-4.31972,-3.97118,-4.31972,-4.31972,-4.06475,-4.04015,-4.06475,-3.97118,-4.04015, -4.1047,-4.04015,-4.31972,-4.06475,-4.04015,-4.06475]
	PARPACK diagonalization completed after 30 matrix-vector product operations.
	iteration results: : total energy is -67.319815 | electron energy -67.846277 + phonon energy 0.526461 | electron momentum kIdx = 10
The 9-th iteration is completed.	|| time cost : 0h 0m 9.025s
********************************************************************************************************************
Start the 10 rounds of NGS-ED iteration
	effective electronic model is modified as: kinetic energy t = 0.691444
	                                           effective interaction Vq = [-4.49995,-4.32117,-3.97278,-4.32117,-4.32117,-4.06651,-4.04239,-4.06651,-3.97278,-4.04239,-4.10778,-4.04239,-4.32117,-4.06651,-4.04239,-4.06651]
	PARPACK diagonalization completed after 30 matrix-vector product operations.
	iteration results: : total energy is -67.320159 | electron energy -67.849080 + phonon energy 0.528922 | electron momentum kIdx = 10
	Nq(0) = 9,	Nq(1) = 0.373219,	Nq(2) = 0.344461,	Nq(3) = 0.373219,	Nq(4) = 0.373219,	Nq(5) = 0.393895,	Nq(6) = 0.536902,	Nq(7) = 0.393895,	Nq(8) = 0.344461,	Nq(9) = 0.536902,	Nq(10) = 0.749323,	Nq(11) = 0.536902,	Nq(12) = 0.373219,	Nq(13) = 0.393895,	Nq(14) = 0.536902,	Nq(15) = 0.393895,	Sq(0) = -2.0393e-17,	Sq(1) = 0.407717,	Sq(2) = 0.691059,	Sq(3) = 0.407717,	Sq(4) = 0.407717,	Sq(5) = 0.467361,	Sq(6) = 0.696338,	Sq(7) = 0.467361,	Sq(8) = 0.691059,	Sq(9) = 0.696338,	Sq(10) = 0.677906,	Sq(11) = 0.696338,	Sq(12) = 0.407717,	Sq(13) = 0.467361,	Sq(14) = 0.696338,	Sq(15) = 0.467361,	N(0) = 1.98979,	N(1) = 1.98608,	N(2) = 0.0107746,	N(3) = 1.98608,	N(4) = 1.98608,	N(5) = 0.503044,	N(6) = 0.00705138,	N(7) = 0.503044,	N(8) = 0.0107746,	N(9) = 0.00705138,	N(10) = 0.00397472,	N(11) = 0.00705138,	N(12) = 1.98608,	N(13) = 0.503044,	N(14) = 0.00705138,	N(15) = 0.503044,	Delta[s](0) = 0.145521,	Delta[s](1) = 0.125018,	Delta[s](2) = 0.112547,	Delta[s](3) = 0.125018,	Delta[s](4) = 0.125018,	Delta[s](5) = 0.117154,	Delta[s](6) = 0.099936,	Delta[s](7) = 0.117154,	Delta[s](8) = 0.112547,	Delta[s](9) = 0.099936,	Delta[s](10) = 0.0881091,	Delta[s](11) = 0.099936,	Delta[s](12) = 0.125018,	Delta[s](13) = 0.117154,	Delta[s](14) = 0.099936,	Delta[s](15) = 0.117154,	Delta[d](0) = 0.221255,	Delta[d](1) = 0.146747,	Delta[d](2) = 0.177819,	Delta[d](3) = 0.146747,	Delta[d](4) = 0.146747,	Delta[d](5) = 0.155327,	Delta[d](6) = 0.105623,	Delta[d](7) = 0.155327,	Delta[d](8) = 0.177819,	Delta[d](9) = 0.105623,	Delta[d](10) = 0.0659313,	Delta[d](11) = 0.105623,	Delta[d](12) = 0.146747,	Delta[d](13) = 0.155327,	Delta[d](14) = 0.105623,	Delta[d](15) = 0.155327,	Delta[s+](0) = 0.522397,	Delta[s+](1) = 0.366801,	Delta[s+](2) = 0.177819,	Delta[s+](3) = 0.366801,	Delta[s+](4) = 0.366801,	Delta[s+](5) = 0.224792,	Delta[s+](6) = 0.0885786,	Delta[s+](7) = 0.224792,	Delta[s+](8) = 0.177819,	Delta[s+](9) = 0.0885786,	Delta[s+](10) = 0.0398794,	Delta[s+](11) = 0.0885786,	Delta[s+](12) = 0.366801,	Delta[s+](13) = 0.224792,	Delta[s+](14) = 0.0885786,	Delta[s+](15) = 0.224792
The 10-th iteration is completed.	|| time cost : 0h 1m 25.585s
********************************************************************************************************************
Start the 11 rounds of NGS-ED iteration
	effective electronic model is modified as: kinetic energy t = 0.691167
	                                           effective interaction Vq = [-4.49996,-4.32202,-3.97375,-4.32202,-4.32202,-4.06758,-4.04379,-4.06758,-3.97375,-4.04379,-4.10978,-4.04379,-4.32202,-4.06758,-4.04379,-4.06758]
	PARPACK diagonalization completed after 30 matrix-vector product operations.
	iteration results: : total energy is -67.320286 | electron energy -67.850749 + phonon energy 0.530462 | electron momentum kIdx = 10
The 11-th iteration is completed.	|| time cost : 0h 0m 9.094s
********************************************************************************************************************
Start the 12 rounds of NGS-ED iteration
	effective electronic model is modified as: kinetic energy t = 0.690995
	                                           effective interaction Vq = [-4.49997,-4.32253,-3.97434,-4.32253,-4.32253,-4.06823,-4.04467,-4.06823,-3.97434,-4.04467,-4.11109,-4.04467,-4.32253,-4.06823,-4.04467,-4.06823]
	PARPACK diagonalization completed after 30 matrix-vector product operations.
	iteration results: : total energy is -67.320334 | electron energy -67.851762 + phonon energy 0.531428 | electron momentum kIdx = 10
The 12-th iteration is completed.	|| time cost : 0h 0m 9.118s
********************************************************************************************************************
Start the 13 rounds of NGS-ED iteration
	effective electronic model is modified as: kinetic energy t = 0.690889
	                                           effective interaction Vq = [-4.49997,-4.32283, -3.9747,-4.32283,-4.32283,-4.06862,-4.04522,-4.06862, -3.9747,-4.04522,-4.11195,-4.04522,-4.32283,-4.06862,-4.04522,-4.06862]
	PARPACK diagonalization completed after 30 matrix-vector product operations.
	iteration results: : total energy is -67.320352 | electron energy -67.852386 + phonon energy 0.532034 | electron momentum kIdx = 10
The 13-th iteration is completed.	|| time cost : 0h 0m 8.996s
********************************************************************************************************************
Start the 14 rounds of NGS-ED iteration
	effective electronic model is modified as: kinetic energy t = 0.690823
	                                           effective interaction Vq = [-4.49997,-4.32301,-3.97492,-4.32301,-4.32301,-4.06886,-4.04557,-4.06886,-3.97492,-4.04557,-4.11251,-4.04557,-4.32301,-4.06886,-4.04557,-4.06886]
	PARPACK diagonalization completed after 30 matrix-vector product operations.
	iteration results: : total energy is -67.320358 | electron energy -67.852773 + phonon energy 0.532415 | electron momentum kIdx = 10
The 14-th iteration is completed.	|| time cost : 0h 0m 9.094s
********************************************************************************************************************
Start the 15 rounds of NGS-ED iteration
	effective electronic model is modified as: kinetic energy t = 0.690781
	                                           effective interaction Vq = [-4.49997,-4.32311,-3.97505,-4.32311,-4.32311,-4.06901,-4.04578,-4.06901,-3.97505,-4.04578,-4.11288,-4.04578,-4.32311,-4.06901,-4.04578,-4.06901]
	PARPACK diagonalization completed after 30 matrix-vector product operations.
	iteration results: : total energy is -67.320361 | electron energy -67.853015 + phonon energy 0.532654 | electron momentum kIdx = 10
The 15-th iteration is completed.	|| time cost : 0h 0m 8.974s
********************************************************************************************************************
Start the 16 rounds of NGS-ED iteration
	effective electronic model is modified as: kinetic energy t = 0.690756
	                                           effective interaction Vq = [-4.49997,-4.32317,-3.97513,-4.32317,-4.32317,-4.06909,-4.04592,-4.06909,-3.97513,-4.04592,-4.11313,-4.04592,-4.32317,-4.06909,-4.04592,-4.06909]
	PARPACK diagonalization completed after 30 matrix-vector product operations.
	iteration results: : total energy is -67.320362 | electron energy -67.853167 + phonon energy 0.532805 | electron momentum kIdx = 10
The 16-th iteration is completed.	|| time cost : 0h 0m 9.001s
********************************************************************************************************************
Start the 17 rounds of NGS-ED iteration
	effective electronic model is modified as: kinetic energy t = 0.69074
	                                           effective interaction Vq = [-4.49997,-4.32321,-3.97517,-4.32321,-4.32321,-4.06915,  -4.046,-4.06915,-3.97517,  -4.046,-4.11329,  -4.046,-4.32321,-4.06915,  -4.046,-4.06915]
	PARPACK diagonalization completed after 30 matrix-vector product operations.
	iteration results: : total energy is -67.320362 | electron energy -67.853262 + phonon energy 0.532900 | electron momentum kIdx = 10
The 17-th iteration is completed.	|| time cost : 0h 0m 9.002s
********************************************************************************************************************
Start the 18 rounds of NGS-ED iteration
	effective electronic model is modified as: kinetic energy t = 0.69073
	                                           effective interaction Vq = [-4.49997,-4.32323, -3.9752,-4.32323,-4.32323,-4.06918,-4.04606,-4.06918, -3.9752,-4.04606,-4.11339,-4.04606,-4.32323,-4.06918,-4.04606,-4.06918]
	PARPACK diagonalization completed after 30 matrix-vector product operations.
	iteration results: : total energy is -67.320362 | electron energy -67.853323 + phonon energy 0.532961 | electron momentum kIdx = 10
The 18-th iteration is completed.	|| time cost : 0h 0m 9.089s
********************************************************************************************************************
Start the 19 rounds of NGS-ED iteration
	effective electronic model is modified as: kinetic energy t = 0.690724
	                                           effective interaction Vq = [-4.49997,-4.32324,-3.97522,-4.32324,-4.32324, -4.0692,-4.04609, -4.0692,-3.97522,-4.04609,-4.11346,-4.04609,-4.32324, -4.0692,-4.04609, -4.0692]
	PARPACK diagonalization completed after 30 matrix-vector product operations.
	iteration results: : total energy is -67.320362 | electron energy -67.853361 + phonon energy 0.532999 | electron momentum kIdx = 10
The 19-th iteration is completed.	|| time cost : 0h 0m 9.097s
********************************************************************************************************************
Start the 20 rounds of NGS-ED iteration
	effective electronic model is modified as: kinetic energy t = 0.69072
	                                           effective interaction Vq = [-4.49997,-4.32325,-3.97523,-4.32325,-4.32325,-4.06921,-4.04611,-4.06921,-3.97523,-4.04611,-4.11351,-4.04611,-4.32325,-4.06921,-4.04611,-4.06921]
	PARPACK diagonalization completed after 30 matrix-vector product operations.
	iteration results: : total energy is -67.320362 | electron energy -67.853385 + phonon energy 0.533023 | electron momentum kIdx = 10
	Nq(0) = 9,	Nq(1) = 0.373364,	Nq(2) = 0.344537,	Nq(3) = 0.373364,	Nq(4) = 0.373364,	Nq(5) = 0.394053,	Nq(6) = 0.537415,	Nq(7) = 0.394053,	Nq(8) = 0.344537,	Nq(9) = 0.537415,	Nq(10) = 0.751259,	Nq(11) = 0.537415,	Nq(12) = 0.373364,	Nq(13) = 0.394053,	Nq(14) = 0.537415,	Nq(15) = 0.394053,	Sq(0) = -4.4163e-17,	Sq(1) = 0.407431,	Sq(2) = 0.69064,	Sq(3) = 0.407431,	Sq(4) = 0.407431,	Sq(5) = 0.467152,	Sq(6) = 0.695788,	Sq(7) = 0.467152,	Sq(8) = 0.69064,	Sq(9) = 0.695788,	Sq(10) = 0.677578,	Sq(11) = 0.695788,	Sq(12) = 0.407431,	Sq(13) = 0.467152,	Sq(14) = 0.695788,	Sq(15) = 0.467152,	N(0) = 1.9899,	N(1) = 1.98628,	N(2) = 0.0106482,	N(3) = 1.98628,	N(4) = 1.98628,	N(5) = 0.502998,	N(6) = 0.00694848,	N(7) = 0.502998,	N(8) = 0.0106482,	N(9) = 0.00694848,	N(10) = 0.00391541,	N(11) = 0.00694848,	N(12) = 1.98628,	N(13) = 0.502998,	N(14) = 0.00694848,	N(15) = 0.502998,	Delta[s](0) = 0.145655,	Delta[s](1) = 0.125169,	Delta[s](2) = 0.112711,	Delta[s](3) = 0.125169,	Delta[s](4) = 0.125169,	Delta[s](5) = 0.117318,	Delta[s](6) = 0.100125,	Delta[s](7) = 0.117318,	Delta[s](8) = 0.112711,	Delta[s](9) = 0.100125,	Delta[s](10) = 0.0883062,	Delta[s](11) = 0.100125,	Delta[s](12) = 0.125169,	Delta[s](13) = 0.117318,	Delta[s](14) = 0.100125,	Delta[s](15) = 0.117318,	Delta[d](0) = 0.221195,	Delta[d](1) = 0.14677,	Delta[d](2) = 0.177808,	Delta[d](3) = 0.14677,	Delta[d](4) = 0.14677,	Delta[d](5) = 0.155343,	Delta[d](6) = 0.105663,	Delta[d](7) = 0.155343,	Delta[d](8) = 0.177808,	Delta[d](9) = 0.105663,	Delta[d](10) = 0.065997,	Delta[d](11) = 0.105663,	Delta[d](12) = 0.14677,	Delta[d](13) = 0.155343,	Delta[d](14) = 0.105663,	Delta[d](15) = 0.155343,	Delta[s+](0) = 0.522198,	Delta[s+](1) = 0.366683,	Delta[s+](2) = 0.177808,	Delta[s+](3) = 0.366683,	Delta[s+](4) = 0.366683,	Delta[s+](5) = 0.224754,	Delta[s+](6) = 0.0886126,	Delta[s+](7) = 0.224754,	Delta[s+](8) = 0.177808,	Delta[s+](9) = 0.0886126,	Delta[s+](10) = 0.0399283,	Delta[s+](11) = 0.0886126,	Delta[s+](12) = 0.366683,	Delta[s+](13) = 0.224754,	Delta[s+](14) = 0.0886126,	Delta[s+](15) = 0.224754
The 20-th iteration is completed.	|| time cost : 0h 1m 25.057s
********************************************************************************************************************
Start the 21 rounds of NGS-ED iteration
	effective electronic model is modified as: kinetic energy t = 0.690717
	                                           effective interaction Vq = [-4.49997,-4.32325,-3.97524,-4.32325,-4.32325,-4.06922,-4.04613,-4.06922,-3.97524,-4.04613,-4.11354,-4.04613,-4.32325,-4.06922,-4.04613,-4.06922]
	PARPACK diagonalization completed after 30 matrix-vector product operations.
	iteration results: : total energy is -67.320362 | electron energy -67.853400 + phonon energy 0.533038 | electron momentum kIdx = 10
The 21-th iteration is completed.	|| time cost : 0h 0m 9.093s
********************************************************************************************************************
Start the 22 rounds of NGS-ED iteration
	effective electronic model is modified as: kinetic energy t = 0.690716
	                                           effective interaction Vq = [-4.49997,-4.32325,-3.97524,-4.32325,-4.32325,-4.06922,-4.04613,-4.06922,-3.97524,-4.04613,-4.11356,-4.04613,-4.32325,-4.06922,-4.04613,-4.06922]
	PARPACK diagonalization completed after 30 matrix-vector product operations.
	iteration results: : total energy is -67.320362 | electron energy -67.853410 + phonon energy 0.533048 | electron momentum kIdx = 10
The 22-th iteration is completed.	|| time cost : 0h 0m 9.015s
********************************************************************************************************************
Start the 23 rounds of NGS-ED iteration
	effective electronic model is modified as: kinetic energy t = 0.690715
	                                           effective interaction Vq = [-4.49997,-4.32325,-3.97524,-4.32325,-4.32325,-4.06922,-4.04614,-4.06922,-3.97524,-4.04614,-4.11358,-4.04614,-4.32325,-4.06922,-4.04614,-4.06922]
	PARPACK diagonalization completed after 30 matrix-vector product operations.
	iteration results: : total energy is -67.320362 | electron energy -67.853416 + phonon energy 0.533054 | electron momentum kIdx = 10
The 23-th iteration is completed.	|| time cost : 0h 0m 8.992s
********************************************************************************************************************
Start the 24 rounds of NGS-ED iteration
	effective electronic model is modified as: kinetic energy t = 0.690714
	                                           effective interaction Vq = [-4.49997,-4.32326,-3.97524,-4.32326,-4.32326,-4.06923,-4.04614,-4.06923,-3.97524,-4.04614,-4.11359,-4.04614,-4.32326,-4.06923,-4.04614,-4.06923]
