SNEDics v3.22.2 Non-Gaussian ED ground state program		Start at Fri Jun  3 01:36:19 2022

Parallelization: 32 MPI threads  * 8 OpenMP threads = 256 total threads.
********************************************************************************************************************
********************************************************************************************************************

********************************************************************************************************************
System parameters and configurations
	special program options are enabled: splitted diagonal Hamiltonian | splitted Hamiltonian terms
********************************************************************************************************************
Read input file "model_params.in"
	Hubbard-Holstein model parameters : 	t = 1    U = 8    g = 0.55    W = 0.2    g' = 0.15    
********************************************************************************************************************
Read input file "hilbertspace_params.in"
	Requested 16-site 2D lattice, with 8 electrons (4, 4)
	Boundary : Periodic		Hilbert space representation : momentum-space (restricted to kIdx = 0)
	Conservation: particle number[U(1)]      spin[U(1)]     momentum
********************************************************************************************************************

Cluster Positions:				Cluster symmetry group : D4
 x ... x ... x ... x .....                       x ... x ... x ... x .....
 |           |           :                       |           |           :
 |           |           :                       |           |           :
12    13    14    15     x                       1     5     6     5     x
 |           |           :                       |           |           :
 |           |           :                       |           |           :
 8 --- 9 ---10 ---11 --- x                       2 --- 6 ---10 --- 6 --- x
 |           |           :                       |           |           :
 |           |           :                       |           |           :
 4     5     6     7     x                       1     5     6     5     x
 |           |           :                       |           |           :
 |           |           :                       |           |           :
 0 --- 1 --- 2 --- 3 --- x                       0 --- 1 --- 2 --- 1 --- x
orbital number : 1
********************************************************************************************************************
Read input file "obs_params.in"
	Observable Type : Nq(All),   Sq(All),   N(All-Orbital),   Delta[s](All),   Delta[d](All),   Delta[s+](All)
** WARNING ** the input observables have non-local factors which have been reinterpreted. The total observable number is 96
********************************************************************************************************************


********************************************************************************************************************
Start calculating the non-Gaussian ED ground state
Maximal iteration number is 1000; energy resolution is 1e-06. Phonon state relaxation time is 2000
W = 0.2 is relatively large. The non-Gaussian ED calculation starts directly.
open output files: NGSED_iteration_observables.txt
********************************************************************************************************************
Start the 0 rounds of NGS-ED iteration
	effective electronic model is modified as: kinetic energy t = 1
	                                           effective interaction Vq = [0,0,0,0,0,0,0,0,0,0,0,0,0,0,0,0]
	first Hamiltonian is constructed, size = 207184 and non-zero numbers = 32207050
	PARPACK diagonalization completed after 75 matrix-vector product operations.
	iteration results: : total energy is -16.460627 | electron energy -16.460627 + phonon energy 0.000000 | electron momentum kIdx = 0
	Nq(0) = 4,	Nq(1) = 0.217892,	Nq(2) = 0.275693,	Nq(3) = 0.217892,	Nq(4) = 0.217892,	Nq(5) = 0.260941,	
	Nq(6) = 0.370592,	Nq(7) = 0.260941,	Nq(8) = 0.275693,	Nq(9) = 0.370592,	Nq(10) = 0.4202,	
	Nq(11) = 0.370592,	Nq(12) = 0.217892,	Nq(13) = 0.260941,	Nq(14) = 0.370592,	Nq(15) = 0.260941;	
	Sq(0) = 2.57535e-18,	Sq(1) = 0.41044,	Sq(2) = 0.343979,	Sq(3) = 0.41044,	Sq(4) = 0.41044,	
	Sq(5) = 0.572101,	Sq(6) = 0.615629,	Sq(7) = 0.572101,	Sq(8) = 0.343979,	Sq(9) = 0.615629,	
	Sq(10) = 0.550078,	Sq(11) = 0.615629,	Sq(12) = 0.41044,	Sq(13) = 0.572101,	Sq(14) = 0.615629,	
	Sq(15) = 0.572101;	N(0) = 1.82882,	N(1) = 1.37933,	N(2) = 0.0780726,	N(3) = 1.37933,	
	N(4) = 1.37933,	N(5) = 0.0780398,	N(6) = 0.0412646,	N(7) = 0.0780398,	N(8) = 0.0780726,	
	N(9) = 0.0412646,	N(10) = 0.0205069,	N(11) = 0.0412646,	N(12) = 1.37933,	N(13) = 0.0780398,	
	N(14) = 0.0412646,	N(15) = 0.0780398;	Delta[s](0) = 0.0353194,	Delta[s](1) = 0.0200997,	Delta[s](2) = 0.0100849,	
	Delta[s](3) = 0.0200997,	Delta[s](4) = 0.0200997,	Delta[s](5) = 0.0102159,	Delta[s](6) = 0.0018422,	Delta[s](7) = 0.0102159,	
	Delta[s](8) = 0.0100849,	Delta[s](9) = 0.0018422,	Delta[s](10) = 0.00052154,	Delta[s](11) = 0.0018422,	Delta[s](12) = 0.0200997,	
	Delta[s](13) = 0.0102159,	Delta[s](14) = 0.0018422,	Delta[s](15) = 0.0102159;	Delta[d](0) = 0.244486,	Delta[d](1) = 0.0636499,	
	Delta[d](2) = 0.0800021,	Delta[d](3) = 0.0636499,	Delta[d](4) = 0.0636499,	Delta[d](5) = 0.0529404,	Delta[d](6) = 0.0181551,	
	Delta[d](7) = 0.0529404,	Delta[d](8) = 0.0800021,	Delta[d](9) = 0.0181551,	Delta[d](10) = 0.00978753,	Delta[d](11) = 0.0181551,	
	Delta[d](12) = 0.0636499,	Delta[d](13) = 0.0529404,	Delta[d](14) = 0.0181551,	Delta[d](15) = 0.0529404;	Delta[s+](0) = 0.382305,	
	Delta[s+](1) = 0.218636,	Delta[s+](2) = 0.0800021,	Delta[s+](3) = 0.218636,	Delta[s+](4) = 0.218636,	Delta[s+](5) = 0.0751115,	
	Delta[s+](6) = 0.00666386,	Delta[s+](7) = 0.0751115,	Delta[s+](8) = 0.0800021,	Delta[s+](9) = 0.00666386,	Delta[s+](10) = 0.00119737,	
	Delta[s+](11) = 0.00666386,	Delta[s+](12) = 0.218636,	Delta[s+](13) = 0.0751115,	Delta[s+](14) = 0.00666386,	Delta[s+](15) = 0.0751115
	
The 0-th iteration is completed.	|| time cost : 0h 0m 4.827s
********************************************************************************************************************
Start the 1 rounds of NGS-ED iteration
	effective electronic model is modified as: kinetic energy t = 0.965423
	                                           effective interaction Vq = [     -6.6125,    -1.16393,   -0.177581,    -1.16393,    -1.16393,   -0.164638,  -0.0279829,   -0.164638,   -0.177581,  -0.0279829,-0.000918486,  -0.0279829,    -1.16393,   -0.164638,  -0.0279829,   -0.164638]
	PARPACK diagonalization completed after 45 matrix-vector product operations.
	iteration results: : total energy is -43.491964 | electron energy -43.714763 + phonon energy 0.222799 | electron momentum kIdx = 0
The 1-th iteration is completed.	|| time cost : 0h 0m 3.504s
********************************************************************************************************************
Start the 2 rounds of NGS-ED iteration
	effective electronic model is modified as: kinetic energy t = 0.945596
	                                           effective interaction Vq = [     -6.6125,    -1.83559,   -0.175837,    -1.83559,    -1.83559,   -0.164729,  -0.0266603,   -0.164729,   -0.175837,  -0.0266603,-0.000867149,  -0.0266603,    -1.83559,   -0.164729,  -0.0266603,   -0.164729]
	PARPACK diagonalization completed after 45 matrix-vector product operations.
	iteration results: : total energy is -43.612945 | electron energy -44.125045 + phonon energy 0.512101 | electron momentum kIdx = 0
The 2-th iteration is completed.	|| time cost : 0h 0m 0.867s
********************************************************************************************************************
Start the 3 rounds of NGS-ED iteration
	effective electronic model is modified as: kinetic energy t = 0.929953
	                                           effective interaction Vq = [    -6.6125,   -2.29424,  -0.171169,   -2.29424,   -2.29424,  -0.162611, -0.0259129,  -0.162611,  -0.171169, -0.0259129,-0.00084213, -0.0259129,   -2.29424,  -0.162611, -0.0259129,  -0.162611]
	PARPACK diagonalization completed after 45 matrix-vector product operations.
	iteration results: : total energy is -43.690793 | electron energy -44.441237 + phonon energy 0.750444 | electron momentum kIdx = 0
The 3-th iteration is completed.	|| time cost : 0h 0m 0.878s
********************************************************************************************************************
Start the 4 rounds of NGS-ED iteration
	effective electronic model is modified as: kinetic energy t = 0.91845
	                                           effective interaction Vq = [     -6.6125,    -2.58336,   -0.167104,    -2.58336,    -2.58336,   -0.160399,  -0.0253496,   -0.160399,   -0.167104,  -0.0253496,-0.000823705,  -0.0253496,    -2.58336,   -0.160399,  -0.0253496,   -0.160399]
	PARPACK diagonalization completed after 45 matrix-vector product operations.
	iteration results: : total energy is -43.732817 | electron energy -44.651540 + phonon energy 0.918722 | electron momentum kIdx = 0
The 4-th iteration is completed.	|| time cost : 0h 0m 0.876s
********************************************************************************************************************
Start the 5 rounds of NGS-ED iteration
	effective electronic model is modified as: kinetic energy t = 0.910865
	                                           effective interaction Vq = [     -6.6125,    -2.75055,   -0.164028,    -2.75055,    -2.75055,   -0.158517,  -0.0249783,   -0.158517,   -0.164028,  -0.0249783,-0.000811317,  -0.0249783,    -2.75055,   -0.158517,  -0.0249783,   -0.158517]
	PARPACK diagonalization completed after 45 matrix-vector product operations.
	iteration results: : total energy is -43.750736 | electron energy -44.773613 + phonon energy 1.022877 | electron momentum kIdx = 0
The 5-th iteration is completed.	|| time cost : 0h 0m 0.894s
********************************************************************************************************************
Start the 6 rounds of NGS-ED iteration
	effective electronic model is modified as: kinetic energy t = 0.906269
	                                           effective interaction Vq = [     -6.6125,    -2.84263,   -0.161993,    -2.84263,    -2.84263,   -0.157183,  -0.0247589,   -0.157183,   -0.161993,  -0.0247589,-0.000803745,  -0.0247589,    -2.84263,   -0.157183,  -0.0247589,   -0.157183]
	PARPACK diagonalization completed after 45 matrix-vector product operations.
	iteration results: : total energy is -43.757176 | electron energy -44.839545 + phonon energy 1.082369 | electron momentum kIdx = 0
The 6-th iteration is completed.	|| time cost : 0h 0m 0.894s
********************************************************************************************************************
Start the 7 rounds of NGS-ED iteration
	effective electronic model is modified as: kinetic energy t = 0.903623
	                                           effective interaction Vq = [     -6.6125,    -2.89247,   -0.160764,    -2.89247,    -2.89247,   -0.156342,  -0.0246355,   -0.156342,   -0.160764,  -0.0246355,-0.000799381,  -0.0246355,    -2.89247,   -0.156342,  -0.0246355,   -0.156342]
	PARPACK diagonalization completed after 45 matrix-vector product operations.
	iteration results: : total energy is -43.759276 | electron energy -44.874432 + phonon energy 1.115156 | electron momentum kIdx = 0
The 7-th iteration is completed.	|| time cost : 0h 0m 0.894s
********************************************************************************************************************
Start the 8 rounds of NGS-ED iteration
	effective electronic model is modified as: kinetic energy t = 0.902141
	                                           effective interaction Vq = [     -6.6125,    -2.91937,   -0.160057,    -2.91937,    -2.91937,   -0.155847,  -0.0245674,   -0.155847,   -0.160057,  -0.0245674,-0.000796939,  -0.0245674,    -2.91937,   -0.155847,  -0.0245674,   -0.155847]
	PARPACK diagonalization completed after 30 matrix-vector product operations.
	iteration results: : total energy is -43.759928 | electron energy -44.892933 + phonon energy 1.133005 | electron momentum kIdx = 0
The 8-th iteration is completed.	|| time cost : 0h 0m 0.83s
********************************************************************************************************************
Start the 9 rounds of NGS-ED iteration
	effective electronic model is modified as: kinetic energy t = 0.901324
	                                           effective interaction Vq = [     -6.6125,     -2.9339,   -0.159662,     -2.9339,     -2.9339,   -0.155567,  -0.0245301,   -0.155567,   -0.159662,  -0.0245301,-0.000795594,  -0.0245301,     -2.9339,   -0.155567,  -0.0245301,   -0.155567]
	PARPACK diagonalization completed after 30 matrix-vector product operations.
	iteration results: : total energy is -43.760125 | electron energy -44.902816 + phonon energy 1.142691 | electron momentum kIdx = 0
The 9-th iteration is completed.	|| time cost : 0h 0m 0.829s
********************************************************************************************************************
Start the 10 rounds of NGS-ED iteration
	effective electronic model is modified as: kinetic energy t = 0.900876
	                                           effective interaction Vq = [     -6.6125,    -2.94177,   -0.159444,    -2.94177,    -2.94177,   -0.155411,  -0.0245098,   -0.155411,   -0.159444,  -0.0245098,-0.000794857,  -0.0245098,    -2.94177,   -0.155411,  -0.0245098,   -0.155411]
	PARPACK diagonalization completed after 30 matrix-vector product operations.
	iteration results: : total energy is -43.760184 | electron energy -44.908129 + phonon energy 1.147945 | electron momentum kIdx = 0
The 10-th iteration is completed.	|| time cost : 0h 0m 0.833s
********************************************************************************************************************
Start the 11 rounds of NGS-ED iteration
	effective electronic model is modified as: kinetic energy t = 0.900631
	                                           effective interaction Vq = [     -6.6125,    -2.94603,   -0.159325,    -2.94603,    -2.94603,   -0.155326,  -0.0244987,   -0.155326,   -0.159325,  -0.0244987,-0.000794456,  -0.0244987,    -2.94603,   -0.155326,  -0.0244987,   -0.155326]
	PARPACK diagonalization completed after 30 matrix-vector product operations.
	iteration results: : total energy is -43.760201 | electron energy -44.910996 + phonon energy 1.150795 | electron momentum kIdx = 0
The 11-th iteration is completed.	|| time cost : 0h 0m 0.831s
********************************************************************************************************************
Start the 12 rounds of NGS-ED iteration
	effective electronic model is modified as: kinetic energy t = 0.900498
	                                           effective interaction Vq = [     -6.6125,    -2.94835,    -0.15926,    -2.94835,    -2.94835,   -0.155279,  -0.0244927,   -0.155279,    -0.15926,  -0.0244927,-0.000794237,  -0.0244927,    -2.94835,   -0.155279,  -0.0244927,   -0.155279]
	PARPACK diagonalization completed after 30 matrix-vector product operations.
	iteration results: : total energy is -43.760207 | electron energy -44.912548 + phonon energy 1.152342 | electron momentum kIdx = 0
The 12-th iteration is completed.	|| time cost : 0h 0m 0.831s
********************************************************************************************************************
Start the 13 rounds of NGS-ED iteration
	effective electronic model is modified as: kinetic energy t = 0.900426
	                                           effective interaction Vq = [     -6.6125,     -2.9496,   -0.159225,     -2.9496,     -2.9496,   -0.155253,  -0.0244895,   -0.155253,   -0.159225,  -0.0244895,-0.000794119,  -0.0244895,     -2.9496,   -0.155253,  -0.0244895,   -0.155253]
	PARPACK diagonalization completed after 30 matrix-vector product operations.
	iteration results: : total energy is -43.760208 | electron energy -44.913390 + phonon energy 1.153182 | electron momentum kIdx = 0
The 13-th iteration is completed.	|| time cost : 0h 0m 0.83s
********************************************************************************************************************
Start the 14 rounds of NGS-ED iteration
	effective electronic model is modified as: kinetic energy t = 0.900387
	                                           effective interaction Vq = [     -6.6125,    -2.95028,   -0.159205,    -2.95028,    -2.95028,   -0.155239,  -0.0244877,   -0.155239,   -0.159205,  -0.0244877,-0.000794054,  -0.0244877,    -2.95028,   -0.155239,  -0.0244877,   -0.155239]
	PARPACK diagonalization completed after 30 matrix-vector product operations.
	iteration results: : total energy is -43.760209 | electron energy -44.913846 + phonon energy 1.153637 | electron momentum kIdx = 0
The 14-th iteration is completed.	|| time cost : 0h 0m 0.824s
********************************************************************************************************************
Start the 15 rounds of NGS-ED iteration
	effective electronic model is modified as: kinetic energy t = 0.900365
	                                           effective interaction Vq = [     -6.6125,    -2.95065,   -0.159195,    -2.95065,    -2.95065,   -0.155232,  -0.0244867,   -0.155232,   -0.159195,  -0.0244867,-0.000794019,  -0.0244867,    -2.95065,   -0.155232,  -0.0244867,   -0.155232]
	PARPACK diagonalization completed after 30 matrix-vector product operations.
	iteration results: : total energy is -43.760209 | electron energy -44.914093 + phonon energy 1.153885 | electron momentum kIdx = 0
The 15-th iteration is completed.	|| time cost : 0h 0m 0.834s
********************************************************************************************************************
Start the 16 rounds of NGS-ED iteration
	effective electronic model is modified as: kinetic energy t = 0.900354
	                                           effective interaction Vq = [   -6.6125,  -2.95085, -0.159189,  -2.95085,  -2.95085, -0.155228,-0.0244862, -0.155228, -0.159189,-0.0244862, -0.000794,-0.0244862,  -2.95085, -0.155228,-0.0244862, -0.155228]
	PARPACK diagonalization completed after 30 matrix-vector product operations.
	iteration results: : total energy is -43.760209 | electron energy -44.914228 + phonon energy 1.154019 | electron momentum kIdx = 0
The 16-th iteration is completed.	|| time cost : 0h 0m 0.831s
********************************************************************************************************************
Start the 17 rounds of NGS-ED iteration
	effective electronic model is modified as: kinetic energy t = 0.900347
	                                           effective interaction Vq = [    -6.6125,   -2.95096,  -0.159186,   -2.95096,   -2.95096,  -0.155226, -0.0244859,  -0.155226,  -0.159186, -0.0244859,-0.00079399, -0.0244859,   -2.95096,  -0.155226, -0.0244859,  -0.155226]
	PARPACK diagonalization completed after 30 matrix-vector product operations.
	iteration results: : total energy is -43.760209 | electron energy -44.914301 + phonon energy 1.154092 | electron momentum kIdx = 0
The 17-th iteration is completed.	|| time cost : 0h 0m 0.832s
********************************************************************************************************************
Start the 18 rounds of NGS-ED iteration
	effective electronic model is modified as: kinetic energy t = 0.900344
	                                           effective interaction Vq = [     -6.6125,    -2.95102,   -0.159185,    -2.95102,    -2.95102,   -0.155224,  -0.0244858,   -0.155224,   -0.159185,  -0.0244858,-0.000793984,  -0.0244858,    -2.95102,   -0.155224,  -0.0244858,   -0.155224]
	PARPACK diagonalization completed after 30 matrix-vector product operations.
	iteration results: : total energy is -43.760209 | electron energy -44.914340 + phonon energy 1.154132 | electron momentum kIdx = 0
The 18-th iteration is completed.	|| time cost : 0h 0m 0.836s
********************************************************************************************************************
Start the 19 rounds of NGS-ED iteration
	effective electronic model is modified as: kinetic energy t = 0.900342
	                                           effective interaction Vq = [     -6.6125,    -2.95105,   -0.159184,    -2.95105,    -2.95105,   -0.155224,  -0.0244857,   -0.155224,   -0.159184,  -0.0244857,-0.000793981,  -0.0244857,    -2.95105,   -0.155224,  -0.0244857,   -0.155224]
	PARPACK diagonalization completed after 30 matrix-vector product operations.
	iteration results: : total energy is -43.760209 | electron energy -44.914362 + phonon energy 1.154153 | electron momentum kIdx = 0
The 19-th iteration is completed.	|| time cost : 0h 0m 0.831s
********************************************************************************************************************
Start the 20 rounds of NGS-ED iteration
	effective electronic model is modified as: kinetic energy t = 0.900341
	                                           effective interaction Vq = [     -6.6125,    -2.95107,   -0.159183,    -2.95107,    -2.95107,   -0.155223,  -0.0244856,   -0.155223,   -0.159183,  -0.0244856,-0.000793979,  -0.0244856,    -2.95107,   -0.155223,  -0.0244856,   -0.155223]
	PARPACK diagonalization completed after 30 matrix-vector product operations.
	iteration results: : total energy is -43.760209 | electron energy -44.914373 + phonon energy 1.154165 | electron momentum kIdx = 0
The 20-th iteration is completed.	|| time cost : 0h 0m 0.837s
********************************************************************************************************************
Start the 21 rounds of NGS-ED iteration
	effective electronic model is modified as: kinetic energy t = 0.900341
	                                           effective interaction Vq = [     -6.6125,    -2.95108,   -0.159183,    -2.95108,    -2.95108,   -0.155223,  -0.0244856,   -0.155223,   -0.159183,  -0.0244856,-0.000793979,  -0.0244856,    -2.95108,   -0.155223,  -0.0244856,   -0.155223]
	PARPACK diagonalization completed after 30 matrix-vector product operations.
	iteration results: : total energy is -43.760209 | electron energy -44.914380 + phonon energy 1.154171 | electron momentum kIdx = 0
The 21-th iteration is completed.	|| time cost : 0h 0m 0.835s
********************************************************************************************************************
Start the 22 rounds of NGS-ED iteration
	effective electronic model is modified as: kinetic energy t = 0.90034
	                                           effective interaction Vq = [     -6.6125,    -2.95109,   -0.159183,    -2.95109,    -2.95109,   -0.155223,  -0.0244856,   -0.155223,   -0.159183,  -0.0244856,-0.000793978,  -0.0244856,    -2.95109,   -0.155223,  -0.0244856,   -0.155223]
	PARPACK diagonalization completed after 30 matrix-vector product operations.
	iteration results: : total energy is -43.760209 | electron energy -44.914383 + phonon energy 1.154175 | electron momentum kIdx = 0
The 22-th iteration is completed.	|| time cost : 0h 0m 0.823s
********************************************************************************************************************
Start the 23 rounds of NGS-ED iteration
	effective electronic model is modified as: kinetic energy t = 0.90034
	                                           effective interaction Vq = [     -6.6125,    -2.95109,   -0.159183,    -2.95109,    -2.95109,   -0.155223,  -0.0244856,   -0.155223,   -0.159183,  -0.0244856,-0.000793978,  -0.0244856,    -2.95109,   -0.155223,  -0.0244856,   -0.155223]
	PARPACK diagonalization completed after 30 matrix-vector product operations.
	iteration results: : total energy is -43.760209 | electron energy -44.914385 + phonon energy 1.154176 | electron momentum kIdx = 0
The 23-th iteration is completed.	|| time cost : 0h 0m 0.831s
********************************************************************************************************************
Start the 24 rounds of NGS-ED iteration
	effective electronic model is modified as: kinetic energy t = 0.90034
	                                           effective interaction Vq = [     -6.6125,    -2.95109,   -0.159183,    -2.95109,    -2.95109,   -0.155223,  -0.0244856,   -0.155223,   -0.159183,  -0.0244856,-0.000793978,  -0.0244856,    -2.95109,   -0.155223,  -0.0244856,   -0.155223]
	PARPACK diagonalization completed after 30 matrix-vector product operations.
	iteration results: : total energy is -43.760209 | electron energy -44.914386 + phonon energy 1.154177 | electron momentum kIdx = 0
The 24-th iteration is completed.	|| time cost : 0h 0m 0.834s
********************************************************************************************************************
Start the 25 rounds of NGS-ED iteration
	effective electronic model is modified as: kinetic energy t = 0.90034
	                                           effective interaction Vq = [     -6.6125,    -2.95109,   -0.159183,    -2.95109,    -2.95109,   -0.155223,  -0.0244856,   -0.155223,   -0.159183,  -0.0244856,-0.000793978,  -0.0244856,    -2.95109,   -0.155223,  -0.0244856,   -0.155223]
	PARPACK diagonalization completed after 30 matrix-vector product operations.
	iteration results: : total energy is -43.760209 | electron energy -44.914387 + phonon energy 1.154178 | electron momentum kIdx = 0
The 25-th iteration is completed.	|| time cost : 0h 0m 0.826s
********************************************************************************************************************
Start the 26 rounds of NGS-ED iteration
	effective electronic model is modified as: kinetic energy t = 0.90034
	                                           effective interaction Vq = [     -6.6125,    -2.95109,   -0.159183,    -2.95109,    -2.95109,   -0.155223,  -0.0244856,   -0.155223,   -0.159183,  -0.0244856,-0.000793978,  -0.0244856,    -2.95109,   -0.155223,  -0.0244856,   -0.155223]
	PARPACK diagonalization completed after 30 matrix-vector product operations.
	iteration results: : total energy is -43.760209 | electron energy -44.914387 + phonon energy 1.154178 | electron momentum kIdx = 0
The 26-th iteration is completed.	|| time cost : 0h 0m 0.833s
********************************************************************************************************************
Start the 27 rounds of NGS-ED iteration
	effective electronic model is modified as: kinetic energy t = 0.90034
	                                           effective interaction Vq = [     -6.6125,    -2.95109,   -0.159183,    -2.95109,    -2.95109,   -0.155223,  -0.0244856,   -0.155223,   -0.159183,  -0.0244856,-0.000793977,  -0.0244856,    -2.95109,   -0.155223,  -0.0244856,   -0.155223]
	PARPACK diagonalization completed after 30 matrix-vector product operations.
	iteration results: : total energy is -43.760208 | electron energy -44.914387 + phonon energy 1.154178 | electron momentum kIdx = 0
The 27-th iteration is completed.	|| time cost : 0h 0m 0.83s
********************************************************************************************************************
Start the 28 rounds of NGS-ED iteration
	effective electronic model is modified as: kinetic energy t = 0.90034
	                                           effective interaction Vq = [     -6.6125,    -2.95109,   -0.159183,    -2.95109,    -2.95109,   -0.155223,  -0.0244856,   -0.155223,   -0.159183,  -0.0244856,-0.000793977,  -0.0244856,    -2.95109,   -0.155223,  -0.0244856,   -0.155223]
	PARPACK diagonalization completed after 30 matrix-vector product operations.
	iteration results: : total energy is -43.760208 | electron energy -44.914387 + phonon energy 1.154179 | electron momentum kIdx = 0
The 28-th iteration is completed.	|| time cost : 0h 0m 0.83s
********************************************************************************************************************
Start the 29 rounds of NGS-ED iteration
	effective electronic model is modified as: kinetic energy t = 0.90034
	                                           effective interaction Vq = [     -6.6125,    -2.95109,   -0.159183,    -2.95109,    -2.95109,   -0.155223,  -0.0244856,   -0.155223,   -0.159183,  -0.0244856,-0.000793977,  -0.0244856,    -2.95109,   -0.155223,  -0.0244856,   -0.155223]
	PARPACK diagonalization completed after 30 matrix-vector product operations.
	iteration results: : total energy is -43.760208 | electron energy -44.914387 + phonon energy 1.154179 | electron momentum kIdx = 0
The 29-th iteration is completed.	|| time cost : 0h 0m 0.833s
********************************************************************************************************************
Start the 30 rounds of NGS-ED iteration
	effective electronic model is modified as: kinetic energy t = 0.90034
	                                           effective interaction Vq = [     -6.6125,    -2.95109,   -0.159183,    -2.95109,    -2.95109,   -0.155223,  -0.0244856,   -0.155223,   -0.159183,  -0.0244856,-0.000793977,  -0.0244856,    -2.95109,   -0.155223,  -0.0244856,   -0.155223]
	PARPACK diagonalization completed after 30 matrix-vector product operations.
	iteration results: : total energy is -43.760208 | electron energy -44.914387 + phonon energy 1.154179 | electron momentum kIdx = 0
The 30-th iteration is completed.	|| time cost : 0h 0m 0.842s
********************************************************************************************************************
Start the 31 rounds of NGS-ED iteration
	effective electronic model is modified as: kinetic energy t = 0.90034
	                                           effective interaction Vq = [     -6.6125,    -2.95109,   -0.159183,    -2.95109,    -2.95109,   -0.155223,  -0.0244856,   -0.155223,   -0.159183,  -0.0244856,-0.000793977,  -0.0244856,    -2.95109,   -0.155223,  -0.0244856,   -0.155223]
	PARPACK diagonalization completed after 30 matrix-vector product operations.
	iteration results: : total energy is -43.760208 | electron energy -44.914386 + phonon energy 1.154179 | electron momentum kIdx = 0
The 31-th iteration is completed.	|| time cost : 0h 0m 0.827s
********************************************************************************************************************
Start the 32 rounds of NGS-ED iteration
	effective electronic model is modified as: kinetic energy t = 0.90034
	                                           effective interaction Vq = [     -6.6125,    -2.95109,   -0.159183,    -2.95109,    -2.95109,   -0.155223,  -0.0244856,   -0.155223,   -0.159183,  -0.0244856,-0.000793977,  -0.0244856,    -2.95109,   -0.155223,  -0.0244856,   -0.155223]
	PARPACK diagonalization completed after 30 matrix-vector product operations.
	iteration results: : total energy is -43.760207 | electron energy -44.914386 + phonon energy 1.154179 | electron momentum kIdx = 0
The 32-th iteration is completed.	|| time cost : 0h 0m 0.832s
********************************************************************************************************************
Start the 33 rounds of NGS-ED iteration
	effective electronic model is modified as: kinetic energy t = 0.90034
	                                           effective interaction Vq = [     -6.6125,     -2.9511,   -0.159183,     -2.9511,    -2.95109,   -0.155223,  -0.0244856,   -0.155223,   -0.159183,  -0.0244856,-0.000793977,  -0.0244856,    -2.95109,   -0.155223,  -0.0244856,   -0.155223]
	PARPACK diagonalization completed after 30 matrix-vector product operations.
	iteration results: : total energy is -43.760206 | electron energy -44.914385 + phonon energy 1.154179 | electron momentum kIdx = 0
The 33-th iteration is completed.	|| time cost : 0h 0m 0.814s
********************************************************************************************************************
Start the 34 rounds of NGS-ED iteration
	effective electronic model is modified as: kinetic energy t = 0.90034
	                                           effective interaction Vq = [     -6.6125,     -2.9511,   -0.159183,     -2.9511,    -2.95109,   -0.155223,  -0.0244856,   -0.155223,   -0.159182,  -0.0244856,-0.000793977,  -0.0244856,    -2.95109,   -0.155223,  -0.0244856,   -0.155223]
	PARPACK diagonalization completed after 30 matrix-vector product operations.
	iteration results: : total energy is -43.760205 | electron energy -44.914384 + phonon energy 1.154179 | electron momentum kIdx = 0
The 34-th iteration is completed.	|| time cost : 0h 0m 0.831s
********************************************************************************************************************
Start the 35 rounds of NGS-ED iteration
	effective electronic model is modified as: kinetic energy t = 0.90034
	                                           effective interaction Vq = [     -6.6125,     -2.9511,   -0.159183,     -2.9511,    -2.95109,   -0.155223,  -0.0244856,   -0.155223,   -0.159182,  -0.0244856,-0.000793977,  -0.0244856,    -2.95109,   -0.155223,  -0.0244856,   -0.155223]
	PARPACK diagonalization completed after 30 matrix-vector product operations.
	iteration results: : total energy is -43.760204 | electron energy -44.914383 + phonon energy 1.154179 | electron momentum kIdx = 0
The 35-th iteration is completed.	|| time cost : 0h 0m 0.835s
********************************************************************************************************************
Start the 36 rounds of NGS-ED iteration
	effective electronic model is modified as: kinetic energy t = 0.900339
	                                           effective interaction Vq = [     -6.6125,     -2.9511,   -0.159183,     -2.9511,    -2.95108,   -0.155223,  -0.0244856,   -0.155223,   -0.159182,  -0.0244856,-0.000793977,  -0.0244856,    -2.95108,   -0.155223,  -0.0244856,   -0.155223]
	PARPACK diagonalization completed after 30 matrix-vector product operations.
	iteration results: : total energy is -43.760201 | electron energy -44.914380 + phonon energy 1.154179 | electron momentum kIdx = 0
The 36-th iteration is completed.	|| time cost : 0h 0m 0.829s
********************************************************************************************************************
Start the 37 rounds of NGS-ED iteration
	effective electronic model is modified as: kinetic energy (tx,ty)=(0.900339, 0.90034)
	                                           effective interaction Vq = [     -6.6125,    -2.95111,   -0.159183,    -2.95111,    -2.95108,   -0.155223,  -0.0244856,   -0.155223,   -0.159182,  -0.0244856,-0.000793977,  -0.0244856,    -2.95108,   -0.155223,  -0.0244856,   -0.155223]
	PARPACK diagonalization completed after 30 matrix-vector product operations.
	iteration results: : total energy is -43.760209 | electron energy -44.914388 + phonon energy 1.154179 | electron momentum kIdx = 0
The 37-th iteration is completed.	|| time cost : 0h 0m 0.835s
********************************************************************************************************************
Start the 38 rounds of NGS-ED iteration
	effective electronic model is modified as: kinetic energy (tx,ty)=(0.900339, 0.900341)
	                                           effective interaction Vq = [     -6.6125,    -2.95111,   -0.159183,    -2.95111,    -2.95108,   -0.155223,  -0.0244856,   -0.155223,   -0.159182,  -0.0244856,-0.000793977,  -0.0244856,    -2.95108,   -0.155223,  -0.0244856,   -0.155223]
	PARPACK diagonalization completed after 30 matrix-vector product operations.
	iteration results: : total energy is -43.760209 | electron energy -44.914388 + phonon energy 1.154179 | electron momentum kIdx = 0
The 38-th iteration is completed.	|| time cost : 0h 0m 0.826s
********************************************************************************************************************
Start the 39 rounds of NGS-ED iteration
	effective electronic model is modified as: kinetic energy (tx,ty)=(0.900339, 0.900341)
	                                           effective interaction Vq = [     -6.6125,    -2.95112,   -0.159183,    -2.95112,    -2.95107,   -0.155223,  -0.0244856,   -0.155223,   -0.159182,  -0.0244856,-0.000793977,  -0.0244856,    -2.95107,   -0.155223,  -0.0244856,   -0.155223]
	PARPACK diagonalization completed after 30 matrix-vector product operations.
	iteration results: : total energy is -43.760209 | electron energy -44.914387 + phonon energy 1.154179 | electron momentum kIdx = 0
The 39-th iteration is completed.	|| time cost : 0h 0m 0.825s
********************************************************************************************************************
Start the 40 rounds of NGS-ED iteration
	effective electronic model is modified as: kinetic energy (tx,ty)=(0.900338, 0.900341)
	                                           effective interaction Vq = [     -6.6125,    -2.95112,   -0.159183,    -2.95112,    -2.95106,   -0.155223,  -0.0244856,   -0.155223,   -0.159182,  -0.0244856,-0.000793977,  -0.0244856,    -2.95106,   -0.155223,  -0.0244856,   -0.155223]
	PARPACK diagonalization completed after 30 matrix-vector product operations.
	iteration results: : total energy is -43.760209 | electron energy -44.914387 + phonon energy 1.154179 | electron momentum kIdx = 0
The 40-th iteration is completed.	|| time cost : 0h 0m 0.835s
********************************************************************************************************************
Start the 41 rounds of NGS-ED iteration
	effective electronic model is modified as: kinetic energy (tx,ty)=(0.900338, 0.900342)
	                                           effective interaction Vq = [     -6.6125,    -2.95114,   -0.159183,    -2.95114,    -2.95105,   -0.155223,  -0.0244856,   -0.155223,   -0.159182,  -0.0244856,-0.000793977,  -0.0244856,    -2.95105,   -0.155223,  -0.0244856,   -0.155223]
	PARPACK diagonalization completed after 30 matrix-vector product operations.
	iteration results: : total energy is -43.760209 | electron energy -44.914387 + phonon energy 1.154179 | electron momentum kIdx = 0
The 41-th iteration is completed.	|| time cost : 0h 0m 0.826s
********************************************************************************************************************
Start the 42 rounds of NGS-ED iteration
	effective electronic model is modified as: kinetic energy (tx,ty)=(0.900337, 0.900343)
	                                           effective interaction Vq = [     -6.6125,    -2.95115,   -0.159183,    -2.95115,    -2.95103,   -0.155223,  -0.0244856,   -0.155223,   -0.159182,  -0.0244856,-0.000793977,  -0.0244856,    -2.95103,   -0.155223,  -0.0244856,   -0.155223]
	PARPACK diagonalization completed after 30 matrix-vector product operations.
	iteration results: : total energy is -43.760209 | electron energy -44.914387 + phonon energy 1.154179 | electron momentum kIdx = 0
The 42-th iteration is completed.	|| time cost : 0h 0m 0.837s
********************************************************************************************************************
Start the 43 rounds of NGS-ED iteration
	effective electronic model is modified as: kinetic energy (tx,ty)=(0.900336, 0.900344)
	                                           effective interaction Vq = [     -6.6125,    -2.95117,   -0.159184,    -2.95117,    -2.95101,   -0.155223,  -0.0244856,   -0.155223,   -0.159182,  -0.0244856,-0.000793977,  -0.0244856,    -2.95101,   -0.155223,  -0.0244856,   -0.155223]
	PARPACK diagonalization completed after 30 matrix-vector product operations.
	iteration results: : total energy is -43.760209 | electron energy -44.914387 + phonon energy 1.154179 | electron momentum kIdx = 0
The 43-th iteration is completed.	|| time cost : 0h 0m 0.837s
********************************************************************************************************************
Start the 44 rounds of NGS-ED iteration
