SNEDics v3.2 diagonalization test program		Start at Fri Apr 26 21:08:15 2019

parallized on 80 MPI threads  * 6 OpenMP threads = 480 total threads.
************************************************************************************
************************************************************************************

Input file "model_params.in"
Hubbard-Holstein model parameters : 	t = 1    U = 7    g = 1    W = 1    
************************************************************************************
Input file "hilbertspace_params.in"

Cluster Positions:				Cluster symmetry group : D4
 x ... x ... x ... x .....                       x ... x ... x ... x .....
 |           |           :                       |           |           :
 |           |           :                       |           |           :
12    13    14    15     x                       1     5     6     5     x
 |           |           :                       |           |           :
 |           |           :                       |           |           :
 8 --- 9 ---10 ---11 --- x                       2 --- 6 ---10 --- 6 --- x
 |           |           :                       |           |           :
 |           |           :                       |           |           :
 4     5     6     7     x                       1     5     6     5     x
 |           |           :                       |           |           :
 |           |           :                       |           |           :
 0 --- 1 --- 2 --- 3 --- x                       0 --- 1 --- 2 --- 1 --- x
orbital number : 1
************************************************************************************
0 rounds of non-Gaussian ED iteration : ground-state energy is -9.41048 | electron energy -9.41048 + phonon energy 0 | electron momentum kIdx = 0
Nq = 	16	0.0779312	0.132949	0.0779312	0.0779312	0.132949	0.182539	0.132949	0.132949	0.182539	0.228907	0.182539	0.0779312	0.132949	0.182539	0.132949
Sq = 	8.55818e-19	0.418755	0.638112	0.418755	0.418755	0.638112	0.909041	0.638112	0.638112	0.909041	4.79166	0.909041	0.418755	0.638112	0.909041	0.638112
1 rounds of non-Gaussian ED iteration : ground-state energy is -12.5079 | electron energy -12.5079 + phonon energy 2.37347e-06 | electron momentum kIdx = 0
Nq = 	16	0.0820897	0.138918	0.0820897	0.0820897	0.138918	0.19029	0.138918	0.138918	0.19029	0.238172	0.19029	0.0820897	0.138918	0.19029	0.138918
Sq = 	1.09144e-19	0.420039	0.637361	0.420039	0.420039	0.637361	0.901857	0.637361	0.637361	0.901857	4.72705	0.901857	0.420039	0.637361	0.901857	0.637361
2 rounds of non-Gaussian ED iteration : ground-state energy is -14.9203 | electron energy -14.9203 + phonon energy 4.79361e-05 | electron momentum kIdx = 0
Nq = 	16	0.0835597	0.140984	0.0835597	0.0835597	0.140984	0.192937	0.140984	0.140984	0.192937	0.241286	0.192937	0.0835597	0.140984	0.192937	0.140984
Sq = 	-2.25445e-20	0.420476	0.637122	0.420476	0.420476	0.637122	0.899413	0.637122	0.637122	0.899413	4.70454	0.899413	0.420476	0.637122	0.899413	0.637122
3 rounds of non-Gaussian ED iteration : ground-state energy is -16.8726 | electron energy -16.8728 + phonon energy 0.000198495 | electron momentum kIdx = 0
Nq = 	16	0.0841662	0.141822	0.0841662	0.0841662	0.141822	0.193996	0.141822	0.141822	0.193996	0.242515	0.193996	0.0841662	0.141822	0.193996	0.141822
Sq = 	-1.53438e-18	0.420656	0.637032	0.420656	0.420656	0.637032	0.898426	0.637032	0.637032	0.898426	4.69538	0.898426	0.420656	0.637032	0.898426	0.637032
4 rounds of non-Gaussian ED iteration : ground-state energy is -18.4666 | electron energy -18.467 + phonon energy 0.000456109 | electron momentum kIdx = 0
Nq = 	16	0.0844433	0.142199	0.0844433	0.0844433	0.142199	0.194468	0.142199	0.142199	0.194468	0.243059	0.194468	0.0844433	0.142199	0.194468	0.142199
Sq = 	-3.75644e-19	0.420739	0.636994	0.420739	0.420739	0.636994	0.897982	0.636994	0.636994	0.897982	4.69125	0.897982	0.420739	0.636994	0.897982	0.636994
5 rounds of non-Gaussian ED iteration : ground-state energy is -19.7706 | electron energy -19.7714 + phonon energy 0.00078312 | electron momentum kIdx = 0
Nq = 	16	0.0845803	0.142383	0.0845803	0.0845803	0.142383	0.194698	0.142383	0.142383	0.194698	0.243323	0.194698	0.0845803	0.142383	0.194698	0.142383
Sq = 	-6.06953e-20	0.42078	0.636977	0.42078	0.42078	0.636977	0.897765	0.636977	0.636977	0.897765	4.68922	0.897765	0.42078	0.636977	0.897765	0.636977
6 rounds of non-Gaussian ED iteration : ground-state energy is -20.838 | electron energy -20.8391 + phonon energy 0.00113854 | electron momentum kIdx = 0
Nq = 	16	0.0846535	0.142481	0.0846535	0.0846535	0.142481	0.194821	0.142481	0.142481	0.194821	0.243465	0.194821	0.0846535	0.142481	0.194821	0.142481
Sq = 	2.04881e-18	0.420802	0.636967	0.420802	0.420802	0.636967	0.897649	0.636967	0.636967	0.897649	4.68814	0.897649	0.420802	0.636967	0.897649	0.636967
7 rounds of non-Gaussian ED iteration : ground-state energy is -21.7118 | electron energy -21.7133 + phonon energy 0.00149209 | electron momentum kIdx = 0
Nq = 	16	0.084696	0.142538	0.084696	0.084696	0.142538	0.194893	0.142538	0.142538	0.194893	0.24355	0.194893	0.084696	0.142538	0.194893	0.142538
Sq = 	-4.51827e-19	0.420815	0.636961	0.420815	0.420815	0.636961	0.897582	0.636961	0.636961	0.897582	4.68751	0.897582	0.420815	0.636961	0.897582	0.636961
8 rounds of non-Gaussian ED iteration : ground-state energy is -22.4272 | electron energy -22.4291 + phonon energy 0.00182521 | electron momentum kIdx = 0
Nq = 	16	0.0847229	0.142575	0.0847229	0.0847229	0.142575	0.19494	0.142575	0.142575	0.19494	0.243605	0.19494	0.0847229	0.142575	0.19494	0.142575
Sq = 	9.11115e-19	0.420822	0.636957	0.420822	0.420822	0.636957	0.897539	0.636957	0.636957	0.897539	4.68711	0.897539	0.420822	0.636957	0.897539	0.636957
9 rounds of non-Gaussian ED iteration : ground-state energy is -23.0129 | electron energy -23.015 + phonon energy 0.00212825 | electron momentum kIdx = 0
Nq = 	16	0.0847413	0.1426	0.0847413	0.0847413	0.1426	0.194972	0.1426	0.1426	0.194972	0.243644	0.194972	0.0847413	0.1426	0.194972	0.1426
Sq = 	-2.57932e-18	0.420827	0.636954	0.420827	0.420827	0.636954	0.897509	0.636954	0.636954	0.897509	4.68683	0.897509	0.420827	0.636954	0.897509	0.636954
10 rounds of non-Gaussian ED iteration : ground-state energy is -23.4924 | electron energy -23.4948 + phonon energy 0.00239747 | electron momentum kIdx = 0
Nq = 	16	0.0847548	0.142619	0.0847548	0.0847548	0.142619	0.194997	0.142619	0.142619	0.194997	0.243674	0.194997	0.0847548	0.142619	0.194997	0.142619
Sq = 	-1.2849e-18	0.420831	0.636952	0.420831	0.420831	0.636952	0.897487	0.636952	0.636952	0.897487	4.68662	0.897487	0.420831	0.636952	0.897487	0.636952
11 rounds of non-Gaussian ED iteration : ground-state energy is -23.885 | electron energy -23.8876 + phonon energy 0.00263267 | electron momentum kIdx = 0
Nq = 	16	0.0847651	0.142633	0.0847651	0.0847651	0.142633	0.195016	0.142633	0.142633	0.195016	0.243697	0.195016	0.0847651	0.142633	0.195016	0.142633
Sq = 	-4.77984e-19	0.420834	0.63695	0.420834	0.420834	0.63695	0.89747	0.63695	0.63695	0.89747	4.68646	0.89747	0.420834	0.63695	0.89747	0.63695
12 rounds of non-Gaussian ED iteration : ground-state energy is -24.2064 | electron energy -24.2092 + phonon energy 0.00283567 | electron momentum kIdx = 0
Nq = 	16	0.0847732	0.142645	0.0847732	0.0847732	0.142645	0.195031	0.142645	0.142645	0.195031	0.243715	0.195031	0.0847732	0.142645	0.195031	0.142645
Sq = 	1.35566e-18	0.420836	0.636949	0.420836	0.420836	0.636949	0.897457	0.636949	0.636949	0.897457	4.68634	0.897457	0.420836	0.636949	0.897457	0.636949
13 rounds of non-Gaussian ED iteration : ground-state energy is -24.4695 | electron energy -24.4725 + phonon energy 0.00300931 | electron momentum kIdx = 0
Nq = 	16	0.0847798	0.142654	0.0847798	0.0847798	0.142654	0.195043	0.142654	0.142654	0.195043	0.24373	0.195043	0.0847798	0.142654	0.195043	0.142654
Sq = 	-2.22261e-19	0.420838	0.636947	0.420838	0.420838	0.636947	0.897446	0.636947	0.636947	0.897446	4.68624	0.897446	0.420838	0.636947	0.897446	0.636947
14 rounds of non-Gaussian ED iteration : ground-state energy is -24.685 | electron energy -24.6881 + phonon energy 0.00315681 | electron momentum kIdx = 0
Nq = 	16	0.0847851	0.142661	0.0847851	0.0847851	0.142661	0.195053	0.142661	0.142661	0.195053	0.243743	0.195053	0.0847851	0.142661	0.195053	0.142661
Sq = 	1.0106e-18	0.420839	0.636946	0.420839	0.420839	0.636946	0.897437	0.636946	0.636946	0.897437	4.68615	0.897437	0.420839	0.636946	0.897437	0.636946
15 rounds of non-Gaussian ED iteration : ground-state energy is -24.8613 | electron energy -24.8646 + phonon energy 0.00328144 | electron momentum kIdx = 0
Nq = 	16	0.0847895	0.142668	0.0847895	0.0847895	0.142668	0.195061	0.142668	0.142668	0.195061	0.243753	0.195061	0.0847895	0.142668	0.195061	0.142668
Sq = 	-3.37446e-18	0.42084	0.636946	0.42084	0.42084	0.636946	0.89743	0.636946	0.636946	0.89743	4.68608	0.89743	0.42084	0.636946	0.89743	0.636946
16 rounds of non-Gaussian ED iteration : ground-state energy is -25.0057 | electron energy -25.0091 + phonon energy 0.00338632 | electron momentum kIdx = 0
Nq = 	16	0.0847931	0.142673	0.0847931	0.0847931	0.142673	0.195068	0.142673	0.142673	0.195068	0.243761	0.195068	0.0847931	0.142673	0.195068	0.142673
Sq = 	4.60194e-19	0.420841	0.636945	0.420841	0.420841	0.636945	0.897424	0.636945	0.636945	0.897424	4.68603	0.897424	0.420841	0.636945	0.897424	0.636945
17 rounds of non-Gaussian ED iteration : ground-state energy is -25.124 | electron energy -25.1274 + phonon energy 0.00347427 | electron momentum kIdx = 0
Nq = 	16	0.084796	0.142677	0.084796	0.084796	0.142677	0.195074	0.142677	0.142677	0.195074	0.243768	0.195074	0.084796	0.142677	0.195074	0.142677
Sq = 	1.12463e-18	0.420842	0.636944	0.420842	0.420842	0.636944	0.897419	0.636944	0.636944	0.897419	4.68598	0.897419	0.420842	0.636944	0.897419	0.636944
18 rounds of non-Gaussian ED iteration : ground-state energy is -25.2208 | electron energy -25.2243 + phonon energy 0.00354783 | electron momentum kIdx = 0
Nq = 	16	0.0847984	0.14268	0.0847984	0.0847984	0.14268	0.195078	0.14268	0.14268	0.195078	0.243774	0.195078	0.0847984	0.14268	0.195078	0.14268
Sq = 	3.05744e-19	0.420843	0.636944	0.420843	0.420843	0.636944	0.897415	0.636944	0.636944	0.897415	4.68594	0.897415	0.420843	0.636944	0.897415	0.636944
19 rounds of non-Gaussian ED iteration : ground-state energy is -25.3 | electron energy -25.3036 + phonon energy 0.00360923 | electron momentum kIdx = 0
Nq = 	16	0.0848005	0.142683	0.0848005	0.0848005	0.142683	0.195082	0.142683	0.142683	0.195082	0.243778	0.195082	0.0848005	0.142683	0.195082	0.142683
Sq = 	-1.24622e-18	0.420843	0.636943	0.420843	0.420843	0.636943	0.897412	0.636943	0.636943	0.897412	4.68591	0.897412	0.420843	0.636943	0.897412	0.636943
20 rounds of non-Gaussian ED iteration : ground-state energy is -25.3649 | electron energy -25.3686 + phonon energy 0.00366039 | electron momentum kIdx = 0
Nq = 	16	0.0848021	0.142686	0.0848021	0.0848021	0.142686	0.195085	0.142686	0.142686	0.195085	0.243782	0.195085	0.0848021	0.142686	0.195085	0.142686
Sq = 	6.65539e-19	0.420844	0.636943	0.420844	0.420844	0.636943	0.897409	0.636943	0.636943	0.897409	4.68589	0.897409	0.420844	0.636943	0.897409	0.636943
21 rounds of non-Gaussian ED iteration : ground-state energy is -25.418 | electron energy -25.4217 + phonon energy 0.00370296 | electron momentum kIdx = 0
Nq = 	16	0.0848035	0.142688	0.0848035	0.0848035	0.142688	0.195088	0.142688	0.142688	0.195088	0.243786	0.195088	0.0848035	0.142688	0.195088	0.142688
Sq = 	-2.14545e-18	0.420844	0.636943	0.420844	0.420844	0.636943	0.897407	0.636943	0.636943	0.897407	4.68586	0.897407	0.420844	0.636943	0.897407	0.636943
22 rounds of non-Gaussian ED iteration : ground-state energy is -25.4615 | electron energy -25.4653 + phonon energy 0.00373833 | electron momentum kIdx = 0
Nq = 	16	0.0848046	0.142689	0.0848046	0.0848046	0.142689	0.19509	0.142689	0.142689	0.19509	0.243788	0.19509	0.0848046	0.142689	0.19509	0.142689
Sq = 	-4.42853e-19	0.420844	0.636943	0.420844	0.420844	0.636943	0.897405	0.636943	0.636943	0.897405	4.68585	0.897405	0.420844	0.636943	0.897405	0.636943
23 rounds of non-Gaussian ED iteration : ground-state energy is -25.4971 | electron energy -25.5009 + phonon energy 0.00376771 | electron momentum kIdx = 0
Nq = 	16	0.0848056	0.142691	0.0848056	0.0848056	0.142691	0.195092	0.142691	0.142691	0.195092	0.24379	0.195092	0.0848056	0.142691	0.195092	0.142691
Sq = 	-6.23986e-19	0.420844	0.636942	0.420844	0.420844	0.636942	0.897403	0.636942	0.636942	0.897403	4.68583	0.897403	0.420844	0.636942	0.897403	0.636942
24 rounds of non-Gaussian ED iteration : ground-state energy is -25.5263 | electron energy -25.5301 + phonon energy 0.00379208 | electron momentum kIdx = 0
Nq = 	16	0.0848064	0.142692	0.0848064	0.0848064	0.142692	0.195093	0.142692	0.142692	0.195093	0.243792	0.195093	0.0848064	0.142692	0.195093	0.142692
Sq = 	7.57981e-19	0.420845	0.636942	0.420845	0.420845	0.636942	0.897402	0.636942	0.636942	0.897402	4.68582	0.897402	0.420845	0.636942	0.897402	0.636942
25 rounds of non-Gaussian ED iteration : ground-state energy is -25.5502 | electron energy -25.554 + phonon energy 0.00381229 | electron momentum kIdx = 0
Nq = 	16	0.084807	0.142693	0.084807	0.084807	0.142693	0.195094	0.142693	0.142693	0.195094	0.243794	0.195094	0.084807	0.142693	0.195094	0.142693
Sq = 	-4.01709e-18	0.420845	0.636942	0.420845	0.420845	0.636942	0.897401	0.636942	0.636942	0.897401	4.68581	0.897401	0.420845	0.636942	0.897401	0.636942
26 rounds of non-Gaussian ED iteration : ground-state energy is -25.5697 | electron energy -25.5735 + phonon energy 0.00382903 | electron momentum kIdx = 0
Nq = 	16	0.0848075	0.142693	0.0848075	0.0848075	0.142693	0.195095	0.142693	0.142693	0.195095	0.243795	0.195095	0.0848075	0.142693	0.195095	0.142693
Sq = 	-4.86525e-19	0.420845	0.636942	0.420845	0.420845	0.636942	0.8974	0.636942	0.636942	0.8974	4.6858	0.8974	0.420845	0.636942	0.8974	0.636942
27 rounds of non-Gaussian ED iteration : ground-state energy is -25.5857 | electron energy -25.5895 + phonon energy 0.00384291 | electron momentum kIdx = 0
Nq = 	16	0.084808	0.142694	0.084808	0.084808	0.142694	0.195096	0.142694	0.142694	0.195096	0.243796	0.195096	0.084808	0.142694	0.195096	0.142694
Sq = 	1.99553e-20	0.420845	0.636942	0.420845	0.420845	0.636942	0.897399	0.636942	0.636942	0.897399	4.68579	0.897399	0.420845	0.636942	0.897399	0.636942
28 rounds of non-Gaussian ED iteration : ground-state energy is -25.5988 | electron energy -25.6026 + phonon energy 0.0038544 | electron momentum kIdx = 0
Nq = 	16	0.0848083	0.142695	0.0848083	0.0848083	0.142695	0.195097	0.142695	0.142695	0.195097	0.243797	0.195097	0.0848083	0.142695	0.195097	0.142695
Sq = 	-1.92901e-18	0.420845	0.636942	0.420845	0.420845	0.636942	0.897399	0.636942	0.636942	0.897399	4.68579	0.897399	0.420845	0.636942	0.897399	0.636942
29 rounds of non-Gaussian ED iteration : ground-state energy is -25.6095 | electron energy -25.6134 + phonon energy 0.00386391 | electron momentum kIdx = 0
Nq = 	16	0.0848086	0.142695	0.0848086	0.0848086	0.142695	0.195098	0.142695	0.142695	0.195098	0.243798	0.195098	0.0848086	0.142695	0.195098	0.142695
Sq = 	8.71304e-19	0.420845	0.636942	0.420845	0.420845	0.636942	0.897398	0.636942	0.636942	0.897398	4.68578	0.897398	0.420845	0.636942	0.897398	0.636942
30 rounds of non-Gaussian ED iteration : ground-state energy is -25.6183 | electron energy -25.6222 + phonon energy 0.00387178 | electron momentum kIdx = 0
Nq = 	16	0.0848089	0.142695	0.0848089	0.0848089	0.142695	0.195098	0.142695	0.142695	0.195098	0.243798	0.195098	0.0848089	0.142695	0.195098	0.142695
Sq = 	-3.38314e-18	0.420845	0.636942	0.420845	0.420845	0.636942	0.897398	0.636942	0.636942	0.897398	4.68578	0.897398	0.420845	0.636942	0.897398	0.636942
31 rounds of non-Gaussian ED iteration : ground-state energy is -25.6255 | electron energy -25.6294 + phonon energy 0.00387829 | electron momentum kIdx = 0
Nq = 	16	0.0848091	0.142696	0.0848091	0.0848091	0.142696	0.195098	0.142696	0.142696	0.195098	0.243799	0.195098	0.0848091	0.142696	0.195098	0.142696
Sq = 	1.62321e-18	0.420845	0.636942	0.420845	0.420845	0.636942	0.897397	0.636942	0.636942	0.897397	4.68578	0.897397	0.420845	0.636942	0.897397	0.636942
32 rounds of non-Gaussian ED iteration : ground-state energy is -25.6314 | electron energy -25.6353 + phonon energy 0.00388368 | electron momentum kIdx = 0
Nq = 	16	0.0848092	0.142696	0.0848092	0.0848092	0.142696	0.195099	0.142696	0.142696	0.195099	0.243799	0.195099	0.0848092	0.142696	0.195099	0.142696
Sq = 	-7.0509e-19	0.420845	0.636942	0.420845	0.420845	0.636942	0.897397	0.636942	0.636942	0.897397	4.68577	0.897397	0.420845	0.636942	0.897397	0.636942
33 rounds of non-Gaussian ED iteration : ground-state energy is -25.6362 | electron energy -25.6401 + phonon energy 0.00388814 | electron momentum kIdx = 0
Nq = 	16	0.0848094	0.142696	0.0848094	0.0848094	0.142696	0.195099	0.142696	0.142696	0.195099	0.243799	0.195099	0.0848094	0.142696	0.195099	0.142696
Sq = 	1.24228e-18	0.420845	0.636942	0.420845	0.420845	0.636942	0.897397	0.636942	0.636942	0.897397	4.68577	0.897397	0.420845	0.636942	0.897397	0.636942
34 rounds of non-Gaussian ED iteration : ground-state energy is -25.6401 | electron energy -25.644 + phonon energy 0.00389183 | electron momentum kIdx = 0
Nq = 	16	0.0848095	0.142696	0.0848095	0.0848095	0.142696	0.195099	0.142696	0.142696	0.195099	0.2438	0.195099	0.0848095	0.142696	0.195099	0.142696
Sq = 	1.64535e-18	0.420845	0.636942	0.420845	0.420845	0.636942	0.897397	0.636942	0.636942	0.897397	4.68577	0.897397	0.420845	0.636942	0.897397	0.636942
35 rounds of non-Gaussian ED iteration : ground-state energy is -25.6434 | electron energy -25.6473 + phonon energy 0.00389488 | electron momentum kIdx = 0
Nq = 	16	0.0848096	0.142696	0.0848096	0.0848096	0.142696	0.195099	0.142696	0.142696	0.195099	0.2438	0.195099	0.0848096	0.142696	0.195099	0.142696
Sq = 	8.16157e-19	0.420845	0.636942	0.420845	0.420845	0.636942	0.897397	0.636942	0.636942	0.897396	4.68577	0.897396	0.420845	0.636942	0.897397	0.636942
36 rounds of non-Gaussian ED iteration : ground-state energy is -25.646 | electron energy -25.6499 + phonon energy 0.0038974 | electron momentum kIdx = 0
Nq = 	16	0.0848097	0.142696	0.0848097	0.0848097	0.142696	0.1951	0.142696	0.142696	0.1951	0.2438	0.1951	0.0848097	0.142696	0.1951	0.142696
Sq = 	1.10774e-18	0.420846	0.636942	0.420846	0.420846	0.636942	0.897396	0.636942	0.636942	0.897396	4.68577	0.897396	0.420846	0.636942	0.897396	0.636942
37 rounds of non-Gaussian ED iteration : ground-state energy is -25.6482 | electron energy -25.6521 + phonon energy 0.00389949 | electron momentum kIdx = 0
Nq = 	16	0.0848097	0.142697	0.0848097	0.0848097	0.142697	0.1951	0.142697	0.142697	0.1951	0.2438	0.1951	0.0848097	0.142697	0.1951	0.142697
Sq = 	-5.00929e-19	0.420846	0.636942	0.420846	0.420846	0.636942	0.897396	0.636942	0.636942	0.897396	4.68577	0.897396	0.420846	0.636942	0.897396	0.636942
38 rounds of non-Gaussian ED iteration : ground-state energy is -25.65 | electron energy -25.6539 + phonon energy 0.00390122 | electron momentum kIdx = 0
Nq = 	16	0.0848098	0.142697	0.0848098	0.0848098	0.142697	0.1951	0.142697	0.142697	0.1951	0.2438	0.1951	0.0848098	0.142697	0.1951	0.142697
Sq = 	8.56078e-19	0.420846	0.636942	0.420846	0.420846	0.636942	0.897396	0.636942	0.636942	0.897396	4.68577	0.897396	0.420846	0.636942	0.897396	0.636942
39 rounds of non-Gaussian ED iteration : ground-state energy is -25.6514 | electron energy -25.6553 + phonon energy 0.00390264 | electron momentum kIdx = 0
Nq = 	16	0.0848098	0.142697	0.0848098	0.0848098	0.142697	0.1951	0.142697	0.142697	0.1951	0.2438	0.1951	0.0848098	0.142697	0.1951	0.142697
Sq = 	-1.20308e-19	0.420846	0.636942	0.420846	0.420846	0.636942	0.897396	0.636942	0.636942	0.897396	4.68576	0.897396	0.420846	0.636942	0.897396	0.636942
40 rounds of non-Gaussian ED iteration : ground-state energy is -25.6526 | electron energy -25.6565 + phonon energy 0.00390382 | electron momentum kIdx = 0
Nq = 	16	0.0848099	0.142697	0.0848099	0.0848099	0.142697	0.1951	0.142697	0.142697	0.1951	0.243801	0.1951	0.0848099	0.142697	0.1951	0.142697
Sq = 	-9.22871e-19	0.420846	0.636942	0.420846	0.420846	0.636942	0.897396	0.636942	0.636942	0.897396	4.68576	0.897396	0.420846	0.636942	0.897396	0.636942
41 rounds of non-Gaussian ED iteration : ground-state energy is -25.6536 | electron energy -25.6575 + phonon energy 0.0039048 | electron momentum kIdx = 0
Nq = 	16	0.0848099	0.142697	0.0848099	0.0848099	0.142697	0.1951	0.142697	0.142697	0.1951	0.243801	0.1951	0.0848099	0.142697	0.1951	0.142697
Sq = 	-1.4839e-18	0.420846	0.636942	0.420846	0.420846	0.636942	0.897396	0.636942	0.636942	0.897396	4.68576	0.897396	0.420846	0.636942	0.897396	0.636942
42 rounds of non-Gaussian ED iteration : ground-state energy is -25.6544 | electron energy -25.6583 + phonon energy 0.00390561 | electron momentum kIdx = 0
Nq = 	16	0.0848099	0.142697	0.0848099	0.0848099	0.142697	0.1951	0.142697	0.142697	0.1951	0.243801	0.1951	0.0848099	0.142697	0.1951	0.142697
Sq = 	8.89574e-19	0.420846	0.636942	0.420846	0.420846	0.636942	0.897396	0.636942	0.636942	0.897396	4.68576	0.897396	0.420846	0.636942	0.897396	0.636942
43 rounds of non-Gaussian ED iteration : ground-state energy is -25.655 | electron energy -25.6589 + phonon energy 0.00390627 | electron momentum kIdx = 0
Nq = 	16	0.0848099	0.142697	0.0848099	0.0848099	0.142697	0.1951	0.142697	0.142697	0.1951	0.243801	0.1951	0.0848099	0.142697	0.1951	0.142697
Sq = 	-1.42116e-18	0.420846	0.636942	0.420846	0.420846	0.636942	0.897396	0.636942	0.636942	0.897396	4.68576	0.897396	0.420846	0.636942	0.897396	0.636942
44 rounds of non-Gaussian ED iteration : ground-state energy is -25.6555 | electron energy -25.6595 + phonon energy 0.00390682 | electron momentum kIdx = 0
Nq = 	16	0.08481	0.142697	0.08481	0.08481	0.142697	0.1951	0.142697	0.142697	0.1951	0.243801	0.1951	0.08481	0.142697	0.1951	0.142697
Sq = 	1.68293e-18	0.420846	0.636942	0.420846	0.420846	0.636942	0.897396	0.636942	0.636942	0.897396	4.68576	0.897396	0.420846	0.636942	0.897396	0.636942
45 rounds of non-Gaussian ED iteration : ground-state energy is -25.656 | electron energy -25.6599 + phonon energy 0.00390728 | electron momentum kIdx = 0
Nq = 	16	0.08481	0.142697	0.08481	0.08481	0.142697	0.1951	0.142697	0.142697	0.1951	0.243801	0.1951	0.08481	0.142697	0.1951	0.142697
Sq = 	1.02217e-18	0.420846	0.636942	0.420846	0.420846	0.636942	0.897396	0.636942	0.636942	0.897396	4.68576	0.897396	0.420846	0.636942	0.897396	0.636942
46 rounds of non-Gaussian ED iteration : ground-state energy is -25.6563 | electron energy -25.6602 + phonon energy 0.00390766 | electron momentum kIdx = 0
Nq = 	16	0.08481	0.142697	0.08481	0.08481	0.142697	0.1951	0.142697	0.142697	0.1951	0.243801	0.1951	0.08481	0.142697	0.1951	0.142697
Sq = 	2.79411e-18	0.420846	0.636942	0.420846	0.420846	0.636942	0.897396	0.636942	0.636942	0.897396	4.68576	0.897396	0.420846	0.636942	0.897396	0.636942
47 rounds of non-Gaussian ED iteration : ground-state energy is -25.6566 | electron energy -25.6605 + phonon energy 0.00390797 | electron momentum kIdx = 0
Nq = 	16	0.08481	0.142697	0.08481	0.08481	0.142697	0.1951	0.142697	0.142697	0.1951	0.243801	0.1951	0.08481	0.142697	0.1951	0.142697
Sq = 	-1.06482e-18	0.420846	0.636942	0.420846	0.420846	0.636942	0.897396	0.636942	0.636942	0.897396	4.68576	0.897396	0.420846	0.636942	0.897396	0.636942
48 rounds of non-Gaussian ED iteration : ground-state energy is -25.6569 | electron energy -25.6608 + phonon energy 0.00390823 | electron momentum kIdx = 0
Nq = 	16	0.08481	0.142697	0.08481	0.08481	0.142697	0.1951	0.142697	0.142697	0.1951	0.243801	0.1951	0.08481	0.142697	0.1951	0.142697
Sq = 	-3.07092e-19	0.420846	0.636942	0.420846	0.420846	0.636942	0.897396	0.636942	0.636942	0.897396	4.68576	0.897396	0.420846	0.636942	0.897396	0.636942
49 rounds of non-Gaussian ED iteration : ground-state energy is -25.6571 | electron energy -25.661 + phonon energy 0.00390844 | electron momentum kIdx = 0
Nq = 	16	0.08481	0.142697	0.08481	0.08481	0.142697	0.1951	0.142697	0.142697	0.1951	0.243801	0.1951	0.08481	0.142697	0.1951	0.142697
Sq = 	2.37285e-19	0.420846	0.636942	0.420846	0.420846	0.636942	0.897396	0.636942	0.636942	0.897396	4.68576	0.897396	0.420846	0.636942	0.897396	0.636942
50 rounds of non-Gaussian ED iteration : ground-state energy is -25.6572 | electron energy -25.6611 + phonon energy 0.00390862 | electron momentum kIdx = 0
Nq = 	16	0.08481	0.142697	0.08481	0.08481	0.142697	0.1951	0.142697	0.142697	0.1951	0.243801	0.1951	0.08481	0.142697	0.1951	0.142697
Sq = 	2.26289e-18	0.420846	0.636942	0.420846	0.420846	0.636942	0.897396	0.636942	0.636942	0.897396	4.68576	0.897396	0.420846	0.636942	0.897396	0.636942
51 rounds of non-Gaussian ED iteration : ground-state energy is -25.6574 | electron energy -25.6613 + phonon energy 0.00390876 | electron momentum kIdx = 0
Nq = 	16	0.08481	0.142697	0.08481	0.08481	0.142697	0.1951	0.142697	0.142697	0.1951	0.243801	0.1951	0.08481	0.142697	0.1951	0.142697
Sq = 	-2.95514e-19	0.420846	0.636942	0.420846	0.420846	0.636942	0.897396	0.636942	0.636942	0.897396	4.68576	0.897396	0.420846	0.636942	0.897396	0.636942
52 rounds of non-Gaussian ED iteration : ground-state energy is -25.6575 | electron energy -25.6614 + phonon energy 0.00390888 | electron momentum kIdx = 0
Nq = 	16	0.08481	0.142697	0.08481	0.08481	0.142697	0.1951	0.142697	0.142697	0.1951	0.243801	0.1951	0.08481	0.142697	0.1951	0.142697
Sq = 	2.27516e-18	0.420846	0.636942	0.420846	0.420846	0.636942	0.897396	0.636942	0.636942	0.897396	4.68576	0.897396	0.420846	0.636942	0.897396	0.636942
53 rounds of non-Gaussian ED iteration : ground-state energy is -25.6576 | electron energy -25.6615 + phonon energy 0.00390898 | electron momentum kIdx = 0
Nq = 	16	0.08481	0.142697	0.08481	0.08481	0.142697	0.1951	0.142697	0.142697	0.1951	0.243801	0.1951	0.08481	0.142697	0.1951	0.142697
Sq = 	-2.21555e-18	0.420846	0.636942	0.420846	0.420846	0.636942	0.897396	0.636942	0.636942	0.897396	4.68576	0.897396	0.420846	0.636942	0.897396	0.636942
54 rounds of non-Gaussian ED iteration : ground-state energy is -25.6576 | electron energy -25.6615 + phonon energy 0.00390906 | electron momentum kIdx = 0
Nq = 	16	0.08481	0.142697	0.08481	0.08481	0.142697	0.1951	0.142697	0.142697	0.1951	0.243801	0.1951	0.08481	0.142697	0.1951	0.142697
Sq = 	-2.15573e-19	0.420846	0.636942	0.420846	0.420846	0.636942	0.897396	0.636942	0.636942	0.897396	4.68576	0.897396	0.420846	0.636942	0.897396	0.636942
55 rounds of non-Gaussian ED iteration : ground-state energy is -25.6577 | electron energy -25.6616 + phonon energy 0.00390913 | electron momentum kIdx = 0
Nq = 	16	0.08481	0.142697	0.08481	0.08481	0.142697	0.1951	0.142697	0.142697	0.1951	0.243801	0.1951	0.08481	0.142697	0.1951	0.142697
Sq = 	-1.0317e-18	0.420846	0.636942	0.420846	0.420846	0.636942	0.897396	0.636942	0.636942	0.897396	4.68576	0.897396	0.420846	0.636942	0.897396	0.636942
56 rounds of non-Gaussian ED iteration : ground-state energy is -25.6577 | electron energy -25.6616 + phonon energy 0.00390919 | electron momentum kIdx = 0
Nq = 	16	0.08481	0.142697	0.08481	0.08481	0.142697	0.1951	0.142697	0.142697	0.1951	0.243801	0.1951	0.08481	0.142697	0.1951	0.142697
Sq = 	-1.22573e-18	0.420846	0.636942	0.420846	0.420846	0.636942	0.897396	0.636942	0.636942	0.897396	4.68576	0.897396	0.420846	0.636942	0.897396	0.636942
57 rounds of non-Gaussian ED iteration : ground-state energy is -25.6578 | electron energy -25.6617 + phonon energy 0.00390923 | electron momentum kIdx = 0
Nq = 	16	0.08481	0.142697	0.08481	0.08481	0.142697	0.1951	0.142697	0.142697	0.1951	0.243801	0.1951	0.08481	0.142697	0.1951	0.142697
Sq = 	-1.8352e-18	0.420846	0.636942	0.420846	0.420846	0.636942	0.897396	0.636942	0.636942	0.897396	4.68576	0.897396	0.420846	0.636942	0.897396	0.636942
58 rounds of non-Gaussian ED iteration : ground-state energy is -25.6578 | electron energy -25.6617 + phonon energy 0.00390927 | electron momentum kIdx = 0
Nq = 	16	0.08481	0.142697	0.08481	0.08481	0.142697	0.1951	0.142697	0.142697	0.1951	0.243801	0.1951	0.08481	0.142697	0.1951	0.142697
Sq = 	-1.31489e-18	0.420846	0.636942	0.420846	0.420846	0.636942	0.897396	0.636942	0.636942	0.897396	4.68576	0.897396	0.420846	0.636942	0.897396	0.636942
srun: Job step aborted: Waiting up to 32 seconds for job step to finish.
slurmstepd: error: *** STEP 13182182.0 ON nid03990 CANCELLED AT 2019-04-27T02:08:16 DUE TO TIME LIMIT ***
srun: got SIGCONT
srun: forcing job termination
