TACC:  Starting up job 1742710 
TACC:  Starting parallel tasks... 
SNEDics v3.4 Non-Gaussian ED ground state program		Start at Sat Oct 10 05:47:03 2020

parallized on 16 MPI threads  * 7 OpenMP threads = 112 total threads.
********************************************************************************************************************
********************************************************************************************************************

********************************************************************************************************************
System parameters and configurations
********************************************************************************************************************
Special program options are enabled: splitted diagonal Hamiltonian
********************************************************************************************************************
Read input file "model_params.in"
	Hubbard-Holstein model parameters : 	t = 1    U = 8    g = 0.25    W = 0.2    g' = 0.12    
********************************************************************************************************************
Read input file "hilbertspace_params.in"
	Requested 16-site 2D lattice, with 14 electrons (7, 7)
	Boundary : Periodic		Hilbert space representation : momentum-space (restricted to kIdx = 0)
	Conservation: particle number[U(1)]      spin[U(1)]     momentum
********************************************************************************************************************

Cluster Positions:				Cluster symmetry group : D4
 x ... x ... x ... x .....                       x ... x ... x ... x .....
 |           |           :                       |           |           :
 |           |           :                       |           |           :
12    13    14    15     x                       1     5     6     5     x
 |           |           :                       |           |           :
 |           |           :                       |           |           :
 8 --- 9 ---10 ---11 --- x                       2 --- 6 ---10 --- 6 --- x
 |           |           :                       |           |           :
 |           |           :                       |           |           :
 4     5     6     7     x                       1     5     6     5     x
 |           |           :                       |           |           :
 |           |           :                       |           |           :
 0 --- 1 --- 2 --- 3 --- x                       0 --- 1 --- 2 --- 1 --- x
orbital number : 1
********************************************************************************************************************
Read input file "obs_params.in"
	Observable Type : Nq(All),   Sq(All),   N(All),   Delta[s](All),   Delta[d](All),   Delta[s+](All)
********************************************************************************************************************
** WARNING ** the input observables have non-local factors which have been reinterpreted. The total observable number is 96
********************************************************************************************************************


********************************************************************************************************************
Start calculating the non-Gaussian ED ground state
** WARNING ** Detected low phonon energy W < 10. The initial state will be prepared through a warm-up process.
********************************************************************************************************************
Start warm-up calculation for scaling factor 64
open output files: NGSEDWarmUpW12.8Obs.txt
********************************************************************************************************************
Start the 0 rounds of NGS-ED iteration
	effective electronic model is modified as: kinetic energy t = 1
	                                           effective interaction Vq = [0,0,0,0,0,0,0,0,0,0,0,0,0,0,0,0]
	first Hamiltonian is constructed, non-zero numbers = 2178478298
	PARPACK diagonalization completed after 165 matrix-vector product operations.
	iteration results: : total energy is -11.868836 | electron energy -11.868836 + phonon energy 0.000000 | electron momentum kIdx = 0
	Nq(0) = 12.25,	Nq(1) = 0.154193,	Nq(2) = 0.185311,	Nq(3) = 0.154193,	Nq(4) = 0.154193,	Nq(5) = 0.203281,	Nq(6) = 0.235634,	Nq(7) = 0.203281,	Nq(8) = 0.185311,	Nq(9) = 0.235634,	Nq(10) = 0.275446,	Nq(11) = 0.235634,	Nq(12) = 0.154193,	Nq(13) = 0.203281,	Nq(14) = 0.235634,	Nq(15) = 0.203281,	Sq(0) = 1.11096e-18,	Sq(1) = 0.474292,	Sq(2) = 0.766364,	Sq(3) = 0.474292,	Sq(4) = 0.474292,	Sq(5) = 0.630724,	Sq(6) = 1.05279,	Sq(7) = 0.630724,	Sq(8) = 0.766364,	Sq(9) = 1.05279,	Sq(10) = 2.56755,	Sq(11) = 1.05279,	Sq(12) = 0.474292,	Sq(13) = 0.630724,	Sq(14) = 1.05279,	Sq(15) = 0.630724,	N(0) = 1.75464,	N(1) = 1.59086,	N(2) = 0.323321,	N(3) = 1.59086,	N(4) = 1.59086,	N(5) = 0.999881,	N(6) = 0.267546,	N(7) = 0.999881,	N(8) = 0.323321,	N(9) = 0.267546,	N(10) = 0.165565,	N(11) = 0.267546,	N(12) = 1.59086,	N(13) = 0.999881,	N(14) = 0.267546,	N(15) = 0.999881,	Delta[s](0) = 0.0780474,	Delta[s](1) = 0.0586329,	Delta[s](2) = 0.0356094,	Delta[s](3) = 0.0586329,	Delta[s](4) = 0.0586329,	Delta[s](5) = 0.0421618,	Delta[s](6) = 0.020116,	Delta[s](7) = 0.0421618,	Delta[s](8) = 0.0356094,	Delta[s](9) = 0.020116,	Delta[s](10) = 0.00134089,	Delta[s](11) = 0.020116,	Delta[s](12) = 0.0586329,	Delta[s](13) = 0.0421618,	Delta[s](14) = 0.020116,	Delta[s](15) = 0.0421618,	Delta[d](0) = 0.286082,	Delta[d](1) = 0.199987,	Delta[d](2) = 0.209045,	Delta[d](3) = 0.199987,	Delta[d](4) = 0.199987,	Delta[d](5) = 0.185534,	Delta[d](6) = 0.139495,	Delta[d](7) = 0.185534,	Delta[d](8) = 0.209045,	Delta[d](9) = 0.139495,	Delta[d](10) = 0.0567645,	Delta[d](11) = 0.139495,	Delta[d](12) = 0.199987,	Delta[d](13) = 0.185534,	Delta[d](14) = 0.139495,	Delta[d](15) = 0.185534,	Delta[s+](0) = 0.582523,	Delta[s+](1) = 0.433988,	Delta[s+](2) = 0.209045,	Delta[s+](3) = 0.433988,	Delta[s+](4) = 0.433988,	Delta[s+](5) = 0.303833,	Delta[s+](6) = 0.132585,	Delta[s+](7) = 0.303833,	Delta[s+](8) = 0.209045,	Delta[s+](9) = 0.132585,	Delta[s+](10) = 0.0409487,	Delta[s+](11) = 0.132585,	Delta[s+](12) = 0.433988,	Delta[s+](13) = 0.303833,	Delta[s+](14) = 0.132585,	Delta[s+](15) = 0.303833
The 0-th iteration is completed.	|| time cost : 0h 6m 28.774s
********************************************************************************************************************
Start the 1 rounds of NGS-ED iteration
	effective electronic model is modified as: kinetic energy t = 0.991375
	                                           effective interaction Vq = [   -2.45852,   -1.03946,  -0.258337,   -1.03946,   -1.03946,   -0.26104,-0.00040454,   -0.26104,  -0.258337,-0.00040454,  -0.209822,-0.00040454,   -1.03946,   -0.26104,-0.00040454,   -0.26104]
	PARPACK diagonalization completed after 60 matrix-vector product operations.
	iteration results: : total energy is -42.881384 | electron energy -42.881455 + phonon energy 0.000071 | electron momentum kIdx = 0
The 1-th iteration is completed.	|| time cost : 0h 5m 14.982s
********************************************************************************************************************
Start the 2 rounds of NGS-ED iteration
	effective electronic model is modified as: kinetic energy t = 0.987859
	                                           effective interaction Vq = [    -2.64858,    -1.13592,   -0.280043,    -1.13592,    -1.13592,   -0.283234,-0.000436092,   -0.283234,   -0.280043,-0.000436092,   -0.226208,-0.000436092,    -1.13592,   -0.283234,-0.000436092,   -0.283234]
	PARPACK diagonalization completed after 60 matrix-vector product operations.
	iteration results: : total energy is -45.245467 | electron energy -45.245766 + phonon energy 0.000299 | electron momentum kIdx = 0
The 2-th iteration is completed.	|| time cost : 0h 0m 27.14s
********************************************************************************************************************
Start the 3 rounds of NGS-ED iteration
	effective electronic model is modified as: kinetic energy t = 0.987117
	                                           effective interaction Vq = [    -2.66327,    -1.15073,   -0.283046,    -1.15073,    -1.15073,   -0.286359,-0.000440053,   -0.286359,   -0.283046,-0.000440053,   -0.228217,-0.000440053,    -1.15073,   -0.286359,-0.000440053,   -0.286359]
	PARPACK diagonalization completed after 45 matrix-vector product operations.
	iteration results: : total energy is -45.426906 | electron energy -45.427308 + phonon energy 0.000401 | electron momentum kIdx = 0
The 3-th iteration is completed.	|| time cost : 0h 0m 24.376s
********************************************************************************************************************
Start the 4 rounds of NGS-ED iteration
	effective electronic model is modified as: kinetic energy t = 0.98697
	                                           effective interaction Vq = [     -2.6644,    -1.15359,    -0.28352,    -1.15359,    -1.15359,   -0.286868,-0.000440604,   -0.286868,    -0.28352,-0.000440604,   -0.228487,-0.000440604,    -1.15359,   -0.286868,-0.000440604,   -0.286868]
	PARPACK diagonalization completed after 45 matrix-vector product operations.
	iteration results: : total energy is -45.440880 | electron energy -45.441308 + phonon energy 0.000427 | electron momentum kIdx = 0
The 4-th iteration is completed.	|| time cost : 0h 0m 24.365s
********************************************************************************************************************
Start the 5 rounds of NGS-ED iteration
	effective electronic model is modified as: kinetic energy t = 0.986941
	                                           effective interaction Vq = [    -2.66449,    -1.15418,   -0.283597,    -1.15418,    -1.15418,   -0.286953,-0.000440682,   -0.286953,   -0.283597,-0.000440682,   -0.228524,-0.000440682,    -1.15418,   -0.286953,-0.000440682,   -0.286953]
	PARPACK diagonalization completed after 30 matrix-vector product operations.
	iteration results: : total energy is -45.441958 | electron energy -45.442391 + phonon energy 0.000433 | electron momentum kIdx = 0
The 5-th iteration is completed.	|| time cost : 0h 0m 21.569s
********************************************************************************************************************
Start the 6 rounds of NGS-ED iteration
	effective electronic model is modified as: kinetic energy t = 0.986935
	                                           effective interaction Vq = [     -2.6645,     -1.1543,    -0.28361,     -1.1543,     -1.1543,   -0.286967,-0.000440693,   -0.286967,    -0.28361,-0.000440693,    -0.22853,-0.000440693,     -1.1543,   -0.286967,-0.000440693,   -0.286967]
	PARPACK diagonalization completed after 30 matrix-vector product operations.
	iteration results: : total energy is -45.442042 | electron energy -45.442476 + phonon energy 0.000434 | electron momentum kIdx = 0
	Nq(0) = 12.25,	Nq(1) = 0.171441,	Nq(2) = 0.192061,	Nq(3) = 0.171441,	Nq(4) = 0.171441,	Nq(5) = 0.209627,	Nq(6) = 0.240058,	Nq(7) = 0.209627,	Nq(8) = 0.192061,	Nq(9) = 0.240058,	Nq(10) = 0.287019,	Nq(11) = 0.240058,	Nq(12) = 0.171441,	Nq(13) = 0.209627,	Nq(14) = 0.240058,	Nq(15) = 0.209627,	Sq(0) = 4.85751e-18,	Sq(1) = 0.463462,	Sq(2) = 0.754383,	Sq(3) = 0.463462,	Sq(4) = 0.463462,	Sq(5) = 0.623434,	Sq(6) = 1.04727,	Sq(7) = 0.623434,	Sq(8) = 0.754383,	Sq(9) = 1.04727,	Sq(10) = 2.54893,	Sq(11) = 1.04727,	Sq(12) = 0.463462,	Sq(13) = 0.623434,	Sq(14) = 1.04727,	Sq(15) = 0.623434,	N(0) = 1.7741,	N(1) = 1.62231,	N(2) = 0.301768,	N(3) = 1.62231,	N(4) = 1.62231,	N(5) = 0.994236,	N(6) = 0.249456,	N(7) = 0.994236,	N(8) = 0.301768,	N(9) = 0.249456,	N(10) = 0.158373,	N(11) = 0.249456,	N(12) = 1.62231,	N(13) = 0.994236,	N(14) = 0.249456,	N(15) = 0.994236,	Delta[s](0) = 0.0850489,	Delta[s](1) = 0.0643434,	Delta[s](2) = 0.0393106,	Delta[s](3) = 0.0643434,	Delta[s](4) = 0.0643434,	Delta[s](5) = 0.0469705,	Delta[s](6) = 0.0228676,	Delta[s](7) = 0.0469705,	Delta[s](8) = 0.0393106,	Delta[s](9) = 0.0228676,	Delta[s](10) = 0.00242669,	Delta[s](11) = 0.0228676,	Delta[s](12) = 0.0643434,	Delta[s](13) = 0.0469705,	Delta[s](14) = 0.0228676,	Delta[s](15) = 0.0469705,	Delta[d](0) = 0.321103,	Delta[d](1) = 0.20616,	Delta[d](2) = 0.215281,	Delta[d](3) = 0.20616,	Delta[d](4) = 0.20616,	Delta[d](5) = 0.19111,	Delta[d](6) = 0.141233,	Delta[d](7) = 0.19111,	Delta[d](8) = 0.215281,	Delta[d](9) = 0.141233,	Delta[d](10) = 0.059076,	Delta[d](11) = 0.141233,	Delta[d](12) = 0.20616,	Delta[d](13) = 0.19111,	Delta[d](14) = 0.141233,	Delta[d](15) = 0.19111,	Delta[s+](0) = 0.609352,	Delta[s+](1) = 0.453096,	Delta[s+](2) = 0.215281,	Delta[s+](3) = 0.453096,	Delta[s+](4) = 0.453096,	Delta[s+](5) = 0.314822,	Delta[s+](6) = 0.134973,	Delta[s+](7) = 0.314822,	Delta[s+](8) = 0.215281,	Delta[s+](9) = 0.134973,	Delta[s+](10) = 0.0409026,	Delta[s+](11) = 0.134973,	Delta[s+](12) = 0.453096,	Delta[s+](13) = 0.314822,	Delta[s+](14) = 0.134973,	Delta[s+](15) = 0.314822
The 6-th iteration is completed.	|| time cost : 0h 4m 0.096s
********************************************************************************************************************
********************************************************************************************************************
Ground state is obtained after 7 iterations. The current ground-state energy is -45.442, in which electron energy is -45.4425 and phonon energy is 0.000434168
final variational state is: 
	Gamma_x = [      1,1.00508,1.00199,1.00508,1.00508,1.00209,      1,1.00209,1.00199,      1,1.00277,      1,1.00508,1.00209,      1,1.00209]
	lambda_q = [  0.456191,  0.246187,  0.108743,  0.246187,  0.246187,   0.11159,0.00409751,   0.11159,  0.108743,0.00409751,-0.0907393,0.00409751,  0.246187,   0.11159,0.00409751,   0.11159]
The effective e-e interactions mediated by phonons are: [     2.6645,    1.15432,   0.283612,    1.15432,    1.15432,    0.28697,0.000440695,    0.28697,   0.283612,0.000440695,    0.22853,0.000440695,    1.15432,    0.28697,0.000440695,    0.28697]
The real-space interactions mediated by phonons are: [ -9.22719, -3.92746,-0.639465, -1.71746, -4.74374, -2.96642,-0.639465,-0.912216, -2.31237,-0.912216,-0.639465, -2.96642, -4.74374, -1.71746,-0.639465, -3.92746]
********************************************************************************************************************
o___o  ----------------------------------------
| L |	Time since last clock: 0h 0m 0s
A===A	Time since the beginning: 0h 17m 21.305s
***********************************************

********************************************************************************************************************
Start warm-up calculation for scaling factor 32
open output files: NGSEDWarmUpW6.4Obs.txt
********************************************************************************************************************
Start the 0 rounds of NGS-ED iteration
	effective electronic model is modified as: kinetic energy t = 0.986934
	                                           effective interaction Vq = [    -2.43578,     -0.9769,   -0.231892,     -0.9769,     -0.9769,   -0.235929,-0.000356127,   -0.235929,   -0.231892,-0.000356127,   -0.183422,-0.000356127,     -0.9769,   -0.235929,-0.000356127,   -0.235929]
	PARPACK diagonalization completed after 60 matrix-vector product operations.
	iteration results: : total energy is -42.444546 | electron energy -42.444763 + phonon energy 0.000217 | electron momentum kIdx = 0
	Nq(0) = 12.25,	Nq(1) = 0.168256,	Nq(2) = 0.190368,	Nq(3) = 0.168256,	Nq(4) = 0.168256,	Nq(5) = 0.207978,	Nq(6) = 0.238791,	Nq(7) = 0.207978,	Nq(8) = 0.190368,	Nq(9) = 0.238791,	Nq(10) = 0.284303,	Nq(11) = 0.238791,	Nq(12) = 0.168256,	Nq(13) = 0.207978,	Nq(14) = 0.238791,	Nq(15) = 0.207978,	Sq(0) = -6.55996e-19,	Sq(1) = 0.464945,	Sq(2) = 0.75677,	Sq(3) = 0.464945,	Sq(4) = 0.464945,	Sq(5) = 0.624774,	Sq(6) = 1.04986,	Sq(7) = 0.624774,	Sq(8) = 0.75677,	Sq(9) = 1.04986,	Sq(10) = 2.55301,	Sq(11) = 1.04986,	Sq(12) = 0.464945,	Sq(13) = 0.624774,	Sq(14) = 1.04986,	Sq(15) = 0.624774,	N(0) = 1.77002,	N(1) = 1.61568,	N(2) = 0.306613,	N(3) = 1.61568,	N(4) = 1.61568,	N(5) = 0.995252,	N(6) = 0.253192,	N(7) = 0.995252,	N(8) = 0.306613,	N(9) = 0.253192,	N(10) = 0.160242,	N(11) = 0.253192,	N(12) = 1.61568,	N(13) = 0.995252,	N(14) = 0.253192,	N(15) = 0.995252,	Delta[s](0) = 0.0829989,	Delta[s](1) = 0.0628347,	Delta[s](2) = 0.0385696,	Delta[s](3) = 0.0628347,	Delta[s](4) = 0.0628347,	Delta[s](5) = 0.0458353,	Delta[s](6) = 0.0225132,	Delta[s](7) = 0.0458353,	Delta[s](8) = 0.0385696,	Delta[s](9) = 0.0225132,	Delta[s](10) = 0.00269841,	Delta[s](11) = 0.0225132,	Delta[s](12) = 0.0628347,	Delta[s](13) = 0.0458353,	Delta[s](14) = 0.0225132,	Delta[s](15) = 0.0458353,	Delta[d](0) = 0.325518,	Delta[d](1) = 0.213681,	Delta[d](2) = 0.222293,	Delta[d](3) = 0.213681,	Delta[d](4) = 0.213681,	Delta[d](5) = 0.197663,	Delta[d](6) = 0.146737,	Delta[d](7) = 0.197663,	Delta[d](8) = 0.222293,	Delta[d](9) = 0.146737,	Delta[d](10) = 0.0613481,	Delta[d](11) = 0.146737,	Delta[d](12) = 0.213681,	Delta[d](13) = 0.197663,	Delta[d](14) = 0.146737,	Delta[d](15) = 0.197663,	Delta[s+](0) = 0.625121,	Delta[s+](1) = 0.465134,	Delta[s+](2) = 0.222293,	Delta[s+](3) = 0.465134,	Delta[s+](4) = 0.465134,	Delta[s+](5) = 0.323901,	Delta[s+](6) = 0.139935,	Delta[s+](7) = 0.323901,	Delta[s+](8) = 0.222293,	Delta[s+](9) = 0.139935,	Delta[s+](10) = 0.0429716,	Delta[s+](11) = 0.139935,	Delta[s+](12) = 0.465134,	Delta[s+](13) = 0.323901,	Delta[s+](14) = 0.139935,	Delta[s+](15) = 0.323901
The 0-th iteration is completed.	|| time cost : 0h 4m 3.79s
********************************************************************************************************************
Start the 1 rounds of NGS-ED iteration
	effective electronic model is modified as: kinetic energy t = 0.984587
	                                           effective interaction Vq = [    -2.60091,    -1.03738,   -0.240861,    -1.03738,    -1.03738,   -0.246293,-0.000365638,   -0.246293,   -0.240861,-0.000365638,   -0.186638,-0.000365638,    -1.03738,   -0.246293,-0.000365638,   -0.246293]
	PARPACK diagonalization completed after 45 matrix-vector product operations.
	iteration results: : total energy is -44.479850 | electron energy -44.480638 + phonon energy 0.000788 | electron momentum kIdx = 0
The 1-th iteration is completed.	|| time cost : 0h 0m 24.409s
********************************************************************************************************************
Start the 2 rounds of NGS-ED iteration
	effective electronic model is modified as: kinetic energy t = 0.98365
	                                           effective interaction Vq = [    -2.64682,    -1.05902,   -0.243566,    -1.05902,    -1.05902,   -0.249489,-0.000368184,   -0.249489,   -0.243566,-0.000368184,   -0.187533,-0.000368184,    -1.05902,   -0.249489,-0.000368184,   -0.249489]
	PARPACK diagonalization completed after 45 matrix-vector product operations.
	iteration results: : total energy is -45.044218 | electron energy -45.045398 + phonon energy 0.001180 | electron momentum kIdx = 0
The 2-th iteration is completed.	|| time cost : 0h 0m 24.383s
********************************************************************************************************************
Start the 3 rounds of NGS-ED iteration
	effective electronic model is modified as: kinetic energy t = 0.983284
	                                           effective interaction Vq = [    -2.65958,     -1.0673,    -0.24441,     -1.0673,     -1.0673,   -0.250512,-0.000368882,   -0.250512,    -0.24441,-0.000368882,    -0.18779,-0.000368882,     -1.0673,   -0.250512,-0.000368882,   -0.250512]
	PARPACK diagonalization completed after 45 matrix-vector product operations.
	iteration results: : total energy is -45.200901 | electron energy -45.202280 + phonon energy 0.001380 | electron momentum kIdx = 0
The 3-th iteration is completed.	|| time cost : 0h 0m 24.361s
********************************************************************************************************************
Start the 4 rounds of NGS-ED iteration
	effective electronic model is modified as: kinetic energy t = 0.983142
	                                           effective interaction Vq = [    -2.66313,    -1.07056,   -0.244677,    -1.07056,    -1.07056,   -0.250843,-0.000369076,   -0.250843,   -0.244677,-0.000369076,   -0.187866,-0.000369076,    -1.07056,   -0.250843,-0.000369076,   -0.250843]
	PARPACK diagonalization completed after 45 matrix-vector product operations.
	iteration results: : total energy is -45.244428 | electron energy -45.245898 + phonon energy 0.001470 | electron momentum kIdx = 0
The 4-th iteration is completed.	|| time cost : 0h 0m 24.369s
********************************************************************************************************************
Start the 5 rounds of NGS-ED iteration
	effective electronic model is modified as: kinetic energy t = 0.983086
	                                           effective interaction Vq = [   -2.66412,   -1.07186,  -0.244763,   -1.07186,   -1.07186,  -0.250952,-0.00036913,  -0.250952,  -0.244763,-0.00036913,  -0.187889,-0.00036913,   -1.07186,  -0.250952,-0.00036913,  -0.250952]
	PARPACK diagonalization completed after 45 matrix-vector product operations.
	iteration results: : total energy is -45.256524 | electron energy -45.258033 + phonon energy 0.001509 | electron momentum kIdx = 0
The 5-th iteration is completed.	|| time cost : 0h 0m 24.39s
********************************************************************************************************************
Start the 6 rounds of NGS-ED iteration
	effective electronic model is modified as: kinetic energy t = 0.983064
	                                           effective interaction Vq = [    -2.66439,    -1.07239,    -0.24479,    -1.07239,    -1.07239,   -0.250987,-0.000369146,   -0.250987,    -0.24479,-0.000369146,   -0.187896,-0.000369146,    -1.07239,   -0.250987,-0.000369146,   -0.250987]
	PARPACK diagonalization completed after 30 matrix-vector product operations.
	iteration results: : total energy is -45.259886 | electron energy -45.261411 + phonon energy 0.001525 | electron momentum kIdx = 0
The 6-th iteration is completed.	|| time cost : 0h 0m 21.568s
********************************************************************************************************************
Start the 7 rounds of NGS-ED iteration
	effective electronic model is modified as: kinetic energy t = 0.983056
	                                           effective interaction Vq = [    -2.66447,     -1.0726,   -0.244799,     -1.0726,     -1.0726,   -0.250999,-0.000369151,   -0.250999,   -0.244799,-0.000369151,   -0.187899,-0.000369151,     -1.0726,   -0.250999,-0.000369151,   -0.250999]
	PARPACK diagonalization completed after 30 matrix-vector product operations.
	iteration results: : total energy is -45.260821 | electron energy -45.262352 + phonon energy 0.001531 | electron momentum kIdx = 0
The 7-th iteration is completed.	|| time cost : 0h 0m 21.57s
********************************************************************************************************************
Start the 8 rounds of NGS-ED iteration
	effective electronic model is modified as: kinetic energy t = 0.983052
	                                           effective interaction Vq = [    -2.66449,    -1.07268,   -0.244802,    -1.07268,    -1.07268,   -0.251002,-0.000369152,   -0.251002,   -0.244802,-0.000369152,   -0.187899,-0.000369152,    -1.07268,   -0.251002,-0.000369152,   -0.251002]
	PARPACK diagonalization completed after 30 matrix-vector product operations.
	iteration results: : total energy is -45.261081 | electron energy -45.262615 + phonon energy 0.001534 | electron momentum kIdx = 0
The 8-th iteration is completed.	|| time cost : 0h 0m 21.606s
********************************************************************************************************************
Start the 9 rounds of NGS-ED iteration
	effective electronic model is modified as: kinetic energy t = 0.983051
	                                           effective interaction Vq = [     -2.6645,    -1.07272,   -0.244803,    -1.07272,    -1.07272,   -0.251004,-0.000369152,   -0.251004,   -0.244803,-0.000369152,     -0.1879,-0.000369152,    -1.07272,   -0.251004,-0.000369152,   -0.251004]
	PARPACK diagonalization completed after 30 matrix-vector product operations.
	iteration results: : total energy is -45.261153 | electron energy -45.262688 + phonon energy 0.001535 | electron momentum kIdx = 0
	Nq(0) = 12.25,	Nq(1) = 0.169615,	Nq(2) = 0.190417,	Nq(3) = 0.169615,	Nq(4) = 0.169615,	Nq(5) = 0.207864,	Nq(6) = 0.238545,	Nq(7) = 0.207864,	Nq(8) = 0.190417,	Nq(9) = 0.238545,	Nq(10) = 0.284227,	Nq(11) = 0.238545,	Nq(12) = 0.169615,	Nq(13) = 0.207864,	Nq(14) = 0.238545,	Nq(15) = 0.207864,	Sq(0) = 2.005e-18,	Sq(1) = 0.463889,	Sq(2) = 0.756217,	Sq(3) = 0.463889,	Sq(4) = 0.463889,	Sq(5) = 0.624443,	Sq(6) = 1.05071,	Sq(7) = 0.624443,	Sq(8) = 0.756217,	Sq(9) = 1.05071,	Sq(10) = 2.55225,	Sq(11) = 1.05071,	Sq(12) = 0.463889,	Sq(13) = 0.624443,	Sq(14) = 1.05071,	Sq(15) = 0.624443,	N(0) = 1.77035,	N(1) = 1.61661,	N(2) = 0.306557,	N(3) = 1.61661,	N(4) = 1.61661,	N(5) = 0.994611,	N(6) = 0.252775,	N(7) = 0.994611,	N(8) = 0.306557,	N(9) = 0.252775,	N(10) = 0.160564,	N(11) = 0.252775,	N(12) = 1.61661,	N(13) = 0.994611,	N(14) = 0.252775,	N(15) = 0.994611,	Delta[s](0) = 0.082958,	Delta[s](1) = 0.0628877,	Delta[s](2) = 0.0387066,	Delta[s](3) = 0.0628877,	Delta[s](4) = 0.0628877,	Delta[s](5) = 0.0459523,	Delta[s](6) = 0.0227157,	Delta[s](7) = 0.0459523,	Delta[s](8) = 0.0387066,	Delta[s](9) = 0.0227157,	Delta[s](10) = 0.00298447,	Delta[s](11) = 0.0227157,	Delta[s](12) = 0.0628877,	Delta[s](13) = 0.0459523,	Delta[s](14) = 0.0227157,	Delta[s](15) = 0.0459523,	Delta[d](0) = 0.339118,	Delta[d](1) = 0.221907,	Delta[d](2) = 0.230319,	Delta[d](3) = 0.221907,	Delta[d](4) = 0.221907,	Delta[d](5) = 0.205015,	Delta[d](6) = 0.15209,	Delta[d](7) = 0.205015,	Delta[d](8) = 0.230319,	Delta[d](9) = 0.15209,	Delta[d](10) = 0.0639659,	Delta[d](11) = 0.15209,	Delta[d](12) = 0.221907,	Delta[d](13) = 0.205015,	Delta[d](14) = 0.15209,	Delta[d](15) = 0.205015,	Delta[s+](0) = 0.646885,	Delta[s+](1) = 0.481329,	Delta[s+](2) = 0.230319,	Delta[s+](3) = 0.481329,	Delta[s+](4) = 0.481329,	Delta[s+](5) = 0.335123,	Delta[s+](6) = 0.144996,	Delta[s+](7) = 0.335123,	Delta[s+](8) = 0.230319,	Delta[s+](9) = 0.144996,	Delta[s+](10) = 0.0447218,	Delta[s+](11) = 0.144996,	Delta[s+](12) = 0.481329,	Delta[s+](13) = 0.335123,	Delta[s+](14) = 0.144996,	Delta[s+](15) = 0.335123
The 9-th iteration is completed.	|| time cost : 0h 4m 7.886s
********************************************************************************************************************
********************************************************************************************************************
Ground state is obtained after 10 iterations. The current ground-state energy is -45.2612, in which electron energy is -45.2627 and phonon energy is 0.0015349
final variational state is: 
	Gamma_x = [      1,1.01408,1.00464,1.01408,1.01408,1.00502,1.00001,1.00502,1.00464,1.00001,1.00586,1.00001,1.01408,1.00502,1.00001,1.00502]
	lambda_q = [  0.644921,  0.291809,  0.118124,  0.291809,  0.291809,  0.122947,0.00431723,  0.122947,  0.118124,0.00431723,-0.0938913,0.00431723,  0.291809,  0.122947,0.00431723,  0.122947]
The effective e-e interactions mediated by phonons are: [     2.6645,    1.07273,   0.244804,    1.07273,    1.07273,   0.251004,0.000369153,   0.251004,   0.244804,0.000369153,     0.1879,0.000369153,    1.07273,   0.251004,0.000369153,   0.251004]
The real-space interactions mediated by phonons are: [ -8.63842, -3.86104,-0.763842,  -1.7991, -4.62132, -2.95982,-0.763842, -1.05883, -2.33799, -1.05883,-0.763842, -2.95982, -4.62132,  -1.7991,-0.763842, -3.86104]
********************************************************************************************************************
o___o  ----------------------------------------
| L |	Time since last clock: 0h 0m 0s
A===A	Time since the beginning: 0h 28m 39.644s
***********************************************

********************************************************************************************************************
Start warm-up calculation for scaling factor 16
open output files: NGSEDWarmUpW3.2Obs.txt
********************************************************************************************************************
Start the 0 rounds of NGS-ED iteration
	effective electronic model is modified as: kinetic energy t = 0.98305
	                                           effective interaction Vq = [    -2.43538,   -0.871403,   -0.191597,   -0.871403,   -0.871403,   -0.197522,-0.000285735,   -0.197522,   -0.191597,-0.000285735,    -0.14455,-0.000285735,   -0.871403,   -0.197522,-0.000285735,   -0.197522]
	PARPACK diagonalization completed after 60 matrix-vector product operations.
	iteration results: : total energy is -42.243304 | electron energy -42.244072 + phonon energy 0.000768 | electron momentum kIdx = 0
	Nq(0) = 12.25,	Nq(1) = 0.166141,	Nq(2) = 0.188701,	Nq(3) = 0.166141,	Nq(4) = 0.166141,	Nq(5) = 0.2062,	Nq(6) = 0.237236,	Nq(7) = 0.2062,	Nq(8) = 0.188701,	Nq(9) = 0.237236,	Nq(10) = 0.281486,	Nq(11) = 0.237236,	Nq(12) = 0.166141,	Nq(13) = 0.2062,	Nq(14) = 0.237236,	Nq(15) = 0.2062,	Sq(0) = 3.10512e-19,	Sq(1) = 0.465653,	Sq(2) = 0.75881,	Sq(3) = 0.465653,	Sq(4) = 0.465653,	Sq(5) = 0.62593,	Sq(6) = 1.05314,	Sq(7) = 0.62593,	Sq(8) = 0.75881,	Sq(9) = 1.05314,	Sq(10) = 2.55628,	Sq(11) = 1.05314,	Sq(12) = 0.465653,	Sq(13) = 0.62593,	Sq(14) = 1.05314,	Sq(15) = 0.62593,	N(0) = 1.76596,	N(1) = 1.60955,	N(2) = 0.311653,	N(3) = 1.60955,	N(4) = 1.60955,	N(5) = 0.995759,	N(6) = 0.256746,	N(7) = 0.995759,	N(8) = 0.311653,	N(9) = 0.256746,	N(10) = 0.162506,	N(11) = 0.256746,	N(12) = 1.60955,	N(13) = 0.995759,	N(14) = 0.256746,	N(15) = 0.995759,	Delta[s](0) = 0.0811714,	Delta[s](1) = 0.0614833,	Delta[s](2) = 0.0378668,	Delta[s](3) = 0.0614833,	Delta[s](4) = 0.0614833,	Delta[s](5) = 0.0448105,	Delta[s](6) = 0.0221552,	Delta[s](7) = 0.0448105,	Delta[s](8) = 0.0378668,	Delta[s](9) = 0.0221552,	Delta[s](10) = 0.00289659,	Delta[s](11) = 0.0221552,	Delta[s](12) = 0.0614833,	Delta[s](13) = 0.0448105,	Delta[s](14) = 0.0221552,	Delta[s](15) = 0.0448105,	Delta[d](0) = 0.343444,	Delta[d](1) = 0.229,	Delta[d](2) = 0.237235,	Delta[d](3) = 0.229,	Delta[d](4) = 0.229,	Delta[d](5) = 0.211329,	Delta[d](6) = 0.157389,	Delta[d](7) = 0.211329,	Delta[d](8) = 0.237235,	Delta[d](9) = 0.157389,	Delta[d](10) = 0.0660031,	Delta[d](11) = 0.157389,	Delta[d](12) = 0.229,	Delta[d](13) = 0.211329,	Delta[d](14) = 0.157389,	Delta[d](15) = 0.211329,	Delta[s+](0) = 0.663083,	Delta[s+](1) = 0.493646,	Delta[s+](2) = 0.237235,	Delta[s+](3) = 0.493646,	Delta[s+](4) = 0.493646,	Delta[s+](5) = 0.344337,	Delta[s+](6) = 0.149813,	Delta[s+](7) = 0.344337,	Delta[s+](8) = 0.237235,	Delta[s+](9) = 0.149813,	Delta[s+](10) = 0.0465806,	Delta[s+](11) = 0.149813,	Delta[s+](12) = 0.493646,	Delta[s+](13) = 0.344337,	Delta[s+](14) = 0.149813,	Delta[s+](15) = 0.344337
The 0-th iteration is completed.	|| time cost : 0h 4m 3.312s
********************************************************************************************************************
Start the 1 rounds of NGS-ED iteration
	effective electronic model is modified as: kinetic energy t = 0.982799
	                                           effective interaction Vq = [    -2.54369,   -0.888581,    -0.18851,   -0.888581,   -0.888581,   -0.195801,-0.000276602,   -0.195801,    -0.18851,-0.000276602,   -0.138226,-0.000276602,   -0.888581,   -0.195801,-0.000276602,   -0.195801]
	PARPACK diagonalization completed after 45 matrix-vector product operations.
	iteration results: : total energy is -43.571831 | electron energy -43.573525 + phonon energy 0.001694 | electron momentum kIdx = 0
The 1-th iteration is completed.	|| time cost : 0h 0m 24.405s
********************************************************************************************************************
Start the 2 rounds of NGS-ED iteration
	effective electronic model is modified as: kinetic energy t = 0.982586
	                                           effective interaction Vq = [     -2.6008,   -0.898434,    -0.18729,   -0.898434,   -0.898434,   -0.195118,-0.000273163,   -0.195118,    -0.18729,-0.000273163,   -0.136083,-0.000273163,   -0.898434,   -0.195118,-0.000273163,   -0.195118]
	PARPACK diagonalization completed after 45 matrix-vector product operations.
	iteration results: : total energy is -44.271967 | electron energy -44.274364 + phonon energy 0.002397 | electron momentum kIdx = 0
The 2-th iteration is completed.	|| time cost : 0h 0m 24.338s
********************************************************************************************************************
Start the 3 rounds of NGS-ED iteration
	effective electronic model is modified as: kinetic energy t = 0.982438
	                                           effective interaction Vq = [    -2.63091,   -0.904138,   -0.186819,   -0.904138,   -0.904138,   -0.194857,-0.000271883,   -0.194857,   -0.186819,-0.000271883,   -0.135373,-0.000271883,   -0.904138,   -0.194857,-0.000271883,   -0.194857]
	PARPACK diagonalization completed after 45 matrix-vector product operations.
	iteration results: : total energy is -44.641034 | electron energy -44.643900 + phonon energy 0.002865 | electron momentum kIdx = 0
The 3-th iteration is completed.	|| time cost : 0h 0m 24.373s
********************************************************************************************************************
Start the 4 rounds of NGS-ED iteration
	effective electronic model is modified as: kinetic energy t = 0.982343
	                                           effective interaction Vq = [   -2.64679,  -0.907459,  -0.186642,  -0.907459,  -0.907459,  -0.194762,-0.00027141,  -0.194762,  -0.186642,-0.00027141,  -0.135143,-0.00027141,  -0.907459,  -0.194762,-0.00027141,  -0.194762]
	PARPACK diagonalization completed after 45 matrix-vector product operations.
	iteration results: : total energy is -44.835606 | electron energy -44.838767 + phonon energy 0.003160 | electron momentum kIdx = 0
The 4-th iteration is completed.	|| time cost : 0h 0m 24.352s
********************************************************************************************************************
Start the 5 rounds of NGS-ED iteration
	effective electronic model is modified as: kinetic energy t = 0.982284
	                                           effective interaction Vq = [    -2.65516,   -0.909401,   -0.186579,   -0.909401,   -0.909401,   -0.194731,-0.000271237,   -0.194731,   -0.186579,-0.000271237,   -0.135071,-0.000271237,   -0.909401,   -0.194731,-0.000271237,   -0.194731]
	PARPACK diagonalization completed after 45 matrix-vector product operations.
	iteration results: : total energy is -44.938191 | electron energy -44.941532 + phonon energy 0.003341 | electron momentum kIdx = 0
The 5-th iteration is completed.	|| time cost : 0h 0m 24.352s
********************************************************************************************************************
Start the 6 rounds of NGS-ED iteration
	effective electronic model is modified as: kinetic energy t = 0.982247
	                                           effective interaction Vq = [    -2.65958,   -0.910539,   -0.186558,   -0.910539,   -0.910539,   -0.194723,-0.000271174,   -0.194723,   -0.186558,-0.000271174,    -0.13505,-0.000271174,   -0.910539,   -0.194723,-0.000271174,   -0.194723]
	PARPACK diagonalization completed after 30 matrix-vector product operations.
	iteration results: : total energy is -44.992279 | electron energy -44.995729 + phonon energy 0.003450 | electron momentum kIdx = 0
The 6-th iteration is completed.	|| time cost : 0h 0m 21.571s
********************************************************************************************************************
Start the 7 rounds of NGS-ED iteration
	effective electronic model is modified as: kinetic energy t = 0.982226
	                                           effective interaction Vq = [     -2.6619,   -0.911207,   -0.186552,   -0.911207,   -0.911207,   -0.194722,-0.000271152,   -0.194722,   -0.186552,-0.000271152,   -0.135045,-0.000271152,   -0.911207,   -0.194722,-0.000271152,   -0.194722]
	PARPACK diagonalization completed after 30 matrix-vector product operations.
	iteration results: : total energy is -45.020798 | electron energy -45.024313 + phonon energy 0.003516 | electron momentum kIdx = 0
The 7-th iteration is completed.	|| time cost : 0h 0m 21.55s
********************************************************************************************************************
Start the 8 rounds of NGS-ED iteration
	effective electronic model is modified as: kinetic energy t = 0.982213
	                                           effective interaction Vq = [    -2.66313,     -0.9116,   -0.186552,     -0.9116,     -0.9116,   -0.194723,-0.000271144,   -0.194723,   -0.186552,-0.000271144,   -0.135044,-0.000271144,     -0.9116,   -0.194723,-0.000271144,   -0.194723]
	PARPACK diagonalization completed after 30 matrix-vector product operations.
	iteration results: : total energy is -45.035835 | electron energy -45.039389 + phonon energy 0.003554 | electron momentum kIdx = 0
The 8-th iteration is completed.	|| time cost : 0h 0m 21.569s
********************************************************************************************************************
Start the 9 rounds of NGS-ED iteration
	effective electronic model is modified as: kinetic energy t = 0.982205
	                                           effective interaction Vq = [    -2.66378,   -0.911832,   -0.186552,   -0.911832,   -0.911832,   -0.194724,-0.000271141,   -0.194724,   -0.186552,-0.000271141,   -0.135045,-0.000271141,   -0.911832,   -0.194724,-0.000271141,   -0.194724]
	PARPACK diagonalization completed after 30 matrix-vector product operations.
	iteration results: : total energy is -45.043764 | electron energy -45.047341 + phonon energy 0.003577 | electron momentum kIdx = 0
The 9-th iteration is completed.	|| time cost : 0h 0m 21.559s
********************************************************************************************************************
Start the 10 rounds of NGS-ED iteration
	effective electronic model is modified as: kinetic energy t = 0.982201
	                                           effective interaction Vq = [    -2.66412,   -0.911968,   -0.186553,   -0.911968,   -0.911968,   -0.194725,-0.000271141,   -0.194725,   -0.186553,-0.000271141,   -0.135045,-0.000271141,   -0.911968,   -0.194725,-0.000271141,   -0.194725]
	PARPACK diagonalization completed after 30 matrix-vector product operations.
	iteration results: : total energy is -45.047945 | electron energy -45.051536 + phonon energy 0.003591 | electron momentum kIdx = 0
