SNEDics v3.22.2 Non-Gaussian ED ground state program		Start at Wed Jun 15 21:28:48 2022

Parallelization: 32 MPI threads  * 8 OpenMP threads = 256 total threads.
********************************************************************************************************************
********************************************************************************************************************

********************************************************************************************************************
System parameters and configurations
	special program options are enabled: splitted diagonal Hamiltonian | splitted Hamiltonian terms
********************************************************************************************************************
Read input file "model_params.in"
	Hubbard-Holstein model parameters : 	t = 1    U = 8    g = 0.8    W = 0.2    g' = 0.55    
********************************************************************************************************************
Read input file "hilbertspace_params.in"
	Requested 16-site 2D lattice, with 12 electrons (6, 6)
	Boundary : Periodic		Hilbert space representation : momentum-space (restricted to kIdx = 10)
	Conservation: particle number[U(1)]      spin[U(1)]     momentum
********************************************************************************************************************

Cluster Positions:				Cluster symmetry group : D4
 x ... x ... x ... x .....                       x ... x ... x ... x .....
 |           |           :                       |           |           :
 |           |           :                       |           |           :
12    13    14    15     x                       1     5     6     5     x
 |           |           :                       |           |           :
 |           |           :                       |           |           :
 8 --- 9 ---10 ---11 --- x                       2 --- 6 ---10 --- 6 --- x
 |           |           :                       |           |           :
 |           |           :                       |           |           :
 4     5     6     7     x                       1     5     6     5     x
 |           |           :                       |           |           :
 |           |           :                       |           |           :
 0 --- 1 --- 2 --- 3 --- x                       0 --- 1 --- 2 --- 1 --- x
orbital number : 1
********************************************************************************************************************
Read input file "obs_params.in"
	Observable Type : Nq(All),   Sq(All),   N(All-Orbital),   Delta[s](All),   Delta[d](All),   Delta[s+](All)
** WARNING ** the input observables have non-local factors which have been reinterpreted. The total observable number is 96
********************************************************************************************************************


********************************************************************************************************************
Start calculating the non-Gaussian ED ground state
Maximal iteration number is 1000; energy resolution is 1e-06. Phonon state relaxation time is 2000
W = 0.2 is relatively large. The non-Gaussian ED calculation starts directly.
open output files: NGSED_iteration_observables.txt
********************************************************************************************************************
Start the 0 rounds of NGS-ED iteration
	effective electronic model is modified as: kinetic energy t = 1
	                                           effective interaction Vq = [0,0,0,0,0,0,0,0,0,0,0,0,0,0,0,0]
	first Hamiltonian is constructed, size = 4008592 and non-zero numbers = 969134084
	PARPACK diagonalization completed after 150 matrix-vector product operations.
	iteration results: : total energy is -14.925310 | electron energy -14.925310 + phonon energy 0.000000 | electron momentum kIdx = 10
	Nq(0) = 9,	Nq(1) = 0.191675,	Nq(2) = 0.238629,	Nq(3) = 0.191675,	Nq(4) = 0.191675,	Nq(5) = 0.259295,	
	Nq(6) = 0.314107,	Nq(7) = 0.259295,	Nq(8) = 0.238629,	Nq(9) = 0.314107,	Nq(10) = 0.369338,	
	Nq(11) = 0.314107,	Nq(12) = 0.191675,	Nq(13) = 0.259295,	Nq(14) = 0.314107,	Nq(15) = 0.259295;	
	Sq(0) = -1.73566e-18,	Sq(1) = 0.554662,	Sq(2) = 0.921866,	Sq(3) = 0.554662,	Sq(4) = 0.554662,	
	Sq(5) = 0.548737,	Sq(6) = 1.01287,	Sq(7) = 0.548737,	Sq(8) = 0.921866,	Sq(9) = 1.01287,	
	Sq(10) = 0.784303,	Sq(11) = 1.01287,	Sq(12) = 0.554662,	Sq(13) = 0.548737,	Sq(14) = 1.01287,	
	Sq(15) = 0.548737;	N(0) = 1.76735,	N(1) = 1.6264,	N(2) = 0.275186,	N(3) = 1.6264,	
	N(4) = 1.6264,	N(5) = 0.626534,	N(6) = 0.144321,	N(7) = 0.626534,	N(8) = 0.275186,	
	N(9) = 0.144321,	N(10) = 0.0932732,	N(11) = 0.144321,	N(12) = 1.6264,	N(13) = 0.626534,	
	N(14) = 0.144321,	N(15) = 0.626534;	Delta[s](0) = 0.0366077,	Delta[s](1) = 0.0323133,	Delta[s](2) = 0.0280029,	
	Delta[s](3) = 0.0323133,	Delta[s](4) = 0.0323133,	Delta[s](5) = 0.0283501,	Delta[s](6) = 0.0243338,	Delta[s](7) = 0.0283501,	
	Delta[s](8) = 0.0280029,	Delta[s](9) = 0.0243338,	Delta[s](10) = 0.0208479,	Delta[s](11) = 0.0243338,	Delta[s](12) = 0.0323133,	
	Delta[s](13) = 0.0283501,	Delta[s](14) = 0.0243338,	Delta[s](15) = 0.0283501;	Delta[d](0) = 0.160404,	Delta[d](1) = 0.15186,	
	Delta[d](2) = 0.162072,	Delta[d](3) = 0.15186,	Delta[d](4) = 0.15186,	Delta[d](5) = 0.131457,	Delta[d](6) = 0.117367,	
	Delta[d](7) = 0.131457,	Delta[d](8) = 0.162072,	Delta[d](9) = 0.117367,	Delta[d](10) = 0.0782847,	Delta[d](11) = 0.117367,	
	Delta[d](12) = 0.15186,	Delta[d](13) = 0.131457,	Delta[d](14) = 0.117367,	Delta[d](15) = 0.131457;	Delta[s+](0) = 0.396474,	
	Delta[s+](1) = 0.281669,	Delta[s+](2) = 0.162072,	Delta[s+](3) = 0.281669,	Delta[s+](4) = 0.281669,	Delta[s+](5) = 0.185091,	
	Delta[s+](6) = 0.0956323,	Delta[s+](7) = 0.185091,	Delta[s+](8) = 0.162072,	Delta[s+](9) = 0.0956323,	Delta[s+](10) = 0.0474426,	
	Delta[s+](11) = 0.0956323,	Delta[s+](12) = 0.281669,	Delta[s+](13) = 0.185091,	Delta[s+](14) = 0.0956323,	Delta[s+](15) = 0.185091
	
The 0-th iteration is completed.	|| time cost : 0h 2m 4.164s
********************************************************************************************************************
Start the 1 rounds of NGS-ED iteration
	effective electronic model is modified as: kinetic energy t = 0.691907
	                                           effective interaction Vq = [       -45,  -15.3303, -0.624743,  -15.3303,  -15.3303, -0.776853,-0.0464922, -0.776853, -0.624743,-0.0464922,  -6.86831,-0.0464922,  -15.3303, -0.776853,-0.0464922, -0.776853]
	PARPACK diagonalization completed after 90 matrix-vector product operations.
	iteration results: : total energy is -525.974596 | electron energy -529.881905 + phonon energy 3.907309 | electron momentum kIdx = 10
The 1-th iteration is completed.	|| time cost : 0h 1m 23.135s
********************************************************************************************************************
Start the 2 rounds of NGS-ED iteration
	effective electronic model is modified as: kinetic energy t = 2.94008e-11
	                                           effective interaction Vq = [   -45,-18.05,  -3.2,-18.05,-18.05,  -3.2, -0.45,  -3.2,  -3.2, -0.45,  -9.8, -0.45,-18.05,  -3.2, -0.45,  -3.2]
	PARPACK diagonalization completed after 45 matrix-vector product operations.
	iteration results: : total energy is -565.600000 | electron energy -565.600000 + phonon energy 0.000000 | electron momentum kIdx = 10
The 2-th iteration is completed.	|| time cost : 0h 0m 10.794s
********************************************************************************************************************
Start the 3 rounds of NGS-ED iteration
	effective electronic model is modified as: kinetic energy t = 2.53742e-11
	                                           effective interaction Vq = [    -45, -18.05,   -3.2, -18.05, -18.05,   -3.2,  -0.45,   -3.2,   -3.2,  -0.45,-9.7986,  -0.45, -18.05,   -3.2,  -0.45,   -3.2]
	PARPACK diagonalization completed after 30 matrix-vector product operations.
	iteration results: : total energy is -565.600000 | electron energy -565.600000 + phonon energy 0.000000 | electron momentum kIdx = 10
The 3-th iteration is completed.	|| time cost : 0h 0m 39.203s
********************************************************************************************************************
Start the 4 rounds of NGS-ED iteration
	effective electronic model is modified as: kinetic energy t = 1.34404e-08
	                                           effective interaction Vq = [        -45,     -18.05,       -3.2,     -18.05,     -18.05,       -3.2,      -0.45,       -3.2,       -3.2,      -0.45,-0.00952809,      -0.45,     -18.05,       -3.2,      -0.45,       -3.2]
	PARPACK diagonalization completed after 30 matrix-vector product operations.
	iteration results: : total energy is -565.600000 | electron energy -565.600000 + phonon energy 0.000000 | electron momentum kIdx = 10
The 4-th iteration is completed.	|| time cost : 0h 0m 9.842s
********************************************************************************************************************
Start the 5 rounds of NGS-ED iteration
	effective electronic model is modified as: kinetic energy t = 1.34184e-08
	                                           effective interaction Vq = [      -45,   -18.05,     -3.2,   -18.05,   -18.05,     -3.2,    -0.45,     -3.2,     -3.2,    -0.45,-0.318053,    -0.45,   -18.05,     -3.2,    -0.45,     -3.2]
	PARPACK diagonalization completed after 30 matrix-vector product operations.
	iteration results: : total energy is -565.600000 | electron energy -565.600000 + phonon energy 0.000000 | electron momentum kIdx = 10
The 5-th iteration is completed.	|| time cost : 0h 0m 9.733s
********************************************************************************************************************
Start the 6 rounds of NGS-ED iteration
	effective electronic model is modified as: kinetic energy t = 1.34181e-08
	                                           effective interaction Vq = [      -45,   -18.05,     -3.2,   -18.05,   -18.05,     -3.2,    -0.45,     -3.2,     -3.2,    -0.45,-0.319814,    -0.45,   -18.05,     -3.2,    -0.45,     -3.2]
	PARPACK diagonalization completed after 30 matrix-vector product operations.
	iteration results: : total energy is -565.600000 | electron energy -565.600000 + phonon energy 0.000000 | electron momentum kIdx = 10
The 6-th iteration is completed.	|| time cost : 0h 0m 9.758s
********************************************************************************************************************
Start the 7 rounds of NGS-ED iteration
	effective electronic model is modified as: kinetic energy t = 1.34179e-08
	                                           effective interaction Vq = [      -45,   -18.05,     -3.2,   -18.05,   -18.05,     -3.2,    -0.45,     -3.2,     -3.2,    -0.45,-0.321619,    -0.45,   -18.05,     -3.2,    -0.45,     -3.2]
	PARPACK diagonalization completed after 30 matrix-vector product operations.
	iteration results: : total energy is -565.600000 | electron energy -565.600000 + phonon energy 0.000000 | electron momentum kIdx = 10
The 7-th iteration is completed.	|| time cost : 0h 0m 9.746s
********************************************************************************************************************
Start the 8 rounds of NGS-ED iteration
	effective electronic model is modified as: kinetic energy t = 1.34182e-08
	                                           effective interaction Vq = [     -45,  -18.05,    -3.2,  -18.05,  -18.05,    -3.2,   -0.45,    -3.2,    -3.2,   -0.45,-0.31917,   -0.45,  -18.05,    -3.2,   -0.45,    -3.2]
	PARPACK diagonalization completed after 30 matrix-vector product operations.
	iteration results: : total energy is -565.600000 | electron energy -565.600000 + phonon energy 0.000000 | electron momentum kIdx = 10
The 8-th iteration is completed.	|| time cost : 0h 0m 9.751s
********************************************************************************************************************
Start the 9 rounds of NGS-ED iteration
	effective electronic model is modified as: kinetic energy t = 1.34181e-08
	                                           effective interaction Vq = [      -45,   -18.05,     -3.2,   -18.05,   -18.05,     -3.2,    -0.45,     -3.2,     -3.2,    -0.45,-0.320355,    -0.45,   -18.05,     -3.2,    -0.45,     -3.2]
	PARPACK diagonalization completed after 30 matrix-vector product operations.
	iteration results: : total energy is -565.600000 | electron energy -565.600000 + phonon energy 0.000000 | electron momentum kIdx = 10
The 9-th iteration is completed.	|| time cost : 0h 0m 9.711s
********************************************************************************************************************
Start the 10 rounds of NGS-ED iteration
	effective electronic model is modified as: kinetic energy t = 1.34182e-08
	                                           effective interaction Vq = [      -45,   -18.05,     -3.2,   -18.05,   -18.05,     -3.2,    -0.45,     -3.2,     -3.2,    -0.45,-0.319765,    -0.45,   -18.05,     -3.2,    -0.45,     -3.2]
	PARPACK diagonalization completed after 30 matrix-vector product operations.
	iteration results: : total energy is -565.600000 | electron energy -565.600000 + phonon energy 0.000000 | electron momentum kIdx = 10
The 10-th iteration is completed.	|| time cost : 0h 0m 9.758s
********************************************************************************************************************
Start the 11 rounds of NGS-ED iteration
	effective electronic model is modified as: kinetic energy t = 1.3418e-08
	                                           effective interaction Vq = [      -45,   -18.05,     -3.2,   -18.05,   -18.05,     -3.2,    -0.45,     -3.2,     -3.2,    -0.45,-0.320645,    -0.45,   -18.05,     -3.2,    -0.45,     -3.2]
	PARPACK diagonalization completed after 30 matrix-vector product operations.
	iteration results: : total energy is -565.600000 | electron energy -565.600000 + phonon energy 0.000000 | electron momentum kIdx = 10
The 11-th iteration is completed.	|| time cost : 0h 0m 9.781s
********************************************************************************************************************
Start the 12 rounds of NGS-ED iteration
	effective electronic model is modified as: kinetic energy t = 1.34181e-08
	                                           effective interaction Vq = [      -45,   -18.05,     -3.2,   -18.05,   -18.05,     -3.2,    -0.45,     -3.2,     -3.2,    -0.45,-0.320469,    -0.45,   -18.05,     -3.2,    -0.45,     -3.2]
	PARPACK diagonalization completed after 30 matrix-vector product operations.
	iteration results: : total energy is -565.600000 | electron energy -565.600000 + phonon energy 0.000000 | electron momentum kIdx = 10
The 12-th iteration is completed.	|| time cost : 0h 0m 9.759s
********************************************************************************************************************
Start the 13 rounds of NGS-ED iteration
	effective electronic model is modified as: kinetic energy t = 1.34181e-08
	                                           effective interaction Vq = [      -45,   -18.05,     -3.2,   -18.05,   -18.05,     -3.2,    -0.45,     -3.2,     -3.2,    -0.45,-0.319792,    -0.45,   -18.05,     -3.2,    -0.45,     -3.2]
	PARPACK diagonalization completed after 30 matrix-vector product operations.
	iteration results: : total energy is -565.600000 | electron energy -565.600000 + phonon energy 0.000000 | electron momentum kIdx = 10
The 13-th iteration is completed.	|| time cost : 0h 0m 9.72s
********************************************************************************************************************
Start the 14 rounds of NGS-ED iteration
	effective electronic model is modified as: kinetic energy t = 1.34181e-08
	                                           effective interaction Vq = [      -45,   -18.05,     -3.2,   -18.05,   -18.05,     -3.2,    -0.45,     -3.2,     -3.2,    -0.45,-0.320268,    -0.45,   -18.05,     -3.2,    -0.45,     -3.2]
	PARPACK diagonalization completed after 30 matrix-vector product operations.
	iteration results: : total energy is -565.600000 | electron energy -565.600000 + phonon energy 0.000000 | electron momentum kIdx = 10
The 14-th iteration is completed.	|| time cost : 0h 0m 9.748s
********************************************************************************************************************
Start the 15 rounds of NGS-ED iteration
	effective electronic model is modified as: kinetic energy t = 1.3418e-08
	                                           effective interaction Vq = [      -45,   -18.05,     -3.2,   -18.05,   -18.05,     -3.2,    -0.45,     -3.2,     -3.2,    -0.45,-0.320975,    -0.45,   -18.05,     -3.2,    -0.45,     -3.2]
	PARPACK diagonalization completed after 30 matrix-vector product operations.
	iteration results: : total energy is -565.600000 | electron energy -565.600000 + phonon energy 0.000000 | electron momentum kIdx = 10
The 15-th iteration is completed.	|| time cost : 0h 0m 9.73s
********************************************************************************************************************
Start the 16 rounds of NGS-ED iteration
	effective electronic model is modified as: kinetic energy t = 1.34181e-08
	                                           effective interaction Vq = [      -45,   -18.05,     -3.2,   -18.05,   -18.05,     -3.2,    -0.45,     -3.2,     -3.2,    -0.45,-0.319831,    -0.45,   -18.05,     -3.2,    -0.45,     -3.2]
	PARPACK diagonalization completed after 30 matrix-vector product operations.
	iteration results: : total energy is -565.600000 | electron energy -565.600000 + phonon energy 0.000000 | electron momentum kIdx = 10
The 16-th iteration is completed.	|| time cost : 0h 0m 9.751s
********************************************************************************************************************
Start the 17 rounds of NGS-ED iteration
	effective electronic model is modified as: kinetic energy t = 1.3418e-08
	                                           effective interaction Vq = [      -45,   -18.05,     -3.2,   -18.05,   -18.05,     -3.2,    -0.45,     -3.2,     -3.2,    -0.45,-0.321036,    -0.45,   -18.05,     -3.2,    -0.45,     -3.2]
	PARPACK diagonalization completed after 30 matrix-vector product operations.
	iteration results: : total energy is -565.600000 | electron energy -565.600000 + phonon energy 0.000000 | electron momentum kIdx = 10
The 17-th iteration is completed.	|| time cost : 0h 0m 9.761s
********************************************************************************************************************
Start the 18 rounds of NGS-ED iteration
	effective electronic model is modified as: kinetic energy t = 1.34181e-08
	                                           effective interaction Vq = [      -45,   -18.05,     -3.2,   -18.05,   -18.05,     -3.2,    -0.45,     -3.2,     -3.2,    -0.45,-0.320092,    -0.45,   -18.05,     -3.2,    -0.45,     -3.2]
	PARPACK diagonalization completed after 30 matrix-vector product operations.
	iteration results: : total energy is -565.600000 | electron energy -565.600000 + phonon energy 0.000000 | electron momentum kIdx = 10
The 18-th iteration is completed.	|| time cost : 0h 0m 9.753s
********************************************************************************************************************
Start the 19 rounds of NGS-ED iteration
	effective electronic model is modified as: kinetic energy t = 1.3418e-08
	                                           effective interaction Vq = [      -45,   -18.05,     -3.2,   -18.05,   -18.05,     -3.2,    -0.45,     -3.2,     -3.2,    -0.45,-0.321063,    -0.45,   -18.05,     -3.2,    -0.45,     -3.2]
	PARPACK diagonalization completed after 30 matrix-vector product operations.
	iteration results: : total energy is -565.600000 | electron energy -565.600000 + phonon energy 0.000000 | electron momentum kIdx = 10
The 19-th iteration is completed.	|| time cost : 0h 0m 9.713s
********************************************************************************************************************
Start the 20 rounds of NGS-ED iteration
	effective electronic model is modified as: kinetic energy t = 1.34179e-08
	                                           effective interaction Vq = [      -45,   -18.05,     -3.2,   -18.05,   -18.05,     -3.2,    -0.45,     -3.2,     -3.2,    -0.45,-0.321519,    -0.45,   -18.05,     -3.2,    -0.45,     -3.2]
	PARPACK diagonalization completed after 30 matrix-vector product operations.
	iteration results: : total energy is -565.600000 | electron energy -565.600000 + phonon energy 0.000000 | electron momentum kIdx = 10
The 20-th iteration is completed.	|| time cost : 0h 0m 9.767s
********************************************************************************************************************
Start the 21 rounds of NGS-ED iteration
	effective electronic model is modified as: kinetic energy t = 1.34182e-08
	                                           effective interaction Vq = [      -45,   -18.05,     -3.2,   -18.05,   -18.05,     -3.2,    -0.45,     -3.2,     -3.2,    -0.45,-0.319126,    -0.45,   -18.05,     -3.2,    -0.45,     -3.2]
	PARPACK diagonalization completed after 30 matrix-vector product operations.
	iteration results: : total energy is -565.600000 | electron energy -565.600000 + phonon energy 0.000000 | electron momentum kIdx = 10
The 21-th iteration is completed.	|| time cost : 0h 0m 9.77s
********************************************************************************************************************
Start the 22 rounds of NGS-ED iteration
	effective electronic model is modified as: kinetic energy t = 1.34181e-08
	                                           effective interaction Vq = [      -45,   -18.05,     -3.2,   -18.05,   -18.05,     -3.2,    -0.45,     -3.2,     -3.2,    -0.45,-0.320045,    -0.45,   -18.05,     -3.2,    -0.45,     -3.2]
	PARPACK diagonalization completed after 30 matrix-vector product operations.
	iteration results: : total energy is -565.600000 | electron energy -565.600000 + phonon energy 0.000000 | electron momentum kIdx = 10
The 22-th iteration is completed.	|| time cost : 0h 0m 9.76s
********************************************************************************************************************
Start the 23 rounds of NGS-ED iteration
	effective electronic model is modified as: kinetic energy t = 1.34183e-08
	                                           effective interaction Vq = [      -45,   -18.05,     -3.2,   -18.05,   -18.05,     -3.2,    -0.45,     -3.2,     -3.2,    -0.45,-0.318686,    -0.45,   -18.05,     -3.2,    -0.45,     -3.2]
	PARPACK diagonalization completed after 30 matrix-vector product operations.
	iteration results: : total energy is -565.600000 | electron energy -565.600000 + phonon energy 0.000000 | electron momentum kIdx = 10
The 23-th iteration is completed.	|| time cost : 0h 0m 9.779s
********************************************************************************************************************
Start the 24 rounds of NGS-ED iteration
	effective electronic model is modified as: kinetic energy t = 1.34183e-08
	                                           effective interaction Vq = [      -45,   -18.05,     -3.2,   -18.05,   -18.05,     -3.2,    -0.45,     -3.2,     -3.2,    -0.45,-0.318841,    -0.45,   -18.05,     -3.2,    -0.45,     -3.2]
	PARPACK diagonalization completed after 30 matrix-vector product operations.
	iteration results: : total energy is -565.600000 | electron energy -565.600000 + phonon energy 0.000000 | electron momentum kIdx = 10
The 24-th iteration is completed.	|| time cost : 0h 0m 9.743s
********************************************************************************************************************
Start the 25 rounds of NGS-ED iteration
	effective electronic model is modified as: kinetic energy t = 1.34183e-08
	                                           effective interaction Vq = [      -45,   -18.05,     -3.2,   -18.05,   -18.05,     -3.2,    -0.45,     -3.2,     -3.2,    -0.45,-0.319021,    -0.45,   -18.05,     -3.2,    -0.45,     -3.2]
	PARPACK diagonalization completed after 30 matrix-vector product operations.
	iteration results: : total energy is -565.600000 | electron energy -565.600000 + phonon energy 0.000000 | electron momentum kIdx = 10
The 25-th iteration is completed.	|| time cost : 0h 0m 9.75s
********************************************************************************************************************
Start the 26 rounds of NGS-ED iteration
	effective electronic model is modified as: kinetic energy t = 1.34179e-08
	                                           effective interaction Vq = [      -45,   -18.05,     -3.2,   -18.05,   -18.05,     -3.2,    -0.45,     -3.2,     -3.2,    -0.45,-0.321611,    -0.45,   -18.05,     -3.2,    -0.45,     -3.2]
	PARPACK diagonalization completed after 30 matrix-vector product operations.
	iteration results: : total energy is -565.600000 | electron energy -565.600000 + phonon energy 0.000000 | electron momentum kIdx = 10
The 26-th iteration is completed.	|| time cost : 0h 0m 9.775s
********************************************************************************************************************
Start the 27 rounds of NGS-ED iteration
	effective electronic model is modified as: kinetic energy t = 1.34183e-08
	                                           effective interaction Vq = [      -45,   -18.05,     -3.2,   -18.05,   -18.05,     -3.2,    -0.45,     -3.2,     -3.2,    -0.45,-0.318515,    -0.45,   -18.05,     -3.2,    -0.45,     -3.2]
	PARPACK diagonalization completed after 30 matrix-vector product operations.
	iteration results: : total energy is -565.600000 | electron energy -565.600000 + phonon energy 0.000000 | electron momentum kIdx = 10
The 27-th iteration is completed.	|| time cost : 0h 0m 9.754s
********************************************************************************************************************
Start the 28 rounds of NGS-ED iteration
	effective electronic model is modified as: kinetic energy t = 1.34182e-08
	                                           effective interaction Vq = [      -45,   -18.05,     -3.2,   -18.05,   -18.05,     -3.2,    -0.45,     -3.2,     -3.2,    -0.45,-0.319767,    -0.45,   -18.05,     -3.2,    -0.45,     -3.2]
	PARPACK diagonalization completed after 30 matrix-vector product operations.
	iteration results: : total energy is -565.600000 | electron energy -565.600000 + phonon energy 0.000000 | electron momentum kIdx = 10
The 28-th iteration is completed.	|| time cost : 0h 0m 9.755s
********************************************************************************************************************
Start the 29 rounds of NGS-ED iteration
	effective electronic model is modified as: kinetic energy t = 1.34181e-08
	                                           effective interaction Vq = [      -45,   -18.05,     -3.2,   -18.05,   -18.05,     -3.2,    -0.45,     -3.2,     -3.2,    -0.45,-0.319848,    -0.45,   -18.05,     -3.2,    -0.45,     -3.2]
	PARPACK diagonalization completed after 30 matrix-vector product operations.
	iteration results: : total energy is -565.600000 | electron energy -565.600000 + phonon energy 0.000000 | electron momentum kIdx = 10
The 29-th iteration is completed.	|| time cost : 0h 0m 9.775s
********************************************************************************************************************
Start the 30 rounds of NGS-ED iteration
	effective electronic model is modified as: kinetic energy t = 1.34179e-08
	                                           effective interaction Vq = [     -45,  -18.05,    -3.2,  -18.05,  -18.05,    -3.2,   -0.45,    -3.2,    -3.2,   -0.45,-0.32126,   -0.45,  -18.05,    -3.2,   -0.45,    -3.2]
	PARPACK diagonalization completed after 30 matrix-vector product operations.
	iteration results: : total energy is -565.600000 | electron energy -565.600000 + phonon energy 0.000000 | electron momentum kIdx = 10
The 30-th iteration is completed.	|| time cost : 0h 0m 9.743s
********************************************************************************************************************
Start the 31 rounds of NGS-ED iteration
	effective electronic model is modified as: kinetic energy t = 1.3418e-08
	                                           effective interaction Vq = [      -45,   -18.05,     -3.2,   -18.05,   -18.05,     -3.2,    -0.45,     -3.2,     -3.2,    -0.45,-0.321152,    -0.45,   -18.05,     -3.2,    -0.45,     -3.2]
	PARPACK diagonalization completed after 30 matrix-vector product operations.
	iteration results: : total energy is -565.600000 | electron energy -565.600000 + phonon energy 0.000000 | electron momentum kIdx = 10
The 31-th iteration is completed.	|| time cost : 0h 0m 9.728s
********************************************************************************************************************
Start the 32 rounds of NGS-ED iteration
	effective electronic model is modified as: kinetic energy t = 1.34183e-08
	                                           effective interaction Vq = [      -45,   -18.05,     -3.2,   -18.05,   -18.05,     -3.2,    -0.45,     -3.2,     -3.2,    -0.45,-0.318404,    -0.45,   -18.05,     -3.2,    -0.45,     -3.2]
	PARPACK diagonalization completed after 30 matrix-vector product operations.
	iteration results: : total energy is -565.600000 | electron energy -565.600000 + phonon energy 0.000000 | electron momentum kIdx = 10
The 32-th iteration is completed.	|| time cost : 0h 0m 9.752s
********************************************************************************************************************
Start the 33 rounds of NGS-ED iteration
	effective electronic model is modified as: kinetic energy t = 1.34181e-08
	                                           effective interaction Vq = [      -45,   -18.05,     -3.2,   -18.05,   -18.05,     -3.2,    -0.45,     -3.2,     -3.2,    -0.45,-0.319962,    -0.45,   -18.05,     -3.2,    -0.45,     -3.2]
	PARPACK diagonalization completed after 30 matrix-vector product operations.
	iteration results: : total energy is -565.600000 | electron energy -565.600000 + phonon energy 0.000000 | electron momentum kIdx = 10
The 33-th iteration is completed.	|| time cost : 0h 0m 9.738s
********************************************************************************************************************
Start the 34 rounds of NGS-ED iteration
	effective electronic model is modified as: kinetic energy t = 1.3418e-08
	                                           effective interaction Vq = [      -45,   -18.05,     -3.2,   -18.05,   -18.05,     -3.2,    -0.45,     -3.2,     -3.2,    -0.45,-0.320995,    -0.45,   -18.05,     -3.2,    -0.45,     -3.2]
	PARPACK diagonalization completed after 30 matrix-vector product operations.
	iteration results: : total energy is -565.600000 | electron energy -565.600000 + phonon energy 0.000000 | electron momentum kIdx = 10
The 34-th iteration is completed.	|| time cost : 0h 0m 9.744s
********************************************************************************************************************
Start the 35 rounds of NGS-ED iteration
	effective electronic model is modified as: kinetic energy t = 1.34181e-08
	                                           effective interaction Vq = [      -45,   -18.05,     -3.2,   -18.05,   -18.05,     -3.2,    -0.45,     -3.2,     -3.2,    -0.45,-0.320385,    -0.45,   -18.05,     -3.2,    -0.45,     -3.2]
	PARPACK diagonalization completed after 30 matrix-vector product operations.
	iteration results: : total energy is -565.600000 | electron energy -565.600000 + phonon energy 0.000000 | electron momentum kIdx = 10
The 35-th iteration is completed.	|| time cost : 0h 0m 9.729s
********************************************************************************************************************
Start the 36 rounds of NGS-ED iteration
	effective electronic model is modified as: kinetic energy t = 1.34178e-08
	                                           effective interaction Vq = [      -45,   -18.05,     -3.2,   -18.05,   -18.05,     -3.2,    -0.45,     -3.2,     -3.2,    -0.45,-0.322224,    -0.45,   -18.05,     -3.2,    -0.45,     -3.2]
	PARPACK diagonalization completed after 30 matrix-vector product operations.
	iteration results: : total energy is -565.600000 | electron energy -565.600000 + phonon energy 0.000000 | electron momentum kIdx = 10
The 36-th iteration is completed.	|| time cost : 0h 0m 9.772s
********************************************************************************************************************
Start the 37 rounds of NGS-ED iteration
	effective electronic model is modified as: kinetic energy t = 1.34181e-08
	                                           effective interaction Vq = [      -45,   -18.05,     -3.2,   -18.05,   -18.05,     -3.2,    -0.45,     -3.2,     -3.2,    -0.45,-0.320349,    -0.45,   -18.05,     -3.2,    -0.45,     -3.2]
	PARPACK diagonalization completed after 30 matrix-vector product operations.
	iteration results: : total energy is -565.600000 | electron energy -565.600000 + phonon energy 0.000000 | electron momentum kIdx = 10
The 37-th iteration is completed.	|| time cost : 0h 0m 9.75s
********************************************************************************************************************
Start the 38 rounds of NGS-ED iteration
	effective electronic model is modified as: kinetic energy t = 1.34181e-08
	                                           effective interaction Vq = [      -45,   -18.05,     -3.2,   -18.05,   -18.05,     -3.2,    -0.45,     -3.2,     -3.2,    -0.45,-0.319886,    -0.45,   -18.05,     -3.2,    -0.45,     -3.2]
	PARPACK diagonalization completed after 30 matrix-vector product operations.
	iteration results: : total energy is -565.600000 | electron energy -565.600000 + phonon energy 0.000000 | electron momentum kIdx = 10
The 38-th iteration is completed.	|| time cost : 0h 0m 9.73s
********************************************************************************************************************
Start the 39 rounds of NGS-ED iteration
	effective electronic model is modified as: kinetic energy t = 1.34179e-08
	                                           effective interaction Vq = [      -45,   -18.05,     -3.2,   -18.05,   -18.05,     -3.2,    -0.45,     -3.2,     -3.2,    -0.45,-0.321487,    -0.45,   -18.05,     -3.2,    -0.45,     -3.2]
	PARPACK diagonalization completed after 30 matrix-vector product operations.
	iteration results: : total energy is -565.600000 | electron energy -565.600000 + phonon energy 0.000000 | electron momentum kIdx = 10
The 39-th iteration is completed.	|| time cost : 0h 0m 9.759s
********************************************************************************************************************
Start the 40 rounds of NGS-ED iteration
	effective electronic model is modified as: kinetic energy t = 1.34182e-08
	                                           effective interaction Vq = [      -45,   -18.05,     -3.2,   -18.05,   -18.05,     -3.2,    -0.45,     -3.2,     -3.2,    -0.45,-0.319225,    -0.45,   -18.05,     -3.2,    -0.45,     -3.2]
	PARPACK diagonalization completed after 30 matrix-vector product operations.
	iteration results: : total energy is -565.600000 | electron energy -565.600000 + phonon energy 0.000000 | electron momentum kIdx = 10
The 40-th iteration is completed.	|| time cost : 0h 0m 9.76s
********************************************************************************************************************
Start the 41 rounds of NGS-ED iteration
	effective electronic model is modified as: kinetic energy t = 1.34182e-08
	                                           effective interaction Vq = [      -45,   -18.05,     -3.2,   -18.05,   -18.05,     -3.2,    -0.45,     -3.2,     -3.2,    -0.45,-0.319131,    -0.45,   -18.05,     -3.2,    -0.45,     -3.2]
	PARPACK diagonalization completed after 30 matrix-vector product operations.
	iteration results: : total energy is -565.600000 | electron energy -565.600000 + phonon energy 0.000000 | electron momentum kIdx = 10
The 41-th iteration is completed.	|| time cost : 0h 0m 9.734s
********************************************************************************************************************
Start the 42 rounds of NGS-ED iteration
	effective electronic model is modified as: kinetic energy t = 1.34181e-08
	                                           effective interaction Vq = [      -45,   -18.05,     -3.2,   -18.05,   -18.05,     -3.2,    -0.45,     -3.2,     -3.2,    -0.45,-0.319949,    -0.45,   -18.05,     -3.2,    -0.45,     -3.2]
	PARPACK diagonalization completed after 30 matrix-vector product operations.
	iteration results: : total energy is -565.600000 | electron energy -565.600000 + phonon energy 0.000000 | electron momentum kIdx = 10
The 42-th iteration is completed.	|| time cost : 0h 0m 9.743s
********************************************************************************************************************
Start the 43 rounds of NGS-ED iteration
	effective electronic model is modified as: kinetic energy t = 1.34181e-08
	                                           effective interaction Vq = [      -45,   -18.05,     -3.2,   -18.05,   -18.05,     -3.2,    -0.45,     -3.2,     -3.2,    -0.45,-0.319835,    -0.45,   -18.05,     -3.2,    -0.45,     -3.2]
	PARPACK diagonalization completed after 30 matrix-vector product operations.
	iteration results: : total energy is -565.600000 | electron energy -565.600000 + phonon energy 0.000000 | electron momentum kIdx = 10
The 43-th iteration is completed.	|| time cost : 0h 0m 9.754s
********************************************************************************************************************
Start the 44 rounds of NGS-ED iteration
	effective electronic model is modified as: kinetic energy t = 1.34181e-08
	                                           effective interaction Vq = [      -45,   -18.05,     -3.2,   -18.05,   -18.05,     -3.2,    -0.45,     -3.2,     -3.2,    -0.45,-0.320284,    -0.45,   -18.05,     -3.2,    -0.45,     -3.2]
	PARPACK diagonalization completed after 30 matrix-vector product operations.
	iteration results: : total energy is -565.600000 | electron energy -565.600000 + phonon energy 0.000000 | electron momentum kIdx = 10
The 44-th iteration is completed.	|| time cost : 0h 0m 9.747s
********************************************************************************************************************
Start the 45 rounds of NGS-ED iteration
	effective electronic model is modified as: kinetic energy t = 1.34181e-08
	                                           effective interaction Vq = [      -45,   -18.05,     -3.2,   -18.05,   -18.05,     -3.2,    -0.45,     -3.2,     -3.2,    -0.45,-0.320331,    -0.45,   -18.05,     -3.2,    -0.45,     -3.2]
	PARPACK diagonalization completed after 30 matrix-vector product operations.
	iteration results: : total energy is -565.600000 | electron energy -565.600000 + phonon energy 0.000000 | electron momentum kIdx = 10
The 45-th iteration is completed.	|| time cost : 0h 0m 9.777s
********************************************************************************************************************
Start the 46 rounds of NGS-ED iteration
	effective electronic model is modified as: kinetic energy t = 1.34181e-08
	                                           effective interaction Vq = [      -45,   -18.05,     -3.2,   -18.05,   -18.05,     -3.2,    -0.45,     -3.2,     -3.2,    -0.45,-0.319805,    -0.45,   -18.05,     -3.2,    -0.45,     -3.2]
	PARPACK diagonalization completed after 30 matrix-vector product operations.
	iteration results: : total energy is -565.600000 | electron energy -565.600000 + phonon energy 0.000000 | electron momentum kIdx = 10
