SNEDics v3.4 Non-Gaussian ED ground state program		Start at Fri Sep 27 16:07:39 2019

parallized on 16 MPI threads  * 8 OpenMP threads = 128 total threads.
********************************************************************************************************************
********************************************************************************************************************

********************************************************************************************************************
System parameters and configurations
********************************************************************************************************************
Special program options are enabled: splitted diagonal Hamiltonian
********************************************************************************************************************
Read input file "model_params.in"
	Hubbard-Holstein model parameters : 	t = 1    U = 5    g = 3.873    W = 5    
********************************************************************************************************************
Read input file "hilbertspace_params.in"
	Requested 16-site 2D lattice, with 12 electrons (6, 6)
	Boundary : Periodic		Hilbert space representation : momentum-space (restricted to kIdx = 10)
	Conservation: particle number[U(1)]      spin[U(1)]     momentum
********************************************************************************************************************

Cluster Positions:				Cluster symmetry group : D4
 x ... x ... x ... x .....                       x ... x ... x ... x .....
 |           |           :                       |           |           :
 |           |           :                       |           |           :
12    13    14    15     x                       1     5     6     5     x
 |           |           :                       |           |           :
 |           |           :                       |           |           :
 8 --- 9 ---10 ---11 --- x                       2 --- 6 ---10 --- 6 --- x
 |           |           :                       |           |           :
 |           |           :                       |           |           :
 4     5     6     7     x                       1     5     6     5     x
 |           |           :                       |           |           :
 |           |           :                       |           |           :
 0 --- 1 --- 2 --- 3 --- x                       0 --- 1 --- 2 --- 1 --- x
orbital number : 1
********************************************************************************************************************
Read input file "obs_params.in"
	Observable Type : Nq(All),   Sq(All),   N(All),   Delta[s](All),   Delta[d](All),   Delta[s+](All)
********************************************************************************************************************
** WARNING ** the input observables have non-local factors which have been reinterpreted. The total observable number is 96
********************************************************************************************************************


********************************************************************************************************************
Start calculating the non-Gaussian ED ground state
** WARNING ** Detected low phonon energy W < 10. The initial state will be prepared through a warm-up process.
********************************************************************************************************************
Start warm-up calculation for scaling factor 2
open output files: NGSEDWarmUpW10Obs.txt
********************************************************************************************************************
Start the 0 rounds of NGS-ED iteration
	effective electronic model is modified as: kinetic energy t = 1
	                                           effective interaction Vq = [-0,-0,-0,-0,-0,-0,-0,-0,-0,-0,-0,-0,-0,-0,-0,-0]
	first Hamiltonian is constructed, non-zero numbers = 969134084
	PARPACK diagonalization completed after 135 matrix-vector product operations.
	iteration results: : total energy is -16.786858 | electron energy -16.786858 + phonon energy 0.000000 | electron momentum kIdx = 10
	Nq(0) = 9,	Nq(1) = 0.230803,	Nq(2) = 0.275981,	Nq(3) = 0.230803,	Nq(4) = 0.230803,	Nq(5) = 0.299564,	Nq(6) = 0.381314,	Nq(7) = 0.299564,	Nq(8) = 0.275981,	Nq(9) = 0.381314,	Nq(10) = 0.469772,	Nq(11) = 0.381314,	Nq(12) = 0.230803,	Nq(13) = 0.299564,	Nq(14) = 0.381314,	Nq(15) = 0.299564,	Sq(0) = 5.72333e-18,	Sq(1) = 0.515182,	Sq(2) = 0.858878,	Sq(3) = 0.515182,	Sq(4) = 0.515182,	Sq(5) = 0.527953,	Sq(6) = 0.918152,	Sq(7) = 0.527953,	Sq(8) = 0.858878,	Sq(9) = 0.918152,	Sq(10) = 0.768634,	Sq(11) = 0.918152,	Sq(12) = 0.515182,	Sq(13) = 0.527953,	Sq(14) = 0.918152,	Sq(15) = 0.527953,	N(0) = 1.88012,	N(1) = 1.78772,	N(2) = 0.15745,	N(3) = 1.78772,	N(4) = 1.78772,	N(5) = 0.567945,	N(6) = 0.083142,	N(7) = 0.567945,	N(8) = 0.15745,	N(9) = 0.083142,	N(10) = 0.0497679,	N(11) = 0.083142,	N(12) = 1.78772,	N(13) = 0.567945,	N(14) = 0.083142,	N(15) = 0.567945,	Delta[s](0) = 0.0980069,	Delta[s](1) = 0.0718844,	Delta[s](2) = 0.0500835,	Delta[s](3) = 0.0718844,	Delta[s](4) = 0.0718844,	Delta[s](5) = 0.0550953,	Delta[s](6) = 0.0283396,	Delta[s](7) = 0.0550953,	Delta[s](8) = 0.0500835,	Delta[s](9) = 0.0283396,	Delta[s](10) = 0.0147784,	Delta[s](11) = 0.0283396,	Delta[s](12) = 0.0718844,	Delta[s](13) = 0.0550953,	Delta[s](14) = 0.0283396,	Delta[s](15) = 0.0550953,	Delta[d](0) = 0.208338,	Delta[d](1) = 0.121476,	Delta[d](2) = 0.159905,	Delta[d](3) = 0.121476,	Delta[d](4) = 0.121476,	Delta[d](5) = 0.122025,	Delta[d](6) = 0.0784947,	Delta[d](7) = 0.122025,	Delta[d](8) = 0.159905,	Delta[d](9) = 0.0784947,	Delta[d](10) = 0.0329857,	Delta[d](11) = 0.0784947,	Delta[d](12) = 0.121476,	Delta[d](13) = 0.122025,	Delta[d](14) = 0.0784947,	Delta[d](15) = 0.122025,	Delta[s+](0) = 0.530366,	Delta[s+](1) = 0.36259,	Delta[s+](2) = 0.159905,	Delta[s+](3) = 0.36259,	Delta[s+](4) = 0.36259,	Delta[s+](5) = 0.20781,	Delta[s+](6) = 0.0618015,	Delta[s+](7) = 0.20781,	Delta[s+](8) = 0.159905,	Delta[s+](9) = 0.0618015,	Delta[s+](10) = 0.016867,	Delta[s+](11) = 0.0618015,	Delta[s+](12) = 0.36259,	Delta[s+](13) = 0.20781,	Delta[s+](14) = 0.0618015,	Delta[s+](15) = 0.20781
The 0-th iteration is completed.	|| time cost : 0h 2m 54.218s
********************************************************************************************************************
Start the 1 rounds of NGS-ED iteration
	effective electronic model is modified as: kinetic energy t = 0.919604
	                                           effective interaction Vq = [-2.59402,-2.43896,-2.33674,-2.43896,-2.43896,-2.35698,-2.31696,-2.35698,-2.33674,-2.31696,-2.29638,-2.31696,-2.43896,-2.35698,-2.31696,-2.35698]
	PARPACK diagonalization completed after 30 matrix-vector product operations.
	iteration results: : total energy is -51.831316 | electron energy -51.837461 + phonon energy 0.006145 | electron momentum kIdx = 10
The 1-th iteration is completed.	|| time cost : 0h 2m 31.886s
********************************************************************************************************************
Start the 2 rounds of NGS-ED iteration
	effective electronic model is modified as: kinetic energy t = 0.865167
	                                           effective interaction Vq = [-2.94508,-2.83564,-2.70777,-2.83564,-2.83564,-2.74297,-2.72469,-2.74297,-2.70777,-2.72469,-2.73048,-2.72469,-2.83564,-2.74297,-2.72469,-2.74297]
	PARPACK diagonalization completed after 30 matrix-vector product operations.
	iteration results: : total energy is -56.626661 | electron energy -56.672268 + phonon energy 0.045607 | electron momentum kIdx = 10
The 2-th iteration is completed.	|| time cost : 0h 0m 9.091s
********************************************************************************************************************
Start the 3 rounds of NGS-ED iteration
	effective electronic model is modified as: kinetic energy t = 0.843798
	                                           effective interaction Vq = [-2.99259,-2.92079,-2.79618,-2.92079,-2.92079,-2.83703,-2.82778,-2.83703,-2.79618,-2.82778,-2.84333,-2.82778,-2.92079,-2.83703,-2.82778,-2.83703]
	PARPACK diagonalization completed after 30 matrix-vector product operations.
	iteration results: : total energy is -57.274504 | electron energy -57.351903 + phonon energy 0.077400 | electron momentum kIdx = 10
The 3-th iteration is completed.	|| time cost : 0h 0m 8.994s
********************************************************************************************************************
Start the 4 rounds of NGS-ED iteration
	effective electronic model is modified as: kinetic energy t = 0.836063
	                                           effective interaction Vq = [-2.99902,-2.94333,-2.82174,-2.94333,-2.94333,-2.86486,-2.85896,-2.86486,-2.82174,-2.85896,-2.87783,-2.85896,-2.94333,-2.86486,-2.85896,-2.86486]
	PARPACK diagonalization completed after 30 matrix-vector product operations.
	iteration results: : total energy is -57.360427 | electron energy -57.452385 + phonon energy 0.091958 | electron momentum kIdx = 10
The 4-th iteration is completed.	|| time cost : 0h 0m 9.003s
********************************************************************************************************************
Start the 5 rounds of NGS-ED iteration
	effective electronic model is modified as: kinetic energy t = 0.833333
	                                           effective interaction Vq = [-2.99989, -2.9502,-2.82979, -2.9502, -2.9502, -2.8739,-2.86931, -2.8739,-2.82979,-2.86931,-2.88941,-2.86931, -2.9502, -2.8739,-2.86931, -2.8739]
	PARPACK diagonalization completed after 30 matrix-vector product operations.
	iteration results: : total energy is -57.371737 | electron energy -57.469320 + phonon energy 0.097583 | electron momentum kIdx = 10
The 5-th iteration is completed.	|| time cost : 0h 0m 9.087s
********************************************************************************************************************
Start the 6 rounds of NGS-ED iteration
	effective electronic model is modified as: kinetic energy t = 0.832377
	                                           effective interaction Vq = [-3.00001,-2.95244,-2.83241,-2.95244,-2.95244,-2.87696,-2.87289,-2.87696,-2.83241,-2.87289,-2.89348,-2.87289,-2.95244,-2.87696,-2.87289,-2.87696]
	PARPACK diagonalization completed after 30 matrix-vector product operations.
	iteration results: : total energy is -57.373224 | electron energy -57.472856 + phonon energy 0.099631 | electron momentum kIdx = 10
The 6-th iteration is completed.	|| time cost : 0h 0m 8.992s
********************************************************************************************************************
Start the 7 rounds of NGS-ED iteration
	effective electronic model is modified as: kinetic energy t = 0.832043
	                                           effective interaction Vq = [-3.00002,-2.95318,-2.83328,-2.95318,-2.95318,-2.87801,-2.87414,-2.87801,-2.83328,-2.87414,-2.89493,-2.87414,-2.95318,-2.87801,-2.87414,-2.87801]
	PARPACK diagonalization completed after 75 matrix-vector product operations.
	iteration results: : total energy is -57.610916 | electron energy -57.711278 + phonon energy 0.100362 | electron momentum kIdx = 10
The 7-th iteration is completed.	|| time cost : 0h 0m 13.612s
********************************************************************************************************************
Start the 8 rounds of NGS-ED iteration
	effective electronic model is modified as: kinetic energy t = 0.82851
	                                           effective interaction Vq = [-3.00003,-2.94985,-2.88714,-2.94985,-2.94985,-2.90484,-2.87006,-2.90484,-2.88714,-2.87006,-2.89719,-2.87006,-2.94985,-2.90484,-2.87006,-2.90484]
	PARPACK diagonalization completed after 30 matrix-vector product operations.
	iteration results: : total energy is -57.633295 | electron energy -57.735948 + phonon energy 0.102653 | electron momentum kIdx = 10
The 8-th iteration is completed.	|| time cost : 0h 0m 8.98s
********************************************************************************************************************
Start the 9 rounds of NGS-ED iteration
	effective electronic model is modified as: kinetic energy t = 0.827316
	                                           effective interaction Vq = [-3.00003,-2.94871, -2.9051,-2.94871,-2.94871,-2.91239,-2.86851,-2.91239, -2.9051,-2.86851,-2.89785,-2.86851,-2.94871,-2.91239,-2.86851,-2.91239]
	PARPACK diagonalization completed after 30 matrix-vector product operations.
	iteration results: : total energy is -57.636205 | electron energy -57.740463 + phonon energy 0.104259 | electron momentum kIdx = 10
The 9-th iteration is completed.	|| time cost : 0h 0m 9.093s
********************************************************************************************************************
Start the 10 rounds of NGS-ED iteration
	effective electronic model is modified as: kinetic energy t = 0.826915
	                                           effective interaction Vq = [-3.00003,-2.94833,-2.91152,-2.94833,-2.94833,-2.91459,-2.86793,-2.91459,-2.91152,-2.86793,-2.89805,-2.86793,-2.94833,-2.91459,-2.86793,-2.91459]
	PARPACK diagonalization completed after 30 matrix-vector product operations.
	iteration results: : total energy is -57.636585 | electron energy -57.741511 + phonon energy 0.104926 | electron momentum kIdx = 10
	Nq(0) = 9,	Nq(1) = 0.396297,	Nq(2) = 0.579768,	Nq(3) = 0.396297,	Nq(4) = 0.396297,	Nq(5) = 0.582097,	Nq(6) = 0.651821,	Nq(7) = 0.582097,	Nq(8) = 0.579768,	Nq(9) = 0.651821,	Nq(10) = 0.997756,	Nq(11) = 0.651821,	Nq(12) = 0.396297,	Nq(13) = 0.582097,	Nq(14) = 0.651821,	Nq(15) = 0.582097,	Sq(0) = -2.23056e-17,	Sq(1) = 0.3386,	Sq(2) = 0.356677,	Sq(3) = 0.3386,	Sq(4) = 0.3386,	Sq(5) = 0.356639,	Sq(6) = 0.561805,	Sq(7) = 0.356639,	Sq(8) = 0.356677,	Sq(9) = 0.561805,	Sq(10) = 0.580319,	Sq(11) = 0.561805,	Sq(12) = 0.3386,	Sq(13) = 0.356639,	Sq(14) = 0.561805,	Sq(15) = 0.356639,	N(0) = 1.99631,	N(1) = 1.98949,	N(2) = 0.340998,	N(3) = 1.98949,	N(4) = 1.98949,	N(5) = 0.336542,	N(6) = 0.00385256,	N(7) = 0.336542,	N(8) = 0.340998,	N(9) = 0.00385256,	N(10) = 0.00215184,	N(11) = 0.00385256,	N(12) = 1.98949,	N(13) = 0.336542,	N(14) = 0.00385256,	N(15) = 0.336542,	Delta[s](0) = 0.269179,	Delta[s](1) = 0.191922,	Delta[s](2) = 0.17143,	Delta[s](3) = 0.191922,	Delta[s](4) = 0.191922,	Delta[s](5) = 0.171284,	Delta[s](6) = 0.127182,	Delta[s](7) = 0.171284,	Delta[s](8) = 0.17143,	Delta[s](9) = 0.127182,	Delta[s](10) = 0.26549,	Delta[s](11) = 0.127182,	Delta[s](12) = 0.191922,	Delta[s](13) = 0.171284,	Delta[s](14) = 0.127182,	Delta[s](15) = 0.171284,	Delta[d](0) = 0.218952,	Delta[d](1) = 0.138785,	Delta[d](2) = 0.162908,	Delta[d](3) = 0.138785,	Delta[d](4) = 0.138785,	Delta[d](5) = 0.129963,	Delta[d](6) = 0.0951562,	Delta[d](7) = 0.129963,	Delta[d](8) = 0.162908,	Delta[d](9) = 0.0951562,	Delta[d](10) = 0.0416412,	Delta[d](11) = 0.0951562,	Delta[d](12) = 0.138785,	Delta[d](13) = 0.129963,	Delta[d](14) = 0.0951562,	Delta[d](15) = 0.129963,	Delta[s+](0) = 0.435544,	Delta[s+](1) = 0.304549,	Delta[s+](2) = 0.162908,	Delta[s+](3) = 0.304549,	Delta[s+](4) = 0.304549,	Delta[s+](5) = 0.162455,	Delta[s+](6) = 0.0519992,	Delta[s+](7) = 0.162455,	Delta[s+](8) = 0.162908,	Delta[s+](9) = 0.0519992,	Delta[s+](10) = 0.0172008,	Delta[s+](11) = 0.0519992,	Delta[s+](12) = 0.304549,	Delta[s+](13) = 0.162455,	Delta[s+](14) = 0.0519992,	Delta[s+](15) = 0.162455
The 10-th iteration is completed.	|| time cost : 0h 1m 23.118s
********************************************************************************************************************
Start the 11 rounds of NGS-ED iteration
	effective electronic model is modified as: kinetic energy t = 0.826779
	                                           effective interaction Vq = [-3.00003,-2.94821,-2.91391,-2.94821,-2.94821,-2.91521,-2.86771,-2.91521,-2.91391,-2.86771,-2.89811,-2.86771,-2.94821,-2.91521,-2.86771,-2.91521]
	PARPACK diagonalization completed after 30 matrix-vector product operations.
	iteration results: : total energy is -57.636636 | electron energy -57.741804 + phonon energy 0.105168 | electron momentum kIdx = 10
The 11-th iteration is completed.	|| time cost : 0h 0m 9.102s
********************************************************************************************************************
Start the 12 rounds of NGS-ED iteration
	effective electronic model is modified as: kinetic energy t = 0.826734
	                                           effective interaction Vq = [-3.00003,-2.94817,-2.91482,-2.94817,-2.94817,-2.91537,-2.86764,-2.91537,-2.91482,-2.86764,-2.89813,-2.86764,-2.94817,-2.91537,-2.86764,-2.91537]
	PARPACK diagonalization completed after 30 matrix-vector product operations.
	iteration results: : total energy is -57.636643 | electron energy -57.741894 + phonon energy 0.105252 | electron momentum kIdx = 10
	Nq(0) = 9,	Nq(1) = 0.39623,	Nq(2) = 0.581383,	Nq(3) = 0.39623,	Nq(4) = 0.39623,	Nq(5) = 0.581804,	Nq(6) = 0.651632,	Nq(7) = 0.581804,	Nq(8) = 0.581383,	Nq(9) = 0.651632,	Nq(10) = 0.997654,	Nq(11) = 0.651632,	Nq(12) = 0.39623,	Nq(13) = 0.581804,	Nq(14) = 0.651632,	Nq(15) = 0.581804,	Sq(0) = -1.96054e-17,	Sq(1) = 0.338533,	Sq(2) = 0.356635,	Sq(3) = 0.338533,	Sq(4) = 0.338533,	Sq(5) = 0.356628,	Sq(6) = 0.561697,	Sq(7) = 0.356628,	Sq(8) = 0.356635,	Sq(9) = 0.561697,	Sq(10) = 0.580216,	Sq(11) = 0.561697,	Sq(12) = 0.338533,	Sq(13) = 0.356628,	Sq(14) = 0.561697,	Sq(15) = 0.356628,	N(0) = 1.9963,	N(1) = 1.98946,	N(2) = 0.338562,	N(3) = 1.98946,	N(4) = 1.98946,	N(5) = 0.337759,	N(6) = 0.00388224,	N(7) = 0.337759,	N(8) = 0.338562,	N(9) = 0.00388224,	N(10) = 0.00215187,	N(11) = 0.00388224,	N(12) = 1.98946,	N(13) = 0.337759,	N(14) = 0.00388224,	N(15) = 0.337759,	Delta[s](0) = 0.269193,	Delta[s](1) = 0.191955,	Delta[s](2) = 0.171379,	Delta[s](3) = 0.191955,	Delta[s](4) = 0.191955,	Delta[s](5) = 0.171353,	Delta[s](6) = 0.12722,	Delta[s](7) = 0.171353,	Delta[s](8) = 0.171379,	Delta[s](9) = 0.12722,	Delta[s](10) = 0.26548,	Delta[s](11) = 0.12722,	Delta[s](12) = 0.191955,	Delta[s](13) = 0.171353,	Delta[s](14) = 0.12722,	Delta[s](15) = 0.171353,	Delta[d](0) = 0.218885,	Delta[d](1) = 0.13854,	Delta[d](2) = 0.162656,	Delta[d](3) = 0.13854,	Delta[d](4) = 0.13854,	Delta[d](5) = 0.129957,	Delta[d](6) = 0.0949161,	Delta[d](7) = 0.129957,	Delta[d](8) = 0.162656,	Delta[d](9) = 0.0949161,	Delta[d](10) = 0.0415876,	Delta[d](11) = 0.0949161,	Delta[d](12) = 0.13854,	Delta[d](13) = 0.129957,	Delta[d](14) = 0.0949161,	Delta[d](15) = 0.129957,	Delta[s+](0) = 0.435468,	Delta[s+](1) = 0.304503,	Delta[s+](2) = 0.162656,	Delta[s+](3) = 0.304503,	Delta[s+](4) = 0.304503,	Delta[s+](5) = 0.162574,	Delta[s+](6) = 0.0519997,	Delta[s+](7) = 0.162574,	Delta[s+](8) = 0.162656,	Delta[s+](9) = 0.0519997,	Delta[s+](10) = 0.0172067,	Delta[s+](11) = 0.0519997,	Delta[s+](12) = 0.304503,	Delta[s+](13) = 0.162574,	Delta[s+](14) = 0.0519997,	Delta[s+](15) = 0.162574
The 12-th iteration is completed.	|| time cost : 0h 1m 23.639s
********************************************************************************************************************
********************************************************************************************************************
Ground state is obtained after 13 iterations. The current ground-state energy is -57.6366, in which electron energy is -57.7419 and phonon energy is 0.105252
final variational state is: 
	Gamma_x = [      1,1.02752,1.04992,1.02752,1.02752,1.04996,1.06699,1.04996,1.04992,1.06699,1.09402,1.06699,1.02752,1.04996,1.06699,1.04996]
	lambda_q = [0.547724,0.475702,0.455607,0.475702,0.475702,0.455736,0.432651,0.455736,0.455607,0.432651,0.446785,0.432651,0.475702,0.455736,0.432651,0.455736]
********************************************************************************************************************
o___o  ----------------------------------------
| L |	Time since last clock: 0h 0m 0s
A===A	Time since the beginning: 0h 9m 38.821s
***********************************************


********************************************************************************************************************
Warm up runs have been completed. Start calculating W = 5 phonon.
open output files: NGSEDIterationObs.txt
********************************************************************************************************************
Start the 0 rounds of NGS-ED iteration
	effective electronic model is modified as: kinetic energy t = 0.826719
	                                           effective interaction Vq = [-2.74266,-2.55333,-2.49124,-2.55333,-2.55333,-2.49165,-2.41538,-2.49165,-2.49124,-2.41538,-2.46271,-2.41538,-2.55333,-2.49165,-2.41538,-2.49165]
	PARPACK diagonalization completed after 45 matrix-vector product operations.
	iteration results: : total energy is -51.792021 | electron energy -51.844661 + phonon energy 0.052640 | electron momentum kIdx = 10
	Nq(0) = 9,	Nq(1) = 0.386019,	Nq(2) = 0.455581,	Nq(3) = 0.386019,	Nq(4) = 0.386019,	Nq(5) = 0.399038,	Nq(6) = 0.604694,	Nq(7) = 0.399038,	Nq(8) = 0.455581,	Nq(9) = 0.604694,	Nq(10) = 0.860244,	Nq(11) = 0.604694,	Nq(12) = 0.386019,	Nq(13) = 0.399038,	Nq(14) = 0.604694,	Nq(15) = 0.399038,	Sq(0) = -1.95442e-18,	Sq(1) = 0.379094,	Sq(2) = 0.377195,	Sq(3) = 0.379094,	Sq(4) = 0.379094,	Sq(5) = 0.565452,	Sq(6) = 0.627165,	Sq(7) = 0.565452,	Sq(8) = 0.377195,	Sq(9) = 0.627165,	Sq(10) = 0.628351,	Sq(11) = 0.627165,	Sq(12) = 0.379094,	Sq(13) = 0.565452,	Sq(14) = 0.627165,	Sq(15) = 0.565452,	N(0) = 1.99988,	N(1) = 1.99949,	N(2) = 0.682238,	N(3) = 1.99949,	N(4) = 1.99949,	N(5) = 0.15929,	N(6) = 0.000110347,	N(7) = 0.15929,	N(8) = 0.682238,	N(9) = 0.000110347,	N(10) = 9.2691e-05,	N(11) = 0.000110347,	N(12) = 1.99949,	N(13) = 0.15929,	N(14) = 0.000110347,	N(15) = 0.15929,	Delta[s](0) = 0.208537,	Delta[s](1) = 0.157355,	Delta[s](2) = 0.147644,	Delta[s](3) = 0.157355,	Delta[s](4) = 0.157355,	Delta[s](5) = 0.134381,	Delta[s](6) = 0.104162,	Delta[s](7) = 0.134381,	Delta[s](8) = 0.147644,	Delta[s](9) = 0.104162,	Delta[s](10) = 0.0777922,	Delta[s](11) = 0.104162,	Delta[s](12) = 0.157355,	Delta[s](13) = 0.134381,	Delta[s](14) = 0.104162,	Delta[s](15) = 0.134381,	Delta[d](0) = 0.235062,	Delta[d](1) = 0.181921,	Delta[d](2) = 0.212494,	Delta[d](3) = 0.181921,	Delta[d](4) = 0.181921,	Delta[d](5) = 0.138623,	Delta[d](6) = 0.137804,	Delta[d](7) = 0.138623,	Delta[d](8) = 0.212494,	Delta[d](9) = 0.137804,	Delta[d](10) = 0.0578212,	Delta[d](11) = 0.137804,	Delta[d](12) = 0.181921,	Delta[d](13) = 0.138623,	Delta[d](14) = 0.137804,	Delta[d](15) = 0.138623,	Delta[s+](0) = 0.47435,	Delta[s+](1) = 0.330672,	Delta[s+](2) = 0.212494,	Delta[s+](3) = 0.330672,	Delta[s+](4) = 0.330672,	Delta[s+](5) = 0.159368,	Delta[s+](6) = 0.0591248,	Delta[s+](7) = 0.159368,	Delta[s+](8) = 0.212494,	Delta[s+](9) = 0.0591248,	Delta[s+](10) = 0.0205278,	Delta[s+](11) = 0.0591248,	Delta[s+](12) = 0.330672,	Delta[s+](13) = 0.159368,	Delta[s+](14) = 0.0591248,	Delta[s+](15) = 0.159368
The 0-th iteration is completed.	|| time cost : 0h 1m 27.307s
********************************************************************************************************************
Start the 1 rounds of NGS-ED iteration
	effective electronic model is modified as: kinetic energy t = 0.807657
	                                           effective interaction Vq = [-2.90535,-2.71039,-2.59264,-2.71039,-2.71039,-2.55686,-2.53843,-2.55686,-2.59264,-2.53843,-2.58613,-2.53843,-2.71039,-2.55686,-2.53843,-2.55686]
	PARPACK diagonalization completed after 30 matrix-vector product operations.
	iteration results: : total energy is -53.601639 | electron energy -53.755795 + phonon energy 0.154157 | electron momentum kIdx = 10
The 1-th iteration is completed.	|| time cost : 0h 0m 9.018s
********************************************************************************************************************
Start the 2 rounds of NGS-ED iteration
	effective electronic model is modified as: kinetic energy t = 0.788925
	                                           effective interaction Vq = [ -2.9652,-2.78805,-2.70121,-2.78805,-2.78805,-2.65964, -2.6077,-2.65964,-2.70121, -2.6077, -2.6619, -2.6077,-2.78805,-2.65964, -2.6077,-2.65964]
	PARPACK diagonalization completed after 30 matrix-vector product operations.
	iteration results: : total energy is -54.327386 | electron energy -54.555912 + phonon energy 0.228526 | electron momentum kIdx = 10
The 2-th iteration is completed.	|| time cost : 0h 0m 9.11s
********************************************************************************************************************
Start the 3 rounds of NGS-ED iteration
	effective electronic model is modified as: kinetic energy t = 0.777516
	                                           effective interaction Vq = [-2.98721, -2.8273,-2.75228, -2.8273, -2.8273,-2.71859,-2.64611,-2.71859,-2.75228,-2.64611,-2.70685,-2.64611, -2.8273,-2.71859,-2.64611,-2.71859]
	PARPACK diagonalization completed after 30 matrix-vector product operations.
	iteration results: : total energy is -54.592019 | electron energy -54.870370 + phonon energy 0.278350 | electron momentum kIdx = 10
The 3-th iteration is completed.	|| time cost : 0h 0m 8.985s
********************************************************************************************************************
Start the 4 rounds of NGS-ED iteration
	effective electronic model is modified as: kinetic energy t = 0.770718
	                                           effective interaction Vq = [-2.99531,-2.84795,-2.77788,-2.84795,-2.84795,-2.75214,-2.66778,-2.75214,-2.77788,-2.66778, -2.7337,-2.66778,-2.84795,-2.75214,-2.66778,-2.75214]
	PARPACK diagonalization completed after 30 matrix-vector product operations.
	iteration results: : total energy is -54.688204 | electron energy -54.997952 + phonon energy 0.309748 | electron momentum kIdx = 10
The 4-th iteration is completed.	|| time cost : 0h 0m 9.12s
********************************************************************************************************************
Start the 5 rounds of NGS-ED iteration
	effective electronic model is modified as: kinetic energy t = 0.7667
	                                           effective interaction Vq = [-2.99829,-2.85913,-2.79094,-2.85913,-2.85913,-2.77159,-2.68016,-2.77159,-2.79094,-2.68016,-2.74991,-2.68016,-2.85913,-2.77159,-2.68016,-2.77159]
	PARPACK diagonalization completed after 30 matrix-vector product operations.
	iteration results: : total energy is -54.723153 | electron energy -55.052084 + phonon energy 0.328931 | electron momentum kIdx = 10
The 5-th iteration is completed.	|| time cost : 0h 0m 9.141s
********************************************************************************************************************
Start the 6 rounds of NGS-ED iteration
	effective electronic model is modified as: kinetic energy t = 0.764336
	                                           effective interaction Vq = [-2.99939,-2.86529,-2.79753,-2.86529,-2.86529,-2.78308,-2.68729,-2.78308,-2.79753,-2.68729,-2.75978,-2.68729,-2.86529,-2.78308,-2.68729,-2.78308]
	PARPACK diagonalization completed after 30 matrix-vector product operations.
	iteration results: : total energy is -54.735864 | electron energy -55.076324 + phonon energy 0.340459 | electron momentum kIdx = 10
The 6-th iteration is completed.	|| time cost : 0h 0m 9s
********************************************************************************************************************
Start the 7 rounds of NGS-ED iteration
	effective electronic model is modified as: kinetic energy t = 0.762948
	                                           effective interaction Vq = [-2.99979,-2.86871,-2.80074,-2.86871,-2.86871,-2.78997,-2.69142,-2.78997,-2.80074,-2.69142,-2.76583,-2.69142,-2.86871,-2.78997,-2.69142,-2.78997]
	PARPACK diagonalization completed after 30 matrix-vector product operations.
	iteration results: : total energy is -54.740497 | electron energy -55.087826 + phonon energy 0.347328 | electron momentum kIdx = 10
The 7-th iteration is completed.	|| time cost : 0h 0m 9.004s
********************************************************************************************************************
Start the 8 rounds of NGS-ED iteration
	effective electronic model is modified as: kinetic energy t = 0.762134
	                                           effective interaction Vq = [-2.99994,-2.87063,-2.80217,-2.87063,-2.87063,-2.79416,-2.69381,-2.79416,-2.80217,-2.69381,-2.76957,-2.69381,-2.87063,-2.79416,-2.69381,-2.79416]
	PARPACK diagonalization completed after 30 matrix-vector product operations.
	iteration results: : total energy is -54.742191 | electron energy -55.093594 + phonon energy 0.351403 | electron momentum kIdx = 10
The 8-th iteration is completed.	|| time cost : 0h 0m 8.985s
********************************************************************************************************************
Start the 9 rounds of NGS-ED iteration
	effective electronic model is modified as: kinetic energy t = 0.761657
	                                           effective interaction Vq = [-2.99999,-2.87171,-2.80269,-2.87171,-2.87171,-2.79673,-2.69521,-2.79673,-2.80269,-2.69521,-2.77188,-2.69521,-2.87171,-2.79673,-2.69521,-2.79673]
	PARPACK diagonalization completed after 30 matrix-vector product operations.
	iteration results: : total energy is -54.742814 | electron energy -55.096628 + phonon energy 0.353815 | electron momentum kIdx = 10
The 9-th iteration is completed.	|| time cost : 0h 0m 9.001s
********************************************************************************************************************
Start the 10 rounds of NGS-ED iteration
	effective electronic model is modified as: kinetic energy t = 0.761377
	                                           effective interaction Vq = [-3.00001,-2.87231,-2.80277,-2.87231,-2.87231,-2.79834,-2.69602,-2.79834,-2.80277,-2.69602,-2.77332,-2.69602,-2.87231,-2.79834,-2.69602,-2.79834]
	PARPACK diagonalization completed after 30 matrix-vector product operations.
	iteration results: : total energy is -54.743044 | electron energy -55.098285 + phonon energy 0.355242 | electron momentum kIdx = 10
	Nq(0) = 9,	Nq(1) = 0.40568,	Nq(2) = 0.5779,	Nq(3) = 0.40568,	Nq(4) = 0.40568,	Nq(5) = 0.573968,	Nq(6) = 0.623331,	Nq(7) = 0.573968,	Nq(8) = 0.5779,	Nq(9) = 0.623331,	Nq(10) = 0.96143,	Nq(11) = 0.623331,	Nq(12) = 0.40568,	Nq(13) = 0.573968,	Nq(14) = 0.623331,	Nq(15) = 0.573968,	Sq(0) = 1.97497e-17,	Sq(1) = 0.347907,	Sq(2) = 0.362549,	Sq(3) = 0.347907,	Sq(4) = 0.347907,	Sq(5) = 0.362616,	Sq(6) = 0.577764,	Sq(7) = 0.362616,	Sq(8) = 0.362549,	Sq(9) = 0.577764,	Sq(10) = 0.592608,	Sq(11) = 0.577764,	Sq(12) = 0.347907,	Sq(13) = 0.362616,	Sq(14) = 0.577764,	Sq(15) = 0.362616,	N(0) = 1.9981,	N(1) = 1.99304,	N(2) = 0.331003,	N(3) = 1.99304,	N(4) = 1.99304,	N(5) = 0.339314,	N(6) = 0.00239117,	N(7) = 0.339314,	N(8) = 0.331003,	N(9) = 0.00239117,	N(10) = 0.000898503,	N(11) = 0.00239117,	N(12) = 1.99304,	N(13) = 0.339314,	N(14) = 0.00239117,	N(15) = 0.339314,	Delta[s](0) = 0.233163,	Delta[s](1) = 0.183289,	Delta[s](2) = 0.168312,	Delta[s](3) = 0.183289,	Delta[s](4) = 0.183289,	Delta[s](5) = 0.168477,	Delta[s](6) = 0.13869,	Delta[s](7) = 0.168477,	Delta[s](8) = 0.168312,	Delta[s](9) = 0.13869,	Delta[s](10) = 0.232964,	Delta[s](11) = 0.13869,	Delta[s](12) = 0.183289,	Delta[s](13) = 0.168477,	Delta[s](14) = 0.13869,	Delta[s](15) = 0.168477,	Delta[d](0) = 0.226106,	Delta[d](1) = 0.153558,	Delta[d](2) = 0.178582,	Delta[d](3) = 0.153558,	Delta[d](4) = 0.153558,	Delta[d](5) = 0.143576,	Delta[d](6) = 0.112171,	Delta[d](7) = 0.143576,	Delta[d](8) = 0.178582,	Delta[d](9) = 0.112171,	Delta[d](10) = 0.0610223,	Delta[d](11) = 0.112171,	Delta[d](12) = 0.153558,	Delta[d](13) = 0.143576,	Delta[d](14) = 0.112171,	Delta[d](15) = 0.143576,	Delta[s+](0) = 0.459235,	Delta[s+](1) = 0.322938,	Delta[s+](2) = 0.178582,	Delta[s+](3) = 0.322938,	Delta[s+](4) = 0.322938,	Delta[s+](5) = 0.179394,	Delta[s+](6) = 0.0668758,	Delta[s+](7) = 0.179394,	Delta[s+](8) = 0.178582,	Delta[s+](9) = 0.0668758,	Delta[s+](10) = 0.0265766,	Delta[s+](11) = 0.0668758,	Delta[s+](12) = 0.322938,	Delta[s+](13) = 0.179394,	Delta[s+](14) = 0.0668758,	Delta[s+](15) = 0.179394
The 10-th iteration is completed.	|| time cost : 0h 1m 25.607s
********************************************************************************************************************
Start the 11 rounds of NGS-ED iteration
	effective electronic model is modified as: kinetic energy t = 0.761213
	                                           effective interaction Vq = [-3.00002,-2.87265,-2.80265,-2.87265,-2.87265,-2.79936,-2.69649,-2.79936,-2.80265,-2.69649,-2.77422,-2.69649,-2.87265,-2.79936,-2.69649,-2.79936]
	PARPACK diagonalization completed after 30 matrix-vector product operations.
	iteration results: : total energy is -54.743129 | electron energy -55.099215 + phonon energy 0.356086 | electron momentum kIdx = 10
The 11-th iteration is completed.	|| time cost : 0h 0m 8.998s
********************************************************************************************************************
Start the 12 rounds of NGS-ED iteration
	effective electronic model is modified as: kinetic energy t = 0.761116
	                                           effective interaction Vq = [-3.00002,-2.87284,-2.80246,-2.87284,-2.87284,-2.80001,-2.69677,-2.80001,-2.80246,-2.69677,-2.77478,-2.69677,-2.87284,-2.80001,-2.69677,-2.80001]
	PARPACK diagonalization completed after 30 matrix-vector product operations.
	iteration results: : total energy is -54.743162 | electron energy -55.099747 + phonon energy 0.356585 | electron momentum kIdx = 10
The 12-th iteration is completed.	|| time cost : 0h 0m 9.112s
********************************************************************************************************************
Start the 13 rounds of NGS-ED iteration
	effective electronic model is modified as: kinetic energy t = 0.76106
	                                           effective interaction Vq = [-3.00003,-2.87295,-2.80226,-2.87295,-2.87295,-2.80044,-2.69693,-2.80044,-2.80226,-2.69693,-2.77513,-2.69693,-2.87295,-2.80044,-2.69693,-2.80044]
	PARPACK diagonalization completed after 30 matrix-vector product operations.
	iteration results: : total energy is -54.743174 | electron energy -55.100055 + phonon energy 0.356881 | electron momentum kIdx = 10
The 13-th iteration is completed.	|| time cost : 0h 0m 9.117s
********************************************************************************************************************
Start the 14 rounds of NGS-ED iteration
	effective electronic model is modified as: kinetic energy t = 0.761027
	                                           effective interaction Vq = [-3.00003,-2.87301,-2.80207,-2.87301,-2.87301,-2.80072,-2.69702,-2.80072,-2.80207,-2.69702,-2.77535,-2.69702,-2.87301,-2.80072,-2.69702,-2.80072]
	PARPACK diagonalization completed after 30 matrix-vector product operations.
	iteration results: : total energy is -54.743179 | electron energy -55.100236 + phonon energy 0.357057 | electron momentum kIdx = 10
The 14-th iteration is completed.	|| time cost : 0h 0m 8.991s
********************************************************************************************************************
Start the 15 rounds of NGS-ED iteration
	effective electronic model is modified as: kinetic energy t = 0.761007
	                                           effective interaction Vq = [-3.00003,-2.87304,-2.80191,-2.87304,-2.87304,-2.80091,-2.69707,-2.80091,-2.80191,-2.69707,-2.77549,-2.69707,-2.87304,-2.80091,-2.69707,-2.80091]
	PARPACK diagonalization completed after 30 matrix-vector product operations.
	iteration results: : total energy is -54.743181 | electron energy -55.100342 + phonon energy 0.357161 | electron momentum kIdx = 10
The 15-th iteration is completed.	|| time cost : 0h 0m 8.985s
********************************************************************************************************************
Start the 16 rounds of NGS-ED iteration
	effective electronic model is modified as: kinetic energy t = 0.760996
	                                           effective interaction Vq = [-3.00003,-2.87306,-2.80178,-2.87306,-2.87306,-2.80103,-2.69711,-2.80103,-2.80178,-2.69711,-2.77557,-2.69711,-2.87306,-2.80103,-2.69711,-2.80103]
	PARPACK diagonalization completed after 30 matrix-vector product operations.
	iteration results: : total energy is -54.743182 | electron energy -55.100405 + phonon energy 0.357223 | electron momentum kIdx = 10
The 16-th iteration is completed.	|| time cost : 0h 0m 8.986s
********************************************************************************************************************
Start the 17 rounds of NGS-ED iteration
	effective electronic model is modified as: kinetic energy t = 0.760989
	                                           effective interaction Vq = [-3.00003,-2.87307,-2.80168,-2.87307,-2.87307,-2.80112,-2.69712,-2.80112,-2.80168,-2.69712,-2.77563,-2.69712,-2.87307,-2.80112,-2.69712,-2.80112]
	PARPACK diagonalization completed after 30 matrix-vector product operations.
	iteration results: : total energy is -54.743182 | electron energy -55.100442 + phonon energy 0.357260 | electron momentum kIdx = 10
The 17-th iteration is completed.	|| time cost : 0h 0m 9.156s
********************************************************************************************************************
Start the 18 rounds of NGS-ED iteration
	effective electronic model is modified as: kinetic energy t = 0.760985
	                                           effective interaction Vq = [-3.00003,-2.87307, -2.8016,-2.87307,-2.87307,-2.80118,-2.69713,-2.80118, -2.8016,-2.69713,-2.77566,-2.69713,-2.87307,-2.80118,-2.69713,-2.80118]
	PARPACK diagonalization completed after 30 matrix-vector product operations.
	iteration results: : total energy is -54.743182 | electron energy -55.100465 + phonon energy 0.357282 | electron momentum kIdx = 10
The 18-th iteration is completed.	|| time cost : 0h 0m 9.033s
********************************************************************************************************************
Start the 19 rounds of NGS-ED iteration
	effective electronic model is modified as: kinetic energy t = 0.760982
	                                           effective interaction Vq = [-3.00003,-2.87308,-2.80153,-2.87308,-2.87308,-2.80123,-2.69714,-2.80123,-2.80153,-2.69714,-2.77568,-2.69714,-2.87308,-2.80123,-2.69714,-2.80123]
	PARPACK diagonalization completed after 30 matrix-vector product operations.
	iteration results: : total energy is -54.743182 | electron energy -55.100478 + phonon energy 0.357296 | electron momentum kIdx = 10
The 19-th iteration is completed.	|| time cost : 0h 0m 9.114s
********************************************************************************************************************
Start the 20 rounds of NGS-ED iteration
	effective electronic model is modified as: kinetic energy t = 0.760981
	                                           effective interaction Vq = [-3.00003,-2.87308,-2.80149,-2.87308,-2.87308,-2.80126,-2.69714,-2.80126,-2.80149,-2.69714, -2.7757,-2.69714,-2.87308,-2.80126,-2.69714,-2.80126]
	PARPACK diagonalization completed after 30 matrix-vector product operations.
	iteration results: : total energy is -54.743182 | electron energy -55.100486 + phonon energy 0.357304 | electron momentum kIdx = 10
