TACC:  Starting up job 1744377 
TACC:  Starting parallel tasks... 
SNEDics v3.4 Non-Gaussian ED ground state program		Start at Sun Oct 11 00:48:45 2020

parallized on 16 MPI threads  * 7 OpenMP threads = 112 total threads.
********************************************************************************************************************
********************************************************************************************************************

********************************************************************************************************************
System parameters and configurations
********************************************************************************************************************
Special program options are enabled: splitted diagonal Hamiltonian
********************************************************************************************************************
Read input file "model_params.in"
	Hubbard-Holstein model parameters : 	t = 1    U = 8    g = 0.07    W = 0.2    g' = 0.03    
********************************************************************************************************************
Read input file "hilbertspace_params.in"
	Requested 16-site 2D lattice, with 14 electrons (7, 7)
	Boundary : Periodic		Hilbert space representation : momentum-space (restricted to kIdx = 0)
	Conservation: particle number[U(1)]      spin[U(1)]     momentum
********************************************************************************************************************

Cluster Positions:				Cluster symmetry group : D4
 x ... x ... x ... x .....                       x ... x ... x ... x .....
 |           |           :                       |           |           :
 |           |           :                       |           |           :
12    13    14    15     x                       1     5     6     5     x
 |           |           :                       |           |           :
 |           |           :                       |           |           :
 8 --- 9 ---10 ---11 --- x                       2 --- 6 ---10 --- 6 --- x
 |           |           :                       |           |           :
 |           |           :                       |           |           :
 4     5     6     7     x                       1     5     6     5     x
 |           |           :                       |           |           :
 |           |           :                       |           |           :
 0 --- 1 --- 2 --- 3 --- x                       0 --- 1 --- 2 --- 1 --- x
orbital number : 1
********************************************************************************************************************
Read input file "obs_params.in"
	Observable Type : Nq(All),   Sq(All),   N(All),   Delta[s](All),   Delta[d](All),   Delta[s+](All)
********************************************************************************************************************
** WARNING ** the input observables have non-local factors which have been reinterpreted. The total observable number is 96
********************************************************************************************************************


********************************************************************************************************************
Start calculating the non-Gaussian ED ground state
** WARNING ** Detected low phonon energy W < 10. The initial state will be prepared through a warm-up process.
********************************************************************************************************************
Start warm-up calculation for scaling factor 64
open output files: NGSEDWarmUpW12.8Obs.txt
********************************************************************************************************************
Start the 0 rounds of NGS-ED iteration
	effective electronic model is modified as: kinetic energy t = 1
	                                           effective interaction Vq = [0,0,0,0,0,0,0,0,0,0,0,0,0,0,0,0]
	first Hamiltonian is constructed, non-zero numbers = 2178478298
	PARPACK diagonalization completed after 165 matrix-vector product operations.
	iteration results: : total energy is -11.868836 | electron energy -11.868836 + phonon energy 0.000000 | electron momentum kIdx = 0
	Nq(0) = 12.25,	Nq(1) = 0.154193,	Nq(2) = 0.185311,	Nq(3) = 0.154193,	Nq(4) = 0.154193,	Nq(5) = 0.203281,	Nq(6) = 0.235634,	Nq(7) = 0.203281,	Nq(8) = 0.185311,	Nq(9) = 0.235634,	Nq(10) = 0.275446,	Nq(11) = 0.235634,	Nq(12) = 0.154193,	Nq(13) = 0.203281,	Nq(14) = 0.235634,	Nq(15) = 0.203281,	Sq(0) = 1.11096e-18,	Sq(1) = 0.474292,	Sq(2) = 0.766364,	Sq(3) = 0.474292,	Sq(4) = 0.474292,	Sq(5) = 0.630724,	Sq(6) = 1.05279,	Sq(7) = 0.630724,	Sq(8) = 0.766364,	Sq(9) = 1.05279,	Sq(10) = 2.56755,	Sq(11) = 1.05279,	Sq(12) = 0.474292,	Sq(13) = 0.630724,	Sq(14) = 1.05279,	Sq(15) = 0.630724,	N(0) = 1.75464,	N(1) = 1.59086,	N(2) = 0.323321,	N(3) = 1.59086,	N(4) = 1.59086,	N(5) = 0.999881,	N(6) = 0.267546,	N(7) = 0.999881,	N(8) = 0.323321,	N(9) = 0.267546,	N(10) = 0.165565,	N(11) = 0.267546,	N(12) = 1.59086,	N(13) = 0.999881,	N(14) = 0.267546,	N(15) = 0.999881,	Delta[s](0) = 0.0793057,	Delta[s](1) = 0.0592447,	Delta[s](2) = 0.0354052,	Delta[s](3) = 0.0592447,	Delta[s](4) = 0.0592447,	Delta[s](5) = 0.0422987,	Delta[s](6) = 0.0194657,	Delta[s](7) = 0.0422987,	Delta[s](8) = 0.0354052,	Delta[s](9) = 0.0194657,	Delta[s](10) = 9.77293e-05,	Delta[s](11) = 0.0194657,	Delta[s](12) = 0.0592447,	Delta[s](13) = 0.0422987,	Delta[s](14) = 0.0194657,	Delta[s](15) = 0.0422987,	Delta[d](0) = 0.27678,	Delta[d](1) = 0.190281,	Delta[d](2) = 0.200114,	Delta[d](3) = 0.190281,	Delta[d](4) = 0.190281,	Delta[d](5) = 0.176983,	Delta[d](6) = 0.132749,	Delta[d](7) = 0.176983,	Delta[d](8) = 0.200114,	Delta[d](9) = 0.132749,	Delta[d](10) = 0.0535266,	Delta[d](11) = 0.132749,	Delta[d](12) = 0.190281,	Delta[d](13) = 0.176983,	Delta[d](14) = 0.132749,	Delta[d](15) = 0.176983,	Delta[s+](0) = 0.56137,	Delta[s+](1) = 0.417985,	Delta[s+](2) = 0.200114,	Delta[s+](3) = 0.417985,	Delta[s+](4) = 0.417985,	Delta[s+](5) = 0.292113,	Delta[s+](6) = 0.126386,	Delta[s+](7) = 0.292113,	Delta[s+](8) = 0.200114,	Delta[s+](9) = 0.126386,	Delta[s+](10) = 0.0382693,	Delta[s+](11) = 0.126386,	Delta[s+](12) = 0.417985,	Delta[s+](13) = 0.292113,	Delta[s+](14) = 0.126386,	Delta[s+](15) = 0.292113
The 0-th iteration is completed.	|| time cost : 0h 6m 30.118s
********************************************************************************************************************
Start the 1 rounds of NGS-ED iteration
	effective electronic model is modified as: kinetic energy t = 0.999379
	                                           effective interaction Vq = [   -0.166546,  -0.0731201,  -0.0202371,  -0.0731201,  -0.0731201,  -0.0204502,-0.000404201,  -0.0204502,  -0.0202371,-0.000404201, -0.00990412,-0.000404201,  -0.0731201,  -0.0204502,-0.000404201,  -0.0204502]
	PARPACK diagonalization completed after 60 matrix-vector product operations.
	iteration results: : total energy is -13.971004 | electron energy -13.971004 + phonon energy 0.000000 | electron momentum kIdx = 0
The 1-th iteration is completed.	|| time cost : 0h 5m 18.24s
********************************************************************************************************************
Start the 2 rounds of NGS-ED iteration
	effective electronic model is modified as: kinetic energy t = 0.999136
	                                           effective interaction Vq = [   -0.179421,  -0.0795713,  -0.0219047,  -0.0795713,  -0.0795713,  -0.0221691,-0.000435889,  -0.0221691,  -0.0219047,-0.000435889,  -0.0106436,-0.000435889,  -0.0795713,  -0.0221691,-0.000435889,  -0.0221691]
	PARPACK diagonalization completed after 45 matrix-vector product operations.
	iteration results: : total energy is -14.130852 | electron energy -14.130854 + phonon energy 0.000001 | electron momentum kIdx = 0
The 2-th iteration is completed.	|| time cost : 0h 0m 24.444s
********************************************************************************************************************
Start the 3 rounds of NGS-ED iteration
	effective electronic model is modified as: kinetic energy t = 0.999087
	                                           effective interaction Vq = [   -0.180417,  -0.0805337,  -0.0221296,  -0.0805337,  -0.0805337,  -0.0224078,-0.000439866,  -0.0224078,  -0.0221296,-0.000439866,  -0.0107301,-0.000439866,  -0.0805337,  -0.0224078,-0.000439866,  -0.0224078]
	PARPACK diagonalization completed after 45 matrix-vector product operations.
	iteration results: : total energy is -14.143121 | electron energy -14.143123 + phonon energy 0.000002 | electron momentum kIdx = 0
The 3-th iteration is completed.	|| time cost : 0h 0m 24.429s
********************************************************************************************************************
Start the 4 rounds of NGS-ED iteration
	effective electronic model is modified as: kinetic energy t = 0.999078
	                                           effective interaction Vq = [   -0.180494,  -0.0807119,   -0.022164,  -0.0807119,  -0.0807119,  -0.0224461,-0.000440419,  -0.0224461,   -0.022164,-0.000440419,  -0.0107412,-0.000440419,  -0.0807119,  -0.0224461,-0.000440419,  -0.0224461]
	PARPACK diagonalization completed after 30 matrix-vector product operations.
	iteration results: : total energy is -14.144066 | electron energy -14.144068 + phonon energy 0.000002 | electron momentum kIdx = 0
The 4-th iteration is completed.	|| time cost : 0h 0m 21.642s
********************************************************************************************************************
Start the 5 rounds of NGS-ED iteration
	effective electronic model is modified as: kinetic energy t = 0.999076
	                                           effective interaction Vq = [     -0.1805,  -0.0807467,  -0.0221694,  -0.0807467,  -0.0807467,  -0.0224524,-0.000440497,  -0.0224524,  -0.0221694,-0.000440497,  -0.0107426,-0.000440497,  -0.0807467,  -0.0224524,-0.000440497,  -0.0224524]
	PARPACK diagonalization completed after 30 matrix-vector product operations.
	iteration results: : total energy is -14.144139 | electron energy -14.144141 + phonon energy 0.000002 | electron momentum kIdx = 0
	Nq(0) = 12.25,	Nq(1) = 0.155242,	Nq(2) = 0.18573,	Nq(3) = 0.155242,	Nq(4) = 0.155242,	Nq(5) = 0.203709,	Nq(6) = 0.235918,	Nq(7) = 0.203709,	Nq(8) = 0.18573,	Nq(9) = 0.235918,	Nq(10) = 0.276102,	Nq(11) = 0.235918,	Nq(12) = 0.155242,	Nq(13) = 0.203709,	Nq(14) = 0.235918,	Nq(15) = 0.203709,	Sq(0) = 2.34419e-18,	Sq(1) = 0.473533,	Sq(2) = 0.765592,	Sq(3) = 0.473533,	Sq(4) = 0.473533,	Sq(5) = 0.630222,	Sq(6) = 1.05255,	Sq(7) = 0.630222,	Sq(8) = 0.765592,	Sq(9) = 1.05255,	Sq(10) = 2.56654,	Sq(11) = 1.05255,	Sq(12) = 0.473533,	Sq(13) = 0.630222,	Sq(14) = 1.05255,	Sq(15) = 0.630222,	N(0) = 1.75601,	N(1) = 1.59294,	N(2) = 0.321766,	N(3) = 1.59294,	N(4) = 1.59294,	N(5) = 0.999593,	N(6) = 0.266314,	N(7) = 0.999593,	N(8) = 0.321766,	N(9) = 0.266314,	N(10) = 0.165062,	N(11) = 0.266314,	N(12) = 1.59294,	N(13) = 0.999593,	N(14) = 0.266314,	N(15) = 0.999593,	Delta[s](0) = 0.0797627,	Delta[s](1) = 0.0596094,	Delta[s](2) = 0.0356316,	Delta[s](3) = 0.0596094,	Delta[s](4) = 0.0596094,	Delta[s](5) = 0.0426003,	Delta[s](6) = 0.0196272,	Delta[s](7) = 0.0426003,	Delta[s](8) = 0.0356316,	Delta[s](9) = 0.0196272,	Delta[s](10) = 0.000146962,	Delta[s](11) = 0.0196272,	Delta[s](12) = 0.0596094,	Delta[s](13) = 0.0426003,	Delta[s](14) = 0.0196272,	Delta[s](15) = 0.0426003,	Delta[d](0) = 0.278987,	Delta[d](1) = 0.190655,	Delta[d](2) = 0.2005,	Delta[d](3) = 0.190655,	Delta[d](4) = 0.190655,	Delta[d](5) = 0.177313,	Delta[d](6) = 0.132847,	Delta[d](7) = 0.177313,	Delta[d](8) = 0.2005,	Delta[d](9) = 0.132847,	Delta[d](10) = 0.0536479,	Delta[d](11) = 0.132847,	Delta[d](12) = 0.190655,	Delta[d](13) = 0.177313,	Delta[d](14) = 0.132847,	Delta[d](15) = 0.177313,	Delta[s+](0) = 0.5631,	Delta[s+](1) = 0.419217,	Delta[s+](2) = 0.2005,	Delta[s+](3) = 0.419217,	Delta[s+](4) = 0.419217,	Delta[s+](5) = 0.29283,	Delta[s+](6) = 0.126535,	Delta[s+](7) = 0.29283,	Delta[s+](8) = 0.2005,	Delta[s+](9) = 0.126535,	Delta[s+](10) = 0.0382566,	Delta[s+](11) = 0.126535,	Delta[s+](12) = 0.419217,	Delta[s+](13) = 0.29283,	Delta[s+](14) = 0.126535,	Delta[s+](15) = 0.29283
The 5-th iteration is completed.	|| time cost : 0h 4m 4.207s
********************************************************************************************************************
********************************************************************************************************************
Ground state is obtained after 6 iterations. The current ground-state energy is -14.1441, in which electron energy is -14.1441 and phonon energy is 2.00691e-06
final variational state is: 
	Gamma_x = [      1,1.00034,1.00015,1.00034,1.00034,1.00016,      1,1.00016,1.00015,      1,1.00013,      1,1.00034,1.00016,      1,1.00016]
	lambda_q = [  0.118695, 0.0641419, 0.0302588, 0.0641419, 0.0641419, 0.0311053,0.00409412, 0.0311053, 0.0302588,0.00409412,-0.0195332,0.00409412, 0.0641419, 0.0311053,0.00409412, 0.0311053]
The effective e-e interactions mediated by phonons are: [     0.1805,  0.0807536,  0.0221702,  0.0807536,  0.0807536,  0.0224534,0.000440508,  0.0224534,  0.0221702,0.000440508,  0.0107428,0.000440508,  0.0807536,  0.0224534,0.000440508,  0.0224534]
The real-space interactions mediated by phonons are: [ -0.650173, -0.271344, -0.041163, -0.106784, -0.330383, -0.193714, -0.041163,-0.0614761,  -0.14577,-0.0614761, -0.041163, -0.193714, -0.330383, -0.106784, -0.041163, -0.271344]
********************************************************************************************************************
o___o  ----------------------------------------
| L |	Time since last clock: 0h 0m 0s
A===A	Time since the beginning: 0h 17m 3.083s
***********************************************

********************************************************************************************************************
Start warm-up calculation for scaling factor 32
open output files: NGSEDWarmUpW6.4Obs.txt
********************************************************************************************************************
Start the 0 rounds of NGS-ED iteration
	effective electronic model is modified as: kinetic energy t = 0.999076
	                                           effective interaction Vq = [   -0.164981,   -0.068008,  -0.0181039,   -0.068008,   -0.068008,  -0.0184419,-0.000355921,  -0.0184419,  -0.0181039,-0.000355921, -0.00860775,-0.000355921,   -0.068008,  -0.0184419,-0.000355921,  -0.0184419]
	PARPACK diagonalization completed after 45 matrix-vector product operations.
	iteration results: : total energy is -13.940681 | electron energy -13.940682 + phonon energy 0.000001 | electron momentum kIdx = 0
	Nq(0) = 12.25,	Nq(1) = 0.155066,	Nq(2) = 0.185634,	Nq(3) = 0.155066,	Nq(4) = 0.155066,	Nq(5) = 0.203607,	Nq(6) = 0.235841,	Nq(7) = 0.203607,	Nq(8) = 0.185634,	Nq(9) = 0.235841,	Nq(10) = 0.275951,	Nq(11) = 0.235841,	Nq(12) = 0.155066,	Nq(13) = 0.203607,	Nq(14) = 0.235841,	Nq(15) = 0.203607,	Sq(0) = -8.52102e-21,	Sq(1) = 0.473646,	Sq(2) = 0.765744,	Sq(3) = 0.473646,	Sq(4) = 0.473646,	Sq(5) = 0.630316,	Sq(6) = 1.05267,	Sq(7) = 0.630316,	Sq(8) = 0.765744,	Sq(9) = 1.05267,	Sq(10) = 2.56672,	Sq(11) = 1.05267,	Sq(12) = 0.473646,	Sq(13) = 0.630316,	Sq(14) = 1.05267,	Sq(15) = 0.630316,	N(0) = 1.75572,	N(1) = 1.59252,	N(2) = 0.322102,	N(3) = 1.59252,	N(4) = 1.59252,	N(5) = 0.999637,	N(6) = 0.266563,	N(7) = 0.999637,	N(8) = 0.322102,	N(9) = 0.266563,	N(10) = 0.165188,	N(11) = 0.266563,	N(12) = 1.59252,	N(13) = 0.999637,	N(14) = 0.266563,	N(15) = 0.999637,	Delta[s](0) = 0.0796331,	Delta[s](1) = 0.0595172,	Delta[s](2) = 0.0355903,	Delta[s](3) = 0.0595172,	Delta[s](4) = 0.0595172,	Delta[s](5) = 0.0425339,	Delta[s](6) = 0.0196119,	Delta[s](7) = 0.0425339,	Delta[s](8) = 0.0355903,	Delta[s](9) = 0.0196119,	Delta[s](10) = 0.000172182,	Delta[s](11) = 0.0196119,	Delta[s](12) = 0.0595172,	Delta[s](13) = 0.0425339,	Delta[s](14) = 0.0196119,	Delta[s](15) = 0.0425339,	Delta[d](0) = 0.279238,	Delta[d](1) = 0.191113,	Delta[d](2) = 0.200934,	Delta[d](3) = 0.191113,	Delta[d](4) = 0.191113,	Delta[d](5) = 0.177721,	Delta[d](6) = 0.133189,	Delta[d](7) = 0.177721,	Delta[d](8) = 0.200934,	Delta[d](9) = 0.133189,	Delta[d](10) = 0.053793,	Delta[d](11) = 0.133189,	Delta[d](12) = 0.191113,	Delta[d](13) = 0.177721,	Delta[d](14) = 0.133189,	Delta[d](15) = 0.177721,	Delta[s+](0) = 0.564066,	Delta[s+](1) = 0.419954,	Delta[s+](2) = 0.200934,	Delta[s+](3) = 0.419954,	Delta[s+](4) = 0.419954,	Delta[s+](5) = 0.293386,	Delta[s+](6) = 0.126841,	Delta[s+](7) = 0.293386,	Delta[s+](8) = 0.200934,	Delta[s+](9) = 0.126841,	Delta[s+](10) = 0.038386,	Delta[s+](11) = 0.126841,	Delta[s+](12) = 0.419954,	Delta[s+](13) = 0.293386,	Delta[s+](14) = 0.126841,	Delta[s+](15) = 0.293386
The 0-th iteration is completed.	|| time cost : 0h 4m 1.666s
********************************************************************************************************************
Start the 1 rounds of NGS-ED iteration
	effective electronic model is modified as: kinetic energy t = 0.998913
	                                           effective interaction Vq = [   -0.176185,  -0.0721004,   -0.018781,  -0.0721004,  -0.0721004,   -0.019232,-0.000365155,   -0.019232,   -0.018781,-0.000365155, -0.00873981,-0.000365155,  -0.0721004,   -0.019232,-0.000365155,   -0.019232]
	PARPACK diagonalization completed after 45 matrix-vector product operations.
	iteration results: : total energy is -14.078646 | electron energy -14.078650 + phonon energy 0.000004 | electron momentum kIdx = 0
The 1-th iteration is completed.	|| time cost : 0h 0m 24.433s
********************************************************************************************************************
Start the 2 rounds of NGS-ED iteration
	effective electronic model is modified as: kinetic energy t = 0.998852
	                                           effective interaction Vq = [     -0.1793,  -0.0734883,   -0.018976,  -0.0734883,  -0.0734883,  -0.0194687,-0.000367587,  -0.0194687,   -0.018976,-0.000367587, -0.00877203,-0.000367587,  -0.0734883,  -0.0194687,-0.000367587,  -0.0194687]
	PARPACK diagonalization completed after 45 matrix-vector product operations.
	iteration results: : total energy is -14.116904 | electron energy -14.116909 + phonon energy 0.000005 | electron momentum kIdx = 0
The 2-th iteration is completed.	|| time cost : 0h 0m 24.415s
********************************************************************************************************************
Start the 3 rounds of NGS-ED iteration
	effective electronic model is modified as: kinetic energy t = 0.99883
	                                           effective interaction Vq = [   -0.180166,  -0.0739889,  -0.0190336,  -0.0739889,  -0.0739889,  -0.0195419,-0.000368238,  -0.0195419,  -0.0190336,-0.000368238, -0.00877997,-0.000368238,  -0.0739889,  -0.0195419,-0.000368238,  -0.0195419]
	PARPACK diagonalization completed after 45 matrix-vector product operations.
	iteration results: : total energy is -14.127527 | electron energy -14.127533 + phonon energy 0.000006 | electron momentum kIdx = 0
The 3-th iteration is completed.	|| time cost : 0h 0m 24.443s
********************************************************************************************************************
Start the 4 rounds of NGS-ED iteration
	effective electronic model is modified as: kinetic energy t = 0.998822
	                                           effective interaction Vq = [   -0.180407,  -0.0741742,  -0.0190508,  -0.0741742,  -0.0741742,  -0.0195648,-0.000368413,  -0.0195648,  -0.0190508,-0.000368413, -0.00878194,-0.000368413,  -0.0741742,  -0.0195648,-0.000368413,  -0.0195648]
	PARPACK diagonalization completed after 30 matrix-vector product operations.
	iteration results: : total energy is -14.130479 | electron energy -14.130486 + phonon energy 0.000007 | electron momentum kIdx = 0
The 4-th iteration is completed.	|| time cost : 0h 0m 21.674s
********************************************************************************************************************
Start the 5 rounds of NGS-ED iteration
	effective electronic model is modified as: kinetic energy t = 0.998819
	                                           effective interaction Vq = [  -0.180474, -0.0742434, -0.0190559, -0.0742434, -0.0742434,  -0.019572,-0.00036846,  -0.019572, -0.0190559,-0.00036846,-0.00878243,-0.00036846, -0.0742434,  -0.019572,-0.00036846,  -0.019572]
	PARPACK diagonalization completed after 30 matrix-vector product operations.
	iteration results: : total energy is -14.131299 | electron energy -14.131306 + phonon energy 0.000007 | electron momentum kIdx = 0
The 5-th iteration is completed.	|| time cost : 0h 0m 21.638s
********************************************************************************************************************
Start the 6 rounds of NGS-ED iteration
	effective electronic model is modified as: kinetic energy t = 0.998817
	                                           effective interaction Vq = [   -0.180493,  -0.0742694,  -0.0190575,  -0.0742694,  -0.0742694,  -0.0195742,-0.000368473,  -0.0195742,  -0.0190575,-0.000368473, -0.00878256,-0.000368473,  -0.0742694,  -0.0195742,-0.000368473,  -0.0195742]
	PARPACK diagonalization completed after 30 matrix-vector product operations.
	iteration results: : total energy is -14.131527 | electron energy -14.131534 + phonon energy 0.000007 | electron momentum kIdx = 0
	Nq(0) = 12.25,	Nq(1) = 0.155135,	Nq(2) = 0.18563,	Nq(3) = 0.155135,	Nq(4) = 0.155135,	Nq(5) = 0.203596,	Nq(6) = 0.235822,	Nq(7) = 0.203596,	Nq(8) = 0.18563,	Nq(9) = 0.235822,	Nq(10) = 0.275941,	Nq(11) = 0.235822,	Nq(12) = 0.155135,	Nq(13) = 0.203596,	Nq(14) = 0.235822,	Nq(15) = 0.203596,	Sq(0) = 1.02602e-17,	Sq(1) = 0.473579,	Sq(2) = 0.765721,	Sq(3) = 0.473579,	Sq(4) = 0.473579,	Sq(5) = 0.630296,	Sq(6) = 1.05274,	Sq(7) = 0.630296,	Sq(8) = 0.765721,	Sq(9) = 1.05274,	Sq(10) = 2.56667,	Sq(11) = 1.05274,	Sq(12) = 0.473579,	Sq(13) = 0.630296,	Sq(14) = 1.05274,	Sq(15) = 0.630296,	N(0) = 1.75574,	N(1) = 1.59257,	N(2) = 0.322096,	N(3) = 1.59257,	N(4) = 1.59257,	N(5) = 0.999611,	N(6) = 0.266538,	N(7) = 0.999611,	N(8) = 0.322096,	N(9) = 0.266538,	N(10) = 0.165209,	N(11) = 0.266538,	N(12) = 1.59257,	N(13) = 0.999611,	N(14) = 0.266538,	N(15) = 0.999611,	Delta[s](0) = 0.0796266,	Delta[s](1) = 0.0595165,	Delta[s](2) = 0.0355953,	Delta[s](3) = 0.0595165,	Delta[s](4) = 0.0595165,	Delta[s](5) = 0.0425375,	Delta[s](6) = 0.0196214,	Delta[s](7) = 0.0425375,	Delta[s](8) = 0.0355953,	Delta[s](9) = 0.0196214,	Delta[s](10) = 0.000187426,	Delta[s](11) = 0.0196214,	Delta[s](12) = 0.0595165,	Delta[s](13) = 0.0425375,	Delta[s](14) = 0.0196214,	Delta[s](15) = 0.0425375,	Delta[d](0) = 0.27999,	Delta[d](1) = 0.191583,	Delta[d](2) = 0.201399,	Delta[d](3) = 0.191583,	Delta[d](4) = 0.191583,	Delta[d](5) = 0.178144,	Delta[d](6) = 0.1335,	Delta[d](7) = 0.178144,	Delta[d](8) = 0.201399,	Delta[d](9) = 0.1335,	Delta[d](10) = 0.053939,	Delta[d](11) = 0.1335,	Delta[d](12) = 0.191583,	Delta[d](13) = 0.178144,	Delta[d](14) = 0.1335,	Delta[d](15) = 0.178144,	Delta[s+](0) = 0.565331,	Delta[s+](1) = 0.420896,	Delta[s+](2) = 0.201399,	Delta[s+](3) = 0.420896,	Delta[s+](4) = 0.420896,	Delta[s+](5) = 0.294043,	Delta[s+](6) = 0.127136,	Delta[s+](7) = 0.294043,	Delta[s+](8) = 0.201399,	Delta[s+](9) = 0.127136,	Delta[s+](10) = 0.0384853,	Delta[s+](11) = 0.127136,	Delta[s+](12) = 0.420896,	Delta[s+](13) = 0.294043,	Delta[s+](14) = 0.127136,	Delta[s+](15) = 0.294043
The 6-th iteration is completed.	|| time cost : 0h 3m 59.085s
********************************************************************************************************************
********************************************************************************************************************
Ground state is obtained after 7 iterations. The current ground-state energy is -14.1315, in which electron energy is -14.1315 and phonon energy is 6.95412e-06
final variational state is: 
	Gamma_x = [      1,1.00093,1.00035,1.00093,1.00093,1.00039,1.00001,1.00039,1.00035,1.00001,1.00027,1.00001,1.00093,1.00039,1.00001,1.00039]
	lambda_q = [   0.16738, 0.0749424, 0.0327116, 0.0749424, 0.0749424, 0.0341312,0.00430555, 0.0341312, 0.0327116,0.00430555,-0.0200934,0.00430555, 0.0749424, 0.0341312,0.00430555, 0.0341312]
The effective e-e interactions mediated by phonons are: [   0.180498,  0.0742792,  0.0190579,  0.0742792,  0.0742792,  0.0195749,0.000368476,  0.0195749,  0.0190579,0.000368476, 0.00878259,0.000368476,  0.0742792,  0.0195749,0.000368476,  0.0195749]
The real-space interactions mediated by phonons are: [ -0.604287, -0.265275,-0.0509975, -0.114174, -0.319537, -0.194174,-0.0509975,-0.0721368, -0.149097,-0.0721368,-0.0509975, -0.194174, -0.319537, -0.114174,-0.0509975, -0.265275]
********************************************************************************************************************
o___o  ----------------------------------------
| L |	Time since last clock: 0h 0m 0s
A===A	Time since the beginning: 0h 27m 0.44s
***********************************************

********************************************************************************************************************
Start warm-up calculation for scaling factor 16
open output files: NGSEDWarmUpW3.2Obs.txt
********************************************************************************************************************
Start the 0 rounds of NGS-ED iteration
	effective electronic model is modified as: kinetic energy t = 0.998817
	                                           effective interaction Vq = [   -0.164766,  -0.0599677,  -0.0148943,  -0.0599677,  -0.0599677,  -0.0153857,-0.000285123,  -0.0153857,  -0.0148943,-0.000285123, -0.00674539,-0.000285123,  -0.0599677,  -0.0153857,-0.000285123,  -0.0153857]
	PARPACK diagonalization completed after 45 matrix-vector product operations.
	iteration results: : total energy is -13.924406 | electron energy -13.924410 + phonon energy 0.000003 | electron momentum kIdx = 0
	Nq(0) = 12.25,	Nq(1) = 0.154937,	Nq(2) = 0.185531,	Nq(3) = 0.154937,	Nq(4) = 0.154937,	Nq(5) = 0.203491,	Nq(6) = 0.235741,	Nq(7) = 0.203491,	Nq(8) = 0.185531,	Nq(9) = 0.235741,	Nq(10) = 0.275785,	Nq(11) = 0.235741,	Nq(12) = 0.154937,	Nq(13) = 0.203491,	Nq(14) = 0.235741,	Nq(15) = 0.203491,	Sq(0) = 1.09156e-18,	Sq(1) = 0.47371,	Sq(2) = 0.765885,	Sq(3) = 0.47371,	Sq(4) = 0.47371,	Sq(5) = 0.630399,	Sq(6) = 1.05285,	Sq(7) = 0.630399,	Sq(8) = 0.765885,	Sq(9) = 1.05285,	Sq(10) = 2.56687,	Sq(11) = 1.05285,	Sq(12) = 0.47371,	Sq(13) = 0.630399,	Sq(14) = 1.05285,	Sq(15) = 0.630399,	N(0) = 1.75543,	N(1) = 1.59211,	N(2) = 0.322452,	N(3) = 1.59211,	N(4) = 1.59211,	N(5) = 0.999662,	N(6) = 0.266805,	N(7) = 0.999662,	N(8) = 0.322452,	N(9) = 0.266805,	N(10) = 0.165341,	N(11) = 0.266805,	N(12) = 1.59211,	N(13) = 0.999662,	N(14) = 0.266805,	N(15) = 0.999662,	Delta[s](0) = 0.0795134,	Delta[s](1) = 0.0594301,	Delta[s](2) = 0.0355468,	Delta[s](3) = 0.0594301,	Delta[s](4) = 0.0594301,	Delta[s](5) = 0.0424693,	Delta[s](6) = 0.0195918,	Delta[s](7) = 0.0424693,	Delta[s](8) = 0.0355468,	Delta[s](9) = 0.0195918,	Delta[s](10) = 0.000188998,	Delta[s](11) = 0.0195918,	Delta[s](12) = 0.0594301,	Delta[s](13) = 0.0424693,	Delta[s](14) = 0.0195918,	Delta[s](15) = 0.0424693,	Delta[d](0) = 0.280215,	Delta[d](1) = 0.191989,	Delta[d](2) = 0.201802,	Delta[d](3) = 0.191989,	Delta[d](4) = 0.191989,	Delta[d](5) = 0.178512,	Delta[d](6) = 0.13381,	Delta[d](7) = 0.178512,	Delta[d](8) = 0.201802,	Delta[d](9) = 0.13381,	Delta[d](10) = 0.054059,	Delta[d](11) = 0.13381,	Delta[d](12) = 0.191989,	Delta[d](13) = 0.178512,	Delta[d](14) = 0.13381,	Delta[d](15) = 0.178512,	Delta[s+](0) = 0.566271,	Delta[s+](1) = 0.42161,	Delta[s+](2) = 0.201802,	Delta[s+](3) = 0.42161,	Delta[s+](4) = 0.42161,	Delta[s+](5) = 0.294575,	Delta[s+](6) = 0.127415,	Delta[s+](7) = 0.294575,	Delta[s+](8) = 0.201802,	Delta[s+](9) = 0.127415,	Delta[s+](10) = 0.0385929,	Delta[s+](11) = 0.127415,	Delta[s+](12) = 0.42161,	Delta[s+](13) = 0.294575,	Delta[s+](14) = 0.127415,	Delta[s+](15) = 0.294575
The 0-th iteration is completed.	|| time cost : 0h 4m 0.914s
********************************************************************************************************************
Start the 1 rounds of NGS-ED iteration
	effective electronic model is modified as: kinetic energy t = 0.998804
	                                           effective interaction Vq = [   -0.172204,  -0.0609586,  -0.0146303,  -0.0609586,  -0.0609586,  -0.0152292,-0.000275759,  -0.0152292,  -0.0146303,-0.000275759, -0.00643436,-0.000275759,  -0.0609586,  -0.0152292,-0.000275759,  -0.0152292]
	PARPACK diagonalization completed after 45 matrix-vector product operations.
	iteration results: : total energy is -14.015576 | electron energy -14.015584 + phonon energy 0.000008 | electron momentum kIdx = 0
The 1-th iteration is completed.	|| time cost : 0h 0m 24.449s
********************************************************************************************************************
Start the 2 rounds of NGS-ED iteration
	effective electronic model is modified as: kinetic energy t = 0.998794
	                                           effective interaction Vq = [   -0.176125,  -0.0614664,  -0.0145213,  -0.0614664,  -0.0614664,  -0.0151616,-0.000272242,  -0.0151616,  -0.0145213,-0.000272242, -0.00632785,-0.000272242,  -0.0614664,  -0.0151616,-0.000272242,  -0.0151616]
	PARPACK diagonalization completed after 45 matrix-vector product operations.
	iteration results: : total energy is -14.063632 | electron energy -14.063643 + phonon energy 0.000011 | electron momentum kIdx = 0
The 2-th iteration is completed.	|| time cost : 0h 0m 24.447s
********************************************************************************************************************
Start the 3 rounds of NGS-ED iteration
	effective electronic model is modified as: kinetic energy t = 0.998787
	                                           effective interaction Vq = [   -0.178193,  -0.0617289,  -0.0144766,  -0.0617289,  -0.0617289,  -0.0151326,-0.000270934,  -0.0151326,  -0.0144766,-0.000270934, -0.00629181,-0.000270934,  -0.0617289,  -0.0151326,-0.000270934,  -0.0151326]
	PARPACK diagonalization completed after 45 matrix-vector product operations.
	iteration results: : total energy is -14.088968 | electron energy -14.088981 + phonon energy 0.000013 | electron momentum kIdx = 0
The 3-th iteration is completed.	|| time cost : 0h 0m 24.429s
********************************************************************************************************************
Start the 4 rounds of NGS-ED iteration
	effective electronic model is modified as: kinetic energy t = 0.998784
	                                           effective interaction Vq = [   -0.179284,  -0.0618653,  -0.0144583,  -0.0618653,  -0.0618653,  -0.0151202,-0.000270448,  -0.0151202,  -0.0144583,-0.000270448, -0.00627968,-0.000270448,  -0.0618653,  -0.0151202,-0.000270448,  -0.0151202]
	PARPACK diagonalization completed after 30 matrix-vector product operations.
	iteration results: : total energy is -14.102326 | electron energy -14.102340 + phonon energy 0.000014 | electron momentum kIdx = 0
The 4-th iteration is completed.	|| time cost : 0h 0m 21.646s
********************************************************************************************************************
Start the 5 rounds of NGS-ED iteration
	effective electronic model is modified as: kinetic energy t = 0.998782
	                                           effective interaction Vq = [   -0.179859,  -0.0619363,  -0.0144509,  -0.0619363,  -0.0619363,  -0.0151149,-0.000270269,  -0.0151149,  -0.0144509,-0.000270269,  -0.0062756,-0.000270269,  -0.0619363,  -0.0151149,-0.000270269,  -0.0151149]
	PARPACK diagonalization completed after 30 matrix-vector product operations.
	iteration results: : total energy is -14.109369 | electron energy -14.109384 + phonon energy 0.000015 | electron momentum kIdx = 0
The 5-th iteration is completed.	|| time cost : 0h 0m 21.644s
********************************************************************************************************************
Start the 6 rounds of NGS-ED iteration
	effective electronic model is modified as: kinetic energy t = 0.998781
	                                           effective interaction Vq = [   -0.180162,  -0.0619734,  -0.0144478,  -0.0619734,  -0.0619734,  -0.0151126,-0.000270202,  -0.0151126,  -0.0144478,-0.000270202, -0.00627423,-0.000270202,  -0.0619734,  -0.0151126,-0.000270202,  -0.0151126]
	PARPACK diagonalization completed after 30 matrix-vector product operations.
	iteration results: : total energy is -14.113083 | electron energy -14.113099 + phonon energy 0.000015 | electron momentum kIdx = 0
The 6-th iteration is completed.	|| time cost : 0h 0m 21.66s
********************************************************************************************************************
Start the 7 rounds of NGS-ED iteration
	effective electronic model is modified as: kinetic energy t = 0.99878
	                                           effective interaction Vq = [   -0.180322,  -0.0619927,  -0.0144466,  -0.0619927,  -0.0619927,  -0.0151117,-0.000270178,  -0.0151117,  -0.0144466,-0.000270178, -0.00627377,-0.000270178,  -0.0619927,  -0.0151117,-0.000270178,  -0.0151117]
	PARPACK diagonalization completed after 30 matrix-vector product operations.
	iteration results: : total energy is -14.115042 | electron energy -14.115057 + phonon energy 0.000016 | electron momentum kIdx = 0
The 7-th iteration is completed.	|| time cost : 0h 0m 21.638s
********************************************************************************************************************
Start the 8 rounds of NGS-ED iteration
	effective electronic model is modified as: kinetic energy t = 0.99878
	                                           effective interaction Vq = [   -0.180406,  -0.0620029,  -0.0144461,  -0.0620029,  -0.0620029,  -0.0151112,-0.000270169,  -0.0151112,  -0.0144461,-0.000270169, -0.00627362,-0.000270169,  -0.0620029,  -0.0151112,-0.000270169,  -0.0151112]
	PARPACK diagonalization completed after 30 matrix-vector product operations.
	iteration results: : total energy is -14.116074 | electron energy -14.116090 + phonon energy 0.000016 | electron momentum kIdx = 0
The 8-th iteration is completed.	|| time cost : 0h 0m 21.671s
********************************************************************************************************************
Start the 9 rounds of NGS-ED iteration
	effective electronic model is modified as: kinetic energy t = 0.998779
	                                           effective interaction Vq = [    -0.18045,  -0.0620082,  -0.0144459,  -0.0620082,  -0.0620082,  -0.0151111,-0.000270165,  -0.0151111,  -0.0144459,-0.000270165, -0.00627357,-0.000270165,  -0.0620082,  -0.0151111,-0.000270165,  -0.0151111]
	PARPACK diagonalization completed after 30 matrix-vector product operations.
	iteration results: : total energy is -14.116619 | electron energy -14.116635 + phonon energy 0.000016 | electron momentum kIdx = 0
The 9-th iteration is completed.	|| time cost : 0h 0m 21.656s
********************************************************************************************************************
Start the 10 rounds of NGS-ED iteration
	effective electronic model is modified as: kinetic energy t = 0.998779
	                                           effective interaction Vq = [   -0.180474,   -0.062011,  -0.0144458,   -0.062011,   -0.062011,   -0.015111,-0.000270164,   -0.015111,  -0.0144458,-0.000270164, -0.00627355,-0.000270164,   -0.062011,   -0.015111,-0.000270164,   -0.015111]
	PARPACK diagonalization completed after 30 matrix-vector product operations.
	iteration results: : total energy is -14.116906 | electron energy -14.116922 + phonon energy 0.000016 | electron momentum kIdx = 0
The 10-th iteration is completed.	|| time cost : 0h 0m 21.662s
********************************************************************************************************************
Start the 11 rounds of NGS-ED iteration
	effective electronic model is modified as: kinetic energy t = 0.998779
	                                           effective interaction Vq = [   -0.180486,  -0.0620125,  -0.0144458,  -0.0620125,  -0.0620125,   -0.015111,-0.000270163,   -0.015111,  -0.0144458,-0.000270163, -0.00627355,-0.000270163,  -0.0620125,   -0.015111,-0.000270163,   -0.015111]
	PARPACK diagonalization completed after 30 matrix-vector product operations.
	iteration results: : total energy is -14.117057 | electron energy -14.117073 + phonon energy 0.000016 | electron momentum kIdx = 0
	Nq(0) = 12.25,	Nq(1) = 0.154962,	Nq(2) = 0.185519,	Nq(3) = 0.154962,	Nq(4) = 0.154962,	Nq(5) = 0.203476,	Nq(6) = 0.235733,	Nq(7) = 0.203476,	Nq(8) = 0.185519,	Nq(9) = 0.235733,	Nq(10) = 0.27577,	Nq(11) = 0.235733,	Nq(12) = 0.154962,	Nq(13) = 0.203476,	Nq(14) = 0.235733,	Nq(15) = 0.203476,	Sq(0) = 6.34065e-18,	Sq(1) = 0.473683,	Sq(2) = 0.765884,	Sq(3) = 0.473683,	Sq(4) = 0.473683,	Sq(5) = 0.630393,	Sq(6) = 1.0529,	Sq(7) = 0.630393,	Sq(8) = 0.765884,	Sq(9) = 1.0529,	Sq(10) = 2.56685,	Sq(11) = 1.0529,	Sq(12) = 0.473683,	Sq(13) = 0.630393,	Sq(14) = 1.0529,	Sq(15) = 0.630393,	N(0) = 1.75542,	N(1) = 1.59211,	N(2) = 0.322473,	N(3) = 1.59211,	N(4) = 1.59211,	N(5) = 0.99965,	N(6) = 0.266807,	N(7) = 0.99965,	N(8) = 0.322473,	N(9) = 0.266807,	N(10) = 0.165356,	N(11) = 0.266807,	N(12) = 1.59211,	N(13) = 0.99965,	N(14) = 0.266807,	N(15) = 0.99965,	Delta[s](0) = 0.0795082,	Delta[s](1) = 0.0594272,	Delta[s](2) = 0.0355463,	Delta[s](3) = 0.0594272,	Delta[s](4) = 0.0594272,	Delta[s](5) = 0.0424678,	Delta[s](6) = 0.019593,	Delta[s](7) = 0.0424678,	Delta[s](8) = 0.0355463,	Delta[s](9) = 0.019593,	Delta[s](10) = 0.00019276,	Delta[s](11) = 0.019593,	Delta[s](12) = 0.0594272,	Delta[s](13) = 0.0424678,	Delta[s](14) = 0.019593,	Delta[s](15) = 0.0424678,	Delta[d](0) = 0.281773,	Delta[d](1) = 0.193044,	Delta[d](2) = 0.202895,	Delta[d](3) = 0.193044,	Delta[d](4) = 0.193044,	Delta[d](5) = 0.179485,	Delta[d](6) = 0.134537,	Delta[d](7) = 0.179485,	Delta[d](8) = 0.202895,	Delta[d](9) = 0.134537,	Delta[d](10) = 0.0543608,	Delta[d](11) = 0.134537,	Delta[d](12) = 0.193044,	Delta[d](13) = 0.179485,	Delta[d](14) = 0.134537,	Delta[d](15) = 0.179485,	Delta[s+](0) = 0.569316,	Delta[s+](1) = 0.423878,	Delta[s+](2) = 0.202895,	Delta[s+](3) = 0.423878,	Delta[s+](4) = 0.423878,	Delta[s+](5) = 0.296159,	Delta[s+](6) = 0.128106,	Delta[s+](7) = 0.296159,	Delta[s+](8) = 0.202895,	Delta[s+](9) = 0.128106,	Delta[s+](10) = 0.0388062,	Delta[s+](11) = 0.128106,	Delta[s+](12) = 0.423878,	Delta[s+](13) = 0.296159,	Delta[s+](14) = 0.128106,	Delta[s+](15) = 0.296159
The 11-th iteration is completed.	|| time cost : 0h 3m 59.446s
********************************************************************************************************************
********************************************************************************************************************
Ground state is obtained after 12 iterations. The current ground-state energy is -14.1171, in which electron energy is -14.1171 and phonon energy is 1.59127e-05
final variational state is: 
	Gamma_x = [      1,1.00204,1.00065,1.00204,1.00204,1.00073,1.00002,1.00073,1.00065,1.00002,1.00045,1.00002,1.00204,1.00073,1.00002,1.00073]
	lambda_q = [  0.235993, 0.0786721, 0.0314469, 0.0786721, 0.0786721, 0.0333329, 0.0040251, 0.0333329, 0.0314469, 0.0040251,-0.0183892, 0.0040251, 0.0786721, 0.0333329, 0.0040251, 0.0333329]
The effective e-e interactions mediated by phonons are: [   0.180493,  0.0620132,  0.0144457,  0.0620132,  0.0620132,   0.015111,0.000270163,   0.015111,  0.0144457,0.000270163, 0.00627355,0.000270163,  0.0620132,   0.015111,0.000270163,   0.015111]
