SNEDics v3.22.2 Non-Gaussian ED ground state program		Start at Thu Jun  9 08:46:30 2022

Parallelization: 32 MPI threads  * 8 OpenMP threads = 256 total threads.
********************************************************************************************************************
********************************************************************************************************************

********************************************************************************************************************
System parameters and configurations
	special program options are enabled: splitted diagonal Hamiltonian | splitted Hamiltonian terms
********************************************************************************************************************
Read input file "model_params.in"
	Hubbard-Holstein model parameters : 	t = 1    U = 8    g = 0.65    W = 0.2    g' = 0.5    
********************************************************************************************************************
Read input file "hilbertspace_params.in"
	Requested 16-site 2D lattice, with 12 electrons (6, 6)
	Boundary : Periodic		Hilbert space representation : momentum-space (restricted to kIdx = 0)
	Conservation: particle number[U(1)]      spin[U(1)]     momentum
********************************************************************************************************************

Cluster Positions:				Cluster symmetry group : D4
 x ... x ... x ... x .....                       x ... x ... x ... x .....
 |           |           :                       |           |           :
 |           |           :                       |           |           :
12    13    14    15     x                       1     5     6     5     x
 |           |           :                       |           |           :
 |           |           :                       |           |           :
 8 --- 9 ---10 ---11 --- x                       2 --- 6 ---10 --- 6 --- x
 |           |           :                       |           |           :
 |           |           :                       |           |           :
 4     5     6     7     x                       1     5     6     5     x
 |           |           :                       |           |           :
 |           |           :                       |           |           :
 0 --- 1 --- 2 --- 3 --- x                       0 --- 1 --- 2 --- 1 --- x
orbital number : 1
********************************************************************************************************************
Read input file "obs_params.in"
	Observable Type : Nq(All),   Sq(All),   N(All-Orbital),   Delta[s](All),   Delta[d](All),   Delta[s+](All)
** WARNING ** the input observables have non-local factors which have been reinterpreted. The total observable number is 96
********************************************************************************************************************


********************************************************************************************************************
Start calculating the non-Gaussian ED ground state
Maximal iteration number is 1000; energy resolution is 1e-06. Phonon state relaxation time is 2000
W = 0.2 is relatively large. The non-Gaussian ED calculation starts directly.
open output files: NGSED_iteration_observables.txt
********************************************************************************************************************
Start the 0 rounds of NGS-ED iteration
	effective electronic model is modified as: kinetic energy t = 1
	                                           effective interaction Vq = [0,0,0,0,0,0,0,0,0,0,0,0,0,0,0,0]
	first Hamiltonian is constructed, size = 4008592 and non-zero numbers = 969134044
	PARPACK diagonalization completed after 150 matrix-vector product operations.
	iteration results: : total energy is -14.925310 | electron energy -14.925310 + phonon energy 0.000000 | electron momentum kIdx = 0
	Nq(0) = 9,	Nq(1) = 0.191675,	Nq(2) = 0.266183,	Nq(3) = 0.191675,	Nq(4) = 0.191675,	Nq(5) = 0.245517,	
	Nq(6) = 0.314107,	Nq(7) = 0.245517,	Nq(8) = 0.266183,	Nq(9) = 0.314107,	Nq(10) = 0.369338,	
	Nq(11) = 0.314107,	Nq(12) = 0.191675,	Nq(13) = 0.245517,	Nq(14) = 0.314107,	Nq(15) = 0.245517;	
	Sq(0) = 3.02743e-18,	Sq(1) = 0.554662,	Sq(2) = 0.424361,	Sq(3) = 0.554662,	Sq(4) = 0.554662,	
	Sq(5) = 0.79749,	Sq(6) = 1.01287,	Sq(7) = 0.79749,	Sq(8) = 0.424361,	Sq(9) = 1.01287,	
	Sq(10) = 0.784303,	Sq(11) = 1.01287,	Sq(12) = 0.554662,	Sq(13) = 0.79749,	Sq(14) = 1.01287,	
	Sq(15) = 0.79749;	N(0) = 1.76735,	N(1) = 1.6264,	N(2) = 0.74365,	N(3) = 1.6264,	
	N(4) = 1.6264,	N(5) = 0.392302,	N(6) = 0.144321,	N(7) = 0.392302,	N(8) = 0.74365,	
	N(9) = 0.144321,	N(10) = 0.0932732,	N(11) = 0.144321,	N(12) = 1.6264,	N(13) = 0.392302,	
	N(14) = 0.144321,	N(15) = 0.392302;	Delta[s](0) = 0.0414955,	Delta[s](1) = 0.0345935,	Delta[s](2) = 0.028623,	
	Delta[s](3) = 0.0345935,	Delta[s](4) = 0.0345935,	Delta[s](5) = 0.0279021,	Delta[s](6) = 0.0219743,	Delta[s](7) = 0.0279021,	
	Delta[s](8) = 0.028623,	Delta[s](9) = 0.0219743,	Delta[s](10) = 0.016829,	Delta[s](11) = 0.0219743,	Delta[s](12) = 0.0345935,	
	Delta[s](13) = 0.0279021,	Delta[s](14) = 0.0219743,	Delta[s](15) = 0.0279021;	Delta[d](0) = 0.203378,	Delta[d](1) = 0.175387,	
	Delta[d](2) = 0.200474,	Delta[d](3) = 0.175387,	Delta[d](4) = 0.175387,	Delta[d](5) = 0.136361,	Delta[d](6) = 0.14539,	
	Delta[d](7) = 0.136361,	Delta[d](8) = 0.200474,	Delta[d](9) = 0.14539,	Delta[d](10) = 0.118851,	Delta[d](11) = 0.14539,	
	Delta[d](12) = 0.175387,	Delta[d](13) = 0.136361,	Delta[d](14) = 0.14539,	Delta[d](15) = 0.136361;	Delta[s+](0) = 0.433097,	
	Delta[s+](1) = 0.302882,	Delta[s+](2) = 0.200474,	Delta[s+](3) = 0.302882,	Delta[s+](4) = 0.302882,	Delta[s+](5) = 0.171585,	
	Delta[s+](6) = 0.086856,	Delta[s+](7) = 0.171585,	Delta[s+](8) = 0.200474,	Delta[s+](9) = 0.086856,	Delta[s+](10) = 0.0373551,	
	Delta[s+](11) = 0.086856,	Delta[s+](12) = 0.302882,	Delta[s+](13) = 0.171585,	Delta[s+](14) = 0.086856,	Delta[s+](15) = 0.171585
	
The 0-th iteration is completed.	|| time cost : 0h 2m 5.201s
********************************************************************************************************************
Start the 1 rounds of NGS-ED iteration
	effective electronic model is modified as: kinetic energy t = 0.774915
	                                           effective interaction Vq = [  -35.1125,  -10.5731,  -0.33268,  -10.5731,  -10.5731, -0.289441,-0.0579239, -0.289441,  -0.33268,-0.0579239,  -5.83145,-0.0579239,  -10.5731, -0.289441,-0.0579239, -0.289441]
	PARPACK diagonalization completed after 75 matrix-vector product operations.
	iteration results: : total energy is -389.566829 | electron energy -392.554140 + phonon energy 2.987311 | electron momentum kIdx = 0
The 1-th iteration is completed.	|| time cost : 0h 1m 21.328s
********************************************************************************************************************
Start the 2 rounds of NGS-ED iteration
	effective electronic model is modified as: kinetic energy t = 4.09916e-09
	                                           effective interaction Vq = [-35.1125,-13.6125, -2.1125,-13.6125,-13.6125, -2.1125, -0.6125, -2.1125, -2.1125, -0.6125, -9.1125, -0.6125,-13.6125, -2.1125, -0.6125, -2.1125]
	PARPACK diagonalization completed after 60 matrix-vector product operations.
	iteration results: : total energy is -424.700000 | electron energy -424.700000 + phonon energy 0.000000 | electron momentum kIdx = 0
The 2-th iteration is completed.	|| time cost : 0h 1m 3.688s
********************************************************************************************************************
Start the 3 rounds of NGS-ED iteration
	effective electronic model is modified as: kinetic energy t = 1.21936e-06
	                                           effective interaction Vq = [   -35.1125,   -13.6125,    -2.1125,   -13.6125,   -13.6125,    -2.1125,    -0.6125,    -2.1125,    -2.1125,    -0.6125,-0.00527815,    -0.6125,   -13.6125,    -2.1125,    -0.6125,    -2.1125]
	PARPACK diagonalization completed after 30 matrix-vector product operations.
	iteration results: : total energy is -424.700000 | electron energy -424.700000 + phonon energy 0.000000 | electron momentum kIdx = 0
The 3-th iteration is completed.	|| time cost : 0h 0m 9.655s
********************************************************************************************************************
Start the 4 rounds of NGS-ED iteration
	effective electronic model is modified as: kinetic energy t = 1.21213e-06
	                                           effective interaction Vq = [ -35.1125, -13.6125,  -2.1125, -13.6125, -13.6125,  -2.1125,  -0.6125,  -2.1125,  -2.1125,  -0.6125,-0.579133,  -0.6125, -13.6125,  -2.1125,  -0.6125,  -2.1125]
	PARPACK diagonalization completed after 30 matrix-vector product operations.
	iteration results: : total energy is -424.700000 | electron energy -424.700000 + phonon energy 0.000000 | electron momentum kIdx = 0
The 4-th iteration is completed.	|| time cost : 0h 0m 9.377s
********************************************************************************************************************
Start the 5 rounds of NGS-ED iteration
	effective electronic model is modified as: kinetic energy t = 1.21176e-06
	                                           effective interaction Vq = [-35.1125,-13.6125, -2.1125,-13.6125,-13.6125, -2.1125, -0.6125, -2.1125, -2.1125, -0.6125,-0.59384, -0.6125,-13.6125, -2.1125, -0.6125, -2.1125]
	PARPACK diagonalization completed after 30 matrix-vector product operations.
	iteration results: : total energy is -424.700000 | electron energy -424.700000 + phonon energy 0.000000 | electron momentum kIdx = 0
The 5-th iteration is completed.	|| time cost : 0h 0m 9.363s
********************************************************************************************************************
Start the 6 rounds of NGS-ED iteration
	effective electronic model is modified as: kinetic energy t = 1.21175e-06
	                                           effective interaction Vq = [ -35.1125, -13.6125,  -2.1125, -13.6125, -13.6125,  -2.1125,  -0.6125,  -2.1125,  -2.1125,  -0.6125,-0.594138,  -0.6125, -13.6125,  -2.1125,  -0.6125,  -2.1125]
	PARPACK diagonalization completed after 30 matrix-vector product operations.
	iteration results: : total energy is -424.700000 | electron energy -424.700000 + phonon energy 0.000000 | electron momentum kIdx = 0
The 6-th iteration is completed.	|| time cost : 0h 0m 9.389s
********************************************************************************************************************
Start the 7 rounds of NGS-ED iteration
	effective electronic model is modified as: kinetic energy t = 1.21175e-06
	                                           effective interaction Vq = [ -35.1125, -13.6125,  -2.1125, -13.6125, -13.6125,  -2.1125,  -0.6125,  -2.1125,  -2.1125,  -0.6125,-0.594144,  -0.6125, -13.6125,  -2.1125,  -0.6125,  -2.1125]
	PARPACK diagonalization completed after 30 matrix-vector product operations.
	iteration results: : total energy is -424.700000 | electron energy -424.700000 + phonon energy 0.000000 | electron momentum kIdx = 0
The 7-th iteration is completed.	|| time cost : 0h 0m 9.342s
********************************************************************************************************************
Start the 8 rounds of NGS-ED iteration
	effective electronic model is modified as: kinetic energy t = 1.21175e-06
	                                           effective interaction Vq = [ -35.1125, -13.6125,  -2.1125, -13.6125, -13.6125,  -2.1125,  -0.6125,  -2.1125,  -2.1125,  -0.6125,-0.594145,  -0.6125, -13.6125,  -2.1125,  -0.6125,  -2.1125]
	PARPACK diagonalization completed after 30 matrix-vector product operations.
	iteration results: : total energy is -424.700000 | electron energy -424.700000 + phonon energy 0.000000 | electron momentum kIdx = 0
	Nq(0) = 9,	Nq(1) = 2.75,	Nq(2) = 0.5,	Nq(3) = 2.75,	Nq(4) = 2.75,	Nq(5) = 0.5,	
	Nq(6) = 0.25,	Nq(7) = 0.5,	Nq(8) = 0.5,	Nq(9) = 0.25,	Nq(10) = 1.29937e-13,	
	Nq(11) = 0.25,	Nq(12) = 2.75,	Nq(13) = 0.5,	Nq(14) = 0.25,	Nq(15) = 0.5;	
	Sq(0) = -1.90987e-20,	Sq(1) = 3.24842e-14,	Sq(2) = 6.49682e-14,	Sq(3) = 3.24842e-14,	Sq(4) = 3.24841e-14,	
	Sq(5) = 6.49683e-14,	Sq(6) = 9.74524e-14,	Sq(7) = 6.49682e-14,	Sq(8) = 6.49682e-14,	Sq(9) = 9.74524e-14,	
	Sq(10) = 1.29937e-13,	Sq(11) = 9.74524e-14,	Sq(12) = 3.2484e-14,	Sq(13) = 6.49683e-14,	Sq(14) = 9.74524e-14,	
	Sq(15) = 6.49682e-14;	N(0) = 0.75,	N(1) = 0.75,	N(2) = 0.75,	N(3) = 0.75,	
	N(4) = 0.75,	N(5) = 0.75,	N(6) = 0.75,	N(7) = 0.75,	N(8) = 0.75,	
	N(9) = 0.75,	N(10) = 0.75,	N(11) = 0.75,	N(12) = 0.75,	N(13) = 0.75,	
	N(14) = 0.75,	N(15) = 0.75;	Delta[s](0) = 0.375,	Delta[s](1) = 0.375,	Delta[s](2) = 0.375,	
	Delta[s](3) = 0.375,	Delta[s](4) = 0.375,	Delta[s](5) = 0.375,	Delta[s](6) = 0.375,	Delta[s](7) = 0.375,	
	Delta[s](8) = 0.375,	Delta[s](9) = 0.375,	Delta[s](10) = 0.375,	Delta[s](11) = 0.375,	Delta[s](12) = 0.375,	
	Delta[s](13) = 0.375,	Delta[s](14) = 0.375,	Delta[s](15) = 0.375;	Delta[d](0) = 0.21875,	Delta[d](1) = 0.21875,	
	Delta[d](2) = 0.21875,	Delta[d](3) = 0.21875,	Delta[d](4) = 0.21875,	Delta[d](5) = 0.21875,	Delta[d](6) = 0.21875,	
	Delta[d](7) = 0.21875,	Delta[d](8) = 0.21875,	Delta[d](9) = 0.21875,	Delta[d](10) = 0.21875,	Delta[d](11) = 0.21875,	
	Delta[d](12) = 0.21875,	Delta[d](13) = 0.21875,	Delta[d](14) = 0.21875,	Delta[d](15) = 0.21875;	Delta[s+](0) = 0.21875,	
	Delta[s+](1) = 0.21875,	Delta[s+](2) = 0.21875,	Delta[s+](3) = 0.21875,	Delta[s+](4) = 0.21875,	Delta[s+](5) = 0.21875,	
	Delta[s+](6) = 0.21875,	Delta[s+](7) = 0.21875,	Delta[s+](8) = 0.21875,	Delta[s+](9) = 0.21875,	Delta[s+](10) = 0.21875,	
	Delta[s+](11) = 0.21875,	Delta[s+](12) = 0.21875,	Delta[s+](13) = 0.21875,	Delta[s+](14) = 0.21875,	Delta[s+](15) = 0.21875
	
The 8-th iteration is completed.	|| time cost : 0h 1m 21.504s
********************************************************************************************************************
********************************************************************************************************************
Ground state is obtained after 9 iterations. The current ground-state energy is -424.7, in which electron energy is -424.7 and phonon energy is 0
Final variational state is: 
	Gamma_x = [1,1,1,1,1,1,1,1,1,1,1,1,1,1,1,1]
	lambda_q = [    13.25,     8.25,     3.25,     8.25,     8.25,     3.25,    -1.75,     3.25,     3.25,    -1.75,-0.223762,    -1.75,     8.25,     3.25,    -1.75,     3.25]
Effective e-e interactions mediated by phonons are:
	momentum-space Vq = [ -35.1125, -13.6125,  -2.1125, -13.6125, -13.6125,  -2.1125,  -0.6125,  -2.1125,  -2.1125,  -0.6125,-0.594145,  -0.6125, -13.6125,  -2.1125,  -0.6125,  -2.1125]
	real-space Vr = [  -6.5801,  -3.7824,  -1.9676,  -3.7824,  -3.7824,  -1.9676,-0.532397,  -1.9676,  -1.9676,-0.532397, 0.532397,-0.532397,  -3.7824,  -1.9676,-0.532397,  -1.9676]
********************************************************************************************************************
o___o  ----------------------------------------
| L |	Time since last clock: 0h 0m 0.005s
A===A	Time since the beginning: 0h 6m 38.857s
***********************************************


Non-Gaussina ED ground state calculation is completed. The final ground-state energy is -424.7
********************************************************************************************************************
o___o  ----------------------------------------
| L |	Time since last clock: 0h 0m 0.062s
A===A	Time since the beginning: 0h 6m 38.919s
***********************************************



********************************************************************************************************************
All non-Gaussian ED ground state calculations have been completed. Exit now.
