SNEDics v3.4 Non-Gaussian ED ground state program		Start at Mon Feb 24 10:28:19 2020

parallized on 16 MPI threads  * 8 OpenMP threads = 128 total threads.
********************************************************************************************************************
********************************************************************************************************************

********************************************************************************************************************
System parameters and configurations
********************************************************************************************************************
Special program options are enabled: splitted diagonal Hamiltonian
********************************************************************************************************************
Read input file "model_params.in"
	Hubbard-Holstein model parameters : 	t = 1    U = 8    g = 8.29458    W = 16    
********************************************************************************************************************
Read input file "hilbertspace_params.in"
	Requested 16-site 2D lattice, with 16 electrons (8, 8)
	Boundary : Periodic		Hilbert space representation : momentum-space (restricted to kIdx = 0)
	Conservation: particle number[U(1)]      spin[U(1)]     momentum
********************************************************************************************************************

Cluster Positions:				Cluster symmetry group : D4
 x ... x ... x ... x .....                       x ... x ... x ... x .....
 |           |           :                       |           |           :
 |           |           :                       |           |           :
12    13    14    15     x                       1     5     6     5     x
 |           |           :                       |           |           :
 |           |           :                       |           |           :
 8 --- 9 ---10 ---11 --- x                       2 --- 6 ---10 --- 6 --- x
 |           |           :                       |           |           :
 |           |           :                       |           |           :
 4     5     6     7     x                       1     5     6     5     x
 |           |           :                       |           |           :
 |           |           :                       |           |           :
 0 --- 1 --- 2 --- 3 --- x                       0 --- 1 --- 2 --- 1 --- x
orbital number : 1
********************************************************************************************************************
Read input file "obs_params.in"
	Observable Type : Nq(All),   Sq(All),   N(All),   Delta[s](All),   Delta[d](All),   Delta[s+](All)
********************************************************************************************************************
** WARNING ** the input observables have non-local factors which have been reinterpreted. The total observable number is 96
********************************************************************************************************************


********************************************************************************************************************
Start calculating the non-Gaussian ED ground state
W = 16 is relatively large. The non-Gaussian ED calculation starts directly.
open output files: NGSEDIterationObs.txt
********************************************************************************************************************
Start the 0 rounds of NGS-ED iteration
	effective electronic model is modified as: kinetic energy t = 1
	                                           effective interaction Vq = [-0,-0,-0,-0,-0,-0,-0,-0,-0,-0,-0,-0,-0,-0,-0,-0]
	first Hamiltonian is constructed, non-zero numbers = 2845383612
	PARPACK diagonalization completed after 105 matrix-vector product operations.
	iteration results: : total energy is -8.468875 | electron energy -8.468875 + phonon energy 0.000000 | electron momentum kIdx = 0
	Nq(0) = 16,	Nq(1) = 0.0625034,	Nq(2) = 0.109912,	Nq(3) = 0.0625034,	Nq(4) = 0.0625034,	Nq(5) = 0.109912,	Nq(6) = 0.152438,	Nq(7) = 0.109912,	Nq(8) = 0.109912,	Nq(9) = 0.152438,	Nq(10) = 0.1925,	Nq(11) = 0.152438,	Nq(12) = 0.0625034,	Nq(13) = 0.109912,	Nq(14) = 0.152438,	Nq(15) = 0.109912,	Sq(0) = 1.02167e-18,	Sq(1) = 0.412873,	Sq(2) = 0.641315,	Sq(3) = 0.412873,	Sq(4) = 0.412873,	Sq(5) = 0.641315,	Sq(6) = 0.93882,	Sq(7) = 0.641315,	Sq(8) = 0.641315,	Sq(9) = 0.93882,	Sq(10) = 5.0336,	Sq(11) = 0.93882,	Sq(12) = 0.412873,	Sq(13) = 0.641315,	Sq(14) = 0.93882,	Sq(15) = 0.641315,	N(0) = 1.77534,	N(1) = 1.56957,	N(2) = 1,	N(3) = 1.56957,	N(4) = 1.56957,	N(5) = 1,	N(6) = 0.430429,	N(7) = 1,	N(8) = 1,	N(9) = 0.430429,	N(10) = 0.224665,	N(11) = 0.430429,	N(12) = 1.56957,	N(13) = 1,	N(14) = 0.430429,	N(15) = 1,	Delta[s](0) = 0.0825904,	Delta[s](1) = 0.0689511,	Delta[s](2) = 0.054479,	Delta[s](3) = 0.0689511,	Delta[s](4) = 0.0689511,	Delta[s](5) = 0.054479,	Delta[s](6) = 0.03836,	Delta[s](7) = 0.054479,	Delta[s](8) = 0.054479,	Delta[s](9) = 0.03836,	Delta[s](10) = 0.0171584,	Delta[s](11) = 0.03836,	Delta[s](12) = 0.0689511,	Delta[s](13) = 0.054479,	Delta[s](14) = 0.03836,	Delta[s](15) = 0.054479,	Delta[d](0) = 0.588581,	Delta[d](1) = 0.453266,	Delta[d](2) = 0.343599,	Delta[d](3) = 0.453266,	Delta[d](4) = 0.453266,	Delta[d](5) = 0.349754,	Delta[d](6) = 0.243145,	Delta[d](7) = 0.349754,	Delta[d](8) = 0.343599,	Delta[d](9) = 0.243145,	Delta[d](10) = 0.125942,	Delta[d](11) = 0.243145,	Delta[d](12) = 0.453266,	Delta[d](13) = 0.349754,	Delta[d](14) = 0.243145,	Delta[d](15) = 0.349754,	Delta[s+](0) = 0.613285,	Delta[s+](1) = 0.485595,	Delta[s+](2) = 0.343599,	Delta[s+](3) = 0.485595,	Delta[s+](4) = 0.485595,	Delta[s+](5) = 0.343599,	Delta[s+](6) = 0.203719,	Delta[s+](7) = 0.343599,	Delta[s+](8) = 0.343599,	Delta[s+](9) = 0.203719,	Delta[s+](10) = 0.078458,	Delta[s+](11) = 0.203719,	Delta[s+](12) = 0.485595,	Delta[s+](13) = 0.343599,	Delta[s+](14) = 0.203719,	Delta[s+](15) = 0.343599
The 0-th iteration is completed.	|| time cost : 0h 8m 8.838s
********************************************************************************************************************
Start the 1 rounds of NGS-ED iteration
	effective electronic model is modified as: kinetic energy t = 0.908102
	                                           effective interaction Vq = [-4.12472, -3.6945,-3.63358, -3.6945, -3.6945,-3.63358,-3.59335,-3.63358,-3.63358,-3.59335,-3.56428,-3.59335, -3.6945,-3.63358,-3.59335,-3.63358]
	PARPACK diagonalization completed after 60 matrix-vector product operations.
	iteration results: : total energy is -85.353822 | electron energy -85.358834 + phonon energy 0.005012 | electron momentum kIdx = 0
The 1-th iteration is completed.	|| time cost : 0h 7m 15.565s
********************************************************************************************************************
Start the 2 rounds of NGS-ED iteration
	effective electronic model is modified as: kinetic energy t = 0.848177
	                                           effective interaction Vq = [-4.29286,-4.19916,-4.10851,-4.19916,-4.19916,-4.10851,-4.11212,-4.10851,-4.10851,-4.11212,-4.06008,-4.11212,-4.19916,-4.10851,-4.11212,-4.10851]
	PARPACK diagonalization completed after 75 matrix-vector product operations.
	iteration results: : total energy is -90.108540 | electron energy -90.152393 + phonon energy 0.043853 | electron momentum kIdx = 0
The 2-th iteration is completed.	|| time cost : 0h 0m 41.865s
********************************************************************************************************************
Start the 3 rounds of NGS-ED iteration
	effective electronic model is modified as: kinetic energy t = 0.822842
	                                           effective interaction Vq = [-4.29971,-4.25861,-4.24432,-4.25861,-4.25861,-4.24432,-4.19426,-4.24432,-4.24432,-4.19426,-4.19325,-4.19426,-4.25861,-4.24432,-4.19426,-4.24432]
	PARPACK diagonalization completed after 60 matrix-vector product operations.
	iteration results: : total energy is -90.613171 | electron energy -90.678794 + phonon energy 0.065622 | electron momentum kIdx = 0
The 3-th iteration is completed.	|| time cost : 0h 0m 37.221s
********************************************************************************************************************
Start the 4 rounds of NGS-ED iteration
	effective electronic model is modified as: kinetic energy t = 0.817643
	                                           effective interaction Vq = [-4.29999, -4.2664,-4.26196, -4.2664, -4.2664,-4.26196,-4.20715,-4.26196,-4.26196,-4.20715, -4.2171,-4.20715, -4.2664,-4.26196,-4.20715,-4.26196]
	PARPACK diagonalization completed after 45 matrix-vector product operations.
	iteration results: : total energy is -90.634140 | electron energy -90.706135 + phonon energy 0.071995 | electron momentum kIdx = 0
The 4-th iteration is completed.	|| time cost : 0h 0m 32.434s
********************************************************************************************************************
Start the 5 rounds of NGS-ED iteration
	effective electronic model is modified as: kinetic energy t = 0.816608
	                                           effective interaction Vq = [    -4.3,-4.26772,-4.26494,-4.26772,-4.26772,-4.26494,-4.20957,-4.26494,-4.26494,-4.20957,-4.22243,-4.20957,-4.26772,-4.26494,-4.20957,-4.26494]
	PARPACK diagonalization completed after 30 matrix-vector product operations.
	iteration results: : total energy is -90.634974 | electron energy -90.708360 + phonon energy 0.073386 | electron momentum kIdx = 0
The 5-th iteration is completed.	|| time cost : 0h 0m 27.708s
********************************************************************************************************************
Start the 6 rounds of NGS-ED iteration
	effective electronic model is modified as: kinetic energy t = 0.8164
	                                           effective interaction Vq = [    -4.3,-4.26796,-4.26548,-4.26796,-4.26796,-4.26548,-4.21004,-4.26548,-4.26548,-4.21004,-4.22376,-4.21004,-4.26796,-4.26548,-4.21004,-4.26548]
	PARPACK diagonalization completed after 30 matrix-vector product operations.
	iteration results: : total energy is -90.635008 | electron energy -90.708686 + phonon energy 0.073678 | electron momentum kIdx = 0
The 6-th iteration is completed.	|| time cost : 0h 0m 27.745s
********************************************************************************************************************
Start the 7 rounds of NGS-ED iteration
	effective electronic model is modified as: kinetic energy t = 0.816357
	                                           effective interaction Vq = [    -4.3,  -4.268,-4.26558,  -4.268,  -4.268,-4.26558,-4.21014,-4.26558,-4.26558,-4.21014,-4.22411,-4.21014,  -4.268,-4.26558,-4.21014,-4.26558]
	PARPACK diagonalization completed after 30 matrix-vector product operations.
	iteration results: : total energy is -90.635009 | electron energy -90.708749 + phonon energy 0.073740 | electron momentum kIdx = 0
The 7-th iteration is completed.	|| time cost : 0h 0m 27.702s
********************************************************************************************************************
Start the 8 rounds of NGS-ED iteration
	effective electronic model is modified as: kinetic energy t = 0.816348
	                                           effective interaction Vq = [    -4.3,-4.26801,-4.26559,-4.26801,-4.26801,-4.26559,-4.21016,-4.26559,-4.26559,-4.21016,-4.22421,-4.21016,-4.26801,-4.26559,-4.21016,-4.26559]
	PARPACK diagonalization completed after 30 matrix-vector product operations.
	iteration results: : total energy is -90.635010 | electron energy -90.708763 + phonon energy 0.073753 | electron momentum kIdx = 0
The 8-th iteration is completed.	|| time cost : 0h 0m 27.636s
********************************************************************************************************************
Start the 9 rounds of NGS-ED iteration
	effective electronic model is modified as: kinetic energy t = 0.816346
	                                           effective interaction Vq = [    -4.3,-4.26801, -4.2656,-4.26801,-4.26801, -4.2656,-4.21016, -4.2656, -4.2656,-4.21016,-4.22424,-4.21016,-4.26801, -4.2656,-4.21016, -4.2656]
	PARPACK diagonalization completed after 30 matrix-vector product operations.
	iteration results: : total energy is -90.635010 | electron energy -90.708766 + phonon energy 0.073757 | electron momentum kIdx = 0
The 9-th iteration is completed.	|| time cost : 0h 0m 27.615s
********************************************************************************************************************
Start the 10 rounds of NGS-ED iteration
	effective electronic model is modified as: kinetic energy t = 0.816346
	                                           effective interaction Vq = [    -4.3,-4.26801, -4.2656,-4.26801,-4.26801, -4.2656,-4.21016, -4.2656, -4.2656,-4.21016,-4.22425,-4.21016,-4.26801, -4.2656,-4.21016, -4.2656]
	PARPACK diagonalization completed after 30 matrix-vector product operations.
	iteration results: : total energy is -90.635010 | electron energy -90.708767 + phonon energy 0.073757 | electron momentum kIdx = 0
	Nq(0) = 16,	Nq(1) = 0.397351,	Nq(2) = 0.751449,	Nq(3) = 0.397351,	Nq(4) = 0.397351,	Nq(5) = 0.751449,	Nq(6) = 0.648672,	Nq(7) = 0.751449,	Nq(8) = 0.751449,	Nq(9) = 0.648672,	Nq(10) = 0.940612,	Nq(11) = 0.648672,	Nq(12) = 0.397351,	Nq(13) = 0.751449,	Nq(14) = 0.648672,	Nq(15) = 0.751449,	Sq(0) = -4.55272e-18,	Sq(1) = 0.334735,	Sq(2) = 0.35999,	Sq(3) = 0.334735,	Sq(4) = 0.334735,	Sq(5) = 0.35999,	Sq(6) = 0.567759,	Sq(7) = 0.35999,	Sq(8) = 0.35999,	Sq(9) = 0.567759,	Sq(10) = 0.596693,	Sq(11) = 0.567759,	Sq(12) = 0.334735,	Sq(13) = 0.35999,	Sq(14) = 0.567759,	Sq(15) = 0.35999,	N(0) = 1.99848,	N(1) = 1.99592,	N(2) = 1,	N(3) = 1.99592,	N(4) = 1.99592,	N(5) = 1,	N(6) = 0.00408427,	N(7) = 1,	N(8) = 1,	N(9) = 0.00408427,	N(10) = 0.00151573,	N(11) = 0.00408427,	N(12) = 1.99592,	N(13) = 1,	N(14) = 0.00408427,	N(15) = 1,	Delta[s](0) = 0.675642,	Delta[s](1) = 0.313251,	Delta[s](2) = 0.27346,	Delta[s](3) = 0.313251,	Delta[s](4) = 0.313251,	Delta[s](5) = 0.27346,	Delta[s](6) = 0.252576,	Delta[s](7) = 0.27346,	Delta[s](8) = 0.27346,	Delta[s](9) = 0.252576,	Delta[s](10) = 0.236985,	Delta[s](11) = 0.252576,	Delta[s](12) = 0.313251,	Delta[s](13) = 0.27346,	Delta[s](14) = 0.252576,	Delta[s](15) = 0.27346,	Delta[d](0) = 0.333455,	Delta[d](1) = 0.278322,	Delta[d](2) = 0.253744,	Delta[d](3) = 0.278322,	Delta[d](4) = 0.278322,	Delta[d](5) = 0.247825,	Delta[d](6) = 0.235168,	Delta[d](7) = 0.247825,	Delta[d](8) = 0.253744,	Delta[d](9) = 0.235168,	Delta[d](10) = 0.162289,	Delta[d](11) = 0.235168,	Delta[d](12) = 0.278322,	Delta[d](13) = 0.247825,	Delta[d](14) = 0.235168,	Delta[d](15) = 0.247825,	Delta[s+](0) = 0.4598,	Delta[s+](1) = 0.377729,	Delta[s+](2) = 0.253744,	Delta[s+](3) = 0.377729,	Delta[s+](4) = 0.377729,	Delta[s+](5) = 0.253744,	Delta[s+](6) = 0.126285,	Delta[s+](7) = 0.253744,	Delta[s+](8) = 0.253744,	Delta[s+](9) = 0.126285,	Delta[s+](10) = 0.0424219,	Delta[s+](11) = 0.126285,	Delta[s+](12) = 0.377729,	Delta[s+](13) = 0.253744,	Delta[s+](14) = 0.126285,	Delta[s+](15) = 0.253744
The 10-th iteration is completed.	|| time cost : 0h 4m 39.597s
********************************************************************************************************************
Start the 11 rounds of NGS-ED iteration
	effective electronic model is modified as: kinetic energy t = 0.816346
	                                           effective interaction Vq = [    -4.3,-4.26801, -4.2656,-4.26801,-4.26801, -4.2656,-4.21016, -4.2656, -4.2656,-4.21016,-4.22425,-4.21016,-4.26801, -4.2656,-4.21016, -4.2656]
	PARPACK diagonalization completed after 30 matrix-vector product operations.
	iteration results: : total energy is -90.635010 | electron energy -90.708767 + phonon energy 0.073757 | electron momentum kIdx = 0
The 11-th iteration is completed.	|| time cost : 0h 0m 27.693s
********************************************************************************************************************
Start the 12 rounds of NGS-ED iteration
	effective electronic model is modified as: kinetic energy t = 0.816346
	                                           effective interaction Vq = [    -4.3,-4.26801, -4.2656,-4.26801,-4.26801, -4.2656,-4.21016, -4.2656, -4.2656,-4.21016,-4.22425,-4.21016,-4.26801, -4.2656,-4.21016, -4.2656]
	PARPACK diagonalization completed after 30 matrix-vector product operations.
	iteration results: : total energy is -90.635010 | electron energy -90.708767 + phonon energy 0.073758 | electron momentum kIdx = 0
	Nq(0) = 16,	Nq(1) = 0.397351,	Nq(2) = 0.751449,	Nq(3) = 0.397351,	Nq(4) = 0.397351,	Nq(5) = 0.751449,	Nq(6) = 0.648672,	Nq(7) = 0.751449,	Nq(8) = 0.751449,	Nq(9) = 0.648672,	Nq(10) = 0.940616,	Nq(11) = 0.648672,	Nq(12) = 0.397351,	Nq(13) = 0.751449,	Nq(14) = 0.648672,	Nq(15) = 0.751449,	Sq(0) = 4.17641e-18,	Sq(1) = 0.334734,	Sq(2) = 0.359989,	Sq(3) = 0.334734,	Sq(4) = 0.334734,	Sq(5) = 0.359989,	Sq(6) = 0.567759,	Sq(7) = 0.359989,	Sq(8) = 0.359989,	Sq(9) = 0.567759,	Sq(10) = 0.596692,	Sq(11) = 0.567759,	Sq(12) = 0.334734,	Sq(13) = 0.359989,	Sq(14) = 0.567759,	Sq(15) = 0.359989,	N(0) = 1.99848,	N(1) = 1.99592,	N(2) = 1,	N(3) = 1.99592,	N(4) = 1.99592,	N(5) = 1,	N(6) = 0.00408429,	N(7) = 1,	N(8) = 1,	N(9) = 0.00408429,	N(10) = 0.00151573,	N(11) = 0.00408429,	N(12) = 1.99592,	N(13) = 1,	N(14) = 0.00408429,	N(15) = 1,	Delta[s](0) = 0.675643,	Delta[s](1) = 0.313251,	Delta[s](2) = 0.27346,	Delta[s](3) = 0.313251,	Delta[s](4) = 0.313251,	Delta[s](5) = 0.27346,	Delta[s](6) = 0.252576,	Delta[s](7) = 0.27346,	Delta[s](8) = 0.27346,	Delta[s](9) = 0.252576,	Delta[s](10) = 0.236984,	Delta[s](11) = 0.252576,	Delta[s](12) = 0.313251,	Delta[s](13) = 0.27346,	Delta[s](14) = 0.252576,	Delta[s](15) = 0.27346,	Delta[d](0) = 0.333455,	Delta[d](1) = 0.278322,	Delta[d](2) = 0.253744,	Delta[d](3) = 0.278322,	Delta[d](4) = 0.278322,	Delta[d](5) = 0.247825,	Delta[d](6) = 0.235168,	Delta[d](7) = 0.247825,	Delta[d](8) = 0.253744,	Delta[d](9) = 0.235168,	Delta[d](10) = 0.162288,	Delta[d](11) = 0.235168,	Delta[d](12) = 0.278322,	Delta[d](13) = 0.247825,	Delta[d](14) = 0.235168,	Delta[d](15) = 0.247825,	Delta[s+](0) = 0.4598,	Delta[s+](1) = 0.377729,	Delta[s+](2) = 0.253744,	Delta[s+](3) = 0.377729,	Delta[s+](4) = 0.377729,	Delta[s+](5) = 0.253744,	Delta[s+](6) = 0.126285,	Delta[s+](7) = 0.253744,	Delta[s+](8) = 0.253744,	Delta[s+](9) = 0.126285,	Delta[s+](10) = 0.0424219,	Delta[s+](11) = 0.126285,	Delta[s+](12) = 0.377729,	Delta[s+](13) = 0.253744,	Delta[s+](14) = 0.126285,	Delta[s+](15) = 0.253744
The 12-th iteration is completed.	|| time cost : 0h 4m 40.7s
********************************************************************************************************************
********************************************************************************************************************
Ground state is obtained after 13 iterations. The current ground-state energy is -90.635, in which electron energy is -90.7088 and phonon energy is 0.0737575
final variational state is: 
	Gamma_x = [      1,1.01697,1.03344,1.01697,1.01697,1.03344,1.04404,1.03344,1.03344,1.04404,1.05989,1.04404,1.01697,1.03344,1.04404,1.03344]
	lambda_q = [0.518411,0.473698,0.472041,0.473698,0.473698,0.472041, 0.44348,0.472041,0.472041, 0.44348,0.449605, 0.44348,0.473698,0.472041, 0.44348,0.472041]
********************************************************************************************************************
o___o  ----------------------------------------
| L |	Time since last clock: 0h 0m 0s
A===A	Time since the beginning: 0h 29m 22.325s
***********************************************


Non-Gaussina ED ground state calculation is completed. The final ground-state energy is -90.635
********************************************************************************************************************
o___o  ----------------------------------------
| L |	Time since last clock: 0h 0m 0.006s
A===A	Time since the beginning: 0h 29m 22.332s
***********************************************



********************************************************************************************************************
All non-Gaussian ED ground state calculations have been completed. Exit now.
