TACC:  Starting up job 4374820 
TACC:  Starting parallel tasks... 
SNEDics v3.4 Non-Gaussian ED ground state program		Start at Sat Sep 21 15:19:48 2019

parallized on 32 MPI threads  * 6 OpenMP threads = 192 total threads.
********************************************************************************************************************
********************************************************************************************************************

********************************************************************************************************************
System parameters and configurations
********************************************************************************************************************
Special program options are enabled: splitted diagonal Hamiltonian
********************************************************************************************************************
Read input file "model_params.in"
	Hubbard-Holstein model parameters : 	t = 1    U = 4.5    g = 3.873    W = 5    
********************************************************************************************************************
Read input file "hilbertspace_params.in"
	Requested 16-site 2D lattice, with 16 electrons (8, 8)
	Boundary : Periodic		Hilbert space representation : momentum-space (restricted to kIdx = 0)
	Conservation: particle number[U(1)]      spin[U(1)]     momentum
********************************************************************************************************************

Cluster Positions:				Cluster symmetry group : D4
 x ... x ... x ... x .....                       x ... x ... x ... x .....
 |           |           :                       |           |           :
 |           |           :                       |           |           :
12    13    14    15     x                       1     5     6     5     x
 |           |           :                       |           |           :
 |           |           :                       |           |           :
 8 --- 9 ---10 ---11 --- x                       2 --- 6 ---10 --- 6 --- x
 |           |           :                       |           |           :
 |           |           :                       |           |           :
 4     5     6     7     x                       1     5     6     5     x
 |           |           :                       |           |           :
 |           |           :                       |           |           :
 0 --- 1 --- 2 --- 3 --- x                       0 --- 1 --- 2 --- 1 --- x
orbital number : 1
********************************************************************************************************************
Read input file "obs_params.in"
	Observable Type : Nq(All),   Sq(All),   N(All),   Delta[s](All),   Delta[d](All),   Delta[s+](All)
********************************************************************************************************************
** WARNING ** the input observables have non-local factors which have been reinterpreted. The total observable number is 96
********************************************************************************************************************


********************************************************************************************************************
Start calculating the non-Gaussian ED ground state
** WARNING ** Detected low phonon energy W < 10. The initial state will be prepared through a warm-up process.
********************************************************************************************************************
Start warm-up calculation for scaling factor 2
open output files: NGSEDWarmUpW10Obs.txt
********************************************************************************************************************
Start the 0 rounds of NGS-ED iteration
	effective electronic model is modified as: kinetic energy t = 1
	                                           effective interaction Vq = [0,0,0,0,0,0,0,0,0,0,0,0,0,0,0,0]
	first Hamiltonian is constructed, non-zero numbers = 2845383612
	PARPACK diagonalization completed after 105 matrix-vector product operations.
	iteration results: : total energy is -12.741849 | electron energy -12.741849 + phonon energy 0.000000 | electron momentum kIdx = 0
	Nq(0) = 16,	Nq(1) = 0.140219,	Nq(2) = 0.213822,	Nq(3) = 0.140219,	Nq(4) = 0.140219,	Nq(5) = 0.213822,	Nq(6) = 0.290137,	Nq(7) = 0.213822,	Nq(8) = 0.213822,	Nq(9) = 0.290137,	Nq(10) = 0.354882,	Nq(11) = 0.290137,	Nq(12) = 0.140219,	Nq(13) = 0.213822,	Nq(14) = 0.290137,	Nq(15) = 0.213822,	Sq(0) = -3.79192e-19,	Sq(1) = 0.427529,	Sq(2) = 0.627314,	Sq(3) = 0.427529,	Sq(4) = 0.427529,	Sq(5) = 0.627314,	Sq(6) = 0.8231,	Sq(7) = 0.627314,	Sq(8) = 0.627314,	Sq(9) = 0.8231,	Sq(10) = 3.87436,	Sq(11) = 0.8231,	Sq(12) = 0.427529,	Sq(13) = 0.627314,	Sq(14) = 0.8231,	Sq(15) = 0.627314,	N(0) = 1.91426,	N(1) = 1.81163,	N(2) = 1,	N(3) = 1.81163,	N(4) = 1.81163,	N(5) = 1,	N(6) = 0.18837,	N(7) = 1,	N(8) = 1,	N(9) = 0.18837,	N(10) = 0.0857425,	N(11) = 0.18837,	N(12) = 1.81163,	N(13) = 1,	N(14) = 0.18837,	N(15) = 1,	Delta[s](0) = 0.158645,	Delta[s](1) = 0.13464,	Delta[s](2) = 0.106404,	Delta[s](3) = 0.13464,	Delta[s](4) = 0.13464,	Delta[s](5) = 0.106404,	Delta[s](6) = 0.079125,	Delta[s](7) = 0.106404,	Delta[s](8) = 0.106404,	Delta[s](9) = 0.079125,	Delta[s](10) = 0.0274916,	Delta[s](11) = 0.079125,	Delta[s](12) = 0.13464,	Delta[s](13) = 0.106404,	Delta[s](14) = 0.079125,	Delta[s](15) = 0.106404,	Delta[d](0) = 0.560474,	Delta[d](1) = 0.391879,	Delta[d](2) = 0.311905,	Delta[d](3) = 0.391879,	Delta[d](4) = 0.391879,	Delta[d](5) = 0.328055,	Delta[d](6) = 0.236476,	Delta[d](7) = 0.328055,	Delta[d](8) = 0.311905,	Delta[d](9) = 0.236476,	Delta[d](10) = 0.107398,	Delta[d](11) = 0.236476,	Delta[d](12) = 0.391879,	Delta[d](13) = 0.328055,	Delta[d](14) = 0.236476,	Delta[d](15) = 0.328055,	Delta[s+](0) = 0.593666,	Delta[s+](1) = 0.470705,	Delta[s+](2) = 0.311905,	Delta[s+](3) = 0.470705,	Delta[s+](4) = 0.470705,	Delta[s+](5) = 0.311905,	Delta[s+](6) = 0.159844,	Delta[s+](7) = 0.311905,	Delta[s+](8) = 0.311905,	Delta[s+](9) = 0.159844,	Delta[s+](10) = 0.042394,	Delta[s+](11) = 0.159844,	Delta[s+](12) = 0.470705,	Delta[s+](13) = 0.311905,	Delta[s+](14) = 0.159844,	Delta[s+](15) = 0.311905
The 0-th iteration is completed.	|| time cost : 0h 5m 40.816s
********************************************************************************************************************
Start the 1 rounds of NGS-ED iteration
	effective electronic model is modified as: kinetic energy t = 0.927428
	                                           effective interaction Vq = [-2.59402,-2.34537,-2.27149,-2.34537,-2.34537,-2.27149,-2.24041,-2.27149,-2.27149,-2.24041,-2.21151,-2.24041,-2.34537,-2.27149,-2.24041,-2.27149]
	PARPACK diagonalization completed after 90 matrix-vector product operations.
	iteration results: : total energy is -63.937742 | electron energy -63.942644 + phonon energy 0.004903 | electron momentum kIdx = 0
The 1-th iteration is completed.	|| time cost : 0h 3m 48.63s
********************************************************************************************************************
Start the 2 rounds of NGS-ED iteration
	effective electronic model is modified as: kinetic energy t = 0.859967
	                                           effective interaction Vq = [-2.94508,-2.82327,-2.80504,-2.82327,-2.82327,-2.80504,-2.72094,-2.80504,-2.80504,-2.72094,-2.72534,-2.72094,-2.82327,-2.80504,-2.72094,-2.80504]
	PARPACK diagonalization completed after 60 matrix-vector product operations.
	iteration results: : total energy is -72.798941 | electron energy -72.844582 + phonon energy 0.045641 | electron momentum kIdx = 0
The 2-th iteration is completed.	|| time cost : 0h 0m 27.961s
********************************************************************************************************************
Start the 3 rounds of NGS-ED iteration
	effective electronic model is modified as: kinetic energy t = 0.83211
	                                           effective interaction Vq = [-2.99259,-2.92119,-2.91414,-2.92119,-2.92119,-2.91414,-2.83756,-2.91414,-2.91414,-2.83756,-2.85859,-2.83756,-2.92119,-2.91414,-2.83756,-2.91414]
	PARPACK diagonalization completed after 45 matrix-vector product operations.
	iteration results: : total energy is -74.012159 | electron energy -74.095459 + phonon energy 0.083301 | electron momentum kIdx = 0
The 3-th iteration is completed.	|| time cost : 0h 0m 29.228s
********************************************************************************************************************
Start the 4 rounds of NGS-ED iteration
	effective electronic model is modified as: kinetic energy t = 0.821603
	                                           effective interaction Vq = [-2.99902,-2.94658,-2.94047,-2.94658,-2.94658,-2.94047,-2.87262,-2.94047,-2.94047,-2.87262,-2.90881,-2.87262,-2.94658,-2.94047,-2.87262,-2.94047]
	PARPACK diagonalization completed after 45 matrix-vector product operations.
	iteration results: : total energy is -74.179832 | electron energy -74.281503 + phonon energy 0.101671 | electron momentum kIdx = 0
The 4-th iteration is completed.	|| time cost : 0h 0m 26.73s
********************************************************************************************************************
Start the 5 rounds of NGS-ED iteration
	effective electronic model is modified as: kinetic energy t = 0.817717
	                                           effective interaction Vq = [-2.99989,  -2.954,-2.94477,  -2.954,  -2.954,-2.94477,-2.88396,-2.94477,-2.94477,-2.88396,-2.94167,-2.88396,  -2.954,-2.94477,-2.88396,-2.94477]
	PARPACK diagonalization completed after 45 matrix-vector product operations.
	iteration results: : total energy is -74.223296 | electron energy -74.332949 + phonon energy 0.109653 | electron momentum kIdx = 0
The 5-th iteration is completed.	|| time cost : 0h 0m 24.213s
********************************************************************************************************************
Start the 6 rounds of NGS-ED iteration
	effective electronic model is modified as: kinetic energy t = 0.818792
	                                           effective interaction Vq = [-3.00001,-2.95318,-2.92705,-2.95318,-2.95318,-2.92705,-2.88282,-2.92705,-2.92705,-2.88282,-2.97394,-2.88282,-2.95318,-2.92705,-2.88282,-2.92705]
	PARPACK diagonalization completed after 45 matrix-vector product operations.
	iteration results: : total energy is -74.313455 | electron energy -74.425897 + phonon energy 0.112443 | electron momentum kIdx = 0
The 6-th iteration is completed.	|| time cost : 0h 0m 24.202s
********************************************************************************************************************
Start the 7 rounds of NGS-ED iteration
	effective electronic model is modified as: kinetic energy t = 0.826162
	                                           effective interaction Vq = [-3.00002,-2.94422,-2.87518,-2.94422,-2.94422,-2.87518,-2.86959,-2.87518,-2.87518,-2.86959,-2.98836,-2.86959,-2.94422,-2.87518,-2.86959,-2.87518]
	PARPACK diagonalization completed after 45 matrix-vector product operations.
	iteration results: : total energy is -74.386816 | electron energy -74.496699 + phonon energy 0.109884 | electron momentum kIdx = 0
The 7-th iteration is completed.	|| time cost : 0h 0m 24.261s
********************************************************************************************************************
Start the 8 rounds of NGS-ED iteration
	effective electronic model is modified as: kinetic energy t = 0.83015
	                                           effective interaction Vq = [-3.00003,-2.93717,-2.84528,-2.93717,-2.93717,-2.84528,-2.85973,-2.84528,-2.84528,-2.85973,-2.99241,-2.85973,-2.93717,-2.84528,-2.85973,-2.84528]
	PARPACK diagonalization completed after 30 matrix-vector product operations.
	iteration results: : total energy is -74.401309 | electron energy -74.508216 + phonon energy 0.106907 | electron momentum kIdx = 0
The 8-th iteration is completed.	|| time cost : 0h 0m 20.541s
********************************************************************************************************************
Start the 9 rounds of NGS-ED iteration
	effective electronic model is modified as: kinetic energy t = 0.831808
	                                           effective interaction Vq = [-3.00003,-2.93341,-2.83319,-2.93341,-2.93341,-2.83319,-2.85463,-2.83319,-2.83319,-2.85463,-2.99366,-2.85463,-2.93341,-2.83319,-2.85463,-2.83319]
	PARPACK diagonalization completed after 30 matrix-vector product operations.
	iteration results: : total energy is -74.403505 | electron energy -74.508743 + phonon energy 0.105238 | electron momentum kIdx = 0
The 9-th iteration is completed.	|| time cost : 0h 0m 20.518s
********************************************************************************************************************
Start the 10 rounds of NGS-ED iteration
	effective electronic model is modified as: kinetic energy t = 0.832483
	                                           effective interaction Vq = [-3.00003,-2.93163, -2.8286,-2.93163,-2.93163, -2.8286,-2.85223, -2.8286, -2.8286,-2.85223,-2.99409,-2.85223,-2.93163, -2.8286,-2.85223, -2.8286]
	PARPACK diagonalization completed after 30 matrix-vector product operations.
	iteration results: : total energy is -74.403836 | electron energy -74.508300 + phonon energy 0.104464 | electron momentum kIdx = 0
	Nq(0) = 16,	Nq(1) = 0.328954,	Nq(2) = 0.367333,	Nq(3) = 0.328954,	Nq(4) = 0.328954,	Nq(5) = 0.367333,	Nq(6) = 0.595315,	Nq(7) = 0.367333,	Nq(8) = 0.367333,	Nq(9) = 0.595315,	Nq(10) = 4.71994,	Nq(11) = 0.595315,	Nq(12) = 0.328954,	Nq(13) = 0.367333,	Nq(14) = 0.595315,	Nq(15) = 0.367333,	Sq(0) = 4.76912e-19,	Sq(1) = 0.25959,	Sq(2) = 0.320745,	Sq(3) = 0.25959,	Sq(4) = 0.25959,	Sq(5) = 0.320745,	Sq(6) = 0.470403,	Sq(7) = 0.320745,	Sq(8) = 0.320745,	Sq(9) = 0.470403,	Sq(10) = 0.534543,	Sq(11) = 0.470403,	Sq(12) = 0.25959,	Sq(13) = 0.320745,	Sq(14) = 0.470403,	Sq(15) = 0.320745,	N(0) = 1.98612,	N(1) = 1.96265,	N(2) = 1,	N(3) = 1.96265,	N(4) = 1.96265,	N(5) = 1,	N(6) = 0.0373543,	N(7) = 1,	N(8) = 1,	N(9) = 0.0373543,	N(10) = 0.013877,	N(11) = 0.0373543,	N(12) = 1.96265,	N(13) = 1,	N(14) = 0.0373543,	N(15) = 1,	Delta[s](0) = 0.480456,	Delta[s](1) = 0.353729,	Delta[s](2) = 0.339243,	Delta[s](3) = 0.353729,	Delta[s](4) = 0.353729,	Delta[s](5) = 0.339243,	Delta[s](6) = 0.282168,	Delta[s](7) = 0.339243,	Delta[s](8) = 0.339243,	Delta[s](9) = 0.282168,	Delta[s](10) = 0.251009,	Delta[s](11) = 0.282168,	Delta[s](12) = 0.353729,	Delta[s](13) = 0.339243,	Delta[s](14) = 0.282168,	Delta[s](15) = 0.339243,	Delta[d](0) = 0.225086,	Delta[d](1) = 0.219361,	Delta[d](2) = 0.217648,	Delta[d](3) = 0.219361,	Delta[d](4) = 0.219361,	Delta[d](5) = 0.141619,	Delta[d](6) = 0.17751,	Delta[d](7) = 0.141619,	Delta[d](8) = 0.217648,	Delta[d](9) = 0.17751,	Delta[d](10) = 0.0581145,	Delta[d](11) = 0.17751,	Delta[d](12) = 0.219361,	Delta[d](13) = 0.141619,	Delta[d](14) = 0.17751,	Delta[d](15) = 0.141619,	Delta[s+](0) = 0.421445,	Delta[s+](1) = 0.335791,	Delta[s+](2) = 0.217648,	Delta[s+](3) = 0.335791,	Delta[s+](4) = 0.335791,	Delta[s+](5) = 0.217648,	Delta[s+](6) = 0.0973315,	Delta[s+](7) = 0.217648,	Delta[s+](8) = 0.217648,	Delta[s+](9) = 0.0973315,	Delta[s+](10) = 0.0319012,	Delta[s+](11) = 0.0973315,	Delta[s+](12) = 0.335791,	Delta[s+](13) = 0.217648,	Delta[s+](14) = 0.0973315,	Delta[s+](15) = 0.217648
The 10-th iteration is completed.	|| time cost : 0h 4m 20.374s
********************************************************************************************************************
Start the 11 rounds of NGS-ED iteration
	effective electronic model is modified as: kinetic energy t = 0.832757
	                                           effective interaction Vq = [-3.00003,-2.93083,-2.82688,-2.93083,-2.93083,-2.82688,-2.85116,-2.82688,-2.82688,-2.85116,-2.99424,-2.85116,-2.93083,-2.82688,-2.85116,-2.82688]
	PARPACK diagonalization completed after 30 matrix-vector product operations.
	iteration results: : total energy is -74.403887 | electron energy -74.508012 + phonon energy 0.104126 | electron momentum kIdx = 0
The 11-th iteration is completed.	|| time cost : 0h 0m 23.713s
********************************************************************************************************************
Start the 12 rounds of NGS-ED iteration
	effective electronic model is modified as: kinetic energy t = 0.832869
	                                           effective interaction Vq = [-3.00003,-2.93048,-2.82624,-2.93048,-2.93048,-2.82624,-2.85069,-2.82624,-2.82624,-2.85069,-2.99429,-2.85069,-2.93048,-2.82624,-2.85069,-2.82624]
	PARPACK diagonalization completed after 30 matrix-vector product operations.
	iteration results: : total energy is -74.403895 | electron energy -74.507877 + phonon energy 0.103982 | electron momentum kIdx = 0
	Nq(0) = 16,	Nq(1) = 0.328433,	Nq(2) = 0.366927,	Nq(3) = 0.328433,	Nq(4) = 0.328433,	Nq(5) = 0.366927,	Nq(6) = 0.594569,	Nq(7) = 0.366927,	Nq(8) = 0.366927,	Nq(9) = 0.594569,	Nq(10) = 4.72799,	Nq(11) = 0.594569,	Nq(12) = 0.328433,	Nq(13) = 0.366927,	Nq(14) = 0.594569,	Nq(15) = 0.366927,	Sq(0) = -3.13037e-18,	Sq(1) = 0.259506,	Sq(2) = 0.320712,	Sq(3) = 0.259506,	Sq(4) = 0.259506,	Sq(5) = 0.320712,	Sq(6) = 0.470385,	Sq(7) = 0.320712,	Sq(8) = 0.320712,	Sq(9) = 0.470385,	Sq(10) = 0.534607,	Sq(11) = 0.470385,	Sq(12) = 0.259506,	Sq(13) = 0.320712,	Sq(14) = 0.470385,	Sq(15) = 0.320712,	N(0) = 1.98611,	N(1) = 1.96255,	N(2) = 1,	N(3) = 1.96255,	N(4) = 1.96255,	N(5) = 1,	N(6) = 0.0374484,	N(7) = 1,	N(8) = 1,	N(9) = 0.0374484,	N(10) = 0.0138941,	N(11) = 0.0374484,	N(12) = 1.96255,	N(13) = 1,	N(14) = 0.0374484,	N(15) = 1,	Delta[s](0) = 0.479865,	Delta[s](1) = 0.353783,	Delta[s](2) = 0.339264,	Delta[s](3) = 0.353783,	Delta[s](4) = 0.353783,	Delta[s](5) = 0.339264,	Delta[s](6) = 0.282233,	Delta[s](7) = 0.339264,	Delta[s](8) = 0.339264,	Delta[s](9) = 0.282233,	Delta[s](10) = 0.25127,	Delta[s](11) = 0.282233,	Delta[s](12) = 0.353783,	Delta[s](13) = 0.339264,	Delta[s](14) = 0.282233,	Delta[s](15) = 0.339264,	Delta[d](0) = 0.224954,	Delta[d](1) = 0.219201,	Delta[d](2) = 0.217563,	Delta[d](3) = 0.219201,	Delta[d](4) = 0.219201,	Delta[d](5) = 0.141477,	Delta[d](6) = 0.177335,	Delta[d](7) = 0.141477,	Delta[d](8) = 0.217563,	Delta[d](9) = 0.177335,	Delta[d](10) = 0.0579614,	Delta[d](11) = 0.177335,	Delta[d](12) = 0.219201,	Delta[d](13) = 0.141477,	Delta[d](14) = 0.177335,	Delta[d](15) = 0.141477,	Delta[s+](0) = 0.421477,	Delta[s+](1) = 0.335737,	Delta[s+](2) = 0.217563,	Delta[s+](3) = 0.335737,	Delta[s+](4) = 0.335737,	Delta[s+](5) = 0.217563,	Delta[s+](6) = 0.0972148,	Delta[s+](7) = 0.217563,	Delta[s+](8) = 0.217563,	Delta[s+](9) = 0.0972148,	Delta[s+](10) = 0.0318252,	Delta[s+](11) = 0.0972148,	Delta[s+](12) = 0.335737,	Delta[s+](13) = 0.217563,	Delta[s+](14) = 0.0972148,	Delta[s+](15) = 0.217563
The 12-th iteration is completed.	|| time cost : 0h 4m 8.089s
********************************************************************************************************************
********************************************************************************************************************
Ground state is obtained after 13 iterations. The current ground-state energy is -74.4039, in which electron energy is -74.5079 and phonon energy is 0.103982
final variational state is: 
	Gamma_x = [      1, 1.0258,1.04109, 1.0258, 1.0258,1.04109,1.06381,1.04109,1.04109,1.06381,1.12522,1.06381, 1.0258,1.04109,1.06381,1.04109]
	lambda_q = [0.547724,0.464241,0.415803,0.464241,0.464241,0.415803,0.425441,0.415803,0.415803,0.425441,0.523829,0.425441,0.464241,0.415803,0.425441,0.415803]
********************************************************************************************************************
o___o  ----------------------------------------
| L |	Time since last clock: 0h 0m 0s
A===A	Time since the beginning: 0h 21m 39.282s
***********************************************


********************************************************************************************************************
Warm up runs have been completed. Start calculating W = 5 phonon.
open output files: NGSEDIterationObs.txt
********************************************************************************************************************
Start the 0 rounds of NGS-ED iteration
	effective electronic model is modified as: kinetic energy t = 0.832914
	                                           effective interaction Vq = [-2.74266,-2.51841,-2.35635,-2.51841,-2.51841,-2.35635,-2.39047,-2.35635,-2.35635,-2.39047, -2.6856,-2.39047,-2.51841,-2.35635,-2.39047,-2.35635]
	PARPACK diagonalization completed after 45 matrix-vector product operations.
	iteration results: : total energy is -66.318767 | electron energy -66.370727 + phonon energy 0.051961 | electron momentum kIdx = 0
	Nq(0) = 16,	Nq(1) = 0.322053,	Nq(2) = 0.352653,	Nq(3) = 0.322053,	Nq(4) = 0.322053,	Nq(5) = 0.352653,	Nq(6) = 0.55896,	Nq(7) = 0.352653,	Nq(8) = 0.352653,	Nq(9) = 0.55896,	Nq(10) = 4.40265,	Nq(11) = 0.55896,	Nq(12) = 0.322053,	Nq(13) = 0.352653,	Nq(14) = 0.55896,	Nq(15) = 0.352653,	Sq(0) = -9.00174e-18,	Sq(1) = 0.294934,	Sq(2) = 0.344914,	Sq(3) = 0.294934,	Sq(4) = 0.294934,	Sq(5) = 0.344914,	Sq(6) = 0.530291,	Sq(7) = 0.344914,	Sq(8) = 0.344914,	Sq(9) = 0.530291,	Sq(10) = 0.586994,	Sq(11) = 0.530291,	Sq(12) = 0.294934,	Sq(13) = 0.344914,	Sq(14) = 0.530291,	Sq(15) = 0.344914,	N(0) = 1.99366,	N(1) = 1.98033,	N(2) = 1,	N(3) = 1.98033,	N(4) = 1.98033,	N(5) = 1,	N(6) = 0.0196725,	N(7) = 1,	N(8) = 1,	N(9) = 0.0196725,	N(10) = 0.0063428,	N(11) = 0.0196725,	N(12) = 1.98033,	N(13) = 1,	N(14) = 0.0196725,	N(15) = 1,	Delta[s](0) = 0.405535,	Delta[s](1) = 0.331597,	Delta[s](2) = 0.320848,	Delta[s](3) = 0.331597,	Delta[s](4) = 0.331597,	Delta[s](5) = 0.320848,	Delta[s](6) = 0.275569,	Delta[s](7) = 0.320848,	Delta[s](8) = 0.320848,	Delta[s](9) = 0.275569,	Delta[s](10) = 0.262024,	Delta[s](11) = 0.275569,	Delta[s](12) = 0.331597,	Delta[s](13) = 0.320848,	Delta[s](14) = 0.275569,	Delta[s](15) = 0.320848,	Delta[d](0) = 0.23314,	Delta[d](1) = 0.232974,	Delta[d](2) = 0.233025,	Delta[d](3) = 0.232974,	Delta[d](4) = 0.232974,	Delta[d](5) = 0.149294,	Delta[d](6) = 0.189627,	Delta[d](7) = 0.149294,	Delta[d](8) = 0.233025,	Delta[d](9) = 0.189627,	Delta[d](10) = 0.0654233,	Delta[d](11) = 0.189627,	Delta[d](12) = 0.232974,	Delta[d](13) = 0.149294,	Delta[d](14) = 0.189627,	Delta[d](15) = 0.149294,	Delta[s+](0) = 0.458623,	Delta[s+](1) = 0.359968,	Delta[s+](2) = 0.233025,	Delta[s+](3) = 0.359968,	Delta[s+](4) = 0.359968,	Delta[s+](5) = 0.233025,	Delta[s+](6) = 0.105328,	Delta[s+](7) = 0.233025,	Delta[s+](8) = 0.233025,	Delta[s+](9) = 0.105328,	Delta[s+](10) = 0.0360033,	Delta[s+](11) = 0.105328,	Delta[s+](12) = 0.359968,	Delta[s+](13) = 0.233025,	Delta[s+](14) = 0.105328,	Delta[s+](15) = 0.233025
The 0-th iteration is completed.	|| time cost : 0h 4m 6.05s
********************************************************************************************************************
Start the 1 rounds of NGS-ED iteration
	effective electronic model is modified as: kinetic energy t = 0.809419
	                                           effective interaction Vq = [-2.90535,-2.66891,-2.46542,-2.66891,-2.66891,-2.46542,-2.50767,-2.46542,-2.46542,-2.50767,-2.86821,-2.50767,-2.66891,-2.46542,-2.50767,-2.46542]
	PARPACK diagonalization completed after 30 matrix-vector product operations.
	iteration results: : total energy is -69.807015 | electron energy -69.968067 + phonon energy 0.161052 | electron momentum kIdx = 0
The 1-th iteration is completed.	|| time cost : 0h 0m 24.602s
********************************************************************************************************************
Start the 2 rounds of NGS-ED iteration
	effective electronic model is modified as: kinetic energy t = 0.797657
	                                           effective interaction Vq = [ -2.9652,-2.72529,-2.51343,-2.72529,-2.72529,-2.51343, -2.5557,-2.51343,-2.51343, -2.5557,-2.94297, -2.5557,-2.72529,-2.51343, -2.5557,-2.51343]
	PARPACK diagonalization completed after 30 matrix-vector product operations.
	iteration results: : total energy is -71.085609 | electron energy -71.322487 + phonon energy 0.236878 | electron momentum kIdx = 0
The 2-th iteration is completed.	|| time cost : 0h 0m 24.132s
********************************************************************************************************************
Start the 3 rounds of NGS-ED iteration
	effective electronic model is modified as: kinetic energy t = 0.792241
	                                           effective interaction Vq = [-2.98721, -2.7457,-2.53393, -2.7457, -2.7457,-2.53393,-2.57411,-2.53393,-2.53393,-2.57411,-2.97194,-2.57411, -2.7457,-2.53393,-2.57411,-2.53393]
	PARPACK diagonalization completed after 30 matrix-vector product operations.
	iteration results: : total energy is -71.538627 | electron energy -71.817781 + phonon energy 0.279154 | electron momentum kIdx = 0
The 3-th iteration is completed.	|| time cost : 0h 0m 23.666s
********************************************************************************************************************
Start the 4 rounds of NGS-ED iteration
	effective electronic model is modified as: kinetic energy t = 0.789803
	                                           effective interaction Vq = [-2.99531,-2.75294,-2.54279,-2.75294,-2.75294,-2.54279,  -2.581,-2.54279,-2.54279,  -2.581,-2.98341,  -2.581,-2.75294,-2.54279,  -2.581,-2.54279]
	PARPACK diagonalization completed after 30 matrix-vector product operations.
	iteration results: : total energy is -71.697061 | electron energy -71.998220 + phonon energy 0.301159 | electron momentum kIdx = 0
The 4-th iteration is completed.	|| time cost : 0h 0m 23.783s
********************************************************************************************************************
Start the 5 rounds of NGS-ED iteration
	effective electronic model is modified as: kinetic energy t = 0.788714
	                                           effective interaction Vq = [-2.99829,-2.75535,-2.54667,-2.75535,-2.75535,-2.54667,-2.58346,-2.54667,-2.54667,-2.58346,-2.98823,-2.58346,-2.75535,-2.54667,-2.58346,-2.54667]
	PARPACK diagonalization completed after 30 matrix-vector product operations.
	iteration results: : total energy is -71.752572 | electron energy -72.064862 + phonon energy 0.312290 | electron momentum kIdx = 0
The 5-th iteration is completed.	|| time cost : 0h 0m 23.797s
********************************************************************************************************************
Start the 6 rounds of NGS-ED iteration
	effective electronic model is modified as: kinetic energy t = 0.788237
	                                           effective interaction Vq = [-2.99939,-2.75599,-2.54837,-2.75599,-2.75599,-2.54837,-2.58421,-2.54837,-2.54837,-2.58421, -2.9904,-2.58421,-2.75599,-2.54837,-2.58421,-2.54837]
	PARPACK diagonalization completed after 30 matrix-vector product operations.
	iteration results: : total energy is -71.772183 | electron energy -72.089991 + phonon energy 0.317808 | electron momentum kIdx = 0
The 6-th iteration is completed.	|| time cost : 0h 0m 23.835s
********************************************************************************************************************
Start the 7 rounds of NGS-ED iteration
	effective electronic model is modified as: kinetic energy t = 0.788038
	                                           effective interaction Vq = [-2.99979,-2.75601,-2.54908,-2.75601,-2.75601,-2.54908,-2.58431,-2.54908,-2.54908,-2.58431,-2.99143,-2.58431,-2.75601,-2.54908,-2.58431,-2.54908]
	PARPACK diagonalization completed after 30 matrix-vector product operations.
	iteration results: : total energy is -71.779177 | electron energy -72.099666 + phonon energy 0.320490 | electron momentum kIdx = 0
The 7-th iteration is completed.	|| time cost : 0h 0m 22.718s
********************************************************************************************************************
Start the 8 rounds of NGS-ED iteration
	effective electronic model is modified as: kinetic energy t = 0.787964
	                                           effective interaction Vq = [-2.99994,-2.75583,-2.54935,-2.75583,-2.75583,-2.54935,-2.58418,-2.54935,-2.54935,-2.58418,-2.99193,-2.58418,-2.75583,-2.54935,-2.58418,-2.54935]
	PARPACK diagonalization completed after 30 matrix-vector product operations.
	iteration results: : total energy is -71.781692 | electron energy -72.103455 + phonon energy 0.321764 | electron momentum kIdx = 0
The 8-th iteration is completed.	|| time cost : 0h 0m 20.593s
********************************************************************************************************************
Start the 9 rounds of NGS-ED iteration
	effective electronic model is modified as: kinetic energy t = 0.787944
	                                           effective interaction Vq = [-2.99999,-2.75563,-2.54942,-2.75563,-2.75563,-2.54942,-2.58401,-2.54942,-2.54942,-2.58401,-2.99218,-2.58401,-2.75563,-2.54942,-2.58401,-2.54942]
	PARPACK diagonalization completed after 30 matrix-vector product operations.
	iteration results: : total energy is -71.782602 | electron energy -72.104954 + phonon energy 0.322352 | electron momentum kIdx = 0
The 9-th iteration is completed.	|| time cost : 0h 0m 20.598s
********************************************************************************************************************
Start the 10 rounds of NGS-ED iteration
	effective electronic model is modified as: kinetic energy t = 0.787944
	                                           effective interaction Vq = [-3.00001,-2.75546,-2.54942,-2.75546,-2.75546,-2.54942,-2.58384,-2.54942,-2.54942,-2.58384, -2.9923,-2.58384,-2.75546,-2.54942,-2.58384,-2.54942]
	PARPACK diagonalization completed after 30 matrix-vector product operations.
	iteration results: : total energy is -71.782933 | electron energy -72.105545 + phonon energy 0.322611 | electron momentum kIdx = 0
	Nq(0) = 16,	Nq(1) = 0.262016,	Nq(2) = 0.322164,	Nq(3) = 0.262016,	Nq(4) = 0.262016,	Nq(5) = 0.322164,	Nq(6) = 0.49192,	Nq(7) = 0.322164,	Nq(8) = 0.322164,	Nq(9) = 0.49192,	Nq(10) = 6.01341,	Nq(11) = 0.49192,	Nq(12) = 0.262016,	Nq(13) = 0.322164,	Nq(14) = 0.49192,	Nq(15) = 0.322164,	Sq(0) = -1.68584e-18,	Sq(1) = 0.230669,	Sq(2) = 0.303681,	Sq(3) = 0.230669,	Sq(4) = 0.230669,	Sq(5) = 0.303681,	Sq(6) = 0.443155,	Sq(7) = 0.303681,	Sq(8) = 0.303681,	Sq(9) = 0.443155,	Sq(10) = 0.520481,	Sq(11) = 0.443155,	Sq(12) = 0.230669,	Sq(13) = 0.303681,	Sq(14) = 0.443155,	Sq(15) = 0.303681,	N(0) = 1.97698,	N(1) = 1.92945,	N(2) = 1,	N(3) = 1.92945,	N(4) = 1.92945,	N(5) = 1,	N(6) = 0.0705484,	N(7) = 1,	N(8) = 1,	N(9) = 0.0705484,	N(10) = 0.0230222,	N(11) = 0.0705484,	N(12) = 1.92945,	N(13) = 1,	N(14) = 0.0705484,	N(15) = 1,	Delta[s](0) = 0.423801,	Delta[s](1) = 0.361842,	Delta[s](2) = 0.345921,	Delta[s](3) = 0.361842,	Delta[s](4) = 0.361842,	Delta[s](5) = 0.345921,	Delta[s](6) = 0.310716,	Delta[s](7) = 0.345921,	Delta[s](8) = 0.345921,	Delta[s](9) = 0.310716,	Delta[s](10) = 0.291512,	Delta[s](11) = 0.310716,	Delta[s](12) = 0.361842,	Delta[s](13) = 0.345921,	Delta[s](14) = 0.310716,	Delta[s](15) = 0.345921,	Delta[d](0) = 0.211794,	Delta[d](1) = 0.200679,	Delta[d](2) = 0.211759,	Delta[d](3) = 0.200679,	Delta[d](4) = 0.200679,	Delta[d](5) = 0.137152,	Delta[d](6) = 0.160942,	Delta[d](7) = 0.137152,	Delta[d](8) = 0.211759,	Delta[d](9) = 0.160942,	Delta[d](10) = 0.0624322,	Delta[d](11) = 0.160942,	Delta[d](12) = 0.200679,	Delta[d](13) = 0.137152,	Delta[d](14) = 0.160942,	Delta[d](15) = 0.137152,	Delta[s+](0) = 0.426275,	Delta[s+](1) = 0.329341,	Delta[s+](2) = 0.211759,	Delta[s+](3) = 0.329341,	Delta[s+](4) = 0.329341,	Delta[s+](5) = 0.211759,	Delta[s+](6) = 0.0937534,	Delta[s+](7) = 0.211759,	Delta[s+](8) = 0.211759,	Delta[s+](9) = 0.0937534,	Delta[s+](10) = 0.0352282,	Delta[s+](11) = 0.0937534,	Delta[s+](12) = 0.329341,	Delta[s+](13) = 0.211759,	Delta[s+](14) = 0.0937534,	Delta[s+](15) = 0.211759
The 10-th iteration is completed.	|| time cost : 0h 3m 45.455s
********************************************************************************************************************
Start the 11 rounds of NGS-ED iteration
	effective electronic model is modified as: kinetic energy t = 0.787952
	                                           effective interaction Vq = [-3.00002,-2.75532,-2.54939,-2.75532,-2.75532,-2.54939,-2.58371,-2.54939,-2.54939,-2.58371,-2.99237,-2.58371,-2.75532,-2.54939,-2.58371,-2.54939]
	PARPACK diagonalization completed after 30 matrix-vector product operations.
	iteration results: : total energy is -71.783054 | electron energy -72.105772 + phonon energy 0.322718 | electron momentum kIdx = 0
The 11-th iteration is completed.	|| time cost : 0h 0m 20.635s
********************************************************************************************************************
Start the 12 rounds of NGS-ED iteration
	effective electronic model is modified as: kinetic energy t = 0.787961
	                                           effective interaction Vq = [-3.00002,-2.75522,-2.54936,-2.75522,-2.75522,-2.54936,-2.58361,-2.54936,-2.54936,-2.58361, -2.9924,-2.58361,-2.75522,-2.54936,-2.58361,-2.54936]
	PARPACK diagonalization completed after 30 matrix-vector product operations.
	iteration results: : total energy is -71.783098 | electron energy -72.105854 + phonon energy 0.322756 | electron momentum kIdx = 0
The 12-th iteration is completed.	|| time cost : 0h 0m 20.565s
********************************************************************************************************************
Start the 13 rounds of NGS-ED iteration
	effective electronic model is modified as: kinetic energy t = 0.787968
	                                           effective interaction Vq = [-3.00003,-2.75516,-2.54933,-2.75516,-2.75516,-2.54933,-2.58354,-2.54933,-2.54933,-2.58354,-2.99242,-2.58354,-2.75516,-2.54933,-2.58354,-2.54933]
	PARPACK diagonalization completed after 30 matrix-vector product operations.
	iteration results: : total energy is -71.783115 | electron energy -72.105879 + phonon energy 0.322764 | electron momentum kIdx = 0
The 13-th iteration is completed.	|| time cost : 0h 0m 20.509s
********************************************************************************************************************
Start the 14 rounds of NGS-ED iteration
	effective electronic model is modified as: kinetic energy t = 0.787974
	                                           effective interaction Vq = [-3.00003,-2.75511,-2.54931,-2.75511,-2.75511,-2.54931,-2.58349,-2.54931,-2.54931,-2.58349,-2.99243,-2.58349,-2.75511,-2.54931,-2.58349,-2.54931]
	PARPACK diagonalization completed after 30 matrix-vector product operations.
	iteration results: : total energy is -71.783121 | electron energy -72.105882 + phonon energy 0.322761 | electron momentum kIdx = 0
The 14-th iteration is completed.	|| time cost : 0h 0m 20.544s
********************************************************************************************************************
Start the 15 rounds of NGS-ED iteration
	effective electronic model is modified as: kinetic energy t = 0.787979
	                                           effective interaction Vq = [-3.00003,-2.75508,-2.54929,-2.75508,-2.75508,-2.54929,-2.58346,-2.54929,-2.54929,-2.58346,-2.99243,-2.58346,-2.75508,-2.54929,-2.58346,-2.54929]
	PARPACK diagonalization completed after 30 matrix-vector product operations.
	iteration results: : total energy is -71.783123 | electron energy -72.105878 + phonon energy 0.322755 | electron momentum kIdx = 0
The 15-th iteration is completed.	|| time cost : 0h 0m 20.568s
********************************************************************************************************************
Start the 16 rounds of NGS-ED iteration
	effective electronic model is modified as: kinetic energy t = 0.787982
	                                           effective interaction Vq = [-3.00003,-2.75506,-2.54928,-2.75506,-2.75506,-2.54928,-2.58344,-2.54928,-2.54928,-2.58344,-2.99243,-2.58344,-2.75506,-2.54928,-2.58344,-2.54928]
	PARPACK diagonalization completed after 30 matrix-vector product operations.
	iteration results: : total energy is -71.783124 | electron energy -72.105873 + phonon energy 0.322749 | electron momentum kIdx = 0
The 16-th iteration is completed.	|| time cost : 0h 0m 20.547s
********************************************************************************************************************
Start the 17 rounds of NGS-ED iteration
	effective electronic model is modified as: kinetic energy t = 0.787984
	                                           effective interaction Vq = [-3.00003,-2.75504,-2.54927,-2.75504,-2.75504,-2.54927,-2.58342,-2.54927,-2.54927,-2.58342,-2.99243,-2.58342,-2.75504,-2.54927,-2.58342,-2.54927]
	PARPACK diagonalization completed after 30 matrix-vector product operations.
	iteration results: : total energy is -71.783124 | electron energy -72.105868 + phonon energy 0.322744 | electron momentum kIdx = 0
The 17-th iteration is completed.	|| time cost : 0h 0m 24.219s
********************************************************************************************************************
Start the 18 rounds of NGS-ED iteration
	effective electronic model is modified as: kinetic energy t = 0.787985
	                                           effective interaction Vq = [-3.00003,-2.75503,-2.54926,-2.75503,-2.75503,-2.54926,-2.58341,-2.54926,-2.54926,-2.58341,-2.99244,-2.58341,-2.75503,-2.54926,-2.58341,-2.54926]
	PARPACK diagonalization completed after 30 matrix-vector product operations.
	iteration results: : total energy is -71.783124 | electron energy -72.105864 + phonon energy 0.322740 | electron momentum kIdx = 0
The 18-th iteration is completed.	|| time cost : 0h 0m 23.173s
********************************************************************************************************************
Start the 19 rounds of NGS-ED iteration
	effective electronic model is modified as: kinetic energy t = 0.787986
	                                           effective interaction Vq = [-3.00003,-2.75503,-2.54926,-2.75503,-2.75503,-2.54926, -2.5834,-2.54926,-2.54926, -2.5834,-2.99244, -2.5834,-2.75503,-2.54926, -2.5834,-2.54926]
	PARPACK diagonalization completed after 30 matrix-vector product operations.
	iteration results: : total energy is -71.783124 | electron energy -72.105862 + phonon energy 0.322738 | electron momentum kIdx = 0
The 19-th iteration is completed.	|| time cost : 0h 0m 20.544s
********************************************************************************************************************
Start the 20 rounds of NGS-ED iteration
	effective electronic model is modified as: kinetic energy t = 0.787987
	                                           effective interaction Vq = [-3.00003,-2.75502,-2.54926,-2.75502,-2.75502,-2.54926, -2.5834,-2.54926,-2.54926, -2.5834,-2.99244, -2.5834,-2.75502,-2.54926, -2.5834,-2.54926]
	PARPACK diagonalization completed after 30 matrix-vector product operations.
	iteration results: : total energy is -71.783124 | electron energy -72.105860 + phonon energy 0.322736 | electron momentum kIdx = 0
