SNEDics v3.4 Non-Gaussian ED ground state program		Start at Fri Sep 27 16:07:39 2019

parallized on 16 MPI threads  * 8 OpenMP threads = 128 total threads.
********************************************************************************************************************
********************************************************************************************************************

********************************************************************************************************************
System parameters and configurations
********************************************************************************************************************
Special program options are enabled: splitted diagonal Hamiltonian
********************************************************************************************************************
Read input file "model_params.in"
	Hubbard-Holstein model parameters : 	t = 1    U = 5    g = 2.2361    W = 5    
********************************************************************************************************************
Read input file "hilbertspace_params.in"
	Requested 16-site 2D lattice, with 12 electrons (6, 6)
	Boundary : Periodic		Hilbert space representation : momentum-space (restricted to kIdx = 10)
	Conservation: particle number[U(1)]      spin[U(1)]     momentum
********************************************************************************************************************

Cluster Positions:				Cluster symmetry group : D4
 x ... x ... x ... x .....                       x ... x ... x ... x .....
 |           |           :                       |           |           :
 |           |           :                       |           |           :
12    13    14    15     x                       1     5     6     5     x
 |           |           :                       |           |           :
 |           |           :                       |           |           :
 8 --- 9 ---10 ---11 --- x                       2 --- 6 ---10 --- 6 --- x
 |           |           :                       |           |           :
 |           |           :                       |           |           :
 4     5     6     7     x                       1     5     6     5     x
 |           |           :                       |           |           :
 |           |           :                       |           |           :
 0 --- 1 --- 2 --- 3 --- x                       0 --- 1 --- 2 --- 1 --- x
orbital number : 1
********************************************************************************************************************
Read input file "obs_params.in"
	Observable Type : Nq(All),   Sq(All),   N(All),   Delta[s](All),   Delta[d](All),   Delta[s+](All)
********************************************************************************************************************
** WARNING ** the input observables have non-local factors which have been reinterpreted. The total observable number is 96
********************************************************************************************************************


********************************************************************************************************************
Start calculating the non-Gaussian ED ground state
** WARNING ** Detected low phonon energy W < 10. The initial state will be prepared through a warm-up process.
********************************************************************************************************************
Start warm-up calculation for scaling factor 2
open output files: NGSEDWarmUpW10Obs.txt
********************************************************************************************************************
Start the 0 rounds of NGS-ED iteration
	effective electronic model is modified as: kinetic energy t = 1
	                                           effective interaction Vq = [-0,-0,-0,-0,-0,-0,-0,-0,-0,-0,-0,-0,-0,-0,-0,-0]
	first Hamiltonian is constructed, non-zero numbers = 969134084
	PARPACK diagonalization completed after 135 matrix-vector product operations.
	iteration results: : total energy is -16.786858 | electron energy -16.786858 + phonon energy 0.000000 | electron momentum kIdx = 10
	Nq(0) = 9,	Nq(1) = 0.230803,	Nq(2) = 0.275981,	Nq(3) = 0.230803,	Nq(4) = 0.230803,	Nq(5) = 0.299564,	Nq(6) = 0.381314,	Nq(7) = 0.299564,	Nq(8) = 0.275981,	Nq(9) = 0.381314,	Nq(10) = 0.469772,	Nq(11) = 0.381314,	Nq(12) = 0.230803,	Nq(13) = 0.299564,	Nq(14) = 0.381314,	Nq(15) = 0.299564,	Sq(0) = 5.72333e-18,	Sq(1) = 0.515182,	Sq(2) = 0.858878,	Sq(3) = 0.515182,	Sq(4) = 0.515182,	Sq(5) = 0.527953,	Sq(6) = 0.918152,	Sq(7) = 0.527953,	Sq(8) = 0.858878,	Sq(9) = 0.918152,	Sq(10) = 0.768634,	Sq(11) = 0.918152,	Sq(12) = 0.515182,	Sq(13) = 0.527953,	Sq(14) = 0.918152,	Sq(15) = 0.527953,	N(0) = 1.88012,	N(1) = 1.78772,	N(2) = 0.15745,	N(3) = 1.78772,	N(4) = 1.78772,	N(5) = 0.567945,	N(6) = 0.083142,	N(7) = 0.567945,	N(8) = 0.15745,	N(9) = 0.083142,	N(10) = 0.0497679,	N(11) = 0.083142,	N(12) = 1.78772,	N(13) = 0.567945,	N(14) = 0.083142,	N(15) = 0.567945,	Delta[s](0) = 0.109586,	Delta[s](1) = 0.076829,	Delta[s](2) = 0.04956,	Delta[s](3) = 0.076829,	Delta[s](4) = 0.076829,	Delta[s](5) = 0.0558796,	Delta[s](6) = 0.0223132,	Delta[s](7) = 0.0558796,	Delta[s](8) = 0.04956,	Delta[s](9) = 0.0223132,	Delta[s](10) = 0.00543645,	Delta[s](11) = 0.0223132,	Delta[s](12) = 0.076829,	Delta[s](13) = 0.0558796,	Delta[s](14) = 0.0223132,	Delta[s](15) = 0.0558796,	Delta[d](0) = 0.215627,	Delta[d](1) = 0.11722,	Delta[d](2) = 0.157522,	Delta[d](3) = 0.11722,	Delta[d](4) = 0.11722,	Delta[d](5) = 0.11957,	Delta[d](6) = 0.071607,	Delta[d](7) = 0.11957,	Delta[d](8) = 0.157522,	Delta[d](9) = 0.071607,	Delta[d](10) = 0.0248369,	Delta[d](11) = 0.071607,	Delta[d](12) = 0.11722,	Delta[d](13) = 0.11957,	Delta[d](14) = 0.071607,	Delta[d](15) = 0.11957,	Delta[s+](0) = 0.543322,	Delta[s+](1) = 0.370242,	Delta[s+](2) = 0.157522,	Delta[s+](3) = 0.370242,	Delta[s+](4) = 0.370242,	Delta[s+](5) = 0.208605,	Delta[s+](6) = 0.0556891,	Delta[s+](7) = 0.208605,	Delta[s+](8) = 0.157522,	Delta[s+](9) = 0.0556891,	Delta[s+](10) = 0.0118637,	Delta[s+](11) = 0.0556891,	Delta[s+](12) = 0.370242,	Delta[s+](13) = 0.208605,	Delta[s+](14) = 0.0556891,	Delta[s+](15) = 0.208605
The 0-th iteration is completed.	|| time cost : 0h 2m 57.37s
********************************************************************************************************************
Start the 1 rounds of NGS-ED iteration
	effective electronic model is modified as: kinetic energy t = 0.972686
	                                           effective interaction Vq = [-0.864689,-0.810508,-0.774641,-0.810508,-0.810508,-0.781642,-0.767315,-0.781642,-0.774641,-0.767315,-0.759718,-0.767315,-0.810508,-0.781642,-0.767315,-0.781642]
	PARPACK diagonalization completed after 45 matrix-vector product operations.
	iteration results: : total energy is -27.842208 | electron energy -27.842944 + phonon energy 0.000736 | electron momentum kIdx = 10
The 1-th iteration is completed.	|| time cost : 0h 2m 31.885s
********************************************************************************************************************
Start the 2 rounds of NGS-ED iteration
	effective electronic model is modified as: kinetic energy t = 0.957313
	                                           effective interaction Vq = [-0.981712,-0.928466,-0.881317,-0.928466,-0.928466,-0.891036, -0.87585,-0.891036,-0.881317, -0.87585,-0.869796, -0.87585,-0.928466,-0.891036, -0.87585,-0.891036]
	PARPACK diagonalization completed after 30 matrix-vector product operations.
	iteration results: : total energy is -29.137003 | electron energy -29.141461 + phonon energy 0.004458 | electron momentum kIdx = 10
The 2-th iteration is completed.	|| time cost : 0h 0m 8.973s
********************************************************************************************************************
Start the 3 rounds of NGS-ED iteration
	effective electronic model is modified as: kinetic energy t = 0.952744
	                                           effective interaction Vq = [ -0.99755,-0.952873,-0.903076,-0.952873,-0.952873,-0.913637,-0.898392,-0.913637,-0.903076,-0.898392,-0.893012,-0.898392,-0.952873,-0.913637,-0.898392,-0.913637]
	PARPACK diagonalization completed after 30 matrix-vector product operations.
	iteration results: : total energy is -29.297634 | electron energy -29.304705 + phonon energy 0.007071 | electron momentum kIdx = 10
The 3-th iteration is completed.	|| time cost : 0h 0m 8.935s
********************************************************************************************************************
Start the 4 rounds of NGS-ED iteration
	effective electronic model is modified as: kinetic energy t = 0.951493
	                                           effective interaction Vq = [-0.999693,-0.959172,-0.908301,-0.959172,-0.959172,-0.919183,-0.903864,-0.919183,-0.908301,-0.903864,-0.898699,-0.903864,-0.959172,-0.919183,-0.903864,-0.919183]
	PARPACK diagonalization completed after 30 matrix-vector product operations.
	iteration results: : total energy is -29.318297 | electron energy -29.326344 + phonon energy 0.008047 | electron momentum kIdx = 10
The 4-th iteration is completed.	|| time cost : 0h 0m 9.089s
********************************************************************************************************************
Start the 5 rounds of NGS-ED iteration
	effective electronic model is modified as: kinetic energy t = 0.951154
	                                           effective interaction Vq = [-0.999983, -0.96096,-0.909622, -0.96096, -0.96096,-0.920623, -0.90526,-0.920623,-0.909622, -0.90526,-0.900161, -0.90526, -0.96096,-0.920623, -0.90526,-0.920623]
	PARPACK diagonalization completed after 30 matrix-vector product operations.
	iteration results: : total energy is -29.321013 | electron energy -29.329355 + phonon energy 0.008342 | electron momentum kIdx = 10
The 5-th iteration is completed.	|| time cost : 0h 0m 9.075s
********************************************************************************************************************
Start the 6 rounds of NGS-ED iteration
	effective electronic model is modified as: kinetic energy t = 0.951063
	                                           effective interaction Vq = [ -1.00002,-0.961484,-0.909961,-0.961484,-0.961484,-0.921003,-0.905622,-0.921003,-0.909961,-0.905622,-0.900542,-0.905622,-0.961484,-0.921003,-0.905622,-0.921003]
	PARPACK diagonalization completed after 30 matrix-vector product operations.
	iteration results: : total energy is -29.321374 | electron energy -29.329800 + phonon energy 0.008425 | electron momentum kIdx = 10
The 6-th iteration is completed.	|| time cost : 0h 0m 9.065s
********************************************************************************************************************
Start the 7 rounds of NGS-ED iteration
	effective electronic model is modified as: kinetic energy t = 0.951038
	                                           effective interaction Vq = [ -1.00003,-0.961639,-0.910049,-0.961639,-0.961639,-0.921104,-0.905716,-0.921104,-0.910049,-0.905716,-0.900642,-0.905716,-0.961639,-0.921104,-0.905716,-0.921104]
	PARPACK diagonalization completed after 30 matrix-vector product operations.
	iteration results: : total energy is -29.321423 | electron energy -29.329871 + phonon energy 0.008448 | electron momentum kIdx = 10
	Nq(0) = 9,	Nq(1) = 0.271547,	Nq(2) = 0.307252,	Nq(3) = 0.271547,	Nq(4) = 0.271547,	Nq(5) = 0.336774,	Nq(6) = 0.442939,	Nq(7) = 0.336774,	Nq(8) = 0.307252,	Nq(9) = 0.442939,	Nq(10) = 0.565395,	Nq(11) = 0.442939,	Nq(12) = 0.271547,	Nq(13) = 0.336774,	Nq(14) = 0.442939,	Nq(15) = 0.336774,	Sq(0) = 3.34703e-20,	Sq(1) = 0.478103,	Sq(2) = 0.800338,	Sq(3) = 0.478103,	Sq(4) = 0.478103,	Sq(5) = 0.508217,	Sq(6) = 0.832429,	Sq(7) = 0.508217,	Sq(8) = 0.800338,	Sq(9) = 0.832429,	Sq(10) = 0.73939,	Sq(11) = 0.832429,	Sq(12) = 0.478103,	Sq(13) = 0.508217,	Sq(14) = 0.832429,	Sq(15) = 0.508217,	N(0) = 1.93983,	N(1) = 1.89115,	N(2) = 0.0807843,	N(3) = 1.89115,	N(4) = 1.89115,	N(5) = 0.532687,	N(6) = 0.0445398,	N(7) = 0.532687,	N(8) = 0.0807843,	N(9) = 0.0445398,	N(10) = 0.0251005,	N(11) = 0.0445398,	N(12) = 1.89115,	N(13) = 0.532687,	N(14) = 0.0445398,	N(15) = 0.532687,	Delta[s](0) = 0.14771,	Delta[s](1) = 0.103376,	Delta[s](2) = 0.0716516,	Delta[s](3) = 0.103376,	Delta[s](4) = 0.103376,	Delta[s](5) = 0.0810536,	Delta[s](6) = 0.0375665,	Delta[s](7) = 0.0810536,	Delta[s](8) = 0.0716516,	Delta[s](9) = 0.0375665,	Delta[s](10) = 0.0134727,	Delta[s](11) = 0.0375665,	Delta[s](12) = 0.103376,	Delta[s](13) = 0.0810536,	Delta[s](14) = 0.0375665,	Delta[s](15) = 0.0810536,	Delta[d](0) = 0.226509,	Delta[d](1) = 0.110728,	Delta[d](2) = 0.152938,	Delta[d](3) = 0.110728,	Delta[d](4) = 0.110728,	Delta[d](5) = 0.123439,	Delta[d](6) = 0.0618194,	Delta[d](7) = 0.123439,	Delta[d](8) = 0.152938,	Delta[d](9) = 0.0618194,	Delta[d](10) = 0.0191075,	Delta[d](11) = 0.0618194,	Delta[d](12) = 0.110728,	Delta[d](13) = 0.123439,	Delta[d](14) = 0.0618194,	Delta[d](15) = 0.123439,	Delta[s+](0) = 0.545635,	Delta[s+](1) = 0.372351,	Delta[s+](2) = 0.152938,	Delta[s+](3) = 0.372351,	Delta[s+](4) = 0.372351,	Delta[s+](5) = 0.208238,	Delta[s+](6) = 0.0515886,	Delta[s+](7) = 0.208238,	Delta[s+](8) = 0.152938,	Delta[s+](9) = 0.0515886,	Delta[s+](10) = 0.00980123,	Delta[s+](11) = 0.0515886,	Delta[s+](12) = 0.372351,	Delta[s+](13) = 0.208238,	Delta[s+](14) = 0.0515886,	Delta[s+](15) = 0.208238
The 7-th iteration is completed.	|| time cost : 0h 1m 28.69s
********************************************************************************************************************
********************************************************************************************************************
Ground state is obtained after 8 iterations. The current ground-state energy is -29.3214, in which electron energy is -29.3299 and phonon energy is 0.00844786
final variational state is: 
	Gamma_x = [      1,1.00858,1.01298,1.00858,1.00858, 1.0137,1.01902, 1.0137,1.01298,1.01902, 1.0247,1.01902,1.00858, 1.0137,1.01902, 1.0137]
	lambda_q = [0.316126, 0.25431,0.221387, 0.25431, 0.25431,0.227408, 0.21913,0.227408,0.221387, 0.21913,0.216552, 0.21913, 0.25431,0.227408, 0.21913,0.227408]
********************************************************************************************************************
o___o  ----------------------------------------
| L |	Time since last clock: 0h 0m 0s
A===A	Time since the beginning: 0h 7m 43.087s
***********************************************


********************************************************************************************************************
Warm up runs have been completed. Start calculating W = 5 phonon.
open output files: NGSEDIterationObs.txt
********************************************************************************************************************
Start the 0 rounds of NGS-ED iteration
	effective electronic model is modified as: kinetic energy t = 0.951031
	                                           effective interaction Vq = [-0.914101,-0.813958,-0.745025,-0.813958,-0.813958,-0.758442,-0.739904,-0.758442,-0.745025,-0.739904,-0.733991,-0.739904,-0.813958,-0.758442,-0.739904,-0.758442]
	PARPACK diagonalization completed after 30 matrix-vector product operations.
	iteration results: : total energy is -27.696537 | electron energy -27.700764 + phonon energy 0.004227 | electron momentum kIdx = 10
	Nq(0) = 9,	Nq(1) = 0.263278,	Nq(2) = 0.300245,	Nq(3) = 0.263278,	Nq(4) = 0.263278,	Nq(5) = 0.328249,	Nq(6) = 0.428226,	Nq(7) = 0.328249,	Nq(8) = 0.300245,	Nq(9) = 0.428226,	Nq(10) = 0.541933,	Nq(11) = 0.428226,	Nq(12) = 0.263278,	Nq(13) = 0.328249,	Nq(14) = 0.428226,	Nq(15) = 0.328249,	Sq(0) = -1.17266e-17,	Sq(1) = 0.486419,	Sq(2) = 0.813682,	Sq(3) = 0.486419,	Sq(4) = 0.486419,	Sq(5) = 0.512901,	Sq(6) = 0.851604,	Sq(7) = 0.512901,	Sq(8) = 0.813682,	Sq(9) = 0.851604,	Sq(10) = 0.747501,	Sq(11) = 0.851604,	Sq(12) = 0.486419,	Sq(13) = 0.512901,	Sq(14) = 0.851604,	Sq(15) = 0.512901,	N(0) = 1.92855,	N(1) = 1.87128,	N(2) = 0.0953528,	N(3) = 1.87128,	N(4) = 1.87128,	N(5) = 0.53913,	N(6) = 0.0522814,	N(7) = 0.53913,	N(8) = 0.0953528,	N(9) = 0.0522814,	N(10) = 0.0299614,	N(11) = 0.0522814,	N(12) = 1.87128,	N(13) = 0.53913,	N(14) = 0.0522814,	N(15) = 0.53913,	Delta[s](0) = 0.136244,	Delta[s](1) = 0.096382,	Delta[s](2) = 0.066761,	Delta[s](3) = 0.096382,	Delta[s](4) = 0.096382,	Delta[s](5) = 0.0750479,	Delta[s](6) = 0.0353746,	Delta[s](7) = 0.0750479,	Delta[s](8) = 0.066761,	Delta[s](9) = 0.0353746,	Delta[s](10) = 0.0137349,	Delta[s](11) = 0.0353746,	Delta[s](12) = 0.096382,	Delta[s](13) = 0.0750479,	Delta[s](14) = 0.0353746,	Delta[s](15) = 0.0750479,	Delta[d](0) = 0.225486,	Delta[d](1) = 0.114535,	Delta[d](2) = 0.156711,	Delta[d](3) = 0.114535,	Delta[d](4) = 0.114535,	Delta[d](5) = 0.124581,	Delta[d](6) = 0.0663485,	Delta[d](7) = 0.124581,	Delta[d](8) = 0.156711,	Delta[d](9) = 0.0663485,	Delta[d](10) = 0.0221311,	Delta[d](11) = 0.0663485,	Delta[d](12) = 0.114535,	Delta[d](13) = 0.124581,	Delta[d](14) = 0.0663485,	Delta[d](15) = 0.124581,	Delta[s+](0) = 0.551034,	Delta[s+](1) = 0.376071,	Delta[s+](2) = 0.156711,	Delta[s+](3) = 0.376071,	Delta[s+](4) = 0.376071,	Delta[s+](5) = 0.21125,	Delta[s+](6) = 0.054438,	Delta[s+](7) = 0.21125,	Delta[s+](8) = 0.156711,	Delta[s+](9) = 0.054438,	Delta[s+](10) = 0.0113348,	Delta[s+](11) = 0.054438,	Delta[s+](12) = 0.376071,	Delta[s+](13) = 0.21125,	Delta[s+](14) = 0.054438,	Delta[s+](15) = 0.21125
The 0-th iteration is completed.	|| time cost : 0h 1m 24.055s
********************************************************************************************************************
Start the 1 rounds of NGS-ED iteration
	effective electronic model is modified as: kinetic energy t = 0.94582
	                                           effective interaction Vq = [-0.968418,-0.857504,-0.771058,-0.857504,-0.857504, -0.78808,-0.763383, -0.78808,-0.771058,-0.763383,-0.754835,-0.763383,-0.857504, -0.78808,-0.763383, -0.78808]
	PARPACK diagonalization completed after 30 matrix-vector product operations.
	iteration results: : total energy is -28.214257 | electron energy -28.226345 + phonon energy 0.012088 | electron momentum kIdx = 10
The 1-th iteration is completed.	|| time cost : 0h 0m 8.94s
********************************************************************************************************************
Start the 2 rounds of NGS-ED iteration
	effective electronic model is modified as: kinetic energy t = 0.943286
	                                           effective interaction Vq = [  -0.9884,-0.877146,-0.782296,-0.877146,-0.877146,-0.801034,-0.773941,-0.801034,-0.782296,-0.773941,-0.764649,-0.773941,-0.877146,-0.801034,-0.773941,-0.801034]
	PARPACK diagonalization completed after 30 matrix-vector product operations.
	iteration results: : total energy is -28.400812 | electron energy -28.418158 + phonon energy 0.017346 | electron momentum kIdx = 10
The 2-th iteration is completed.	|| time cost : 0h 0m 8.969s
********************************************************************************************************************
Start the 3 rounds of NGS-ED iteration
	effective electronic model is modified as: kinetic energy t = 0.942072
	                                           effective interaction Vq = [-0.995751,-0.886439,-0.787276,-0.886439,-0.886439,-0.806862,-0.778768,-0.806862,-0.787276,-0.778768,-0.769281,-0.778768,-0.886439,-0.806862,-0.778768,-0.806862]
	PARPACK diagonalization completed after 30 matrix-vector product operations.
	iteration results: : total energy is -28.468546 | electron energy -28.488772 + phonon energy 0.020226 | electron momentum kIdx = 10
The 3-th iteration is completed.	|| time cost : 0h 0m 9.057s
********************************************************************************************************************
Start the 4 rounds of NGS-ED iteration
	effective electronic model is modified as: kinetic energy t = 0.941492
	                                           effective interaction Vq = [-0.998455,-0.890958,-0.789515,-0.890958,-0.890958,-0.809524,-0.780993,-0.809524,-0.789515,-0.780993,-0.771468,-0.780993,-0.890958,-0.809524,-0.780993,-0.809524]
	PARPACK diagonalization completed after 30 matrix-vector product operations.
	iteration results: : total energy is -28.493256 | electron energy -28.514947 + phonon energy 0.021691 | electron momentum kIdx = 10
The 4-th iteration is completed.	|| time cost : 0h 0m 8.996s
********************************************************************************************************************
Start the 5 rounds of NGS-ED iteration
	effective electronic model is modified as: kinetic energy t = 0.941216
	                                           effective interaction Vq = [ -0.99945,-0.893189,-0.790529,-0.893189,-0.893189,-0.810751,-0.782024,-0.810751,-0.790529,-0.782024,-0.772501,-0.782024,-0.893189,-0.810751,-0.782024,-0.810751]
	PARPACK diagonalization completed after 30 matrix-vector product operations.
	iteration results: : total energy is -28.502297 | electron energy -28.524709 + phonon energy 0.022412 | electron momentum kIdx = 10
The 5-th iteration is completed.	|| time cost : 0h 0m 8.905s
********************************************************************************************************************
Start the 6 rounds of NGS-ED iteration
	effective electronic model is modified as: kinetic energy t = 0.941084
	                                           effective interaction Vq = [-0.999816,  -0.8943,-0.790991,  -0.8943,  -0.8943,-0.811319,-0.782502,-0.811319,-0.790991,-0.782502,-0.772988,-0.782502,  -0.8943,-0.811319,-0.782502,-0.811319]
	PARPACK diagonalization completed after 30 matrix-vector product operations.
	iteration results: : total energy is -28.505612 | electron energy -28.528373 + phonon energy 0.022760 | electron momentum kIdx = 10
The 6-th iteration is completed.	|| time cost : 0h 0m 8.996s
********************************************************************************************************************
Start the 7 rounds of NGS-ED iteration
	effective electronic model is modified as: kinetic energy t = 0.941021
	                                           effective interaction Vq = [ -0.99995,-0.894855,-0.791202,-0.894855,-0.894855,-0.811582,-0.782724,-0.811582,-0.791202,-0.782724,-0.773218,-0.782724,-0.894855,-0.811582,-0.782724,-0.811582]
	PARPACK diagonalization completed after 30 matrix-vector product operations.
	iteration results: : total energy is -28.506829 | electron energy -28.529757 + phonon energy 0.022928 | electron momentum kIdx = 10
The 7-th iteration is completed.	|| time cost : 0h 0m 8.914s
********************************************************************************************************************
Start the 8 rounds of NGS-ED iteration
	effective electronic model is modified as: kinetic energy t = 0.94099
	                                           effective interaction Vq = [       -1,-0.895133,-0.791298,-0.895133,-0.895133,-0.811705,-0.782827,-0.811705,-0.791298,-0.782827,-0.773326,-0.782827,-0.895133,-0.811705,-0.782827,-0.811705]
	PARPACK diagonalization completed after 30 matrix-vector product operations.
	iteration results: : total energy is -28.507276 | electron energy -28.530284 + phonon energy 0.023008 | electron momentum kIdx = 10
The 8-th iteration is completed.	|| time cost : 0h 0m 8.914s
********************************************************************************************************************
Start the 9 rounds of NGS-ED iteration
	effective electronic model is modified as: kinetic energy t = 0.940976
	                                           effective interaction Vq = [ -1.00002,-0.895273,-0.791343,-0.895273,-0.895273,-0.811762,-0.782875,-0.811762,-0.791343,-0.782875,-0.773377,-0.782875,-0.895273,-0.811762,-0.782875,-0.811762]
	PARPACK diagonalization completed after 30 matrix-vector product operations.
	iteration results: : total energy is -28.507440 | electron energy -28.530486 + phonon energy 0.023046 | electron momentum kIdx = 10
The 9-th iteration is completed.	|| time cost : 0h 0m 9.042s
********************************************************************************************************************
Start the 10 rounds of NGS-ED iteration
	effective electronic model is modified as: kinetic energy t = 0.940969
	                                           effective interaction Vq = [ -1.00002,-0.895343,-0.791363,-0.895343,-0.895343,-0.811788,-0.782898,-0.811788,-0.791363,-0.782898,-0.773401,-0.782898,-0.895343,-0.811788,-0.782898,-0.811788]
	PARPACK diagonalization completed after 30 matrix-vector product operations.
	iteration results: : total energy is -28.507501 | electron energy -28.530565 + phonon energy 0.023064 | electron momentum kIdx = 10
	Nq(0) = 9,	Nq(1) = 0.266906,	Nq(2) = 0.301513,	Nq(3) = 0.266906,	Nq(4) = 0.266906,	Nq(5) = 0.330036,	Nq(6) = 0.430295,	Nq(7) = 0.330036,	Nq(8) = 0.301513,	Nq(9) = 0.430295,	Nq(10) = 0.54468,	Nq(11) = 0.430295,	Nq(12) = 0.266906,	Nq(13) = 0.330036,	Nq(14) = 0.430295,	Nq(15) = 0.330036,	Sq(0) = -2.85659e-18,	Sq(1) = 0.484339,	Sq(2) = 0.810577,	Sq(3) = 0.484339,	Sq(4) = 0.484339,	Sq(5) = 0.511953,	Sq(6) = 0.84761,	Sq(7) = 0.511953,	Sq(8) = 0.810577,	Sq(9) = 0.84761,	Sq(10) = 0.74659,	Sq(11) = 0.84761,	Sq(12) = 0.484339,	Sq(13) = 0.511953,	Sq(14) = 0.84761,	Sq(15) = 0.511953,	N(0) = 1.93088,	N(1) = 1.87606,	N(2) = 0.0916031,	N(3) = 1.87606,	N(4) = 1.87606,	N(5) = 0.537394,	N(6) = 0.0507316,	N(7) = 0.537394,	N(8) = 0.0916031,	N(9) = 0.0507316,	N(10) = 0.0291685,	N(11) = 0.0507316,	N(12) = 1.87606,	N(13) = 0.537394,	N(14) = 0.0507316,	N(15) = 0.537394,	Delta[s](0) = 0.136935,	Delta[s](1) = 0.0972295,	Delta[s](2) = 0.0678842,	Delta[s](3) = 0.0972295,	Delta[s](4) = 0.0972295,	Delta[s](5) = 0.0761626,	Delta[s](6) = 0.036748,	Delta[s](7) = 0.0761626,	Delta[s](8) = 0.0678842,	Delta[s](9) = 0.036748,	Delta[s](10) = 0.0150619,	Delta[s](11) = 0.036748,	Delta[s](12) = 0.0972295,	Delta[s](13) = 0.0761626,	Delta[s](14) = 0.036748,	Delta[s](15) = 0.0761626,	Delta[d](0) = 0.229481,	Delta[d](1) = 0.116937,	Delta[d](2) = 0.159631,	Delta[d](3) = 0.116937,	Delta[d](4) = 0.116937,	Delta[d](5) = 0.127329,	Delta[d](6) = 0.0679748,	Delta[d](7) = 0.127329,	Delta[d](8) = 0.159631,	Delta[d](9) = 0.0679748,	Delta[d](10) = 0.0230806,	Delta[d](11) = 0.0679748,	Delta[d](12) = 0.116937,	Delta[d](13) = 0.127329,	Delta[d](14) = 0.0679748,	Delta[d](15) = 0.127329,	Delta[s+](0) = 0.560241,	Delta[s+](1) = 0.382503,	Delta[s+](2) = 0.159631,	Delta[s+](3) = 0.382503,	Delta[s+](4) = 0.382503,	Delta[s+](5) = 0.215087,	Delta[s+](6) = 0.0558381,	Delta[s+](7) = 0.215087,	Delta[s+](8) = 0.159631,	Delta[s+](9) = 0.0558381,	Delta[s+](10) = 0.0118984,	Delta[s+](11) = 0.0558381,	Delta[s+](12) = 0.382503,	Delta[s+](13) = 0.215087,	Delta[s+](14) = 0.0558381,	Delta[s+](15) = 0.215087
The 10-th iteration is completed.	|| time cost : 0h 1m 24.572s
********************************************************************************************************************
Start the 11 rounds of NGS-ED iteration
	effective electronic model is modified as: kinetic energy t = 0.940966
	                                           effective interaction Vq = [ -1.00003,-0.895378,-0.791373,-0.895378,-0.895378,-0.811801,-0.782908,-0.811801,-0.791373,-0.782908,-0.773412,-0.782908,-0.895378,-0.811801,-0.782908,-0.811801]
	PARPACK diagonalization completed after 30 matrix-vector product operations.
	iteration results: : total energy is -28.507523 | electron energy -28.530596 + phonon energy 0.023073 | electron momentum kIdx = 10
The 11-th iteration is completed.	|| time cost : 0h 0m 8.92s
********************************************************************************************************************
Start the 12 rounds of NGS-ED iteration
	effective electronic model is modified as: kinetic energy t = 0.940964
	                                           effective interaction Vq = [ -1.00003,-0.895396,-0.791377,-0.895396,-0.895396,-0.811806,-0.782913,-0.811806,-0.791377,-0.782913,-0.773418,-0.782913,-0.895396,-0.811806,-0.782913,-0.811806]
	PARPACK diagonalization completed after 30 matrix-vector product operations.
	iteration results: : total energy is -28.507531 | electron energy -28.530608 + phonon energy 0.023077 | electron momentum kIdx = 10
The 12-th iteration is completed.	|| time cost : 0h 0m 8.902s
********************************************************************************************************************
Start the 13 rounds of NGS-ED iteration
	effective electronic model is modified as: kinetic energy t = 0.940963
	                                           effective interaction Vq = [ -1.00003,-0.895405,-0.791379,-0.895405,-0.895405,-0.811809,-0.782915,-0.811809,-0.791379,-0.782915, -0.77342,-0.782915,-0.895405,-0.811809,-0.782915,-0.811809]
	PARPACK diagonalization completed after 30 matrix-vector product operations.
	iteration results: : total energy is -28.507534 | electron energy -28.530613 + phonon energy 0.023079 | electron momentum kIdx = 10
The 13-th iteration is completed.	|| time cost : 0h 0m 8.888s
********************************************************************************************************************
Start the 14 rounds of NGS-ED iteration
	effective electronic model is modified as: kinetic energy t = 0.940963
	                                           effective interaction Vq = [ -1.00003,-0.895409, -0.79138,-0.895409,-0.895409, -0.81181,-0.782916, -0.81181, -0.79138,-0.782916,-0.773421,-0.782916,-0.895409, -0.81181,-0.782916, -0.81181]
	PARPACK diagonalization completed after 30 matrix-vector product operations.
	iteration results: : total energy is -28.507535 | electron energy -28.530615 + phonon energy 0.023080 | electron momentum kIdx = 10
The 14-th iteration is completed.	|| time cost : 0h 0m 9.036s
********************************************************************************************************************
Start the 15 rounds of NGS-ED iteration
	effective electronic model is modified as: kinetic energy t = 0.940963
	                                           effective interaction Vq = [ -1.00003,-0.895412, -0.79138,-0.895412,-0.895412,-0.811811,-0.782917,-0.811811, -0.79138,-0.782917,-0.773422,-0.782917,-0.895412,-0.811811,-0.782917,-0.811811]
	PARPACK diagonalization completed after 30 matrix-vector product operations.
	iteration results: : total energy is -28.507536 | electron energy -28.530616 + phonon energy 0.023080 | electron momentum kIdx = 10
The 15-th iteration is completed.	|| time cost : 0h 0m 8.926s
********************************************************************************************************************
Start the 16 rounds of NGS-ED iteration
	effective electronic model is modified as: kinetic energy t = 0.940963
	                                           effective interaction Vq = [ -1.00003,-0.895413, -0.79138,-0.895413,-0.895413,-0.811811,-0.782917,-0.811811, -0.79138,-0.782917,-0.773422,-0.782917,-0.895413,-0.811811,-0.782917,-0.811811]
	PARPACK diagonalization completed after 30 matrix-vector product operations.
	iteration results: : total energy is -28.507536 | electron energy -28.530616 + phonon energy 0.023080 | electron momentum kIdx = 10
The 16-th iteration is completed.	|| time cost : 0h 0m 8.914s
********************************************************************************************************************
Start the 17 rounds of NGS-ED iteration
	effective electronic model is modified as: kinetic energy t = 0.940962
	                                           effective interaction Vq = [ -1.00003,-0.895413, -0.79138,-0.895413,-0.895413,-0.811811,-0.782917,-0.811811, -0.79138,-0.782917,-0.773422,-0.782917,-0.895413,-0.811811,-0.782917,-0.811811]
	PARPACK diagonalization completed after 30 matrix-vector product operations.
	iteration results: : total energy is -28.507536 | electron energy -28.530617 + phonon energy 0.023081 | electron momentum kIdx = 10
The 17-th iteration is completed.	|| time cost : 0h 0m 9.093s
********************************************************************************************************************
Start the 18 rounds of NGS-ED iteration
	effective electronic model is modified as: kinetic energy t = 0.940962
	                                           effective interaction Vq = [ -1.00003,-0.895414,-0.791381,-0.895414,-0.895414,-0.811811,-0.782917,-0.811811,-0.791381,-0.782917,-0.773422,-0.782917,-0.895414,-0.811811,-0.782917,-0.811811]
	PARPACK diagonalization completed after 30 matrix-vector product operations.
	iteration results: : total energy is -28.507536 | electron energy -28.530617 + phonon energy 0.023081 | electron momentum kIdx = 10
The 18-th iteration is completed.	|| time cost : 0h 0m 8.889s
********************************************************************************************************************
Start the 19 rounds of NGS-ED iteration
	effective electronic model is modified as: kinetic energy t = 0.940962
	                                           effective interaction Vq = [ -1.00003,-0.895414,-0.791381,-0.895414,-0.895414,-0.811811,-0.782917,-0.811811,-0.791381,-0.782917,-0.773422,-0.782917,-0.895414,-0.811811,-0.782917,-0.811811]
	PARPACK diagonalization completed after 30 matrix-vector product operations.
	iteration results: : total energy is -28.507536 | electron energy -28.530617 + phonon energy 0.023081 | electron momentum kIdx = 10
The 19-th iteration is completed.	|| time cost : 0h 0m 9.009s
********************************************************************************************************************
Start the 20 rounds of NGS-ED iteration
	effective electronic model is modified as: kinetic energy t = 0.940962
	                                           effective interaction Vq = [ -1.00003,-0.895414,-0.791381,-0.895414,-0.895414,-0.811811,-0.782917,-0.811811,-0.791381,-0.782917,-0.773422,-0.782917,-0.895414,-0.811811,-0.782917,-0.811811]
	PARPACK diagonalization completed after 30 matrix-vector product operations.
	iteration results: : total energy is -28.507536 | electron energy -28.530617 + phonon energy 0.023081 | electron momentum kIdx = 10
	Nq(0) = 9,	Nq(1) = 0.266909,	Nq(2) = 0.301513,	Nq(3) = 0.266909,	Nq(4) = 0.266909,	Nq(5) = 0.330036,	Nq(6) = 0.430296,	Nq(7) = 0.330036,	Nq(8) = 0.301513,	Nq(9) = 0.430296,	Nq(10) = 0.544681,	Nq(11) = 0.430296,	Nq(12) = 0.266909,	Nq(13) = 0.330036,	Nq(14) = 0.430296,	Nq(15) = 0.330036,	Sq(0) = -5.70198e-18,	Sq(1) = 0.484337,	Sq(2) = 0.810575,	Sq(3) = 0.484337,	Sq(4) = 0.484337,	Sq(5) = 0.511952,	Sq(6) = 0.847608,	Sq(7) = 0.511952,	Sq(8) = 0.810575,	Sq(9) = 0.847608,	Sq(10) = 0.74659,	Sq(11) = 0.847608,	Sq(12) = 0.484337,	Sq(13) = 0.511952,	Sq(14) = 0.847608,	Sq(15) = 0.511952,	N(0) = 1.93088,	N(1) = 1.87606,	N(2) = 0.0916007,	N(3) = 1.87606,	N(4) = 1.87606,	N(5) = 0.537392,	N(6) = 0.0507309,	N(7) = 0.537392,	N(8) = 0.0916007,	N(9) = 0.0507309,	N(10) = 0.0291682,	N(11) = 0.0507309,	N(12) = 1.87606,	N(13) = 0.537392,	N(14) = 0.0507309,	N(15) = 0.537392,	Delta[s](0) = 0.136935,	Delta[s](1) = 0.09723,	Delta[s](2) = 0.0678849,	Delta[s](3) = 0.09723,	Delta[s](4) = 0.09723,	Delta[s](5) = 0.0761632,	Delta[s](6) = 0.0367488,	Delta[s](7) = 0.0761632,	Delta[s](8) = 0.0678849,	Delta[s](9) = 0.0367488,	Delta[s](10) = 0.0150628,	Delta[s](11) = 0.0367488,	Delta[s](12) = 0.09723,	Delta[s](13) = 0.0761632,	Delta[s](14) = 0.0367488,	Delta[s](15) = 0.0761632,	Delta[d](0) = 0.22951,	Delta[d](1) = 0.116952,	Delta[d](2) = 0.159651,	Delta[d](3) = 0.116952,	Delta[d](4) = 0.116952,	Delta[d](5) = 0.127345,	Delta[d](6) = 0.0679836,	Delta[d](7) = 0.127345,	Delta[d](8) = 0.159651,	Delta[d](9) = 0.0679836,	Delta[d](10) = 0.0230838,	Delta[d](11) = 0.0679836,	Delta[d](12) = 0.116952,	Delta[d](13) = 0.127345,	Delta[d](14) = 0.0679836,	Delta[d](15) = 0.127345,	Delta[s+](0) = 0.56031,	Delta[s+](1) = 0.38255,	Delta[s+](2) = 0.159651,	Delta[s+](3) = 0.38255,	Delta[s+](4) = 0.38255,	Delta[s+](5) = 0.215113,	Delta[s+](6) = 0.0558453,	Delta[s+](7) = 0.215113,	Delta[s+](8) = 0.159651,	Delta[s+](9) = 0.0558453,	Delta[s+](10) = 0.0119002,	Delta[s+](11) = 0.0558453,	Delta[s+](12) = 0.38255,	Delta[s+](13) = 0.215113,	Delta[s+](14) = 0.0558453,	Delta[s+](15) = 0.215113
The 20-th iteration is completed.	|| time cost : 0h 1m 23.721s
********************************************************************************************************************
Start the 21 rounds of NGS-ED iteration
	effective electronic model is modified as: kinetic energy t = 0.940962
	                                           effective interaction Vq = [ -1.00003,-0.895414,-0.791381,-0.895414,-0.895414,-0.811811,-0.782917,-0.811811,-0.791381,-0.782917,-0.773422,-0.782917,-0.895414,-0.811811,-0.782917,-0.811811]
	PARPACK diagonalization completed after 90 matrix-vector product operations.
	iteration results: : total energy is -28.517283 | electron energy -28.540364 + phonon energy 0.023081 | electron momentum kIdx = 10
The 21-th iteration is completed.	|| time cost : 0h 0m 14.97s
********************************************************************************************************************
Start the 22 rounds of NGS-ED iteration
	effective electronic model is modified as: kinetic energy (tx,ty)=(0.94099, 0.941137)
	                                           effective interaction Vq = [ -1.00003,-0.893672,-0.815936,-0.893672,-0.892936,-0.798431,-0.781077,-0.824122,-0.811684,-0.781627, -0.75149,-0.781627,-0.892936,-0.824122,-0.781077,-0.798431]
	PARPACK diagonalization completed after 45 matrix-vector product operations.
	iteration results: : total energy is -28.521570 | electron energy -28.544562 + phonon energy 0.022992 | electron momentum kIdx = 10
The 22-th iteration is completed.	|| time cost : 0h 0m 10.552s
********************************************************************************************************************
Start the 23 rounds of NGS-ED iteration
	effective electronic model is modified as: kinetic energy (tx,ty)=(0.940894, 0.941191)
	                                           effective interaction Vq = [ -1.00003, -0.89298,-0.827571, -0.89298,-0.891521,-0.792832,-0.780165,-0.829455,-0.819293,-0.781214,-0.742729,-0.781214,-0.891521,-0.829455,-0.780165,-0.792832]
	PARPACK diagonalization completed after 45 matrix-vector product operations.
	iteration results: : total energy is -28.522409 | electron energy -28.545302 + phonon energy 0.022893 | electron momentum kIdx = 10
The 23-th iteration is completed.	|| time cost : 0h 0m 10.605s
********************************************************************************************************************
Start the 24 rounds of NGS-ED iteration
	effective electronic model is modified as: kinetic energy (tx,ty)=(0.940789, 0.941242)
	                                           effective interaction Vq = [ -1.00003,-0.892825,-0.833888,-0.892825,-0.890622,-0.790603,-0.779627,-0.831751,-0.821463,-0.781178, -0.73915,-0.781178,-0.890622,-0.831751,-0.779627,-0.790603]
	PARPACK diagonalization completed after 45 matrix-vector product operations.
	iteration results: : total energy is -28.522602 | electron energy -28.545464 + phonon energy 0.022862 | electron momentum kIdx = 10
The 24-th iteration is completed.	|| time cost : 0h 0m 10.55s
********************************************************************************************************************
Start the 25 rounds of NGS-ED iteration
	effective electronic model is modified as: kinetic energy (tx,ty)=(0.940686, 0.941311)
	                                           effective interaction Vq = [ -1.00003,-0.892971,-0.838052,-0.892971,-0.889939,-0.789915,-0.779219,-0.832617,-0.820972, -0.78133,-0.737648, -0.78133,-0.889939,-0.832617,-0.779219,-0.789915]
	PARPACK diagonalization completed after 45 matrix-vector product operations.
