SNEDics v3.4 Non-Gaussian ED ground state program		Start at Wed Sep 25 00:40:53 2019

parallized on 16 MPI threads  * 8 OpenMP threads = 128 total threads.
********************************************************************************************************************
********************************************************************************************************************

********************************************************************************************************************
System parameters and configurations
********************************************************************************************************************
Special program options are enabled: splitted diagonal Hamiltonian
********************************************************************************************************************
Read input file "model_params.in"
	Hubbard-Holstein model parameters : 	t = 1    U = 5    g = 3.873    W = 5    
********************************************************************************************************************
Read input file "hilbertspace_params.in"
	Requested 16-site 2D lattice, with 14 electrons (7, 7)
	Boundary : Periodic		Hilbert space representation : momentum-space (restricted to kIdx = 0)
	Conservation: particle number[U(1)]      spin[U(1)]     momentum
********************************************************************************************************************

Cluster Positions:				Cluster symmetry group : D4
 x ... x ... x ... x .....                       x ... x ... x ... x .....
 |           |           :                       |           |           :
 |           |           :                       |           |           :
12    13    14    15     x                       1     5     6     5     x
 |           |           :                       |           |           :
 |           |           :                       |           |           :
 8 --- 9 ---10 ---11 --- x                       2 --- 6 ---10 --- 6 --- x
 |           |           :                       |           |           :
 |           |           :                       |           |           :
 4     5     6     7     x                       1     5     6     5     x
 |           |           :                       |           |           :
 |           |           :                       |           |           :
 0 --- 1 --- 2 --- 3 --- x                       0 --- 1 --- 2 --- 1 --- x
orbital number : 1
********************************************************************************************************************
Read input file "obs_params.in"
	Observable Type : Nq(All),   Sq(All),   N(All),   Delta[s](All),   Delta[d](All),   Delta[s+](All)
********************************************************************************************************************
** WARNING ** the input observables have non-local factors which have been reinterpreted. The total observable number is 96
********************************************************************************************************************


********************************************************************************************************************
Start calculating the non-Gaussian ED ground state
** WARNING ** Detected low phonon energy W < 10. The initial state will be prepared through a warm-up process.
********************************************************************************************************************
Start warm-up calculation for scaling factor 2
open output files: NGSEDWarmUpW10Obs.txt
********************************************************************************************************************
Start the 0 rounds of NGS-ED iteration
	effective electronic model is modified as: kinetic energy t = 1
	                                           effective interaction Vq = [-0,-0,-0,-0,-0,-0,-0,-0,-0,-0,-0,-0,-0,-0,-0,-0]
	first Hamiltonian is constructed, non-zero numbers = 2178478298
	PARPACK diagonalization completed after 150 matrix-vector product operations.
	iteration results: : total energy is -14.465815 | electron energy -14.465815 + phonon energy 0.000000 | electron momentum kIdx = 0
	Nq(0) = 12.25,	Nq(1) = 0.193419,	Nq(2) = 0.245302,	Nq(3) = 0.193419,	Nq(4) = 0.193419,	Nq(5) = 0.278802,	Nq(6) = 0.325354,	Nq(7) = 0.278802,	Nq(8) = 0.245302,	Nq(9) = 0.325354,	Nq(10) = 0.378006,	Nq(11) = 0.325354,	Nq(12) = 0.193419,	Nq(13) = 0.278802,	Nq(14) = 0.325354,	Nq(15) = 0.278802,	Sq(0) = 5.74404e-18,	Sq(1) = 0.470049,	Sq(2) = 0.7051,	Sq(3) = 0.470049,	Sq(4) = 0.470049,	Sq(5) = 0.602219,	Sq(6) = 0.912215,	Sq(7) = 0.602219,	Sq(8) = 0.7051,	Sq(9) = 0.912215,	Sq(10) = 2.34296,	Sq(11) = 0.912215,	Sq(12) = 0.470049,	Sq(13) = 0.602219,	Sq(14) = 0.912215,	Sq(15) = 0.602219,	N(0) = 1.8799,	N(1) = 1.77932,	N(2) = 0.165036,	N(3) = 1.77932,	N(4) = 1.77932,	N(5) = 0.998332,	N(6) = 0.15021,	N(7) = 0.998332,	N(8) = 0.165036,	N(9) = 0.15021,	N(10) = 0.0785896,	N(11) = 0.15021,	N(12) = 1.77932,	N(13) = 0.998332,	N(14) = 0.15021,	N(15) = 0.998332,	Delta[s](0) = 0.119779,	Delta[s](1) = 0.0954554,	Delta[s](2) = 0.0661853,	Delta[s](3) = 0.0954554,	Delta[s](4) = 0.0954554,	Delta[s](5) = 0.0768978,	Delta[s](6) = 0.0482303,	Delta[s](7) = 0.0768978,	Delta[s](8) = 0.0661853,	Delta[s](9) = 0.0482303,	Delta[s](10) = 0.0199721,	Delta[s](11) = 0.0482303,	Delta[s](12) = 0.0954554,	Delta[s](13) = 0.0768978,	Delta[s](14) = 0.0482303,	Delta[s](15) = 0.0768978,	Delta[d](0) = 0.246763,	Delta[d](1) = 0.166941,	Delta[d](2) = 0.184435,	Delta[d](3) = 0.166941,	Delta[d](4) = 0.166941,	Delta[d](5) = 0.162852,	Delta[d](6) = 0.119588,	Delta[d](7) = 0.162852,	Delta[d](8) = 0.184435,	Delta[d](9) = 0.119588,	Delta[d](10) = 0.0428424,	Delta[d](11) = 0.119588,	Delta[d](12) = 0.166941,	Delta[d](13) = 0.162852,	Delta[d](14) = 0.119588,	Delta[d](15) = 0.162852,	Delta[s+](0) = 0.562454,	Delta[s+](1) = 0.418533,	Delta[s+](2) = 0.184435,	Delta[s+](3) = 0.418533,	Delta[s+](4) = 0.418533,	Delta[s+](5) = 0.2891,	Delta[s+](6) = 0.115145,	Delta[s+](7) = 0.2891,	Delta[s+](8) = 0.184435,	Delta[s+](9) = 0.115145,	Delta[s+](10) = 0.0315944,	Delta[s+](11) = 0.115145,	Delta[s+](12) = 0.418533,	Delta[s+](13) = 0.2891,	Delta[s+](14) = 0.115145,	Delta[s+](15) = 0.2891
The 0-th iteration is completed.	|| time cost : 0h 6m 27.49s
********************************************************************************************************************
Start the 1 rounds of NGS-ED iteration
	effective electronic model is modified as: kinetic energy t = 0.922465
	                                           effective interaction Vq = [-2.59402,-2.41476,  -2.314,-2.41476,-2.41476,-2.34749,-2.27993,-2.34749,  -2.314,-2.27993,-2.23652,-2.27993,-2.41476,-2.34749,-2.27993,-2.34749]
	PARPACK diagonalization completed after 45 matrix-vector product operations.
	iteration results: : total energy is -57.027969 | electron energy -57.033331 + phonon energy 0.005361 | electron momentum kIdx = 0
The 1-th iteration is completed.	|| time cost : 0h 5m 42.088s
********************************************************************************************************************
Start the 2 rounds of NGS-ED iteration
	effective electronic model is modified as: kinetic energy t = 0.866985
	                                           effective interaction Vq = [-2.94508,-2.82801,-2.70299,-2.82801,-2.82801,-2.76447,-2.71353,-2.76447,-2.70299,-2.71353, -2.6419,-2.71353,-2.82801,-2.76447,-2.71353,-2.76447]
	PARPACK diagonalization completed after 60 matrix-vector product operations.
	iteration results: : total energy is -63.267878 | electron energy -63.311090 + phonon energy 0.043213 | electron momentum kIdx = 0
The 2-th iteration is completed.	|| time cost : 0h 0m 27.891s
********************************************************************************************************************
Start the 3 rounds of NGS-ED iteration
	effective electronic model is modified as: kinetic energy t = 0.841219
	                                           effective interaction Vq = [-2.99259,-2.91786,-2.90396,-2.91786,-2.91786,-2.86304,-2.82451,-2.86304,-2.90396,-2.82451,-2.74657,-2.82451,-2.91786,-2.86304,-2.82451,-2.86304]
	PARPACK diagonalization completed after 120 matrix-vector product operations.
	iteration results: : total energy is -64.454040 | electron energy -64.530346 + phonon energy 0.076307 | electron momentum kIdx = 0
The 3-th iteration is completed.	|| time cost : 0h 0m 42.03s
********************************************************************************************************************
Start the 4 rounds of NGS-ED iteration
	effective electronic model is modified as: kinetic energy t = 0.829506
	                                           effective interaction Vq = [-2.99902,-2.94084,-2.93766,-2.94084,-2.94084,-2.92276,-2.85679,-2.92276,-2.93766,-2.85679,-2.78957,-2.85679,-2.94084,-2.92276,-2.85679,-2.92276]
	PARPACK diagonalization completed after 45 matrix-vector product operations.
	iteration results: : total energy is -64.620790 | electron energy -64.714801 + phonon energy 0.094011 | electron momentum kIdx = 0
The 4-th iteration is completed.	|| time cost : 0h 0m 24.077s
********************************************************************************************************************
Start the 5 rounds of NGS-ED iteration
	effective electronic model is modified as: kinetic energy t = 0.825406
	                                           effective interaction Vq = [-2.99989,-2.94768,-2.94615,-2.94768,-2.94768,-2.94037,-2.86712,-2.94037,-2.94615,-2.86712, -2.8049,-2.86712,-2.94768,-2.94037,-2.86712,-2.94037]
	PARPACK diagonalization completed after 45 matrix-vector product operations.
	iteration results: : total energy is -64.642493 | electron energy -64.744158 + phonon energy 0.101665 | electron momentum kIdx = 0
The 5-th iteration is completed.	|| time cost : 0h 0m 24.134s
********************************************************************************************************************
Start the 6 rounds of NGS-ED iteration
	effective electronic model is modified as: kinetic energy t = 0.82397
	                                           effective interaction Vq = [-3.00001,-2.94992,-2.94842,-2.94992,-2.94992, -2.9461,-2.87066, -2.9461,-2.94842,-2.87066,-2.81105,-2.87066,-2.94992, -2.9461,-2.87066, -2.9461]
	PARPACK diagonalization completed after 45 matrix-vector product operations.
	iteration results: : total energy is -64.645302 | electron energy -64.749864 + phonon energy 0.104562 | electron momentum kIdx = 0
The 6-th iteration is completed.	|| time cost : 0h 0m 24.203s
********************************************************************************************************************
Start the 7 rounds of NGS-ED iteration
	effective electronic model is modified as: kinetic energy t = 0.823462
	                                           effective interaction Vq = [-3.00002,-2.95068,-2.94899,-2.95068,-2.95068,-2.94805,-2.87191,-2.94805,-2.94899,-2.87191, -2.8137,-2.87191,-2.95068,-2.94805,-2.87191,-2.94805]
	PARPACK diagonalization completed after 45 matrix-vector product operations.
	iteration results: : total energy is -64.645669 | electron energy -64.751286 + phonon energy 0.105617 | electron momentum kIdx = 0
The 7-th iteration is completed.	|| time cost : 0h 0m 24.223s
********************************************************************************************************************
Start the 8 rounds of NGS-ED iteration
	effective electronic model is modified as: kinetic energy t = 0.823279
	                                           effective interaction Vq = [-3.00003,-2.95095,-2.94911,-2.95095,-2.95095,-2.94872,-2.87236,-2.94872,-2.94911,-2.87236,-2.81492,-2.87236,-2.95095,-2.94872,-2.87236,-2.94872]
	PARPACK diagonalization completed after 45 matrix-vector product operations.
	iteration results: : total energy is -64.645718 | electron energy -64.751719 + phonon energy 0.106001 | electron momentum kIdx = 0
The 8-th iteration is completed.	|| time cost : 0h 0m 24.09s
********************************************************************************************************************
Start the 9 rounds of NGS-ED iteration
	effective electronic model is modified as: kinetic energy t = 0.823212
	                                           effective interaction Vq = [-3.00003,-2.95105,-2.94912,-2.95105,-2.95105,-2.94896,-2.87254,-2.94896,-2.94912,-2.87254,-2.81551,-2.87254,-2.95105,-2.94896,-2.87254,-2.94896]
	PARPACK diagonalization completed after 45 matrix-vector product operations.
	iteration results: : total energy is -64.645725 | electron energy -64.751868 + phonon energy 0.106143 | electron momentum kIdx = 0
	Nq(0) = 12.25,	Nq(1) = 0.407078,	Nq(2) = 0.775595,	Nq(3) = 0.407078,	Nq(4) = 0.407078,	Nq(5) = 0.77539,	Nq(6) = 0.66323,	Nq(7) = 0.77539,	Nq(8) = 0.775595,	Nq(9) = 0.66323,	Nq(10) = 0.688744,	Nq(11) = 0.66323,	Nq(12) = 0.407078,	Nq(13) = 0.77539,	Nq(14) = 0.66323,	Nq(15) = 0.77539,	Sq(0) = 3.30222e-18,	Sq(1) = 0.318909,	Sq(2) = 0.3515,	Sq(3) = 0.318909,	Sq(4) = 0.318909,	Sq(5) = 0.351501,	Sq(6) = 0.541463,	Sq(7) = 0.351501,	Sq(8) = 0.3515,	Sq(9) = 0.541463,	Sq(10) = 0.576784,	Sq(11) = 0.541463,	Sq(12) = 0.318909,	Sq(13) = 0.351501,	Sq(14) = 0.541463,	Sq(15) = 0.351501,	N(0) = 1.99555,	N(1) = 1.98813,	N(2) = 0.668883,	N(3) = 1.98813,	N(4) = 1.98813,	N(5) = 0.669253,	N(6) = 0.00843458,	N(7) = 0.669253,	N(8) = 0.668883,	N(9) = 0.00843458,	N(10) = 0.00343331,	N(11) = 0.00843458,	N(12) = 1.98813,	N(13) = 0.669253,	N(14) = 0.00843458,	N(15) = 0.669253,	Delta[s](0) = 0.577939,	Delta[s](1) = 0.259098,	Delta[s](2) = 0.217479,	Delta[s](3) = 0.259098,	Delta[s](4) = 0.259098,	Delta[s](5) = 0.217491,	Delta[s](6) = 0.193709,	Delta[s](7) = 0.217491,	Delta[s](8) = 0.217479,	Delta[s](9) = 0.193709,	Delta[s](10) = 0.242274,	Delta[s](11) = 0.193709,	Delta[s](12) = 0.259098,	Delta[s](13) = 0.217491,	Delta[s](14) = 0.193709,	Delta[s](15) = 0.217491,	Delta[d](0) = 0.279329,	Delta[d](1) = 0.213402,	Delta[d](2) = 0.210802,	Delta[d](3) = 0.213402,	Delta[d](4) = 0.213402,	Delta[d](5) = 0.191823,	Delta[d](6) = 0.169913,	Delta[d](7) = 0.191823,	Delta[d](8) = 0.210802,	Delta[d](9) = 0.169913,	Delta[d](10) = 0.104727,	Delta[d](11) = 0.169913,	Delta[d](12) = 0.213402,	Delta[d](13) = 0.191823,	Delta[d](14) = 0.169913,	Delta[d](15) = 0.191823,	Delta[s+](0) = 0.447142,	Delta[s+](1) = 0.34211,	Delta[s+](2) = 0.210802,	Delta[s+](3) = 0.34211,	Delta[s+](4) = 0.34211,	Delta[s+](5) = 0.210842,	Delta[s+](6) = 0.0906056,	Delta[s+](7) = 0.210842,	Delta[s+](8) = 0.210802,	Delta[s+](9) = 0.0906056,	Delta[s+](10) = 0.0311307,	Delta[s+](11) = 0.0906056,	Delta[s+](12) = 0.34211,	Delta[s+](13) = 0.210842,	Delta[s+](14) = 0.0906056,	Delta[s+](15) = 0.210842
The 9-th iteration is completed.	|| time cost : 0h 3m 18.973s
********************************************************************************************************************
********************************************************************************************************************
Ground state is obtained after 10 iterations. The current ground-state energy is -64.6457, in which electron energy is -64.7519 and phonon energy is 0.106143
final variational state is: 
	Gamma_x = [      1,1.02758,1.05412,1.02758,1.02758,1.05411,1.06722,1.05411,1.05412,1.06722,1.07995,1.06722,1.02758,1.05411,1.06722,1.05411]
	lambda_q = [  0.5477,0.477766,0.476365,0.477766,0.477766,0.476319,0.434842,0.476319,0.476365,0.434842,0.411994,0.434842,0.477766,0.476319,0.434842,0.476319]
********************************************************************************************************************
o___o  ----------------------------------------
| L |	Time since last clock: 0h 0m 0s
A===A	Time since the beginning: 0h 18m 39.203s
***********************************************


********************************************************************************************************************
Warm up runs have been completed. Start calculating W = 5 phonon.
open output files: NGSEDIterationObs.txt
********************************************************************************************************************
Start the 0 rounds of NGS-ED iteration
	effective electronic model is modified as: kinetic energy t = 0.823186
	                                           effective interaction Vq = [-2.74261,-2.55947,-2.55531,-2.55947,-2.55947,-2.55517,-2.42285,-2.55517,-2.55531,-2.42285,-2.34261,-2.42285,-2.55947,-2.55517,-2.42285,-2.55517]
	PARPACK diagonalization completed after 60 matrix-vector product operations.
	iteration results: : total energy is -57.718317 | electron energy -57.771416 + phonon energy 0.053099 | electron momentum kIdx = 0
	Nq(0) = 12.25,	Nq(1) = 0.382348,	Nq(2) = 0.728087,	Nq(3) = 0.382348,	Nq(4) = 0.382348,	Nq(5) = 0.727436,	Nq(6) = 0.599502,	Nq(7) = 0.727436,	Nq(8) = 0.728087,	Nq(9) = 0.599502,	Nq(10) = 0.59615,	Nq(11) = 0.599502,	Nq(12) = 0.382348,	Nq(13) = 0.727436,	Nq(14) = 0.599502,	Nq(15) = 0.727436,	Sq(0) = 1.15753e-18,	Sq(1) = 0.371984,	Sq(2) = 0.376553,	Sq(3) = 0.371984,	Sq(4) = 0.371984,	Sq(5) = 0.376554,	Sq(6) = 0.621666,	Sq(7) = 0.376554,	Sq(8) = 0.376553,	Sq(9) = 0.621666,	Sq(10) = 0.626613,	Sq(11) = 0.621666,	Sq(12) = 0.371984,	Sq(13) = 0.376554,	Sq(14) = 0.621666,	Sq(15) = 0.376554,	N(0) = 1.99976,	N(1) = 1.99924,	N(2) = 0.66531,	N(3) = 1.99924,	N(4) = 1.99924,	N(5) = 0.667553,	N(6) = 0.00057242,	N(7) = 0.667553,	N(8) = 0.66531,	N(9) = 0.00057242,	N(10) = 0.000176439,	N(11) = 0.00057242,	N(12) = 1.99924,	N(13) = 0.667553,	N(14) = 0.00057242,	N(15) = 0.667553,	Delta[s](0) = 0.399695,	Delta[s](1) = 0.235329,	Delta[s](2) = 0.202405,	Delta[s](3) = 0.235329,	Delta[s](4) = 0.235329,	Delta[s](5) = 0.202454,	Delta[s](6) = 0.184644,	Delta[s](7) = 0.202454,	Delta[s](8) = 0.202405,	Delta[s](9) = 0.184644,	Delta[s](10) = 0.275519,	Delta[s](11) = 0.184644,	Delta[s](12) = 0.235329,	Delta[s](13) = 0.202454,	Delta[s](14) = 0.184644,	Delta[s](15) = 0.202454,	Delta[d](0) = 0.288086,	Delta[d](1) = 0.223299,	Delta[d](2) = 0.226739,	Delta[d](3) = 0.223299,	Delta[d](4) = 0.223299,	Delta[d](5) = 0.202491,	Delta[d](6) = 0.178978,	Delta[d](7) = 0.202491,	Delta[d](8) = 0.226739,	Delta[d](9) = 0.178978,	Delta[d](10) = 0.115436,	Delta[d](11) = 0.178978,	Delta[d](12) = 0.223299,	Delta[d](13) = 0.202491,	Delta[d](14) = 0.178978,	Delta[d](15) = 0.202491,	Delta[s+](0) = 0.486109,	Delta[s+](1) = 0.36821,	Delta[s+](2) = 0.226739,	Delta[s+](3) = 0.36821,	Delta[s+](4) = 0.36821,	Delta[s+](5) = 0.226973,	Delta[s+](6) = 0.101284,	Delta[s+](7) = 0.226973,	Delta[s+](8) = 0.226739,	Delta[s+](9) = 0.101284,	Delta[s+](10) = 0.0368239,	Delta[s+](11) = 0.101284,	Delta[s+](12) = 0.36821,	Delta[s+](13) = 0.226973,	Delta[s+](14) = 0.101284,	Delta[s+](15) = 0.226973
The 0-th iteration is completed.	|| time cost : 0h 3m 31.796s
********************************************************************************************************************
Start the 1 rounds of NGS-ED iteration
	effective electronic model is modified as: kinetic energy t = 0.796687
	                                           effective interaction Vq = [-2.90533,-2.71299,-2.71318,-2.71299,-2.71299,-2.71299,-2.54176,-2.71299,-2.71318,-2.54176,-2.42191,-2.54176,-2.71299,-2.71299,-2.54176,-2.71299]
	PARPACK diagonalization completed after 45 matrix-vector product operations.
	iteration results: : total energy is -60.244154 | electron energy -60.404358 + phonon energy 0.160204 | electron momentum kIdx = 0
The 1-th iteration is completed.	|| time cost : 0h 0m 24.263s
********************************************************************************************************************
Start the 2 rounds of NGS-ED iteration
	effective electronic model is modified as: kinetic energy t = 0.779672
	                                           effective interaction Vq = [-2.96519, -2.7877,-2.79303, -2.7877, -2.7877,-2.79289,-2.60837,-2.79289,-2.79303,-2.60837,-2.47386,-2.60837, -2.7877,-2.79289,-2.60837,-2.79289]
	PARPACK diagonalization completed after 45 matrix-vector product operations.
	iteration results: : total energy is -61.169102 | electron energy -61.408625 + phonon energy 0.239523 | electron momentum kIdx = 0
The 2-th iteration is completed.	|| time cost : 0h 0m 24.074s
********************************************************************************************************************
Start the 3 rounds of NGS-ED iteration
	effective electronic model is modified as: kinetic energy t = 0.769217
	                                           effective interaction Vq = [-2.98721,-2.82604,-2.83463,-2.82604,-2.82604,-2.83453,-2.64619,-2.83453,-2.83463,-2.64619,-2.50604,-2.64619,-2.82604,-2.83453,-2.64619,-2.83453]
	PARPACK diagonalization completed after 45 matrix-vector product operations.
	iteration results: : total energy is -61.506205 | electron energy -61.796053 + phonon energy 0.289848 | electron momentum kIdx = 0
The 3-th iteration is completed.	|| time cost : 0h 0m 24.048s
********************************************************************************************************************
Start the 4 rounds of NGS-ED iteration
	effective electronic model is modified as: kinetic energy t = 0.762935
	                                           effective interaction Vq = [-2.99531,-2.84655,-2.85696,-2.84655,-2.84655,-2.85689,-2.66802,-2.85689,-2.85696,-2.66802,-2.52574,-2.66802,-2.84655,-2.85689,-2.66802,-2.85689]
	PARPACK diagonalization completed after 45 matrix-vector product operations.
	iteration results: : total energy is -61.628703 | electron energy -61.949042 + phonon energy 0.320339 | electron momentum kIdx = 0
The 4-th iteration is completed.	|| time cost : 0h 0m 24.203s
********************************************************************************************************************
Start the 5 rounds of NGS-ED iteration
	effective electronic model is modified as: kinetic energy t = 0.759205
	                                           effective interaction Vq = [-2.99829,-2.85787,-2.86923,-2.85787,-2.85787,-2.86918, -2.6808,-2.86918,-2.86923, -2.6808,-2.53777, -2.6808,-2.85787,-2.86918, -2.6808,-2.86918]
	PARPACK diagonalization completed after 45 matrix-vector product operations.
	iteration results: : total energy is -61.673161 | electron energy -62.011650 + phonon energy 0.338489 | electron momentum kIdx = 0
The 5-th iteration is completed.	|| time cost : 0h 0m 24.231s
********************************************************************************************************************
Start the 6 rounds of NGS-ED iteration
	effective electronic model is modified as: kinetic energy t = 0.757004
	                                           effective interaction Vq = [-2.99939,-2.86423,-2.87608,-2.86423,-2.86423,-2.87605,-2.68836,-2.87605,-2.87608,-2.68836,-2.54514,-2.68836,-2.86423,-2.87605,-2.68836,-2.87605]
	PARPACK diagonalization completed after 45 matrix-vector product operations.
	iteration results: : total energy is -61.689293 | electron energy -62.038503 + phonon energy 0.349211 | electron momentum kIdx = 0
The 6-th iteration is completed.	|| time cost : 0h 0m 24.039s
********************************************************************************************************************
Start the 7 rounds of NGS-ED iteration
	effective electronic model is modified as: kinetic energy t = 0.755709
	                                           effective interaction Vq = [-2.99979,-2.86785,-2.87995,-2.86785,-2.86785,-2.87993,-2.69285,-2.87993,-2.87995,-2.69285,-2.54965,-2.69285,-2.86785,-2.87993,-2.69285,-2.87993]
	PARPACK diagonalization completed after 30 matrix-vector product operations.
	iteration results: : total energy is -61.695149 | electron energy -62.050672 + phonon energy 0.355523 | electron momentum kIdx = 0
The 7-th iteration is completed.	|| time cost : 0h 0m 20.488s
********************************************************************************************************************
Start the 8 rounds of NGS-ED iteration
	effective electronic model is modified as: kinetic energy t = 0.754948
	                                           effective interaction Vq = [-2.99994,-2.86993,-2.88215,-2.86993,-2.86993,-2.88213,-2.69553,-2.88213,-2.88215,-2.69553,-2.55241,-2.69553,-2.86993,-2.88213,-2.69553,-2.88213]
	PARPACK diagonalization completed after 30 matrix-vector product operations.
	iteration results: : total energy is -61.697277 | electron energy -62.056511 + phonon energy 0.359234 | electron momentum kIdx = 0
The 8-th iteration is completed.	|| time cost : 0h 0m 20.631s
********************************************************************************************************************
Start the 9 rounds of NGS-ED iteration
	effective electronic model is modified as: kinetic energy t = 0.754502
	                                           effective interaction Vq = [-2.99999,-2.87113,-2.88341,-2.87113,-2.87113,-2.88339,-2.69714,-2.88339,-2.88341,-2.69714,-2.55411,-2.69714,-2.87113,-2.88339,-2.69714,-2.88339]
	PARPACK diagonalization completed after 30 matrix-vector product operations.
	iteration results: : total energy is -61.698051 | electron energy -62.059466 + phonon energy 0.361415 | electron momentum kIdx = 0
The 9-th iteration is completed.	|| time cost : 0h 0m 20.599s
********************************************************************************************************************
Start the 10 rounds of NGS-ED iteration
	effective electronic model is modified as: kinetic energy t = 0.75424
	                                           effective interaction Vq = [-3.00001,-2.87183,-2.88412,-2.87183,-2.87183,-2.88411,-2.69811,-2.88411,-2.88412,-2.69811,-2.55515,-2.69811,-2.87183,-2.88411,-2.69811,-2.88411]
	PARPACK diagonalization completed after 30 matrix-vector product operations.
	iteration results: : total energy is -61.698333 | electron energy -62.061030 + phonon energy 0.362698 | electron momentum kIdx = 0
	Nq(0) = 12.25,	Nq(1) = 0.40039,	Nq(2) = 0.794728,	Nq(3) = 0.40039,	Nq(4) = 0.40039,	Nq(5) = 0.794716,	Nq(6) = 0.619893,	Nq(7) = 0.794716,	Nq(8) = 0.794728,	Nq(9) = 0.619893,	Nq(10) = 0.606139,	Nq(11) = 0.619893,	Nq(12) = 0.40039,	Nq(13) = 0.794716,	Nq(14) = 0.619893,	Nq(15) = 0.794716,	Sq(0) = -3.5242e-18,	Sq(1) = 0.330146,	Sq(2) = 0.359156,	Sq(3) = 0.330146,	Sq(4) = 0.330146,	Sq(5) = 0.359156,	Sq(6) = 0.557638,	Sq(7) = 0.359156,	Sq(8) = 0.359156,	Sq(9) = 0.557638,	Sq(10) = 0.588333,	Sq(11) = 0.557638,	Sq(12) = 0.330146,	Sq(13) = 0.359156,	Sq(14) = 0.557638,	Sq(15) = 0.359156,	N(0) = 1.99687,	N(1) = 1.99041,	N(2) = 0.668358,	N(3) = 1.99041,	N(4) = 1.99041,	N(5) = 0.668382,	N(6) = 0.00728078,	N(7) = 0.668382,	N(8) = 0.668358,	N(9) = 0.00728078,	N(10) = 0.00212324,	N(11) = 0.00728078,	N(12) = 1.99041,	N(13) = 0.668382,	N(14) = 0.00728078,	N(15) = 0.668382,	Delta[s](0) = 0.420508,	Delta[s](1) = 0.251724,	Delta[s](2) = 0.222786,	Delta[s](3) = 0.251724,	Delta[s](4) = 0.251724,	Delta[s](5) = 0.222786,	Delta[s](6) = 0.206429,	Delta[s](7) = 0.222786,	Delta[s](8) = 0.222786,	Delta[s](9) = 0.206429,	Delta[s](10) = 0.262957,	Delta[s](11) = 0.206429,	Delta[s](12) = 0.251724,	Delta[s](13) = 0.222786,	Delta[s](14) = 0.206429,	Delta[s](15) = 0.222786,	Delta[d](0) = 0.29718,	Delta[d](1) = 0.236072,	Delta[d](2) = 0.234783,	Delta[d](3) = 0.236072,	Delta[d](4) = 0.236072,	Delta[d](5) = 0.216632,	Delta[d](6) = 0.194874,	Delta[d](7) = 0.216632,	Delta[d](8) = 0.234783,	Delta[d](9) = 0.194874,	Delta[d](10) = 0.136294,	Delta[d](11) = 0.194874,	Delta[d](12) = 0.236072,	Delta[d](13) = 0.216632,	Delta[d](14) = 0.194874,	Delta[d](15) = 0.216632,	Delta[s+](0) = 0.47785,	Delta[s+](1) = 0.366952,	Delta[s+](2) = 0.234783,	Delta[s+](3) = 0.366952,	Delta[s+](4) = 0.366952,	Delta[s+](5) = 0.234786,	Delta[s+](6) = 0.112727,	Delta[s+](7) = 0.234786,	Delta[s+](8) = 0.234783,	Delta[s+](9) = 0.112727,	Delta[s+](10) = 0.0481074,	Delta[s+](11) = 0.112727,	Delta[s+](12) = 0.366952,	Delta[s+](13) = 0.234786,	Delta[s+](14) = 0.112727,	Delta[s+](15) = 0.234786
The 10-th iteration is completed.	|| time cost : 0h 3m 12.644s
********************************************************************************************************************
Start the 11 rounds of NGS-ED iteration
	effective electronic model is modified as: kinetic energy t = 0.754086
	                                           effective interaction Vq = [-3.00002,-2.87223,-2.88453,-2.87223,-2.87223,-2.88452,-2.69869,-2.88452,-2.88453,-2.69869,-2.55578,-2.69869,-2.87223,-2.88452,-2.69869,-2.88452]
	PARPACK diagonalization completed after 30 matrix-vector product operations.
	iteration results: : total energy is -61.698435 | electron energy -62.061887 + phonon energy 0.363452 | electron momentum kIdx = 0
The 11-th iteration is completed.	|| time cost : 0h 0m 20.535s
********************************************************************************************************************
Start the 12 rounds of NGS-ED iteration
	effective electronic model is modified as: kinetic energy t = 0.753996
	                                           effective interaction Vq = [-3.00002,-2.87246,-2.88476,-2.87246,-2.87246,-2.88476,-2.69905,-2.88476,-2.88476,-2.69905,-2.55617,-2.69905,-2.87246,-2.88476,-2.69905,-2.88476]
	PARPACK diagonalization completed after 30 matrix-vector product operations.
	iteration results: : total energy is -61.698473 | electron energy -62.062368 + phonon energy 0.363896 | electron momentum kIdx = 0
The 12-th iteration is completed.	|| time cost : 0h 0m 20.452s
********************************************************************************************************************
Start the 13 rounds of NGS-ED iteration
	effective electronic model is modified as: kinetic energy t = 0.753942
	                                           effective interaction Vq = [-3.00003, -2.8726, -2.8849, -2.8726, -2.8726, -2.8849,-2.69926, -2.8849, -2.8849,-2.69926,-2.55641,-2.69926, -2.8726, -2.8849,-2.69926, -2.8849]
	PARPACK diagonalization completed after 30 matrix-vector product operations.
	iteration results: : total energy is -61.698486 | electron energy -62.062643 + phonon energy 0.364157 | electron momentum kIdx = 0
The 13-th iteration is completed.	|| time cost : 0h 0m 20.605s
********************************************************************************************************************
Start the 14 rounds of NGS-ED iteration
	effective electronic model is modified as: kinetic energy t = 0.753911
	                                           effective interaction Vq = [-3.00003,-2.87268,-2.88497,-2.87268,-2.87268,-2.88497,-2.69939,-2.88497,-2.88497,-2.69939,-2.55656,-2.69939,-2.87268,-2.88497,-2.69939,-2.88497]
	PARPACK diagonalization completed after 30 matrix-vector product operations.
	iteration results: : total energy is -61.698491 | electron energy -62.062803 + phonon energy 0.364311 | electron momentum kIdx = 0
The 14-th iteration is completed.	|| time cost : 0h 0m 20.371s
********************************************************************************************************************
Start the 15 rounds of NGS-ED iteration
	effective electronic model is modified as: kinetic energy t = 0.753893
	                                           effective interaction Vq = [-3.00003,-2.87273,-2.88502,-2.87273,-2.87273,-2.88502,-2.69947,-2.88502,-2.88502,-2.69947,-2.55665,-2.69947,-2.87273,-2.88502,-2.69947,-2.88502]
	PARPACK diagonalization completed after 30 matrix-vector product operations.
	iteration results: : total energy is -61.698493 | electron energy -62.062895 + phonon energy 0.364402 | electron momentum kIdx = 0
The 15-th iteration is completed.	|| time cost : 0h 0m 20.376s
********************************************************************************************************************
Start the 16 rounds of NGS-ED iteration
	effective electronic model is modified as: kinetic energy t = 0.753882
	                                           effective interaction Vq = [-3.00003,-2.87275,-2.88504,-2.87275,-2.87275,-2.88504,-2.69951,-2.88504,-2.88504,-2.69951, -2.5567,-2.69951,-2.87275,-2.88504,-2.69951,-2.88504]
	PARPACK diagonalization completed after 30 matrix-vector product operations.
	iteration results: : total energy is -61.698494 | electron energy -62.062950 + phonon energy 0.364456 | electron momentum kIdx = 0
The 16-th iteration is completed.	|| time cost : 0h 0m 20.408s
********************************************************************************************************************
Start the 17 rounds of NGS-ED iteration
	effective electronic model is modified as: kinetic energy t = 0.753875
	                                           effective interaction Vq = [-3.00003,-2.87277,-2.88506,-2.87277,-2.87277,-2.88506,-2.69954,-2.88506,-2.88506,-2.69954,-2.55674,-2.69954,-2.87277,-2.88506,-2.69954,-2.88506]
	PARPACK diagonalization completed after 30 matrix-vector product operations.
	iteration results: : total energy is -61.698494 | electron energy -62.062982 + phonon energy 0.364488 | electron momentum kIdx = 0
The 17-th iteration is completed.	|| time cost : 0h 0m 20.611s
********************************************************************************************************************
Start the 18 rounds of NGS-ED iteration
	effective electronic model is modified as: kinetic energy t = 0.753872
	                                           effective interaction Vq = [-3.00003,-2.87278,-2.88506,-2.87278,-2.87278,-2.88506,-2.69956,-2.88506,-2.88506,-2.69956,-2.55676,-2.69956,-2.87278,-2.88506,-2.69956,-2.88506]
	PARPACK diagonalization completed after 30 matrix-vector product operations.
	iteration results: : total energy is -61.698494 | electron energy -62.063001 + phonon energy 0.364507 | electron momentum kIdx = 0
The 18-th iteration is completed.	|| time cost : 0h 0m 20.394s
********************************************************************************************************************
Start the 19 rounds of NGS-ED iteration
	effective electronic model is modified as: kinetic energy t = 0.753869
	                                           effective interaction Vq = [-3.00003,-2.87279,-2.88507,-2.87279,-2.87279,-2.88507,-2.69957,-2.88507,-2.88507,-2.69957,-2.55677,-2.69957,-2.87279,-2.88507,-2.69957,-2.88507]
	PARPACK diagonalization completed after 30 matrix-vector product operations.
	iteration results: : total energy is -61.698494 | electron energy -62.063012 + phonon energy 0.364518 | electron momentum kIdx = 0
The 19-th iteration is completed.	|| time cost : 0h 0m 20.467s
********************************************************************************************************************
Start the 20 rounds of NGS-ED iteration
	effective electronic model is modified as: kinetic energy t = 0.753868
	                                           effective interaction Vq = [-3.00003,-2.87279,-2.88507,-2.87279,-2.87279,-2.88507,-2.69958,-2.88507,-2.88507,-2.69958,-2.55678,-2.69958,-2.87279,-2.88507,-2.69958,-2.88507]
	PARPACK diagonalization completed after 30 matrix-vector product operations.
	iteration results: : total energy is -61.698494 | electron energy -62.063019 + phonon energy 0.364525 | electron momentum kIdx = 0
	Nq(0) = 12.25,	Nq(1) = 0.400461,	Nq(2) = 0.794867,	Nq(3) = 0.400461,	Nq(4) = 0.400461,	Nq(5) = 0.794867,	Nq(6) = 0.620147,	Nq(7) = 0.794867,	Nq(8) = 0.794867,	Nq(9) = 0.620147,	Nq(10) = 0.606374,	Nq(11) = 0.620147,	Nq(12) = 0.400461,	Nq(13) = 0.794867,	Nq(14) = 0.620147,	Nq(15) = 0.794867,	Sq(0) = -3.52691e-18,	Sq(1) = 0.329979,	Sq(2) = 0.359065,	Sq(3) = 0.329979,	Sq(4) = 0.329979,	Sq(5) = 0.359065,	Sq(6) = 0.557383,	Sq(7) = 0.359065,	Sq(8) = 0.359065,	Sq(9) = 0.557383,	Sq(10) = 0.588155,	Sq(11) = 0.557383,	Sq(12) = 0.329979,	Sq(13) = 0.359065,	Sq(14) = 0.557383,	Sq(15) = 0.359065,	N(0) = 1.99685,	N(1) = 1.99036,	N(2) = 0.668386,	N(3) = 1.99036,	N(4) = 1.99036,	N(5) = 0.668386,	N(6) = 0.00731772,	N(7) = 0.668386,	N(8) = 0.668386,	N(9) = 0.00731772,	N(10) = 0.00213992,	N(11) = 0.00731772,	N(12) = 1.99036,	N(13) = 0.668386,	N(14) = 0.00731772,	N(15) = 0.668386,	Delta[s](0) = 0.420629,	Delta[s](1) = 0.25179,	Delta[s](2) = 0.222875,	Delta[s](3) = 0.25179,	Delta[s](4) = 0.25179,	Delta[s](5) = 0.222875,	Delta[s](6) = 0.206522,	Delta[s](7) = 0.222875,	Delta[s](8) = 0.222875,	Delta[s](9) = 0.206522,	Delta[s](10) = 0.262879,	Delta[s](11) = 0.206522,	Delta[s](12) = 0.25179,	Delta[s](13) = 0.222875,	Delta[s](14) = 0.206522,	Delta[s](15) = 0.222875,	Delta[d](0) = 0.297221,	Delta[d](1) = 0.236137,	Delta[d](2) = 0.234833,	Delta[d](3) = 0.236137,	Delta[d](4) = 0.236137,	Delta[d](5) = 0.216699,	Delta[d](6) = 0.194953,	Delta[d](7) = 0.216699,	Delta[d](8) = 0.234833,	Delta[d](9) = 0.194953,	Delta[d](10) = 0.136396,	Delta[d](11) = 0.194953,	Delta[d](12) = 0.236137,	Delta[d](13) = 0.216699,	Delta[d](14) = 0.194953,	Delta[d](15) = 0.216699,	Delta[s+](0) = 0.477835,	Delta[s+](1) = 0.366968,	Delta[s+](2) = 0.234833,	Delta[s+](3) = 0.366968,	Delta[s+](4) = 0.366968,	Delta[s+](5) = 0.234833,	Delta[s+](6) = 0.112796,	Delta[s+](7) = 0.234833,	Delta[s+](8) = 0.234833,	Delta[s+](9) = 0.112796,	Delta[s+](10) = 0.0481698,	Delta[s+](11) = 0.112796,	Delta[s+](12) = 0.366968,	Delta[s+](13) = 0.234833,	Delta[s+](14) = 0.112796,	Delta[s+](15) = 0.234833
The 20-th iteration is completed.	|| time cost : 0h 3m 14.298s
********************************************************************************************************************
Start the 21 rounds of NGS-ED iteration
	effective electronic model is modified as: kinetic energy t = 0.753867
	                                           effective interaction Vq = [-3.00003,-2.87279,-2.88507,-2.87279,-2.87279,-2.88507,-2.69958,-2.88507,-2.88507,-2.69958,-2.55678,-2.69958,-2.87279,-2.88507,-2.69958,-2.88507]
	PARPACK diagonalization completed after 30 matrix-vector product operations.
	iteration results: : total energy is -61.698494 | electron energy -62.063023 + phonon energy 0.364528 | electron momentum kIdx = 0
The 21-th iteration is completed.	|| time cost : 0h 0m 20.656s
********************************************************************************************************************
Start the 22 rounds of NGS-ED iteration
	effective electronic model is modified as: kinetic energy t = 0.753867
	                                           effective interaction Vq = [-3.00003,-2.87279,-2.88507,-2.87279,-2.87279,-2.88507,-2.69958,-2.88507,-2.88507,-2.69958,-2.55678,-2.69958,-2.87279,-2.88507,-2.69958,-2.88507]
	PARPACK diagonalization completed after 30 matrix-vector product operations.
	iteration results: : total energy is -61.698494 | electron energy -62.063025 + phonon energy 0.364531 | electron momentum kIdx = 0
The 22-th iteration is completed.	|| time cost : 0h 0m 20.402s
********************************************************************************************************************
Start the 23 rounds of NGS-ED iteration
	effective electronic model is modified as: kinetic energy t = 0.753866
	                                           effective interaction Vq = [-3.00003,-2.87279,-2.88507,-2.87279,-2.87279,-2.88507,-2.69958,-2.88507,-2.88507,-2.69958,-2.55678,-2.69958,-2.87279,-2.88507,-2.69958,-2.88507]
	PARPACK diagonalization completed after 30 matrix-vector product operations.
	iteration results: : total energy is -61.698494 | electron energy -62.063026 + phonon energy 0.364532 | electron momentum kIdx = 0
The 23-th iteration is completed.	|| time cost : 0h 0m 20.589s
********************************************************************************************************************
Start the 24 rounds of NGS-ED iteration
	effective electronic model is modified as: kinetic energy t = 0.753866
	                                           effective interaction Vq = [-3.00003,-2.87279,-2.88507,-2.87279,-2.87279,-2.88507,-2.69959,-2.88507,-2.88507,-2.69959,-2.55679,-2.69959,-2.87279,-2.88507,-2.69959,-2.88507]
	PARPACK diagonalization completed after 30 matrix-vector product operations.
