SNEDics v3.22.2 Non-Gaussian ED ground state program		Start at Sun Feb  6 11:02:56 2022

Parallelization: 32 MPI threads  * 8 OpenMP threads = 256 total threads.
********************************************************************************************************************
********************************************************************************************************************

********************************************************************************************************************
System parameters and configurations
	special program options are enabled: splitted diagonal Hamiltonian | splitted Hamiltonian terms
********************************************************************************************************************
Read input file "model_params.in"
	Hubbard-Holstein model parameters : 	t = 1    U = 8    g = 0.25    W = 0.2    
********************************************************************************************************************
Read input file "hilbertspace_params.in"
	Requested 16-site 2D lattice, with 6 electrons (3, 3)
	Boundary : Periodic		Hilbert space representation : momentum-space (restricted to kIdx = 0)
	Conservation: particle number[U(1)]      spin[U(1)]     momentum
********************************************************************************************************************

Cluster Positions:				Cluster symmetry group : D4
 x ... x ... x ... x .....                       x ... x ... x ... x .....
 |           |           :                       |           |           :
 |           |           :                       |           |           :
12    13    14    15     x                       1     5     6     5     x
 |           |           :                       |           |           :
 |           |           :                       |           |           :
 8 --- 9 ---10 ---11 --- x                       2 --- 6 ---10 --- 6 --- x
 |           |           :                       |           |           :
 |           |           :                       |           |           :
 4     5     6     7     x                       1     5     6     5     x
 |           |           :                       |           |           :
 |           |           :                       |           |           :
 0 --- 1 --- 2 --- 3 --- x                       0 --- 1 --- 2 --- 1 --- x
orbital number : 1
********************************************************************************************************************
Read input file "obs_params.in"
	Observable Type : Nq(All),   Sq(All),   N(All-Orbital),   Delta[s](All),   Delta[d](All),   Delta[s+](All)
** WARNING ** the input observables have non-local factors which have been reinterpreted. The total observable number is 96
********************************************************************************************************************


********************************************************************************************************************
Start calculating the non-Gaussian ED ground state
Maximal iteration number is 1000; energy resolution is 1e-06. Phonon state relaxation time is 2000
W = 0.2 is relatively large. The non-Gaussian ED calculation starts directly.
open output files: NGSED_iteration_observables.txt
********************************************************************************************************************
Start the 0 rounds of NGS-ED iteration
	effective electronic model is modified as: kinetic energy t = 1
	                                           effective interaction Vq = [0,0,0,0,0,0,0,0,0,0,0,0,0,0,0,0]
	first Hamiltonian is constructed, size = 19600 and non-zero numbers = 2019938
	PARPACK diagonalization completed after 75 matrix-vector product operations.
	iteration results: : total energy is -14.723540 | electron energy -14.723540 + phonon energy 0.000000 | electron momentum kIdx = 0
	Nq(0) = 2.25,	Nq(1) = 0.205499,	Nq(2) = 0.228504,	Nq(3) = 0.205499,	Nq(4) = 0.205499,	Nq(5) = 0.228504,	
	Nq(6) = 0.33648,	Nq(7) = 0.228504,	Nq(8) = 0.228504,	Nq(9) = 0.33648,	Nq(10) = 0.357919,	
	Nq(11) = 0.33648,	Nq(12) = 0.205499,	Nq(13) = 0.228504,	Nq(14) = 0.33648,	Nq(15) = 0.228504;	
	Sq(0) = 2.67336e-18,	Sq(1) = 0.23303,	Sq(2) = 0.487757,	Sq(3) = 0.23303,	Sq(4) = 0.23303,	
	Sq(5) = 0.487757,	Sq(6) = 0.401246,	Sq(7) = 0.487757,	Sq(8) = 0.487757,	Sq(9) = 0.401246,	
	Sq(10) = 0.389497,	Sq(11) = 0.401246,	Sq(12) = 0.23303,	Sq(13) = 0.487757,	Sq(14) = 0.401246,	
	Sq(15) = 0.487757;	N(0) = 1.87006,	N(1) = 0.991115,	N(2) = 0.0201637,	N(3) = 0.991115,	
	N(4) = 0.991115,	N(5) = 0.0201637,	N(6) = 0.0099716,	N(7) = 0.0201637,	N(8) = 0.0201637,	
	N(9) = 0.0099716,	N(10) = 0.00460848,	N(11) = 0.0099716,	N(12) = 0.991115,	N(13) = 0.0201637,	
	N(14) = 0.0099716,	N(15) = 0.0201637;	Delta[s](0) = 0.0187146,	Delta[s](1) = 0.0132964,	Delta[s](2) = 0.000202001,	
	Delta[s](3) = 0.0132964,	Delta[s](4) = 0.0132964,	Delta[s](5) = 0.000202001,	Delta[s](6) = 6.52397e-05,	Delta[s](7) = 0.000202001,	
	Delta[s](8) = 0.000202001,	Delta[s](9) = 6.52397e-05,	Delta[s](10) = 5.47182e-05,	Delta[s](11) = 6.52397e-05,	Delta[s](12) = 0.0132964,	
	Delta[s](13) = 0.000202001,	Delta[s](14) = 6.52397e-05,	Delta[s](15) = 0.000202001;	Delta[d](0) = 0.00508908,	Delta[d](1) = 0.0336117,	
	Delta[d](2) = 0.00313719,	Delta[d](3) = 0.0336117,	Delta[d](4) = 0.0336117,	Delta[d](5) = 0.0805548,	Delta[d](6) = 0.00475316,	
	Delta[d](7) = 0.0805548,	Delta[d](8) = 0.00313719,	Delta[d](9) = 0.00475316,	Delta[d](10) = 0.00139457,	Delta[d](11) = 0.00475316,	
	Delta[d](12) = 0.0336117,	Delta[d](13) = 0.0805548,	Delta[d](14) = 0.00475316,	Delta[d](15) = 0.0805548;	Delta[s+](0) = 0.255176,	
	Delta[s+](1) = 0.153671,	Delta[s+](2) = 0.00313719,	Delta[s+](3) = 0.153671,	Delta[s+](4) = 0.153671,	Delta[s+](5) = 0.00313719,	
	Delta[s+](6) = 0.00048135,	Delta[s+](7) = 0.00313719,	Delta[s+](8) = 0.00313719,	Delta[s+](9) = 0.00048135,	Delta[s+](10) = 0.000130827,	
	Delta[s+](11) = 0.00048135,	Delta[s+](12) = 0.153671,	Delta[s+](13) = 0.00313719,	Delta[s+](14) = 0.00048135,	Delta[s+](15) = 0.00313719
	
The 0-th iteration is completed.	|| time cost : 0h 0m 0.925s
********************************************************************************************************************
Start the 1 rounds of NGS-ED iteration
	effective electronic model is modified as: kinetic energy t = 0.995961
	                                           effective interaction Vq = [   -0.3125,-0.0497488,-0.0287912,-0.0497488,-0.0497488,-0.0287912,-0.0286985,-0.0287912,-0.0287912,-0.0286985,-0.0230791,-0.0286985,-0.0497488,-0.0287912,-0.0286985,-0.0287912]
	PARPACK diagonalization completed after 30 matrix-vector product operations.
	iteration results: : total energy is -15.490795 | electron energy -15.492108 + phonon energy 0.001313 | electron momentum kIdx = 0
The 1-th iteration is completed.	|| time cost : 0h 0m 0.844s
********************************************************************************************************************
Start the 2 rounds of NGS-ED iteration
	effective electronic model is modified as: kinetic energy t = 0.995958
	                                           effective interaction Vq = [   -0.3125, -0.049892,-0.0287822, -0.049892, -0.049892,-0.0287822,-0.0286665,-0.0287822,-0.0287822,-0.0286665,-0.0230453,-0.0286665, -0.049892,-0.0287822,-0.0286665,-0.0287822]
	PARPACK diagonalization completed after 30 matrix-vector product operations.
	iteration results: : total energy is -15.490796 | electron energy -15.492112 + phonon energy 0.001316 | electron momentum kIdx = 0
The 2-th iteration is completed.	|| time cost : 0h 0m 0.544s
********************************************************************************************************************
Start the 3 rounds of NGS-ED iteration
	effective electronic model is modified as: kinetic energy t = 0.995958
	                                           effective interaction Vq = [   -0.3125,-0.0498931,-0.0287821,-0.0498931,-0.0498931,-0.0287821,-0.0286662,-0.0287821,-0.0287821,-0.0286662,-0.0230452,-0.0286662,-0.0498931,-0.0287821,-0.0286662,-0.0287821]
	PARPACK diagonalization completed after 30 matrix-vector product operations.
	iteration results: : total energy is -15.490796 | electron energy -15.492112 + phonon energy 0.001316 | electron momentum kIdx = 0
The 3-th iteration is completed.	|| time cost : 0h 0m 0.546s
********************************************************************************************************************
Start the 4 rounds of NGS-ED iteration
	effective electronic model is modified as: kinetic energy t = 0.995958
	                                           effective interaction Vq = [   -0.3125,-0.0498931,-0.0287821,-0.0498931,-0.0498931,-0.0287821,-0.0286662,-0.0287821,-0.0287821,-0.0286662,-0.0230452,-0.0286662,-0.0498931,-0.0287821,-0.0286662,-0.0287821]
	PARPACK diagonalization completed after 30 matrix-vector product operations.
	iteration results: : total energy is -15.490796 | electron energy -15.492112 + phonon energy 0.001316 | electron momentum kIdx = 0
	Nq(0) = 2.25,	Nq(1) = 0.206165,	Nq(2) = 0.228481,	Nq(3) = 0.206165,	Nq(4) = 0.206165,	Nq(5) = 0.228481,	
	Nq(6) = 0.336181,	Nq(7) = 0.228481,	Nq(8) = 0.228481,	Nq(9) = 0.336181,	Nq(10) = 0.357483,	
	Nq(11) = 0.336181,	Nq(12) = 0.206165,	Nq(13) = 0.228481,	Nq(14) = 0.336181,	Nq(15) = 0.228481;	
	Sq(0) = 2.61815e-18,	Sq(1) = 0.233018,	Sq(2) = 0.487359,	Sq(3) = 0.233018,	Sq(4) = 0.233018,	
	Sq(5) = 0.487359,	Sq(6) = 0.401594,	Sq(7) = 0.487359,	Sq(8) = 0.487359,	Sq(9) = 0.401594,	
	Sq(10) = 0.389641,	Sq(11) = 0.401594,	Sq(12) = 0.233018,	Sq(13) = 0.487359,	Sq(14) = 0.401594,	
	Sq(15) = 0.487359;	N(0) = 1.87105,	N(1) = 0.991084,	N(2) = 0.0200151,	N(3) = 0.991084,	
	N(4) = 0.991084,	N(5) = 0.0200151,	N(6) = 0.00997383,	N(7) = 0.0200151,	N(8) = 0.0200151,	
	N(9) = 0.00997383,	N(10) = 0.00463279,	N(11) = 0.00997383,	N(12) = 0.991084,	N(13) = 0.0200151,	
	N(14) = 0.00997383,	N(15) = 0.0200151;	Delta[s](0) = 0.0188018,	Delta[s](1) = 0.0133909,	Delta[s](2) = 0.000199354,	
	Delta[s](3) = 0.0133909,	Delta[s](4) = 0.0133909,	Delta[s](5) = 0.000199354,	Delta[s](6) = 6.55346e-05,	Delta[s](7) = 0.000199354,	
	Delta[s](8) = 0.000199354,	Delta[s](9) = 6.55346e-05,	Delta[s](10) = 5.49363e-05,	Delta[s](11) = 6.55346e-05,	Delta[s](12) = 0.0133909,	
	Delta[s](13) = 0.000199354,	Delta[s](14) = 6.55346e-05,	Delta[s](15) = 0.000199354;	Delta[d](0) = 0.0050388,	Delta[d](1) = 0.0336384,	
	Delta[d](2) = 0.00309842,	Delta[d](3) = 0.0336384,	Delta[d](4) = 0.0336384,	Delta[d](5) = 0.0807669,	Delta[d](6) = 0.00472126,	
	Delta[d](7) = 0.0807669,	Delta[d](8) = 0.00309842,	Delta[d](9) = 0.00472126,	Delta[d](10) = 0.00141343,	Delta[d](11) = 0.00472126,	
	Delta[d](12) = 0.0336384,	Delta[d](13) = 0.0807669,	Delta[d](14) = 0.00472126,	Delta[d](15) = 0.0807669;	Delta[s+](0) = 0.255413,	
	Delta[s+](1) = 0.153933,	Delta[s+](2) = 0.00309842,	Delta[s+](3) = 0.153933,	Delta[s+](4) = 0.153933,	Delta[s+](5) = 0.00309842,	
	Delta[s+](6) = 0.000485991,	Delta[s+](7) = 0.00309842,	Delta[s+](8) = 0.00309842,	Delta[s+](9) = 0.000485991,	Delta[s+](10) = 0.000131288,	
	Delta[s+](11) = 0.000485991,	Delta[s+](12) = 0.153933,	Delta[s+](13) = 0.00309842,	Delta[s+](14) = 0.000485991,	Delta[s+](15) = 0.00309842
	
The 4-th iteration is completed.	|| time cost : 0h 0m 0.732s
********************************************************************************************************************
********************************************************************************************************************
Ground state is obtained after 5 iterations. The current ground-state energy is -15.4908, in which electron energy is -15.4921 and phonon energy is 0.00131618
Final variational state is: 
	Gamma_x = [      1,1.05041, 1.0326,1.05041,1.05041, 1.0326,1.04813, 1.0326, 1.0326,1.04813,1.04122,1.04813,1.05041, 1.0326,1.04813, 1.0326]
	lambda_q = [     1.25, 0.104123,0.0589545, 0.104123, 0.104123,0.0589545,0.0587112,0.0589545,0.0589545,0.0587112,0.0469729,0.0587112, 0.104123,0.0589545,0.0587112,0.0589545]
Effective e-e interactions mediated by phonons are:
	momentum-space Vq = [   -0.3125,-0.0498931,-0.0287821,-0.0498931,-0.0498931,-0.0287821,-0.0286662,-0.0287821,-0.0287821,-0.0286662,-0.0230452,-0.0286662,-0.0498931,-0.0287821,-0.0286662,-0.0287821]
	real-space Vr = [-0.0514047,-0.0207443,-0.0173738,-0.0207443,-0.0207443,-0.0173738,-0.0154376,-0.0173738,-0.0173738,-0.0154376, -0.012125,-0.0154376,-0.0207443,-0.0173738,-0.0154376,-0.0173738]
********************************************************************************************************************
o___o  ----------------------------------------
| L |	Time since last clock: 0h 0m 0.004s
A===A	Time since the beginning: 0h 0m 3.598s
***********************************************


Non-Gaussina ED ground state calculation is completed. The final ground-state energy is -15.4908
********************************************************************************************************************
o___o  ----------------------------------------
| L |	Time since last clock: 0h 0m 0.002s
A===A	Time since the beginning: 0h 0m 3.601s
***********************************************



********************************************************************************************************************
All non-Gaussian ED ground state calculations have been completed. Exit now.
