SNEDics v3.4 Non-Gaussian ED ground state program		Start at Wed Sep 25 13:11:24 2019

parallized on 16 MPI threads  * 8 OpenMP threads = 128 total threads.
********************************************************************************************************************
********************************************************************************************************************

********************************************************************************************************************
System parameters and configurations
********************************************************************************************************************
Special program options are enabled: splitted diagonal Hamiltonian
********************************************************************************************************************
Read input file "model_params.in"
	Hubbard-Holstein model parameters : 	t = 1    U = 0.9    g = 2.2361    W = 5    
********************************************************************************************************************
Read input file "hilbertspace_params.in"
	Requested 16-site 2D lattice, with 14 electrons (7, 7)
	Boundary : Periodic		Hilbert space representation : momentum-space (restricted to kIdx = 10)
	Conservation: particle number[U(1)]      spin[U(1)]     momentum
********************************************************************************************************************

Cluster Positions:				Cluster symmetry group : D4
 x ... x ... x ... x .....                       x ... x ... x ... x .....
 |           |           :                       |           |           :
 |           |           :                       |           |           :
12    13    14    15     x                       1     5     6     5     x
 |           |           :                       |           |           :
 |           |           :                       |           |           :
 8 --- 9 ---10 ---11 --- x                       2 --- 6 ---10 --- 6 --- x
 |           |           :                       |           |           :
 |           |           :                       |           |           :
 4     5     6     7     x                       1     5     6     5     x
 |           |           :                       |           |           :
 |           |           :                       |           |           :
 0 --- 1 --- 2 --- 3 --- x                       0 --- 1 --- 2 --- 1 --- x
orbital number : 1
********************************************************************************************************************
Read input file "obs_params.in"
	Observable Type : Nq(All),   Sq(All),   N(All),   Delta[s](All),   Delta[d](All),   Delta[s+](All)
********************************************************************************************************************
** WARNING ** the input observables have non-local factors which have been reinterpreted. The total observable number is 96
********************************************************************************************************************


********************************************************************************************************************
Start calculating the non-Gaussian ED ground state
** WARNING ** Detected low phonon energy W < 10. The initial state will be prepared through a warm-up process.
********************************************************************************************************************
Start warm-up calculation for scaling factor 2
open output files: NGSEDWarmUpW10Obs.txt
********************************************************************************************************************
Start the 0 rounds of NGS-ED iteration
	effective electronic model is modified as: kinetic energy t = 1
	                                           effective interaction Vq = [-0,-0,-0,-0,-0,-0,-0,-0,-0,-0,-0,-0,-0,-0,-0,-0]
	first Hamiltonian is constructed, non-zero numbers = 2178478152
	PARPACK diagonalization completed after 180 matrix-vector product operations.
	iteration results: : total energy is -21.635599 | electron energy -21.635599 + phonon energy 0.000000 | electron momentum kIdx = 10
	Nq(0) = 12.25,	Nq(1) = 0.32807,	Nq(2) = 0.488755,	Nq(3) = 0.32807,	Nq(4) = 0.325537,	Nq(5) = 0.454511,	Nq(6) = 0.55183,	Nq(7) = 0.359344,	Nq(8) = 0.425172,	Nq(9) = 0.554079,	Nq(10) = 0.58335,	Nq(11) = 0.554079,	Nq(12) = 0.325537,	Nq(13) = 0.359344,	Nq(14) = 0.55183,	Nq(15) = 0.454511,	Sq(0) = 7.9589e-18,	Sq(1) = 0.402561,	Sq(2) = 0.499984,	Sq(3) = 0.402561,	Sq(4) = 0.401777,	Sq(5) = 0.530995,	Sq(6) = 0.678444,	Sq(7) = 0.580572,	Sq(8) = 0.558687,	Sq(9) = 0.679036,	Sq(10) = 1.50054,	Sq(11) = 0.679036,	Sq(12) = 0.401777,	Sq(13) = 0.580572,	Sq(14) = 0.678444,	Sq(15) = 0.530995,	N(0) = 1.99509,	N(1) = 1.99051,	N(2) = 0.999262,	N(3) = 1.99051,	N(4) = 1.99054,	N(5) = 0.975974,	N(6) = 0.00688713,	N(7) = 0.030716,	N(8) = 0.999662,	N(9) = 0.00692963,	N(10) = 0.00285665,	N(11) = 0.00692963,	N(12) = 1.99054,	N(13) = 0.030716,	N(14) = 0.00688713,	N(15) = 0.975974,	Delta[s](0) = 0.263205,	Delta[s](1) = 0.208548,	Delta[s](2) = 0.164669,	Delta[s](3) = 0.208548,	Delta[s](4) = 0.208292,	Delta[s](5) = 0.163514,	Delta[s](6) = 0.108013,	Delta[s](7) = 0.122044,	Delta[s](8) = 0.164548,	Delta[s](9) = 0.108271,	Delta[s](10) = 0.0172248,	Delta[s](11) = 0.108271,	Delta[s](12) = 0.208292,	Delta[s](13) = 0.122044,	Delta[s](14) = 0.108013,	Delta[s](15) = 0.163514,	Delta[d](0) = 0.603539,	Delta[d](1) = 0.264139,	Delta[d](2) = 0.259218,	Delta[d](3) = 0.264139,	Delta[d](4) = 0.264117,	Delta[d](5) = 0.134488,	Delta[d](6) = 0.190257,	Delta[d](7) = 0.32352,	Delta[d](8) = 0.259092,	Delta[d](9) = 0.190214,	Delta[d](10) = 0.0534471,	Delta[d](11) = 0.190214,	Delta[d](12) = 0.264117,	Delta[d](13) = 0.32352,	Delta[d](14) = 0.190257,	Delta[d](15) = 0.134488,	Delta[s+](0) = 0.517679,	Delta[s+](1) = 0.387684,	Delta[s+](2) = 0.259218,	Delta[s+](3) = 0.387684,	Delta[s+](4) = 0.387651,	Delta[s+](5) = 0.256287,	Delta[s+](6) = 0.0729989,	Delta[s+](7) = 0.13875,	Delta[s+](8) = 0.259092,	Delta[s+](9) = 0.0729295,	Delta[s+](10) = 0.00566503,	Delta[s+](11) = 0.0729295,	Delta[s+](12) = 0.387651,	Delta[s+](13) = 0.13875,	Delta[s+](14) = 0.0729989,	Delta[s+](15) = 0.256287
The 0-th iteration is completed.	|| time cost : 0h 6m 37.203s
********************************************************************************************************************
Start the 1 rounds of NGS-ED iteration
	effective electronic model is modified as: kinetic energy (tx,ty)=(0.970747, 0.970879)
	                                           effective interaction Vq = [-0.864689,-0.821442,-0.806856,-0.821442,-0.821107,-0.802487,-0.788148,-0.786058,-0.798194, -0.78846,-0.768628, -0.78846,-0.821107,-0.786058,-0.788148,-0.802487]
	PARPACK diagonalization completed after 165 matrix-vector product operations.
	iteration results: : total energy is -37.813193 | electron energy -37.814255 + phonon energy 0.001062 | electron momentum kIdx = 10
The 1-th iteration is completed.	|| time cost : 0h 6m 4.439s
********************************************************************************************************************
Start the 2 rounds of NGS-ED iteration
	effective electronic model is modified as: kinetic energy (tx,ty)=(0.949318, 0.949372)
	                                           effective interaction Vq = [-0.981712,-0.944181,-0.928838,-0.944181,-0.944119,-0.928016,-0.909379,-0.924159,-0.927177,-0.909406,-0.941878,-0.909406,-0.944119,-0.924159,-0.909379,-0.928016]
	PARPACK diagonalization completed after 45 matrix-vector product operations.
	iteration results: : total energy is -40.010809 | electron energy -40.017823 + phonon energy 0.007014 | electron momentum kIdx = 10
The 2-th iteration is completed.	|| time cost : 0h 0m 24.342s
********************************************************************************************************************
Start the 3 rounds of NGS-ED iteration
	effective electronic model is modified as: kinetic energy (tx,ty)=(0.941775, 0.941793)
	                                           effective interaction Vq = [ -0.99755,-0.968178,-0.954077,-0.968178,-0.968163,-0.953875,-0.934668,  -0.9528,-0.953661,-0.934672,-0.975303,-0.934672,-0.968163,  -0.9528,-0.934668,-0.953875]
	PARPACK diagonalization completed after 45 matrix-vector product operations.
	iteration results: : total energy is -40.283424 | electron energy -40.295633 + phonon energy 0.012209 | electron momentum kIdx = 10
The 3-th iteration is completed.	|| time cost : 0h 0m 24.818s
********************************************************************************************************************
Start the 4 rounds of NGS-ED iteration
	effective electronic model is modified as: kinetic energy (tx,ty)=(0.93938, 0.939386)
	                                           effective interaction Vq = [-0.999693,-0.974283,-0.960664,-0.974283,-0.974279,-0.960608,-0.941199,-0.960273,-0.960545,  -0.9412,-0.983422,  -0.9412,-0.974279,-0.960273,-0.941199,-0.960608]
	PARPACK diagonalization completed after 30 matrix-vector product operations.
	iteration results: : total energy is -40.317642 | electron energy -40.332209 + phonon energy 0.014568 | electron momentum kIdx = 10
The 4-th iteration is completed.	|| time cost : 0h 0m 20.806s
********************************************************************************************************************
Start the 5 rounds of NGS-ED iteration
	effective electronic model is modified as: kinetic energy (tx,ty)=(0.938637, 0.938639)
	                                           effective interaction Vq = [-0.999983,-0.976055, -0.96257,-0.976055,-0.976054,-0.962554,-0.943033,-0.962444,-0.962534,-0.943033,-0.985762,-0.943033,-0.976054,-0.962444,-0.943033,-0.962554]
	PARPACK diagonalization completed after 30 matrix-vector product operations.
	iteration results: : total energy is -40.321997 | electron energy -40.337414 + phonon energy 0.015417 | electron momentum kIdx = 10
The 5-th iteration is completed.	|| time cost : 0h 0m 20.742s
********************************************************************************************************************
Start the 6 rounds of NGS-ED iteration
	effective electronic model is modified as: kinetic energy t = 0.938407
	                                           effective interaction Vq = [ -1.00002,-0.976596,-0.963141,-0.976596,-0.976595,-0.963137,-0.943561,  -0.9631, -0.96313,-0.943562,-0.986495,-0.943562,-0.976595,  -0.9631,-0.943561,-0.963137]
	PARPACK diagonalization completed after 30 matrix-vector product operations.
	iteration results: : total energy is -40.322552 | electron energy -40.338250 + phonon energy 0.015697 | electron momentum kIdx = 10
The 6-th iteration is completed.	|| time cost : 0h 0m 20.483s
********************************************************************************************************************
Start the 7 rounds of NGS-ED iteration
	effective electronic model is modified as: kinetic energy t = 0.938336
	                                           effective interaction Vq = [ -1.00003,-0.976763,-0.963315,-0.976763,-0.976763,-0.963313,-0.943715,-0.963301,-0.963311,-0.943715,-0.986732,-0.943715,-0.976763,-0.963301,-0.943715,-0.963313]
	PARPACK diagonalization completed after 30 matrix-vector product operations.
	iteration results: : total energy is -40.322630 | electron energy -40.338417 + phonon energy 0.015787 | electron momentum kIdx = 10
	Nq(0) = 12.25,	Nq(1) = 0.384203,	Nq(2) = 0.578464,	Nq(3) = 0.384203,	Nq(4) = 0.384203,	Nq(5) = 0.578464,	Nq(6) = 0.656785,	Nq(7) = 0.578456,	Nq(8) = 0.578463,	Nq(9) = 0.656785,	Nq(10) = 2.06135,	Nq(11) = 0.656785,	Nq(12) = 0.384203,	Nq(13) = 0.578456,	Nq(14) = 0.656785,	Nq(15) = 0.578464,	Sq(0) = 6.91712e-18,	Sq(1) = 0.314142,	Sq(2) = 0.34763,	Sq(3) = 0.314142,	Sq(4) = 0.314142,	Sq(5) = 0.34763,	Sq(6) = 0.535152,	Sq(7) = 0.34763,	Sq(8) = 0.34763,	Sq(9) = 0.535152,	Sq(10) = 0.570977,	Sq(11) = 0.535152,	Sq(12) = 0.314142,	Sq(13) = 0.34763,	Sq(14) = 0.535152,	Sq(15) = 0.34763,	N(0) = 1.99468,	N(1) = 1.9861,	N(2) = 0.669568,	N(3) = 1.9861,	N(4) = 1.9861,	N(5) = 0.669569,	N(6) = 0.00980426,	N(7) = 0.669556,	N(8) = 0.66957,	N(9) = 0.00980425,	N(10) = 0.00430462,	N(11) = 0.00980425,	N(12) = 1.9861,	N(13) = 0.669556,	N(14) = 0.00980426,	N(15) = 0.669569,	Delta[s](0) = 0.588911,	Delta[s](1) = 0.272557,	Delta[s](2) = 0.232339,	Delta[s](3) = 0.272557,	Delta[s](4) = 0.272557,	Delta[s](5) = 0.232339,	Delta[s](6) = 0.162515,	Delta[s](7) = 0.23234,	Delta[s](8) = 0.232339,	Delta[s](9) = 0.162516,	Delta[s](10) = 0.249797,	Delta[s](11) = 0.162516,	Delta[s](12) = 0.272557,	Delta[s](13) = 0.23234,	Delta[s](14) = 0.162515,	Delta[s](15) = 0.232339,	Delta[d](0) = 0.239224,	Delta[d](1) = 0.193692,	Delta[d](2) = 0.196179,	Delta[d](3) = 0.193692,	Delta[d](4) = 0.193693,	Delta[d](5) = 0.1302,	Delta[d](6) = 0.140291,	Delta[d](7) = 0.1302,	Delta[d](8) = 0.196179,	Delta[d](9) = 0.140291,	Delta[d](10) = 0.0215303,	Delta[d](11) = 0.140291,	Delta[d](12) = 0.193693,	Delta[d](13) = 0.1302,	Delta[d](14) = 0.140291,	Delta[d](15) = 0.1302,	Delta[s+](0) = 0.454766,	Delta[s+](1) = 0.342016,	Delta[s+](2) = 0.196179,	Delta[s+](3) = 0.342016,	Delta[s+](4) = 0.342016,	Delta[s+](5) = 0.196179,	Delta[s+](6) = 0.0650993,	Delta[s+](7) = 0.196178,	Delta[s+](8) = 0.196179,	Delta[s+](9) = 0.0650993,	Delta[s+](10) = 0.0100368,	Delta[s+](11) = 0.0650993,	Delta[s+](12) = 0.342016,	Delta[s+](13) = 0.196178,	Delta[s+](14) = 0.0650993,	Delta[s+](15) = 0.196179
The 7-th iteration is completed.	|| time cost : 0h 3m 17.676s
********************************************************************************************************************
********************************************************************************************************************
Ground state is obtained after 8 iterations. The current ground-state energy is -40.3226, in which electron energy is -40.3384 and phonon energy is 0.0157869
final variational state is: 
	Gamma_x = [      1,1.00996,1.01806,1.00996,1.00996,1.01806,1.02404,1.01806,1.01806,1.02404,1.04275,1.02404,1.00996,1.01806,1.02404,1.01806]
	lambda_q = [0.316126,0.268052,0.255684,0.268052,0.268052,0.255683,0.241219, 0.25568,0.255683,0.241219,0.279874,0.241219,0.268052, 0.25568,0.241219,0.255683]
********************************************************************************************************************
o___o  ----------------------------------------
| L |	Time since last clock: 0h 0m 0s
A===A	Time since the beginning: 0h 17m 50.513s
***********************************************


********************************************************************************************************************
Warm up runs have been completed. Start calculating W = 5 phonon.
open output files: NGSEDIterationObs.txt
********************************************************************************************************************
Start the 0 rounds of NGS-ED iteration
	effective electronic model is modified as: kinetic energy t = 0.938314
	                                           effective interaction Vq = [-0.914101,-0.839523,-0.816598,-0.839523,-0.839523,-0.816597,-0.787847,-0.816591,-0.816597,-0.787847,-0.860005,-0.787847,-0.839523,-0.816591,-0.787847,-0.816597]
	PARPACK diagonalization completed after 30 matrix-vector product operations.
	iteration results: : total energy is -37.901612 | electron energy -37.909520 + phonon energy 0.007908 | electron momentum kIdx = 10
	Nq(0) = 12.25,	Nq(1) = 0.382061,	Nq(2) = 0.56809,	Nq(3) = 0.382061,	Nq(4) = 0.382061,	Nq(5) = 0.56809,	Nq(6) = 0.641861,	Nq(7) = 0.568085,	Nq(8) = 0.568089,	Nq(9) = 0.64186,	Nq(10) = 1.97783,	Nq(11) = 0.64186,	Nq(12) = 0.382061,	Nq(13) = 0.568085,	Nq(14) = 0.641861,	Nq(15) = 0.56809,	Sq(0) = 6.92327e-19,	Sq(1) = 0.328934,	Sq(2) = 0.355623,	Sq(3) = 0.328934,	Sq(4) = 0.328934,	Sq(5) = 0.355623,	Sq(6) = 0.557855,	Sq(7) = 0.355623,	Sq(8) = 0.355623,	Sq(9) = 0.557855,	Sq(10) = 0.587069,	Sq(11) = 0.557855,	Sq(12) = 0.328934,	Sq(13) = 0.355623,	Sq(14) = 0.557855,	Sq(15) = 0.355623,	N(0) = 1.99723,	N(1) = 1.99235,	N(2) = 0.668116,	N(3) = 1.99235,	N(4) = 1.99235,	N(5) = 0.668117,	N(6) = 0.00560538,	N(7) = 0.668108,	N(8) = 0.668117,	N(9) = 0.00560537,	N(10) = 0.00226785,	N(11) = 0.00560537,	N(12) = 1.99235,	N(13) = 0.668108,	N(14) = 0.00560538,	N(15) = 0.668117,	Delta[s](0) = 0.542963,	Delta[s](1) = 0.264374,	Delta[s](2) = 0.227647,	Delta[s](3) = 0.264374,	Delta[s](4) = 0.264374,	Delta[s](5) = 0.227647,	Delta[s](6) = 0.16294,	Delta[s](7) = 0.227647,	Delta[s](8) = 0.227647,	Delta[s](9) = 0.16294,	Delta[s](10) = 0.247919,	Delta[s](11) = 0.16294,	Delta[s](12) = 0.264374,	Delta[s](13) = 0.227647,	Delta[s](14) = 0.16294,	Delta[s](15) = 0.227647,	Delta[d](0) = 0.240583,	Delta[d](1) = 0.197377,	Delta[d](2) = 0.200832,	Delta[d](3) = 0.197377,	Delta[d](4) = 0.197377,	Delta[d](5) = 0.132336,	Delta[d](6) = 0.143911,	Delta[d](7) = 0.132336,	Delta[d](8) = 0.200832,	Delta[d](9) = 0.143911,	Delta[d](10) = 0.0242627,	Delta[d](11) = 0.143911,	Delta[d](12) = 0.197377,	Delta[d](13) = 0.132336,	Delta[d](14) = 0.143911,	Delta[d](15) = 0.132336,	Delta[s+](0) = 0.466094,	Delta[s+](1) = 0.349718,	Delta[s+](2) = 0.200832,	Delta[s+](3) = 0.349718,	Delta[s+](4) = 0.349718,	Delta[s+](5) = 0.200832,	Delta[s+](6) = 0.0680799,	Delta[s+](7) = 0.200831,	Delta[s+](8) = 0.200832,	Delta[s+](9) = 0.06808,	Delta[s+](10) = 0.0113397,	Delta[s+](11) = 0.06808,	Delta[s+](12) = 0.349718,	Delta[s+](13) = 0.200831,	Delta[s+](14) = 0.0680799,	Delta[s+](15) = 0.200832
The 0-th iteration is completed.	|| time cost : 0h 3m 12.991s
********************************************************************************************************************
Start the 1 rounds of NGS-ED iteration
	effective electronic model is modified as: kinetic energy t = 0.927254
	                                           effective interaction Vq = [-0.968418,-0.889446,-0.861472,-0.889446,-0.889446,-0.861472,  -0.8254,-0.861469,-0.861472,  -0.8254,-0.913951,  -0.8254,-0.889446,-0.861469,  -0.8254,-0.861472]
	PARPACK diagonalization completed after 30 matrix-vector product operations.
	iteration results: : total energy is -38.720628 | electron energy -38.745611 + phonon energy 0.024983 | electron momentum kIdx = 10
The 1-th iteration is completed.	|| time cost : 0h 0m 20.686s
********************************************************************************************************************
Start the 2 rounds of NGS-ED iteration
	effective electronic model is modified as: kinetic energy t = 0.921192
	                                           effective interaction Vq = [  -0.9884, -0.91205,-0.882439, -0.91205, -0.91205,-0.882439,-0.842924,-0.882437,-0.882439,-0.842924,-0.939381,-0.842924, -0.91205,-0.882437,-0.842924,-0.882439]
	PARPACK diagonalization completed after 30 matrix-vector product operations.
	iteration results: : total energy is -39.010868 | electron energy -39.049833 + phonon energy 0.038964 | electron momentum kIdx = 10
The 2-th iteration is completed.	|| time cost : 0h 0m 20.517s
********************************************************************************************************************
Start the 3 rounds of NGS-ED iteration
	effective electronic model is modified as: kinetic energy t = 0.917946
	                                           effective interaction Vq = [-0.995751,-0.922921,-0.892716,-0.922921,-0.922921,-0.892716,-0.851401,-0.892715,-0.892716,-0.851401,-0.951927,-0.851401,-0.922921,-0.892715,-0.851401,-0.892716]
	PARPACK diagonalization completed after 30 matrix-vector product operations.
	iteration results: : total energy is -39.114304 | electron energy -39.162461 + phonon energy 0.048158 | electron momentum kIdx = 10
The 3-th iteration is completed.	|| time cost : 0h 0m 20.68s
********************************************************************************************************************
Start the 4 rounds of NGS-ED iteration
	effective electronic model is modified as: kinetic energy t = 0.916225
	                                           effective interaction Vq = [-0.998455,-0.928356,-0.897902,-0.928356,-0.928356,-0.897902,-0.855584,-0.897901,-0.897902,-0.855584,-0.958367,-0.855584,-0.928356,-0.897901,-0.855584,-0.897902]
	PARPACK diagonalization completed after 30 matrix-vector product operations.
	iteration results: : total energy is -39.151359 | electron energy -39.205019 + phonon energy 0.053660 | electron momentum kIdx = 10
The 4-th iteration is completed.	|| time cost : 0h 0m 20.444s
********************************************************************************************************************
Start the 5 rounds of NGS-ED iteration
	effective electronic model is modified as: kinetic energy t = 0.915315
	                                           effective interaction Vq = [ -0.99945,-0.931135,-0.900563,-0.931135,-0.931135,-0.900563, -0.85767,-0.900563,-0.900563, -0.85767,-0.961773, -0.85767,-0.931135,-0.900563, -0.85767,-0.900563]
	PARPACK diagonalization completed after 30 matrix-vector product operations.
	iteration results: : total energy is -39.164696 | electron energy -39.221495 + phonon energy 0.056798 | electron momentum kIdx = 10
The 5-th iteration is completed.	|| time cost : 0h 0m 20.419s
********************************************************************************************************************
Start the 6 rounds of NGS-ED iteration
	effective electronic model is modified as: kinetic energy t = 0.914835
	                                           effective interaction Vq = [-0.999816,-0.932574,-0.901942,-0.932574,-0.932574,-0.901942,-0.858714,-0.901942,-0.901942,-0.858714, -0.96361,-0.858714,-0.932574,-0.901942,-0.858714,-0.901942]
	PARPACK diagonalization completed after 30 matrix-vector product operations.
	iteration results: : total energy is -39.169517 | electron energy -39.228057 + phonon energy 0.058540 | electron momentum kIdx = 10
The 6-th iteration is completed.	|| time cost : 0h 0m 20.497s
********************************************************************************************************************
Start the 7 rounds of NGS-ED iteration
	effective electronic model is modified as: kinetic energy t = 0.914582
	                                           effective interaction Vq = [ -0.99995,-0.933324, -0.90266,-0.933324,-0.933324, -0.90266,-0.859236, -0.90266, -0.90266,-0.859236,-0.964613,-0.859236,-0.933324, -0.90266,-0.859236, -0.90266]
	PARPACK diagonalization completed after 30 matrix-vector product operations.
	iteration results: : total energy is -39.171266 | electron energy -39.230758 + phonon energy 0.059493 | electron momentum kIdx = 10
The 7-th iteration is completed.	|| time cost : 0h 0m 20.441s
********************************************************************************************************************
Start the 8 rounds of NGS-ED iteration
	effective electronic model is modified as: kinetic energy t = 0.914449
	                                           effective interaction Vq = [       -1,-0.933716,-0.903034,-0.933716,-0.933716,-0.903034,-0.859497,-0.903034,-0.903034,-0.859497,-0.965166,-0.859497,-0.933716,-0.903034,-0.859497,-0.903034]
	PARPACK diagonalization completed after 30 matrix-vector product operations.
	iteration results: : total energy is -39.171902 | electron energy -39.231911 + phonon energy 0.060009 | electron momentum kIdx = 10
The 8-th iteration is completed.	|| time cost : 0h 0m 20.681s
********************************************************************************************************************
Start the 9 rounds of NGS-ED iteration
	effective electronic model is modified as: kinetic energy t = 0.914378
	                                           effective interaction Vq = [ -1.00002, -0.93392, -0.90323, -0.93392, -0.93392, -0.90323,-0.859627, -0.90323, -0.90323,-0.859627,-0.965471,-0.859627, -0.93392, -0.90323,-0.859627, -0.90323]
	PARPACK diagonalization completed after 30 matrix-vector product operations.
	iteration results: : total energy is -39.172133 | electron energy -39.232421 + phonon energy 0.060288 | electron momentum kIdx = 10
The 9-th iteration is completed.	|| time cost : 0h 0m 20.651s
********************************************************************************************************************
Start the 10 rounds of NGS-ED iteration
	effective electronic model is modified as: kinetic energy t = 0.914341
	                                           effective interaction Vq = [ -1.00002,-0.934027,-0.903333,-0.934027,-0.934027,-0.903333,-0.859692,-0.903333,-0.903333,-0.859692, -0.96564,-0.859692,-0.934027,-0.903333,-0.859692,-0.903333]
	PARPACK diagonalization completed after 30 matrix-vector product operations.
	iteration results: : total energy is -39.172218 | electron energy -39.232656 + phonon energy 0.060438 | electron momentum kIdx = 10
	Nq(0) = 12.25,	Nq(1) = 0.382389,	Nq(2) = 0.574072,	Nq(3) = 0.382389,	Nq(4) = 0.382389,	Nq(5) = 0.574072,	Nq(6) = 0.641428,	Nq(7) = 0.574072,	Nq(8) = 0.574072,	Nq(9) = 0.641428,	Nq(10) = 2.11154,	Nq(11) = 0.641428,	Nq(12) = 0.382389,	Nq(13) = 0.574072,	Nq(14) = 0.641428,	Nq(15) = 0.574072,	Sq(0) = 6.29395e-18,	Sq(1) = 0.316567,	Sq(2) = 0.349426,	Sq(3) = 0.316567,	Sq(4) = 0.316567,	Sq(5) = 0.349426,	Sq(6) = 0.540166,	Sq(7) = 0.349426,	Sq(8) = 0.349426,	Sq(9) = 0.540166,	Sq(10) = 0.575272,	Sq(11) = 0.540166,	Sq(12) = 0.316567,	Sq(13) = 0.349426,	Sq(14) = 0.540166,	Sq(15) = 0.349426,	N(0) = 1.99546,	N(1) = 1.98733,	N(2) = 0.669035,	N(3) = 1.98733,	N(4) = 1.98733,	N(5) = 0.669035,	N(6) = 0.00933194,	N(7) = 0.669035,	N(8) = 0.669035,	N(9) = 0.00933194,	N(10) = 0.00369846,	N(11) = 0.00933194,	N(12) = 1.98733,	N(13) = 0.669035,	N(14) = 0.00933194,	N(15) = 0.669035,	Delta[s](0) = 0.544714,	Delta[s](1) = 0.269404,	Delta[s](2) = 0.232427,	Delta[s](3) = 0.269404,	Delta[s](4) = 0.269404,	Delta[s](5) = 0.232427,	Delta[s](6) = 0.171048,	Delta[s](7) = 0.232427,	Delta[s](8) = 0.232427,	Delta[s](9) = 0.171048,	Delta[s](10) = 0.249538,	Delta[s](11) = 0.171048,	Delta[s](12) = 0.269404,	Delta[s](13) = 0.232427,	Delta[s](14) = 0.171048,	Delta[s](15) = 0.232427,	Delta[d](0) = 0.240599,	Delta[d](1) = 0.19609,	Delta[d](2) = 0.200465,	Delta[d](3) = 0.19609,	Delta[d](4) = 0.19609,	Delta[d](5) = 0.13465,	Delta[d](6) = 0.1438,	Delta[d](7) = 0.13465,	Delta[d](8) = 0.200465,	Delta[d](9) = 0.1438,	Delta[d](10) = 0.0289774,	Delta[d](11) = 0.1438,	Delta[d](12) = 0.19609,	Delta[d](13) = 0.13465,	Delta[d](14) = 0.1438,	Delta[d](15) = 0.13465,	Delta[s+](0) = 0.462358,	Delta[s+](1) = 0.346956,	Delta[s+](2) = 0.200465,	Delta[s+](3) = 0.346956,	Delta[s+](4) = 0.346956,	Delta[s+](5) = 0.200465,	Delta[s+](6) = 0.0691495,	Delta[s+](7) = 0.200465,	Delta[s+](8) = 0.200465,	Delta[s+](9) = 0.0691495,	Delta[s+](10) = 0.0134124,	Delta[s+](11) = 0.0691495,	Delta[s+](12) = 0.346956,	Delta[s+](13) = 0.200465,	Delta[s+](14) = 0.0691495,	Delta[s+](15) = 0.200465
The 10-th iteration is completed.	|| time cost : 0h 3m 16.116s
********************************************************************************************************************
Start the 11 rounds of NGS-ED iteration
	effective electronic model is modified as: kinetic energy t = 0.914321
	                                           effective interaction Vq = [ -1.00003,-0.934083,-0.903386,-0.934083,-0.934083,-0.903386,-0.859723,-0.903386,-0.903386,-0.859723,-0.965735,-0.859723,-0.934083,-0.903386,-0.859723,-0.903386]
	PARPACK diagonalization completed after 30 matrix-vector product operations.
	iteration results: : total energy is -39.172249 | electron energy -39.232768 + phonon energy 0.060519 | electron momentum kIdx = 10
The 11-th iteration is completed.	|| time cost : 0h 0m 20.544s
********************************************************************************************************************
Start the 12 rounds of NGS-ED iteration
	effective electronic model is modified as: kinetic energy t = 0.914311
	                                           effective interaction Vq = [ -1.00003,-0.934112,-0.903414,-0.934112,-0.934112,-0.903414,-0.859739,-0.903414,-0.903414,-0.859739,-0.965787,-0.859739,-0.934112,-0.903414,-0.859739,-0.903414]
	PARPACK diagonalization completed after 30 matrix-vector product operations.
	iteration results: : total energy is -39.172260 | electron energy -39.232823 + phonon energy 0.060562 | electron momentum kIdx = 10
The 12-th iteration is completed.	|| time cost : 0h 0m 20.537s
********************************************************************************************************************
Start the 13 rounds of NGS-ED iteration
	effective electronic model is modified as: kinetic energy t = 0.914305
	                                           effective interaction Vq = [ -1.00003,-0.934127,-0.903429,-0.934127,-0.934127,-0.903429,-0.859746,-0.903429,-0.903429,-0.859746,-0.965816,-0.859746,-0.934127,-0.903429,-0.859746,-0.903429]
	PARPACK diagonalization completed after 30 matrix-vector product operations.
	iteration results: : total energy is -39.172265 | electron energy -39.232850 + phonon energy 0.060586 | electron momentum kIdx = 10
The 13-th iteration is completed.	|| time cost : 0h 0m 20.41s
********************************************************************************************************************
Start the 14 rounds of NGS-ED iteration
	effective electronic model is modified as: kinetic energy t = 0.914302
	                                           effective interaction Vq = [ -1.00003,-0.934135,-0.903437,-0.934135,-0.934135,-0.903437, -0.85975,-0.903437,-0.903437, -0.85975,-0.965832, -0.85975,-0.934135,-0.903437, -0.85975,-0.903437]
	PARPACK diagonalization completed after 30 matrix-vector product operations.
	iteration results: : total energy is -39.172266 | electron energy -39.232864 + phonon energy 0.060598 | electron momentum kIdx = 10
The 14-th iteration is completed.	|| time cost : 0h 0m 20.454s
********************************************************************************************************************
Start the 15 rounds of NGS-ED iteration
	effective electronic model is modified as: kinetic energy t = 0.914301
	                                           effective interaction Vq = [ -1.00003,-0.934139,-0.903441,-0.934139,-0.934139,-0.903441,-0.859752,-0.903441,-0.903441,-0.859752,-0.965842,-0.859752,-0.934139,-0.903441,-0.859752,-0.903441]
	PARPACK diagonalization completed after 30 matrix-vector product operations.
	iteration results: : total energy is -39.172267 | electron energy -39.232872 + phonon energy 0.060605 | electron momentum kIdx = 10
The 15-th iteration is completed.	|| time cost : 0h 0m 20.677s
********************************************************************************************************************
Start the 16 rounds of NGS-ED iteration
	effective electronic model is modified as: kinetic energy t = 0.9143
	                                           effective interaction Vq = [ -1.00003,-0.934141,-0.903443,-0.934141,-0.934141,-0.903443,-0.859752,-0.903443,-0.903443,-0.859752,-0.965847,-0.859752,-0.934141,-0.903443,-0.859752,-0.903443]
	PARPACK diagonalization completed after 30 matrix-vector product operations.
	iteration results: : total energy is -39.172267 | electron energy -39.232876 + phonon energy 0.060609 | electron momentum kIdx = 10
The 16-th iteration is completed.	|| time cost : 0h 0m 20.662s
********************************************************************************************************************
Start the 17 rounds of NGS-ED iteration
	effective electronic model is modified as: kinetic energy t = 0.914299
	                                           effective interaction Vq = [ -1.00003,-0.934142,-0.903444,-0.934142,-0.934142,-0.903444,-0.859753,-0.903444,-0.903444,-0.859753,-0.965849,-0.859753,-0.934142,-0.903444,-0.859753,-0.903444]
	PARPACK diagonalization completed after 30 matrix-vector product operations.
	iteration results: : total energy is -39.172267 | electron energy -39.232878 + phonon energy 0.060611 | electron momentum kIdx = 10
The 17-th iteration is completed.	|| time cost : 0h 0m 20.68s
********************************************************************************************************************
Start the 18 rounds of NGS-ED iteration
	effective electronic model is modified as: kinetic energy t = 0.914299
	                                           effective interaction Vq = [ -1.00003,-0.934143,-0.903444,-0.934143,-0.934143,-0.903444,-0.859753,-0.903444,-0.903444,-0.859753,-0.965851,-0.859753,-0.934143,-0.903444,-0.859753,-0.903444]
	PARPACK diagonalization completed after 30 matrix-vector product operations.
	iteration results: : total energy is -39.172267 | electron energy -39.232879 + phonon energy 0.060612 | electron momentum kIdx = 10
The 18-th iteration is completed.	|| time cost : 0h 0m 20.416s
********************************************************************************************************************
Start the 19 rounds of NGS-ED iteration
	effective electronic model is modified as: kinetic energy t = 0.914299
	                                           effective interaction Vq = [ -1.00003,-0.934143,-0.903445,-0.934143,-0.934143,-0.903445,-0.859753,-0.903445,-0.903445,-0.859753,-0.965852,-0.859753,-0.934143,-0.903445,-0.859753,-0.903445]
	PARPACK diagonalization completed after 30 matrix-vector product operations.
	iteration results: : total energy is -39.172267 | electron energy -39.232879 + phonon energy 0.060612 | electron momentum kIdx = 10
The 19-th iteration is completed.	|| time cost : 0h 0m 20.546s
********************************************************************************************************************
Start the 20 rounds of NGS-ED iteration
	effective electronic model is modified as: kinetic energy t = 0.914299
	                                           effective interaction Vq = [ -1.00003,-0.934143,-0.903445,-0.934143,-0.934143,-0.903445,-0.859753,-0.903445,-0.903445,-0.859753,-0.965852,-0.859753,-0.934143,-0.903445,-0.859753,-0.903445]
	PARPACK diagonalization completed after 30 matrix-vector product operations.
	iteration results: : total energy is -39.172267 | electron energy -39.232880 + phonon energy 0.060613 | electron momentum kIdx = 10
	Nq(0) = 12.25,	Nq(1) = 0.38238,	Nq(2) = 0.574078,	Nq(3) = 0.38238,	Nq(4) = 0.38238,	Nq(5) = 0.574078,	Nq(6) = 0.641408,	Nq(7) = 0.574078,	Nq(8) = 0.574078,	Nq(9) = 0.641408,	Nq(10) = 2.11192,	Nq(11) = 0.641408,	Nq(12) = 0.38238,	Nq(13) = 0.574078,	Nq(14) = 0.641408,	Nq(15) = 0.574078,	Sq(0) = 6.21402e-18,	Sq(1) = 0.316544,	Sq(2) = 0.349414,	Sq(3) = 0.316544,	Sq(4) = 0.316544,	Sq(5) = 0.349414,	Sq(6) = 0.540136,	Sq(7) = 0.349414,	Sq(8) = 0.349414,	Sq(9) = 0.540136,	Sq(10) = 0.575252,	Sq(11) = 0.540136,	Sq(12) = 0.316544,	Sq(13) = 0.349414,	Sq(14) = 0.540136,	Sq(15) = 0.349414,	N(0) = 1.99546,	N(1) = 1.98732,	N(2) = 0.669036,	N(3) = 1.98732,	N(4) = 1.98732,	N(5) = 0.669036,	N(6) = 0.00934051,	N(7) = 0.669036,	N(8) = 0.669036,	N(9) = 0.00934051,	N(10) = 0.00370123,	N(11) = 0.00934051,	N(12) = 1.98732,	N(13) = 0.669036,	N(14) = 0.00934051,	N(15) = 0.669036,	Delta[s](0) = 0.54471,	Delta[s](1) = 0.269413,	Delta[s](2) = 0.232435,	Delta[s](3) = 0.269413,	Delta[s](4) = 0.269413,	Delta[s](5) = 0.232435,	Delta[s](6) = 0.171064,	Delta[s](7) = 0.232435,	Delta[s](8) = 0.232435,	Delta[s](9) = 0.171064,	Delta[s](10) = 0.249544,	Delta[s](11) = 0.171064,	Delta[s](12) = 0.269413,	Delta[s](13) = 0.232435,	Delta[s](14) = 0.171064,	Delta[s](15) = 0.232435,	Delta[d](0) = 0.240618,	Delta[d](1) = 0.196102,	Delta[d](2) = 0.20048,	Delta[d](3) = 0.196102,	Delta[d](4) = 0.196102,	Delta[d](5) = 0.134664,	Delta[d](6) = 0.143809,	Delta[d](7) = 0.134664,	Delta[d](8) = 0.20048,	Delta[d](9) = 0.143809,	Delta[d](10) = 0.0289862,	Delta[d](11) = 0.143809,	Delta[d](12) = 0.196102,	Delta[d](13) = 0.134664,	Delta[d](14) = 0.143809,	Delta[d](15) = 0.134664,	Delta[s+](0) = 0.462393,	Delta[s+](1) = 0.34698,	Delta[s+](2) = 0.20048,	Delta[s+](3) = 0.34698,	Delta[s+](4) = 0.34698,	Delta[s+](5) = 0.20048,	Delta[s+](6) = 0.0691552,	Delta[s+](7) = 0.20048,	Delta[s+](8) = 0.20048,	Delta[s+](9) = 0.0691552,	Delta[s+](10) = 0.0134162,	Delta[s+](11) = 0.0691552,	Delta[s+](12) = 0.34698,	Delta[s+](13) = 0.20048,	Delta[s+](14) = 0.0691552,	Delta[s+](15) = 0.20048
The 20-th iteration is completed.	|| time cost : 0h 3m 11.547s
********************************************************************************************************************
Start the 21 rounds of NGS-ED iteration
	effective electronic model is modified as: kinetic energy t = 0.914299
	                                           effective interaction Vq = [ -1.00003,-0.934143,-0.903445,-0.934143,-0.934143,-0.903445,-0.859753,-0.903445,-0.903445,-0.859753,-0.965853,-0.859753,-0.934143,-0.903445,-0.859753,-0.903445]
	PARPACK diagonalization completed after 30 matrix-vector product operations.
	iteration results: : total energy is -39.172267 | electron energy -39.232880 + phonon energy 0.060613 | electron momentum kIdx = 10
The 21-th iteration is completed.	|| time cost : 0h 0m 20.739s
********************************************************************************************************************
Start the 22 rounds of NGS-ED iteration
	effective electronic model is modified as: kinetic energy t = 0.914299
	                                           effective interaction Vq = [ -1.00003,-0.934143,-0.903445,-0.934143,-0.934143,-0.903445,-0.859753,-0.903445,-0.903445,-0.859753,-0.965853,-0.859753,-0.934143,-0.903445,-0.859753,-0.903445]
	PARPACK diagonalization completed after 30 matrix-vector product operations.
	iteration results: : total energy is -39.172267 | electron energy -39.232880 + phonon energy 0.060613 | electron momentum kIdx = 10
The 22-th iteration is completed.	|| time cost : 0h 0m 20.65s
********************************************************************************************************************
Start the 23 rounds of NGS-ED iteration
	effective electronic model is modified as: kinetic energy t = 0.914299
	                                           effective interaction Vq = [ -1.00003,-0.934143,-0.903445,-0.934143,-0.934143,-0.903445,-0.859753,-0.903445,-0.903445,-0.859753,-0.965853,-0.859753,-0.934143,-0.903445,-0.859753,-0.903445]
	PARPACK diagonalization completed after 30 matrix-vector product operations.
	iteration results: : total energy is -39.172267 | electron energy -39.232880 + phonon energy 0.060613 | electron momentum kIdx = 10
