TACC:  Starting up job 4247391 
TACC:  Starting parallel tasks... 
SNEDics v3.4 Non-Gaussian ED ground state program		Start at Wed Aug 28 20:44:52 2019

parallized on 32 MPI threads  * 6 OpenMP threads = 192 total threads.
********************************************************************************************************************
********************************************************************************************************************

********************************************************************************************************************
System parameters and configurations
********************************************************************************************************************
Special program options are enabled: splitted diagonal Hamiltonian
********************************************************************************************************************
Read input file "model_params.in"
	Hubbard-Holstein model parameters : 	t = 1    U = 8    g = 2.846    W = 1    
********************************************************************************************************************
Read input file "hilbertspace_params.in"
	Requested 16-site 2D lattice, with 14 electrons (7, 7)
	Boundary : Periodic		Hilbert space representation : momentum-space (restricted to kIdx = 0)
	Conservation: particle number[U(1)]      spin[U(1)]     momentum
********************************************************************************************************************

Cluster Positions:				Cluster symmetry group : D4
 x ... x ... x ... x .....                       x ... x ... x ... x .....
 |           |           :                       |           |           :
 |           |           :                       |           |           :
12    13    14    15     x                       1     5     6     5     x
 |           |           :                       |           |           :
 |           |           :                       |           |           :
 8 --- 9 ---10 ---11 --- x                       2 --- 6 ---10 --- 6 --- x
 |           |           :                       |           |           :
 |           |           :                       |           |           :
 4     5     6     7     x                       1     5     6     5     x
 |           |           :                       |           |           :
 |           |           :                       |           |           :
 0 --- 1 --- 2 --- 3 --- x                       0 --- 1 --- 2 --- 1 --- x
orbital number : 1
********************************************************************************************************************
Read input file "obs_params.in"
	Observable Type : Nq[All],   Sq[All],   N[All]
********************************************************************************************************************
** WARNING ** the input observables have non-local factors which have been reinterpreted. The total observable number is 48
********************************************************************************************************************


********************************************************************************************************************
Start calculating the non-Gaussian ED ground state
** WARNING ** Detected low phonon energy W < 10. The initial state will be prepared through a warm-up process.
********************************************************************************************************************
Start warm-up calculation for scaling factor 16
open output files: NGSEDWarmUpW16Obs.txt
********************************************************************************************************************
Start the 0 rounds of NGS-ED iteration
	effective electronic model is modified as: kinetic energy t = 1
	                                           effective interaction Vq = [0,0,0,0,0,0,0,0,0,0,0,0,0,0,0,0]
	first Hamiltonian is constructed, non-zero numbers = 2178478298
	PARPACK diagonalization completed after 180 matrix-vector product operations.
	iteration results: : total energy is -11.868836 | electron energy -11.868836 + phonon energy 0.000000 | electron momentum kIdx = 0
	Nq(0) = 12.25,	Nq(1) = 0.154193,	Nq(2) = 0.185311,	Nq(3) = 0.154193,	Nq(4) = 0.154193,	Nq(5) = 0.203281,	Nq(6) = 0.235634,	Nq(7) = 0.203281,	Nq(8) = 0.185311,	Nq(9) = 0.235634,	Nq(10) = 0.275446,	Nq(11) = 0.235634,	Nq(12) = 0.154193,	Nq(13) = 0.203281,	Nq(14) = 0.235634,	Nq(15) = 0.203281,	Sq(0) = -1.43419e-18,	Sq(1) = 0.474292,	Sq(2) = 0.766364,	Sq(3) = 0.474292,	Sq(4) = 0.474292,	Sq(5) = 0.630724,	Sq(6) = 1.05279,	Sq(7) = 0.630724,	Sq(8) = 0.766364,	Sq(9) = 1.05279,	Sq(10) = 2.56755,	Sq(11) = 1.05279,	Sq(12) = 0.474292,	Sq(13) = 0.630724,	Sq(14) = 1.05279,	Sq(15) = 0.630724,	N(0) = 1.75464,	N(1) = 1.59086,	N(2) = 0.323321,	N(3) = 1.59086,	N(4) = 1.59086,	N(5) = 0.999881,	N(6) = 0.267546,	N(7) = 0.999881,	N(8) = 0.323321,	N(9) = 0.267546,	N(10) = 0.165565,	N(11) = 0.267546,	N(12) = 1.59086,	N(13) = 0.999881,	N(14) = 0.267546,	N(15) = 0.999881
The 0-th iteration is completed.	|| time cost : 0h 2m 21.927s
********************************************************************************************************************
Start the 1 rounds of NGS-ED iteration
	effective electronic model is modified as: kinetic energy t = 0.798935
	                                           effective interaction Vq = [-7.76955,-7.46542,-7.24713,-7.46542,-7.46542,-7.29781,-7.15093,-7.29781,-7.24713,-7.15093,-7.06231,-7.15093,-7.46542,-7.29781,-7.15093,-7.29781]
	PARPACK diagonalization completed after 165 matrix-vector product operations.
	iteration results: : total energy is -159.903632 | electron energy -159.928477 + phonon energy 0.024845 | electron momentum kIdx = 0
The 1-th iteration is completed.	|| time cost : 0h 3m 7.347s
********************************************************************************************************************
Start the 2 rounds of NGS-ED iteration
	effective electronic model is modified as: kinetic energy t = 0.670675
	                                           effective interaction Vq = [-8.08626,-8.06125,-8.02758,-8.06125,-8.06125,-8.03516,-8.00845,-8.03516,-8.02758,-8.00845,-7.99636,-8.00845,-8.06125,-8.03516,-8.00845,-8.03516]
	PARPACK diagonalization completed after 75 matrix-vector product operations.
	iteration results: : total energy is -173.268506 | electron energy -173.328245 + phonon energy 0.059739 | electron momentum kIdx = 0
The 2-th iteration is completed.	|| time cost : 0h 0m 28.179s
********************************************************************************************************************
Start the 3 rounds of NGS-ED iteration
	effective electronic model is modified as: kinetic energy t = 0.636686
	                                           effective interaction Vq = [-8.09917,-8.09178,-8.08539,-8.09178,-8.09178,-8.08644,-8.08328,-8.08644,-8.08539,-8.08328,-8.08718,-8.08328,-8.09178,-8.08644,-8.08328,-8.08644]
	PARPACK diagonalization completed after 60 matrix-vector product operations.
	iteration results: : total energy is -174.025096 | electron energy -174.073235 + phonon energy 0.048139 | electron momentum kIdx = 0
The 3-th iteration is completed.	|| time cost : 0h 0m 22.523s
********************************************************************************************************************
Start the 4 rounds of NGS-ED iteration
	effective electronic model is modified as: kinetic energy t = 0.62983
	                                           effective interaction Vq = [-8.09969,-8.09426, -8.0909,-8.09426,-8.09426, -8.0911,-8.09119, -8.0911, -8.0909,-8.09119,-8.09673,-8.09119,-8.09426, -8.0911,-8.09119, -8.0911]
	PARPACK diagonalization completed after 60 matrix-vector product operations.
	iteration results: : total energy is -174.062246 | electron energy -174.107433 + phonon energy 0.045187 | electron momentum kIdx = 0
The 4-th iteration is completed.	|| time cost : 0h 0m 20.948s
********************************************************************************************************************
Start the 5 rounds of NGS-ED iteration
	effective electronic model is modified as: kinetic energy t = 0.628513
	                                           effective interaction Vq = [-8.09972, -8.0946,-8.09171, -8.0946, -8.0946,-8.09176,-8.09244,-8.09176,-8.09171,-8.09244,-8.09796,-8.09244, -8.0946,-8.09176,-8.09244,-8.09176]
	PARPACK diagonalization completed after 45 matrix-vector product operations.
	iteration results: : total energy is -174.063853 | electron energy -174.108428 + phonon energy 0.044576 | electron momentum kIdx = 0
The 5-th iteration is completed.	|| time cost : 0h 0m 18.145s
********************************************************************************************************************
Start the 6 rounds of NGS-ED iteration
	effective electronic model is modified as: kinetic energy t = 0.628249
	                                           effective interaction Vq = [-8.09972,-8.09466,-8.09187,-8.09466,-8.09466,-8.09188,-8.09268,-8.09188,-8.09187,-8.09268,-8.09818,-8.09268,-8.09466,-8.09188,-8.09268,-8.09188]
	PARPACK diagonalization completed after 45 matrix-vector product operations.
	iteration results: : total energy is -174.063919 | electron energy -174.108385 + phonon energy 0.044466 | electron momentum kIdx = 0
The 6-th iteration is completed.	|| time cost : 0h 0m 18.143s
********************************************************************************************************************
Start the 7 rounds of NGS-ED iteration
	effective electronic model is modified as: kinetic energy t = 0.628195
	                                           effective interaction Vq = [-8.09972,-8.09467, -8.0919,-8.09467,-8.09467, -8.0919,-8.09274, -8.0919, -8.0919,-8.09274,-8.09822,-8.09274,-8.09467, -8.0919,-8.09274, -8.0919]
	PARPACK diagonalization completed after 45 matrix-vector product operations.
	iteration results: : total energy is -174.063922 | electron energy -174.108368 + phonon energy 0.044445 | electron momentum kIdx = 0
	Nq(0) = 12.25,	Nq(1) = 0.490087,	Nq(2) = 0.773746,	Nq(3) = 0.490087,	Nq(4) = 0.490087,	Nq(5) = 0.773752,	Nq(6) = 1.21722,	Nq(7) = 0.773752,	Nq(8) = 0.773746,	Nq(9) = 1.21722,	Nq(10) = 3.52261,	Nq(11) = 1.21722,	Nq(12) = 0.490087,	Nq(13) = 0.773752,	Nq(14) = 1.21722,	Nq(15) = 0.773752,	Sq(0) = 3.93958e-19,	Sq(1) = 0.025315,	Sq(2) = 0.0480486,	Sq(3) = 0.025315,	Sq(4) = 0.025315,	Sq(5) = 0.0480486,	Sq(6) = 0.0692039,	Sq(7) = 0.0480486,	Sq(8) = 0.0480486,	Sq(9) = 0.0692039,	Sq(10) = 0.089301,	Sq(11) = 0.0692039,	Sq(12) = 0.025315,	Sq(13) = 0.0480486,	Sq(14) = 0.0692039,	Sq(15) = 0.0480486,	N(0) = 1.51298,	N(1) = 1.23415,	N(2) = 0.85002,	N(3) = 1.23415,	N(4) = 1.23415,	N(5) = 0.85002,	N(6) = 0.527863,	N(7) = 0.85002,	N(8) = 0.85002,	N(9) = 0.527863,	N(10) = 0.338856,	N(11) = 0.527863,	N(12) = 1.23415,	N(13) = 0.85002,	N(14) = 0.527863,	N(15) = 0.85002
The 7-th iteration is completed.	|| time cost : 0h 0m 43.047s
********************************************************************************************************************
********************************************************************************************************************
Ground state is obtained after 8 iterations. The current ground-state energy is -174.064, in which electron energy is -174.108 and phonon energy is 0.0444454
final variational state is: 
	Gamma_x = [      1,1.01215,1.02385,1.01215,1.01215,1.02385,1.03569,1.02385,1.02385,1.03569,1.04883,1.03569,1.01215,1.02385,1.03569,1.02385]
	lambda_q = [0.711498,0.693745,0.689403,0.693745,0.693745,0.689404,0.690632,0.689404,0.689403,0.690632,0.701848,0.690632,0.693745,0.689404,0.690632,0.689404]
********************************************************************************************************************
o___o  ----------------------------------------
| L |	Time since last clock: 0h 0m 0s
A===A	Time since the beginning: 0h 8m 0.263s
***********************************************

********************************************************************************************************************
Start warm-up calculation for scaling factor 8
open output files: NGSEDWarmUpW8Obs.txt
********************************************************************************************************************
Start the 0 rounds of NGS-ED iteration
	effective electronic model is modified as: kinetic energy t = 0.628183
	                                           effective interaction Vq = [-7.40486,-7.31862,-7.29677,-7.31862,-7.31862,-7.29677,-7.30299,-7.29677,-7.29677,-7.30299,-7.35861,-7.30299,-7.31862,-7.29677,-7.30299,-7.29677]
	PARPACK diagonalization completed after 60 matrix-vector product operations.
	iteration results: : total energy is -154.095523 | electron energy -154.117743 + phonon energy 0.022221 | electron momentum kIdx = 0
	Nq(0) = 12.25,	Nq(1) = 0.397216,	Nq(2) = 0.569556,	Nq(3) = 0.397216,	Nq(4) = 0.397216,	Nq(5) = 0.56956,	Nq(6) = 0.832818,	Nq(7) = 0.56956,	Nq(8) = 0.569556,	Nq(9) = 0.832818,	Nq(10) = 6.36165,	Nq(11) = 0.832818,	Nq(12) = 0.397216,	Nq(13) = 0.56956,	Nq(14) = 0.832818,	Nq(15) = 0.56956,	Sq(0) = -7.36753e-20,	Sq(1) = 0.0363892,	Sq(2) = 0.0671838,	Sq(3) = 0.0363892,	Sq(4) = 0.0363892,	Sq(5) = 0.0671838,	Sq(6) = 0.0951991,	Sq(7) = 0.0671838,	Sq(8) = 0.0671838,	Sq(9) = 0.0951991,	Sq(10) = 0.121401,	Sq(11) = 0.0951991,	Sq(12) = 0.0363892,	Sq(13) = 0.0671838,	Sq(14) = 0.0951991,	Sq(15) = 0.0671838,	N(0) = 1.59866,	N(1) = 1.30216,	N(2) = 0.839172,	N(3) = 1.30216,	N(4) = 1.30216,	N(5) = 0.839172,	N(6) = 0.469688,	N(7) = 0.839172,	N(8) = 0.839172,	N(9) = 0.469688,	N(10) = 0.278934,	N(11) = 0.469688,	N(12) = 1.30216,	N(13) = 0.839172,	N(14) = 0.469688,	N(15) = 0.839172
The 0-th iteration is completed.	|| time cost : 0h 0m 45.893s
********************************************************************************************************************
Start the 1 rounds of NGS-ED iteration
	effective electronic model is modified as: kinetic energy t = 0.518954
	                                           effective interaction Vq = [-7.95943,  -7.879,-7.85156,  -7.879,  -7.879,-7.85156,-7.85729,-7.85156,-7.85156,-7.85729,  -7.955,-7.85729,  -7.879,-7.85156,-7.85729,-7.85156]
	PARPACK diagonalization completed after 60 matrix-vector product operations.
	iteration results: : total energy is -168.386292 | electron energy -168.500122 + phonon energy 0.113830 | electron momentum kIdx = 0
The 1-th iteration is completed.	|| time cost : 0h 0m 20.971s
********************************************************************************************************************
Start the 2 rounds of NGS-ED iteration
	effective electronic model is modified as: kinetic energy t = 0.468086
	                                           effective interaction Vq = [-8.07139,-8.02174, -7.9898,-8.02174,-8.02174, -7.9898,-7.97998, -7.9898, -7.9898,-7.97998,-8.07239,-7.97998,-8.02174, -7.9898,-7.97998, -7.9898]
	PARPACK diagonalization completed after 60 matrix-vector product operations.
	iteration results: : total energy is -171.273417 | electron energy -171.359411 + phonon energy 0.085994 | electron momentum kIdx = 0
The 2-th iteration is completed.	|| time cost : 0h 0m 20.996s
********************************************************************************************************************
Start the 3 rounds of NGS-ED iteration
	effective electronic model is modified as: kinetic energy t = 0.443081
	                                           effective interaction Vq = [  -8.094,  -8.065,-8.03868,  -8.065,  -8.065,-8.03868,-8.02534,-8.03868,-8.03868,-8.02534,-8.09397,-8.02534,  -8.065,-8.03868,-8.02534,-8.03868]
	PARPACK diagonalization completed after 60 matrix-vector product operations.
	iteration results: : total energy is -171.848427 | electron energy -171.917245 + phonon energy 0.068818 | electron momentum kIdx = 0
The 3-th iteration is completed.	|| time cost : 0h 0m 21.041s
********************************************************************************************************************
Start the 4 rounds of NGS-ED iteration
	effective electronic model is modified as: kinetic energy t = 0.429108
	                                           effective interaction Vq = [-8.09856,-8.08026,-8.06084,-8.08026,-8.08026,-8.06084,-8.05037,-8.06084,-8.06084,-8.05037,-8.09822,-8.05037,-8.08026,-8.06084,-8.05037,-8.06084]
	PARPACK diagonalization completed after 75 matrix-vector product operations.
	iteration results: : total energy is -171.978593 | electron energy -172.041673 + phonon energy 0.063080 | electron momentum kIdx = 0
The 4-th iteration is completed.	|| time cost : 0h 0m 26.889s
********************************************************************************************************************
Start the 5 rounds of NGS-ED iteration
	effective electronic model is modified as: kinetic energy t = 0.419804
	                                           effective interaction Vq = [-8.09948,-8.08688,-8.07345,-8.08688,-8.08688,-8.07345, -8.0672,-8.07345,-8.07345, -8.0672,-8.09915, -8.0672,-8.08688,-8.07345, -8.0672,-8.07345]
	PARPACK diagonalization completed after 75 matrix-vector product operations.
	iteration results: : total energy is -172.022955 | electron energy -172.085140 + phonon energy 0.062186 | electron momentum kIdx = 0
The 5-th iteration is completed.	|| time cost : 0h 0m 26.791s
********************************************************************************************************************
Start the 6 rounds of NGS-ED iteration
	effective electronic model is modified as: kinetic energy t = 0.412742
	                                           effective interaction Vq = [-8.09967, -8.0905,-8.08175, -8.0905, -8.0905,-8.08175,-8.07894,-8.08175,-8.08175,-8.07894,-8.09937,-8.07894, -8.0905,-8.08175,-8.07894,-8.08175]
	PARPACK diagonalization completed after 75 matrix-vector product operations.
	iteration results: : total energy is -172.049099 | electron energy -172.112166 + phonon energy 0.063067 | electron momentum kIdx = 0
The 6-th iteration is completed.	|| time cost : 0h 0m 26.228s
********************************************************************************************************************
Start the 7 rounds of NGS-ED iteration
	effective electronic model is modified as: kinetic energy t = 0.407394
	                                           effective interaction Vq = [-8.09971,-8.09275,-8.08713,-8.09275,-8.09275,-8.08713,-8.08641,-8.08713,-8.08713,-8.08641,-8.09937,-8.08641,-8.09275,-8.08713,-8.08641,-8.08713]
	PARPACK diagonalization completed after 75 matrix-vector product operations.
	iteration results: : total energy is -172.065754 | electron energy -172.129710 + phonon energy 0.063956 | electron momentum kIdx = 0
The 7-th iteration is completed.	|| time cost : 0h 0m 23.838s
********************************************************************************************************************
Start the 8 rounds of NGS-ED iteration
	effective electronic model is modified as: kinetic energy t = 0.403716
	                                           effective interaction Vq = [-8.09971,-8.09411, -8.0903,-8.09411,-8.09411, -8.0903,-8.09059, -8.0903, -8.0903,-8.09059,-8.09929,-8.09059,-8.09411, -8.0903,-8.09059, -8.0903]
	PARPACK diagonalization completed after 75 matrix-vector product operations.
	iteration results: : total energy is -172.074032 | electron energy -172.138093 + phonon energy 0.064061 | electron momentum kIdx = 0
The 8-th iteration is completed.	|| time cost : 0h 0m 23.877s
********************************************************************************************************************
Start the 9 rounds of NGS-ED iteration
	effective electronic model is modified as: kinetic energy t = 0.401418
	                                           effective interaction Vq = [-8.09972,-8.09489,-8.09205,-8.09489,-8.09489,-8.09205,-8.09277,-8.09205,-8.09205,-8.09277,-8.09919,-8.09277,-8.09489,-8.09205,-8.09277,-8.09205]
	PARPACK diagonalization completed after 60 matrix-vector product operations.
	iteration results: : total energy is -172.077313 | electron energy -172.140986 + phonon energy 0.063673 | electron momentum kIdx = 0
The 9-th iteration is completed.	|| time cost : 0h 0m 21.002s
********************************************************************************************************************
Start the 10 rounds of NGS-ED iteration
	effective electronic model is modified as: kinetic energy t = 0.400068
	                                           effective interaction Vq = [-8.09972,-8.09533,-8.09299,-8.09533,-8.09533,-8.09299,-8.09389,-8.09299,-8.09299,-8.09389,-8.09909,-8.09389,-8.09533,-8.09299,-8.09389,-8.09299]
	PARPACK diagonalization completed after 60 matrix-vector product operations.
	iteration results: : total energy is -172.078455 | electron energy -172.141682 + phonon energy 0.063227 | electron momentum kIdx = 0
	Nq(0) = 12.25,	Nq(1) = 0.469742,	Nq(2) = 0.753887,	Nq(3) = 0.469742,	Nq(4) = 0.469742,	Nq(5) = 0.753887,	Nq(6) = 1.22386,	Nq(7) = 0.753887,	Nq(8) = 0.753887,	Nq(9) = 1.22386,	Nq(10) = 4.12076,	Nq(11) = 1.22386,	Nq(12) = 0.469742,	Nq(13) = 0.753887,	Nq(14) = 1.22386,	Nq(15) = 0.753887,	Sq(0) = -4.98295e-20,	Sq(1) = 0.0106648,	Sq(2) = 0.0208967,	Sq(3) = 0.0106648,	Sq(4) = 0.0106648,	Sq(5) = 0.0208967,	Sq(6) = 0.0307776,	Sq(7) = 0.0208967,	Sq(8) = 0.0208967,	Sq(9) = 0.0307776,	Sq(10) = 0.0403704,	Sq(11) = 0.0307776,	Sq(12) = 0.0106648,	Sq(13) = 0.0208967,	Sq(14) = 0.0307776,	Sq(15) = 0.0208967,	N(0) = 1.31706,	N(1) = 1.10241,	N(2) = 0.86462,	N(3) = 1.10241,	N(4) = 1.10241,	N(5) = 0.86462,	N(6) = 0.649992,	N(7) = 0.86462,	N(8) = 0.86462,	N(9) = 0.649992,	N(10) = 0.485613,	N(11) = 0.649992,	N(12) = 1.10241,	N(13) = 0.86462,	N(14) = 0.649992,	N(15) = 0.86462
The 10-th iteration is completed.	|| time cost : 0h 0m 45.828s
********************************************************************************************************************
Start the 11 rounds of NGS-ED iteration
	effective electronic model is modified as: kinetic energy t = 0.399303
	                                           effective interaction Vq = [-8.09972,-8.09557, -8.0935,-8.09557,-8.09557, -8.0935,-8.09448, -8.0935, -8.0935,-8.09448,-8.09902,-8.09448,-8.09557, -8.0935,-8.09448, -8.0935]
	PARPACK diagonalization completed after 60 matrix-vector product operations.
	iteration results: : total energy is -172.078828 | electron energy -172.141719 + phonon energy 0.062891 | electron momentum kIdx = 0
The 11-th iteration is completed.	|| time cost : 0h 0m 20.998s
********************************************************************************************************************
Start the 12 rounds of NGS-ED iteration
	effective electronic model is modified as: kinetic energy t = 0.398877
	                                           effective interaction Vq = [-8.09972,-8.09571,-8.09377,-8.09571,-8.09571,-8.09377,-8.09478,-8.09377,-8.09377,-8.09478,-8.09897,-8.09478,-8.09571,-8.09377,-8.09478,-8.09377]
	PARPACK diagonalization completed after 60 matrix-vector product operations.
	iteration results: : total energy is -172.078945 | electron energy -172.141621 + phonon energy 0.062676 | electron momentum kIdx = 0
The 12-th iteration is completed.	|| time cost : 0h 0m 21.022s
********************************************************************************************************************
Start the 13 rounds of NGS-ED iteration
	effective electronic model is modified as: kinetic energy t = 0.398642
	                                           effective interaction Vq = [-8.09972,-8.09579,-8.09393,-8.09579,-8.09579,-8.09393,-8.09495,-8.09393,-8.09393,-8.09495,-8.09894,-8.09495,-8.09579,-8.09393,-8.09495,-8.09393]
	PARPACK diagonalization completed after 45 matrix-vector product operations.
	iteration results: : total energy is -172.078982 | electron energy -172.141530 + phonon energy 0.062548 | electron momentum kIdx = 0
The 13-th iteration is completed.	|| time cost : 0h 0m 18.136s
********************************************************************************************************************
Start the 14 rounds of NGS-ED iteration
	effective electronic model is modified as: kinetic energy t = 0.398512
	                                           effective interaction Vq = [-8.09972,-8.09583,-8.09401,-8.09583,-8.09583,-8.09401,-8.09504,-8.09401,-8.09401,-8.09504,-8.09892,-8.09504,-8.09583,-8.09401,-8.09504,-8.09401]
	PARPACK diagonalization completed after 45 matrix-vector product operations.
	iteration results: : total energy is -172.078993 | electron energy -172.141469 + phonon energy 0.062475 | electron momentum kIdx = 0
	Nq(0) = 12.25,	Nq(1) = 0.474102,	Nq(2) = 0.7652,	Nq(3) = 0.474102,	Nq(4) = 0.474102,	Nq(5) = 0.7652,	Nq(6) = 1.24925,	Nq(7) = 0.7652,	Nq(8) = 0.7652,	Nq(9) = 1.24925,	Nq(10) = 3.93621,	Nq(11) = 1.24925,	Nq(12) = 0.474102,	Nq(13) = 0.7652,	Nq(14) = 1.24925,	Nq(15) = 0.7652,	Sq(0) = 6.88559e-19,	Sq(1) = 0.0105869,	Sq(2) = 0.0207484,	Sq(3) = 0.0105869,	Sq(4) = 0.0105869,	Sq(5) = 0.0207484,	Sq(6) = 0.0305648,	Sq(7) = 0.0207484,	Sq(8) = 0.0207484,	Sq(9) = 0.0305648,	Sq(10) = 0.0400975,	Sq(11) = 0.0305648,	Sq(12) = 0.0105869,	Sq(13) = 0.0207484,	Sq(14) = 0.0305648,	Sq(15) = 0.0207484,	N(0) = 1.31572,	N(1) = 1.10164,	N(2) = 0.864687,	N(3) = 1.10164,	N(4) = 1.10164,	N(5) = 0.864687,	N(6) = 0.650731,	N(7) = 0.864687,	N(8) = 0.864687,	N(9) = 0.650731,	N(10) = 0.486665,	N(11) = 0.650731,	N(12) = 1.10164,	N(13) = 0.864687,	N(14) = 0.650731,	N(15) = 0.864687
The 14-th iteration is completed.	|| time cost : 0h 0m 43.024s
********************************************************************************************************************
********************************************************************************************************************
Ground state is obtained after 15 iterations. The current ground-state energy is -172.079, in which electron energy is -172.141 and phonon energy is 0.0624753
final variational state is: 
	Gamma_x = [      1,1.02067,1.04054,1.02067,1.02067,1.04054,1.06054,1.04054,1.04054,1.06054,1.08219,1.06054,1.02067,1.04054,1.06054,1.04054]
	lambda_q = [ 1.00621,0.984241,0.979613,0.984241,0.984241,0.979613,0.982154,0.979613,0.979613,0.982154,0.996182,0.982154,0.984241,0.979613,0.982154,0.979613]
********************************************************************************************************************
o___o  ----------------------------------------
| L |	Time since last clock: 0h 0m 0s
A===A	Time since the beginning: 0h 14m 46.804s
***********************************************

********************************************************************************************************************
Start warm-up calculation for scaling factor 4
open output files: NGSEDWarmUpW4Obs.txt
********************************************************************************************************************
Start the 0 rounds of NGS-ED iteration
	effective electronic model is modified as: kinetic energy t = 0.398441
	                                           effective interaction Vq = [-7.40486,-7.32968,-7.31335,-7.32968,-7.32968,-7.31335,-7.32234,-7.31335,-7.31335,-7.32234,-7.37102,-7.32234,-7.32968,-7.31335,-7.32234,-7.31335]
	PARPACK diagonalization completed after 75 matrix-vector product operations.
	iteration results: : total energy is -152.041548 | electron energy -152.072765 + phonon energy 0.031217 | electron momentum kIdx = 0
	Nq(0) = 12.25,	Nq(1) = 0.305181,	Nq(2) = 0.388522,	Nq(3) = 0.305181,	Nq(4) = 0.305181,	Nq(5) = 0.388522,	Nq(6) = 0.52119,	Nq(7) = 0.388522,	Nq(8) = 0.388522,	Nq(9) = 0.52119,	Nq(10) = 9.67661,	Nq(11) = 0.52119,	Nq(12) = 0.305181,	Nq(13) = 0.388522,	Nq(14) = 0.52119,	Nq(15) = 0.388522,	Sq(0) = -2.341e-19,	Sq(1) = 0.0142888,	Sq(2) = 0.0276576,	Sq(3) = 0.0142888,	Sq(4) = 0.0142888,	Sq(5) = 0.0276576,	Sq(6) = 0.0403177,	Sq(7) = 0.0276576,	Sq(8) = 0.0276576,	Sq(9) = 0.0403177,	Sq(10) = 0.0524023,	Sq(11) = 0.0403177,	Sq(12) = 0.0142888,	Sq(13) = 0.0276576,	Sq(14) = 0.0403177,	Sq(15) = 0.0276576,	N(0) = 1.36293,	N(1) = 1.12429,	N(2) = 0.861636,	N(3) = 1.12429,	N(4) = 1.12429,	N(5) = 0.861636,	N(6) = 0.629355,	N(7) = 0.861636,	N(8) = 0.861636,	N(9) = 0.629355,	N(10) = 0.452667,	N(11) = 0.629355,	N(12) = 1.12429,	N(13) = 0.861636,	N(14) = 0.629355,	N(15) = 0.861636
The 0-th iteration is completed.	|| time cost : 0h 0m 48.876s
********************************************************************************************************************
Start the 1 rounds of NGS-ED iteration
	effective electronic model is modified as: kinetic energy t = 0.325512
	                                           effective interaction Vq = [ -7.7875,-7.70355,-7.67017,-7.70355,-7.70355,-7.67017,-7.67187,-7.67017,-7.67017,-7.67187,-7.79451,-7.67187,-7.70355,-7.67017,-7.67187,-7.67017]
	PARPACK diagonalization completed after 60 matrix-vector product operations.
	iteration results: : total energy is -162.471309 | electron energy -162.557248 + phonon energy 0.085939 | electron momentum kIdx = 0
The 1-th iteration is completed.	|| time cost : 0h 0m 21.438s
********************************************************************************************************************
Start the 2 rounds of NGS-ED iteration
	effective electronic model is modified as: kinetic energy t = 0.271618
	                                           effective interaction Vq = [-7.95943,-7.89718, -7.8589,-7.89718,-7.89718, -7.8589,-7.84096, -7.8589, -7.8589,-7.84096,-7.97463,-7.84096,-7.89718, -7.8589,-7.84096, -7.8589]
	PARPACK diagonalization completed after 45 matrix-vector product operations.
	iteration results: : total energy is -167.170297 | electron energy -167.243363 + phonon energy 0.073066 | electron momentum kIdx = 0
The 2-th iteration is completed.	|| time cost : 0h 0m 18.159s
********************************************************************************************************************
Start the 3 rounds of NGS-ED iteration
	effective electronic model is modified as: kinetic energy t = 0.232992
	                                           effective interaction Vq = [-8.03668,-7.99575,-7.96449,-7.99575,-7.99575,-7.96449,-7.94319,-7.96449,-7.96449,-7.94319,-8.04771,-7.94319,-7.99575,-7.96449,-7.94319,-7.96449]
	PARPACK diagonalization completed after 45 matrix-vector product operations.
	iteration results: : total energy is -169.249425 | electron energy -169.300563 + phonon energy 0.051138 | electron momentum kIdx = 0
The 3-th iteration is completed.	|| time cost : 0h 0m 18.138s
********************************************************************************************************************
Start the 4 rounds of NGS-ED iteration
	effective electronic model is modified as: kinetic energy t = 0.206456
	                                           effective interaction Vq = [-8.07139,-8.04549,-8.02251,-8.04549,-8.04549,-8.02251,-8.00389,-8.02251,-8.02251,-8.00389,-8.07767,-8.00389,-8.04549,-8.02251,-8.00389,-8.02251]
	PARPACK diagonalization completed after 60 matrix-vector product operations.
	iteration results: : total energy is -170.173898 | electron energy -170.208758 + phonon energy 0.034860 | electron momentum kIdx = 0
The 4-th iteration is completed.	|| time cost : 0h 0m 20.983s
********************************************************************************************************************
Start the 5 rounds of NGS-ED iteration
	effective electronic model is modified as: kinetic energy t = 0.188425
	                                           effective interaction Vq = [-8.08699, -8.0707,-8.05436, -8.0707, -8.0707,-8.05436,-8.03962,-8.05436,-8.05436,-8.03962,-8.09019,-8.03962, -8.0707,-8.05436,-8.03962,-8.05436]
	PARPACK diagonalization completed after 60 matrix-vector product operations.
	iteration results: : total energy is -170.589089 | electron energy -170.613701 + phonon energy 0.024612 | electron momentum kIdx = 0
The 5-th iteration is completed.	|| time cost : 0h 0m 20.994s
********************************************************************************************************************
Start the 6 rounds of NGS-ED iteration
	effective electronic model is modified as: kinetic energy t = 0.17614
	                                           effective interaction Vq = [  -8.094,-8.08363,-8.07205,-8.08363,-8.08363,-8.07205,-8.06081,-8.07205,-8.07205,-8.06081,-8.09552,-8.06081,-8.08363,-8.07205,-8.06081,-8.07205]
	PARPACK diagonalization completed after 60 matrix-vector product operations.
	iteration results: : total energy is -170.777763 | electron energy -170.796238 + phonon energy 0.018474 | electron momentum kIdx = 0
The 6-th iteration is completed.	|| time cost : 0h 0m 21.196s
********************************************************************************************************************
Start the 7 rounds of NGS-ED iteration
	effective electronic model is modified as: kinetic energy t = 0.167683
	                                           effective interaction Vq = [-8.09715,-8.09039, -8.0821,-8.09039,-8.09039, -8.0821,-8.07367, -8.0821, -8.0821,-8.07367,-8.09783,-8.07367,-8.09039, -8.0821,-8.07367, -8.0821]
	PARPACK diagonalization completed after 75 matrix-vector product operations.
	iteration results: : total energy is -170.864887 | electron energy -170.879732 + phonon energy 0.014846 | electron momentum kIdx = 0
The 7-th iteration is completed.	|| time cost : 0h 0m 23.878s
********************************************************************************************************************
Start the 8 rounds of NGS-ED iteration
	effective electronic model is modified as: kinetic energy t = 0.16176
	                                           effective interaction Vq = [-8.09856,-8.09401,-8.08799,-8.09401,-8.09401,-8.08799,-8.08175,-8.08799,-8.08799,-8.08175,-8.09885,-8.08175,-8.09401,-8.08799,-8.08175,-8.08799]
	PARPACK diagonalization completed after 75 matrix-vector product operations.
	iteration results: : total energy is -170.906208 | electron energy -170.918920 + phonon energy 0.012712 | electron momentum kIdx = 0
The 8-th iteration is completed.	|| time cost : 0h 0m 23.846s
********************************************************************************************************************
Start the 9 rounds of NGS-ED iteration
	effective electronic model is modified as: kinetic energy t = 0.1575
	                                           effective interaction Vq = [ -8.0992,-8.09603, -8.0916,-8.09603,-8.09603, -8.0916,-8.08706, -8.0916, -8.0916,-8.08706, -8.0993,-8.08706,-8.09603, -8.0916,-8.08706, -8.0916]
	PARPACK diagonalization completed after 75 matrix-vector product operations.
	iteration results: : total energy is -170.926800 | electron energy -170.938279 + phonon energy 0.011478 | electron momentum kIdx = 0
The 9-th iteration is completed.	|| time cost : 0h 0m 23.832s
********************************************************************************************************************
Start the 10 rounds of NGS-ED iteration
	effective electronic model is modified as: kinetic energy t = 0.154326
	                                           effective interaction Vq = [-8.09948,-8.09719,-8.09393,-8.09719,-8.09719,-8.09393,-8.09073,-8.09393,-8.09393,-8.09073,-8.09951,-8.09073,-8.09719,-8.09393,-8.09073,-8.09393]
	PARPACK diagonalization completed after 75 matrix-vector product operations.
	iteration results: : total energy is -170.938044 | electron energy -170.948847 + phonon energy 0.010803 | electron momentum kIdx = 0
	Nq(0) = 12.25,	Nq(1) = 0.308259,	Nq(2) = 0.387685,	Nq(3) = 0.308259,	Nq(4) = 0.308259,	Nq(5) = 0.387685,	Nq(6) = 0.48273,	Nq(7) = 0.387685,	Nq(8) = 0.387685,	Nq(9) = 0.48273,	Nq(10) = 10.2125,	Nq(11) = 0.48273,	Nq(12) = 0.308259,	Nq(13) = 0.387685,	Nq(14) = 0.48273,	Nq(15) = 0.387685,	Sq(0) = 1.96793e-19,	Sq(1) = 0.00149047,	Sq(2) = 0.00297088,	Sq(3) = 0.00149047,	Sq(4) = 0.00149047,	Sq(5) = 0.00297088,	Sq(6) = 0.00444149,	Sq(7) = 0.00297088,	Sq(8) = 0.00297088,	Sq(9) = 0.00444149,	Sq(10) = 0.00590256,	Sq(11) = 0.00444149,	Sq(12) = 0.00149047,	Sq(13) = 0.00297088,	Sq(14) = 0.00444149,	Sq(15) = 0.00297088,	N(0) = 1.03635,	N(1) = 0.954407,	N(2) = 0.873629,	N(3) = 0.954407,	N(4) = 0.954407,	N(5) = 0.873629,	N(6) = 0.795636,	N(7) = 0.873629,	N(8) = 0.873629,	N(9) = 0.795636,	N(10) = 0.721705,	N(11) = 0.795636,	N(12) = 0.954407,	N(13) = 0.873629,	N(14) = 0.795636,	N(15) = 0.873629
The 10-th iteration is completed.	|| time cost : 0h 0m 48.691s
********************************************************************************************************************
Start the 11 rounds of NGS-ED iteration
	effective electronic model is modified as: kinetic energy t = 0.15186
	                                           effective interaction Vq = [-8.09961,-8.09791,-8.09553,-8.09791,-8.09791,-8.09553,-8.09337,-8.09553,-8.09553,-8.09337, -8.0996,-8.09337,-8.09791,-8.09553,-8.09337,-8.09553]
	PARPACK diagonalization completed after 75 matrix-vector product operations.
	iteration results: : total energy is -170.945175 | electron energy -170.955667 + phonon energy 0.010492 | electron momentum kIdx = 0
The 11-th iteration is completed.	|| time cost : 0h 0m 23.941s
********************************************************************************************************************
Start the 12 rounds of NGS-ED iteration
	effective electronic model is modified as: kinetic energy t = 0.149867
	                                           effective interaction Vq = [-8.09967,-8.09837,-8.09668,-8.09837,-8.09837,-8.09668,-8.09532,-8.09668,-8.09668,-8.09532,-8.09965,-8.09532,-8.09837,-8.09668,-8.09532,-8.09668]
	PARPACK diagonalization completed after 75 matrix-vector product operations.
	iteration results: : total energy is -170.950540 | electron energy -170.960966 + phonon energy 0.010425 | electron momentum kIdx = 0
The 12-th iteration is completed.	|| time cost : 0h 0m 24s
********************************************************************************************************************
Start the 13 rounds of NGS-ED iteration
	effective electronic model is modified as: kinetic energy t = 0.148232
	                                           effective interaction Vq = [-8.09969, -8.0987,-8.09752, -8.0987, -8.0987,-8.09752,-8.09672,-8.09752,-8.09752,-8.09672,-8.09967,-8.09672, -8.0987,-8.09752,-8.09672,-8.09752]
	PARPACK diagonalization completed after 75 matrix-vector product operations.
	iteration results: : total energy is -170.954888 | electron energy -170.965385 + phonon energy 0.010497 | electron momentum kIdx = 0
The 13-th iteration is completed.	|| time cost : 0h 0m 23.922s
********************************************************************************************************************
Start the 14 rounds of NGS-ED iteration
	effective electronic model is modified as: kinetic energy t = 0.146907
	                                           effective interaction Vq = [-8.09971,-8.09893,-8.09812,-8.09893,-8.09893,-8.09812,-8.09769,-8.09812,-8.09812,-8.09769,-8.09968,-8.09769,-8.09893,-8.09812,-8.09769,-8.09812]
	PARPACK diagonalization completed after 75 matrix-vector product operations.
	iteration results: : total energy is -170.958145 | electron energy -170.968729 + phonon energy 0.010584 | electron momentum kIdx = 0
The 14-th iteration is completed.	|| time cost : 0h 0m 23.857s
********************************************************************************************************************
Start the 15 rounds of NGS-ED iteration
	effective electronic model is modified as: kinetic energy t = 0.145866
	                                           effective interaction Vq = [-8.09971,-8.09909,-8.09853,-8.09909,-8.09909,-8.09853,-8.09831,-8.09853,-8.09853,-8.09831,-8.09968,-8.09831,-8.09909,-8.09853,-8.09831,-8.09853]
	PARPACK diagonalization completed after 75 matrix-vector product operations.
