TACC:  Starting up job 4320212 
TACC:  Starting parallel tasks... 
SNEDics v3.4 Non-Gaussian ED ground state program		Start at Fri Sep 13 06:19:49 2019

parallized on 32 MPI threads  * 6 OpenMP threads = 192 total threads.
********************************************************************************************************************
********************************************************************************************************************

********************************************************************************************************************
System parameters and configurations
********************************************************************************************************************
Special program options are enabled: splitted diagonal Hamiltonian
********************************************************************************************************************
Read input file "model_params.in"
	Hubbard-Holstein model parameters : 	t = 1    U = 2.8    g = 3.1623    W = 5    
********************************************************************************************************************
Read input file "hilbertspace_params.in"
	Requested 16-site 2D lattice, with 16 electrons (8, 8)
	Boundary : Periodic		Hilbert space representation : momentum-space (restricted to kIdx = 0)
	Conservation: particle number[U(1)]      spin[U(1)]     momentum
********************************************************************************************************************

Cluster Positions:				Cluster symmetry group : D4
 x ... x ... x ... x .....                       x ... x ... x ... x .....
 |           |           :                       |           |           :
 |           |           :                       |           |           :
12    13    14    15     x                       1     5     6     5     x
 |           |           :                       |           |           :
 |           |           :                       |           |           :
 8 --- 9 ---10 ---11 --- x                       2 --- 6 ---10 --- 6 --- x
 |           |           :                       |           |           :
 |           |           :                       |           |           :
 4     5     6     7     x                       1     5     6     5     x
 |           |           :                       |           |           :
 |           |           :                       |           |           :
 0 --- 1 --- 2 --- 3 --- x                       0 --- 1 --- 2 --- 1 --- x
orbital number : 1
********************************************************************************************************************
Read input file "obs_params.in"
	Observable Type : Nq(All),   Sq(All),   N(All),   Delta[s](All),   Delta[d](All),   Delta[s+](All)
********************************************************************************************************************
** WARNING ** the input observables have non-local factors which have been reinterpreted. The total observable number is 96
********************************************************************************************************************


********************************************************************************************************************
Start calculating the non-Gaussian ED ground state
Input file varState.dat exists. Start iterations from it.
open output files: NGSEDIterationObs.txt
********************************************************************************************************************
Start the 0 rounds of NGS-ED iteration
	effective electronic model is modified as: kinetic energy t = 0.850655
	                                           effective interaction Vq = [-2.00003,-1.85191,-1.68383,-1.85191,-1.85191,-1.68383,-1.71875,-1.68383,-1.68383,-1.71875,-1.98857,-1.71875,-1.85191,-1.68383,-1.71875,-1.68383]
	first Hamiltonian is constructed, non-zero numbers = 12310855584
	PARPACK diagonalization completed after 90 matrix-vector product operations.
	iteration results: : total energy is -56.425615 | electron energy -56.612781 + phonon energy 0.187166 | electron momentum kIdx = 0
	Nq(0) = 16,	Nq(1) = 0.317246,	Nq(2) = 0.353207,	Nq(3) = 0.317246,	Nq(4) = 0.317246,	Nq(5) = 0.353207,	Nq(6) = 0.561384,	Nq(7) = 0.353207,	Nq(8) = 0.353207,	Nq(9) = 0.561384,	Nq(10) = 4.69865,	Nq(11) = 0.561384,	Nq(12) = 0.317246,	Nq(13) = 0.353207,	Nq(14) = 0.561384,	Nq(15) = 0.353207,	Sq(0) = 4.99758e-19,	Sq(1) = 0.275665,	Sq(2) = 0.333106,	Sq(3) = 0.275665,	Sq(4) = 0.275665,	Sq(5) = 0.333106,	Sq(6) = 0.500631,	Sq(7) = 0.333106,	Sq(8) = 0.333106,	Sq(9) = 0.500631,	Sq(10) = 0.563769,	Sq(11) = 0.500631,	Sq(12) = 0.275665,	Sq(13) = 0.333106,	Sq(14) = 0.500631,	Sq(15) = 0.333106,	N(0) = 1.99035,	N(1) = 1.97106,	N(2) = 1,	N(3) = 1.97106,	N(4) = 1.97106,	N(5) = 1,	N(6) = 0.0289434,	N(7) = 1,	N(8) = 1,	N(9) = 0.0289434,	N(10) = 0.00965043,	N(11) = 0.0289434,	N(12) = 1.97106,	N(13) = 1,	N(14) = 0.0289434,	N(15) = 1,	Delta[s](0) = 0.445827,	Delta[s](1) = 0.34589,	Delta[s](2) = 0.331017,	Delta[s](3) = 0.34589,	Delta[s](4) = 0.34589,	Delta[s](5) = 0.331017,	Delta[s](6) = 0.274366,	Delta[s](7) = 0.331017,	Delta[s](8) = 0.331017,	Delta[s](9) = 0.274366,	Delta[s](10) = 0.253257,	Delta[s](11) = 0.274366,	Delta[s](12) = 0.34589,	Delta[s](13) = 0.331017,	Delta[s](14) = 0.274366,	Delta[s](15) = 0.331017,	Delta[d](0) = 0.234379,	Delta[d](1) = 0.230162,	Delta[d](2) = 0.229937,	Delta[d](3) = 0.230162,	Delta[d](4) = 0.230162,	Delta[d](5) = 0.143154,	Delta[d](6) = 0.183561,	Delta[d](7) = 0.143154,	Delta[d](8) = 0.229937,	Delta[d](9) = 0.183561,	Delta[d](10) = 0.0518627,	Delta[d](11) = 0.183561,	Delta[d](12) = 0.230162,	Delta[d](13) = 0.143154,	Delta[d](14) = 0.183561,	Delta[d](15) = 0.143154,	Delta[s+](0) = 0.457596,	Delta[s+](1) = 0.360132,	Delta[s+](2) = 0.229937,	Delta[s+](3) = 0.360132,	Delta[s+](4) = 0.360132,	Delta[s+](5) = 0.229937,	Delta[s+](6) = 0.097283,	Delta[s+](7) = 0.229937,	Delta[s+](8) = 0.229937,	Delta[s+](9) = 0.097283,	Delta[s+](10) = 0.0275953,	Delta[s+](11) = 0.097283,	Delta[s+](12) = 0.360132,	Delta[s+](13) = 0.229937,	Delta[s+](14) = 0.097283,	Delta[s+](15) = 0.229937
The 0-th iteration is completed.	|| time cost : 0h 8m 26.281s
********************************************************************************************************************
Start the 1 rounds of NGS-ED iteration
	effective electronic model is modified as: kinetic energy t = 0.850654
	                                           effective interaction Vq = [-2.00003,-1.85191,-1.68383,-1.85191,-1.85191,-1.68383,-1.71875,-1.68383,-1.68383,-1.71875,-1.98857,-1.71875,-1.85191,-1.68383,-1.71875,-1.68383]
	PARPACK diagonalization completed after 30 matrix-vector product operations.
	iteration results: : total energy is -56.425615 | electron energy -56.612781 + phonon energy 0.187165 | electron momentum kIdx = 0
The 1-th iteration is completed.	|| time cost : 0h 0m 20.617s
********************************************************************************************************************
Start the 2 rounds of NGS-ED iteration
	effective electronic model is modified as: kinetic energy t = 0.850654
	                                           effective interaction Vq = [-2.00003,-1.85191,-1.68383,-1.85191,-1.85191,-1.68383,-1.71875,-1.68383,-1.68383,-1.71875,-1.98857,-1.71875,-1.85191,-1.68383,-1.71875,-1.68383]
	PARPACK diagonalization completed after 30 matrix-vector product operations.
	iteration results: : total energy is -56.425615 | electron energy -56.612781 + phonon energy 0.187165 | electron momentum kIdx = 0
The 2-th iteration is completed.	|| time cost : 0h 0m 20.559s
********************************************************************************************************************
Start the 3 rounds of NGS-ED iteration
	effective electronic model is modified as: kinetic energy t = 0.850654
	                                           effective interaction Vq = [-2.00003,-1.85191,-1.68383,-1.85191,-1.85191,-1.68383,-1.71875,-1.68383,-1.68383,-1.71875,-1.98857,-1.71875,-1.85191,-1.68383,-1.71875,-1.68383]
	PARPACK diagonalization completed after 30 matrix-vector product operations.
	iteration results: : total energy is -56.425615 | electron energy -56.612781 + phonon energy 0.187166 | electron momentum kIdx = 0
The 3-th iteration is completed.	|| time cost : 0h 0m 20.585s
********************************************************************************************************************
Start the 4 rounds of NGS-ED iteration
	effective electronic model is modified as: kinetic energy t = 0.850654
	                                           effective interaction Vq = [-2.00003,-1.85191,-1.68383,-1.85191,-1.85191,-1.68383,-1.71875,-1.68383,-1.68383,-1.71875,-1.98857,-1.71875,-1.85191,-1.68383,-1.71875,-1.68383]
	PARPACK diagonalization completed after 30 matrix-vector product operations.
	iteration results: : total energy is -56.425615 | electron energy -56.612781 + phonon energy 0.187166 | electron momentum kIdx = 0
The 4-th iteration is completed.	|| time cost : 0h 0m 20.566s
********************************************************************************************************************
Start the 5 rounds of NGS-ED iteration
	effective electronic model is modified as: kinetic energy t = 0.850654
	                                           effective interaction Vq = [-2.00003,-1.85191,-1.68383,-1.85191,-1.85191,-1.68383,-1.71875,-1.68383,-1.68383,-1.71875,-1.98857,-1.71875,-1.85191,-1.68383,-1.71875,-1.68383]
	PARPACK diagonalization completed after 30 matrix-vector product operations.
	iteration results: : total energy is -56.425615 | electron energy -56.612781 + phonon energy 0.187166 | electron momentum kIdx = 0
The 5-th iteration is completed.	|| time cost : 0h 0m 21.141s
********************************************************************************************************************
Start the 6 rounds of NGS-ED iteration
	effective electronic model is modified as: kinetic energy t = 0.850654
	                                           effective interaction Vq = [-2.00003,-1.85191,-1.68383,-1.85191,-1.85191,-1.68383,-1.71875,-1.68383,-1.68383,-1.71875,-1.98857,-1.71875,-1.85191,-1.68383,-1.71875,-1.68383]
	PARPACK diagonalization completed after 30 matrix-vector product operations.
	iteration results: : total energy is -56.425615 | electron energy -56.612781 + phonon energy 0.187166 | electron momentum kIdx = 0
The 6-th iteration is completed.	|| time cost : 0h 0m 20.576s
********************************************************************************************************************
Start the 7 rounds of NGS-ED iteration
	effective electronic model is modified as: kinetic energy t = 0.850654
	                                           effective interaction Vq = [-2.00003,-1.85191,-1.68383,-1.85191,-1.85191,-1.68383,-1.71875,-1.68383,-1.68383,-1.71875,-1.98857,-1.71875,-1.85191,-1.68383,-1.71875,-1.68383]
	PARPACK diagonalization completed after 30 matrix-vector product operations.
	iteration results: : total energy is -56.425615 | electron energy -56.612782 + phonon energy 0.187166 | electron momentum kIdx = 0
The 7-th iteration is completed.	|| time cost : 0h 0m 20.595s
********************************************************************************************************************
Start the 8 rounds of NGS-ED iteration
	effective electronic model is modified as: kinetic energy t = 0.850654
	                                           effective interaction Vq = [-2.00003,-1.85191,-1.68383,-1.85191,-1.85191,-1.68383,-1.71875,-1.68383,-1.68383,-1.71875,-1.98857,-1.71875,-1.85191,-1.68383,-1.71875,-1.68383]
	PARPACK diagonalization completed after 30 matrix-vector product operations.
	iteration results: : total energy is -56.425615 | electron energy -56.612782 + phonon energy 0.187166 | electron momentum kIdx = 0
	Nq(0) = 16,	Nq(1) = 0.317244,	Nq(2) = 0.353206,	Nq(3) = 0.317244,	Nq(4) = 0.317244,	Nq(5) = 0.353206,	Nq(6) = 0.561382,	Nq(7) = 0.353206,	Nq(8) = 0.353206,	Nq(9) = 0.561382,	Nq(10) = 4.69868,	Nq(11) = 0.561382,	Nq(12) = 0.317244,	Nq(13) = 0.353206,	Nq(14) = 0.561382,	Nq(15) = 0.353206,	Sq(0) = -2.82459e-18,	Sq(1) = 0.275664,	Sq(2) = 0.333106,	Sq(3) = 0.275664,	Sq(4) = 0.275664,	Sq(5) = 0.333106,	Sq(6) = 0.50063,	Sq(7) = 0.333106,	Sq(8) = 0.333106,	Sq(9) = 0.50063,	Sq(10) = 0.563768,	Sq(11) = 0.50063,	Sq(12) = 0.275664,	Sq(13) = 0.333106,	Sq(14) = 0.50063,	Sq(15) = 0.333106,	N(0) = 1.99035,	N(1) = 1.97106,	N(2) = 1,	N(3) = 1.97106,	N(4) = 1.97106,	N(5) = 1,	N(6) = 0.0289441,	N(7) = 1,	N(8) = 1,	N(9) = 0.0289441,	N(10) = 0.00965062,	N(11) = 0.0289441,	N(12) = 1.97106,	N(13) = 1,	N(14) = 0.0289441,	N(15) = 1,	Delta[s](0) = 0.445827,	Delta[s](1) = 0.34589,	Delta[s](2) = 0.331017,	Delta[s](3) = 0.34589,	Delta[s](4) = 0.34589,	Delta[s](5) = 0.331017,	Delta[s](6) = 0.274366,	Delta[s](7) = 0.331017,	Delta[s](8) = 0.331017,	Delta[s](9) = 0.274366,	Delta[s](10) = 0.253257,	Delta[s](11) = 0.274366,	Delta[s](12) = 0.34589,	Delta[s](13) = 0.331017,	Delta[s](14) = 0.274366,	Delta[s](15) = 0.331017,	Delta[d](0) = 0.234381,	Delta[d](1) = 0.230164,	Delta[d](2) = 0.229939,	Delta[d](3) = 0.230164,	Delta[d](4) = 0.230164,	Delta[d](5) = 0.143156,	Delta[d](6) = 0.183562,	Delta[d](7) = 0.143156,	Delta[d](8) = 0.229939,	Delta[d](9) = 0.183562,	Delta[d](10) = 0.0518631,	Delta[d](11) = 0.183562,	Delta[d](12) = 0.230164,	Delta[d](13) = 0.143156,	Delta[d](14) = 0.183562,	Delta[d](15) = 0.143156,	Delta[s+](0) = 0.4576,	Delta[s+](1) = 0.360136,	Delta[s+](2) = 0.229939,	Delta[s+](3) = 0.360136,	Delta[s+](4) = 0.360136,	Delta[s+](5) = 0.229939,	Delta[s+](6) = 0.0972838,	Delta[s+](7) = 0.229939,	Delta[s+](8) = 0.229939,	Delta[s+](9) = 0.0972838,	Delta[s+](10) = 0.0275955,	Delta[s+](11) = 0.0972838,	Delta[s+](12) = 0.360136,	Delta[s+](13) = 0.229939,	Delta[s+](14) = 0.0972838,	Delta[s+](15) = 0.229939
The 8-th iteration is completed.	|| time cost : 0h 3m 46.169s
********************************************************************************************************************
********************************************************************************************************************
Ground state is obtained after 9 iterations. The current ground-state energy is -56.4256, in which electron energy is -56.6128 and phonon energy is 0.187166
final variational state is: 
	Gamma_x = [      1,1.05153,1.06997,1.05153,1.05153,1.06997,1.11079,1.06997,1.06997,1.11079,1.29692,1.11079,1.05153,1.06997,1.11079,1.06997]
	lambda_q = [0.632459,0.460344,0.380985,0.460344,0.460344,0.380985,0.395275,0.380985,0.380985,0.395275,0.584599,0.395275,0.460344,0.380985,0.395275,0.380985]
********************************************************************************************************************
o___o  ----------------------------------------
| L |	Time since last clock: 0h 0m 0s
A===A	Time since the beginning: 0h 14m 37.092s
***********************************************


Non-Gaussina ED ground state calculation is completed. The final ground-state energy is -56.4256
********************************************************************************************************************
o___o  ----------------------------------------
| L |	Time since last clock: 0h 0m 0.001s
A===A	Time since the beginning: 0h 14m 37.093s
***********************************************



********************************************************************************************************************
All non-Gaussian ED ground state calculations have been completed. Exit now.
TACC:  Shutdown complete. Exiting. 
