TACC:  Starting up job 1741570 
TACC:  Starting parallel tasks... 
SNEDics v3.4 Non-Gaussian ED ground state program		Start at Fri Oct  9 16:50:30 2020

parallized on 16 MPI threads  * 7 OpenMP threads = 112 total threads.
********************************************************************************************************************
********************************************************************************************************************

********************************************************************************************************************
System parameters and configurations
********************************************************************************************************************
Special program options are enabled: splitted diagonal Hamiltonian
********************************************************************************************************************
Read input file "model_params.in"
	Hubbard-Holstein model parameters : 	t = 1    U = 8    g = 0.3    W = 0.2    g' = 0.14    
********************************************************************************************************************
Read input file "hilbertspace_params.in"
	Requested 16-site 2D lattice, with 14 electrons (7, 7)
	Boundary : Periodic		Hilbert space representation : momentum-space (restricted to kIdx = 0)
	Conservation: particle number[U(1)]      spin[U(1)]     momentum
********************************************************************************************************************

Cluster Positions:				Cluster symmetry group : D4
 x ... x ... x ... x .....                       x ... x ... x ... x .....
 |           |           :                       |           |           :
 |           |           :                       |           |           :
12    13    14    15     x                       1     5     6     5     x
 |           |           :                       |           |           :
 |           |           :                       |           |           :
 8 --- 9 ---10 ---11 --- x                       2 --- 6 ---10 --- 6 --- x
 |           |           :                       |           |           :
 |           |           :                       |           |           :
 4     5     6     7     x                       1     5     6     5     x
 |           |           :                       |           |           :
 |           |           :                       |           |           :
 0 --- 1 --- 2 --- 3 --- x                       0 --- 1 --- 2 --- 1 --- x
orbital number : 1
********************************************************************************************************************
Read input file "obs_params.in"
	Observable Type : Nq(All),   Sq(All),   N(All),   Delta[s](All),   Delta[d](All),   Delta[s+](All)
********************************************************************************************************************
** WARNING ** the input observables have non-local factors which have been reinterpreted. The total observable number is 96
********************************************************************************************************************


********************************************************************************************************************
Start calculating the non-Gaussian ED ground state
** WARNING ** Detected low phonon energy W < 10. The initial state will be prepared through a warm-up process.
********************************************************************************************************************
Start warm-up calculation for scaling factor 64
open output files: NGSEDWarmUpW12.8Obs.txt
********************************************************************************************************************
Start the 0 rounds of NGS-ED iteration
	effective electronic model is modified as: kinetic energy t = 1
	                                           effective interaction Vq = [0,0,0,0,0,0,0,0,0,0,0,0,0,0,0,0]
	first Hamiltonian is constructed, non-zero numbers = 2178478298
	PARPACK diagonalization completed after 165 matrix-vector product operations.
	iteration results: : total energy is -11.868836 | electron energy -11.868836 + phonon energy 0.000000 | electron momentum kIdx = 0
	Nq(0) = 12.25,	Nq(1) = 0.154193,	Nq(2) = 0.185311,	Nq(3) = 0.154193,	Nq(4) = 0.154193,	Nq(5) = 0.203281,	Nq(6) = 0.235634,	Nq(7) = 0.203281,	Nq(8) = 0.185311,	Nq(9) = 0.235634,	Nq(10) = 0.275446,	Nq(11) = 0.235634,	Nq(12) = 0.154193,	Nq(13) = 0.203281,	Nq(14) = 0.235634,	Nq(15) = 0.203281,	Sq(0) = 1.11096e-18,	Sq(1) = 0.474292,	Sq(2) = 0.766364,	Sq(3) = 0.474292,	Sq(4) = 0.474292,	Sq(5) = 0.630724,	Sq(6) = 1.05279,	Sq(7) = 0.630724,	Sq(8) = 0.766364,	Sq(9) = 1.05279,	Sq(10) = 2.56755,	Sq(11) = 1.05279,	Sq(12) = 0.474292,	Sq(13) = 0.630724,	Sq(14) = 1.05279,	Sq(15) = 0.630724,	N(0) = 1.75464,	N(1) = 1.59086,	N(2) = 0.323321,	N(3) = 1.59086,	N(4) = 1.59086,	N(5) = 0.999881,	N(6) = 0.267546,	N(7) = 0.999881,	N(8) = 0.323321,	N(9) = 0.267546,	N(10) = 0.165565,	N(11) = 0.267546,	N(12) = 1.59086,	N(13) = 0.999881,	N(14) = 0.267546,	N(15) = 0.999881,	Delta[s](0) = 0.0775091,	Delta[s](1) = 0.0583708,	Delta[s](2) = 0.0356977,	Delta[s](3) = 0.0583708,	Delta[s](4) = 0.0583708,	Delta[s](5) = 0.0421032,	Delta[s](6) = 0.020394,	Delta[s](7) = 0.0421032,	Delta[s](8) = 0.0356977,	Delta[s](9) = 0.020394,	Delta[s](10) = 0.00187339,	Delta[s](11) = 0.020394,	Delta[s](12) = 0.0583708,	Delta[s](13) = 0.0421032,	Delta[s](14) = 0.020394,	Delta[s](15) = 0.0421032,	Delta[d](0) = 0.290166,	Delta[d](1) = 0.204286,	Delta[d](2) = 0.212988,	Delta[d](3) = 0.204286,	Delta[d](4) = 0.204286,	Delta[d](5) = 0.189323,	Delta[d](6) = 0.142484,	Delta[d](7) = 0.189323,	Delta[d](8) = 0.212988,	Delta[d](9) = 0.142484,	Delta[d](10) = 0.0582272,	Delta[d](11) = 0.142484,	Delta[d](12) = 0.204286,	Delta[d](13) = 0.189323,	Delta[d](14) = 0.142484,	Delta[d](15) = 0.189323,	Delta[s+](0) = 0.591738,	Delta[s+](1) = 0.440966,	Delta[s+](2) = 0.212988,	Delta[s+](3) = 0.440966,	Delta[s+](4) = 0.440966,	Delta[s+](5) = 0.308964,	Delta[s+](6) = 0.135337,	Delta[s+](7) = 0.308964,	Delta[s+](8) = 0.212988,	Delta[s+](9) = 0.135337,	Delta[s+](10) = 0.0421613,	Delta[s+](11) = 0.135337,	Delta[s+](12) = 0.440966,	Delta[s+](13) = 0.308964,	Delta[s+](14) = 0.135337,	Delta[s+](15) = 0.308964
The 0-th iteration is completed.	|| time cost : 0h 6m 29.44s
********************************************************************************************************************
Start the 1 rounds of NGS-ED iteration
	effective electronic model is modified as: kinetic energy t = 0.987889
	                                           effective interaction Vq = [   -3.41213,   -1.45675,   -0.37214,   -1.45675,   -1.45675,  -0.376022,-0.00161875,  -0.376022,   -0.37214,-0.00161875,  -0.268258,-0.00161875,   -1.45675,  -0.376022,-0.00161875,  -0.376022]
	PARPACK diagonalization completed after 60 matrix-vector product operations.
	iteration results: : total energy is -54.950560 | electron energy -54.950699 + phonon energy 0.000139 | electron momentum kIdx = 0
The 1-th iteration is completed.	|| time cost : 0h 5m 18.229s
********************************************************************************************************************
Start the 2 rounds of NGS-ED iteration
	effective electronic model is modified as: kinetic energy t = 0.982844
	                                           effective interaction Vq = [    -3.6759,   -1.59498,  -0.403845,   -1.59498,   -1.59498,  -0.408262,-0.00174498,  -0.408262,  -0.403845,-0.00174498,  -0.289522,-0.00174498,   -1.59498,  -0.408262,-0.00174498,  -0.408262]
	PARPACK diagonalization completed after 60 matrix-vector product operations.
	iteration results: : total energy is -58.237179 | electron energy -58.237783 + phonon energy 0.000604 | electron momentum kIdx = 0
The 2-th iteration is completed.	|| time cost : 0h 0m 27.179s
********************************************************************************************************************
Start the 3 rounds of NGS-ED iteration
	effective electronic model is modified as: kinetic energy t = 0.981751
	                                           effective interaction Vq = [   -3.69629,   -1.61647,  -0.408312,   -1.61647,   -1.61647,  -0.412845,-0.00176089,  -0.412845,  -0.408312,-0.00176089,  -0.292174,-0.00176089,   -1.61647,  -0.412845,-0.00176089,  -0.412845]
	PARPACK diagonalization completed after 45 matrix-vector product operations.
	iteration results: : total energy is -58.489363 | electron energy -58.490181 + phonon energy 0.000818 | electron momentum kIdx = 0
The 3-th iteration is completed.	|| time cost : 0h 0m 24.394s
********************************************************************************************************************
Start the 4 rounds of NGS-ED iteration
	effective electronic model is modified as: kinetic energy t = 0.981529
	                                           effective interaction Vq = [   -3.69787,    -1.6207,  -0.409034,    -1.6207,    -1.6207,    -0.4136,-0.00176311,    -0.4136,  -0.409034,-0.00176311,  -0.292539,-0.00176311,    -1.6207,    -0.4136,-0.00176311,    -0.4136]
	PARPACK diagonalization completed after 45 matrix-vector product operations.
	iteration results: : total energy is -58.508778 | electron energy -58.509651 + phonon energy 0.000874 | electron momentum kIdx = 0
The 4-th iteration is completed.	|| time cost : 0h 0m 24.382s
********************************************************************************************************************
Start the 5 rounds of NGS-ED iteration
	effective electronic model is modified as: kinetic energy t = 0.981484
	                                           effective interaction Vq = [   -3.69799,   -1.62158,  -0.409154,   -1.62158,   -1.62158,  -0.413728,-0.00176343,  -0.413728,  -0.409154,-0.00176343,  -0.292591,-0.00176343,   -1.62158,  -0.413728,-0.00176343,  -0.413728]
	PARPACK diagonalization completed after 30 matrix-vector product operations.
	iteration results: : total energy is -58.510275 | electron energy -58.511161 + phonon energy 0.000886 | electron momentum kIdx = 0
The 5-th iteration is completed.	|| time cost : 0h 0m 21.568s
********************************************************************************************************************
Start the 6 rounds of NGS-ED iteration
	effective electronic model is modified as: kinetic energy t = 0.981475
	                                           effective interaction Vq = [     -3.698,   -1.62177,  -0.409174,   -1.62177,   -1.62177,   -0.41375,-0.00176347,   -0.41375,  -0.409174,-0.00176347,  -0.292598,-0.00176347,   -1.62177,   -0.41375,-0.00176347,   -0.41375]
	PARPACK diagonalization completed after 30 matrix-vector product operations.
	iteration results: : total energy is -58.510391 | electron energy -58.511279 + phonon energy 0.000889 | electron momentum kIdx = 0
	Nq(0) = 12.25,	Nq(1) = 0.180274,	Nq(2) = 0.195986,	Nq(3) = 0.180274,	Nq(4) = 0.180274,	Nq(5) = 0.213134,	Nq(6) = 0.242443,	Nq(7) = 0.213134,	Nq(8) = 0.195986,	Nq(9) = 0.242443,	Nq(10) = 0.29182,	Nq(11) = 0.242443,	Nq(12) = 0.180274,	Nq(13) = 0.213134,	Nq(14) = 0.242443,	Nq(15) = 0.213134,	Sq(0) = 1.896e-18,	Sq(1) = 0.459394,	Sq(2) = 0.748802,	Sq(3) = 0.459394,	Sq(4) = 0.459394,	Sq(5) = 0.62044,	Sq(6) = 1.0418,	Sq(7) = 0.62044,	Sq(8) = 0.748802,	Sq(9) = 1.0418,	Sq(10) = 2.53868,	Sq(11) = 1.0418,	Sq(12) = 0.459394,	Sq(13) = 0.62044,	Sq(14) = 1.0418,	Sq(15) = 0.62044,	N(0) = 1.78267,	N(1) = 1.63729,	N(2) = 0.291505,	N(3) = 1.63729,	N(4) = 1.63729,	N(5) = 0.991095,	N(6) = 0.241437,	N(7) = 0.991095,	N(8) = 0.291505,	N(9) = 0.241437,	N(10) = 0.155035,	N(11) = 0.241437,	N(12) = 1.63729,	N(13) = 0.991095,	N(14) = 0.241437,	N(15) = 0.991095,	Delta[s](0) = 0.0879029,	Delta[s](1) = 0.0669425,	Delta[s](2) = 0.0413629,	Delta[s](3) = 0.0669425,	Delta[s](4) = 0.0669425,	Delta[s](5) = 0.0494078,	Delta[s](6) = 0.0247064,	Delta[s](7) = 0.0494078,	Delta[s](8) = 0.0413629,	Delta[s](9) = 0.0247064,	Delta[s](10) = 0.00374188,	Delta[s](11) = 0.0247064,	Delta[s](12) = 0.0669425,	Delta[s](13) = 0.0494078,	Delta[s](14) = 0.0247064,	Delta[s](15) = 0.0494078,	Delta[d](0) = 0.34066,	Delta[d](1) = 0.212871,	Delta[d](2) = 0.221907,	Delta[d](3) = 0.212871,	Delta[d](4) = 0.212871,	Delta[d](5) = 0.197337,	Delta[d](6) = 0.144887,	Delta[d](7) = 0.197337,	Delta[d](8) = 0.221907,	Delta[d](9) = 0.144887,	Delta[d](10) = 0.0616279,	Delta[d](11) = 0.144887,	Delta[d](12) = 0.212871,	Delta[d](13) = 0.197337,	Delta[d](14) = 0.144887,	Delta[d](15) = 0.197337,	Delta[s+](0) = 0.630854,	Delta[s+](1) = 0.468733,	Delta[s+](2) = 0.221907,	Delta[s+](3) = 0.468733,	Delta[s+](4) = 0.468733,	Delta[s+](5) = 0.324738,	Delta[s+](6) = 0.138617,	Delta[s+](7) = 0.324738,	Delta[s+](8) = 0.221907,	Delta[s+](9) = 0.138617,	Delta[s+](10) = 0.042045,	Delta[s+](11) = 0.138617,	Delta[s+](12) = 0.468733,	Delta[s+](13) = 0.324738,	Delta[s+](14) = 0.138617,	Delta[s+](15) = 0.324738
The 6-th iteration is completed.	|| time cost : 0h 3m 57.71s
********************************************************************************************************************
********************************************************************************************************************
Ground state is obtained after 7 iterations. The current ground-state energy is -58.5104, in which electron energy is -58.5113 and phonon energy is 0.000888692
final variational state is: 
	Gamma_x = [      1,1.00729, 1.0029,1.00729,1.00729,1.00305,1.00002,1.00305, 1.0029,1.00002,1.00358,1.00002,1.00729,1.00305,1.00002,1.00305]
	lambda_q = [  0.537431,  0.293929,  0.131026,  0.293929,  0.293929,  0.134286,0.00820138,  0.134286,  0.131026,0.00820138, -0.102944,0.00820138,  0.293929,  0.134286,0.00820138,  0.134286]
The effective e-e interactions mediated by phonons are: [     3.698,   1.62182,  0.409178,   1.62182,   1.62182,  0.413754,0.00176348,  0.413754,  0.409178,0.00176348,  0.292599,0.00176348,   1.62182,  0.413754,0.00176348,  0.413754]
The real-space interactions mediated by phonons are: [ -12.9583, -5.48796,-0.863547, -2.32962,  -6.6455, -4.08315,-0.863547, -1.25456, -3.15394, -1.25456,-0.863547, -4.08315,  -6.6455, -2.32962,-0.863547, -5.48796]
********************************************************************************************************************
o___o  ----------------------------------------
| L |	Time since last clock: 0h 0m 0s
A===A	Time since the beginning: 0h 17m 22.904s
***********************************************

********************************************************************************************************************
Start warm-up calculation for scaling factor 32
open output files: NGSEDWarmUpW6.4Obs.txt
********************************************************************************************************************
Start the 0 rounds of NGS-ED iteration
	effective electronic model is modified as: kinetic energy t = 0.981473
	                                           effective interaction Vq = [   -3.38056,   -1.37583,  -0.334844,   -1.37583,   -1.37583,  -0.340372,-0.00142528,  -0.340372,  -0.334844,-0.00142528,  -0.234992,-0.00142528,   -1.37583,  -0.340372,-0.00142528,  -0.340372]
	PARPACK diagonalization completed after 60 matrix-vector product operations.
	iteration results: : total energy is -54.339312 | electron energy -54.339757 + phonon energy 0.000445 | electron momentum kIdx = 0
	Nq(0) = 12.25,	Nq(1) = 0.175166,	Nq(2) = 0.193228,	Nq(3) = 0.175166,	Nq(4) = 0.175166,	Nq(5) = 0.210522,	Nq(6) = 0.240453,	Nq(7) = 0.210522,	Nq(8) = 0.193228,	Nq(9) = 0.240453,	Nq(10) = 0.287867,	Nq(11) = 0.240453,	Nq(12) = 0.175166,	Nq(13) = 0.210522,	Nq(14) = 0.240453,	Nq(15) = 0.210522,	Sq(0) = -5.56942e-18,	Sq(1) = 0.461323,	Sq(2) = 0.752307,	Sq(3) = 0.461323,	Sq(4) = 0.461323,	Sq(5) = 0.62231,	Sq(6) = 1.04653,	Sq(7) = 0.62231,	Sq(8) = 0.752307,	Sq(9) = 1.04653,	Sq(10) = 2.54585,	Sq(11) = 1.04653,	Sq(12) = 0.461323,	Sq(13) = 0.62231,	Sq(14) = 1.04653,	Sq(15) = 0.62231,	N(0) = 1.7768,	N(1) = 1.62729,	N(2) = 0.298765,	N(3) = 1.62729,	N(4) = 1.62729,	N(5) = 0.992751,	N(6) = 0.246925,	N(7) = 0.992751,	N(8) = 0.298765,	N(9) = 0.246925,	N(10) = 0.157799,	N(11) = 0.246925,	N(12) = 1.62729,	N(13) = 0.992751,	N(14) = 0.246925,	N(15) = 0.992751,	Delta[s](0) = 0.0848074,	Delta[s](1) = 0.0646227,	Delta[s](2) = 0.0401727,	Delta[s](3) = 0.0646227,	Delta[s](4) = 0.0646227,	Delta[s](5) = 0.047618,	Delta[s](6) = 0.0240719,	Delta[s](7) = 0.047618,	Delta[s](8) = 0.0401727,	Delta[s](9) = 0.0240719,	Delta[s](10) = 0.00404273,	Delta[s](11) = 0.0240719,	Delta[s](12) = 0.0646227,	Delta[s](13) = 0.047618,	Delta[s](14) = 0.0240719,	Delta[s](15) = 0.047618,	Delta[d](0) = 0.34732,	Delta[d](1) = 0.224046,	Delta[d](2) = 0.232169,	Delta[d](3) = 0.224046,	Delta[d](4) = 0.224046,	Delta[d](5) = 0.20693,	Delta[d](6) = 0.152969,	Delta[d](7) = 0.20693,	Delta[d](8) = 0.232169,	Delta[d](9) = 0.152969,	Delta[d](10) = 0.0649622,	Delta[d](11) = 0.152969,	Delta[d](12) = 0.224046,	Delta[d](13) = 0.20693,	Delta[d](14) = 0.152969,	Delta[d](15) = 0.20693,	Delta[s+](0) = 0.653667,	Delta[s+](1) = 0.486187,	Delta[s+](2) = 0.232169,	Delta[s+](3) = 0.486187,	Delta[s+](4) = 0.486187,	Delta[s+](5) = 0.337967,	Delta[s+](6) = 0.145914,	Delta[s+](7) = 0.337967,	Delta[s+](8) = 0.232169,	Delta[s+](9) = 0.145914,	Delta[s+](10) = 0.0451113,	Delta[s+](11) = 0.145914,	Delta[s+](12) = 0.486187,	Delta[s+](13) = 0.337967,	Delta[s+](14) = 0.145914,	Delta[s+](15) = 0.337967
The 0-th iteration is completed.	|| time cost : 0h 4m 3.331s
********************************************************************************************************************
Start the 1 rounds of NGS-ED iteration
	effective electronic model is modified as: kinetic energy t = 0.978104
	                                           effective interaction Vq = [   -3.60974,   -1.46192,  -0.347989,   -1.46192,   -1.46192,  -0.355495,-0.00146382,  -0.355495,  -0.347989,-0.00146382,  -0.239299,-0.00146382,   -1.46192,  -0.355495,-0.00146382,  -0.355495]
	PARPACK diagonalization completed after 45 matrix-vector product operations.
	iteration results: : total energy is -57.166156 | electron energy -57.167765 + phonon energy 0.001608 | electron momentum kIdx = 0
The 1-th iteration is completed.	|| time cost : 0h 0m 24.362s
********************************************************************************************************************
Start the 2 rounds of NGS-ED iteration
	effective electronic model is modified as: kinetic energy t = 0.976724
	                                           effective interaction Vq = [   -3.67346,   -1.49343,  -0.352062,   -1.49343,   -1.49343,  -0.360236,-0.00147426,  -0.360236,  -0.352062,-0.00147426,  -0.240548,-0.00147426,   -1.49343,  -0.360236,-0.00147426,  -0.360236]
	PARPACK diagonalization completed after 45 matrix-vector product operations.
	iteration results: : total energy is -57.949947 | electron energy -57.952364 + phonon energy 0.002417 | electron momentum kIdx = 0
The 2-th iteration is completed.	|| time cost : 0h 0m 24.392s
********************************************************************************************************************
Start the 3 rounds of NGS-ED iteration
	effective electronic model is modified as: kinetic energy t = 0.976171
	                                           effective interaction Vq = [   -3.69118,   -1.50576,  -0.353374,   -1.50576,   -1.50576,  -0.361782,-0.00147717,  -0.361782,  -0.353374,-0.00147717,  -0.240923,-0.00147717,   -1.50576,  -0.361782,-0.00147717,  -0.361782]
	PARPACK diagonalization completed after 45 matrix-vector product operations.
	iteration results: : total energy is -58.167516 | electron energy -58.170352 + phonon energy 0.002837 | electron momentum kIdx = 0
The 3-th iteration is completed.	|| time cost : 0h 0m 24.373s
********************************************************************************************************************
Start the 4 rounds of NGS-ED iteration
	effective electronic model is modified as: kinetic energy t = 0.97595
	                                           effective interaction Vq = [  -3.6961, -1.51075,-0.353805, -1.51075, -1.51075,-0.362293,-0.001478,-0.362293,-0.353805,-0.001478, -0.24104,-0.001478, -1.51075,-0.362293,-0.001478,-0.362293]
	PARPACK diagonalization completed after 45 matrix-vector product operations.
	iteration results: : total energy is -58.227949 | electron energy -58.230980 + phonon energy 0.003030 | electron momentum kIdx = 0
The 4-th iteration is completed.	|| time cost : 0h 0m 24.415s
********************************************************************************************************************
Start the 5 rounds of NGS-ED iteration
	effective electronic model is modified as: kinetic energy t = 0.97586
	                                           effective interaction Vq = [   -3.69747,    -1.5128,  -0.353948,    -1.5128,    -1.5128,  -0.362464,-0.00147824,  -0.362464,  -0.353948,-0.00147824,  -0.241077,-0.00147824,    -1.5128,  -0.362464,-0.00147824,  -0.362464]
	PARPACK diagonalization completed after 45 matrix-vector product operations.
	iteration results: : total energy is -58.244742 | electron energy -58.247857 + phonon energy 0.003115 | electron momentum kIdx = 0
The 5-th iteration is completed.	|| time cost : 0h 0m 24.388s
********************************************************************************************************************
Start the 6 rounds of NGS-ED iteration
	effective electronic model is modified as: kinetic energy t = 0.975824
	                                           effective interaction Vq = [   -3.69785,   -1.51364,  -0.353996,   -1.51364,   -1.51364,  -0.362521,-0.00147832,  -0.362521,  -0.353996,-0.00147832,  -0.241089,-0.00147832,   -1.51364,  -0.362521,-0.00147832,  -0.362521]
	PARPACK diagonalization completed after 30 matrix-vector product operations.
	iteration results: : total energy is -58.249410 | electron energy -58.252560 + phonon energy 0.003151 | electron momentum kIdx = 0
The 6-th iteration is completed.	|| time cost : 0h 0m 21.55s
********************************************************************************************************************
Start the 7 rounds of NGS-ED iteration
	effective electronic model is modified as: kinetic energy t = 0.97581
	                                           effective interaction Vq = [   -3.69796,   -1.51399,  -0.354013,   -1.51399,   -1.51399,   -0.36254,-0.00147834,   -0.36254,  -0.354013,-0.00147834,  -0.241093,-0.00147834,   -1.51399,   -0.36254,-0.00147834,   -0.36254]
	PARPACK diagonalization completed after 30 matrix-vector product operations.
	iteration results: : total energy is -58.250707 | electron energy -58.253873 + phonon energy 0.003166 | electron momentum kIdx = 0
The 7-th iteration is completed.	|| time cost : 0h 0m 21.572s
********************************************************************************************************************
Start the 8 rounds of NGS-ED iteration
	effective electronic model is modified as: kinetic energy t = 0.975804
	                                           effective interaction Vq = [   -3.69799,   -1.51414,  -0.354018,   -1.51414,   -1.51414,  -0.362546,-0.00147834,  -0.362546,  -0.354018,-0.00147834,  -0.241095,-0.00147834,   -1.51414,  -0.362546,-0.00147834,  -0.362546]
	PARPACK diagonalization completed after 30 matrix-vector product operations.
	iteration results: : total energy is -58.251068 | electron energy -58.254240 + phonon energy 0.003172 | electron momentum kIdx = 0
The 8-th iteration is completed.	|| time cost : 0h 0m 21.546s
********************************************************************************************************************
Start the 9 rounds of NGS-ED iteration
	effective electronic model is modified as: kinetic energy t = 0.975801
	                                           effective interaction Vq = [     -3.698,    -1.5142,   -0.35402,    -1.5142,    -1.5142,  -0.362548,-0.00147835,  -0.362548,   -0.35402,-0.00147835,  -0.241095,-0.00147835,    -1.5142,  -0.362548,-0.00147835,  -0.362548]
	PARPACK diagonalization completed after 30 matrix-vector product operations.
	iteration results: : total energy is -58.251168 | electron energy -58.254343 + phonon energy 0.003175 | electron momentum kIdx = 0
	Nq(0) = 12.25,	Nq(1) = 0.177418,	Nq(2) = 0.193437,	Nq(3) = 0.177418,	Nq(4) = 0.177418,	Nq(5) = 0.210443,	Nq(6) = 0.240161,	Nq(7) = 0.210443,	Nq(8) = 0.193437,	Nq(9) = 0.240161,	Nq(10) = 0.287811,	Nq(11) = 0.240161,	Nq(12) = 0.177418,	Nq(13) = 0.210443,	Nq(14) = 0.240161,	Nq(15) = 0.210443,	Sq(0) = -1.11104e-18,	Sq(1) = 0.459815,	Sq(2) = 0.751369,	Sq(3) = 0.459815,	Sq(4) = 0.459815,	Sq(5) = 0.621814,	Sq(6) = 1.04735,	Sq(7) = 0.621814,	Sq(8) = 0.751369,	Sq(9) = 1.04735,	Sq(10) = 2.54456,	Sq(11) = 1.04735,	Sq(12) = 0.459815,	Sq(13) = 0.621814,	Sq(14) = 1.04735,	Sq(15) = 0.621814,	N(0) = 1.77738,	N(1) = 1.62891,	N(2) = 0.29856,	N(3) = 1.62891,	N(4) = 1.62891,	N(5) = 0.991656,	N(6) = 0.246256,	N(7) = 0.991656,	N(8) = 0.29856,	N(9) = 0.246256,	N(10) = 0.158225,	N(11) = 0.246256,	N(12) = 1.62891,	N(13) = 0.991656,	N(14) = 0.246256,	N(15) = 0.991656,	Delta[s](0) = 0.0848088,	Delta[s](1) = 0.064765,	Delta[s](2) = 0.0404353,	Delta[s](3) = 0.064765,	Delta[s](4) = 0.064765,	Delta[s](5) = 0.0478546,	Delta[s](6) = 0.0244283,	Delta[s](7) = 0.0478546,	Delta[s](8) = 0.0404353,	Delta[s](9) = 0.0244283,	Delta[s](10) = 0.00451557,	Delta[s](11) = 0.0244283,	Delta[s](12) = 0.064765,	Delta[s](13) = 0.0478546,	Delta[s](14) = 0.0244283,	Delta[s](15) = 0.0478546,	Delta[d](0) = 0.367841,	Delta[d](1) = 0.236281,	Delta[d](2) = 0.244052,	Delta[d](3) = 0.236281,	Delta[d](4) = 0.236281,	Delta[d](5) = 0.21786,	Delta[d](6) = 0.160891,	Delta[d](7) = 0.21786,	Delta[d](8) = 0.244052,	Delta[d](9) = 0.160891,	Delta[d](10) = 0.0689231,	Delta[d](11) = 0.160891,	Delta[d](12) = 0.236281,	Delta[d](13) = 0.21786,	Delta[d](14) = 0.160891,	Delta[d](15) = 0.21786,	Delta[s+](0) = 0.68589,	Delta[s+](1) = 0.510147,	Delta[s+](2) = 0.244052,	Delta[s+](3) = 0.510147,	Delta[s+](4) = 0.510147,	Delta[s+](5) = 0.354512,	Delta[s+](6) = 0.153385,	Delta[s+](7) = 0.354512,	Delta[s+](8) = 0.244052,	Delta[s+](9) = 0.153385,	Delta[s+](10) = 0.0477331,	Delta[s+](11) = 0.153385,	Delta[s+](12) = 0.510147,	Delta[s+](13) = 0.354512,	Delta[s+](14) = 0.153385,	Delta[s+](15) = 0.354512
The 9-th iteration is completed.	|| time cost : 0h 3m 58.247s
********************************************************************************************************************
********************************************************************************************************************
Ground state is obtained after 10 iterations. The current ground-state energy is -58.2512, in which electron energy is -58.2543 and phonon energy is 0.00317484
final variational state is: 
	Gamma_x = [      1,1.02035,1.00678,1.02035,1.02035,1.00732,1.00004,1.00732,1.00678,1.00004,1.00759,1.00004,1.02035,1.00732,1.00004,1.00732]
	lambda_q = [   0.75977,  0.350741,  0.142704,  0.350741,  0.350741,  0.148271,0.00864948,  0.148271,  0.142704,0.00864948,  -0.10676,0.00864948,  0.350741,  0.148271,0.00864948,  0.148271]
The effective e-e interactions mediated by phonons are: [     3.698,   1.51422,  0.354021,   1.51422,   1.51422,  0.362549,0.00147835,  0.362549,  0.354021,0.00147835,  0.241095,0.00147835,   1.51422,  0.362549,0.00147835,  0.362549]
The real-space interactions mediated by phonons are: [-12.1601,-5.40032,-1.02358,-2.44544,-6.48239,-4.08282,-1.02358,-1.44733,-3.19694,-1.44733,-1.02358,-4.08282,-6.48239,-2.44544,-1.02358,-5.40032]
********************************************************************************************************************
o___o  ----------------------------------------
| L |	Time since last clock: 0h 0m 0s
A===A	Time since the beginning: 0h 28m 31.087s
***********************************************

********************************************************************************************************************
Start warm-up calculation for scaling factor 16
open output files: NGSEDWarmUpW3.2Obs.txt
********************************************************************************************************************
Start the 0 rounds of NGS-ED iteration
	effective electronic model is modified as: kinetic energy t = 0.9758
	                                           effective interaction Vq = [   -3.38002,   -1.23378,  -0.277323,   -1.23378,   -1.23378,  -0.285501,-0.00114451,  -0.285501,  -0.277323,-0.00114451,  -0.185588,-0.00114451,   -1.23378,  -0.285501,-0.00114451,  -0.285501]
	PARPACK diagonalization completed after 60 matrix-vector product operations.
	iteration results: : total energy is -54.051498 | electron energy -54.053086 + phonon energy 0.001588 | electron momentum kIdx = 0
	Nq(0) = 12.25,	Nq(1) = 0.171939,	Nq(2) = 0.190659,	Nq(3) = 0.171939,	Nq(4) = 0.171939,	Nq(5) = 0.207824,	Nq(6) = 0.238121,	Nq(7) = 0.207824,	Nq(8) = 0.190659,	Nq(9) = 0.238121,	Nq(10) = 0.283841,	Nq(11) = 0.238121,	Nq(12) = 0.171939,	Nq(13) = 0.207824,	Nq(14) = 0.238121,	Nq(15) = 0.207824,	Sq(0) = -6.48896e-18,	Sq(1) = 0.462149,	Sq(2) = 0.755197,	Sq(3) = 0.462149,	Sq(4) = 0.462149,	Sq(5) = 0.623906,	Sq(6) = 1.05184,	Sq(7) = 0.623906,	Sq(8) = 0.755197,	Sq(9) = 1.05184,	Sq(10) = 2.55131,	Sq(11) = 1.05184,	Sq(12) = 0.462149,	Sq(13) = 0.623906,	Sq(14) = 1.05184,	Sq(15) = 0.623906,	N(0) = 1.77104,	N(1) = 1.61829,	N(2) = 0.306182,	N(3) = 1.61829,	N(4) = 1.61829,	N(5) = 0.993525,	N(6) = 0.252059,	N(7) = 0.993525,	N(8) = 0.306182,	N(9) = 0.252059,	N(10) = 0.161097,	N(11) = 0.252059,	N(12) = 1.61829,	N(13) = 0.993525,	N(14) = 0.252059,	N(15) = 0.993525,	Delta[s](0) = 0.0821102,	Delta[s](1) = 0.0626103,	Delta[s](2) = 0.0391057,	Delta[s](3) = 0.0626103,	Delta[s](4) = 0.0626103,	Delta[s](5) = 0.0460732,	Delta[s](6) = 0.023501,	Delta[s](7) = 0.0460732,	Delta[s](8) = 0.0391057,	Delta[s](9) = 0.023501,	Delta[s](10) = 0.00428919,	Delta[s](11) = 0.023501,	Delta[s](12) = 0.0626103,	Delta[s](13) = 0.0460732,	Delta[s](14) = 0.023501,	Delta[s](15) = 0.0460732,	Delta[d](0) = 0.374603,	Delta[d](1) = 0.247067,	Delta[d](2) = 0.254392,	Delta[d](3) = 0.247067,	Delta[d](4) = 0.247067,	Delta[d](5) = 0.227321,	Delta[d](6) = 0.168832,	Delta[d](7) = 0.227321,	Delta[d](8) = 0.254392,	Delta[d](9) = 0.168832,	Delta[d](10) = 0.0719952,	Delta[d](11) = 0.168832,	Delta[d](12) = 0.247067,	Delta[d](13) = 0.227321,	Delta[d](14) = 0.168832,	Delta[d](15) = 0.227321,	Delta[s+](0) = 0.709797,	Delta[s+](1) = 0.528367,	Delta[s+](2) = 0.254392,	Delta[s+](3) = 0.528367,	Delta[s+](4) = 0.528367,	Delta[s+](5) = 0.368213,	Delta[s+](6) = 0.16063,	Delta[s+](7) = 0.368213,	Delta[s+](8) = 0.254392,	Delta[s+](9) = 0.16063,	Delta[s+](10) = 0.0505621,	Delta[s+](11) = 0.16063,	Delta[s+](12) = 0.528367,	Delta[s+](13) = 0.368213,	Delta[s+](14) = 0.16063,	Delta[s+](15) = 0.368213
The 0-th iteration is completed.	|| time cost : 0h 4m 3.41s
********************************************************************************************************************
Start the 1 rounds of NGS-ED iteration
	effective electronic model is modified as: kinetic energy t = 0.975398
	                                           effective interaction Vq = [   -3.53033,   -1.25979,  -0.273053,   -1.25979,   -1.25979,  -0.283203,-0.00110836,  -0.283203,  -0.273053,-0.00110836,  -0.177628,-0.00110836,   -1.25979,  -0.283203,-0.00110836,  -0.283203]
	PARPACK diagonalization completed after 45 matrix-vector product operations.
	iteration results: : total energy is -55.896030 | electron energy -55.899525 + phonon energy 0.003494 | electron momentum kIdx = 0
The 1-th iteration is completed.	|| time cost : 0h 0m 24.447s
********************************************************************************************************************
Start the 2 rounds of NGS-ED iteration
	effective electronic model is modified as: kinetic energy t = 0.97505
	                                           effective interaction Vq = [   -3.60959,   -1.27529,  -0.271412,   -1.27529,   -1.27529,  -0.282344,-0.00109474,  -0.282344,  -0.271412,-0.00109474,  -0.174942,-0.00109474,   -1.27529,  -0.282344,-0.00109474,  -0.282344]
	PARPACK diagonalization completed after 45 matrix-vector product operations.
	iteration results: : total energy is -56.868029 | electron energy -56.872982 + phonon energy 0.004953 | electron momentum kIdx = 0
The 2-th iteration is completed.	|| time cost : 0h 0m 24.403s
********************************************************************************************************************
Start the 3 rounds of NGS-ED iteration
	effective electronic model is modified as: kinetic energy t = 0.974801
	                                           effective interaction Vq = [   -3.65138,   -1.28459,  -0.270808,   -1.28459,   -1.28459,  -0.282047,-0.00108969,  -0.282047,  -0.270808,-0.00108969,  -0.174061,-0.00108969,   -1.28459,  -0.282047,-0.00108969,  -0.282047]
	PARPACK diagonalization completed after 45 matrix-vector product operations.
	iteration results: : total energy is -57.380372 | electron energy -57.386308 + phonon energy 0.005936 | electron momentum kIdx = 0
The 3-th iteration is completed.	|| time cost : 0h 0m 24.35s
********************************************************************************************************************
Start the 4 rounds of NGS-ED iteration
	effective electronic model is modified as: kinetic energy t = 0.974636
	                                           effective interaction Vq = [   -3.67342,   -1.29018,    -0.2706,   -1.29018,   -1.29018,  -0.281959,-0.00108783,  -0.281959,    -0.2706,-0.00108783,  -0.173782,-0.00108783,   -1.29018,  -0.281959,-0.00108783,  -0.281959]
	PARPACK diagonalization completed after 45 matrix-vector product operations.
	iteration results: : total energy is -57.650463 | electron energy -57.657028 + phonon energy 0.006565 | electron momentum kIdx = 0
The 4-th iteration is completed.	|| time cost : 0h 0m 24.382s
********************************************************************************************************************
Start the 5 rounds of NGS-ED iteration
	effective electronic model is modified as: kinetic energy t = 0.97453
	                                           effective interaction Vq = [   -3.68504,   -1.29356,  -0.270537,   -1.29356,   -1.29356,  -0.281942,-0.00108715,  -0.281942,  -0.270537,-0.00108715,  -0.173699,-0.00108715,   -1.29356,  -0.281942,-0.00108715,  -0.281942]
	PARPACK diagonalization completed after 45 matrix-vector product operations.
	iteration results: : total energy is -57.792858 | electron energy -57.799816 + phonon energy 0.006957 | electron momentum kIdx = 0
The 5-th iteration is completed.	|| time cost : 0h 0m 24.363s
********************************************************************************************************************
Start the 6 rounds of NGS-ED iteration
	effective electronic model is modified as: kinetic energy t = 0.974464
	                                           effective interaction Vq = [   -3.69117,   -1.29561,  -0.270523,   -1.29561,   -1.29561,  -0.281947,-0.00108692,  -0.281947,  -0.270523,-0.00108692,  -0.173677,-0.00108692,   -1.29561,  -0.281947,-0.00108692,  -0.281947]
	PARPACK diagonalization completed after 45 matrix-vector product operations.
	iteration results: : total energy is -57.867934 | electron energy -57.875133 + phonon energy 0.007199 | electron momentum kIdx = 0
The 6-th iteration is completed.	|| time cost : 0h 0m 24.379s
********************************************************************************************************************
Start the 7 rounds of NGS-ED iteration
	effective electronic model is modified as: kinetic energy t = 0.974424
	                                           effective interaction Vq = [    -3.6944,   -1.29685,  -0.270525,   -1.29685,   -1.29685,  -0.281955,-0.00108684,  -0.281955,  -0.270525,-0.00108684,  -0.173674,-0.00108684,   -1.29685,  -0.281955,-0.00108684,  -0.281955]
	PARPACK diagonalization completed after 30 matrix-vector product operations.
	iteration results: : total energy is -57.907518 | electron energy -57.914864 + phonon energy 0.007346 | electron momentum kIdx = 0
The 7-th iteration is completed.	|| time cost : 0h 0m 21.586s
********************************************************************************************************************
Start the 8 rounds of NGS-ED iteration
	effective electronic model is modified as: kinetic energy t = 0.974399
	                                           effective interaction Vq = [    -3.6961,    -1.2976,   -0.27053,    -1.2976,    -1.2976,  -0.281962,-0.00108681,  -0.281962,   -0.27053,-0.00108681,  -0.173675,-0.00108681,    -1.2976,  -0.281962,-0.00108681,  -0.281962]
	PARPACK diagonalization completed after 30 matrix-vector product operations.
	iteration results: : total energy is -57.928389 | electron energy -57.935825 + phonon energy 0.007436 | electron momentum kIdx = 0
The 8-th iteration is completed.	|| time cost : 0h 0m 21.569s
********************************************************************************************************************
Start the 9 rounds of NGS-ED iteration
	effective electronic model is modified as: kinetic energy t = 0.974383
	                                           effective interaction Vq = [    -3.697,  -1.29805, -0.270534,  -1.29805,  -1.29805, -0.281967,-0.0010868, -0.281967, -0.270534,-0.0010868, -0.173676,-0.0010868,  -1.29805, -0.281967,-0.0010868, -0.281967]
	PARPACK diagonalization completed after 30 matrix-vector product operations.
	iteration results: : total energy is -57.939394 | electron energy -57.946884 + phonon energy 0.007490 | electron momentum kIdx = 0
The 9-th iteration is completed.	|| time cost : 0h 0m 21.586s
********************************************************************************************************************
Start the 10 rounds of NGS-ED iteration
	effective electronic model is modified as: kinetic energy t = 0.974374
	                                           effective interaction Vq = [  -3.69747,  -1.29833, -0.270537,  -1.29833,  -1.29833,  -0.28197,-0.0010868,  -0.28197, -0.270537,-0.0010868, -0.173678,-0.0010868,  -1.29833,  -0.28197,-0.0010868,  -0.28197]
	PARPACK diagonalization completed after 30 matrix-vector product operations.
	iteration results: : total energy is -57.945196 | electron energy -57.952719 + phonon energy 0.007523 | electron momentum kIdx = 0
