SNEDics v3.22.2 Non-Gaussian ED ground state program		Start at Sun Feb  6 12:14:25 2022

Parallelization: 32 MPI threads  * 8 OpenMP threads = 256 total threads.
********************************************************************************************************************
********************************************************************************************************************

********************************************************************************************************************
System parameters and configurations
	special program options are enabled: splitted diagonal Hamiltonian | splitted Hamiltonian terms
********************************************************************************************************************
Read input file "model_params.in"
	Hubbard-Holstein model parameters : 	t = 1    t' = -0.3    U = 8    g = 0.25    W = 0.2    
********************************************************************************************************************
Read input file "hilbertspace_params.in"
	Requested 16-site 2D lattice, with 4 electrons (2, 2)
	Boundary : Periodic		Hilbert space representation : momentum-space (restricted to kIdx = 10)
	Conservation: particle number[U(1)]      spin[U(1)]     momentum
********************************************************************************************************************

Cluster Positions:				Cluster symmetry group : D4
 x ... x ... x ... x .....                       x ... x ... x ... x .....
 |           |           :                       |           |           :
 |           |           :                       |           |           :
12    13    14    15     x                       1     5     6     5     x
 |           |           :                       |           |           :
 |           |           :                       |           |           :
 8 --- 9 ---10 ---11 --- x                       2 --- 6 ---10 --- 6 --- x
 |           |           :                       |           |           :
 |           |           :                       |           |           :
 4     5     6     7     x                       1     5     6     5     x
 |           |           :                       |           |           :
 |           |           :                       |           |           :
 0 --- 1 --- 2 --- 3 --- x                       0 --- 1 --- 2 --- 1 --- x
orbital number : 1
********************************************************************************************************************
Read input file "obs_params.in"
	Observable Type : Nq(All),   Sq(All),   N(All-Orbital),   Delta[s](All),   Delta[d](All),   Delta[s+](All)
** WARNING ** the input observables have non-local factors which have been reinterpreted. The total observable number is 96
********************************************************************************************************************


********************************************************************************************************************
Start calculating the non-Gaussian ED ground state
Maximal iteration number is 1000; energy resolution is 1e-06. Phonon state relaxation time is 2000
W = 0.2 is relatively large. The non-Gaussian ED calculation starts directly.
open output files: NGSED_iteration_observables.txt
********************************************************************************************************************
Start the 0 rounds of NGS-ED iteration
	effective electronic model is modified as: kinetic energy t = 1, t' = -0.3
	                                           effective interaction Vq = [0,0,0,0,0,0,0,0,0,0,0,0,0,0,0,0]
	first Hamiltonian is constructed, size = 912 and non-zero numbers = 50052
	PARPACK diagonalization completed after 120 matrix-vector product operations.
	iteration results: : total energy is -7.809175 | electron energy -7.809175 + phonon energy 0.000000 | electron momentum kIdx = 10
	Nq(0) = 1,	Nq(1) = 0.152232,	Nq(2) = 0.153945,	Nq(3) = 0.152232,	Nq(4) = 0.152232,	Nq(5) = 0.248216,	
	Nq(6) = 0.232111,	Nq(7) = 0.248216,	Nq(8) = 0.153945,	Nq(9) = 0.232111,	Nq(10) = 0.174012,	
	Nq(11) = 0.232111,	Nq(12) = 0.152232,	Nq(13) = 0.248216,	Nq(14) = 0.232111,	Nq(15) = 0.248216;	
	Sq(0) = 0,	Sq(1) = 0.325072,	Sq(2) = 0.183171,	Sq(3) = 0.325072,	Sq(4) = 0.325072,	
	Sq(5) = 0.261932,	Sq(6) = 0.237667,	Sq(7) = 0.261932,	Sq(8) = 0.183171,	Sq(9) = 0.237667,	
	Sq(10) = 0.322837,	Sq(11) = 0.237667,	Sq(12) = 0.325072,	Sq(13) = 0.261932,	Sq(14) = 0.237667,	
	Sq(15) = 0.261932;	N(0) = 1.48386,	N(1) = 0.231704,	N(2) = 0.775447,	N(3) = 0.231704,	
	N(4) = 0.231704,	N(5) = 0.00826811,	N(6) = 0.00125673,	N(7) = 0.00826811,	N(8) = 0.775447,	
	N(9) = 0.00125673,	N(10) = 0.00033311,	N(11) = 0.00125673,	N(12) = 0.231704,	N(13) = 0.00826811,	
	N(14) = 0.00125673,	N(15) = 0.00826811;	Delta[s](0) = 0.00253236,	Delta[s](1) = 0.000518067,	Delta[s](2) = 9.53226e-05,	
	Delta[s](3) = 0.000518067,	Delta[s](4) = 0.000518067,	Delta[s](5) = 2.75372e-05,	Delta[s](6) = 0.00028812,	Delta[s](7) = 2.75372e-05,	
	Delta[s](8) = 9.53226e-05,	Delta[s](9) = 0.00028812,	Delta[s](10) = 1.02439e-05,	Delta[s](11) = 0.00028812,	Delta[s](12) = 0.000518067,	
	Delta[s](13) = 2.75372e-05,	Delta[s](14) = 0.00028812,	Delta[s](15) = 2.75372e-05;	Delta[d](0) = 4.68017e-05,	Delta[d](1) = 0.00318008,	
	Delta[d](2) = 0.0570641,	Delta[d](3) = 0.00318008,	Delta[d](4) = 0.00318008,	Delta[d](5) = 0.000703658,	Delta[d](6) = 0.015577,	
	Delta[d](7) = 0.000703658,	Delta[d](8) = 0.0570641,	Delta[d](9) = 0.015577,	Delta[d](10) = 0.299465,	Delta[d](11) = 0.015577,	
	Delta[d](12) = 0.00318008,	Delta[d](13) = 0.000703658,	Delta[d](14) = 0.015577,	Delta[d](15) = 0.000703658;	Delta[s+](0) = 0.077068,	
	Delta[s+](1) = 0.0136479,	Delta[s+](2) = 0.0570641,	Delta[s+](3) = 0.0136479,	Delta[s+](4) = 0.0136479,	Delta[s+](5) = 0.000575917,	
	Delta[s+](6) = 0.00369007,	Delta[s+](7) = 0.000575917,	Delta[s+](8) = 0.0570641,	Delta[s+](9) = 0.00369007,	Delta[s+](10) = 0.000379382,	
	Delta[s+](11) = 0.00369007,	Delta[s+](12) = 0.0136479,	Delta[s+](13) = 0.000575917,	Delta[s+](14) = 0.00369007,	Delta[s+](15) = 0.000575917
	
The 0-th iteration is completed.	|| time cost : 0h 0m 0.615s
********************************************************************************************************************
Start the 1 rounds of NGS-ED iteration
	effective electronic model is modified as: kinetic energy t = 0.990914, t' = -0.296625
	                                           effective interaction Vq = [   -0.3125,-0.0677739,-0.0366541,-0.0677739,-0.0677739,-0.0585398,-0.0377966,-0.0585398,-0.0366541,-0.0377966,-0.0217923,-0.0377966,-0.0677739,-0.0585398,-0.0377966,-0.0585398]
	PARPACK diagonalization completed after 30 matrix-vector product operations.
	iteration results: : total energy is -8.197879 | electron energy -8.199748 + phonon energy 0.001869 | electron momentum kIdx = 10
The 1-th iteration is completed.	|| time cost : 0h 0m 0.548s
********************************************************************************************************************
Start the 2 rounds of NGS-ED iteration
	effective electronic model is modified as: kinetic energy t = 0.990899, t' = -0.296612
	                                           effective interaction Vq = [   -0.3125,-0.0681248,-0.0364936,-0.0681248,-0.0681248,-0.0586187,-0.0377091,-0.0586187,-0.0364936,-0.0377091,-0.0216299,-0.0377091,-0.0681248,-0.0586187,-0.0377091,-0.0586187]
	PARPACK diagonalization completed after 30 matrix-vector product operations.
	iteration results: : total energy is -8.197880 | electron energy -8.199759 + phonon energy 0.001879 | electron momentum kIdx = 10
The 2-th iteration is completed.	|| time cost : 0h 0m 0.539s
********************************************************************************************************************
Start the 3 rounds of NGS-ED iteration
	effective electronic model is modified as: kinetic energy t = 0.990899, t' = -0.296612
	                                           effective interaction Vq = [   -0.3125,  -0.06813,-0.0364915,  -0.06813,  -0.06813, -0.058619,-0.0377081, -0.058619,-0.0364915,-0.0377081,-0.0216281,-0.0377081,  -0.06813, -0.058619,-0.0377081, -0.058619]
	PARPACK diagonalization completed after 30 matrix-vector product operations.
	iteration results: : total energy is -8.197880 | electron energy -8.199759 + phonon energy 0.001880 | electron momentum kIdx = 10
The 3-th iteration is completed.	|| time cost : 0h 0m 0.558s
********************************************************************************************************************
Start the 4 rounds of NGS-ED iteration
	effective electronic model is modified as: kinetic energy t = 0.990899, t' = -0.296612
	                                           effective interaction Vq = [   -0.3125,-0.0681301,-0.0364915,-0.0681301,-0.0681301, -0.058619,-0.0377081, -0.058619,-0.0364915,-0.0377081,-0.0216281,-0.0377081,-0.0681301, -0.058619,-0.0377081, -0.058619]
	PARPACK diagonalization completed after 30 matrix-vector product operations.
	iteration results: : total energy is -8.197880 | electron energy -8.199759 + phonon energy 0.001880 | electron momentum kIdx = 10
	Nq(0) = 1,	Nq(1) = 0.153142,	Nq(2) = 0.153258,	Nq(3) = 0.153142,	Nq(4) = 0.153142,	Nq(5) = 0.248576,	
	Nq(6) = 0.231561,	Nq(7) = 0.248576,	Nq(8) = 0.153258,	Nq(9) = 0.231561,	Nq(10) = 0.172664,	
	Nq(11) = 0.231561,	Nq(12) = 0.153142,	Nq(13) = 0.248576,	Nq(14) = 0.231561,	Nq(15) = 0.248576;	
	Sq(0) = 0,	Sq(1) = 0.325101,	Sq(2) = 0.182826,	Sq(3) = 0.325101,	Sq(4) = 0.325101,	
	Sq(5) = 0.261294,	Sq(6) = 0.238259,	Sq(7) = 0.261294,	Sq(8) = 0.182826,	Sq(9) = 0.238259,	
	Sq(10) = 0.323438,	Sq(11) = 0.238259,	Sq(12) = 0.325101,	Sq(13) = 0.261294,	Sq(14) = 0.238259,	
	Sq(15) = 0.261294;	N(0) = 1.48957,	N(1) = 0.228881,	N(2) = 0.778712,	N(3) = 0.228881,	
	N(4) = 0.228881,	N(5) = 0.00794637,	N(6) = 0.00133706,	N(7) = 0.00794637,	N(8) = 0.778712,	
	N(9) = 0.00133706,	N(10) = 0.000344951,	N(11) = 0.00133706,	N(12) = 0.228881,	N(13) = 0.00794637,	
	N(14) = 0.00133706,	N(15) = 0.00794637;	Delta[s](0) = 0.00258743,	Delta[s](1) = 0.000515018,	Delta[s](2) = 0.000108354,	
	Delta[s](3) = 0.000515018,	Delta[s](4) = 0.000515018,	Delta[s](5) = 2.7671e-05,	Delta[s](6) = 0.000290522,	Delta[s](7) = 2.7671e-05,	
	Delta[s](8) = 0.000108354,	Delta[s](9) = 0.000290522,	Delta[s](10) = 1.03582e-05,	Delta[s](11) = 0.000290522,	Delta[s](12) = 0.000515018,	
	Delta[s](13) = 2.7671e-05,	Delta[s](14) = 0.000290522,	Delta[s](15) = 2.7671e-05;	Delta[d](0) = 4.5291e-05,	Delta[d](1) = 0.00314201,	
	Delta[d](2) = 0.0574673,	Delta[d](3) = 0.00314201,	Delta[d](4) = 0.00314201,	Delta[d](5) = 0.000698,	Delta[d](6) = 0.015515,	
	Delta[d](7) = 0.000698,	Delta[d](8) = 0.0574673,	Delta[d](9) = 0.015515,	Delta[d](10) = 0.303963,	Delta[d](11) = 0.015515,	
	Delta[d](12) = 0.00314201,	Delta[d](13) = 0.000698,	Delta[d](14) = 0.015515,	Delta[d](15) = 0.000698;	Delta[s+](0) = 0.0781232,	
	Delta[s+](1) = 0.0135186,	Delta[s+](2) = 0.0574673,	Delta[s+](3) = 0.0135186,	Delta[s+](4) = 0.0135186,	Delta[s+](5) = 0.00056774,	
	Delta[s+](6) = 0.00370869,	Delta[s+](7) = 0.00056774,	Delta[s+](8) = 0.0574673,	Delta[s+](9) = 0.00370869,	Delta[s+](10) = 0.000388989,	
	Delta[s+](11) = 0.00370869,	Delta[s+](12) = 0.0135186,	Delta[s+](13) = 0.00056774,	Delta[s+](14) = 0.00370869,	Delta[s+](15) = 0.00056774
	
The 4-th iteration is completed.	|| time cost : 0h 0m 0.582s
********************************************************************************************************************
********************************************************************************************************************
Ground state is obtained after 5 iterations. The current ground-state energy is -8.19788, in which electron energy is -8.19976 and phonon energy is 0.00187954
Final variational state is: 
	Gamma_x = [      1,1.05016,1.02746,1.05016,1.05016,1.07146,1.04315,1.07146,1.02746,1.04315,1.01851,1.04315,1.05016,1.07146,1.04315,1.07146]
	lambda_q = [     1.25, 0.144627,0.0752478, 0.144627, 0.144627, 0.123321,0.0778399, 0.123321,0.0752478,0.0778399,0.0440316,0.0778399, 0.144627, 0.123321,0.0778399, 0.123321]
Effective e-e interactions mediated by phonons are:
	momentum-space Vq = [   -0.3125,-0.0681301,-0.0364915,-0.0681301,-0.0681301, -0.058619,-0.0377081, -0.058619,-0.0364915,-0.0377081,-0.0216281,-0.0377081,-0.0681301, -0.058619,-0.0377081, -0.058619]
	real-space Vr = [-0.0665588,-0.0219822,-0.0107897,-0.0219822,-0.0219822,-0.0163216,-0.0143767,-0.0163216,-0.0107897,-0.0143767,-0.0136396,-0.0143767,-0.0219822,-0.0163216,-0.0143767,-0.0163216]
********************************************************************************************************************
o___o  ----------------------------------------
| L |	Time since last clock: 0h 0m 0.005s
A===A	Time since the beginning: 0h 0m 2.85s
***********************************************


Non-Gaussina ED ground state calculation is completed. The final ground-state energy is -8.19788
********************************************************************************************************************
o___o  ----------------------------------------
| L |	Time since last clock: 0h 0m 0.002s
A===A	Time since the beginning: 0h 0m 2.853s
***********************************************



********************************************************************************************************************
All non-Gaussian ED ground state calculations have been completed. Exit now.
