SNEDics v3.22.2 Non-Gaussian ED ground state program		Start at Thu Jun  9 20:26:02 2022

Parallelization: 32 MPI threads  * 8 OpenMP threads = 256 total threads.
********************************************************************************************************************
********************************************************************************************************************

********************************************************************************************************************
System parameters and configurations
	special program options are enabled: splitted diagonal Hamiltonian | splitted Hamiltonian terms
********************************************************************************************************************
Read input file "model_params.in"
	Hubbard-Holstein model parameters : 	t = 1    t' = -0.3    U = 8    g = 0.7    W = 0.2    g' = 0.05    
********************************************************************************************************************
Read input file "hilbertspace_params.in"
	Requested 16-site 2D lattice, with 12 electrons (6, 6)
	Boundary : Periodic		Hilbert space representation : momentum-space (restricted to kIdx = 0)
	Conservation: particle number[U(1)]      spin[U(1)]     momentum
********************************************************************************************************************

Cluster Positions:				Cluster symmetry group : D4
 x ... x ... x ... x .....                       x ... x ... x ... x .....
 |           |           :                       |           |           :
 |           |           :                       |           |           :
12    13    14    15     x                       1     5     6     5     x
 |           |           :                       |           |           :
 |           |           :                       |           |           :
 8 --- 9 ---10 ---11 --- x                       2 --- 6 ---10 --- 6 --- x
 |           |           :                       |           |           :
 |           |           :                       |           |           :
 4     5     6     7     x                       1     5     6     5     x
 |           |           :                       |           |           :
 |           |           :                       |           |           :
 0 --- 1 --- 2 --- 3 --- x                       0 --- 1 --- 2 --- 1 --- x
orbital number : 1
********************************************************************************************************************
Read input file "obs_params.in"
	Observable Type : Nq(All),   Sq(All),   N(All-Orbital),   Delta[s](All),   Delta[d](All),   Delta[s+](All)
** WARNING ** the input observables have non-local factors which have been reinterpreted. The total observable number is 96
********************************************************************************************************************


********************************************************************************************************************
Start calculating the non-Gaussian ED ground state
Maximal iteration number is 1000; energy resolution is 1e-06. Phonon state relaxation time is 2000
W = 0.2 is relatively large. The non-Gaussian ED calculation starts directly.
open output files: NGSED_iteration_observables.txt
********************************************************************************************************************
Start the 0 rounds of NGS-ED iteration
	effective electronic model is modified as: kinetic energy t = 1, t' = -0.3
	                                           effective interaction Vq = [0,0,0,0,0,0,0,0,0,0,0,0,0,0,0,0]
	first Hamiltonian is constructed, size = 4008592 and non-zero numbers = 969952250
	PARPACK diagonalization completed after 135 matrix-vector product operations.
	iteration results: : total energy is -15.091341 | electron energy -15.091341 + phonon energy 0.000000 | electron momentum kIdx = 0
	Nq(0) = 9,	Nq(1) = 0.182775,	Nq(2) = 0.248843,	Nq(3) = 0.182775,	Nq(4) = 0.182775,	Nq(5) = 0.263236,	
	Nq(6) = 0.307436,	Nq(7) = 0.263236,	Nq(8) = 0.248843,	Nq(9) = 0.307436,	Nq(10) = 0.356784,	
	Nq(11) = 0.307436,	Nq(12) = 0.182775,	Nq(13) = 0.263236,	Nq(14) = 0.307436,	Nq(15) = 0.263236;	
	Sq(0) = 2.57275e-18,	Sq(1) = 0.523525,	Sq(2) = 0.451304,	Sq(3) = 0.523525,	Sq(4) = 0.523525,	
	Sq(5) = 0.707557,	Sq(6) = 1.00669,	Sq(7) = 0.707557,	Sq(8) = 0.451304,	Sq(9) = 1.00669,	
	Sq(10) = 1.27807,	Sq(11) = 1.00669,	Sq(12) = 0.523525,	Sq(13) = 0.707557,	Sq(14) = 1.00669,	
	Sq(15) = 0.707557;	N(0) = 1.72657,	N(1) = 1.59708,	N(2) = 1.0703,	N(3) = 1.59708,	
	N(4) = 1.59708,	N(5) = 0.264255,	N(6) = 0.153085,	N(7) = 0.264255,	N(8) = 1.0703,	
	N(9) = 0.153085,	N(10) = 0.0751403,	N(11) = 0.153085,	N(12) = 1.59708,	N(13) = 0.264255,	
	N(14) = 0.153085,	N(15) = 0.264255;	Delta[s](0) = 0.0587264,	Delta[s](1) = 0.04,	Delta[s](2) = 0.0325005,	
	Delta[s](3) = 0.04,	Delta[s](4) = 0.04,	Delta[s](5) = 0.023274,	Delta[s](6) = 0.0133594,	Delta[s](7) = 0.023274,	
	Delta[s](8) = 0.0325005,	Delta[s](9) = 0.0133594,	Delta[s](10) = 0.00386731,	Delta[s](11) = 0.0133594,	Delta[s](12) = 0.04,	
	Delta[s](13) = 0.023274,	Delta[s](14) = 0.0133594,	Delta[s](15) = 0.023274;	Delta[d](0) = 0.51642,	Delta[d](1) = 0.255825,	
	Delta[d](2) = 0.261659,	Delta[d](3) = 0.255825,	Delta[d](4) = 0.255825,	Delta[d](5) = 0.143163,	Delta[d](6) = 0.158621,	
	Delta[d](7) = 0.143163,	Delta[d](8) = 0.261659,	Delta[d](9) = 0.158621,	Delta[d](10) = 0.111607,	Delta[d](11) = 0.158621,	
	Delta[d](12) = 0.255825,	Delta[d](13) = 0.143163,	Delta[d](14) = 0.158621,	Delta[d](15) = 0.143163;	Delta[s+](0) = 0.507757,	
	Delta[s+](1) = 0.350031,	Delta[s+](2) = 0.261659,	Delta[s+](3) = 0.350031,	Delta[s+](4) = 0.350031,	Delta[s+](5) = 0.155824,	
	Delta[s+](6) = 0.0676302,	Delta[s+](7) = 0.155824,	Delta[s+](8) = 0.261659,	Delta[s+](9) = 0.0676302,	Delta[s+](10) = 0.0149079,	
	Delta[s+](11) = 0.0676302,	Delta[s+](12) = 0.350031,	Delta[s+](13) = 0.155824,	Delta[s+](14) = 0.0676302,	Delta[s+](15) = 0.155824
	
The 0-th iteration is completed.	|| time cost : 0h 2m 3.011s
********************************************************************************************************************
Start the 1 rounds of NGS-ED iteration
	effective electronic model is modified as: kinetic energy t = 0.971621, t' = -0.288145
	                                           effective interaction Vq = [     -4.05, -0.564444, -0.266824, -0.564444, -0.564444, -0.302086, -0.155378, -0.302086, -0.266824, -0.155378,-0.0894404, -0.155378, -0.564444, -0.302086, -0.155378, -0.302086]
	PARPACK diagonalization completed after 60 matrix-vector product operations.
	iteration results: : total energy is -52.011596 | electron energy -52.107846 + phonon energy 0.096250 | electron momentum kIdx = 0
The 1-th iteration is completed.	|| time cost : 0h 1m 20.142s
********************************************************************************************************************
Start the 2 rounds of NGS-ED iteration
	effective electronic model is modified as: kinetic energy t = 0.970048, t' = -0.28723
	                                           effective interaction Vq = [     -4.05, -0.622209, -0.263362, -0.622209, -0.622209, -0.309261, -0.153447, -0.309261, -0.263362, -0.153447,-0.0877498, -0.153447, -0.622209, -0.309261, -0.153447, -0.309261]
	PARPACK diagonalization completed after 45 matrix-vector product operations.
	iteration results: : total energy is -52.012843 | electron energy -52.125494 + phonon energy 0.112651 | electron momentum kIdx = 0
The 2-th iteration is completed.	|| time cost : 0h 0m 11.483s
********************************************************************************************************************
Start the 3 rounds of NGS-ED iteration
	effective electronic model is modified as: kinetic energy t = 0.969831, t' = -0.287093
	                                           effective interaction Vq = [     -4.05, -0.631829, -0.262196, -0.631829, -0.631829, -0.309259,  -0.15315, -0.309259, -0.262196,  -0.15315,-0.0876081,  -0.15315, -0.631829, -0.309259,  -0.15315, -0.309259]
	PARPACK diagonalization completed after 45 matrix-vector product operations.
	iteration results: : total energy is -52.012876 | electron energy -52.127819 + phonon energy 0.114943 | electron momentum kIdx = 0
The 3-th iteration is completed.	|| time cost : 0h 0m 11.455s
********************************************************************************************************************
Start the 4 rounds of NGS-ED iteration
	effective electronic model is modified as: kinetic energy t = 0.969794, t' = -0.28707
	                                           effective interaction Vq = [     -4.05, -0.633526, -0.261993, -0.633526, -0.633526,  -0.30919, -0.153111,  -0.30919, -0.261993, -0.153111,-0.0875902, -0.153111, -0.633526,  -0.30919, -0.153111,  -0.30919]
	PARPACK diagonalization completed after 45 matrix-vector product operations.
	iteration results: : total energy is -52.012877 | electron energy -52.128209 + phonon energy 0.115333 | electron momentum kIdx = 0
The 4-th iteration is completed.	|| time cost : 0h 0m 11.394s
********************************************************************************************************************
Start the 5 rounds of NGS-ED iteration
	effective electronic model is modified as: kinetic energy t = 0.969788, t' = -0.287066
	                                           effective interaction Vq = [     -4.05, -0.633828, -0.261958, -0.633828, -0.633828, -0.309174, -0.153104, -0.309174, -0.261958, -0.153104,-0.0875873, -0.153104, -0.633828, -0.309174, -0.153104, -0.309174]
	PARPACK diagonalization completed after 30 matrix-vector product operations.
	iteration results: : total energy is -52.012877 | electron energy -52.128278 + phonon energy 0.115401 | electron momentum kIdx = 0
The 5-th iteration is completed.	|| time cost : 0h 0m 9.443s
********************************************************************************************************************
Start the 6 rounds of NGS-ED iteration
	effective electronic model is modified as: kinetic energy t = 0.969787, t' = -0.287065
	                                           effective interaction Vq = [     -4.05, -0.633882, -0.261952, -0.633882, -0.633882, -0.309171, -0.153103, -0.309171, -0.261952, -0.153103,-0.0875867, -0.153103, -0.633882, -0.309171, -0.153103, -0.309171]
	PARPACK diagonalization completed after 30 matrix-vector product operations.
	iteration results: : total energy is -52.012877 | electron energy -52.128290 + phonon energy 0.115413 | electron momentum kIdx = 0
The 6-th iteration is completed.	|| time cost : 0h 0m 9.562s
********************************************************************************************************************
Start the 7 rounds of NGS-ED iteration
	effective electronic model is modified as: kinetic energy t = 0.969787, t' = -0.287065
	                                           effective interaction Vq = [     -4.05, -0.633892, -0.261951, -0.633892, -0.633892,  -0.30917, -0.153103,  -0.30917, -0.261951, -0.153103,-0.0875867, -0.153103, -0.633892,  -0.30917, -0.153103,  -0.30917]
	PARPACK diagonalization completed after 30 matrix-vector product operations.
	iteration results: : total energy is -52.012877 | electron energy -52.128292 + phonon energy 0.115415 | electron momentum kIdx = 0
The 7-th iteration is completed.	|| time cost : 0h 0m 9.522s
********************************************************************************************************************
Start the 8 rounds of NGS-ED iteration
	effective electronic model is modified as: kinetic energy t = 0.969787, t' = -0.287065
	                                           effective interaction Vq = [     -4.05, -0.633894,  -0.26195, -0.633894, -0.633894,  -0.30917, -0.153103,  -0.30917,  -0.26195, -0.153103,-0.0875866, -0.153103, -0.633894,  -0.30917, -0.153103,  -0.30917]
	PARPACK diagonalization completed after 30 matrix-vector product operations.
	iteration results: : total energy is -52.012877 | electron energy -52.128293 + phonon energy 0.115416 | electron momentum kIdx = 0
The 8-th iteration is completed.	|| time cost : 0h 0m 9.554s
********************************************************************************************************************
Start the 9 rounds of NGS-ED iteration
	effective electronic model is modified as: kinetic energy t = 0.969787, t' = -0.287065
	                                           effective interaction Vq = [     -4.05, -0.633894,  -0.26195, -0.633894, -0.633894,  -0.30917, -0.153103,  -0.30917,  -0.26195, -0.153103,-0.0875866, -0.153103, -0.633894,  -0.30917, -0.153103,  -0.30917]
	PARPACK diagonalization completed after 30 matrix-vector product operations.
	iteration results: : total energy is -52.012877 | electron energy -52.128293 + phonon energy 0.115416 | electron momentum kIdx = 0
The 9-th iteration is completed.	|| time cost : 0h 0m 9.549s
********************************************************************************************************************
Start the 10 rounds of NGS-ED iteration
	effective electronic model is modified as: kinetic energy t = 0.969787, t' = -0.287065
	                                           effective interaction Vq = [     -4.05, -0.633894,  -0.26195, -0.633894, -0.633894,  -0.30917, -0.153103,  -0.30917,  -0.26195, -0.153103,-0.0875866, -0.153103, -0.633894,  -0.30917, -0.153103,  -0.30917]
	PARPACK diagonalization completed after 30 matrix-vector product operations.
	iteration results: : total energy is -52.012877 | electron energy -52.128293 + phonon energy 0.115416 | electron momentum kIdx = 0
	Nq(0) = 9,	Nq(1) = 0.194713,	Nq(2) = 0.247736,	Nq(3) = 0.194713,	Nq(4) = 0.194713,	Nq(5) = 0.26889,	
	Nq(6) = 0.307425,	Nq(7) = 0.26889,	Nq(8) = 0.247736,	Nq(9) = 0.307425,	Nq(10) = 0.355358,	
	Nq(11) = 0.307425,	Nq(12) = 0.194713,	Nq(13) = 0.26889,	Nq(14) = 0.307425,	Nq(15) = 0.26889;	
	Sq(0) = -4.26053e-19,	Sq(1) = 0.522003,	Sq(2) = 0.452664,	Sq(3) = 0.522003,	Sq(4) = 0.522003,	
	Sq(5) = 0.693115,	Sq(6) = 0.997178,	Sq(7) = 0.693115,	Sq(8) = 0.452664,	Sq(9) = 0.997178,	
	Sq(10) = 1.31054,	Sq(11) = 0.997178,	Sq(12) = 0.522003,	Sq(13) = 0.693115,	Sq(14) = 0.997178,	
	Sq(15) = 0.693115;	N(0) = 1.74145,	N(1) = 1.62312,	N(2) = 1.05912,	N(3) = 1.62312,	
	N(4) = 1.62312,	N(5) = 0.244188,	N(6) = 0.148642,	N(7) = 0.244188,	N(8) = 1.05912,	
	N(9) = 0.148642,	N(10) = 0.0765307,	N(11) = 0.148642,	N(12) = 1.62312,	N(13) = 0.244188,	
	N(14) = 0.148642,	N(15) = 0.244188;	Delta[s](0) = 0.0629158,	Delta[s](1) = 0.0430075,	Delta[s](2) = 0.0351357,	
	Delta[s](3) = 0.0430075,	Delta[s](4) = 0.0430075,	Delta[s](5) = 0.0253301,	Delta[s](6) = 0.0142201,	Delta[s](7) = 0.0253301,	
	Delta[s](8) = 0.0351357,	Delta[s](9) = 0.0142201,	Delta[s](10) = 0.00405315,	Delta[s](11) = 0.0142201,	Delta[s](12) = 0.0430075,	
	Delta[s](13) = 0.0253301,	Delta[s](14) = 0.0142201,	Delta[s](15) = 0.0253301;	Delta[d](0) = 0.525151,	Delta[d](1) = 0.257047,	
	Delta[d](2) = 0.264049,	Delta[d](3) = 0.257047,	Delta[d](4) = 0.257047,	Delta[d](5) = 0.143247,	Delta[d](6) = 0.157718,	
	Delta[d](7) = 0.143247,	Delta[d](8) = 0.264049,	Delta[d](9) = 0.157718,	Delta[d](10) = 0.104886,	Delta[d](11) = 0.157718,	
	Delta[d](12) = 0.257047,	Delta[d](13) = 0.143247,	Delta[d](14) = 0.157718,	Delta[d](15) = 0.143247;	Delta[s+](0) = 0.516469,	
	Delta[s+](1) = 0.355322,	Delta[s+](2) = 0.264049,	Delta[s+](3) = 0.355322,	Delta[s+](4) = 0.355322,	Delta[s+](5) = 0.157161,	
	Delta[s+](6) = 0.0669518,	Delta[s+](7) = 0.157161,	Delta[s+](8) = 0.264049,	Delta[s+](9) = 0.0669518,	Delta[s+](10) = 0.0150607,	
	Delta[s+](11) = 0.0669518,	Delta[s+](12) = 0.355322,	Delta[s+](13) = 0.157161,	Delta[s+](14) = 0.0669518,	Delta[s+](15) = 0.157161
	
The 10-th iteration is completed.	|| time cost : 0h 1m 19.802s
********************************************************************************************************************
********************************************************************************************************************
Ground state is obtained after 11 iterations. The current ground-state energy is -52.0129, in which electron energy is -52.1283 and phonon energy is 0.115416
Final variational state is: 
	Gamma_x = [      1, 1.7407,1.36383, 1.7407, 1.7407, 1.4793,1.25624, 1.4793,1.36383,1.25624, 1.1644,1.25624, 1.7407, 1.4793,1.25624, 1.4793]
	lambda_q = [      4.5, 0.418027, 0.192395, 0.418027, 0.418027,  0.22828, 0.130421,  0.22828, 0.192395, 0.130421,0.0891771, 0.130421, 0.418027,  0.22828, 0.130421,  0.22828]
Effective e-e interactions mediated by phonons are:
	momentum-space Vq = [     -4.05, -0.633894,  -0.26195, -0.633894, -0.633894,  -0.30917, -0.153103,  -0.30917,  -0.26195, -0.153103,-0.0875866, -0.153103, -0.633894,  -0.30917, -0.153103,  -0.30917]
	real-space Vr = [-0.565385, -0.30775, -0.21405, -0.30775, -0.30775,-0.225855,-0.187552,-0.225855, -0.21405,-0.187552,-0.171886,-0.187552, -0.30775,-0.225855,-0.187552,-0.225855]
********************************************************************************************************************
o___o  ----------------------------------------
| L |	Time since last clock: 0h 0m 0.007s
A===A	Time since the beginning: 0h 6m 4.928s
***********************************************


Non-Gaussina ED ground state calculation is completed. The final ground-state energy is -52.0129
********************************************************************************************************************
o___o  ----------------------------------------
| L |	Time since last clock: 0h 0m 0.003s
A===A	Time since the beginning: 0h 6m 4.931s
***********************************************



********************************************************************************************************************
All non-Gaussian ED ground state calculations have been completed. Exit now.
