SNEDics v3.22.2 Non-Gaussian ED ground state program		Start at Sun Jun 26 04:47:00 2022

Parallelization: 32 MPI threads  * 8 OpenMP threads = 256 total threads.
********************************************************************************************************************
********************************************************************************************************************

********************************************************************************************************************
System parameters and configurations
	special program options are enabled: splitted diagonal Hamiltonian | splitted Hamiltonian terms
********************************************************************************************************************
Read input file "model_params.in"
	Hubbard-Holstein model parameters : 	t = 1    t' = -0.3    U = 8    g = 0.9    W = 0.2    g' = 0.6    
********************************************************************************************************************
Read input file "hilbertspace_params.in"
	Requested 16-site 2D lattice, with 12 electrons (6, 6)
	Boundary : Periodic		Hilbert space representation : momentum-space (restricted to kIdx = 0)
	Conservation: particle number[U(1)]      spin[U(1)]     momentum
********************************************************************************************************************

Cluster Positions:				Cluster symmetry group : D4
 x ... x ... x ... x .....                       x ... x ... x ... x .....
 |           |           :                       |           |           :
 |           |           :                       |           |           :
12    13    14    15     x                       1     5     6     5     x
 |           |           :                       |           |           :
 |           |           :                       |           |           :
 8 --- 9 ---10 ---11 --- x                       2 --- 6 ---10 --- 6 --- x
 |           |           :                       |           |           :
 |           |           :                       |           |           :
 4     5     6     7     x                       1     5     6     5     x
 |           |           :                       |           |           :
 |           |           :                       |           |           :
 0 --- 1 --- 2 --- 3 --- x                       0 --- 1 --- 2 --- 1 --- x
orbital number : 1
********************************************************************************************************************
Read input file "obs_params.in"
	Observable Type : Nq(All),   Sq(All),   N(All-Orbital),   Delta[s](All),   Delta[d](All),   Delta[s+](All)
** WARNING ** the input observables have non-local factors which have been reinterpreted. The total observable number is 96
********************************************************************************************************************


********************************************************************************************************************
Start calculating the non-Gaussian ED ground state
Maximal iteration number is 1000; energy resolution is 1e-06. Phonon state relaxation time is 2000
W = 0.2 is relatively large. The non-Gaussian ED calculation starts directly.
open output files: NGSED_iteration_observables.txt
********************************************************************************************************************
Start the 0 rounds of NGS-ED iteration
	effective electronic model is modified as: kinetic energy t = 1, t' = -0.3
	                                           effective interaction Vq = [0,0,0,0,0,0,0,0,0,0,0,0,0,0,0,0]
	first Hamiltonian is constructed, size = 4008592 and non-zero numbers = 969952250
	PARPACK diagonalization completed after 135 matrix-vector product operations.
	iteration results: : total energy is -15.091341 | electron energy -15.091341 + phonon energy 0.000000 | electron momentum kIdx = 0
	Nq(0) = 9,	Nq(1) = 0.182775,	Nq(2) = 0.248843,	Nq(3) = 0.182775,	Nq(4) = 0.182775,	Nq(5) = 0.263236,	
	Nq(6) = 0.307436,	Nq(7) = 0.263236,	Nq(8) = 0.248843,	Nq(9) = 0.307436,	Nq(10) = 0.356784,	
	Nq(11) = 0.307436,	Nq(12) = 0.182775,	Nq(13) = 0.263236,	Nq(14) = 0.307436,	Nq(15) = 0.263236;	
	Sq(0) = 2.57275e-18,	Sq(1) = 0.523525,	Sq(2) = 0.451304,	Sq(3) = 0.523525,	Sq(4) = 0.523525,	
	Sq(5) = 0.707557,	Sq(6) = 1.00669,	Sq(7) = 0.707557,	Sq(8) = 0.451304,	Sq(9) = 1.00669,	
	Sq(10) = 1.27807,	Sq(11) = 1.00669,	Sq(12) = 0.523525,	Sq(13) = 0.707557,	Sq(14) = 1.00669,	
	Sq(15) = 0.707557;	N(0) = 1.72657,	N(1) = 1.59708,	N(2) = 1.0703,	N(3) = 1.59708,	
	N(4) = 1.59708,	N(5) = 0.264255,	N(6) = 0.153085,	N(7) = 0.264255,	N(8) = 1.0703,	
	N(9) = 0.153085,	N(10) = 0.0751403,	N(11) = 0.153085,	N(12) = 1.59708,	N(13) = 0.264255,	
	N(14) = 0.153085,	N(15) = 0.264255;	Delta[s](0) = 0.031064,	Delta[s](1) = 0.0290002,	Delta[s](2) = 0.0273765,	
	Delta[s](3) = 0.0290002,	Delta[s](4) = 0.0290002,	Delta[s](5) = 0.0269261,	Delta[s](6) = 0.0252599,	Delta[s](7) = 0.0269261,	
	Delta[s](8) = 0.0273765,	Delta[s](9) = 0.0252599,	Delta[s](10) = 0.0235661,	Delta[s](11) = 0.0252599,	Delta[s](12) = 0.0290002,	
	Delta[s](13) = 0.0269261,	Delta[s](14) = 0.0252599,	Delta[s](15) = 0.0269261;	Delta[d](0) = 0.303102,	Delta[d](1) = 0.226321,	
	Delta[d](2) = 0.209344,	Delta[d](3) = 0.226321,	Delta[d](4) = 0.226321,	Delta[d](5) = 0.162075,	Delta[d](6) = 0.148394,	
	Delta[d](7) = 0.162075,	Delta[d](8) = 0.209344,	Delta[d](9) = 0.148394,	Delta[d](10) = 0.129932,	Delta[d](11) = 0.148394,	
	Delta[d](12) = 0.226321,	Delta[d](13) = 0.162075,	Delta[d](14) = 0.148394,	Delta[d](15) = 0.162075;	Delta[s+](0) = 0.364613,	
	Delta[s+](1) = 0.267396,	Delta[s+](2) = 0.209344,	Delta[s+](3) = 0.267396,	Delta[s+](4) = 0.267396,	Delta[s+](5) = 0.162982,	
	Delta[s+](6) = 0.105153,	Delta[s+](7) = 0.162982,	Delta[s+](8) = 0.209344,	Delta[s+](9) = 0.105153,	Delta[s+](10) = 0.0535599,	
	Delta[s+](11) = 0.105153,	Delta[s+](12) = 0.267396,	Delta[s+](13) = 0.162982,	Delta[s+](14) = 0.105153,	Delta[s+](15) = 0.162982
	
The 0-th iteration is completed.	|| time cost : 0h 2m 3.105s
********************************************************************************************************************
Start the 1 rounds of NGS-ED iteration
	effective electronic model is modified as: kinetic energy t = 0.592743, t' = -0.136928
	                                           effective interaction Vq = [    -54.45,   -19.454,  -1.46665,   -19.454,   -19.454,  -1.72428,-0.0534218,  -1.72428,  -1.46665,-0.0534218,  -8.61434,-0.0534218,   -19.454,  -1.72428,-0.0534218,  -1.72428]
	PARPACK diagonalization completed after 105 matrix-vector product operations.
	iteration results: : total energy is -656.800740 | electron energy -661.624636 + phonon energy 4.823896 | electron momentum kIdx = 0
The 1-th iteration is completed.	|| time cost : 0h 1m 26.864s
********************************************************************************************************************
Start the 2 rounds of NGS-ED iteration
	effective electronic model is modified as: kinetic energy t = 1.98101e-13, t' = -7.33428e-18
	                                           effective interaction Vq = [-54.45,-22.05, -4.05,-22.05,-22.05, -4.05, -0.45, -4.05, -4.05, -0.45,-11.25, -0.45,-22.05, -4.05, -0.45, -4.05]
	PARPACK diagonalization completed after 30 matrix-vector product operations.
	iteration results: : total energy is -697.200000 | electron energy -697.200000 + phonon energy 0.000000 | electron momentum kIdx = 0
The 2-th iteration is completed.	|| time cost : 0h 0m 9.061s
********************************************************************************************************************
Start the 3 rounds of NGS-ED iteration
	effective electronic model is modified as: kinetic energy t = 1.981e-13, t' = -7.33428e-18
	                                           effective interaction Vq = [-54.45,-22.05, -4.05,-22.05,-22.05, -4.05, -0.45, -4.05, -4.05, -0.45,-11.25, -0.45,-22.05, -4.05, -0.45, -4.05]
	PARPACK diagonalization completed after 30 matrix-vector product operations.
	iteration results: : total energy is -697.200000 | electron energy -697.200000 + phonon energy 0.000000 | electron momentum kIdx = 0
The 3-th iteration is completed.	|| time cost : 0h 0m 9.077s
********************************************************************************************************************
Start the 4 rounds of NGS-ED iteration
	effective electronic model is modified as: kinetic energy t = 1.9808e-13, t' = -7.33428e-18
	                                           effective interaction Vq = [-54.45,-22.05, -4.05,-22.05,-22.05, -4.05, -0.45, -4.05, -4.05, -0.45,-11.25, -0.45,-22.05, -4.05, -0.45, -4.05]
	PARPACK diagonalization completed after 30 matrix-vector product operations.
	iteration results: : total energy is -697.200000 | electron energy -697.200000 + phonon energy 0.000000 | electron momentum kIdx = 0
The 4-th iteration is completed.	|| time cost : 0h 0m 9.068s
********************************************************************************************************************
Start the 5 rounds of NGS-ED iteration
	effective electronic model is modified as: kinetic energy t = 1.9828e-13, t' = -7.33428e-18
	                                           effective interaction Vq = [-54.45,-22.05, -4.05,-22.05,-22.05, -4.05, -0.45, -4.05, -4.05, -0.45,-11.25, -0.45,-22.05, -4.05, -0.45, -4.05]
	PARPACK diagonalization completed after 30 matrix-vector product operations.
	iteration results: : total energy is -697.200000 | electron energy -697.200000 + phonon energy 0.000000 | electron momentum kIdx = 0
The 5-th iteration is completed.	|| time cost : 0h 0m 9.098s
********************************************************************************************************************
Start the 6 rounds of NGS-ED iteration
	effective electronic model is modified as: kinetic energy t = 1.9809e-13, t' = -7.33428e-18
	                                           effective interaction Vq = [-54.45,-22.05, -4.05,-22.05,-22.05, -4.05, -0.45, -4.05, -4.05, -0.45,-11.25, -0.45,-22.05, -4.05, -0.45, -4.05]
	PARPACK diagonalization completed after 30 matrix-vector product operations.
	iteration results: : total energy is -697.200000 | electron energy -697.200000 + phonon energy 0.000000 | electron momentum kIdx = 0
The 6-th iteration is completed.	|| time cost : 0h 0m 9.087s
********************************************************************************************************************
Start the 7 rounds of NGS-ED iteration
	effective electronic model is modified as: kinetic energy t = 1.98087e-13, t' = -7.33428e-18
	                                           effective interaction Vq = [-54.45,-22.05, -4.05,-22.05,-22.05, -4.05, -0.45, -4.05, -4.05, -0.45,-11.25, -0.45,-22.05, -4.05, -0.45, -4.05]
	PARPACK diagonalization completed after 30 matrix-vector product operations.
	iteration results: : total energy is -697.200000 | electron energy -697.200000 + phonon energy 0.000000 | electron momentum kIdx = 0
The 7-th iteration is completed.	|| time cost : 0h 0m 9.095s
********************************************************************************************************************
Start the 8 rounds of NGS-ED iteration
	effective electronic model is modified as: kinetic energy t = 1.98062e-13, t' = -7.33428e-18
	                                           effective interaction Vq = [-54.45,-22.05, -4.05,-22.05,-22.05, -4.05, -0.45, -4.05, -4.05, -0.45,-11.25, -0.45,-22.05, -4.05, -0.45, -4.05]
	PARPACK diagonalization completed after 30 matrix-vector product operations.
	iteration results: : total energy is -697.200000 | electron energy -697.200000 + phonon energy 0.000000 | electron momentum kIdx = 0
The 8-th iteration is completed.	|| time cost : 0h 0m 9.099s
********************************************************************************************************************
Start the 9 rounds of NGS-ED iteration
	effective electronic model is modified as: kinetic energy t = 1.98321e-13, t' = -7.33428e-18
	                                           effective interaction Vq = [-54.45,-22.05, -4.05,-22.05,-22.05, -4.05, -0.45, -4.05, -4.05, -0.45,-11.25, -0.45,-22.05, -4.05, -0.45, -4.05]
	PARPACK diagonalization completed after 30 matrix-vector product operations.
	iteration results: : total energy is -697.200000 | electron energy -697.200000 + phonon energy 0.000000 | electron momentum kIdx = 0
The 9-th iteration is completed.	|| time cost : 0h 0m 9.084s
********************************************************************************************************************
Start the 10 rounds of NGS-ED iteration
	effective electronic model is modified as: kinetic energy t = 1.98069e-13, t' = -7.33428e-18
	                                           effective interaction Vq = [-54.45,-22.05, -4.05,-22.05,-22.05, -4.05, -0.45, -4.05, -4.05, -0.45,-11.25, -0.45,-22.05, -4.05, -0.45, -4.05]
	PARPACK diagonalization completed after 30 matrix-vector product operations.
	iteration results: : total energy is -697.200000 | electron energy -697.200000 + phonon energy 0.000000 | electron momentum kIdx = 0
The 10-th iteration is completed.	|| time cost : 0h 0m 9.074s
********************************************************************************************************************
Start the 11 rounds of NGS-ED iteration
	effective electronic model is modified as: kinetic energy t = 1.98119e-13, t' = -7.33428e-18
	                                           effective interaction Vq = [-54.45,-22.05, -4.05,-22.05,-22.05, -4.05, -0.45, -4.05, -4.05, -0.45,-11.25, -0.45,-22.05, -4.05, -0.45, -4.05]
	PARPACK diagonalization completed after 30 matrix-vector product operations.
	iteration results: : total energy is -697.200000 | electron energy -697.200000 + phonon energy 0.000000 | electron momentum kIdx = 0
The 11-th iteration is completed.	|| time cost : 0h 0m 9.074s
********************************************************************************************************************
Start the 12 rounds of NGS-ED iteration
	effective electronic model is modified as: kinetic energy t = 1.98083e-13, t' = -7.33428e-18
	                                           effective interaction Vq = [-54.45,-22.05, -4.05,-22.05,-22.05, -4.05, -0.45, -4.05, -4.05, -0.45,-11.25, -0.45,-22.05, -4.05, -0.45, -4.05]
	PARPACK diagonalization completed after 30 matrix-vector product operations.
	iteration results: : total energy is -697.200000 | electron energy -697.200000 + phonon energy 0.000000 | electron momentum kIdx = 0
The 12-th iteration is completed.	|| time cost : 0h 0m 9.087s
********************************************************************************************************************
Start the 13 rounds of NGS-ED iteration
	effective electronic model is modified as: kinetic energy t = 1.98138e-13, t' = -7.33428e-18
	                                           effective interaction Vq = [-54.45,-22.05, -4.05,-22.05,-22.05, -4.05, -0.45, -4.05, -4.05, -0.45,-11.25, -0.45,-22.05, -4.05, -0.45, -4.05]
	PARPACK diagonalization completed after 30 matrix-vector product operations.
	iteration results: : total energy is -697.200000 | electron energy -697.200000 + phonon energy 0.000000 | electron momentum kIdx = 0
The 13-th iteration is completed.	|| time cost : 0h 0m 9.075s
********************************************************************************************************************
Start the 14 rounds of NGS-ED iteration
	effective electronic model is modified as: kinetic energy t = 1.98089e-13, t' = -7.33428e-18
	                                           effective interaction Vq = [-54.45,-22.05, -4.05,-22.05,-22.05, -4.05, -0.45, -4.05, -4.05, -0.45,-11.25, -0.45,-22.05, -4.05, -0.45, -4.05]
	PARPACK diagonalization completed after 30 matrix-vector product operations.
	iteration results: : total energy is -697.200000 | electron energy -697.200000 + phonon energy 0.000000 | electron momentum kIdx = 0
The 14-th iteration is completed.	|| time cost : 0h 0m 9.073s
********************************************************************************************************************
Start the 15 rounds of NGS-ED iteration
	effective electronic model is modified as: kinetic energy t = 1.9808e-13, t' = -7.33428e-18
	                                           effective interaction Vq = [-54.45,-22.05, -4.05,-22.05,-22.05, -4.05, -0.45, -4.05, -4.05, -0.45,-11.25, -0.45,-22.05, -4.05, -0.45, -4.05]
	PARPACK diagonalization completed after 30 matrix-vector product operations.
	iteration results: : total energy is -697.200000 | electron energy -697.200000 + phonon energy 0.000000 | electron momentum kIdx = 0
The 15-th iteration is completed.	|| time cost : 0h 0m 9.134s
********************************************************************************************************************
Start the 16 rounds of NGS-ED iteration
	effective electronic model is modified as: kinetic energy t = 1.98089e-13, t' = -7.33428e-18
	                                           effective interaction Vq = [-54.45,-22.05, -4.05,-22.05,-22.05, -4.05, -0.45, -4.05, -4.05, -0.45,-11.25, -0.45,-22.05, -4.05, -0.45, -4.05]
	PARPACK diagonalization completed after 30 matrix-vector product operations.
	iteration results: : total energy is -697.200000 | electron energy -697.200000 + phonon energy 0.000000 | electron momentum kIdx = 0
The 16-th iteration is completed.	|| time cost : 0h 0m 9.096s
********************************************************************************************************************
Start the 17 rounds of NGS-ED iteration
	effective electronic model is modified as: kinetic energy t = 1.98121e-13, t' = -7.33428e-18
	                                           effective interaction Vq = [-54.45,-22.05, -4.05,-22.05,-22.05, -4.05, -0.45, -4.05, -4.05, -0.45,-11.25, -0.45,-22.05, -4.05, -0.45, -4.05]
	PARPACK diagonalization completed after 30 matrix-vector product operations.
	iteration results: : total energy is -697.200000 | electron energy -697.200000 + phonon energy 0.000000 | electron momentum kIdx = 0
The 17-th iteration is completed.	|| time cost : 0h 0m 9.111s
********************************************************************************************************************
Start the 18 rounds of NGS-ED iteration
	effective electronic model is modified as: kinetic energy t = 1.98134e-13, t' = -7.33428e-18
	                                           effective interaction Vq = [-54.45,-22.05, -4.05,-22.05,-22.05, -4.05, -0.45, -4.05, -4.05, -0.45,-11.25, -0.45,-22.05, -4.05, -0.45, -4.05]
	PARPACK diagonalization completed after 30 matrix-vector product operations.
	iteration results: : total energy is -697.200000 | electron energy -697.200000 + phonon energy 0.000000 | electron momentum kIdx = 0
The 18-th iteration is completed.	|| time cost : 0h 0m 9.09s
********************************************************************************************************************
Start the 19 rounds of NGS-ED iteration
	effective electronic model is modified as: kinetic energy t = 1.98135e-13, t' = -7.33428e-18
	                                           effective interaction Vq = [-54.45,-22.05, -4.05,-22.05,-22.05, -4.05, -0.45, -4.05, -4.05, -0.45,-11.25, -0.45,-22.05, -4.05, -0.45, -4.05]
	PARPACK diagonalization completed after 30 matrix-vector product operations.
	iteration results: : total energy is -697.200000 | electron energy -697.200000 + phonon energy 0.000000 | electron momentum kIdx = 0
The 19-th iteration is completed.	|| time cost : 0h 0m 9.085s
********************************************************************************************************************
Start the 20 rounds of NGS-ED iteration
	effective electronic model is modified as: kinetic energy t = 1.9809e-13, t' = -7.33428e-18
	                                           effective interaction Vq = [-54.45,-22.05, -4.05,-22.05,-22.05, -4.05, -0.45, -4.05, -4.05, -0.45,-11.25, -0.45,-22.05, -4.05, -0.45, -4.05]
	PARPACK diagonalization completed after 30 matrix-vector product operations.
	iteration results: : total energy is -697.200000 | electron energy -697.200000 + phonon energy 0.000000 | electron momentum kIdx = 0
The 20-th iteration is completed.	|| time cost : 0h 0m 9.085s
********************************************************************************************************************
Start the 21 rounds of NGS-ED iteration
	effective electronic model is modified as: kinetic energy t = 1.98161e-13, t' = -7.33428e-18
	                                           effective interaction Vq = [-54.45,-22.05, -4.05,-22.05,-22.05, -4.05, -0.45, -4.05, -4.05, -0.45,-11.25, -0.45,-22.05, -4.05, -0.45, -4.05]
	PARPACK diagonalization completed after 30 matrix-vector product operations.
	iteration results: : total energy is -697.200000 | electron energy -697.200000 + phonon energy 0.000000 | electron momentum kIdx = 0
The 21-th iteration is completed.	|| time cost : 0h 0m 9.109s
********************************************************************************************************************
Start the 22 rounds of NGS-ED iteration
	effective electronic model is modified as: kinetic energy t = 1.98124e-13, t' = -7.33428e-18
	                                           effective interaction Vq = [-54.45,-22.05, -4.05,-22.05,-22.05, -4.05, -0.45, -4.05, -4.05, -0.45,-11.25, -0.45,-22.05, -4.05, -0.45, -4.05]
	PARPACK diagonalization completed after 30 matrix-vector product operations.
	iteration results: : total energy is -697.200000 | electron energy -697.200000 + phonon energy 0.000000 | electron momentum kIdx = 0
The 22-th iteration is completed.	|| time cost : 0h 0m 9.082s
********************************************************************************************************************
Start the 23 rounds of NGS-ED iteration
	effective electronic model is modified as: kinetic energy t = 1.98081e-13, t' = -7.33428e-18
	                                           effective interaction Vq = [-54.45,-22.05, -4.05,-22.05,-22.05, -4.05, -0.45, -4.05, -4.05, -0.45,-11.25, -0.45,-22.05, -4.05, -0.45, -4.05]
	PARPACK diagonalization completed after 30 matrix-vector product operations.
	iteration results: : total energy is -697.200000 | electron energy -697.200000 + phonon energy 0.000000 | electron momentum kIdx = 0
The 23-th iteration is completed.	|| time cost : 0h 0m 9.09s
********************************************************************************************************************
Start the 24 rounds of NGS-ED iteration
	effective electronic model is modified as: kinetic energy t = 1.98116e-13, t' = -7.33428e-18
	                                           effective interaction Vq = [-54.45,-22.05, -4.05,-22.05,-22.05, -4.05, -0.45, -4.05, -4.05, -0.45,-11.25, -0.45,-22.05, -4.05, -0.45, -4.05]
	PARPACK diagonalization completed after 30 matrix-vector product operations.
	iteration results: : total energy is -697.200000 | electron energy -697.200000 + phonon energy 0.000000 | electron momentum kIdx = 0
The 24-th iteration is completed.	|| time cost : 0h 0m 9.095s
********************************************************************************************************************
Start the 25 rounds of NGS-ED iteration
	effective electronic model is modified as: kinetic energy t = 1.98123e-13, t' = -7.33428e-18
	                                           effective interaction Vq = [-54.45,-22.05, -4.05,-22.05,-22.05, -4.05, -0.45, -4.05, -4.05, -0.45,-11.25, -0.45,-22.05, -4.05, -0.45, -4.05]
	PARPACK diagonalization completed after 30 matrix-vector product operations.
	iteration results: : total energy is -697.200000 | electron energy -697.200000 + phonon energy 0.000000 | electron momentum kIdx = 0
The 25-th iteration is completed.	|| time cost : 0h 0m 9.095s
********************************************************************************************************************
Start the 26 rounds of NGS-ED iteration
	effective electronic model is modified as: kinetic energy t = 1.98183e-13, t' = -7.33428e-18
	                                           effective interaction Vq = [-54.45,-22.05, -4.05,-22.05,-22.05, -4.05, -0.45, -4.05, -4.05, -0.45,-11.25, -0.45,-22.05, -4.05, -0.45, -4.05]
	PARPACK diagonalization completed after 30 matrix-vector product operations.
	iteration results: : total energy is -697.200000 | electron energy -697.200000 + phonon energy 0.000000 | electron momentum kIdx = 0
The 26-th iteration is completed.	|| time cost : 0h 0m 9.09s
********************************************************************************************************************
Start the 27 rounds of NGS-ED iteration
	effective electronic model is modified as: kinetic energy t = 1.98082e-13, t' = -7.33428e-18
	                                           effective interaction Vq = [-54.45,-22.05, -4.05,-22.05,-22.05, -4.05, -0.45, -4.05, -4.05, -0.45,-11.25, -0.45,-22.05, -4.05, -0.45, -4.05]
	PARPACK diagonalization completed after 30 matrix-vector product operations.
	iteration results: : total energy is -697.200000 | electron energy -697.200000 + phonon energy 0.000000 | electron momentum kIdx = 0
The 27-th iteration is completed.	|| time cost : 0h 0m 9.058s
********************************************************************************************************************
Start the 28 rounds of NGS-ED iteration
	effective electronic model is modified as: kinetic energy t = 1.9814e-13, t' = -7.33428e-18
	                                           effective interaction Vq = [-54.45,-22.05, -4.05,-22.05,-22.05, -4.05, -0.45, -4.05, -4.05, -0.45,-11.25, -0.45,-22.05, -4.05, -0.45, -4.05]
	PARPACK diagonalization completed after 30 matrix-vector product operations.
	iteration results: : total energy is -697.200000 | electron energy -697.200000 + phonon energy 0.000000 | electron momentum kIdx = 0
The 28-th iteration is completed.	|| time cost : 0h 0m 9.102s
********************************************************************************************************************
Start the 29 rounds of NGS-ED iteration
	effective electronic model is modified as: kinetic energy t = 1.97369e-13, t' = -7.33428e-18
	                                           effective interaction Vq = [-54.45,-22.05, -4.05,-22.05,-22.05, -4.05, -0.45, -4.05, -4.05, -0.45,-11.25, -0.45,-22.05, -4.05, -0.45, -4.05]
	PARPACK diagonalization completed after 30 matrix-vector product operations.
	iteration results: : total energy is -697.200000 | electron energy -697.200000 + phonon energy 0.000000 | electron momentum kIdx = 0
The 29-th iteration is completed.	|| time cost : 0h 0m 9.081s
********************************************************************************************************************
Start the 30 rounds of NGS-ED iteration
	effective electronic model is modified as: kinetic energy t = 1.9809e-13, t' = -7.33428e-18
	                                           effective interaction Vq = [-54.45,-22.05, -4.05,-22.05,-22.05, -4.05, -0.45, -4.05, -4.05, -0.45,-11.25, -0.45,-22.05, -4.05, -0.45, -4.05]
	PARPACK diagonalization completed after 30 matrix-vector product operations.
	iteration results: : total energy is -697.200000 | electron energy -697.200000 + phonon energy 0.000000 | electron momentum kIdx = 0
The 30-th iteration is completed.	|| time cost : 0h 0m 9.101s
********************************************************************************************************************
Start the 31 rounds of NGS-ED iteration
	effective electronic model is modified as: kinetic energy t = 1.98023e-13, t' = -7.33428e-18
	                                           effective interaction Vq = [-54.45,-22.05, -4.05,-22.05,-22.05, -4.05, -0.45, -4.05, -4.05, -0.45,-11.25, -0.45,-22.05, -4.05, -0.45, -4.05]
	PARPACK diagonalization completed after 30 matrix-vector product operations.
	iteration results: : total energy is -697.200000 | electron energy -697.200000 + phonon energy 0.000000 | electron momentum kIdx = 0
The 31-th iteration is completed.	|| time cost : 0h 0m 9.136s
********************************************************************************************************************
Start the 32 rounds of NGS-ED iteration
	effective electronic model is modified as: kinetic energy t = 1.98113e-13, t' = -7.33428e-18
	                                           effective interaction Vq = [-54.45,-22.05, -4.05,-22.05,-22.05, -4.05, -0.45, -4.05, -4.05, -0.45,-11.25, -0.45,-22.05, -4.05, -0.45, -4.05]
	PARPACK diagonalization completed after 30 matrix-vector product operations.
	iteration results: : total energy is -697.200000 | electron energy -697.200000 + phonon energy 0.000000 | electron momentum kIdx = 0
The 32-th iteration is completed.	|| time cost : 0h 0m 9.11s
********************************************************************************************************************
Start the 33 rounds of NGS-ED iteration
	effective electronic model is modified as: kinetic energy t = 1.98216e-13, t' = -7.33428e-18
	                                           effective interaction Vq = [-54.45,-22.05, -4.05,-22.05,-22.05, -4.05, -0.45, -4.05, -4.05, -0.45,-11.25, -0.45,-22.05, -4.05, -0.45, -4.05]
	PARPACK diagonalization completed after 30 matrix-vector product operations.
	iteration results: : total energy is -697.200000 | electron energy -697.200000 + phonon energy 0.000000 | electron momentum kIdx = 0
The 33-th iteration is completed.	|| time cost : 0h 0m 9.099s
********************************************************************************************************************
Start the 34 rounds of NGS-ED iteration
	effective electronic model is modified as: kinetic energy t = 1.98088e-13, t' = -7.33428e-18
	                                           effective interaction Vq = [-54.45,-22.05, -4.05,-22.05,-22.05, -4.05, -0.45, -4.05, -4.05, -0.45,-11.25, -0.45,-22.05, -4.05, -0.45, -4.05]
	PARPACK diagonalization completed after 30 matrix-vector product operations.
	iteration results: : total energy is -697.200000 | electron energy -697.200000 + phonon energy 0.000000 | electron momentum kIdx = 0
The 34-th iteration is completed.	|| time cost : 0h 0m 9.065s
********************************************************************************************************************
Start the 35 rounds of NGS-ED iteration
	effective electronic model is modified as: kinetic energy t = 1.98078e-13, t' = -7.33428e-18
	                                           effective interaction Vq = [-54.45,-22.05, -4.05,-22.05,-22.05, -4.05, -0.45, -4.05, -4.05, -0.45,-11.25, -0.45,-22.05, -4.05, -0.45, -4.05]
	PARPACK diagonalization completed after 30 matrix-vector product operations.
	iteration results: : total energy is -697.200000 | electron energy -697.200000 + phonon energy 0.000000 | electron momentum kIdx = 0
The 35-th iteration is completed.	|| time cost : 0h 0m 9.086s
********************************************************************************************************************
Start the 36 rounds of NGS-ED iteration
	effective electronic model is modified as: kinetic energy t = 1.98122e-13, t' = -7.33428e-18
	                                           effective interaction Vq = [-54.45,-22.05, -4.05,-22.05,-22.05, -4.05, -0.45, -4.05, -4.05, -0.45,-11.25, -0.45,-22.05, -4.05, -0.45, -4.05]
	PARPACK diagonalization completed after 30 matrix-vector product operations.
	iteration results: : total energy is -697.200000 | electron energy -697.200000 + phonon energy 0.000000 | electron momentum kIdx = 0
The 36-th iteration is completed.	|| time cost : 0h 0m 9.081s
********************************************************************************************************************
Start the 37 rounds of NGS-ED iteration
	effective electronic model is modified as: kinetic energy t = 1.98114e-13, t' = -7.33428e-18
	                                           effective interaction Vq = [-54.45,-22.05, -4.05,-22.05,-22.05, -4.05, -0.45, -4.05, -4.05, -0.45,-11.25, -0.45,-22.05, -4.05, -0.45, -4.05]
	PARPACK diagonalization completed after 30 matrix-vector product operations.
	iteration results: : total energy is -697.200000 | electron energy -697.200000 + phonon energy 0.000000 | electron momentum kIdx = 0
The 37-th iteration is completed.	|| time cost : 0h 0m 9.1s
********************************************************************************************************************
Start the 38 rounds of NGS-ED iteration
	effective electronic model is modified as: kinetic energy t = 1.98021e-13, t' = -7.33428e-18
	                                           effective interaction Vq = [-54.45,-22.05, -4.05,-22.05,-22.05, -4.05, -0.45, -4.05, -4.05, -0.45,-11.25, -0.45,-22.05, -4.05, -0.45, -4.05]
	PARPACK diagonalization completed after 30 matrix-vector product operations.
	iteration results: : total energy is -697.200000 | electron energy -697.200000 + phonon energy 0.000000 | electron momentum kIdx = 0
The 38-th iteration is completed.	|| time cost : 0h 0m 9.09s
********************************************************************************************************************
Start the 39 rounds of NGS-ED iteration
	effective electronic model is modified as: kinetic energy t = 1.98116e-13, t' = -7.33428e-18
	                                           effective interaction Vq = [-54.45,-22.05, -4.05,-22.05,-22.05, -4.05, -0.45, -4.05, -4.05, -0.45,-11.25, -0.45,-22.05, -4.05, -0.45, -4.05]
	PARPACK diagonalization completed after 30 matrix-vector product operations.
	iteration results: : total energy is -697.200000 | electron energy -697.200000 + phonon energy 0.000000 | electron momentum kIdx = 0
The 39-th iteration is completed.	|| time cost : 0h 0m 9.101s
********************************************************************************************************************
Start the 40 rounds of NGS-ED iteration
	effective electronic model is modified as: kinetic energy t = 1.98076e-13, t' = -7.33428e-18
	                                           effective interaction Vq = [-54.45,-22.05, -4.05,-22.05,-22.05, -4.05, -0.45, -4.05, -4.05, -0.45,-11.25, -0.45,-22.05, -4.05, -0.45, -4.05]
	PARPACK diagonalization completed after 30 matrix-vector product operations.
	iteration results: : total energy is -697.200000 | electron energy -697.200000 + phonon energy 0.000000 | electron momentum kIdx = 0
The 40-th iteration is completed.	|| time cost : 0h 0m 9.092s
********************************************************************************************************************
Start the 41 rounds of NGS-ED iteration
	effective electronic model is modified as: kinetic energy t = 1.98061e-13, t' = -7.33428e-18
	                                           effective interaction Vq = [-54.45,-22.05, -4.05,-22.05,-22.05, -4.05, -0.45, -4.05, -4.05, -0.45,-11.25, -0.45,-22.05, -4.05, -0.45, -4.05]
	PARPACK diagonalization completed after 30 matrix-vector product operations.
	iteration results: : total energy is -697.200000 | electron energy -697.200000 + phonon energy 0.000000 | electron momentum kIdx = 0
The 41-th iteration is completed.	|| time cost : 0h 0m 9.093s
********************************************************************************************************************
Start the 42 rounds of NGS-ED iteration
	effective electronic model is modified as: kinetic energy t = 1.98089e-13, t' = -7.33428e-18
	                                           effective interaction Vq = [-54.45,-22.05, -4.05,-22.05,-22.05, -4.05, -0.45, -4.05, -4.05, -0.45,-11.25, -0.45,-22.05, -4.05, -0.45, -4.05]
	PARPACK diagonalization completed after 30 matrix-vector product operations.
	iteration results: : total energy is -697.200000 | electron energy -697.200000 + phonon energy 0.000000 | electron momentum kIdx = 0
The 42-th iteration is completed.	|| time cost : 0h 0m 9.09s
********************************************************************************************************************
Start the 43 rounds of NGS-ED iteration
	effective electronic model is modified as: kinetic energy t = 1.98084e-13, t' = -7.33428e-18
	                                           effective interaction Vq = [-54.45,-22.05, -4.05,-22.05,-22.05, -4.05, -0.45, -4.05, -4.05, -0.45,-11.25, -0.45,-22.05, -4.05, -0.45, -4.05]
	PARPACK diagonalization completed after 30 matrix-vector product operations.
	iteration results: : total energy is -697.200000 | electron energy -697.200000 + phonon energy 0.000000 | electron momentum kIdx = 0
The 43-th iteration is completed.	|| time cost : 0h 0m 9.104s
********************************************************************************************************************
Start the 44 rounds of NGS-ED iteration
	effective electronic model is modified as: kinetic energy t = 1.98062e-13, t' = -7.33428e-18
	                                           effective interaction Vq = [-54.45,-22.05, -4.05,-22.05,-22.05, -4.05, -0.45, -4.05, -4.05, -0.45,-11.25, -0.45,-22.05, -4.05, -0.45, -4.05]
	PARPACK diagonalization completed after 30 matrix-vector product operations.
	iteration results: : total energy is -697.200000 | electron energy -697.200000 + phonon energy 0.000000 | electron momentum kIdx = 0
The 44-th iteration is completed.	|| time cost : 0h 0m 9.079s
********************************************************************************************************************
Start the 45 rounds of NGS-ED iteration
	effective electronic model is modified as: kinetic energy t = 1.98076e-13, t' = -7.33428e-18
	                                           effective interaction Vq = [-54.45,-22.05, -4.05,-22.05,-22.05, -4.05, -0.45, -4.05, -4.05, -0.45,-11.25, -0.45,-22.05, -4.05, -0.45, -4.05]
	PARPACK diagonalization completed after 30 matrix-vector product operations.
	iteration results: : total energy is -697.200000 | electron energy -697.200000 + phonon energy 0.000000 | electron momentum kIdx = 0
The 45-th iteration is completed.	|| time cost : 0h 0m 9.085s
********************************************************************************************************************
Start the 46 rounds of NGS-ED iteration
	effective electronic model is modified as: kinetic energy t = 1.9812e-13, t' = -7.33428e-18
	                                           effective interaction Vq = [-54.45,-22.05, -4.05,-22.05,-22.05, -4.05, -0.45, -4.05, -4.05, -0.45,-11.25, -0.45,-22.05, -4.05, -0.45, -4.05]
	PARPACK diagonalization completed after 30 matrix-vector product operations.
	iteration results: : total energy is -697.200000 | electron energy -697.200000 + phonon energy 0.000000 | electron momentum kIdx = 0
The 46-th iteration is completed.	|| time cost : 0h 0m 9.083s
********************************************************************************************************************
Start the 47 rounds of NGS-ED iteration
	effective electronic model is modified as: kinetic energy t = 1.98203e-13, t' = -7.33428e-18
	                                           effective interaction Vq = [-54.45,-22.05, -4.05,-22.05,-22.05, -4.05, -0.45, -4.05, -4.05, -0.45,-11.25, -0.45,-22.05, -4.05, -0.45, -4.05]
	PARPACK diagonalization completed after 30 matrix-vector product operations.
	iteration results: : total energy is -697.200000 | electron energy -697.200000 + phonon energy 0.000000 | electron momentum kIdx = 0
The 47-th iteration is completed.	|| time cost : 0h 0m 9.102s
********************************************************************************************************************
Start the 48 rounds of NGS-ED iteration
	effective electronic model is modified as: kinetic energy t = 1.98086e-13, t' = -7.33428e-18
	                                           effective interaction Vq = [-54.45,-22.05, -4.05,-22.05,-22.05, -4.05, -0.45, -4.05, -4.05, -0.45,-11.25, -0.45,-22.05, -4.05, -0.45, -4.05]
