SNEDics v3.4 Non-Gaussian ED ground state program		Start at Wed Oct  2 00:12:03 2019

parallized on 16 MPI threads  * 8 OpenMP threads = 128 total threads.
********************************************************************************************************************
********************************************************************************************************************

********************************************************************************************************************
System parameters and configurations
********************************************************************************************************************
Special program options are enabled: splitted diagonal Hamiltonian
********************************************************************************************************************
Read input file "model_params.in"
	Hubbard-Holstein model parameters : 	t = 1    U = 4.9    g = 4    W = 5    
********************************************************************************************************************
Read input file "hilbertspace_params.in"
	Requested 16-site 2D lattice, with 16 electrons (8, 8)
	Boundary : Periodic		Hilbert space representation : momentum-space (restricted to kIdx = 10)
	Conservation: particle number[U(1)]      spin[U(1)]     momentum
********************************************************************************************************************

Cluster Positions:				Cluster symmetry group : D4
 x ... x ... x ... x .....                       x ... x ... x ... x .....
 |           |           :                       |           |           :
 |           |           :                       |           |           :
12    13    14    15     x                       1     5     6     5     x
 |           |           :                       |           |           :
 |           |           :                       |           |           :
 8 --- 9 ---10 ---11 --- x                       2 --- 6 ---10 --- 6 --- x
 |           |           :                       |           |           :
 |           |           :                       |           |           :
 4     5     6     7     x                       1     5     6     5     x
 |           |           :                       |           |           :
 |           |           :                       |           |           :
 0 --- 1 --- 2 --- 3 --- x                       0 --- 1 --- 2 --- 1 --- x
orbital number : 1
********************************************************************************************************************
Read input file "obs_params.in"
	Observable Type : Nq(All),   Sq(All),   N(All),   Delta[s](All),   Delta[d](All),   Delta[s+](All)
********************************************************************************************************************
** WARNING ** the input observables have non-local factors which have been reinterpreted. The total observable number is 96
********************************************************************************************************************


********************************************************************************************************************
Start calculating the non-Gaussian ED ground state
** WARNING ** Detected low phonon energy W < 10. The initial state will be prepared through a warm-up process.
********************************************************************************************************************
Start warm-up calculation for scaling factor 2
open output files: NGSEDWarmUpW10Obs.txt
********************************************************************************************************************
Start the 0 rounds of NGS-ED iteration
	effective electronic model is modified as: kinetic energy t = 1
	                                           effective interaction Vq = [-0,-0,-0,-0,-0,-0,-0,-0,-0,-0,-0,-0,-0,-0,-0,-0]
	first Hamiltonian is constructed, non-zero numbers = 2845334624
	PARPACK diagonalization completed after 90 matrix-vector product operations.
	iteration results: : total energy is -11.920963 | electron energy -11.920963 + phonon energy 0.000000 | electron momentum kIdx = 10
	Nq(0) = 16,	Nq(1) = 0.132363,	Nq(2) = 0.20116,	Nq(3) = 0.132363,	Nq(4) = 0.132363,	Nq(5) = 0.20116,	Nq(6) = 0.273034,	Nq(7) = 0.20116,	Nq(8) = 0.20116,	Nq(9) = 0.273034,	Nq(10) = 0.332195,	Nq(11) = 0.273034,	Nq(12) = 0.132363,	Nq(13) = 0.20116,	Nq(14) = 0.273034,	Nq(15) = 0.20116,	Sq(0) = 1.49544e-18,	Sq(1) = 0.291628,	Sq(2) = 0.411574,	Sq(3) = 0.291628,	Sq(4) = 0.291628,	Sq(5) = 0.411574,	Sq(6) = 0.612076,	Sq(7) = 0.411574,	Sq(8) = 0.411574,	Sq(9) = 0.612076,	Sq(10) = 6.75499,	Sq(11) = 0.612076,	Sq(12) = 0.291628,	Sq(13) = 0.411574,	Sq(14) = 0.612076,	Sq(15) = 0.411574,	N(0) = 1.90011,	N(1) = 1.779,	N(2) = 1,	N(3) = 1.779,	N(4) = 1.779,	N(5) = 1,	N(6) = 0.221003,	N(7) = 1,	N(8) = 1,	N(9) = 0.221003,	N(10) = 0.0998943,	N(11) = 0.221003,	N(12) = 1.779,	N(13) = 1,	N(14) = 0.221003,	N(15) = 1,	Delta[s](0) = 0.147836,	Delta[s](1) = 0.126244,	Delta[s](2) = 0.100085,	Delta[s](3) = 0.126244,	Delta[s](4) = 0.126244,	Delta[s](5) = 0.100085,	Delta[s](6) = 0.0749955,	Delta[s](7) = 0.100085,	Delta[s](8) = 0.100085,	Delta[s](9) = 0.0749955,	Delta[s](10) = 0.0270698,	Delta[s](11) = 0.0749955,	Delta[s](12) = 0.126244,	Delta[s](13) = 0.100085,	Delta[s](14) = 0.0749955,	Delta[s](15) = 0.100085,	Delta[d](0) = 0.526101,	Delta[d](1) = 0.409261,	Delta[d](2) = 0.343775,	Delta[d](3) = 0.409261,	Delta[d](4) = 0.409261,	Delta[d](5) = 0.383998,	Delta[d](6) = 0.316968,	Delta[d](7) = 0.383998,	Delta[d](8) = 0.343775,	Delta[d](9) = 0.316968,	Delta[d](10) = 0.25701,	Delta[d](11) = 0.316968,	Delta[d](12) = 0.409261,	Delta[d](13) = 0.383998,	Delta[d](14) = 0.316968,	Delta[d](15) = 0.383998,	Delta[s+](0) = 0.593687,	Delta[s+](1) = 0.489726,	Delta[s+](2) = 0.343775,	Delta[s+](3) = 0.489726,	Delta[s+](4) = 0.489726,	Delta[s+](5) = 0.343775,	Delta[s+](6) = 0.20157,	Delta[s+](7) = 0.343775,	Delta[s+](8) = 0.343775,	Delta[s+](9) = 0.20157,	Delta[s+](10) = 0.0864143,	Delta[s+](11) = 0.20157,	Delta[s+](12) = 0.489726,	Delta[s+](13) = 0.343775,	Delta[s+](14) = 0.20157,	Delta[s+](15) = 0.343775
The 0-th iteration is completed.	|| time cost : 0h 8m 40.961s
********************************************************************************************************************
Start the 1 rounds of NGS-ED iteration
	effective electronic model is modified as: kinetic energy t = 0.923636
	                                           effective interaction Vq = [-2.76693,-2.49569,-2.41408,-2.49569,-2.49569,-2.41408,-2.38027,-2.41408,-2.41408,-2.38027,-2.34661,-2.38027,-2.49569,-2.41408,-2.38027,-2.41408]
	PARPACK diagonalization completed after 45 matrix-vector product operations.
	iteration results: : total energy is -66.185295 | electron energy -66.190388 + phonon energy 0.005094 | electron momentum kIdx = 10
The 1-th iteration is completed.	|| time cost : 0h 7m 35.403s
********************************************************************************************************************
Start the 2 rounds of NGS-ED iteration
	effective electronic model is modified as: kinetic energy t = 0.862416
	                                           effective interaction Vq = [-3.14139,-3.00858,-2.87884,-3.00858,-3.00858,-2.87884,-2.89732,-2.87884,-2.87884,-2.89732,-2.82165,-2.89732,-3.00858,-2.87884,-2.89732,-2.87884]
	PARPACK diagonalization completed after 45 matrix-vector product operations.
	iteration results: : total energy is -74.888709 | electron energy -74.934324 + phonon energy 0.045614 | electron momentum kIdx = 10
The 2-th iteration is completed.	|| time cost : 0h 0m 31.908s
********************************************************************************************************************
Start the 3 rounds of NGS-ED iteration
	effective electronic model is modified as: kinetic energy t = 0.829807
	                                           effective interaction Vq = [-3.19207,-3.11497, -3.0724,-3.11497,-3.11497, -3.0724,-3.02613, -3.0724, -3.0724,-3.02613,-2.94624,-3.02613,-3.11497, -3.0724,-3.02613, -3.0724]
	PARPACK diagonalization completed after 30 matrix-vector product operations.
	iteration results: : total energy is -76.312303 | electron energy -76.396506 + phonon energy 0.084203 | electron momentum kIdx = 10
The 3-th iteration is completed.	|| time cost : 0h 0m 27.612s
********************************************************************************************************************
Start the 4 rounds of NGS-ED iteration
	effective electronic model is modified as: kinetic energy t = 0.817811
	                                           effective interaction Vq = [-3.19893,-3.14126,-3.12138,-3.14126,-3.14126,-3.12138,-3.06271,-3.12138,-3.12138,-3.06271,-2.98378,-3.06271,-3.14126,-3.12138,-3.06271,-3.12138]
	PARPACK diagonalization completed after 30 matrix-vector product operations.
	iteration results: : total energy is -76.502515 | electron energy -76.606583 + phonon energy 0.104067 | electron momentum kIdx = 10
The 4-th iteration is completed.	|| time cost : 0h 0m 27.253s
********************************************************************************************************************
Start the 5 rounds of NGS-ED iteration
	effective electronic model is modified as: kinetic energy t = 0.81355
	                                           effective interaction Vq = [-3.19985,-3.14903,-3.13595,-3.14903,-3.14903,-3.13595,-3.07456,-3.13595,-3.13595,-3.07456,-2.99636,-3.07456,-3.14903,-3.13595,-3.07456,-3.13595]
	PARPACK diagonalization completed after 105 matrix-vector product operations.
	iteration results: : total energy is -76.934368 | electron energy -77.046408 + phonon energy 0.112040 | electron momentum kIdx = 10
The 5-th iteration is completed.	|| time cost : 0h 0m 51.118s
********************************************************************************************************************
Start the 6 rounds of NGS-ED iteration
	effective electronic model is modified as: kinetic energy t = 0.809452
	                                           effective interaction Vq = [-3.19998,-3.14721,-3.14694,-3.14721,-3.14721,-3.14694,-3.07141,-3.14694,-3.14694,-3.07141, -3.0825,-3.07141,-3.14721,-3.14694,-3.07141,-3.14694]
	PARPACK diagonalization completed after 45 matrix-vector product operations.
	iteration results: : total energy is -76.983019 | electron energy -77.101199 + phonon energy 0.118180 | electron momentum kIdx = 10
The 6-th iteration is completed.	|| time cost : 0h 0m 31.915s
********************************************************************************************************************
Start the 7 rounds of NGS-ED iteration
	effective electronic model is modified as: kinetic energy t = 0.807474
	                                           effective interaction Vq = [    -3.2,-3.14756,-3.14319,-3.14756,-3.14756,-3.14319,-3.07195,-3.14319,-3.14319,-3.07195,-3.14192,-3.07195,-3.14756,-3.14319,-3.07195,-3.14319]
	PARPACK diagonalization completed after 45 matrix-vector product operations.
	iteration results: : total energy is -77.102145 | electron energy -77.224784 + phonon energy 0.122638 | electron momentum kIdx = 10
The 7-th iteration is completed.	|| time cost : 0h 0m 32.023s
********************************************************************************************************************
Start the 8 rounds of NGS-ED iteration
	effective electronic model is modified as: kinetic energy t = 0.814571
	                                           effective interaction Vq = [    -3.2,-3.14218,-3.08299,-3.14218,-3.14218,-3.08299,-3.06435,-3.08299,-3.08299,-3.06435,-3.18122,-3.06435,-3.14218,-3.08299,-3.06435,-3.08299]
	PARPACK diagonalization completed after 30 matrix-vector product operations.
	iteration results: : total energy is -77.272984 | electron energy -77.394178 + phonon energy 0.121194 | electron momentum kIdx = 10
The 8-th iteration is completed.	|| time cost : 0h 0m 27.32s
********************************************************************************************************************
Start the 9 rounds of NGS-ED iteration
	effective electronic model is modified as: kinetic energy t = 0.819364
	                                           effective interaction Vq = [    -3.2,-3.13459,-3.04278,-3.13459,-3.13459,-3.04278,-3.05387,-3.04278,-3.04278,-3.05387,-3.19057,-3.05387,-3.13459,-3.04278,-3.05387,-3.04278]
	PARPACK diagonalization completed after 30 matrix-vector product operations.
	iteration results: : total energy is -77.305893 | electron energy -77.424231 + phonon energy 0.118337 | electron momentum kIdx = 10
The 9-th iteration is completed.	|| time cost : 0h 0m 27.381s
********************************************************************************************************************
Start the 10 rounds of NGS-ED iteration
	effective electronic model is modified as: kinetic energy t = 0.821396
	                                           effective interaction Vq = [    -3.2,-3.13003,-3.02646,-3.13003,-3.13003,-3.02646,-3.04776,-3.02646,-3.02646,-3.04776, -3.1931,-3.04776,-3.13003,-3.02646,-3.04776,-3.02646]
	PARPACK diagonalization completed after 30 matrix-vector product operations.
	iteration results: : total energy is -77.310542 | electron energy -77.427091 + phonon energy 0.116549 | electron momentum kIdx = 10
	Nq(0) = 16,	Nq(1) = 0.326459,	Nq(2) = 0.365864,	Nq(3) = 0.326459,	Nq(4) = 0.326459,	Nq(5) = 0.365864,	Nq(6) = 0.591975,	Nq(7) = 0.365864,	Nq(8) = 0.365864,	Nq(9) = 0.591975,	Nq(10) = 4.76845,	Nq(11) = 0.591975,	Nq(12) = 0.326459,	Nq(13) = 0.365864,	Nq(14) = 0.591975,	Nq(15) = 0.365864,	Sq(0) = 2.91571e-18,	Sq(1) = 0.258519,	Sq(2) = 0.319938,	Sq(3) = 0.258519,	Sq(4) = 0.258519,	Sq(5) = 0.319938,	Sq(6) = 0.468932,	Sq(7) = 0.319938,	Sq(8) = 0.319938,	Sq(9) = 0.468932,	Sq(10) = 0.533193,	Sq(11) = 0.468932,	Sq(12) = 0.258519,	Sq(13) = 0.319938,	Sq(14) = 0.468932,	Sq(15) = 0.319938,	N(0) = 1.98576,	N(1) = 1.96156,	N(2) = 1,	N(3) = 1.96156,	N(4) = 1.96156,	N(5) = 1,	N(6) = 0.0384384,	N(7) = 1,	N(8) = 1,	N(9) = 0.0384384,	N(10) = 0.0142366,	N(11) = 0.0384384,	N(12) = 1.96156,	N(13) = 1,	N(14) = 0.0384384,	N(15) = 1,	Delta[s](0) = 0.468265,	Delta[s](1) = 0.353482,	Delta[s](2) = 0.339392,	Delta[s](3) = 0.353482,	Delta[s](4) = 0.353482,	Delta[s](5) = 0.339392,	Delta[s](6) = 0.28537,	Delta[s](7) = 0.339392,	Delta[s](8) = 0.339392,	Delta[s](9) = 0.28537,	Delta[s](10) = 0.258658,	Delta[s](11) = 0.28537,	Delta[s](12) = 0.353482,	Delta[s](13) = 0.339392,	Delta[s](14) = 0.28537,	Delta[s](15) = 0.339392,	Delta[d](0) = 0.223812,	Delta[d](1) = 0.218019,	Delta[d](2) = 0.217058,	Delta[d](3) = 0.218019,	Delta[d](4) = 0.218019,	Delta[d](5) = 0.142347,	Delta[d](6) = 0.177077,	Delta[d](7) = 0.142347,	Delta[d](8) = 0.217058,	Delta[d](9) = 0.177077,	Delta[d](10) = 0.0608372,	Delta[d](11) = 0.177077,	Delta[d](12) = 0.218019,	Delta[d](13) = 0.142347,	Delta[d](14) = 0.177077,	Delta[d](15) = 0.142347,	Delta[s+](0) = 0.419302,	Delta[s+](1) = 0.333811,	Delta[s+](2) = 0.217058,	Delta[s+](3) = 0.333811,	Delta[s+](4) = 0.333811,	Delta[s+](5) = 0.217058,	Delta[s+](6) = 0.0983597,	Delta[s+](7) = 0.217058,	Delta[s+](8) = 0.217058,	Delta[s+](9) = 0.0983597,	Delta[s+](10) = 0.0337009,	Delta[s+](11) = 0.0983597,	Delta[s+](12) = 0.333811,	Delta[s+](13) = 0.217058,	Delta[s+](14) = 0.0983597,	Delta[s+](15) = 0.217058
The 10-th iteration is completed.	|| time cost : 0h 4m 32.766s
********************************************************************************************************************
Start the 11 rounds of NGS-ED iteration
	effective electronic model is modified as: kinetic energy t = 0.822239
	                                           effective interaction Vq = [    -3.2,-3.12776,-3.02029,-3.12776,-3.12776,-3.02029,-3.04474,-3.02029,-3.02029,-3.04474,-3.19389,-3.04474,-3.12776,-3.02029,-3.04474,-3.02029]
	PARPACK diagonalization completed after 30 matrix-vector product operations.
	iteration results: : total energy is -77.311203 | electron energy -77.426871 + phonon energy 0.115667 | electron momentum kIdx = 10
The 11-th iteration is completed.	|| time cost : 0h 0m 27.62s
********************************************************************************************************************
Start the 12 rounds of NGS-ED iteration
	effective electronic model is modified as: kinetic energy t = 0.822587
	                                           effective interaction Vq = [    -3.2,-3.12671,  -3.018,-3.12671,-3.12671,  -3.018,-3.04334,  -3.018,  -3.018,-3.04334,-3.19416,-3.04334,-3.12671,  -3.018,-3.04334,  -3.018]
	PARPACK diagonalization completed after 30 matrix-vector product operations.
	iteration results: : total energy is -77.311301 | electron energy -77.426562 + phonon energy 0.115262 | electron momentum kIdx = 10
The 12-th iteration is completed.	|| time cost : 0h 0m 27.324s
********************************************************************************************************************
Start the 13 rounds of NGS-ED iteration
	effective electronic model is modified as: kinetic energy t = 0.82273
	                                           effective interaction Vq = [    -3.2,-3.12625,-3.01714,-3.12625,-3.12625,-3.01714,-3.04272,-3.01714,-3.01714,-3.04272,-3.19425,-3.04272,-3.12625,-3.01714,-3.04272,-3.01714]
	PARPACK diagonalization completed after 30 matrix-vector product operations.
	iteration results: : total energy is -77.311316 | electron energy -77.426397 + phonon energy 0.115082 | electron momentum kIdx = 10
The 13-th iteration is completed.	|| time cost : 0h 0m 27.235s
********************************************************************************************************************
Start the 14 rounds of NGS-ED iteration
	effective electronic model is modified as: kinetic energy t = 0.822788
	                                           effective interaction Vq = [    -3.2,-3.12605,-3.01681,-3.12605,-3.12605,-3.01681,-3.04245,-3.01681,-3.01681,-3.04245,-3.19429,-3.04245,-3.12605,-3.01681,-3.04245,-3.01681]
	PARPACK diagonalization completed after 30 matrix-vector product operations.
	iteration results: : total energy is -77.311318 | electron energy -77.426322 + phonon energy 0.115004 | electron momentum kIdx = 10
	Nq(0) = 16,	Nq(1) = 0.324517,	Nq(2) = 0.364348,	Nq(3) = 0.324517,	Nq(4) = 0.324517,	Nq(5) = 0.364348,	Nq(6) = 0.589249,	Nq(7) = 0.364348,	Nq(8) = 0.364348,	Nq(9) = 0.589249,	Nq(10) = 4.8001,	Nq(11) = 0.589249,	Nq(12) = 0.324517,	Nq(13) = 0.364348,	Nq(14) = 0.589249,	Nq(15) = 0.364348,	Sq(0) = 1.79626e-18,	Sq(1) = 0.258049,	Sq(2) = 0.319734,	Sq(3) = 0.258049,	Sq(4) = 0.258049,	Sq(5) = 0.319734,	Sq(6) = 0.468698,	Sq(7) = 0.319734,	Sq(8) = 0.319734,	Sq(9) = 0.468698,	Sq(10) = 0.533363,	Sq(11) = 0.468698,	Sq(12) = 0.258049,	Sq(13) = 0.319734,	Sq(14) = 0.468698,	Sq(15) = 0.319734,	N(0) = 1.98566,	N(1) = 1.96111,	N(2) = 1,	N(3) = 1.96111,	N(4) = 1.96111,	N(5) = 1,	N(6) = 0.0388854,	N(7) = 1,	N(8) = 1,	N(9) = 0.0388854,	N(10) = 0.0143425,	N(11) = 0.0388854,	N(12) = 1.96111,	N(13) = 1,	N(14) = 0.0388854,	N(15) = 1,	Delta[s](0) = 0.466882,	Delta[s](1) = 0.353718,	Delta[s](2) = 0.339497,	Delta[s](3) = 0.353718,	Delta[s](4) = 0.353718,	Delta[s](5) = 0.339497,	Delta[s](6) = 0.285658,	Delta[s](7) = 0.339497,	Delta[s](8) = 0.339497,	Delta[s](9) = 0.285658,	Delta[s](10) = 0.259252,	Delta[s](11) = 0.285658,	Delta[s](12) = 0.353718,	Delta[s](13) = 0.339497,	Delta[s](14) = 0.285658,	Delta[s](15) = 0.339497,	Delta[d](0) = 0.223296,	Delta[d](1) = 0.21736,	Delta[d](2) = 0.216683,	Delta[d](3) = 0.21736,	Delta[d](4) = 0.21736,	Delta[d](5) = 0.141813,	Delta[d](6) = 0.176372,	Delta[d](7) = 0.141813,	Delta[d](8) = 0.216683,	Delta[d](9) = 0.176372,	Delta[d](10) = 0.0602825,	Delta[d](11) = 0.176372,	Delta[d](12) = 0.21736,	Delta[d](13) = 0.141813,	Delta[d](14) = 0.176372,	Delta[d](15) = 0.141813,	Delta[s+](0) = 0.419345,	Delta[s+](1) = 0.33354,	Delta[s+](2) = 0.216683,	Delta[s+](3) = 0.33354,	Delta[s+](4) = 0.33354,	Delta[s+](5) = 0.216683,	Delta[s+](6) = 0.0978927,	Delta[s+](7) = 0.216683,	Delta[s+](8) = 0.216683,	Delta[s+](9) = 0.0978927,	Delta[s+](10) = 0.0334057,	Delta[s+](11) = 0.0978927,	Delta[s+](12) = 0.33354,	Delta[s+](13) = 0.216683,	Delta[s+](14) = 0.0978927,	Delta[s+](15) = 0.216683
The 14-th iteration is completed.	|| time cost : 0h 4m 36.106s
********************************************************************************************************************
********************************************************************************************************************
Ground state is obtained after 15 iterations. The current ground-state energy is -77.3113, in which electron energy is -77.4263 and phonon energy is 0.115004
final variational state is: 
	Gamma_x = [      1,1.02716,1.04336,1.02716,1.02716,1.04336,1.06726,1.04336,1.04336,1.06726,1.13179,1.06726,1.02716,1.04336,1.06726,1.04336]
	lambda_q = [0.565685, 0.47964,0.430294, 0.47964, 0.47964,0.430294,0.440121,0.430294,0.430294,0.440121,0.541811,0.440121, 0.47964,0.430294,0.440121,0.430294]
********************************************************************************************************************
o___o  ----------------------------------------
| L |	Time since last clock: 0h 0m 0s
A===A	Time since the beginning: 0h 31m 3.953s
***********************************************


********************************************************************************************************************
Warm up runs have been completed. Start calculating W = 5 phonon.
open output files: NGSEDIterationObs.txt
********************************************************************************************************************
Start the 0 rounds of NGS-ED iteration
	effective electronic model is modified as: kinetic energy t = 0.822812
	                                           effective interaction Vq = [-2.92548,-2.68685,-2.51659,-2.68685,-2.68685,-2.51659,-2.55244,-2.51659,-2.51659,-2.55244,-2.86669,-2.55244,-2.68685,-2.51659,-2.55244,-2.51659]
	PARPACK diagonalization completed after 45 matrix-vector product operations.
	iteration results: : total energy is -68.707199 | electron energy -68.764684 + phonon energy 0.057485 | electron momentum kIdx = 10
	Nq(0) = 16,	Nq(1) = 0.319574,	Nq(2) = 0.350506,	Nq(3) = 0.319574,	Nq(4) = 0.319574,	Nq(5) = 0.350506,	Nq(6) = 0.553584,	Nq(7) = 0.350506,	Nq(8) = 0.350506,	Nq(9) = 0.553584,	Nq(10) = 4.42742,	Nq(11) = 0.553584,	Nq(12) = 0.319574,	Nq(13) = 0.350506,	Nq(14) = 0.553584,	Nq(15) = 0.350506,	Sq(0) = 4.5729e-18,	Sq(1) = 0.295651,	Sq(2) = 0.345636,	Sq(3) = 0.295651,	Sq(4) = 0.295651,	Sq(5) = 0.345636,	Sq(6) = 0.5327,	Sq(7) = 0.345636,	Sq(8) = 0.345636,	Sq(9) = 0.5327,	Sq(10) = 0.589684,	Sq(11) = 0.5327,	Sq(12) = 0.295651,	Sq(13) = 0.345636,	Sq(14) = 0.5327,	Sq(15) = 0.345636,	N(0) = 1.99356,	N(1) = 1.98005,	N(2) = 1,	N(3) = 1.98005,	N(4) = 1.98005,	N(5) = 1,	N(6) = 0.0199526,	N(7) = 1,	N(8) = 1,	N(9) = 0.0199526,	N(10) = 0.00643561,	N(11) = 0.0199526,	N(12) = 1.98005,	N(13) = 1,	N(14) = 0.0199526,	N(15) = 1,	Delta[s](0) = 0.397757,	Delta[s](1) = 0.33002,	Delta[s](2) = 0.31969,	Delta[s](3) = 0.33002,	Delta[s](4) = 0.33002,	Delta[s](5) = 0.31969,	Delta[s](6) = 0.277627,	Delta[s](7) = 0.31969,	Delta[s](8) = 0.31969,	Delta[s](9) = 0.277627,	Delta[s](10) = 0.265064,	Delta[s](11) = 0.277627,	Delta[s](12) = 0.33002,	Delta[s](13) = 0.31969,	Delta[s](14) = 0.277627,	Delta[s](15) = 0.31969,	Delta[d](0) = 0.232811,	Delta[d](1) = 0.232597,	Delta[d](2) = 0.233545,	Delta[d](3) = 0.232597,	Delta[d](4) = 0.232597,	Delta[d](5) = 0.150852,	Delta[d](6) = 0.189983,	Delta[d](7) = 0.150852,	Delta[d](8) = 0.233545,	Delta[d](9) = 0.189983,	Delta[d](10) = 0.0688771,	Delta[d](11) = 0.189983,	Delta[d](12) = 0.232597,	Delta[d](13) = 0.150852,	Delta[d](14) = 0.189983,	Delta[d](15) = 0.150852,	Delta[s+](0) = 0.459216,	Delta[s+](1) = 0.359761,	Delta[s+](2) = 0.233545,	Delta[s+](3) = 0.359761,	Delta[s+](4) = 0.359761,	Delta[s+](5) = 0.233545,	Delta[s+](6) = 0.106922,	Delta[s+](7) = 0.233545,	Delta[s+](8) = 0.233545,	Delta[s+](9) = 0.106922,	Delta[s+](10) = 0.0381364,	Delta[s+](11) = 0.106922,	Delta[s+](12) = 0.359761,	Delta[s+](13) = 0.233545,	Delta[s+](14) = 0.106922,	Delta[s+](15) = 0.233545
The 0-th iteration is completed.	|| time cost : 0h 4m 26.013s
********************************************************************************************************************
Start the 1 rounds of NGS-ED iteration
	effective electronic model is modified as: kinetic energy t = 0.798094
	                                           effective interaction Vq = [-3.09901,-2.84866,-2.63487,-2.84866,-2.84866,-2.63487,-2.67895,-2.63487,-2.63487,-2.67895,-3.06211,-2.67895,-2.84866,-2.63487,-2.67895,-2.63487]
	PARPACK diagonalization completed after 30 matrix-vector product operations.
	iteration results: : total energy is -72.449301 | electron energy -72.627244 + phonon energy 0.177944 | electron momentum kIdx = 10
The 1-th iteration is completed.	|| time cost : 0h 0m 27.326s
********************************************************************************************************************
Start the 2 rounds of NGS-ED iteration
	effective electronic model is modified as: kinetic energy t = 0.785811
	                                           effective interaction Vq = [-3.16285,-2.90805,-2.68656,-2.90805,-2.90805,-2.68656, -2.7301,-2.68656,-2.68656, -2.7301,-3.14165, -2.7301,-2.90805,-2.68656, -2.7301,-2.68656]
	PARPACK diagonalization completed after 30 matrix-vector product operations.
	iteration results: : total energy is -73.823579 | electron energy -74.083698 + phonon energy 0.260119 | electron momentum kIdx = 10
The 2-th iteration is completed.	|| time cost : 0h 0m 27.381s
********************************************************************************************************************
Start the 3 rounds of NGS-ED iteration
	effective electronic model is modified as: kinetic energy t = 0.780278
	                                           effective interaction Vq = [-3.18633,-2.92852,-2.70814,-2.92852,-2.92852,-2.70814,-2.74897,-2.70814,-2.70814,-2.74897,-3.17201,-2.74897,-2.92852,-2.70814,-2.74897,-2.70814]
	PARPACK diagonalization completed after 30 matrix-vector product operations.
	iteration results: : total energy is -74.309587 | electron energy -74.614421 + phonon energy 0.304835 | electron momentum kIdx = 10
The 3-th iteration is completed.	|| time cost : 0h 0m 27.293s
********************************************************************************************************************
Start the 4 rounds of NGS-ED iteration
	effective electronic model is modified as: kinetic energy t = 0.777865
	                                           effective interaction Vq = [-3.19497,-2.93514,-2.71716,-2.93514,-2.93514,-2.71716,-2.75553,-2.71716,-2.71716,-2.75553, -3.1838,-2.75553,-2.93514,-2.71716,-2.75553,-2.71716]
	PARPACK diagonalization completed after 30 matrix-vector product operations.
	iteration results: : total energy is -74.479055 | electron energy -74.806643 + phonon energy 0.327588 | electron momentum kIdx = 10
The 4-th iteration is completed.	|| time cost : 0h 0m 27.658s
********************************************************************************************************************
Start the 5 rounds of NGS-ED iteration
	effective electronic model is modified as: kinetic energy t = 0.776833
	                                           effective interaction Vq = [-3.19815,-2.93694,-2.72095,-2.93694,-2.93694,-2.72095,-2.75756,-2.72095,-2.72095,-2.75756,-3.18868,-2.75756,-2.93694,-2.72095,-2.75756,-2.72095]
	PARPACK diagonalization completed after 30 matrix-vector product operations.
	iteration results: : total energy is -74.538291 | electron energy -74.877153 + phonon energy 0.338862 | electron momentum kIdx = 10
The 5-th iteration is completed.	|| time cost : 0h 0m 27.276s
********************************************************************************************************************
Start the 6 rounds of NGS-ED iteration
	effective electronic model is modified as: kinetic energy t = 0.77641
	                                           effective interaction Vq = [-3.19932,-2.93711,-2.72251,-2.93711,-2.93711,-2.72251,-2.75793,-2.72251,-2.72251,-2.75793,-3.19084,-2.75793,-2.93711,-2.72251,-2.75793,-2.72251]
	PARPACK diagonalization completed after 30 matrix-vector product operations.
	iteration results: : total energy is -74.559188 | electron energy -74.903515 + phonon energy 0.344327 | electron momentum kIdx = 10
The 6-th iteration is completed.	|| time cost : 0h 0m 27.367s
********************************************************************************************************************
Start the 7 rounds of NGS-ED iteration
	effective electronic model is modified as: kinetic energy t = 0.776254
	                                           effective interaction Vq = [-3.19975,-2.93678,-2.72308,-2.93678,-2.93678,-2.72308,-2.75774,-2.72308,-2.72308,-2.75774,-3.19185,-2.75774,-2.93678,-2.72308,-2.75774,-2.72308]
	PARPACK diagonalization completed after 30 matrix-vector product operations.
	iteration results: : total energy is -74.566637 | electron energy -74.913547 + phonon energy 0.346910 | electron momentum kIdx = 10
The 7-th iteration is completed.	|| time cost : 0h 0m 27.621s
********************************************************************************************************************
Start the 8 rounds of NGS-ED iteration
	effective electronic model is modified as: kinetic energy t = 0.776212
	                                           effective interaction Vq = [-3.19991,-2.93637,-2.72324,-2.93637,-2.93637,-2.72324,-2.75741,-2.72324,-2.72324,-2.75741,-3.19235,-2.75741,-2.93637,-2.72324,-2.75741,-2.72324]
	PARPACK diagonalization completed after 30 matrix-vector product operations.
	iteration results: : total energy is -74.569315 | electron energy -74.917406 + phonon energy 0.348090 | electron momentum kIdx = 10
The 8-th iteration is completed.	|| time cost : 0h 0m 27.634s
********************************************************************************************************************
Start the 9 rounds of NGS-ED iteration
	effective electronic model is modified as: kinetic energy t = 0.776214
	                                           effective interaction Vq = [-3.19997,-2.93601,-2.72323,-2.93601,-2.93601,-2.72323,-2.75708,-2.72323,-2.72323,-2.75708,-3.19259,-2.75708,-2.93601,-2.72323,-2.75708,-2.72323]
	PARPACK diagonalization completed after 30 matrix-vector product operations.
	iteration results: : total energy is -74.570286 | electron energy -74.918888 + phonon energy 0.348603 | electron momentum kIdx = 10
The 9-th iteration is completed.	|| time cost : 0h 0m 27.26s
********************************************************************************************************************
Start the 10 rounds of NGS-ED iteration
	effective electronic model is modified as: kinetic energy t = 0.776231
	                                           effective interaction Vq = [-3.19999,-2.93573,-2.72317,-2.93573,-2.93573,-2.72317,-2.75681,-2.72317,-2.72317,-2.75681,-3.19271,-2.75681,-2.93573,-2.72317,-2.75681,-2.72317]
	PARPACK diagonalization completed after 30 matrix-vector product operations.
	iteration results: : total energy is -74.570639 | electron energy -74.919445 + phonon energy 0.348806 | electron momentum kIdx = 10
	Nq(0) = 16,	Nq(1) = 0.253666,	Nq(2) = 0.316279,	Nq(3) = 0.253666,	Nq(4) = 0.253666,	Nq(5) = 0.316279,	Nq(6) = 0.479776,	Nq(7) = 0.316279,	Nq(8) = 0.316279,	Nq(9) = 0.479776,	Nq(10) = 6.20505,	Nq(11) = 0.479776,	Nq(12) = 0.253666,	Nq(13) = 0.316279,	Nq(14) = 0.479776,	Nq(15) = 0.316279,	Sq(0) = -4.42121e-18,	Sq(1) = 0.225375,	Sq(2) = 0.299869,	Sq(3) = 0.225375,	Sq(4) = 0.225375,	Sq(5) = 0.299869,	Sq(6) = 0.436808,	Sq(7) = 0.299869,	Sq(8) = 0.299869,	Sq(9) = 0.436808,	Sq(10) = 0.515557,	Sq(11) = 0.436808,	Sq(12) = 0.225375,	Sq(13) = 0.299869,	Sq(14) = 0.436808,	Sq(15) = 0.299869,	N(0) = 1.97478,	N(1) = 1.92255,	N(2) = 1,	N(3) = 1.92255,	N(4) = 1.92255,	N(5) = 1,	N(6) = 0.0774482,	N(7) = 1,	N(8) = 1,	N(9) = 0.0774482,	N(10) = 0.025221,	N(11) = 0.0774482,	N(12) = 1.92255,	N(13) = 1,	N(14) = 0.0774482,	N(15) = 1,	Delta[s](0) = 0.418782,	Delta[s](1) = 0.363111,	Delta[s](2) = 0.347746,	Delta[s](3) = 0.363111,	Delta[s](4) = 0.363111,	Delta[s](5) = 0.347746,	Delta[s](6) = 0.315722,	Delta[s](7) = 0.347746,	Delta[s](8) = 0.347746,	Delta[s](9) = 0.315722,	Delta[s](10) = 0.297658,	Delta[s](11) = 0.315722,	Delta[s](12) = 0.363111,	Delta[s](13) = 0.347746,	Delta[s](14) = 0.315722,	Delta[s](15) = 0.347746,	Delta[d](0) = 0.208331,	Delta[d](1) = 0.196942,	Delta[d](2) = 0.209435,	Delta[d](3) = 0.196942,	Delta[d](4) = 0.196942,	Delta[d](5) = 0.136299,	Delta[d](6) = 0.158223,	Delta[d](7) = 0.136299,	Delta[d](8) = 0.209435,	Delta[d](9) = 0.158223,	Delta[d](10) = 0.0641935,	Delta[d](11) = 0.158223,	Delta[d](12) = 0.196942,	Delta[d](13) = 0.136299,	Delta[d](14) = 0.158223,	Delta[d](15) = 0.136299,	Delta[s+](0) = 0.422554,	Delta[s+](1) = 0.325344,	Delta[s+](2) = 0.209435,	Delta[s+](3) = 0.325344,	Delta[s+](4) = 0.325344,	Delta[s+](5) = 0.209435,	Delta[s+](6) = 0.0936694,	Delta[s+](7) = 0.209435,	Delta[s+](8) = 0.209435,	Delta[s+](9) = 0.0936694,	Delta[s+](10) = 0.0366018,	Delta[s+](11) = 0.0936694,	Delta[s+](12) = 0.325344,	Delta[s+](13) = 0.209435,	Delta[s+](14) = 0.0936694,	Delta[s+](15) = 0.209435
The 10-th iteration is completed.	|| time cost : 0h 4m 21.382s
********************************************************************************************************************
Start the 11 rounds of NGS-ED iteration
	effective electronic model is modified as: kinetic energy t = 0.776249
	                                           effective interaction Vq = [    -3.2,-2.93552, -2.7231,-2.93552,-2.93552, -2.7231,-2.75661, -2.7231, -2.7231,-2.75661,-3.19277,-2.75661,-2.93552, -2.7231,-2.75661, -2.7231]
	PARPACK diagonalization completed after 30 matrix-vector product operations.
	iteration results: : total energy is -74.570768 | electron energy -74.919640 + phonon energy 0.348872 | electron momentum kIdx = 10
The 11-th iteration is completed.	|| time cost : 0h 0m 27.314s
********************************************************************************************************************
Start the 12 rounds of NGS-ED iteration
	effective electronic model is modified as: kinetic energy t = 0.776266
	                                           effective interaction Vq = [    -3.2,-2.93537,-2.72303,-2.93537,-2.93537,-2.72303,-2.75646,-2.72303,-2.72303,-2.75646,-3.19281,-2.75646,-2.93537,-2.72303,-2.75646,-2.72303]
	PARPACK diagonalization completed after 30 matrix-vector product operations.
	iteration results: : total energy is -74.570815 | electron energy -74.919696 + phonon energy 0.348881 | electron momentum kIdx = 10
The 12-th iteration is completed.	|| time cost : 0h 0m 27.334s
********************************************************************************************************************
Start the 13 rounds of NGS-ED iteration
	effective electronic model is modified as: kinetic energy t = 0.776279
	                                           effective interaction Vq = [    -3.2,-2.93527,-2.72298,-2.93527,-2.93527,-2.72298,-2.75635,-2.72298,-2.72298,-2.75635,-3.19282,-2.75635,-2.93527,-2.72298,-2.75635,-2.72298]
	PARPACK diagonalization completed after 30 matrix-vector product operations.
	iteration results: : total energy is -74.570832 | electron energy -74.919703 + phonon energy 0.348870 | electron momentum kIdx = 10
The 13-th iteration is completed.	|| time cost : 0h 0m 27.263s
********************************************************************************************************************
Start the 14 rounds of NGS-ED iteration
	effective electronic model is modified as: kinetic energy t = 0.776288
	                                           effective interaction Vq = [    -3.2, -2.9352,-2.72294, -2.9352, -2.9352,-2.72294,-2.75628,-2.72294,-2.72294,-2.75628,-3.19283,-2.75628, -2.9352,-2.72294,-2.75628,-2.72294]
	PARPACK diagonalization completed after 30 matrix-vector product operations.
	iteration results: : total energy is -74.570839 | electron energy -74.919693 + phonon energy 0.348854 | electron momentum kIdx = 10
The 14-th iteration is completed.	|| time cost : 0h 0m 27.264s
********************************************************************************************************************
Start the 15 rounds of NGS-ED iteration
	effective electronic model is modified as: kinetic energy t = 0.776295
	                                           effective interaction Vq = [    -3.2,-2.93516,-2.72292,-2.93516,-2.93516,-2.72292,-2.75623,-2.72292,-2.72292,-2.75623,-3.19284,-2.75623,-2.93516,-2.72292,-2.75623,-2.72292]
	PARPACK diagonalization completed after 30 matrix-vector product operations.
	iteration results: : total energy is -74.570841 | electron energy -74.919680 + phonon energy 0.348839 | electron momentum kIdx = 10
The 15-th iteration is completed.	|| time cost : 0h 0m 27.305s
********************************************************************************************************************
Start the 16 rounds of NGS-ED iteration
	effective electronic model is modified as: kinetic energy t = 0.7763
	                                           effective interaction Vq = [    -3.2,-2.93512, -2.7229,-2.93512,-2.93512, -2.7229,-2.75619, -2.7229, -2.7229,-2.75619,-3.19284,-2.75619,-2.93512, -2.7229,-2.75619, -2.7229]
	PARPACK diagonalization completed after 30 matrix-vector product operations.
	iteration results: : total energy is -74.570842 | electron energy -74.919668 + phonon energy 0.348826 | electron momentum kIdx = 10
The 16-th iteration is completed.	|| time cost : 0h 0m 27.288s
********************************************************************************************************************
Start the 17 rounds of NGS-ED iteration
	effective electronic model is modified as: kinetic energy t = 0.776303
	                                           effective interaction Vq = [    -3.2, -2.9351,-2.72288, -2.9351, -2.9351,-2.72288,-2.75617,-2.72288,-2.72288,-2.75617,-3.19284,-2.75617, -2.9351,-2.72288,-2.75617,-2.72288]
	PARPACK diagonalization completed after 30 matrix-vector product operations.
	iteration results: : total energy is -74.570842 | electron energy -74.919659 + phonon energy 0.348817 | electron momentum kIdx = 10
The 17-th iteration is completed.	|| time cost : 0h 0m 27.272s
********************************************************************************************************************
Start the 18 rounds of NGS-ED iteration
	effective electronic model is modified as: kinetic energy t = 0.776306
	                                           effective interaction Vq = [    -3.2,-2.93509,-2.72287,-2.93509,-2.93509,-2.72287,-2.75615,-2.72287,-2.72287,-2.75615,-3.19284,-2.75615,-2.93509,-2.72287,-2.75615,-2.72287]
	PARPACK diagonalization completed after 30 matrix-vector product operations.
	iteration results: : total energy is -74.570842 | electron energy -74.919652 + phonon energy 0.348810 | electron momentum kIdx = 10
The 18-th iteration is completed.	|| time cost : 0h 0m 27.62s
********************************************************************************************************************
Start the 19 rounds of NGS-ED iteration
	effective electronic model is modified as: kinetic energy t = 0.776307
	                                           effective interaction Vq = [    -3.2,-2.93508,-2.72287,-2.93508,-2.93508,-2.72287,-2.75614,-2.72287,-2.72287,-2.75614,-3.19284,-2.75614,-2.93508,-2.72287,-2.75614,-2.72287]
	PARPACK diagonalization completed after 30 matrix-vector product operations.
	iteration results: : total energy is -74.570843 | electron energy -74.919648 + phonon energy 0.348805 | electron momentum kIdx = 10
The 19-th iteration is completed.	|| time cost : 0h 0m 27.26s
