SNEDics v3.22.2 Non-Gaussian ED ground state program		Start at Fri May  6 07:58:32 2022

Parallelization: 32 MPI threads  * 8 OpenMP threads = 256 total threads.
********************************************************************************************************************
********************************************************************************************************************

********************************************************************************************************************
System parameters and configurations
	special program options are enabled: splitted diagonal Hamiltonian | splitted Hamiltonian terms
********************************************************************************************************************
Read input file "model_params.in"
	Hubbard-Holstein model parameters : 	t = 1    t' = -0.3    U = 8    g = 0.25    W = 0.2    g' = 0.2    
********************************************************************************************************************
Read input file "hilbertspace_params.in"
	Requested 16-site 2D lattice, with 8 electrons (4, 4)
	Boundary : Periodic		Hilbert space representation : momentum-space (restricted to kIdx = 0)
	Conservation: particle number[U(1)]      spin[U(1)]     momentum
********************************************************************************************************************

Cluster Positions:				Cluster symmetry group : D4
 x ... x ... x ... x .....                       x ... x ... x ... x .....
 |           |           :                       |           |           :
 |           |           :                       |           |           :
12    13    14    15     x                       1     5     6     5     x
 |           |           :                       |           |           :
 |           |           :                       |           |           :
 8 --- 9 ---10 ---11 --- x                       2 --- 6 ---10 --- 6 --- x
 |           |           :                       |           |           :
 |           |           :                       |           |           :
 4     5     6     7     x                       1     5     6     5     x
 |           |           :                       |           |           :
 |           |           :                       |           |           :
 0 --- 1 --- 2 --- 3 --- x                       0 --- 1 --- 2 --- 1 --- x
orbital number : 1
********************************************************************************************************************
Read input file "obs_params.in"
	Observable Type : Nq(All),   Sq(All),   N(All-Orbital),   Delta[s](All),   Delta[d](All),   Delta[s+](All)
** WARNING ** the input observables have non-local factors which have been reinterpreted. The total observable number is 96
********************************************************************************************************************


********************************************************************************************************************
Start calculating the non-Gaussian ED ground state
Maximal iteration number is 1000; energy resolution is 1e-06. Phonon state relaxation time is 2000
W = 0.2 is relatively large. The non-Gaussian ED calculation starts directly.
open output files: NGSED_iteration_observables.txt
********************************************************************************************************************
Start the 0 rounds of NGS-ED iteration
	effective electronic model is modified as: kinetic energy t = 1, t' = -0.3
	                                           effective interaction Vq = [0,0,0,0,0,0,0,0,0,0,0,0,0,0,0,0]
	first Hamiltonian is constructed, size = 207184 and non-zero numbers = 32252562
	PARPACK diagonalization completed after 120 matrix-vector product operations.
	iteration results: : total energy is -14.600323 | electron energy -14.600323 + phonon energy 0.000000 | electron momentum kIdx = 0
	Nq(0) = 4,	Nq(1) = 0.197198,	Nq(2) = 0.25408,	Nq(3) = 0.197198,	Nq(4) = 0.197198,	Nq(5) = 0.267076,	
	Nq(6) = 0.353825,	Nq(7) = 0.267076,	Nq(8) = 0.25408,	Nq(9) = 0.353825,	Nq(10) = 0.466428,	
	Nq(11) = 0.353825,	Nq(12) = 0.197198,	Nq(13) = 0.267076,	Nq(14) = 0.353825,	Nq(15) = 0.267076;	
	Sq(0) = 8.19558e-19,	Sq(1) = 0.482052,	Sq(2) = 0.340779,	Sq(3) = 0.482052,	Sq(4) = 0.482052,	
	Sq(5) = 0.566062,	Sq(6) = 0.591821,	Sq(7) = 0.566062,	Sq(8) = 0.340779,	Sq(9) = 0.591821,	
	Sq(10) = 0.511715,	Sq(11) = 0.591821,	Sq(12) = 0.482052,	Sq(13) = 0.566062,	Sq(14) = 0.591821,	
	Sq(15) = 0.566062;	N(0) = 1.72489,	N(1) = 1.32099,	N(2) = 0.213478,	N(3) = 1.32099,	
	N(4) = 1.32099,	N(5) = 0.105651,	N(6) = 0.0323985,	N(7) = 0.105651,	N(8) = 0.213478,	
	N(9) = 0.0323985,	N(10) = 0.0120143,	N(11) = 0.0323985,	N(12) = 1.32099,	N(13) = 0.105651,	
	N(14) = 0.0323985,	N(15) = 0.105651;	Delta[s](0) = 0.0230146,	Delta[s](1) = 0.0129456,	Delta[s](2) = 0.00938908,	
	Delta[s](3) = 0.0129456,	Delta[s](4) = 0.0129456,	Delta[s](5) = 0.00649034,	Delta[s](6) = 0.000919314,	Delta[s](7) = 0.00649034,	
	Delta[s](8) = 0.00938908,	Delta[s](9) = 0.000919314,	Delta[s](10) = 0.000278878,	Delta[s](11) = 0.000919314,	Delta[s](12) = 0.0129456,	
	Delta[s](13) = 0.00649034,	Delta[s](14) = 0.000919314,	Delta[s](15) = 0.00649034;	Delta[d](0) = 0.19592,	Delta[d](1) = 0.0623486,	
	Delta[d](2) = 0.083378,	Delta[d](3) = 0.0623486,	Delta[d](4) = 0.0623486,	Delta[d](5) = 0.0534888,	Delta[d](6) = 0.0265726,	
	Delta[d](7) = 0.0534888,	Delta[d](8) = 0.083378,	Delta[d](9) = 0.0265726,	Delta[d](10) = 0.0107007,	Delta[d](11) = 0.0265726,	
	Delta[d](12) = 0.0623486,	Delta[d](13) = 0.0534888,	Delta[d](14) = 0.0265726,	Delta[d](15) = 0.0534888;	Delta[s+](0) = 0.34841,	
	Delta[s+](1) = 0.193433,	Delta[s+](2) = 0.083378,	Delta[s+](3) = 0.193433,	Delta[s+](4) = 0.193433,	Delta[s+](5) = 0.0629379,	
	Delta[s+](6) = 0.00390262,	Delta[s+](7) = 0.0629379,	Delta[s+](8) = 0.083378,	Delta[s+](9) = 0.00390262,	Delta[s+](10) = 0.000429356,	
	Delta[s+](11) = 0.00390262,	Delta[s+](12) = 0.193433,	Delta[s+](13) = 0.0629379,	Delta[s+](14) = 0.00390262,	Delta[s+](15) = 0.0629379
	
The 0-th iteration is completed.	|| time cost : 0h 0m 4.949s
********************************************************************************************************************
Start the 1 rounds of NGS-ED iteration
	effective electronic model is modified as: kinetic energy t = 0.982394, t' = -0.291441
	                                           effective interaction Vq = [   -5.5125,  -0.49213,-0.0351661,  -0.49213,  -0.49213,-0.0334383,-0.0101665,-0.0334383,-0.0351661,-0.0101665, -0.181413,-0.0101665,  -0.49213,-0.0334383,-0.0101665,-0.0334383]
	PARPACK diagonalization completed after 45 matrix-vector product operations.
	iteration results: : total energy is -36.901522 | electron energy -36.949356 + phonon energy 0.047834 | electron momentum kIdx = 0
The 1-th iteration is completed.	|| time cost : 0h 0m 3.459s
********************************************************************************************************************
Start the 2 rounds of NGS-ED iteration
	effective electronic model is modified as: kinetic energy t = 0.979295, t' = -0.289581
	                                           effective interaction Vq = [    -5.5125,  -0.570428, -0.0348086,  -0.570428,  -0.570428,     -0.033,-0.00993221,     -0.033, -0.0348086,-0.00993221,  -0.180767,-0.00993221,  -0.570428,     -0.033,-0.00993221,     -0.033]
	PARPACK diagonalization completed after 45 matrix-vector product operations.
	iteration results: : total energy is -36.904713 | electron energy -36.972341 + phonon energy 0.067628 | electron momentum kIdx = 0
The 2-th iteration is completed.	|| time cost : 0h 0m 0.841s
********************************************************************************************************************
Start the 3 rounds of NGS-ED iteration
	effective electronic model is modified as: kinetic energy t = 0.978614, t' = -0.289147
	                                           effective interaction Vq = [    -5.5125,  -0.588283, -0.0347641,  -0.588283,  -0.588283,  -0.032934,-0.00990274,  -0.032934, -0.0347641,-0.00990274,  -0.178265,-0.00990274,  -0.588283,  -0.032934,-0.00990274,  -0.032934]
	PARPACK diagonalization completed after 45 matrix-vector product operations.
	iteration results: : total energy is -36.904878 | electron energy -36.977241 + phonon energy 0.072363 | electron momentum kIdx = 0
The 3-th iteration is completed.	|| time cost : 0h 0m 0.838s
********************************************************************************************************************
Start the 4 rounds of NGS-ED iteration
	effective electronic model is modified as: kinetic energy t = 0.978448, t' = -0.28904
	                                           effective interaction Vq = [    -5.5125,  -0.592671, -0.0347564,  -0.592671,  -0.592671, -0.0329206,-0.00989652, -0.0329206, -0.0347564,-0.00989652,   -0.17751,-0.00989652,  -0.592671, -0.0329206,-0.00989652, -0.0329206]
	PARPACK diagonalization completed after 30 matrix-vector product operations.
	iteration results: : total energy is -36.904889 | electron energy -36.978428 + phonon energy 0.073539 | electron momentum kIdx = 0
The 4-th iteration is completed.	|| time cost : 0h 0m 0.756s
********************************************************************************************************************
Start the 5 rounds of NGS-ED iteration
	effective electronic model is modified as: kinetic energy t = 0.978407, t' = -0.289014
	                                           effective interaction Vq = [    -5.5125,  -0.593769, -0.0347546,  -0.593769,  -0.593769, -0.0329174,-0.00989502, -0.0329174, -0.0347546,-0.00989502,  -0.177314,-0.00989502,  -0.593769, -0.0329174,-0.00989502, -0.0329174]
	PARPACK diagonalization completed after 30 matrix-vector product operations.
	iteration results: : total energy is -36.904889 | electron energy -36.978723 + phonon energy 0.073834 | electron momentum kIdx = 0
The 5-th iteration is completed.	|| time cost : 0h 0m 0.772s
********************************************************************************************************************
Start the 6 rounds of NGS-ED iteration
	effective electronic model is modified as: kinetic energy t = 0.978396, t' = -0.289007
	                                           effective interaction Vq = [    -5.5125,  -0.594044, -0.0347542,  -0.594044,  -0.594044, -0.0329166,-0.00989464, -0.0329166, -0.0347542,-0.00989464,  -0.177264,-0.00989464,  -0.594044, -0.0329166,-0.00989464, -0.0329166]
	PARPACK diagonalization completed after 30 matrix-vector product operations.
	iteration results: : total energy is -36.904889 | electron energy -36.978798 + phonon energy 0.073908 | electron momentum kIdx = 0
The 6-th iteration is completed.	|| time cost : 0h 0m 0.772s
********************************************************************************************************************
Start the 7 rounds of NGS-ED iteration
	effective electronic model is modified as: kinetic energy t = 0.978394, t' = -0.289005
	                                           effective interaction Vq = [    -5.5125,  -0.594114, -0.0347541,  -0.594114,  -0.594114, -0.0329164,-0.00989455, -0.0329164, -0.0347541,-0.00989455,  -0.177252,-0.00989455,  -0.594114, -0.0329164,-0.00989455, -0.0329164]
	PARPACK diagonalization completed after 30 matrix-vector product operations.
	iteration results: : total energy is -36.904889 | electron energy -36.978816 + phonon energy 0.073927 | electron momentum kIdx = 0
The 7-th iteration is completed.	|| time cost : 0h 0m 0.771s
********************************************************************************************************************
Start the 8 rounds of NGS-ED iteration
	effective electronic model is modified as: kinetic energy t = 0.978393, t' = -0.289005
	                                           effective interaction Vq = [    -5.5125,  -0.594131, -0.0347541,  -0.594131,  -0.594131, -0.0329164,-0.00989453, -0.0329164, -0.0347541,-0.00989453,  -0.177249,-0.00989453,  -0.594131, -0.0329164,-0.00989453, -0.0329164]
	PARPACK diagonalization completed after 30 matrix-vector product operations.
	iteration results: : total energy is -36.904889 | electron energy -36.978821 + phonon energy 0.073932 | electron momentum kIdx = 0
The 8-th iteration is completed.	|| time cost : 0h 0m 0.78s
********************************************************************************************************************
Start the 9 rounds of NGS-ED iteration
	effective electronic model is modified as: kinetic energy t = 0.978393, t' = -0.289005
	                                           effective interaction Vq = [    -5.5125,  -0.594135, -0.0347541,  -0.594135,  -0.594135, -0.0329164,-0.00989452, -0.0329164, -0.0347541,-0.00989452,  -0.177248,-0.00989452,  -0.594135, -0.0329164,-0.00989452, -0.0329164]
	PARPACK diagonalization completed after 30 matrix-vector product operations.
	iteration results: : total energy is -36.904889 | electron energy -36.978822 + phonon energy 0.073933 | electron momentum kIdx = 0
The 9-th iteration is completed.	|| time cost : 0h 0m 0.775s
********************************************************************************************************************
Start the 10 rounds of NGS-ED iteration
	effective electronic model is modified as: kinetic energy t = 0.978393, t' = -0.289005
	                                           effective interaction Vq = [    -5.5125,  -0.594137, -0.0347541,  -0.594137,  -0.594137, -0.0329164,-0.00989452, -0.0329164, -0.0347541,-0.00989452,  -0.177248,-0.00989452,  -0.594137, -0.0329164,-0.00989452, -0.0329164]
	PARPACK diagonalization completed after 30 matrix-vector product operations.
	iteration results: : total energy is -36.904889 | electron energy -36.978823 + phonon energy 0.073933 | electron momentum kIdx = 0
The 10-th iteration is completed.	|| time cost : 0h 0m 0.78s
********************************************************************************************************************
Start the 11 rounds of NGS-ED iteration
	effective electronic model is modified as: kinetic energy t = 0.978393, t' = -0.289005
	                                           effective interaction Vq = [    -5.5125,  -0.594137, -0.0347541,  -0.594137,  -0.594137, -0.0329164,-0.00989452, -0.0329164, -0.0347541,-0.00989452,  -0.177248,-0.00989452,  -0.594137, -0.0329164,-0.00989452, -0.0329164]
	PARPACK diagonalization completed after 30 matrix-vector product operations.
	iteration results: : total energy is -36.904889 | electron energy -36.978823 + phonon energy 0.073933 | electron momentum kIdx = 0
The 11-th iteration is completed.	|| time cost : 0h 0m 0.782s
********************************************************************************************************************
Start the 12 rounds of NGS-ED iteration
	effective electronic model is modified as: kinetic energy t = 0.978393, t' = -0.289005
	                                           effective interaction Vq = [    -5.5125,  -0.594137, -0.0347541,  -0.594137,  -0.594137, -0.0329164,-0.00989452, -0.0329164, -0.0347541,-0.00989452,  -0.177248,-0.00989452,  -0.594137, -0.0329164,-0.00989452, -0.0329164]
	PARPACK diagonalization completed after 30 matrix-vector product operations.
	iteration results: : total energy is -36.904889 | electron energy -36.978823 + phonon energy 0.073933 | electron momentum kIdx = 0
	Nq(0) = 4,	Nq(1) = 0.218895,	Nq(2) = 0.250011,	Nq(3) = 0.218895,	Nq(4) = 0.218895,	Nq(5) = 0.262536,	
	Nq(6) = 0.343821,	Nq(7) = 0.262536,	Nq(8) = 0.250011,	Nq(9) = 0.343821,	Nq(10) = 0.460988,	
	Nq(11) = 0.343821,	Nq(12) = 0.218895,	Nq(13) = 0.262536,	Nq(14) = 0.343821,	Nq(15) = 0.262536;	
	Sq(0) = 5.48765e-18,	Sq(1) = 0.475374,	Sq(2) = 0.34163,	Sq(3) = 0.475374,	Sq(4) = 0.475374,	
	Sq(5) = 0.569441,	Sq(6) = 0.588862,	Sq(7) = 0.569441,	Sq(8) = 0.34163,	Sq(9) = 0.588862,	
	Sq(10) = 0.520013,	Sq(11) = 0.588862,	Sq(12) = 0.475374,	Sq(13) = 0.569441,	Sq(14) = 0.588862,	
	Sq(15) = 0.569441;	N(0) = 1.73537,	N(1) = 1.33084,	N(2) = 0.197055,	N(3) = 1.33084,	
	N(4) = 1.33084,	N(5) = 0.0978154,	N(6) = 0.0355062,	N(7) = 0.0978154,	N(8) = 0.197055,	
	N(9) = 0.0355062,	N(10) = 0.0138721,	N(11) = 0.0355062,	N(12) = 1.33084,	N(13) = 0.0978154,	
	N(14) = 0.0355062,	N(15) = 0.0978154;	Delta[s](0) = 0.024412,	Delta[s](1) = 0.0136342,	Delta[s](2) = 0.00959028,	
	Delta[s](3) = 0.0136342,	Delta[s](4) = 0.0136342,	Delta[s](5) = 0.00702342,	Delta[s](6) = 0.00111992,	Delta[s](7) = 0.00702342,	
	Delta[s](8) = 0.00959028,	Delta[s](9) = 0.00111992,	Delta[s](10) = 0.000305725,	Delta[s](11) = 0.00111992,	Delta[s](12) = 0.0136342,	
	Delta[s](13) = 0.00702342,	Delta[s](14) = 0.00111992,	Delta[s](15) = 0.00702342;	Delta[d](0) = 0.205307,	Delta[d](1) = 0.0608938,	
	Delta[d](2) = 0.0829959,	Delta[d](3) = 0.0608938,	Delta[d](4) = 0.0608938,	Delta[d](5) = 0.0562674,	Delta[d](6) = 0.0266427,	
	Delta[d](7) = 0.0562674,	Delta[d](8) = 0.0829959,	Delta[d](9) = 0.0266427,	Delta[d](10) = 0.0111147,	Delta[d](11) = 0.0266427,	
	Delta[d](12) = 0.0608938,	Delta[d](13) = 0.0562674,	Delta[d](14) = 0.0266427,	Delta[d](15) = 0.0562674;	Delta[s+](0) = 0.354829,	
	Delta[s+](1) = 0.197002,	Delta[s+](2) = 0.0829959,	Delta[s+](3) = 0.197002,	Delta[s+](4) = 0.197002,	Delta[s+](5) = 0.0643167,	
	Delta[s+](6) = 0.00453691,	Delta[s+](7) = 0.0643167,	Delta[s+](8) = 0.0829959,	Delta[s+](9) = 0.00453691,	Delta[s+](10) = 0.000573222,	
	Delta[s+](11) = 0.00453691,	Delta[s+](12) = 0.197002,	Delta[s+](13) = 0.0643167,	Delta[s+](14) = 0.00453691,	Delta[s+](15) = 0.0643167
	
The 12-th iteration is completed.	|| time cost : 0h 0m 2.963s
********************************************************************************************************************
********************************************************************************************************************
Ground state is obtained after 13 iterations. The current ground-state energy is -36.9049, in which electron energy is -36.9788 and phonon energy is 0.0739334
Final variational state is: 
	Gamma_x = [      1, 1.7612,1.04305, 1.7612, 1.7612,1.04289,1.01676,1.04289,1.04305,1.01676,1.47131,1.01676, 1.7612,1.04289,1.01676,1.04289]
	lambda_q = [      5.25,  0.494675, 0.0715562,  0.494675,  0.494675, 0.0676641,-0.0337407, 0.0676641, 0.0715562,-0.0337407, -0.166154,-0.0337407,  0.494675, 0.0676641,-0.0337407, 0.0676641]
Effective e-e interactions mediated by phonons are:
	momentum-space Vq = [    -5.5125,  -0.594137, -0.0347541,  -0.594137,  -0.594137, -0.0329164,-0.00989452, -0.0329164, -0.0347541,-0.00989452,  -0.177248,-0.00989452,  -0.594137, -0.0329164,-0.00989452, -0.0329164]
	real-space Vr = [ -0.51919,-0.406484,-0.351724,-0.406484,-0.406484,-0.351265,-0.260423,-0.351265,-0.351724,-0.260423,-0.217175,-0.260423,-0.406484,-0.351265,-0.260423,-0.351265]
********************************************************************************************************************
o___o  ----------------------------------------
| L |	Time since last clock: 0h 0m 0.006s
A===A	Time since the beginning: 0h 0m 19.251s
***********************************************


Non-Gaussina ED ground state calculation is completed. The final ground-state energy is -36.9049
********************************************************************************************************************
o___o  ----------------------------------------
| L |	Time since last clock: 0h 0m 0.003s
A===A	Time since the beginning: 0h 0m 19.254s
***********************************************



********************************************************************************************************************
All non-Gaussian ED ground state calculations have been completed. Exit now.
