SNEDics v3.22.2 Non-Gaussian ED ground state program		Start at Fri Jun  3 01:25:29 2022

Parallelization: 32 MPI threads  * 8 OpenMP threads = 256 total threads.
********************************************************************************************************************
********************************************************************************************************************

********************************************************************************************************************
System parameters and configurations
	special program options are enabled: splitted diagonal Hamiltonian | splitted Hamiltonian terms
********************************************************************************************************************
Read input file "model_params.in"
	Hubbard-Holstein model parameters : 	t = 1    t' = -0.3    U = 8    g = 0.55    W = 0.2    g' = 0.05    
********************************************************************************************************************
Read input file "hilbertspace_params.in"
	Requested 16-site 2D lattice, with 12 electrons (6, 6)
	Boundary : Periodic		Hilbert space representation : momentum-space (restricted to kIdx = 0)
	Conservation: particle number[U(1)]      spin[U(1)]     momentum
********************************************************************************************************************

Cluster Positions:				Cluster symmetry group : D4
 x ... x ... x ... x .....                       x ... x ... x ... x .....
 |           |           :                       |           |           :
 |           |           :                       |           |           :
12    13    14    15     x                       1     5     6     5     x
 |           |           :                       |           |           :
 |           |           :                       |           |           :
 8 --- 9 ---10 ---11 --- x                       2 --- 6 ---10 --- 6 --- x
 |           |           :                       |           |           :
 |           |           :                       |           |           :
 4     5     6     7     x                       1     5     6     5     x
 |           |           :                       |           |           :
 |           |           :                       |           |           :
 0 --- 1 --- 2 --- 3 --- x                       0 --- 1 --- 2 --- 1 --- x
orbital number : 1
********************************************************************************************************************
Read input file "obs_params.in"
	Observable Type : Nq(All),   Sq(All),   N(All-Orbital),   Delta[s](All),   Delta[d](All),   Delta[s+](All)
** WARNING ** the input observables have non-local factors which have been reinterpreted. The total observable number is 96
********************************************************************************************************************


********************************************************************************************************************
Start calculating the non-Gaussian ED ground state
Maximal iteration number is 1000; energy resolution is 1e-06. Phonon state relaxation time is 2000
W = 0.2 is relatively large. The non-Gaussian ED calculation starts directly.
open output files: NGSED_iteration_observables.txt
********************************************************************************************************************
Start the 0 rounds of NGS-ED iteration
	effective electronic model is modified as: kinetic energy t = 1, t' = -0.3
	                                           effective interaction Vq = [0,0,0,0,0,0,0,0,0,0,0,0,0,0,0,0]
	first Hamiltonian is constructed, size = 4008592 and non-zero numbers = 969952250
	PARPACK diagonalization completed after 135 matrix-vector product operations.
	iteration results: : total energy is -15.091341 | electron energy -15.091341 + phonon energy 0.000000 | electron momentum kIdx = 0
	Nq(0) = 9,	Nq(1) = 0.182775,	Nq(2) = 0.248843,	Nq(3) = 0.182775,	Nq(4) = 0.182775,	Nq(5) = 0.263236,	
	Nq(6) = 0.307436,	Nq(7) = 0.263236,	Nq(8) = 0.248843,	Nq(9) = 0.307436,	Nq(10) = 0.356784,	
	Nq(11) = 0.307436,	Nq(12) = 0.182775,	Nq(13) = 0.263236,	Nq(14) = 0.307436,	Nq(15) = 0.263236;	
	Sq(0) = 2.57275e-18,	Sq(1) = 0.523525,	Sq(2) = 0.451304,	Sq(3) = 0.523525,	Sq(4) = 0.523525,	
	Sq(5) = 0.707557,	Sq(6) = 1.00669,	Sq(7) = 0.707557,	Sq(8) = 0.451304,	Sq(9) = 1.00669,	
	Sq(10) = 1.27807,	Sq(11) = 1.00669,	Sq(12) = 0.523525,	Sq(13) = 0.707557,	Sq(14) = 1.00669,	
	Sq(15) = 0.707557;	N(0) = 1.72657,	N(1) = 1.59708,	N(2) = 1.0703,	N(3) = 1.59708,	
	N(4) = 1.59708,	N(5) = 0.264255,	N(6) = 0.153085,	N(7) = 0.264255,	N(8) = 1.0703,	
	N(9) = 0.153085,	N(10) = 0.0751403,	N(11) = 0.153085,	N(12) = 1.59708,	N(13) = 0.264255,	
	N(14) = 0.153085,	N(15) = 0.264255;	Delta[s](0) = 0.0606506,	Delta[s](1) = 0.0407063,	Delta[s](2) = 0.0329473,	
	Delta[s](3) = 0.0407063,	Delta[s](4) = 0.0407063,	Delta[s](5) = 0.0229622,	Delta[s](6) = 0.0125655,	Delta[s](7) = 0.0229622,	
	Delta[s](8) = 0.0329473,	Delta[s](9) = 0.0125655,	Delta[s](10) = 0.00264698,	Delta[s](11) = 0.0125655,	Delta[s](12) = 0.0407063,	
	Delta[s](13) = 0.0229622,	Delta[s](14) = 0.0125655,	Delta[s](15) = 0.0229622;	Delta[d](0) = 0.52742,	Delta[d](1) = 0.256866,	
	Delta[d](2) = 0.263739,	Delta[d](3) = 0.256866,	Delta[d](4) = 0.256866,	Delta[d](5) = 0.142187,	Delta[d](6) = 0.158847,	
	Delta[d](7) = 0.142187,	Delta[d](8) = 0.263739,	Delta[d](9) = 0.158847,	Delta[d](10) = 0.109716,	Delta[d](11) = 0.158847,	
	Delta[d](12) = 0.256866,	Delta[d](13) = 0.142187,	Delta[d](14) = 0.158847,	Delta[d](15) = 0.142187;	Delta[s+](0) = 0.513212,	
	Delta[s+](1) = 0.35322,	Delta[s+](2) = 0.263739,	Delta[s+](3) = 0.35322,	Delta[s+](4) = 0.35322,	Delta[s+](5) = 0.155479,	
	Delta[s+](6) = 0.0661124,	Delta[s+](7) = 0.155479,	Delta[s+](8) = 0.263739,	Delta[s+](9) = 0.0661124,	Delta[s+](10) = 0.0136163,	
	Delta[s+](11) = 0.0661124,	Delta[s+](12) = 0.35322,	Delta[s+](13) = 0.155479,	Delta[s+](14) = 0.0661124,	Delta[s+](15) = 0.155479
	
The 0-th iteration is completed.	|| time cost : 0h 2m 2.355s
********************************************************************************************************************
Start the 1 rounds of NGS-ED iteration
	effective electronic model is modified as: kinetic energy t = 0.98514, t' = -0.293664
	                                           effective interaction Vq = [   -2.8125, -0.307153, -0.142192, -0.307153, -0.307153, -0.156749,-0.0774481, -0.156749, -0.142192,-0.0774481,-0.0398643,-0.0774481, -0.307153, -0.156749,-0.0774481, -0.156749]
	PARPACK diagonalization completed after 60 matrix-vector product operations.
	iteration results: : total energy is -40.670332 | electron energy -40.698510 + phonon energy 0.028178 | electron momentum kIdx = 0
The 1-th iteration is completed.	|| time cost : 0h 1m 19.899s
********************************************************************************************************************
Start the 2 rounds of NGS-ED iteration
	effective electronic model is modified as: kinetic energy t = 0.984808, t' = -0.293464
	                                           effective interaction Vq = [   -2.8125, -0.318569, -0.141289, -0.318569, -0.318569, -0.157892,-0.0769051, -0.157892, -0.141289,-0.0769051,-0.0394575,-0.0769051, -0.318569, -0.157892,-0.0769051, -0.157892]
	PARPACK diagonalization completed after 45 matrix-vector product operations.
	iteration results: : total energy is -40.670450 | electron energy -40.700740 + phonon energy 0.030290 | electron momentum kIdx = 0
The 2-th iteration is completed.	|| time cost : 0h 0m 11.445s
********************************************************************************************************************
Start the 3 rounds of NGS-ED iteration
	effective electronic model is modified as: kinetic energy t = 0.984793, t' = -0.293454
	                                           effective interaction Vq = [   -2.8125, -0.319204, -0.141188, -0.319204, -0.319204, -0.157881,-0.0768783, -0.157881, -0.141188,-0.0768783,-0.0394462,-0.0768783, -0.319204, -0.157881,-0.0768783, -0.157881]
	PARPACK diagonalization completed after 45 matrix-vector product operations.
	iteration results: : total energy is -40.670451 | electron energy -40.700833 + phonon energy 0.030382 | electron momentum kIdx = 0
The 3-th iteration is completed.	|| time cost : 0h 0m 11.453s
********************************************************************************************************************
Start the 4 rounds of NGS-ED iteration
	effective electronic model is modified as: kinetic energy t = 0.984792, t' = -0.293453
	                                           effective interaction Vq = [   -2.8125, -0.319241, -0.141181, -0.319241, -0.319241, -0.157879,-0.0768771, -0.157879, -0.141181,-0.0768771,-0.0394457,-0.0768771, -0.319241, -0.157879,-0.0768771, -0.157879]
	PARPACK diagonalization completed after 30 matrix-vector product operations.
	iteration results: : total energy is -40.670451 | electron energy -40.700838 + phonon energy 0.030388 | electron momentum kIdx = 0
The 4-th iteration is completed.	|| time cost : 0h 0m 9.517s
********************************************************************************************************************
Start the 5 rounds of NGS-ED iteration
	effective electronic model is modified as: kinetic energy t = 0.984792, t' = -0.293453
	                                           effective interaction Vq = [   -2.8125, -0.319243, -0.141181, -0.319243, -0.319243, -0.157879,-0.0768771, -0.157879, -0.141181,-0.0768771,-0.0394457,-0.0768771, -0.319243, -0.157879,-0.0768771, -0.157879]
	PARPACK diagonalization completed after 30 matrix-vector product operations.
	iteration results: : total energy is -40.670451 | electron energy -40.700839 + phonon energy 0.030388 | electron momentum kIdx = 0
The 5-th iteration is completed.	|| time cost : 0h 0m 9.558s
********************************************************************************************************************
Start the 6 rounds of NGS-ED iteration
	effective electronic model is modified as: kinetic energy t = 0.984792, t' = -0.293453
	                                           effective interaction Vq = [   -2.8125, -0.319244, -0.141181, -0.319244, -0.319244, -0.157879,-0.0768771, -0.157879, -0.141181,-0.0768771,-0.0394457,-0.0768771, -0.319244, -0.157879,-0.0768771, -0.157879]
	PARPACK diagonalization completed after 30 matrix-vector product operations.
	iteration results: : total energy is -40.670451 | electron energy -40.700839 + phonon energy 0.030388 | electron momentum kIdx = 0
	Nq(0) = 9,	Nq(1) = 0.188434,	Nq(2) = 0.248525,	Nq(3) = 0.188434,	Nq(4) = 0.188434,	Nq(5) = 0.266064,	
	Nq(6) = 0.307391,	Nq(7) = 0.266064,	Nq(8) = 0.248525,	Nq(9) = 0.307391,	Nq(10) = 0.35593,	
	Nq(11) = 0.307391,	Nq(12) = 0.188434,	Nq(13) = 0.266064,	Nq(14) = 0.307391,	Nq(15) = 0.266064;	
	Sq(0) = 5.58912e-18,	Sq(1) = 0.523338,	Sq(2) = 0.45209,	Sq(3) = 0.523338,	Sq(4) = 0.523338,	
	Sq(5) = 0.699886,	Sq(6) = 1.00196,	Sq(7) = 0.699886,	Sq(8) = 0.45209,	Sq(9) = 1.00196,	
	Sq(10) = 1.29456,	Sq(11) = 1.00196,	Sq(12) = 0.523338,	Sq(13) = 0.699886,	Sq(14) = 1.00196,	
	Sq(15) = 0.699886;	N(0) = 1.73401,	N(1) = 1.61005,	N(2) = 1.06458,	N(3) = 1.61005,	
	N(4) = 1.61005,	N(5) = 0.254394,	N(6) = 0.150819,	N(7) = 0.254394,	N(8) = 1.06458,	
	N(9) = 0.150819,	N(10) = 0.0758008,	N(11) = 0.150819,	N(12) = 1.61005,	N(13) = 0.254394,	
	N(14) = 0.150819,	N(15) = 0.254394;	Delta[s](0) = 0.0628516,	Delta[s](1) = 0.0422256,	Delta[s](2) = 0.0342795,	
	Delta[s](3) = 0.0422256,	Delta[s](4) = 0.0422256,	Delta[s](5) = 0.0239312,	Delta[s](6) = 0.0128994,	Delta[s](7) = 0.0239312,	
	Delta[s](8) = 0.0342795,	Delta[s](9) = 0.0128994,	Delta[s](10) = 0.00263475,	Delta[s](11) = 0.0128994,	Delta[s](12) = 0.0422256,	
	Delta[s](13) = 0.0239312,	Delta[s](14) = 0.0128994,	Delta[s](15) = 0.0239312;	Delta[d](0) = 0.532336,	Delta[d](1) = 0.257424,	
	Delta[d](2) = 0.265056,	Delta[d](3) = 0.257424,	Delta[d](4) = 0.257424,	Delta[d](5) = 0.142162,	Delta[d](6) = 0.158397,	
	Delta[d](7) = 0.142162,	Delta[d](8) = 0.265056,	Delta[d](9) = 0.158397,	Delta[d](10) = 0.106021,	Delta[d](11) = 0.158397,	
	Delta[d](12) = 0.257424,	Delta[d](13) = 0.142162,	Delta[d](14) = 0.158397,	Delta[d](15) = 0.142162;	Delta[s+](0) = 0.517976,	
	Delta[s+](1) = 0.356102,	Delta[s+](2) = 0.265056,	Delta[s+](3) = 0.356102,	Delta[s+](4) = 0.356102,	Delta[s+](5) = 0.156155,	
	Delta[s+](6) = 0.0656593,	Delta[s+](7) = 0.156155,	Delta[s+](8) = 0.265056,	Delta[s+](9) = 0.0656593,	Delta[s+](10) = 0.0136373,	
	Delta[s+](11) = 0.0656593,	Delta[s+](12) = 0.356102,	Delta[s+](13) = 0.156155,	Delta[s+](14) = 0.0656593,	Delta[s+](15) = 0.156155
	
The 6-th iteration is completed.	|| time cost : 0h 1m 19.708s
********************************************************************************************************************
********************************************************************************************************************
Ground state is obtained after 7 iterations. The current ground-state energy is -40.6705, in which electron energy is -40.7008 and phonon energy is 0.0303879
Final variational state is: 
	Gamma_x = [      1,1.32925,1.18568,1.32925,1.32925,1.22489,1.12251,1.22489,1.18568,1.12251,1.07141,1.12251,1.32925,1.22489,1.12251,1.22489]
	lambda_q = [     3.75, 0.255625,  0.13149, 0.255625, 0.255625, 0.147481, 0.087105, 0.147481,  0.13149, 0.087105,0.0572887, 0.087105, 0.255625, 0.147481, 0.087105, 0.147481]
Effective e-e interactions mediated by phonons are:
	momentum-space Vq = [   -2.8125, -0.319244, -0.141181, -0.319244, -0.319244, -0.157879,-0.0768771, -0.157879, -0.141181,-0.0768771,-0.0394457,-0.0768771, -0.319244, -0.157879,-0.0768771, -0.157879]
	real-space Vr = [-0.334394,-0.203612,-0.156425,-0.203612,-0.203612,-0.160599, -0.14302,-0.160599,-0.156425, -0.14302,-0.136334, -0.14302,-0.203612,-0.160599, -0.14302,-0.160599]
********************************************************************************************************************
o___o  ----------------------------------------
| L |	Time since last clock: 0h 0m 0.005s
A===A	Time since the beginning: 0h 5m 23.943s
***********************************************


Non-Gaussina ED ground state calculation is completed. The final ground-state energy is -40.6705
********************************************************************************************************************
o___o  ----------------------------------------
| L |	Time since last clock: 0h 0m 0.003s
A===A	Time since the beginning: 0h 5m 23.946s
***********************************************



********************************************************************************************************************
All non-Gaussian ED ground state calculations have been completed. Exit now.
