SNEDics v3.4 Non-Gaussian ED ground state program		Start at Tue Oct  1 23:34:30 2019

parallized on 16 MPI threads  * 8 OpenMP threads = 128 total threads.
********************************************************************************************************************
********************************************************************************************************************

********************************************************************************************************************
System parameters and configurations
********************************************************************************************************************
Special program options are enabled: splitted diagonal Hamiltonian
********************************************************************************************************************
Read input file "model_params.in"
	Hubbard-Holstein model parameters : 	t = 1    U = 4.6    g = 4.062    W = 5    
********************************************************************************************************************
Read input file "hilbertspace_params.in"
	Requested 16-site 2D lattice, with 16 electrons (8, 8)
	Boundary : Periodic		Hilbert space representation : momentum-space (restricted to kIdx = 10)
	Conservation: particle number[U(1)]      spin[U(1)]     momentum
********************************************************************************************************************

Cluster Positions:				Cluster symmetry group : D4
 x ... x ... x ... x .....                       x ... x ... x ... x .....
 |           |           :                       |           |           :
 |           |           :                       |           |           :
12    13    14    15     x                       1     5     6     5     x
 |           |           :                       |           |           :
 |           |           :                       |           |           :
 8 --- 9 ---10 ---11 --- x                       2 --- 6 ---10 --- 6 --- x
 |           |           :                       |           |           :
 |           |           :                       |           |           :
 4     5     6     7     x                       1     5     6     5     x
 |           |           :                       |           |           :
 |           |           :                       |           |           :
 0 --- 1 --- 2 --- 3 --- x                       0 --- 1 --- 2 --- 1 --- x
orbital number : 1
********************************************************************************************************************
Read input file "obs_params.in"
	Observable Type : Nq(All),   Sq(All),   N(All),   Delta[s](All),   Delta[d](All),   Delta[s+](All)
********************************************************************************************************************
** WARNING ** the input observables have non-local factors which have been reinterpreted. The total observable number is 96
********************************************************************************************************************


********************************************************************************************************************
Start calculating the non-Gaussian ED ground state
** WARNING ** Detected low phonon energy W < 10. The initial state will be prepared through a warm-up process.
********************************************************************************************************************
Start warm-up calculation for scaling factor 2
open output files: NGSEDWarmUpW10Obs.txt
********************************************************************************************************************
Start the 0 rounds of NGS-ED iteration
	effective electronic model is modified as: kinetic energy t = 1
	                                           effective interaction Vq = [-0,-0,-0,-0,-0,-0,-0,-0,-0,-0,-0,-0,-0,-0,-0,-0]
	first Hamiltonian is constructed, non-zero numbers = 2845334624
	PARPACK diagonalization completed after 90 matrix-vector product operations.
	iteration results: : total energy is -12.409490 | electron energy -12.409490 + phonon energy 0.000000 | electron momentum kIdx = 10
	Nq(0) = 16,	Nq(1) = 0.142613,	Nq(2) = 0.212808,	Nq(3) = 0.142613,	Nq(4) = 0.142613,	Nq(5) = 0.212808,	Nq(6) = 0.289186,	Nq(7) = 0.212808,	Nq(8) = 0.212808,	Nq(9) = 0.289186,	Nq(10) = 0.350188,	Nq(11) = 0.289186,	Nq(12) = 0.142613,	Nq(13) = 0.212808,	Nq(14) = 0.289186,	Nq(15) = 0.212808,	Sq(0) = -2.40061e-19,	Sq(1) = 0.2996,	Sq(2) = 0.414784,	Sq(3) = 0.2996,	Sq(4) = 0.2996,	Sq(5) = 0.414784,	Sq(6) = 0.619786,	Sq(7) = 0.414784,	Sq(8) = 0.414784,	Sq(9) = 0.619786,	Sq(10) = 6.47952,	Sq(11) = 0.619786,	Sq(12) = 0.2996,	Sq(13) = 0.414784,	Sq(14) = 0.619786,	Sq(15) = 0.414784,	N(0) = 1.91121,	N(1) = 1.80216,	N(2) = 1,	N(3) = 1.80216,	N(4) = 1.80216,	N(5) = 1,	N(6) = 0.197841,	N(7) = 1,	N(8) = 1,	N(9) = 0.197841,	N(10) = 0.0887913,	N(11) = 0.197841,	N(12) = 1.80216,	N(13) = 1,	N(14) = 0.197841,	N(15) = 1,	Delta[s](0) = 0.155268,	Delta[s](1) = 0.133328,	Delta[s](2) = 0.105957,	Delta[s](3) = 0.133328,	Delta[s](4) = 0.133328,	Delta[s](5) = 0.105957,	Delta[s](6) = 0.0807256,	Delta[s](7) = 0.105957,	Delta[s](8) = 0.105957,	Delta[s](9) = 0.0807256,	Delta[s](10) = 0.0298931,	Delta[s](11) = 0.0807256,	Delta[s](12) = 0.133328,	Delta[s](13) = 0.105957,	Delta[s](14) = 0.0807256,	Delta[s](15) = 0.105957,	Delta[d](0) = 0.522013,	Delta[d](1) = 0.401554,	Delta[d](2) = 0.338565,	Delta[d](3) = 0.401554,	Delta[d](4) = 0.401554,	Delta[d](5) = 0.381183,	Delta[d](6) = 0.313416,	Delta[d](7) = 0.381183,	Delta[d](8) = 0.338565,	Delta[d](9) = 0.313416,	Delta[d](10) = 0.25441,	Delta[d](11) = 0.313416,	Delta[d](12) = 0.401554,	Delta[d](13) = 0.381183,	Delta[d](14) = 0.313416,	Delta[d](15) = 0.381183,	Delta[s+](0) = 0.590797,	Delta[s+](1) = 0.486623,	Delta[s+](2) = 0.338565,	Delta[s+](3) = 0.486623,	Delta[s+](4) = 0.486623,	Delta[s+](5) = 0.338565,	Delta[s+](6) = 0.194745,	Delta[s+](7) = 0.338565,	Delta[s+](8) = 0.338565,	Delta[s+](9) = 0.194745,	Delta[s+](10) = 0.0796186,	Delta[s+](11) = 0.194745,	Delta[s+](12) = 0.486623,	Delta[s+](13) = 0.338565,	Delta[s+](14) = 0.194745,	Delta[s+](15) = 0.338565
The 0-th iteration is completed.	|| time cost : 0h 8m 22.948s
********************************************************************************************************************
Start the 1 rounds of NGS-ED iteration
	effective electronic model is modified as: kinetic energy t = 0.920139
	                                           effective interaction Vq = [-2.85337,-2.58835,-2.50224,-2.58835,-2.58835,-2.50224,-2.46911,-2.50224,-2.50224,-2.46911,-2.43375,-2.46911,-2.58835,-2.50224,-2.46911,-2.50224]
	PARPACK diagonalization completed after 45 matrix-vector product operations.
	iteration results: : total energy is -69.464701 | electron energy -69.470490 + phonon energy 0.005790 | electron momentum kIdx = 10
The 1-th iteration is completed.	|| time cost : 0h 7m 28.883s
********************************************************************************************************************
Start the 2 rounds of NGS-ED iteration
	effective electronic model is modified as: kinetic energy t = 0.848731
	                                           effective interaction Vq = [-3.23953,-3.11157,-3.07732,-3.11157,-3.11157,-3.07732,-3.00399,-3.07732,-3.07732,-3.00399,-2.92712,-3.00399,-3.11157,-3.07732,-3.00399,-3.07732]
	PARPACK diagonalization completed after 135 matrix-vector product operations.
	iteration results: : total energy is -79.377406 | electron energy -79.429908 + phonon energy 0.052502 | electron momentum kIdx = 10
The 2-th iteration is completed.	|| time cost : 0h 1m 0.148s
********************************************************************************************************************
Start the 3 rounds of NGS-ED iteration
	effective electronic model is modified as: kinetic energy t = 0.816635
	                                           effective interaction Vq = [-3.29179,-3.21158,-3.20871,-3.21158,-3.21158,-3.20871,-3.12515,-3.20871,-3.20871,-3.12515,-3.14884,-3.12515,-3.21158,-3.20871,-3.12515,-3.20871]
	PARPACK diagonalization completed after 45 matrix-vector product operations.
	iteration results: : total energy is -80.865666 | electron energy -80.961179 + phonon energy 0.095513 | electron momentum kIdx = 10
The 3-th iteration is completed.	|| time cost : 0h 0m 31.954s
********************************************************************************************************************
Start the 4 rounds of NGS-ED iteration
	effective electronic model is modified as: kinetic energy t = 0.806345
	                                           effective interaction Vq = [-3.29886,-3.23693,-3.21549,-3.23693,-3.23693,-3.21549,-3.16105,-3.21549,-3.21549,-3.16105,-3.25772,-3.16105,-3.23693,-3.21549,-3.16105,-3.21549]
	PARPACK diagonalization completed after 45 matrix-vector product operations.
	iteration results: : total energy is -81.326378 | electron energy -81.442918 + phonon energy 0.116540 | electron momentum kIdx = 10
The 4-th iteration is completed.	|| time cost : 0h 0m 31.98s
********************************************************************************************************************
Start the 5 rounds of NGS-ED iteration
	effective electronic model is modified as: kinetic energy t = 0.811512
	                                           effective interaction Vq = [-3.29982,-3.23253,-3.16197,-3.23253,-3.23253,-3.16197,-3.15596,-3.16197,-3.16197,-3.15596,-3.28686,-3.15596,-3.23253,-3.16197,-3.15596,-3.16197]
	PARPACK diagonalization completed after 30 matrix-vector product operations.
	iteration results: : total energy is -81.468229 | electron energy -81.587837 + phonon energy 0.119608 | electron momentum kIdx = 10
The 5-th iteration is completed.	|| time cost : 0h 0m 27.302s
********************************************************************************************************************
Start the 6 rounds of NGS-ED iteration
	effective electronic model is modified as: kinetic energy t = 0.814852
	                                           effective interaction Vq = [-3.29995,-3.22539,-3.13345,-3.22539,-3.22539,-3.13345, -3.1469,-3.13345,-3.13345, -3.1469,-3.29329, -3.1469,-3.22539,-3.13345, -3.1469,-3.13345]
	PARPACK diagonalization completed after 30 matrix-vector product operations.
	iteration results: : total energy is -81.490656 | electron energy -81.608786 + phonon energy 0.118130 | electron momentum kIdx = 10
The 6-th iteration is completed.	|| time cost : 0h 0m 27.286s
********************************************************************************************************************
Start the 7 rounds of NGS-ED iteration
	effective electronic model is modified as: kinetic energy t = 0.816481
	                                           effective interaction Vq = [-3.29997,-3.22085, -3.1213,-3.22085,-3.22085, -3.1213,-3.14115, -3.1213, -3.1213,-3.14115,-3.29502,-3.14115,-3.22085, -3.1213,-3.14115, -3.1213]
	PARPACK diagonalization completed after 30 matrix-vector product operations.
	iteration results: : total energy is -81.494022 | electron energy -81.610830 + phonon energy 0.116808 | electron momentum kIdx = 10
The 7-th iteration is completed.	|| time cost : 0h 0m 27.613s
********************************************************************************************************************
Start the 8 rounds of NGS-ED iteration
	effective electronic model is modified as: kinetic energy t = 0.817235
	                                           effective interaction Vq = [-3.29997,-3.21845,-3.11635,-3.21845,-3.21845,-3.11635, -3.1381,-3.11635,-3.11635, -3.1381,-3.29556, -3.1381,-3.21845,-3.11635, -3.1381,-3.11635]
	PARPACK diagonalization completed after 30 matrix-vector product operations.
	iteration results: : total energy is -81.494551 | electron energy -81.610588 + phonon energy 0.116037 | electron momentum kIdx = 10
The 8-th iteration is completed.	|| time cost : 0h 0m 27.293s
********************************************************************************************************************
Start the 9 rounds of NGS-ED iteration
	effective electronic model is modified as: kinetic energy t = 0.817577
	                                           effective interaction Vq = [-3.29997,-3.21728,-3.11434,-3.21728,-3.21728,-3.11434, -3.1366,-3.11434,-3.11434, -3.1366,-3.29575, -3.1366,-3.21728,-3.11434, -3.1366,-3.11434]
	PARPACK diagonalization completed after 30 matrix-vector product operations.
	iteration results: : total energy is -81.494638 | electron energy -81.610278 + phonon energy 0.115639 | electron momentum kIdx = 10
The 9-th iteration is completed.	|| time cost : 0h 0m 27.561s
********************************************************************************************************************
Start the 10 rounds of NGS-ED iteration
	effective electronic model is modified as: kinetic energy t = 0.817731
	                                           effective interaction Vq = [-3.29997,-3.21673,-3.11352,-3.21673,-3.21673,-3.11352,-3.13588,-3.11352,-3.11352,-3.13588,-3.29581,-3.13588,-3.21673,-3.11352,-3.13588,-3.11352]
	PARPACK diagonalization completed after 30 matrix-vector product operations.
	iteration results: : total energy is -81.494654 | electron energy -81.610100 + phonon energy 0.115446 | electron momentum kIdx = 10
	Nq(0) = 16,	Nq(1) = 0.298014,	Nq(2) = 0.35542,	Nq(3) = 0.298014,	Nq(4) = 0.298014,	Nq(5) = 0.35542,	Nq(6) = 0.566432,	Nq(7) = 0.35542,	Nq(8) = 0.35542,	Nq(9) = 0.566432,	Nq(10) = 5.58077,	Nq(11) = 0.566432,	Nq(12) = 0.298014,	Nq(13) = 0.35542,	Nq(14) = 0.566432,	Nq(15) = 0.35542,	Sq(0) = 7.79469e-18,	Sq(1) = 0.223952,	Sq(2) = 0.294337,	Sq(3) = 0.223952,	Sq(4) = 0.223952,	Sq(5) = 0.294337,	Sq(6) = 0.419387,	Sq(7) = 0.294337,	Sq(8) = 0.294337,	Sq(9) = 0.419387,	Sq(10) = 0.489546,	Sq(11) = 0.419387,	Sq(12) = 0.223952,	Sq(13) = 0.294337,	Sq(14) = 0.419387,	Sq(15) = 0.294337,	N(0) = 1.97344,	N(1) = 1.92967,	N(2) = 1,	N(3) = 1.92967,	N(4) = 1.92967,	N(5) = 1,	N(6) = 0.0703258,	N(7) = 1,	N(8) = 1,	N(9) = 0.0703258,	N(10) = 0.0265597,	N(11) = 0.0703258,	N(12) = 1.92967,	N(13) = 1,	N(14) = 0.0703258,	N(15) = 1,	Delta[s](0) = 0.494218,	Delta[s](1) = 0.373024,	Delta[s](2) = 0.353444,	Delta[s](3) = 0.373024,	Delta[s](4) = 0.373024,	Delta[s](5) = 0.353444,	Delta[s](6) = 0.302301,	Delta[s](7) = 0.353444,	Delta[s](8) = 0.353444,	Delta[s](9) = 0.302301,	Delta[s](10) = 0.269355,	Delta[s](11) = 0.302301,	Delta[s](12) = 0.373024,	Delta[s](13) = 0.353444,	Delta[s](14) = 0.302301,	Delta[s](15) = 0.353444,	Delta[d](0) = 0.209467,	Delta[d](1) = 0.197804,	Delta[d](2) = 0.201577,	Delta[d](3) = 0.197804,	Delta[d](4) = 0.197804,	Delta[d](5) = 0.13402,	Delta[d](6) = 0.159712,	Delta[d](7) = 0.13402,	Delta[d](8) = 0.201577,	Delta[d](9) = 0.159712,	Delta[d](10) = 0.0585783,	Delta[d](11) = 0.159712,	Delta[d](12) = 0.197804,	Delta[d](13) = 0.13402,	Delta[d](14) = 0.159712,	Delta[d](15) = 0.13402,	Delta[s+](0) = 0.389649,	Delta[s+](1) = 0.309877,	Delta[s+](2) = 0.201577,	Delta[s+](3) = 0.309877,	Delta[s+](4) = 0.309877,	Delta[s+](5) = 0.201577,	Delta[s+](6) = 0.0909429,	Delta[s+](7) = 0.201577,	Delta[s+](8) = 0.201577,	Delta[s+](9) = 0.0909429,	Delta[s+](10) = 0.0329155,	Delta[s+](11) = 0.0909429,	Delta[s+](12) = 0.309877,	Delta[s+](13) = 0.201577,	Delta[s+](14) = 0.0909429,	Delta[s+](15) = 0.201577
The 10-th iteration is completed.	|| time cost : 0h 4m 25.361s
********************************************************************************************************************
Start the 11 rounds of NGS-ED iteration
	effective electronic model is modified as: kinetic energy t = 0.817799
	                                           effective interaction Vq = [-3.29997,-3.21648,-3.11318,-3.21648,-3.21648,-3.11318,-3.13555,-3.11318,-3.11318,-3.13555,-3.29584,-3.13555,-3.21648,-3.11318,-3.13555,-3.11318]
	PARPACK diagonalization completed after 30 matrix-vector product operations.
	iteration results: : total energy is -81.494657 | electron energy -81.610012 + phonon energy 0.115355 | electron momentum kIdx = 10
	Nq(0) = 16,	Nq(1) = 0.297909,	Nq(2) = 0.355344,	Nq(3) = 0.297909,	Nq(4) = 0.297909,	Nq(5) = 0.355344,	Nq(6) = 0.566268,	Nq(7) = 0.355344,	Nq(8) = 0.355344,	Nq(9) = 0.566268,	Nq(10) = 5.5825,	Nq(11) = 0.566268,	Nq(12) = 0.297909,	Nq(13) = 0.355344,	Nq(14) = 0.566268,	Nq(15) = 0.355344,	Sq(0) = 5.39372e-18,	Sq(1) = 0.223932,	Sq(2) = 0.294326,	Sq(3) = 0.223932,	Sq(4) = 0.223932,	Sq(5) = 0.294326,	Sq(6) = 0.419375,	Sq(7) = 0.294326,	Sq(8) = 0.294326,	Sq(9) = 0.419375,	Sq(10) = 0.489546,	Sq(11) = 0.419375,	Sq(12) = 0.223932,	Sq(13) = 0.294326,	Sq(14) = 0.419375,	Sq(15) = 0.294326,	N(0) = 1.97344,	N(1) = 1.92964,	N(2) = 1,	N(3) = 1.92964,	N(4) = 1.92964,	N(5) = 1,	N(6) = 0.0703558,	N(7) = 1,	N(8) = 1,	N(9) = 0.0703558,	N(10) = 0.0265632,	N(11) = 0.0703558,	N(12) = 1.92964,	N(13) = 1,	N(14) = 0.0703558,	N(15) = 1,	Delta[s](0) = 0.494143,	Delta[s](1) = 0.373036,	Delta[s](2) = 0.35345,	Delta[s](3) = 0.373036,	Delta[s](4) = 0.373036,	Delta[s](5) = 0.35345,	Delta[s](6) = 0.302317,	Delta[s](7) = 0.35345,	Delta[s](8) = 0.35345,	Delta[s](9) = 0.302317,	Delta[s](10) = 0.269382,	Delta[s](11) = 0.302317,	Delta[s](12) = 0.373036,	Delta[s](13) = 0.35345,	Delta[s](14) = 0.302317,	Delta[s](15) = 0.35345,	Delta[d](0) = 0.209438,	Delta[d](1) = 0.197771,	Delta[d](2) = 0.201559,	Delta[d](3) = 0.197771,	Delta[d](4) = 0.197771,	Delta[d](5) = 0.133991,	Delta[d](6) = 0.159676,	Delta[d](7) = 0.133991,	Delta[d](8) = 0.201559,	Delta[d](9) = 0.159676,	Delta[d](10) = 0.0585488,	Delta[d](11) = 0.159676,	Delta[d](12) = 0.197771,	Delta[d](13) = 0.133991,	Delta[d](14) = 0.159676,	Delta[d](15) = 0.133991,	Delta[s+](0) = 0.38965,	Delta[s+](1) = 0.309863,	Delta[s+](2) = 0.201559,	Delta[s+](3) = 0.309863,	Delta[s+](4) = 0.309863,	Delta[s+](5) = 0.201559,	Delta[s+](6) = 0.0909198,	Delta[s+](7) = 0.201559,	Delta[s+](8) = 0.201559,	Delta[s+](9) = 0.0909198,	Delta[s+](10) = 0.0329003,	Delta[s+](11) = 0.0909198,	Delta[s+](12) = 0.309863,	Delta[s+](13) = 0.201559,	Delta[s+](14) = 0.0909198,	Delta[s+](15) = 0.201559
The 11-th iteration is completed.	|| time cost : 0h 4m 37.682s
********************************************************************************************************************
********************************************************************************************************************
Ground state is obtained after 12 iterations. The current ground-state energy is -81.4947, in which electron energy is -81.61 and phonon energy is 0.115355
final variational state is: 
	Gamma_x = [      1,1.02667,1.04345,1.02667,1.02667,1.04345,1.06694,1.04345,1.04345,1.06694,1.13338,1.06694,1.02667,1.04345,1.06694,1.04345]
	lambda_q = [ 0.57445, 0.48302, 0.43773, 0.48302, 0.48302, 0.43773, 0.44617, 0.43773, 0.43773, 0.44617,0.554153, 0.44617, 0.48302, 0.43773, 0.44617, 0.43773]
********************************************************************************************************************
o___o  ----------------------------------------
| L |	Time since last clock: 0h 0m 0s
A===A	Time since the beginning: 0h 29m 16.017s
***********************************************


********************************************************************************************************************
Warm up runs have been completed. Start calculating W = 5 phonon.
open output files: NGSEDIterationObs.txt
********************************************************************************************************************
Start the 0 rounds of NGS-ED iteration
	effective electronic model is modified as: kinetic energy t = 0.817829
	                                           effective interaction Vq = [-3.01687,-2.75751,-2.59808,-2.75751,-2.75751,-2.59808,-2.62935,-2.59808,-2.59808,-2.62935,-2.96651,-2.62935,-2.75751,-2.59808,-2.62935,-2.59808]
	PARPACK diagonalization completed after 30 matrix-vector product operations.
	iteration results: : total energy is -72.508921 | electron energy -72.566577 + phonon energy 0.057657 | electron momentum kIdx = 10
	Nq(0) = 16,	Nq(1) = 0.288511,	Nq(2) = 0.339591,	Nq(3) = 0.288511,	Nq(4) = 0.288511,	Nq(5) = 0.339591,	Nq(6) = 0.528545,	Nq(7) = 0.339591,	Nq(8) = 0.339591,	Nq(9) = 0.528545,	Nq(10) = 5.32528,	Nq(11) = 0.528545,	Nq(12) = 0.288511,	Nq(13) = 0.339591,	Nq(14) = 0.528545,	Nq(15) = 0.339591,	Sq(0) = -4.94454e-18,	Sq(1) = 0.253697,	Sq(2) = 0.319668,	Sq(3) = 0.253697,	Sq(4) = 0.253697,	Sq(5) = 0.319668,	Sq(6) = 0.473012,	Sq(7) = 0.319668,	Sq(8) = 0.319668,	Sq(9) = 0.473012,	Sq(10) = 0.544102,	Sq(11) = 0.473012,	Sq(12) = 0.253697,	Sq(13) = 0.319668,	Sq(14) = 0.473012,	Sq(15) = 0.319668,	N(0) = 1.98486,	N(1) = 1.95314,	N(2) = 1,	N(3) = 1.95314,	N(4) = 1.95314,	N(5) = 1,	N(6) = 0.04686,	N(7) = 1,	N(8) = 1,	N(9) = 0.04686,	N(10) = 0.0151367,	N(11) = 0.04686,	N(12) = 1.95314,	N(13) = 1,	N(14) = 0.04686,	N(15) = 1,	Delta[s](0) = 0.420298,	Delta[s](1) = 0.351008,	Delta[s](2) = 0.336915,	Delta[s](3) = 0.351008,	Delta[s](4) = 0.351008,	Delta[s](5) = 0.336915,	Delta[s](6) = 0.297567,	Delta[s](7) = 0.336915,	Delta[s](8) = 0.336915,	Delta[s](9) = 0.297567,	Delta[s](10) = 0.279439,	Delta[s](11) = 0.297567,	Delta[s](12) = 0.351008,	Delta[s](13) = 0.336915,	Delta[s](14) = 0.297567,	Delta[s](15) = 0.336915,	Delta[d](0) = 0.217269,	Delta[d](1) = 0.209702,	Delta[d](2) = 0.2162,	Delta[d](3) = 0.209702,	Delta[d](4) = 0.209702,	Delta[d](5) = 0.140738,	Delta[d](6) = 0.169757,	Delta[d](7) = 0.140738,	Delta[d](8) = 0.2162,	Delta[d](9) = 0.169757,	Delta[d](10) = 0.0641421,	Delta[d](11) = 0.169757,	Delta[d](12) = 0.209702,	Delta[d](13) = 0.140738,	Delta[d](14) = 0.169757,	Delta[d](15) = 0.140738,	Delta[s+](0) = 0.428345,	Delta[s+](1) = 0.333967,	Delta[s+](2) = 0.2162,	Delta[s+](3) = 0.333967,	Delta[s+](4) = 0.333967,	Delta[s+](5) = 0.2162,	Delta[s+](6) = 0.0974947,	Delta[s+](7) = 0.2162,	Delta[s+](8) = 0.2162,	Delta[s+](9) = 0.0974947,	Delta[s+](10) = 0.036091,	Delta[s+](11) = 0.0974947,	Delta[s+](12) = 0.333967,	Delta[s+](13) = 0.2162,	Delta[s+](14) = 0.0974947,	Delta[s+](15) = 0.2162
The 0-th iteration is completed.	|| time cost : 0h 4m 23.228s
********************************************************************************************************************
Start the 1 rounds of NGS-ED iteration
	effective electronic model is modified as: kinetic energy t = 0.793245
	                                           effective interaction Vq = [-3.19582,-2.91738,-2.71689,-2.91738,-2.91738,-2.71689,-2.75513,-2.71689,-2.71689,-2.75513,-3.16918,-2.75513,-2.91738,-2.71689,-2.75513,-2.71689]
	PARPACK diagonalization completed after 30 matrix-vector product operations.
	iteration results: : total energy is -76.544862 | electron energy -76.724418 + phonon energy 0.179556 | electron momentum kIdx = 10
The 1-th iteration is completed.	|| time cost : 0h 0m 27.321s
********************************************************************************************************************
Start the 2 rounds of NGS-ED iteration
	effective electronic model is modified as: kinetic energy t = 0.782601
	                                           effective interaction Vq = [-3.26166,-2.96539,-2.76078,-2.96539,-2.96539,-2.76078,-2.79597,-2.76078,-2.76078,-2.79597,-3.24839,-2.79597,-2.96539,-2.76078,-2.79597,-2.76078]
	PARPACK diagonalization completed after 30 matrix-vector product operations.
	iteration results: : total energy is -78.027494 | electron energy -78.283425 + phonon energy 0.255932 | electron momentum kIdx = 10
The 2-th iteration is completed.	|| time cost : 0h 0m 27.328s
********************************************************************************************************************
Start the 3 rounds of NGS-ED iteration
	effective electronic model is modified as: kinetic energy t = 0.778908
	                                           effective interaction Vq = [-3.28587,-2.97396,-2.77326,-2.97396,-2.97396,-2.77326,-2.80362,-2.77326,-2.77326,-2.80362,-3.27714,-2.80362,-2.97396,-2.77326,-2.80362,-2.77326]
	PARPACK diagonalization completed after 30 matrix-vector product operations.
	iteration results: : total energy is -78.548836 | electron energy -78.841949 + phonon energy 0.293113 | electron momentum kIdx = 10
The 3-th iteration is completed.	|| time cost : 0h 0m 27.326s
********************************************************************************************************************
Start the 4 rounds of NGS-ED iteration
	effective electronic model is modified as: kinetic energy t = 0.777987
	                                           effective interaction Vq = [-3.29478,-2.97106,-2.77477,-2.97106,-2.97106,-2.77477,-2.80108,-2.77477,-2.77477,-2.80108,-3.28777,-2.80108,-2.97106,-2.77477,-2.80108,-2.77477]
	PARPACK diagonalization completed after 30 matrix-vector product operations.
	iteration results: : total energy is -78.729562 | electron energy -79.039442 + phonon energy 0.309879 | electron momentum kIdx = 10
The 4-th iteration is completed.	|| time cost : 0h 0m 27.285s
********************************************************************************************************************
Start the 5 rounds of NGS-ED iteration
	effective electronic model is modified as: kinetic energy t = 0.778044
	                                           effective interaction Vq = [-3.29806,-2.96591,-2.77301,-2.96591,-2.96591,-2.77301,-2.79636,-2.77301,-2.77301,-2.79636,-3.29199,-2.79636,-2.96591,-2.77301,-2.79636,-2.77301]
	PARPACK diagonalization completed after 30 matrix-vector product operations.
	iteration results: : total energy is -78.792487 | electron energy -79.109500 + phonon energy 0.317013 | electron momentum kIdx = 10
The 5-th iteration is completed.	|| time cost : 0h 0m 27.401s
********************************************************************************************************************
Start the 6 rounds of NGS-ED iteration
	effective electronic model is modified as: kinetic energy t = 0.778386
	                                           effective interaction Vq = [-3.29927,-2.96118,-2.77062,-2.96118,-2.96118,-2.77062, -2.7919,-2.77062,-2.77062, -2.7919,-3.29381, -2.7919,-2.96118,-2.77062, -2.7919,-2.77062]
	PARPACK diagonalization completed after 30 matrix-vector product operations.
	iteration results: : total energy is -78.814658 | electron energy -79.134375 + phonon energy 0.319717 | electron momentum kIdx = 10
The 6-th iteration is completed.	|| time cost : 0h 0m 27.312s
********************************************************************************************************************
Start the 7 rounds of NGS-ED iteration
	effective electronic model is modified as: kinetic energy t = 0.778761
	                                           effective interaction Vq = [-3.29971,-2.95744,-2.76844,-2.95744,-2.95744,-2.76844, -2.7883,-2.76844,-2.76844, -2.7883,-3.29464, -2.7883,-2.95744,-2.76844, -2.7883,-2.76844]
	PARPACK diagonalization completed after 30 matrix-vector product operations.
	iteration results: : total energy is -78.822573 | electron energy -79.143038 + phonon energy 0.320465 | electron momentum kIdx = 10
The 7-th iteration is completed.	|| time cost : 0h 0m 27.233s
********************************************************************************************************************
Start the 8 rounds of NGS-ED iteration
	effective electronic model is modified as: kinetic energy t = 0.779085
	                                           effective interaction Vq = [-3.29987,-2.95468,-2.76668,-2.95468,-2.95468,-2.76668,-2.78557,-2.76668,-2.76668,-2.78557,-3.29504,-2.78557,-2.95468,-2.76668,-2.78557,-2.76668]
	PARPACK diagonalization completed after 30 matrix-vector product operations.
	iteration results: : total energy is -78.825432 | electron energy -79.145851 + phonon energy 0.320420 | electron momentum kIdx = 10
The 8-th iteration is completed.	|| time cost : 0h 0m 27.277s
********************************************************************************************************************
Start the 9 rounds of NGS-ED iteration
	effective electronic model is modified as: kinetic energy t = 0.77934
	                                           effective interaction Vq = [-3.29993,-2.95268,-2.76535,-2.95268,-2.95268,-2.76535,-2.78357,-2.76535,-2.76535,-2.78357,-3.29525,-2.78357,-2.95268,-2.76535,-2.78357,-2.76535]
	PARPACK diagonalization completed after 30 matrix-vector product operations.
	iteration results: : total energy is -78.826475 | electron energy -79.146582 + phonon energy 0.320107 | electron momentum kIdx = 10
The 9-th iteration is completed.	|| time cost : 0h 0m 27.568s
********************************************************************************************************************
Start the 10 rounds of NGS-ED iteration
	effective electronic model is modified as: kinetic energy t = 0.779531
	                                           effective interaction Vq = [-3.29996,-2.95128,-2.76437,-2.95128,-2.95128,-2.76437,-2.78213,-2.76437,-2.76437,-2.78213,-3.29535,-2.78213,-2.95128,-2.76437,-2.78213,-2.76437]
	PARPACK diagonalization completed after 30 matrix-vector product operations.
	iteration results: : total energy is -78.826858 | electron energy -79.146610 + phonon energy 0.319752 | electron momentum kIdx = 10
	Nq(0) = 16,	Nq(1) = 0.202851,	Nq(2) = 0.281475,	Nq(3) = 0.202851,	Nq(4) = 0.202851,	Nq(5) = 0.281475,	Nq(6) = 0.416049,	Nq(7) = 0.281475,	Nq(8) = 0.281475,	Nq(9) = 0.416049,	Nq(10) = 7.62458,	Nq(11) = 0.416049,	Nq(12) = 0.202851,	Nq(13) = 0.281475,	Nq(14) = 0.416049,	Nq(15) = 0.281475,	Sq(0) = 1.28458e-18,	Sq(1) = 0.180395,	Sq(2) = 0.26026,	Sq(3) = 0.180395,	Sq(4) = 0.180395,	Sq(5) = 0.26026,	Sq(6) = 0.3696,	Sq(7) = 0.26026,	Sq(8) = 0.26026,	Sq(9) = 0.3696,	Sq(10) = 0.44943,	Sq(11) = 0.3696,	Sq(12) = 0.180395,	Sq(13) = 0.26026,	Sq(14) = 0.3696,	Sq(15) = 0.26026,	N(0) = 1.95233,	N(1) = 1.85822,	N(2) = 1,	N(3) = 1.85822,	N(4) = 1.85822,	N(5) = 1,	N(6) = 0.141778,	N(7) = 1,	N(8) = 1,	N(9) = 0.141778,	N(10) = 0.0476688,	N(11) = 0.141778,	N(12) = 1.85822,	N(13) = 1,	N(14) = 0.141778,	N(15) = 1,	Delta[s](0) = 0.439028,	Delta[s](1) = 0.388243,	Delta[s](2) = 0.369557,	Delta[s](3) = 0.388243,	Delta[s](4) = 0.388243,	Delta[s](5) = 0.369557,	Delta[s](6) = 0.341184,	Delta[s](7) = 0.369557,	Delta[s](8) = 0.369557,	Delta[s](9) = 0.341184,	Delta[s](10) = 0.320439,	Delta[s](11) = 0.341184,	Delta[s](12) = 0.388243,	Delta[s](13) = 0.369557,	Delta[s](14) = 0.341184,	Delta[s](15) = 0.369557,	Delta[d](0) = 0.178327,	Delta[d](1) = 0.163823,	Delta[d](2) = 0.181797,	Delta[d](3) = 0.163823,	Delta[d](4) = 0.163823,	Delta[d](5) = 0.115165,	Delta[d](6) = 0.128689,	Delta[d](7) = 0.115165,	Delta[d](8) = 0.181797,	Delta[d](9) = 0.128689,	Delta[d](10) = 0.0519009,	Delta[d](11) = 0.128689,	Delta[d](12) = 0.163823,	Delta[d](13) = 0.115165,	Delta[d](14) = 0.128689,	Delta[d](15) = 0.115165,	Delta[s+](0) = 0.377144,	Delta[s+](1) = 0.286637,	Delta[s+](2) = 0.181797,	Delta[s+](3) = 0.286637,	Delta[s+](4) = 0.286637,	Delta[s+](5) = 0.181797,	Delta[s+](6) = 0.0785334,	Delta[s+](7) = 0.181797,	Delta[s+](8) = 0.181797,	Delta[s+](9) = 0.0785334,	Delta[s+](10) = 0.0308172,	Delta[s+](11) = 0.0785334,	Delta[s+](12) = 0.286637,	Delta[s+](13) = 0.181797,	Delta[s+](14) = 0.0785334,	Delta[s+](15) = 0.181797
The 10-th iteration is completed.	|| time cost : 0h 4m 23.198s
********************************************************************************************************************
Start the 11 rounds of NGS-ED iteration
	effective electronic model is modified as: kinetic energy t = 0.779671
	                                           effective interaction Vq = [-3.29996,-2.95029,-2.76366,-2.95029,-2.95029,-2.76366,-2.78111,-2.76366,-2.76366,-2.78111, -3.2954,-2.78111,-2.95029,-2.76366,-2.78111,-2.76366]
	PARPACK diagonalization completed after 30 matrix-vector product operations.
	iteration results: : total energy is -78.827000 | electron energy -79.146438 + phonon energy 0.319437 | electron momentum kIdx = 10
The 11-th iteration is completed.	|| time cost : 0h 0m 27.306s
********************************************************************************************************************
Start the 12 rounds of NGS-ED iteration
	effective electronic model is modified as: kinetic energy t = 0.77977
	                                           effective interaction Vq = [-3.29997,-2.94961,-2.76316,-2.94961,-2.94961,-2.76316, -2.7804,-2.76316,-2.76316, -2.7804,-3.29543, -2.7804,-2.94961,-2.76316, -2.7804,-2.76316]
	PARPACK diagonalization completed after 30 matrix-vector product operations.
	iteration results: : total energy is -78.827053 | electron energy -79.146240 + phonon energy 0.319187 | electron momentum kIdx = 10
The 12-th iteration is completed.	|| time cost : 0h 0m 27.606s
********************************************************************************************************************
Start the 13 rounds of NGS-ED iteration
	effective electronic model is modified as: kinetic energy t = 0.77984
	                                           effective interaction Vq = [-3.29997,-2.94914,-2.76281,-2.94914,-2.94914,-2.76281, -2.7799,-2.76281,-2.76281, -2.7799,-3.29545, -2.7799,-2.94914,-2.76281, -2.7799,-2.76281]
	PARPACK diagonalization completed after 30 matrix-vector product operations.
	iteration results: : total energy is -78.827073 | electron energy -79.146071 + phonon energy 0.318997 | electron momentum kIdx = 10
The 13-th iteration is completed.	|| time cost : 0h 0m 27.266s
********************************************************************************************************************
Start the 14 rounds of NGS-ED iteration
	effective electronic model is modified as: kinetic energy t = 0.77989
	                                           effective interaction Vq = [-3.29997,-2.94881,-2.76256,-2.94881,-2.94881,-2.76256,-2.77955,-2.76256,-2.76256,-2.77955,-3.29545,-2.77955,-2.94881,-2.76256,-2.77955,-2.76256]
	PARPACK diagonalization completed after 30 matrix-vector product operations.
	iteration results: : total energy is -78.827081 | electron energy -79.145939 + phonon energy 0.318858 | electron momentum kIdx = 10
The 14-th iteration is completed.	|| time cost : 0h 0m 27.33s
********************************************************************************************************************
Start the 15 rounds of NGS-ED iteration
	effective electronic model is modified as: kinetic energy t = 0.779924
	                                           effective interaction Vq = [-3.29997,-2.94859,-2.76239,-2.94859,-2.94859,-2.76239,-2.77931,-2.76239,-2.76239,-2.77931,-3.29546,-2.77931,-2.94859,-2.76239,-2.77931,-2.76239]
	PARPACK diagonalization completed after 30 matrix-vector product operations.
	iteration results: : total energy is -78.827084 | electron energy -79.145843 + phonon energy 0.318759 | electron momentum kIdx = 10
The 15-th iteration is completed.	|| time cost : 0h 0m 27.282s
********************************************************************************************************************
Start the 16 rounds of NGS-ED iteration
	effective electronic model is modified as: kinetic energy t = 0.779948
	                                           effective interaction Vq = [-3.29997,-2.94844,-2.76227,-2.94844,-2.94844,-2.76227,-2.77914,-2.76227,-2.76227,-2.77914,-3.29546,-2.77914,-2.94844,-2.76227,-2.77914,-2.76227]
	PARPACK diagonalization completed after 30 matrix-vector product operations.
	iteration results: : total energy is -78.827085 | electron energy -79.145773 + phonon energy 0.318688 | electron momentum kIdx = 10
The 16-th iteration is completed.	|| time cost : 0h 0m 27.607s
********************************************************************************************************************
Start the 17 rounds of NGS-ED iteration
	effective electronic model is modified as: kinetic energy t = 0.779964
	                                           effective interaction Vq = [-3.29997,-2.94833,-2.76219,-2.94833,-2.94833,-2.76219,-2.77903,-2.76219,-2.76219,-2.77903,-3.29546,-2.77903,-2.94833,-2.76219,-2.77903,-2.76219]
	PARPACK diagonalization completed after 30 matrix-vector product operations.
	iteration results: : total energy is -78.827085 | electron energy -79.145724 + phonon energy 0.318639 | electron momentum kIdx = 10
The 17-th iteration is completed.	|| time cost : 0h 0m 27.609s
********************************************************************************************************************
Start the 18 rounds of NGS-ED iteration
	effective electronic model is modified as: kinetic energy t = 0.779976
	                                           effective interaction Vq = [-3.29997,-2.94826,-2.76213,-2.94826,-2.94826,-2.76213,-2.77895,-2.76213,-2.76213,-2.77895,-3.29547,-2.77895,-2.94826,-2.76213,-2.77895,-2.76213]
	PARPACK diagonalization completed after 30 matrix-vector product operations.
	iteration results: : total energy is -78.827085 | electron energy -79.145690 + phonon energy 0.318604 | electron momentum kIdx = 10
The 18-th iteration is completed.	|| time cost : 0h 0m 27.292s
********************************************************************************************************************
Start the 19 rounds of NGS-ED iteration
	effective electronic model is modified as: kinetic energy t = 0.779984
	                                           effective interaction Vq = [-3.29997,-2.94821,-2.76209,-2.94821,-2.94821,-2.76209, -2.7789,-2.76209,-2.76209, -2.7789,-3.29547, -2.7789,-2.94821,-2.76209, -2.7789,-2.76209]
	PARPACK diagonalization completed after 30 matrix-vector product operations.
	iteration results: : total energy is -78.827086 | electron energy -79.145666 + phonon energy 0.318580 | electron momentum kIdx = 10
The 19-th iteration is completed.	|| time cost : 0h 0m 27.295s
********************************************************************************************************************
Start the 20 rounds of NGS-ED iteration
	effective electronic model is modified as: kinetic energy t = 0.779989
	                                           effective interaction Vq = [-3.29997,-2.94817,-2.76207,-2.94817,-2.94817,-2.76207,-2.77886,-2.76207,-2.76207,-2.77886,-3.29547,-2.77886,-2.94817,-2.76207,-2.77886,-2.76207]
	PARPACK diagonalization completed after 30 matrix-vector product operations.
	iteration results: : total energy is -78.827086 | electron energy -79.145649 + phonon energy 0.318564 | electron momentum kIdx = 10
