SNEDics v3.22.2 Non-Gaussian ED ground state program		Start at Thu Jun  9 20:26:03 2022

Parallelization: 32 MPI threads  * 8 OpenMP threads = 256 total threads.
********************************************************************************************************************
********************************************************************************************************************

********************************************************************************************************************
System parameters and configurations
	special program options are enabled: splitted diagonal Hamiltonian | splitted Hamiltonian terms
********************************************************************************************************************
Read input file "model_params.in"
	Hubbard-Holstein model parameters : 	t = 1    t' = -0.3    U = 8    g = 0.7    W = 0.2    g' = 0.05    
********************************************************************************************************************
Read input file "hilbertspace_params.in"
	Requested 16-site 2D lattice, with 8 electrons (4, 4)
	Boundary : Periodic		Hilbert space representation : momentum-space (restricted to kIdx = 0)
	Conservation: particle number[U(1)]      spin[U(1)]     momentum
********************************************************************************************************************

Cluster Positions:				Cluster symmetry group : D4
 x ... x ... x ... x .....                       x ... x ... x ... x .....
 |           |           :                       |           |           :
 |           |           :                       |           |           :
12    13    14    15     x                       1     5     6     5     x
 |           |           :                       |           |           :
 |           |           :                       |           |           :
 8 --- 9 ---10 ---11 --- x                       2 --- 6 ---10 --- 6 --- x
 |           |           :                       |           |           :
 |           |           :                       |           |           :
 4     5     6     7     x                       1     5     6     5     x
 |           |           :                       |           |           :
 |           |           :                       |           |           :
 0 --- 1 --- 2 --- 3 --- x                       0 --- 1 --- 2 --- 1 --- x
orbital number : 1
********************************************************************************************************************
Read input file "obs_params.in"
	Observable Type : Nq(All),   Sq(All),   N(All-Orbital),   Delta[s](All),   Delta[d](All),   Delta[s+](All)
** WARNING ** the input observables have non-local factors which have been reinterpreted. The total observable number is 96
********************************************************************************************************************


********************************************************************************************************************
Start calculating the non-Gaussian ED ground state
Maximal iteration number is 1000; energy resolution is 1e-06. Phonon state relaxation time is 2000
W = 0.2 is relatively large. The non-Gaussian ED calculation starts directly.
open output files: NGSED_iteration_observables.txt
********************************************************************************************************************
Start the 0 rounds of NGS-ED iteration
	effective electronic model is modified as: kinetic energy t = 1, t' = -0.3
	                                           effective interaction Vq = [0,0,0,0,0,0,0,0,0,0,0,0,0,0,0,0]
	first Hamiltonian is constructed, size = 207184 and non-zero numbers = 32252562
	PARPACK diagonalization completed after 120 matrix-vector product operations.
	iteration results: : total energy is -14.600323 | electron energy -14.600323 + phonon energy 0.000000 | electron momentum kIdx = 0
	Nq(0) = 4,	Nq(1) = 0.197198,	Nq(2) = 0.25408,	Nq(3) = 0.197198,	Nq(4) = 0.197198,	Nq(5) = 0.267076,	
	Nq(6) = 0.353825,	Nq(7) = 0.267076,	Nq(8) = 0.25408,	Nq(9) = 0.353825,	Nq(10) = 0.466428,	
	Nq(11) = 0.353825,	Nq(12) = 0.197198,	Nq(13) = 0.267076,	Nq(14) = 0.353825,	Nq(15) = 0.267076;	
	Sq(0) = 8.19558e-19,	Sq(1) = 0.482052,	Sq(2) = 0.340779,	Sq(3) = 0.482052,	Sq(4) = 0.482052,	
	Sq(5) = 0.566062,	Sq(6) = 0.591821,	Sq(7) = 0.566062,	Sq(8) = 0.340779,	Sq(9) = 0.591821,	
	Sq(10) = 0.511715,	Sq(11) = 0.591821,	Sq(12) = 0.482052,	Sq(13) = 0.566062,	Sq(14) = 0.591821,	
	Sq(15) = 0.566062;	N(0) = 1.72489,	N(1) = 1.32099,	N(2) = 0.213478,	N(3) = 1.32099,	
	N(4) = 1.32099,	N(5) = 0.105651,	N(6) = 0.0323985,	N(7) = 0.105651,	N(8) = 0.213478,	
	N(9) = 0.0323985,	N(10) = 0.0120143,	N(11) = 0.0323985,	N(12) = 1.32099,	N(13) = 0.105651,	
	N(14) = 0.0323985,	N(15) = 0.105651;	Delta[s](0) = 0.0202529,	Delta[s](1) = 0.0121385,	Delta[s](2) = 0.00899631,	
	Delta[s](3) = 0.0121385,	Delta[s](4) = 0.0121385,	Delta[s](5) = 0.00673894,	Delta[s](6) = 0.00212646,	Delta[s](7) = 0.00673894,	
	Delta[s](8) = 0.00899631,	Delta[s](9) = 0.00212646,	Delta[s](10) = 0.00123163,	Delta[s](11) = 0.00212646,	Delta[s](12) = 0.0121385,	
	Delta[s](13) = 0.00673894,	Delta[s](14) = 0.00212646,	Delta[s](15) = 0.00673894;	Delta[d](0) = 0.178204,	Delta[d](1) = 0.0639067,	
	Delta[d](2) = 0.0827754,	Delta[d](3) = 0.0639067,	Delta[d](4) = 0.0639067,	Delta[d](5) = 0.0524885,	Delta[d](6) = 0.0303964,	
	Delta[d](7) = 0.0524885,	Delta[d](8) = 0.0827754,	Delta[d](9) = 0.0303964,	Delta[d](10) = 0.0151963,	Delta[d](11) = 0.0303964,	
	Delta[d](12) = 0.0639067,	Delta[d](13) = 0.0524885,	Delta[d](14) = 0.0303964,	Delta[d](15) = 0.0524885;	Delta[s+](0) = 0.327748,	
	Delta[s+](1) = 0.184766,	Delta[s+](2) = 0.0827754,	Delta[s+](3) = 0.184766,	Delta[s+](4) = 0.184766,	Delta[s+](5) = 0.064028,	
	Delta[s+](6) = 0.00786272,	Delta[s+](7) = 0.064028,	Delta[s+](8) = 0.0827754,	Delta[s+](9) = 0.00786272,	Delta[s+](10) = 0.00167244,	
	Delta[s+](11) = 0.00786272,	Delta[s+](12) = 0.184766,	Delta[s+](13) = 0.064028,	Delta[s+](14) = 0.00786272,	Delta[s+](15) = 0.064028
	
The 0-th iteration is completed.	|| time cost : 0h 0m 5.191s
********************************************************************************************************************
Start the 1 rounds of NGS-ED iteration
	effective electronic model is modified as: kinetic energy t = 0.938952, t' = -0.273303
	                                           effective interaction Vq = [    -4.05, -1.04454,-0.428667, -1.04454, -1.04454,-0.411238,-0.240106,-0.411238,-0.428667,-0.240106, -0.14595,-0.240106, -1.04454,-0.411238,-0.240106,-0.411238]
	PARPACK diagonalization completed after 45 matrix-vector product operations.
	iteration results: : total energy is -31.579908 | electron energy -31.840149 + phonon energy 0.260242 | electron momentum kIdx = 0
The 1-th iteration is completed.	|| time cost : 0h 0m 3.504s
********************************************************************************************************************
Start the 2 rounds of NGS-ED iteration
	effective electronic model is modified as: kinetic energy t = 0.924048, t' = -0.264147
	                                           effective interaction Vq = [    -4.05,  -1.4949,-0.442238,  -1.4949,  -1.4949,-0.413795,-0.225061,-0.413795,-0.442238,-0.225061,-0.124829,-0.225061,  -1.4949,-0.413795,-0.225061,-0.413795]
	PARPACK diagonalization completed after 45 matrix-vector product operations.
	iteration results: : total energy is -31.638655 | electron energy -32.058102 + phonon energy 0.419447 | electron momentum kIdx = 0
The 2-th iteration is completed.	|| time cost : 0h 0m 0.858s
********************************************************************************************************************
Start the 3 rounds of NGS-ED iteration
	effective electronic model is modified as: kinetic energy t = 0.912755, t' = -0.257372
	                                           effective interaction Vq = [    -4.05, -1.81595,-0.435848, -1.81595, -1.81595,-0.403965,-0.217047,-0.403965,-0.435848,-0.217047,-0.117797,-0.217047, -1.81595,-0.403965,-0.217047,-0.403965]
	PARPACK diagonalization completed after 45 matrix-vector product operations.
	iteration results: : total energy is -31.674850 | electron energy -32.226117 + phonon energy 0.551267 | electron momentum kIdx = 0
The 3-th iteration is completed.	|| time cost : 0h 0m 0.864s
********************************************************************************************************************
Start the 4 rounds of NGS-ED iteration
	effective electronic model is modified as: kinetic energy t = 0.903887, t' = -0.252116
	                                           effective interaction Vq = [    -4.05, -2.04665,-0.427251, -2.04665, -2.04665,-0.394225,-0.211111,-0.394225,-0.427251,-0.211111,-0.113162,-0.211111, -2.04665,-0.394225,-0.211111,-0.394225]
	PARPACK diagonalization completed after 45 matrix-vector product operations.
	iteration results: : total energy is -31.697962 | electron energy -32.354276 + phonon energy 0.656314 | electron momentum kIdx = 0
The 4-th iteration is completed.	|| time cost : 0h 0m 0.872s
********************************************************************************************************************
Start the 5 rounds of NGS-ED iteration
	effective electronic model is modified as: kinetic energy t = 0.897245, t' = -0.248209
	                                           effective interaction Vq = [    -4.05, -2.20561,-0.419323, -2.20561, -2.20561,-0.385999,-0.206564,-0.385999,-0.419323,-0.206564,-0.109837,-0.206564, -2.20561,-0.385999,-0.206564,-0.385999]
	PARPACK diagonalization completed after 45 matrix-vector product operations.
	iteration results: : total energy is -31.711167 | electron energy -32.445069 + phonon energy 0.733902 | electron momentum kIdx = 0
The 5-th iteration is completed.	|| time cost : 0h 0m 0.858s
********************************************************************************************************************
Start the 6 rounds of NGS-ED iteration
	effective electronic model is modified as: kinetic energy t = 0.892562, t' = -0.245469
	                                           effective interaction Vq = [    -4.05, -2.31021,-0.412839, -2.31021, -2.31021,-0.379621,-0.203296,-0.379621,-0.412839,-0.203296, -0.10754,-0.203296, -2.31021,-0.379621,-0.203296,-0.379621]
	PARPACK diagonalization completed after 45 matrix-vector product operations.
	iteration results: : total energy is -31.717794 | electron energy -32.505117 + phonon energy 0.787323 | electron momentum kIdx = 0
The 6-th iteration is completed.	|| time cost : 0h 0m 0.879s
********************************************************************************************************************
Start the 7 rounds of NGS-ED iteration
	effective electronic model is modified as: kinetic energy t = 0.889425, t' = -0.24364
	                                           effective interaction Vq = [    -4.05, -2.37674, -0.40799, -2.37674, -2.37674,-0.375037,-0.201091,-0.375037, -0.40799,-0.201091,-0.106024,-0.201091, -2.37674,-0.375037,-0.201091,-0.375037]
	PARPACK diagonalization completed after 45 matrix-vector product operations.
	iteration results: : total energy is -31.720783 | electron energy -32.543058 + phonon energy 0.822275 | electron momentum kIdx = 0
The 7-th iteration is completed.	|| time cost : 0h 0m 0.884s
********************************************************************************************************************
Start the 8 rounds of NGS-ED iteration
	effective electronic model is modified as: kinetic energy t = 0.887399, t' = -0.242462
	                                           effective interaction Vq = [    -4.05, -2.41818,-0.404605, -2.41818, -2.41818,-0.371931,-0.199666,-0.371931,-0.404605,-0.199666,-0.105056,-0.199666, -2.41818,-0.371931,-0.199666,-0.371931]
	PARPACK diagonalization completed after 45 matrix-vector product operations.
	iteration results: : total energy is -31.722033 | electron energy -32.566458 + phonon energy 0.844425 | electron momentum kIdx = 0
The 8-th iteration is completed.	|| time cost : 0h 0m 0.879s
********************************************************************************************************************
Start the 9 rounds of NGS-ED iteration
	effective electronic model is modified as: kinetic energy t = 0.886121, t' = -0.241719
	                                           effective interaction Vq = [    -4.05, -2.44369,-0.402357, -2.44369, -2.44369, -0.36991,-0.198768, -0.36991,-0.402357,-0.198768, -0.10445,-0.198768, -2.44369, -0.36991,-0.198768, -0.36991]
	PARPACK diagonalization completed after 45 matrix-vector product operations.
	iteration results: : total energy is -31.722531 | electron energy -32.580737 + phonon energy 0.858206 | electron momentum kIdx = 0
The 9-th iteration is completed.	|| time cost : 0h 0m 0.889s
********************************************************************************************************************
Start the 10 rounds of NGS-ED iteration
	effective electronic model is modified as: kinetic energy t = 0.885327, t' = -0.241258
	                                           effective interaction Vq = [    -4.05, -2.45931,-0.400911, -2.45931, -2.45931,-0.368629,-0.198212,-0.368629,-0.400911,-0.198212,-0.104076,-0.198212, -2.45931,-0.368629,-0.198212,-0.368629]
	PARPACK diagonalization completed after 45 matrix-vector product operations.
	iteration results: : total energy is -31.722724 | electron energy -32.589417 + phonon energy 0.866693 | electron momentum kIdx = 0
The 10-th iteration is completed.	|| time cost : 0h 0m 0.897s
********************************************************************************************************************
Start the 11 rounds of NGS-ED iteration
	effective electronic model is modified as: kinetic energy t = 0.884837, t' = -0.240974
	                                           effective interaction Vq = [    -4.05, -2.46884,-0.400002, -2.46884, -2.46884, -0.36783,-0.197869, -0.36783,-0.400002,-0.197869,-0.103847,-0.197869, -2.46884, -0.36783,-0.197869, -0.36783]
	PARPACK diagonalization completed after 45 matrix-vector product operations.
	iteration results: : total energy is -31.722797 | electron energy -32.594688 + phonon energy 0.871891 | electron momentum kIdx = 0
The 11-th iteration is completed.	|| time cost : 0h 0m 0.887s
********************************************************************************************************************
Start the 12 rounds of NGS-ED iteration
	effective electronic model is modified as: kinetic energy t = 0.884538, t' = -0.2408
	                                           effective interaction Vq = [    -4.05, -2.47464,-0.399437, -2.47464, -2.47464,-0.367337,-0.197659,-0.367337,-0.399437,-0.197659,-0.103707,-0.197659, -2.47464,-0.367337,-0.197659,-0.367337]
	PARPACK diagonalization completed after 45 matrix-vector product operations.
	iteration results: : total energy is -31.722824 | electron energy -32.597889 + phonon energy 0.875065 | electron momentum kIdx = 0
The 12-th iteration is completed.	|| time cost : 0h 0m 0.889s
********************************************************************************************************************
Start the 13 rounds of NGS-ED iteration
	effective electronic model is modified as: kinetic energy t = 0.884354, t' = -0.240694
	                                           effective interaction Vq = [    -4.05, -2.47818,-0.399089, -2.47818, -2.47818,-0.367034,-0.197531,-0.367034,-0.399089,-0.197531,-0.103621,-0.197531, -2.47818,-0.367034,-0.197531,-0.367034]
	PARPACK diagonalization completed after 45 matrix-vector product operations.
	iteration results: : total energy is -31.722835 | electron energy -32.599833 + phonon energy 0.876998 | electron momentum kIdx = 0
The 13-th iteration is completed.	|| time cost : 0h 0m 0.86s
********************************************************************************************************************
Start the 14 rounds of NGS-ED iteration
	effective electronic model is modified as: kinetic energy t = 0.884243, t' = -0.24063
	                                           effective interaction Vq = [    -4.05, -2.48032,-0.398876, -2.48032, -2.48032,-0.366849,-0.197453,-0.366849,-0.398876,-0.197453,-0.103569,-0.197453, -2.48032,-0.366849,-0.197453,-0.366849]
	PARPACK diagonalization completed after 30 matrix-vector product operations.
	iteration results: : total energy is -31.722838 | electron energy -32.601014 + phonon energy 0.878175 | electron momentum kIdx = 0
The 14-th iteration is completed.	|| time cost : 0h 0m 0.821s
********************************************************************************************************************
Start the 15 rounds of NGS-ED iteration
	effective electronic model is modified as: kinetic energy t = 0.884175, t' = -0.24059
	                                           effective interaction Vq = [    -4.05, -2.48163,-0.398746, -2.48163, -2.48163,-0.366736,-0.197406,-0.366736,-0.398746,-0.197406,-0.103537,-0.197406, -2.48163,-0.366736,-0.197406,-0.366736]
	PARPACK diagonalization completed after 30 matrix-vector product operations.
	iteration results: : total energy is -31.722840 | electron energy -32.601731 + phonon energy 0.878891 | electron momentum kIdx = 0
The 15-th iteration is completed.	|| time cost : 0h 0m 0.825s
********************************************************************************************************************
Start the 16 rounds of NGS-ED iteration
	effective electronic model is modified as: kinetic energy t = 0.884133, t' = -0.240566
	                                           effective interaction Vq = [    -4.05, -2.48242,-0.398667, -2.48242, -2.48242,-0.366668,-0.197377,-0.366668,-0.398667,-0.197377,-0.103518,-0.197377, -2.48242,-0.366668,-0.197377,-0.366668]
	PARPACK diagonalization completed after 30 matrix-vector product operations.
	iteration results: : total energy is -31.722840 | electron energy -32.602167 + phonon energy 0.879327 | electron momentum kIdx = 0
The 16-th iteration is completed.	|| time cost : 0h 0m 0.82s
********************************************************************************************************************
Start the 17 rounds of NGS-ED iteration
	effective electronic model is modified as: kinetic energy t = 0.884108, t' = -0.240552
	                                           effective interaction Vq = [    -4.05, -2.48291,-0.398619, -2.48291, -2.48291,-0.366626, -0.19736,-0.366626,-0.398619, -0.19736,-0.103506, -0.19736, -2.48291,-0.366626, -0.19736,-0.366626]
	PARPACK diagonalization completed after 30 matrix-vector product operations.
	iteration results: : total energy is -31.722841 | electron energy -32.602432 + phonon energy 0.879591 | electron momentum kIdx = 0
The 17-th iteration is completed.	|| time cost : 0h 0m 0.83s
********************************************************************************************************************
Start the 18 rounds of NGS-ED iteration
	effective electronic model is modified as: kinetic energy t = 0.884093, t' = -0.240543
	                                           effective interaction Vq = [    -4.05,  -2.4832,-0.398589,  -2.4832,  -2.4832,-0.366601,-0.197349,-0.366601,-0.398589,-0.197349,-0.103499,-0.197349,  -2.4832,-0.366601,-0.197349,-0.366601]
	PARPACK diagonalization completed after 30 matrix-vector product operations.
	iteration results: : total energy is -31.722841 | electron energy -32.602593 + phonon energy 0.879752 | electron momentum kIdx = 0
The 18-th iteration is completed.	|| time cost : 0h 0m 0.828s
********************************************************************************************************************
Start the 19 rounds of NGS-ED iteration
	effective electronic model is modified as: kinetic energy t = 0.884084, t' = -0.240537
	                                           effective interaction Vq = [    -4.05, -2.48338,-0.398571, -2.48338, -2.48338,-0.366585,-0.197342,-0.366585,-0.398571,-0.197342,-0.103495,-0.197342, -2.48338,-0.366585,-0.197342,-0.366585]
	PARPACK diagonalization completed after 30 matrix-vector product operations.
	iteration results: : total energy is -31.722841 | electron energy -32.602691 + phonon energy 0.879850 | electron momentum kIdx = 0
The 19-th iteration is completed.	|| time cost : 0h 0m 0.821s
********************************************************************************************************************
Start the 20 rounds of NGS-ED iteration
	effective electronic model is modified as: kinetic energy t = 0.884078, t' = -0.240534
	                                           effective interaction Vq = [    -4.05, -2.48349,-0.398561, -2.48349, -2.48349,-0.366576,-0.197338,-0.366576,-0.398561,-0.197338,-0.103492,-0.197338, -2.48349,-0.366576,-0.197338,-0.366576]
	PARPACK diagonalization completed after 30 matrix-vector product operations.
	iteration results: : total energy is -31.722841 | electron energy -32.602750 + phonon energy 0.879910 | electron momentum kIdx = 0
The 20-th iteration is completed.	|| time cost : 0h 0m 0.828s
********************************************************************************************************************
Start the 21 rounds of NGS-ED iteration
	effective electronic model is modified as: kinetic energy t = 0.884075, t' = -0.240532
	                                           effective interaction Vq = [    -4.05, -2.48355,-0.398554, -2.48355, -2.48355, -0.36657,-0.197336, -0.36657,-0.398554,-0.197336,-0.103491,-0.197336, -2.48355, -0.36657,-0.197336, -0.36657]
	PARPACK diagonalization completed after 30 matrix-vector product operations.
	iteration results: : total energy is -31.722841 | electron energy -32.602786 + phonon energy 0.879946 | electron momentum kIdx = 0
The 21-th iteration is completed.	|| time cost : 0h 0m 0.828s
********************************************************************************************************************
Start the 22 rounds of NGS-ED iteration
	effective electronic model is modified as: kinetic energy t = 0.884072, t' = -0.240531
	                                           effective interaction Vq = [    -4.05, -2.48359, -0.39855, -2.48359, -2.48359,-0.366566,-0.197335,-0.366566, -0.39855,-0.197335, -0.10349,-0.197335, -2.48359,-0.366566,-0.197335,-0.366566]
	PARPACK diagonalization completed after 30 matrix-vector product operations.
	iteration results: : total energy is -31.722841 | electron energy -32.602808 + phonon energy 0.879968 | electron momentum kIdx = 0
The 22-th iteration is completed.	|| time cost : 0h 0m 0.826s
********************************************************************************************************************
Start the 23 rounds of NGS-ED iteration
	effective electronic model is modified as: kinetic energy t = 0.884071, t' = -0.24053
	                                           effective interaction Vq = [    -4.05, -2.48362,-0.398548, -2.48362, -2.48362,-0.366564,-0.197334,-0.366564,-0.398548,-0.197334,-0.103489,-0.197334, -2.48362,-0.366564,-0.197334,-0.366564]
	PARPACK diagonalization completed after 30 matrix-vector product operations.
	iteration results: : total energy is -31.722840 | electron energy -32.602821 + phonon energy 0.879981 | electron momentum kIdx = 0
The 23-th iteration is completed.	|| time cost : 0h 0m 0.817s
********************************************************************************************************************
Start the 24 rounds of NGS-ED iteration
	effective electronic model is modified as: kinetic energy t = 0.88407, t' = -0.24053
	                                           effective interaction Vq = [    -4.05, -2.48363,-0.398546, -2.48363, -2.48363,-0.366563,-0.197333,-0.366563,-0.398546,-0.197333,-0.103489,-0.197333, -2.48363,-0.366563,-0.197333,-0.366563]
	PARPACK diagonalization completed after 30 matrix-vector product operations.
	iteration results: : total energy is -31.722840 | electron energy -32.602829 + phonon energy 0.879989 | electron momentum kIdx = 0
The 24-th iteration is completed.	|| time cost : 0h 0m 0.821s
********************************************************************************************************************
Start the 25 rounds of NGS-ED iteration
	effective electronic model is modified as: kinetic energy t = 0.88407, t' = -0.240529
	                                           effective interaction Vq = [    -4.05, -2.48364,-0.398545, -2.48364, -2.48364,-0.366562,-0.197333,-0.366562,-0.398545,-0.197333,-0.103488,-0.197333, -2.48364,-0.366562,-0.197333,-0.366562]
	PARPACK diagonalization completed after 30 matrix-vector product operations.
	iteration results: : total energy is -31.722840 | electron energy -32.602834 + phonon energy 0.879994 | electron momentum kIdx = 0
The 25-th iteration is completed.	|| time cost : 0h 0m 0.826s
********************************************************************************************************************
Start the 26 rounds of NGS-ED iteration
	effective electronic model is modified as: kinetic energy t = 0.88407, t' = -0.240529
	                                           effective interaction Vq = [    -4.05, -2.48365,-0.398545, -2.48365, -2.48364,-0.366562,-0.197333,-0.366562,-0.398545,-0.197333,-0.103488,-0.197333, -2.48364,-0.366562,-0.197333,-0.366562]
	PARPACK diagonalization completed after 30 matrix-vector product operations.
	iteration results: : total energy is -31.722840 | electron energy -32.602837 + phonon energy 0.879997 | electron momentum kIdx = 0
The 26-th iteration is completed.	|| time cost : 0h 0m 0.825s
********************************************************************************************************************
Start the 27 rounds of NGS-ED iteration
	effective electronic model is modified as: kinetic energy t = 0.884069, t' = -0.240529
	                                           effective interaction Vq = [    -4.05, -2.48365,-0.398544, -2.48365, -2.48365,-0.366562,-0.197333,-0.366562,-0.398544,-0.197333,-0.103488,-0.197333, -2.48365,-0.366562,-0.197333,-0.366562]
	PARPACK diagonalization completed after 30 matrix-vector product operations.
	iteration results: : total energy is -31.722840 | electron energy -32.602839 + phonon energy 0.879999 | electron momentum kIdx = 0
The 27-th iteration is completed.	|| time cost : 0h 0m 0.821s
********************************************************************************************************************
Start the 28 rounds of NGS-ED iteration
	effective electronic model is modified as: kinetic energy t = 0.884069, t' = -0.240529
	                                           effective interaction Vq = [    -4.05, -2.48365,-0.398544, -2.48365, -2.48365,-0.366561,-0.197332,-0.366561,-0.398544,-0.197332,-0.103488,-0.197332, -2.48365,-0.366561,-0.197332,-0.366561]
	PARPACK diagonalization completed after 30 matrix-vector product operations.
	iteration results: : total energy is -31.722839 | electron energy -32.602839 + phonon energy 0.880000 | electron momentum kIdx = 0
The 28-th iteration is completed.	|| time cost : 0h 0m 0.829s
********************************************************************************************************************
Start the 29 rounds of NGS-ED iteration
	effective electronic model is modified as: kinetic energy t = 0.884069, t' = -0.240529
	                                           effective interaction Vq = [    -4.05, -2.48365,-0.398544, -2.48365, -2.48365,-0.366561,-0.197332,-0.366561,-0.398544,-0.197332,-0.103488,-0.197332, -2.48365,-0.366561,-0.197332,-0.366561]
	PARPACK diagonalization completed after 30 matrix-vector product operations.
	iteration results: : total energy is -31.722839 | electron energy -32.602839 + phonon energy 0.880001 | electron momentum kIdx = 0
The 29-th iteration is completed.	|| time cost : 0h 0m 0.823s
********************************************************************************************************************
Start the 30 rounds of NGS-ED iteration
	effective electronic model is modified as: kinetic energy t = 0.884069, t' = -0.240529
	                                           effective interaction Vq = [    -4.05, -2.48366,-0.398544, -2.48366, -2.48365,-0.366561,-0.197332,-0.366561,-0.398544,-0.197332,-0.103488,-0.197332, -2.48365,-0.366561,-0.197332,-0.366561]
	PARPACK diagonalization completed after 30 matrix-vector product operations.
	iteration results: : total energy is -31.722838 | electron energy -32.602839 + phonon energy 0.880001 | electron momentum kIdx = 0
The 30-th iteration is completed.	|| time cost : 0h 0m 0.826s
********************************************************************************************************************
Start the 31 rounds of NGS-ED iteration
	effective electronic model is modified as: kinetic energy t = 0.884069, t' = -0.240529
	                                           effective interaction Vq = [    -4.05, -2.48366,-0.398544, -2.48366, -2.48365,-0.366561,-0.197332,-0.366561,-0.398543,-0.197332,-0.103488,-0.197332, -2.48365,-0.366561,-0.197332,-0.366561]
	PARPACK diagonalization completed after 30 matrix-vector product operations.
	iteration results: : total energy is -31.722837 | electron energy -32.602838 + phonon energy 0.880001 | electron momentum kIdx = 0
The 31-th iteration is completed.	|| time cost : 0h 0m 0.825s
********************************************************************************************************************
Start the 32 rounds of NGS-ED iteration
	effective electronic model is modified as: kinetic energy t = 0.884069, t' = -0.240529
	                                           effective interaction Vq = [    -4.05, -2.48366,-0.398544, -2.48366, -2.48365,-0.366561,-0.197332,-0.366561,-0.398543,-0.197332,-0.103488,-0.197332, -2.48365,-0.366561,-0.197332,-0.366561]
	PARPACK diagonalization completed after 30 matrix-vector product operations.
	iteration results: : total energy is -31.722835 | electron energy -32.602837 + phonon energy 0.880002 | electron momentum kIdx = 0
The 32-th iteration is completed.	|| time cost : 0h 0m 0.825s
********************************************************************************************************************
Start the 33 rounds of NGS-ED iteration
	effective electronic model is modified as: kinetic energy t = 0.884069, t' = -0.240529
	                                           effective interaction Vq = [    -4.05, -2.48366,-0.398544, -2.48366, -2.48365,-0.366561,-0.197332,-0.366561,-0.398543,-0.197332,-0.103488,-0.197332, -2.48365,-0.366561,-0.197332,-0.366561]
	PARPACK diagonalization completed after 30 matrix-vector product operations.
	iteration results: : total energy is -31.722833 | electron energy -32.602834 + phonon energy 0.880002 | electron momentum kIdx = 0
The 33-th iteration is completed.	|| time cost : 0h 0m 0.826s
********************************************************************************************************************
Start the 34 rounds of NGS-ED iteration
	effective electronic model is modified as: kinetic energy (tx,ty)=(0.884069, 0.88407), t' = -0.240529
	                                           effective interaction Vq = [    -4.05, -2.48367,-0.398545, -2.48367, -2.48364,-0.366561,-0.197332,-0.366561,-0.398543,-0.197332,-0.103488,-0.197332, -2.48364,-0.366561,-0.197332,-0.366561]
	PARPACK diagonalization completed after 30 matrix-vector product operations.
	iteration results: : total energy is -31.722841 | electron energy -32.602843 + phonon energy 0.880002 | electron momentum kIdx = 0
The 34-th iteration is completed.	|| time cost : 0h 0m 0.816s
********************************************************************************************************************
Start the 35 rounds of NGS-ED iteration
	effective electronic model is modified as: kinetic energy (tx,ty)=(0.884068, 0.88407), t' = -0.240529
	                                           effective interaction Vq = [    -4.05, -2.48367,-0.398545, -2.48367, -2.48364,-0.366561,-0.197333,-0.366561,-0.398543,-0.197332,-0.103488,-0.197332, -2.48364,-0.366561,-0.197333,-0.366561]
	PARPACK diagonalization completed after 30 matrix-vector product operations.
	iteration results: : total energy is -31.722841 | electron energy -32.602843 + phonon energy 0.880002 | electron momentum kIdx = 0
The 35-th iteration is completed.	|| time cost : 0h 0m 0.831s
********************************************************************************************************************
Start the 36 rounds of NGS-ED iteration
	effective electronic model is modified as: kinetic energy (tx,ty)=(0.884068, 0.884071), t' = -0.240529
	                                           effective interaction Vq = [    -4.05, -2.48368,-0.398545, -2.48368, -2.48363,-0.366561,-0.197333,-0.366561,-0.398542,-0.197332,-0.103488,-0.197332, -2.48363,-0.366561,-0.197333,-0.366561]
	PARPACK diagonalization completed after 30 matrix-vector product operations.
	iteration results: : total energy is -31.722841 | electron energy -32.602843 + phonon energy 0.880002 | electron momentum kIdx = 0
The 36-th iteration is completed.	|| time cost : 0h 0m 0.81s
********************************************************************************************************************
Start the 37 rounds of NGS-ED iteration
	effective electronic model is modified as: kinetic energy (tx,ty)=(0.884067, 0.884071), t' = -0.240529
	                                           effective interaction Vq = [    -4.05, -2.48369,-0.398546, -2.48369, -2.48362,-0.366561,-0.197333,-0.366561,-0.398542,-0.197332,-0.103488,-0.197332, -2.48362,-0.366561,-0.197333,-0.366561]
	PARPACK diagonalization completed after 30 matrix-vector product operations.
	iteration results: : total energy is -31.722841 | electron energy -32.602842 + phonon energy 0.880002 | electron momentum kIdx = 0
The 37-th iteration is completed.	|| time cost : 0h 0m 0.828s
********************************************************************************************************************
Start the 38 rounds of NGS-ED iteration
	effective electronic model is modified as: kinetic energy (tx,ty)=(0.884067, 0.884072), t' = -0.240529
	                                           effective interaction Vq = [    -4.05,  -2.4837,-0.398546,  -2.4837, -2.48361,-0.366561,-0.197333,-0.366561,-0.398541,-0.197332,-0.103488,-0.197332, -2.48361,-0.366561,-0.197333,-0.366561]
	PARPACK diagonalization completed after 30 matrix-vector product operations.
	iteration results: : total energy is -31.722841 | electron energy -32.602842 + phonon energy 0.880002 | electron momentum kIdx = 0
The 38-th iteration is completed.	|| time cost : 0h 0m 0.826s
********************************************************************************************************************
Start the 39 rounds of NGS-ED iteration
	effective electronic model is modified as: kinetic energy (tx,ty)=(0.884066, 0.884073), t' = -0.240529
	                                           effective interaction Vq = [    -4.05, -2.48372,-0.398547, -2.48372, -2.48359,-0.366561,-0.197333,-0.366561, -0.39854,-0.197331,-0.103488,-0.197331, -2.48359,-0.366561,-0.197333,-0.366561]
	PARPACK diagonalization completed after 30 matrix-vector product operations.
	iteration results: : total energy is -31.722841 | electron energy -32.602842 + phonon energy 0.880002 | electron momentum kIdx = 0
The 39-th iteration is completed.	|| time cost : 0h 0m 0.825s
********************************************************************************************************************
Start the 40 rounds of NGS-ED iteration
	effective electronic model is modified as: kinetic energy (tx,ty)=(0.884064, 0.884074), t' = -0.240529
	                                           effective interaction Vq = [    -4.05, -2.48374,-0.398549, -2.48374, -2.48356,-0.366561,-0.197334,-0.366561,-0.398539,-0.197331,-0.103488,-0.197331, -2.48356,-0.366561,-0.197334,-0.366561]
	PARPACK diagonalization completed after 30 matrix-vector product operations.
	iteration results: : total energy is -31.722841 | electron energy -32.602842 + phonon energy 0.880002 | electron momentum kIdx = 0
The 40-th iteration is completed.	|| time cost : 0h 0m 0.832s
********************************************************************************************************************
Start the 41 rounds of NGS-ED iteration
	effective electronic model is modified as: kinetic energy (tx,ty)=(0.884062, 0.884076), t' = -0.240529
	                                           effective interaction Vq = [    -4.05, -2.48378,-0.398551, -2.48378, -2.48353,-0.366561,-0.197334,-0.366561,-0.398537, -0.19733,-0.103488, -0.19733, -2.48353,-0.366561,-0.197334,-0.366561]
	PARPACK diagonalization completed after 30 matrix-vector product operations.
	iteration results: : total energy is -31.722841 | electron energy -32.602842 + phonon energy 0.880002 | electron momentum kIdx = 0
The 41-th iteration is completed.	|| time cost : 0h 0m 0.826s
********************************************************************************************************************
Start the 42 rounds of NGS-ED iteration
	effective electronic model is modified as: kinetic energy (tx,ty)=(0.884059, 0.884079), t' = -0.240529
	                                           effective interaction Vq = [    -4.05, -2.48383,-0.398553, -2.48383, -2.48348,-0.366561,-0.197335,-0.366561,-0.398534, -0.19733,-0.103488, -0.19733, -2.48348,-0.366561,-0.197335,-0.366561]
	PARPACK diagonalization completed after 45 matrix-vector product operations.
	iteration results: : total energy is -31.722841 | electron energy -32.602842 + phonon energy 0.880002 | electron momentum kIdx = 0
The 42-th iteration is completed.	|| time cost : 0h 0m 0.89s
********************************************************************************************************************
Start the 43 rounds of NGS-ED iteration
	effective electronic model is modified as: kinetic energy (tx,ty)=(0.884055, 0.884083), t' = -0.240529
	                                           effective interaction Vq = [    -4.05, -2.48389,-0.398557, -2.48389, -2.48341,-0.366561,-0.197336,-0.366561, -0.39853,-0.197329,-0.103488,-0.197329, -2.48341,-0.366561,-0.197336,-0.366561]
	PARPACK diagonalization completed after 45 matrix-vector product operations.
	iteration results: : total energy is -31.722841 | electron energy -32.602842 + phonon energy 0.880002 | electron momentum kIdx = 0
The 43-th iteration is completed.	|| time cost : 0h 0m 0.89s
********************************************************************************************************************
Start the 44 rounds of NGS-ED iteration
	effective electronic model is modified as: kinetic energy (tx,ty)=(0.88405, 0.884088), t' = -0.240529
	                                           effective interaction Vq = [    -4.05, -2.48399,-0.398562, -2.48399, -2.48332,-0.366561,-0.197338,-0.366561,-0.398525,-0.197327,-0.103488,-0.197327, -2.48332,-0.366561,-0.197338,-0.366561]
	PARPACK diagonalization completed after 45 matrix-vector product operations.
	iteration results: : total energy is -31.722841 | electron energy -32.602842 + phonon energy 0.880002 | electron momentum kIdx = 0
The 44-th iteration is completed.	|| time cost : 0h 0m 0.793s
********************************************************************************************************************
Start the 45 rounds of NGS-ED iteration
	effective electronic model is modified as: kinetic energy (tx,ty)=(0.884043, 0.884096), t' = -0.240529
	                                           effective interaction Vq = [    -4.05, -2.48411,-0.398569, -2.48411, -2.48319,-0.366561, -0.19734,-0.366561,-0.398518,-0.197325,-0.103488,-0.197325, -2.48319,-0.366561, -0.19734,-0.366561]
	PARPACK diagonalization completed after 45 matrix-vector product operations.
