SNEDics v3.21.4 Non-Gaussian ED ground state program		Start at Mon Jul 26 08:02:16 2021

parallized on 32 MPI threads  * 8 OpenMP threads = 256 total threads.
********************************************************************************************************************
********************************************************************************************************************

********************************************************************************************************************
System parameters and configurations
	special program options are enabled: splitted diagonal Hamiltonian | splitted Hamiltonian terms
********************************************************************************************************************
Read input file "model_params.in"
	Hubbard-Holstein model parameters : 	t = 1    U = 8    g = 0.03    W = 0.2    g' = 0.09    
********************************************************************************************************************
Read input file "hilbertspace_params.in"
	Requested 16-site 2D lattice, with 12 electrons (6, 6)
	Boundary : Periodic		Hilbert space representation : momentum-space (restricted to kIdx = 0)
	Conservation: particle number[U(1)]      spin[U(1)]     momentum
********************************************************************************************************************

Cluster Positions:				Cluster symmetry group : D4
 x ... x ... x ... x .....                       x ... x ... x ... x .....
 |           |           :                       |           |           :
 |           |           :                       |           |           :
12    13    14    15     x                       1     5     6     5     x
 |           |           :                       |           |           :
 |           |           :                       |           |           :
 8 --- 9 ---10 ---11 --- x                       2 --- 6 ---10 --- 6 --- x
 |           |           :                       |           |           :
 |           |           :                       |           |           :
 4     5     6     7     x                       1     5     6     5     x
 |           |           :                       |           |           :
 |           |           :                       |           |           :
 0 --- 1 --- 2 --- 3 --- x                       0 --- 1 --- 2 --- 1 --- x
orbital number : 1
********************************************************************************************************************
Read input file "obs_params.in"
	Observable Type : Nq(All),   Sq(All),   N(All),   Delta[s](All),   Delta[d](All),   Delta[s+](All)
** WARNING ** the input observables have non-local factors which have been reinterpreted. The total observable number is 96
********************************************************************************************************************


********************************************************************************************************************
Start calculating the non-Gaussian ED ground state
Maximal iteration number is 1000; energy resolution is 1e-06. Phonon state relaxation time is 2000
W = 0.2 is relatively large. The non-Gaussian ED calculation starts directly.
open output files: NGSED_iteration_obserbles.txt
********************************************************************************************************************
Start the 0 rounds of NGS-ED iteration
	effective electronic model is modified as: kinetic energy t = 1
	                                           effective interaction Vq = [0,0,0,0,0,0,0,0,0,0,0,0,0,0,0,0]
	first Hamiltonian is constructed, size = 4008592 and non-zero numbers = 969134044
	PARPACK diagonalization completed after 150 matrix-vector product operations.
	iteration results: : total energy is -14.925310 | electron energy -14.925310 + phonon energy 0.000000 | electron momentum kIdx = 0
	Nq(0) = 9,	Nq(1) = 0.191675,	Nq(2) = 0.266183,	Nq(3) = 0.191675,	Nq(4) = 0.191675,	Nq(5) = 0.245517,	
	Nq(6) = 0.314107,	Nq(7) = 0.245517,	Nq(8) = 0.266183,	Nq(9) = 0.314107,	Nq(10) = 0.369338,	
	Nq(11) = 0.314107,	Nq(12) = 0.191675,	Nq(13) = 0.245517,	Nq(14) = 0.314107,	Nq(15) = 0.245517;	
	Sq(0) = 3.02743e-18,	Sq(1) = 0.554662,	Sq(2) = 0.424361,	Sq(3) = 0.554662,	Sq(4) = 0.554662,	
	Sq(5) = 0.79749,	Sq(6) = 1.01287,	Sq(7) = 0.79749,	Sq(8) = 0.424361,	Sq(9) = 1.01287,	
	Sq(10) = 0.784303,	Sq(11) = 1.01287,	Sq(12) = 0.554662,	Sq(13) = 0.79749,	Sq(14) = 1.01287,	
	Sq(15) = 0.79749;	N(0) = 1.76735,	N(1) = 1.6264,	N(2) = 0.74365,	N(3) = 1.6264,	
	N(4) = 1.6264,	N(5) = 0.392302,	N(6) = 0.144321,	N(7) = 0.392302,	N(8) = 0.74365,	
	N(9) = 0.144321,	N(10) = 0.0932732,	N(11) = 0.144321,	N(12) = 1.6264,	N(13) = 0.392302,	
	N(14) = 0.144321,	N(15) = 0.392302;	Delta[s](0) = 0.0656736,	Delta[s](1) = 0.0453619,	Delta[s](2) = 0.0303949,	
	Delta[s](3) = 0.0453619,	Delta[s](4) = 0.0453619,	Delta[s](5) = 0.0270931,	Delta[s](6) = 0.00926208,	Delta[s](7) = 0.0270931,	
	Delta[s](8) = 0.0303949,	Delta[s](9) = 0.00926208,	Delta[s](10) = 0.000118186,	Delta[s](11) = 0.00926208,	Delta[s](12) = 0.0453619,	
	Delta[s](13) = 0.0270931,	Delta[s](14) = 0.00926208,	Delta[s](15) = 0.0270931;	Delta[d](0) = 0.229457,	Delta[d](1) = 0.180066,	
	Delta[d](2) = 0.222258,	Delta[d](3) = 0.180066,	Delta[d](4) = 0.180066,	Delta[d](5) = 0.12298,	Delta[d](6) = 0.150463,	
	Delta[d](7) = 0.12298,	Delta[d](8) = 0.222258,	Delta[d](9) = 0.150463,	Delta[d](10) = 0.0767456,	Delta[d](11) = 0.150463,	
	Delta[d](12) = 0.180066,	Delta[d](13) = 0.12298,	Delta[d](14) = 0.150463,	Delta[d](15) = 0.12298;	Delta[s+](0) = 0.529688,	
	Delta[s+](1) = 0.361233,	Delta[s+](2) = 0.222258,	Delta[s+](3) = 0.361233,	Delta[s+](4) = 0.361233,	Delta[s+](5) = 0.177134,	
	Delta[s+](6) = 0.062623,	Delta[s+](7) = 0.177134,	Delta[s+](8) = 0.222258,	Delta[s+](9) = 0.062623,	Delta[s+](10) = 0.0156753,	
	Delta[s+](11) = 0.062623,	Delta[s+](12) = 0.361233,	Delta[s+](13) = 0.177134,	Delta[s+](14) = 0.062623,	Delta[s+](15) = 0.177134
	
The 0-th iteration is completed.	|| time cost : 0h 2m 1.856s
********************************************************************************************************************
Start the 1 rounds of NGS-ED iteration
	effective electronic model is modified as: kinetic energy t = 0.998838
	                                           effective interaction Vq = [     -0.7605,  -0.0271425,-0.000386994,  -0.0271425,  -0.0271425,-0.000358747, -0.00780356,-0.000358747,-0.000386994, -0.00780356,  -0.0352127, -0.00780356,  -0.0271425,-0.000358747, -0.00780356,-0.000358747]
	PARPACK diagonalization completed after 45 matrix-vector product operations.
	iteration results: : total energy is -21.792124 | electron energy -21.792484 + phonon energy 0.000360 | electron momentum kIdx = 0
The 1-th iteration is completed.	|| time cost : 0h 1m 18.222s
********************************************************************************************************************
Start the 2 rounds of NGS-ED iteration
	effective electronic model is modified as: kinetic energy t = 0.998833
	                                           effective interaction Vq = [     -0.7605,  -0.0272055,-0.000386371,  -0.0272055,  -0.0272055,-0.000358286,  -0.0078011,-0.000358286,-0.000386371,  -0.0078011,  -0.0353469,  -0.0078011,  -0.0272055,-0.000358286,  -0.0078011,-0.000358286]
	PARPACK diagonalization completed after 30 matrix-vector product operations.
	iteration results: : total energy is -21.792124 | electron energy -21.792489 + phonon energy 0.000364 | electron momentum kIdx = 0
The 2-th iteration is completed.	|| time cost : 0h 0m 9.999s
********************************************************************************************************************
Start the 3 rounds of NGS-ED iteration
	effective electronic model is modified as: kinetic energy t = 0.998833
	                                           effective interaction Vq = [     -0.7605,  -0.0272056, -0.00038637,  -0.0272056,  -0.0272056,-0.000358285, -0.00780107,-0.000358285, -0.00038637, -0.00780107,  -0.0353475, -0.00780107,  -0.0272056,-0.000358285, -0.00780107,-0.000358285]
	PARPACK diagonalization completed after 30 matrix-vector product operations.
	iteration results: : total energy is -21.792124 | electron energy -21.792489 + phonon energy 0.000364 | electron momentum kIdx = 0
The 3-th iteration is completed.	|| time cost : 0h 0m 9.687s
********************************************************************************************************************
Start the 4 rounds of NGS-ED iteration
	effective electronic model is modified as: kinetic energy t = 0.998833
	                                           effective interaction Vq = [     -0.7605,  -0.0272056, -0.00038637,  -0.0272056,  -0.0272056,-0.000358285, -0.00780107,-0.000358285, -0.00038637, -0.00780107,  -0.0353475, -0.00780107,  -0.0272056,-0.000358285, -0.00780107,-0.000358285]
	PARPACK diagonalization completed after 30 matrix-vector product operations.
	iteration results: : total energy is -21.792124 | electron energy -21.792489 + phonon energy 0.000364 | electron momentum kIdx = 0
	Nq(0) = 9,	Nq(1) = 0.192258,	Nq(2) = 0.265885,	Nq(3) = 0.192258,	Nq(4) = 0.192258,	Nq(5) = 0.24533,	
	Nq(6) = 0.314192,	Nq(7) = 0.24533,	Nq(8) = 0.265885,	Nq(9) = 0.314192,	Nq(10) = 0.370863,	
	Nq(11) = 0.314192,	Nq(12) = 0.192258,	Nq(13) = 0.24533,	Nq(14) = 0.314192,	Nq(15) = 0.24533;	
	Sq(0) = 2.45031e-18,	Sq(1) = 0.554255,	Sq(2) = 0.424326,	Sq(3) = 0.554255,	Sq(4) = 0.554255,	
	Sq(5) = 0.797258,	Sq(6) = 1.0126,	Sq(7) = 0.797258,	Sq(8) = 0.424326,	Sq(9) = 1.0126,	
	Sq(10) = 0.785131,	Sq(11) = 1.0126,	Sq(12) = 0.554255,	Sq(13) = 0.797258,	Sq(14) = 1.0126,	
	Sq(15) = 0.797258;	N(0) = 1.76765,	N(1) = 1.62745,	N(2) = 0.743098,	N(3) = 1.62745,	
	N(4) = 1.62745,	N(5) = 0.391665,	N(6) = 0.144115,	N(7) = 0.391665,	N(8) = 0.743098,	
	N(9) = 0.144115,	N(10) = 0.0932489,	N(11) = 0.144115,	N(12) = 1.62745,	N(13) = 0.391665,	
	N(14) = 0.144115,	N(15) = 0.391665;	Delta[s](0) = 0.0658532,	Delta[s](1) = 0.0454899,	Delta[s](2) = 0.0305017,	
	Delta[s](3) = 0.0454899,	Delta[s](4) = 0.0454899,	Delta[s](5) = 0.0271915,	Delta[s](6) = 0.00929372,	Delta[s](7) = 0.0271915,	
	Delta[s](8) = 0.0305017,	Delta[s](9) = 0.00929372,	Delta[s](10) = 0.000119147,	Delta[s](11) = 0.00929372,	Delta[s](12) = 0.0454899,	
	Delta[s](13) = 0.0271915,	Delta[s](14) = 0.00929372,	Delta[s](15) = 0.0271915;	Delta[d](0) = 0.229483,	Delta[d](1) = 0.18009,	
	Delta[d](2) = 0.222305,	Delta[d](3) = 0.18009,	Delta[d](4) = 0.18009,	Delta[d](5) = 0.122963,	Delta[d](6) = 0.150444,	
	Delta[d](7) = 0.122963,	Delta[d](8) = 0.222305,	Delta[d](9) = 0.150444,	Delta[d](10) = 0.0765013,	Delta[d](11) = 0.150444,	
	Delta[d](12) = 0.18009,	Delta[d](13) = 0.122963,	Delta[d](14) = 0.150444,	Delta[d](15) = 0.122963;	Delta[s+](0) = 0.529937,	
	Delta[s+](1) = 0.361376,	Delta[s+](2) = 0.222305,	Delta[s+](3) = 0.361376,	Delta[s+](4) = 0.361376,	Delta[s+](5) = 0.177183,	
	Delta[s+](6) = 0.0626115,	Delta[s+](7) = 0.177183,	Delta[s+](8) = 0.222305,	Delta[s+](9) = 0.0626115,	Delta[s+](10) = 0.0156852,	
	Delta[s+](11) = 0.0626115,	Delta[s+](12) = 0.361376,	Delta[s+](13) = 0.177183,	Delta[s+](14) = 0.0626115,	Delta[s+](15) = 0.177183
	
The 4-th iteration is completed.	|| time cost : 0h 1m 18.703s
********************************************************************************************************************
********************************************************************************************************************
Ground state is obtained after 5 iterations. The current ground-state energy is -21.7921, in which electron energy is -21.7925 and phonon energy is 0.000364391
Final variational state is: 
	Gamma_x = [      1,1.02561, 1.0005,1.02561,1.02561,1.00043,1.01211,1.00043, 1.0005,1.01211,1.06652,1.01211,1.02561,1.00043,1.01211,1.00043]
	lambda_q = [      1.95,  0.066907,0.00658399,  0.066907,  0.066907,0.00609525,-0.0264707,0.00609525,0.00658399,-0.0264707,-0.0544554,-0.0264707,  0.066907,0.00609525,-0.0264707,0.00609525]
Effective e-e interactions mediated by phonons are:
	momentum-space Vq = [     -0.7605,  -0.0272056, -0.00038637,  -0.0272056,  -0.0272056,-0.000358285, -0.00780107,-0.000358285, -0.00038637, -0.00780107,  -0.0353475, -0.00780107,  -0.0272056,-0.000358285, -0.00780107,-0.000358285]
	real-space Vr = [  -0.05863,-0.0477476,-0.0496992,-0.0477476,-0.0477476,-0.0496922,-0.0428965,-0.0496922,-0.0496992,-0.0428965,-0.0411267,-0.0428965,-0.0477476,-0.0496922,-0.0428965,-0.0496922]
********************************************************************************************************************
o___o  ----------------------------------------
| L |	Time since last clock: 0h 0m 0.013s
A===A	Time since the beginning: 0h 4m 58.483s
***********************************************


Non-Gaussina ED ground state calculation is completed. The final ground-state energy is -21.7921
********************************************************************************************************************
o___o  ----------------------------------------
| L |	Time since last clock: 0h 0m 0.004s
A===A	Time since the beginning: 0h 4m 58.487s
***********************************************



********************************************************************************************************************
All non-Gaussian ED ground state calculations have been completed. Exit now.
