TACC:  Starting up job 1742731 
TACC:  Starting parallel tasks... 
SNEDics v3.4 Non-Gaussian ED ground state program		Start at Sat Oct 10 05:46:54 2020

parallized on 16 MPI threads  * 7 OpenMP threads = 112 total threads.
********************************************************************************************************************
********************************************************************************************************************

********************************************************************************************************************
System parameters and configurations
********************************************************************************************************************
Special program options are enabled: splitted diagonal Hamiltonian
********************************************************************************************************************
Read input file "model_params.in"
	Hubbard-Holstein model parameters : 	t = 1    U = 8    g = 0.05    W = 0.2    g' = 0.01    
********************************************************************************************************************
Read input file "hilbertspace_params.in"
	Requested 16-site 2D lattice, with 14 electrons (7, 7)
	Boundary : Periodic		Hilbert space representation : momentum-space (restricted to kIdx = 0)
	Conservation: particle number[U(1)]      spin[U(1)]     momentum
********************************************************************************************************************

Cluster Positions:				Cluster symmetry group : D4
 x ... x ... x ... x .....                       x ... x ... x ... x .....
 |           |           :                       |           |           :
 |           |           :                       |           |           :
12    13    14    15     x                       1     5     6     5     x
 |           |           :                       |           |           :
 |           |           :                       |           |           :
 8 --- 9 ---10 ---11 --- x                       2 --- 6 ---10 --- 6 --- x
 |           |           :                       |           |           :
 |           |           :                       |           |           :
 4     5     6     7     x                       1     5     6     5     x
 |           |           :                       |           |           :
 |           |           :                       |           |           :
 0 --- 1 --- 2 --- 3 --- x                       0 --- 1 --- 2 --- 1 --- x
orbital number : 1
********************************************************************************************************************
Read input file "obs_params.in"
	Observable Type : Nq(All),   Sq(All),   N(All),   Delta[s](All),   Delta[d](All),   Delta[s+](All)
********************************************************************************************************************
** WARNING ** the input observables have non-local factors which have been reinterpreted. The total observable number is 96
********************************************************************************************************************


********************************************************************************************************************
Start calculating the non-Gaussian ED ground state
** WARNING ** Detected low phonon energy W < 10. The initial state will be prepared through a warm-up process.
********************************************************************************************************************
Start warm-up calculation for scaling factor 64
open output files: NGSEDWarmUpW12.8Obs.txt
********************************************************************************************************************
Start the 0 rounds of NGS-ED iteration
	effective electronic model is modified as: kinetic energy t = 1
	                                           effective interaction Vq = [0,0,0,0,0,0,0,0,0,0,0,0,0,0,0,0]
	first Hamiltonian is constructed, non-zero numbers = 2178478298
	PARPACK diagonalization completed after 165 matrix-vector product operations.
	iteration results: : total energy is -11.868836 | electron energy -11.868836 + phonon energy 0.000000 | electron momentum kIdx = 0
	Nq(0) = 12.25,	Nq(1) = 0.154193,	Nq(2) = 0.185311,	Nq(3) = 0.154193,	Nq(4) = 0.154193,	Nq(5) = 0.203281,	Nq(6) = 0.235634,	Nq(7) = 0.203281,	Nq(8) = 0.185311,	Nq(9) = 0.235634,	Nq(10) = 0.275446,	Nq(11) = 0.235634,	Nq(12) = 0.154193,	Nq(13) = 0.203281,	Nq(14) = 0.235634,	Nq(15) = 0.203281,	Sq(0) = 1.11096e-18,	Sq(1) = 0.474292,	Sq(2) = 0.766364,	Sq(3) = 0.474292,	Sq(4) = 0.474292,	Sq(5) = 0.630724,	Sq(6) = 1.05279,	Sq(7) = 0.630724,	Sq(8) = 0.766364,	Sq(9) = 1.05279,	Sq(10) = 2.56755,	Sq(11) = 1.05279,	Sq(12) = 0.474292,	Sq(13) = 0.630724,	Sq(14) = 1.05279,	Sq(15) = 0.630724,	N(0) = 1.75464,	N(1) = 1.59086,	N(2) = 0.323321,	N(3) = 1.59086,	N(4) = 1.59086,	N(5) = 0.999881,	N(6) = 0.267546,	N(7) = 0.999881,	N(8) = 0.323321,	N(9) = 0.267546,	N(10) = 0.165565,	N(11) = 0.267546,	N(12) = 1.59086,	N(13) = 0.999881,	N(14) = 0.267546,	N(15) = 0.999881,	Delta[s](0) = 0.0793622,	Delta[s](1) = 0.059272,	Delta[s](2) = 0.0353952,	Delta[s](3) = 0.059272,	Delta[s](4) = 0.059272,	Delta[s](5) = 0.0423055,	Delta[s](6) = 0.0194363,	Delta[s](7) = 0.0423055,	Delta[s](8) = 0.0353952,	Delta[s](9) = 0.0194363,	Delta[s](10) = 4.21036e-05,	Delta[s](11) = 0.0194363,	Delta[s](12) = 0.059272,	Delta[s](13) = 0.0423055,	Delta[s](14) = 0.0194363,	Delta[s](15) = 0.0423055,	Delta[d](0) = 0.276256,	Delta[d](1) = 0.189753,	Delta[d](2) = 0.199623,	Delta[d](3) = 0.189753,	Delta[d](4) = 0.189753,	Delta[d](5) = 0.176519,	Delta[d](6) = 0.132384,	Delta[d](7) = 0.176519,	Delta[d](8) = 0.199623,	Delta[d](9) = 0.132384,	Delta[d](10) = 0.0533593,	Delta[d](11) = 0.132384,	Delta[d](12) = 0.189753,	Delta[d](13) = 0.176519,	Delta[d](14) = 0.132384,	Delta[d](15) = 0.176519,	Delta[s+](0) = 0.56017,	Delta[s+](1) = 0.41708,	Delta[s+](2) = 0.199623,	Delta[s+](3) = 0.41708,	Delta[s+](4) = 0.41708,	Delta[s+](5) = 0.291456,	Delta[s+](6) = 0.126051,	Delta[s+](7) = 0.291456,	Delta[s+](8) = 0.199623,	Delta[s+](9) = 0.126051,	Delta[s+](10) = 0.0381324,	Delta[s+](11) = 0.126051,	Delta[s+](12) = 0.41708,	Delta[s+](13) = 0.291456,	Delta[s+](14) = 0.126051,	Delta[s+](15) = 0.291456
The 0-th iteration is completed.	|| time cost : 0h 6m 30.011s
********************************************************************************************************************
Start the 1 rounds of NGS-ED iteration
	effective electronic model is modified as: kinetic energy t = 0.999734
	                                           effective interaction Vq = [  -0.0373692,  -0.0211999,  -0.0103247,  -0.0211999,  -0.0211999,  -0.0104334, -0.00363769,  -0.0104334,  -0.0103247, -0.00363769,-0.000396144, -0.00363769,  -0.0211999,  -0.0104334, -0.00363769,  -0.0104334]
	PARPACK diagonalization completed after 60 matrix-vector product operations.
	iteration results: : total energy is -12.351037 | electron energy -12.351037 + phonon energy 0.000000 | electron momentum kIdx = 0
The 1-th iteration is completed.	|| time cost : 0h 5m 23.084s
********************************************************************************************************************
Start the 2 rounds of NGS-ED iteration
	effective electronic model is modified as: kinetic energy t = 0.999634
	                                           effective interaction Vq = [  -0.040258,  -0.023065, -0.0111752,  -0.023065,  -0.023065, -0.0113103,-0.00392315, -0.0113103, -0.0111752,-0.00392315,-0.00042566,-0.00392315,  -0.023065, -0.0113103,-0.00392315, -0.0113103]
	PARPACK diagonalization completed after 45 matrix-vector product operations.
	iteration results: : total energy is -12.387198 | electron energy -12.387198 + phonon energy 0.000000 | electron momentum kIdx = 0
The 2-th iteration is completed.	|| time cost : 0h 0m 24.373s
********************************************************************************************************************
Start the 3 rounds of NGS-ED iteration
	effective electronic model is modified as: kinetic energy t = 0.999615
	                                           effective interaction Vq = [  -0.0404813,  -0.0233427,  -0.0112898,  -0.0233427,  -0.0233427,  -0.0114321,   -0.003959,  -0.0114321,  -0.0112898,   -0.003959,-0.000429107,   -0.003959,  -0.0233427,  -0.0114321,   -0.003959,  -0.0114321]
	PARPACK diagonalization completed after 30 matrix-vector product operations.
	iteration results: : total energy is -12.389959 | electron energy -12.389959 + phonon energy 0.000000 | electron momentum kIdx = 0
The 3-th iteration is completed.	|| time cost : 0h 0m 21.552s
********************************************************************************************************************
Start the 4 rounds of NGS-ED iteration
	effective electronic model is modified as: kinetic energy t = 0.999612
	                                           effective interaction Vq = [  -0.0404986,  -0.0233941,  -0.0113073,  -0.0233941,  -0.0233941,  -0.0114516, -0.00396399,  -0.0114516,  -0.0113073, -0.00396399,-0.000429545, -0.00396399,  -0.0233941,  -0.0114516, -0.00396399,  -0.0114516]
	PARPACK diagonalization completed after 30 matrix-vector product operations.
	iteration results: : total energy is -12.390171 | electron energy -12.390172 + phonon energy 0.000000 | electron momentum kIdx = 0
	Nq(0) = 12.25,	Nq(1) = 0.15449,	Nq(2) = 0.185537,	Nq(3) = 0.15449,	Nq(4) = 0.15449,	Nq(5) = 0.203538,	Nq(6) = 0.235844,	Nq(7) = 0.203538,	Nq(8) = 0.185537,	Nq(9) = 0.235844,	Nq(10) = 0.275653,	Nq(11) = 0.235844,	Nq(12) = 0.15449,	Nq(13) = 0.203538,	Nq(14) = 0.235844,	Nq(15) = 0.203538,	Sq(0) = -3.31878e-18,	Sq(1) = 0.474131,	Sq(2) = 0.766066,	Sq(3) = 0.474131,	Sq(4) = 0.474131,	Sq(5) = 0.630545,	Sq(6) = 1.05241,	Sq(7) = 0.630545,	Sq(8) = 0.766066,	Sq(9) = 1.05241,	Sq(10) = 2.56732,	Sq(11) = 1.05241,	Sq(12) = 0.474131,	Sq(13) = 0.630545,	Sq(14) = 1.05241,	Sq(15) = 0.630545,	N(0) = 1.75527,	N(1) = 1.59174,	N(2) = 0.322521,	N(3) = 1.59174,	N(4) = 1.59174,	N(5) = 0.999822,	N(6) = 0.267044,	N(7) = 0.999822,	N(8) = 0.322521,	N(9) = 0.267044,	N(10) = 0.165251,	N(11) = 0.267044,	N(12) = 1.59174,	N(13) = 0.999822,	N(14) = 0.267044,	N(15) = 0.999822,	Delta[s](0) = 0.0795599,	Delta[s](1) = 0.0594295,	Delta[s](2) = 0.0354958,	Delta[s](3) = 0.0594295,	Delta[s](4) = 0.0594295,	Delta[s](5) = 0.0424361,	Delta[s](6) = 0.019508,	Delta[s](7) = 0.0424361,	Delta[s](8) = 0.0354958,	Delta[s](9) = 0.019508,	Delta[s](10) = 6.16709e-05,	Delta[s](11) = 0.019508,	Delta[s](12) = 0.0594295,	Delta[s](13) = 0.0424361,	Delta[s](14) = 0.019508,	Delta[s](15) = 0.0424361,	Delta[d](0) = 0.276695,	Delta[d](1) = 0.189761,	Delta[d](2) = 0.199674,	Delta[d](3) = 0.189761,	Delta[d](4) = 0.189761,	Delta[d](5) = 0.176542,	Delta[d](6) = 0.132362,	Delta[d](7) = 0.176542,	Delta[d](8) = 0.199674,	Delta[d](9) = 0.132362,	Delta[d](10) = 0.0533407,	Delta[d](11) = 0.132362,	Delta[d](12) = 0.189761,	Delta[d](13) = 0.176542,	Delta[d](14) = 0.132362,	Delta[d](15) = 0.176542,	Delta[s+](0) = 0.560638,	Delta[s+](1) = 0.417405,	Delta[s+](2) = 0.199674,	Delta[s+](3) = 0.417405,	Delta[s+](4) = 0.417405,	Delta[s+](5) = 0.291635,	Delta[s+](6) = 0.126052,	Delta[s+](7) = 0.291635,	Delta[s+](8) = 0.199674,	Delta[s+](9) = 0.126052,	Delta[s+](10) = 0.0381013,	Delta[s+](11) = 0.126052,	Delta[s+](12) = 0.417405,	Delta[s+](13) = 0.291635,	Delta[s+](14) = 0.126052,	Delta[s+](15) = 0.291635
The 4-th iteration is completed.	|| time cost : 0h 3m 58.525s
********************************************************************************************************************
********************************************************************************************************************
Ground state is obtained after 5 iterations. The current ground-state energy is -12.3902, in which electron energy is -12.3902 and phonon energy is 2.62818e-07
final variational state is: 
	Gamma_x = [      1, 1.0001,1.00008, 1.0001, 1.0001,1.00008,1.00004,1.00008,1.00008,1.00004,1.00001,1.00004, 1.0001,1.00008,1.00004,1.00008]
	lambda_q = [ 0.0561565, 0.0344969, 0.0216082, 0.0344969, 0.0344969, 0.0222137, 0.0122831, 0.0222137, 0.0216082, 0.0122831,0.00390482, 0.0122831, 0.0344969, 0.0222137, 0.0122831, 0.0222137]
The effective e-e interactions mediated by phonons are: [  0.0404999,  0.0234041,  0.0113101,  0.0234041,  0.0234041,  0.0114548, 0.00396469,  0.0114548,  0.0113101, 0.00396469,0.000429602, 0.00396469,  0.0234041,  0.0114548, 0.00396469,  0.0114548]
The real-space interactions mediated by phonons are: [  -0.218844, -0.0622822,-0.00500184, -0.0109757,  -0.078949, -0.0320167,-0.00500184, -0.0114847, -0.0177304, -0.0114847,-0.00500184, -0.0320167,  -0.078949, -0.0109757,-0.00500184, -0.0622822]
********************************************************************************************************************
o___o  ----------------------------------------
| L |	Time since last clock: 0h 0m 0s
A===A	Time since the beginning: 0h 16m 37.548s
***********************************************

********************************************************************************************************************
Start warm-up calculation for scaling factor 32
open output files: NGSEDWarmUpW6.4Obs.txt
********************************************************************************************************************
Start the 0 rounds of NGS-ED iteration
	effective electronic model is modified as: kinetic energy t = 0.999611
	                                           effective interaction Vq = [  -0.0369977,  -0.0197039,  -0.0092352,  -0.0197039,  -0.0197039, -0.00940788, -0.00320342, -0.00940788,  -0.0092352, -0.00320342,-0.000344195, -0.00320342,  -0.0197039, -0.00940788, -0.00320342, -0.00940788]
	PARPACK diagonalization completed after 45 matrix-vector product operations.
	iteration results: : total energy is -12.341823 | electron energy -12.341823 + phonon energy 0.000000 | electron momentum kIdx = 0
	Nq(0) = 12.25,	Nq(1) = 0.154439,	Nq(2) = 0.185488,	Nq(3) = 0.154439,	Nq(4) = 0.154439,	Nq(5) = 0.203481,	Nq(6) = 0.235794,	Nq(7) = 0.203481,	Nq(8) = 0.185488,	Nq(9) = 0.235794,	Nq(10) = 0.275603,	Nq(11) = 0.235794,	Nq(12) = 0.154439,	Nq(13) = 0.203481,	Nq(14) = 0.235794,	Nq(15) = 0.203481,	Sq(0) = 7.05151e-20,	Sq(1) = 0.474153,	Sq(2) = 0.766126,	Sq(3) = 0.474153,	Sq(4) = 0.474153,	Sq(5) = 0.63058,	Sq(6) = 1.0525,	Sq(7) = 0.63058,	Sq(8) = 0.766126,	Sq(9) = 1.0525,	Sq(10) = 2.56736,	Sq(11) = 1.0525,	Sq(12) = 0.474153,	Sq(13) = 0.63058,	Sq(14) = 1.0525,	Sq(15) = 0.63058,	N(0) = 1.75514,	N(1) = 1.59156,	N(2) = 0.322691,	N(3) = 1.59156,	N(4) = 1.59156,	N(5) = 0.99983,	N(6) = 0.267148,	N(7) = 0.99983,	N(8) = 0.322691,	N(9) = 0.267148,	N(10) = 0.165323,	N(11) = 0.267148,	N(12) = 1.59156,	N(13) = 0.99983,	N(14) = 0.267148,	N(15) = 0.99983,	Delta[s](0) = 0.0795047,	Delta[s](1) = 0.0593898,	Delta[s](2) = 0.0354766,	Delta[s](3) = 0.0593898,	Delta[s](4) = 0.0593898,	Delta[s](5) = 0.0424073,	Delta[s](6) = 0.0194999,	Delta[s](7) = 0.0424073,	Delta[s](8) = 0.0354766,	Delta[s](9) = 0.0194999,	Delta[s](10) = 7.12772e-05,	Delta[s](11) = 0.0194999,	Delta[s](12) = 0.0593898,	Delta[s](13) = 0.0424073,	Delta[s](14) = 0.0194999,	Delta[s](15) = 0.0424073,	Delta[d](0) = 0.27677,	Delta[d](1) = 0.189892,	Delta[d](2) = 0.199787,	Delta[d](3) = 0.189892,	Delta[d](4) = 0.189892,	Delta[d](5) = 0.176654,	Delta[d](6) = 0.132456,	Delta[d](7) = 0.176654,	Delta[d](8) = 0.199787,	Delta[d](9) = 0.132456,	Delta[d](10) = 0.0533896,	Delta[d](11) = 0.132456,	Delta[d](12) = 0.189892,	Delta[d](13) = 0.176654,	Delta[d](14) = 0.132456,	Delta[d](15) = 0.176654,	Delta[s+](0) = 0.560845,	Delta[s+](1) = 0.417567,	Delta[s+](2) = 0.199787,	Delta[s+](3) = 0.417567,	Delta[s+](4) = 0.417567,	Delta[s+](5) = 0.291763,	Delta[s+](6) = 0.126135,	Delta[s+](7) = 0.291763,	Delta[s+](8) = 0.199787,	Delta[s+](9) = 0.126135,	Delta[s+](10) = 0.0381421,	Delta[s+](11) = 0.126135,	Delta[s+](12) = 0.417567,	Delta[s+](13) = 0.291763,	Delta[s+](14) = 0.126135,	Delta[s+](15) = 0.291763
The 0-th iteration is completed.	|| time cost : 0h 4m 0.653s
********************************************************************************************************************
Start the 1 rounds of NGS-ED iteration
	effective electronic model is modified as: kinetic energy t = 0.99955
	                                           effective interaction Vq = [  -0.0395262,  -0.0208898, -0.00958048,  -0.0208898,  -0.0208898, -0.00981101, -0.00328655, -0.00981101, -0.00958048, -0.00328655,-0.000349447, -0.00328655,  -0.0208898, -0.00981101, -0.00328655, -0.00981101]
	PARPACK diagonalization completed after 45 matrix-vector product operations.
	iteration results: : total energy is -12.373029 | electron energy -12.373030 + phonon energy 0.000000 | electron momentum kIdx = 0
The 1-th iteration is completed.	|| time cost : 0h 0m 24.375s
********************************************************************************************************************
Start the 2 rounds of NGS-ED iteration
	effective electronic model is modified as: kinetic energy t = 0.999528
	                                           effective interaction Vq = [  -0.0402293,  -0.0212907, -0.00967974,  -0.0212907,  -0.0212907, -0.00993166, -0.00330845, -0.00993166, -0.00967974, -0.00330845,-0.000350719, -0.00330845,  -0.0212907, -0.00993166, -0.00330845, -0.00993166]
	PARPACK diagonalization completed after 45 matrix-vector product operations.
	iteration results: : total energy is -12.381671 | electron energy -12.381672 + phonon energy 0.000001 | electron momentum kIdx = 0
The 2-th iteration is completed.	|| time cost : 0h 0m 24.365s
********************************************************************************************************************
Start the 3 rounds of NGS-ED iteration
	effective electronic model is modified as: kinetic energy t = 0.99952
	                                           effective interaction Vq = [ -0.0404247, -0.0214349,-0.00970903, -0.0214349, -0.0214349,-0.00996894,-0.00331432,-0.00996894,-0.00970903,-0.00331432,-0.00035103,-0.00331432, -0.0214349,-0.00996894,-0.00331432,-0.00996894]
	PARPACK diagonalization completed after 30 matrix-vector product operations.
	iteration results: : total energy is -12.384069 | electron energy -12.384070 + phonon energy 0.000001 | electron momentum kIdx = 0
The 3-th iteration is completed.	|| time cost : 0h 0m 21.547s
********************************************************************************************************************
Start the 4 rounds of NGS-ED iteration
	effective electronic model is modified as: kinetic energy t = 0.999517
	                                           effective interaction Vq = [  -0.0404791,   -0.021488, -0.00971774,   -0.021488,   -0.021488, -0.00998058, -0.00331589, -0.00998058, -0.00971774, -0.00331589,-0.000351106, -0.00331589,   -0.021488, -0.00998058, -0.00331589, -0.00998058]
	PARPACK diagonalization completed after 30 matrix-vector product operations.
	iteration results: : total energy is -12.384736 | electron energy -12.384737 + phonon energy 0.000001 | electron momentum kIdx = 0
The 4-th iteration is completed.	|| time cost : 0h 0m 21.551s
********************************************************************************************************************
Start the 5 rounds of NGS-ED iteration
	effective electronic model is modified as: kinetic energy t = 0.999517
	                                           effective interaction Vq = [  -0.0404942,  -0.0215078, -0.00972033,  -0.0215078,  -0.0215078, -0.00998422, -0.00331632, -0.00998422, -0.00972033, -0.00331632,-0.000351125, -0.00331632,  -0.0215078, -0.00998422, -0.00331632, -0.00998422]
	PARPACK diagonalization completed after 30 matrix-vector product operations.
	iteration results: : total energy is -12.384921 | electron energy -12.384922 + phonon energy 0.000001 | electron momentum kIdx = 0
	Nq(0) = 12.25,	Nq(1) = 0.154458,	Nq(2) = 0.185489,	Nq(3) = 0.154458,	Nq(4) = 0.154458,	Nq(5) = 0.203482,	Nq(6) = 0.23579,	Nq(7) = 0.203482,	Nq(8) = 0.185489,	Nq(9) = 0.23579,	Nq(10) = 0.275599,	Nq(11) = 0.23579,	Nq(12) = 0.154458,	Nq(13) = 0.203482,	Nq(14) = 0.23579,	Nq(15) = 0.203482,	Sq(0) = 4.07987e-19,	Sq(1) = 0.474136,	Sq(2) = 0.766119,	Sq(3) = 0.474136,	Sq(4) = 0.474136,	Sq(5) = 0.630574,	Sq(6) = 1.05252,	Sq(7) = 0.630574,	Sq(8) = 0.766119,	Sq(9) = 1.05252,	Sq(10) = 2.56735,	Sq(11) = 1.05252,	Sq(12) = 0.474136,	Sq(13) = 0.630574,	Sq(14) = 1.05252,	Sq(15) = 0.630574,	N(0) = 1.75515,	N(1) = 1.59158,	N(2) = 0.32268,	N(3) = 1.59158,	N(4) = 1.59158,	N(5) = 0.999824,	N(6) = 0.267138,	N(7) = 0.999824,	N(8) = 0.32268,	N(9) = 0.267138,	N(10) = 0.165326,	N(11) = 0.267138,	N(12) = 1.59158,	N(13) = 0.999824,	N(14) = 0.267138,	N(15) = 0.999824,	Delta[s](0) = 0.0795032,	Delta[s](1) = 0.0593902,	Delta[s](2) = 0.0354788,	Delta[s](3) = 0.0593902,	Delta[s](4) = 0.0593902,	Delta[s](5) = 0.0424091,	Delta[s](6) = 0.0195036,	Delta[s](7) = 0.0424091,	Delta[s](8) = 0.0354788,	Delta[s](9) = 0.0195036,	Delta[s](10) = 7.6629e-05,	Delta[s](11) = 0.0195036,	Delta[s](12) = 0.0593902,	Delta[s](13) = 0.0424091,	Delta[s](14) = 0.0195036,	Delta[s](15) = 0.0424091,	Delta[d](0) = 0.276941,	Delta[d](1) = 0.189999,	Delta[d](2) = 0.199893,	Delta[d](3) = 0.189999,	Delta[d](4) = 0.189999,	Delta[d](5) = 0.17675,	Delta[d](6) = 0.132527,	Delta[d](7) = 0.17675,	Delta[d](8) = 0.199893,	Delta[d](9) = 0.132527,	Delta[d](10) = 0.0534235,	Delta[d](11) = 0.132527,	Delta[d](12) = 0.189999,	Delta[d](13) = 0.17675,	Delta[d](14) = 0.132527,	Delta[d](15) = 0.17675,	Delta[s+](0) = 0.561131,	Delta[s+](1) = 0.417779,	Delta[s+](2) = 0.199893,	Delta[s+](3) = 0.417779,	Delta[s+](4) = 0.417779,	Delta[s+](5) = 0.291911,	Delta[s+](6) = 0.126203,	Delta[s+](7) = 0.291911,	Delta[s+](8) = 0.199893,	Delta[s+](9) = 0.126203,	Delta[s+](10) = 0.0381656,	Delta[s+](11) = 0.126203,	Delta[s+](12) = 0.417779,	Delta[s+](13) = 0.291911,	Delta[s+](14) = 0.126203,	Delta[s+](15) = 0.291911
The 5-th iteration is completed.	|| time cost : 0h 4m 1.915s
********************************************************************************************************************
********************************************************************************************************************
Ground state is obtained after 6 iterations. The current ground-state energy is -12.3849, in which electron energy is -12.3849 and phonon energy is 8.47627e-07
final variational state is: 
	Gamma_x = [      1,1.00027,1.00018,1.00027,1.00027, 1.0002,1.00008, 1.0002,1.00018,1.00008,1.00001,1.00008,1.00027, 1.0002,1.00008, 1.0002]
	lambda_q = [ 0.0790467, 0.0402761, 0.0233567, 0.0402761, 0.0402761, 0.0243722, 0.0129175, 0.0243722, 0.0233567, 0.0129175,0.00401586, 0.0129175, 0.0402761, 0.0243722, 0.0129175, 0.0243722]
The effective e-e interactions mediated by phonons are: [  0.0404984,  0.0215152, 0.00972111,  0.0215152,  0.0215152, 0.00998537, 0.00331643, 0.00998537, 0.00972111, 0.00331643,0.000351129, 0.00331643,  0.0215152, 0.00998537, 0.00331643, 0.00998537]
The real-space interactions mediated by phonons are: [   -0.19956, -0.0611807,-0.00718912, -0.0143026, -0.0765448, -0.0340008,-0.00718912,  -0.013625, -0.0203503,  -0.013625,-0.00718912, -0.0340008, -0.0765448, -0.0143026,-0.00718912, -0.0611807]
********************************************************************************************************************
o___o  ----------------------------------------
| L |	Time since last clock: 0h 0m 0s
A===A	Time since the beginning: 0h 26m 11.958s
***********************************************

********************************************************************************************************************
Start warm-up calculation for scaling factor 16
open output files: NGSEDWarmUpW3.2Obs.txt
********************************************************************************************************************
Start the 0 rounds of NGS-ED iteration
	effective electronic model is modified as: kinetic energy t = 0.999516
	                                           effective interaction Vq = [  -0.0369188,  -0.0173637, -0.00759696,  -0.0173637,  -0.0173637, -0.00784806, -0.00256624, -0.00784806, -0.00759696, -0.00256624,-0.000269662, -0.00256624,  -0.0173637, -0.00784806, -0.00256624, -0.00784806]
	PARPACK diagonalization completed after 45 matrix-vector product operations.
	iteration results: : total energy is -12.335301 | electron energy -12.335302 + phonon energy 0.000000 | electron momentum kIdx = 0
	Nq(0) = 12.25,	Nq(1) = 0.1544,	Nq(2) = 0.185438,	Nq(3) = 0.1544,	Nq(4) = 0.1544,	Nq(5) = 0.203424,	Nq(6) = 0.235739,	Nq(7) = 0.203424,	Nq(8) = 0.185438,	Nq(9) = 0.235739,	Nq(10) = 0.275546,	Nq(11) = 0.235739,	Nq(12) = 0.1544,	Nq(13) = 0.203424,	Nq(14) = 0.235739,	Nq(15) = 0.203424,	Sq(0) = 1.0714e-18,	Sq(1) = 0.474162,	Sq(2) = 0.766183,	Sq(3) = 0.474162,	Sq(4) = 0.474162,	Sq(5) = 0.630612,	Sq(6) = 1.05261,	Sq(7) = 0.630612,	Sq(8) = 0.766183,	Sq(9) = 1.05261,	Sq(10) = 2.5674,	Sq(11) = 1.05261,	Sq(12) = 0.474162,	Sq(13) = 0.630612,	Sq(14) = 1.05261,	Sq(15) = 0.630612,	N(0) = 1.75501,	N(1) = 1.59139,	N(2) = 0.322858,	N(3) = 1.59139,	N(4) = 1.59139,	N(5) = 0.999834,	N(6) = 0.267249,	N(7) = 0.999834,	N(8) = 0.322858,	N(9) = 0.267249,	N(10) = 0.165401,	N(11) = 0.267249,	N(12) = 1.59139,	N(13) = 0.999834,	N(14) = 0.267249,	N(15) = 0.999834,	Delta[s](0) = 0.0794557,	Delta[s](1) = 0.0593535,	Delta[s](2) = 0.035457,	Delta[s](3) = 0.0593535,	Delta[s](4) = 0.0593535,	Delta[s](5) = 0.0423797,	Delta[s](6) = 0.0194896,	Delta[s](7) = 0.0423797,	Delta[s](8) = 0.035457,	Delta[s](9) = 0.0194896,	Delta[s](10) = 7.61282e-05,	Delta[s](11) = 0.0194896,	Delta[s](12) = 0.0593535,	Delta[s](13) = 0.0423797,	Delta[s](14) = 0.0194896,	Delta[s](15) = 0.0423797,	Delta[d](0) = 0.277008,	Delta[d](1) = 0.190111,	Delta[d](2) = 0.199995,	Delta[d](3) = 0.190111,	Delta[d](4) = 0.190111,	Delta[d](5) = 0.176848,	Delta[d](6) = 0.132609,	Delta[d](7) = 0.176848,	Delta[d](8) = 0.199995,	Delta[d](9) = 0.132609,	Delta[d](10) = 0.0534625,	Delta[d](11) = 0.132609,	Delta[d](12) = 0.190111,	Delta[d](13) = 0.176848,	Delta[d](14) = 0.132609,	Delta[d](15) = 0.176848,	Delta[s+](0) = 0.561333,	Delta[s+](1) = 0.417936,	Delta[s+](2) = 0.199995,	Delta[s+](3) = 0.417936,	Delta[s+](4) = 0.417936,	Delta[s+](5) = 0.292032,	Delta[s+](6) = 0.126275,	Delta[s+](7) = 0.292032,	Delta[s+](8) = 0.199995,	Delta[s+](9) = 0.126275,	Delta[s+](10) = 0.0381975,	Delta[s+](11) = 0.126275,	Delta[s+](12) = 0.417936,	Delta[s+](13) = 0.292032,	Delta[s+](14) = 0.126275,	Delta[s+](15) = 0.292032
The 0-th iteration is completed.	|| time cost : 0h 4m 0.944s
********************************************************************************************************************
Start the 1 rounds of NGS-ED iteration
	effective electronic model is modified as: kinetic energy t = 0.999519
	                                           effective interaction Vq = [  -0.0386117,  -0.0176491, -0.00746186,  -0.0176491,  -0.0176491, -0.00776794, -0.00248191, -0.00776794, -0.00746186, -0.00248191,-0.000257199, -0.00248191,  -0.0176491, -0.00776794, -0.00248191, -0.00776794]
	PARPACK diagonalization completed after 45 matrix-vector product operations.
	iteration results: : total energy is -12.356061 | electron energy -12.356062 + phonon energy 0.000001 | electron momentum kIdx = 0
The 1-th iteration is completed.	|| time cost : 0h 0m 24.33s
********************************************************************************************************************
Start the 2 rounds of NGS-ED iteration
	effective electronic model is modified as: kinetic energy t = 0.999519
	                                           effective interaction Vq = [  -0.0395043,  -0.0177944,   -0.007406,  -0.0177944,  -0.0177944, -0.00773327, -0.00245025, -0.00773327,   -0.007406, -0.00245025,-0.000252929, -0.00245025,  -0.0177944, -0.00773327, -0.00245025, -0.00773327]
	PARPACK diagonalization completed after 30 matrix-vector product operations.
	iteration results: : total energy is -12.367000 | electron energy -12.367002 + phonon energy 0.000001 | electron momentum kIdx = 0
The 2-th iteration is completed.	|| time cost : 0h 0m 21.618s
********************************************************************************************************************
Start the 3 rounds of NGS-ED iteration
	effective electronic model is modified as: kinetic energy t = 0.999518
	                                           effective interaction Vq = [   -0.039975,  -0.0178688, -0.00738305,  -0.0178688,  -0.0178688, -0.00771832, -0.00243848, -0.00771832, -0.00738305, -0.00243848,-0.000251483, -0.00243848,  -0.0178688, -0.00771832, -0.00243848, -0.00771832]
	PARPACK diagonalization completed after 30 matrix-vector product operations.
	iteration results: : total energy is -12.372767 | electron energy -12.372769 + phonon energy 0.000002 | electron momentum kIdx = 0
The 3-th iteration is completed.	|| time cost : 0h 0m 21.593s
********************************************************************************************************************
Start the 4 rounds of NGS-ED iteration
	effective electronic model is modified as: kinetic energy t = 0.999517
	                                           effective interaction Vq = [  -0.0402232,  -0.0179071, -0.00737364,  -0.0179071,  -0.0179071, -0.00771189, -0.00243411, -0.00771189, -0.00737364, -0.00243411,-0.000250996, -0.00243411,  -0.0179071, -0.00771189, -0.00243411, -0.00771189]
	PARPACK diagonalization completed after 30 matrix-vector product operations.
	iteration results: : total energy is -12.375808 | electron energy -12.375810 + phonon energy 0.000002 | electron momentum kIdx = 0
The 4-th iteration is completed.	|| time cost : 0h 0m 21.584s
********************************************************************************************************************
Start the 5 rounds of NGS-ED iteration
	effective electronic model is modified as: kinetic energy t = 0.999517
	                                           effective interaction Vq = [   -0.040354,  -0.0179269, -0.00736979,  -0.0179269,  -0.0179269, -0.00770913,  -0.0024325, -0.00770913, -0.00736979,  -0.0024325,-0.000250831,  -0.0024325,  -0.0179269, -0.00770913,  -0.0024325, -0.00770913]
	PARPACK diagonalization completed after 30 matrix-vector product operations.
	iteration results: : total energy is -12.377411 | electron energy -12.377413 + phonon energy 0.000002 | electron momentum kIdx = 0
The 5-th iteration is completed.	|| time cost : 0h 0m 21.576s
********************************************************************************************************************
Start the 6 rounds of NGS-ED iteration
	effective electronic model is modified as: kinetic energy t = 0.999517
	                                           effective interaction Vq = [   -0.040423,  -0.0179371, -0.00736821,  -0.0179371,  -0.0179371, -0.00770795,  -0.0024319, -0.00770795, -0.00736821,  -0.0024319,-0.000250776,  -0.0024319,  -0.0179371, -0.00770795,  -0.0024319, -0.00770795]
	PARPACK diagonalization completed after 30 matrix-vector product operations.
	iteration results: : total energy is -12.378256 | electron energy -12.378258 + phonon energy 0.000002 | electron momentum kIdx = 0
The 6-th iteration is completed.	|| time cost : 0h 0m 21.613s
********************************************************************************************************************
Start the 7 rounds of NGS-ED iteration
	effective electronic model is modified as: kinetic energy t = 0.999516
	                                           effective interaction Vq = [  -0.0404594,  -0.0179424, -0.00736757,  -0.0179424,  -0.0179424, -0.00770744, -0.00243168, -0.00770744, -0.00736757, -0.00243168,-0.000250757, -0.00243168,  -0.0179424, -0.00770744, -0.00243168, -0.00770744]
	PARPACK diagonalization completed after 30 matrix-vector product operations.
	iteration results: : total energy is -12.378702 | electron energy -12.378704 + phonon energy 0.000002 | electron momentum kIdx = 0
The 7-th iteration is completed.	|| time cost : 0h 0m 21.571s
********************************************************************************************************************
Start the 8 rounds of NGS-ED iteration
	effective electronic model is modified as: kinetic energy t = 0.999516
	                                           effective interaction Vq = [  -0.0404786,  -0.0179452, -0.00736731,  -0.0179452,  -0.0179452, -0.00770722,  -0.0024316, -0.00770722, -0.00736731,  -0.0024316,-0.000250751,  -0.0024316,  -0.0179452, -0.00770722,  -0.0024316, -0.00770722]
	PARPACK diagonalization completed after 30 matrix-vector product operations.
	iteration results: : total energy is -12.378937 | electron energy -12.378939 + phonon energy 0.000002 | electron momentum kIdx = 0
	Nq(0) = 12.25,	Nq(1) = 0.154408,	Nq(2) = 0.185434,	Nq(3) = 0.154408,	Nq(4) = 0.154408,	Nq(5) = 0.203419,	Nq(6) = 0.235735,	Nq(7) = 0.203419,	Nq(8) = 0.185434,	Nq(9) = 0.235735,	Nq(10) = 0.275544,	Nq(11) = 0.235735,	Nq(12) = 0.154408,	Nq(13) = 0.203419,	Nq(14) = 0.235735,	Nq(15) = 0.203419,	Sq(0) = 5.60471e-18,	Sq(1) = 0.474153,	Sq(2) = 0.766183,	Sq(3) = 0.474153,	Sq(4) = 0.474153,	Sq(5) = 0.63061,	Sq(6) = 1.05263,	Sq(7) = 0.63061,	Sq(8) = 0.766183,	Sq(9) = 1.05263,	Sq(10) = 2.5674,	Sq(11) = 1.05263,	Sq(12) = 0.474153,	Sq(13) = 0.63061,	Sq(14) = 1.05263,	Sq(15) = 0.63061,	N(0) = 1.755,	N(1) = 1.59138,	N(2) = 0.322867,	N(3) = 1.59138,	N(4) = 1.59138,	N(5) = 0.999831,	N(6) = 0.26725,	N(7) = 0.999831,	N(8) = 0.322867,	N(9) = 0.26725,	N(10) = 0.165407,	N(11) = 0.26725,	N(12) = 1.59138,	N(13) = 0.999831,	N(14) = 0.26725,	N(15) = 0.999831,	Delta[s](0) = 0.0794543,	Delta[s](1) = 0.0593526,	Delta[s](2) = 0.0354565,	Delta[s](3) = 0.0593526,	Delta[s](4) = 0.0593526,	Delta[s](5) = 0.042379,	Delta[s](6) = 0.0194894,	Delta[s](7) = 0.042379,	Delta[s](8) = 0.0354565,	Delta[s](9) = 0.0194894,	Delta[s](10) = 7.65008e-05,	Delta[s](11) = 0.0194894,	Delta[s](12) = 0.0593526,	Delta[s](13) = 0.042379,	Delta[s](14) = 0.0194894,	Delta[s](15) = 0.042379,	Delta[d](0) = 0.277346,	Delta[d](1) = 0.190338,	Delta[d](2) = 0.200229,	Delta[d](3) = 0.190338,	Delta[d](4) = 0.190338,	Delta[d](5) = 0.177057,	Delta[d](6) = 0.132765,	Delta[d](7) = 0.177057,	Delta[d](8) = 0.200229,	Delta[d](9) = 0.132765,	Delta[d](10) = 0.0535275,	Delta[d](11) = 0.132765,	Delta[d](12) = 0.190338,	Delta[d](13) = 0.177057,	Delta[d](14) = 0.132765,	Delta[d](15) = 0.177057,	Delta[s+](0) = 0.561984,	Delta[s+](1) = 0.41842,	Delta[s+](2) = 0.200229,	Delta[s+](3) = 0.41842,	Delta[s+](4) = 0.41842,	Delta[s+](5) = 0.29237,	Delta[s+](6) = 0.126423,	Delta[s+](7) = 0.29237,	Delta[s+](8) = 0.200229,	Delta[s+](9) = 0.126423,	Delta[s+](10) = 0.0382431,	Delta[s+](11) = 0.126423,	Delta[s+](12) = 0.41842,	Delta[s+](13) = 0.29237,	Delta[s+](14) = 0.126423,	Delta[s+](15) = 0.29237
The 8-th iteration is completed.	|| time cost : 0h 3m 58.532s
********************************************************************************************************************
********************************************************************************************************************
Ground state is obtained after 9 iterations. The current ground-state energy is -12.3789, in which electron energy is -12.3789 and phonon energy is 1.7942e-06
final variational state is: 
	Gamma_x = [      1,1.00059,1.00033,1.00059,1.00059,1.00037,1.00014,1.00037,1.00033,1.00014,1.00002,1.00014,1.00059,1.00037,1.00014,1.00037]
	lambda_q = [  0.110622, 0.0422458,   0.02245, 0.0422458, 0.0422458, 0.0237989, 0.0120759, 0.0237989,   0.02245, 0.0120759,0.00367442, 0.0120759, 0.0422458, 0.0237989, 0.0120759, 0.0237989]
The effective e-e interactions mediated by phonons are: [  0.0404887,  0.0179466,  0.0073672,  0.0179466,  0.0179466, 0.00770713, 0.00243157, 0.00770713,  0.0073672, 0.00243157,0.000250749, 0.00243157,  0.0179466, 0.00770713, 0.00243157, 0.00770713]
The real-space interactions mediated by phonons are: [ -0.167815, -0.058425,-0.0119627,-0.0196928, -0.071268,-0.0364861,-0.0119627,-0.0178823,-0.0246454,-0.0178823,-0.0119627,-0.0364861, -0.071268,-0.0196928,-0.0119627, -0.058425]
********************************************************************************************************************
o___o  ----------------------------------------
| L |	Time since last clock: 0h 0m 0s
A===A	Time since the beginning: 0h 36m 45.323s
***********************************************

********************************************************************************************************************
Start warm-up calculation for scaling factor 8
open output files: NGSEDWarmUpW1.6Obs.txt
********************************************************************************************************************
Start the 0 rounds of NGS-ED iteration
	effective electronic model is modified as: kinetic energy t = 0.999516
	                                           effective interaction Vq = [    -0.03674,   -0.013873, -0.00554342,   -0.013873,   -0.013873, -0.00582513, -0.00181602, -0.00582513, -0.00554342, -0.00181602,-0.000186254, -0.00181602,   -0.013873, -0.00582513, -0.00181602, -0.00582513]
	PARPACK diagonalization completed after 45 matrix-vector product operations.
	iteration results: : total energy is -12.327819 | electron energy -12.327820 + phonon energy 0.000001 | electron momentum kIdx = 0
	Nq(0) = 12.25,	Nq(1) = 0.154352,	Nq(2) = 0.18539,	Nq(3) = 0.154352,	Nq(4) = 0.154352,	Nq(5) = 0.203368,	Nq(6) = 0.23569,	Nq(7) = 0.203368,	Nq(8) = 0.18539,	Nq(9) = 0.23569,	Nq(10) = 0.275497,	Nq(11) = 0.23569,	Nq(12) = 0.154352,	Nq(13) = 0.203368,	Nq(14) = 0.23569,	Nq(15) = 0.203368,	Sq(0) = -1.89368e-18,	Sq(1) = 0.474182,	Sq(2) = 0.766241,	Sq(3) = 0.474182,	Sq(4) = 0.474182,	Sq(5) = 0.630646,	Sq(6) = 1.05271,	Sq(7) = 0.630646,	Sq(8) = 0.766241,	Sq(9) = 1.05271,	Sq(10) = 2.56745,	Sq(11) = 1.05271,	Sq(12) = 0.474182,	Sq(13) = 0.630646,	Sq(14) = 1.05271,	Sq(15) = 0.630646,	N(0) = 1.75488,	N(1) = 1.59121,	N(2) = 0.323024,	N(3) = 1.59121,	N(4) = 1.59121,	N(5) = 0.999842,	N(6) = 0.26735,	N(7) = 0.999842,	N(8) = 0.323024,	N(9) = 0.26735,	N(10) = 0.165472,	N(11) = 0.26735,	N(12) = 1.59121,	N(13) = 0.999842,	N(14) = 0.26735,	N(15) = 0.999842,	Delta[s](0) = 0.0794186,	Delta[s](1) = 0.059323,	Delta[s](2) = 0.0354358,	Delta[s](3) = 0.059323,	Delta[s](4) = 0.059323,	Delta[s](5) = 0.0423533,	Delta[s](6) = 0.0194732,	Delta[s](7) = 0.0423533,	Delta[s](8) = 0.0354358,	Delta[s](9) = 0.0194732,	Delta[s](10) = 6.89533e-05,	Delta[s](11) = 0.0194732,	Delta[s](12) = 0.059323,	Delta[s](13) = 0.0423533,	Delta[s](14) = 0.0194732,	Delta[s](15) = 0.0423533,	Delta[d](0) = 0.277404,	Delta[d](1) = 0.190428,	Delta[d](2) = 0.200316,	Delta[d](3) = 0.190428,	Delta[d](4) = 0.190428,	Delta[d](5) = 0.177136,	Delta[d](6) = 0.132832,	Delta[d](7) = 0.177136,	Delta[d](8) = 0.200316,	Delta[d](9) = 0.132832,	Delta[d](10) = 0.053555,	Delta[d](11) = 0.132832,	Delta[d](12) = 0.190428,	Delta[d](13) = 0.177136,	Delta[d](14) = 0.132832,	Delta[d](15) = 0.177136,	Delta[s+](0) = 0.562173,	Delta[s+](1) = 0.418565,	Delta[s+](2) = 0.200316,	Delta[s+](3) = 0.418565,	Delta[s+](4) = 0.418565,	Delta[s+](5) = 0.292479,	Delta[s+](6) = 0.126482,	Delta[s+](7) = 0.292479,	Delta[s+](8) = 0.200316,	Delta[s+](9) = 0.126482,	Delta[s+](10) = 0.0382655,	Delta[s+](11) = 0.126482,	Delta[s+](12) = 0.418565,	Delta[s+](13) = 0.292479,	Delta[s+](14) = 0.126482,	Delta[s+](15) = 0.292479
The 0-th iteration is completed.	|| time cost : 0h 4m 1.222s
********************************************************************************************************************
Start the 1 rounds of NGS-ED iteration
	effective electronic model is modified as: kinetic energy t = 0.999564
