TACC:  Starting up job 1813894 
TACC:  Starting parallel tasks... 
SNEDics v3.4 Non-Gaussian ED ground state program		Start at Fri Oct 23 21:17:12 2020

parallized on 16 MPI threads  * 7 OpenMP threads = 112 total threads.
********************************************************************************************************************
********************************************************************************************************************

********************************************************************************************************************
System parameters and configurations
********************************************************************************************************************
Special program options are enabled: splitted diagonal Hamiltonian
********************************************************************************************************************
Read input file "model_params.in"
	Hubbard-Holstein model parameters : 	t = 1    U = 3    g = 1.2247    W = 1    
********************************************************************************************************************
Read input file "hilbertspace_params.in"
	Requested 16-site 2D lattice, with 14 electrons (7, 7)
	Boundary : Periodic		Hilbert space representation : momentum-space (restricted to kIdx = 0)
	Conservation: particle number[U(1)]      spin[U(1)]     momentum
********************************************************************************************************************

Cluster Positions:				Cluster symmetry group : D4
 x ... x ... x ... x .....                       x ... x ... x ... x .....
 |           |           :                       |           |           :
 |           |           :                       |           |           :
12    13    14    15     x                       1     5     6     5     x
 |           |           :                       |           |           :
 |           |           :                       |           |           :
 8 --- 9 ---10 ---11 --- x                       2 --- 6 ---10 --- 6 --- x
 |           |           :                       |           |           :
 |           |           :                       |           |           :
 4     5     6     7     x                       1     5     6     5     x
 |           |           :                       |           |           :
 |           |           :                       |           |           :
 0 --- 1 --- 2 --- 3 --- x                       0 --- 1 --- 2 --- 1 --- x
orbital number : 1
********************************************************************************************************************
Read input file "obs_params.in"
	Observable Type : Nq(All),   Sq(All),   N(All),   Delta[s](All),   Delta[d](All),   Delta[s+](All)
********************************************************************************************************************
** WARNING ** the input observables have non-local factors which have been reinterpreted. The total observable number is 96
********************************************************************************************************************


********************************************************************************************************************
Start calculating the non-Gaussian ED ground state
** WARNING ** Detected low phonon energy W < 10. The initial state will be prepared through a warm-up process.
********************************************************************************************************************
Start warm-up calculation for scaling factor 16
open output files: NGSEDWarmUpW16Obs.txt
********************************************************************************************************************
Start the 0 rounds of NGS-ED iteration
	effective electronic model is modified as: kinetic energy t = 1
	                                           effective interaction Vq = [0,0,0,0,0,0,0,0,0,0,0,0,0,0,0,0]
	first Hamiltonian is constructed, non-zero numbers = 2178478298
	PARPACK diagonalization completed after 165 matrix-vector product operations.
	iteration results: : total energy is -17.300015 | electron energy -17.300015 + phonon energy 0.000000 | electron momentum kIdx = 0
	Nq(0) = 12.25,	Nq(1) = 0.244297,	Nq(2) = 0.301056,	Nq(3) = 0.244297,	Nq(4) = 0.244297,	Nq(5) = 0.357928,	Nq(6) = 0.419629,	Nq(7) = 0.357928,	Nq(8) = 0.301056,	Nq(9) = 0.419629,	Nq(10) = 0.474701,	Nq(11) = 0.419629,	Nq(12) = 0.244297,	Nq(13) = 0.357928,	Nq(14) = 0.419629,	Nq(15) = 0.357928,	Sq(0) = -1.19402e-18,	Sq(1) = 0.448169,	Sq(2) = 0.653342,	Sq(3) = 0.448169,	Sq(4) = 0.448169,	Sq(5) = 0.576105,	Sq(6) = 0.8004,	Sq(7) = 0.576105,	Sq(8) = 0.653342,	Sq(9) = 0.8004,	Sq(10) = 1.98039,	Sq(11) = 0.8004,	Sq(12) = 0.448169,	Sq(13) = 0.576105,	Sq(14) = 0.8004,	Sq(15) = 0.576105,	N(0) = 1.95132,	N(1) = 1.9072,	N(2) = 0.0690276,	N(3) = 1.9072,	N(4) = 1.9072,	N(5) = 0.997835,	N(6) = 0.0650455,	N(7) = 0.997835,	N(8) = 0.0690276,	N(9) = 0.0650455,	N(10) = 0.0302922,	N(11) = 0.0650455,	N(12) = 1.9072,	N(13) = 0.997835,	N(14) = 0.0650455,	N(15) = 0.997835,	Delta[s](0) = 0.18374,	Delta[s](1) = 0.143802,	Delta[s](2) = 0.0931675,	Delta[s](3) = 0.143802,	Delta[s](4) = 0.143802,	Delta[s](5) = 0.115685,	Delta[s](6) = 0.0704811,	Delta[s](7) = 0.115685,	Delta[s](8) = 0.0931675,	Delta[s](9) = 0.0704811,	Delta[s](10) = 0.0171682,	Delta[s](11) = 0.0704811,	Delta[s](12) = 0.143802,	Delta[s](13) = 0.115685,	Delta[s](14) = 0.0704811,	Delta[s](15) = 0.115685,	Delta[d](0) = 0.239396,	Delta[d](1) = 0.140371,	Delta[d](2) = 0.159464,	Delta[d](3) = 0.140371,	Delta[d](4) = 0.140371,	Delta[d](5) = 0.141516,	Delta[d](6) = 0.0949614,	Delta[d](7) = 0.141516,	Delta[d](8) = 0.159464,	Delta[d](9) = 0.0949614,	Delta[d](10) = 0.0220413,	Delta[d](11) = 0.0949614,	Delta[d](12) = 0.140371,	Delta[d](13) = 0.141516,	Delta[d](14) = 0.0949614,	Delta[d](15) = 0.141516,	Delta[s+](0) = 0.552962,	Delta[s+](1) = 0.411562,	Delta[s+](2) = 0.159464,	Delta[s+](3) = 0.411562,	Delta[s+](4) = 0.411562,	Delta[s+](5) = 0.277062,	Delta[s+](6) = 0.0923346,	Delta[s+](7) = 0.277062,	Delta[s+](8) = 0.159464,	Delta[s+](9) = 0.0923346,	Delta[s+](10) = 0.015655,	Delta[s+](11) = 0.0923346,	Delta[s+](12) = 0.411562,	Delta[s+](13) = 0.277062,	Delta[s+](14) = 0.0923346,	Delta[s+](15) = 0.277062
The 0-th iteration is completed.	|| time cost : 0h 6m 39.497s
********************************************************************************************************************
Start the 1 rounds of NGS-ED iteration
	effective electronic model is modified as: kinetic energy t = 0.957318
	                                           effective interaction Vq = [-1.43875,-1.38418,-1.34702,-1.38418,-1.38418,-1.36275, -1.3398,-1.36275,-1.34702, -1.3398,-1.32082, -1.3398,-1.38418,-1.36275, -1.3398,-1.36275]
	PARPACK diagonalization completed after 45 matrix-vector product operations.
	iteration results: : total energy is -42.166170 | electron energy -42.168413 + phonon energy 0.002242 | electron momentum kIdx = 0
The 1-th iteration is completed.	|| time cost : 0h 5m 14.02s
********************************************************************************************************************
Start the 2 rounds of NGS-ED iteration
	effective electronic model is modified as: kinetic energy t = 0.941239
	                                           effective interaction Vq = [ -1.4974,-1.47197,-1.43424,-1.47197,-1.47197,-1.45402,-1.43957,-1.45402,-1.43424,-1.43957,-1.41482,-1.43957,-1.47197,-1.45402,-1.43957,-1.45402]
	PARPACK diagonalization completed after 45 matrix-vector product operations.
	iteration results: : total energy is -43.165032 | electron energy -43.172759 + phonon energy 0.007726 | electron momentum kIdx = 0
The 2-th iteration is completed.	|| time cost : 0h 0m 24.628s
********************************************************************************************************************
Start the 3 rounds of NGS-ED iteration
	effective electronic model is modified as: kinetic energy t = 0.938277
	                                           effective interaction Vq = [-1.49979,-1.48162, -1.4445,-1.48162,-1.48162,-1.46473,-1.45216,-1.46473, -1.4445,-1.45216,-1.42628,-1.45216,-1.48162,-1.46473,-1.45216,-1.46473]
	PARPACK diagonalization completed after 30 matrix-vector product operations.
	iteration results: : total energy is -43.202847 | electron energy -43.212259 + phonon energy 0.009412 | electron momentum kIdx = 0
The 3-th iteration is completed.	|| time cost : 0h 0m 21.611s
********************************************************************************************************************
Start the 4 rounds of NGS-ED iteration
	effective electronic model is modified as: kinetic energy t = 0.937776
	                                           effective interaction Vq = [-1.49989,-1.48313,  -1.446,-1.48313,-1.48313,-1.46637,-1.45416,-1.46637,  -1.446,-1.45416,-1.42796,-1.45416,-1.48313,-1.46637,-1.45416,-1.46637]
	PARPACK diagonalization completed after 30 matrix-vector product operations.
	iteration results: : total energy is -43.204288 | electron energy -43.214022 + phonon energy 0.009734 | electron momentum kIdx = 0
The 4-th iteration is completed.	|| time cost : 0h 0m 21.602s
********************************************************************************************************************
Start the 5 rounds of NGS-ED iteration
	effective electronic model is modified as: kinetic energy t = 0.937692
	                                           effective interaction Vq = [-1.49989, -1.4834,-1.44623, -1.4834, -1.4834,-1.46664,-1.45449,-1.46664,-1.44623,-1.45449,-1.42822,-1.45449, -1.4834,-1.46664,-1.45449,-1.46664]
	PARPACK diagonalization completed after 30 matrix-vector product operations.
	iteration results: : total energy is -43.204344 | electron energy -43.214133 + phonon energy 0.009789 | electron momentum kIdx = 0
	Nq(0) = 12.25,	Nq(1) = 0.373412,	Nq(2) = 0.372974,	Nq(3) = 0.373412,	Nq(4) = 0.373412,	Nq(5) = 0.497074,	Nq(6) = 0.616231,	Nq(7) = 0.497074,	Nq(8) = 0.372974,	Nq(9) = 0.616231,	Nq(10) = 0.616415,	Nq(11) = 0.616231,	Nq(12) = 0.373412,	Nq(13) = 0.497074,	Nq(14) = 0.616231,	Nq(15) = 0.497074,	Sq(0) = 8.00866e-18,	Sq(1) = 0.377295,	Sq(2) = 0.545788,	Sq(3) = 0.377295,	Sq(4) = 0.377295,	Sq(5) = 0.50301,	Sq(6) = 0.629853,	Sq(7) = 0.50301,	Sq(8) = 0.545788,	Sq(9) = 0.629853,	Sq(10) = 1.30857,	Sq(11) = 0.629853,	Sq(12) = 0.377295,	Sq(13) = 0.50301,	Sq(14) = 0.629853,	Sq(15) = 0.50301,	N(0) = 1.99995,	N(1) = 1.99991,	N(2) = 6.05253e-05,	N(3) = 1.99991,	N(4) = 1.99991,	N(5) = 0.999996,	N(6) = 6.57538e-05,	N(7) = 0.999996,	N(8) = 6.05253e-05,	N(9) = 6.57538e-05,	N(10) = 3.19207e-05,	N(11) = 6.57538e-05,	N(12) = 1.99991,	N(13) = 0.999996,	N(14) = 6.57538e-05,	N(15) = 0.999996,	Delta[s](0) = 0.278523,	Delta[s](1) = 0.230217,	Delta[s](2) = 0.135867,	Delta[s](3) = 0.230217,	Delta[s](4) = 0.230217,	Delta[s](5) = 0.182813,	Delta[s](6) = 0.13434,	Delta[s](7) = 0.182813,	Delta[s](8) = 0.135867,	Delta[s](9) = 0.13434,	Delta[s](10) = 0.0398822,	Delta[s](11) = 0.13434,	Delta[s](12) = 0.230217,	Delta[s](13) = 0.182813,	Delta[s](14) = 0.13434,	Delta[s](15) = 0.182813,	Delta[d](0) = 0.237184,	Delta[d](1) = 0.131497,	Delta[d](2) = 0.132935,	Delta[d](3) = 0.131497,	Delta[d](4) = 0.131497,	Delta[d](5) = 0.133733,	Delta[d](6) = 0.0760168,	Delta[d](7) = 0.133733,	Delta[d](8) = 0.132935,	Delta[d](9) = 0.0760168,	Delta[d](10) = 0.014121,	Delta[d](11) = 0.0760168,	Delta[d](12) = 0.131497,	Delta[d](13) = 0.133733,	Delta[d](14) = 0.0760168,	Delta[d](15) = 0.133733,	Delta[s+](0) = 0.492465,	Delta[s+](1) = 0.370641,	Delta[s+](2) = 0.132935,	Delta[s+](3) = 0.370641,	Delta[s+](4) = 0.370641,	Delta[s+](5) = 0.252105,	Delta[s+](6) = 0.0737755,	Delta[s+](7) = 0.252105,	Delta[s+](8) = 0.132935,	Delta[s+](9) = 0.0737755,	Delta[s+](10) = 0.0102264,	Delta[s+](11) = 0.0737755,	Delta[s+](12) = 0.370641,	Delta[s+](13) = 0.252105,	Delta[s+](14) = 0.0737755,	Delta[s+](15) = 0.252105
The 5-th iteration is completed.	|| time cost : 0h 3m 57.53s
********************************************************************************************************************
********************************************************************************************************************
Ground state is obtained after 6 iterations. The current ground-state energy is -43.2043, in which electron energy is -43.2141 and phonon energy is 0.00978942
final variational state is: 
	Gamma_x = [      1,1.00658,1.01078,1.00658,1.00658,1.01187,1.01673,1.01187,1.01078,1.01673,1.01993,1.01673,1.00658,1.01187,1.01673,1.01187]
	lambda_q = [0.306154,0.274113,0.248281,0.274113,0.274113,0.260621,0.252939,0.260621,0.248281,0.252939,0.239266,0.252939,0.274113,0.260621,0.252939,0.260621]
The effective e-e interactions mediated by phonons are: [1.49989,1.48344,1.44626,1.48344,1.48344,1.46669,1.45454,1.46669,1.44626,1.45454,1.42826,1.45454,1.48344,1.46669,1.45454,1.46669]
The real-space interactions mediated by phonons are: [  -23.4394, -0.104114,  0.020732,-0.0252589, -0.129426,-0.0565378,  0.020732,-0.0286002, 0.0460771,-0.0286002,  0.020732,-0.0565378, -0.129426,-0.0252589,  0.020732, -0.104114]
********************************************************************************************************************
o___o  ----------------------------------------
| L |	Time since last clock: 0h 0m 0s
A===A	Time since the beginning: 0h 16m 58.892s
***********************************************

********************************************************************************************************************
Start warm-up calculation for scaling factor 8
open output files: NGSEDWarmUpW8Obs.txt
********************************************************************************************************************
Start the 0 rounds of NGS-ED iteration
	effective electronic model is modified as: kinetic energy t = 0.937678
	                                           effective interaction Vq = [-1.37118,-1.29794,-1.22693,-1.29794,-1.29794,-1.26218,-1.24052,-1.26218,-1.22693,-1.24052,-1.19964,-1.24052,-1.29794,-1.26218,-1.24052,-1.26218]
	PARPACK diagonalization completed after 45 matrix-vector product operations.
	iteration results: : total energy is -40.154197 | electron energy -40.159096 + phonon energy 0.004899 | electron momentum kIdx = 0
	Nq(0) = 12.25,	Nq(1) = 0.351289,	Nq(2) = 0.363966,	Nq(3) = 0.351289,	Nq(4) = 0.351289,	Nq(5) = 0.47632,	Nq(6) = 0.578868,	Nq(7) = 0.47632,	Nq(8) = 0.363966,	Nq(9) = 0.578868,	Nq(10) = 0.594044,	Nq(11) = 0.578868,	Nq(12) = 0.351289,	Nq(13) = 0.47632,	Nq(14) = 0.578868,	Nq(15) = 0.47632,	Sq(0) = -2.53936e-17,	Sq(1) = 0.39065,	Sq(2) = 0.566351,	Sq(3) = 0.39065,	Sq(4) = 0.39065,	Sq(5) = 0.518004,	Sq(6) = 0.656377,	Sq(7) = 0.518004,	Sq(8) = 0.566351,	Sq(9) = 0.656377,	Sq(10) = 1.40929,	Sq(11) = 0.656377,	Sq(12) = 0.39065,	Sq(13) = 0.518004,	Sq(14) = 0.656377,	Sq(15) = 0.518004,	N(0) = 1.99822,	N(1) = 1.99684,	N(2) = 0.00238236,	N(3) = 1.99684,	N(4) = 1.99684,	N(5) = 0.999791,	N(6) = 0.0023642,	N(7) = 0.999791,	N(8) = 0.00238236,	N(9) = 0.0023642,	N(10) = 0.00104443,	N(11) = 0.0023642,	N(12) = 1.99684,	N(13) = 0.999791,	N(14) = 0.0023642,	N(15) = 0.999791,	Delta[s](0) = 0.255491,	Delta[s](1) = 0.210667,	Delta[s](2) = 0.132732,	Delta[s](3) = 0.210667,	Delta[s](4) = 0.210667,	Delta[s](5) = 0.171424,	Delta[s](6) = 0.125816,	Delta[s](7) = 0.171424,	Delta[s](8) = 0.132732,	Delta[s](9) = 0.125816,	Delta[s](10) = 0.0463601,	Delta[s](11) = 0.125816,	Delta[s](12) = 0.210667,	Delta[s](13) = 0.171424,	Delta[s](14) = 0.125816,	Delta[s](15) = 0.171424,	Delta[d](0) = 0.23654,	Delta[d](1) = 0.135355,	Delta[d](2) = 0.140236,	Delta[d](3) = 0.135355,	Delta[d](4) = 0.135355,	Delta[d](5) = 0.138281,	Delta[d](6) = 0.0830991,	Delta[d](7) = 0.138281,	Delta[d](8) = 0.140236,	Delta[d](9) = 0.0830991,	Delta[d](10) = 0.0187088,	Delta[d](11) = 0.0830991,	Delta[d](12) = 0.135355,	Delta[d](13) = 0.138281,	Delta[d](14) = 0.0830991,	Delta[d](15) = 0.138281,	Delta[s+](0) = 0.506676,	Delta[s+](1) = 0.380993,	Delta[s+](2) = 0.140236,	Delta[s+](3) = 0.380993,	Delta[s+](4) = 0.380993,	Delta[s+](5) = 0.259491,	Delta[s+](6) = 0.0800458,	Delta[s+](7) = 0.259491,	Delta[s+](8) = 0.140236,	Delta[s+](9) = 0.0800458,	Delta[s+](10) = 0.0135276,	Delta[s+](11) = 0.0800458,	Delta[s+](12) = 0.380993,	Delta[s+](13) = 0.259491,	Delta[s+](14) = 0.0800458,	Delta[s+](15) = 0.259491
The 0-th iteration is completed.	|| time cost : 0h 4m 0.431s
********************************************************************************************************************
Start the 1 rounds of NGS-ED iteration
	effective electronic model is modified as: kinetic energy t = 0.920753
	                                           effective interaction Vq = [ -1.4739,-1.39964,-1.31486,-1.39964,-1.39964,-1.35804,-1.32832,-1.35804,-1.31486,-1.32832,-1.27817,-1.32832,-1.39964,-1.35804,-1.32832,-1.35804]
	PARPACK diagonalization completed after 30 matrix-vector product operations.
	iteration results: : total energy is -41.637690 | electron energy -41.658764 + phonon energy 0.021074 | electron momentum kIdx = 0
The 1-th iteration is completed.	|| time cost : 0h 0m 21.61s
********************************************************************************************************************
Start the 2 rounds of NGS-ED iteration
	effective electronic model is modified as: kinetic energy t = 0.913858
	                                           effective interaction Vq = [-1.49464,-1.43107,-1.34204,-1.43107,-1.43107,-1.38839,-1.35763,-1.38839,-1.34204,-1.35763,-1.30343,-1.35763,-1.43107,-1.38839,-1.35763,-1.38839]
	PARPACK diagonalization completed after 30 matrix-vector product operations.
	iteration results: : total energy is -41.926410 | electron energy -41.957596 + phonon energy 0.031186 | electron momentum kIdx = 0
The 2-th iteration is completed.	|| time cost : 0h 0m 21.606s
********************************************************************************************************************
Start the 3 rounds of NGS-ED iteration
	effective electronic model is modified as: kinetic energy t = 0.911164
	                                           effective interaction Vq = [-1.49883,-1.44211,-1.35123,-1.44211,-1.44211,-1.39903,-1.36823,-1.39903,-1.35123,-1.36823,-1.31214,-1.36823,-1.44211,-1.39903,-1.36823,-1.39903]
	PARPACK diagonalization completed after 30 matrix-vector product operations.
	iteration results: : total energy is -41.982972 | electron energy -42.018796 + phonon energy 0.035824 | electron momentum kIdx = 0
The 3-th iteration is completed.	|| time cost : 0h 0m 21.708s
********************************************************************************************************************
Start the 4 rounds of NGS-ED iteration
	effective electronic model is modified as: kinetic energy t = 0.910124
	                                           effective interaction Vq = [-1.49968,-1.44628,-1.35447,-1.44628,-1.44628,-1.40295,-1.37222,-1.40295,-1.35447,-1.37222,-1.31522,-1.37222,-1.44628,-1.40295,-1.37222,-1.40295]
	PARPACK diagonalization completed after 30 matrix-vector product operations.
	iteration results: : total energy is -41.994126 | electron energy -42.031863 + phonon energy 0.037737 | electron momentum kIdx = 0
The 4-th iteration is completed.	|| time cost : 0h 0m 21.671s
********************************************************************************************************************
Start the 5 rounds of NGS-ED iteration
	effective electronic model is modified as: kinetic energy t = 0.909724
	                                           effective interaction Vq = [-1.49985,-1.44791,-1.35563,-1.44791,-1.44791,-1.40442,-1.37373,-1.40442,-1.35563,-1.37373,-1.31633,-1.37373,-1.44791,-1.40442,-1.37373,-1.40442]
	PARPACK diagonalization completed after 30 matrix-vector product operations.
	iteration results: : total energy is -41.996337 | electron energy -42.034831 + phonon energy 0.038493 | electron momentum kIdx = 0
The 5-th iteration is completed.	|| time cost : 0h 0m 21.667s
********************************************************************************************************************
Start the 6 rounds of NGS-ED iteration
	effective electronic model is modified as: kinetic energy t = 0.90957
	                                           effective interaction Vq = [-1.49988,-1.44856,-1.35604,-1.44856,-1.44856,-1.40498,-1.37432,-1.40498,-1.35604,-1.37432,-1.31674,-1.37432,-1.44856,-1.40498,-1.37432,-1.40498]
	PARPACK diagonalization completed after 30 matrix-vector product operations.
	iteration results: : total energy is -41.996778 | electron energy -42.035564 + phonon energy 0.038787 | electron momentum kIdx = 0
The 6-th iteration is completed.	|| time cost : 0h 0m 21.672s
********************************************************************************************************************
Start the 7 rounds of NGS-ED iteration
	effective electronic model is modified as: kinetic energy t = 0.909511
	                                           effective interaction Vq = [-1.49989,-1.44881, -1.3562,-1.44881,-1.44881,-1.40519,-1.37454,-1.40519, -1.3562,-1.37454,-1.31688,-1.37454,-1.44881,-1.40519,-1.37454,-1.40519]
	PARPACK diagonalization completed after 30 matrix-vector product operations.
	iteration results: : total energy is -41.996866 | electron energy -42.035766 + phonon energy 0.038900 | electron momentum kIdx = 0
	Nq(0) = 12.25,	Nq(1) = 0.369555,	Nq(2) = 0.369294,	Nq(3) = 0.369555,	Nq(4) = 0.369555,	Nq(5) = 0.491033,	Nq(6) = 0.600737,	Nq(7) = 0.491033,	Nq(8) = 0.369294,	Nq(9) = 0.600737,	Nq(10) = 0.603395,	Nq(11) = 0.600737,	Nq(12) = 0.369555,	Nq(13) = 0.491033,	Nq(14) = 0.600737,	Nq(15) = 0.491033,	Sq(0) = 8.99946e-18,	Sq(1) = 0.381593,	Sq(2) = 0.553243,	Sq(3) = 0.381593,	Sq(4) = 0.381593,	Sq(5) = 0.508426,	Sq(6) = 0.638875,	Sq(7) = 0.508426,	Sq(8) = 0.553243,	Sq(9) = 0.638875,	Sq(10) = 1.34066,	Sq(11) = 0.638875,	Sq(12) = 0.381593,	Sq(13) = 0.508426,	Sq(14) = 0.638875,	Sq(15) = 0.508426,	N(0) = 1.99959,	N(1) = 1.99932,	N(2) = 0.000486122,	N(3) = 1.99932,	N(4) = 1.99932,	N(5) = 0.999965,	N(6) = 0.000512483,	N(7) = 0.999965,	N(8) = 0.000486122,	N(9) = 0.000512483,	N(10) = 0.000250229,	N(11) = 0.000512483,	N(12) = 1.99932,	N(13) = 0.999965,	N(14) = 0.000512483,	N(15) = 0.999965,	Delta[s](0) = 0.26117,	Delta[s](1) = 0.218496,	Delta[s](2) = 0.138554,	Delta[s](3) = 0.218496,	Delta[s](4) = 0.218496,	Delta[s](5) = 0.178024,	Delta[s](6) = 0.134905,	Delta[s](7) = 0.178024,	Delta[s](8) = 0.138554,	Delta[s](9) = 0.134905,	Delta[s](10) = 0.0546679,	Delta[s](11) = 0.134905,	Delta[s](12) = 0.218496,	Delta[s](13) = 0.178024,	Delta[s](14) = 0.134905,	Delta[s](15) = 0.178024,	Delta[d](0) = 0.237165,	Delta[d](1) = 0.138271,	Delta[d](2) = 0.140966,	Delta[d](3) = 0.138271,	Delta[d](4) = 0.138271,	Delta[d](5) = 0.141434,	Delta[d](6) = 0.0851287,	Delta[d](7) = 0.141434,	Delta[d](8) = 0.140966,	Delta[d](9) = 0.0851287,	Delta[d](10) = 0.0214935,	Delta[d](11) = 0.0851287,	Delta[d](12) = 0.138271,	Delta[d](13) = 0.141434,	Delta[d](14) = 0.0851287,	Delta[d](15) = 0.141434,	Delta[s+](0) = 0.50301,	Delta[s+](1) = 0.37901,	Delta[s+](2) = 0.140966,	Delta[s+](3) = 0.37901,	Delta[s+](4) = 0.37901,	Delta[s+](5) = 0.259818,	Delta[s+](6) = 0.0814576,	Delta[s+](7) = 0.259818,	Delta[s+](8) = 0.140966,	Delta[s+](9) = 0.0814576,	Delta[s+](10) = 0.0156302,	Delta[s+](11) = 0.0814576,	Delta[s+](12) = 0.37901,	Delta[s+](13) = 0.259818,	Delta[s+](14) = 0.0814576,	Delta[s+](15) = 0.259818
The 7-th iteration is completed.	|| time cost : 0h 3m 57.479s
********************************************************************************************************************
********************************************************************************************************************
Ground state is obtained after 8 iterations. The current ground-state energy is -41.9969, in which electron energy is -42.0358 and phonon energy is 0.0388999
final variational state is: 
	Gamma_x = [      1,1.02103,1.03002,1.02103,1.02103,1.03521,1.04733,1.03521,1.03002,1.04733,1.05273,1.04733,1.02103,1.03521,1.04733,1.03521]
	lambda_q = [0.432786,0.353173,0.299001,0.353173,0.353173,0.324244,0.307866,0.324244,0.299001,0.307866,0.281771,0.307866,0.353173,0.324244,0.307866,0.324244]
The effective e-e interactions mediated by phonons are: [1.49989,1.44891,1.35625,1.44891,1.44891,1.40527,1.37463,1.40527,1.35625,1.37463,1.31694,1.37463,1.44891,1.40527,1.37463,1.40527]
The real-space interactions mediated by phonons are: [  -22.4446, -0.268498, 0.0416885,-0.0756347, -0.331525, -0.156041, 0.0416885,  -0.07438, 0.0917645,  -0.07438, 0.0416885, -0.156041, -0.331525,-0.0756347, 0.0416885, -0.268498]
********************************************************************************************************************
o___o  ----------------------------------------
| L |	Time since last clock: 0h 0m 0s
A===A	Time since the beginning: 0h 27m 6.741s
***********************************************

********************************************************************************************************************
Start warm-up calculation for scaling factor 4
open output files: NGSEDWarmUpW4Obs.txt
********************************************************************************************************************
Start the 0 rounds of NGS-ED iteration
	effective electronic model is modified as: kinetic energy t = 0.909488
	                                           effective interaction Vq = [-1.37092, -1.2312,-1.10714, -1.2312, -1.2312,-1.16787,-1.12905,-1.16787,-1.10714,-1.12905,-1.06276,-1.12905, -1.2312,-1.16787,-1.12905,-1.16787]
	PARPACK diagonalization completed after 45 matrix-vector product operations.
	iteration results: : total energy is -38.771466 | electron energy -38.790938 + phonon energy 0.019472 | electron momentum kIdx = 0
	Nq(0) = 12.25,	Nq(1) = 0.342815,	Nq(2) = 0.358192,	Nq(3) = 0.342815,	Nq(4) = 0.342815,	Nq(5) = 0.46572,	Nq(6) = 0.558752,	Nq(7) = 0.46572,	Nq(8) = 0.358192,	Nq(9) = 0.558752,	Nq(10) = 0.578222,	Nq(11) = 0.558752,	Nq(12) = 0.342815,	Nq(13) = 0.46572,	Nq(14) = 0.558752,	Nq(15) = 0.46572,	Sq(0) = 6.91715e-18,	Sq(1) = 0.397036,	Sq(2) = 0.576868,	Sq(3) = 0.397036,	Sq(4) = 0.397036,	Sq(5) = 0.525437,	Sq(6) = 0.670238,	Sq(7) = 0.525437,	Sq(8) = 0.576868,	Sq(9) = 0.670238,	Sq(10) = 1.46167,	Sq(11) = 0.670238,	Sq(12) = 0.397036,	Sq(13) = 0.525437,	Sq(14) = 0.670238,	Sq(15) = 0.525437,	N(0) = 1.99625,	N(1) = 1.99346,	N(2) = 0.00488308,	N(3) = 1.99346,	N(4) = 1.99346,	N(5) = 0.999593,	N(6) = 0.00488708,	N(7) = 0.999593,	N(8) = 0.00488308,	N(9) = 0.00488708,	N(10) = 0.00222202,	N(11) = 0.00488708,	N(12) = 1.99346,	N(13) = 0.999593,	N(14) = 0.00488708,	N(15) = 0.999593,	Delta[s](0) = 0.240286,	Delta[s](1) = 0.199386,	Delta[s](2) = 0.131874,	Delta[s](3) = 0.199386,	Delta[s](4) = 0.199386,	Delta[s](5) = 0.164979,	Delta[s](6) = 0.122907,	Delta[s](7) = 0.164979,	Delta[s](8) = 0.131874,	Delta[s](9) = 0.122907,	Delta[s](10) = 0.0537561,	Delta[s](11) = 0.122907,	Delta[s](12) = 0.199386,	Delta[s](13) = 0.164979,	Delta[s](14) = 0.122907,	Delta[s](15) = 0.164979,	Delta[d](0) = 0.240248,	Delta[d](1) = 0.142848,	Delta[d](2) = 0.149387,	Delta[d](3) = 0.142848,	Delta[d](4) = 0.142848,	Delta[d](5) = 0.146261,	Delta[d](6) = 0.0917303,	Delta[d](7) = 0.146261,	Delta[d](8) = 0.149387,	Delta[d](9) = 0.0917303,	Delta[d](10) = 0.0244943,	Delta[d](11) = 0.0917303,	Delta[d](12) = 0.142848,	Delta[d](13) = 0.146261,	Delta[d](14) = 0.0917303,	Delta[d](15) = 0.146261,	Delta[s+](0) = 0.525255,	Delta[s+](1) = 0.394968,	Delta[s+](2) = 0.149387,	Delta[s+](3) = 0.394968,	Delta[s+](4) = 0.394968,	Delta[s+](5) = 0.270135,	Delta[s+](6) = 0.0874784,	Delta[s+](7) = 0.270135,	Delta[s+](8) = 0.149387,	Delta[s+](9) = 0.0874784,	Delta[s+](10) = 0.0177424,	Delta[s+](11) = 0.0874784,	Delta[s+](12) = 0.394968,	Delta[s+](13) = 0.270135,	Delta[s+](14) = 0.0874784,	Delta[s+](15) = 0.270135
The 0-th iteration is completed.	|| time cost : 0h 4m 0.333s
********************************************************************************************************************
Start the 1 rounds of NGS-ED iteration
	effective electronic model is modified as: kinetic energy t = 0.902734
	                                           effective interaction Vq = [-1.44194,-1.28565, -1.1371,-1.28565,-1.28565,-1.21049,-1.15871,-1.21049, -1.1371,-1.15871,-1.08007,-1.15871,-1.28565,-1.21049,-1.15871,-1.21049]
	PARPACK diagonalization completed after 30 matrix-vector product operations.
	iteration results: : total energy is -39.703722 | electron energy -39.752751 + phonon energy 0.049029 | electron momentum kIdx = 0
The 1-th iteration is completed.	|| time cost : 0h 0m 21.65s
********************************************************************************************************************
Start the 2 rounds of NGS-ED iteration
	effective electronic model is modified as: kinetic energy t = 0.898211
	                                           effective interaction Vq = [-1.47385,-1.31625,-1.15451,-1.31625,-1.31625,-1.23517,-1.17777,-1.23517,-1.15451,-1.17777,-1.09295,-1.17777,-1.31625,-1.23517,-1.17777,-1.23517]
	PARPACK diagonalization completed after 30 matrix-vector product operations.
	iteration results: : total energy is -40.117302 | electron energy -40.188092 + phonon energy 0.070789 | electron momentum kIdx = 0
The 2-th iteration is completed.	|| time cost : 0h 0m 21.611s
********************************************************************************************************************
Start the 3 rounds of NGS-ED iteration
	effective electronic model is modified as: kinetic energy t = 0.895319
	                                           effective interaction Vq = [-1.48819,-1.33396,-1.16462,-1.33396,-1.33396,-1.24963,-1.18965,-1.24963,-1.16462,-1.18965,-1.10137,-1.18965,-1.33396,-1.24963,-1.18965,-1.24963]
	PARPACK diagonalization completed after 30 matrix-vector product operations.
	iteration results: : total energy is -40.301280 | electron energy -40.386141 + phonon energy 0.084861 | electron momentum kIdx = 0
The 3-th iteration is completed.	|| time cost : 0h 0m 21.689s
********************************************************************************************************************
Start the 4 rounds of NGS-ED iteration
	effective electronic model is modified as: kinetic energy t = 0.893515
	                                           effective interaction Vq = [-1.49463,-1.34442,-1.17048,-1.34442,-1.34442,-1.25815,-1.19696,-1.25815,-1.17048,-1.19696, -1.1066,-1.19696,-1.34442,-1.25815,-1.19696,-1.25815]
	PARPACK diagonalization completed after 30 matrix-vector product operations.
	iteration results: : total energy is -40.383271 | electron energy -40.476872 + phonon energy 0.093601 | electron momentum kIdx = 0
The 4-th iteration is completed.	|| time cost : 0h 0m 21.592s
********************************************************************************************************************
Start the 5 rounds of NGS-ED iteration
	effective electronic model is modified as: kinetic energy t = 0.892405
	                                           effective interaction Vq = [-1.49753,-1.35069,-1.17389,-1.35069,-1.35069,-1.26321,-1.20143,-1.26321,-1.17389,-1.20143,-1.10976,-1.20143,-1.35069,-1.26321,-1.20143,-1.26321]
	PARPACK diagonalization completed after 30 matrix-vector product operations.
	iteration results: : total energy is -40.419864 | electron energy -40.518810 + phonon energy 0.098946 | electron momentum kIdx = 0
The 5-th iteration is completed.	|| time cost : 0h 0m 21.716s
********************************************************************************************************************
Start the 6 rounds of NGS-ED iteration
	effective electronic model is modified as: kinetic energy t = 0.891728
	                                           effective interaction Vq = [-1.49883,-1.35448,-1.17587,-1.35448,-1.35448,-1.26623,-1.20415,-1.26623,-1.17587,-1.20415,-1.11164,-1.20415,-1.35448,-1.26623,-1.20415,-1.26623]
	PARPACK diagonalization completed after 30 matrix-vector product operations.
	iteration results: : total energy is -40.436215 | electron energy -40.538408 + phonon energy 0.102193 | electron momentum kIdx = 0
The 6-th iteration is completed.	|| time cost : 0h 0m 21.671s
********************************************************************************************************************
Start the 7 rounds of NGS-ED iteration
	effective electronic model is modified as: kinetic energy t = 0.891316
	                                           effective interaction Vq = [-1.49941,-1.35678,-1.17702,-1.35678,-1.35678,-1.26802, -1.2058,-1.26802,-1.17702, -1.2058,-1.11276, -1.2058,-1.35678,-1.26802, -1.2058,-1.26802]
	PARPACK diagonalization completed after 30 matrix-vector product operations.
	iteration results: : total energy is -40.443528 | electron energy -40.547687 + phonon energy 0.104159 | electron momentum kIdx = 0
The 7-th iteration is completed.	|| time cost : 0h 0m 21.558s
********************************************************************************************************************
Start the 8 rounds of NGS-ED iteration
	effective electronic model is modified as: kinetic energy t = 0.891067
	                                           effective interaction Vq = [-1.49968,-1.35818,-1.17769,-1.35818,-1.35818, -1.2691, -1.2068, -1.2691,-1.17769, -1.2068,-1.11342, -1.2068,-1.35818, -1.2691, -1.2068, -1.2691]
	PARPACK diagonalization completed after 30 matrix-vector product operations.
	iteration results: : total energy is -40.446802 | electron energy -40.552148 + phonon energy 0.105347 | electron momentum kIdx = 0
The 8-th iteration is completed.	|| time cost : 0h 0m 21.697s
********************************************************************************************************************
Start the 9 rounds of NGS-ED iteration
	effective electronic model is modified as: kinetic energy t = 0.890915
	                                           effective interaction Vq = [-1.49979,-1.35904,-1.17809,-1.35904,-1.35904,-1.26974,-1.20741,-1.26974,-1.17809,-1.20741,-1.11381,-1.20741,-1.35904,-1.26974,-1.20741,-1.26974]
	PARPACK diagonalization completed after 30 matrix-vector product operations.
	iteration results: : total energy is -40.448268 | electron energy -40.554332 + phonon energy 0.106064 | electron momentum kIdx = 0
The 9-th iteration is completed.	|| time cost : 0h 0m 21.578s
********************************************************************************************************************
Start the 10 rounds of NGS-ED iteration
	effective electronic model is modified as: kinetic energy t = 0.890824
	                                           effective interaction Vq = [-1.49985,-1.35957,-1.17831,-1.35957,-1.35957,-1.27012,-1.20778,-1.27012,-1.17831,-1.20778,-1.11404,-1.20778,-1.35957,-1.27012,-1.20778,-1.27012]
	PARPACK diagonalization completed after 30 matrix-vector product operations.
	iteration results: : total energy is -40.448925 | electron energy -40.555423 + phonon energy 0.106497 | electron momentum kIdx = 0
The 10-th iteration is completed.	|| time cost : 0h 0m 21.644s
********************************************************************************************************************
Start the 11 rounds of NGS-ED iteration
	effective electronic model is modified as: kinetic energy t = 0.890769
	                                           effective interaction Vq = [-1.49987,-1.35989,-1.17845,-1.35989,-1.35989,-1.27035,-1.20801,-1.27035,-1.17845,-1.20801,-1.11418,-1.20801,-1.35989,-1.27035,-1.20801,-1.27035]
	PARPACK diagonalization completed after 30 matrix-vector product operations.
	iteration results: : total energy is -40.449220 | electron energy -40.555979 + phonon energy 0.106759 | electron momentum kIdx = 0
The 11-th iteration is completed.	|| time cost : 0h 0m 21.614s
********************************************************************************************************************
Start the 12 rounds of NGS-ED iteration
	effective electronic model is modified as: kinetic energy t = 0.890735
	                                           effective interaction Vq = [-1.49988,-1.36009,-1.17853,-1.36009,-1.36009,-1.27049,-1.20815,-1.27049,-1.17853,-1.20815,-1.11426,-1.20815,-1.36009,-1.27049,-1.20815,-1.27049]
	PARPACK diagonalization completed after 30 matrix-vector product operations.
	iteration results: : total energy is -40.449352 | electron energy -40.556269 + phonon energy 0.106916 | electron momentum kIdx = 0
	Nq(0) = 12.25,	Nq(1) = 0.358506,	Nq(2) = 0.361446,	Nq(3) = 0.358506,	Nq(4) = 0.358506,	Nq(5) = 0.476676,	Nq(6) = 0.570301,	Nq(7) = 0.476676,	Nq(8) = 0.361446,	Nq(9) = 0.570301,	Nq(10) = 0.581082,	Nq(11) = 0.570301,	Nq(12) = 0.358506,	Nq(13) = 0.476676,	Nq(14) = 0.570301,	Nq(15) = 0.476676,	Sq(0) = 1.98366e-18,	Sq(1) = 0.390805,	Sq(2) = 0.56863,	Sq(3) = 0.390805,	Sq(4) = 0.390805,	Sq(5) = 0.519458,	Sq(6) = 0.658347,	Sq(7) = 0.519458,	Sq(8) = 0.56863,	Sq(9) = 0.658347,	Sq(10) = 1.41239,	Sq(11) = 0.658347,	Sq(12) = 0.390805,	Sq(13) = 0.519458,	Sq(14) = 0.658347,	Sq(15) = 0.519458,	N(0) = 1.99775,	N(1) = 1.99628,	N(2) = 0.00271988,	N(3) = 1.99628,	N(4) = 1.99628,	N(5) = 0.999786,	N(6) = 0.002798,	N(7) = 0.999786,	N(8) = 0.00271988,	N(9) = 0.002798,	N(10) = 0.00136796,	N(11) = 0.002798,	N(12) = 1.99628,	N(13) = 0.999786,	N(14) = 0.002798,	N(15) = 0.999786,	Delta[s](0) = 0.242612,	Delta[s](1) = 0.203792,	Delta[s](2) = 0.136618,	Delta[s](3) = 0.203792,	Delta[s](4) = 0.203792,	Delta[s](5) = 0.169336,	Delta[s](6) = 0.129494,	Delta[s](7) = 0.169336,	Delta[s](8) = 0.136618,	Delta[s](9) = 0.129494,	Delta[s](10) = 0.061616,	Delta[s](11) = 0.129494,	Delta[s](12) = 0.203792,	Delta[s](13) = 0.169336,	Delta[s](14) = 0.129494,	Delta[s](15) = 0.169336,	Delta[d](0) = 0.247992,	Delta[d](1) = 0.150527,	Delta[d](2) = 0.155583,	Delta[d](3) = 0.150527,	Delta[d](4) = 0.150527,	Delta[d](5) = 0.154298,	Delta[d](6) = 0.097574,	Delta[d](7) = 0.154298,	Delta[d](8) = 0.155583,	Delta[d](9) = 0.097574,	Delta[d](10) = 0.0286203,	Delta[d](11) = 0.097574,	Delta[d](12) = 0.150527,	Delta[d](13) = 0.154298,	Delta[d](14) = 0.097574,	Delta[d](15) = 0.154298,	Delta[s+](0) = 0.539009,	Delta[s+](1) = 0.405981,	Delta[s+](2) = 0.155583,	Delta[s+](3) = 0.405981,	Delta[s+](4) = 0.405981,	Delta[s+](5) = 0.279157,	Delta[s+](6) = 0.0922104,	Delta[s+](7) = 0.279157,	Delta[s+](8) = 0.155583,	Delta[s+](9) = 0.0922104,	Delta[s+](10) = 0.0208046,	Delta[s+](11) = 0.0922104,	Delta[s+](12) = 0.405981,	Delta[s+](13) = 0.279157,	Delta[s+](14) = 0.0922104,	Delta[s+](15) = 0.279157
The 12-th iteration is completed.	|| time cost : 0h 3m 56.867s
********************************************************************************************************************
********************************************************************************************************************
Ground state is obtained after 13 iterations. The current ground-state energy is -40.4494, in which electron energy is -40.5563 and phonon energy is 0.106916
final variational state is: 
	Gamma_x = [      1,1.05854,1.06963,1.05854,1.05854,1.08867, 1.1109,1.08867,1.06963, 1.1109, 1.1148, 1.1109,1.05854,1.08867, 1.1109,1.08867]
	lambda_q = [0.611359,0.425479,0.328926,0.425479,0.425479,0.372916,0.342321,0.372916,0.328926,0.342321,0.301874,0.342321,0.425479,0.372916,0.342321,0.372916]
The effective e-e interactions mediated by phonons are: [1.49989,1.36021,1.17857,1.36021,1.36021,1.27057,1.20823,1.27057,1.17857,1.20823,1.11431,1.20823,1.36021,1.27057,1.20823,1.27057]
The real-space interactions mediated by phonons are: [ -20.3274,-0.565325,0.0419547, -0.19362,-0.689536,-0.358121,0.0419547,-0.168186, 0.110959,-0.168186,0.0419547,-0.358121,-0.689536, -0.19362,0.0419547,-0.565325]
********************************************************************************************************************
o___o  ----------------------------------------
| L |	Time since last clock: 0h 0m 0s
A===A	Time since the beginning: 0h 39m 1.97s
