SNEDics v3.2 diagonalization test program		Start at Sat May  4 00:48:00 2019

parallized on 80 MPI threads  * 6 OpenMP threads = 480 total threads.
************************************************************************************
************************************************************************************

Input file "model_params.in"
Hubbard-Holstein model parameters : 	t = 1    U = 7    g = 1.7321    W = 1    
************************************************************************************
Input file "hilbertspace_params.in"

Cluster Positions:				Cluster symmetry group : D4
 x ... x ... x ... x .....                       x ... x ... x ... x .....
 |           |           :                       |           |           :
 |           |           :                       |           |           :
12    13    14    15     x                       1     5     6     5     x
 |           |           :                       |           |           :
 |           |           :                       |           |           :
 8 --- 9 ---10 ---11 --- x                       2 --- 6 ---10 --- 6 --- x
 |           |           :                       |           |           :
 |           |           :                       |           |           :
 4     5     6     7     x                       1     5     6     5     x
 |           |           :                       |           |           :
 |           |           :                       |           |           :
 0 --- 1 --- 2 --- 3 --- x                       0 --- 1 --- 2 --- 1 --- x
orbital number : 1
************************************************************************************
** NOTE ** Detected low phonon energy W < 10. The initial state will be prepared through a warm-up process.
starting warm-up calculation for scaling factor 16
0 rounds of non-Gaussian ED iteration : ground-state energy is -9.41048 | electron energy -9.41048 + phonon energy 0 | electron momentum kIdx = 0
Nq = 	16	0.0779312	0.132949	0.0779312	0.0779312	0.132949	0.182539	0.132949	0.132949	0.182539	0.228907	0.182539	0.0779312	0.132949	0.182539	0.132949
Sq = 	8.55818e-19	0.418755	0.638112	0.418755	0.418755	0.638112	0.909041	0.638112	0.638112	0.909041	4.79166	0.909041	0.418755	0.638112	0.909041	0.638112
1 rounds of non-Gaussian ED iteration : ground-state energy is -62.79 | electron energy -62.7933 + phonon energy 0.00325349 | electron momentum kIdx = 0
Nq = 	16	0.246912	0.311113	0.246912	0.246912	0.311113	0.443695	0.311113	0.311113	0.443695	0.508441	0.443695	0.246912	0.311113	0.443695	0.311113
Sq = 	7.26502e-18	0.413418	0.599016	0.413418	0.413418	0.599016	0.72388	0.599016	0.599016	0.72388	2.71916	0.72388	0.413418	0.599016	0.72388	0.599016
2 rounds of non-Gaussian ED iteration : ground-state energy is -65.3636 | electron energy -65.3844 + phonon energy 0.0208075 | electron momentum kIdx = 0
Nq = 	16	0.279683	0.331036	0.279683	0.279683	0.331036	0.487917	0.331036	0.331036	0.487917	0.542889	0.487917	0.279683	0.331036	0.487917	0.331036
Sq = 	5.09819e-18	0.405315	0.586955	0.405315	0.405315	0.586955	0.698131	0.586955	0.586955	0.698131	2.46498	0.698131	0.405315	0.586955	0.698131	0.586955
3 rounds of non-Gaussian ED iteration : ground-state energy is -65.4706 | electron energy -65.4985 + phonon energy 0.0279684 | electron momentum kIdx = 0
Nq = 	16	0.284263	0.33349	0.284263	0.284263	0.33349	0.494715	0.33349	0.33349	0.494715	0.547557	0.494715	0.284263	0.33349	0.494715	0.33349
Sq = 	-6.1472e-18	0.404001	0.585059	0.404001	0.404001	0.585059	0.694499	0.585059	0.585059	0.694499	2.43124	0.694499	0.404001	0.585059	0.694499	0.585059
4 rounds of non-Gaussian ED iteration : ground-state energy is -65.4748 | electron energy -65.5044 + phonon energy 0.0295453 | electron momentum kIdx = 0
Nq = 	16	0.285038	0.333883	0.285038	0.285038	0.333883	0.495925	0.333883	0.333883	0.495925	0.548337	0.495925	0.285038	0.333883	0.495925	0.333883
Sq = 	-1.31559e-18	0.403768	0.584731	0.403768	0.403768	0.584731	0.69388	0.584731	0.584731	0.69388	2.42553	0.69388	0.403768	0.584731	0.69388	0.584731
Ground state is obtained after 5 iterations. The current ground-state energy is -65.475, in which electron energy is -65.5048 and phonon energy is 0.029849
final variational state is: 
Gamma_x =       1 1.01167 1.01972 1.01167 1.01167 1.01972 1.02943 1.01972 1.01972 1.02943 1.03628 1.02943 1.01167 1.01972 1.02943 1.01972
lambda_q =  0.43288 0.379145 0.349133 0.379145 0.379145 0.349133 0.349084 0.349133 0.349133 0.349084 0.336226 0.349084 0.379145 0.349133 0.349084 0.349133
o___o  -------------------------------------
| L |	Time since last clock: 0h 28m 41.036s
A===A	Time since the beginning: 0h 28m 41.036s
********************************************

************************************************************************************
starting warm-up calculation for scaling factor 8
0 rounds of non-Gaussian ED iteration : ground-state energy is -59.0761 | electron energy -59.091 + phonon energy 0.0149245 | electron momentum kIdx = 0
Nq = 	16	0.232872	0.298489	0.232872	0.232872	0.298489	0.42217	0.298489	0.298489	0.42217	0.48691	0.42217	0.232872	0.298489	0.42217	0.298489
Sq = 	2.1555e-18	0.416745	0.604816	0.416745	0.416745	0.604816	0.73733	0.604816	0.604816	0.73733	2.85679	0.73733	0.416745	0.604816	0.73733	0.604816
1 rounds of non-Gaussian ED iteration : ground-state energy is -62.5849 | electron energy -62.6413 + phonon energy 0.0563427 | electron momentum kIdx = 0
Nq = 	16	0.250378	0.310167	0.250378	0.250378	0.310167	0.443046	0.310167	0.310167	0.443046	0.504129	0.443046	0.250378	0.310167	0.443046	0.310167
Sq = 	5.21336e-18	0.41332	0.599616	0.41332	0.41332	0.599616	0.724014	0.599616	0.599616	0.724014	2.71413	0.724014	0.41332	0.599616	0.724014	0.599616
2 rounds of non-Gaussian ED iteration : ground-state energy is -63.2918 | electron energy -63.3723 + phonon energy 0.0804822 | electron momentum kIdx = 0
Nq = 	16	0.257368	0.314417	0.257368	0.257368	0.314417	0.451597	0.314417	0.314417	0.451597	0.510762	0.451597	0.257368	0.314417	0.451597	0.314417
Sq = 	2.29737e-19	0.411808	0.597399	0.411808	0.411808	0.597399	0.718796	0.597399	0.597399	0.718796	2.66006	0.718796	0.411808	0.597399	0.718796	0.597399
3 rounds of non-Gaussian ED iteration : ground-state energy is -63.434 | electron energy -63.5259 + phonon energy 0.0918885 | electron momentum kIdx = 0
Nq = 	16	0.26023	0.316063	0.26023	0.26023	0.316063	0.455187	0.316063	0.316063	0.455187	0.513432	0.455187	0.26023	0.316063	0.455187	0.316063
Sq = 	2.99074e-18	0.411159	0.596469	0.411159	0.411159	0.596469	0.716675	0.596469	0.596469	0.716675	2.63837	0.716675	0.411159	0.596469	0.716675	0.596469
4 rounds of non-Gaussian ED iteration : ground-state energy is -63.4625 | electron energy -63.5595 + phonon energy 0.0969577 | electron momentum kIdx = 0
Nq = 	16	0.261431	0.316724	0.261431	0.261431	0.316724	0.456718	0.316724	0.316724	0.456718	0.514534	0.456718	0.261431	0.316724	0.456718	0.316724
Sq = 	-4.85216e-18	0.41088	0.596076	0.41088	0.41088	0.596076	0.715793	0.596076	0.596076	0.715793	2.62938	0.715793	0.41088	0.596076	0.715793	0.596076
5 rounds of non-Gaussian ED iteration : ground-state energy is -63.4683 | electron energy -63.5674 + phonon energy 0.0991557 | electron momentum kIdx = 0
Nq = 	16	0.261942	0.316995	0.261942	0.261942	0.316995	0.457376	0.316995	0.316995	0.457376	0.514995	0.457376	0.261942	0.316995	0.457376	0.316995
Sq = 	1.26835e-18	0.41076	0.59591	0.41076	0.41076	0.59591	0.71542	0.59591	0.59591	0.71542	2.62558	0.71542	0.41076	0.59591	0.71542	0.59591
6 rounds of non-Gaussian ED iteration : ground-state energy is -63.4694 | electron energy -63.5695 + phonon energy 0.100099 | electron momentum kIdx = 0
Nq = 	16	0.26216	0.317107	0.26216	0.26216	0.317107	0.45766	0.317107	0.317107	0.45766	0.515189	0.45766	0.26216	0.317107	0.45766	0.317107
Sq = 	2.0868e-18	0.410708	0.595839	0.410708	0.410708	0.595839	0.715262	0.595839	0.595839	0.715262	2.62397	0.715262	0.410708	0.595839	0.715262	0.595839
Ground state is obtained after 7 iterations. The current ground-state energy is -63.4697, in which electron energy is -63.5702 and phonon energy is 0.100501
final variational state is: 
Gamma_x =       1 1.03435 1.05262 1.03435 1.03435 1.05262 1.07721 1.05262 1.05262 1.07721 1.09211 1.07721 1.03435 1.05262 1.07721 1.05262
lambda_q = 0.611726 0.476856 0.419106 0.476856 0.476856 0.419106 0.417025 0.419106 0.419106 0.417025 0.395822 0.417025 0.476856 0.419106 0.417025 0.419106
o___o  -------------------------------------
| L |	Time since last clock: 0h 38m 46.07s
A===A	Time since the beginning: 1h 7m 27.106s
********************************************

************************************************************************************
starting warm-up calculation for scaling factor 4
0 rounds of non-Gaussian ED iteration : ground-state energy is -56.9913 | electron energy -57.0416 + phonon energy 0.0502507 | electron momentum kIdx = 0
Nq = 	16	0.202774	0.272604	0.202774	0.202774	0.272604	0.37678	0.272604	0.272604	0.37678	0.442374	0.37678	0.202774	0.272604	0.37678	0.272604
Sq = 	-3.40087e-18	0.422704	0.614874	0.422704	0.422704	0.614874	0.765	0.614874	0.614874	0.765	3.16373	0.765	0.422704	0.614874	0.765	0.614874
1 rounds of non-Gaussian ED iteration : ground-state energy is -59.3105 | electron energy -59.4224 + phonon energy 0.111941 | electron momentum kIdx = 0
Nq = 	16	0.206516	0.275118	0.206516	0.206516	0.275118	0.379627	0.275118	0.275119	0.379627	0.444591	0.379627	0.206516	0.275118	0.379627	0.275118
Sq = 	1.29936e-18	0.42241	0.614399	0.42241	0.42241	0.614399	0.762606	0.614399	0.614399	0.762606	3.13367	0.762606	0.42241	0.614399	0.762606	0.614399
2 rounds of non-Gaussian ED iteration : ground-state energy is -60.3462 | electron energy -60.4949 + phonon energy 0.148742 | electron momentum kIdx = 0
Nq = 	16	0.209205	0.276981	0.209205	0.209205	0.276981	0.382272	0.276981	0.276981	0.382272	0.447038	0.382272	0.209205	0.276981	0.382272	0.276981
Sq = 	3.68409e-18	0.4221	0.613907	0.4221	0.4221	0.613907	0.760699	0.613907	0.613907	0.760699	3.11053	0.760699	0.4221	0.613907	0.760699	0.613907
3 rounds of non-Gaussian ED iteration : ground-state energy is -60.8107 | electron energy -60.9803 + phonon energy 0.169567 | electron momentum kIdx = 0
Nq = 	16	0.211063	0.278275	0.211063	0.211063	0.278275	0.384289	0.278275	0.278275	0.384289	0.448954	0.384289	0.211063	0.278275	0.384289	0.278275
Sq = 	-1.66709e-17	0.421852	0.61352	0.421852	0.421852	0.61352	0.759328	0.61352	0.61352	0.759328	3.09415	0.759328	0.421852	0.61352	0.759328	0.61352
4 rounds of non-Gaussian ED iteration : ground-state energy is -61.0193 | electron energy -61.201 + phonon energy 0.18176 | electron momentum kIdx = 0
Nq = 	16	0.212321	0.279145	0.212321	0.212321	0.279145	0.385715	0.279145	0.279145	0.385715	0.450306	0.385715	0.212321	0.279145	0.385715	0.279145
Sq = 	-1.03964e-17	0.421673	0.613243	0.421673	0.421673	0.613243	0.758387	0.613243	0.613243	0.758387	3.08299	0.758387	0.421673	0.613243	0.758387	0.613243
5 rounds of non-Gaussian ED iteration : ground-state energy is -61.1129 | electron energy -61.3021 + phonon energy 0.189205 | electron momentum kIdx = 0
Nq = 	16	0.213162	0.279722	0.213162	0.213162	0.279722	0.386691	0.279722	0.279722	0.386691	0.451223	0.386691	0.213162	0.279722	0.386691	0.279722
Sq = 	3.55671e-19	0.421548	0.613053	0.421548	0.421548	0.613053	0.757755	0.613053	0.613053	0.757755	3.07551	0.757755	0.421548	0.613053	0.757755	0.613053
6 rounds of non-Gaussian ED iteration : ground-state energy is -61.155 | electron energy -61.3489 + phonon energy 0.193897 | electron momentum kIdx = 0
Nq = 	16	0.213722	0.280101	0.213722	0.213722	0.280101	0.387349	0.280101	0.280101	0.387349	0.451835	0.387349	0.213722	0.280101	0.387349	0.280101
Sq = 	1.89628e-18	0.421463	0.612925	0.421463	0.421463	0.612925	0.757334	0.612925	0.612925	0.757334	3.07054	0.757334	0.421463	0.612925	0.757334	0.612925
7 rounds of non-Gaussian ED iteration : ground-state energy is -61.1739 | electron energy -61.3708 + phonon energy 0.196914 | electron momentum kIdx = 0
Nq = 	16	0.214093	0.28035	0.214093	0.214093	0.28035	0.387789	0.28035	0.28035	0.387789	0.45224	0.387789	0.214093	0.28035	0.387789	0.28035
Sq = 	2.78592e-18	0.421405	0.61284	0.421405	0.421405	0.61284	0.757055	0.61284	0.61284	0.757055	3.06725	0.757055	0.421405	0.61284	0.757055	0.61284
8 rounds of non-Gaussian ED iteration : ground-state energy is -61.1824 | electron energy -61.3813 + phonon energy 0.198877 | electron momentum kIdx = 0
Nq = 	16	0.214339	0.280513	0.214339	0.214339	0.280513	0.388082	0.280513	0.280513	0.388082	0.452509	0.388082	0.214339	0.280513	0.388082	0.280513
Sq = 	5.92644e-18	0.421367	0.612783	0.421367	0.421367	0.612783	0.756871	0.612783	0.612783	0.756871	3.06508	0.756871	0.421367	0.612783	0.756871	0.612783
9 rounds of non-Gaussian ED iteration : ground-state energy is -61.1862 | electron energy -61.3864 + phonon energy 0.200162 | electron momentum kIdx = 0
Nq = 	16	0.214502	0.28062	0.214502	0.214502	0.28062	0.388277	0.28062	0.28062	0.388277	0.452686	0.388277	0.214502	0.28062	0.388277	0.28062
Sq = 	-5.55242e-18	0.421341	0.612746	0.421341	0.421341	0.612746	0.756749	0.612746	0.612746	0.756749	3.06364	0.756749	0.421341	0.612746	0.756749	0.612746
10 rounds of non-Gaussian ED iteration : ground-state energy is -61.1879 | electron energy -61.3889 + phonon energy 0.201007 | electron momentum kIdx = 0
Nq = 	16	0.214609	0.28069	0.214609	0.214609	0.28069	0.388406	0.28069	0.28069	0.388406	0.452803	0.388406	0.214609	0.28069	0.388406	0.28069
Sq = 	-1.22417e-19	0.421324	0.612721	0.421324	0.421324	0.612721	0.756669	0.612721	0.612721	0.756669	3.06269	0.756669	0.421324	0.612721	0.756669	0.612721
Ground state is obtained after 11 iterations. The current ground-state energy is -61.1887, in which electron energy is -61.3903 and phonon energy is 0.201563
final variational state is: 
Gamma_x =       1 1.07906 1.11046 1.07906 1.07906 1.11046 1.15584 1.11046 1.11046 1.15584 1.18337 1.15584 1.07906 1.11046 1.15584 1.11046
lambda_q = 0.862928 0.530181 0.446312 0.530181 0.530181 0.446312   0.4375 0.446312 0.446312   0.4375 0.413571   0.4375 0.530181 0.446312   0.4375 0.446312
o___o  -------------------------------------
| L |	Time since last clock: 0h 58m 40.895s
A===A	Time since the beginning: 2h 6m 8.002s
********************************************

************************************************************************************
starting warm-up calculation for scaling factor 2
0 rounds of non-Gaussian ED iteration : ground-state energy is -55.0205 | electron energy -55.1213 + phonon energy 0.100781 | electron momentum kIdx = 0
Nq = 	16	0.160683	0.23247	0.160683	0.160683	0.23247	0.314992	0.23247	0.23247	0.314992	0.378737	0.314992	0.160683	0.23247	0.314992	0.23247
Sq = 	-1.92241e-18	0.427518	0.625078	0.427518	0.427518	0.625078	0.804891	0.625078	0.625078	0.804891	3.64364	0.804891	0.427518	0.625078	0.804891	0.625078
1 rounds of non-Gaussian ED iteration : ground-state energy is -56.49 | electron energy -56.6447 + phonon energy 0.154763 | electron momentum kIdx = 0
Nq = 	16	0.156983	0.228565	0.156983	0.156983	0.228565	0.308882	0.228565	0.228565	0.308882	0.372088	0.308882	0.156983	0.228565	0.308882	0.228565
Sq = 	-3.05001e-18	0.427801	0.625937	0.427801	0.427801	0.625937	0.80879	0.625937	0.625937	0.80879	3.69108	0.80879	0.427801	0.625937	0.80879	0.625937
2 rounds of non-Gaussian ED iteration : ground-state energy is -57.4385 | electron energy -57.6192 + phonon energy 0.18071 | electron momentum kIdx = 0
Nq = 	16	0.154507	0.226046	0.154507	0.154507	0.226046	0.305202	0.226046	0.226046	0.305202	0.368317	0.305202	0.154507	0.226046	0.305202	0.226046
Sq = 	2.90243e-18	0.427914	0.626393	0.427914	0.427914	0.626393	0.811256	0.626393	0.626393	0.811256	3.72154	0.811256	0.427914	0.626393	0.811256	0.626393
3 rounds of non-Gaussian ED iteration : ground-state energy is -58.0655 | electron energy -58.2562 + phonon energy 0.190653 | electron momentum kIdx = 0
Nq = 	16	0.152911	0.224472	0.152911	0.152911	0.224472	0.302988	0.224472	0.224472	0.302988	0.366129	0.302988	0.152911	0.224472	0.302988	0.224472
Sq = 	3.98329e-19	0.427959	0.626641	0.427959	0.427959	0.626641	0.812786	0.626641	0.626641	0.812786	3.74062	0.812786	0.427959	0.626641	0.812786	0.626641
4 rounds of non-Gaussian ED iteration : ground-state energy is -58.4837 | electron energy -58.6766 + phonon energy 0.192898 | electron momentum kIdx = 0
Nq = 	16	0.151871	0.223471	0.151871	0.151871	0.223471	0.301605	0.223471	0.223471	0.301605	0.364786	0.301605	0.151871	0.223471	0.301605	0.223471
Sq = 	1.72569e-18	0.427977	0.626785	0.427977	0.427977	0.626785	0.813759	0.626785	0.626785	0.813759	3.75283	0.813759	0.427977	0.626785	0.813759	0.626785
5 rounds of non-Gaussian ED iteration : ground-state energy is -58.7634 | electron energy -58.9552 + phonon energy 0.191845 | electron momentum kIdx = 0
Nq = 	16	0.151173	0.222811	0.151173	0.151173	0.222811	0.300697	0.222811	0.222811	0.300697	0.363906	0.300697	0.151173	0.222811	0.300697	0.222811
Sq = 	-1.29886e-18	0.427987	0.626875	0.427987	0.427987	0.626875	0.814403	0.626875	0.626875	0.814403	3.76094	0.814403	0.427987	0.626875	0.814403	0.626875
6 rounds of non-Gaussian ED iteration : ground-state energy is -58.9508 | electron energy -59.1404 + phonon energy 0.189611 | electron momentum kIdx = 0
Nq = 	16	0.150689	0.222358	0.150689	0.150689	0.222358	0.300071	0.222358	0.222358	0.300071	0.363296	0.300071	0.150689	0.222358	0.300071	0.222358
Sq = 	5.07347e-18	0.427992	0.626937	0.427992	0.427992	0.626937	0.814847	0.626937	0.626937	0.814847	3.76654	0.814847	0.427992	0.626937	0.814847	0.626937
7 rounds of non-Gaussian ED iteration : ground-state energy is -59.0763 | electron energy -59.2634 + phonon energy 0.187153 | electron momentum kIdx = 0
Nq = 	16	0.150343	0.222036	0.150343	0.150343	0.222036	0.299621	0.222036	0.222036	0.299621	0.362853	0.299621	0.150343	0.222036	0.299621	0.222036
Sq = 	-5.34126e-18	0.427996	0.626981	0.427996	0.427996	0.626981	0.815165	0.626981	0.626981	0.815165	3.77055	0.815165	0.427996	0.626981	0.815165	0.626981
8 rounds of non-Gaussian ED iteration : ground-state energy is -59.1604 | electron energy -59.3453 + phonon energy 0.184864 | electron momentum kIdx = 0
Nq = 	16	0.15009	0.221799	0.15009	0.15009	0.221799	0.299288	0.221799	0.221799	0.299288	0.362521	0.299288	0.15009	0.221799	0.299288	0.221799
Sq = 	-1.00337e-18	0.428	0.627014	0.428	0.428	0.627014	0.815399	0.627014	0.627014	0.815399	3.7735	0.815399	0.428	0.627014	0.815399	0.627014
9 rounds of non-Gaussian ED iteration : ground-state energy is -59.2168 | electron energy -59.3997 + phonon energy 0.182881 | electron momentum kIdx = 0
Nq = 	16	0.1499	0.221621	0.1499	0.1499	0.221621	0.299035	0.221621	0.221621	0.299035	0.362268	0.299035	0.1499	0.221621	0.299035	0.221621
Sq = 	4.84765e-18	0.428003	0.62704	0.428003	0.428003	0.62704	0.815576	0.62704	0.62704	0.815576	3.77572	0.815576	0.428003	0.62704	0.815576	0.62704
10 rounds of non-Gaussian ED iteration : ground-state energy is -59.2546 | electron energy -59.4358 + phonon energy 0.181224 | electron momentum kIdx = 0
Nq = 	16	0.149756	0.221485	0.149756	0.149756	0.221485	0.29884	0.221485	0.221485	0.29884	0.362071	0.29884	0.149756	0.221485	0.29884	0.221485
Sq = 	3.35127e-18	0.428005	0.62706	0.428005	0.428005	0.62706	0.815711	0.62706	0.62706	0.815711	3.77741	0.815711	0.428005	0.62706	0.815711	0.62706
11 rounds of non-Gaussian ED iteration : ground-state energy is -59.2799 | electron energy -59.4598 + phonon energy 0.179869 | electron momentum kIdx = 0
Nq = 	16	0.149644	0.22138	0.149644	0.149644	0.22138	0.298689	0.22138	0.22138	0.298689	0.361917	0.298689	0.149644	0.22138	0.298689	0.22138
Sq = 	7.1734e-18	0.428007	0.627075	0.428007	0.428007	0.627075	0.815816	0.627075	0.627075	0.815816	3.77873	0.815816	0.428007	0.627075	0.815816	0.627075
12 rounds of non-Gaussian ED iteration : ground-state energy is -59.2969 | electron energy -59.4757 + phonon energy 0.178773 | electron momentum kIdx = 0
Nq = 	16	0.149558	0.221298	0.149558	0.149558	0.221298	0.298571	0.221298	0.221298	0.298571	0.361796	0.298571	0.149558	0.221298	0.298571	0.221298
Sq = 	1.38506e-18	0.428009	0.627088	0.428009	0.428009	0.627088	0.815897	0.627088	0.627088	0.815897	3.77975	0.815897	0.428009	0.627088	0.815897	0.627088
13 rounds of non-Gaussian ED iteration : ground-state energy is -59.3083 | electron energy -59.4862 + phonon energy 0.177893 | electron momentum kIdx = 0
Nq = 	16	0.149491	0.221234	0.149491	0.149491	0.221234	0.298478	0.221234	0.221234	0.298478	0.3617	0.298478	0.149491	0.221234	0.298478	0.221234
Sq = 	-4.84454e-18	0.42801	0.627098	0.42801	0.42801	0.627098	0.815961	0.627098	0.627098	0.815961	3.78055	0.815961	0.42801	0.627098	0.815961	0.627098
14 rounds of non-Gaussian ED iteration : ground-state energy is -59.3159 | electron energy -59.4931 + phonon energy 0.17719 | electron momentum kIdx = 0
Nq = 	16	0.149438	0.221183	0.149438	0.149438	0.221183	0.298405	0.221183	0.221183	0.298405	0.361624	0.298405	0.149438	0.221183	0.298405	0.221183
Sq = 	-5.5108e-19	0.428011	0.627105	0.428011	0.428011	0.627105	0.816012	0.627105	0.627105	0.816012	3.78118	0.816012	0.428011	0.627105	0.816012	0.627105
15 rounds of non-Gaussian ED iteration : ground-state energy is -59.321 | electron energy -59.4977 + phonon energy 0.176629 | electron momentum kIdx = 0
Nq = 	16	0.149397	0.221143	0.149397	0.149397	0.221143	0.298347	0.221143	0.221143	0.298347	0.361563	0.298347	0.149397	0.221143	0.298347	0.221143
Sq = 	-3.72811e-18	0.428012	0.627112	0.428012	0.428012	0.627112	0.816051	0.627112	0.627112	0.816051	3.78168	0.816051	0.428012	0.627112	0.816051	0.627112
16 rounds of non-Gaussian ED iteration : ground-state energy is -59.3245 | electron energy -59.5006 + phonon energy 0.176183 | electron momentum kIdx = 0
Nq = 	16	0.149364	0.221112	0.149364	0.149364	0.221112	0.298301	0.221112	0.221112	0.298301	0.361515	0.298301	0.149364	0.221112	0.298301	0.221112
Sq = 	-1.79671e-19	0.428013	0.627117	0.428013	0.428013	0.627117	0.816083	0.627117	0.627117	0.816083	3.78207	0.816083	0.428013	0.627117	0.816083	0.627117
17 rounds of non-Gaussian ED iteration : ground-state energy is -59.3267 | electron energy -59.5026 + phonon energy 0.175829 | electron momentum kIdx = 0
Nq = 	16	0.149338	0.221087	0.149338	0.149338	0.221087	0.298265	0.221087	0.221087	0.298265	0.361477	0.298265	0.149338	0.221087	0.298265	0.221087
Sq = 	1.62647e-19	0.428013	0.62712	0.428013	0.428013	0.62712	0.816108	0.62712	0.62712	0.816108	3.78238	0.816108	0.428013	0.62712	0.816108	0.62712
18 rounds of non-Gaussian ED iteration : ground-state energy is -59.3283 | electron energy -59.5038 + phonon energy 0.175548 | electron momentum kIdx = 0
Nq = 	16	0.149318	0.221068	0.149318	0.149318	0.221068	0.298237	0.221068	0.221068	0.298237	0.361447	0.298237	0.149318	0.221068	0.298237	0.221068
Sq = 	-1.29497e-18	0.428014	0.627124	0.428014	0.428014	0.627124	0.816127	0.627124	0.627124	0.816127	3.78262	0.816127	0.428014	0.627124	0.816127	0.627124
19 rounds of non-Gaussian ED iteration : ground-state energy is -59.3293 | electron energy -59.5046 + phonon energy 0.175324 | electron momentum kIdx = 0
Nq = 	16	0.149302	0.221052	0.149302	0.149302	0.221052	0.298214	0.221052	0.221052	0.298214	0.361423	0.298214	0.149302	0.221052	0.298214	0.221052
Sq = 	-9.97945e-19	0.428014	0.627126	0.428014	0.428014	0.627126	0.816143	0.627126	0.627126	0.816143	3.78282	0.816143	0.428014	0.627126	0.816143	0.627126
Ground state is obtained after 20 iterations. The current ground-state energy is -59.33, in which electron energy is -59.5052 and phonon energy is 0.175147
final variational state is: 
Gamma_x =       1 1.10987 1.15192 1.10987 1.10987 1.15192 1.20419 1.15192 1.15192 1.20419 1.24461 1.20419 1.10987 1.15192 1.20419 1.15192
lambda_q =  1.21815 0.451326 0.379089 0.451326 0.451326 0.379089 0.363144 0.379089 0.379089 0.363144 0.347391 0.363144 0.451326 0.379089 0.363144 0.379089
o___o  -------------------------------------
| L |	Time since last clock: 1h 43m 23.801s
A===A	Time since the beginning: 3h 49m 31.803s
********************************************

************************************************************************************
Warm up completed
o___o  -------------------------------------
| L |	Time since last clock: 0h 0m 0.027s
A===A	Time since the beginning: 3h 49m 31.831s
********************************************

************************************************************************************
0 rounds of non-Gaussian ED iteration : ground-state energy is -53.9114 | electron energy -53.999 + phonon energy 0.0875735 | electron momentum kIdx = 0
Nq = 	16	0.119196	0.186975	0.119196	0.119196	0.186975	0.252528	0.186975	0.186975	0.252528	0.310369	0.252528	0.119196	0.186975	0.252528	0.186975
Sq = 	1.76568e-18	0.427022	0.631908	0.427022	0.427022	0.631908	0.84958	0.631908	0.631908	0.84958	4.18303	0.84958	0.427022	0.631908	0.84958	0.631908
1 rounds of non-Gaussian ED iteration : ground-state energy is -54.7988 | electron energy -54.9076 + phonon energy 0.108815 | electron momentum kIdx = 0
Nq = 	16	0.115648	0.182664	0.115648	0.115648	0.182664	0.246744	0.182664	0.182664	0.246744	0.303722	0.246744	0.115648	0.182664	0.246744	0.182664
Sq = 	9.9994e-19	0.426692	0.63246	0.426692	0.426692	0.63246	0.853976	0.63246	0.63246	0.853976	4.23329	0.853976	0.426692	0.63246	0.853976	0.63246
2 rounds of non-Gaussian ED iteration : ground-state energy is -55.4622 | electron energy -55.5786 + phonon energy 0.116362 | electron momentum kIdx = 0
Nq = 	16	0.113256	0.179788	0.113256	0.113256	0.179788	0.243013	0.179788	0.179788	0.243013	0.299549	0.243013	0.113256	0.179788	0.243013	0.179788
Sq = 	2.21786e-18	0.42641	0.632776	0.42641	0.42641	0.632776	0.85692	0.632776	0.632776	0.85692	4.26667	0.85692	0.42641	0.632776	0.85692	0.632776
3 rounds of non-Gaussian ED iteration : ground-state energy is -55.9873 | electron energy -56.1042 + phonon energy 0.116923 | electron momentum kIdx = 0
Nq = 	16	0.111744	0.177989	0.111744	0.111744	0.177989	0.240722	0.177989	0.177989	0.240722	0.297021	0.240722	0.111744	0.177989	0.240722	0.177989
Sq = 	2.12378e-18	0.426208	0.632953	0.426208	0.426208	0.632953	0.858772	0.632953	0.632953	0.858772	4.28755	0.858772	0.426208	0.632953	0.858772	0.632953
4 rounds of non-Gaussian ED iteration : ground-state energy is -56.412 | electron energy -56.5263 + phonon energy 0.114362 | electron momentum kIdx = 0
Nq = 	16	0.110792	0.176867	0.110792	0.110792	0.176867	0.239305	0.176867	0.176867	0.239305	0.295463	0.239305	0.110792	0.176867	0.239305	0.176867
Sq = 	9.56893e-19	0.426071	0.633056	0.426071	0.426071	0.633056	0.859934	0.633056	0.633056	0.859934	4.30059	0.859934	0.426071	0.633056	0.859934	0.633056
5 rounds of non-Gaussian ED iteration : ground-state energy is -56.758 | electron energy -56.8687 + phonon energy 0.110645 | electron momentum kIdx = 0
Nq = 	16	0.110177	0.176146	0.110177	0.110177	0.176146	0.238397	0.176146	0.176146	0.238397	0.294462	0.238397	0.110177	0.176146	0.238397	0.176146
Sq = 	2.56541e-18	0.425981	0.633121	0.425981	0.425981	0.633121	0.860683	0.633121	0.633121	0.860683	4.30898	0.860683	0.425981	0.633121	0.860683	0.633121
6 rounds of non-Gaussian ED iteration : ground-state energy is -57.0409 | electron energy -57.1476 + phonon energy 0.106708 | electron momentum kIdx = 0
Nq = 	16	0.109765	0.175663	0.109765	0.109765	0.175663	0.237785	0.175663	0.175663	0.237785	0.293782	0.237785	0.109765	0.175663	0.237785	0.175663
Sq = 	3.11072e-19	0.42592	0.633165	0.42592	0.42592	0.633165	0.861188	0.633165	0.633165	0.861188	4.31462	0.861188	0.42592	0.633165	0.861188	0.633165
7 rounds of non-Gaussian ED iteration : ground-state energy is -57.2723 | electron energy -57.3752 + phonon energy 0.102967 | electron momentum kIdx = 0
Nq = 	16	0.109475	0.175323	0.109475	0.109475	0.175323	0.237349	0.175323	0.175323	0.237349	0.293294	0.237349	0.109475	0.175323	0.237349	0.175323
Sq = 	1.44886e-18	0.425877	0.633197	0.425877	0.425877	0.633197	0.861545	0.633197	0.633197	0.861545	4.3186	0.861545	0.425877	0.633197	0.861545	0.633197
8 rounds of non-Gaussian ED iteration : ground-state energy is -57.4616 | electron energy -57.5612 + phonon energy 0.0995831 | electron momentum kIdx = 0
Nq = 	16	0.109262	0.175071	0.109262	0.109262	0.175071	0.237024	0.175071	0.175071	0.237024	0.292926	0.237024	0.109262	0.175071	0.237024	0.175071
Sq = 	1.39219e-18	0.425846	0.633222	0.425846	0.425846	0.633222	0.86181	0.633222	0.633222	0.86181	4.32155	0.86181	0.425846	0.633222	0.86181	0.633222
9 rounds of non-Gaussian ED iteration : ground-state energy is -57.6166 | electron energy -57.7132 + phonon energy 0.0965986 | electron momentum kIdx = 0
Nq = 	16	0.109099	0.174876	0.109099	0.109099	0.174876	0.23677	0.174876	0.174876	0.23677	0.292636	0.23677	0.109099	0.174876	0.23677	0.174876
Sq = 	-2.81158e-20	0.425823	0.633242	0.425823	0.425823	0.633242	0.862014	0.633242	0.633242	0.862014	4.32383	0.862014	0.425823	0.633242	0.862014	0.633242
10 rounds of non-Gaussian ED iteration : ground-state energy is -57.7435 | electron energy -57.8375 + phonon energy 0.0940015 | electron momentum kIdx = 0
Nq = 	16	0.10897	0.174721	0.10897	0.10897	0.174721	0.236566	0.174721	0.174721	0.236566	0.292402	0.236566	0.10897	0.174721	0.236566	0.174721
Sq = 	-7.11443e-19	0.425805	0.633259	0.425805	0.425805	0.633259	0.862178	0.633259	0.633259	0.862178	4.32564	0.862178	0.425805	0.633259	0.862178	0.633259
11 rounds of non-Gaussian ED iteration : ground-state energy is -57.8473 | electron energy -57.9391 + phonon energy 0.0917577 | electron momentum kIdx = 0
Nq = 	16	0.108865	0.174594	0.108865	0.108865	0.174594	0.236398	0.174594	0.174594	0.236398	0.292208	0.236398	0.108865	0.174594	0.236398	0.174594
Sq = 	2.42121e-18	0.425791	0.633273	0.425791	0.425791	0.633273	0.862312	0.633273	0.633273	0.862312	4.32713	0.862312	0.425791	0.633273	0.862312	0.633273
12 rounds of non-Gaussian ED iteration : ground-state energy is -57.9324 | electron energy -58.0222 + phonon energy 0.0898264 | electron momentum kIdx = 0
Nq = 	16	0.108779	0.174488	0.108779	0.108779	0.174488	0.236258	0.174488	0.174488	0.236258	0.292045	0.236258	0.108779	0.174488	0.236258	0.174488
Sq = 	-2.10443e-18	0.425779	0.633285	0.425779	0.425779	0.633285	0.862423	0.633285	0.633285	0.862423	4.32836	0.862423	0.425779	0.633285	0.862423	0.633285
13 rounds of non-Gaussian ED iteration : ground-state energy is -58.002 | electron energy -58.0901 + phonon energy 0.0881671 | electron momentum kIdx = 0
Nq = 	16	0.108706	0.174399	0.108706	0.108706	0.174399	0.236139	0.174399	0.174399	0.236139	0.291907	0.236139	0.108706	0.174399	0.236139	0.174399
Sq = 	-2.6217e-18	0.425769	0.633295	0.425769	0.425769	0.633295	0.862517	0.633295	0.633295	0.862517	4.3294	0.862517	0.425769	0.633295	0.862517	0.633295
14 rounds of non-Gaussian ED iteration : ground-state energy is -58.0589 | electron energy -58.1457 + phonon energy 0.0867428 | electron momentum kIdx = 0
Nq = 	16	0.108645	0.174324	0.108645	0.108645	0.174324	0.236038	0.174324	0.174324	0.236038	0.291789	0.236038	0.108645	0.174324	0.236038	0.174324
Sq = 	5.4362e-19	0.425761	0.633304	0.425761	0.425761	0.633304	0.862597	0.633304	0.633304	0.862597	4.33028	0.862597	0.425761	0.633304	0.862597	0.633304
15 rounds of non-Gaussian ED iteration : ground-state energy is -58.1056 | electron energy -58.1911 + phonon energy 0.0855202 | electron momentum kIdx = 0
Nq = 	16	0.108592	0.17426	0.108592	0.108592	0.17426	0.235952	0.17426	0.17426	0.235952	0.291688	0.235952	0.108592	0.17426	0.235952	0.17426
Sq = 	-2.61934e-18	0.425754	0.633312	0.425754	0.425754	0.633312	0.862665	0.633312	0.633312	0.862665	4.33103	0.862665	0.425754	0.633312	0.862665	0.633312
16 rounds of non-Gaussian ED iteration : ground-state energy is -58.1437 | electron energy -58.2282 + phonon energy 0.0844706 | electron momentum kIdx = 0
Nq = 	16	0.108548	0.174205	0.108548	0.108548	0.174205	0.235878	0.174205	0.174205	0.235878	0.291602	0.235878	0.108548	0.174205	0.235878	0.174205
Sq = 	2.09259e-18	0.425748	0.633319	0.425748	0.425748	0.633319	0.862723	0.633319	0.633319	0.862723	4.33167	0.862723	0.425748	0.633319	0.862723	0.633319
17 rounds of non-Gaussian ED iteration : ground-state energy is -58.175 | electron energy -58.2586 + phonon energy 0.0835693 | electron momentum kIdx = 0
Nq = 	16	0.10851	0.174157	0.10851	0.10851	0.174157	0.235815	0.174157	0.174157	0.235815	0.291527	0.235815	0.10851	0.174157	0.235815	0.174157
Sq = 	1.9456e-18	0.425743	0.633325	0.425743	0.425743	0.633325	0.862773	0.633325	0.633325	0.862773	4.33222	0.862773	0.425743	0.633325	0.862773	0.633325
18 rounds of non-Gaussian ED iteration : ground-state energy is -58.2006 | electron energy -58.2834 + phonon energy 0.0827949 | electron momentum kIdx = 0
Nq = 	16	0.108477	0.174117	0.108477	0.108477	0.174117	0.23576	0.174117	0.174117	0.23576	0.291463	0.23576	0.108477	0.174117	0.23576	0.174117
Sq = 	-1.51886e-18	0.425739	0.63333	0.425739	0.425739	0.63333	0.862816	0.63333	0.63333	0.862816	4.33269	0.862816	0.425739	0.63333	0.862816	0.63333
19 rounds of non-Gaussian ED iteration : ground-state energy is -58.2215 | electron energy -58.3037 + phonon energy 0.0821293 | electron momentum kIdx = 0
Nq = 	16	0.108449	0.174082	0.108449	0.108449	0.174082	0.235713	0.174082	0.174082	0.235713	0.291408	0.235713	0.108449	0.174082	0.235713	0.174082
Sq = 	-2.75082e-18	0.425735	0.633334	0.425735	0.425735	0.633334	0.862852	0.633334	0.633334	0.862852	4.3331	0.862852	0.425735	0.633334	0.862852	0.633334
20 rounds of non-Gaussian ED iteration : ground-state energy is -58.2387 | electron energy -58.3202 + phonon energy 0.0815569 | electron momentum kIdx = 0
Nq = 	16	0.108425	0.174052	0.108425	0.108425	0.174052	0.235673	0.174052	0.174052	0.235673	0.29136	0.235673	0.108425	0.174052	0.235673	0.174052
Sq = 	-2.31798e-18	0.425732	0.633338	0.425732	0.425732	0.633338	0.862884	0.633338	0.633338	0.862884	4.33345	0.862884	0.425732	0.633338	0.862884	0.633338
21 rounds of non-Gaussian ED iteration : ground-state energy is -58.2527 | electron energy -58.3338 + phonon energy 0.0810645 | electron momentum kIdx = 0
Nq = 	16	0.108404	0.174026	0.108404	0.108404	0.174026	0.235638	0.174026	0.174026	0.235638	0.291319	0.235638	0.108404	0.174026	0.235638	0.174026
Sq = 	3.0435e-18	0.425729	0.633341	0.425729	0.425729	0.633341	0.862911	0.633341	0.633341	0.862911	4.33375	0.862911	0.425729	0.633341	0.862911	0.633341
22 rounds of non-Gaussian ED iteration : ground-state energy is -58.2642 | electron energy -58.3449 + phonon energy 0.0806408 | electron momentum kIdx = 0
Nq = 	16	0.108386	0.174004	0.108386	0.108386	0.174004	0.235608	0.174004	0.174004	0.235608	0.291283	0.235608	0.108386	0.174004	0.235608	0.174004
Sq = 	-7.61607e-19	0.425727	0.633344	0.425727	0.425727	0.633344	0.862935	0.633344	0.633344	0.862935	4.33401	0.862935	0.425727	0.633344	0.862935	0.633344
23 rounds of non-Gaussian ED iteration : ground-state energy is -58.2736 | electron energy -58.3539 + phonon energy 0.080276 | electron momentum kIdx = 0
Nq = 	16	0.108371	0.173985	0.108371	0.108371	0.173985	0.235582	0.173985	0.173985	0.235582	0.291252	0.235582	0.108371	0.173985	0.235582	0.173985
Sq = 	-1.10217e-20	0.425725	0.633346	0.425725	0.425725	0.633346	0.862955	0.633346	0.633346	0.862955	4.33423	0.862955	0.425725	0.633346	0.862955	0.633346
24 rounds of non-Gaussian ED iteration : ground-state energy is -58.2813 | electron energy -58.3613 + phonon energy 0.0799618 | electron momentum kIdx = 0
Nq = 	16	0.108357	0.173969	0.108357	0.108357	0.173969	0.23556	0.173969	0.173969	0.23556	0.291226	0.23556	0.108357	0.173969	0.23556	0.173969
Sq = 	2.43301e-18	0.425723	0.633348	0.425723	0.425723	0.633348	0.862973	0.633348	0.633348	0.862973	4.33442	0.862973	0.425723	0.633348	0.862973	0.633348
25 rounds of non-Gaussian ED iteration : ground-state energy is -58.2876 | electron energy -58.3673 + phonon energy 0.0796912 | electron momentum kIdx = 0
Nq = 	16	0.108346	0.173954	0.108346	0.108346	0.173954	0.23554	0.173954	0.173954	0.23554	0.291203	0.23554	0.108346	0.173954	0.23554	0.173954
Sq = 	1.46483e-18	0.425722	0.63335	0.425722	0.425722	0.63335	0.862988	0.63335	0.63335	0.862988	4.33459	0.862988	0.425722	0.63335	0.862988	0.63335
26 rounds of non-Gaussian ED iteration : ground-state energy is -58.2928 | electron energy -58.3723 + phonon energy 0.0794581 | electron momentum kIdx = 0
Nq = 	16	0.108336	0.173942	0.108336	0.108336	0.173942	0.235524	0.173942	0.173942	0.235524	0.291183	0.235524	0.108336	0.173942	0.235524	0.173942
Sq = 	-1.1879e-18	0.42572	0.633352	0.42572	0.42572	0.633352	0.863001	0.633352	0.633352	0.863001	4.33473	0.863001	0.42572	0.633352	0.863001	0.633352
27 rounds of non-Gaussian ED iteration : ground-state energy is -58.297 | electron energy -58.3763 + phonon energy 0.0792572 | electron momentum kIdx = 0
Nq = 	16	0.108328	0.173932	0.108328	0.108328	0.173932	0.235509	0.173932	0.173932	0.235509	0.291166	0.235509	0.108328	0.173932	0.235509	0.173932
Sq = 	1.20196e-19	0.425719	0.633353	0.425719	0.425719	0.633353	0.863012	0.633353	0.633353	0.863012	4.33485	0.863012	0.425719	0.633353	0.863012	0.633353
28 rounds of non-Gaussian ED iteration : ground-state energy is -58.3005 | electron energy -58.3796 + phonon energy 0.079084 | electron momentum kIdx = 0
Nq = 	16	0.10832	0.173923	0.10832	0.10832	0.173923	0.235497	0.173923	0.173923	0.235497	0.291151	0.235497	0.10832	0.173923	0.235497	0.173923
Sq = 	1.57029e-18	0.425718	0.633354	0.425718	0.425718	0.633354	0.863021	0.633354	0.633354	0.863021	4.33496	0.863021	0.425718	0.633354	0.863021	0.633354
29 rounds of non-Gaussian ED iteration : ground-state energy is -58.3033 | electron energy -58.3823 + phonon energy 0.0789347 | electron momentum kIdx = 0
Nq = 	16	0.108314	0.173915	0.108314	0.108314	0.173915	0.235486	0.173915	0.173915	0.235486	0.291138	0.235486	0.108314	0.173915	0.235486	0.173915
Sq = 	-3.93681e-18	0.425718	0.633355	0.425718	0.425718	0.633355	0.86303	0.633355	0.633355	0.86303	4.33505	0.86303	0.425718	0.633355	0.86303	0.633355
30 rounds of non-Gaussian ED iteration : ground-state energy is -58.3057 | electron energy -58.3845 + phonon energy 0.078806 | electron momentum kIdx = 0
Nq = 	16	0.108309	0.173908	0.108309	0.108309	0.173908	0.235477	0.173908	0.173908	0.235477	0.291127	0.235477	0.108309	0.173908	0.235477	0.173908
Sq = 	2.12828e-19	0.425717	0.633356	0.425717	0.425717	0.633356	0.863037	0.633356	0.633356	0.863037	4.33513	0.863037	0.425717	0.633356	0.863037	0.633356
31 rounds of non-Gaussian ED iteration : ground-state energy is -58.3076 | electron energy -58.3862 + phonon energy 0.0786951 | electron momentum kIdx = 0
Nq = 	16	0.108304	0.173902	0.108304	0.108304	0.173902	0.235469	0.173902	0.173902	0.235469	0.291118	0.235469	0.108304	0.173902	0.235469	0.173902
Sq = 	-1.03799e-18	0.425716	0.633357	0.425716	0.425716	0.633357	0.863043	0.633357	0.633357	0.863043	4.3352	0.863043	0.425716	0.633357	0.863043	0.633357
32 rounds of non-Gaussian ED iteration : ground-state energy is -58.3091 | electron energy -58.3877 + phonon energy 0.0785993 | electron momentum kIdx = 0
Nq = 	16	0.1083	0.173897	0.1083	0.1083	0.173897	0.235463	0.173897	0.173897	0.235463	0.29111	0.235463	0.1083	0.173897	0.235463	0.173897
Sq = 	7.06197e-20	0.425716	0.633358	0.425716	0.425716	0.633358	0.863048	0.633358	0.633358	0.863048	4.33526	0.863048	0.425716	0.633358	0.863048	0.633358
33 rounds of non-Gaussian ED iteration : ground-state energy is -58.3104 | electron energy -58.3889 + phonon energy 0.0785168 | electron momentum kIdx = 0
Nq = 	16	0.108297	0.173893	0.108297	0.108297	0.173893	0.235457	0.173893	0.173893	0.235457	0.291102	0.235457	0.108297	0.173893	0.235457	0.173893
Sq = 	3.39646e-19	0.425715	0.633358	0.425715	0.425715	0.633358	0.863053	0.633358	0.633358	0.863053	4.33531	0.863053	0.425715	0.633358	0.863053	0.633358
34 rounds of non-Gaussian ED iteration : ground-state energy is -58.3114 | electron energy -58.3899 + phonon energy 0.0784456 | electron momentum kIdx = 0
Nq = 	16	0.108294	0.173889	0.108294	0.108294	0.173889	0.235452	0.173889	0.173889	0.235452	0.291096	0.235452	0.108294	0.173889	0.235452	0.173889
