SNEDics v3.2 diagonalization test program		Start at Thu May  2 01:29:14 2019

parallized on 80 MPI threads  * 6 OpenMP threads = 480 total threads.
************************************************************************************
************************************************************************************

Input file "model_params.in"
Hubbard-Holstein model parameters : 	t = 1    g = 2.2361    W = 1    
************************************************************************************
Input file "hilbertspace_params.in"

Cluster Positions:				Cluster symmetry group : D4
 x ... x ... x ... x .....                       x ... x ... x ... x .....
 |           |           :                       |           |           :
 |           |           :                       |           |           :
12    13    14    15     x                       1     5     6     5     x
 |           |           :                       |           |           :
 |           |           :                       |           |           :
 8 --- 9 ---10 ---11 --- x                       2 --- 6 ---10 --- 6 --- x
 |           |           :                       |           |           :
 |           |           :                       |           |           :
 4     5     6     7     x                       1     5     6     5     x
 |           |           :                       |           |           :
 |           |           :                       |           |           :
 0 --- 1 --- 2 --- 3 --- x                       0 --- 1 --- 2 --- 1 --- x
orbital number : 1
************************************************************************************
** NOTE ** Detected low phonon energy W < 10. The initial state will be prepared through a warm-up process.
starting warm-up calculation for scaling factor 16
0 rounds of non-Gaussian ED iteration : ground-state energy is -24 | electron energy -24 + phonon energy 0 | electron momentum kIdx = 0
Nq = 	16	0.35572	0.465227	0.35572	0.39428	0.487103	0.60572	0.507462	0.542672	0.64428	0.917633	0.64428	0.39428	0.507462	0.60572	0.487103
Sq = 	8.34467e-18	0.35572	0.425474	0.35572	0.39428	0.540027	0.60572	0.536794	0.565364	0.64428	0.940857	0.64428	0.39428	0.536794	0.60572	0.540027
effective band is asymmetric (tx,ty)=(0.851765,0.851545)
1 rounds of non-Gaussian ED iteration : ground-state energy is -156.257 | electron energy -156.285 + phonon energy 0.0282989 | electron momentum kIdx = 0
Nq = 	16	0.487124	0.706987	0.487124	0.492927	0.710349	0.986216	0.722443	0.732434	1.01284	4.67753	1.01284	0.492927	0.722443	0.986216	0.710349
Sq = 	9.93713e-20	0.0363733	0.0674464	0.0363733	0.0365918	0.0676599	0.0959758	0.0676625	0.0678738	0.0962024	0.123005	0.0962024	0.0365918	0.0676625	0.0959758	0.0676599
effective band is asymmetric (tx,ty)=(0.774969,0.774806)
2 rounds of non-Gaussian ED iteration : ground-state energy is -163.727 | electron energy -163.752 + phonon energy 0.025936 | electron momentum kIdx = 0
Nq = 	16	0.259684	0.443556	0.259684	0.260596	0.444395	0.684086	0.445152	0.446395	0.687967	8.7599	0.687967	0.260596	0.445152	0.684086	0.444395
Sq = 	-1.67612e-19	0.0263484	0.0499815	0.0263484	0.0263679	0.0500012	0.071987	0.0500012	0.0500208	0.0720078	0.0929642	0.0720078	0.0263679	0.0500012	0.071987	0.0500012
effective band is asymmetric (tx,ty)=(0.763987,0.763922)
3 rounds of non-Gaussian ED iteration : ground-state energy is -164.016 | electron energy -164.04 + phonon energy 0.023424 | electron momentum kIdx = 0
Nq = 	16	0.240445	0.417074	0.240445	0.240693	0.417326	0.65009	0.41746	0.417783	0.651087	9.17054	0.651087	0.240693	0.41746	0.65009	0.417326
Sq = 	-5.18362e-19	0.0254252	0.0483243	0.0254252	0.0254289	0.0483282	0.0696709	0.0483282	0.048332	0.0696751	0.0900292	0.0696751	0.0254289	0.0483282	0.0696709	0.0483282
effective band is asymmetric (tx,ty)=(0.762752,0.76273)
4 rounds of non-Gaussian ED iteration : ground-state energy is -164.027 | electron energy -164.05 + phonon energy 0.0231232 | electron momentum kIdx = 0
Nq = 	16	0.239577	0.416174	0.239577	0.239659	0.416261	0.650293	0.416292	0.416396	0.650607	9.18419	0.650607	0.239659	0.416292	0.650293	0.416261
Sq = 	-2.74986e-19	0.0253353	0.0481637	0.0253353	0.0253365	0.0481648	0.0694463	0.0481648	0.048166	0.0694475	0.0897451	0.0694475	0.0253365	0.0481648	0.0694463	0.0481648
effective band is asymmetric (tx,ty)=(0.762523,0.762516)
Ground state is obtained after 5 iterations. The current ground-state energy is -164.028, in which electron energy is -164.051 and phonon energy is 0.0231256
final variational state is: 
Gamma_x =       1 1.00855 1.01674 1.00855 1.00855 1.01674 1.02516 1.01674 1.01674 1.02517 1.03765 1.02517 1.00855 1.01674 1.02516 1.01674
lambda_q = 0.558837 0.525189 0.520683 0.525189 0.525203 0.520692 0.522353   0.5207 0.520714 0.522382 0.555172 0.522382 0.525203   0.5207 0.522353 0.520692
o___o  -------------------------------------
| L |	Time since last clock: 0h 25m 34.88s
A===A	Time since the beginning: 0h 25m 34.88s
********************************************

************************************************************************************
starting warm-up calculation for scaling factor 8
effective band is asymmetric (tx,ty)=(0.762523,0.762516)
0 rounds of non-Gaussian ED iteration : ground-state energy is -150.104 | electron energy -150.115 + phonon energy 0.0115628 | electron momentum kIdx = 0
Nq = 	16	0.0656117	0.124181	0.0656117	0.0656251	0.124193	0.183064	0.124194	0.124206	0.18308	13.4336	0.18308	0.0656251	0.124194	0.183064	0.124193
Sq = 	2.07339e-19	0.0279429	0.0526615	0.0279429	0.0279434	0.052662	0.075448	0.052662	0.0526625	0.0754485	0.0969284	0.0754485	0.0279434	0.052662	0.075448	0.052662
effective band is asymmetric (tx,ty)=(0.747715,0.747708)
1 rounds of non-Gaussian ED iteration : ground-state energy is -160.547 | electron energy -160.59 + phonon energy 0.0431893 | electron momentum kIdx = 0
Nq = 	16	0.024923	0.0490017	0.024923	0.0249237	0.0490024	0.0727529	0.0490024	0.0490032	0.0727537	14.713	0.0727537	0.0249237	0.0490024	0.0727529	0.0490024
Sq = 	1.95355e-19	0.0198856	0.0382076	0.0198856	0.0198856	0.0382076	0.0554234	0.0382076	0.0382076	0.0554233	0.0718077	0.0554233	0.0198856	0.0382076	0.0554234	0.0382076
effective band is asymmetric (tx,ty)=(0.81747,0.817468)
2 rounds of non-Gaussian ED iteration : ground-state energy is -162.907 | electron energy -162.944 + phonon energy 0.03692 | electron momentum kIdx = 0
Nq = 	16	0.0189426	0.0373467	0.0189426	0.0189427	0.0373468	0.0554534	0.0373468	0.0373469	0.0554535	14.9277	0.0554535	0.0189427	0.0373468	0.0554534	0.0373468
Sq = 	-7.14662e-20	0.0179695	0.0348293	0.0179695	0.0179696	0.0348294	0.0508788	0.0348294	0.0348294	0.0508788	0.0663091	0.0508788	0.0179696	0.0348294	0.0508788	0.0348294
3 rounds of non-Gaussian ED iteration : ground-state energy is -163.37 | electron energy -163.402 + phonon energy 0.0324823 | electron momentum kIdx = 0
Nq = 	16	0.0172431	0.033983	0.0172431	0.0172432	0.033983	0.0504059	0.033983	0.0339831	0.0504059	15.0085	0.0504059	0.0172432	0.033983	0.0504059	0.033983
Sq = 	-5.07724e-21	0.0167735	0.0326482	0.0167735	0.0167736	0.0326482	0.0478575	0.0326482	0.0326482	0.0478576	0.0625555	0.0478576	0.0167736	0.0326482	0.0478575	0.0326482
4 rounds of non-Gaussian ED iteration : ground-state energy is -163.451 | electron energy -163.482 + phonon energy 0.0309539 | electron momentum kIdx = 0
Nq = 	16	0.0166824	0.0328754	0.0166824	0.0166824	0.0328754	0.0487489	0.0328754	0.0328754	0.0487489	15.0373	0.0487489	0.0166824	0.0328754	0.0487489	0.0328754
Sq = 	4.18502e-19	0.0163134	0.0317961	0.0163134	0.0163134	0.0317961	0.0466607	0.0317961	0.0317961	0.0466607	0.061049	0.0466607	0.0163134	0.0317961	0.0466607	0.0317961
5 rounds of non-Gaussian ED iteration : ground-state energy is -163.466 | electron energy -163.496 + phonon energy 0.0305094 | electron momentum kIdx = 0
Nq = 	16	0.0165032	0.0325218	0.0165032	0.0165032	0.0325218	0.0482207	0.0325218	0.0325218	0.0482207	15.0467	0.0482207	0.0165032	0.0325218	0.0482207	0.0325218
Sq = 	-2.85704e-19	0.016161	0.0315126	0.016161	0.016161	0.0315126	0.0462607	0.0315126	0.0315126	0.0462607	0.0605435	0.0462607	0.016161	0.0315126	0.0462607	0.0315126
6 rounds of non-Gaussian ED iteration : ground-state energy is -163.469 | electron energy -163.499 + phonon energy 0.0304087 | electron momentum kIdx = 0
Nq = 	16	0.0164457	0.0324085	0.0164457	0.0164457	0.0324085	0.0480517	0.0324085	0.0324085	0.0480517	15.0497	0.0480517	0.0164457	0.0324085	0.0480517	0.0324085
Sq = 	5.70754e-19	0.0161115	0.0314203	0.0161115	0.0161115	0.0314203	0.0461303	0.0314203	0.0314203	0.0461303	0.0603784	0.0461303	0.0161115	0.0314203	0.0461303	0.0314203
Ground state is obtained after 7 iterations. The current ground-state energy is -163.469, in which electron energy is -163.5 and phonon energy is 0.0304008
final variational state is: 
Gamma_x =       1 1.00489 1.00964 1.00489 1.00489 1.00964  1.0143 1.00964 1.00964  1.0143 1.12432  1.0143 1.00489 1.00964  1.0143 1.00964
lambda_q = 0.789724 0.301656 0.299782 0.301656 0.301656 0.299782 0.298485 0.299782 0.299782 0.298485 0.785142 0.298485 0.301656 0.299782 0.298485 0.299782
o___o  -------------------------------------
| L |	Time since last clock: 0h 33m 53.904s
A===A	Time since the beginning: 0h 59m 28.784s
********************************************

************************************************************************************
starting warm-up calculation for scaling factor 4
0 rounds of non-Gaussian ED iteration : ground-state energy is -149.58 | electron energy -149.595 + phonon energy 0.0152004 | electron momentum kIdx = 0
Nq = 	16	0.0170831	0.0335831	0.0170831	0.0170831	0.0335831	0.0496922	0.0335831	0.0335831	0.0496922	15.0101	0.0496922	0.0170831	0.0335831	0.0496922	0.0335831
Sq = 	-9.13551e-20	0.0168621	0.032888	0.0168621	0.0168621	0.032888	0.0483056	0.032888	0.032888	0.0483056	0.0632642	0.0483056	0.0168621	0.032888	0.0483056	0.032888
1 rounds of non-Gaussian ED iteration : ground-state energy is -157.244 | electron energy -157.288 + phonon energy 0.043992 | electron momentum kIdx = 0
Nq = 	16	0.0140618	0.0277181	0.0140618	0.0140618	0.0277181	0.0410787	0.0277181	0.0277181	0.0410787	15.179	0.0410787	0.0140618	0.0277181	0.0410787	0.0277181
Sq = 	2.33776e-19	0.0139487	0.0273472	0.0139487	0.0139487	0.0273472	0.0403243	0.0273472	0.0273472	0.0403243	0.0529711	0.0403243	0.0139487	0.0273472	0.0403243	0.0273472
2 rounds of non-Gaussian ED iteration : ground-state energy is -160.537 | electron energy -160.602 + phonon energy 0.0650889 | electron momentum kIdx = 0
Nq = 	16	0.0128102	0.025278	0.0128102	0.0128102	0.025278	0.0374882	0.025278	0.025278	0.0374882	15.2498	0.0374882	0.0128102	0.025278	0.0374882	0.025278
Sq = 	1.31544e-19	0.0127313	0.0250134	0.0127313	0.0127313	0.0250134	0.036944	0.0250134	0.0250134	0.036944	0.0485946	0.036944	0.0127313	0.0250134	0.036944	0.0250134
3 rounds of non-Gaussian ED iteration : ground-state energy is -161.901 | electron energy -161.98 + phonon energy 0.0792055 | electron momentum kIdx = 0
Nq = 	16	0.012268	0.0242195	0.012268	0.012268	0.0242195	0.0359296	0.0242195	0.0242195	0.0359296	15.2806	0.0359296	0.012268	0.0242195	0.0359296	0.0242195
Sq = 	1.83887e-19	0.0122015	0.0239941	0.0122015	0.0122015	0.0239941	0.0354638	0.0239941	0.0239941	0.0354638	0.0466744	0.0354638	0.0122015	0.0239941	0.0354638	0.0239941
4 rounds of non-Gaussian ED iteration : ground-state energy is -162.459 | electron energy -162.548 + phonon energy 0.0885207 | electron momentum kIdx = 0
Nq = 	16	0.0120238	0.0237425	0.0120238	0.0120238	0.0237425	0.0352272	0.0237425	0.0237425	0.0352272	15.2945	0.0352272	0.0120238	0.0237425	0.0352272	0.0237425
Sq = 	-5.66249e-20	0.0119622	0.0235329	0.0119622	0.0119622	0.0235329	0.0347933	0.0235329	0.0235329	0.0347933	0.0458036	0.0347933	0.0119622	0.0235329	0.0347933	0.0235329
5 rounds of non-Gaussian ED iteration : ground-state energy is -162.689 | electron energy -162.783 + phonon energy 0.0945611 | electron momentum kIdx = 0
Nq = 	16	0.0119089	0.0235183	0.0119089	0.0119089	0.0235183	0.0348969	0.0235183	0.0235183	0.0348969	15.3011	0.0348969	0.0119089	0.0235183	0.0348969	0.0235183
Sq = 	1.73112e-19	0.0118495	0.0233155	0.0118495	0.0118495	0.0233155	0.0344769	0.0233155	0.0233155	0.0344769	0.0453925	0.0344769	0.0118495	0.0233155	0.0344769	0.0233155
6 rounds of non-Gaussian ED iteration : ground-state energy is -162.784 | electron energy -162.882 + phonon energy 0.098388 | electron momentum kIdx = 0
Nq = 	16	0.0118525	0.023408	0.0118525	0.0118525	0.023408	0.0347346	0.023408	0.023408	0.0347346	15.3043	0.0347346	0.0118525	0.023408	0.0347346	0.023408
Sq = 	2.39266e-19	0.011794	0.0232084	0.011794	0.011794	0.0232084	0.034321	0.0232084	0.0232084	0.034321	0.0451898	0.034321	0.011794	0.0232084	0.034321	0.0232084
7 rounds of non-Gaussian ED iteration : ground-state energy is -162.824 | electron energy -162.925 + phonon energy 0.100757 | electron momentum kIdx = 0
Nq = 	16	0.0118235	0.0233515	0.0118235	0.0118235	0.0233515	0.0346515	0.0233515	0.0233515	0.0346515	15.306	0.0346515	0.0118235	0.0233515	0.0346515	0.0233515
Sq = 	1.33082e-19	0.0117655	0.0231534	0.0117655	0.0117655	0.0231534	0.0342409	0.0231534	0.0231534	0.0342409	0.0450857	0.0342409	0.0117655	0.0231534	0.0342409	0.0231534
8 rounds of non-Gaussian ED iteration : ground-state energy is -162.841 | electron energy -162.943 + phonon energy 0.102197 | electron momentum kIdx = 0
Nq = 	16	0.0118082	0.0233216	0.0118082	0.0118082	0.0233216	0.0346074	0.0233216	0.0233216	0.0346074	15.3068	0.0346074	0.0118082	0.0233216	0.0346074	0.0233216
Sq = 	2.47187e-20	0.0117504	0.0231242	0.0117504	0.0117504	0.0231242	0.0341984	0.0231242	0.0231242	0.0341984	0.0450304	0.0341984	0.0117504	0.0231242	0.0341984	0.0231242
9 rounds of non-Gaussian ED iteration : ground-state energy is -162.848 | electron energy -162.951 + phonon energy 0.103058 | electron momentum kIdx = 0
Nq = 	16	0.0117998	0.0233053	0.0117998	0.0117998	0.0233053	0.0345835	0.0233053	0.0233053	0.0345835	15.3073	0.0345835	0.0117998	0.0233053	0.0345835	0.0233053
Sq = 	-8.2552e-20	0.0117422	0.0231083	0.0117422	0.0117422	0.0231083	0.0341753	0.0231083	0.0231083	0.0341753	0.0450003	0.0341753	0.0117422	0.0231083	0.0341753	0.0231083
10 rounds of non-Gaussian ED iteration : ground-state energy is -162.851 | electron energy -162.955 + phonon energy 0.103567 | electron momentum kIdx = 0
Nq = 	16	0.0117952	0.0232963	0.0117952	0.0117952	0.0232963	0.0345701	0.0232963	0.0232963	0.0345701	15.3076	0.0345701	0.0117952	0.0232963	0.0345701	0.0232963
Sq = 	-1.80886e-19	0.0117376	0.0230995	0.0117376	0.0117376	0.0230995	0.0341624	0.0230995	0.0230995	0.0341624	0.0449836	0.0341624	0.0117376	0.0230995	0.0341624	0.0230995
11 rounds of non-Gaussian ED iteration : ground-state energy is -162.853 | electron energy -162.956 + phonon energy 0.103867 | electron momentum kIdx = 0
Nq = 	16	0.0117926	0.0232912	0.0117926	0.0117926	0.0232912	0.0345627	0.0232912	0.0232912	0.0345627	15.3077	0.0345627	0.0117926	0.0232912	0.0345627	0.0232912
Sq = 	4.21497e-19	0.011735	0.0230946	0.011735	0.011735	0.0230946	0.0341552	0.0230946	0.0230946	0.0341552	0.0449742	0.0341552	0.011735	0.0230946	0.0341552	0.0230946
Ground state is obtained after 12 iterations. The current ground-state energy is -162.853, in which electron energy is -162.957 and phonon energy is 0.104042
final variational state is: 
Gamma_x =       1 1.00485 1.00956 1.00485 1.00485 1.00956 1.01416 1.00956 1.00956 1.01416 1.37572 1.01416 1.00485 1.00956 1.01416 1.00956
lambda_q =  1.11535 0.231073 0.229634 0.231073 0.231073 0.229634 0.228502 0.229634 0.229634 0.228502  1.10794 0.228502 0.231073 0.229634 0.228502 0.229634
o___o  -------------------------------------
| L |	Time since last clock: 0h 55m 26.146s
A===A	Time since the beginning: 1h 54m 54.93s
********************************************

************************************************************************************
starting warm-up calculation for scaling factor 2
0 rounds of non-Gaussian ED iteration : ground-state energy is -148.959 | electron energy -149.011 + phonon energy 0.0520208 | electron momentum kIdx = 0
Nq = 	16	0.0130593	0.0257384	0.0130593	0.0130593	0.0257384	0.0381311	0.0257384	0.0257384	0.0381311	15.2346	0.0381311	0.0130593	0.0257384	0.0381311	0.0257384
Sq = 	2.67304e-19	0.0130098	0.0255656	0.0130098	0.0130098	0.0255656	0.0377709	0.0255656	0.0255656	0.0377709	0.0497004	0.0377709	0.0130098	0.0255656	0.0377709	0.0255656
1 rounds of non-Gaussian ED iteration : ground-state energy is -154.093 | electron energy -154.195 + phonon energy 0.10198 | electron momentum kIdx = 0
Nq = 	16	0.0115158	0.0227316	0.0115158	0.0115158	0.0227316	0.0337129	0.0227316	0.0227316	0.0337129	15.3229	0.0337129	0.0115158	0.0227316	0.0337129	0.0227316
Sq = 	-8.26762e-20	0.0114861	0.0226261	0.0114861	0.0114861	0.0226261	0.0334913	0.0226261	0.0226261	0.0334913	0.0441351	0.0334913	0.0114861	0.0226261	0.0334913	0.0226261
2 rounds of non-Gaussian ED iteration : ground-state energy is -157.342 | electron energy -157.487 + phonon energy 0.144257 | electron momentum kIdx = 0
Nq = 	16	0.0106574	0.0210568	0.0106574	0.0106574	0.0210568	0.0312506	0.0210568	0.0210568	0.0312506	15.3723	0.0312506	0.0106574	0.0210568	0.0312506	0.0210568
Sq = 	3.27908e-19	0.0106352	0.0209767	0.0106352	0.0106352	0.0209767	0.0310812	0.0209767	0.0209767	0.0310812	0.0409922	0.0310812	0.0106352	0.0209767	0.0310812	0.0209767
3 rounds of non-Gaussian ED iteration : ground-state energy is -159.315 | electron energy -159.492 + phonon energy 0.177268 | electron momentum kIdx = 0
Nq = 	16	0.0101754	0.0201152	0.0101754	0.0101754	0.0201152	0.0298654	0.0201152	0.0201152	0.0298654	15.4001	0.0298654	0.0101754	0.0201152	0.0298654	0.0201152
Sq = 	-2.3217e-20	0.0101565	0.0200465	0.0101565	0.0101565	0.0200465	0.0297197	0.0200465	0.0200465	0.0297197	0.0392142	0.0297197	0.0101565	0.0200465	0.0297197	0.0200465
4 rounds of non-Gaussian ED iteration : ground-state energy is -160.492 | electron energy -160.695 + phonon energy 0.20221 | electron momentum kIdx = 0
Nq = 	16	0.00990249	0.0195817	0.00990249	0.00990249	0.0195817	0.0290801	0.0195817	0.0195817	0.0290801	15.4159	0.0290801	0.00990249	0.0195817	0.0290801	0.0195817
Sq = 	-1.66562e-19	0.00988513	0.0195187	0.00988513	0.00988513	0.0195187	0.0289463	0.0195187	0.0195187	0.0289463	0.0382034	0.0289463	0.00988513	0.0195187	0.0289463	0.0195187
5 rounds of non-Gaussian ED iteration : ground-state energy is -161.196 | electron energy -161.416 + phonon energy 0.220692 | electron momentum kIdx = 0
Nq = 	16	0.00974658	0.0192768	0.00974658	0.00974658	0.0192768	0.0286313	0.0192768	0.0192768	0.0286313	15.425	0.0286313	0.00974658	0.0192768	0.0286313	0.0192768
Sq = 	-1.40001e-20	0.00973009	0.0192168	0.00973009	0.00973009	0.0192168	0.0285037	0.0192168	0.0192168	0.0285037	0.0376248	0.0285037	0.00973009	0.0192168	0.0285037	0.0192168
6 rounds of non-Gaussian ED iteration : ground-state energy is -161.621 | electron energy -161.855 + phonon energy 0.234172 | electron momentum kIdx = 0
Nq = 	16	0.0096565	0.0191006	0.0096565	0.0096565	0.0191006	0.0283719	0.0191006	0.0191006	0.0283719	15.4302	0.0283719	0.0096565	0.0191006	0.0283719	0.0191006
Sq = 	-1.26603e-19	0.00964047	0.0190423	0.00964047	0.00964047	0.0190423	0.0282477	0.0190423	0.0190423	0.0282477	0.0372901	0.0282477	0.00964047	0.0190423	0.0282477	0.0190423
7 rounds of non-Gaussian ED iteration : ground-state energy is -161.882 | electron energy -162.126 + phonon energy 0.24386 | electron momentum kIdx = 0
Nq = 	16	0.00960368	0.0189973	0.00960368	0.00960368	0.0189973	0.0282197	0.0189973	0.0189973	0.0282197	15.4332	0.0282197	0.00960368	0.0189973	0.0282197	0.0189973
Sq = 	3.23993e-20	0.00958791	0.0189399	0.00958791	0.00958791	0.0189399	0.0280975	0.0189399	0.0189399	0.0280975	0.0370936	0.0280975	0.00958791	0.0189399	0.0280975	0.0189399
8 rounds of non-Gaussian ED iteration : ground-state energy is -162.047 | electron energy -162.297 + phonon energy 0.250728 | electron momentum kIdx = 0
Nq = 	16	0.00957217	0.0189357	0.00957217	0.00957217	0.0189357	0.0281289	0.0189357	0.0189357	0.0281289	15.4351	0.0281289	0.00957217	0.0189357	0.0281289	0.0189357
Sq = 	-1.56302e-19	0.00955655	0.0188788	0.00955655	0.00955655	0.0188788	0.0280079	0.0188788	0.0188788	0.0280079	0.0369763	0.0280079	0.00955655	0.0188788	0.0280079	0.0188788
9 rounds of non-Gaussian ED iteration : ground-state energy is -162.151 | electron energy -162.407 + phonon energy 0.255539 | electron momentum kIdx = 0
Nq = 	16	0.00955304	0.0188982	0.00955304	0.00955304	0.0188982	0.0280738	0.0188982	0.0188982	0.0280738	15.4362	0.0280738	0.00955304	0.0188982	0.0280738	0.0188982
Sq = 	8.16166e-20	0.00953751	0.0188417	0.00953751	0.00953751	0.0188417	0.0279534	0.0188417	0.0188417	0.0279534	0.0369051	0.0279534	0.00953751	0.0188417	0.0279534	0.0188417
10 rounds of non-Gaussian ED iteration : ground-state energy is -162.219 | electron energy -162.478 + phonon energy 0.258874 | electron momentum kIdx = 0
Nq = 	16	0.00954122	0.0188751	0.00954122	0.00954122	0.0188751	0.0280398	0.0188751	0.0188751	0.0280398	15.4369	0.0280398	0.00954122	0.0188751	0.0280398	0.0188751
Sq = 	-5.42524e-20	0.00952574	0.0188187	0.00952574	0.00952574	0.0188187	0.0279198	0.0188187	0.0188187	0.0279198	0.036861	0.0279198	0.00952574	0.0188187	0.0279198	0.0188187
11 rounds of non-Gaussian ED iteration : ground-state energy is -162.263 | electron energy -162.524 + phonon energy 0.261166 | electron momentum kIdx = 0
Nq = 	16	0.0095338	0.0188606	0.0095338	0.0095338	0.0188606	0.0280184	0.0188606	0.0188606	0.0280184	15.4373	0.0280184	0.0095338	0.0188606	0.0280184	0.0188606
Sq = 	-4.49715e-19	0.00951835	0.0188043	0.00951835	0.00951835	0.0188043	0.0278986	0.0188043	0.0188043	0.0278986	0.0368334	0.0278986	0.00951835	0.0188043	0.0278986	0.0188043
12 rounds of non-Gaussian ED iteration : ground-state energy is -162.292 | electron energy -162.555 + phonon energy 0.26273 | electron momentum kIdx = 0
Nq = 	16	0.00952908	0.0188514	0.00952908	0.00952908	0.0188514	0.0280048	0.0188514	0.0188514	0.0280048	15.4376	0.0280048	0.00952908	0.0188514	0.0280048	0.0188514
Sq = 	2.59693e-19	0.00951366	0.0187952	0.00951366	0.00951366	0.0187952	0.0278852	0.0187952	0.0187952	0.0278852	0.0368158	0.0278852	0.00951366	0.0187952	0.0278852	0.0187952
13 rounds of non-Gaussian ED iteration : ground-state energy is -162.311 | electron energy -162.575 + phonon energy 0.263792 | electron momentum kIdx = 0
Nq = 	16	0.00952605	0.0188454	0.00952605	0.00952605	0.0188454	0.027996	0.0188454	0.0188454	0.027996	15.4378	0.027996	0.00952605	0.0188454	0.027996	0.0188454
Sq = 	-2.10868e-19	0.00951064	0.0187893	0.00951064	0.00951064	0.0187893	0.0278766	0.0187893	0.0187893	0.0278766	0.0368045	0.0278766	0.00951064	0.0187893	0.0278766	0.0187893
14 rounds of non-Gaussian ED iteration : ground-state energy is -162.324 | electron energy -162.589 + phonon energy 0.264509 | electron momentum kIdx = 0
Nq = 	16	0.00952408	0.0188416	0.00952408	0.00952408	0.0188416	0.0279904	0.0188416	0.0188416	0.0279904	15.4379	0.0279904	0.00952408	0.0188416	0.0279904	0.0188416
Sq = 	-8.25956e-21	0.00950867	0.0187855	0.00950867	0.00950867	0.0187855	0.027871	0.0187855	0.0187855	0.027871	0.0367972	0.027871	0.00950867	0.0187855	0.027871	0.0187855
15 rounds of non-Gaussian ED iteration : ground-state energy is -162.333 | electron energy -162.598 + phonon energy 0.264992 | electron momentum kIdx = 0
Nq = 	16	0.00952279	0.0188391	0.00952279	0.00952279	0.0188391	0.0279867	0.0188391	0.0188391	0.0279867	15.4379	0.0279867	0.00952279	0.0188391	0.0279867	0.0188391
Sq = 	3.20492e-19	0.00950739	0.018783	0.00950739	0.00950739	0.018783	0.0278673	0.018783	0.018783	0.0278673	0.0367924	0.0278673	0.00950739	0.018783	0.0278673	0.018783
16 rounds of non-Gaussian ED iteration : ground-state energy is -162.339 | electron energy -162.604 + phonon energy 0.265317 | electron momentum kIdx = 0
Nq = 	16	0.00952194	0.0188374	0.00952194	0.00952194	0.0188374	0.0279842	0.0188374	0.0188374	0.0279842	15.438	0.0279842	0.00952194	0.0188374	0.0279842	0.0188374
Sq = 	-9.08688e-20	0.00950655	0.0187813	0.00950655	0.00950655	0.0187813	0.0278649	0.0187813	0.0187813	0.0278649	0.0367893	0.0278649	0.00950655	0.0187813	0.0278649	0.0187813
17 rounds of non-Gaussian ED iteration : ground-state energy is -162.342 | electron energy -162.608 + phonon energy 0.265535 | electron momentum kIdx = 0
Nq = 	16	0.00952139	0.0188363	0.00952139	0.00952139	0.0188363	0.0279826	0.0188363	0.0188363	0.0279826	15.438	0.0279826	0.00952139	0.0188363	0.0279826	0.0188363
Sq = 	1.98882e-19	0.009506	0.0187802	0.009506	0.009506	0.0187802	0.0278633	0.0187802	0.0187802	0.0278633	0.0367872	0.0278633	0.009506	0.0187802	0.0278633	0.0187802
18 rounds of non-Gaussian ED iteration : ground-state energy is -162.345 | electron energy -162.611 + phonon energy 0.26568 | electron momentum kIdx = 0
Nq = 	16	0.00952102	0.0188356	0.00952102	0.00952102	0.0188356	0.0279816	0.0188356	0.0188356	0.0279816	15.438	0.0279816	0.00952102	0.0188356	0.0279816	0.0188356
Sq = 	-2.61078e-19	0.00950563	0.0187795	0.00950563	0.00950563	0.0187795	0.0278623	0.0187795	0.0187795	0.0278623	0.0367858	0.0278623	0.00950563	0.0187795	0.0278623	0.0187795
19 rounds of non-Gaussian ED iteration : ground-state energy is -162.347 | electron energy -162.612 + phonon energy 0.265778 | electron momentum kIdx = 0
Nq = 	16	0.00952077	0.0188351	0.00952077	0.00952077	0.0188351	0.0279809	0.0188351	0.0188351	0.0279809	15.4381	0.0279809	0.00952077	0.0188351	0.0279809	0.0188351
Sq = 	1.35295e-19	0.00950539	0.018779	0.00950539	0.00950539	0.018779	0.0278616	0.018779	0.018779	0.0278616	0.0367849	0.0278616	0.00950539	0.018779	0.0278616	0.018779
20 rounds of non-Gaussian ED iteration : ground-state energy is -162.348 | electron energy -162.614 + phonon energy 0.265843 | electron momentum kIdx = 0
Nq = 	16	0.00952061	0.0188348	0.00952061	0.00952061	0.0188348	0.0279804	0.0188348	0.0188348	0.0279804	15.4381	0.0279804	0.00952061	0.0188348	0.0279804	0.0188348
Sq = 	3.07019e-20	0.00950522	0.0187787	0.00950522	0.00950522	0.0187787	0.0278611	0.0187787	0.0187787	0.0278611	0.0367843	0.0278611	0.00950522	0.0187787	0.0278611	0.0187787
Ground state is obtained after 21 iterations. The current ground-state energy is -162.349, in which electron energy is -162.614 and phonon energy is 0.265886
final variational state is: 
Gamma_x =       1 1.00452 1.00892 1.00452 1.00452 1.00892 1.01322 1.00892 1.00892 1.01322 2.04044 1.01322 1.00452 1.00892 1.01322 1.00892
lambda_q =  1.57418 0.167457 0.166481 0.167457 0.167457 0.166481 0.165677 0.166481 0.166481 0.165677  1.56498 0.165677 0.167457 0.166481 0.165677 0.166481
o___o  -------------------------------------
| L |	Time since last clock: 1h 34m 50.928s
A===A	Time since the beginning: 3h 29m 45.86s
********************************************

************************************************************************************
Warm up completed
o___o  -------------------------------------
| L |	Time since last clock: 0h 0m 0.027s
A===A	Time since the beginning: 3h 29m 45.886s
********************************************

************************************************************************************
0 rounds of non-Gaussian ED iteration : ground-state energy is -148.467 | electron energy -148.6 + phonon energy 0.132943 | electron momentum kIdx = 0
Nq = 	16	0.0109691	0.0216562	0.0109691	0.0109691	0.0216562	0.03212	0.0216562	0.0216562	0.03212	15.3541	0.03212	0.0109691	0.0216562	0.03212	0.0216562
Sq = 	-3.21195e-19	0.010954	0.0216007	0.010954	0.010954	0.0216007	0.032002	0.0216007	0.0216007	0.032002	0.0422048	0.032002	0.010954	0.0216007	0.032002	0.0216007
1 rounds of non-Gaussian ED iteration : ground-state energy is -152.046 | electron energy -152.248 + phonon energy 0.201822 | electron momentum kIdx = 0
Nq = 	16	0.0101292	0.0200164	0.0101292	0.0101292	0.0200164	0.0297083	0.0200164	0.0200164	0.0297083	15.4026	0.0297083	0.0101292	0.0200164	0.0297083	0.0200164
Sq = 	-1.75203e-20	0.0101192	0.0199792	0.0101192	0.0101192	0.0199792	0.0296289	0.0199792	0.0199792	0.0296289	0.039106	0.0296289	0.0101192	0.0199792	0.0296289	0.0199792
2 rounds of non-Gaussian ED iteration : ground-state energy is -154.738 | electron energy -154.999 + phonon energy 0.261165 | electron momentum kIdx = 0
Nq = 	16	0.00955529	0.0188951	0.00955529	0.00955529	0.0188951	0.0280589	0.0188951	0.0188951	0.0280589	15.4358	0.0280589	0.00955529	0.0188951	0.0280589	0.0188951
Sq = 	2.13039e-19	0.00954723	0.0188651	0.00954723	0.00954723	0.0188651	0.0279947	0.0188651	0.0188651	0.0279947	0.0369683	0.0279947	0.00954723	0.0188651	0.0279947	0.0188651
3 rounds of non-Gaussian ED iteration : ground-state energy is -156.668 | electron energy -156.977 + phonon energy 0.309703 | electron momentum kIdx = 0
Nq = 	16	0.00917362	0.0181487	0.00917362	0.00917362	0.0181487	0.0269604	0.0181487	0.0181487	0.0269604	15.458	0.0269604	0.00917362	0.0181487	0.0269604	0.0181487
Sq = 	-2.24867e-20	0.00916658	0.0181225	0.00916658	0.00916658	0.0181225	0.0269041	0.0181225	0.0181225	0.0269041	0.0355402	0.0269041	0.00916658	0.0181225	0.0269041	0.0181225
4 rounds of non-Gaussian ED iteration : ground-state energy is -158.02 | electron energy -158.368 + phonon energy 0.348247 | electron momentum kIdx = 0
Nq = 	16	0.00892695	0.017666	0.00892695	0.00892695	0.017666	0.0262496	0.017666	0.017666	0.0262496	15.4724	0.0262496	0.00892695	0.017666	0.0262496	0.017666
Sq = 	-1.04744e-19	0.00892051	0.0176419	0.00892051	0.00892051	0.0176419	0.0261978	0.0176419	0.0176419	0.0261978	0.0346149	0.0261978	0.00892051	0.0176419	0.0261978	0.0176419
5 rounds of non-Gaussian ED iteration : ground-state energy is -158.968 | electron energy -159.346 + phonon energy 0.378264 | electron momentum kIdx = 0
Nq = 	16	0.008771	0.0173607	0.008771	0.008771	0.0173607	0.0257998	0.0173607	0.0173607	0.0257998	15.4814	0.0257998	0.008771	0.0173607	0.0257998	0.0173607
Sq = 	-2.45818e-20	0.0087649	0.0173379	0.0087649	0.0087649	0.0173379	0.0257507	0.0173379	0.0173379	0.0257507	0.0340289	0.0257507	0.0087649	0.0173379	0.0257507	0.0173379
6 rounds of non-Gaussian ED iteration : ground-state energy is -159.644 | electron energy -160.045 + phonon energy 0.401298 | electron momentum kIdx = 0
Nq = 	16	0.00867372	0.0171702	0.00867372	0.00867372	0.0171702	0.0255191	0.0171702	0.0171702	0.0255191	15.4871	0.0255191	0.00867372	0.0171702	0.0255191	0.0171702
Sq = 	-2.29982e-19	0.00866782	0.0171481	0.00866782	0.00866782	0.0171481	0.0254716	0.0171481	0.0171481	0.0254716	0.033663	0.0254716	0.00866782	0.0171481	0.0254716	0.0171481
7 rounds of non-Gaussian ED iteration : ground-state energy is -160.138 | electron energy -160.557 + phonon energy 0.418751 | electron momentum kIdx = 0
Nq = 	16	0.00861339	0.017052	0.00861339	0.00861339	0.017052	0.025345	0.017052	0.017052	0.025345	15.4906	0.025345	0.00861339	0.017052	0.025345	0.017052
Sq = 	1.333e-19	0.00860762	0.0170304	0.00860762	0.00860762	0.0170304	0.0252984	0.0170304	0.0170304	0.0252984	0.033436	0.0252984	0.00860762	0.0170304	0.0252984	0.0170304
8 rounds of non-Gaussian ED iteration : ground-state energy is -160.51 | electron energy -160.941 + phonon energy 0.431824 | electron momentum kIdx = 0
Nq = 	16	0.00857598	0.0169787	0.00857598	0.00857598	0.0169787	0.025237	0.0169787	0.0169787	0.025237	15.4928	0.025237	0.00857598	0.0169787	0.025237	0.0169787
Sq = 	-2.28186e-19	0.00857027	0.0169573	0.00857027	0.00857027	0.0169573	0.025191	0.0169573	0.0169573	0.025191	0.0332951	0.025191	0.00857027	0.0169573	0.025191	0.0169573
9 rounds of non-Gaussian ED iteration : ground-state energy is -160.796 | electron energy -161.238 + phonon energy 0.441516 | electron momentum kIdx = 0
Nq = 	16	0.00855266	0.016933	0.00855266	0.00855266	0.016933	0.0251697	0.016933	0.016933	0.0251697	15.4942	0.0251697	0.00855266	0.016933	0.0251697	0.016933
Sq = 	-9.20949e-20	0.008547	0.0169118	0.008547	0.008547	0.0169118	0.025124	0.0169118	0.0169118	0.025124	0.0332073	0.025124	0.008547	0.0169118	0.025124	0.0169118
10 rounds of non-Gaussian ED iteration : ground-state energy is -161.021 | electron energy -161.47 + phonon energy 0.448633 | electron momentum kIdx = 0
Nq = 	16	0.00853801	0.0169043	0.00853801	0.00853801	0.0169043	0.0251274	0.0169043	0.0169043	0.0251274	15.495	0.0251274	0.00853801	0.0169043	0.0251274	0.0169043
Sq = 	-2.92459e-19	0.00853238	0.0168832	0.00853238	0.00853238	0.0168832	0.0250819	0.0168832	0.0168832	0.0250819	0.0331521	0.0250819	0.00853238	0.0168832	0.0250819	0.0168832
11 rounds of non-Gaussian ED iteration : ground-state energy is -161.201 | electron energy -161.655 + phonon energy 0.453817 | electron momentum kIdx = 0
Nq = 	16	0.0085287	0.0168861	0.0085287	0.0085287	0.0168861	0.0251005	0.0168861	0.0168861	0.0251005	15.4955	0.0251005	0.0085287	0.0168861	0.0251005	0.0168861
Sq = 	2.23461e-19	0.00852309	0.0168651	0.00852309	0.00852309	0.0168651	0.0250552	0.0168651	0.0168651	0.0250552	0.033117	0.0250552	0.00852309	0.0168651	0.0250552	0.0168651
12 rounds of non-Gaussian ED iteration : ground-state energy is -161.346 | electron energy -161.803 + phonon energy 0.457566 | electron momentum kIdx = 0
Nq = 	16	0.00852272	0.0168744	0.00852272	0.00852272	0.0168744	0.0250832	0.0168744	0.0168744	0.0250832	15.4959	0.0250832	0.00852272	0.0168744	0.0250832	0.0168744
Sq = 	-3.31172e-20	0.00851712	0.0168534	0.00851712	0.00851712	0.0168534	0.025038	0.0168534	0.0168534	0.025038	0.0330945	0.025038	0.00851712	0.0168534	0.025038	0.0168534
13 rounds of non-Gaussian ED iteration : ground-state energy is -161.463 | electron energy -161.923 + phonon energy 0.460261 | electron momentum kIdx = 0
Nq = 	16	0.00851884	0.0168668	0.00851884	0.00851884	0.0168668	0.025072	0.0168668	0.0168668	0.025072	15.4961	0.025072	0.00851884	0.0168668	0.025072	0.0168668
Sq = 	-1.7581e-19	0.00851324	0.0168458	0.00851324	0.00851324	0.0168458	0.0250268	0.0168458	0.0168458	0.0250268	0.0330798	0.0250268	0.00851324	0.0168458	0.0250268	0.0168458
14 rounds of non-Gaussian ED iteration : ground-state energy is -161.558 | electron energy -162.02 + phonon energy 0.462189 | electron momentum kIdx = 0
Nq = 	16	0.00851628	0.0168618	0.00851628	0.00851628	0.0168618	0.0250646	0.0168618	0.0168618	0.0250646	15.4963	0.0250646	0.00851628	0.0168618	0.0250646	0.0168618
Sq = 	-8.77066e-20	0.00851069	0.0168408	0.00851069	0.00851069	0.0168408	0.0250195	0.0168408	0.0168408	0.0250195	0.0330702	0.0250195	0.00851069	0.0168408	0.0250195	0.0168408
15 rounds of non-Gaussian ED iteration : ground-state energy is -161.636 | electron energy -162.099 + phonon energy 0.463563 | electron momentum kIdx = 0
Nq = 	16	0.00851458	0.0168584	0.00851458	0.00851458	0.0168584	0.0250597	0.0168584	0.0168584	0.0250597	15.4964	0.0250597	0.00851458	0.0168584	0.0250597	0.0168584
Sq = 	-3.9868e-20	0.00850899	0.0168375	0.00850899	0.00850899	0.0168375	0.0250146	0.0168375	0.0168375	0.0250146	0.0330638	0.0250146	0.00850899	0.0168375	0.0250146	0.0168375
16 rounds of non-Gaussian ED iteration : ground-state energy is -161.699 | electron energy -162.164 + phonon energy 0.464538 | electron momentum kIdx = 0
Nq = 	16	0.00851343	0.0168562	0.00851343	0.00851343	0.0168562	0.0250564	0.0168562	0.0168562	0.0250564	15.4964	0.0250564	0.00851343	0.0168562	0.0250564	0.0168562
Sq = 	-1.56116e-19	0.00850784	0.0168352	0.00850784	0.00850784	0.0168352	0.0250113	0.0168352	0.0168352	0.0250113	0.0330595	0.0250113	0.00850784	0.0168352	0.0250113	0.0168352
17 rounds of non-Gaussian ED iteration : ground-state energy is -161.751 | electron energy -162.217 + phonon energy 0.465228 | electron momentum kIdx = 0
Nq = 	16	0.00851265	0.0168547	0.00851265	0.00851265	0.0168547	0.0250541	0.0168547	0.0168547	0.0250541	15.4965	0.0250541	0.00851265	0.0168547	0.0250541	0.0168547
Sq = 	-2.8929e-20	0.00850707	0.0168337	0.00850707	0.00850707	0.0168337	0.0250091	0.0168337	0.0168337	0.0250091	0.0330566	0.0250091	0.00850707	0.0168337	0.0250091	0.0168337
18 rounds of non-Gaussian ED iteration : ground-state energy is -161.794 | electron energy -162.259 + phonon energy 0.465715 | electron momentum kIdx = 0
Nq = 	16	0.00851212	0.0168536	0.00851212	0.00851212	0.0168536	0.0250526	0.0168536	0.0168536	0.0250526	15.4965	0.0250526	0.00851212	0.0168536	0.0250526	0.0168536
Sq = 	3.36916e-19	0.00850654	0.0168327	0.00850654	0.00850654	0.0168327	0.0250075	0.0168327	0.0168327	0.0250075	0.0330546	0.0250075	0.00850654	0.0168327	0.0250075	0.0168327
19 rounds of non-Gaussian ED iteration : ground-state energy is -161.829 | electron energy -162.295 + phonon energy 0.466059 | electron momentum kIdx = 0
Nq = 	16	0.00851176	0.0168529	0.00851176	0.00851176	0.0168529	0.0250516	0.0168529	0.0168529	0.0250516	15.4965	0.0250516	0.00851176	0.0168529	0.0250516	0.0168529
Sq = 	1.3263e-19	0.00850617	0.016832	0.00850617	0.00850617	0.016832	0.0250065	0.016832	0.016832	0.0250065	0.0330532	0.0250065	0.00850617	0.016832	0.0250065	0.016832
20 rounds of non-Gaussian ED iteration : ground-state energy is -161.857 | electron energy -162.323 + phonon energy 0.466301 | electron momentum kIdx = 0
Nq = 	16	0.0085115	0.0168524	0.0085115	0.0085115	0.0168524	0.0250508	0.0168524	0.0168524	0.0250508	15.4965	0.0250508	0.0085115	0.0168524	0.0250508	0.0168524
Sq = 	-1.66481e-19	0.00850592	0.0168315	0.00850592	0.00850592	0.0168315	0.0250058	0.0168315	0.0168315	0.0250058	0.0330522	0.0250058	0.00850592	0.0168315	0.0250058	0.0168315
21 rounds of non-Gaussian ED iteration : ground-state energy is -161.88 | electron energy -162.347 + phonon energy 0.466471 | electron momentum kIdx = 0
Nq = 	16	0.00851133	0.0168521	0.00851133	0.00851133	0.0168521	0.0250503	0.0168521	0.0168521	0.0250503	15.4966	0.0250503	0.00851133	0.0168521	0.0250503	0.0168521
Sq = 	-2.0042e-20	0.00850574	0.0168311	0.00850574	0.00850574	0.0168311	0.0250053	0.0168311	0.0168311	0.0250053	0.0330516	0.0250053	0.00850574	0.0168311	0.0250053	0.0168311
22 rounds of non-Gaussian ED iteration : ground-state energy is -161.899 | electron energy -162.366 + phonon energy 0.466591 | electron momentum kIdx = 0
Nq = 	16	0.0085112	0.0168518	0.0085112	0.0085112	0.0168518	0.0250499	0.0168518	0.0168518	0.0250499	15.4966	0.0250499	0.0085112	0.0168518	0.0250499	0.0168518
Sq = 	4.42489e-19	0.00850562	0.0168309	0.00850562	0.00850562	0.0168309	0.0250049	0.0168309	0.0168309	0.0250049	0.0330511	0.0250049	0.00850562	0.0168309	0.0250049	0.0168309
23 rounds of non-Gaussian ED iteration : ground-state energy is -161.915 | electron energy -162.382 + phonon energy 0.466674 | electron momentum kIdx = 0
Nq = 	16	0.00851111	0.0168516	0.00851111	0.00851111	0.0168516	0.0250497	0.0168516	0.0168516	0.0250497	15.4966	0.0250497	0.00851111	0.0168516	0.0250497	0.0168516
Sq = 	1.56548e-19	0.00850553	0.0168307	0.00850553	0.00850553	0.0168307	0.0250046	0.0168307	0.0168307	0.0250046	0.0330508	0.0250046	0.00850553	0.0168307	0.0250046	0.0168307
24 rounds of non-Gaussian ED iteration : ground-state energy is -161.928 | electron energy -162.394 + phonon energy 0.466733 | electron momentum kIdx = 0
Nq = 	16	0.00851105	0.0168515	0.00851105	0.00851105	0.0168515	0.0250495	0.0168515	0.0168515	0.0250495	15.4966	0.0250495	0.00851105	0.0168515	0.0250495	0.0168515
Sq = 	-1.75272e-19	0.00850547	0.0168306	0.00850547	0.00850547	0.0168306	0.0250045	0.0168306	0.0168306	0.0250045	0.0330505	0.0250045	0.00850547	0.0168306	0.0250045	0.0168306
25 rounds of non-Gaussian ED iteration : ground-state energy is -161.938 | electron energy -162.405 + phonon energy 0.466774 | electron momentum kIdx = 0
Nq = 	16	0.00851101	0.0168514	0.00851101	0.00851101	0.0168514	0.0250494	0.0168514	0.0168514	0.0250494	15.4966	0.0250494	0.00851101	0.0168514	0.0250494	0.0168514
Sq = 	-2.23339e-20	0.00850543	0.0168305	0.00850543	0.00850543	0.0168305	0.0250043	0.0168305	0.0168305	0.0250043	0.0330504	0.0250043	0.00850543	0.0168305	0.0250043	0.0168305
26 rounds of non-Gaussian ED iteration : ground-state energy is -161.947 | electron energy -162.414 + phonon energy 0.466803 | electron momentum kIdx = 0
Nq = 	16	0.00851097	0.0168514	0.00851097	0.00851097	0.0168514	0.0250493	0.0168514	0.0168514	0.0250493	15.4966	0.0250493	0.00851097	0.0168514	0.0250493	0.0168514
