SNEDics v3.22.2 Non-Gaussian ED ground state program		Start at Sat May 14 12:25:55 2022

Parallelization: 32 MPI threads  * 8 OpenMP threads = 256 total threads.
********************************************************************************************************************
********************************************************************************************************************

********************************************************************************************************************
System parameters and configurations
	special program options are enabled: splitted diagonal Hamiltonian | splitted Hamiltonian terms
********************************************************************************************************************
Read input file "model_params.in"
	Hubbard-Holstein model parameters : 	t = 1    U = 8    g = 0.3    W = 0.2    g' = 0.6    
********************************************************************************************************************
Read input file "hilbertspace_params.in"
	Requested 16-site 2D lattice, with 8 electrons (4, 4)
	Boundary : Periodic		Hilbert space representation : momentum-space (restricted to kIdx = 2)
	Conservation: particle number[U(1)]      spin[U(1)]     momentum
********************************************************************************************************************

Cluster Positions:				Cluster symmetry group : D4
 x ... x ... x ... x .....                       x ... x ... x ... x .....
 |           |           :                       |           |           :
 |           |           :                       |           |           :
12    13    14    15     x                       1     5     6     5     x
 |           |           :                       |           |           :
 |           |           :                       |           |           :
 8 --- 9 ---10 ---11 --- x                       2 --- 6 ---10 --- 6 --- x
 |           |           :                       |           |           :
 |           |           :                       |           |           :
 4     5     6     7     x                       1     5     6     5     x
 |           |           :                       |           |           :
 |           |           :                       |           |           :
 0 --- 1 --- 2 --- 3 --- x                       0 --- 1 --- 2 --- 1 --- x
orbital number : 1
********************************************************************************************************************
Read input file "obs_params.in"
	Observable Type : Nq(All),   Sq(All),   N(All-Orbital),   Delta[s](All),   Delta[d](All),   Delta[s+](All)
** WARNING ** the input observables have non-local factors which have been reinterpreted. The total observable number is 96
********************************************************************************************************************


********************************************************************************************************************
Start calculating the non-Gaussian ED ground state
Maximal iteration number is 1000; energy resolution is 1e-06. Phonon state relaxation time is 2000
W = 0.2 is relatively large. The non-Gaussian ED calculation starts directly.
open output files: NGSED_iteration_observables.txt
********************************************************************************************************************
Start the 0 rounds of NGS-ED iteration
	effective electronic model is modified as: kinetic energy t = 1
	                                           effective interaction Vq = [0,0,0,0,0,0,0,0,0,0,0,0,0,0,0,0]
	first Hamiltonian is constructed, size = 207168 and non-zero numbers = 32194800
	PARPACK diagonalization completed after 75 matrix-vector product operations.
	iteration results: : total energy is -16.460627 | electron energy -16.460627 + phonon energy 0.000000 | electron momentum kIdx = 2
	Nq(0) = 4,	Nq(1) = 0.233155,	Nq(2) = 0.299101,	Nq(3) = 0.233155,	Nq(4) = 0.202629,	Nq(5) = 0.268317,	
	Nq(6) = 0.368968,	Nq(7) = 0.268317,	Nq(8) = 0.222781,	Nq(9) = 0.372215,	Nq(10) = 0.4202,	
	Nq(11) = 0.372215,	Nq(12) = 0.202629,	Nq(13) = 0.268317,	Nq(14) = 0.368968,	Nq(15) = 0.268317;	
	Sq(0) = 1.63868e-17,	Sq(1) = 0.53103,	Sq(2) = 0.864632,	Sq(3) = 0.53103,	Sq(4) = 0.289849,	
	Sq(5) = 0.45804,	Sq(6) = 0.588782,	Sq(7) = 0.45804,	Sq(8) = 0.279569,	Sq(9) = 0.642477,	
	Sq(10) = 0.550078,	Sq(11) = 0.642477,	Sq(12) = 0.289849,	Sq(13) = 0.45804,	Sq(14) = 0.588782,	
	Sq(15) = 0.45804;	N(0) = 1.82882,	N(1) = 0.983307,	N(2) = 0.103775,	N(3) = 0.983307,	
	N(4) = 1.77535,	N(5) = 0.0780562,	N(6) = 0.0506202,	N(7) = 0.0780562,	N(8) = 0.0523043,	
	N(9) = 0.0319089,	N(10) = 0.0205069,	N(11) = 0.0319089,	N(12) = 1.77535,	N(13) = 0.0780562,	
	N(14) = 0.0506202,	N(15) = 0.0780562;	Delta[s](0) = 0.0148992,	Delta[s](1) = 0.0116798,	Delta[s](2) = 0.0100685,	
	Delta[s](3) = 0.0116798,	Delta[s](4) = 0.0138516,	Delta[s](5) = 0.0111941,	Delta[s](6) = 0.0101537,	Delta[s](7) = 0.0111941,	
	Delta[s](8) = 0.0126407,	Delta[s](9) = 0.0104295,	Delta[s](10) = 0.0100284,	Delta[s](11) = 0.0104295,	Delta[s](12) = 0.0138516,	
	Delta[s](13) = 0.0111941,	Delta[s](14) = 0.0101537,	Delta[s](15) = 0.0111941;	Delta[d](0) = 0.0731716,	Delta[d](1) = 0.0336915,	
	Delta[d](2) = 0.0328209,	Delta[d](3) = 0.0336915,	Delta[d](4) = 0.0972627,	Delta[d](5) = 0.0487917,	Delta[d](6) = 0.0359187,	
	Delta[d](7) = 0.0487917,	Delta[d](8) = 0.121956,	Delta[d](9) = 0.0510661,	Delta[d](10) = 0.0277586,	Delta[d](11) = 0.0510661,	
	Delta[d](12) = 0.0972627,	Delta[d](13) = 0.0487917,	Delta[d](14) = 0.0359187,	Delta[d](15) = 0.0487917;	Delta[s+](0) = 0.260305,	
	Delta[s+](1) = 0.117759,	Delta[s+](2) = 0.0328209,	Delta[s+](3) = 0.117759,	Delta[s+](4) = 0.202996,	Delta[s+](5) = 0.077729,	
	Delta[s+](6) = 0.0202759,	Delta[s+](7) = 0.077729,	Delta[s+](8) = 0.121956,	Delta[s+](9) = 0.0351622,	Delta[s+](10) = 0.0100951,	
	Delta[s+](11) = 0.0351622,	Delta[s+](12) = 0.202996,	Delta[s+](13) = 0.077729,	Delta[s+](14) = 0.0202759,	Delta[s+](15) = 0.077729
	
The 0-th iteration is completed.	|| time cost : 0h 0m 5.818s
********************************************************************************************************************
Start the 1 rounds of NGS-ED iteration
	effective electronic model is modified as: kinetic energy (tx,ty)=(0.597556, 0.562902)
	                                           effective interaction Vq = [    -36.45,  -9.47277,-0.0675533,  -9.47277,  -9.65182,-0.0712086,  -2.17876,-0.0712086,-0.0718237,  -2.42531,  -20.2003,  -2.42531,  -9.65182,-0.0712086,  -2.17876,-0.0712086]
	PARPACK diagonalization completed after 45 matrix-vector product operations.
	iteration results: : total energy is -237.763404 | electron energy -242.544919 + phonon energy 4.781516 | electron momentum kIdx = 2
The 1-th iteration is completed.	|| time cost : 0h 0m 3.086s
********************************************************************************************************************
Start the 2 rounds of NGS-ED iteration
	effective electronic model is modified as: kinetic energy t = 1.98101e-13
	                                           effective interaction Vq = [-36.45,-11.25, -0.45,-11.25,-11.25, -0.45, -4.05, -0.45, -0.45, -4.05,-22.05, -4.05,-11.25, -0.45, -4.05, -0.45]
	PARPACK diagonalization completed after 30 matrix-vector product operations.
	iteration results: : total energy is -263.200000 | electron energy -263.200000 + phonon energy 0.000000 | electron momentum kIdx = 2
The 2-th iteration is completed.	|| time cost : 0h 0m 0.365s
********************************************************************************************************************
Start the 3 rounds of NGS-ED iteration
	effective electronic model is modified as: kinetic energy t = 1.98101e-13
	                                           effective interaction Vq = [-36.45,-11.25, -0.45,-11.25,-11.25, -0.45, -4.05, -0.45, -0.45, -4.05,-22.05, -4.05,-11.25, -0.45, -4.05, -0.45]
	PARPACK diagonalization completed after 30 matrix-vector product operations.
	iteration results: : total energy is -263.200000 | electron energy -263.200000 + phonon energy 0.000000 | electron momentum kIdx = 2
The 3-th iteration is completed.	|| time cost : 0h 0m 0.363s
********************************************************************************************************************
Start the 4 rounds of NGS-ED iteration
	effective electronic model is modified as: kinetic energy t = 1.98101e-13
	                                           effective interaction Vq = [-36.45,-11.25, -0.45,-11.25,-11.25, -0.45, -4.05, -0.45, -0.45, -4.05,-22.05, -4.05,-11.25, -0.45, -4.05, -0.45]
	PARPACK diagonalization completed after 30 matrix-vector product operations.
	iteration results: : total energy is -263.200000 | electron energy -263.200000 + phonon energy 0.000000 | electron momentum kIdx = 2
The 4-th iteration is completed.	|| time cost : 0h 0m 0.363s
********************************************************************************************************************
Start the 5 rounds of NGS-ED iteration
	effective electronic model is modified as: kinetic energy t = 1.98103e-13
	                                           effective interaction Vq = [-36.45,-11.25, -0.45,-11.25,-11.25, -0.45, -4.05, -0.45, -0.45, -4.05,-22.05, -4.05,-11.25, -0.45, -4.05, -0.45]
	PARPACK diagonalization completed after 30 matrix-vector product operations.
	iteration results: : total energy is -263.200000 | electron energy -263.200000 + phonon energy 0.000000 | electron momentum kIdx = 2
The 5-th iteration is completed.	|| time cost : 0h 0m 0.361s
********************************************************************************************************************
Start the 6 rounds of NGS-ED iteration
	effective electronic model is modified as: kinetic energy t = 1.98096e-13
	                                           effective interaction Vq = [-36.45,-11.25, -0.45,-11.25,-11.25, -0.45, -4.05, -0.45, -0.45, -4.05,-22.05, -4.05,-11.25, -0.45, -4.05, -0.45]
	PARPACK diagonalization completed after 30 matrix-vector product operations.
	iteration results: : total energy is -263.200000 | electron energy -263.200000 + phonon energy 0.000000 | electron momentum kIdx = 2
The 6-th iteration is completed.	|| time cost : 0h 0m 0.36s
********************************************************************************************************************
Start the 7 rounds of NGS-ED iteration
	effective electronic model is modified as: kinetic energy t = 1.98101e-13
	                                           effective interaction Vq = [-36.45,-11.25, -0.45,-11.25,-11.25, -0.45, -4.05, -0.45, -0.45, -4.05,-22.05, -4.05,-11.25, -0.45, -4.05, -0.45]
	PARPACK diagonalization completed after 30 matrix-vector product operations.
	iteration results: : total energy is -263.200000 | electron energy -263.200000 + phonon energy 0.000000 | electron momentum kIdx = 2
The 7-th iteration is completed.	|| time cost : 0h 0m 0.363s
********************************************************************************************************************
Start the 8 rounds of NGS-ED iteration
	effective electronic model is modified as: kinetic energy t = 1.98103e-13
	                                           effective interaction Vq = [-36.45,-11.25, -0.45,-11.25,-11.25, -0.45, -4.05, -0.45, -0.45, -4.05,-22.05, -4.05,-11.25, -0.45, -4.05, -0.45]
	PARPACK diagonalization completed after 30 matrix-vector product operations.
	iteration results: : total energy is -263.200000 | electron energy -263.200000 + phonon energy 0.000000 | electron momentum kIdx = 2
The 8-th iteration is completed.	|| time cost : 0h 0m 0.365s
********************************************************************************************************************
Start the 9 rounds of NGS-ED iteration
	effective electronic model is modified as: kinetic energy t = 1.98101e-13
	                                           effective interaction Vq = [-36.45,-11.25, -0.45,-11.25,-11.25, -0.45, -4.05, -0.45, -0.45, -4.05,-22.05, -4.05,-11.25, -0.45, -4.05, -0.45]
	PARPACK diagonalization completed after 30 matrix-vector product operations.
	iteration results: : total energy is -263.200000 | electron energy -263.200000 + phonon energy 0.000000 | electron momentum kIdx = 2
The 9-th iteration is completed.	|| time cost : 0h 0m 0.362s
********************************************************************************************************************
Start the 10 rounds of NGS-ED iteration
	effective electronic model is modified as: kinetic energy t = 1.98102e-13
	                                           effective interaction Vq = [-36.45,-11.25, -0.45,-11.25,-11.25, -0.45, -4.05, -0.45, -0.45, -4.05,-22.05, -4.05,-11.25, -0.45, -4.05, -0.45]
	PARPACK diagonalization completed after 30 matrix-vector product operations.
	iteration results: : total energy is -263.200000 | electron energy -263.200000 + phonon energy 0.000000 | electron momentum kIdx = 2
The 10-th iteration is completed.	|| time cost : 0h 0m 0.367s
********************************************************************************************************************
Start the 11 rounds of NGS-ED iteration
	effective electronic model is modified as: kinetic energy t = 1.981e-13
	                                           effective interaction Vq = [-36.45,-11.25, -0.45,-11.25,-11.25, -0.45, -4.05, -0.45, -0.45, -4.05,-22.05, -4.05,-11.25, -0.45, -4.05, -0.45]
	PARPACK diagonalization completed after 30 matrix-vector product operations.
	iteration results: : total energy is -263.200000 | electron energy -263.200000 + phonon energy 0.000000 | electron momentum kIdx = 2
The 11-th iteration is completed.	|| time cost : 0h 0m 0.362s
********************************************************************************************************************
Start the 12 rounds of NGS-ED iteration
	effective electronic model is modified as: kinetic energy t = 1.98101e-13
	                                           effective interaction Vq = [-36.45,-11.25, -0.45,-11.25,-11.25, -0.45, -4.05, -0.45, -0.45, -4.05,-22.05, -4.05,-11.25, -0.45, -4.05, -0.45]
	PARPACK diagonalization completed after 45 matrix-vector product operations.
	iteration results: : total energy is -263.200000 | electron energy -263.200000 + phonon energy 0.000000 | electron momentum kIdx = 2
The 12-th iteration is completed.	|| time cost : 0h 0m 0.426s
********************************************************************************************************************
Start the 13 rounds of NGS-ED iteration
	effective electronic model is modified as: kinetic energy t = 1.98102e-13
	                                           effective interaction Vq = [-36.45,-11.25, -0.45,-11.25,-11.25, -0.45, -4.05, -0.45, -0.45, -4.05,-22.05, -4.05,-11.25, -0.45, -4.05, -0.45]
	PARPACK diagonalization completed after 30 matrix-vector product operations.
	iteration results: : total energy is -263.200000 | electron energy -263.200000 + phonon energy 0.000000 | electron momentum kIdx = 2
The 13-th iteration is completed.	|| time cost : 0h 0m 0.357s
********************************************************************************************************************
Start the 14 rounds of NGS-ED iteration
	effective electronic model is modified as: kinetic energy t = 1.98101e-13
	                                           effective interaction Vq = [-36.45,-11.25, -0.45,-11.25,-11.25, -0.45, -4.05, -0.45, -0.45, -4.05,-22.05, -4.05,-11.25, -0.45, -4.05, -0.45]
	PARPACK diagonalization completed after 30 matrix-vector product operations.
	iteration results: : total energy is -263.200000 | electron energy -263.200000 + phonon energy 0.000000 | electron momentum kIdx = 2
The 14-th iteration is completed.	|| time cost : 0h 0m 0.361s
********************************************************************************************************************
Start the 15 rounds of NGS-ED iteration
	effective electronic model is modified as: kinetic energy t = 1.98098e-13
	                                           effective interaction Vq = [-36.45,-11.25, -0.45,-11.25,-11.25, -0.45, -4.05, -0.45, -0.45, -4.05,-22.05, -4.05,-11.25, -0.45, -4.05, -0.45]
	PARPACK diagonalization completed after 30 matrix-vector product operations.
	iteration results: : total energy is -263.200000 | electron energy -263.200000 + phonon energy 0.000000 | electron momentum kIdx = 2
The 15-th iteration is completed.	|| time cost : 0h 0m 0.366s
********************************************************************************************************************
Start the 16 rounds of NGS-ED iteration
	effective electronic model is modified as: kinetic energy t = 1.98096e-13
	                                           effective interaction Vq = [-36.45,-11.25, -0.45,-11.25,-11.25, -0.45, -4.05, -0.45, -0.45, -4.05,-22.05, -4.05,-11.25, -0.45, -4.05, -0.45]
	PARPACK diagonalization completed after 30 matrix-vector product operations.
	iteration results: : total energy is -263.200000 | electron energy -263.200000 + phonon energy 0.000000 | electron momentum kIdx = 2
The 16-th iteration is completed.	|| time cost : 0h 0m 0.357s
********************************************************************************************************************
Start the 17 rounds of NGS-ED iteration
	effective electronic model is modified as: kinetic energy t = 1.98101e-13
	                                           effective interaction Vq = [-36.45,-11.25, -0.45,-11.25,-11.25, -0.45, -4.05, -0.45, -0.45, -4.05,-22.05, -4.05,-11.25, -0.45, -4.05, -0.45]
	PARPACK diagonalization completed after 30 matrix-vector product operations.
	iteration results: : total energy is -263.200000 | electron energy -263.200000 + phonon energy 0.000000 | electron momentum kIdx = 2
The 17-th iteration is completed.	|| time cost : 0h 0m 0.359s
********************************************************************************************************************
Start the 18 rounds of NGS-ED iteration
	effective electronic model is modified as: kinetic energy t = 1.98101e-13
	                                           effective interaction Vq = [-36.45,-11.25, -0.45,-11.25,-11.25, -0.45, -4.05, -0.45, -0.45, -4.05,-22.05, -4.05,-11.25, -0.45, -4.05, -0.45]
	PARPACK diagonalization completed after 30 matrix-vector product operations.
	iteration results: : total energy is -263.200000 | electron energy -263.200000 + phonon energy 0.000000 | electron momentum kIdx = 2
The 18-th iteration is completed.	|| time cost : 0h 0m 0.367s
********************************************************************************************************************
Start the 19 rounds of NGS-ED iteration
	effective electronic model is modified as: kinetic energy t = 1.98099e-13
	                                           effective interaction Vq = [-36.45,-11.25, -0.45,-11.25,-11.25, -0.45, -4.05, -0.45, -0.45, -4.05,-22.05, -4.05,-11.25, -0.45, -4.05, -0.45]
	PARPACK diagonalization completed after 30 matrix-vector product operations.
	iteration results: : total energy is -263.200000 | electron energy -263.200000 + phonon energy 0.000000 | electron momentum kIdx = 2
The 19-th iteration is completed.	|| time cost : 0h 0m 0.359s
********************************************************************************************************************
Start the 20 rounds of NGS-ED iteration
	effective electronic model is modified as: kinetic energy t = 1.98101e-13
	                                           effective interaction Vq = [-36.45,-11.25, -0.45,-11.25,-11.25, -0.45, -4.05, -0.45, -0.45, -4.05,-22.05, -4.05,-11.25, -0.45, -4.05, -0.45]
	PARPACK diagonalization completed after 30 matrix-vector product operations.
	iteration results: : total energy is -263.200000 | electron energy -263.200000 + phonon energy 0.000000 | electron momentum kIdx = 2
The 20-th iteration is completed.	|| time cost : 0h 0m 0.36s
********************************************************************************************************************
Start the 21 rounds of NGS-ED iteration
	effective electronic model is modified as: kinetic energy t = 1.981e-13
	                                           effective interaction Vq = [-36.45,-11.25, -0.45,-11.25,-11.25, -0.45, -4.05, -0.45, -0.45, -4.05,-22.05, -4.05,-11.25, -0.45, -4.05, -0.45]
	PARPACK diagonalization completed after 30 matrix-vector product operations.
	iteration results: : total energy is -263.200000 | electron energy -263.200000 + phonon energy 0.000000 | electron momentum kIdx = 2
The 21-th iteration is completed.	|| time cost : 0h 0m 0.361s
********************************************************************************************************************
Start the 22 rounds of NGS-ED iteration
	effective electronic model is modified as: kinetic energy t = 1.98057e-13
	                                           effective interaction Vq = [   -36.45,   -11.25,    -0.45,   -11.25,   -11.25,    -0.45,    -4.05,    -0.45,-0.449999,    -4.05,   -22.05,    -4.05,   -11.25,    -0.45,    -4.05,    -0.45]
	PARPACK diagonalization completed after 30 matrix-vector product operations.
	iteration results: : total energy is -263.200000 | electron energy -263.200000 + phonon energy 0.000000 | electron momentum kIdx = 2
The 22-th iteration is completed.	|| time cost : 0h 0m 0.36s
********************************************************************************************************************
Start the 23 rounds of NGS-ED iteration
	effective electronic model is modified as: kinetic energy t = 1.98101e-13
	                                           effective interaction Vq = [-36.45,-11.25, -0.45,-11.25,-11.25, -0.45, -4.05, -0.45, -0.45, -4.05,-22.05, -4.05,-11.25, -0.45, -4.05, -0.45]
	PARPACK diagonalization completed after 30 matrix-vector product operations.
	iteration results: : total energy is -263.200000 | electron energy -263.200000 + phonon energy 0.000000 | electron momentum kIdx = 2
The 23-th iteration is completed.	|| time cost : 0h 0m 0.363s
********************************************************************************************************************
Start the 24 rounds of NGS-ED iteration
	effective electronic model is modified as: kinetic energy t = 1.981e-13
	                                           effective interaction Vq = [-36.45,-11.25, -0.45,-11.25,-11.25, -0.45, -4.05, -0.45, -0.45, -4.05,-22.05, -4.05,-11.25, -0.45, -4.05, -0.45]
	PARPACK diagonalization completed after 30 matrix-vector product operations.
	iteration results: : total energy is -263.200000 | electron energy -263.200000 + phonon energy 0.000000 | electron momentum kIdx = 2
The 24-th iteration is completed.	|| time cost : 0h 0m 0.357s
********************************************************************************************************************
Start the 25 rounds of NGS-ED iteration
	effective electronic model is modified as: kinetic energy t = 1.98101e-13
	                                           effective interaction Vq = [-36.45,-11.25, -0.45,-11.25,-11.25, -0.45, -4.05, -0.45, -0.45, -4.05,-22.05, -4.05,-11.25, -0.45, -4.05, -0.45]
	PARPACK diagonalization completed after 30 matrix-vector product operations.
	iteration results: : total energy is -263.200000 | electron energy -263.200000 + phonon energy 0.000000 | electron momentum kIdx = 2
The 25-th iteration is completed.	|| time cost : 0h 0m 0.359s
********************************************************************************************************************
Start the 26 rounds of NGS-ED iteration
	effective electronic model is modified as: kinetic energy t = 1.98101e-13
	                                           effective interaction Vq = [-36.45,-11.25, -0.45,-11.25,-11.25, -0.45, -4.05, -0.45, -0.45, -4.05,-22.05, -4.05,-11.25, -0.45, -4.05, -0.45]
	PARPACK diagonalization completed after 45 matrix-vector product operations.
	iteration results: : total energy is -263.200000 | electron energy -263.200000 + phonon energy 0.000000 | electron momentum kIdx = 2
The 26-th iteration is completed.	|| time cost : 0h 0m 0.427s
********************************************************************************************************************
Start the 27 rounds of NGS-ED iteration
	effective electronic model is modified as: kinetic energy t = 1.98101e-13
	                                           effective interaction Vq = [-36.45,-11.25, -0.45,-11.25,-11.25, -0.45, -4.05, -0.45, -0.45, -4.05,-22.05, -4.05,-11.25, -0.45, -4.05, -0.45]
	PARPACK diagonalization completed after 30 matrix-vector product operations.
	iteration results: : total energy is -263.200000 | electron energy -263.200000 + phonon energy 0.000000 | electron momentum kIdx = 2
The 27-th iteration is completed.	|| time cost : 0h 0m 0.358s
********************************************************************************************************************
Start the 28 rounds of NGS-ED iteration
	effective electronic model is modified as: kinetic energy t = 1.97967e-13
	                                           effective interaction Vq = [   -36.45,   -11.25,    -0.45,   -11.25,   -11.25,-0.449999,    -4.05,    -0.45,    -0.45,    -4.05,   -22.05,    -4.05,   -11.25,    -0.45,    -4.05,-0.449999]
	PARPACK diagonalization completed after 30 matrix-vector product operations.
	iteration results: : total energy is -263.200000 | electron energy -263.200000 + phonon energy 0.000000 | electron momentum kIdx = 2
The 28-th iteration is completed.	|| time cost : 0h 0m 0.364s
********************************************************************************************************************
Start the 29 rounds of NGS-ED iteration
	effective electronic model is modified as: kinetic energy t = 1.98101e-13
	                                           effective interaction Vq = [-36.45,-11.25, -0.45,-11.25,-11.25, -0.45, -4.05, -0.45, -0.45, -4.05,-22.05, -4.05,-11.25, -0.45, -4.05, -0.45]
	PARPACK diagonalization completed after 30 matrix-vector product operations.
	iteration results: : total energy is -263.200000 | electron energy -263.200000 + phonon energy 0.000000 | electron momentum kIdx = 2
The 29-th iteration is completed.	|| time cost : 0h 0m 0.366s
********************************************************************************************************************
Start the 30 rounds of NGS-ED iteration
	effective electronic model is modified as: kinetic energy t = 1.98101e-13
	                                           effective interaction Vq = [-36.45,-11.25, -0.45,-11.25,-11.25, -0.45, -4.05, -0.45, -0.45, -4.05,-22.05, -4.05,-11.25, -0.45, -4.05, -0.45]
	PARPACK diagonalization completed after 30 matrix-vector product operations.
	iteration results: : total energy is -263.200000 | electron energy -263.200000 + phonon energy 0.000000 | electron momentum kIdx = 2
The 30-th iteration is completed.	|| time cost : 0h 0m 0.369s
********************************************************************************************************************
Start the 31 rounds of NGS-ED iteration
	effective electronic model is modified as: kinetic energy t = 1.97918e-13
	                                           effective interaction Vq = [   -36.45,   -11.25,-0.449999,   -11.25,   -11.25,    -0.45,    -4.05,    -0.45,    -0.45,    -4.05,   -22.05,    -4.05,   -11.25,    -0.45,    -4.05,    -0.45]
	PARPACK diagonalization completed after 30 matrix-vector product operations.
	iteration results: : total energy is -263.200000 | electron energy -263.200000 + phonon energy 0.000000 | electron momentum kIdx = 2
The 31-th iteration is completed.	|| time cost : 0h 0m 0.355s
********************************************************************************************************************
Start the 32 rounds of NGS-ED iteration
	effective electronic model is modified as: kinetic energy t = 1.98101e-13
	                                           effective interaction Vq = [-36.45,-11.25, -0.45,-11.25,-11.25, -0.45, -4.05, -0.45, -0.45, -4.05,-22.05, -4.05,-11.25, -0.45, -4.05, -0.45]
	PARPACK diagonalization completed after 30 matrix-vector product operations.
	iteration results: : total energy is -263.200000 | electron energy -263.200000 + phonon energy 0.000000 | electron momentum kIdx = 2
The 32-th iteration is completed.	|| time cost : 0h 0m 0.359s
********************************************************************************************************************
Start the 33 rounds of NGS-ED iteration
	effective electronic model is modified as: kinetic energy t = 1.98101e-13
	                                           effective interaction Vq = [-36.45,-11.25, -0.45,-11.25,-11.25, -0.45, -4.05, -0.45, -0.45, -4.05,-22.05, -4.05,-11.25, -0.45, -4.05, -0.45]
	PARPACK diagonalization completed after 30 matrix-vector product operations.
	iteration results: : total energy is -263.200000 | electron energy -263.200000 + phonon energy 0.000000 | electron momentum kIdx = 2
The 33-th iteration is completed.	|| time cost : 0h 0m 0.361s
********************************************************************************************************************
Start the 34 rounds of NGS-ED iteration
	effective electronic model is modified as: kinetic energy t = 1.98102e-13
	                                           effective interaction Vq = [-36.45,-11.25, -0.45,-11.25,-11.25, -0.45, -4.05, -0.45, -0.45, -4.05,-22.05, -4.05,-11.25, -0.45, -4.05, -0.45]
	PARPACK diagonalization completed after 30 matrix-vector product operations.
	iteration results: : total energy is -263.200000 | electron energy -263.200000 + phonon energy 0.000000 | electron momentum kIdx = 2
The 34-th iteration is completed.	|| time cost : 0h 0m 0.366s
********************************************************************************************************************
Start the 35 rounds of NGS-ED iteration
	effective electronic model is modified as: kinetic energy (tx,ty)=(1.99085e-13, 1.99802e-13)
	                                           effective interaction Vq = [   -36.45,   -11.25,    -0.45,   -11.25,   -11.25,-0.449972,    -4.05,    -0.45,-0.449979,    -4.05,   -22.05,    -4.05,   -11.25,    -0.45,    -4.05,-0.449972]
	PARPACK diagonalization completed after 30 matrix-vector product operations.
	iteration results: : total energy is -263.200000 | electron energy -263.200000 + phonon energy 0.000000 | electron momentum kIdx = 2
The 35-th iteration is completed.	|| time cost : 0h 0m 0.338s
********************************************************************************************************************
Start the 36 rounds of NGS-ED iteration
	effective electronic model is modified as: kinetic energy t = 1.98102e-13
	                                           effective interaction Vq = [-36.45,-11.25, -0.45,-11.25,-11.25, -0.45, -4.05, -0.45, -0.45, -4.05,-22.05, -4.05,-11.25, -0.45, -4.05, -0.45]
	PARPACK diagonalization completed after 30 matrix-vector product operations.
	iteration results: : total energy is -263.200000 | electron energy -263.200000 + phonon energy 0.000000 | electron momentum kIdx = 2
The 36-th iteration is completed.	|| time cost : 0h 0m 0.332s
********************************************************************************************************************
Start the 37 rounds of NGS-ED iteration
	effective electronic model is modified as: kinetic energy t = 1.98101e-13
	                                           effective interaction Vq = [-36.45,-11.25, -0.45,-11.25,-11.25, -0.45, -4.05, -0.45, -0.45, -4.05,-22.05, -4.05,-11.25, -0.45, -4.05, -0.45]
	PARPACK diagonalization completed after 30 matrix-vector product operations.
	iteration results: : total energy is -263.200000 | electron energy -263.200000 + phonon energy 0.000000 | electron momentum kIdx = 2
The 37-th iteration is completed.	|| time cost : 0h 0m 0.339s
********************************************************************************************************************
Start the 38 rounds of NGS-ED iteration
	effective electronic model is modified as: kinetic energy t = 1.981e-13
	                                           effective interaction Vq = [-36.45,-11.25, -0.45,-11.25,-11.25, -0.45, -4.05, -0.45, -0.45, -4.05,-22.05, -4.05,-11.25, -0.45, -4.05, -0.45]
	PARPACK diagonalization completed after 30 matrix-vector product operations.
	iteration results: : total energy is -263.200000 | electron energy -263.200000 + phonon energy 0.000000 | electron momentum kIdx = 2
The 38-th iteration is completed.	|| time cost : 0h 0m 0.333s
********************************************************************************************************************
Start the 39 rounds of NGS-ED iteration
	effective electronic model is modified as: kinetic energy t = 1.98103e-13
	                                           effective interaction Vq = [-36.45,-11.25, -0.45,-11.25,-11.25, -0.45, -4.05, -0.45, -0.45, -4.05,-22.05, -4.05,-11.25, -0.45, -4.05, -0.45]
	PARPACK diagonalization completed after 30 matrix-vector product operations.
	iteration results: : total energy is -263.200000 | electron energy -263.200000 + phonon energy 0.000000 | electron momentum kIdx = 2
The 39-th iteration is completed.	|| time cost : 0h 0m 0.337s
********************************************************************************************************************
Start the 40 rounds of NGS-ED iteration
	effective electronic model is modified as: kinetic energy t = 1.98065e-13
	                                           effective interaction Vq = [-36.45,-11.25, -0.45,-11.25,-11.25, -0.45, -4.05, -0.45, -0.45, -4.05,-22.05, -4.05,-11.25, -0.45, -4.05, -0.45]
	PARPACK diagonalization completed after 30 matrix-vector product operations.
	iteration results: : total energy is -263.200000 | electron energy -263.200000 + phonon energy 0.000000 | electron momentum kIdx = 2
The 40-th iteration is completed.	|| time cost : 0h 0m 0.337s
********************************************************************************************************************
Start the 41 rounds of NGS-ED iteration
	effective electronic model is modified as: kinetic energy t = 1.98102e-13
	                                           effective interaction Vq = [-36.45,-11.25, -0.45,-11.25,-11.25, -0.45, -4.05, -0.45, -0.45, -4.05,-22.05, -4.05,-11.25, -0.45, -4.05, -0.45]
	PARPACK diagonalization completed after 45 matrix-vector product operations.
	iteration results: : total energy is -263.200000 | electron energy -263.200000 + phonon energy 0.000000 | electron momentum kIdx = 2
The 41-th iteration is completed.	|| time cost : 0h 0m 0.394s
********************************************************************************************************************
Start the 42 rounds of NGS-ED iteration
	effective electronic model is modified as: kinetic energy t = 1.98098e-13
	                                           effective interaction Vq = [-36.45,-11.25, -0.45,-11.25,-11.25, -0.45, -4.05, -0.45, -0.45, -4.05,-22.05, -4.05,-11.25, -0.45, -4.05, -0.45]
	PARPACK diagonalization completed after 30 matrix-vector product operations.
	iteration results: : total energy is -263.200000 | electron energy -263.200000 + phonon energy 0.000000 | electron momentum kIdx = 2
The 42-th iteration is completed.	|| time cost : 0h 0m 0.336s
********************************************************************************************************************
Start the 43 rounds of NGS-ED iteration
	effective electronic model is modified as: kinetic energy (tx,ty)=(1.96021e-13, 1.97911e-13)
	                                           effective interaction Vq = [   -36.45,   -11.25,-0.449893,   -11.25,   -11.25,-0.449996,    -4.05,    -0.45,-0.449999,    -4.05,   -22.05,    -4.05,   -11.25,    -0.45,    -4.05,-0.449996]
	PARPACK diagonalization completed after 30 matrix-vector product operations.
	iteration results: : total energy is -263.200000 | electron energy -263.200000 + phonon energy 0.000000 | electron momentum kIdx = 2
The 43-th iteration is completed.	|| time cost : 0h 0m 0.347s
********************************************************************************************************************
Start the 44 rounds of NGS-ED iteration
	effective electronic model is modified as: kinetic energy t = 1.98101e-13
	                                           effective interaction Vq = [-36.45,-11.25, -0.45,-11.25,-11.25, -0.45, -4.05, -0.45, -0.45, -4.05,-22.05, -4.05,-11.25, -0.45, -4.05, -0.45]
	PARPACK diagonalization completed after 30 matrix-vector product operations.
	iteration results: : total energy is -263.200000 | electron energy -263.200000 + phonon energy 0.000000 | electron momentum kIdx = 2
The 44-th iteration is completed.	|| time cost : 0h 0m 0.334s
********************************************************************************************************************
Start the 45 rounds of NGS-ED iteration
	effective electronic model is modified as: kinetic energy t = 1.98101e-13
	                                           effective interaction Vq = [-36.45,-11.25, -0.45,-11.25,-11.25, -0.45, -4.05, -0.45, -0.45, -4.05,-22.05, -4.05,-11.25, -0.45, -4.05, -0.45]
	PARPACK diagonalization completed after 30 matrix-vector product operations.
	iteration results: : total energy is -263.200000 | electron energy -263.200000 + phonon energy 0.000000 | electron momentum kIdx = 2
The 45-th iteration is completed.	|| time cost : 0h 0m 0.329s
********************************************************************************************************************
Start the 46 rounds of NGS-ED iteration
	effective electronic model is modified as: kinetic energy t = 1.98101e-13
	                                           effective interaction Vq = [-36.45,-11.25, -0.45,-11.25,-11.25, -0.45, -4.05, -0.45, -0.45, -4.05,-22.05, -4.05,-11.25, -0.45, -4.05, -0.45]
	PARPACK diagonalization completed after 30 matrix-vector product operations.
	iteration results: : total energy is -263.200000 | electron energy -263.200000 + phonon energy 0.000000 | electron momentum kIdx = 2
The 46-th iteration is completed.	|| time cost : 0h 0m 0.339s
********************************************************************************************************************
Start the 47 rounds of NGS-ED iteration
	effective electronic model is modified as: kinetic energy (tx,ty)=(1.97926e-13, 1.97112e-13)
	                                           effective interaction Vq = [   -36.45,   -11.25,-0.449976,   -11.25,   -11.25,-0.449995,    -4.05,-0.449936,    -0.45,    -4.05,   -22.05,    -4.05,   -11.25,-0.449936,    -4.05,-0.449995]
	PARPACK diagonalization completed after 30 matrix-vector product operations.
	iteration results: : total energy is -263.200000 | electron energy -263.200000 + phonon energy 0.000000 | electron momentum kIdx = 2
The 47-th iteration is completed.	|| time cost : 0h 0m 0.339s
********************************************************************************************************************
Start the 48 rounds of NGS-ED iteration
	effective electronic model is modified as: kinetic energy t = 1.98101e-13
	                                           effective interaction Vq = [-36.45,-11.25, -0.45,-11.25,-11.25, -0.45, -4.05, -0.45, -0.45, -4.05,-22.05, -4.05,-11.25, -0.45, -4.05, -0.45]
	PARPACK diagonalization completed after 30 matrix-vector product operations.
	iteration results: : total energy is -263.200000 | electron energy -263.200000 + phonon energy 0.000000 | electron momentum kIdx = 2
The 48-th iteration is completed.	|| time cost : 0h 0m 0.33s
********************************************************************************************************************
Start the 49 rounds of NGS-ED iteration
	effective electronic model is modified as: kinetic energy t = 1.98101e-13
