TACC:  Starting up job 1813933 
TACC:  Starting parallel tasks... 
SNEDics v3.4 Non-Gaussian ED ground state program		Start at Fri Oct 23 21:17:12 2020

parallized on 16 MPI threads  * 7 OpenMP threads = 112 total threads.
********************************************************************************************************************
********************************************************************************************************************

********************************************************************************************************************
System parameters and configurations
********************************************************************************************************************
Special program options are enabled: splitted diagonal Hamiltonian
********************************************************************************************************************
Read input file "model_params.in"
	Hubbard-Holstein model parameters : 	t = 1    U = 7    g = 1.8708    W = 1    
********************************************************************************************************************
Read input file "hilbertspace_params.in"
	Requested 16-site 2D lattice, with 14 electrons (7, 7)
	Boundary : Periodic		Hilbert space representation : momentum-space (restricted to kIdx = 0)
	Conservation: particle number[U(1)]      spin[U(1)]     momentum
********************************************************************************************************************

Cluster Positions:				Cluster symmetry group : D4
 x ... x ... x ... x .....                       x ... x ... x ... x .....
 |           |           :                       |           |           :
 |           |           :                       |           |           :
12    13    14    15     x                       1     5     6     5     x
 |           |           :                       |           |           :
 |           |           :                       |           |           :
 8 --- 9 ---10 ---11 --- x                       2 --- 6 ---10 --- 6 --- x
 |           |           :                       |           |           :
 |           |           :                       |           |           :
 4     5     6     7     x                       1     5     6     5     x
 |           |           :                       |           |           :
 |           |           :                       |           |           :
 0 --- 1 --- 2 --- 3 --- x                       0 --- 1 --- 2 --- 1 --- x
orbital number : 1
********************************************************************************************************************
Read input file "obs_params.in"
	Observable Type : Nq(All),   Sq(All),   N(All),   Delta[s](All),   Delta[d](All),   Delta[s+](All)
********************************************************************************************************************
** WARNING ** the input observables have non-local factors which have been reinterpreted. The total observable number is 96
********************************************************************************************************************


********************************************************************************************************************
Start calculating the non-Gaussian ED ground state
** WARNING ** Detected low phonon energy W < 10. The initial state will be prepared through a warm-up process.
********************************************************************************************************************
Start warm-up calculation for scaling factor 16
open output files: NGSEDWarmUpW16Obs.txt
********************************************************************************************************************
Start the 0 rounds of NGS-ED iteration
	effective electronic model is modified as: kinetic energy t = 1
	                                           effective interaction Vq = [0,0,0,0,0,0,0,0,0,0,0,0,0,0,0,0]
	first Hamiltonian is constructed, non-zero numbers = 2178478298
	PARPACK diagonalization completed after 150 matrix-vector product operations.
	iteration results: : total energy is -12.568403 | electron energy -12.568403 + phonon energy 0.000000 | electron momentum kIdx = 0
	Nq(0) = 12.25,	Nq(1) = 0.163588,	Nq(2) = 0.201502,	Nq(3) = 0.163588,	Nq(4) = 0.163588,	Nq(5) = 0.223027,	Nq(6) = 0.259383,	Nq(7) = 0.223027,	Nq(8) = 0.201502,	Nq(9) = 0.259383,	Nq(10) = 0.303533,	Nq(11) = 0.259383,	Nq(12) = 0.163588,	Nq(13) = 0.223027,	Nq(14) = 0.259383,	Nq(15) = 0.223027,	Sq(0) = 3.48613e-18,	Sq(1) = 0.475166,	Sq(2) = 0.748453,	Sq(3) = 0.475166,	Sq(4) = 0.475166,	Sq(5) = 0.621266,	Sq(6) = 1.01094,	Sq(7) = 0.621266,	Sq(8) = 0.748453,	Sq(9) = 1.01094,	Sq(10) = 2.53306,	Sq(11) = 1.01094,	Sq(12) = 0.475166,	Sq(13) = 0.621266,	Sq(14) = 1.01094,	Sq(15) = 0.621266,	N(0) = 1.7961,	N(1) = 1.64834,	N(2) = 0.271797,	N(3) = 1.64834,	N(4) = 1.64834,	N(5) = 0.999573,	N(6) = 0.232977,	N(7) = 0.999573,	N(8) = 0.271797,	N(9) = 0.232977,	N(10) = 0.136758,	N(11) = 0.232977,	N(12) = 1.64834,	N(13) = 0.999573,	N(14) = 0.232977,	N(15) = 0.999573,	Delta[s](0) = 0.0801309,	Delta[s](1) = 0.0639531,	Delta[s](2) = 0.0446768,	Delta[s](3) = 0.0639531,	Delta[s](4) = 0.0639531,	Delta[s](5) = 0.0505894,	Delta[s](6) = 0.0318307,	Delta[s](7) = 0.0505894,	Delta[s](8) = 0.0446768,	Delta[s](9) = 0.0318307,	Delta[s](10) = 0.015287,	Delta[s](11) = 0.0318307,	Delta[s](12) = 0.0639531,	Delta[s](13) = 0.0505894,	Delta[s](14) = 0.0318307,	Delta[s](15) = 0.0505894,	Delta[d](0) = 0.265494,	Delta[d](1) = 0.193053,	Delta[d](2) = 0.201985,	Delta[d](3) = 0.193053,	Delta[d](4) = 0.193053,	Delta[d](5) = 0.181177,	Delta[d](6) = 0.136791,	Delta[d](7) = 0.181177,	Delta[d](8) = 0.201985,	Delta[d](9) = 0.136791,	Delta[d](10) = 0.0580688,	Delta[d](11) = 0.136791,	Delta[d](12) = 0.193053,	Delta[d](13) = 0.181177,	Delta[d](14) = 0.136791,	Delta[d](15) = 0.181177,	Delta[s+](0) = 0.557476,	Delta[s+](1) = 0.416256,	Delta[s+](2) = 0.201985,	Delta[s+](3) = 0.416256,	Delta[s+](4) = 0.416256,	Delta[s+](5) = 0.29341,	Delta[s+](6) = 0.130931,	Delta[s+](7) = 0.29341,	Delta[s+](8) = 0.201985,	Delta[s+](9) = 0.130931,	Delta[s+](10) = 0.0438786,	Delta[s+](11) = 0.130931,	Delta[s+](12) = 0.416256,	Delta[s+](13) = 0.29341,	Delta[s+](14) = 0.130931,	Delta[s+](15) = 0.29341
The 0-th iteration is completed.	|| time cost : 0h 6m 32.917s
********************************************************************************************************************
Start the 1 rounds of NGS-ED iteration
	effective electronic model is modified as: kinetic energy t = 0.909012
	                                           effective interaction Vq = [-3.35723,-3.20988, -3.1096,-3.20988,-3.20988,-3.13555,-3.06651,-3.13555, -3.1096,-3.06651,-3.02401,-3.06651,-3.20988,-3.13555,-3.06651,-3.13555]
	PARPACK diagonalization completed after 45 matrix-vector product operations.
	iteration results: : total energy is -66.357456 | electron energy -66.363790 + phonon energy 0.006335 | electron momentum kIdx = 0
The 1-th iteration is completed.	|| time cost : 0h 5m 11.954s
********************************************************************************************************************
Start the 2 rounds of NGS-ED iteration
	effective electronic model is modified as: kinetic energy t = 0.869627
	                                           effective interaction Vq = [-3.49408,-3.43505,-3.35489,-3.43505,-3.43505,-3.39424,-3.35635,-3.39424,-3.35489,-3.35635,-3.30695,-3.35635,-3.43505,-3.39424,-3.35635,-3.39424]
	PARPACK diagonalization completed after 45 matrix-vector product operations.
	iteration results: : total energy is -68.881592 | electron energy -68.915656 + phonon energy 0.034064 | electron momentum kIdx = 0
The 2-th iteration is completed.	|| time cost : 0h 0m 24.502s
********************************************************************************************************************
Start the 3 rounds of NGS-ED iteration
	effective electronic model is modified as: kinetic energy t = 0.860934
	                                           effective interaction Vq = [-3.49966,-3.46185,-3.38644,-3.46185,-3.46185,-3.42732,-3.39916,-3.42732,-3.38644,-3.39916, -3.3474,-3.39916,-3.46185,-3.42732,-3.39916,-3.42732]
	PARPACK diagonalization completed after 30 matrix-vector product operations.
	iteration results: : total energy is -68.987154 | electron energy -69.030578 + phonon energy 0.043424 | electron momentum kIdx = 0
The 3-th iteration is completed.	|| time cost : 0h 0m 21.678s
********************************************************************************************************************
Start the 4 rounds of NGS-ED iteration
	effective electronic model is modified as: kinetic energy t = 0.859221
	                                           effective interaction Vq = [-3.49988,-3.46628,-3.39157,-3.46628,-3.46628,-3.43285,-3.40702,-3.43285,-3.39157,-3.40702,-3.35444,-3.40702,-3.46628,-3.43285,-3.40702,-3.43285]
	PARPACK diagonalization completed after 30 matrix-vector product operations.
	iteration results: : total energy is -68.991374 | electron energy -69.036832 + phonon energy 0.045458 | electron momentum kIdx = 0
The 4-th iteration is completed.	|| time cost : 0h 0m 21.675s
********************************************************************************************************************
Start the 5 rounds of NGS-ED iteration
	effective electronic model is modified as: kinetic energy t = 0.858891
	                                           effective interaction Vq = [-3.49989,-3.46711,-3.39246,-3.46711,-3.46711,-3.43384,-3.40857,-3.43384,-3.39246,-3.40857,-3.35572,-3.40857,-3.46711,-3.43384,-3.40857,-3.43384]
	PARPACK diagonalization completed after 30 matrix-vector product operations.
	iteration results: : total energy is -68.991542 | electron energy -69.037404 + phonon energy 0.045862 | electron momentum kIdx = 0
The 5-th iteration is completed.	|| time cost : 0h 0m 21.69s
********************************************************************************************************************
Start the 6 rounds of NGS-ED iteration
	effective electronic model is modified as: kinetic energy t = 0.858828
	                                           effective interaction Vq = [-3.49989,-3.46727,-3.39261,-3.46727,-3.46727,-3.43403,-3.40888,-3.43403,-3.39261,-3.40888,-3.35596,-3.40888,-3.46727,-3.43403,-3.40888,-3.43403]
	PARPACK diagonalization completed after 30 matrix-vector product operations.
	iteration results: : total energy is -68.991549 | electron energy -69.037489 + phonon energy 0.045940 | electron momentum kIdx = 0
	Nq(0) = 12.25,	Nq(1) = 0.371515,	Nq(2) = 0.370536,	Nq(3) = 0.371515,	Nq(4) = 0.371515,	Nq(5) = 0.493643,	Nq(6) = 0.606124,	Nq(7) = 0.493643,	Nq(8) = 0.370536,	Nq(9) = 0.606124,	Nq(10) = 0.606419,	Nq(11) = 0.606124,	Nq(12) = 0.371515,	Nq(13) = 0.493643,	Nq(14) = 0.606124,	Nq(15) = 0.493643,	Sq(0) = -2.00941e-18,	Sq(1) = 0.379938,	Sq(2) = 0.550571,	Sq(3) = 0.379938,	Sq(4) = 0.379938,	Sq(5) = 0.506479,	Sq(6) = 0.635525,	Sq(7) = 0.506479,	Sq(8) = 0.550571,	Sq(9) = 0.635525,	Sq(10) = 1.32847,	Sq(11) = 0.635525,	Sq(12) = 0.379938,	Sq(13) = 0.506479,	Sq(14) = 0.635525,	Sq(15) = 0.506479,	N(0) = 1.99976,	N(1) = 1.99959,	N(2) = 0.000283469,	N(3) = 1.99959,	N(4) = 1.99959,	N(5) = 0.999981,	N(6) = 0.000309235,	N(7) = 0.999981,	N(8) = 0.000283469,	N(9) = 0.000309235,	N(10) = 0.000150837,	N(11) = 0.000309235,	N(12) = 1.99959,	N(13) = 0.999981,	N(14) = 0.000309235,	N(15) = 0.999981,	Delta[s](0) = 0.244312,	Delta[s](1) = 0.21037,	Delta[s](2) = 0.145848,	Delta[s](3) = 0.21037,	Delta[s](4) = 0.21037,	Delta[s](5) = 0.177726,	Delta[s](6) = 0.143517,	Delta[s](7) = 0.177726,	Delta[s](8) = 0.145848,	Delta[s](9) = 0.143517,	Delta[s](10) = 0.0788489,	Delta[s](11) = 0.143517,	Delta[s](12) = 0.21037,	Delta[s](13) = 0.177726,	Delta[s](14) = 0.143517,	Delta[s](15) = 0.177726,	Delta[d](0) = 0.22405,	Delta[d](1) = 0.140712,	Delta[d](2) = 0.143241,	Delta[d](3) = 0.140712,	Delta[d](4) = 0.140712,	Delta[d](5) = 0.144938,	Delta[d](6) = 0.0926697,	Delta[d](7) = 0.144938,	Delta[d](8) = 0.143241,	Delta[d](9) = 0.0926697,	Delta[d](10) = 0.0317191,	Delta[d](11) = 0.0926697,	Delta[d](12) = 0.140712,	Delta[d](13) = 0.144938,	Delta[d](14) = 0.0926697,	Delta[d](15) = 0.144938,	Delta[s+](0) = 0.482712,	Delta[s+](1) = 0.365199,	Delta[s+](2) = 0.143241,	Delta[s+](3) = 0.365199,	Delta[s+](4) = 0.365199,	Delta[s+](5) = 0.254696,	Delta[s+](6) = 0.0879606,	Delta[s+](7) = 0.254696,	Delta[s+](8) = 0.143241,	Delta[s+](9) = 0.0879606,	Delta[s+](10) = 0.0234236,	Delta[s+](11) = 0.0879606,	Delta[s+](12) = 0.365199,	Delta[s+](13) = 0.254696,	Delta[s+](14) = 0.0879606,	Delta[s+](15) = 0.254696
The 6-th iteration is completed.	|| time cost : 0h 3m 59.466s
********************************************************************************************************************
********************************************************************************************************************
Ground state is obtained after 7 iterations. The current ground-state energy is -68.9915, in which electron energy is -69.0375 and phonon energy is 0.0459403
final variational state is: 
	Gamma_x = [      1,1.01427,1.02368,1.01427,1.01427,1.02588, 1.0365,1.02588,1.02368, 1.0365, 1.0438, 1.0365,1.01427,1.02588, 1.0365,1.02588]
	lambda_q = [0.467694,0.422565,0.385826,0.422565,0.422565,0.403556,0.392303,0.403556,0.385826,0.392303,0.372869,0.392303,0.422565,0.403556,0.392303,0.403556]
The effective e-e interactions mediated by phonons are: [3.49989, 3.4673,3.39264, 3.4673, 3.4673,3.43406,3.40894,3.43406,3.39264,3.40894,3.35601,3.40894, 3.4673,3.43406,3.40894,3.43406]
The real-space interactions mediated by phonons are: [  -54.8824, -0.209407, 0.0420628,-0.0497671, -0.260605, -0.112935, 0.0420628,-0.0569055, 0.0950671,-0.0569055, 0.0420628, -0.112935, -0.260605,-0.0497671, 0.0420628, -0.209407]
********************************************************************************************************************
o___o  ----------------------------------------
| L |	Time since last clock: 0h 0m 0s
A===A	Time since the beginning: 0h 17m 13.887s
***********************************************

********************************************************************************************************************
Start warm-up calculation for scaling factor 8
open output files: NGSEDWarmUpW8Obs.txt
********************************************************************************************************************
Start the 0 rounds of NGS-ED iteration
	effective electronic model is modified as: kinetic energy t = 0.858815
	                                           effective interaction Vq = [-3.19963,-3.04345,-2.89224,-3.04345,-3.04345,-2.96791,-2.92047,-2.96791,-2.89224,-2.92047,-2.83377,-2.92047,-3.04345,-2.96791,-2.92047,-2.96791]
	PARPACK diagonalization completed after 45 matrix-vector product operations.
	iteration results: : total energy is -62.121717 | electron energy -62.144695 + phonon energy 0.022978 | electron momentum kIdx = 0
	Nq(0) = 12.25,	Nq(1) = 0.318604,	Nq(2) = 0.345697,	Nq(3) = 0.318604,	Nq(4) = 0.318604,	Nq(5) = 0.440881,	Nq(6) = 0.521003,	Nq(7) = 0.440881,	Nq(8) = 0.345697,	Nq(9) = 0.521003,	Nq(10) = 0.550041,	Nq(11) = 0.521003,	Nq(12) = 0.318604,	Nq(13) = 0.440881,	Nq(14) = 0.521003,	Nq(15) = 0.440881,	Sq(0) = -6.20148e-20,	Sq(1) = 0.410834,	Sq(2) = 0.598158,	Sq(3) = 0.410834,	Sq(4) = 0.410834,	Sq(5) = 0.540248,	Sq(6) = 0.700788,	Sq(7) = 0.540248,	Sq(8) = 0.598158,	Sq(9) = 0.700788,	Sq(10) = 1.58282,	Sq(11) = 0.700788,	Sq(12) = 0.410834,	Sq(13) = 0.540248,	Sq(14) = 0.700788,	Sq(15) = 0.540248,	N(0) = 1.98981,	N(1) = 1.98185,	N(2) = 0.0134615,	N(3) = 1.98185,	N(4) = 1.98185,	N(5) = 0.999029,	N(6) = 0.0134165,	N(7) = 0.999029,	N(8) = 0.0134615,	N(9) = 0.0134165,	N(10) = 0.00607524,	N(11) = 0.0134165,	N(12) = 1.98185,	N(13) = 0.999029,	N(14) = 0.0134165,	N(15) = 0.999029,	Delta[s](0) = 0.198663,	Delta[s](1) = 0.1713,	Delta[s](2) = 0.130051,	Delta[s](3) = 0.1713,	Delta[s](4) = 0.1713,	Delta[s](5) = 0.149959,	Delta[s](6) = 0.121156,	Delta[s](7) = 0.149959,	Delta[s](8) = 0.130051,	Delta[s](9) = 0.121156,	Delta[s](10) = 0.0782717,	Delta[s](11) = 0.121156,	Delta[s](12) = 0.1713,	Delta[s](13) = 0.149959,	Delta[s](14) = 0.121156,	Delta[s](15) = 0.149959,	Delta[d](0) = 0.227435,	Delta[d](1) = 0.152945,	Delta[d](2) = 0.161767,	Delta[d](3) = 0.152945,	Delta[d](4) = 0.152945,	Delta[d](5) = 0.1571,	Delta[d](6) = 0.109043,	Delta[d](7) = 0.1571,	Delta[d](8) = 0.161767,	Delta[d](9) = 0.109043,	Delta[d](10) = 0.0422378,	Delta[d](11) = 0.109043,	Delta[d](12) = 0.152945,	Delta[d](13) = 0.1571,	Delta[d](14) = 0.109043,	Delta[d](15) = 0.1571,	Delta[s+](0) = 0.517801,	Delta[s+](1) = 0.390391,	Delta[s+](2) = 0.161767,	Delta[s+](3) = 0.390391,	Delta[s+](4) = 0.390391,	Delta[s+](5) = 0.272744,	Delta[s+](6) = 0.102854,	Delta[s+](7) = 0.272744,	Delta[s+](8) = 0.161767,	Delta[s+](9) = 0.102854,	Delta[s+](10) = 0.0312236,	Delta[s+](11) = 0.102854,	Delta[s+](12) = 0.390391,	Delta[s+](13) = 0.272744,	Delta[s+](14) = 0.102854,	Delta[s+](15) = 0.272744
The 0-th iteration is completed.	|| time cost : 0h 4m 0.66s
********************************************************************************************************************
Start the 1 rounds of NGS-ED iteration
	effective electronic model is modified as: kinetic energy t = 0.824665
	                                           effective interaction Vq = [-3.43927, -3.2756,-3.10465, -3.2756, -3.2756,-3.19138,-3.12123,-3.19138,-3.10465,-3.12123,-3.02399,-3.12123, -3.2756,-3.19138,-3.12123,-3.19138]
	PARPACK diagonalization completed after 45 matrix-vector product operations.
	iteration results: : total energy is -65.574342 | electron energy -65.666576 + phonon energy 0.092234 | electron momentum kIdx = 0
The 1-th iteration is completed.	|| time cost : 0h 0m 24.537s
********************************************************************************************************************
Start the 2 rounds of NGS-ED iteration
	effective electronic model is modified as: kinetic energy t = 0.808453
	                                           effective interaction Vq = [-3.48765,-3.35467,-3.18016,-3.35467,-3.35467,-3.27172,-3.20152,-3.27172,-3.18016,-3.20152,-3.09879,-3.20152,-3.35467,-3.27172,-3.20152,-3.27172]
	PARPACK diagonalization completed after 30 matrix-vector product operations.
	iteration results: : total energy is -66.274860 | electron energy -66.409651 + phonon energy 0.134791 | electron momentum kIdx = 0
The 2-th iteration is completed.	|| time cost : 0h 0m 21.698s
********************************************************************************************************************
Start the 3 rounds of NGS-ED iteration
	effective electronic model is modified as: kinetic energy t = 0.801111
	                                           effective interaction Vq = [-3.49742,-3.38459,-3.20926,-3.38459,-3.38459,-3.30304,-3.23538,-3.30304,-3.20926,-3.23538,-3.12943,-3.23538,-3.38459,-3.30304,-3.23538,-3.30304]
	PARPACK diagonalization completed after 30 matrix-vector product operations.
	iteration results: : total energy is -66.416030 | electron energy -66.571603 + phonon energy 0.155574 | electron momentum kIdx = 0
The 3-th iteration is completed.	|| time cost : 0h 0m 21.665s
********************************************************************************************************************
Start the 4 rounds of NGS-ED iteration
	effective electronic model is modified as: kinetic energy t = 0.797852
	                                           effective interaction Vq = [-3.49939,-3.39673,-3.22096,-3.39673,-3.39673,-3.31586,-3.25015,-3.31586,-3.22096,-3.25015,-3.14231,-3.25015,-3.39673,-3.31586,-3.25015,-3.31586]
	PARPACK diagonalization completed after 30 matrix-vector product operations.
	iteration results: : total energy is -66.444388 | electron energy -66.609477 + phonon energy 0.165089 | electron momentum kIdx = 0
The 4-th iteration is completed.	|| time cost : 0h 0m 21.686s
********************************************************************************************************************
Start the 5 rounds of NGS-ED iteration
	effective electronic model is modified as: kinetic energy t = 0.796417
	                                           effective interaction Vq = [-3.49979,-3.40186,-3.22577,-3.40186,-3.40186,-3.32124, -3.2567,-3.32124,-3.22577, -3.2567,-3.14779, -3.2567,-3.40186,-3.32124, -3.2567,-3.32124]
	PARPACK diagonalization completed after 30 matrix-vector product operations.
	iteration results: : total energy is -66.450078 | electron energy -66.619421 + phonon energy 0.169343 | electron momentum kIdx = 0
The 5-th iteration is completed.	|| time cost : 0h 0m 21.684s
********************************************************************************************************************
Start the 6 rounds of NGS-ED iteration
	effective electronic model is modified as: kinetic energy t = 0.795788
	                                           effective interaction Vq = [-3.49987,-3.40406,-3.22776,-3.40406,-3.40406,-3.32352,-3.25963,-3.32352,-3.22776,-3.25963,-3.15015,-3.25963,-3.40406,-3.32352,-3.25963,-3.32352]
	PARPACK diagonalization completed after 30 matrix-vector product operations.
	iteration results: : total energy is -66.451219 | electron energy -66.622446 + phonon energy 0.171226 | electron momentum kIdx = 0
The 6-th iteration is completed.	|| time cost : 0h 0m 21.688s
********************************************************************************************************************
Start the 7 rounds of NGS-ED iteration
	effective electronic model is modified as: kinetic energy t = 0.795512
	                                           effective interaction Vq = [-3.49989,-3.40502, -3.2286,-3.40502,-3.40502,-3.32449,-3.26094,-3.32449, -3.2286,-3.26094,-3.15116,-3.26094,-3.40502,-3.32449,-3.26094,-3.32449]
	PARPACK diagonalization completed after 30 matrix-vector product operations.
	iteration results: : total energy is -66.451448 | electron energy -66.623505 + phonon energy 0.172057 | electron momentum kIdx = 0
The 7-th iteration is completed.	|| time cost : 0h 0m 21.689s
********************************************************************************************************************
Start the 8 rounds of NGS-ED iteration
	effective electronic model is modified as: kinetic energy t = 0.79539
	                                           effective interaction Vq = [-3.49989,-3.40544,-3.22895,-3.40544,-3.40544, -3.3249,-3.26153, -3.3249,-3.22895,-3.26153, -3.1516,-3.26153,-3.40544, -3.3249,-3.26153, -3.3249]
	PARPACK diagonalization completed after 30 matrix-vector product operations.
	iteration results: : total energy is -66.451494 | electron energy -66.623917 + phonon energy 0.172423 | electron momentum kIdx = 0
	Nq(0) = 12.25,	Nq(1) = 0.363005,	Nq(2) = 0.362374,	Nq(3) = 0.363005,	Nq(4) = 0.363005,	Nq(5) = 0.48077,	Nq(6) = 0.574402,	Nq(7) = 0.48077,	Nq(8) = 0.362374,	Nq(9) = 0.574402,	Nq(10) = 0.57925,	Nq(11) = 0.574402,	Nq(12) = 0.363005,	Nq(13) = 0.48077,	Nq(14) = 0.574402,	Nq(15) = 0.48077,	Sq(0) = 1.29819e-17,	Sq(1) = 0.388776,	Sq(2) = 0.566052,	Sq(3) = 0.388776,	Sq(4) = 0.388776,	Sq(5) = 0.517576,	Sq(6) = 0.654599,	Sq(7) = 0.517576,	Sq(8) = 0.566052,	Sq(9) = 0.654599,	Sq(10) = 1.39739,	Sq(11) = 0.654599,	Sq(12) = 0.388776,	Sq(13) = 0.517576,	Sq(14) = 0.654599,	Sq(15) = 0.517576,	N(0) = 1.99814,	N(1) = 1.99692,	N(2) = 0.00218072,	N(3) = 1.99692,	N(4) = 1.99692,	N(5) = 0.999847,	N(6) = 0.00232187,	N(7) = 0.999847,	N(8) = 0.00218072,	N(9) = 0.00232187,	N(10) = 0.00114719,	N(11) = 0.00232187,	N(12) = 1.99692,	N(13) = 0.999847,	N(14) = 0.00232187,	N(15) = 0.999847,	Delta[s](0) = 0.215047,	Delta[s](1) = 0.190373,	Delta[s](2) = 0.147134,	Delta[s](3) = 0.190373,	Delta[s](4) = 0.190373,	Delta[s](5) = 0.168048,	Delta[s](6) = 0.142775,	Delta[s](7) = 0.168048,	Delta[s](8) = 0.147134,	Delta[s](9) = 0.142775,	Delta[s](10) = 0.0992524,	Delta[s](11) = 0.142775,	Delta[s](12) = 0.190373,	Delta[s](13) = 0.168048,	Delta[s](14) = 0.142775,	Delta[s](15) = 0.168048,	Delta[d](0) = 0.227865,	Delta[d](1) = 0.158561,	Delta[d](2) = 0.162678,	Delta[d](3) = 0.158561,	Delta[d](4) = 0.158561,	Delta[d](5) = 0.163695,	Delta[d](6) = 0.113806,	Delta[d](7) = 0.163695,	Delta[d](8) = 0.162678,	Delta[d](9) = 0.113806,	Delta[d](10) = 0.0493062,	Delta[d](11) = 0.113806,	Delta[d](12) = 0.158561,	Delta[d](13) = 0.163695,	Delta[d](14) = 0.113806,	Delta[d](15) = 0.163695,	Delta[s+](0) = 0.505929,	Delta[s+](1) = 0.38405,	Delta[s+](2) = 0.162678,	Delta[s+](3) = 0.38405,	Delta[s+](4) = 0.38405,	Delta[s+](5) = 0.272485,	Delta[s+](6) = 0.106287,	Delta[s+](7) = 0.272485,	Delta[s+](8) = 0.162678,	Delta[s+](9) = 0.106287,	Delta[s+](10) = 0.0368536,	Delta[s+](11) = 0.106287,	Delta[s+](12) = 0.38405,	Delta[s+](13) = 0.272485,	Delta[s+](14) = 0.106287,	Delta[s+](15) = 0.272485
The 8-th iteration is completed.	|| time cost : 0h 3m 59.512s
********************************************************************************************************************
********************************************************************************************************************
Ground state is obtained after 9 iterations. The current ground-state energy is -66.4515, in which electron energy is -66.6239 and phonon energy is 0.172423
final variational state is: 
	Gamma_x = [      1,1.04448,1.06567,1.04448,1.04448,1.07562,1.10152,1.07562,1.06567,1.10152,1.11536,1.10152,1.04448,1.07562,1.10152,1.07562]
	lambda_q = [0.661283,0.552875,0.477444,0.552875,0.552875,0.513606,0.488912,0.513606,0.477444,0.488912,0.452829,0.488912,0.552875,0.513606,0.488912,0.513606]
The effective e-e interactions mediated by phonons are: [3.49989,3.40562,3.22909,3.40562,3.40562,3.32508, 3.2618,3.32508,3.22909, 3.2618,3.15178, 3.2618,3.40562,3.32508, 3.2618,3.32508]
The real-space interactions mediated by phonons are: [ -53.0799,-0.513377,0.0822603,  -0.1383,-0.635751,-0.293972,0.0822603,-0.137552, 0.190467,-0.137552,0.0822603,-0.293972,-0.635751,  -0.1383,0.0822603,-0.513377]
********************************************************************************************************************
o___o  ----------------------------------------
| L |	Time since last clock: 0h 0m 0s
A===A	Time since the beginning: 0h 27m 48.71s
***********************************************

********************************************************************************************************************
Start warm-up calculation for scaling factor 4
open output files: NGSEDWarmUpW4Obs.txt
********************************************************************************************************************
Start the 0 rounds of NGS-ED iteration
	effective electronic model is modified as: kinetic energy t = 0.795337
	                                           effective interaction Vq = [-3.19933,-2.91459,  -2.661,-2.91459,-2.91459,-2.78825,-2.70249,-2.78825,  -2.661,-2.70249,-2.56839,-2.70249,-2.91459,-2.78825,-2.70249,-2.78825]
	PARPACK diagonalization completed after 45 matrix-vector product operations.
	iteration results: : total energy is -59.361371 | electron energy -59.447663 + phonon energy 0.086292 | electron momentum kIdx = 0
	Nq(0) = 12.25,	Nq(1) = 0.298231,	Nq(2) = 0.329212,	Nq(3) = 0.298231,	Nq(4) = 0.298231,	Nq(5) = 0.413804,	Nq(6) = 0.479268,	Nq(7) = 0.413804,	Nq(8) = 0.329212,	Nq(9) = 0.479268,	Nq(10) = 0.512745,	Nq(11) = 0.479268,	Nq(12) = 0.298231,	Nq(13) = 0.413804,	Nq(14) = 0.479268,	Nq(15) = 0.413804,	Sq(0) = 3.90162e-17,	Sq(1) = 0.424111,	Sq(2) = 0.620439,	Sq(3) = 0.424111,	Sq(4) = 0.424111,	Sq(5) = 0.554947,	Sq(6) = 0.734906,	Sq(7) = 0.554947,	Sq(8) = 0.620439,	Sq(9) = 0.734906,	Sq(10) = 1.71689,	Sq(11) = 0.734906,	Sq(12) = 0.424111,	Sq(13) = 0.554947,	Sq(14) = 0.734906,	Sq(15) = 0.554947,	N(0) = 1.97869,	N(1) = 1.96264,	N(2) = 0.0273498,	N(3) = 1.96264,	N(4) = 1.96264,	N(5) = 0.998265,	N(6) = 0.0275155,	N(7) = 0.998265,	N(8) = 0.0273498,	N(9) = 0.0275155,	N(10) = 0.0129509,	N(11) = 0.0275155,	N(12) = 1.96264,	N(13) = 0.998265,	N(14) = 0.0275155,	N(15) = 0.998265,	Delta[s](0) = 0.17202,	Delta[s](1) = 0.151058,	Delta[s](2) = 0.121826,	Delta[s](3) = 0.151058,	Delta[s](4) = 0.151058,	Delta[s](5) = 0.135247,	Delta[s](6) = 0.112543,	Delta[s](7) = 0.135247,	Delta[s](8) = 0.121826,	Delta[s](9) = 0.112543,	Delta[s](10) = 0.0821217,	Delta[s](11) = 0.112543,	Delta[s](12) = 0.151058,	Delta[s](13) = 0.135247,	Delta[s](14) = 0.112543,	Delta[s](15) = 0.135247,	Delta[d](0) = 0.24219,	Delta[d](1) = 0.175622,	Delta[d](2) = 0.186142,	Delta[d](3) = 0.175622,	Delta[d](4) = 0.175622,	Delta[d](5) = 0.178793,	Delta[d](6) = 0.130727,	Delta[d](7) = 0.178793,	Delta[d](8) = 0.186142,	Delta[d](9) = 0.130727,	Delta[d](10) = 0.0573638,	Delta[d](11) = 0.130727,	Delta[d](12) = 0.175622,	Delta[d](13) = 0.178793,	Delta[d](14) = 0.130727,	Delta[d](15) = 0.178793,	Delta[s+](0) = 0.561873,	Delta[s+](1) = 0.423657,	Delta[s+](2) = 0.186142,	Delta[s+](3) = 0.423657,	Delta[s+](4) = 0.423657,	Delta[s+](5) = 0.298868,	Delta[s+](6) = 0.122318,	Delta[s+](7) = 0.298868,	Delta[s+](8) = 0.186142,	Delta[s+](9) = 0.122318,	Delta[s+](10) = 0.0428583,	Delta[s+](11) = 0.122318,	Delta[s+](12) = 0.423657,	Delta[s+](13) = 0.298868,	Delta[s+](14) = 0.122318,	Delta[s+](15) = 0.298868
The 0-th iteration is completed.	|| time cost : 0h 4m 1.174s
********************************************************************************************************************
Start the 1 rounds of NGS-ED iteration
	effective electronic model is modified as: kinetic energy t = 0.785196
	                                           effective interaction Vq = [-3.36484,-3.03439,-2.74127,-3.03439,-3.03439,-2.88812,-2.76674,-2.88812,-2.74127,-2.76674,-2.61763,-2.76674,-3.03439,-2.88812,-2.76674,-2.88812]
	PARPACK diagonalization completed after 45 matrix-vector product operations.
	iteration results: : total energy is -61.548783 | electron energy -61.754222 + phonon energy 0.205439 | electron momentum kIdx = 0
The 1-th iteration is completed.	|| time cost : 0h 0m 24.486s
********************************************************************************************************************
Start the 2 rounds of NGS-ED iteration
	effective electronic model is modified as: kinetic energy t = 0.775582
	                                           effective interaction Vq = [-3.43921,-3.10939,  -2.797,-3.10939,-3.10939,-2.95619, -2.8204,-2.95619,  -2.797, -2.8204,-2.66477, -2.8204,-3.10939,-2.95619, -2.8204,-2.95619]
	PARPACK diagonalization completed after 45 matrix-vector product operations.
	iteration results: : total energy is -62.529183 | electron energy -62.818212 + phonon energy 0.289029 | electron momentum kIdx = 0
The 2-th iteration is completed.	|| time cost : 0h 0m 24.483s
********************************************************************************************************************
Start the 3 rounds of NGS-ED iteration
	effective electronic model is modified as: kinetic energy t = 0.76807
	                                           effective interaction Vq = [-3.47263,-3.15718,-2.83437,-3.15718,-3.15718,-3.00161,-2.86004,-3.00161,-2.83437,-2.86004,-2.70044,-2.86004,-3.15718,-3.00161,-2.86004,-3.00161]
	PARPACK diagonalization completed after 30 matrix-vector product operations.
	iteration results: : total energy is -62.970406 | electron energy -63.314312 + phonon energy 0.343906 | electron momentum kIdx = 0
The 3-th iteration is completed.	|| time cost : 0h 0m 21.666s
********************************************************************************************************************
Start the 4 rounds of NGS-ED iteration
	effective electronic model is modified as: kinetic energy t = 0.762607
	                                           effective interaction Vq = [-3.48764,-3.18807, -2.8591,-3.18807,-3.18807,-3.03174,-2.88809,-3.03174, -2.8591,-2.88809,-2.72555,-2.88809,-3.18807,-3.03174,-2.88809,-3.03174]
	PARPACK diagonalization completed after 45 matrix-vector product operations.
	iteration results: : total energy is -63.169124 | electron energy -63.549244 + phonon energy 0.380119 | electron momentum kIdx = 0
The 4-th iteration is completed.	|| time cost : 0h 0m 24.53s
********************************************************************************************************************
Start the 5 rounds of NGS-ED iteration
	effective electronic model is modified as: kinetic energy t = 0.758763
	                                           effective interaction Vq = [-3.49439,-3.20828,-2.87541,-3.20828,-3.20828,-3.05173,-2.90762,-3.05173,-2.87541,-2.90762,-2.74275,-2.90762,-3.20828,-3.05173,-2.90762,-3.05173]
	PARPACK diagonalization completed after 30 matrix-vector product operations.
	iteration results: : total energy is -63.258622 | electron energy -63.662942 + phonon energy 0.404320 | electron momentum kIdx = 0
The 5-th iteration is completed.	|| time cost : 0h 0m 21.7s
********************************************************************************************************************
Start the 6 rounds of NGS-ED iteration
	effective electronic model is modified as: kinetic energy t = 0.756103
	                                           effective interaction Vq = [-3.49742,-3.22161,-2.88615,-3.22161,-3.22161,  -3.065,-2.92113,  -3.065,-2.88615,-2.92113,-2.75442,-2.92113,-3.22161,  -3.065,-2.92113,  -3.065]
	PARPACK diagonalization completed after 30 matrix-vector product operations.
	iteration results: : total energy is -63.298925 | electron energy -63.719562 + phonon energy 0.420637 | electron momentum kIdx = 0
The 6-th iteration is completed.	|| time cost : 0h 0m 21.685s
********************************************************************************************************************
Start the 7 rounds of NGS-ED iteration
	effective electronic model is modified as: kinetic energy t = 0.754279
	                                           effective interaction Vq = [-3.49878,-3.23047,-2.89323,-3.23047,-3.23047,-3.07384,-2.93045,-3.07384,-2.89323,-2.93045,-2.76231,-2.93045,-3.23047,-3.07384,-2.93045,-3.07384]
	PARPACK diagonalization completed after 30 matrix-vector product operations.
	iteration results: : total energy is -63.317072 | electron energy -63.748766 + phonon energy 0.431694 | electron momentum kIdx = 0
The 7-th iteration is completed.	|| time cost : 0h 0m 21.675s
********************************************************************************************************************
Start the 8 rounds of NGS-ED iteration
	effective electronic model is modified as: kinetic energy t = 0.753034
	                                           effective interaction Vq = [-3.49939,-3.23638,-2.89791,-3.23638,-3.23638,-3.07973,-2.93689,-3.07973,-2.89791,-2.93689,-2.76763,-2.93689,-3.23638,-3.07973,-2.93689,-3.07973]
	PARPACK diagonalization completed after 30 matrix-vector product operations.
	iteration results: : total energy is -63.325242 | electron energy -63.764446 + phonon energy 0.439204 | electron momentum kIdx = 0
The 8-th iteration is completed.	|| time cost : 0h 0m 21.65s
********************************************************************************************************************
Start the 9 rounds of NGS-ED iteration
	effective electronic model is modified as: kinetic energy t = 0.752187
	                                           effective interaction Vq = [-3.49967,-3.24033,  -2.901,-3.24033,-3.24033,-3.08366,-2.94133,-3.08366,  -2.901,-2.94133,-2.77122,-2.94133,-3.24033,-3.08366,-2.94133,-3.08366]
	PARPACK diagonalization completed after 30 matrix-vector product operations.
	iteration results: : total energy is -63.328921 | electron energy -63.773230 + phonon energy 0.444309 | electron momentum kIdx = 0
The 9-th iteration is completed.	|| time cost : 0h 0m 21.669s
********************************************************************************************************************
Start the 10 rounds of NGS-ED iteration
	effective electronic model is modified as: kinetic energy t = 0.75161
	                                           effective interaction Vq = [-3.49979,-3.24299,-2.90305,-3.24299,-3.24299,-3.08628,-2.94439,-3.08628,-2.90305,-2.94439,-2.77365,-2.94439,-3.24299,-3.08628,-2.94439,-3.08628]
	PARPACK diagonalization completed after 30 matrix-vector product operations.
	iteration results: : total energy is -63.330577 | electron energy -63.778359 + phonon energy 0.447782 | electron momentum kIdx = 0
The 10-th iteration is completed.	|| time cost : 0h 0m 21.667s
********************************************************************************************************************
Start the 11 rounds of NGS-ED iteration
	effective electronic model is modified as: kinetic energy t = 0.751219
	                                           effective interaction Vq = [-3.49985,-3.24477,-2.90441,-3.24477,-3.24477,-3.08804, -2.9465,-3.08804,-2.90441, -2.9465,-2.77529, -2.9465,-3.24477,-3.08804, -2.9465,-3.08804]
	PARPACK diagonalization completed after 30 matrix-vector product operations.
	iteration results: : total energy is -63.331323 | electron energy -63.781467 + phonon energy 0.450144 | electron momentum kIdx = 0
The 11-th iteration is completed.	|| time cost : 0h 0m 21.689s
********************************************************************************************************************
Start the 12 rounds of NGS-ED iteration
	effective electronic model is modified as: kinetic energy t = 0.750954
	                                           effective interaction Vq = [-3.49987,-3.24597,-2.90531,-3.24597,-3.24597,-3.08921,-2.94796,-3.08921,-2.90531,-2.94796,-2.77639,-2.94796,-3.24597,-3.08921,-2.94796,-3.08921]
	PARPACK diagonalization completed after 30 matrix-vector product operations.
	iteration results: : total energy is -63.331659 | electron energy -63.783409 + phonon energy 0.451750 | electron momentum kIdx = 0
The 12-th iteration is completed.	|| time cost : 0h 0m 21.678s
********************************************************************************************************************
Start the 13 rounds of NGS-ED iteration
	effective electronic model is modified as: kinetic energy t = 0.750773
	                                           effective interaction Vq = [-3.49988,-3.24678,-2.90591,-3.24678,-3.24678,   -3.09,-2.94897,   -3.09,-2.90591,-2.94897,-2.77714,-2.94897,-3.24678,   -3.09,-2.94897,   -3.09]
	PARPACK diagonalization completed after 30 matrix-vector product operations.
	iteration results: : total energy is -63.331810 | electron energy -63.784653 + phonon energy 0.452843 | electron momentum kIdx = 0
The 13-th iteration is completed.	|| time cost : 0h 0m 21.652s
********************************************************************************************************************
Start the 14 rounds of NGS-ED iteration
	effective electronic model is modified as: kinetic energy t = 0.750651
	                                           effective interaction Vq = [-3.49989,-3.24733,-2.90631,-3.24733,-3.24733,-3.09053,-2.94966,-3.09053,-2.90631,-2.94966,-2.77764,-2.94966,-3.24733,-3.09053,-2.94966,-3.09053]
	PARPACK diagonalization completed after 30 matrix-vector product operations.
	iteration results: : total energy is -63.331878 | electron energy -63.785464 + phonon energy 0.453586 | electron momentum kIdx = 0
The 14-th iteration is completed.	|| time cost : 0h 0m 21.694s
********************************************************************************************************************
Start the 15 rounds of NGS-ED iteration
	effective electronic model is modified as: kinetic energy t = 0.750568
	                                           effective interaction Vq = [-3.49989, -3.2477,-2.90658, -3.2477, -3.2477,-3.09088,-2.95014,-3.09088,-2.90658,-2.95014,-2.77799,-2.95014, -3.2477,-3.09088,-2.95014,-3.09088]
	PARPACK diagonalization completed after 30 matrix-vector product operations.
