SNEDics v3.4 Non-Gaussian ED ground state program		Start at Fri Sep 27 00:09:31 2019

parallized on 16 MPI threads  * 8 OpenMP threads = 128 total threads.
********************************************************************************************************************
********************************************************************************************************************

********************************************************************************************************************
System parameters and configurations
********************************************************************************************************************
Special program options are enabled: splitted diagonal Hamiltonian
********************************************************************************************************************
Read input file "model_params.in"
	Hubbard-Holstein model parameters : 	t = 1    U = 7    g = 3.873    W = 5    
********************************************************************************************************************
Read input file "hilbertspace_params.in"
	Requested 16-site 2D lattice, with 12 electrons (6, 6)
	Boundary : Periodic		Hilbert space representation : momentum-space (restricted to kIdx = 0)
	Conservation: particle number[U(1)]      spin[U(1)]     momentum
********************************************************************************************************************

Cluster Positions:				Cluster symmetry group : D4
 x ... x ... x ... x .....                       x ... x ... x ... x .....
 |           |           :                       |           |           :
 |           |           :                       |           |           :
12    13    14    15     x                       1     5     6     5     x
 |           |           :                       |           |           :
 |           |           :                       |           |           :
 8 --- 9 ---10 ---11 --- x                       2 --- 6 ---10 --- 6 --- x
 |           |           :                       |           |           :
 |           |           :                       |           |           :
 4     5     6     7     x                       1     5     6     5     x
 |           |           :                       |           |           :
 |           |           :                       |           |           :
 0 --- 1 --- 2 --- 3 --- x                       0 --- 1 --- 2 --- 1 --- x
orbital number : 1
********************************************************************************************************************
Read input file "obs_params.in"
	Observable Type : Nq(All),   Sq(All),   N(All),   Delta[s](All),   Delta[d](All),   Delta[s+](All)
********************************************************************************************************************
** WARNING ** the input observables have non-local factors which have been reinterpreted. The total observable number is 96
********************************************************************************************************************


********************************************************************************************************************
Start calculating the non-Gaussian ED ground state
** WARNING ** Detected low phonon energy W < 10. The initial state will be prepared through a warm-up process.
********************************************************************************************************************
Start warm-up calculation for scaling factor 2
open output files: NGSEDWarmUpW10Obs.txt
********************************************************************************************************************
Start the 0 rounds of NGS-ED iteration
	effective electronic model is modified as: kinetic energy t = 1
	                                           effective interaction Vq = [-0,-0,-0,-0,-0,-0,-0,-0,-0,-0,-0,-0,-0,-0,-0,-0]
	first Hamiltonian is constructed, non-zero numbers = 969134044
	PARPACK diagonalization completed after 150 matrix-vector product operations.
	iteration results: : total energy is -15.425223 | electron energy -15.425223 + phonon energy 0.000000 | electron momentum kIdx = 0
	Nq(0) = 9,	Nq(1) = 0.201482,	Nq(2) = 0.276615,	Nq(3) = 0.201482,	Nq(4) = 0.201482,	Nq(5) = 0.255504,	Nq(6) = 0.331249,	Nq(7) = 0.255504,	Nq(8) = 0.276615,	Nq(9) = 0.331249,	Nq(10) = 0.394673,	Nq(11) = 0.331249,	Nq(12) = 0.201482,	Nq(13) = 0.255504,	Nq(14) = 0.331249,	Nq(15) = 0.255504,	Sq(0) = -1.69079e-18,	Sq(1) = 0.544222,	Sq(2) = 0.422607,	Sq(3) = 0.544222,	Sq(4) = 0.544222,	Sq(5) = 0.784586,	Sq(6) = 0.988954,	Sq(7) = 0.784586,	Sq(8) = 0.422607,	Sq(9) = 0.988954,	Sq(10) = 0.782889,	Sq(11) = 0.988954,	Sq(12) = 0.544222,	Sq(13) = 0.784586,	Sq(14) = 0.988954,	Sq(15) = 0.784586,	N(0) = 1.8036,	N(1) = 1.6739,	N(2) = 0.731522,	N(3) = 1.6739,	N(4) = 1.6739,	N(5) = 0.363501,	N(6) = 0.125952,	N(7) = 0.363501,	N(8) = 0.731522,	N(9) = 0.125952,	N(10) = 0.0799487,	N(11) = 0.125952,	N(12) = 1.6739,	N(13) = 0.363501,	N(14) = 0.125952,	N(15) = 0.363501,	Delta[s](0) = 0.0663217,	Delta[s](1) = 0.048824,	Delta[s](2) = 0.0365646,	Delta[s](3) = 0.048824,	Delta[s](4) = 0.048824,	Delta[s](5) = 0.03359,	Delta[s](6) = 0.0179294,	Delta[s](7) = 0.03359,	Delta[s](8) = 0.0365646,	Delta[s](9) = 0.0179294,	Delta[s](10) = 0.00959869,	Delta[s](11) = 0.0179294,	Delta[s](12) = 0.048824,	Delta[s](13) = 0.03359,	Delta[s](14) = 0.0179294,	Delta[s](15) = 0.03359,	Delta[d](0) = 0.225686,	Delta[d](1) = 0.18049,	Delta[d](2) = 0.22211,	Delta[d](3) = 0.18049,	Delta[d](4) = 0.18049,	Delta[d](5) = 0.127889,	Delta[d](6) = 0.152078,	Delta[d](7) = 0.127889,	Delta[d](8) = 0.22211,	Delta[d](9) = 0.152078,	Delta[d](10) = 0.0814264,	Delta[d](11) = 0.152078,	Delta[d](12) = 0.18049,	Delta[d](13) = 0.127889,	Delta[d](14) = 0.152078,	Delta[d](15) = 0.127889,	Delta[s+](0) = 0.519965,	Delta[s+](1) = 0.356229,	Delta[s+](2) = 0.22211,	Delta[s+](3) = 0.356229,	Delta[s+](4) = 0.356229,	Delta[s+](5) = 0.178954,	Delta[s+](6) = 0.0684828,	Delta[s+](7) = 0.178954,	Delta[s+](8) = 0.22211,	Delta[s+](9) = 0.0684828,	Delta[s+](10) = 0.0211098,	Delta[s+](11) = 0.0684828,	Delta[s+](12) = 0.356229,	Delta[s+](13) = 0.178954,	Delta[s+](14) = 0.0684828,	Delta[s+](15) = 0.178954
The 0-th iteration is completed.	|| time cost : 0h 2m 54.656s
********************************************************************************************************************
Start the 1 rounds of NGS-ED iteration
	effective electronic model is modified as: kinetic energy t = 0.920833
	                                           effective interaction Vq = [-2.59402,-2.43026,-2.35737,-2.43026,-2.43026,-2.33785,-2.29997,-2.33785,-2.35737,-2.29997,-2.26735,-2.29997,-2.43026,-2.33785,-2.29997,-2.33785]
	PARPACK diagonalization completed after 45 matrix-vector product operations.
	iteration results: : total energy is -48.321856 | electron energy -48.326905 + phonon energy 0.005049 | electron momentum kIdx = 0
The 1-th iteration is completed.	|| time cost : 0h 2m 30.822s
********************************************************************************************************************
Start the 2 rounds of NGS-ED iteration
	effective electronic model is modified as: kinetic energy t = 0.872421
	                                           effective interaction Vq = [-2.94508,-2.81121,-2.72022,-2.81121,-2.81121,-2.69279, -2.6762,-2.69279,-2.72022, -2.6762, -2.6655, -2.6762,-2.81121,-2.69279, -2.6762,-2.69279]
	PARPACK diagonalization completed after 30 matrix-vector product operations.
	iteration results: : total energy is -52.561230 | electron energy -52.599436 + phonon energy 0.038206 | electron momentum kIdx = 0
The 2-th iteration is completed.	|| time cost : 0h 0m 8.963s
********************************************************************************************************************
Start the 3 rounds of NGS-ED iteration
	effective electronic model is modified as: kinetic energy t = 0.855011
	                                           effective interaction Vq = [-2.99259, -2.8951,-2.80639, -2.8951, -2.8951,-2.77588,-2.77008,-2.77588,-2.80639,-2.77008,-2.76989,-2.77008, -2.8951,-2.77588,-2.77008,-2.77588]
	PARPACK diagonalization completed after 30 matrix-vector product operations.
	iteration results: : total energy is -53.113945 | electron energy -53.178740 + phonon energy 0.064795 | electron momentum kIdx = 0
The 3-th iteration is completed.	|| time cost : 0h 0m 9.077s
********************************************************************************************************************
Start the 4 rounds of NGS-ED iteration
	effective electronic model is modified as: kinetic energy t = 0.849175
	                                           effective interaction Vq = [-2.99902,-2.91787,-2.83107,-2.91787,-2.91787,-2.79918,-2.79774,-2.79918,-2.83107,-2.79774,-2.80182,-2.79774,-2.91787,-2.79918,-2.79774,-2.79918]
	PARPACK diagonalization completed after 30 matrix-vector product operations.
	iteration results: : total energy is -53.185735 | electron energy -53.262157 + phonon energy 0.076422 | electron momentum kIdx = 0
The 4-th iteration is completed.	|| time cost : 0h 0m 8.984s
********************************************************************************************************************
Start the 5 rounds of NGS-ED iteration
	effective electronic model is modified as: kinetic energy t = 0.847253
	                                           effective interaction Vq = [-2.99989,-2.92482,-2.83872,-2.92482,-2.92482,-2.80619,-2.80648,-2.80619,-2.83872,-2.80648, -2.8123,-2.80648,-2.92482,-2.80619,-2.80648,-2.80619]
	PARPACK diagonalization completed after 30 matrix-vector product operations.
	iteration results: : total energy is -53.195086 | electron energy -53.275724 + phonon energy 0.080638 | electron momentum kIdx = 0
The 5-th iteration is completed.	|| time cost : 0h 0m 9.104s
********************************************************************************************************************
Start the 6 rounds of NGS-ED iteration
	effective electronic model is modified as: kinetic energy t = 0.846623
	                                           effective interaction Vq = [-3.00001,-2.92705,-2.84117,-2.92705,-2.92705,-2.80835,-2.80932,-2.80835,-2.84117,-2.80932,-2.81584,-2.80932,-2.92705,-2.80835,-2.80932,-2.80835]
	PARPACK diagonalization completed after 30 matrix-vector product operations.
	iteration results: : total energy is -53.196311 | electron energy -53.278384 + phonon energy 0.082073 | electron momentum kIdx = 0
The 6-th iteration is completed.	|| time cost : 0h 0m 9.086s
********************************************************************************************************************
Start the 7 rounds of NGS-ED iteration
	effective electronic model is modified as: kinetic energy t = 0.846416
	                                           effective interaction Vq = [-3.00002,-2.92778,-2.84197,-2.92778,-2.92778,-2.80902,-2.81025,-2.80902,-2.84197,-2.81025,-2.81705,-2.81025,-2.92778,-2.80902,-2.81025,-2.80902]
	PARPACK diagonalization completed after 30 matrix-vector product operations.
	iteration results: : total energy is -53.196472 | electron energy -53.279023 + phonon energy 0.082551 | electron momentum kIdx = 0
The 7-th iteration is completed.	|| time cost : 0h 0m 9.009s
********************************************************************************************************************
Start the 8 rounds of NGS-ED iteration
	effective electronic model is modified as: kinetic energy t = 0.846349
	                                           effective interaction Vq = [-3.00003,-2.92802,-2.84222,-2.92802,-2.92802,-2.80923,-2.81055,-2.80923,-2.84222,-2.81055,-2.81747,-2.81055,-2.92802,-2.80923,-2.81055,-2.80923]
	PARPACK diagonalization completed after 30 matrix-vector product operations.
	iteration results: : total energy is -53.196494 | electron energy -53.279203 + phonon energy 0.082709 | electron momentum kIdx = 0
	Nq(0) = 9,	Nq(1) = 0.332178,	Nq(2) = 0.40236,	Nq(3) = 0.332178,	Nq(4) = 0.332178,	Nq(5) = 0.35587,	Nq(6) = 0.526227,	Nq(7) = 0.35587,	Nq(8) = 0.40236,	Nq(9) = 0.526227,	Nq(10) = 0.705705,	Nq(11) = 0.526227,	Nq(12) = 0.332178,	Nq(13) = 0.35587,	Nq(14) = 0.526227,	Nq(15) = 0.35587,	Sq(0) = 1.37851e-19,	Sq(1) = 0.425989,	Sq(2) = 0.397137,	Sq(3) = 0.425989,	Sq(4) = 0.425989,	Sq(5) = 0.636791,	Sq(6) = 0.724688,	Sq(7) = 0.636791,	Sq(8) = 0.397137,	Sq(9) = 0.724688,	Sq(10) = 0.68833,	Sq(11) = 0.724688,	Sq(12) = 0.425989,	Sq(13) = 0.636791,	Sq(14) = 0.724688,	Sq(15) = 0.636791,	N(0) = 1.98445,	N(1) = 1.97416,	N(2) = 0.658256,	N(3) = 1.97416,	N(4) = 1.97416,	N(5) = 0.18736,	N(6) = 0.0116612,	N(7) = 0.18736,	N(8) = 0.658256,	N(9) = 0.0116612,	N(10) = 0.00630491,	N(11) = 0.0116612,	N(12) = 1.97416,	N(13) = 0.18736,	N(14) = 0.0116612,	N(15) = 0.18736,	Delta[s](0) = 0.170725,	Delta[s](1) = 0.127784,	Delta[s](2) = 0.114979,	Delta[s](3) = 0.127784,	Delta[s](4) = 0.127784,	Delta[s](5) = 0.105572,	Delta[s](6) = 0.0746282,	Delta[s](7) = 0.105572,	Delta[s](8) = 0.114979,	Delta[s](9) = 0.0746282,	Delta[s](10) = 0.0511437,	Delta[s](11) = 0.0746282,	Delta[s](12) = 0.127784,	Delta[s](13) = 0.105572,	Delta[s](14) = 0.0746282,	Delta[s](15) = 0.105572,	Delta[d](0) = 0.233472,	Delta[d](1) = 0.178054,	Delta[d](2) = 0.218231,	Delta[d](3) = 0.178054,	Delta[d](4) = 0.178054,	Delta[d](5) = 0.134334,	Delta[d](6) = 0.139645,	Delta[d](7) = 0.134334,	Delta[d](8) = 0.218231,	Delta[d](9) = 0.139645,	Delta[d](10) = 0.0502395,	Delta[d](11) = 0.139645,	Delta[d](12) = 0.178054,	Delta[d](13) = 0.134334,	Delta[d](14) = 0.139645,	Delta[d](15) = 0.134334,	Delta[s+](0) = 0.508996,	Delta[s+](1) = 0.350887,	Delta[s+](2) = 0.218231,	Delta[s+](3) = 0.350887,	Delta[s+](4) = 0.350887,	Delta[s+](5) = 0.167565,	Delta[s+](6) = 0.0581031,	Delta[s+](7) = 0.167565,	Delta[s+](8) = 0.218231,	Delta[s+](9) = 0.0581031,	Delta[s+](10) = 0.0171618,	Delta[s+](11) = 0.0581031,	Delta[s+](12) = 0.350887,	Delta[s+](13) = 0.167565,	Delta[s+](14) = 0.0581031,	Delta[s+](15) = 0.167565
The 8-th iteration is completed.	|| time cost : 0h 1m 26.376s
********************************************************************************************************************
********************************************************************************************************************
Ground state is obtained after 9 iterations. The current ground-state energy is -53.1965, in which electron energy is -53.2792 and phonon energy is 0.0827091
final variational state is: 
	Gamma_x = [      1,1.02641,1.04356,1.02641,1.02641,1.04107,1.06115,1.04107,1.04356,1.06115,1.08173,1.06115,1.02641,1.04107,1.06115,1.04107]
	lambda_q = [0.547657,0.462912,0.422139,0.462912,0.462912, 0.40962,0.410111, 0.40962,0.422139,0.410111,0.412665,0.410111,0.462912, 0.40962,0.410111, 0.40962]
********************************************************************************************************************
o___o  ----------------------------------------
| L |	Time since last clock: 0h 0m 0s
A===A	Time since the beginning: 0h 7m 46.081s
***********************************************


********************************************************************************************************************
Warm up runs have been completed. Start calculating W = 5 phonon.
open output files: NGSEDIterationObs.txt
********************************************************************************************************************
Start the 0 rounds of NGS-ED iteration
	effective electronic model is modified as: kinetic energy t = 0.846327
	                                           effective interaction Vq = [-2.74251,-2.51428,-2.37888,-2.51428,-2.51428,-2.33397,-2.33577,-2.33397,-2.37888,-2.33577,-2.34504,-2.33577,-2.51428,-2.33397,-2.33577,-2.33397]
	PARPACK diagonalization completed after 45 matrix-vector product operations.
	iteration results: : total energy is -48.135117 | electron energy -48.176498 + phonon energy 0.041381 | electron momentum kIdx = 0
	Nq(0) = 9,	Nq(1) = 0.299536,	Nq(2) = 0.366272,	Nq(3) = 0.299536,	Nq(4) = 0.299536,	Nq(5) = 0.329806,	Nq(6) = 0.469574,	Nq(7) = 0.329806,	Nq(8) = 0.366272,	Nq(9) = 0.469574,	Nq(10) = 0.611089,	Nq(11) = 0.469574,	Nq(12) = 0.299536,	Nq(13) = 0.329806,	Nq(14) = 0.469574,	Nq(15) = 0.329806,	Sq(0) = -7.13097e-18,	Sq(1) = 0.458228,	Sq(2) = 0.40681,	Sq(3) = 0.458228,	Sq(4) = 0.458228,	Sq(5) = 0.67968,	Sq(6) = 0.79265,	Sq(7) = 0.67968,	Sq(8) = 0.40681,	Sq(9) = 0.79265,	Sq(10) = 0.72485,	Sq(11) = 0.79265,	Sq(12) = 0.458228,	Sq(13) = 0.67968,	Sq(14) = 0.79265,	Sq(15) = 0.67968,	N(0) = 1.95885,	N(1) = 1.92918,	N(2) = 0.668339,	N(3) = 1.92918,	N(4) = 1.92918,	N(5) = 0.211954,	N(6) = 0.0306662,	N(7) = 0.211954,	N(8) = 0.668339,	N(9) = 0.0306662,	N(10) = 0.0172563,	N(11) = 0.0306662,	N(12) = 1.92918,	N(13) = 0.211954,	N(14) = 0.0306662,	N(15) = 0.211954,	Delta[s](0) = 0.134026,	Delta[s](1) = 0.10401,	Delta[s](2) = 0.092173,	Delta[s](3) = 0.10401,	Delta[s](4) = 0.10401,	Delta[s](5) = 0.0858605,	Delta[s](6) = 0.0617454,	Delta[s](7) = 0.0858605,	Delta[s](8) = 0.092173,	Delta[s](9) = 0.0617454,	Delta[s](10) = 0.044812,	Delta[s](11) = 0.0617454,	Delta[s](12) = 0.10401,	Delta[s](13) = 0.0858605,	Delta[s](14) = 0.0617454,	Delta[s](15) = 0.0858605,	Delta[d](0) = 0.237048,	Delta[d](1) = 0.18556,	Delta[d](2) = 0.230292,	Delta[d](3) = 0.18556,	Delta[d](4) = 0.18556,	Delta[d](5) = 0.139822,	Delta[d](6) = 0.152143,	Delta[d](7) = 0.139822,	Delta[d](8) = 0.230292,	Delta[d](9) = 0.152143,	Delta[d](10) = 0.0651753,	Delta[d](11) = 0.152143,	Delta[d](12) = 0.18556,	Delta[d](13) = 0.139822,	Delta[d](14) = 0.152143,	Delta[d](15) = 0.139822,	Delta[s+](0) = 0.53508,	Delta[s+](1) = 0.368445,	Delta[s+](2) = 0.230292,	Delta[s+](3) = 0.368445,	Delta[s+](4) = 0.368445,	Delta[s+](5) = 0.180448,	Delta[s+](6) = 0.0671315,	Delta[s+](7) = 0.180448,	Delta[s+](8) = 0.230292,	Delta[s+](9) = 0.0671315,	Delta[s+](10) = 0.0218138,	Delta[s+](11) = 0.0671315,	Delta[s+](12) = 0.368445,	Delta[s+](13) = 0.180448,	Delta[s+](14) = 0.0671315,	Delta[s+](15) = 0.180448
The 0-th iteration is completed.	|| time cost : 0h 1m 28.235s
********************************************************************************************************************
Start the 1 rounds of NGS-ED iteration
	effective electronic model is modified as: kinetic energy t = 0.829869
	                                           effective interaction Vq = [-2.90529,-2.65566,-2.48936,-2.65566,-2.65566,-2.43648,-2.42972,-2.43648,-2.48936,-2.42972,-2.43542,-2.42972,-2.65566,-2.43648,-2.42972,-2.43648]
	PARPACK diagonalization completed after 30 matrix-vector product operations.
	iteration results: : total energy is -49.771970 | electron energy -49.886327 + phonon energy 0.114357 | electron momentum kIdx = 0
The 1-th iteration is completed.	|| time cost : 0h 0m 9.081s
********************************************************************************************************************
Start the 2 rounds of NGS-ED iteration
	effective electronic model is modified as: kinetic energy t = 0.819593
	                                           effective interaction Vq = [-2.96517,-2.72655,-2.54823,-2.72655,-2.72655,-2.49049,-2.48379,-2.49049,-2.54823,-2.48379,-2.49128,-2.48379,-2.72655,-2.49049,-2.48379,-2.49049]
	PARPACK diagonalization completed after 30 matrix-vector product operations.
	iteration results: : total energy is -50.366786 | electron energy -50.531545 + phonon energy 0.164759 | electron momentum kIdx = 0
The 2-th iteration is completed.	|| time cost : 0h 0m 9.107s
********************************************************************************************************************
Start the 3 rounds of NGS-ED iteration
	effective electronic model is modified as: kinetic energy t = 0.813484
	                                           effective interaction Vq = [ -2.9872,-2.76365, -2.5802,-2.76365,-2.76365,-2.51937,-2.51444,-2.51937, -2.5802,-2.51444,-2.52436,-2.51444,-2.76365,-2.51937,-2.51444,-2.51937]
	PARPACK diagonalization completed after 30 matrix-vector product operations.
	iteration results: : total energy is -50.583220 | electron energy -50.778437 + phonon energy 0.195217 | electron momentum kIdx = 0
The 3-th iteration is completed.	|| time cost : 0h 0m 8.965s
********************************************************************************************************************
Start the 4 rounds of NGS-ED iteration
	effective electronic model is modified as: kinetic energy t = 0.809938
	                                           effective interaction Vq = [-2.99531,-2.78365, -2.5978,-2.78365,-2.78365,-2.53499,-2.53178,-2.53499, -2.5978,-2.53178,-2.54375,-2.53178,-2.78365,-2.53499,-2.53178,-2.53499]
	PARPACK diagonalization completed after 30 matrix-vector product operations.
	iteration results: : total energy is -50.662043 | electron energy -50.875020 + phonon energy 0.212977 | electron momentum kIdx = 0
The 4-th iteration is completed.	|| time cost : 0h 0m 9.103s
********************************************************************************************************************
Start the 5 rounds of NGS-ED iteration
	effective electronic model is modified as: kinetic energy t = 0.807904
	                                           effective interaction Vq = [-2.99829,-2.79464,-2.60757,-2.79464,-2.79464,-2.54348, -2.5416,-2.54348,-2.60757, -2.5416,-2.55509, -2.5416,-2.79464,-2.54348, -2.5416,-2.54348]
	PARPACK diagonalization completed after 30 matrix-vector product operations.
	iteration results: : total energy is -50.690777 | electron energy -50.913976 + phonon energy 0.223199 | electron momentum kIdx = 0
The 5-th iteration is completed.	|| time cost : 0h 0m 8.96s
********************************************************************************************************************
Start the 6 rounds of NGS-ED iteration
	effective electronic model is modified as: kinetic energy t = 0.806745
	                                           effective interaction Vq = [-2.99939,-2.80076,-2.61303,-2.80076,-2.80076,-2.54812,-2.54717,-2.54812,-2.61303,-2.54717,-2.56173,-2.54717,-2.80076,-2.54812,-2.54717,-2.54812]
	PARPACK diagonalization completed after 30 matrix-vector product operations.
	iteration results: : total energy is -50.701261 | electron energy -50.930311 + phonon energy 0.229050 | electron momentum kIdx = 0
The 6-th iteration is completed.	|| time cost : 0h 0m 9.094s
********************************************************************************************************************
Start the 7 rounds of NGS-ED iteration
	effective electronic model is modified as: kinetic energy t = 0.806086
	                                           effective interaction Vq = [-2.99979, -2.8042,-2.61609, -2.8042, -2.8042,-2.55066,-2.55033,-2.55066,-2.61609,-2.55033,-2.56563,-2.55033, -2.8042,-2.55066,-2.55033,-2.55066]
	PARPACK diagonalization completed after 30 matrix-vector product operations.
	iteration results: : total energy is -50.705090 | electron energy -50.937479 + phonon energy 0.232388 | electron momentum kIdx = 0
The 7-th iteration is completed.	|| time cost : 0h 0m 9.094s
********************************************************************************************************************
Start the 8 rounds of NGS-ED iteration
	effective electronic model is modified as: kinetic energy t = 0.805713
	                                           effective interaction Vq = [-2.99994,-2.80613, -2.6178,-2.80613,-2.80613,-2.55205,-2.55213,-2.55205, -2.6178,-2.55213,-2.56792,-2.55213,-2.80613,-2.55205,-2.55213,-2.55205]
	PARPACK diagonalization completed after 30 matrix-vector product operations.
	iteration results: : total energy is -50.706490 | electron energy -50.940781 + phonon energy 0.234290 | electron momentum kIdx = 0
The 8-th iteration is completed.	|| time cost : 0h 0m 8.984s
********************************************************************************************************************
Start the 9 rounds of NGS-ED iteration
	effective electronic model is modified as: kinetic energy t = 0.805501
	                                           effective interaction Vq = [-2.99999,-2.80722,-2.61877,-2.80722,-2.80722,-2.55281,-2.55315,-2.55281,-2.61877,-2.55315,-2.56927,-2.55315,-2.80722,-2.55281,-2.55315,-2.55281]
	PARPACK diagonalization completed after 30 matrix-vector product operations.
	iteration results: : total energy is -50.707002 | electron energy -50.942376 + phonon energy 0.235374 | electron momentum kIdx = 0
The 9-th iteration is completed.	|| time cost : 0h 0m 9.101s
********************************************************************************************************************
Start the 10 rounds of NGS-ED iteration
	effective electronic model is modified as: kinetic energy t = 0.805381
	                                           effective interaction Vq = [-3.00001,-2.80783,-2.61931,-2.80783,-2.80783,-2.55323,-2.55373,-2.55323,-2.61931,-2.55373,-2.57007,-2.55373,-2.80783,-2.55323,-2.55373,-2.55323]
	PARPACK diagonalization completed after 30 matrix-vector product operations.
	iteration results: : total energy is -50.707190 | electron energy -50.943180 + phonon energy 0.235991 | electron momentum kIdx = 0
	Nq(0) = 9,	Nq(1) = 0.321998,	Nq(2) = 0.381514,	Nq(3) = 0.321998,	Nq(4) = 0.321998,	Nq(5) = 0.338702,	Nq(6) = 0.48775,	Nq(7) = 0.338702,	Nq(8) = 0.381514,	Nq(9) = 0.48775,	Nq(10) = 0.642893,	Nq(11) = 0.48775,	Nq(12) = 0.321998,	Nq(13) = 0.338702,	Nq(14) = 0.48775,	Nq(15) = 0.338702,	Sq(0) = -7.2272e-18,	Sq(1) = 0.443645,	Sq(2) = 0.403502,	Sq(3) = 0.443645,	Sq(4) = 0.443645,	Sq(5) = 0.662028,	Sq(6) = 0.764436,	Sq(7) = 0.662028,	Sq(8) = 0.403502,	Sq(9) = 0.764436,	Sq(10) = 0.712836,	Sq(11) = 0.764436,	Sq(12) = 0.443645,	Sq(13) = 0.662028,	Sq(14) = 0.764436,	Sq(15) = 0.662028,	N(0) = 1.97007,	N(1) = 1.95108,	N(2) = 0.657428,	N(3) = 1.95108,	N(4) = 1.95108,	N(5) = 0.202262,	N(6) = 0.0222665,	N(7) = 0.202262,	N(8) = 0.657428,	N(9) = 0.0222665,	N(10) = 0.0126581,	N(11) = 0.0222665,	N(12) = 1.95108,	N(13) = 0.202262,	N(14) = 0.0222665,	N(15) = 0.202262,	Delta[s](0) = 0.140731,	Delta[s](1) = 0.111108,	Delta[s](2) = 0.10016,	Delta[s](3) = 0.111108,	Delta[s](4) = 0.111108,	Delta[s](5) = 0.0939946,	Delta[s](6) = 0.0710685,	Delta[s](7) = 0.0939946,	Delta[s](8) = 0.10016,	Delta[s](9) = 0.0710685,	Delta[s](10) = 0.0541264,	Delta[s](11) = 0.0710685,	Delta[s](12) = 0.111108,	Delta[s](13) = 0.0939946,	Delta[s](14) = 0.0710685,	Delta[s](15) = 0.0939946,	Delta[d](0) = 0.249234,	Delta[d](1) = 0.196465,	Delta[d](2) = 0.23963,	Delta[d](3) = 0.196465,	Delta[d](4) = 0.196465,	Delta[d](5) = 0.149607,	Delta[d](6) = 0.159361,	Delta[d](7) = 0.149607,	Delta[d](8) = 0.23963,	Delta[d](9) = 0.159361,	Delta[d](10) = 0.0723125,	Delta[d](11) = 0.159361,	Delta[d](12) = 0.196465,	Delta[d](13) = 0.149607,	Delta[d](14) = 0.159361,	Delta[d](15) = 0.149607,	Delta[s+](0) = 0.552606,	Delta[s+](1) = 0.381849,	Delta[s+](2) = 0.23963,	Delta[s+](3) = 0.381849,	Delta[s+](4) = 0.381849,	Delta[s+](5) = 0.189136,	Delta[s+](6) = 0.0726127,	Delta[s+](7) = 0.189136,	Delta[s+](8) = 0.23963,	Delta[s+](9) = 0.0726127,	Delta[s+](10) = 0.0252068,	Delta[s+](11) = 0.0726127,	Delta[s+](12) = 0.381849,	Delta[s+](13) = 0.189136,	Delta[s+](14) = 0.0726127,	Delta[s+](15) = 0.189136
The 10-th iteration is completed.	|| time cost : 0h 1m 24.629s
********************************************************************************************************************
Start the 11 rounds of NGS-ED iteration
	effective electronic model is modified as: kinetic energy t = 0.805313
	                                           effective interaction Vq = [-3.00002,-2.80818,-2.61961,-2.80818,-2.80818,-2.55346,-2.55406,-2.55346,-2.61961,-2.55406,-2.57054,-2.55406,-2.80818,-2.55346,-2.55406,-2.55346]
	PARPACK diagonalization completed after 30 matrix-vector product operations.
	iteration results: : total energy is -50.707258 | electron energy -50.943600 + phonon energy 0.236342 | electron momentum kIdx = 0
The 11-th iteration is completed.	|| time cost : 0h 0m 8.969s
********************************************************************************************************************
Start the 12 rounds of NGS-ED iteration
	effective electronic model is modified as: kinetic energy t = 0.805274
	                                           effective interaction Vq = [-3.00002,-2.80838,-2.61979,-2.80838,-2.80838,-2.55359,-2.55425,-2.55359,-2.61979,-2.55425,-2.57082,-2.55425,-2.80838,-2.55359,-2.55425,-2.55359]
	PARPACK diagonalization completed after 30 matrix-vector product operations.
	iteration results: : total energy is -50.707283 | electron energy -50.943825 + phonon energy 0.236542 | electron momentum kIdx = 0
The 12-th iteration is completed.	|| time cost : 0h 0m 9.081s
********************************************************************************************************************
Start the 13 rounds of NGS-ED iteration
	effective electronic model is modified as: kinetic energy t = 0.805253
	                                           effective interaction Vq = [-3.00003,-2.80849,-2.61988,-2.80849,-2.80849,-2.55365,-2.55435,-2.55365,-2.61988,-2.55435,-2.57098,-2.55435,-2.80849,-2.55365,-2.55435,-2.55365]
	PARPACK diagonalization completed after 30 matrix-vector product operations.
	iteration results: : total energy is -50.707293 | electron energy -50.943949 + phonon energy 0.236656 | electron momentum kIdx = 0
The 13-th iteration is completed.	|| time cost : 0h 0m 9.114s
********************************************************************************************************************
Start the 14 rounds of NGS-ED iteration
	effective electronic model is modified as: kinetic energy t = 0.80524
	                                           effective interaction Vq = [-3.00003,-2.80855,-2.61994,-2.80855,-2.80855,-2.55369,-2.55441,-2.55369,-2.61994,-2.55441,-2.57108,-2.55441,-2.80855,-2.55369,-2.55441,-2.55369]
	PARPACK diagonalization completed after 30 matrix-vector product operations.
	iteration results: : total energy is -50.707296 | electron energy -50.944017 + phonon energy 0.236721 | electron momentum kIdx = 0
The 14-th iteration is completed.	|| time cost : 0h 0m 8.984s
********************************************************************************************************************
Start the 15 rounds of NGS-ED iteration
	effective electronic model is modified as: kinetic energy t = 0.805233
	                                           effective interaction Vq = [-3.00003,-2.80859,-2.61997,-2.80859,-2.80859,-2.55371,-2.55445,-2.55371,-2.61997,-2.55445,-2.57114,-2.55445,-2.80859,-2.55371,-2.55445,-2.55371]
	PARPACK diagonalization completed after 30 matrix-vector product operations.
	iteration results: : total energy is -50.707297 | electron energy -50.944055 + phonon energy 0.236758 | electron momentum kIdx = 0
The 15-th iteration is completed.	|| time cost : 0h 0m 8.983s
********************************************************************************************************************
Start the 16 rounds of NGS-ED iteration
	effective electronic model is modified as: kinetic energy t = 0.805229
	                                           effective interaction Vq = [-3.00003,-2.80861,-2.61999,-2.80861,-2.80861,-2.55372,-2.55447,-2.55372,-2.61999,-2.55447,-2.57117,-2.55447,-2.80861,-2.55372,-2.55447,-2.55372]
	PARPACK diagonalization completed after 30 matrix-vector product operations.
	iteration results: : total energy is -50.707298 | electron energy -50.944077 + phonon energy 0.236779 | electron momentum kIdx = 0
The 16-th iteration is completed.	|| time cost : 0h 0m 9.101s
********************************************************************************************************************
Start the 17 rounds of NGS-ED iteration
	effective electronic model is modified as: kinetic energy t = 0.805227
	                                           effective interaction Vq = [-3.00003,-2.80862,   -2.62,-2.80862,-2.80862,-2.55373,-2.55448,-2.55373,   -2.62,-2.55448,-2.57119,-2.55448,-2.80862,-2.55373,-2.55448,-2.55373]
	PARPACK diagonalization completed after 30 matrix-vector product operations.
	iteration results: : total energy is -50.707298 | electron energy -50.944089 + phonon energy 0.236791 | electron momentum kIdx = 0
The 17-th iteration is completed.	|| time cost : 0h 0m 9.083s
********************************************************************************************************************
Start the 18 rounds of NGS-ED iteration
	effective electronic model is modified as: kinetic energy t = 0.805225
	                                           effective interaction Vq = [-3.00003,-2.80863,   -2.62,-2.80863,-2.80863,-2.55373,-2.55448,-2.55373,   -2.62,-2.55448,-2.57121,-2.55448,-2.80863,-2.55373,-2.55448,-2.55373]
	PARPACK diagonalization completed after 30 matrix-vector product operations.
	iteration results: : total energy is -50.707298 | electron energy -50.944096 + phonon energy 0.236798 | electron momentum kIdx = 0
The 18-th iteration is completed.	|| time cost : 0h 0m 9.051s
********************************************************************************************************************
Start the 19 rounds of NGS-ED iteration
	effective electronic model is modified as: kinetic energy t = 0.805225
	                                           effective interaction Vq = [-3.00003,-2.80863,   -2.62,-2.80863,-2.80863,-2.55374,-2.55449,-2.55374,   -2.62,-2.55449,-2.57121,-2.55449,-2.80863,-2.55374,-2.55449,-2.55374]
	PARPACK diagonalization completed after 30 matrix-vector product operations.
	iteration results: : total energy is -50.707298 | electron energy -50.944100 + phonon energy 0.236802 | electron momentum kIdx = 0
The 19-th iteration is completed.	|| time cost : 0h 0m 8.991s
********************************************************************************************************************
Start the 20 rounds of NGS-ED iteration
	effective electronic model is modified as: kinetic energy t = 0.805224
	                                           effective interaction Vq = [-3.00003,-2.80863,-2.62001,-2.80863,-2.80863,-2.55374,-2.55449,-2.55374,-2.62001,-2.55449,-2.57122,-2.55449,-2.80863,-2.55374,-2.55449,-2.55374]
	PARPACK diagonalization completed after 30 matrix-vector product operations.
	iteration results: : total energy is -50.707298 | electron energy -50.944102 + phonon energy 0.236804 | electron momentum kIdx = 0
	Nq(0) = 9,	Nq(1) = 0.322059,	Nq(2) = 0.381559,	Nq(3) = 0.322059,	Nq(4) = 0.322059,	Nq(5) = 0.338715,	Nq(6) = 0.487817,	Nq(7) = 0.338715,	Nq(8) = 0.381559,	Nq(9) = 0.487817,	Nq(10) = 0.643107,	Nq(11) = 0.487817,	Nq(12) = 0.322059,	Nq(13) = 0.338715,	Nq(14) = 0.487817,	Nq(15) = 0.338715,	Sq(0) = -7.38039e-18,	Sq(1) = 0.443594,	Sq(2) = 0.403485,	Sq(3) = 0.443594,	Sq(4) = 0.443594,	Sq(5) = 0.661974,	Sq(6) = 0.764342,	Sq(7) = 0.661974,	Sq(8) = 0.403485,	Sq(9) = 0.764342,	Sq(10) = 0.712798,	Sq(11) = 0.764342,	Sq(12) = 0.443594,	Sq(13) = 0.661974,	Sq(14) = 0.764342,	Sq(15) = 0.661974,	N(0) = 1.9701,	N(1) = 1.95114,	N(2) = 0.657363,	N(3) = 1.95114,	N(4) = 1.95114,	N(5) = 0.202253,	N(6) = 0.0222392,	N(7) = 0.202253,	N(8) = 0.657363,	N(9) = 0.0222392,	N(10) = 0.0126423,	N(11) = 0.0222392,	N(12) = 1.95114,	N(13) = 0.202253,	N(14) = 0.0222392,	N(15) = 0.202253,	Delta[s](0) = 0.140751,	Delta[s](1) = 0.111131,	Delta[s](2) = 0.100185,	Delta[s](3) = 0.111131,	Delta[s](4) = 0.111131,	Delta[s](5) = 0.0940217,	Delta[s](6) = 0.0711011,	Delta[s](7) = 0.0940217,	Delta[s](8) = 0.100185,	Delta[s](9) = 0.0711011,	Delta[s](10) = 0.0541596,	Delta[s](11) = 0.0711011,	Delta[s](12) = 0.111131,	Delta[s](13) = 0.0940217,	Delta[s](14) = 0.0711011,	Delta[s](15) = 0.0940217,	Delta[d](0) = 0.249314,	Delta[d](1) = 0.196529,	Delta[d](2) = 0.239699,	Delta[d](3) = 0.196529,	Delta[d](4) = 0.196529,	Delta[d](5) = 0.149664,	Delta[d](6) = 0.159407,	Delta[d](7) = 0.149664,	Delta[d](8) = 0.239699,	Delta[d](9) = 0.159407,	Delta[d](10) = 0.0723497,	Delta[d](11) = 0.159407,	Delta[d](12) = 0.196529,	Delta[d](13) = 0.149664,	Delta[d](14) = 0.159407,	Delta[d](15) = 0.149664,	Delta[s+](0) = 0.55276,	Delta[s+](1) = 0.381959,	Delta[s+](2) = 0.239699,	Delta[s+](3) = 0.381959,	Delta[s+](4) = 0.381959,	Delta[s+](5) = 0.1892,	Delta[s+](6) = 0.0726442,	Delta[s+](7) = 0.1892,	Delta[s+](8) = 0.239699,	Delta[s+](9) = 0.0726442,	Delta[s+](10) = 0.0252236,	Delta[s+](11) = 0.0726442,	Delta[s+](12) = 0.381959,	Delta[s+](13) = 0.1892,	Delta[s+](14) = 0.0726442,	Delta[s+](15) = 0.1892
The 20-th iteration is completed.	|| time cost : 0h 1m 25.368s
********************************************************************************************************************
Start the 21 rounds of NGS-ED iteration
	effective electronic model is modified as: kinetic energy t = 0.805224
	                                           effective interaction Vq = [-3.00003,-2.80863,-2.62001,-2.80863,-2.80863,-2.55374,-2.55449,-2.55374,-2.62001,-2.55449,-2.57122,-2.55449,-2.80863,-2.55374,-2.55449,-2.55374]
	PARPACK diagonalization completed after 30 matrix-vector product operations.
	iteration results: : total energy is -50.707298 | electron energy -50.944104 + phonon energy 0.236806 | electron momentum kIdx = 0
The 21-th iteration is completed.	|| time cost : 0h 0m 9.003s
********************************************************************************************************************
Start the 22 rounds of NGS-ED iteration
	effective electronic model is modified as: kinetic energy t = 0.805224
	                                           effective interaction Vq = [-3.00003,-2.80864,-2.62001,-2.80864,-2.80864,-2.55374,-2.55449,-2.55374,-2.62001,-2.55449,-2.57122,-2.55449,-2.80864,-2.55374,-2.55449,-2.55374]
	PARPACK diagonalization completed after 30 matrix-vector product operations.
	iteration results: : total energy is -50.707298 | electron energy -50.944105 + phonon energy 0.236807 | electron momentum kIdx = 0
The 22-th iteration is completed.	|| time cost : 0h 0m 8.995s
********************************************************************************************************************
Start the 23 rounds of NGS-ED iteration
	effective electronic model is modified as: kinetic energy t = 0.805224
	                                           effective interaction Vq = [-3.00003,-2.80864,-2.62001,-2.80864,-2.80864,-2.55374,-2.55449,-2.55374,-2.62001,-2.55449,-2.57122,-2.55449,-2.80864,-2.55374,-2.55449,-2.55374]
	PARPACK diagonalization completed after 30 matrix-vector product operations.
	iteration results: : total energy is -50.707298 | electron energy -50.944105 + phonon energy 0.236807 | electron momentum kIdx = 0
The 23-th iteration is completed.	|| time cost : 0h 0m 8.99s
********************************************************************************************************************
Start the 24 rounds of NGS-ED iteration
	effective electronic model is modified as: kinetic energy t = 0.805224
	                                           effective interaction Vq = [-3.00003,-2.80864,-2.62001,-2.80864,-2.80864,-2.55374,-2.55449,-2.55374,-2.62001,-2.55449,-2.57122,-2.55449,-2.80864,-2.55374,-2.55449,-2.55374]
	PARPACK diagonalization completed after 30 matrix-vector product operations.
	iteration results: : total energy is -50.707298 | electron energy -50.944105 + phonon energy 0.236807 | electron momentum kIdx = 0
The 24-th iteration is completed.	|| time cost : 0h 0m 9.092s
********************************************************************************************************************
Start the 25 rounds of NGS-ED iteration
	effective electronic model is modified as: kinetic energy t = 0.805224
	                                           effective interaction Vq = [-3.00003,-2.80864,-2.62001,-2.80864,-2.80864,-2.55374,-2.55449,-2.55374,-2.62001,-2.55449,-2.57122,-2.55449,-2.80864,-2.55374,-2.55449,-2.55374]
	PARPACK diagonalization completed after 30 matrix-vector product operations.
