SNEDics v3.21.4 Non-Gaussian ED ground state program		Start at Mon Jul 26 13:47:11 2021

parallized on 32 MPI threads  * 8 OpenMP threads = 256 total threads.
********************************************************************************************************************
********************************************************************************************************************

********************************************************************************************************************
System parameters and configurations
	special program options are enabled: splitted diagonal Hamiltonian | splitted Hamiltonian terms
********************************************************************************************************************
Read input file "model_params.in"
	Hubbard-Holstein model parameters : 	t = 1    U = 8    g = 0.07    W = 0.2    g' = 0.03    
********************************************************************************************************************
Read input file "hilbertspace_params.in"
	Requested 16-site 2D lattice, with 14 electrons (7, 7)
	Boundary : Periodic		Hilbert space representation : momentum-space (restricted to kIdx = 0)
	Conservation: particle number[U(1)]      spin[U(1)]     momentum
********************************************************************************************************************

Cluster Positions:				Cluster symmetry group : D4
 x ... x ... x ... x .....                       x ... x ... x ... x .....
 |           |           :                       |           |           :
 |           |           :                       |           |           :
12    13    14    15     x                       1     5     6     5     x
 |           |           :                       |           |           :
 |           |           :                       |           |           :
 8 --- 9 ---10 ---11 --- x                       2 --- 6 ---10 --- 6 --- x
 |           |           :                       |           |           :
 |           |           :                       |           |           :
 4     5     6     7     x                       1     5     6     5     x
 |           |           :                       |           |           :
 |           |           :                       |           |           :
 0 --- 1 --- 2 --- 3 --- x                       0 --- 1 --- 2 --- 1 --- x
orbital number : 1
********************************************************************************************************************
Read input file "obs_params.in"
	Observable Type : Nq(All),   Sq(All),   N(All),   Delta[s](All),   Delta[d](All),   Delta[s+](All)
** WARNING ** the input observables have non-local factors which have been reinterpreted. The total observable number is 96
********************************************************************************************************************


********************************************************************************************************************
Start calculating the non-Gaussian ED ground state
Maximal iteration number is 1000; energy resolution is 1e-06. Phonon state relaxation time is 2000
W = 0.2 is relatively large. The non-Gaussian ED calculation starts directly.
open output files: NGSED_iteration_obserbles.txt
********************************************************************************************************************
Start the 0 rounds of NGS-ED iteration
	effective electronic model is modified as: kinetic energy t = 1
	                                           effective interaction Vq = [0,0,0,0,0,0,0,0,0,0,0,0,0,0,0,0]
	first Hamiltonian is constructed, size = 8179600 and non-zero numbers = 2178478298
	PARPACK diagonalization completed after 180 matrix-vector product operations.
	iteration results: : total energy is -11.868836 | electron energy -11.868836 + phonon energy 0.000000 | electron momentum kIdx = 0
	Nq(0) = 12.25,	Nq(1) = 0.154193,	Nq(2) = 0.185311,	Nq(3) = 0.154193,	Nq(4) = 0.154193,	Nq(5) = 0.203281,	
	Nq(6) = 0.235634,	Nq(7) = 0.203281,	Nq(8) = 0.185311,	Nq(9) = 0.235634,	Nq(10) = 0.275446,	
	Nq(11) = 0.235634,	Nq(12) = 0.154193,	Nq(13) = 0.203281,	Nq(14) = 0.235634,	Nq(15) = 0.203281;	
	Sq(0) = -1.83137e-18,	Sq(1) = 0.474292,	Sq(2) = 0.766364,	Sq(3) = 0.474292,	Sq(4) = 0.474292,	
	Sq(5) = 0.630724,	Sq(6) = 1.05279,	Sq(7) = 0.630724,	Sq(8) = 0.766364,	Sq(9) = 1.05279,	
	Sq(10) = 2.56755,	Sq(11) = 1.05279,	Sq(12) = 0.474292,	Sq(13) = 0.630724,	Sq(14) = 1.05279,	
	Sq(15) = 0.630724;	N(0) = 1.75464,	N(1) = 1.59086,	N(2) = 0.323321,	N(3) = 1.59086,	
	N(4) = 1.59086,	N(5) = 0.999881,	N(6) = 0.267546,	N(7) = 0.999881,	N(8) = 0.323321,	
	N(9) = 0.267546,	N(10) = 0.165565,	N(11) = 0.267546,	N(12) = 1.59086,	N(13) = 0.999881,	
	N(14) = 0.267546,	N(15) = 0.999881;	Delta[s](0) = 0.0793685,	Delta[s](1) = 0.0592754,	Delta[s](2) = 0.0353952,	
	Delta[s](3) = 0.0592754,	Delta[s](4) = 0.0592754,	Delta[s](5) = 0.0423051,	Delta[s](6) = 0.0194334,	Delta[s](7) = 0.0423051,	
	Delta[s](8) = 0.0353952,	Delta[s](9) = 0.0194334,	Delta[s](10) = 3.54998e-05,	Delta[s](11) = 0.0194334,	Delta[s](12) = 0.0592754,	
	Delta[s](13) = 0.0423051,	Delta[s](14) = 0.0194334,	Delta[s](15) = 0.0423051;	Delta[d](0) = 0.276024,	Delta[d](1) = 0.189623,	
	Delta[d](2) = 0.199474,	Delta[d](3) = 0.189623,	Delta[d](4) = 0.189623,	Delta[d](5) = 0.176388,	Delta[d](6) = 0.13229,	
	Delta[d](7) = 0.176388,	Delta[d](8) = 0.199474,	Delta[d](9) = 0.13229,	Delta[d](10) = 0.0533138,	Delta[d](11) = 0.13229,	
	Delta[d](12) = 0.189623,	Delta[d](13) = 0.176388,	Delta[d](14) = 0.13229,	Delta[d](15) = 0.176388;	Delta[s+](0) = 0.559758,	
	Delta[s+](1) = 0.416775,	Delta[s+](2) = 0.199474,	Delta[s+](3) = 0.416775,	Delta[s+](4) = 0.416775,	Delta[s+](5) = 0.291241,	
	Delta[s+](6) = 0.125957,	Delta[s+](7) = 0.291241,	Delta[s+](8) = 0.199474,	Delta[s+](9) = 0.125957,	Delta[s+](10) = 0.0381024,	
	Delta[s+](11) = 0.125957,	Delta[s+](12) = 0.416775,	Delta[s+](13) = 0.291241,	Delta[s+](14) = 0.125957,	Delta[s+](15) = 0.291241
	
The 0-th iteration is completed.	|| time cost : 0h 4m 46.618s
********************************************************************************************************************
Start the 1 rounds of NGS-ED iteration
	effective electronic model is modified as: kinetic energy t = 0.999774
	                                           effective interaction Vq = [     -0.1805, -0.00910433, -0.00163163, -0.00910433, -0.00910433, -0.00178161,-2.84065e-05, -0.00178161, -0.00163163,-2.84065e-05,-0.000626423,-2.84065e-05, -0.00910433, -0.00178161,-2.84065e-05, -0.00178161]
	PARPACK diagonalization completed after 45 matrix-vector product operations.
	iteration results: : total energy is -14.083986 | electron energy -14.083996 + phonon energy 0.000010 | electron momentum kIdx = 0
The 1-th iteration is completed.	|| time cost : 0h 2m 55.411s
********************************************************************************************************************
Start the 2 rounds of NGS-ED iteration
	effective electronic model is modified as: kinetic energy t = 0.999774
	                                           effective interaction Vq = [     -0.1805, -0.00910927, -0.00163156, -0.00910927, -0.00910927, -0.00178148,-2.84032e-05, -0.00178148, -0.00163156,-2.84032e-05,-0.000626403,-2.84032e-05, -0.00910927, -0.00178148,-2.84032e-05, -0.00178148]
	PARPACK diagonalization completed after 30 matrix-vector product operations.
	iteration results: : total energy is -14.083986 | electron energy -14.083996 + phonon energy 0.000010 | electron momentum kIdx = 0
The 2-th iteration is completed.	|| time cost : 0h 0m 21.887s
********************************************************************************************************************
Start the 3 rounds of NGS-ED iteration
	effective electronic model is modified as: kinetic energy t = 0.999774
	                                           effective interaction Vq = [     -0.1805, -0.00910927, -0.00163156, -0.00910927, -0.00910927, -0.00178148,-2.84032e-05, -0.00178148, -0.00163156,-2.84032e-05,-0.000626403,-2.84032e-05, -0.00910927, -0.00178148,-2.84032e-05, -0.00178148]
	PARPACK diagonalization completed after 30 matrix-vector product operations.
	iteration results: : total energy is -14.083986 | electron energy -14.083996 + phonon energy 0.000010 | electron momentum kIdx = 0
	Nq(0) = 12.25,	Nq(1) = 0.154302,	Nq(2) = 0.185326,	Nq(3) = 0.154302,	Nq(4) = 0.154302,	Nq(5) = 0.203291,	
	Nq(6) = 0.235634,	Nq(7) = 0.203291,	Nq(8) = 0.185326,	Nq(9) = 0.235634,	Nq(10) = 0.275471,	
	Nq(11) = 0.235634,	Nq(12) = 0.154302,	Nq(13) = 0.203291,	Nq(14) = 0.235634,	Nq(15) = 0.203291;	
	Sq(0) = 6.76245e-19,	Sq(1) = 0.474199,	Sq(2) = 0.766309,	Sq(3) = 0.474199,	Sq(4) = 0.474199,	
	Sq(5) = 0.630682,	Sq(6) = 1.05285,	Sq(7) = 0.630682,	Sq(8) = 0.766309,	Sq(9) = 1.05285,	
	Sq(10) = 2.56745,	Sq(11) = 1.05285,	Sq(12) = 0.474199,	Sq(13) = 0.630682,	Sq(14) = 1.05285,	
	Sq(15) = 0.630682;	N(0) = 1.75472,	N(1) = 1.591,	N(2) = 0.323243,	N(3) = 1.591,	
	N(4) = 1.591,	N(5) = 0.999846,	N(6) = 0.267463,	N(7) = 0.999846,	N(8) = 0.323243,	
	N(9) = 0.267463,	N(10) = 0.165557,	N(11) = 0.267463,	N(12) = 1.591,	N(13) = 0.999846,	
	N(14) = 0.267463,	N(15) = 0.999846;	Delta[s](0) = 0.0794007,	Delta[s](1) = 0.0593,	Delta[s](2) = 0.0354076,	
	Delta[s](3) = 0.0593,	Delta[s](4) = 0.0593,	Delta[s](5) = 0.0423247,	Delta[s](6) = 0.0194412,	Delta[s](7) = 0.0423247,	
	Delta[s](8) = 0.0354076,	Delta[s](9) = 0.0194412,	Delta[s](10) = 3.55496e-05,	Delta[s](11) = 0.0194412,	Delta[s](12) = 0.0593,	
	Delta[s](13) = 0.0423247,	Delta[s](14) = 0.0194412,	Delta[s](15) = 0.0423247;	Delta[d](0) = 0.276236,	Delta[d](1) = 0.189628,	
	Delta[d](2) = 0.199473,	Delta[d](3) = 0.189628,	Delta[d](4) = 0.189628,	Delta[d](5) = 0.176388,	Delta[d](6) = 0.132272,	
	Delta[d](7) = 0.176388,	Delta[d](8) = 0.199473,	Delta[d](9) = 0.132272,	Delta[d](10) = 0.0533222,	Delta[d](11) = 0.132272,	
	Delta[d](12) = 0.189628,	Delta[d](13) = 0.176388,	Delta[d](14) = 0.132272,	Delta[d](15) = 0.176388;	Delta[s+](0) = 0.5598,	
	Delta[s+](1) = 0.4168,	Delta[s+](2) = 0.199473,	Delta[s+](3) = 0.4168,	Delta[s+](4) = 0.4168,	Delta[s+](5) = 0.291244,	
	Delta[s+](6) = 0.125945,	Delta[s+](7) = 0.291244,	Delta[s+](8) = 0.199473,	Delta[s+](9) = 0.125945,	Delta[s+](10) = 0.0380939,	
	Delta[s+](11) = 0.125945,	Delta[s+](12) = 0.4168,	Delta[s+](13) = 0.291244,	Delta[s+](14) = 0.125945,	Delta[s+](15) = 0.291244
	
The 3-th iteration is completed.	|| time cost : 0h 3m 9.876s
********************************************************************************************************************
********************************************************************************************************************
Ground state is obtained after 4 iterations. The current ground-state energy is -14.084, in which electron energy is -14.084 and phonon energy is 1.02114e-05
Final variational state is: 
	Gamma_x = [      1,1.00685,1.00149,1.00685,1.00685,1.00178,1.00003,1.00178,1.00149,1.00003,1.00085,1.00003,1.00685,1.00178,1.00003,1.00178]
	lambda_q = [       0.95,  0.0360345,  0.0118547,  0.0360345,  0.0360345,   0.012965, 0.00144092,   0.012965,  0.0118547, 0.00144092,-0.00634453, 0.00144092,  0.0360345,   0.012965, 0.00144092,   0.012965]
Effective e-e interactions mediated by phonons are:
	momentum-space Vq = [     -0.1805, -0.00910927, -0.00163156, -0.00910927, -0.00910927, -0.00178148,-2.84032e-05, -0.00178148, -0.00163156,-2.84032e-05,-0.000626403,-2.84032e-05, -0.00910927, -0.00178148,-2.84032e-05, -0.00178148]
	real-space Vr = [-0.0142541,-0.0123772, -0.011079,-0.0123772,-0.0123772,-0.0111165, -0.010107,-0.0111165, -0.011079, -0.010107,-0.0096853, -0.010107,-0.0123772,-0.0111165, -0.010107,-0.0111165]
********************************************************************************************************************
o___o  ----------------------------------------
| L |	Time since last clock: 0h 0m 0.01s
A===A	Time since the beginning: 0h 11m 13.804s
***********************************************


Non-Gaussina ED ground state calculation is completed. The final ground-state energy is -14.084
********************************************************************************************************************
o___o  ----------------------------------------
| L |	Time since last clock: 0h 0m 0.004s
A===A	Time since the beginning: 0h 11m 13.809s
***********************************************



********************************************************************************************************************
All non-Gaussian ED ground state calculations have been completed. Exit now.
