SNEDics v3.4 Non-Gaussian ED ground state program		Start at Sun Sep 22 04:19:04 2019

parallized on 16 MPI threads  * 8 OpenMP threads = 128 total threads.
********************************************************************************************************************
********************************************************************************************************************

********************************************************************************************************************
System parameters and configurations
********************************************************************************************************************
Special program options are enabled: splitted diagonal Hamiltonian
********************************************************************************************************************
Read input file "model_params.in"
	Hubbard-Holstein model parameters : 	t = 1    U = 4.1    g = 3.5355    W = 5    
********************************************************************************************************************
Read input file "hilbertspace_params.in"
	Requested 16-site 2D lattice, with 16 electrons (8, 8)
	Boundary : Periodic		Hilbert space representation : momentum-space (restricted to kIdx = 10)
	Conservation: particle number[U(1)]      spin[U(1)]     momentum
********************************************************************************************************************

Cluster Positions:				Cluster symmetry group : D4
 x ... x ... x ... x .....                       x ... x ... x ... x .....
 |           |           :                       |           |           :
 |           |           :                       |           |           :
12    13    14    15     x                       1     5     6     5     x
 |           |           :                       |           |           :
 |           |           :                       |           |           :
 8 --- 9 ---10 ---11 --- x                       2 --- 6 ---10 --- 6 --- x
 |           |           :                       |           |           :
 |           |           :                       |           |           :
 4     5     6     7     x                       1     5     6     5     x
 |           |           :                       |           |           :
 |           |           :                       |           |           :
 0 --- 1 --- 2 --- 3 --- x                       0 --- 1 --- 2 --- 1 --- x
orbital number : 1
********************************************************************************************************************
Read input file "obs_params.in"
	Observable Type : Nq(All),   Sq(All),   N(All),   Delta[s](All),   Delta[d](All),   Delta[s+](All)
********************************************************************************************************************
** WARNING ** the input observables have non-local factors which have been reinterpreted. The total observable number is 96
********************************************************************************************************************


********************************************************************************************************************
Start calculating the non-Gaussian ED ground state
** WARNING ** Detected low phonon energy W < 10. The initial state will be prepared through a warm-up process.
********************************************************************************************************************
Start warm-up calculation for scaling factor 2
open output files: NGSEDWarmUpW10Obs.txt
********************************************************************************************************************
Start the 0 rounds of NGS-ED iteration
	effective electronic model is modified as: kinetic energy t = 1
	                                           effective interaction Vq = [-0,-0,-0,-0,-0,-0,-0,-0,-0,-0,-0,-0,-0,-0,-0,-0]
	first Hamiltonian is constructed, non-zero numbers = 2845334624
	PARPACK diagonalization completed after 90 matrix-vector product operations.
	iteration results: : total energy is -13.289928 | electron energy -13.289928 + phonon energy 0.000000 | electron momentum kIdx = 10
	Nq(0) = 16,	Nq(1) = 0.16104,	Nq(2) = 0.232726,	Nq(3) = 0.16104,	Nq(4) = 0.16104,	Nq(5) = 0.232726,	Nq(6) = 0.317615,	Nq(7) = 0.232726,	Nq(8) = 0.232726,	Nq(9) = 0.317615,	Nq(10) = 0.381242,	Nq(11) = 0.317615,	Nq(12) = 0.16104,	Nq(13) = 0.232726,	Nq(14) = 0.317615,	Nq(15) = 0.232726,	Sq(0) = 2.11295e-18,	Sq(1) = 0.31334,	Sq(2) = 0.419764,	Sq(3) = 0.31334,	Sq(4) = 0.31334,	Sq(5) = 0.419764,	Sq(6) = 0.632807,	Sq(7) = 0.419764,	Sq(8) = 0.419764,	Sq(9) = 0.632807,	Sq(10) = 6.00461,	Sq(11) = 0.632807,	Sq(12) = 0.31334,	Sq(13) = 0.419764,	Sq(14) = 0.632807,	Sq(15) = 0.419764,	N(0) = 1.9286,	N(1) = 1.83939,	N(2) = 1,	N(3) = 1.83939,	N(4) = 1.83939,	N(5) = 1,	N(6) = 0.160612,	N(7) = 1,	N(8) = 1,	N(9) = 0.160612,	N(10) = 0.0714038,	N(11) = 0.160612,	N(12) = 1.83939,	N(13) = 1,	N(14) = 0.160612,	N(15) = 1,	Delta[s](0) = 0.17363,	Delta[s](1) = 0.148949,	Delta[s](2) = 0.116152,	Delta[s](3) = 0.148949,	Delta[s](4) = 0.148949,	Delta[s](5) = 0.116152,	Delta[s](6) = 0.0883483,	Delta[s](7) = 0.116152,	Delta[s](8) = 0.116152,	Delta[s](9) = 0.0883483,	Delta[s](10) = 0.0263816,	Delta[s](11) = 0.0883483,	Delta[s](12) = 0.148949,	Delta[s](13) = 0.116152,	Delta[s](14) = 0.0883483,	Delta[s](15) = 0.116152,	Delta[d](0) = 0.517838,	Delta[d](1) = 0.386216,	Delta[d](2) = 0.326905,	Delta[d](3) = 0.386216,	Delta[d](4) = 0.386216,	Delta[d](5) = 0.375494,	Delta[d](6) = 0.304126,	Delta[d](7) = 0.375494,	Delta[d](8) = 0.326905,	Delta[d](9) = 0.304126,	Delta[d](10) = 0.245771,	Delta[d](11) = 0.304126,	Delta[d](12) = 0.386216,	Delta[d](13) = 0.375494,	Delta[d](14) = 0.304126,	Delta[d](15) = 0.375494,	Delta[s+](0) = 0.585662,	Delta[s+](1) = 0.480615,	Delta[s+](2) = 0.326905,	Delta[s+](3) = 0.480615,	Delta[s+](4) = 0.480615,	Delta[s+](5) = 0.326905,	Delta[s+](6) = 0.178683,	Delta[s+](7) = 0.326905,	Delta[s+](8) = 0.326905,	Delta[s+](9) = 0.178683,	Delta[s+](10) = 0.0636574,	Delta[s+](11) = 0.178683,	Delta[s+](12) = 0.480615,	Delta[s+](13) = 0.326905,	Delta[s+](14) = 0.178683,	Delta[s+](15) = 0.326905
The 0-th iteration is completed.	|| time cost : 0h 10m 49.045s
********************************************************************************************************************
Start the 1 rounds of NGS-ED iteration
	effective electronic model is modified as: kinetic energy t = 0.937717
	                                           effective interaction Vq = [-2.16162,-1.97442,-1.90517,-1.97442,-1.97442,-1.90517,-1.88181,-1.90517,-1.90517,-1.88181, -1.8531,-1.88181,-1.97442,-1.90517,-1.88181,-1.90517]
	PARPACK diagonalization completed after 45 matrix-vector product operations.
	iteration results: : total energy is -56.123464 | electron energy -56.127269 + phonon energy 0.003805 | electron momentum kIdx = 10
The 1-th iteration is completed.	|| time cost : 0h 9m 19.069s
********************************************************************************************************************
Start the 2 rounds of NGS-ED iteration
	effective electronic model is modified as: kinetic energy t = 0.891507
	                                           effective interaction Vq = [-2.45416,-2.34677,-2.24222,-2.34677,-2.34677,-2.24222,-2.25431,-2.24222,-2.24222,-2.25431,-2.19496,-2.25431,-2.34677,-2.24222,-2.25431,-2.24222]
	PARPACK diagonalization completed after 45 matrix-vector product operations.
	iteration results: : total energy is -62.439821 | electron energy -62.469560 + phonon energy 0.029739 | electron momentum kIdx = 10
The 2-th iteration is completed.	|| time cost : 0h 0m 42.973s
********************************************************************************************************************
Start the 3 rounds of NGS-ED iteration
	effective electronic model is modified as: kinetic energy t = 0.867017
	                                           effective interaction Vq = [-2.49376,-2.42643,-2.38991,-2.42643,-2.42643,-2.38991,-2.34686,-2.38991,-2.38991,-2.34686,-2.27969,-2.34686,-2.42643,-2.38991,-2.34686,-2.38991]
	PARPACK diagonalization completed after 30 matrix-vector product operations.
	iteration results: : total energy is -63.471980 | electron energy -63.526496 + phonon energy 0.054516 | electron momentum kIdx = 10
The 3-th iteration is completed.	|| time cost : 0h 0m 35.977s
********************************************************************************************************************
Start the 4 rounds of NGS-ED iteration
	effective electronic model is modified as: kinetic energy t = 0.858422
	                                           effective interaction Vq = [-2.49911,-2.44638,-2.42698,-2.44638,-2.44638,-2.42698,-2.37245,-2.42698,-2.42698,-2.37245, -2.3039,-2.37245,-2.44638,-2.42698,-2.37245,-2.42698]
	PARPACK diagonalization completed after 30 matrix-vector product operations.
	iteration results: : total energy is -63.605393 | electron energy -63.672900 + phonon energy 0.067507 | electron momentum kIdx = 10
The 4-th iteration is completed.	|| time cost : 0h 0m 40.835s
********************************************************************************************************************
Start the 5 rounds of NGS-ED iteration
	effective electronic model is modified as: kinetic energy t = 0.855506
	                                           effective interaction Vq = [-2.49984,-2.45227,-2.43792,-2.45227,-2.45227,-2.43792, -2.3804,-2.43792,-2.43792, -2.3804,-2.31152, -2.3804,-2.45227,-2.43792, -2.3804,-2.43792]
	PARPACK diagonalization completed after 120 matrix-vector product operations.
	iteration results: : total energy is -63.854477 | electron energy -63.927110 + phonon energy 0.072633 | electron momentum kIdx = 10
The 5-th iteration is completed.	|| time cost : 0h 1m 20.791s
********************************************************************************************************************
Start the 6 rounds of NGS-ED iteration
	effective electronic model is modified as: kinetic energy t = 0.852083
	                                           effective interaction Vq = [-2.49994,-2.45158,-2.44867,-2.45158,-2.45158,-2.44867,-2.37891,-2.44867,-2.44867,-2.37891,-2.37559,-2.37891,-2.45158,-2.44867,-2.37891,-2.44867]
	PARPACK diagonalization completed after 45 matrix-vector product operations.
	iteration results: : total energy is -63.875936 | electron energy -63.952498 + phonon energy 0.076562 | electron momentum kIdx = 10
The 6-th iteration is completed.	|| time cost : 0h 0m 43.025s
********************************************************************************************************************
Start the 7 rounds of NGS-ED iteration
	effective electronic model is modified as: kinetic energy t = 0.850833
	                                           effective interaction Vq = [-2.49995,-2.45134,-2.45184,-2.45134,-2.45134,-2.45184,-2.37838,-2.45184,-2.45184,-2.37838,-2.39834,-2.37838,-2.45134,-2.45184,-2.37838,-2.45184]
	PARPACK diagonalization completed after 30 matrix-vector product operations.
	iteration results: : total energy is -63.879541 | electron energy -63.958522 + phonon energy 0.078981 | electron momentum kIdx = 10
The 7-th iteration is completed.	|| time cost : 0h 0m 36.134s
********************************************************************************************************************
Start the 8 rounds of NGS-ED iteration
	effective electronic model is modified as: kinetic energy t = 0.850296
	                                           effective interaction Vq = [-2.49995,-2.45137,-2.45249,-2.45137,-2.45137,-2.45249,-2.37835,-2.45249,-2.45249,-2.37835, -2.4098,-2.37835,-2.45137,-2.45249,-2.37835,-2.45249]
	PARPACK diagonalization completed after 45 matrix-vector product operations.
	iteration results: : total energy is -63.880664 | electron energy -63.960811 + phonon energy 0.080147 | electron momentum kIdx = 10
The 8-th iteration is completed.	|| time cost : 0h 0m 43.046s
********************************************************************************************************************
Start the 9 rounds of NGS-ED iteration
	effective electronic model is modified as: kinetic energy t = 0.849973
	                                           effective interaction Vq = [-2.49995,-2.45151,-2.45203,-2.45151,-2.45151,-2.45203,-2.37857,-2.45203,-2.45203,-2.37857,-2.41917,-2.37857,-2.45151,-2.45203,-2.37857,-2.45203]
	PARPACK diagonalization completed after 30 matrix-vector product operations.
	iteration results: : total energy is -63.881928 | electron energy -63.962757 + phonon energy 0.080829 | electron momentum kIdx = 10
The 9-th iteration is completed.	|| time cost : 0h 0m 36.072s
********************************************************************************************************************
Start the 10 rounds of NGS-ED iteration
	effective electronic model is modified as: kinetic energy t = 0.849637
	                                           effective interaction Vq = [-2.49995,-2.45179,-2.44999,-2.45179,-2.45179,-2.44999,-2.37905,-2.44999,-2.44999,-2.37905, -2.4335,-2.37905,-2.45179,-2.44999,-2.37905,-2.44999]
	PARPACK diagonalization completed after 45 matrix-vector product operations.
	iteration results: : total energy is -63.891763 | electron energy -63.973313 + phonon energy 0.081550 | electron momentum kIdx = 10
	Nq(0) = 16,	Nq(1) = 0.38374,	Nq(2) = 0.542883,	Nq(3) = 0.38374,	Nq(4) = 0.38374,	Nq(5) = 0.542883,	Nq(6) = 0.639247,	Nq(7) = 0.542883,	Nq(8) = 0.542883,	Nq(9) = 0.639247,	Nq(10) = 2.50457,	Nq(11) = 0.639247,	Nq(12) = 0.38374,	Nq(13) = 0.542883,	Nq(14) = 0.639247,	Nq(15) = 0.542883,	Sq(0) = 2.06099e-18,	Sq(1) = 0.318148,	Sq(2) = 0.352166,	Sq(3) = 0.318148,	Sq(4) = 0.318148,	Sq(5) = 0.352166,	Sq(6) = 0.54484,	Sq(7) = 0.352166,	Sq(8) = 0.352166,	Sq(9) = 0.54484,	Sq(10) = 0.581233,	Sq(11) = 0.54484,	Sq(12) = 0.318148,	Sq(13) = 0.352166,	Sq(14) = 0.54484,	Sq(15) = 0.352166,	N(0) = 1.99681,	N(1) = 1.99139,	N(2) = 1,	N(3) = 1.99139,	N(4) = 1.99139,	N(5) = 1,	N(6) = 0.00860743,	N(7) = 1,	N(8) = 1,	N(9) = 0.00860743,	N(10) = 0.00319163,	N(11) = 0.00860743,	N(12) = 1.99139,	N(13) = 1,	N(14) = 0.00860743,	N(15) = 1,	Delta[s](0) = 0.562045,	Delta[s](1) = 0.324764,	Delta[s](2) = 0.300979,	Delta[s](3) = 0.324764,	Delta[s](4) = 0.324764,	Delta[s](5) = 0.300979,	Delta[s](6) = 0.251046,	Delta[s](7) = 0.300979,	Delta[s](8) = 0.300979,	Delta[s](9) = 0.251046,	Delta[s](10) = 0.255751,	Delta[s](11) = 0.251046,	Delta[s](12) = 0.324764,	Delta[s](13) = 0.300979,	Delta[s](14) = 0.251046,	Delta[s](15) = 0.300979,	Delta[d](0) = 0.281919,	Delta[d](1) = 0.262788,	Delta[d](2) = 0.243825,	Delta[d](3) = 0.262788,	Delta[d](4) = 0.262788,	Delta[d](5) = 0.189747,	Delta[d](6) = 0.216789,	Delta[d](7) = 0.189747,	Delta[d](8) = 0.243825,	Delta[d](9) = 0.216789,	Delta[d](10) = 0.097617,	Delta[d](11) = 0.216789,	Delta[d](12) = 0.262788,	Delta[d](13) = 0.189747,	Delta[d](14) = 0.216789,	Delta[d](15) = 0.189747,	Delta[s+](0) = 0.457526,	Delta[s+](1) = 0.371966,	Delta[s+](2) = 0.243825,	Delta[s+](3) = 0.371966,	Delta[s+](4) = 0.371966,	Delta[s+](5) = 0.243825,	Delta[s+](6) = 0.113081,	Delta[s+](7) = 0.243825,	Delta[s+](8) = 0.243825,	Delta[s+](9) = 0.113081,	Delta[s+](10) = 0.0328405,	Delta[s+](11) = 0.113081,	Delta[s+](12) = 0.371966,	Delta[s+](13) = 0.243825,	Delta[s+](14) = 0.113081,	Delta[s+](15) = 0.243825
The 10-th iteration is completed.	|| time cost : 0h 5m 48.524s
********************************************************************************************************************
Start the 11 rounds of NGS-ED iteration
	effective electronic model is modified as: kinetic energy t = 0.851204
	                                           effective interaction Vq = [-2.49995,-2.45171,-2.42671,-2.45171,-2.45171,-2.42671,-2.37922,-2.42671,-2.42671,-2.37922,-2.47035,-2.37922,-2.45171,-2.42671,-2.37922,-2.42671]
	PARPACK diagonalization completed after 45 matrix-vector product operations.
	iteration results: : total energy is -63.999028 | electron energy -64.081196 + phonon energy 0.082169 | electron momentum kIdx = 10
The 11-th iteration is completed.	|| time cost : 0h 0m 43.187s
********************************************************************************************************************
Start the 12 rounds of NGS-ED iteration
	effective electronic model is modified as: kinetic energy t = 0.856901
	                                           effective interaction Vq = [-2.49995,-2.44812,-2.37455,-2.44812,-2.44812,-2.37455,-2.37416,-2.37455,-2.37455,-2.37416,-2.48613,-2.37416,-2.44812,-2.37455,-2.37416,-2.37455]
	PARPACK diagonalization completed after 30 matrix-vector product operations.
	iteration results: : total energy is -64.059871 | electron energy -64.140388 + phonon energy 0.080517 | electron momentum kIdx = 10
The 12-th iteration is completed.	|| time cost : 0h 0m 35.931s
********************************************************************************************************************
Start the 13 rounds of NGS-ED iteration
	effective electronic model is modified as: kinetic energy t = 0.858873
	                                           effective interaction Vq = [-2.49995, -2.4456,-2.35438, -2.4456, -2.4456,-2.35438,-2.37081,-2.35438,-2.35438,-2.37081,-2.49027,-2.37081, -2.4456,-2.35438,-2.37081,-2.35438]
	PARPACK diagonalization completed after 30 matrix-vector product operations.
	iteration results: : total energy is -64.067008 | electron energy -64.146310 + phonon energy 0.079302 | electron momentum kIdx = 10
The 13-th iteration is completed.	|| time cost : 0h 0m 36.086s
********************************************************************************************************************
Start the 14 rounds of NGS-ED iteration
	effective electronic model is modified as: kinetic energy t = 0.859558
	                                           effective interaction Vq = [-2.49995,-2.44436,-2.34756,-2.44436,-2.44436,-2.34756,-2.36922,-2.34756,-2.34756,-2.36922,-2.49153,-2.36922,-2.44436,-2.34756,-2.36922,-2.34756]
	PARPACK diagonalization completed after 30 matrix-vector product operations.
	iteration results: : total energy is -64.067827 | electron energy -64.146638 + phonon energy 0.078810 | electron momentum kIdx = 10
The 14-th iteration is completed.	|| time cost : 0h 0m 36.101s
********************************************************************************************************************
Start the 15 rounds of NGS-ED iteration
	effective electronic model is modified as: kinetic energy t = 0.8598
	                                           effective interaction Vq = [-2.49995,-2.44382,-2.34532,-2.44382,-2.44382,-2.34532,-2.36854,-2.34532,-2.34532,-2.36854,-2.49194,-2.36854,-2.44382,-2.34532,-2.36854,-2.34532]
	PARPACK diagonalization completed after 30 matrix-vector product operations.
	iteration results: : total energy is -64.067923 | electron energy -64.146544 + phonon energy 0.078621 | electron momentum kIdx = 10
The 15-th iteration is completed.	|| time cost : 0h 0m 36.052s
********************************************************************************************************************
Start the 16 rounds of NGS-ED iteration
	effective electronic model is modified as: kinetic energy t = 0.859886
	                                           effective interaction Vq = [-2.49995,-2.44359,-2.34458,-2.44359,-2.44359,-2.34458,-2.36825,-2.34458,-2.34458,-2.36825,-2.49208,-2.36825,-2.44359,-2.34458,-2.36825,-2.34458]
	PARPACK diagonalization completed after 30 matrix-vector product operations.
	iteration results: : total energy is -64.067934 | electron energy -64.146484 + phonon energy 0.078550 | electron momentum kIdx = 10
	Nq(0) = 16,	Nq(1) = 0.352966,	Nq(2) = 0.370992,	Nq(3) = 0.352966,	Nq(4) = 0.352966,	Nq(5) = 0.370992,	Nq(6) = 0.609009,	Nq(7) = 0.370992,	Nq(8) = 0.370992,	Nq(9) = 0.609009,	Nq(10) = 3.89778,	Nq(11) = 0.609009,	Nq(12) = 0.352966,	Nq(13) = 0.370992,	Nq(14) = 0.609009,	Nq(15) = 0.370992,	Sq(0) = 6.27721e-18,	Sq(1) = 0.305423,	Sq(2) = 0.347736,	Sq(3) = 0.305423,	Sq(4) = 0.305423,	Sq(5) = 0.347736,	Sq(6) = 0.534581,	Sq(7) = 0.347736,	Sq(8) = 0.347736,	Sq(9) = 0.534581,	Sq(10) = 0.581931,	Sq(11) = 0.534581,	Sq(12) = 0.305423,	Sq(13) = 0.347736,	Sq(14) = 0.534581,	Sq(15) = 0.347736,	N(0) = 1.9956,	N(1) = 1.98767,	N(2) = 1,	N(3) = 1.98767,	N(4) = 1.98767,	N(5) = 1,	N(6) = 0.0123261,	N(7) = 1,	N(8) = 1,	N(9) = 0.0123261,	N(10) = 0.00440119,	N(11) = 0.0123261,	N(12) = 1.98767,	N(13) = 1,	N(14) = 0.0123261,	N(15) = 1,	Delta[s](0) = 0.451366,	Delta[s](1) = 0.332224,	Delta[s](2) = 0.323155,	Delta[s](3) = 0.332224,	Delta[s](4) = 0.332224,	Delta[s](5) = 0.323155,	Delta[s](6) = 0.257055,	Delta[s](7) = 0.323155,	Delta[s](8) = 0.323155,	Delta[s](9) = 0.257055,	Delta[s](10) = 0.23841,	Delta[s](11) = 0.257055,	Delta[s](12) = 0.332224,	Delta[s](13) = 0.323155,	Delta[s](14) = 0.257055,	Delta[s](15) = 0.323155,	Delta[d](0) = 0.237806,	Delta[d](1) = 0.242528,	Delta[d](2) = 0.233669,	Delta[d](3) = 0.242528,	Delta[d](4) = 0.242528,	Delta[d](5) = 0.144725,	Delta[d](6) = 0.195867,	Delta[d](7) = 0.144725,	Delta[d](8) = 0.233669,	Delta[d](9) = 0.195867,	Delta[d](10) = 0.0515979,	Delta[d](11) = 0.195867,	Delta[d](12) = 0.242528,	Delta[d](13) = 0.144725,	Delta[d](14) = 0.195867,	Delta[d](15) = 0.144725,	Delta[s+](0) = 0.455761,	Delta[s+](1) = 0.363763,	Delta[s+](2) = 0.233669,	Delta[s+](3) = 0.363763,	Delta[s+](4) = 0.363763,	Delta[s+](5) = 0.233669,	Delta[s+](6) = 0.102231,	Delta[s+](7) = 0.233669,	Delta[s+](8) = 0.233669,	Delta[s+](9) = 0.102231,	Delta[s+](10) = 0.0278722,	Delta[s+](11) = 0.102231,	Delta[s+](12) = 0.363763,	Delta[s+](13) = 0.233669,	Delta[s+](14) = 0.102231,	Delta[s+](15) = 0.233669
The 16-th iteration is completed.	|| time cost : 0h 5m 37.44s
********************************************************************************************************************
********************************************************************************************************************
Ground state is obtained after 17 iterations. The current ground-state energy is -64.0679, in which electron energy is -64.1465 and phonon energy is 0.0785496
final variational state is: 
	Gamma_x = [      1, 1.0228,1.03536, 1.0228, 1.0228,1.03536,1.05533,1.03536,1.03536,1.05533,1.10799,1.05533, 1.0228,1.03536,1.05533,1.03536]
	lambda_q = [0.499995,0.424862, 0.37525,0.424862,0.424862, 0.37525,0.385185, 0.37525, 0.37525,0.385185,0.472031,0.385185,0.424862, 0.37525,0.385185, 0.37525]
********************************************************************************************************************
o___o  ----------------------------------------
| L |	Time since last clock: 0h 0m 0s
A===A	Time since the beginning: 0h 40m 40.296s
***********************************************


********************************************************************************************************************
Warm up runs have been completed. Start calculating W = 5 phonon.
open output files: NGSEDIterationObs.txt
********************************************************************************************************************
Start the 0 rounds of NGS-ED iteration
	effective electronic model is modified as: kinetic energy t = 0.859917
	                                           effective interaction Vq = [-2.28549,-2.10166,-1.94933,-2.10166,-2.10166,-1.94933,-1.98181,-1.94933,-1.94933,-1.98181,-2.22366,-1.98181,-2.10166,-1.94933,-1.98181,-1.94933]
	PARPACK diagonalization completed after 45 matrix-vector product operations.
	iteration results: : total energy is -57.410925 | electron energy -57.450186 + phonon energy 0.039261 | electron momentum kIdx = 10
	Nq(0) = 16,	Nq(1) = 0.349289,	Nq(2) = 0.359405,	Nq(3) = 0.349289,	Nq(4) = 0.349289,	Nq(5) = 0.359405,	Nq(6) = 0.577928,	Nq(7) = 0.359405,	Nq(8) = 0.359405,	Nq(9) = 0.577928,	Nq(10) = 3.56208,	Nq(11) = 0.577928,	Nq(12) = 0.349289,	Nq(13) = 0.359405,	Nq(14) = 0.577928,	Nq(15) = 0.359405,	Sq(0) = -7.23042e-18,	Sq(1) = 0.342448,	Sq(2) = 0.366922,	Sq(3) = 0.342448,	Sq(4) = 0.342448,	Sq(5) = 0.366922,	Sq(6) = 0.594393,	Sq(7) = 0.366922,	Sq(8) = 0.366922,	Sq(9) = 0.594393,	Sq(10) = 0.623725,	Sq(11) = 0.594393,	Sq(12) = 0.342448,	Sq(13) = 0.366922,	Sq(14) = 0.594393,	Sq(15) = 0.366922,	N(0) = 1.99833,	N(1) = 1.99562,	N(2) = 1,	N(3) = 1.99562,	N(4) = 1.99562,	N(5) = 1,	N(6) = 0.00437747,	N(7) = 1,	N(8) = 1,	N(9) = 0.00437747,	N(10) = 0.00166968,	N(11) = 0.00437747,	N(12) = 1.99562,	N(13) = 1,	N(14) = 0.00437747,	N(15) = 1,	Delta[s](0) = 0.393913,	Delta[s](1) = 0.312005,	Delta[s](2) = 0.304745,	Delta[s](3) = 0.312005,	Delta[s](4) = 0.312005,	Delta[s](5) = 0.304745,	Delta[s](6) = 0.250178,	Delta[s](7) = 0.304745,	Delta[s](8) = 0.304745,	Delta[s](9) = 0.250178,	Delta[s](10) = 0.242576,	Delta[s](11) = 0.250178,	Delta[s](12) = 0.312005,	Delta[s](13) = 0.304745,	Delta[s](14) = 0.250178,	Delta[s](15) = 0.304745,	Delta[d](0) = 0.244901,	Delta[d](1) = 0.256017,	Delta[d](2) = 0.247619,	Delta[d](3) = 0.256017,	Delta[d](4) = 0.256017,	Delta[d](5) = 0.152712,	Delta[d](6) = 0.208509,	Delta[d](7) = 0.152712,	Delta[d](8) = 0.247619,	Delta[d](9) = 0.208509,	Delta[d](10) = 0.0605365,	Delta[d](11) = 0.208509,	Delta[d](12) = 0.256017,	Delta[d](13) = 0.152712,	Delta[d](14) = 0.208509,	Delta[d](15) = 0.152712,	Delta[s+](0) = 0.48635,	Delta[s+](1) = 0.38471,	Delta[s+](2) = 0.247619,	Delta[s+](3) = 0.38471,	Delta[s+](4) = 0.38471,	Delta[s+](5) = 0.247619,	Delta[s+](6) = 0.11075,	Delta[s+](7) = 0.247619,	Delta[s+](8) = 0.247619,	Delta[s+](9) = 0.11075,	Delta[s+](10) = 0.0325856,	Delta[s+](11) = 0.11075,	Delta[s+](12) = 0.38471,	Delta[s+](13) = 0.247619,	Delta[s+](14) = 0.11075,	Delta[s+](15) = 0.247619
The 0-th iteration is completed.	|| time cost : 0h 5m 46.364s
********************************************************************************************************************
Start the 1 rounds of NGS-ED iteration
	effective electronic model is modified as: kinetic energy t = 0.839417
	                                           effective interaction Vq = [-2.42106, -2.2292,-2.03876, -2.2292, -2.2292,-2.03876,-2.07876,-2.03876,-2.03876,-2.07876, -2.3728,-2.07876, -2.2292,-2.03876,-2.07876,-2.03876]
	PARPACK diagonalization completed after 30 matrix-vector product operations.
	iteration results: : total energy is -60.163940 | electron energy -60.284850 + phonon energy 0.120911 | electron momentum kIdx = 10
The 1-th iteration is completed.	|| time cost : 0h 0m 36.143s
********************************************************************************************************************
Start the 2 rounds of NGS-ED iteration
	effective electronic model is modified as: kinetic energy t = 0.828359
	                                           effective interaction Vq = [-2.47093, -2.2832, -2.0812, -2.2832, -2.2832, -2.0812,-2.12359, -2.0812, -2.0812,-2.12359,-2.43713,-2.12359, -2.2832, -2.0812,-2.12359, -2.0812]
	PARPACK diagonalization completed after 30 matrix-vector product operations.
	iteration results: : total energy is -61.168300 | electron energy -61.350728 + phonon energy 0.182428 | electron momentum kIdx = 10
The 2-th iteration is completed.	|| time cost : 0h 0m 35.964s
********************************************************************************************************************
Start the 3 rounds of NGS-ED iteration
	effective electronic model is modified as: kinetic energy t = 0.822641
	                                           effective interaction Vq = [-2.48927,-2.30711,-2.10172,-2.30711,-2.30711,-2.10172,-2.14455,-2.10172,-2.10172,-2.14455,-2.46423,-2.14455,-2.30711,-2.10172,-2.14455,-2.10172]
	PARPACK diagonalization completed after 30 matrix-vector product operations.
	iteration results: : total energy is -61.527602 | electron energy -61.747767 + phonon energy 0.220165 | electron momentum kIdx = 10
The 3-th iteration is completed.	|| time cost : 0h 0m 35.922s
********************************************************************************************************************
Start the 4 rounds of NGS-ED iteration
	effective electronic model is modified as: kinetic energy t = 0.819707
	                                           effective interaction Vq = [-2.49602,-2.31824,-2.11191,-2.31824,-2.31824,-2.11191, -2.1547,-2.11191,-2.11191, -2.1547,-2.47598, -2.1547,-2.31824,-2.11191, -2.1547,-2.11191]
	PARPACK diagonalization completed after 30 matrix-vector product operations.
	iteration results: : total energy is -61.655095 | electron energy -61.896644 + phonon energy 0.241549 | electron momentum kIdx = 10
The 4-th iteration is completed.	|| time cost : 0h 0m 36.062s
********************************************************************************************************************
Start the 5 rounds of NGS-ED iteration
	effective electronic model is modified as: kinetic energy t = 0.818196
	                                           effective interaction Vq = [-2.49851,-2.32364,-2.11709,-2.32364,-2.32364,-2.11709,-2.15977,-2.11709,-2.11709,-2.15977,-2.48133,-2.15977,-2.32364,-2.11709,-2.15977,-2.11709]
	PARPACK diagonalization completed after 30 matrix-vector product operations.
	iteration results: : total energy is -61.700361 | electron energy -61.953567 + phonon energy 0.253205 | electron momentum kIdx = 10
The 5-th iteration is completed.	|| time cost : 0h 0m 36.06s
********************************************************************************************************************
Start the 6 rounds of NGS-ED iteration
	effective electronic model is modified as: kinetic energy t = 0.817413
	                                           effective interaction Vq = [-2.49942,-2.32634,-2.11977,-2.32634,-2.32634,-2.11977,-2.16236,-2.11977,-2.11977,-2.16236,-2.48389,-2.16236,-2.32634,-2.11977,-2.16236,-2.11977]
	PARPACK diagonalization completed after 30 matrix-vector product operations.
	iteration results: : total energy is -61.716511 | electron energy -61.975936 + phonon energy 0.259424 | electron momentum kIdx = 10
The 6-th iteration is completed.	|| time cost : 0h 0m 36.086s
********************************************************************************************************************
Start the 7 rounds of NGS-ED iteration
	effective electronic model is modified as: kinetic energy t = 0.817006
	                                           effective interaction Vq = [-2.49976, -2.3277,-2.12116, -2.3277, -2.3277,-2.12116, -2.1637,-2.12116,-2.12116, -2.1637,-2.48515, -2.1637, -2.3277,-2.12116, -2.1637,-2.12116]
	PARPACK diagonalization completed after 30 matrix-vector product operations.
	iteration results: : total energy is -61.722307 | electron energy -61.985010 + phonon energy 0.262703 | electron momentum kIdx = 10
The 7-th iteration is completed.	|| time cost : 0h 0m 36.2s
********************************************************************************************************************
Start the 8 rounds of NGS-ED iteration
	effective electronic model is modified as: kinetic energy t = 0.816795
	                                           effective interaction Vq = [-2.49988, -2.3284,-2.12189, -2.3284, -2.3284,-2.12189, -2.1644,-2.12189,-2.12189, -2.1644,-2.48579, -2.1644, -2.3284,-2.12189, -2.1644,-2.12189]
	PARPACK diagonalization completed after 30 matrix-vector product operations.
	iteration results: : total energy is -61.724399 | electron energy -61.988818 + phonon energy 0.264420 | electron momentum kIdx = 10
The 8-th iteration is completed.	|| time cost : 0h 0m 36.264s
********************************************************************************************************************
Start the 9 rounds of NGS-ED iteration
	effective electronic model is modified as: kinetic energy t = 0.816684
	                                           effective interaction Vq = [-2.49993,-2.32876,-2.12227,-2.32876,-2.32876,-2.12227,-2.16477,-2.12227,-2.12227,-2.16477,-2.48612,-2.16477,-2.32876,-2.12227,-2.16477,-2.12227]
	PARPACK diagonalization completed after 30 matrix-vector product operations.
	iteration results: : total energy is -61.725157 | electron energy -61.990473 + phonon energy 0.265315 | electron momentum kIdx = 10
The 9-th iteration is completed.	|| time cost : 0h 0m 36.096s
********************************************************************************************************************
Start the 10 rounds of NGS-ED iteration
	effective electronic model is modified as: kinetic energy t = 0.816626
	                                           effective interaction Vq = [-2.49994,-2.32894,-2.12247,-2.32894,-2.32894,-2.12247,-2.16496,-2.12247,-2.12247,-2.16496,-2.48628,-2.16496,-2.32894,-2.12247,-2.16496,-2.12247]
	PARPACK diagonalization completed after 30 matrix-vector product operations.
	iteration results: : total energy is -61.725433 | electron energy -61.991215 + phonon energy 0.265782 | electron momentum kIdx = 10
	Nq(0) = 16,	Nq(1) = 0.319918,	Nq(2) = 0.349011,	Nq(3) = 0.319918,	Nq(4) = 0.319918,	Nq(5) = 0.349011,	Nq(6) = 0.551033,	Nq(7) = 0.349011,	Nq(8) = 0.349011,	Nq(9) = 0.551033,	Nq(10) = 4.49441,	Nq(11) = 0.551033,	Nq(12) = 0.319918,	Nq(13) = 0.349011,	Nq(14) = 0.551033,	Nq(15) = 0.349011,	Sq(0) = 1.05253e-18,	Sq(1) = 0.291859,	Sq(2) = 0.343686,	Sq(3) = 0.291859,	Sq(4) = 0.291859,	Sq(5) = 0.343686,	Sq(6) = 0.527818,	Sq(7) = 0.343686,	Sq(8) = 0.343686,	Sq(9) = 0.527818,	Sq(10) = 0.586893,	Sq(11) = 0.527818,	Sq(12) = 0.291859,	Sq(13) = 0.343686,	Sq(14) = 0.527818,	Sq(15) = 0.343686,	N(0) = 1.99282,	N(1) = 1.97835,	N(2) = 1,	N(3) = 1.97835,	N(4) = 1.97835,	N(5) = 1,	N(6) = 0.0216544,	N(7) = 1,	N(8) = 1,	N(9) = 0.0216544,	N(10) = 0.00717918,	N(11) = 0.0216544,	N(12) = 1.97835,	N(13) = 1,	N(14) = 0.0216544,	N(15) = 1,	Delta[s](0) = 0.408093,	Delta[s](1) = 0.333411,	Delta[s](2) = 0.32174,	Delta[s](3) = 0.333411,	Delta[s](4) = 0.333411,	Delta[s](5) = 0.32174,	Delta[s](6) = 0.275643,	Delta[s](7) = 0.32174,	Delta[s](8) = 0.32174,	Delta[s](9) = 0.275643,	Delta[s](10) = 0.261393,	Delta[s](11) = 0.275643,	Delta[s](12) = 0.333411,	Delta[s](13) = 0.32174,	Delta[s](14) = 0.275643,	Delta[s](15) = 0.32174,	Delta[d](0) = 0.239104,	Delta[d](1) = 0.237944,	Delta[d](2) = 0.238609,	Delta[d](3) = 0.237944,	Delta[d](4) = 0.237944,	Delta[d](5) = 0.151862,	Delta[d](6) = 0.19265,	Delta[d](7) = 0.151862,	Delta[d](8) = 0.238609,	Delta[d](9) = 0.19265,	Delta[d](10) = 0.0645979,	Delta[d](11) = 0.19265,	Delta[d](12) = 0.237944,	Delta[d](13) = 0.151862,	Delta[d](14) = 0.19265,	Delta[d](15) = 0.151862,	Delta[s+](0) = 0.472993,	Delta[s+](1) = 0.370381,	Delta[s+](2) = 0.238609,	Delta[s+](3) = 0.370381,	Delta[s+](4) = 0.370381,	Delta[s+](5) = 0.238609,	Delta[s+](6) = 0.105875,	Delta[s+](7) = 0.238609,	Delta[s+](8) = 0.238609,	Delta[s+](9) = 0.105875,	Delta[s+](10) = 0.0348577,	Delta[s+](11) = 0.105875,	Delta[s+](12) = 0.370381,	Delta[s+](13) = 0.238609,	Delta[s+](14) = 0.105875,	Delta[s+](15) = 0.238609
The 10-th iteration is completed.	|| time cost : 0h 5m 40.533s
********************************************************************************************************************
Start the 11 rounds of NGS-ED iteration
	effective electronic model is modified as: kinetic energy t = 0.816596
	                                           effective interaction Vq = [-2.49995,-2.32904,-2.12258,-2.32904,-2.32904,-2.12258,-2.16506,-2.12258,-2.12258,-2.16506,-2.48637,-2.16506,-2.32904,-2.12258,-2.16506,-2.12258]
	PARPACK diagonalization completed after 30 matrix-vector product operations.
	iteration results: : total energy is -61.725534 | electron energy -61.991559 + phonon energy 0.266025 | electron momentum kIdx = 10
The 11-th iteration is completed.	|| time cost : 0h 0m 35.931s
********************************************************************************************************************
Start the 12 rounds of NGS-ED iteration
	effective electronic model is modified as: kinetic energy t = 0.816581
	                                           effective interaction Vq = [-2.49995,-2.32908,-2.12263,-2.32908,-2.32908,-2.12263,-2.16512,-2.12263,-2.12263,-2.16512,-2.48641,-2.16512,-2.32908,-2.12263,-2.16512,-2.12263]
	PARPACK diagonalization completed after 30 matrix-vector product operations.
	iteration results: : total energy is -61.725571 | electron energy -61.991723 + phonon energy 0.266152 | electron momentum kIdx = 10
The 12-th iteration is completed.	|| time cost : 0h 0m 35.955s
********************************************************************************************************************
Start the 13 rounds of NGS-ED iteration
	effective electronic model is modified as: kinetic energy t = 0.816572
	                                           effective interaction Vq = [-2.49995,-2.32911,-2.12266,-2.32911,-2.32911,-2.12266,-2.16515,-2.12266,-2.12266,-2.16515,-2.48644,-2.16515,-2.32911,-2.12266,-2.16515,-2.12266]
	PARPACK diagonalization completed after 30 matrix-vector product operations.
	iteration results: : total energy is -61.725584 | electron energy -61.991802 + phonon energy 0.266218 | electron momentum kIdx = 10
The 13-th iteration is completed.	|| time cost : 0h 0m 36.039s
********************************************************************************************************************
Start the 14 rounds of NGS-ED iteration
	effective electronic model is modified as: kinetic energy t = 0.816568
	                                           effective interaction Vq = [-2.49995,-2.32912,-2.12268,-2.32912,-2.32912,-2.12268,-2.16516,-2.12268,-2.12268,-2.16516,-2.48645,-2.16516,-2.32912,-2.12268,-2.16516,-2.12268]
	PARPACK diagonalization completed after 30 matrix-vector product operations.
	iteration results: : total energy is -61.725589 | electron energy -61.991841 + phonon energy 0.266252 | electron momentum kIdx = 10
The 14-th iteration is completed.	|| time cost : 0h 0m 36.903s
********************************************************************************************************************
Start the 15 rounds of NGS-ED iteration
	effective electronic model is modified as: kinetic energy t = 0.816566
	                                           effective interaction Vq = [-2.49995,-2.32913,-2.12268,-2.32913,-2.32913,-2.12268,-2.16517,-2.12268,-2.12268,-2.16517,-2.48646,-2.16517,-2.32913,-2.12268,-2.16517,-2.12268]
	PARPACK diagonalization completed after 30 matrix-vector product operations.
	iteration results: : total energy is -61.725591 | electron energy -61.991861 + phonon energy 0.266270 | electron momentum kIdx = 10
The 15-th iteration is completed.	|| time cost : 0h 0m 36.334s
********************************************************************************************************************
Start the 16 rounds of NGS-ED iteration
	effective electronic model is modified as: kinetic energy t = 0.816565
	                                           effective interaction Vq = [-2.49995,-2.32913,-2.12269,-2.32913,-2.32913,-2.12269,-2.16517,-2.12269,-2.12269,-2.16517,-2.48646,-2.16517,-2.32913,-2.12269,-2.16517,-2.12269]
	PARPACK diagonalization completed after 30 matrix-vector product operations.
	iteration results: : total energy is -61.725592 | electron energy -61.991871 + phonon energy 0.266280 | electron momentum kIdx = 10
The 16-th iteration is completed.	|| time cost : 0h 0m 36.126s
********************************************************************************************************************
Start the 17 rounds of NGS-ED iteration
	effective electronic model is modified as: kinetic energy t = 0.816564
	                                           effective interaction Vq = [-2.49995,-2.32914,-2.12269,-2.32914,-2.32914,-2.12269,-2.16518,-2.12269,-2.12269,-2.16518,-2.48646,-2.16518,-2.32914,-2.12269,-2.16518,-2.12269]
	PARPACK diagonalization completed after 30 matrix-vector product operations.
	iteration results: : total energy is -61.725592 | electron energy -61.991876 + phonon energy 0.266284 | electron momentum kIdx = 10
The 17-th iteration is completed.	|| time cost : 0h 0m 36.141s
