SNEDics v3.22.2 Non-Gaussian ED ground state program		Start at Sat Feb 19 20:35:46 2022

Parallelization: 32 MPI threads  * 8 OpenMP threads = 256 total threads.
********************************************************************************************************************
********************************************************************************************************************

********************************************************************************************************************
System parameters and configurations
	special program options are enabled: splitted diagonal Hamiltonian | splitted Hamiltonian terms
********************************************************************************************************************
Read input file "model_params.in"
	Hubbard-Holstein model parameters : 	t = 1    t' = -0.1    U = 8    g = 0.5    W = 0.2    
********************************************************************************************************************
Read input file "hilbertspace_params.in"
	Requested 16-site 2D lattice, with 16 electrons (8, 8)
	Boundary : Periodic		Hilbert space representation : momentum-space (restricted to kIdx = 0)
	Conservation: particle number[U(1)]      spin[U(1)]     momentum
********************************************************************************************************************

Cluster Positions:				Cluster symmetry group : D4
 x ... x ... x ... x .....                       x ... x ... x ... x .....
 |           |           :                       |           |           :
 |           |           :                       |           |           :
12    13    14    15     x                       1     5     6     5     x
 |           |           :                       |           |           :
 |           |           :                       |           |           :
 8 --- 9 ---10 ---11 --- x                       2 --- 6 ---10 --- 6 --- x
 |           |           :                       |           |           :
 |           |           :                       |           |           :
 4     5     6     7     x                       1     5     6     5     x
 |           |           :                       |           |           :
 |           |           :                       |           |           :
 0 --- 1 --- 2 --- 3 --- x                       0 --- 1 --- 2 --- 1 --- x
orbital number : 1
********************************************************************************************************************
Read input file "obs_params.in"
	Observable Type : Nq(All),   Sq(All),   N(All-Orbital),   Delta[s](All),   Delta[d](All),   Delta[s+](All)
** WARNING ** the input observables have non-local factors which have been reinterpreted. The total observable number is 96
********************************************************************************************************************


********************************************************************************************************************
Start calculating the non-Gaussian ED ground state
Maximal iteration number is 1000; energy resolution is 1e-06. Phonon state relaxation time is 2000
W = 0.2 is relatively large. The non-Gaussian ED calculation starts directly.
open output files: NGSED_iteration_observables.txt
********************************************************************************************************************
Start the 0 rounds of NGS-ED iteration
	effective electronic model is modified as: kinetic energy t = 1, t' = -0.1
	                                           effective interaction Vq = [0,0,0,0,0,0,0,0,0,0,0,0,0,0,0,0]
	first Hamiltonian is constructed, size = 10353252 and non-zero numbers = 2847444204
	PARPACK diagonalization completed after 105 matrix-vector product operations.
	iteration results: : total energy is -8.470896 | electron energy -8.470896 + phonon energy 0.000000 | electron momentum kIdx = 0
	Nq(0) = 16,	Nq(1) = 0.0625158,	Nq(2) = 0.109889,	Nq(3) = 0.0625158,	Nq(4) = 0.0625158,	Nq(5) = 0.10991,	
	Nq(6) = 0.152406,	Nq(7) = 0.10991,	Nq(8) = 0.109889,	Nq(9) = 0.152406,	Nq(10) = 0.192465,	
	Nq(11) = 0.152406,	Nq(12) = 0.0625158,	Nq(13) = 0.10991,	Nq(14) = 0.152406,	Nq(15) = 0.10991;	
	Sq(0) = 8.56958e-19,	Sq(1) = 0.411933,	Sq(2) = 0.641405,	Sq(3) = 0.411933,	Sq(4) = 0.411933,	
	Sq(5) = 0.641378,	Sq(6) = 0.940902,	Sq(7) = 0.641378,	Sq(8) = 0.641405,	Sq(9) = 0.940902,	
	Sq(10) = 5.02876,	Sq(11) = 0.940902,	Sq(12) = 0.411933,	Sq(13) = 0.641378,	Sq(14) = 0.940902,	
	Sq(15) = 0.641378;	N(0) = 1.7725,	N(1) = 1.5696,	N(2) = 1.00244,	N(3) = 1.5696,	
	N(4) = 1.5696,	N(5) = 0.9999,	N(6) = 0.430615,	N(7) = 0.9999,	N(8) = 1.00244,	
	N(9) = 0.430615,	N(10) = 0.222184,	N(11) = 0.430615,	N(12) = 1.5696,	N(13) = 0.9999,	
	N(14) = 0.430615,	N(15) = 0.9999;	Delta[s](0) = 0.095703,	Delta[s](1) = 0.0759231,	Delta[s](2) = 0.0549206,	
	Delta[s](3) = 0.0759231,	Delta[s](4) = 0.0759231,	Delta[s](5) = 0.0549348,	Delta[s](6) = 0.0315281,	Delta[s](7) = 0.0549348,	
	Delta[s](8) = 0.0549206,	Delta[s](9) = 0.0315281,	Delta[s](10) = 0.000697239,	Delta[s](11) = 0.0315281,	Delta[s](12) = 0.0759231,	
	Delta[s](13) = 0.0549348,	Delta[s](14) = 0.0315281,	Delta[s](15) = 0.0549348;	Delta[d](0) = 0.585945,	Delta[d](1) = 0.444722,	
	Delta[d](2) = 0.334357,	Delta[d](3) = 0.444722,	Delta[d](4) = 0.444722,	Delta[d](5) = 0.341465,	Delta[d](6) = 0.234824,	
	Delta[d](7) = 0.341465,	Delta[d](8) = 0.334357,	Delta[d](9) = 0.234824,	Delta[d](10) = 0.115657,	Delta[d](11) = 0.234824,	
	Delta[d](12) = 0.444722,	Delta[d](13) = 0.341465,	Delta[d](14) = 0.234824,	Delta[d](15) = 0.341465;	Delta[s+](0) = 0.606889,	
	Delta[s+](1) = 0.478916,	Delta[s+](2) = 0.334357,	Delta[s+](3) = 0.478916,	Delta[s+](4) = 0.478916,	Delta[s+](5) = 0.334057,	
	Delta[s+](6) = 0.19198,	Delta[s+](7) = 0.334057,	Delta[s+](8) = 0.334357,	Delta[s+](9) = 0.19198,	Delta[s+](10) = 0.0670756,	
	Delta[s+](11) = 0.19198,	Delta[s+](12) = 0.478916,	Delta[s+](13) = 0.334057,	Delta[s+](14) = 0.19198,	Delta[s+](15) = 0.334057
	
The 0-th iteration is completed.	|| time cost : 0h 6m 14.295s
********************************************************************************************************************
Start the 1 rounds of NGS-ED iteration
	effective electronic model is modified as: kinetic energy t = 0.996883, t' = -0.0996631
	                                           effective interaction Vq = [     -1.25,-0.0642144,-0.0573272,-0.0642144,-0.0642144,-0.0573536,-0.0536425,-0.0573536,-0.0573272,-0.0536425,-0.0513203,-0.0536425,-0.0642144,-0.0573536,-0.0536425,-0.0573536]
	PARPACK diagonalization completed after 45 matrix-vector product operations.
	iteration results: : total energy is -28.519414 | electron energy -28.520230 + phonon energy 0.000815 | electron momentum kIdx = 0
The 1-th iteration is completed.	|| time cost : 0h 3m 52.515s
********************************************************************************************************************
Start the 2 rounds of NGS-ED iteration
	effective electronic model is modified as: kinetic energy t = 0.996824, t' = -0.0996563
	                                           effective interaction Vq = [     -1.25,-0.0649908,-0.0578928,-0.0649908,-0.0649908,-0.0579197,-0.0541276,-0.0579197,-0.0578928,-0.0541276,-0.0517577,-0.0541276,-0.0649908,-0.0579197,-0.0541276,-0.0579197]
	PARPACK diagonalization completed after 30 matrix-vector product operations.
	iteration results: : total energy is -28.519419 | electron energy -28.520277 + phonon energy 0.000858 | electron momentum kIdx = 0
The 2-th iteration is completed.	|| time cost : 0h 0m 28.967s
********************************************************************************************************************
Start the 3 rounds of NGS-ED iteration
	effective electronic model is modified as: kinetic energy t = 0.996823, t' = -0.0996562
	                                           effective interaction Vq = [     -1.25,-0.0649969, -0.057897,-0.0649969,-0.0649969,-0.0579239,-0.0541312,-0.0579239, -0.057897,-0.0541312,-0.0517608,-0.0541312,-0.0649969,-0.0579239,-0.0541312,-0.0579239]
	PARPACK diagonalization completed after 30 matrix-vector product operations.
	iteration results: : total energy is -28.519419 | electron energy -28.520278 + phonon energy 0.000859 | electron momentum kIdx = 0
The 3-th iteration is completed.	|| time cost : 0h 0m 29.054s
********************************************************************************************************************
Start the 4 rounds of NGS-ED iteration
	effective electronic model is modified as: kinetic energy t = 0.996823, t' = -0.0996562
	                                           effective interaction Vq = [     -1.25,-0.0649969,-0.0578971,-0.0649969,-0.0649969, -0.057924,-0.0541312, -0.057924,-0.0578971,-0.0541312,-0.0517608,-0.0541312,-0.0649969, -0.057924,-0.0541312, -0.057924]
	PARPACK diagonalization completed after 30 matrix-vector product operations.
	iteration results: : total energy is -28.519419 | electron energy -28.520278 + phonon energy 0.000859 | electron momentum kIdx = 0
	Nq(0) = 16,	Nq(1) = 0.0637342,	Nq(2) = 0.111744,	Nq(3) = 0.0637342,	Nq(4) = 0.0637342,	Nq(5) = 0.111766,	
	Nq(6) = 0.154817,	Nq(7) = 0.111766,	Nq(8) = 0.111744,	Nq(9) = 0.154817,	Nq(10) = 0.195373,	
	Nq(11) = 0.154817,	Nq(12) = 0.0637342,	Nq(13) = 0.111766,	Nq(14) = 0.154817,	Nq(15) = 0.111766;	
	Sq(0) = 5.38254e-19,	Sq(1) = 0.412493,	Sq(2) = 0.641141,	Sq(3) = 0.412493,	Sq(4) = 0.412493,	
	Sq(5) = 0.641113,	Sq(6) = 0.938324,	Sq(7) = 0.641113,	Sq(8) = 0.641141,	Sq(9) = 0.938324,	
	Sq(10) = 5.00987,	Sq(11) = 0.938324,	Sq(12) = 0.412493,	Sq(13) = 0.641113,	Sq(14) = 0.938324,	
	Sq(15) = 0.641113;	N(0) = 1.7761,	N(1) = 1.5749,	N(2) = 1.00242,	N(3) = 1.5749,	
	N(4) = 1.5749,	N(5) = 0.999896,	N(6) = 0.425322,	N(7) = 0.999896,	N(8) = 1.00242,	
	N(9) = 0.425322,	N(10) = 0.218582,	N(11) = 0.425322,	N(12) = 1.5749,	N(13) = 0.999896,	
	N(14) = 0.425322,	N(15) = 0.999896;	Delta[s](0) = 0.0971515,	Delta[s](1) = 0.0771225,	Delta[s](2) = 0.0558452,	
	Delta[s](3) = 0.0771225,	Delta[s](4) = 0.0771225,	Delta[s](5) = 0.0558593,	Delta[s](6) = 0.0321435,	Delta[s](7) = 0.0558593,	
	Delta[s](8) = 0.0558452,	Delta[s](9) = 0.0321435,	Delta[s](10) = 0.000721793,	Delta[s](11) = 0.0321435,	Delta[s](12) = 0.0771225,	
	Delta[s](13) = 0.0558593,	Delta[s](14) = 0.0321435,	Delta[s](15) = 0.0558593;	Delta[d](0) = 0.585528,	Delta[d](1) = 0.443764,	
	Delta[d](2) = 0.333865,	Delta[d](3) = 0.443764,	Delta[d](4) = 0.443764,	Delta[d](5) = 0.341036,	Delta[d](6) = 0.234701,	
	Delta[d](7) = 0.341036,	Delta[d](8) = 0.333865,	Delta[d](9) = 0.234701,	Delta[d](10) = 0.115318,	Delta[d](11) = 0.234701,	
	Delta[d](12) = 0.443764,	Delta[d](13) = 0.341036,	Delta[d](14) = 0.234701,	Delta[d](15) = 0.341036;	Delta[s+](0) = 0.606969,	
	Delta[s+](1) = 0.478914,	Delta[s+](2) = 0.333865,	Delta[s+](3) = 0.478914,	Delta[s+](4) = 0.478914,	Delta[s+](5) = 0.333567,	
	Delta[s+](6) = 0.191106,	Delta[s+](7) = 0.333567,	Delta[s+](8) = 0.333865,	Delta[s+](9) = 0.191106,	Delta[s+](10) = 0.066263,	
	Delta[s+](11) = 0.191106,	Delta[s+](12) = 0.478914,	Delta[s+](13) = 0.333567,	Delta[s+](14) = 0.191106,	Delta[s+](15) = 0.333567
	
The 4-th iteration is completed.	|| time cost : 0h 4m 21.187s
********************************************************************************************************************
********************************************************************************************************************
Ground state is obtained after 5 iterations. The current ground-state energy is -28.5194, in which electron energy is -28.5203 and phonon energy is 0.000858578
Final variational state is: 
	Gamma_x = [      1,1.02064,1.03248,1.02064,1.02064, 1.0325, 1.0423, 1.0325,1.03248, 1.0423,1.05128, 1.0423,1.02064, 1.0325, 1.0423, 1.0325]
	lambda_q = [      2.5,0.0658646,0.0585835,0.0658646,0.0658646, 0.058611,0.0547303, 0.058611,0.0585835,0.0547303, 0.052308,0.0547303,0.0658646, 0.058611,0.0547303, 0.058611]
Effective e-e interactions mediated by phonons are:
	momentum-space Vq = [     -1.25,-0.0649969,-0.0578971,-0.0649969,-0.0649969, -0.057924,-0.0541312, -0.057924,-0.0578971,-0.0541312,-0.0517608,-0.0541312,-0.0649969, -0.057924,-0.0541312, -0.057924]
	real-space Vr = [  -0.13286,-0.0762482,-0.0741162,-0.0762482,-0.0762482,-0.0741229,-0.0735317,-0.0741229,-0.0741162,-0.0735317,-0.0732961,-0.0735317,-0.0762482,-0.0741229,-0.0735317,-0.0741229]
********************************************************************************************************************
o___o  ----------------------------------------
| L |	Time since last clock: 0h 0m 0.009s
A===A	Time since the beginning: 0h 15m 26.029s
***********************************************


Non-Gaussina ED ground state calculation is completed. The final ground-state energy is -28.5194
********************************************************************************************************************
o___o  ----------------------------------------
| L |	Time since last clock: 0h 0m 0.003s
A===A	Time since the beginning: 0h 15m 26.032s
***********************************************



********************************************************************************************************************
All non-Gaussian ED ground state calculations have been completed. Exit now.
