SNEDics v3.2 diagonalization test program		Start at Tue Apr 23 07:43:40 2019

parallized on 80 MPI threads  * 6 OpenMP threads = 480 total threads.
************************************************************************************
************************************************************************************

Input file "model_params.in"
Hubbard-Holstein model parameters : 	t = 1    U = 3    g = 3    W = 5    
************************************************************************************
Input file "hilbertspace_params.in"

Cluster Positions:				Cluster symmetry group : D4
 x ... x ... x ... x .....                       x ... x ... x ... x .....
 |           |           :                       |           |           :
 |           |           :                       |           |           :
12    13    14    15     x                       1     5     6     5     x
 |           |           :                       |           |           :
 |           |           :                       |           |           :
 8 --- 9 ---10 ---11 --- x                       2 --- 6 ---10 --- 6 --- x
 |           |           :                       |           |           :
 |           |           :                       |           |           :
 4     5     6     7     x                       1     5     6     5     x
 |           |           :                       |           |           :
 |           |           :                       |           |           :
 0 --- 1 --- 2 --- 3 --- x                       0 --- 1 --- 2 --- 1 --- x
orbital number : 1
************************************************************************************
0 rounds of non-Gaussian ED iteration : ground-state energy is -15.6367 | electron energy -15.6367 + phonon energy 0 | electron momentum kIdx = 0
Nq = 	16	0.197474	0.272632	0.197474	0.197474	0.272632	0.377802	0.272632	0.272632	0.377802	0.449031	0.377802	0.197474	0.272632	0.377802	0.272632
Sq = 	5.12778e-19	0.422553	0.613841	0.422553	0.422553	0.613841	0.765373	0.613841	0.613841	0.765373	3.17932	0.765373	0.422553	0.613841	0.765373	0.613841
1 rounds of non-Gaussian ED iteration : ground-state energy is -37.9448 | electron energy -37.9458 + phonon energy 0.000944475 | electron momentum kIdx = 0
Nq = 	16	0.299601	0.342541	0.299601	0.299601	0.342541	0.515781	0.342541	0.342541	0.515781	0.564165	0.515781	0.299601	0.342541	0.515781	0.342541
Sq = 	2.08697e-18	0.399687	0.578339	0.399687	0.399687	0.578339	0.682175	0.578339	0.578339	0.682175	2.32158	0.682175	0.399687	0.578339	0.682175	0.578339
2 rounds of non-Gaussian ED iteration : ground-state energy is -45.7641 | electron energy -45.7773 + phonon energy 0.0132651 | electron momentum kIdx = 0
Nq = 	16	0.352018	0.362461	0.352018	0.352018	0.362461	0.576763	0.362461	0.362461	0.576763	0.595715	0.576763	0.352018	0.362461	0.576763	0.362461
Sq = 	2.73199e-18	0.385399	0.557934	0.385399	0.385399	0.557934	0.647734	0.557934	0.557934	0.647734	2.03426	0.647734	0.385399	0.557934	0.647734	0.557934
3 rounds of non-Gaussian ED iteration : ground-state energy is -48.5758 | electron energy -48.6141 + phonon energy 0.0382826 | electron momentum kIdx = 0
Nq = 	16	0.380934	0.369695	0.380934	0.380934	0.369695	0.608579	0.369695	0.369695	0.608579	0.606652	0.608579	0.380934	0.369695	0.608579	0.369695
Sq = 	9.28131e-18	0.377261	0.546668	0.377261	0.377261	0.546668	0.630712	0.546668	0.546668	0.630712	1.90523	0.630712	0.377261	0.546668	0.630712	0.546668
4 rounds of non-Gaussian ED iteration : ground-state energy is -49.596 | electron energy -49.66 + phonon energy 0.0640207 | electron momentum kIdx = 0
Nq = 	16	0.396853	0.372677	0.396853	0.396853	0.372677	0.626122	0.372677	0.372677	0.626121	0.611009	0.626121	0.396853	0.372677	0.626122	0.372677
Sq = 	4.52477e-18	0.372669	0.540438	0.372669	0.372669	0.540437	0.62179	0.540438	0.540437	0.62179	1.84057	0.62179	0.372669	0.540438	0.62179	0.540437
5 rounds of non-Gaussian ED iteration : ground-state energy is -49.9672 | electron energy -50.051 + phonon energy 0.0837946 | electron momentum kIdx = 0
Nq = 	16	0.405772	0.374354	0.405772	0.405772	0.374354	0.635894	0.374354	0.374354	0.635894	0.612903	0.635894	0.405772	0.374354	0.635894	0.374354
Sq = 	-5.84201e-18	0.370039	0.536854	0.370039	0.370039	0.536854	0.617007	0.536854	0.536853	0.617007	1.805	0.617007	0.370039	0.536854	0.617007	0.536854
6 rounds of non-Gaussian ED iteration : ground-state energy is -50.1047 | electron energy -50.2017 + phonon energy 0.0969937 | electron momentum kIdx = 0
Nq = 	16	0.40946	0.591776	0.40946	0.409459	0.591777	0.630461	0.591777	0.591776	0.630461	0.614269	0.630461	0.409459	0.591777	0.630461	0.591777
Sq = 	-1.79889e-18	0.368965	0.46287	0.368965	0.368965	0.462866	0.617754	0.462866	0.462869	0.617754	0.951309	0.617754	0.368965	0.462866	0.617754	0.462866
7 rounds of non-Gaussian ED iteration : ground-state energy is -50.2909 | electron energy -50.3998 + phonon energy 0.108859 | electron momentum kIdx = 0
Nq = 	16	0.403354	0.717796	0.403354	0.403354	0.717797	0.632795	0.717797	0.717797	0.632795	0.82837	0.632795	0.403354	0.717797	0.632795	0.717797
Sq = 	-1.11135e-17	0.362156	0.372115	0.362156	0.362156	0.372115	0.604942	0.372115	0.372115	0.604942	0.619173	0.604942	0.362156	0.372115	0.604942	0.372115
8 rounds of non-Gaussian ED iteration : ground-state energy is -50.3959 | electron energy -50.519 + phonon energy 0.123049 | electron momentum kIdx = 0
Nq = 	16	0.398131	0.732607	0.398131	0.398131	0.732608	0.627044	0.732608	0.732608	0.627044	0.85421	0.627044	0.398131	0.732608	0.627044	0.732608
Sq = 	-1.16859e-17	0.356663	0.369753	0.356663	0.356663	0.369753	0.597476	0.369753	0.369753	0.597476	0.614364	0.597476	0.356663	0.369753	0.597476	0.369753
9 rounds of non-Gaussian ED iteration : ground-state energy is -50.4305 | electron energy -50.5668 + phonon energy 0.136243 | electron momentum kIdx = 0
Nq = 	16	0.395385	0.740227	0.395385	0.395385	0.740228	0.623887	0.740228	0.740228	0.623887	0.868365	0.623887	0.395385	0.740228	0.623887	0.740228
Sq = 	-2.03615e-18	0.353887	0.368519	0.353887	0.353887	0.368519	0.593679	0.368519	0.368519	0.593679	0.611808	0.593679	0.353887	0.368519	0.593679	0.368519
10 rounds of non-Gaussian ED iteration : ground-state energy is -50.442 | electron energy -50.5877 + phonon energy 0.145776 | electron momentum kIdx = 0
Nq = 	16	0.393876	0.744284	0.393876	0.393876	0.744286	0.622102	0.744286	0.744286	0.622102	0.876417	0.622102	0.393876	0.744286	0.622102	0.744286
Sq = 	-4.17923e-18	0.352426	0.367855	0.352426	0.352426	0.367855	0.591675	0.367855	0.367855	0.591675	0.610422	0.591675	0.352426	0.367855	0.591675	0.367855
11 rounds of non-Gaussian ED iteration : ground-state energy is -50.4458 | electron energy -50.5977 + phonon energy 0.151922 | electron momentum kIdx = 0
Nq = 	16	0.393026	0.746496	0.393026	0.393026	0.746498	0.621073	0.746498	0.746498	0.621073	0.881082	0.621073	0.393026	0.746498	0.621073	0.746498
Sq = 	-7.35362e-18	0.351639	0.36749	0.351639	0.351639	0.367491	0.590594	0.367491	0.367491	0.590594	0.60966	0.590594	0.351639	0.367491	0.590594	0.367491
12 rounds of non-Gaussian ED iteration : ground-state energy is -50.447 | electron energy -50.6027 + phonon energy 0.155649 | electron momentum kIdx = 0
Nq = 	16	0.392539	0.74772	0.392539	0.392539	0.747722	0.620473	0.747722	0.747723	0.620473	0.883808	0.620473	0.392539	0.747722	0.620473	0.747722
Sq = 	-2.39847e-18	0.351208	0.367288	0.351208	0.351208	0.367288	0.590003	0.367288	0.367289	0.590003	0.609236	0.590003	0.351208	0.367288	0.590003	0.367288
13 rounds of non-Gaussian ED iteration : ground-state energy is -50.4475 | electron energy -50.6053 + phonon energy 0.157835 | electron momentum kIdx = 0
Nq = 	16	0.392258	0.748404	0.392258	0.392258	0.748405	0.620121	0.748405	0.748406	0.620121	0.885409	0.620121	0.392258	0.748405	0.620121	0.748405
Sq = 	1.65492e-17	0.350971	0.367176	0.350971	0.350971	0.367176	0.589677	0.367176	0.367176	0.589677	0.608999	0.589677	0.350971	0.367176	0.589677	0.367176
14 rounds of non-Gaussian ED iteration : ground-state energy is -50.4476 | electron energy -50.6067 + phonon energy 0.159093 | electron momentum kIdx = 0
Nq = 	16	0.392094	0.748788	0.392094	0.392094	0.748789	0.619914	0.748789	0.748791	0.619914	0.88635	0.619914	0.392094	0.748789	0.619914	0.748789
Sq = 	5.60509e-19	0.350839	0.367112	0.350839	0.350839	0.367112	0.589496	0.367112	0.367112	0.589496	0.608866	0.589496	0.350839	0.367112	0.589496	0.367112
15 rounds of non-Gaussian ED iteration : ground-state energy is -50.4476 | electron energy -50.6074 + phonon energy 0.159809 | electron momentum kIdx = 0
Nq = 	16	0.391999	0.749004	0.391999	0.391999	0.749006	0.619792	0.749006	0.749007	0.619792	0.886904	0.619792	0.391999	0.749006	0.619792	0.749006
Sq = 	1.21014e-17	0.350766	0.367077	0.350766	0.350766	0.367077	0.589396	0.367077	0.367077	0.589396	0.608791	0.589396	0.350766	0.367077	0.589396	0.367077
16 rounds of non-Gaussian ED iteration : ground-state energy is -50.4477 | electron energy -50.6079 + phonon energy 0.160215 | electron momentum kIdx = 0
Nq = 	16	0.391943	0.749126	0.391943	0.391944	0.749128	0.61972	0.749128	0.74913	0.61972	0.88723	0.61972	0.391944	0.749128	0.61972	0.749128
Sq = 	3.3077e-18	0.350725	0.367057	0.350725	0.350725	0.367057	0.58934	0.367057	0.367057	0.58934	0.608749	0.58934	0.350725	0.367057	0.58934	0.367057
17 rounds of non-Gaussian ED iteration : ground-state energy is -50.4477 | electron energy -50.6081 + phonon energy 0.160443 | electron momentum kIdx = 0
Nq = 	16	0.391911	0.749195	0.391911	0.391911	0.749197	0.619677	0.749197	0.749199	0.619677	0.887423	0.619677	0.391911	0.749197	0.619677	0.749197
Sq = 	-7.61016e-18	0.350702	0.367045	0.350702	0.350702	0.367045	0.589309	0.367045	0.367045	0.589309	0.608725	0.589309	0.350702	0.367045	0.589309	0.367045
18 rounds of non-Gaussian ED iteration : ground-state energy is -50.4477 | electron energy -50.6082 + phonon energy 0.160571 | electron momentum kIdx = 0
Nq = 	16	0.391892	0.749234	0.391892	0.391892	0.749236	0.619652	0.749236	0.749238	0.619652	0.887536	0.619652	0.391892	0.749236	0.619652	0.749236
Sq = 	-3.92556e-18	0.35069	0.367039	0.35069	0.35069	0.367039	0.589291	0.367039	0.367039	0.589291	0.608711	0.589291	0.35069	0.367039	0.589291	0.367039
Ground state is obtained after 19 iterations. The current ground-state energy is -50.4477, in which electron energy is -50.6083 and phonon energy is 0.160644
o___o  -------------------------------------
| L |	Time since last clock: 1h 43m 17.548s
A===A	Time since the beginning: 1h 43m 17.548s
********************************************

************************************************************************************
