TACC:  Starting up job 1744426 
TACC:  Starting parallel tasks... 
SNEDics v3.4 Non-Gaussian ED ground state program		Start at Sun Oct 11 00:51:08 2020

parallized on 16 MPI threads  * 7 OpenMP threads = 112 total threads.
********************************************************************************************************************
********************************************************************************************************************

********************************************************************************************************************
System parameters and configurations
********************************************************************************************************************
Special program options are enabled: splitted diagonal Hamiltonian
********************************************************************************************************************
Read input file "model_params.in"
	Hubbard-Holstein model parameters : 	t = 1    U = 8    g = 0.04    W = 0.2    g' = 0.04    
********************************************************************************************************************
Read input file "hilbertspace_params.in"
	Requested 16-site 2D lattice, with 14 electrons (7, 7)
	Boundary : Periodic		Hilbert space representation : momentum-space (restricted to kIdx = 0)
	Conservation: particle number[U(1)]      spin[U(1)]     momentum
********************************************************************************************************************

Cluster Positions:				Cluster symmetry group : D4
 x ... x ... x ... x .....                       x ... x ... x ... x .....
 |           |           :                       |           |           :
 |           |           :                       |           |           :
12    13    14    15     x                       1     5     6     5     x
 |           |           :                       |           |           :
 |           |           :                       |           |           :
 8 --- 9 ---10 ---11 --- x                       2 --- 6 ---10 --- 6 --- x
 |           |           :                       |           |           :
 |           |           :                       |           |           :
 4     5     6     7     x                       1     5     6     5     x
 |           |           :                       |           |           :
 |           |           :                       |           |           :
 0 --- 1 --- 2 --- 3 --- x                       0 --- 1 --- 2 --- 1 --- x
orbital number : 1
********************************************************************************************************************
Read input file "obs_params.in"
	Observable Type : Nq(All),   Sq(All),   N(All),   Delta[s](All),   Delta[d](All),   Delta[s+](All)
********************************************************************************************************************
** WARNING ** the input observables have non-local factors which have been reinterpreted. The total observable number is 96
********************************************************************************************************************


********************************************************************************************************************
Start calculating the non-Gaussian ED ground state
** WARNING ** Detected low phonon energy W < 10. The initial state will be prepared through a warm-up process.
********************************************************************************************************************
Start warm-up calculation for scaling factor 64
open output files: NGSEDWarmUpW12.8Obs.txt
********************************************************************************************************************
Start the 0 rounds of NGS-ED iteration
	effective electronic model is modified as: kinetic energy t = 1
	                                           effective interaction Vq = [0,0,0,0,0,0,0,0,0,0,0,0,0,0,0,0]
	first Hamiltonian is constructed, non-zero numbers = 2178478298
	PARPACK diagonalization completed after 165 matrix-vector product operations.
	iteration results: : total energy is -11.868836 | electron energy -11.868836 + phonon energy 0.000000 | electron momentum kIdx = 0
	Nq(0) = 12.25,	Nq(1) = 0.154193,	Nq(2) = 0.185311,	Nq(3) = 0.154193,	Nq(4) = 0.154193,	Nq(5) = 0.203281,	Nq(6) = 0.235634,	Nq(7) = 0.203281,	Nq(8) = 0.185311,	Nq(9) = 0.235634,	Nq(10) = 0.275446,	Nq(11) = 0.235634,	Nq(12) = 0.154193,	Nq(13) = 0.203281,	Nq(14) = 0.235634,	Nq(15) = 0.203281,	Sq(0) = 1.11096e-18,	Sq(1) = 0.474292,	Sq(2) = 0.766364,	Sq(3) = 0.474292,	Sq(4) = 0.474292,	Sq(5) = 0.630724,	Sq(6) = 1.05279,	Sq(7) = 0.630724,	Sq(8) = 0.766364,	Sq(9) = 1.05279,	Sq(10) = 2.56755,	Sq(11) = 1.05279,	Sq(12) = 0.474292,	Sq(13) = 0.630724,	Sq(14) = 1.05279,	Sq(15) = 0.630724,	N(0) = 1.75464,	N(1) = 1.59086,	N(2) = 0.323321,	N(3) = 1.59086,	N(4) = 1.59086,	N(5) = 0.999881,	N(6) = 0.267546,	N(7) = 0.999881,	N(8) = 0.323321,	N(9) = 0.267546,	N(10) = 0.165565,	N(11) = 0.267546,	N(12) = 1.59086,	N(13) = 0.999881,	N(14) = 0.267546,	N(15) = 0.999881,	Delta[s](0) = 0.0793016,	Delta[s](1) = 0.0592427,	Delta[s](2) = 0.0354003,	Delta[s](3) = 0.0592427,	Delta[s](4) = 0.0592427,	Delta[s](5) = 0.0423014,	Delta[s](6) = 0.0194675,	Delta[s](7) = 0.0423014,	Delta[s](8) = 0.0354003,	Delta[s](9) = 0.0194675,	Delta[s](10) = 0.000101486,	Delta[s](11) = 0.0194675,	Delta[s](12) = 0.0592427,	Delta[s](13) = 0.0423014,	Delta[s](14) = 0.0194675,	Delta[s](15) = 0.0423014,	Delta[d](0) = 0.276698,	Delta[d](1) = 0.190168,	Delta[d](2) = 0.200014,	Delta[d](3) = 0.190168,	Delta[d](4) = 0.190168,	Delta[d](5) = 0.176881,	Delta[d](6) = 0.13267,	Delta[d](7) = 0.176881,	Delta[d](8) = 0.200014,	Delta[d](9) = 0.13267,	Delta[d](10) = 0.0534775,	Delta[d](11) = 0.13267,	Delta[d](12) = 0.190168,	Delta[d](13) = 0.176881,	Delta[d](14) = 0.13267,	Delta[d](15) = 0.176881,	Delta[s+](0) = 0.561179,	Delta[s+](1) = 0.41784,	Delta[s+](2) = 0.200014,	Delta[s+](3) = 0.41784,	Delta[s+](4) = 0.41784,	Delta[s+](5) = 0.291998,	Delta[s+](6) = 0.126312,	Delta[s+](7) = 0.291998,	Delta[s+](8) = 0.200014,	Delta[s+](9) = 0.126312,	Delta[s+](10) = 0.0382308,	Delta[s+](11) = 0.126312,	Delta[s+](12) = 0.41784,	Delta[s+](13) = 0.291998,	Delta[s+](14) = 0.126312,	Delta[s+](15) = 0.291998
The 0-th iteration is completed.	|| time cost : 0h 6m 29.775s
********************************************************************************************************************
Start the 1 rounds of NGS-ED iteration
	effective electronic model is modified as: kinetic energy t = 0.999355
	                                           effective interaction Vq = [  -0.184539, -0.0623035,-0.00660799, -0.0623035, -0.0623035,-0.00667759,-0.00646728,-0.00667759,-0.00660799,-0.00646728,  -0.057051,-0.00646728, -0.0623035,-0.00667759,-0.00646728,-0.00667759]
	PARPACK diagonalization completed after 60 matrix-vector product operations.
	iteration results: : total energy is -14.186772 | electron energy -14.186773 + phonon energy 0.000001 | electron momentum kIdx = 0
The 1-th iteration is completed.	|| time cost : 0h 5m 22.734s
********************************************************************************************************************
Start the 2 rounds of NGS-ED iteration
	effective electronic model is modified as: kinetic energy t = 0.999123
	                                           effective interaction Vq = [  -0.198805, -0.0677978,-0.00715168, -0.0677978, -0.0677978,-0.00723804,-0.00697488,-0.00723804,-0.00715168,-0.00697488,  -0.061351,-0.00697488, -0.0677978,-0.00723804,-0.00697488,-0.00723804]
	PARPACK diagonalization completed after 45 matrix-vector product operations.
	iteration results: : total energy is -14.363334 | electron energy -14.363337 + phonon energy 0.000002 | electron momentum kIdx = 0
The 2-th iteration is completed.	|| time cost : 0h 0m 24.449s
********************************************************************************************************************
Start the 3 rounds of NGS-ED iteration
	effective electronic model is modified as: kinetic energy t = 0.99908
	                                           effective interaction Vq = [  -0.199908, -0.0686173, -0.0072249, -0.0686173, -0.0686173,-0.00731581,-0.00703863,-0.00731581, -0.0072249,-0.00703863, -0.0618586,-0.00703863, -0.0686173,-0.00731581,-0.00703863,-0.00731581]
	PARPACK diagonalization completed after 45 matrix-vector product operations.
	iteration results: : total energy is -14.376906 | electron energy -14.376909 + phonon energy 0.000003 | electron momentum kIdx = 0
The 3-th iteration is completed.	|| time cost : 0h 0m 24.438s
********************************************************************************************************************
Start the 4 rounds of NGS-ED iteration
	effective electronic model is modified as: kinetic energy t = 0.999072
	                                           effective interaction Vq = [  -0.199993,  -0.068769, -0.0072361,  -0.068769,  -0.068769,-0.00732825,-0.00704751,-0.00732825, -0.0072361,-0.00704751,  -0.061924,-0.00704751,  -0.068769,-0.00732825,-0.00704751,-0.00732825]
	PARPACK diagonalization completed after 30 matrix-vector product operations.
	iteration results: : total energy is -14.377953 | electron energy -14.377955 + phonon energy 0.000003 | electron momentum kIdx = 0
The 4-th iteration is completed.	|| time cost : 0h 0m 21.67s
********************************************************************************************************************
Start the 5 rounds of NGS-ED iteration
	effective electronic model is modified as: kinetic energy t = 0.99907
	                                           effective interaction Vq = [  -0.199999, -0.0687986,-0.00723785, -0.0687986, -0.0687986, -0.0073303,-0.00704877, -0.0073303,-0.00723785,-0.00704877, -0.0619325,-0.00704877, -0.0687986, -0.0073303,-0.00704877, -0.0073303]
	PARPACK diagonalization completed after 30 matrix-vector product operations.
	iteration results: : total energy is -14.378033 | electron energy -14.378036 + phonon energy 0.000003 | electron momentum kIdx = 0
	Nq(0) = 12.25,	Nq(1) = 0.155143,	Nq(2) = 0.185545,	Nq(3) = 0.155143,	Nq(4) = 0.155143,	Nq(5) = 0.203493,	Nq(6) = 0.236053,	Nq(7) = 0.203493,	Nq(8) = 0.185545,	Nq(9) = 0.236053,	Nq(10) = 0.277142,	Nq(11) = 0.236053,	Nq(12) = 0.155143,	Nq(13) = 0.203493,	Nq(14) = 0.236053,	Nq(15) = 0.203493,	Sq(0) = 1.55063e-19,	Sq(1) = 0.473625,	Sq(2) = 0.765636,	Sq(3) = 0.473625,	Sq(4) = 0.473625,	Sq(5) = 0.630182,	Sq(6) = 1.05274,	Sq(7) = 0.630182,	Sq(8) = 0.765636,	Sq(9) = 1.05274,	Sq(10) = 2.56557,	Sq(11) = 1.05274,	Sq(12) = 0.473625,	Sq(13) = 0.630182,	Sq(14) = 1.05274,	Sq(15) = 0.630182,	N(0) = 1.7559,	N(1) = 1.59282,	N(2) = 0.322333,	N(3) = 1.59282,	N(4) = 1.59282,	N(5) = 0.999582,	N(6) = 0.266222,	N(7) = 0.999582,	N(8) = 0.322333,	N(9) = 0.266222,	N(10) = 0.16494,	N(11) = 0.266222,	N(12) = 1.59282,	N(13) = 0.999582,	N(14) = 0.266222,	N(15) = 0.999582,	Delta[s](0) = 0.0797602,	Delta[s](1) = 0.059607,	Delta[s](2) = 0.0356395,	Delta[s](3) = 0.059607,	Delta[s](4) = 0.059607,	Delta[s](5) = 0.0425916,	Delta[s](6) = 0.0196285,	Delta[s](7) = 0.0425916,	Delta[s](8) = 0.0356395,	Delta[s](9) = 0.0196285,	Delta[s](10) = 0.000147656,	Delta[s](11) = 0.0196285,	Delta[s](12) = 0.059607,	Delta[s](13) = 0.0425916,	Delta[s](14) = 0.0196285,	Delta[s](15) = 0.0425916,	Delta[d](0) = 0.278626,	Delta[d](1) = 0.190575,	Delta[d](2) = 0.200373,	Delta[d](3) = 0.190575,	Delta[d](4) = 0.190575,	Delta[d](5) = 0.177235,	Delta[d](6) = 0.132785,	Delta[d](7) = 0.177235,	Delta[d](8) = 0.200373,	Delta[d](9) = 0.132785,	Delta[d](10) = 0.0536035,	Delta[d](11) = 0.132785,	Delta[d](12) = 0.190575,	Delta[d](13) = 0.177235,	Delta[d](14) = 0.132785,	Delta[d](15) = 0.177235,	Delta[s+](0) = 0.562605,	Delta[s+](1) = 0.418891,	Delta[s+](2) = 0.200373,	Delta[s+](3) = 0.418891,	Delta[s+](4) = 0.418891,	Delta[s+](5) = 0.292625,	Delta[s+](6) = 0.126461,	Delta[s+](7) = 0.292625,	Delta[s+](8) = 0.200373,	Delta[s+](9) = 0.126461,	Delta[s+](10) = 0.0382203,	Delta[s+](11) = 0.126461,	Delta[s+](12) = 0.418891,	Delta[s+](13) = 0.292625,	Delta[s+](14) = 0.126461,	Delta[s+](15) = 0.292625
The 5-th iteration is completed.	|| time cost : 0h 3m 58.536s
********************************************************************************************************************
********************************************************************************************************************
Ground state is obtained after 6 iterations. The current ground-state energy is -14.378, in which electron energy is -14.378 and phonon energy is 2.88539e-06
final variational state is: 
	Gamma_x = [      1,1.00029,1.00005,1.00029,1.00029,1.00005,1.00007,1.00005,1.00005,1.00007,1.00073,1.00007,1.00029,1.00005,1.00007,1.00005]
	lambda_q = [  0.124942, 0.0591995,  0.017285, 0.0591995, 0.0591995, 0.0177685,-0.0163802, 0.0177685,  0.017285,-0.0163802,-0.0469566,-0.0163802, 0.0591995, 0.0177685,-0.0163802, 0.0177685]
The effective e-e interactions mediated by phonons are: [       0.2, 0.0688044,0.00723813, 0.0688044, 0.0688044,0.00733063,0.00704894,0.00733063,0.00723813,0.00704894, 0.0619337,0.00704894, 0.0688044,0.00733063,0.00704894,0.00733063]
The real-space interactions mediated by phonons are: [ -0.609146, -0.234774,-0.0696292, -0.198016, -0.261577, -0.264859,-0.0696292,-0.0733988, -0.247087,-0.0733988,-0.0696292, -0.264859, -0.261577, -0.198016,-0.0696292, -0.234774]
********************************************************************************************************************
o___o  ----------------------------------------
| L |	Time since last clock: 0h 0m 0s
A===A	Time since the beginning: 0h 17m 1.604s
***********************************************

********************************************************************************************************************
Start warm-up calculation for scaling factor 32
open output files: NGSEDWarmUpW6.4Obs.txt
********************************************************************************************************************
Start the 0 rounds of NGS-ED iteration
	effective electronic model is modified as: kinetic energy t = 0.99907
	                                           effective interaction Vq = [  -0.182804, -0.0579426,-0.00591016, -0.0579426, -0.0579426, -0.0060205,-0.00569564, -0.0060205,-0.00591016,-0.00569564, -0.0496389,-0.00569564, -0.0579426, -0.0060205,-0.00569564, -0.0060205]
	PARPACK diagonalization completed after 45 matrix-vector product operations.
	iteration results: : total energy is -14.154417 | electron energy -14.154419 + phonon energy 0.000001 | electron momentum kIdx = 0
	Nq(0) = 12.25,	Nq(1) = 0.15498,	Nq(2) = 0.185481,	Nq(3) = 0.15498,	Nq(4) = 0.15498,	Nq(5) = 0.203427,	Nq(6) = 0.235947,	Nq(7) = 0.203427,	Nq(8) = 0.185481,	Nq(9) = 0.235947,	Nq(10) = 0.276778,	Nq(11) = 0.235947,	Nq(12) = 0.15498,	Nq(13) = 0.203427,	Nq(14) = 0.235947,	Nq(15) = 0.203427,	Sq(0) = 1.97245e-19,	Sq(1) = 0.473724,	Sq(2) = 0.765786,	Sq(3) = 0.473724,	Sq(4) = 0.473724,	Sq(5) = 0.630288,	Sq(6) = 1.05282,	Sq(7) = 0.630288,	Sq(8) = 0.765786,	Sq(9) = 1.05282,	Sq(10) = 2.56594,	Sq(11) = 1.05282,	Sq(12) = 0.473724,	Sq(13) = 0.630288,	Sq(14) = 1.05282,	Sq(15) = 0.630288,	N(0) = 1.75562,	N(1) = 1.5924,	N(2) = 0.322575,	N(3) = 1.5924,	N(4) = 1.5924,	N(5) = 0.999629,	N(6) = 0.2665,	N(7) = 0.999629,	N(8) = 0.322575,	N(9) = 0.2665,	N(10) = 0.165097,	N(11) = 0.2665,	N(12) = 1.5924,	N(13) = 0.999629,	N(14) = 0.2665,	N(15) = 0.999629,	Delta[s](0) = 0.079631,	Delta[s](1) = 0.0595138,	Delta[s](2) = 0.0355917,	Delta[s](3) = 0.0595138,	Delta[s](4) = 0.0595138,	Delta[s](5) = 0.0425257,	Delta[s](6) = 0.0196091,	Delta[s](7) = 0.0425257,	Delta[s](8) = 0.0355917,	Delta[s](9) = 0.0196091,	Delta[s](10) = 0.00016791,	Delta[s](11) = 0.0196091,	Delta[s](12) = 0.0595138,	Delta[s](13) = 0.0425257,	Delta[s](14) = 0.0196091,	Delta[s](15) = 0.0425257,	Delta[d](0) = 0.278955,	Delta[d](1) = 0.191028,	Delta[d](2) = 0.20082,	Delta[d](3) = 0.191028,	Delta[d](4) = 0.191028,	Delta[d](5) = 0.177641,	Delta[d](6) = 0.133125,	Delta[d](7) = 0.177641,	Delta[d](8) = 0.20082,	Delta[d](9) = 0.133125,	Delta[d](10) = 0.0537431,	Delta[d](11) = 0.133125,	Delta[d](12) = 0.191028,	Delta[d](13) = 0.177641,	Delta[d](14) = 0.133125,	Delta[d](15) = 0.177641,	Delta[s+](0) = 0.563675,	Delta[s+](1) = 0.419695,	Delta[s+](2) = 0.20082,	Delta[s+](3) = 0.419695,	Delta[s+](4) = 0.419695,	Delta[s+](5) = 0.293218,	Delta[s+](6) = 0.126769,	Delta[s+](7) = 0.293218,	Delta[s+](8) = 0.20082,	Delta[s+](9) = 0.126769,	Delta[s+](10) = 0.0383445,	Delta[s+](11) = 0.126769,	Delta[s+](12) = 0.419695,	Delta[s+](13) = 0.293218,	Delta[s+](14) = 0.126769,	Delta[s+](15) = 0.293218
The 0-th iteration is completed.	|| time cost : 0h 4m 2.325s
********************************************************************************************************************
Start the 1 rounds of NGS-ED iteration
	effective electronic model is modified as: kinetic energy t = 0.998938
	                                           effective interaction Vq = [  -0.195219, -0.0614284,-0.00613093, -0.0614284, -0.0614284,-0.00627817,-0.00584355,-0.00627817,-0.00613093,-0.00584355,  -0.050413,-0.00584355, -0.0614284,-0.00627817,-0.00584355,-0.00627817]
	PARPACK diagonalization completed after 45 matrix-vector product operations.
	iteration results: : total energy is -14.307064 | electron energy -14.307069 + phonon energy 0.000005 | electron momentum kIdx = 0
The 1-th iteration is completed.	|| time cost : 0h 0m 24.447s
********************************************************************************************************************
Start the 2 rounds of NGS-ED iteration
	effective electronic model is modified as: kinetic energy t = 0.99889
	                                           effective interaction Vq = [  -0.198671,   -0.06261,-0.00619436,   -0.06261,   -0.06261,-0.00635521,-0.00588256,-0.00635521,-0.00619436,-0.00588256, -0.0506062,-0.00588256,   -0.06261,-0.00635521,-0.00588256,-0.00635521]
	PARPACK diagonalization completed after 45 matrix-vector product operations.
	iteration results: : total energy is -14.349425 | electron energy -14.349432 + phonon energy 0.000007 | electron momentum kIdx = 0
The 2-th iteration is completed.	|| time cost : 0h 0m 24.454s
********************************************************************************************************************
Start the 3 rounds of NGS-ED iteration
	effective electronic model is modified as: kinetic energy t = 0.998872
	                                           effective interaction Vq = [   -0.19963, -0.0630359,-0.00621306, -0.0630359, -0.0630359,-0.00637899,-0.00589301,-0.00637899,-0.00621306,-0.00589301, -0.0506552,-0.00589301, -0.0630359,-0.00637899,-0.00589301,-0.00637899]
	PARPACK diagonalization completed after 45 matrix-vector product operations.
	iteration results: : total energy is -14.361192 | electron energy -14.361200 + phonon energy 0.000008 | electron momentum kIdx = 0
The 3-th iteration is completed.	|| time cost : 0h 0m 24.502s
********************************************************************************************************************
Start the 4 rounds of NGS-ED iteration
	effective electronic model is modified as: kinetic energy t = 0.998865
	                                           effective interaction Vq = [  -0.199897, -0.0631934,-0.00621862, -0.0631934, -0.0631934,-0.00638641,-0.00589583,-0.00638641,-0.00621862,-0.00589583, -0.0506677,-0.00589583, -0.0631934,-0.00638641,-0.00589583,-0.00638641]
	PARPACK diagonalization completed after 30 matrix-vector product operations.
	iteration results: : total energy is -14.364462 | electron energy -14.364470 + phonon energy 0.000008 | electron momentum kIdx = 0
The 4-th iteration is completed.	|| time cost : 0h 0m 21.653s
********************************************************************************************************************
Start the 5 rounds of NGS-ED iteration
	effective electronic model is modified as: kinetic energy t = 0.998863
	                                           effective interaction Vq = [  -0.199971, -0.0632523,-0.00622028, -0.0632523, -0.0632523,-0.00638873,-0.00589659,-0.00638873,-0.00622028,-0.00589659, -0.0506709,-0.00589659, -0.0632523,-0.00638873,-0.00589659,-0.00638873]
	PARPACK diagonalization completed after 30 matrix-vector product operations.
	iteration results: : total energy is -14.365371 | electron energy -14.365379 + phonon energy 0.000008 | electron momentum kIdx = 0
The 5-th iteration is completed.	|| time cost : 0h 0m 21.653s
********************************************************************************************************************
Start the 6 rounds of NGS-ED iteration
	effective electronic model is modified as: kinetic energy t = 0.998862
	                                           effective interaction Vq = [  -0.199992, -0.0632744,-0.00622078, -0.0632744, -0.0632744,-0.00638946,-0.00589679,-0.00638946,-0.00622078,-0.00589679, -0.0506717,-0.00589679, -0.0632744,-0.00638946,-0.00589679,-0.00638946]
	PARPACK diagonalization completed after 30 matrix-vector product operations.
	iteration results: : total energy is -14.365624 | electron energy -14.365632 + phonon energy 0.000008 | electron momentum kIdx = 0
The 6-th iteration is completed.	|| time cost : 0h 0m 21.633s
********************************************************************************************************************
Start the 7 rounds of NGS-ED iteration
	effective electronic model is modified as: kinetic energy t = 0.998862
	                                           effective interaction Vq = [  -0.199998, -0.0632826,-0.00622092, -0.0632826, -0.0632826,-0.00638969,-0.00589685,-0.00638969,-0.00622092,-0.00589685,  -0.050672,-0.00589685, -0.0632826,-0.00638969,-0.00589685,-0.00638969]
	PARPACK diagonalization completed after 30 matrix-vector product operations.
	iteration results: : total energy is -14.365694 | electron energy -14.365702 + phonon energy 0.000008 | electron momentum kIdx = 0
	Nq(0) = 12.25,	Nq(1) = 0.155041,	Nq(2) = 0.18547,	Nq(3) = 0.155041,	Nq(4) = 0.155041,	Nq(5) = 0.203407,	Nq(6) = 0.235934,	Nq(7) = 0.203407,	Nq(8) = 0.18547,	Nq(9) = 0.235934,	Nq(10) = 0.276787,	Nq(11) = 0.235934,	Nq(12) = 0.155041,	Nq(13) = 0.203407,	Nq(14) = 0.235934,	Nq(15) = 0.203407,	Sq(0) = -1.18908e-18,	Sq(1) = 0.473665,	Sq(2) = 0.765768,	Sq(3) = 0.473665,	Sq(4) = 0.473665,	Sq(5) = 0.630269,	Sq(6) = 1.0529,	Sq(7) = 0.630269,	Sq(8) = 0.765768,	Sq(9) = 1.0529,	Sq(10) = 2.56587,	Sq(11) = 1.0529,	Sq(12) = 0.473665,	Sq(13) = 0.630269,	Sq(14) = 1.0529,	Sq(15) = 0.630269,	N(0) = 1.75563,	N(1) = 1.59244,	N(2) = 0.32259,	N(3) = 1.59244,	N(4) = 1.59244,	N(5) = 0.999604,	N(6) = 0.266478,	N(7) = 0.999604,	N(8) = 0.32259,	N(9) = 0.266478,	N(10) = 0.165115,	N(11) = 0.266478,	N(12) = 1.59244,	N(13) = 0.999604,	N(14) = 0.266478,	N(15) = 0.999604,	Delta[s](0) = 0.0796257,	Delta[s](1) = 0.0595131,	Delta[s](2) = 0.0355957,	Delta[s](3) = 0.0595131,	Delta[s](4) = 0.0595131,	Delta[s](5) = 0.0425282,	Delta[s](6) = 0.0196165,	Delta[s](7) = 0.0425282,	Delta[s](8) = 0.0355957,	Delta[s](9) = 0.0196165,	Delta[s](10) = 0.000180028,	Delta[s](11) = 0.0196165,	Delta[s](12) = 0.0595131,	Delta[s](13) = 0.0425282,	Delta[s](14) = 0.0196165,	Delta[s](15) = 0.0425282,	Delta[d](0) = 0.279745,	Delta[d](1) = 0.19153,	Delta[d](2) = 0.20132,	Delta[d](3) = 0.19153,	Delta[d](4) = 0.19153,	Delta[d](5) = 0.178094,	Delta[d](6) = 0.133459,	Delta[d](7) = 0.178094,	Delta[d](8) = 0.20132,	Delta[d](9) = 0.133459,	Delta[d](10) = 0.0538958,	Delta[d](11) = 0.133459,	Delta[d](12) = 0.19153,	Delta[d](13) = 0.178094,	Delta[d](14) = 0.133459,	Delta[d](15) = 0.178094,	Delta[s+](0) = 0.56504,	Delta[s+](1) = 0.420713,	Delta[s+](2) = 0.20132,	Delta[s+](3) = 0.420713,	Delta[s+](4) = 0.420713,	Delta[s+](5) = 0.293927,	Delta[s+](6) = 0.127086,	Delta[s+](7) = 0.293927,	Delta[s+](8) = 0.20132,	Delta[s+](9) = 0.127086,	Delta[s+](10) = 0.0384482,	Delta[s+](11) = 0.127086,	Delta[s+](12) = 0.420713,	Delta[s+](13) = 0.293927,	Delta[s+](14) = 0.127086,	Delta[s+](15) = 0.293927
The 7-th iteration is completed.	|| time cost : 0h 3m 58.556s
********************************************************************************************************************
********************************************************************************************************************
Ground state is obtained after 8 iterations. The current ground-state energy is -14.3657, in which electron energy is -14.3657 and phonon energy is 8.0981e-06
final variational state is: 
	Gamma_x = [      1,1.00079,1.00012,1.00079,1.00079,1.00013,1.00015,1.00013,1.00012,1.00015,1.00155,1.00015,1.00079,1.00013,1.00015,1.00013]
	lambda_q = [  0.176467, 0.0691662, 0.0186828, 0.0691662, 0.0691662, 0.0194934,-0.0172276, 0.0194934, 0.0186828,-0.0172276,-0.0483382,-0.0172276, 0.0691662, 0.0194934,-0.0172276, 0.0194934]
The effective e-e interactions mediated by phonons are: [  0.199999, 0.0632858,0.00622097, 0.0632858, 0.0632858,0.00638976,0.00589686,0.00638976,0.00622097,0.00589686,  0.050672,0.00589686, 0.0632858,0.00638976,0.00589686,0.00638976]
The real-space interactions mediated by phonons are: [ -0.565403, -0.237329,-0.0796488, -0.194151, -0.264105, -0.256269,-0.0796488,-0.0873646, -0.237554,-0.0873646,-0.0796488, -0.256269, -0.264105, -0.194151,-0.0796488, -0.237329]
********************************************************************************************************************
o___o  ----------------------------------------
| L |	Time since last clock: 0h 0m 0s
A===A	Time since the beginning: 0h 27m 20.83s
***********************************************

********************************************************************************************************************
Start warm-up calculation for scaling factor 16
open output files: NGSEDWarmUpW3.2Obs.txt
********************************************************************************************************************
Start the 0 rounds of NGS-ED iteration
	effective electronic model is modified as: kinetic energy t = 0.998862
	                                           effective interaction Vq = [  -0.182697, -0.0510908,-0.00486154, -0.0510908, -0.0510908,-0.00502192, -0.0045631,-0.00502192,-0.00486154, -0.0045631, -0.0389276, -0.0045631, -0.0510908,-0.00502192, -0.0045631,-0.00502192]
	PARPACK diagonalization completed after 45 matrix-vector product operations.
	iteration results: : total energy is -14.140084 | electron energy -14.140088 + phonon energy 0.000004 | electron momentum kIdx = 0
	Nq(0) = 12.25,	Nq(1) = 0.15486,	Nq(2) = 0.185406,	Nq(3) = 0.15486,	Nq(4) = 0.15486,	Nq(5) = 0.203342,	Nq(6) = 0.235826,	Nq(7) = 0.203342,	Nq(8) = 0.185406,	Nq(9) = 0.235826,	Nq(10) = 0.276432,	Nq(11) = 0.235826,	Nq(12) = 0.15486,	Nq(13) = 0.203342,	Nq(14) = 0.235826,	Nq(15) = 0.203342,	Sq(0) = 8.9297e-19,	Sq(1) = 0.473779,	Sq(2) = 0.765925,	Sq(3) = 0.473779,	Sq(4) = 0.473779,	Sq(5) = 0.630381,	Sq(6) = 1.05297,	Sq(7) = 0.630381,	Sq(8) = 0.765925,	Sq(9) = 1.05297,	Sq(10) = 2.56626,	Sq(11) = 1.05297,	Sq(12) = 0.473779,	Sq(13) = 0.630381,	Sq(14) = 1.05297,	Sq(15) = 0.630381,	N(0) = 1.75534,	N(1) = 1.592,	N(2) = 0.322841,	N(3) = 1.592,	N(4) = 1.592,	N(5) = 0.999657,	N(6) = 0.266765,	N(7) = 0.999657,	N(8) = 0.322841,	N(9) = 0.266765,	N(10) = 0.165271,	N(11) = 0.266765,	N(12) = 1.592,	N(13) = 0.999657,	N(14) = 0.266765,	N(15) = 0.999657,	Delta[s](0) = 0.0795165,	Delta[s](1) = 0.0594287,	Delta[s](2) = 0.0355439,	Delta[s](3) = 0.0594287,	Delta[s](4) = 0.0594287,	Delta[s](5) = 0.0424619,	Delta[s](6) = 0.019584,	Delta[s](7) = 0.0424619,	Delta[s](8) = 0.0355439,	Delta[s](9) = 0.019584,	Delta[s](10) = 0.000176805,	Delta[s](11) = 0.019584,	Delta[s](12) = 0.0594287,	Delta[s](13) = 0.0424619,	Delta[s](14) = 0.019584,	Delta[s](15) = 0.0424619,	Delta[d](0) = 0.280084,	Delta[d](1) = 0.191966,	Delta[d](2) = 0.201769,	Delta[d](3) = 0.191966,	Delta[d](4) = 0.191966,	Delta[d](5) = 0.178493,	Delta[d](6) = 0.133791,	Delta[d](7) = 0.178493,	Delta[d](8) = 0.201769,	Delta[d](9) = 0.133791,	Delta[d](10) = 0.0540239,	Delta[d](11) = 0.133791,	Delta[d](12) = 0.191966,	Delta[d](13) = 0.178493,	Delta[d](14) = 0.133791,	Delta[d](15) = 0.178493,	Delta[s+](0) = 0.56616,	Delta[s+](1) = 0.421552,	Delta[s+](2) = 0.201769,	Delta[s+](3) = 0.421552,	Delta[s+](4) = 0.421552,	Delta[s+](5) = 0.29454,	Delta[s+](6) = 0.12739,	Delta[s+](7) = 0.29454,	Delta[s+](8) = 0.201769,	Delta[s+](9) = 0.12739,	Delta[s+](10) = 0.0385612,	Delta[s+](11) = 0.12739,	Delta[s+](12) = 0.421552,	Delta[s+](13) = 0.29454,	Delta[s+](14) = 0.12739,	Delta[s+](15) = 0.29454
The 0-th iteration is completed.	|| time cost : 0h 4m 3.018s
********************************************************************************************************************
Start the 1 rounds of NGS-ED iteration
	effective electronic model is modified as: kinetic energy t = 0.998879
	                                           effective interaction Vq = [  -0.190876, -0.0519317,-0.00477504, -0.0519317, -0.0519317,-0.00497048,-0.00441334,-0.00497048,-0.00477504,-0.00441334, -0.0371431,-0.00441334, -0.0519317,-0.00497048,-0.00441334,-0.00497048]
	PARPACK diagonalization completed after 45 matrix-vector product operations.
	iteration results: : total energy is -14.240373 | electron energy -14.240382 + phonon energy 0.000009 | electron momentum kIdx = 0
The 1-th iteration is completed.	|| time cost : 0h 0m 24.447s
********************************************************************************************************************
Start the 2 rounds of NGS-ED iteration
	effective electronic model is modified as: kinetic energy t = 0.998879
	                                           effective interaction Vq = [  -0.195189,  -0.052362,-0.00473925,  -0.052362,  -0.052362,-0.00494818,-0.00435711,-0.00494818,-0.00473925,-0.00435711, -0.0365339,-0.00435711,  -0.052362,-0.00494818,-0.00435711,-0.00494818]
	PARPACK diagonalization completed after 45 matrix-vector product operations.
	iteration results: : total energy is -14.293222 | electron energy -14.293234 + phonon energy 0.000011 | electron momentum kIdx = 0
The 2-th iteration is completed.	|| time cost : 0h 0m 24.441s
********************************************************************************************************************
Start the 3 rounds of NGS-ED iteration
	effective electronic model is modified as: kinetic energy t = 0.998876
	                                           effective interaction Vq = [  -0.197463, -0.0525841,-0.00472453, -0.0525841, -0.0525841,-0.00493856, -0.0043362,-0.00493856,-0.00472453, -0.0043362, -0.0363286, -0.0043362, -0.0525841,-0.00493856, -0.0043362,-0.00493856]
	PARPACK diagonalization completed after 30 matrix-vector product operations.
	iteration results: : total energy is -14.321083 | electron energy -14.321097 + phonon energy 0.000013 | electron momentum kIdx = 0
The 3-th iteration is completed.	|| time cost : 0h 0m 21.635s
********************************************************************************************************************
Start the 4 rounds of NGS-ED iteration
	effective electronic model is modified as: kinetic energy t = 0.998874
	                                           effective interaction Vq = [  -0.198662, -0.0526992, -0.0047185, -0.0526992, -0.0526992,-0.00493441,-0.00432845,-0.00493441, -0.0047185,-0.00432845,   -0.03626,-0.00432845, -0.0526992,-0.00493441,-0.00432845,-0.00493441]
	PARPACK diagonalization completed after 30 matrix-vector product operations.
	iteration results: : total energy is -14.335774 | electron energy -14.335788 + phonon energy 0.000014 | electron momentum kIdx = 0
The 4-th iteration is completed.	|| time cost : 0h 0m 21.629s
********************************************************************************************************************
Start the 5 rounds of NGS-ED iteration
	effective electronic model is modified as: kinetic energy t = 0.998873
	                                           effective interaction Vq = [  -0.199295,  -0.052759,-0.00471602,  -0.052759,  -0.052759,-0.00493262,-0.00432558,-0.00493262,-0.00471602,-0.00432558, -0.0362371,-0.00432558,  -0.052759,-0.00493262,-0.00432558,-0.00493262]
	PARPACK diagonalization completed after 30 matrix-vector product operations.
	iteration results: : total energy is -14.343519 | electron energy -14.343534 + phonon energy 0.000015 | electron momentum kIdx = 0
The 5-th iteration is completed.	|| time cost : 0h 0m 21.626s
********************************************************************************************************************
Start the 6 rounds of NGS-ED iteration
	effective electronic model is modified as: kinetic energy t = 0.998872
	                                           effective interaction Vq = [  -0.199628, -0.0527902,-0.00471501, -0.0527902, -0.0527902,-0.00493185,-0.00432452,-0.00493185,-0.00471501,-0.00432452, -0.0362295,-0.00432452, -0.0527902,-0.00493185,-0.00432452,-0.00493185]
	PARPACK diagonalization completed after 30 matrix-vector product operations.
	iteration results: : total energy is -14.347603 | electron energy -14.347619 + phonon energy 0.000015 | electron momentum kIdx = 0
The 6-th iteration is completed.	|| time cost : 0h 0m 21.634s
********************************************************************************************************************
Start the 7 rounds of NGS-ED iteration
	effective electronic model is modified as: kinetic energy t = 0.998871
	                                           effective interaction Vq = [  -0.199804, -0.0528065, -0.0047146, -0.0528065, -0.0528065,-0.00493152,-0.00432413,-0.00493152, -0.0047146,-0.00432413, -0.0362271,-0.00432413, -0.0528065,-0.00493152,-0.00432413,-0.00493152]
	PARPACK diagonalization completed after 30 matrix-vector product operations.
	iteration results: : total energy is -14.349757 | electron energy -14.349772 + phonon energy 0.000015 | electron momentum kIdx = 0
The 7-th iteration is completed.	|| time cost : 0h 0m 21.627s
********************************************************************************************************************
Start the 8 rounds of NGS-ED iteration
	effective electronic model is modified as: kinetic energy t = 0.998871
	                                           effective interaction Vq = [  -0.199897,  -0.052815,-0.00471443,  -0.052815,  -0.052815,-0.00493138,-0.00432399,-0.00493138,-0.00471443,-0.00432399, -0.0362263,-0.00432399,  -0.052815,-0.00493138,-0.00432399,-0.00493138]
	PARPACK diagonalization completed after 30 matrix-vector product operations.
	iteration results: : total energy is -14.350893 | electron energy -14.350908 + phonon energy 0.000015 | electron momentum kIdx = 0
The 8-th iteration is completed.	|| time cost : 0h 0m 21.624s
********************************************************************************************************************
Start the 9 rounds of NGS-ED iteration
	effective electronic model is modified as: kinetic energy t = 0.998871
	                                           effective interaction Vq = [  -0.199945, -0.0528194,-0.00471436, -0.0528194, -0.0528194,-0.00493132,-0.00432394,-0.00493132,-0.00471436,-0.00432394,  -0.036226,-0.00432394, -0.0528194,-0.00493132,-0.00432394,-0.00493132]
	PARPACK diagonalization completed after 30 matrix-vector product operations.
	iteration results: : total energy is -14.351491 | electron energy -14.351507 + phonon energy 0.000015 | electron momentum kIdx = 0
The 9-th iteration is completed.	|| time cost : 0h 0m 21.61s
********************************************************************************************************************
Start the 10 rounds of NGS-ED iteration
	effective electronic model is modified as: kinetic energy t = 0.998871
	                                           effective interaction Vq = [  -0.199971, -0.0528217,-0.00471433, -0.0528217, -0.0528217, -0.0049313,-0.00432392, -0.0049313,-0.00471433,-0.00432392,  -0.036226,-0.00432392, -0.0528217, -0.0049313,-0.00432392, -0.0049313]
	PARPACK diagonalization completed after 30 matrix-vector product operations.
	iteration results: : total energy is -14.351807 | electron energy -14.351823 + phonon energy 0.000015 | electron momentum kIdx = 0
The 10-th iteration is completed.	|| time cost : 0h 0m 21.609s
********************************************************************************************************************
Start the 11 rounds of NGS-ED iteration
	effective electronic model is modified as: kinetic energy t = 0.998871
	                                           effective interaction Vq = [  -0.199985, -0.0528229,-0.00471432, -0.0528229, -0.0528229,-0.00493129,-0.00432391,-0.00493129,-0.00471432,-0.00432391,  -0.036226,-0.00432391, -0.0528229,-0.00493129,-0.00432391,-0.00493129]
	PARPACK diagonalization completed after 30 matrix-vector product operations.
	iteration results: : total energy is -14.351974 | electron energy -14.351989 + phonon energy 0.000015 | electron momentum kIdx = 0
	Nq(0) = 12.25,	Nq(1) = 0.154882,	Nq(2) = 0.185399,	Nq(3) = 0.154882,	Nq(4) = 0.154882,	Nq(5) = 0.203332,	Nq(6) = 0.235816,	Nq(7) = 0.203332,	Nq(8) = 0.185399,	Nq(9) = 0.235816,	Nq(10) = 0.276373,	Nq(11) = 0.235816,	Nq(12) = 0.154882,	Nq(13) = 0.203332,	Nq(14) = 0.235816,	Nq(15) = 0.203332,	Sq(0) = 4.02048e-19,	Sq(1) = 0.473756,	Sq(2) = 0.765927,	Sq(3) = 0.473756,	Sq(4) = 0.473756,	Sq(5) = 0.63038,	Sq(6) = 1.05301,	Sq(7) = 0.63038,	Sq(8) = 0.765927,	Sq(9) = 1.05301,	Sq(10) = 2.56627,	Sq(11) = 1.05301,	Sq(12) = 0.473756,	Sq(13) = 0.63038,	Sq(14) = 1.05301,	Sq(15) = 0.63038,	N(0) = 1.75533,	N(1) = 1.592,	N(2) = 0.322849,	N(3) = 1.592,	N(4) = 1.592,	N(5) = 0.999647,	N(6) = 0.266777,	N(7) = 0.999647,	N(8) = 0.322849,	N(9) = 0.266777,	N(10) = 0.165291,	N(11) = 0.266777,	N(12) = 1.592,	N(13) = 0.999647,	N(14) = 0.266777,	N(15) = 0.999647,	Delta[s](0) = 0.0795115,	Delta[s](1) = 0.0594252,	Delta[s](2) = 0.0355418,	Delta[s](3) = 0.0594252,	Delta[s](4) = 0.0594252,	Delta[s](5) = 0.0424594,	Delta[s](6) = 0.0195832,	Delta[s](7) = 0.0424594,	Delta[s](8) = 0.0355418,	Delta[s](9) = 0.0195832,	Delta[s](10) = 0.000177938,	Delta[s](11) = 0.0195832,	Delta[s](12) = 0.0594252,	Delta[s](13) = 0.0424594,	Delta[s](14) = 0.0195832,	Delta[s](15) = 0.0424594,	Delta[d](0) = 0.281795,	Delta[d](1) = 0.193125,	Delta[d](2) = 0.202975,	Delta[d](3) = 0.193125,	Delta[d](4) = 0.193125,	Delta[d](5) = 0.179563,	Delta[d](6) = 0.134592,	Delta[d](7) = 0.179563,	Delta[d](8) = 0.202975,	Delta[d](9) = 0.134592,	Delta[d](10) = 0.0543545,	Delta[d](11) = 0.134592,	Delta[d](12) = 0.193125,	Delta[d](13) = 0.179563,	Delta[d](14) = 0.134592,	Delta[d](15) = 0.179563,	Delta[s+](0) = 0.569528,	Delta[s+](1) = 0.424059,	Delta[s+](2) = 0.202975,	Delta[s+](3) = 0.424059,	Delta[s+](4) = 0.424059,	Delta[s+](5) = 0.29629,	Delta[s+](6) = 0.128152,	Delta[s+](7) = 0.29629,	Delta[s+](8) = 0.202975,	Delta[s+](9) = 0.128152,	Delta[s+](10) = 0.0387952,	Delta[s+](11) = 0.128152,	Delta[s+](12) = 0.424059,	Delta[s+](13) = 0.29629,	Delta[s+](14) = 0.128152,	Delta[s+](15) = 0.29629
The 11-th iteration is completed.	|| time cost : 0h 3m 58.872s
********************************************************************************************************************
********************************************************************************************************************
Ground state is obtained after 12 iterations. The current ground-state energy is -14.352, in which electron energy is -14.352 and phonon energy is 1.54973e-05
final variational state is: 
	Gamma_x = [      1,1.00174,1.00021,1.00174,1.00174,1.00024,1.00026,1.00024,1.00021,1.00026,1.00259,1.00026,1.00174,1.00024,1.00026,1.00024]
	lambda_q = [   0.24842, 0.0725879, 0.0179567, 0.0725879, 0.0725879, 0.0190327,-0.0161064, 0.0190327, 0.0179567,-0.0161064,-0.0442674,-0.0161064, 0.0725879, 0.0190327,-0.0161064, 0.0190327]
