SNEDics v3.4 Non-Gaussian ED ground state program		Start at Tue Oct  1 23:21:07 2019

parallized on 16 MPI threads  * 8 OpenMP threads = 128 total threads.
********************************************************************************************************************
********************************************************************************************************************

********************************************************************************************************************
System parameters and configurations
********************************************************************************************************************
Special program options are enabled: splitted diagonal Hamiltonian
********************************************************************************************************************
Read input file "model_params.in"
	Hubbard-Holstein model parameters : 	t = 1    U = 4.6    g = 3.6056    W = 5    
********************************************************************************************************************
Read input file "hilbertspace_params.in"
	Requested 16-site 2D lattice, with 16 electrons (8, 8)
	Boundary : Periodic		Hilbert space representation : momentum-space (restricted to kIdx = 10)
	Conservation: particle number[U(1)]      spin[U(1)]     momentum
********************************************************************************************************************

Cluster Positions:				Cluster symmetry group : D4
 x ... x ... x ... x .....                       x ... x ... x ... x .....
 |           |           :                       |           |           :
 |           |           :                       |           |           :
12    13    14    15     x                       1     5     6     5     x
 |           |           :                       |           |           :
 |           |           :                       |           |           :
 8 --- 9 ---10 ---11 --- x                       2 --- 6 ---10 --- 6 --- x
 |           |           :                       |           |           :
 |           |           :                       |           |           :
 4     5     6     7     x                       1     5     6     5     x
 |           |           :                       |           |           :
 |           |           :                       |           |           :
 0 --- 1 --- 2 --- 3 --- x                       0 --- 1 --- 2 --- 1 --- x
orbital number : 1
********************************************************************************************************************
Read input file "obs_params.in"
	Observable Type : Nq(All),   Sq(All),   N(All),   Delta[s](All),   Delta[d](All),   Delta[s+](All)
********************************************************************************************************************
** WARNING ** the input observables have non-local factors which have been reinterpreted. The total observable number is 96
********************************************************************************************************************


********************************************************************************************************************
Start calculating the non-Gaussian ED ground state
** WARNING ** Detected low phonon energy W < 10. The initial state will be prepared through a warm-up process.
********************************************************************************************************************
Start warm-up calculation for scaling factor 2
open output files: NGSEDWarmUpW10Obs.txt
********************************************************************************************************************
Start the 0 rounds of NGS-ED iteration
	effective electronic model is modified as: kinetic energy t = 1
	                                           effective interaction Vq = [-0,-0,-0,-0,-0,-0,-0,-0,-0,-0,-0,-0,-0,-0,-0,-0]
	first Hamiltonian is constructed, non-zero numbers = 2845334624
	PARPACK diagonalization completed after 90 matrix-vector product operations.
	iteration results: : total energy is -12.409490 | electron energy -12.409490 + phonon energy 0.000000 | electron momentum kIdx = 10
	Nq(0) = 16,	Nq(1) = 0.142613,	Nq(2) = 0.212808,	Nq(3) = 0.142613,	Nq(4) = 0.142613,	Nq(5) = 0.212808,	Nq(6) = 0.289186,	Nq(7) = 0.212808,	Nq(8) = 0.212808,	Nq(9) = 0.289186,	Nq(10) = 0.350188,	Nq(11) = 0.289186,	Nq(12) = 0.142613,	Nq(13) = 0.212808,	Nq(14) = 0.289186,	Nq(15) = 0.212808,	Sq(0) = -2.40061e-19,	Sq(1) = 0.2996,	Sq(2) = 0.414784,	Sq(3) = 0.2996,	Sq(4) = 0.2996,	Sq(5) = 0.414784,	Sq(6) = 0.619786,	Sq(7) = 0.414784,	Sq(8) = 0.414784,	Sq(9) = 0.619786,	Sq(10) = 6.47952,	Sq(11) = 0.619786,	Sq(12) = 0.2996,	Sq(13) = 0.414784,	Sq(14) = 0.619786,	Sq(15) = 0.414784,	N(0) = 1.91121,	N(1) = 1.80216,	N(2) = 1,	N(3) = 1.80216,	N(4) = 1.80216,	N(5) = 1,	N(6) = 0.197841,	N(7) = 1,	N(8) = 1,	N(9) = 0.197841,	N(10) = 0.0887913,	N(11) = 0.197841,	N(12) = 1.80216,	N(13) = 1,	N(14) = 0.197841,	N(15) = 1,	Delta[s](0) = 0.159001,	Delta[s](1) = 0.135447,	Delta[s](2) = 0.106041,	Delta[s](3) = 0.135447,	Delta[s](4) = 0.135447,	Delta[s](5) = 0.106041,	Delta[s](6) = 0.0789504,	Delta[s](7) = 0.106041,	Delta[s](8) = 0.106041,	Delta[s](9) = 0.0789504,	Delta[s](10) = 0.0242759,	Delta[s](11) = 0.0789504,	Delta[s](12) = 0.135447,	Delta[s](13) = 0.106041,	Delta[s](14) = 0.0789504,	Delta[s](15) = 0.106041,	Delta[d](0) = 0.52324,	Delta[d](1) = 0.400067,	Delta[d](2) = 0.336619,	Delta[d](3) = 0.400067,	Delta[d](4) = 0.400067,	Delta[d](5) = 0.380189,	Delta[d](6) = 0.311513,	Delta[d](7) = 0.380189,	Delta[d](8) = 0.336619,	Delta[d](9) = 0.311513,	Delta[d](10) = 0.251666,	Delta[d](11) = 0.311513,	Delta[d](12) = 0.400067,	Delta[d](13) = 0.380189,	Delta[d](14) = 0.311513,	Delta[d](15) = 0.380189,	Delta[s+](0) = 0.591249,	Delta[s+](1) = 0.486483,	Delta[s+](2) = 0.336619,	Delta[s+](3) = 0.486483,	Delta[s+](4) = 0.486483,	Delta[s+](5) = 0.336619,	Delta[s+](6) = 0.191382,	Delta[s+](7) = 0.336619,	Delta[s+](8) = 0.336619,	Delta[s+](9) = 0.191382,	Delta[s+](10) = 0.0760301,	Delta[s+](11) = 0.191382,	Delta[s+](12) = 0.486483,	Delta[s+](13) = 0.336619,	Delta[s+](14) = 0.191382,	Delta[s+](15) = 0.336619
The 0-th iteration is completed.	|| time cost : 0h 8m 21.968s
********************************************************************************************************************
Start the 1 rounds of NGS-ED iteration
	effective electronic model is modified as: kinetic energy t = 0.936782
	                                           effective interaction Vq = [-2.24819,-2.03639,-1.96733,-2.03639,-2.03639,-1.96733,-1.94051,-1.96733,-1.96733,-1.94051,-1.91194,-1.94051,-2.03639,-1.96733,-1.94051,-1.96733]
	PARPACK diagonalization completed after 45 matrix-vector product operations.
	iteration results: : total energy is -56.265102 | electron energy -56.268777 + phonon energy 0.003675 | electron momentum kIdx = 10
The 1-th iteration is completed.	|| time cost : 0h 7m 26.734s
********************************************************************************************************************
Start the 2 rounds of NGS-ED iteration
	effective electronic model is modified as: kinetic energy t = 0.889482
	                                           effective interaction Vq = [-2.55245,-2.43032,-2.32443,-2.43032,-2.43032,-2.32443,-2.33027,-2.32443,-2.32443,-2.33027,-2.27332,-2.33027,-2.43032,-2.32443,-2.33027,-2.32443]
	PARPACK diagonalization completed after 45 matrix-vector product operations.
	iteration results: : total energy is -62.506905 | electron energy -62.537349 + phonon energy 0.030443 | electron momentum kIdx = 10
The 2-th iteration is completed.	|| time cost : 0h 0m 31.956s
********************************************************************************************************************
Start the 3 rounds of NGS-ED iteration
	effective electronic model is modified as: kinetic energy t = 0.863832
	                                           effective interaction Vq = [-2.59363,-2.51972,-2.48104,-2.51972,-2.51972,-2.48104,-2.43273,-2.48104,-2.48104,-2.43273,-2.36373,-2.43273,-2.51972,-2.48104,-2.43273,-2.48104]
	PARPACK diagonalization completed after 30 matrix-vector product operations.
	iteration results: : total energy is -63.579712 | electron energy -63.636551 + phonon energy 0.056839 | electron momentum kIdx = 10
The 3-th iteration is completed.	|| time cost : 0h 0m 27.251s
********************************************************************************************************************
Start the 4 rounds of NGS-ED iteration
	effective electronic model is modified as: kinetic energy t = 0.854825
	                                           effective interaction Vq = [ -2.5992,-2.54207,-2.52057,-2.54207,-2.54207,-2.52057,-2.46113,-2.52057,-2.52057,-2.46113,-2.38954,-2.46113,-2.54207,-2.52057,-2.46113,-2.52057]
	PARPACK diagonalization completed after 30 matrix-vector product operations.
	iteration results: : total energy is -63.718495 | electron energy -63.789413 + phonon energy 0.070917 | electron momentum kIdx = 10
The 4-th iteration is completed.	|| time cost : 0h 0m 27.256s
********************************************************************************************************************
Start the 5 rounds of NGS-ED iteration
	effective electronic model is modified as: kinetic energy t = 0.851769
	                                           effective interaction Vq = [-2.59995,-2.54865,-2.53227,-2.54865,-2.54865,-2.53227,-2.46996,-2.53227,-2.53227,-2.46996,-2.39764,-2.46996,-2.54865,-2.53227,-2.46996,-2.53227]
	PARPACK diagonalization completed after 30 matrix-vector product operations.
	iteration results: : total energy is -63.736284 | electron energy -63.812776 + phonon energy 0.076492 | electron momentum kIdx = 10
The 5-th iteration is completed.	|| time cost : 0h 0m 27.255s
********************************************************************************************************************
Start the 6 rounds of NGS-ED iteration
	effective electronic model is modified as: kinetic energy t = 0.850742
	                                           effective interaction Vq = [-2.60005,-2.55074,-2.53602,-2.55074,-2.55074,-2.53602,-2.47283,-2.53602,-2.53602,-2.47283,-2.40028,-2.47283,-2.55074,-2.53602,-2.47283,-2.53602]
	PARPACK diagonalization completed after 30 matrix-vector product operations.
	iteration results: : total energy is -63.738566 | electron energy -63.817045 + phonon energy 0.078479 | electron momentum kIdx = 10
The 6-th iteration is completed.	|| time cost : 0h 0m 27.286s
********************************************************************************************************************
Start the 7 rounds of NGS-ED iteration
	effective electronic model is modified as: kinetic energy t = 0.850399
	                                           effective interaction Vq = [-2.60007,-2.55142,-2.53726,-2.55142,-2.55142,-2.53726,-2.47378,-2.53726,-2.53726,-2.47378,-2.40114,-2.47378,-2.55142,-2.53726,-2.47378,-2.53726]
	PARPACK diagonalization completed after 30 matrix-vector product operations.
	iteration results: : total energy is -63.738860 | electron energy -63.818019 + phonon energy 0.079159 | electron momentum kIdx = 10
The 7-th iteration is completed.	|| time cost : 0h 0m 27.247s
********************************************************************************************************************
Start the 8 rounds of NGS-ED iteration
	effective electronic model is modified as: kinetic energy t = 0.850284
	                                           effective interaction Vq = [-2.60007,-2.55164,-2.53768,-2.55164,-2.55164,-2.53768, -2.4741,-2.53768,-2.53768, -2.4741,-2.40143, -2.4741,-2.55164,-2.53768, -2.4741,-2.53768]
	PARPACK diagonalization completed after 30 matrix-vector product operations.
	iteration results: : total energy is -63.738898 | electron energy -63.818287 + phonon energy 0.079389 | electron momentum kIdx = 10
	Nq(0) = 16,	Nq(1) = 0.393543,	Nq(2) = 0.664917,	Nq(3) = 0.393543,	Nq(4) = 0.393543,	Nq(5) = 0.664917,	Nq(6) = 0.639383,	Nq(7) = 0.664917,	Nq(8) = 0.664917,	Nq(9) = 0.639383,	Nq(10) = 0.624756,	Nq(11) = 0.639383,	Nq(12) = 0.393543,	Nq(13) = 0.664917,	Nq(14) = 0.639383,	Nq(15) = 0.664917,	Sq(0) = -5.75453e-18,	Sq(1) = 0.358072,	Sq(2) = 0.439071,	Sq(3) = 0.358072,	Sq(4) = 0.358072,	Sq(5) = 0.439071,	Sq(6) = 0.591902,	Sq(7) = 0.439071,	Sq(8) = 0.439071,	Sq(9) = 0.591902,	Sq(10) = 0.819715,	Sq(11) = 0.591902,	Sq(12) = 0.358072,	Sq(13) = 0.439071,	Sq(14) = 0.591902,	Sq(15) = 0.439071,	N(0) = 1.99851,	N(1) = 1.99761,	N(2) = 1,	N(3) = 1.99761,	N(4) = 1.99761,	N(5) = 1,	N(6) = 0.00238676,	N(7) = 1,	N(8) = 1,	N(9) = 0.00238676,	N(10) = 0.00148998,	N(11) = 0.00238676,	N(12) = 1.99761,	N(13) = 1,	N(14) = 0.00238676,	N(15) = 1,	Delta[s](0) = 0.301386,	Delta[s](1) = 0.301515,	Delta[s](2) = 0.30046,	Delta[s](3) = 0.301515,	Delta[s](4) = 0.301515,	Delta[s](5) = 0.30046,	Delta[s](6) = 0.232308,	Delta[s](7) = 0.30046,	Delta[s](8) = 0.30046,	Delta[s](9) = 0.232308,	Delta[s](10) = 0.133546,	Delta[s](11) = 0.232308,	Delta[s](12) = 0.301515,	Delta[s](13) = 0.30046,	Delta[s](14) = 0.232308,	Delta[s](15) = 0.30046,	Delta[d](0) = 0.305846,	Delta[d](1) = 0.287537,	Delta[d](2) = 0.261143,	Delta[d](3) = 0.287537,	Delta[d](4) = 0.287537,	Delta[d](5) = 0.255953,	Delta[d](6) = 0.242161,	Delta[d](7) = 0.255953,	Delta[d](8) = 0.261143,	Delta[d](9) = 0.242161,	Delta[d](10) = 0.328148,	Delta[d](11) = 0.242161,	Delta[d](12) = 0.287537,	Delta[d](13) = 0.255953,	Delta[d](14) = 0.242161,	Delta[d](15) = 0.255953,	Delta[s+](0) = 0.478584,	Delta[s+](1) = 0.39275,	Delta[s+](2) = 0.261143,	Delta[s+](3) = 0.39275,	Delta[s+](4) = 0.39275,	Delta[s+](5) = 0.261143,	Delta[s+](6) = 0.125462,	Delta[s+](7) = 0.261143,	Delta[s+](8) = 0.261143,	Delta[s+](9) = 0.125462,	Delta[s+](10) = 0.0367235,	Delta[s+](11) = 0.125462,	Delta[s+](12) = 0.39275,	Delta[s+](13) = 0.261143,	Delta[s+](14) = 0.125462,	Delta[s+](15) = 0.261143
The 8-th iteration is completed.	|| time cost : 0h 4m 34.371s
********************************************************************************************************************
********************************************************************************************************************
Ground state is obtained after 9 iterations. The current ground-state energy is -63.7389, in which electron energy is -63.8183 and phonon energy is 0.0793887
final variational state is: 
	Gamma_x = [      1,1.02438,1.04621,1.02438,1.02438,1.04621,1.05867,1.04621,1.04621,1.05867,1.06706,1.05867,1.02438,1.04621,1.05867,1.04621]
	lambda_q = [0.509846,0.440369,0.431009,0.440369,0.440369,0.431009,0.397717,0.431009,0.431009,0.397717,0.369001,0.397717,0.440369,0.431009,0.397717,0.431009]
********************************************************************************************************************
o___o  ----------------------------------------
| L |	Time since last clock: 0h 0m 0s
A===A	Time since the beginning: 0h 23m 11.328s
***********************************************


********************************************************************************************************************
Warm up runs have been completed. Start calculating W = 5 phonon.
open output files: NGSEDIterationObs.txt
********************************************************************************************************************
Start the 0 rounds of NGS-ED iteration
	effective electronic model is modified as: kinetic energy t = 0.850245
	                                           effective interaction Vq = [-2.37689,-2.20596,-2.17925,-2.20596,-2.20596,-2.17925,-2.07712,-2.17925,-2.17925,-2.07712,-1.98013,-2.07712,-2.20596,-2.17925,-2.07712,-2.17925]
	PARPACK diagonalization completed after 45 matrix-vector product operations.
	iteration results: : total energy is -57.261400 | electron energy -57.301133 + phonon energy 0.039733 | electron momentum kIdx = 10
	Nq(0) = 16,	Nq(1) = 0.357227,	Nq(2) = 0.370646,	Nq(3) = 0.357227,	Nq(4) = 0.357227,	Nq(5) = 0.370646,	Nq(6) = 0.574542,	Nq(7) = 0.370646,	Nq(8) = 0.370646,	Nq(9) = 0.574542,	Nq(10) = 0.582093,	Nq(11) = 0.574542,	Nq(12) = 0.357227,	Nq(13) = 0.370646,	Nq(14) = 0.574542,	Nq(15) = 0.370646,	Sq(0) = 1.67198e-18,	Sq(1) = 0.376912,	Sq(2) = 0.416514,	Sq(3) = 0.376912,	Sq(4) = 0.376912,	Sq(5) = 0.416514,	Sq(6) = 0.638925,	Sq(7) = 0.416514,	Sq(8) = 0.416514,	Sq(9) = 0.638925,	Sq(10) = 2.90452,	Sq(11) = 0.638925,	Sq(12) = 0.376912,	Sq(13) = 0.416514,	Sq(14) = 0.638925,	Sq(15) = 0.416514,	N(0) = 1.99914,	N(1) = 1.99796,	N(2) = 1,	N(3) = 1.99796,	N(4) = 1.99796,	N(5) = 1,	N(6) = 0.00204051,	N(7) = 1,	N(8) = 1,	N(9) = 0.00204051,	N(10) = 0.000862897,	N(11) = 0.00204051,	N(12) = 1.99796,	N(13) = 1,	N(14) = 0.00204051,	N(15) = 1,	Delta[s](0) = 0.25462,	Delta[s](1) = 0.247461,	Delta[s](2) = 0.194316,	Delta[s](3) = 0.247461,	Delta[s](4) = 0.247461,	Delta[s](5) = 0.194316,	Delta[s](6) = 0.187813,	Delta[s](7) = 0.194316,	Delta[s](8) = 0.194316,	Delta[s](9) = 0.187813,	Delta[s](10) = 0.104914,	Delta[s](11) = 0.187813,	Delta[s](12) = 0.247461,	Delta[s](13) = 0.194316,	Delta[s](14) = 0.187813,	Delta[s](15) = 0.194316,	Delta[d](0) = 0.504473,	Delta[d](1) = 0.321088,	Delta[d](2) = 0.285848,	Delta[d](3) = 0.321088,	Delta[d](4) = 0.321088,	Delta[d](5) = 0.373482,	Delta[d](6) = 0.266608,	Delta[d](7) = 0.373482,	Delta[d](8) = 0.285848,	Delta[d](9) = 0.266608,	Delta[d](10) = 0.243704,	Delta[d](11) = 0.266608,	Delta[d](12) = 0.321088,	Delta[d](13) = 0.373482,	Delta[d](14) = 0.266608,	Delta[d](15) = 0.373482,	Delta[s+](0) = 0.519749,	Delta[s+](1) = 0.429358,	Delta[s+](2) = 0.285848,	Delta[s+](3) = 0.429358,	Delta[s+](4) = 0.429358,	Delta[s+](5) = 0.285848,	Delta[s+](6) = 0.142082,	Delta[s+](7) = 0.285848,	Delta[s+](8) = 0.285848,	Delta[s+](9) = 0.142082,	Delta[s+](10) = 0.0411953,	Delta[s+](11) = 0.142082,	Delta[s+](12) = 0.429358,	Delta[s+](13) = 0.285848,	Delta[s+](14) = 0.142082,	Delta[s+](15) = 0.285848
The 0-th iteration is completed.	|| time cost : 0h 4m 28.129s
********************************************************************************************************************
Start the 1 rounds of NGS-ED iteration
	effective electronic model is modified as: kinetic energy t = 0.840243
	                                           effective interaction Vq = [-2.51797,-2.33068,-2.19371,-2.33068,-2.33068,-2.19371,-2.16832,-2.19371,-2.19371,-2.16832,-2.05187,-2.16832,-2.33068,-2.19371,-2.16832,-2.19371]
	PARPACK diagonalization completed after 30 matrix-vector product operations.
	iteration results: : total energy is -59.678154 | electron energy -59.789731 + phonon energy 0.111577 | electron momentum kIdx = 10
The 1-th iteration is completed.	|| time cost : 0h 0m 27.401s
********************************************************************************************************************
Start the 2 rounds of NGS-ED iteration
	effective electronic model is modified as: kinetic energy t = 0.832517
	                                           effective interaction Vq = [-2.56987,-2.39538,-2.20672,-2.39538,-2.39538,-2.20672,-2.22373,-2.20672,-2.20672,-2.22373, -2.0967,-2.22373,-2.39538,-2.20672,-2.22373,-2.20672]
	PARPACK diagonalization completed after 30 matrix-vector product operations.
	iteration results: : total energy is -60.566464 | electron energy -60.723635 + phonon energy 0.157171 | electron momentum kIdx = 10
The 2-th iteration is completed.	|| time cost : 0h 0m 27.293s
********************************************************************************************************************
Start the 3 rounds of NGS-ED iteration
	effective electronic model is modified as: kinetic energy t = 0.827317
	                                           effective interaction Vq = [-2.58896,-2.43041,-2.21567,-2.43041,-2.43041,-2.21567,-2.25701,-2.21567,-2.21567,-2.25701,-2.12314,-2.25701,-2.43041,-2.21567,-2.25701,-2.21567]
	PARPACK diagonalization completed after 30 matrix-vector product operations.
	iteration results: : total energy is -60.893535 | electron energy -61.077237 + phonon energy 0.183702 | electron momentum kIdx = 10
The 3-th iteration is completed.	|| time cost : 0h 0m 27.276s
********************************************************************************************************************
Start the 4 rounds of NGS-ED iteration
	effective electronic model is modified as: kinetic energy t = 0.82401
	                                           effective interaction Vq = [-2.59598,-2.45001, -2.2213,-2.45001,-2.45001, -2.2213,-2.27704, -2.2213, -2.2213,-2.27704,-2.13847,-2.27704,-2.45001, -2.2213,-2.27704, -2.2213]
	PARPACK diagonalization completed after 30 matrix-vector product operations.
	iteration results: : total energy is -61.013938 | electron energy -61.213216 + phonon energy 0.199278 | electron momentum kIdx = 10
The 4-th iteration is completed.	|| time cost : 0h 0m 27.57s
********************************************************************************************************************
Start the 5 rounds of NGS-ED iteration
	effective electronic model is modified as: kinetic energy t = 0.821962
	                                           effective interaction Vq = [-2.59857,-2.46124,-2.22473,-2.46124,-2.46124,-2.22473,-2.28914,-2.22473,-2.22473,-2.28914,-2.14731,-2.28914,-2.46124,-2.22473,-2.28914,-2.22473]
	PARPACK diagonalization completed after 30 matrix-vector product operations.
	iteration results: : total energy is -61.058241 | electron energy -61.266800 + phonon energy 0.208559 | electron momentum kIdx = 10
The 5-th iteration is completed.	|| time cost : 0h 0m 27.335s
********************************************************************************************************************
Start the 6 rounds of NGS-ED iteration
	effective electronic model is modified as: kinetic energy t = 0.82071
	                                           effective interaction Vq = [-2.59952,-2.46777,-2.22679,-2.46777,-2.46777,-2.22679,-2.29648,-2.22679,-2.22679,-2.29648, -2.1524,-2.29648,-2.46777,-2.22679,-2.29648,-2.22679]
	PARPACK diagonalization completed after 30 matrix-vector product operations.
	iteration results: : total energy is -61.074538 | electron energy -61.288675 + phonon energy 0.214137 | electron momentum kIdx = 10
The 6-th iteration is completed.	|| time cost : 0h 0m 27.382s
********************************************************************************************************************
Start the 7 rounds of NGS-ED iteration
	effective electronic model is modified as: kinetic energy t = 0.819949
	                                           effective interaction Vq = [-2.59987,-2.47161,-2.22801,-2.47161,-2.47161,-2.22801,-2.30095,-2.22801,-2.22801,-2.30095,-2.15533,-2.30095,-2.47161,-2.22801,-2.30095,-2.22801]
	PARPACK diagonalization completed after 30 matrix-vector product operations.
	iteration results: : total energy is -61.080531 | electron energy -61.298035 + phonon energy 0.217504 | electron momentum kIdx = 10
The 7-th iteration is completed.	|| time cost : 0h 0m 27.25s
********************************************************************************************************************
Start the 8 rounds of NGS-ED iteration
	effective electronic model is modified as: kinetic energy t = 0.819489
	                                           effective interaction Vq = [    -2.6,-2.47388,-2.22874,-2.47388,-2.47388,-2.22874,-2.30367,-2.22874,-2.22874,-2.30367,-2.15703,-2.30367,-2.47388,-2.22874,-2.30367,-2.22874]
	PARPACK diagonalization completed after 30 matrix-vector product operations.
	iteration results: : total energy is -61.082735 | electron energy -61.302274 + phonon energy 0.219539 | electron momentum kIdx = 10
The 8-th iteration is completed.	|| time cost : 0h 0m 27.866s
********************************************************************************************************************
Start the 9 rounds of NGS-ED iteration
	effective electronic model is modified as: kinetic energy t = 0.819212
	                                           effective interaction Vq = [-2.60004,-2.47523,-2.22917,-2.47523,-2.47523,-2.22917,-2.30533,-2.22917,-2.22917,-2.30533,-2.15801,-2.30533,-2.47523,-2.22917,-2.30533,-2.22917]
	PARPACK diagonalization completed after 30 matrix-vector product operations.
	iteration results: : total energy is -61.083545 | electron energy -61.304315 + phonon energy 0.220770 | electron momentum kIdx = 10
The 9-th iteration is completed.	|| time cost : 0h 0m 27.633s
********************************************************************************************************************
Start the 10 rounds of NGS-ED iteration
	effective electronic model is modified as: kinetic energy t = 0.819044
	                                           effective interaction Vq = [-2.60006,-2.47603,-2.22943,-2.47603,-2.47603,-2.22943,-2.30634,-2.22943,-2.22943,-2.30634,-2.15857,-2.30634,-2.47603,-2.22943,-2.30634,-2.22943]
	PARPACK diagonalization completed after 30 matrix-vector product operations.
	iteration results: : total energy is -61.083843 | electron energy -61.305358 + phonon energy 0.221515 | electron momentum kIdx = 10
	Nq(0) = 16,	Nq(1) = 0.410603,	Nq(2) = 0.370001,	Nq(3) = 0.410603,	Nq(4) = 0.410603,	Nq(5) = 0.370001,	Nq(6) = 0.630689,	Nq(7) = 0.370001,	Nq(8) = 0.370001,	Nq(9) = 0.630689,	Nq(10) = 0.602879,	Nq(11) = 0.630689,	Nq(12) = 0.410603,	Nq(13) = 0.370001,	Nq(14) = 0.630689,	Nq(15) = 0.370001,	Sq(0) = 2.11131e-19,	Sq(1) = 0.373576,	Sq(2) = 0.40863,	Sq(3) = 0.373576,	Sq(4) = 0.373576,	Sq(5) = 0.40863,	Sq(6) = 0.625106,	Sq(7) = 0.40863,	Sq(8) = 0.40863,	Sq(9) = 0.625106,	Sq(10) = 2.56544,	Sq(11) = 0.625106,	Sq(12) = 0.373576,	Sq(13) = 0.40863,	Sq(14) = 0.625106,	Sq(15) = 0.40863,	N(0) = 1.99985,	N(1) = 1.99887,	N(2) = 1,	N(3) = 1.99887,	N(4) = 1.99887,	N(5) = 1,	N(6) = 0.00113444,	N(7) = 1,	N(8) = 1,	N(9) = 0.00113444,	N(10) = 0.000147569,	N(11) = 0.00113444,	N(12) = 1.99887,	N(13) = 1,	N(14) = 0.00113444,	N(15) = 1,	Delta[s](0) = 0.262189,	Delta[s](1) = 0.261434,	Delta[s](2) = 0.206655,	Delta[s](3) = 0.261434,	Delta[s](4) = 0.261434,	Delta[s](5) = 0.206655,	Delta[s](6) = 0.205346,	Delta[s](7) = 0.206655,	Delta[s](8) = 0.206655,	Delta[s](9) = 0.205346,	Delta[s](10) = 0.124794,	Delta[s](11) = 0.205346,	Delta[s](12) = 0.261434,	Delta[s](13) = 0.206655,	Delta[s](14) = 0.205346,	Delta[s](15) = 0.206655,	Delta[d](0) = 0.519423,	Delta[d](1) = 0.329824,	Delta[d](2) = 0.296864,	Delta[d](3) = 0.329824,	Delta[d](4) = 0.329824,	Delta[d](5) = 0.387057,	Delta[d](6) = 0.274762,	Delta[d](7) = 0.387057,	Delta[d](8) = 0.296864,	Delta[d](9) = 0.274762,	Delta[d](10) = 0.257462,	Delta[d](11) = 0.274762,	Delta[d](12) = 0.329824,	Delta[d](13) = 0.387057,	Delta[d](14) = 0.274762,	Delta[d](15) = 0.387057,	Delta[s+](0) = 0.531259,	Delta[s+](1) = 0.438789,	Delta[s+](2) = 0.296864,	Delta[s+](3) = 0.438789,	Delta[s+](4) = 0.438789,	Delta[s+](5) = 0.296864,	Delta[s+](6) = 0.150021,	Delta[s+](7) = 0.296864,	Delta[s+](8) = 0.296864,	Delta[s+](9) = 0.150021,	Delta[s+](10) = 0.0494792,	Delta[s+](11) = 0.150021,	Delta[s+](12) = 0.438789,	Delta[s+](13) = 0.296864,	Delta[s+](14) = 0.150021,	Delta[s+](15) = 0.296864
The 10-th iteration is completed.	|| time cost : 0h 4m 26.178s
********************************************************************************************************************
Start the 11 rounds of NGS-ED iteration
	effective electronic model is modified as: kinetic energy t = 0.818943
	                                           effective interaction Vq = [-2.60007,-2.47651,-2.22958,-2.47651,-2.47651,-2.22958,-2.30696,-2.22958,-2.22958,-2.30696, -2.1589,-2.30696,-2.47651,-2.22958,-2.30696,-2.22958]
	PARPACK diagonalization completed after 30 matrix-vector product operations.
	iteration results: : total energy is -61.083953 | electron energy -61.305918 + phonon energy 0.221965 | electron momentum kIdx = 10
The 11-th iteration is completed.	|| time cost : 0h 0m 27.395s
********************************************************************************************************************
Start the 12 rounds of NGS-ED iteration
	effective electronic model is modified as: kinetic energy t = 0.818881
	                                           effective interaction Vq = [-2.60007, -2.4768,-2.22967, -2.4768, -2.4768,-2.22967,-2.30734,-2.22967,-2.22967,-2.30734,-2.15909,-2.30734, -2.4768,-2.22967,-2.30734,-2.22967]
	PARPACK diagonalization completed after 30 matrix-vector product operations.
	iteration results: : total energy is -61.083993 | electron energy -61.306230 + phonon energy 0.222237 | electron momentum kIdx = 10
The 12-th iteration is completed.	|| time cost : 0h 0m 27.284s
********************************************************************************************************************
Start the 13 rounds of NGS-ED iteration
	effective electronic model is modified as: kinetic energy t = 0.818845
	                                           effective interaction Vq = [-2.60007,-2.47697,-2.22972,-2.47697,-2.47697,-2.22972,-2.30757,-2.22972,-2.22972,-2.30757, -2.1592,-2.30757,-2.47697,-2.22972,-2.30757,-2.22972]
	PARPACK diagonalization completed after 30 matrix-vector product operations.
	iteration results: : total energy is -61.084008 | electron energy -61.306410 + phonon energy 0.222402 | electron momentum kIdx = 10
The 13-th iteration is completed.	|| time cost : 0h 0m 27.267s
********************************************************************************************************************
Start the 14 rounds of NGS-ED iteration
	effective electronic model is modified as: kinetic energy t = 0.818822
	                                           effective interaction Vq = [-2.60007,-2.47707,-2.22975,-2.47707,-2.47707,-2.22975,-2.30771,-2.22975,-2.22975,-2.30771,-2.15927,-2.30771,-2.47707,-2.22975,-2.30771,-2.22975]
	PARPACK diagonalization completed after 30 matrix-vector product operations.
	iteration results: : total energy is -61.084013 | electron energy -61.306515 + phonon energy 0.222502 | electron momentum kIdx = 10
The 14-th iteration is completed.	|| time cost : 0h 0m 27.276s
********************************************************************************************************************
Start the 15 rounds of NGS-ED iteration
	effective electronic model is modified as: kinetic energy t = 0.818809
	                                           effective interaction Vq = [-2.60007,-2.47713,-2.22977,-2.47713,-2.47713,-2.22977, -2.3078,-2.22977,-2.22977, -2.3078, -2.1593, -2.3078,-2.47713,-2.22977, -2.3078,-2.22977]
	PARPACK diagonalization completed after 30 matrix-vector product operations.
	iteration results: : total energy is -61.084015 | electron energy -61.306577 + phonon energy 0.222562 | electron momentum kIdx = 10
The 15-th iteration is completed.	|| time cost : 0h 0m 27.265s
********************************************************************************************************************
Start the 16 rounds of NGS-ED iteration
	effective electronic model is modified as: kinetic energy t = 0.818801
	                                           effective interaction Vq = [-2.60007,-2.47717,-2.22978,-2.47717,-2.47717,-2.22978,-2.30785,-2.22978,-2.22978,-2.30785,-2.15933,-2.30785,-2.47717,-2.22978,-2.30785,-2.22978]
	PARPACK diagonalization completed after 30 matrix-vector product operations.
	iteration results: : total energy is -61.084016 | electron energy -61.306615 + phonon energy 0.222599 | electron momentum kIdx = 10
The 16-th iteration is completed.	|| time cost : 0h 0m 27.316s
********************************************************************************************************************
Start the 17 rounds of NGS-ED iteration
	effective electronic model is modified as: kinetic energy t = 0.818796
	                                           effective interaction Vq = [-2.60007,-2.47719,-2.22979,-2.47719,-2.47719,-2.22979,-2.30788,-2.22979,-2.22979,-2.30788,-2.15934,-2.30788,-2.47719,-2.22979,-2.30788,-2.22979]
	PARPACK diagonalization completed after 30 matrix-vector product operations.
	iteration results: : total energy is -61.084016 | electron energy -61.306637 + phonon energy 0.222621 | electron momentum kIdx = 10
The 17-th iteration is completed.	|| time cost : 0h 0m 27.56s
********************************************************************************************************************
Start the 18 rounds of NGS-ED iteration
	effective electronic model is modified as: kinetic energy t = 0.818793
	                                           effective interaction Vq = [-2.60007, -2.4772, -2.2298, -2.4772, -2.4772, -2.2298, -2.3079, -2.2298, -2.2298, -2.3079,-2.15935, -2.3079, -2.4772, -2.2298, -2.3079, -2.2298]
	PARPACK diagonalization completed after 30 matrix-vector product operations.
	iteration results: : total energy is -61.084016 | electron energy -61.306651 + phonon energy 0.222634 | electron momentum kIdx = 10
The 18-th iteration is completed.	|| time cost : 0h 0m 27.276s
********************************************************************************************************************
Start the 19 rounds of NGS-ED iteration
	effective electronic model is modified as: kinetic energy t = 0.818791
	                                           effective interaction Vq = [-2.60007,-2.47721, -2.2298,-2.47721,-2.47721, -2.2298,-2.30791, -2.2298, -2.2298,-2.30791,-2.15935,-2.30791,-2.47721, -2.2298,-2.30791, -2.2298]
	PARPACK diagonalization completed after 30 matrix-vector product operations.
	iteration results: : total energy is -61.084016 | electron energy -61.306659 + phonon energy 0.222642 | electron momentum kIdx = 10
The 19-th iteration is completed.	|| time cost : 0h 0m 27.288s
********************************************************************************************************************
Start the 20 rounds of NGS-ED iteration
	effective electronic model is modified as: kinetic energy t = 0.81879
	                                           effective interaction Vq = [-2.60007,-2.47722, -2.2298,-2.47722,-2.47722, -2.2298,-2.30792, -2.2298, -2.2298,-2.30792,-2.15935,-2.30792,-2.47722, -2.2298,-2.30792, -2.2298]
	PARPACK diagonalization completed after 30 matrix-vector product operations.
	iteration results: : total energy is -61.084016 | electron energy -61.306664 + phonon energy 0.222647 | electron momentum kIdx = 10
	Nq(0) = 16,	Nq(1) = 0.410893,	Nq(2) = 0.36999,	Nq(3) = 0.410893,	Nq(4) = 0.410893,	Nq(5) = 0.36999,	Nq(6) = 0.631129,	Nq(7) = 0.36999,	Nq(8) = 0.36999,	Nq(9) = 0.631129,	Nq(10) = 0.602934,	Nq(11) = 0.631129,	Nq(12) = 0.410893,	Nq(13) = 0.36999,	Nq(14) = 0.631129,	Nq(15) = 0.36999,	Sq(0) = 9.72496e-18,	Sq(1) = 0.373543,	Sq(2) = 0.408571,	Sq(3) = 0.373543,	Sq(4) = 0.373543,	Sq(5) = 0.408571,	Sq(6) = 0.624999,	Sq(7) = 0.408571,	Sq(8) = 0.408571,	Sq(9) = 0.624999,	Sq(10) = 2.56344,	Sq(11) = 0.624999,	Sq(12) = 0.373543,	Sq(13) = 0.408571,	Sq(14) = 0.624999,	Sq(15) = 0.408571,	N(0) = 1.99985,	N(1) = 1.99885,	N(2) = 1,	N(3) = 1.99885,	N(4) = 1.99885,	N(5) = 1,	N(6) = 0.0011506,	N(7) = 1,	N(8) = 1,	N(9) = 0.0011506,	N(10) = 0.000148004,	N(11) = 0.0011506,	N(12) = 1.99885,	N(13) = 1,	N(14) = 0.0011506,	N(15) = 1,	Delta[s](0) = 0.262235,	Delta[s](1) = 0.261518,	Delta[s](2) = 0.206737,	Delta[s](3) = 0.261518,	Delta[s](4) = 0.261518,	Delta[s](5) = 0.206737,	Delta[s](6) = 0.205456,	Delta[s](7) = 0.206737,	Delta[s](8) = 0.206737,	Delta[s](9) = 0.205456,	Delta[s](10) = 0.12493,	Delta[s](11) = 0.205456,	Delta[s](12) = 0.261518,	Delta[s](13) = 0.206737,	Delta[s](14) = 0.205456,	Delta[s](15) = 0.206737,	Delta[d](0) = 0.519496,	Delta[d](1) = 0.32989,	Delta[d](2) = 0.296941,	Delta[d](3) = 0.32989,	Delta[d](4) = 0.32989,	Delta[d](5) = 0.387142,	Delta[d](6) = 0.274825,	Delta[d](7) = 0.387142,	Delta[d](8) = 0.296941,	Delta[d](9) = 0.274825,	Delta[d](10) = 0.257563,	Delta[d](11) = 0.274825,	Delta[d](12) = 0.32989,	Delta[d](13) = 0.387142,	Delta[d](14) = 0.274825,	Delta[d](15) = 0.387142,	Delta[s+](0) = 0.531333,	Delta[s+](1) = 0.438852,	Delta[s+](2) = 0.296941,	Delta[s+](3) = 0.438852,	Delta[s+](4) = 0.438852,	Delta[s+](5) = 0.296941,	Delta[s+](6) = 0.150085,	Delta[s+](7) = 0.296941,	Delta[s+](8) = 0.296941,	Delta[s+](9) = 0.150085,	Delta[s+](10) = 0.0495447,	Delta[s+](11) = 0.150085,	Delta[s+](12) = 0.438852,	Delta[s+](13) = 0.296941,	Delta[s+](14) = 0.150085,	Delta[s+](15) = 0.296941
The 20-th iteration is completed.	|| time cost : 0h 4m 35.164s
********************************************************************************************************************
Start the 21 rounds of NGS-ED iteration
	effective electronic model is modified as: kinetic energy t = 0.818789
	                                           effective interaction Vq = [-2.60007,-2.47722, -2.2298,-2.47722,-2.47722, -2.2298,-2.30793, -2.2298, -2.2298,-2.30793,-2.15936,-2.30793,-2.47722, -2.2298,-2.30793, -2.2298]
	PARPACK diagonalization completed after 30 matrix-vector product operations.
	iteration results: : total energy is -61.084017 | electron energy -61.306667 + phonon energy 0.222650 | electron momentum kIdx = 10
The 21-th iteration is completed.	|| time cost : 0h 0m 27.342s
********************************************************************************************************************
Start the 22 rounds of NGS-ED iteration
	effective electronic model is modified as: kinetic energy t = 0.818789
	                                           effective interaction Vq = [-2.60007,-2.47722, -2.2298,-2.47722,-2.47722, -2.2298,-2.30793, -2.2298, -2.2298,-2.30793,-2.15936,-2.30793,-2.47722, -2.2298,-2.30793, -2.2298]
	PARPACK diagonalization completed after 30 matrix-vector product operations.
	iteration results: : total energy is -61.084017 | electron energy -61.306668 + phonon energy 0.222652 | electron momentum kIdx = 10
The 22-th iteration is completed.	|| time cost : 0h 0m 27.259s
********************************************************************************************************************
Start the 23 rounds of NGS-ED iteration
	effective electronic model is modified as: kinetic energy t = 0.818789
	                                           effective interaction Vq = [-2.60007,-2.47722, -2.2298,-2.47722,-2.47722, -2.2298,-2.30793, -2.2298, -2.2298,-2.30793,-2.15936,-2.30793,-2.47722, -2.2298,-2.30793, -2.2298]
	PARPACK diagonalization completed after 30 matrix-vector product operations.
	iteration results: : total energy is -61.084017 | electron energy -61.306669 + phonon energy 0.222653 | electron momentum kIdx = 10
The 23-th iteration is completed.	|| time cost : 0h 0m 27.283s
********************************************************************************************************************
Start the 24 rounds of NGS-ED iteration
	effective electronic model is modified as: kinetic energy t = 0.818789
	                                           effective interaction Vq = [-2.60007,-2.47722, -2.2298,-2.47722,-2.47722, -2.2298,-2.30793, -2.2298, -2.2298,-2.30793,-2.15936,-2.30793,-2.47722, -2.2298,-2.30793, -2.2298]
	PARPACK diagonalization completed after 30 matrix-vector product operations.
	iteration results: : total energy is -61.084017 | electron energy -61.306670 + phonon energy 0.222654 | electron momentum kIdx = 10
The 24-th iteration is completed.	|| time cost : 0h 0m 27.568s
********************************************************************************************************************
Start the 25 rounds of NGS-ED iteration
	effective electronic model is modified as: kinetic energy t = 0.818789
	                                           effective interaction Vq = [-2.60007,-2.47722, -2.2298,-2.47722,-2.47722, -2.2298,-2.30793, -2.2298, -2.2298,-2.30793,-2.15936,-2.30793,-2.47722, -2.2298,-2.30793, -2.2298]
	PARPACK diagonalization completed after 30 matrix-vector product operations.
	iteration results: : total energy is -61.084017 | electron energy -61.306671 + phonon energy 0.222654 | electron momentum kIdx = 10
The 25-th iteration is completed.	|| time cost : 0h 0m 27.317s
