SNEDics v3.4 Non-Gaussian ED ground state program		Start at Sat Sep 21 21:59:17 2019

parallized on 16 MPI threads  * 8 OpenMP threads = 128 total threads.
********************************************************************************************************************
********************************************************************************************************************

********************************************************************************************************************
System parameters and configurations
********************************************************************************************************************
Special program options are enabled: splitted diagonal Hamiltonian
********************************************************************************************************************
Read input file "model_params.in"
	Hubbard-Holstein model parameters : 	t = 1    U = 5.5    g = 4.1833    W = 5    
********************************************************************************************************************
Read input file "hilbertspace_params.in"
	Requested 16-site 2D lattice, with 16 electrons (8, 8)
	Boundary : Periodic		Hilbert space representation : momentum-space (restricted to kIdx = 0)
	Conservation: particle number[U(1)]      spin[U(1)]     momentum
********************************************************************************************************************

Cluster Positions:				Cluster symmetry group : D4
 x ... x ... x ... x .....                       x ... x ... x ... x .....
 |           |           :                       |           |           :
 |           |           :                       |           |           :
12    13    14    15     x                       1     5     6     5     x
 |           |           :                       |           |           :
 |           |           :                       |           |           :
 8 --- 9 ---10 ---11 --- x                       2 --- 6 ---10 --- 6 --- x
 |           |           :                       |           |           :
 |           |           :                       |           |           :
 4     5     6     7     x                       1     5     6     5     x
 |           |           :                       |           |           :
 |           |           :                       |           |           :
 0 --- 1 --- 2 --- 3 --- x                       0 --- 1 --- 2 --- 1 --- x
orbital number : 1
********************************************************************************************************************
Read input file "obs_params.in"
	Observable Type : Nq(All),   Sq(All),   N(All),   Delta[s](All),   Delta[d](All),   Delta[s+](All)
********************************************************************************************************************
** WARNING ** the input observables have non-local factors which have been reinterpreted. The total observable number is 96
********************************************************************************************************************


********************************************************************************************************************
Start calculating the non-Gaussian ED ground state
** WARNING ** Detected low phonon energy W < 10. The initial state will be prepared through a warm-up process.
********************************************************************************************************************
Start warm-up calculation for scaling factor 2
open output files: NGSEDWarmUpW10Obs.txt
********************************************************************************************************************
Start the 0 rounds of NGS-ED iteration
	effective electronic model is modified as: kinetic energy t = 1
	                                           effective interaction Vq = [-0,-0,-0,-0,-0,-0,-0,-0,-0,-0,-0,-0,-0,-0,-0,-0]
	first Hamiltonian is constructed, non-zero numbers = 2845383612
	PARPACK diagonalization completed after 90 matrix-vector product operations.
	iteration results: : total energy is -11.212575 | electron energy -11.212575 + phonon energy 0.000000 | electron momentum kIdx = 0
	Nq(0) = 16,	Nq(1) = 0.110659,	Nq(2) = 0.177731,	Nq(3) = 0.110659,	Nq(4) = 0.110659,	Nq(5) = 0.177731,	Nq(6) = 0.241264,	Nq(7) = 0.177731,	Nq(8) = 0.177731,	Nq(9) = 0.241264,	Nq(10) = 0.29863,	Nq(11) = 0.241264,	Nq(12) = 0.110659,	Nq(13) = 0.177731,	Nq(14) = 0.241264,	Nq(15) = 0.177731,	Sq(0) = -2.56519e-18,	Sq(1) = 0.425821,	Sq(2) = 0.632508,	Sq(3) = 0.425821,	Sq(4) = 0.425821,	Sq(5) = 0.632508,	Sq(6) = 0.859083,	Sq(7) = 0.632508,	Sq(8) = 0.632508,	Sq(9) = 0.859083,	Sq(10) = 4.29263,	Sq(11) = 0.859083,	Sq(12) = 0.425821,	Sq(13) = 0.632508,	Sq(14) = 0.859083,	Sq(15) = 0.632508,	N(0) = 1.87718,	N(1) = 1.73876,	N(2) = 1,	N(3) = 1.73876,	N(4) = 1.73876,	N(5) = 1,	N(6) = 0.261244,	N(7) = 1,	N(8) = 1,	N(9) = 0.261244,	N(10) = 0.122823,	N(11) = 0.261244,	N(12) = 1.73876,	N(13) = 1,	N(14) = 0.261244,	N(15) = 1,	Delta[s](0) = 0.131527,	Delta[s](1) = 0.110968,	Delta[s](2) = 0.0882223,	Delta[s](3) = 0.110968,	Delta[s](4) = 0.110968,	Delta[s](5) = 0.0882223,	Delta[s](6) = 0.0642079,	Delta[s](7) = 0.0882223,	Delta[s](8) = 0.0882223,	Delta[s](9) = 0.0642079,	Delta[s](10) = 0.0247896,	Delta[s](11) = 0.0642079,	Delta[s](12) = 0.110968,	Delta[s](13) = 0.0882223,	Delta[s](14) = 0.0642079,	Delta[s](15) = 0.0882223,	Delta[d](0) = 0.568098,	Delta[d](1) = 0.414324,	Delta[d](2) = 0.323541,	Delta[d](3) = 0.414324,	Delta[d](4) = 0.414324,	Delta[d](5) = 0.334521,	Delta[d](6) = 0.238901,	Delta[d](7) = 0.334521,	Delta[d](8) = 0.323541,	Delta[d](9) = 0.238901,	Delta[d](10) = 0.115266,	Delta[d](11) = 0.238901,	Delta[d](12) = 0.414324,	Delta[d](13) = 0.334521,	Delta[d](14) = 0.238901,	Delta[d](15) = 0.334521,	Delta[s+](0) = 0.603978,	Delta[s+](1) = 0.477803,	Delta[s+](2) = 0.323541,	Delta[s+](3) = 0.477803,	Delta[s+](4) = 0.477803,	Delta[s+](5) = 0.323541,	Delta[s+](6) = 0.174582,	Delta[s+](7) = 0.323541,	Delta[s+](8) = 0.323541,	Delta[s+](9) = 0.174582,	Delta[s+](10) = 0.0536422,	Delta[s+](11) = 0.174582,	Delta[s+](12) = 0.477803,	Delta[s+](13) = 0.323541,	Delta[s+](14) = 0.174582,	Delta[s+](15) = 0.323541
The 0-th iteration is completed.	|| time cost : 0h 10m 49.093s
********************************************************************************************************************
Start the 1 rounds of NGS-ED iteration
	effective electronic model is modified as: kinetic energy t = 0.919683
	                                           effective interaction Vq = [-3.02633,-2.68827,-2.61035,-2.68827,-2.68827,-2.61035,-2.57079,-2.61035,-2.61035,-2.57079,-2.53953,-2.57079,-2.68827,-2.61035,-2.57079,-2.61035]
	PARPACK diagonalization completed after 60 matrix-vector product operations.
	iteration results: : total energy is -69.523343 | electron energy -69.528570 + phonon energy 0.005226 | electron momentum kIdx = 0
The 1-th iteration is completed.	|| time cost : 0h 9m 47.694s
********************************************************************************************************************
Start the 2 rounds of NGS-ED iteration
	effective electronic model is modified as: kinetic energy t = 0.852497
	                                           effective interaction Vq = [ -3.4359,-3.27879,-3.14278,-3.27879,-3.27879,-3.14278,-3.15722,-3.14278,-3.14278,-3.15722,-3.08108,-3.15722,-3.27879,-3.14278,-3.15722,-3.14278]
	PARPACK diagonalization completed after 75 matrix-vector product operations.
	iteration results: : total energy is -79.330747 | electron energy -79.382030 + phonon energy 0.051282 | electron momentum kIdx = 0
The 2-th iteration is completed.	|| time cost : 0h 0m 57.157s
********************************************************************************************************************
Start the 3 rounds of NGS-ED iteration
	effective electronic model is modified as: kinetic energy t = 0.811806
	                                           effective interaction Vq = [-3.49132,-3.40932,-3.37195,-3.40932,-3.40932,-3.37195,-3.31437,-3.37195,-3.37195,-3.31437,-3.31127,-3.31437,-3.40932,-3.37195,-3.31437,-3.37195]
	PARPACK diagonalization completed after 60 matrix-vector product operations.
	iteration results: : total energy is -81.159641 | electron energy -81.259363 + phonon energy 0.099722 | electron momentum kIdx = 0
The 3-th iteration is completed.	|| time cost : 0h 0m 50.663s
********************************************************************************************************************
Start the 4 rounds of NGS-ED iteration
	effective electronic model is modified as: kinetic energy t = 0.796287
	                                           effective interaction Vq = [-3.49883,-3.44103,-3.42618,-3.44103,-3.44103,-3.42618,-3.35904,-3.42618,-3.42618,-3.35904,-3.38626,-3.35904,-3.44103,-3.42618,-3.35904,-3.42618]
	PARPACK diagonalization completed after 45 matrix-vector product operations.
	iteration results: : total energy is -81.413131 | electron energy -81.539825 + phonon energy 0.126694 | electron momentum kIdx = 0
The 4-th iteration is completed.	|| time cost : 0h 0m 43.301s
********************************************************************************************************************
Start the 5 rounds of NGS-ED iteration
	effective electronic model is modified as: kinetic energy t = 0.790439
	                                           effective interaction Vq = [-3.49984,-3.45025,-3.43937,-3.45025,-3.45025,-3.43937,-3.37357,-3.43937,-3.43937,-3.37357,-3.42491,-3.37357,-3.45025,-3.43937,-3.37357,-3.43937]
	PARPACK diagonalization completed after 45 matrix-vector product operations.
	iteration results: : total energy is -81.459343 | electron energy -81.597907 + phonon energy 0.138564 | electron momentum kIdx = 0
The 5-th iteration is completed.	|| time cost : 0h 0m 43.606s
********************************************************************************************************************
Start the 6 rounds of NGS-ED iteration
	effective electronic model is modified as: kinetic energy t = 0.789221
	                                           effective interaction Vq = [-3.49998,-3.45152,-3.43284,-3.45152,-3.45152,-3.43284,-3.37599,-3.43284,-3.43284,-3.37599,-3.46127,-3.37599,-3.45152,-3.43284,-3.37599,-3.43284]
	PARPACK diagonalization completed after 45 matrix-vector product operations.
	iteration results: : total energy is -81.533552 | electron energy -81.677311 + phonon energy 0.143759 | electron momentum kIdx = 0
The 6-th iteration is completed.	|| time cost : 0h 0m 43.482s
********************************************************************************************************************
Start the 7 rounds of NGS-ED iteration
	effective electronic model is modified as: kinetic energy t = 0.797042
	                                           effective interaction Vq = [    -3.5,-3.44215,-3.37873,-3.44215,-3.44215,-3.37873,-3.36194,-3.37873,-3.37873,-3.36194,-3.48484,-3.36194,-3.44215,-3.37873,-3.36194,-3.37873]
	PARPACK diagonalization completed after 45 matrix-vector product operations.
	iteration results: : total energy is -81.646731 | electron energy -81.788414 + phonon energy 0.141683 | electron momentum kIdx = 0
The 7-th iteration is completed.	|| time cost : 0h 0m 43.387s
********************************************************************************************************************
Start the 8 rounds of NGS-ED iteration
	effective electronic model is modified as: kinetic energy t = 0.80302
	                                           effective interaction Vq = [    -3.5,-3.43196,-3.33562,-3.43196,-3.43196,-3.33562,-3.34746,-3.33562,-3.33562,-3.34746, -3.4914,-3.34746,-3.43196,-3.33562,-3.34746,-3.33562]
	PARPACK diagonalization completed after 30 matrix-vector product operations.
	iteration results: : total energy is -81.676663 | electron energy -81.814108 + phonon energy 0.137445 | electron momentum kIdx = 0
The 8-th iteration is completed.	|| time cost : 0h 0m 36.136s
********************************************************************************************************************
Start the 9 rounds of NGS-ED iteration
	effective electronic model is modified as: kinetic energy t = 0.805637
	                                           effective interaction Vq = [    -3.5,-3.42601,-3.31694,-3.42601,-3.42601,-3.31694,-3.33928,-3.31694,-3.31694,-3.33928,-3.49331,-3.33928,-3.42601,-3.31694,-3.33928,-3.31694]
	PARPACK diagonalization completed after 30 matrix-vector product operations.
	iteration results: : total energy is -81.681496 | electron energy -81.816150 + phonon energy 0.134654 | electron momentum kIdx = 0
The 9-th iteration is completed.	|| time cost : 0h 0m 36.183s
********************************************************************************************************************
Start the 10 rounds of NGS-ED iteration
	effective electronic model is modified as: kinetic energy t = 0.806745
	                                           effective interaction Vq = [    -3.5,-3.42304,-3.30957,-3.42304,-3.42304,-3.30957,-3.33523,-3.30957,-3.30957,-3.33523,-3.49395,-3.33523,-3.42304,-3.30957,-3.33523,-3.30957]
	PARPACK diagonalization completed after 30 matrix-vector product operations.
	iteration results: : total energy is -81.682267 | electron energy -81.815536 + phonon energy 0.133268 | electron momentum kIdx = 0
	Nq(0) = 16,	Nq(1) = 0.321982,	Nq(2) = 0.363001,	Nq(3) = 0.321982,	Nq(4) = 0.321982,	Nq(5) = 0.363001,	Nq(6) = 0.58539,	Nq(7) = 0.363001,	Nq(8) = 0.363001,	Nq(9) = 0.58539,	Nq(10) = 4.87091,	Nq(11) = 0.58539,	Nq(12) = 0.321982,	Nq(13) = 0.363001,	Nq(14) = 0.58539,	Nq(15) = 0.363001,	Sq(0) = 2.95648e-18,	Sq(1) = 0.255215,	Sq(2) = 0.318083,	Sq(3) = 0.255215,	Sq(4) = 0.255215,	Sq(5) = 0.318083,	Sq(6) = 0.46529,	Sq(7) = 0.318083,	Sq(8) = 0.318083,	Sq(9) = 0.46529,	Sq(10) = 0.531076,	Sq(11) = 0.46529,	Sq(12) = 0.255215,	Sq(13) = 0.318083,	Sq(14) = 0.46529,	Sq(15) = 0.318083,	N(0) = 1.98497,	N(1) = 1.95902,	N(2) = 1,	N(3) = 1.95902,	N(4) = 1.95902,	N(5) = 1,	N(6) = 0.0409806,	N(7) = 1,	N(8) = 1,	N(9) = 0.0409806,	N(10) = 0.0150275,	N(11) = 0.0409806,	N(12) = 1.95902,	N(13) = 1,	N(14) = 0.0409806,	N(15) = 1,	Delta[s](0) = 0.460524,	Delta[s](1) = 0.353553,	Delta[s](2) = 0.339834,	Delta[s](3) = 0.353553,	Delta[s](4) = 0.353553,	Delta[s](5) = 0.339834,	Delta[s](6) = 0.290432,	Delta[s](7) = 0.339834,	Delta[s](8) = 0.339834,	Delta[s](9) = 0.290432,	Delta[s](10) = 0.263729,	Delta[s](11) = 0.290432,	Delta[s](12) = 0.353553,	Delta[s](13) = 0.339834,	Delta[s](14) = 0.290432,	Delta[s](15) = 0.339834,	Delta[d](0) = 0.221594,	Delta[d](1) = 0.215313,	Delta[d](2) = 0.215693,	Delta[d](3) = 0.215313,	Delta[d](4) = 0.215313,	Delta[d](5) = 0.143104,	Delta[d](6) = 0.175655,	Delta[d](7) = 0.143104,	Delta[d](8) = 0.215693,	Delta[d](9) = 0.175655,	Delta[d](10) = 0.0645644,	Delta[d](11) = 0.175655,	Delta[d](12) = 0.215313,	Delta[d](13) = 0.143104,	Delta[d](14) = 0.175655,	Delta[d](15) = 0.143104,	Delta[s+](0) = 0.415965,	Delta[s+](1) = 0.330487,	Delta[s+](2) = 0.215693,	Delta[s+](3) = 0.330487,	Delta[s+](4) = 0.330487,	Delta[s+](5) = 0.215693,	Delta[s+](6) = 0.0993545,	Delta[s+](7) = 0.215693,	Delta[s+](8) = 0.215693,	Delta[s+](9) = 0.0993545,	Delta[s+](10) = 0.0360665,	Delta[s+](11) = 0.0993545,	Delta[s+](12) = 0.330487,	Delta[s+](13) = 0.215693,	Delta[s+](14) = 0.0993545,	Delta[s+](15) = 0.215693
The 10-th iteration is completed.	|| time cost : 0h 5m 41.744s
********************************************************************************************************************
Start the 11 rounds of NGS-ED iteration
	effective electronic model is modified as: kinetic energy t = 0.807212
	                                           effective interaction Vq = [    -3.5,-3.42164,-3.30672,-3.42164,-3.42164,-3.30672,-3.33333,-3.30672,-3.30672,-3.33333,-3.49417,-3.33333,-3.42164,-3.30672,-3.33333,-3.30672]
	PARPACK diagonalization completed after 30 matrix-vector product operations.
	iteration results: : total energy is -81.682394 | electron energy -81.815027 + phonon energy 0.132633 | electron momentum kIdx = 0
The 11-th iteration is completed.	|| time cost : 0h 0m 36.546s
********************************************************************************************************************
Start the 12 rounds of NGS-ED iteration
	effective electronic model is modified as: kinetic energy t = 0.807409
	                                           effective interaction Vq = [    -3.5,-3.42101, -3.3056,-3.42101,-3.42101, -3.3056,-3.33247, -3.3056, -3.3056,-3.33247,-3.49426,-3.33247,-3.42101, -3.3056,-3.33247, -3.3056]
	PARPACK diagonalization completed after 30 matrix-vector product operations.
	iteration results: : total energy is -81.682416 | electron energy -81.814767 + phonon energy 0.132351 | electron momentum kIdx = 0
The 12-th iteration is completed.	|| time cost : 0h 0m 36.34s
********************************************************************************************************************
Start the 13 rounds of NGS-ED iteration
	effective electronic model is modified as: kinetic energy t = 0.807492
	                                           effective interaction Vq = [    -3.5,-3.42074,-3.30517,-3.42074,-3.42074,-3.30517,-3.33208,-3.30517,-3.30517,-3.33208,-3.49429,-3.33208,-3.42074,-3.30517,-3.33208,-3.30517]
	PARPACK diagonalization completed after 30 matrix-vector product operations.
	iteration results: : total energy is -81.682419 | electron energy -81.814647 + phonon energy 0.132228 | electron momentum kIdx = 0
	Nq(0) = 16,	Nq(1) = 0.320989,	Nq(2) = 0.362273,	Nq(3) = 0.320989,	Nq(4) = 0.320989,	Nq(5) = 0.362273,	Nq(6) = 0.583931,	Nq(7) = 0.362273,	Nq(8) = 0.362273,	Nq(9) = 0.583931,	Nq(10) = 4.88646,	Nq(11) = 0.583931,	Nq(12) = 0.320989,	Nq(13) = 0.362273,	Nq(14) = 0.583931,	Nq(15) = 0.362273,	Sq(0) = -3.4044e-18,	Sq(1) = 0.255026,	Sq(2) = 0.318005,	Sq(3) = 0.255026,	Sq(4) = 0.255026,	Sq(5) = 0.318005,	Sq(6) = 0.465227,	Sq(7) = 0.318005,	Sq(8) = 0.318005,	Sq(9) = 0.465227,	Sq(10) = 0.531175,	Sq(11) = 0.465227,	Sq(12) = 0.255026,	Sq(13) = 0.318005,	Sq(14) = 0.465227,	Sq(15) = 0.318005,	N(0) = 1.98493,	N(1) = 1.9588,	N(2) = 1,	N(3) = 1.9588,	N(4) = 1.9588,	N(5) = 1,	N(6) = 0.0411976,	N(7) = 1,	N(8) = 1,	N(9) = 0.0411976,	N(10) = 0.0150683,	N(11) = 0.0411976,	N(12) = 1.9588,	N(13) = 1,	N(14) = 0.0411976,	N(15) = 1,	Delta[s](0) = 0.459719,	Delta[s](1) = 0.353655,	Delta[s](2) = 0.339875,	Delta[s](3) = 0.353655,	Delta[s](4) = 0.353655,	Delta[s](5) = 0.339875,	Delta[s](6) = 0.290552,	Delta[s](7) = 0.339875,	Delta[s](8) = 0.339875,	Delta[s](9) = 0.290552,	Delta[s](10) = 0.264093,	Delta[s](11) = 0.290552,	Delta[s](12) = 0.353655,	Delta[s](13) = 0.339875,	Delta[s](14) = 0.290552,	Delta[s](15) = 0.339875,	Delta[d](0) = 0.221342,	Delta[d](1) = 0.215004,	Delta[d](2) = 0.215523,	Delta[d](3) = 0.215004,	Delta[d](4) = 0.215004,	Delta[d](5) = 0.142834,	Delta[d](6) = 0.175318,	Delta[d](7) = 0.142834,	Delta[d](8) = 0.215523,	Delta[d](9) = 0.175318,	Delta[d](10) = 0.0642758,	Delta[d](11) = 0.175318,	Delta[d](12) = 0.215004,	Delta[d](13) = 0.142834,	Delta[d](14) = 0.175318,	Delta[d](15) = 0.142834,	Delta[s+](0) = 0.416016,	Delta[s+](1) = 0.330378,	Delta[s+](2) = 0.215523,	Delta[s+](3) = 0.330378,	Delta[s+](4) = 0.330378,	Delta[s+](5) = 0.215523,	Delta[s+](6) = 0.099127,	Delta[s+](7) = 0.215523,	Delta[s+](8) = 0.215523,	Delta[s+](9) = 0.099127,	Delta[s+](10) = 0.0359145,	Delta[s+](11) = 0.099127,	Delta[s+](12) = 0.330378,	Delta[s+](13) = 0.215523,	Delta[s+](14) = 0.099127,	Delta[s+](15) = 0.215523
The 13-th iteration is completed.	|| time cost : 0h 5m 48.241s
********************************************************************************************************************
********************************************************************************************************************
Ground state is obtained after 14 iterations. The current ground-state energy is -81.6824, in which electron energy is -81.8146 and phonon energy is 0.132228
final variational state is: 
	Gamma_x = [      1,1.02917,1.04679,1.02917,1.02917,1.04679,1.07242,1.04679,1.04679,1.07242,1.14113,1.07242,1.02917,1.04679,1.07242,1.04679]
	lambda_q = [0.591607, 0.50251,0.451965, 0.50251, 0.50251,0.451965,0.461959,0.451965,0.451965,0.461959,0.567732,0.461959, 0.50251,0.451965,0.461959,0.451965]
********************************************************************************************************************
o___o  ----------------------------------------
| L |	Time since last clock: 0h 0m 0s
A===A	Time since the beginning: 0h 39m 13.58s
***********************************************


********************************************************************************************************************
Warm up runs have been completed. Start calculating W = 5 phonon.
open output files: NGSEDIterationObs.txt
********************************************************************************************************************
Start the 0 rounds of NGS-ED iteration
	effective electronic model is modified as: kinetic energy t = 0.807527
	                                           effective interaction Vq = [-3.19975,-2.94172,-2.76005,-2.94172,-2.94172,-2.76005,-2.79799,-2.76005,-2.76005,-2.79799,-3.13839,-2.79799,-2.94172,-2.76005,-2.79799,-2.76005]
	PARPACK diagonalization completed after 45 matrix-vector product operations.
	iteration results: : total energy is -72.304404 | electron energy -72.370491 + phonon energy 0.066087 | electron momentum kIdx = 0
	Nq(0) = 16,	Nq(1) = 0.316425,	Nq(2) = 0.347579,	Nq(3) = 0.316425,	Nq(4) = 0.316425,	Nq(5) = 0.347579,	Nq(6) = 0.5463,	Nq(7) = 0.347579,	Nq(8) = 0.347579,	Nq(9) = 0.5463,	Nq(10) = 4.45523,	Nq(11) = 0.5463,	Nq(12) = 0.316425,	Nq(13) = 0.347579,	Nq(14) = 0.5463,	Nq(15) = 0.347579,	Sq(0) = -5.51154e-18,	Sq(1) = 0.296951,	Sq(2) = 0.346795,	Sq(3) = 0.296951,	Sq(4) = 0.296951,	Sq(5) = 0.346795,	Sq(6) = 0.53652,	Sq(7) = 0.346795,	Sq(8) = 0.346795,	Sq(9) = 0.53652,	Sq(10) = 0.593738,	Sq(11) = 0.53652,	Sq(12) = 0.296951,	Sq(13) = 0.346795,	Sq(14) = 0.53652,	Sq(15) = 0.346795,	N(0) = 1.9934,	N(1) = 1.9797,	N(2) = 1,	N(3) = 1.9797,	N(4) = 1.9797,	N(5) = 1,	N(6) = 0.0203045,	N(7) = 1,	N(8) = 1,	N(9) = 0.0203045,	N(10) = 0.0065959,	N(11) = 0.0203045,	N(12) = 1.9797,	N(13) = 1,	N(14) = 0.0203045,	N(15) = 1,	Delta[s](0) = 0.387206,	Delta[s](1) = 0.327639,	Delta[s](2) = 0.317971,	Delta[s](3) = 0.327639,	Delta[s](4) = 0.327639,	Delta[s](5) = 0.317971,	Delta[s](6) = 0.280297,	Delta[s](7) = 0.317971,	Delta[s](8) = 0.317971,	Delta[s](9) = 0.280297,	Delta[s](10) = 0.269026,	Delta[s](11) = 0.280297,	Delta[s](12) = 0.327639,	Delta[s](13) = 0.317971,	Delta[s](14) = 0.280297,	Delta[s](15) = 0.317971,	Delta[d](0) = 0.232545,	Delta[d](1) = 0.232325,	Delta[d](2) = 0.234457,	Delta[d](3) = 0.232325,	Delta[d](4) = 0.232325,	Delta[d](5) = 0.153329,	Delta[d](6) = 0.19077,	Delta[d](7) = 0.153329,	Delta[d](8) = 0.234457,	Delta[d](9) = 0.19077,	Delta[d](10) = 0.0741075,	Delta[d](11) = 0.19077,	Delta[d](12) = 0.232325,	Delta[d](13) = 0.153329,	Delta[d](14) = 0.19077,	Delta[d](15) = 0.153329,	Delta[s+](0) = 0.460085,	Delta[s+](1) = 0.35957,	Delta[s+](2) = 0.234457,	Delta[s+](3) = 0.35957,	Delta[s+](4) = 0.35957,	Delta[s+](5) = 0.234457,	Delta[s+](6) = 0.109464,	Delta[s+](7) = 0.234457,	Delta[s+](8) = 0.234457,	Delta[s+](9) = 0.109464,	Delta[s+](10) = 0.0414101,	Delta[s+](11) = 0.109464,	Delta[s+](12) = 0.35957,	Delta[s+](13) = 0.234457,	Delta[s+](14) = 0.109464,	Delta[s+](15) = 0.234457
The 0-th iteration is completed.	|| time cost : 0h 5m 50.471s
********************************************************************************************************************
Start the 1 rounds of NGS-ED iteration
	effective electronic model is modified as: kinetic energy t = 0.781147
	                                           effective interaction Vq = [-3.38954,-3.11995,-2.89151,-3.11995,-3.11995,-2.89151,-2.93807,-2.89151,-2.89151,-2.93807, -3.3532,-2.93807,-3.11995,-2.89151,-2.93807,-2.89151]
	PARPACK diagonalization completed after 30 matrix-vector product operations.
	iteration results: : total energy is -76.429869 | electron energy -76.633975 + phonon energy 0.204107 | electron momentum kIdx = 0
The 1-th iteration is completed.	|| time cost : 0h 0m 36.351s
********************************************************************************************************************
Start the 2 rounds of NGS-ED iteration
	effective electronic model is modified as: kinetic energy t = 0.768205
	                                           effective interaction Vq = [-3.45936,-3.18313,-2.94814,-3.18313,-3.18313,-2.94814,-2.99335,-2.94814,-2.94814,-2.99335,-3.43991,-2.99335,-3.18313,-2.94814,-2.99335,-2.94814]
	PARPACK diagonalization completed after 30 matrix-vector product operations.
	iteration results: : total energy is -77.949915 | electron energy -78.245303 + phonon energy 0.295388 | electron momentum kIdx = 0
The 2-th iteration is completed.	|| time cost : 0h 0m 43.965s
********************************************************************************************************************
Start the 3 rounds of NGS-ED iteration
	effective electronic model is modified as: kinetic energy t = 0.76261
	                                           effective interaction Vq = [-3.48505,-3.20291,-2.97073,-3.20291,-3.20291,-2.97073,-3.01221,-2.97073,-2.97073,-3.01221,-3.47225,-3.01221,-3.20291,-2.97073,-3.01221,-2.97073]
	PARPACK diagonalization completed after 30 matrix-vector product operations.
	iteration results: : total energy is -78.486046 | electron energy -78.829039 + phonon energy 0.342994 | electron momentum kIdx = 0
The 3-th iteration is completed.	|| time cost : 0h 0m 38.041s
********************************************************************************************************************
Start the 4 rounds of NGS-ED iteration
	effective electronic model is modified as: kinetic energy t = 0.760328
	                                           effective interaction Vq = [ -3.4945,-3.20796,-2.97951,-3.20796,-3.20796,-2.97951, -3.0177,-2.97951,-2.97951, -3.0177,-3.48447, -3.0177,-3.20796,-2.97951, -3.0177,-2.97951]
	PARPACK diagonalization completed after 30 matrix-vector product operations.
	iteration results: : total energy is -78.672205 | electron energy -79.038444 + phonon energy 0.366240 | electron momentum kIdx = 0
The 4-th iteration is completed.	|| time cost : 0h 0m 40.55s
********************************************************************************************************************
Start the 5 rounds of NGS-ED iteration
	effective electronic model is modified as: kinetic energy t = 0.759453
	                                           effective interaction Vq = [-3.49798,-3.20835,-2.98278,-3.20835,-3.20835,-2.98278,-3.01861,-2.98278,-2.98278,-3.01861,-3.48941,-3.01861,-3.20835,-2.98278,-3.01861,-2.98278]
	PARPACK diagonalization completed after 30 matrix-vector product operations.
	iteration results: : total energy is -78.737063 | electron energy -79.114365 + phonon energy 0.377302 | electron momentum kIdx = 0
The 5-th iteration is completed.	|| time cost : 0h 0m 36.253s
********************************************************************************************************************
Start the 6 rounds of NGS-ED iteration
	effective electronic model is modified as: kinetic energy t = 0.759163
	                                           effective interaction Vq = [-3.49926,-3.20746,-2.98384,-3.20746,-3.20746,-2.98384,-3.01808,-2.98384,-2.98384,-3.01808,-3.49155,-3.01808,-3.20746,-2.98384,-3.01808,-2.98384]
	PARPACK diagonalization completed after 30 matrix-vector product operations.
	iteration results: : total energy is -78.759906 | electron energy -79.142321 + phonon energy 0.382415 | electron momentum kIdx = 0
The 6-th iteration is completed.	|| time cost : 0h 0m 36.179s
********************************************************************************************************************
Start the 7 rounds of NGS-ED iteration
	effective electronic model is modified as: kinetic energy t = 0.75911
	                                           effective interaction Vq = [-3.49973,-3.20638,-2.98401,-3.20638,-3.20638,-2.98401, -3.0172,-2.98401,-2.98401, -3.0172,-3.49254, -3.0172,-3.20638,-2.98401, -3.0172,-2.98401]
	PARPACK diagonalization completed after 30 matrix-vector product operations.
	iteration results: : total energy is -78.768046 | electron energy -79.152717 + phonon energy 0.384671 | electron momentum kIdx = 0
The 7-th iteration is completed.	|| time cost : 0h 0m 48.399s
********************************************************************************************************************
Start the 8 rounds of NGS-ED iteration
	effective electronic model is modified as: kinetic energy t = 0.759142
	                                           effective interaction Vq = [ -3.4999,-3.20544,-2.98386,-3.20544,-3.20544,-2.98386,-3.01636,-2.98386,-2.98386,-3.01636,-3.49302,-3.01636,-3.20544,-2.98386,-3.01636,-2.98386]
	PARPACK diagonalization completed after 30 matrix-vector product operations.
	iteration results: : total energy is -78.770975 | electron energy -79.156565 + phonon energy 0.385590 | electron momentum kIdx = 0
The 8-th iteration is completed.	|| time cost : 0h 0m 38.839s
********************************************************************************************************************
Start the 9 rounds of NGS-ED iteration
	effective electronic model is modified as: kinetic energy t = 0.759198
	                                           effective interaction Vq = [-3.49996,-3.20471,-2.98363,-3.20471,-3.20471,-2.98363,-3.01567,-2.98363,-2.98363,-3.01567,-3.49325,-3.01567,-3.20471,-2.98363,-3.01567,-2.98363]
	PARPACK diagonalization completed after 30 matrix-vector product operations.
	iteration results: : total energy is -78.772037 | electron energy -79.157945 + phonon energy 0.385908 | electron momentum kIdx = 0
The 9-th iteration is completed.	|| time cost : 0h 0m 36.305s
********************************************************************************************************************
Start the 10 rounds of NGS-ED iteration
	effective electronic model is modified as: kinetic energy t = 0.759253
	                                           effective interaction Vq = [-3.49999,-3.20417, -2.9834,-3.20417,-3.20417, -2.9834,-3.01514, -2.9834, -2.9834,-3.01514,-3.49337,-3.01514,-3.20417, -2.9834,-3.01514, -2.9834]
	PARPACK diagonalization completed after 30 matrix-vector product operations.
	iteration results: : total energy is -78.772425 | electron energy -79.158395 + phonon energy 0.385970 | electron momentum kIdx = 0
	Nq(0) = 16,	Nq(1) = 0.240864,	Nq(2) = 0.306927,	Nq(3) = 0.240864,	Nq(4) = 0.240864,	Nq(5) = 0.306927,	Nq(6) = 0.461093,	Nq(7) = 0.306927,	Nq(8) = 0.306927,	Nq(9) = 0.461093,	Nq(10) = 6.50855,	Nq(11) = 0.461093,	Nq(12) = 0.240864,	Nq(13) = 0.306927,	Nq(14) = 0.461093,	Nq(15) = 0.306927,	Sq(0) = -1.53775e-18,	Sq(1) = 0.216972,	Sq(2) = 0.29355,	Sq(3) = 0.216972,	Sq(4) = 0.216972,	Sq(5) = 0.29355,	Sq(6) = 0.426436,	Sq(7) = 0.29355,	Sq(8) = 0.29355,	Sq(9) = 0.426436,	Sq(10) = 0.507124,	Sq(11) = 0.426436,	Sq(12) = 0.216972,	Sq(13) = 0.29355,	Sq(14) = 0.426436,	Sq(15) = 0.29355,	N(0) = 1.971,	N(1) = 1.91094,	N(2) = 1,	N(3) = 1.91094,	N(4) = 1.91094,	N(5) = 1,	N(6) = 0.0890645,	N(7) = 1,	N(8) = 1,	N(9) = 0.0890645,	N(10) = 0.0290019,	N(11) = 0.0890645,	N(12) = 1.91094,	N(13) = 1,	N(14) = 0.0890645,	N(15) = 1,	Delta[s](0) = 0.412812,	Delta[s](1) = 0.365381,	Delta[s](2) = 0.350896,	Delta[s](3) = 0.365381,	Delta[s](4) = 0.365381,	Delta[s](5) = 0.350896,	Delta[s](6) = 0.323158,	Delta[s](7) = 0.350896,	Delta[s](8) = 0.350896,	Delta[s](9) = 0.323158,	Delta[s](10) = 0.306629,	Delta[s](11) = 0.323158,	Delta[s](12) = 0.365381,	Delta[s](13) = 0.350896,	Delta[s](14) = 0.323158,	Delta[s](15) = 0.350896,	Delta[d](0) = 0.202712,	Delta[d](1) = 0.191044,	Delta[d](2) = 0.205501,	Delta[d](3) = 0.191044,	Delta[d](4) = 0.191044,	Delta[d](5) = 0.134531,	Delta[d](6) = 0.153821,	Delta[d](7) = 0.134531,	Delta[d](8) = 0.205501,	Delta[d](9) = 0.153821,	Delta[d](10) = 0.0662867,	Delta[d](11) = 0.153821,	Delta[d](12) = 0.191044,	Delta[d](13) = 0.134531,	Delta[d](14) = 0.153821,	Delta[d](15) = 0.134531,	Delta[s+](0) = 0.416209,	Delta[s+](1) = 0.318797,	Delta[s+](2) = 0.205501,	Delta[s+](3) = 0.318797,	Delta[s+](4) = 0.318797,	Delta[s+](5) = 0.205501,	Delta[s+](6) = 0.0932437,	Delta[s+](7) = 0.205501,	Delta[s+](8) = 0.205501,	Delta[s+](9) = 0.0932437,	Delta[s+](10) = 0.038405,	Delta[s+](11) = 0.0932437,	Delta[s+](12) = 0.318797,	Delta[s+](13) = 0.205501,	Delta[s+](14) = 0.0932437,	Delta[s+](15) = 0.205501
The 10-th iteration is completed.	|| time cost : 0h 5m 37.455s
********************************************************************************************************************
Start the 11 rounds of NGS-ED iteration
	effective electronic model is modified as: kinetic energy t = 0.759299
	                                           effective interaction Vq = [-3.49999,-3.20379,-2.98321,-3.20379,-3.20379,-2.98321,-3.01475,-2.98321,-2.98321,-3.01475,-3.49343,-3.01475,-3.20379,-2.98321,-3.01475,-2.98321]
	PARPACK diagonalization completed after 30 matrix-vector product operations.
	iteration results: : total energy is -78.772567 | electron energy -79.158503 + phonon energy 0.385936 | electron momentum kIdx = 0
The 11-th iteration is completed.	|| time cost : 0h 0m 36.568s
********************************************************************************************************************
Start the 12 rounds of NGS-ED iteration
	effective electronic model is modified as: kinetic energy t = 0.759335
	                                           effective interaction Vq = [    -3.5,-3.20352,-2.98306,-3.20352,-3.20352,-2.98306,-3.01447,-2.98306,-2.98306,-3.01447,-3.49346,-3.01447,-3.20352,-2.98306,-3.01447,-2.98306]
	PARPACK diagonalization completed after 30 matrix-vector product operations.
	iteration results: : total energy is -78.772619 | electron energy -79.158494 + phonon energy 0.385875 | electron momentum kIdx = 0
The 12-th iteration is completed.	|| time cost : 0h 0m 36.657s
********************************************************************************************************************
Start the 13 rounds of NGS-ED iteration
	effective electronic model is modified as: kinetic energy t = 0.759361
	                                           effective interaction Vq = [    -3.5,-3.20334,-2.98295,-3.20334,-3.20334,-2.98295,-3.01428,-2.98295,-2.98295,-3.01428,-3.49347,-3.01428,-3.20334,-2.98295,-3.01428,-2.98295]
	PARPACK diagonalization completed after 30 matrix-vector product operations.
	iteration results: : total energy is -78.772638 | electron energy -79.158453 + phonon energy 0.385815 | electron momentum kIdx = 0
The 13-th iteration is completed.	|| time cost : 0h 0m 36.129s
********************************************************************************************************************
Start the 14 rounds of NGS-ED iteration
	effective electronic model is modified as: kinetic energy t = 0.75938
	                                           effective interaction Vq = [    -3.5,-3.20321,-2.98287,-3.20321,-3.20321,-2.98287,-3.01414,-2.98287,-2.98287,-3.01414,-3.49348,-3.01414,-3.20321,-2.98287,-3.01414,-2.98287]
	PARPACK diagonalization completed after 30 matrix-vector product operations.
	iteration results: : total energy is -78.772645 | electron energy -79.158409 + phonon energy 0.385764 | electron momentum kIdx = 0
The 14-th iteration is completed.	|| time cost : 0h 0m 36.28s
********************************************************************************************************************
Start the 15 rounds of NGS-ED iteration
	effective electronic model is modified as: kinetic energy t = 0.759393
	                                           effective interaction Vq = [    -3.5,-3.20312,-2.98281,-3.20312,-3.20312,-2.98281,-3.01404,-2.98281,-2.98281,-3.01404,-3.49348,-3.01404,-3.20312,-2.98281,-3.01404,-2.98281]
	PARPACK diagonalization completed after 30 matrix-vector product operations.
	iteration results: : total energy is -78.772648 | electron energy -79.158373 + phonon energy 0.385725 | electron momentum kIdx = 0
The 15-th iteration is completed.	|| time cost : 0h 0m 36.477s
********************************************************************************************************************
Start the 16 rounds of NGS-ED iteration
	effective electronic model is modified as: kinetic energy t = 0.759402
	                                           effective interaction Vq = [    -3.5,-3.20306,-2.98277,-3.20306,-3.20306,-2.98277,-3.01397,-2.98277,-2.98277,-3.01397,-3.49349,-3.01397,-3.20306,-2.98277,-3.01397,-2.98277]
	PARPACK diagonalization completed after 30 matrix-vector product operations.
	iteration results: : total energy is -78.772649 | electron energy -79.158345 + phonon energy 0.385696 | electron momentum kIdx = 0
The 16-th iteration is completed.	|| time cost : 0h 0m 36.123s
********************************************************************************************************************
Start the 17 rounds of NGS-ED iteration
	effective electronic model is modified as: kinetic energy t = 0.759409
	                                           effective interaction Vq = [    -3.5,-3.20302,-2.98274,-3.20302,-3.20302,-2.98274,-3.01393,-2.98274,-2.98274,-3.01393,-3.49349,-3.01393,-3.20302,-2.98274,-3.01393,-2.98274]
	PARPACK diagonalization completed after 30 matrix-vector product operations.
	iteration results: : total energy is -78.772649 | electron energy -79.158324 + phonon energy 0.385675 | electron momentum kIdx = 0
The 17-th iteration is completed.	|| time cost : 0h 0m 36.251s
********************************************************************************************************************
Start the 18 rounds of NGS-ED iteration
	effective electronic model is modified as: kinetic energy t = 0.759414
	                                           effective interaction Vq = [    -3.5,-3.20299,-2.98272,-3.20299,-3.20299,-2.98272, -3.0139,-2.98272,-2.98272, -3.0139,-3.49349, -3.0139,-3.20299,-2.98272, -3.0139,-2.98272]
	PARPACK diagonalization completed after 30 matrix-vector product operations.
	iteration results: : total energy is -78.772649 | electron energy -79.158309 + phonon energy 0.385660 | electron momentum kIdx = 0
The 18-th iteration is completed.	|| time cost : 0h 0m 36.303s
********************************************************************************************************************
Start the 19 rounds of NGS-ED iteration
	effective electronic model is modified as: kinetic energy t = 0.759417
	                                           effective interaction Vq = [    -3.5,-3.20297,-2.98271,-3.20297,-3.20297,-2.98271,-3.01387,-2.98271,-2.98271,-3.01387,-3.49349,-3.01387,-3.20297,-2.98271,-3.01387,-2.98271]
	PARPACK diagonalization completed after 30 matrix-vector product operations.
	iteration results: : total energy is -78.772649 | electron energy -79.158299 + phonon energy 0.385650 | electron momentum kIdx = 0
The 19-th iteration is completed.	|| time cost : 0h 0m 36.38s
********************************************************************************************************************
Start the 20 rounds of NGS-ED iteration
	effective electronic model is modified as: kinetic energy t = 0.759419
	                                           effective interaction Vq = [    -3.5,-3.20296, -2.9827,-3.20296,-3.20296, -2.9827,-3.01386, -2.9827, -2.9827,-3.01386,-3.49349,-3.01386,-3.20296, -2.9827,-3.01386, -2.9827]
	PARPACK diagonalization completed after 30 matrix-vector product operations.
	iteration results: : total energy is -78.772649 | electron energy -79.158292 + phonon energy 0.385642 | electron momentum kIdx = 0
