SNEDics v3.4 Non-Gaussian ED ground state program		Start at Wed Sep 25 01:20:55 2019

parallized on 16 MPI threads  * 8 OpenMP threads = 128 total threads.
********************************************************************************************************************
********************************************************************************************************************

********************************************************************************************************************
System parameters and configurations
********************************************************************************************************************
Special program options are enabled: splitted diagonal Hamiltonian
********************************************************************************************************************
Read input file "model_params.in"
	Hubbard-Holstein model parameters : 	t = 1    U = 9.4    g = 5    W = 5    
********************************************************************************************************************
Read input file "hilbertspace_params.in"
	Requested 16-site 2D lattice, with 14 electrons (7, 7)
	Boundary : Periodic		Hilbert space representation : momentum-space (restricted to kIdx = 0)
	Conservation: particle number[U(1)]      spin[U(1)]     momentum
********************************************************************************************************************

Cluster Positions:				Cluster symmetry group : D4
 x ... x ... x ... x .....                       x ... x ... x ... x .....
 |           |           :                       |           |           :
 |           |           :                       |           |           :
12    13    14    15     x                       1     5     6     5     x
 |           |           :                       |           |           :
 |           |           :                       |           |           :
 8 --- 9 ---10 ---11 --- x                       2 --- 6 ---10 --- 6 --- x
 |           |           :                       |           |           :
 |           |           :                       |           |           :
 4     5     6     7     x                       1     5     6     5     x
 |           |           :                       |           |           :
 |           |           :                       |           |           :
 0 --- 1 --- 2 --- 3 --- x                       0 --- 1 --- 2 --- 1 --- x
orbital number : 1
********************************************************************************************************************
Read input file "obs_params.in"
	Observable Type : Nq(All),   Sq(All),   N(All),   Delta[s](All),   Delta[d](All),   Delta[s+](All)
********************************************************************************************************************
** WARNING ** the input observables have non-local factors which have been reinterpreted. The total observable number is 96
********************************************************************************************************************


********************************************************************************************************************
Start calculating the non-Gaussian ED ground state
** WARNING ** Detected low phonon energy W < 10. The initial state will be prepared through a warm-up process.
********************************************************************************************************************
Start warm-up calculation for scaling factor 2
open output files: NGSEDWarmUpW10Obs.txt
********************************************************************************************************************
Start the 0 rounds of NGS-ED iteration
	effective electronic model is modified as: kinetic energy t = 1
	                                           effective interaction Vq = [-0,-0,-0,-0,-0,-0,-0,-0,-0,-0,-0,-0,-0,-0,-0,-0]
	first Hamiltonian is constructed, non-zero numbers = 2178478298
	PARPACK diagonalization completed after 180 matrix-vector product operations.
	iteration results: : total energy is -11.086762 | electron energy -11.086762 + phonon energy 0.000000 | electron momentum kIdx = 0
	Nq(0) = 12.25,	Nq(1) = 0.144929,	Nq(2) = 0.168023,	Nq(3) = 0.144929,	Nq(4) = 0.144929,	Nq(5) = 0.18256,	Nq(6) = 0.210321,	Nq(7) = 0.18256,	Nq(8) = 0.168023,	Nq(9) = 0.210321,	Nq(10) = 0.244637,	Nq(11) = 0.210321,	Nq(12) = 0.144929,	Nq(13) = 0.18256,	Nq(14) = 0.210321,	Nq(15) = 0.18256,	Sq(0) = -5.91705e-19,	Sq(1) = 0.471501,	Sq(2) = 0.786583,	Sq(3) = 0.471501,	Sq(4) = 0.471501,	Sq(5) = 0.645328,	Sq(6) = 1.10248,	Sq(7) = 0.645328,	Sq(8) = 0.786583,	Sq(9) = 1.10248,	Sq(10) = 2.56766,	Sq(11) = 1.10248,	Sq(12) = 0.471501,	Sq(13) = 0.645328,	Sq(14) = 1.10248,	Sq(15) = 0.645328,	N(0) = 1.70009,	N(1) = 1.52173,	N(2) = 0.390576,	N(3) = 1.52173,	N(4) = 1.52173,	N(5) = 0.999707,	N(6) = 0.307448,	N(7) = 0.999707,	N(8) = 0.390576,	N(9) = 0.307448,	N(10) = 0.203211,	N(11) = 0.307448,	N(12) = 1.52173,	N(13) = 0.999707,	N(14) = 0.307448,	N(15) = 0.999707,	Delta[s](0) = 0.0498321,	Delta[s](1) = 0.0401137,	Delta[s](2) = 0.0287426,	Delta[s](3) = 0.0401137,	Delta[s](4) = 0.0401137,	Delta[s](5) = 0.0316843,	Delta[s](6) = 0.0210413,	Delta[s](7) = 0.0316843,	Delta[s](8) = 0.0287426,	Delta[s](9) = 0.0210413,	Delta[s](10) = 0.0122864,	Delta[s](11) = 0.0210413,	Delta[s](12) = 0.0401137,	Delta[s](13) = 0.0316843,	Delta[s](14) = 0.0210413,	Delta[s](15) = 0.0316843,	Delta[d](0) = 0.292044,	Delta[d](1) = 0.22386,	Delta[d](2) = 0.219987,	Delta[d](3) = 0.22386,	Delta[d](4) = 0.22386,	Delta[d](5) = 0.202449,	Delta[d](6) = 0.155167,	Delta[d](7) = 0.202449,	Delta[d](8) = 0.219987,	Delta[d](9) = 0.155167,	Delta[d](10) = 0.0754012,	Delta[d](11) = 0.155167,	Delta[d](12) = 0.22386,	Delta[d](13) = 0.202449,	Delta[d](14) = 0.155167,	Delta[d](15) = 0.202449,	Delta[s+](0) = 0.547822,	Delta[s+](1) = 0.412078,	Delta[s+](2) = 0.219987,	Delta[s+](3) = 0.412078,	Delta[s+](4) = 0.412078,	Delta[s+](5) = 0.295904,	Delta[s+](6) = 0.14637,	Delta[s+](7) = 0.295904,	Delta[s+](8) = 0.219987,	Delta[s+](9) = 0.14637,	Delta[s+](10) = 0.057205,	Delta[s+](11) = 0.14637,	Delta[s+](12) = 0.412078,	Delta[s+](13) = 0.295904,	Delta[s+](14) = 0.14637,	Delta[s+](15) = 0.295904
The 0-th iteration is completed.	|| time cost : 0h 6m 44.904s
********************************************************************************************************************
Start the 1 rounds of NGS-ED iteration
	effective electronic model is modified as: kinetic energy t = 0.879812
	                                           effective interaction Vq = [-4.32332,-4.02485,-3.81434,-4.02485,-4.02485,-3.85446,-3.72002,-3.85446,-3.81434,-3.72002,-3.63888,-3.72002,-4.02485,-3.85446,-3.72002,-3.85446]
	PARPACK diagonalization completed after 45 matrix-vector product operations.
	iteration results: : total energy is -76.509086 | electron energy -76.516639 + phonon energy 0.007553 | electron momentum kIdx = 0
The 1-th iteration is completed.	|| time cost : 0h 5m 38.846s
********************************************************************************************************************
Start the 2 rounds of NGS-ED iteration
	effective electronic model is modified as: kinetic energy t = 0.796407
	                                           effective interaction Vq = [-4.90842,-4.69496,-4.50259,-4.69496,-4.69496,-4.58199, -4.4718,-4.58199,-4.50259, -4.4718,-4.37515, -4.4718,-4.69496,-4.58199, -4.4718,-4.58199]
	PARPACK diagonalization completed after 45 matrix-vector product operations.
	iteration results: : total energy is -86.250547 | electron energy -86.337054 + phonon energy 0.086507 | electron momentum kIdx = 0
The 2-th iteration is completed.	|| time cost : 0h 0m 24.019s
********************************************************************************************************************
Start the 3 rounds of NGS-ED iteration
	effective electronic model is modified as: kinetic energy t = 0.759238
	                                           effective interaction Vq = [-4.98761,-4.86396,-4.68375,-4.86396,-4.86396,-4.77589,-4.69936,-4.77589,-4.68375,-4.69936,-4.59131,-4.69936,-4.86396,-4.77589,-4.69936,-4.77589]
	PARPACK diagonalization completed after 45 matrix-vector product operations.
	iteration results: : total energy is -87.715692 | electron energy -87.874445 + phonon energy 0.158753 | electron momentum kIdx = 0
The 3-th iteration is completed.	|| time cost : 0h 0m 24.016s
********************************************************************************************************************
Start the 4 rounds of NGS-ED iteration
	effective electronic model is modified as: kinetic energy t = 0.743813
	                                           effective interaction Vq = [-4.99832,-4.91327,-4.74167,-4.91327,-4.91327,-4.83514,-4.77791,-4.83514,-4.74167,-4.77791,-4.66359,-4.77791,-4.91327,-4.83514,-4.77791,-4.83514]
	PARPACK diagonalization completed after 45 matrix-vector product operations.
	iteration results: : total energy is -87.966956 | electron energy -88.160658 + phonon energy 0.193703 | electron momentum kIdx = 0
The 4-th iteration is completed.	|| time cost : 0h 0m 24.029s
********************************************************************************************************************
Start the 5 rounds of NGS-ED iteration
	effective electronic model is modified as: kinetic energy t = 0.73268
	                                           effective interaction Vq = [-4.99977,-4.92766,-4.89694,-4.92766,-4.92766, -4.8563,-4.80561, -4.8563,-4.89694,-4.80561,-4.69174,-4.80561,-4.92766, -4.8563,-4.80561, -4.8563]
	PARPACK diagonalization completed after 45 matrix-vector product operations.
	iteration results: : total energy is -88.134859 | electron energy -88.346435 + phonon energy 0.211576 | electron momentum kIdx = 0
The 5-th iteration is completed.	|| time cost : 0h 0m 24.014s
********************************************************************************************************************
Start the 6 rounds of NGS-ED iteration
	effective electronic model is modified as: kinetic energy t = 0.728778
	                                           effective interaction Vq = [-4.99997,-4.93119,-4.93878,-4.93119,-4.93119,-4.86222,-4.81394,-4.86222,-4.93878,-4.81394,-4.70175,-4.81394,-4.93119,-4.86222,-4.81394,-4.86222]
	PARPACK diagonalization completed after 30 matrix-vector product operations.
	iteration results: : total energy is -88.160862 | electron energy -88.381088 + phonon energy 0.220226 | electron momentum kIdx = 0
The 6-th iteration is completed.	|| time cost : 0h 0m 20.387s
********************************************************************************************************************
Start the 7 rounds of NGS-ED iteration
	effective electronic model is modified as: kinetic energy t = 0.727409
	                                           effective interaction Vq = [      -5,-4.93211,-4.95155,-4.93211,-4.93211,-4.86405,-4.81662,-4.86405,-4.95155,-4.81662,-4.70547,-4.81662,-4.93211,-4.86405,-4.81662,-4.86405]
	PARPACK diagonalization completed after 30 matrix-vector product operations.
	iteration results: : total energy is -88.164447 | electron energy -88.388039 + phonon energy 0.223592 | electron momentum kIdx = 0
The 7-th iteration is completed.	|| time cost : 0h 0m 20.442s
********************************************************************************************************************
Start the 8 rounds of NGS-ED iteration
	effective electronic model is modified as: kinetic energy t = 0.726931
	                                           effective interaction Vq = [      -5,-4.93235, -4.9558,-4.93235,-4.93235,-4.86464,-4.81752,-4.86464, -4.9558,-4.81752,-4.70688,-4.81752,-4.93235,-4.86464,-4.81752,-4.86464]
	PARPACK diagonalization completed after 75 matrix-vector product operations.
	iteration results: : total energy is -88.217024 | electron energy -88.441850 + phonon energy 0.224826 | electron momentum kIdx = 0
The 8-th iteration is completed.	|| time cost : 0h 0m 31.189s
********************************************************************************************************************
Start the 9 rounds of NGS-ED iteration
	effective electronic model is modified as: kinetic energy t = 0.72385
	                                           effective interaction Vq = [      -5,-4.93237,-4.94989,-4.93237,-4.93237,-4.90247,-4.81786,-4.90247,-4.94989,-4.81786,-4.70897,-4.81786,-4.93237,-4.90247,-4.81786,-4.90247]
	PARPACK diagonalization completed after 45 matrix-vector product operations.
	iteration results: : total energy is -88.239050 | electron energy -88.466447 + phonon energy 0.227396 | electron momentum kIdx = 0
The 9-th iteration is completed.	|| time cost : 0h 0m 24s
********************************************************************************************************************
Start the 10 rounds of NGS-ED iteration
	effective electronic model is modified as: kinetic energy t = 0.722581
	                                           effective interaction Vq = [      -5,-4.93216, -4.9437,-4.93216,-4.93216,-4.91929,-4.81755,-4.91929,-4.94369,-4.81755,-4.70953,-4.81755,-4.93216,-4.91929,-4.81755,-4.91929]
	PARPACK diagonalization completed after 45 matrix-vector product operations.
	iteration results: : total energy is -88.245351 | electron energy -88.474756 + phonon energy 0.229405 | electron momentum kIdx = 0
	Nq(0) = 12.25,	Nq(1) = 0.392778,	Nq(2) = 0.791138,	Nq(3) = 0.392778,	Nq(4) = 0.392778,	Nq(5) = 0.743873,	Nq(6) = 0.622605,	Nq(7) = 0.743873,	Nq(8) = 0.791132,	Nq(9) = 0.622605,	Nq(10) = 0.609118,	Nq(11) = 0.622605,	Nq(12) = 0.392778,	Nq(13) = 0.743873,	Nq(14) = 0.622605,	Nq(15) = 0.743873,	Sq(0) = 9.43642e-18,	Sq(1) = 0.346962,	Sq(2) = 0.365844,	Sq(3) = 0.346962,	Sq(4) = 0.346962,	Sq(5) = 0.366584,	Sq(6) = 0.582891,	Sq(7) = 0.366584,	Sq(8) = 0.365844,	Sq(9) = 0.582891,	Sq(10) = 0.60415,	Sq(11) = 0.582891,	Sq(12) = 0.346962,	Sq(13) = 0.366584,	Sq(14) = 0.582891,	Sq(15) = 0.366584,	N(0) = 1.99878,	N(1) = 1.99626,	N(2) = 0.593923,	N(3) = 1.99626,	N(4) = 1.99626,	N(5) = 0.704086,	N(6) = 0.0028017,	N(7) = 0.704086,	N(8) = 0.593924,	N(9) = 0.00280168,	N(10) = 0.000787565,	N(11) = 0.00280168,	N(12) = 1.99626,	N(13) = 0.704086,	N(14) = 0.0028017,	N(15) = 0.704086,	Delta[s](0) = 0.374512,	Delta[s](1) = 0.242281,	Delta[s](2) = 0.217553,	Delta[s](3) = 0.242281,	Delta[s](4) = 0.242281,	Delta[s](5) = 0.219327,	Delta[s](6) = 0.20583,	Delta[s](7) = 0.219327,	Delta[s](8) = 0.217553,	Delta[s](9) = 0.20583,	Delta[s](10) = 0.25984,	Delta[s](11) = 0.20583,	Delta[s](12) = 0.242281,	Delta[s](13) = 0.219327,	Delta[s](14) = 0.20583,	Delta[s](15) = 0.219327,	Delta[d](0) = 0.265316,	Delta[d](1) = 0.214444,	Delta[d](2) = 0.215841,	Delta[d](3) = 0.214444,	Delta[d](4) = 0.214444,	Delta[d](5) = 0.200598,	Delta[d](6) = 0.177067,	Delta[d](7) = 0.200598,	Delta[d](8) = 0.215841,	Delta[d](9) = 0.177067,	Delta[d](10) = 0.120953,	Delta[d](11) = 0.177067,	Delta[d](12) = 0.214444,	Delta[d](13) = 0.200598,	Delta[d](14) = 0.177067,	Delta[d](15) = 0.200598,	Delta[s+](0) = 0.451747,	Delta[s+](1) = 0.346471,	Delta[s+](2) = 0.215841,	Delta[s+](3) = 0.346471,	Delta[s+](4) = 0.346471,	Delta[s+](5) = 0.226302,	Delta[s+](6) = 0.110888,	Delta[s+](7) = 0.226302,	Delta[s+](8) = 0.215841,	Delta[s+](9) = 0.110888,	Delta[s+](10) = 0.0498034,	Delta[s+](11) = 0.110888,	Delta[s+](12) = 0.346471,	Delta[s+](13) = 0.226302,	Delta[s+](14) = 0.110888,	Delta[s+](15) = 0.226302
The 10-th iteration is completed.	|| time cost : 0h 3m 24.68s
********************************************************************************************************************
Start the 11 rounds of NGS-ED iteration
	effective electronic model is modified as: kinetic energy t = 0.7221
	                                           effective interaction Vq = [      -5,-4.93199, -4.9392,-4.93199,-4.93199,-4.92667,-4.81724,-4.92667, -4.9392,-4.81724,-4.70963,-4.81724,-4.93199,-4.92667,-4.81724,-4.92667]
	PARPACK diagonalization completed after 45 matrix-vector product operations.
	iteration results: : total energy is -88.246944 | electron energy -88.477279 + phonon energy 0.230335 | electron momentum kIdx = 0
The 11-th iteration is completed.	|| time cost : 0h 0m 24.101s
********************************************************************************************************************
Start the 12 rounds of NGS-ED iteration
	effective electronic model is modified as: kinetic energy t = 0.721926
	                                           effective interaction Vq = [      -5,-4.93189,-4.93639,-4.93189,-4.93189,-4.92996,-4.81704,-4.92996,-4.93639,-4.81704,-4.70962,-4.81704,-4.93189,-4.92996,-4.81704,-4.92996]
	PARPACK diagonalization completed after 45 matrix-vector product operations.
	iteration results: : total energy is -88.247337 | electron energy -88.478041 + phonon energy 0.230703 | electron momentum kIdx = 0
The 12-th iteration is completed.	|| time cost : 0h 0m 24.148s
********************************************************************************************************************
Start the 13 rounds of NGS-ED iteration
	effective electronic model is modified as: kinetic energy t = 0.721864
	                                           effective interaction Vq = [      -5,-4.93184,-4.93476,-4.93184,-4.93184,-4.93147,-4.81693,-4.93147,-4.93476,-4.81693,-4.70959,-4.81693,-4.93184,-4.93147,-4.81693,-4.93147]
	PARPACK diagonalization completed after 30 matrix-vector product operations.
	iteration results: : total energy is -88.247436 | electron energy -88.478274 + phonon energy 0.230839 | electron momentum kIdx = 0
The 13-th iteration is completed.	|| time cost : 0h 0m 20.413s
********************************************************************************************************************
Start the 14 rounds of NGS-ED iteration
	effective electronic model is modified as: kinetic energy t = 0.721843
	                                           effective interaction Vq = [      -5,-4.93182,-4.93386,-4.93182,-4.93182,-4.93217,-4.81688,-4.93217,-4.93386,-4.81688,-4.70958,-4.81688,-4.93182,-4.93217,-4.81688,-4.93217]
	PARPACK diagonalization completed after 30 matrix-vector product operations.
	iteration results: : total energy is -88.247460 | electron energy -88.478347 + phonon energy 0.230887 | electron momentum kIdx = 0
The 14-th iteration is completed.	|| time cost : 0h 0m 20.398s
********************************************************************************************************************
Start the 15 rounds of NGS-ED iteration
	effective electronic model is modified as: kinetic energy t = 0.721836
	                                           effective interaction Vq = [      -5,-4.93181,-4.93337,-4.93181,-4.93181,-4.93251,-4.81685,-4.93251,-4.93337,-4.81685,-4.70957,-4.81685,-4.93181,-4.93251,-4.81685,-4.93251]
	PARPACK diagonalization completed after 30 matrix-vector product operations.
	iteration results: : total energy is -88.247467 | electron energy -88.478370 + phonon energy 0.230903 | electron momentum kIdx = 0
	Nq(0) = 12.25,	Nq(1) = 0.39217,	Nq(2) = 0.763011,	Nq(3) = 0.39217,	Nq(4) = 0.39217,	Nq(5) = 0.761391,	Nq(6) = 0.62169,	Nq(7) = 0.761391,	Nq(8) = 0.763007,	Nq(9) = 0.621689,	Nq(10) = 0.608648,	Nq(11) = 0.621689,	Nq(12) = 0.39217,	Nq(13) = 0.761391,	Nq(14) = 0.62169,	Nq(15) = 0.761391,	Sq(0) = -5.14417e-18,	Sq(1) = 0.346544,	Sq(2) = 0.365869,	Sq(3) = 0.346544,	Sq(4) = 0.346544,	Sq(5) = 0.365879,	Sq(6) = 0.582296,	Sq(7) = 0.365879,	Sq(8) = 0.365869,	Sq(9) = 0.582296,	Sq(10) = 0.603712,	Sq(11) = 0.582296,	Sq(12) = 0.346544,	Sq(13) = 0.365879,	Sq(14) = 0.582296,	Sq(15) = 0.365879,	N(0) = 1.99879,	N(1) = 1.99614,	N(2) = 0.664815,	N(3) = 1.99614,	N(4) = 1.99614,	N(5) = 0.668628,	N(6) = 0.00291802,	N(7) = 0.668628,	N(8) = 0.664816,	N(9) = 0.002918,	N(10) = 0.000821182,	N(11) = 0.002918,	N(12) = 1.99614,	N(13) = 0.668628,	N(14) = 0.00291802,	N(15) = 0.668628,	Delta[s](0) = 0.374555,	Delta[s](1) = 0.242503,	Delta[s](2) = 0.218914,	Delta[s](3) = 0.242503,	Delta[s](4) = 0.242503,	Delta[s](5) = 0.218975,	Delta[s](6) = 0.206085,	Delta[s](7) = 0.218975,	Delta[s](8) = 0.218914,	Delta[s](9) = 0.206085,	Delta[s](10) = 0.260203,	Delta[s](11) = 0.206085,	Delta[s](12) = 0.242503,	Delta[s](13) = 0.218975,	Delta[s](14) = 0.206085,	Delta[s](15) = 0.218975,	Delta[d](0) = 0.275086,	Delta[d](1) = 0.221376,	Delta[d](2) = 0.222545,	Delta[d](3) = 0.221376,	Delta[d](4) = 0.221376,	Delta[d](5) = 0.203408,	Delta[d](6) = 0.184098,	Delta[d](7) = 0.203408,	Delta[d](8) = 0.222545,	Delta[d](9) = 0.184098,	Delta[d](10) = 0.131162,	Delta[d](11) = 0.184098,	Delta[d](12) = 0.221376,	Delta[d](13) = 0.203408,	Delta[d](14) = 0.184098,	Delta[d](15) = 0.203408,	Delta[s+](0) = 0.451471,	Delta[s+](1) = 0.346275,	Delta[s+](2) = 0.222545,	Delta[s+](3) = 0.346275,	Delta[s+](4) = 0.346275,	Delta[s+](5) = 0.222906,	Delta[s+](6) = 0.11089,	Delta[s+](7) = 0.222906,	Delta[s+](8) = 0.222545,	Delta[s+](9) = 0.11089,	Delta[s+](10) = 0.0498619,	Delta[s+](11) = 0.11089,	Delta[s+](12) = 0.346275,	Delta[s+](13) = 0.222906,	Delta[s+](14) = 0.11089,	Delta[s+](15) = 0.222906
The 15-th iteration is completed.	|| time cost : 0h 3m 23.905s
********************************************************************************************************************
********************************************************************************************************************
Ground state is obtained after 16 iterations. The current ground-state energy is -88.2475, in which electron energy is -88.4784 and phonon energy is 0.230903
final variational state is: 
	Gamma_x = [      1,1.04127,1.08118,1.04127,1.04127,1.08109,1.10083,1.08109,1.08118,1.10083,1.11752,1.10083,1.04127,1.08109,1.10083,1.08109]
	lambda_q = [0.707107,0.624527,0.625322,0.624527,0.624527,0.625053,0.571771,0.625053,0.625322,0.571771,0.536684,0.571771,0.624527,0.625053,0.571771,0.625053]
********************************************************************************************************************
o___o  ----------------------------------------
| L |	Time since last clock: 0h 0m 0s
A===A	Time since the beginning: 0h 23m 53.499s
***********************************************


********************************************************************************************************************
Warm up runs have been completed. Start calculating W = 5 phonon.
open output files: NGSEDIterationObs.txt
********************************************************************************************************************
Start the 0 rounds of NGS-ED iteration
	effective electronic model is modified as: kinetic energy t = 0.721833
	                                           effective interaction Vq = [-4.57107, -4.2951,-4.29808, -4.2951, -4.2951,-4.29707, -4.0831,-4.29707,-4.29808, -4.0831,-3.92669, -4.0831, -4.2951,-4.29707, -4.0831,-4.29707]
	PARPACK diagonalization completed after 120 matrix-vector product operations.
	iteration results: : total energy is -77.996388 | electron energy -78.111842 + phonon energy 0.115454 | electron momentum kIdx = 0
	Nq(0) = 12.25,	Nq(1) = 0.314634,	Nq(2) = 0.355068,	Nq(3) = 0.314634,	Nq(4) = 0.314634,	Nq(5) = 0.450313,	Nq(6) = 0.496575,	Nq(7) = 0.450313,	Nq(8) = 0.355068,	Nq(9) = 0.496575,	Nq(10) = 0.518494,	Nq(11) = 0.496575,	Nq(12) = 0.314634,	Nq(13) = 0.450313,	Nq(14) = 0.496575,	Nq(15) = 0.450313,	Sq(0) = 4.78471e-19,	Sq(1) = 0.413406,	Sq(2) = 0.601582,	Sq(3) = 0.413406,	Sq(4) = 0.413406,	Sq(5) = 0.544942,	Sq(6) = 0.706473,	Sq(7) = 0.544942,	Sq(8) = 0.601582,	Sq(9) = 0.706473,	Sq(10) = 1.61283,	Sq(11) = 0.706473,	Sq(12) = 0.413406,	Sq(13) = 0.544942,	Sq(14) = 0.706473,	Sq(15) = 0.544942,	N(0) = 1.9887,	N(1) = 1.97698,	N(2) = 0.0154538,	N(3) = 1.97698,	N(4) = 1.97698,	N(5) = 0.999331,	N(6) = 0.01679,	N(7) = 0.999331,	N(8) = 0.0154539,	N(9) = 0.01679,	N(10) = 0.00800571,	N(11) = 0.01679,	N(12) = 1.97698,	N(13) = 0.999331,	N(14) = 0.01679,	N(15) = 0.999331,	Delta[s](0) = 0.169475,	Delta[s](1) = 0.155322,	Delta[s](2) = 0.134763,	Delta[s](3) = 0.155322,	Delta[s](4) = 0.155322,	Delta[s](5) = 0.144238,	Delta[s](6) = 0.129267,	Delta[s](7) = 0.144238,	Delta[s](8) = 0.134763,	Delta[s](9) = 0.129267,	Delta[s](10) = 0.108053,	Delta[s](11) = 0.129267,	Delta[s](12) = 0.155322,	Delta[s](13) = 0.144238,	Delta[s](14) = 0.129267,	Delta[s](15) = 0.144238,	Delta[d](0) = 0.233255,	Delta[d](1) = 0.185575,	Delta[d](2) = 0.191467,	Delta[d](3) = 0.185575,	Delta[d](4) = 0.185575,	Delta[d](5) = 0.189473,	Delta[d](6) = 0.143998,	Delta[d](7) = 0.189473,	Delta[d](8) = 0.191467,	Delta[d](9) = 0.143998,	Delta[d](10) = 0.0748521,	Delta[d](11) = 0.143998,	Delta[d](12) = 0.185575,	Delta[d](13) = 0.189473,	Delta[d](14) = 0.143998,	Delta[d](15) = 0.189473,	Delta[s+](0) = 0.531346,	Delta[s+](1) = 0.405201,	Delta[s+](2) = 0.191467,	Delta[s+](3) = 0.405201,	Delta[s+](4) = 0.405201,	Delta[s+](5) = 0.294018,	Delta[s+](6) = 0.133603,	Delta[s+](7) = 0.294018,	Delta[s+](8) = 0.191467,	Delta[s+](9) = 0.133603,	Delta[s+](10) = 0.0570787,	Delta[s+](11) = 0.133603,	Delta[s+](12) = 0.405201,	Delta[s+](13) = 0.294018,	Delta[s+](14) = 0.133603,	Delta[s+](15) = 0.294018
The 0-th iteration is completed.	|| time cost : 0h 3m 32.483s
********************************************************************************************************************
Start the 1 rounds of NGS-ED iteration
	effective electronic model is modified as: kinetic energy t = 0.701451
	                                           effective interaction Vq = [ -4.8422,-4.52868,-4.35812,-4.52868,-4.52868,-4.45296,-4.25687,-4.45296,-4.35812,-4.25687,-4.08041,-4.25687,-4.52868,-4.45296,-4.25687,-4.45296]
	PARPACK diagonalization completed after 45 matrix-vector product operations.
	iteration results: : total energy is -81.710132 | electron energy -82.024902 + phonon energy 0.314770 | electron momentum kIdx = 0
The 1-th iteration is completed.	|| time cost : 0h 0m 24.01s
********************************************************************************************************************
Start the 2 rounds of NGS-ED iteration
	effective electronic model is modified as: kinetic energy t = 0.683326
	                                           effective interaction Vq = [-4.94195,-4.66026,-4.40867,-4.66026,-4.66026,-4.55145,-4.37894,-4.55145,-4.40867,-4.37894,-4.19363,-4.37894,-4.66026,-4.55145,-4.37894,-4.55145]
	PARPACK diagonalization completed after 45 matrix-vector product operations.
	iteration results: : total energy is -83.107484 | electron energy -83.551267 + phonon energy 0.443784 | electron momentum kIdx = 0
The 2-th iteration is completed.	|| time cost : 0h 0m 24.046s
********************************************************************************************************************
Start the 3 rounds of NGS-ED iteration
	effective electronic model is modified as: kinetic energy t = 0.669787
	                                           effective interaction Vq = [-4.97864,-4.73651,-4.44447,-4.73651,-4.73651,-4.61209,-4.46048,-4.61209,-4.44447,-4.46048,-4.26919,-4.46048,-4.73651,-4.61209,-4.46048,-4.61209]
	PARPACK diagonalization completed after 45 matrix-vector product operations.
	iteration results: : total energy is -83.637517 | electron energy -84.159729 + phonon energy 0.522211 | electron momentum kIdx = 0
The 3-th iteration is completed.	|| time cost : 0h 0m 24.056s
********************************************************************************************************************
Start the 4 rounds of NGS-ED iteration
	effective electronic model is modified as: kinetic energy t = 0.660288
	                                           effective interaction Vq = [-4.99214, -4.7818,-4.46856, -4.7818, -4.7818,-4.64939,-4.51445,-4.64939,-4.46856,-4.51445, -4.3184,-4.51445, -4.7818,-4.64939,-4.51445,-4.64939]
	PARPACK diagonalization completed after 30 matrix-vector product operations.
	iteration results: : total energy is -83.839398 | electron energy -84.410339 + phonon energy 0.570941 | electron momentum kIdx = 0
The 4-th iteration is completed.	|| time cost : 0h 0m 20.433s
********************************************************************************************************************
Start the 5 rounds of NGS-ED iteration
	effective electronic model is modified as: kinetic energy t = 0.65381
	                                           effective interaction Vq = [-4.99711,-4.80928,-4.48452,-4.80928,-4.80928,-4.67247,-4.55027,-4.67247,-4.48452,-4.55027, -4.3503,-4.55027,-4.80928,-4.67247,-4.55027,-4.67247]
	PARPACK diagonalization completed after 45 matrix-vector product operations.
	iteration results: : total energy is -83.916572 | electron energy -84.518529 + phonon energy 0.601957 | electron momentum kIdx = 0
The 5-th iteration is completed.	|| time cost : 0h 0m 24.032s
********************************************************************************************************************
Start the 6 rounds of NGS-ED iteration
	effective electronic model is modified as: kinetic energy t = 0.649454
	                                           effective interaction Vq = [-4.99894,-4.82623,-4.49502,-4.82623,-4.82623,-4.68684,-4.57416,-4.68684,-4.49502,-4.57416,-4.37101,-4.57416,-4.82623,-4.68684,-4.57416,-4.68684]
	PARPACK diagonalization completed after 30 matrix-vector product operations.
	iteration results: : total energy is -83.946197 | electron energy -84.568223 + phonon energy 0.622026 | electron momentum kIdx = 0
The 6-th iteration is completed.	|| time cost : 0h 0m 20.467s
********************************************************************************************************************
Start the 7 rounds of NGS-ED iteration
	effective electronic model is modified as: kinetic energy t = 0.646548
	                                           effective interaction Vq = [-4.99961,-4.83684,-4.50193,-4.83684,-4.83684,-4.69584,-4.59018,-4.69584,-4.50193,-4.59018,-4.38449,-4.59018,-4.83684,-4.69584,-4.59018,-4.69584]
	PARPACK diagonalization completed after 30 matrix-vector product operations.
	iteration results: : total energy is -83.957625 | electron energy -84.592773 + phonon energy 0.635148 | electron momentum kIdx = 0
The 7-th iteration is completed.	|| time cost : 0h 0m 20.449s
********************************************************************************************************************
Start the 8 rounds of NGS-ED iteration
	effective electronic model is modified as: kinetic energy t = 0.644617
	                                           effective interaction Vq = [-4.99986,-4.84354,-4.50646,-4.84354,-4.84354,-4.70149,-4.60096,-4.70149,-4.50646,-4.60096,-4.39327,-4.60096,-4.84354,-4.70149,-4.60096,-4.70149]
	PARPACK diagonalization completed after 30 matrix-vector product operations.
	iteration results: : total energy is -83.962060 | electron energy -84.605843 + phonon energy 0.643782 | electron momentum kIdx = 0
The 8-th iteration is completed.	|| time cost : 0h 0m 20.477s
********************************************************************************************************************
Start the 9 rounds of NGS-ED iteration
	effective electronic model is modified as: kinetic energy t = 0.643338
	                                           effective interaction Vq = [-4.99995, -4.8478,-4.50943, -4.8478, -4.8478,-4.70505,-4.60824,-4.70505,-4.50943,-4.60824,-4.39901,-4.60824, -4.8478,-4.70505,-4.60824,-4.70505]
	PARPACK diagonalization completed after 30 matrix-vector product operations.
	iteration results: : total energy is -83.963793 | electron energy -84.613281 + phonon energy 0.649488 | electron momentum kIdx = 0
The 9-th iteration is completed.	|| time cost : 0h 0m 20.44s
********************************************************************************************************************
Start the 10 rounds of NGS-ED iteration
	effective electronic model is modified as: kinetic energy t = 0.642491
	                                           effective interaction Vq = [-4.99998,-4.85052,-4.51137,-4.85052,-4.85052,-4.70729,-4.61316,-4.70729,-4.51137,-4.61316,-4.40277,-4.61316,-4.85052,-4.70729,-4.61316,-4.70729]
	PARPACK diagonalization completed after 30 matrix-vector product operations.
	iteration results: : total energy is -83.964475 | electron energy -84.617744 + phonon energy 0.653269 | electron momentum kIdx = 0
	Nq(0) = 12.25,	Nq(1) = 0.415231,	Nq(2) = 0.363305,	Nq(3) = 0.415231,	Nq(4) = 0.415231,	Nq(5) = 0.504658,	Nq(6) = 0.597741,	Nq(7) = 0.504658,	Nq(8) = 0.363305,	Nq(9) = 0.597741,	Nq(10) = 0.568257,	Nq(11) = 0.597741,	Nq(12) = 0.415231,	Nq(13) = 0.504658,	Nq(14) = 0.597741,	Nq(15) = 0.504658,	Sq(0) = -3.23088e-18,	Sq(1) = 0.372676,	Sq(2) = 0.546442,	Sq(3) = 0.372676,	Sq(4) = 0.372676,	Sq(5) = 0.502799,	Sq(6) = 0.627429,	Sq(7) = 0.502799,	Sq(8) = 0.546442,	Sq(9) = 0.627429,	Sq(10) = 1.28011,	Sq(11) = 0.627429,	Sq(12) = 0.372676,	Sq(13) = 0.502799,	Sq(14) = 0.627429,	Sq(15) = 0.502799,	N(0) = 1.99927,	N(1) = 1.997,	N(2) = 0.00208601,	N(3) = 1.997,	N(4) = 1.997,	N(5) = 1.00018,	N(6) = 0.00184815,	N(7) = 1.00018,	N(8) = 0.00208601,	N(9) = 0.00184815,	N(10) = 0.000441006,	N(11) = 0.00184815,	N(12) = 1.997,	N(13) = 1.00018,	N(14) = 0.00184815,	N(15) = 1.00018,	Delta[s](0) = 0.198124,	Delta[s](1) = 0.187951,	Delta[s](2) = 0.168037,	Delta[s](3) = 0.187951,	Delta[s](4) = 0.187951,	Delta[s](5) = 0.177071,	Delta[s](6) = 0.166517,	Delta[s](7) = 0.177071,	Delta[s](8) = 0.168037,	Delta[s](9) = 0.166517,	Delta[s](10) = 0.147336,	Delta[s](11) = 0.166517,	Delta[s](12) = 0.187951,	Delta[s](13) = 0.177071,	Delta[s](14) = 0.166517,	Delta[s](15) = 0.177071,	Delta[d](0) = 0.24567,	Delta[d](1) = 0.207218,	Delta[d](2) = 0.206246,	Delta[d](3) = 0.207218,	Delta[d](4) = 0.207218,	Delta[d](5) = 0.212683,	Delta[d](6) = 0.164707,	Delta[d](7) = 0.212683,	Delta[d](8) = 0.206246,	Delta[d](9) = 0.164707,	Delta[d](10) = 0.0982519,	Delta[d](11) = 0.164707,	Delta[d](12) = 0.207218,	Delta[d](13) = 0.212683,	Delta[d](14) = 0.164707,	Delta[d](15) = 0.212683,	Delta[s+](0) = 0.529159,	Delta[s+](1) = 0.410047,	Delta[s+](2) = 0.206246,	Delta[s+](3) = 0.410047,	Delta[s+](4) = 0.410047,	Delta[s+](5) = 0.307331,	Delta[s+](6) = 0.151588,	Delta[s+](7) = 0.307331,	Delta[s+](8) = 0.206246,	Delta[s+](9) = 0.151588,	Delta[s+](10) = 0.0770798,	Delta[s+](11) = 0.151588,	Delta[s+](12) = 0.410047,	Delta[s+](13) = 0.307331,	Delta[s+](14) = 0.151588,	Delta[s+](15) = 0.307331
The 10-th iteration is completed.	|| time cost : 0h 3m 12.655s
********************************************************************************************************************
Start the 11 rounds of NGS-ED iteration
	effective electronic model is modified as: kinetic energy t = 0.64193
	                                           effective interaction Vq = [-4.99999,-4.85227,-4.51264,-4.85227,-4.85227,-4.70871,-4.61649,-4.70871,-4.51264,-4.61649,-4.40522,-4.61649,-4.85227,-4.70871,-4.61649,-4.70871]
	PARPACK diagonalization completed after 30 matrix-vector product operations.
	iteration results: : total energy is -83.964746 | electron energy -84.620524 + phonon energy 0.655778 | electron momentum kIdx = 0
The 11-th iteration is completed.	|| time cost : 0h 0m 20.435s
********************************************************************************************************************
Start the 12 rounds of NGS-ED iteration
	effective electronic model is modified as: kinetic energy t = 0.641559
	                                           effective interaction Vq = [      -5,-4.85339,-4.51348,-4.85339,-4.85339,-4.70961,-4.61875,-4.70961,-4.51348,-4.61875,-4.40683,-4.61875,-4.85339,-4.70961,-4.61875,-4.70961]
	PARPACK diagonalization completed after 30 matrix-vector product operations.
	iteration results: : total energy is -83.964854 | electron energy -84.622301 + phonon energy 0.657447 | electron momentum kIdx = 0
The 12-th iteration is completed.	|| time cost : 0h 0m 20.422s
********************************************************************************************************************
Start the 13 rounds of NGS-ED iteration
	effective electronic model is modified as: kinetic energy t = 0.641314
	                                           effective interaction Vq = [      -5,-4.85412,-4.51402,-4.85412,-4.85412,-4.71017,-4.62028,-4.71017,-4.51402,-4.62028,-4.40789,-4.62028,-4.85412,-4.71017,-4.62028,-4.71017]
	PARPACK diagonalization completed after 30 matrix-vector product operations.
	iteration results: : total energy is -83.964898 | electron energy -84.623456 + phonon energy 0.658557 | electron momentum kIdx = 0
The 13-th iteration is completed.	|| time cost : 0h 0m 20.433s
********************************************************************************************************************
Start the 14 rounds of NGS-ED iteration
	effective electronic model is modified as: kinetic energy t = 0.641151
	                                           effective interaction Vq = [      -5,-4.85458,-4.51437,-4.85458,-4.85458,-4.71053,-4.62132,-4.71053,-4.51437,-4.62132,-4.40858,-4.62132,-4.85458,-4.71053,-4.62132,-4.71053]
	PARPACK diagonalization completed after 30 matrix-vector product operations.
	iteration results: : total energy is -83.964916 | electron energy -84.624213 + phonon energy 0.659297 | electron momentum kIdx = 0
The 14-th iteration is completed.	|| time cost : 0h 0m 20.432s
********************************************************************************************************************
Start the 15 rounds of NGS-ED iteration
	effective electronic model is modified as: kinetic energy t = 0.641044
	                                           effective interaction Vq = [      -5,-4.85489,-4.51461,-4.85489,-4.85489,-4.71075,-4.62202,-4.71075,-4.51461,-4.62202,-4.40904,-4.62202,-4.85489,-4.71075,-4.62202,-4.71075]
	PARPACK diagonalization completed after 30 matrix-vector product operations.
	iteration results: : total energy is -83.964924 | electron energy -84.624714 + phonon energy 0.659790 | electron momentum kIdx = 0
The 15-th iteration is completed.	|| time cost : 0h 0m 20.473s
********************************************************************************************************************
Start the 16 rounds of NGS-ED iteration
	effective electronic model is modified as: kinetic energy t = 0.640972
	                                           effective interaction Vq = [      -5,-4.85508,-4.51476,-4.85508,-4.85508, -4.7109, -4.6225, -4.7109,-4.51476, -4.6225,-4.40934, -4.6225,-4.85508, -4.7109, -4.6225, -4.7109]
	PARPACK diagonalization completed after 30 matrix-vector product operations.
	iteration results: : total energy is -83.964927 | electron energy -84.625046 + phonon energy 0.660119 | electron momentum kIdx = 0
The 16-th iteration is completed.	|| time cost : 0h 0m 20.432s
********************************************************************************************************************
Start the 17 rounds of NGS-ED iteration
	effective electronic model is modified as: kinetic energy t = 0.640925
	                                           effective interaction Vq = [      -5,-4.85521,-4.51485,-4.85521,-4.85521,-4.71099,-4.62282,-4.71099,-4.51485,-4.62282,-4.40953,-4.62282,-4.85521,-4.71099,-4.62282,-4.71099]
	PARPACK diagonalization completed after 30 matrix-vector product operations.
	iteration results: : total energy is -83.964928 | electron energy -84.625266 + phonon energy 0.660338 | electron momentum kIdx = 0
The 17-th iteration is completed.	|| time cost : 0h 0m 20.436s
********************************************************************************************************************
Start the 18 rounds of NGS-ED iteration
	effective electronic model is modified as: kinetic energy t = 0.640893
	                                           effective interaction Vq = [      -5,-4.85529,-4.51492,-4.85529,-4.85529,-4.71104,-4.62304,-4.71104,-4.51492,-4.62304,-4.40966,-4.62304,-4.85529,-4.71104,-4.62304,-4.71104]
	PARPACK diagonalization completed after 30 matrix-vector product operations.
