SNEDics v3.21.4 Non-Gaussian ED ground state program		Start at Mon Jul 26 09:17:41 2021

parallized on 32 MPI threads  * 8 OpenMP threads = 256 total threads.
********************************************************************************************************************
********************************************************************************************************************

********************************************************************************************************************
System parameters and configurations
	special program options are enabled: splitted diagonal Hamiltonian | splitted Hamiltonian terms
********************************************************************************************************************
Read input file "model_params.in"
	Hubbard-Holstein model parameters : 	t = 1    U = 8    g = 0.03    W = 0.2    g' = 0.15    
********************************************************************************************************************
Read input file "hilbertspace_params.in"
	Requested 16-site 2D lattice, with 12 electrons (6, 6)
	Boundary : Periodic		Hilbert space representation : momentum-space (restricted to kIdx = 0)
	Conservation: particle number[U(1)]      spin[U(1)]     momentum
********************************************************************************************************************

Cluster Positions:				Cluster symmetry group : D4
 x ... x ... x ... x .....                       x ... x ... x ... x .....
 |           |           :                       |           |           :
 |           |           :                       |           |           :
12    13    14    15     x                       1     5     6     5     x
 |           |           :                       |           |           :
 |           |           :                       |           |           :
 8 --- 9 ---10 ---11 --- x                       2 --- 6 ---10 --- 6 --- x
 |           |           :                       |           |           :
 |           |           :                       |           |           :
 4     5     6     7     x                       1     5     6     5     x
 |           |           :                       |           |           :
 |           |           :                       |           |           :
 0 --- 1 --- 2 --- 3 --- x                       0 --- 1 --- 2 --- 1 --- x
orbital number : 1
********************************************************************************************************************
Read input file "obs_params.in"
	Observable Type : Nq(All),   Sq(All),   N(All),   Delta[s](All),   Delta[d](All),   Delta[s+](All)
** WARNING ** the input observables have non-local factors which have been reinterpreted. The total observable number is 96
********************************************************************************************************************


********************************************************************************************************************
Start calculating the non-Gaussian ED ground state
Maximal iteration number is 1000; energy resolution is 1e-06. Phonon state relaxation time is 2000
W = 0.2 is relatively large. The non-Gaussian ED calculation starts directly.
open output files: NGSED_iteration_obserbles.txt
********************************************************************************************************************
Start the 0 rounds of NGS-ED iteration
	effective electronic model is modified as: kinetic energy t = 1
	                                           effective interaction Vq = [0,0,0,0,0,0,0,0,0,0,0,0,0,0,0,0]
	first Hamiltonian is constructed, size = 4008592 and non-zero numbers = 969134044
	PARPACK diagonalization completed after 150 matrix-vector product operations.
	iteration results: : total energy is -14.925310 | electron energy -14.925310 + phonon energy 0.000000 | electron momentum kIdx = 0
	Nq(0) = 9,	Nq(1) = 0.191675,	Nq(2) = 0.266183,	Nq(3) = 0.191675,	Nq(4) = 0.191675,	Nq(5) = 0.245517,	
	Nq(6) = 0.314107,	Nq(7) = 0.245517,	Nq(8) = 0.266183,	Nq(9) = 0.314107,	Nq(10) = 0.369338,	
	Nq(11) = 0.314107,	Nq(12) = 0.191675,	Nq(13) = 0.245517,	Nq(14) = 0.314107,	Nq(15) = 0.245517;	
	Sq(0) = 3.02743e-18,	Sq(1) = 0.554662,	Sq(2) = 0.424361,	Sq(3) = 0.554662,	Sq(4) = 0.554662,	
	Sq(5) = 0.79749,	Sq(6) = 1.01287,	Sq(7) = 0.79749,	Sq(8) = 0.424361,	Sq(9) = 1.01287,	
	Sq(10) = 0.784303,	Sq(11) = 1.01287,	Sq(12) = 0.554662,	Sq(13) = 0.79749,	Sq(14) = 1.01287,	
	Sq(15) = 0.79749;	N(0) = 1.76735,	N(1) = 1.6264,	N(2) = 0.74365,	N(3) = 1.6264,	
	N(4) = 1.6264,	N(5) = 0.392302,	N(6) = 0.144321,	N(7) = 0.392302,	N(8) = 0.74365,	
	N(9) = 0.144321,	N(10) = 0.0932732,	N(11) = 0.144321,	N(12) = 1.6264,	N(13) = 0.392302,	
	N(14) = 0.144321,	N(15) = 0.392302;	Delta[s](0) = 0.0653341,	Delta[s](1) = 0.045209,	Delta[s](2) = 0.0303692,	
	Delta[s](3) = 0.045209,	Delta[s](4) = 0.045209,	Delta[s](5) = 0.027095,	Delta[s](6) = 0.00944938,	Delta[s](7) = 0.027095,	
	Delta[s](8) = 0.0303692,	Delta[s](9) = 0.00944938,	Delta[s](10) = 0.000364093,	Delta[s](11) = 0.00944938,	Delta[s](12) = 0.045209,	
	Delta[s](13) = 0.027095,	Delta[s](14) = 0.00944938,	Delta[s](15) = 0.027095;	Delta[d](0) = 0.229226,	Delta[d](1) = 0.180017,	
	Delta[d](2) = 0.222117,	Delta[d](3) = 0.180017,	Delta[d](4) = 0.180017,	Delta[d](5) = 0.123074,	Delta[d](6) = 0.150422,	
	Delta[d](7) = 0.123074,	Delta[d](8) = 0.222117,	Delta[d](9) = 0.150422,	Delta[d](10) = 0.0771541,	Delta[d](11) = 0.150422,	
	Delta[d](12) = 0.180017,	Delta[d](13) = 0.123074,	Delta[d](14) = 0.150422,	Delta[d](15) = 0.123074;	Delta[s+](0) = 0.529036,	
	Delta[s+](1) = 0.360855,	Delta[s+](2) = 0.222117,	Delta[s+](3) = 0.360855,	Delta[s+](4) = 0.360855,	Delta[s+](5) = 0.177088,	
	Delta[s+](6) = 0.062784,	Delta[s+](7) = 0.177088,	Delta[s+](8) = 0.222117,	Delta[s+](9) = 0.062784,	Delta[s+](10) = 0.015824,	
	Delta[s+](11) = 0.062784,	Delta[s+](12) = 0.360855,	Delta[s+](13) = 0.177088,	Delta[s+](14) = 0.062784,	Delta[s+](15) = 0.177088
	
The 0-th iteration is completed.	|| time cost : 0h 2m 1.884s
********************************************************************************************************************
Start the 1 rounds of NGS-ED iteration
	effective electronic model is modified as: kinetic energy t = 0.996536
	                                           effective interaction Vq = [     -1.9845,  -0.0695886, -0.00038783,  -0.0695886,  -0.0695886,-0.000359525,   -0.026021,-0.000359525, -0.00038783,   -0.026021,   -0.121952,   -0.026021,  -0.0695886,-0.000359525,   -0.026021,-0.000359525]
	PARPACK diagonalization completed after 45 matrix-vector product operations.
	iteration results: : total energy is -32.850113 | electron energy -32.853673 + phonon energy 0.003560 | electron momentum kIdx = 0
The 1-th iteration is completed.	|| time cost : 0h 1m 18.201s
********************************************************************************************************************
Start the 2 rounds of NGS-ED iteration
	effective electronic model is modified as: kinetic energy t = 0.996483
	                                           effective interaction Vq = [     -1.9845,  -0.0700089,-0.000386002,  -0.0700089,  -0.0700089,-0.000358129,  -0.0260067,-0.000358129,-0.000386002,  -0.0260067,   -0.124271,  -0.0260067,  -0.0700089,-0.000358129,  -0.0260067,-0.000358129]
	PARPACK diagonalization completed after 30 matrix-vector product operations.
	iteration results: : total energy is -32.850120 | electron energy -32.853865 + phonon energy 0.003745 | electron momentum kIdx = 0
The 2-th iteration is completed.	|| time cost : 0h 0m 9.683s
********************************************************************************************************************
Start the 3 rounds of NGS-ED iteration
	effective electronic model is modified as: kinetic energy t = 0.996482
	                                           effective interaction Vq = [     -1.9845,   -0.070011,-0.000385987,   -0.070011,   -0.070011,-0.000358116,  -0.0260057,-0.000358116,-0.000385987,  -0.0260057,    -0.12432,  -0.0260057,   -0.070011,-0.000358116,  -0.0260057,-0.000358116]
	PARPACK diagonalization completed after 30 matrix-vector product operations.
	iteration results: : total energy is -32.850120 | electron energy -32.853869 + phonon energy 0.003748 | electron momentum kIdx = 0
The 3-th iteration is completed.	|| time cost : 0h 0m 9.69s
********************************************************************************************************************
Start the 4 rounds of NGS-ED iteration
	effective electronic model is modified as: kinetic energy t = 0.996482
	                                           effective interaction Vq = [     -1.9845,   -0.070011,-0.000385987,   -0.070011,   -0.070011,-0.000358116,  -0.0260056,-0.000358116,-0.000385987,  -0.0260056,   -0.124321,  -0.0260056,   -0.070011,-0.000358116,  -0.0260056,-0.000358116]
	PARPACK diagonalization completed after 30 matrix-vector product operations.
	iteration results: : total energy is -32.850120 | electron energy -32.853869 + phonon energy 0.003749 | electron momentum kIdx = 0
The 4-th iteration is completed.	|| time cost : 0h 0m 9.696s
********************************************************************************************************************
Start the 5 rounds of NGS-ED iteration
	effective electronic model is modified as: kinetic energy t = 0.996482
	                                           effective interaction Vq = [     -1.9845,   -0.070011,-0.000385987,   -0.070011,   -0.070011,-0.000358116,  -0.0260056,-0.000358116,-0.000385987,  -0.0260056,   -0.124321,  -0.0260056,   -0.070011,-0.000358116,  -0.0260056,-0.000358116]
	PARPACK diagonalization completed after 30 matrix-vector product operations.
	iteration results: : total energy is -32.850120 | electron energy -32.853869 + phonon energy 0.003749 | electron momentum kIdx = 0
	Nq(0) = 9,	Nq(1) = 0.193152,	Nq(2) = 0.265318,	Nq(3) = 0.193152,	Nq(4) = 0.193152,	Nq(5) = 0.244943,	
	Nq(6) = 0.314481,	Nq(7) = 0.244943,	Nq(8) = 0.265318,	Nq(9) = 0.314481,	Nq(10) = 0.374871,	
	Nq(11) = 0.314481,	Nq(12) = 0.193152,	Nq(13) = 0.244943,	Nq(14) = 0.314481,	Nq(15) = 0.244943;	
	Sq(0) = 3.88909e-19,	Sq(1) = 0.553493,	Sq(2) = 0.424181,	Sq(3) = 0.553493,	Sq(4) = 0.553493,	
	Sq(5) = 0.796879,	Sq(6) = 1.01197,	Sq(7) = 0.796879,	Sq(8) = 0.424181,	Sq(9) = 1.01197,	
	Sq(10) = 0.786456,	Sq(11) = 1.01197,	Sq(12) = 0.553493,	Sq(13) = 0.796879,	Sq(14) = 1.01197,	
	Sq(15) = 0.796879;	N(0) = 1.76825,	N(1) = 1.6295,	N(2) = 0.742017,	N(3) = 1.6295,	
	N(4) = 1.6295,	N(5) = 0.390565,	N(6) = 0.143603,	N(7) = 0.390565,	N(8) = 0.742017,	
	N(9) = 0.143603,	N(10) = 0.0930391,	N(11) = 0.143603,	N(12) = 1.6295,	N(13) = 0.390565,	
	N(14) = 0.143603,	N(15) = 0.390565;	Delta[s](0) = 0.065876,	Delta[s](1) = 0.0456033,	Delta[s](2) = 0.0306942,	
	Delta[s](3) = 0.0456033,	Delta[s](4) = 0.0456033,	Delta[s](5) = 0.0274007,	Delta[s](6) = 0.00956227,	Delta[s](7) = 0.0274007,	
	Delta[s](8) = 0.0306942,	Delta[s](9) = 0.00956227,	Delta[s](10) = 0.000374916,	Delta[s](11) = 0.00956227,	Delta[s](12) = 0.0456033,	
	Delta[s](13) = 0.0274007,	Delta[s](14) = 0.00956227,	Delta[s](15) = 0.0274007;	Delta[d](0) = 0.229165,	Delta[d](1) = 0.179986,	
	Delta[d](2) = 0.222201,	Delta[d](3) = 0.179986,	Delta[d](4) = 0.179986,	Delta[d](5) = 0.123007,	Delta[d](6) = 0.150321,	
	Delta[d](7) = 0.123007,	Delta[d](8) = 0.222201,	Delta[d](9) = 0.150321,	Delta[d](10) = 0.0764936,	Delta[d](11) = 0.150321,	
	Delta[d](12) = 0.179986,	Delta[d](13) = 0.123007,	Delta[d](14) = 0.150321,	Delta[d](15) = 0.123007;	Delta[s+](0) = 0.529621,	
	Delta[s+](1) = 0.361187,	Delta[s+](2) = 0.222201,	Delta[s+](3) = 0.361187,	Delta[s+](4) = 0.361187,	Delta[s+](5) = 0.177209,	
	Delta[s+](6) = 0.062745,	Delta[s+](7) = 0.177209,	Delta[s+](8) = 0.222201,	Delta[s+](9) = 0.062745,	Delta[s+](10) = 0.0158467,	
	Delta[s+](11) = 0.062745,	Delta[s+](12) = 0.361187,	Delta[s+](13) = 0.177209,	Delta[s+](14) = 0.062745,	Delta[s+](15) = 0.177209
	
The 5-th iteration is completed.	|| time cost : 0h 1m 19.045s
********************************************************************************************************************
********************************************************************************************************************
Ground state is obtained after 6 iterations. The current ground-state energy is -32.8501, in which electron energy is -32.8539 and phonon energy is 0.00374854
Final variational state is: 
	Gamma_x = [      1,1.06742, 1.0005,1.06742,1.06742,1.00043,1.04094,1.00043, 1.0005,1.04094,1.25413,1.04094,1.06742,1.00043,1.04094,1.00043]
	lambda_q = [      3.15,  0.109726,0.00657732,  0.109726,  0.109726,0.00609232,-0.0490497,0.00609232,0.00657732,-0.0490497, -0.111224,-0.0490497,  0.109726,0.00609232,-0.0490497,0.00609232]
Effective e-e interactions mediated by phonons are:
	momentum-space Vq = [     -1.9845,   -0.070011,-0.000385987,   -0.070011,   -0.070011,-0.000358116,  -0.0260056,-0.000358116,-0.000385987,  -0.0260056,   -0.124321,  -0.0260056,   -0.070011,-0.000358116,  -0.0260056,-0.000358116]
	real-space Vr = [-0.155943,-0.121762, -0.13176,-0.121762,-0.121762,-0.131753, -0.11076,-0.131753, -0.13176, -0.11076,-0.107935, -0.11076,-0.121762,-0.131753, -0.11076,-0.131753]
********************************************************************************************************************
o___o  ----------------------------------------
| L |	Time since last clock: 0h 0m 0.007s
A===A	Time since the beginning: 0h 5m 8.21s
***********************************************


Non-Gaussina ED ground state calculation is completed. The final ground-state energy is -32.8501
********************************************************************************************************************
o___o  ----------------------------------------
| L |	Time since last clock: 0h 0m 0.004s
A===A	Time since the beginning: 0h 5m 8.214s
***********************************************



********************************************************************************************************************
All non-Gaussian ED ground state calculations have been completed. Exit now.
