SNEDics v3.22.2 Non-Gaussian ED ground state program		Start at Sat May 14 08:33:17 2022

Parallelization: 32 MPI threads  * 8 OpenMP threads = 256 total threads.
********************************************************************************************************************
********************************************************************************************************************

********************************************************************************************************************
System parameters and configurations
	special program options are enabled: splitted diagonal Hamiltonian | splitted Hamiltonian terms
********************************************************************************************************************
Read input file "model_params.in"
	Hubbard-Holstein model parameters : 	t = 1    t' = -0.3    U = 8    g = 0.3    W = 0.2    g' = 0.5    
********************************************************************************************************************
Read input file "hilbertspace_params.in"
	Requested 16-site 2D lattice, with 8 electrons (4, 4)
	Boundary : Periodic		Hilbert space representation : momentum-space (restricted to kIdx = 0)
	Conservation: particle number[U(1)]      spin[U(1)]     momentum
********************************************************************************************************************

Cluster Positions:				Cluster symmetry group : D4
 x ... x ... x ... x .....                       x ... x ... x ... x .....
 |           |           :                       |           |           :
 |           |           :                       |           |           :
12    13    14    15     x                       1     5     6     5     x
 |           |           :                       |           |           :
 |           |           :                       |           |           :
 8 --- 9 ---10 ---11 --- x                       2 --- 6 ---10 --- 6 --- x
 |           |           :                       |           |           :
 |           |           :                       |           |           :
 4     5     6     7     x                       1     5     6     5     x
 |           |           :                       |           |           :
 |           |           :                       |           |           :
 0 --- 1 --- 2 --- 3 --- x                       0 --- 1 --- 2 --- 1 --- x
orbital number : 1
********************************************************************************************************************
Read input file "obs_params.in"
	Observable Type : Nq(All),   Sq(All),   N(All-Orbital),   Delta[s](All),   Delta[d](All),   Delta[s+](All)
** WARNING ** the input observables have non-local factors which have been reinterpreted. The total observable number is 96
********************************************************************************************************************


********************************************************************************************************************
Start calculating the non-Gaussian ED ground state
Maximal iteration number is 1000; energy resolution is 1e-06. Phonon state relaxation time is 2000
W = 0.2 is relatively large. The non-Gaussian ED calculation starts directly.
open output files: NGSED_iteration_observables.txt
********************************************************************************************************************
Start the 0 rounds of NGS-ED iteration
	effective electronic model is modified as: kinetic energy t = 1, t' = -0.3
	                                           effective interaction Vq = [0,0,0,0,0,0,0,0,0,0,0,0,0,0,0,0]
	first Hamiltonian is constructed, size = 207184 and non-zero numbers = 32252562
	PARPACK diagonalization completed after 120 matrix-vector product operations.
	iteration results: : total energy is -14.600323 | electron energy -14.600323 + phonon energy 0.000000 | electron momentum kIdx = 0
	Nq(0) = 4,	Nq(1) = 0.197198,	Nq(2) = 0.25408,	Nq(3) = 0.197198,	Nq(4) = 0.197198,	Nq(5) = 0.267076,	
	Nq(6) = 0.353825,	Nq(7) = 0.267076,	Nq(8) = 0.25408,	Nq(9) = 0.353825,	Nq(10) = 0.466428,	
	Nq(11) = 0.353825,	Nq(12) = 0.197198,	Nq(13) = 0.267076,	Nq(14) = 0.353825,	Nq(15) = 0.267076;	
	Sq(0) = 8.19558e-19,	Sq(1) = 0.482052,	Sq(2) = 0.340779,	Sq(3) = 0.482052,	Sq(4) = 0.482052,	
	Sq(5) = 0.566062,	Sq(6) = 0.591821,	Sq(7) = 0.566062,	Sq(8) = 0.340779,	Sq(9) = 0.591821,	
	Sq(10) = 0.511715,	Sq(11) = 0.591821,	Sq(12) = 0.482052,	Sq(13) = 0.566062,	Sq(14) = 0.591821,	
	Sq(15) = 0.566062;	N(0) = 1.72489,	N(1) = 1.32099,	N(2) = 0.213478,	N(3) = 1.32099,	
	N(4) = 1.32099,	N(5) = 0.105651,	N(6) = 0.0323985,	N(7) = 0.105651,	N(8) = 0.213478,	
	N(9) = 0.0323985,	N(10) = 0.0120143,	N(11) = 0.0323985,	N(12) = 1.32099,	N(13) = 0.105651,	
	N(14) = 0.0323985,	N(15) = 0.105651;	Delta[s](0) = 0.0119682,	Delta[s](1) = 0.00936504,	Delta[s](2) = 0.00801458,	
	Delta[s](3) = 0.00936504,	Delta[s](4) = 0.00936504,	Delta[s](5) = 0.0072359,	Delta[s](6) = 0.00595476,	Delta[s](7) = 0.0072359,	
	Delta[s](8) = 0.00801458,	Delta[s](9) = 0.00595476,	Delta[s](10) = 0.00527267,	Delta[s](11) = 0.00595476,	Delta[s](12) = 0.00936504,	
	Delta[s](13) = 0.0072359,	Delta[s](14) = 0.00595476,	Delta[s](15) = 0.0072359;	Delta[d](0) = 0.119515,	Delta[d](1) = 0.0716475,	
	Delta[d](2) = 0.0796568,	Delta[d](3) = 0.0716475,	Delta[d](4) = 0.0716475,	Delta[d](5) = 0.0479029,	Delta[d](6) = 0.042621,	
	Delta[d](7) = 0.0479029,	Delta[d](8) = 0.0796568,	Delta[d](9) = 0.042621,	Delta[d](10) = 0.0281142,	Delta[d](11) = 0.042621,	
	Delta[d](12) = 0.0716475,	Delta[d](13) = 0.0479029,	Delta[d](14) = 0.042621,	Delta[d](15) = 0.0479029;	Delta[s+](0) = 0.259274,	
	Delta[s+](1) = 0.156104,	Delta[s+](2) = 0.0796568,	Delta[s+](3) = 0.156104,	Delta[s+](4) = 0.156104,	Delta[s+](5) = 0.0669721,	
	Delta[s+](6) = 0.0202063,	Delta[s+](7) = 0.0669721,	Delta[s+](8) = 0.0796568,	Delta[s+](9) = 0.0202063,	Delta[s+](10) = 0.00559735,	
	Delta[s+](11) = 0.0202063,	Delta[s+](12) = 0.156104,	Delta[s+](13) = 0.0669721,	Delta[s+](14) = 0.0202063,	Delta[s+](15) = 0.0669721
	
The 0-th iteration is completed.	|| time cost : 0h 0m 5.958s
********************************************************************************************************************
Start the 1 rounds of NGS-ED iteration
	effective electronic model is modified as: kinetic energy t = 0.720218, t' = -0.209763
	                                           effective interaction Vq = [    -26.45,  -6.43728,-0.0691792,  -6.43728,  -6.43728,-0.0660498, -0.630298,-0.0660498,-0.0691792, -0.630298,  -12.6766, -0.630298,  -6.43728,-0.0660498, -0.630298,-0.0660498]
	PARPACK diagonalization completed after 60 matrix-vector product operations.
	iteration results: : total energy is -154.499522 | electron energy -157.426529 + phonon energy 2.927008 | electron momentum kIdx = 0
The 1-th iteration is completed.	|| time cost : 0h 0m 4.159s
********************************************************************************************************************
Start the 2 rounds of NGS-ED iteration
	effective electronic model is modified as: kinetic energy t = 0.53987, t' = -0.298577
	                                           effective interaction Vq = [    -26.45, -0.314901,-0.0153948, -0.314901, -0.314901,-0.0149265,-0.0749947,-0.0149265,-0.0153948,-0.0749947,  -14.4477,-0.0749947, -0.314901,-0.0149265,-0.0749947,-0.0149265]
	PARPACK diagonalization completed after 30 matrix-vector product operations.
	iteration results: : total energy is -163.493195 | electron energy -164.114418 + phonon energy 0.621222 | electron momentum kIdx = 0
The 2-th iteration is completed.	|| time cost : 0h 0m 1.419s
********************************************************************************************************************
Start the 3 rounds of NGS-ED iteration
	effective electronic model is modified as: kinetic energy t = 0.387686, t' = -0.298645
	                                           effective interaction Vq = [    -26.45, -0.306707,-0.0161901, -0.306707, -0.306707,-0.0143476,-0.0720959,-0.0143476,-0.0161901,-0.0720959,   -14.449,-0.0720959, -0.306707,-0.0143476,-0.0720959,-0.0143476]
	PARPACK diagonalization completed after 30 matrix-vector product operations.
	iteration results: : total energy is -163.578643 | electron energy -163.954266 + phonon energy 0.375623 | electron momentum kIdx = 0
The 3-th iteration is completed.	|| time cost : 0h 0m 1.229s
********************************************************************************************************************
Start the 4 rounds of NGS-ED iteration
	effective electronic model is modified as: kinetic energy t = 0.246528, t' = -0.298103
	                                           effective interaction Vq = [    -26.45, -0.358868,-0.0190394, -0.358868, -0.358868,-0.0174511,-0.0892052,-0.0174511,-0.0190394,-0.0892052,  -14.4496,-0.0892052, -0.358868,-0.0174511,-0.0892052,-0.0174511]
	PARPACK diagonalization completed after 30 matrix-vector product operations.
	iteration results: : total energy is -163.624337 | electron energy -163.852120 + phonon energy 0.227783 | electron momentum kIdx = 0
The 4-th iteration is completed.	|| time cost : 0h 0m 0.961s
********************************************************************************************************************
Start the 5 rounds of NGS-ED iteration
	effective electronic model is modified as: kinetic energy t = 0.000125797, t' = -0.296769
	                                           effective interaction Vq = [    -26.45, -0.442027,-0.0234907, -0.442027, -0.442027,-0.0246822, -0.141577,-0.0246822,-0.0234907, -0.141577,    -14.45, -0.141577, -0.442027,-0.0246822, -0.141577,-0.0246822]
	PARPACK diagonalization completed after 30 matrix-vector product operations.
	iteration results: : total energy is -163.783072 | electron energy -163.783084 + phonon energy 0.000012 | electron momentum kIdx = 0
The 5-th iteration is completed.	|| time cost : 0h 0m 0.992s
********************************************************************************************************************
Start the 6 rounds of NGS-ED iteration
	effective electronic model is modified as: kinetic energy t = 0.000118798, t' = -0.297176
	                                           effective interaction Vq = [    -26.45, -0.424033, -0.022569, -0.424033, -0.424033,-0.0224488, -0.122424,-0.0224488, -0.022569, -0.122424,    -14.45, -0.122424, -0.424033,-0.0224488, -0.122424,-0.0224488]
	PARPACK diagonalization completed after 105 matrix-vector product operations.
	iteration results: : total energy is -164.041002 | electron energy -164.041010 + phonon energy 0.000008 | electron momentum kIdx = 0
The 6-th iteration is completed.	|| time cost : 0h 0m 1.33s
********************************************************************************************************************
Start the 7 rounds of NGS-ED iteration
	effective electronic model is modified as: kinetic energy t = 0.000118844, t' = -0.297335
	                                           effective interaction Vq = [    -26.45, -0.414275,-0.0213279, -0.414275, -0.414275,-0.0217814, -0.118995,-0.0217814,-0.0213279, -0.118995,    -14.45, -0.118995, -0.414275,-0.0217814, -0.118995,-0.0217814]
	PARPACK diagonalization completed after 30 matrix-vector product operations.
	iteration results: : total energy is -164.041022 | electron energy -164.041063 + phonon energy 0.000041 | electron momentum kIdx = 0
The 7-th iteration is completed.	|| time cost : 0h 0m 1.031s
********************************************************************************************************************
Start the 8 rounds of NGS-ED iteration
	effective electronic model is modified as: kinetic energy t = 0.000118844, t' = -0.297337
	                                           effective interaction Vq = [    -26.45, -0.414093,-0.0213195, -0.414093, -0.414093,-0.0217724, -0.118945,-0.0217724,-0.0213195, -0.118945,    -14.45, -0.118945, -0.414093,-0.0217724, -0.118945,-0.0217724]
	PARPACK diagonalization completed after 30 matrix-vector product operations.
	iteration results: : total energy is -164.041022 | electron energy -164.041062 + phonon energy 0.000040 | electron momentum kIdx = 0
The 8-th iteration is completed.	|| time cost : 0h 0m 1.029s
********************************************************************************************************************
Start the 9 rounds of NGS-ED iteration
	effective electronic model is modified as: kinetic energy t = 0.000118844, t' = -0.297337
	                                           effective interaction Vq = [    -26.45,  -0.41409,-0.0213194,  -0.41409,  -0.41409,-0.0217722, -0.118944,-0.0217722,-0.0213194, -0.118944,    -14.45, -0.118944,  -0.41409,-0.0217722, -0.118944,-0.0217722]
	PARPACK diagonalization completed after 30 matrix-vector product operations.
	iteration results: : total energy is -164.041022 | electron energy -164.041062 + phonon energy 0.000040 | electron momentum kIdx = 0
The 9-th iteration is completed.	|| time cost : 0h 0m 1.023s
********************************************************************************************************************
Start the 10 rounds of NGS-ED iteration
	effective electronic model is modified as: kinetic energy t = 0.000118844, t' = -0.297337
	                                           effective interaction Vq = [    -26.45, -0.414089,-0.0213193, -0.414089, -0.414089,-0.0217722, -0.118944,-0.0217722,-0.0213193, -0.118944,    -14.45, -0.118944, -0.414089,-0.0217722, -0.118944,-0.0217722]
	PARPACK diagonalization completed after 30 matrix-vector product operations.
	iteration results: : total energy is -164.041022 | electron energy -164.041062 + phonon energy 0.000040 | electron momentum kIdx = 0
	Nq(0) = 4,	Nq(1) = 0.00666515,	Nq(2) = 0.0130296,	Nq(3) = 0.00666515,	Nq(4) = 0.00666515,	Nq(5) = 0.0066628,	
	Nq(6) = 0.00666515,	Nq(7) = 0.0066628,	Nq(8) = 0.0130296,	Nq(9) = 0.00666515,	Nq(10) = 4,	
	Nq(11) = 0.00666515,	Nq(12) = 0.00666515,	Nq(13) = 0.0066628,	Nq(14) = 0.00666515,	Nq(15) = 0.0066628;	
	Sq(0) = -1.74584e-19,	Sq(1) = 0.331112,	Sq(2) = 1.96031,	Sq(3) = 0.331112,	Sq(4) = 0.331112,	
	Sq(5) = 0.331112,	Sq(6) = 0.331112,	Sq(7) = 0.331112,	Sq(8) = 1.96031,	Sq(9) = 0.331112,	
	Sq(10) = 1.40872e-10,	Sq(11) = 0.331112,	Sq(12) = 0.331112,	Sq(13) = 0.331112,	Sq(14) = 0.331112,	
	Sq(15) = 0.331112;	N(0) = 0.321375,	N(1) = 0.50001,	N(2) = 0.678636,	N(3) = 0.50001,	
	N(4) = 0.50001,	N(5) = 0.5,	N(6) = 0.49999,	N(7) = 0.5,	N(8) = 0.678636,	
	N(9) = 0.49999,	N(10) = 0.321353,	N(11) = 0.49999,	N(12) = 0.50001,	N(13) = 0.5,	
	N(14) = 0.49999,	N(15) = 0.5;	Delta[s](0) = 0.00640319,	Delta[s](1) = 0.00333135,	Delta[s](2) = 0.000116646,	
	Delta[s](3) = 0.00333135,	Delta[s](4) = 0.00333135,	Delta[s](5) = 0.00333132,	Delta[s](6) = 0.00333135,	Delta[s](7) = 0.00333132,	
	Delta[s](8) = 0.000116646,	Delta[s](9) = 0.00333135,	Delta[s](10) = 0.00640319,	Delta[s](11) = 0.00333135,	Delta[s](12) = 0.00333135,	
	Delta[s](13) = 0.00333132,	Delta[s](14) = 0.00333135,	Delta[s](15) = 0.00333132;	Delta[d](0) = 2.52658e-14,	Delta[d](1) = 5.48145e-12,	
	Delta[d](2) = 4.72282e-12,	Delta[d](3) = 5.48145e-12,	Delta[d](4) = 5.48145e-12,	Delta[d](5) = 1.03796e-11,	Delta[d](6) = 9.21312e-12,	
	Delta[d](7) = 1.03796e-11,	Delta[d](8) = 4.72282e-12,	Delta[d](9) = 9.21312e-12,	Delta[d](10) = 2.86172e-13,	Delta[d](11) = 9.21312e-12,	
	Delta[d](12) = 5.48145e-12,	Delta[d](13) = 1.03796e-11,	Delta[d](14) = 9.21312e-12,	Delta[d](15) = 1.03796e-11;	Delta[s+](0) = 4.61641e-11,	
	Delta[s+](1) = 3.56501e-11,	Delta[s+](2) = 4.72282e-12,	Delta[s+](3) = 3.56501e-11,	Delta[s+](4) = 3.56501e-11,	Delta[s+](5) = 2.79956e-11,	
	Delta[s+](6) = 4.46582e-12,	Delta[s+](7) = 2.79956e-11,	Delta[s+](8) = 4.72282e-12,	Delta[s+](9) = 4.46582e-12,	Delta[s+](10) = 1.5294e-13,	
	Delta[s+](11) = 4.46582e-12,	Delta[s+](12) = 3.56501e-11,	Delta[s+](13) = 2.79956e-11,	Delta[s+](14) = 4.46582e-12,	Delta[s+](15) = 2.79956e-11
	
The 10-th iteration is completed.	|| time cost : 0h 0m 3.208s
********************************************************************************************************************
********************************************************************************************************************
Ground state is obtained after 11 iterations. The current ground-state energy is -164.041, in which electron energy is -164.041 and phonon energy is 4.04902e-05
Final variational state is: 
	Gamma_x = [      1,1.01372,1.00137,1.01372,1.01372,1.00072,1.00392,1.00072,1.00137,1.00392,      1,1.00392,1.01372,1.00072,1.00392,1.00072]
	lambda_q = [      11.5,  0.161266, 0.0359634,  0.161266,  0.161266, 0.0367369,-0.0860168, 0.0367369, 0.0359634,-0.0860168,      -8.5,-0.0860168,  0.161266, 0.0367369,-0.0860168, 0.0367369]
Effective e-e interactions mediated by phonons are:
	momentum-space Vq = [    -26.45, -0.414089,-0.0213193, -0.414089, -0.414089,-0.0217722, -0.118944,-0.0217722,-0.0213193, -0.118944,    -14.45, -0.118944, -0.414089,-0.0217722, -0.118944,-0.0217722]
	real-space Vr = [ -2.69762,-0.786893, -2.55347,-0.786893,-0.786893, -2.55359,-0.713107, -2.55359, -2.55347,-0.713107,  -2.4311,-0.713107,-0.786893, -2.55359,-0.713107, -2.55359]
********************************************************************************************************************
o___o  ----------------------------------------
| L |	Time since last clock: 0h 0m 0.007s
A===A	Time since the beginning: 0h 0m 22.352s
***********************************************


Non-Gaussina ED ground state calculation is completed. The final ground-state energy is -164.041
********************************************************************************************************************
o___o  ----------------------------------------
| L |	Time since last clock: 0h 0m 0.002s
A===A	Time since the beginning: 0h 0m 22.355s
***********************************************



********************************************************************************************************************
All non-Gaussian ED ground state calculations have been completed. Exit now.
