TACC:  Starting up job 4197044 
TACC:  Starting parallel tasks... 
SNEDics v3.4 Non-Gaussian ED ground state program		Start at Mon Aug 19 22:17:27 2019

parallized on 32 MPI threads  * 6 OpenMP threads = 192 total threads.
********************************************************************************************************************
********************************************************************************************************************

********************************************************************************************************************
System parameters and configurations
********************************************************************************************************************
Special program options are enabled: splitted diagonal Hamiltonian
********************************************************************************************************************
Read input file "model_params.in"
	Hubbard-Holstein model parameters : 	t = 1    U = 3.7    g = 3.1623    W = 5    
********************************************************************************************************************
Read input file "hilbertspace_params.in"
	Requested 16-site 2D lattice, with 15 electrons (8, 7)
	Boundary : Periodic		Hilbert space representation : momentum-space (restricted to kIdx = 10)
	Conservation: particle number[U(1)]      spin[U(1)]     momentum
********************************************************************************************************************

Cluster Positions:				Cluster symmetry group : D4
 x ... x ... x ... x .....                       x ... x ... x ... x .....
 |           |           :                       |           |           :
 |           |           :                       |           |           :
12    13    14    15     x                       1     5     6     5     x
 |           |           :                       |           |           :
 |           |           :                       |           |           :
 8 --- 9 ---10 ---11 --- x                       2 --- 6 ---10 --- 6 --- x
 |           |           :                       |           |           :
 |           |           :                       |           |           :
 4     5     6     7     x                       1     5     6     5     x
 |           |           :                       |           |           :
 |           |           :                       |           |           :
 0 --- 1 --- 2 --- 3 --- x                       0 --- 1 --- 2 --- 1 --- x
orbital number : 1
********************************************************************************************************************
Read input file "obs_params.in"
	Observable Type : Nq[All],   Sq[All],   N[All]
********************************************************************************************************************
** WARNING ** the input observables have non-local factors which have been reinterpreted. The total observable number is 48
********************************************************************************************************************


********************************************************************************************************************
Start calculating the non-Gaussian ED ground state
Input file varState.txt exists. Start iterations from it.
open output files: NGSEDIterationObs.txt
Start the 0 rounds of NGS-ED iteration
	effective electronic model is modified as: kinetic energy t = 0.85864
	                                           effective interaction Vq = [-2.00003,-1.88459,-1.68993,-1.88459,-1.88459,-1.79995,-1.73399, -1.6889,-1.68993,-1.73399,-1.66359,-1.73399,-1.88459, -1.6889,-1.73399,-1.79995]
	first Hamiltonian is constructed, non-zero numbers = 10764156396
	PARPACK diagonalization completed after 210 matrix-vector product operations.
	iteration results: : total energy is -49.677470 | electron energy -49.819310 + phonon energy 0.141840 | electron momentum kIdx = 10
	Nq(0) = 14.0625,	Nq(1) = 0.38481,	Nq(2) = 0.369246,	Nq(3) = 0.38481,	Nq(4) = 0.38481,	Nq(5) = 0.510917,	Nq(6) = 0.601744,	Nq(7) = 0.368241,	Nq(8) = 0.369246,	Nq(9) = 0.601744,	Nq(10) = 0.652824,	Nq(11) = 0.601744,	Nq(12) = 0.38481,	Nq(13) = 0.368241,	Nq(14) = 0.601744,	Nq(15) = 0.510917,	Sq(0) = 0.0625,	Sq(1) = 0.378941,	Sq(2) = 0.73091,	Sq(3) = 0.378941,	Sq(4) = 0.378941,	Sq(5) = 0.54903,	Sq(6) = 0.635126,	Sq(7) = 0.730137,	Sq(8) = 0.730909,	Sq(9) = 0.635126,	Sq(10) = 0.702732,	Sq(11) = 0.635126,	Sq(12) = 0.378941,	Sq(13) = 0.730137,	Sq(14) = 0.635126,	Sq(15) = 0.54903,	N(0) = 1.99958,	N(1) = 1.99924,	N(2) = 0.780696,	N(3) = 1.99924,	N(4) = 1.99924,	N(5) = 0.939966,	N(6) = 0.000638618,	N(7) = 0.779636,	N(8) = 0.780698,	N(9) = 0.000638617,	N(10) = 0.000311678,	N(11) = 0.000638617,	N(12) = 1.99924,	N(13) = 0.779635,	N(14) = 0.000638618,	N(15) = 0.939966
The 0-th iteration is completed.	|| time cost : 0h 5m 23.094s
********************************************************************************************************************
Start the 1 rounds of NGS-ED iteration
	effective electronic model is modified as: kinetic energy t = 0.858632
	                                           effective interaction Vq = [-2.00003,-1.88458,-1.68985,-1.88458,-1.88458,-1.80033,-1.73398,-1.68879,-1.68985,-1.73398, -1.6636,-1.73398,-1.88458,-1.68879,-1.73398,-1.80033]
	PARPACK diagonalization completed after 30 matrix-vector product operations.
	iteration results: : total energy is -49.677471 | electron energy -49.819337 + phonon energy 0.141865 | electron momentum kIdx = 10
The 1-th iteration is completed.	|| time cost : 0h 0m 22.747s
********************************************************************************************************************
Start the 2 rounds of NGS-ED iteration
	effective electronic model is modified as: kinetic energy t = 0.858625
	                                           effective interaction Vq = [-2.00003,-1.88458,-1.68979,-1.88458,-1.88458,-1.80061,-1.73397,-1.68872,-1.68979,-1.73397, -1.6636,-1.73397,-1.88458,-1.68872,-1.73397,-1.80061]
	PARPACK diagonalization completed after 45 matrix-vector product operations.
	iteration results: : total energy is -49.677472 | electron energy -49.819356 + phonon energy 0.141884 | electron momentum kIdx = 10
The 2-th iteration is completed.	|| time cost : 0h 0m 26.011s
********************************************************************************************************************
Start the 3 rounds of NGS-ED iteration
	effective electronic model is modified as: kinetic energy t = 0.858621
	                                           effective interaction Vq = [-2.00003,-1.88458,-1.68975,-1.88458,-1.88458, -1.8008,-1.73397,-1.68867,-1.68975,-1.73397, -1.6636,-1.73397,-1.88458,-1.68867,-1.73397, -1.8008]
	PARPACK diagonalization completed after 30 matrix-vector product operations.
	iteration results: : total energy is -49.677472 | electron energy -49.819369 + phonon energy 0.141897 | electron momentum kIdx = 10
The 3-th iteration is completed.	|| time cost : 0h 0m 22.708s
********************************************************************************************************************
Start the 4 rounds of NGS-ED iteration
	effective electronic model is modified as: kinetic energy t = 0.858617
	                                           effective interaction Vq = [-2.00003,-1.88458,-1.68972,-1.88458,-1.88458,-1.80094,-1.73397,-1.68863,-1.68972,-1.73397, -1.6636,-1.73397,-1.88458,-1.68863,-1.73397,-1.80094]
	PARPACK diagonalization completed after 30 matrix-vector product operations.
	iteration results: : total energy is -49.677472 | electron energy -49.819379 + phonon energy 0.141907 | electron momentum kIdx = 10
The 4-th iteration is completed.	|| time cost : 0h 0m 17.711s
********************************************************************************************************************
Start the 5 rounds of NGS-ED iteration
	effective electronic model is modified as: kinetic energy t = 0.858615
	                                           effective interaction Vq = [-2.00003,-1.88458, -1.6897,-1.88458,-1.88458,-1.80105,-1.73397,-1.68861, -1.6897,-1.73397, -1.6636,-1.73397,-1.88458,-1.68861,-1.73397,-1.80105]
	PARPACK diagonalization completed after 30 matrix-vector product operations.
	iteration results: : total energy is -49.677472 | electron energy -49.819387 + phonon energy 0.141915 | electron momentum kIdx = 10
The 5-th iteration is completed.	|| time cost : 0h 0m 17.725s
********************************************************************************************************************
Start the 6 rounds of NGS-ED iteration
	effective electronic model is modified as: kinetic energy t = 0.858613
	                                           effective interaction Vq = [-2.00003,-1.88458,-1.68969,-1.88458,-1.88458,-1.80112,-1.73397,-1.68859,-1.68969,-1.73397, -1.6636,-1.73397,-1.88458,-1.68859,-1.73397,-1.80112]
	PARPACK diagonalization completed after 30 matrix-vector product operations.
	iteration results: : total energy is -49.677472 | electron energy -49.819392 + phonon energy 0.141920 | electron momentum kIdx = 10
The 6-th iteration is completed.	|| time cost : 0h 0m 17.724s
********************************************************************************************************************
Start the 7 rounds of NGS-ED iteration
	effective electronic model is modified as: kinetic energy t = 0.858611
	                                           effective interaction Vq = [-2.00003,-1.88458,-1.68968,-1.88458,-1.88458,-1.80117,-1.73397,-1.68858,-1.68968,-1.73397, -1.6636,-1.73397,-1.88458,-1.68858,-1.73397,-1.80117]
	PARPACK diagonalization completed after 30 matrix-vector product operations.
	iteration results: : total energy is -49.677472 | electron energy -49.819396 + phonon energy 0.141924 | electron momentum kIdx = 10
The 7-th iteration is completed.	|| time cost : 0h 0m 17.936s
********************************************************************************************************************
Start the 8 rounds of NGS-ED iteration
	effective electronic model is modified as: kinetic energy t = 0.85861
	                                           effective interaction Vq = [-2.00003,-1.88458,-1.68967,-1.88458,-1.88458,-1.80121,-1.73397,-1.68857,-1.68967,-1.73397, -1.6636,-1.73397,-1.88458,-1.68857,-1.73397,-1.80121]
	PARPACK diagonalization completed after 30 matrix-vector product operations.
	iteration results: : total energy is -49.677472 | electron energy -49.819399 + phonon energy 0.141927 | electron momentum kIdx = 10
The 8-th iteration is completed.	|| time cost : 0h 0m 17.719s
********************************************************************************************************************
Start the 9 rounds of NGS-ED iteration
	effective electronic model is modified as: kinetic energy t = 0.85861
	                                           effective interaction Vq = [-2.00003,-1.88458,-1.68967,-1.88458,-1.88458,-1.80124,-1.73397,-1.68856,-1.68967,-1.73397, -1.6636,-1.73397,-1.88458,-1.68856,-1.73397,-1.80124]
	PARPACK diagonalization completed after 30 matrix-vector product operations.
	iteration results: : total energy is -49.677472 | electron energy -49.819401 + phonon energy 0.141929 | electron momentum kIdx = 10
The 9-th iteration is completed.	|| time cost : 0h 0m 17.702s
********************************************************************************************************************
Start the 10 rounds of NGS-ED iteration
	effective electronic model is modified as: kinetic energy t = 0.858609
	                                           effective interaction Vq = [-2.00003,-1.88458,-1.68966,-1.88458,-1.88458,-1.80126,-1.73397,-1.68856,-1.68966,-1.73397, -1.6636,-1.73397,-1.88458,-1.68856,-1.73397,-1.80126]
	PARPACK diagonalization completed after 30 matrix-vector product operations.
	iteration results: : total energy is -49.677472 | electron energy -49.819402 + phonon energy 0.141930 | electron momentum kIdx = 10
	Nq(0) = 14.0625,	Nq(1) = 0.384796,	Nq(2) = 0.369117,	Nq(3) = 0.384796,	Nq(4) = 0.384796,	Nq(5) = 0.51195,	Nq(6) = 0.601722,	Nq(7) = 0.368093,	Nq(8) = 0.369117,	Nq(9) = 0.601722,	Nq(10) = 0.652812,	Nq(11) = 0.601722,	Nq(12) = 0.384796,	Nq(13) = 0.368093,	Nq(14) = 0.601722,	Nq(15) = 0.51195,	Sq(0) = 0.0625,	Sq(1) = 0.378928,	Sq(2) = 0.730606,	Sq(3) = 0.378928,	Sq(4) = 0.378928,	Sq(5) = 0.549034,	Sq(6) = 0.635107,	Sq(7) = 0.729828,	Sq(8) = 0.730606,	Sq(9) = 0.635107,	Sq(10) = 0.702718,	Sq(11) = 0.635107,	Sq(12) = 0.378928,	Sq(13) = 0.729828,	Sq(14) = 0.635107,	Sq(15) = 0.549034,	N(0) = 1.99958,	N(1) = 1.99924,	N(2) = 0.782265,	N(3) = 1.99924,	N(4) = 1.99924,	N(5) = 0.93687,	N(6) = 0.000638733,	N(7) = 0.781164,	N(8) = 0.782265,	N(9) = 0.000638733,	N(10) = 0.000312395,	N(11) = 0.000638733,	N(12) = 1.99924,	N(13) = 0.781164,	N(14) = 0.000638733,	N(15) = 0.93687
The 10-th iteration is completed.	|| time cost : 0h 0m 46.505s
********************************************************************************************************************
Start the 11 rounds of NGS-ED iteration
	effective electronic model is modified as: kinetic energy t = 0.858609
	                                           effective interaction Vq = [-2.00003,-1.88458,-1.68966,-1.88458,-1.88458,-1.80127,-1.73397,-1.68856,-1.68966,-1.73397, -1.6636,-1.73397,-1.88458,-1.68856,-1.73397,-1.80127]
	PARPACK diagonalization completed after 30 matrix-vector product operations.
	iteration results: : total energy is -49.677472 | electron energy -49.819403 + phonon energy 0.141931 | electron momentum kIdx = 10
The 11-th iteration is completed.	|| time cost : 0h 0m 17.776s
********************************************************************************************************************
Start the 12 rounds of NGS-ED iteration
	effective electronic model is modified as: kinetic energy t = 0.858609
	                                           effective interaction Vq = [-2.00003,-1.88458,-1.68966,-1.88458,-1.88458,-1.80128,-1.73397,-1.68855,-1.68966,-1.73397, -1.6636,-1.73397,-1.88458,-1.68855,-1.73397,-1.80128]
	PARPACK diagonalization completed after 30 matrix-vector product operations.
	iteration results: : total energy is -49.677472 | electron energy -49.819404 + phonon energy 0.141932 | electron momentum kIdx = 10
The 12-th iteration is completed.	|| time cost : 0h 0m 17.713s
********************************************************************************************************************
Start the 13 rounds of NGS-ED iteration
	effective electronic model is modified as: kinetic energy t = 0.858608
	                                           effective interaction Vq = [-2.00003,-1.88458,-1.68966,-1.88458,-1.88458,-1.80129,-1.73397,-1.68855,-1.68966,-1.73397, -1.6636,-1.73397,-1.88458,-1.68855,-1.73397,-1.80129]
	PARPACK diagonalization completed after 30 matrix-vector product operations.
	iteration results: : total energy is -49.677472 | electron energy -49.819405 + phonon energy 0.141932 | electron momentum kIdx = 10
The 13-th iteration is completed.	|| time cost : 0h 0m 17.864s
********************************************************************************************************************
Start the 14 rounds of NGS-ED iteration
	effective electronic model is modified as: kinetic energy t = 0.858608
	                                           effective interaction Vq = [-2.00003,-1.88458,-1.68965,-1.88458,-1.88458,-1.80129,-1.73397,-1.68855,-1.68965,-1.73397, -1.6636,-1.73397,-1.88458,-1.68855,-1.73397,-1.80129]
	PARPACK diagonalization completed after 30 matrix-vector product operations.
	iteration results: : total energy is -49.677472 | electron energy -49.819405 + phonon energy 0.141933 | electron momentum kIdx = 10
The 14-th iteration is completed.	|| time cost : 0h 0m 19.282s
********************************************************************************************************************
Start the 15 rounds of NGS-ED iteration
	effective electronic model is modified as: kinetic energy t = 0.858608
	                                           effective interaction Vq = [-2.00003,-1.88458,-1.68965,-1.88458,-1.88458, -1.8013,-1.73397,-1.68855,-1.68965,-1.73397, -1.6636,-1.73397,-1.88458,-1.68855,-1.73397, -1.8013]
	PARPACK diagonalization completed after 30 matrix-vector product operations.
	iteration results: : total energy is -49.677472 | electron energy -49.819405 + phonon energy 0.141933 | electron momentum kIdx = 10
The 15-th iteration is completed.	|| time cost : 0h 0m 17.711s
********************************************************************************************************************
Start the 16 rounds of NGS-ED iteration
	effective electronic model is modified as: kinetic energy t = 0.858608
	                                           effective interaction Vq = [-2.00003,-1.88458,-1.68965,-1.88458,-1.88458, -1.8013,-1.73397,-1.68855,-1.68965,-1.73397, -1.6636,-1.73397,-1.88458,-1.68855,-1.73397, -1.8013]
	PARPACK diagonalization completed after 30 matrix-vector product operations.
	iteration results: : total energy is -49.677472 | electron energy -49.819405 + phonon energy 0.141933 | electron momentum kIdx = 10
The 16-th iteration is completed.	|| time cost : 0h 0m 17.697s
********************************************************************************************************************
Start the 17 rounds of NGS-ED iteration
	effective electronic model is modified as: kinetic energy t = 0.858608
	                                           effective interaction Vq = [-2.00003,-1.88458,-1.68965,-1.88458,-1.88458, -1.8013,-1.73397,-1.68855,-1.68965,-1.73397, -1.6636,-1.73397,-1.88458,-1.68855,-1.73397, -1.8013]
	PARPACK diagonalization completed after 30 matrix-vector product operations.
	iteration results: : total energy is -49.677472 | electron energy -49.819406 + phonon energy 0.141933 | electron momentum kIdx = 10
The 17-th iteration is completed.	|| time cost : 0h 0m 17.704s
********************************************************************************************************************
Start the 18 rounds of NGS-ED iteration
	effective electronic model is modified as: kinetic energy t = 0.858608
	                                           effective interaction Vq = [-2.00003,-1.88458,-1.68965,-1.88458,-1.88458, -1.8013,-1.73397,-1.68855,-1.68965,-1.73397, -1.6636,-1.73397,-1.88458,-1.68855,-1.73397, -1.8013]
	PARPACK diagonalization completed after 30 matrix-vector product operations.
	iteration results: : total energy is -49.677472 | electron energy -49.819406 + phonon energy 0.141934 | electron momentum kIdx = 10
The 18-th iteration is completed.	|| time cost : 0h 0m 17.713s
********************************************************************************************************************
Start the 19 rounds of NGS-ED iteration
	effective electronic model is modified as: kinetic energy t = 0.858608
	                                           effective interaction Vq = [-2.00003,-1.88458,-1.68965,-1.88458,-1.88458, -1.8013,-1.73397,-1.68855,-1.68965,-1.73397, -1.6636,-1.73397,-1.88458,-1.68855,-1.73397, -1.8013]
	PARPACK diagonalization completed after 30 matrix-vector product operations.
	iteration results: : total energy is -49.677472 | electron energy -49.819406 + phonon energy 0.141934 | electron momentum kIdx = 10
	Nq(0) = 14.0625,	Nq(1) = 0.384796,	Nq(2) = 0.369113,	Nq(3) = 0.384796,	Nq(4) = 0.384796,	Nq(5) = 0.511986,	Nq(6) = 0.601722,	Nq(7) = 0.368088,	Nq(8) = 0.369113,	Nq(9) = 0.601722,	Nq(10) = 0.652812,	Nq(11) = 0.601722,	Nq(12) = 0.384796,	Nq(13) = 0.368088,	Nq(14) = 0.601722,	Nq(15) = 0.511986,	Sq(0) = 0.0625,	Sq(1) = 0.378927,	Sq(2) = 0.730595,	Sq(3) = 0.378927,	Sq(4) = 0.378927,	Sq(5) = 0.549034,	Sq(6) = 0.635106,	Sq(7) = 0.729817,	Sq(8) = 0.730595,	Sq(9) = 0.635106,	Sq(10) = 0.702718,	Sq(11) = 0.635106,	Sq(12) = 0.378927,	Sq(13) = 0.729817,	Sq(14) = 0.635106,	Sq(15) = 0.549034,	N(0) = 1.99958,	N(1) = 1.99924,	N(2) = 0.782319,	N(3) = 1.99924,	N(4) = 1.99924,	N(5) = 0.93676,	N(6) = 0.000638734,	N(7) = 0.781219,	N(8) = 0.782319,	N(9) = 0.000638734,	N(10) = 0.000312418,	N(11) = 0.000638734,	N(12) = 1.99924,	N(13) = 0.781219,	N(14) = 0.000638734,	N(15) = 0.93676
The 19-th iteration is completed.	|| time cost : 0h 0m 46.495s
********************************************************************************************************************
********************************************************************************************************************
Ground state is obtained after 20 iterations. The current ground-state energy is -49.6775, in which electron energy is -49.8194 and phonon energy is 0.141934
final variational state is: 
	Gamma_x = [      1,1.05777,1.07298,1.05777,1.05777,1.09231,1.11774,1.07282,1.07298,1.11774, 1.1343,1.11774,1.05777,1.07282,1.11774,1.09231]
	lambda_q = [ 0.63246,0.480507,0.383311,0.480507,0.480507,0.433098,0.401782,0.382868,0.383311,0.401782,0.373065,0.401782,0.480507,0.382868,0.401782,0.433098]
********************************************************************************************************************
o___o  ----------------------------------------
| L |	Time since last clock: 0h 0m 0s
A===A	Time since the beginning: 0h 12m 17.547s
***********************************************


Non-Gaussina ED ground state calculation is completed. The final ground-state energy is -49.6775
********************************************************************************************************************
o___o  ----------------------------------------
| L |	Time since last clock: 0h 0m 0s
A===A	Time since the beginning: 0h 12m 17.548s
***********************************************



********************************************************************************************************************
All non-Gaussian ED ground state calculations have been completed. Exit now.
TACC:  Shutdown complete. Exiting. 
