SNEDics v3.4 Non-Gaussian ED ground state program		Start at Tue Oct  1 13:51:23 2019

parallized on 16 MPI threads  * 8 OpenMP threads = 128 total threads.
********************************************************************************************************************
********************************************************************************************************************

********************************************************************************************************************
System parameters and configurations
********************************************************************************************************************
Special program options are enabled: splitted diagonal Hamiltonian
********************************************************************************************************************
Read input file "model_params.in"
	Hubbard-Holstein model parameters : 	t = 1    U = 5.5    g = 4.062    W = 5    
********************************************************************************************************************
Read input file "hilbertspace_params.in"
	Requested 16-site 2D lattice, with 16 electrons (8, 8)
	Boundary : Periodic		Hilbert space representation : momentum-space (restricted to kIdx = 0)
	Conservation: particle number[U(1)]      spin[U(1)]     momentum
********************************************************************************************************************

Cluster Positions:				Cluster symmetry group : D4
 x ... x ... x ... x .....                       x ... x ... x ... x .....
 |           |           :                       |           |           :
 |           |           :                       |           |           :
12    13    14    15     x                       1     5     6     5     x
 |           |           :                       |           |           :
 |           |           :                       |           |           :
 8 --- 9 ---10 ---11 --- x                       2 --- 6 ---10 --- 6 --- x
 |           |           :                       |           |           :
 |           |           :                       |           |           :
 4     5     6     7     x                       1     5     6     5     x
 |           |           :                       |           |           :
 |           |           :                       |           |           :
 0 --- 1 --- 2 --- 3 --- x                       0 --- 1 --- 2 --- 1 --- x
orbital number : 1
********************************************************************************************************************
Read input file "obs_params.in"
	Observable Type : Nq(All),   Sq(All),   N(All),   Delta[s](All),   Delta[d](All),   Delta[s+](All)
********************************************************************************************************************
** WARNING ** the input observables have non-local factors which have been reinterpreted. The total observable number is 96
********************************************************************************************************************


********************************************************************************************************************
Start calculating the non-Gaussian ED ground state
** WARNING ** Detected low phonon energy W < 10. The initial state will be prepared through a warm-up process.
********************************************************************************************************************
Start warm-up calculation for scaling factor 2
open output files: NGSEDWarmUpW10Obs.txt
********************************************************************************************************************
Start the 0 rounds of NGS-ED iteration
	effective electronic model is modified as: kinetic energy t = 1
	                                           effective interaction Vq = [-0,-0,-0,-0,-0,-0,-0,-0,-0,-0,-0,-0,-0,-0,-0,-0]
	first Hamiltonian is constructed, non-zero numbers = 2845383612
	PARPACK diagonalization completed after 90 matrix-vector product operations.
	iteration results: : total energy is -11.212575 | electron energy -11.212575 + phonon energy 0.000000 | electron momentum kIdx = 0
	Nq(0) = 16,	Nq(1) = 0.110659,	Nq(2) = 0.177731,	Nq(3) = 0.110659,	Nq(4) = 0.110659,	Nq(5) = 0.177731,	Nq(6) = 0.241264,	Nq(7) = 0.177731,	Nq(8) = 0.177731,	Nq(9) = 0.241264,	Nq(10) = 0.29863,	Nq(11) = 0.241264,	Nq(12) = 0.110659,	Nq(13) = 0.177731,	Nq(14) = 0.241264,	Nq(15) = 0.177731,	Sq(0) = -2.56519e-18,	Sq(1) = 0.425821,	Sq(2) = 0.632508,	Sq(3) = 0.425821,	Sq(4) = 0.425821,	Sq(5) = 0.632508,	Sq(6) = 0.859083,	Sq(7) = 0.632508,	Sq(8) = 0.632508,	Sq(9) = 0.859083,	Sq(10) = 4.29263,	Sq(11) = 0.859083,	Sq(12) = 0.425821,	Sq(13) = 0.632508,	Sq(14) = 0.859083,	Sq(15) = 0.632508,	N(0) = 1.87718,	N(1) = 1.73876,	N(2) = 1,	N(3) = 1.73876,	N(4) = 1.73876,	N(5) = 1,	N(6) = 0.261244,	N(7) = 1,	N(8) = 1,	N(9) = 0.261244,	N(10) = 0.122823,	N(11) = 0.261244,	N(12) = 1.73876,	N(13) = 1,	N(14) = 0.261244,	N(15) = 1,	Delta[s](0) = 0.132411,	Delta[s](1) = 0.111448,	Delta[s](2) = 0.0882541,	Delta[s](3) = 0.111448,	Delta[s](4) = 0.111448,	Delta[s](5) = 0.0882541,	Delta[s](6) = 0.0637665,	Delta[s](7) = 0.0882541,	Delta[s](8) = 0.0882541,	Delta[s](9) = 0.0637665,	Delta[s](10) = 0.0235599,	Delta[s](11) = 0.0637665,	Delta[s](12) = 0.111448,	Delta[s](13) = 0.0882541,	Delta[s](14) = 0.0637665,	Delta[s](15) = 0.0882541,	Delta[d](0) = 0.568311,	Delta[d](1) = 0.413915,	Delta[d](2) = 0.323105,	Delta[d](3) = 0.413915,	Delta[d](4) = 0.413915,	Delta[d](5) = 0.334161,	Delta[d](6) = 0.238454,	Delta[d](7) = 0.334161,	Delta[d](8) = 0.323105,	Delta[d](9) = 0.238454,	Delta[d](10) = 0.114462,	Delta[d](11) = 0.238454,	Delta[d](12) = 0.413915,	Delta[d](13) = 0.334161,	Delta[d](14) = 0.238454,	Delta[d](15) = 0.334161,	Delta[s+](0) = 0.603935,	Delta[s+](1) = 0.477684,	Delta[s+](2) = 0.323105,	Delta[s+](3) = 0.477684,	Delta[s+](4) = 0.477684,	Delta[s+](5) = 0.323105,	Delta[s+](6) = 0.173889,	Delta[s+](7) = 0.323105,	Delta[s+](8) = 0.323105,	Delta[s+](9) = 0.173889,	Delta[s+](10) = 0.0529529,	Delta[s+](11) = 0.173889,	Delta[s+](12) = 0.477684,	Delta[s+](13) = 0.323105,	Delta[s+](14) = 0.173889,	Delta[s+](15) = 0.323105
The 0-th iteration is completed.	|| time cost : 0h 8m 38.548s
********************************************************************************************************************
Start the 1 rounds of NGS-ED iteration
	effective electronic model is modified as: kinetic energy t = 0.924192
	                                           effective interaction Vq = [-2.85337,-2.53343,-2.45959,-2.53343,-2.53343,-2.45959,-2.42204,-2.45959,-2.45959,-2.42204,-2.39234,-2.42204,-2.53343,-2.45959,-2.42204,-2.45959]
	PARPACK diagonalization completed after 60 matrix-vector product operations.
	iteration results: : total energy is -65.893274 | electron energy -65.897947 + phonon energy 0.004673 | electron momentum kIdx = 0
The 1-th iteration is completed.	|| time cost : 0h 7m 47.068s
********************************************************************************************************************
Start the 2 rounds of NGS-ED iteration
	effective electronic model is modified as: kinetic energy t = 0.862221
	                                           effective interaction Vq = [-3.23953,-3.08091,-2.95379,-3.08091,-3.08091,-2.95379, -2.9609,-2.95379,-2.95379, -2.9609, -2.8932, -2.9609,-3.08091,-2.95379, -2.9609,-2.95379]
	PARPACK diagonalization completed after 75 matrix-vector product operations.
	iteration results: : total energy is -74.550023 | electron energy -74.595166 + phonon energy 0.045143 | electron momentum kIdx = 0
The 2-th iteration is completed.	|| time cost : 0h 0m 41.503s
********************************************************************************************************************
Start the 3 rounds of NGS-ED iteration
	effective electronic model is modified as: kinetic energy t = 0.8243
	                                           effective interaction Vq = [-3.29179,-3.20686,-3.17321,-3.20686,-3.20686,-3.17321,-3.10891,-3.17321,-3.17321,-3.10891,-3.10191,-3.10891,-3.20686,-3.17321,-3.10891,-3.17321]
	PARPACK diagonalization completed after 60 matrix-vector product operations.
	iteration results: : total energy is -76.219904 | electron energy -76.308872 + phonon energy 0.088968 | electron momentum kIdx = 0
The 3-th iteration is completed.	|| time cost : 0h 0m 36.759s
********************************************************************************************************************
Start the 4 rounds of NGS-ED iteration
	effective electronic model is modified as: kinetic energy t = 0.810183
	                                           effective interaction Vq = [-3.29886,-3.23772,-3.22583,-3.23772,-3.23772,-3.22583,-3.15075,-3.22583,-3.22583,-3.15075,-3.16552,-3.15075,-3.23772,-3.22583,-3.15075,-3.22583]
	PARPACK diagonalization completed after 45 matrix-vector product operations.
	iteration results: : total energy is -76.444146 | electron energy -76.557966 + phonon energy 0.113820 | electron momentum kIdx = 0
The 4-th iteration is completed.	|| time cost : 0h 0m 32.08s
********************************************************************************************************************
Start the 5 rounds of NGS-ED iteration
	effective electronic model is modified as: kinetic energy t = 0.805065
	                                           effective interaction Vq = [-3.29982,-3.24688,-3.24066,-3.24688,-3.24688,-3.24066,-3.16442,-3.24066,-3.24066,-3.16442,-3.18956,-3.16442,-3.24688,-3.24066,-3.16442,-3.24066]
	PARPACK diagonalization completed after 45 matrix-vector product operations.
	iteration results: : total energy is -76.473906 | electron energy -76.598191 + phonon energy 0.124285 | electron momentum kIdx = 0
The 5-th iteration is completed.	|| time cost : 0h 0m 32.111s
********************************************************************************************************************
Start the 6 rounds of NGS-ED iteration
	effective electronic model is modified as: kinetic energy t = 0.803184
	                                           effective interaction Vq = [-3.29995,-3.24988,-3.24507,-3.24988,-3.24988,-3.24507,-3.16922,-3.24507,-3.24507,-3.16922,-3.20103,-3.16922,-3.24988,-3.24507,-3.16922,-3.24507]
	PARPACK diagonalization completed after 45 matrix-vector product operations.
	iteration results: : total energy is -76.478093 | electron energy -76.606482 + phonon energy 0.128390 | electron momentum kIdx = 0
The 6-th iteration is completed.	|| time cost : 0h 0m 32.134s
********************************************************************************************************************
Start the 7 rounds of NGS-ED iteration
	effective electronic model is modified as: kinetic energy t = 0.80245
	                                           effective interaction Vq = [-3.29997,-3.25092,-3.24617,-3.25092,-3.25092,-3.24617,-3.17097,-3.24617,-3.24617,-3.17097,-3.20827,-3.17097,-3.25092,-3.24617,-3.17097,-3.24617]
	PARPACK diagonalization completed after 45 matrix-vector product operations.
	iteration results: : total energy is -76.478927 | electron energy -76.608992 + phonon energy 0.130065 | electron momentum kIdx = 0
The 7-th iteration is completed.	|| time cost : 0h 0m 32.34s
********************************************************************************************************************
Start the 8 rounds of NGS-ED iteration
	effective electronic model is modified as: kinetic energy t = 0.802115
	                                           effective interaction Vq = [-3.29997,-3.25128,-3.24607,-3.25128,-3.25128,-3.24607,-3.17163,-3.24607,-3.24607,-3.17163,-3.21447,-3.17163,-3.25128,-3.24607,-3.17163,-3.24607]
	PARPACK diagonalization completed after 45 matrix-vector product operations.
	iteration results: : total energy is -76.479420 | electron energy -76.610297 + phonon energy 0.130878 | electron momentum kIdx = 0
The 8-th iteration is completed.	|| time cost : 0h 0m 32.369s
********************************************************************************************************************
Start the 9 rounds of NGS-ED iteration
	effective electronic model is modified as: kinetic energy t = 0.801905
	                                           effective interaction Vq = [-3.29997, -3.2514,-3.24526, -3.2514, -3.2514,-3.24526,-3.17188,-3.24526,-3.24526,-3.17188,-3.22174,-3.17188, -3.2514,-3.24526,-3.17188,-3.24526]
	PARPACK diagonalization completed after 45 matrix-vector product operations.
	iteration results: : total energy is -76.480367 | electron energy -76.611816 + phonon energy 0.131449 | electron momentum kIdx = 0
The 9-th iteration is completed.	|| time cost : 0h 0m 32.086s
********************************************************************************************************************
Start the 10 rounds of NGS-ED iteration
	effective electronic model is modified as: kinetic energy t = 0.801725
	                                           effective interaction Vq = [-3.29997,-3.25133,-3.24314,-3.25133,-3.25133,-3.24314,-3.17185,-3.24314,-3.24314,-3.17185,-3.23361,-3.17185,-3.25133,-3.24314,-3.17185,-3.24314]
	PARPACK diagonalization completed after 45 matrix-vector product operations.
	iteration results: : total energy is -76.485553 | electron energy -76.617681 + phonon energy 0.132128 | electron momentum kIdx = 0
	Nq(0) = 16,	Nq(1) = 0.409217,	Nq(2) = 0.644156,	Nq(3) = 0.409217,	Nq(4) = 0.409217,	Nq(5) = 0.644156,	Nq(6) = 0.669012,	Nq(7) = 0.644156,	Nq(8) = 0.644156,	Nq(9) = 0.669012,	Nq(10) = 2.00204,	Nq(11) = 0.669012,	Nq(12) = 0.409217,	Nq(13) = 0.644156,	Nq(14) = 0.669012,	Nq(15) = 0.644156,	Sq(0) = -2.4555e-18,	Sq(1) = 0.29217,	Sq(2) = 0.340458,	Sq(3) = 0.29217,	Sq(4) = 0.29217,	Sq(5) = 0.340458,	Sq(6) = 0.511254,	Sq(7) = 0.340458,	Sq(8) = 0.340458,	Sq(9) = 0.511254,	Sq(10) = 0.563661,	Sq(11) = 0.511254,	Sq(12) = 0.29217,	Sq(13) = 0.340458,	Sq(14) = 0.511254,	Sq(15) = 0.340458,	N(0) = 1.99379,	N(1) = 1.98385,	N(2) = 1,	N(3) = 1.98385,	N(4) = 1.98385,	N(5) = 1,	N(6) = 0.0161463,	N(7) = 1,	N(8) = 1,	N(9) = 0.0161463,	N(10) = 0.00620633,	N(11) = 0.0161463,	N(12) = 1.98385,	N(13) = 1,	N(14) = 0.0161463,	N(15) = 1,	Delta[s](0) = 0.701129,	Delta[s](1) = 0.329718,	Delta[s](2) = 0.300875,	Delta[s](3) = 0.329718,	Delta[s](4) = 0.329718,	Delta[s](5) = 0.300875,	Delta[s](6) = 0.268194,	Delta[s](7) = 0.300875,	Delta[s](8) = 0.300875,	Delta[s](9) = 0.268194,	Delta[s](10) = 0.191917,	Delta[s](11) = 0.268194,	Delta[s](12) = 0.329718,	Delta[s](13) = 0.300875,	Delta[s](14) = 0.268194,	Delta[s](15) = 0.300875,	Delta[d](0) = 0.299407,	Delta[d](1) = 0.265982,	Delta[d](2) = 0.245951,	Delta[d](3) = 0.265982,	Delta[d](4) = 0.265982,	Delta[d](5) = 0.2175,	Delta[d](6) = 0.224723,	Delta[d](7) = 0.2175,	Delta[d](8) = 0.245951,	Delta[d](9) = 0.224723,	Delta[d](10) = 0.135872,	Delta[d](11) = 0.224723,	Delta[d](12) = 0.265982,	Delta[d](13) = 0.2175,	Delta[d](14) = 0.224723,	Delta[d](15) = 0.2175,	Delta[s+](0) = 0.443456,	Delta[s+](1) = 0.364413,	Delta[s+](2) = 0.245951,	Delta[s+](3) = 0.364413,	Delta[s+](4) = 0.364413,	Delta[s+](5) = 0.245951,	Delta[s+](6) = 0.12355,	Delta[s+](7) = 0.245951,	Delta[s+](8) = 0.245951,	Delta[s+](9) = 0.12355,	Delta[s+](10) = 0.0456072,	Delta[s+](11) = 0.12355,	Delta[s+](12) = 0.364413,	Delta[s+](13) = 0.245951,	Delta[s+](14) = 0.12355,	Delta[s+](15) = 0.245951
The 10-th iteration is completed.	|| time cost : 0h 4m 40.535s
********************************************************************************************************************
Start the 11 rounds of NGS-ED iteration
	effective electronic model is modified as: kinetic energy t = 0.802372
	                                           effective interaction Vq = [-3.29997,-3.25015,-3.23198,-3.25015,-3.25015,-3.23198,-3.17011,-3.23198,-3.23198,-3.17011,-3.26027,-3.17011,-3.25015,-3.23198,-3.17011,-3.23198]
	PARPACK diagonalization completed after 45 matrix-vector product operations.
	iteration results: : total energy is -76.546225 | electron energy -76.679294 + phonon energy 0.133069 | electron momentum kIdx = 0
The 11-th iteration is completed.	|| time cost : 0h 0m 32.375s
********************************************************************************************************************
Start the 12 rounds of NGS-ED iteration
	effective electronic model is modified as: kinetic energy t = 0.810892
	                                           effective interaction Vq = [-3.29997,-3.24186,-3.16817,-3.24186,-3.24186,-3.16817,-3.15762,-3.16817,-3.16817,-3.15762,-3.28362,-3.15762,-3.24186,-3.16817,-3.15762,-3.16817]
	PARPACK diagonalization completed after 45 matrix-vector product operations.
	iteration results: : total energy is -76.655477 | electron energy -76.785234 + phonon energy 0.129757 | electron momentum kIdx = 0
The 12-th iteration is completed.	|| time cost : 0h 0m 32.117s
********************************************************************************************************************
Start the 13 rounds of NGS-ED iteration
	effective electronic model is modified as: kinetic energy t = 0.815281
	                                           effective interaction Vq = [-3.29997,-3.23496,-3.13205,-3.23496,-3.23496,-3.13205,-3.14779,-3.13205,-3.13205,-3.14779,-3.28985,-3.14779,-3.23496,-3.13205,-3.14779,-3.13205]
	PARPACK diagonalization completed after 30 matrix-vector product operations.
	iteration results: : total energy is -76.674872 | electron energy -76.801242 + phonon energy 0.126369 | electron momentum kIdx = 0
The 13-th iteration is completed.	|| time cost : 0h 0m 27.421s
********************************************************************************************************************
Start the 14 rounds of NGS-ED iteration
	effective electronic model is modified as: kinetic energy t = 0.816979
	                                           effective interaction Vq = [-3.29997,-3.23138,-3.11833,-3.23138,-3.23138,-3.11833,-3.14285,-3.11833,-3.11833,-3.14285,-3.29169,-3.14285,-3.23138,-3.11833,-3.14285,-3.11833]
	PARPACK diagonalization completed after 30 matrix-vector product operations.
	iteration results: : total energy is -76.677468 | electron energy -76.802056 + phonon energy 0.124588 | electron momentum kIdx = 0
The 14-th iteration is completed.	|| time cost : 0h 0m 27.371s
********************************************************************************************************************
Start the 15 rounds of NGS-ED iteration
	effective electronic model is modified as: kinetic energy t = 0.817638
	                                           effective interaction Vq = [-3.29997,-3.22972,-3.11338,-3.22972,-3.22972,-3.11338,-3.14058,-3.11338,-3.11338,-3.14058,-3.29229,-3.14058,-3.22972,-3.11338,-3.14058,-3.11338]
	PARPACK diagonalization completed after 30 matrix-vector product operations.
	iteration results: : total energy is -76.677820 | electron energy -76.801622 + phonon energy 0.123802 | electron momentum kIdx = 0
The 15-th iteration is completed.	|| time cost : 0h 0m 27.334s
********************************************************************************************************************
Start the 16 rounds of NGS-ED iteration
	effective electronic model is modified as: kinetic energy t = 0.817896
	                                           effective interaction Vq = [-3.29997,  -3.229, -3.1116,  -3.229,  -3.229, -3.1116,-3.13959, -3.1116, -3.1116,-3.13959, -3.2925,-3.13959,  -3.229, -3.1116,-3.13959, -3.1116]
	PARPACK diagonalization completed after 30 matrix-vector product operations.
	iteration results: : total energy is -76.677869 | electron energy -76.801340 + phonon energy 0.123471 | electron momentum kIdx = 0
The 16-th iteration is completed.	|| time cost : 0h 0m 27.659s
********************************************************************************************************************
Start the 17 rounds of NGS-ED iteration
	effective electronic model is modified as: kinetic energy t = 0.817997
	                                           effective interaction Vq = [-3.29997,-3.22869,-3.11097,-3.22869,-3.22869,-3.11097,-3.13917,-3.11097,-3.11097,-3.13917,-3.29257,-3.13917,-3.22869,-3.11097,-3.13917,-3.11097]
	PARPACK diagonalization completed after 30 matrix-vector product operations.
	iteration results: : total energy is -76.677876 | electron energy -76.801211 + phonon energy 0.123334 | electron momentum kIdx = 0
	Nq(0) = 16,	Nq(1) = 0.339878,	Nq(2) = 0.366539,	Nq(3) = 0.339878,	Nq(4) = 0.339878,	Nq(5) = 0.366539,	Nq(6) = 0.596424,	Nq(7) = 0.366539,	Nq(8) = 0.366539,	Nq(9) = 0.596424,	Nq(10) = 4.2883,	Nq(11) = 0.596424,	Nq(12) = 0.339878,	Nq(13) = 0.366539,	Nq(14) = 0.596424,	Nq(15) = 0.366539,	Sq(0) = 1.26884e-17,	Sq(1) = 0.28567,	Sq(2) = 0.337427,	Sq(3) = 0.28567,	Sq(4) = 0.28567,	Sq(5) = 0.337427,	Sq(6) = 0.508671,	Sq(7) = 0.337427,	Sq(8) = 0.337427,	Sq(9) = 0.508671,	Sq(10) = 0.565339,	Sq(11) = 0.508671,	Sq(12) = 0.28567,	Sq(13) = 0.337427,	Sq(14) = 0.508671,	Sq(15) = 0.337427,	N(0) = 1.99237,	N(1) = 1.9786,	N(2) = 1,	N(3) = 1.9786,	N(4) = 1.9786,	N(5) = 1,	N(6) = 0.0213991,	N(7) = 1,	N(8) = 1,	N(9) = 0.0213991,	N(10) = 0.00763131,	N(11) = 0.0213991,	N(12) = 1.9786,	N(13) = 1,	N(14) = 0.0213991,	N(15) = 1,	Delta[s](0) = 0.438389,	Delta[s](1) = 0.338323,	Delta[s](2) = 0.328023,	Delta[s](3) = 0.338323,	Delta[s](4) = 0.338323,	Delta[s](5) = 0.328023,	Delta[s](6) = 0.275262,	Delta[s](7) = 0.328023,	Delta[s](8) = 0.328023,	Delta[s](9) = 0.275262,	Delta[s](10) = 0.255506,	Delta[s](11) = 0.275262,	Delta[s](12) = 0.338323,	Delta[s](13) = 0.328023,	Delta[s](14) = 0.275262,	Delta[s](15) = 0.328023,	Delta[d](0) = 0.231188,	Delta[d](1) = 0.230862,	Delta[d](2) = 0.227277,	Delta[d](3) = 0.230862,	Delta[d](4) = 0.230862,	Delta[d](5) = 0.147456,	Delta[d](6) = 0.188564,	Delta[d](7) = 0.147456,	Delta[d](8) = 0.227277,	Delta[d](9) = 0.188564,	Delta[d](10) = 0.0636671,	Delta[d](11) = 0.188564,	Delta[d](12) = 0.230862,	Delta[d](13) = 0.147456,	Delta[d](14) = 0.188564,	Delta[d](15) = 0.147456,	Delta[s+](0) = 0.439709,	Delta[s+](1) = 0.349482,	Delta[s+](2) = 0.227277,	Delta[s+](3) = 0.349482,	Delta[s+](4) = 0.349482,	Delta[s+](5) = 0.227277,	Delta[s+](6) = 0.104058,	Delta[s+](7) = 0.227277,	Delta[s+](8) = 0.227277,	Delta[s+](9) = 0.104058,	Delta[s+](10) = 0.0352091,	Delta[s+](11) = 0.104058,	Delta[s+](12) = 0.349482,	Delta[s+](13) = 0.227277,	Delta[s+](14) = 0.104058,	Delta[s+](15) = 0.227277
The 17-th iteration is completed.	|| time cost : 0h 4m 41.655s
********************************************************************************************************************
********************************************************************************************************************
Ground state is obtained after 18 iterations. The current ground-state energy is -76.6779, in which electron energy is -76.8012 and phonon energy is 0.123334
final variational state is: 
	Gamma_x = [      1,1.02856,1.04505,1.02856,1.02856,1.04505,1.07006,1.04505,1.04505,1.07006,1.13537,1.07006,1.02856,1.04505,1.07006,1.04505]
	lambda_q = [0.574454,0.489951,0.436893,0.489951,0.489951,0.436893,0.447577,0.436893,0.436893,0.447577,0.547308,0.447577,0.489951,0.436893,0.447577,0.436893]
********************************************************************************************************************
o___o  ----------------------------------------
| L |	Time since last clock: 0h 0m 0s
A===A	Time since the beginning: 0h 33m 13.473s
***********************************************


********************************************************************************************************************
Warm up runs have been completed. Start calculating W = 5 phonon.
open output files: NGSEDIterationObs.txt
********************************************************************************************************************
Start the 0 rounds of NGS-ED iteration
	effective electronic model is modified as: kinetic energy t = 0.818036
	                                           effective interaction Vq = [-3.01688, -2.7801,-2.59494, -2.7801, -2.7801,-2.59494,-2.63449,-2.59494,-2.59494,-2.63449, -2.9486,-2.63449, -2.7801,-2.59494,-2.63449,-2.59494]
	PARPACK diagonalization completed after 45 matrix-vector product operations.
	iteration results: : total energy is -67.928856 | electron energy -67.990496 + phonon energy 0.061639 | electron momentum kIdx = 0
	Nq(0) = 16,	Nq(1) = 0.337025,	Nq(2) = 0.352435,	Nq(3) = 0.337025,	Nq(4) = 0.337025,	Nq(5) = 0.352435,	Nq(6) = 0.559195,	Nq(7) = 0.352435,	Nq(8) = 0.352435,	Nq(9) = 0.559195,	Nq(10) = 3.81463,	Nq(11) = 0.559195,	Nq(12) = 0.337025,	Nq(13) = 0.352435,	Nq(14) = 0.559195,	Nq(15) = 0.352435,	Sq(0) = 5.25466e-19,	Sq(1) = 0.333025,	Sq(2) = 0.364123,	Sq(3) = 0.333025,	Sq(4) = 0.333025,	Sq(5) = 0.364123,	Sq(6) = 0.586362,	Sq(7) = 0.364123,	Sq(8) = 0.364123,	Sq(9) = 0.586362,	Sq(10) = 0.6236,	Sq(11) = 0.586362,	Sq(12) = 0.333025,	Sq(13) = 0.364123,	Sq(14) = 0.586362,	Sq(15) = 0.364123,	N(0) = 1.99695,	N(1) = 1.99203,	N(2) = 1,	N(3) = 1.99203,	N(4) = 1.99203,	N(5) = 1,	N(6) = 0.00797113,	N(7) = 1,	N(8) = 1,	N(9) = 0.00797113,	N(10) = 0.0030517,	N(11) = 0.00797113,	N(12) = 1.99203,	N(13) = 1,	N(14) = 0.00797113,	N(15) = 1,	Delta[s](0) = 0.372924,	Delta[s](1) = 0.311922,	Delta[s](2) = 0.304458,	Delta[s](3) = 0.311922,	Delta[s](4) = 0.311922,	Delta[s](5) = 0.304458,	Delta[s](6) = 0.263481,	Delta[s](7) = 0.304458,	Delta[s](8) = 0.304458,	Delta[s](9) = 0.263481,	Delta[s](10) = 0.255777,	Delta[s](11) = 0.263481,	Delta[s](12) = 0.311922,	Delta[s](13) = 0.304458,	Delta[s](14) = 0.263481,	Delta[s](15) = 0.304458,	Delta[d](0) = 0.242449,	Delta[d](1) = 0.249455,	Delta[d](2) = 0.246495,	Delta[d](3) = 0.249455,	Delta[d](4) = 0.249455,	Delta[d](5) = 0.158957,	Delta[d](6) = 0.205642,	Delta[d](7) = 0.158957,	Delta[d](8) = 0.246495,	Delta[d](9) = 0.205642,	Delta[d](10) = 0.0754889,	Delta[d](11) = 0.205642,	Delta[d](12) = 0.249455,	Delta[d](13) = 0.158957,	Delta[d](14) = 0.205642,	Delta[d](15) = 0.158957,	Delta[s+](0) = 0.481539,	Delta[s+](1) = 0.378178,	Delta[s+](2) = 0.246495,	Delta[s+](3) = 0.378178,	Delta[s+](4) = 0.378178,	Delta[s+](5) = 0.246495,	Delta[s+](6) = 0.115689,	Delta[s+](7) = 0.246495,	Delta[s+](8) = 0.246495,	Delta[s+](9) = 0.115689,	Delta[s+](10) = 0.0416958,	Delta[s+](11) = 0.115689,	Delta[s+](12) = 0.378178,	Delta[s+](13) = 0.246495,	Delta[s+](14) = 0.115689,	Delta[s+](15) = 0.246495
The 0-th iteration is completed.	|| time cost : 0h 4m 33.135s
********************************************************************************************************************
Start the 1 rounds of NGS-ED iteration
	effective electronic model is modified as: kinetic energy t = 0.792571
	                                           effective interaction Vq = [-3.19582, -2.9512,  -2.719, -2.9512, -2.9512,  -2.719,-2.76738,  -2.719,  -2.719,-2.76738,-3.14913,-2.76738, -2.9512,  -2.719,-2.76738,  -2.719]
	PARPACK diagonalization completed after 30 matrix-vector product operations.
	iteration results: : total energy is -71.675748 | electron energy -71.864572 + phonon energy 0.188824 | electron momentum kIdx = 0
The 1-th iteration is completed.	|| time cost : 0h 0m 27.651s
********************************************************************************************************************
Start the 2 rounds of NGS-ED iteration
	effective electronic model is modified as: kinetic energy t = 0.779051
	                                           effective interaction Vq = [-3.26166, -3.0193,-2.77725, -3.0193, -3.0193,-2.77725,-2.82661,-2.77725,-2.77725,-2.82661,-3.23328,-2.82661, -3.0193,-2.77725,-2.82661,-2.77725]
	PARPACK diagonalization completed after 30 matrix-vector product operations.
	iteration results: : total energy is -73.054752 | electron energy -73.333491 + phonon energy 0.278738 | electron momentum kIdx = 0
The 2-th iteration is completed.	|| time cost : 0h 0m 27.464s
********************************************************************************************************************
Start the 3 rounds of NGS-ED iteration
	effective electronic model is modified as: kinetic energy t = 0.772395
	                                           effective interaction Vq = [-3.28587, -3.0464, -2.8043, -3.0464, -3.0464, -2.8043,-2.85216, -2.8043, -2.8043,-2.85216,-3.26641,-2.85216, -3.0464, -2.8043,-2.85216, -2.8043]
	PARPACK diagonalization completed after 30 matrix-vector product operations.
	iteration results: : total energy is -73.544811 | electron energy -73.874740 + phonon energy 0.329929 | electron momentum kIdx = 0
The 3-th iteration is completed.	|| time cost : 0h 0m 27.429s
********************************************************************************************************************
Start the 4 rounds of NGS-ED iteration
	effective electronic model is modified as: kinetic energy t = 0.769156
	                                           effective interaction Vq = [-3.29478,-3.05761,-2.81724,-3.05761,-3.05761,-2.81724,-2.86352,-2.81724,-2.81724,-2.86352,-3.27965,-2.86352,-3.05761,-2.81724,-2.86352,-2.81724]
	PARPACK diagonalization completed after 30 matrix-vector product operations.
	iteration results: : total energy is -73.716522 | electron energy -74.073649 + phonon energy 0.357126 | electron momentum kIdx = 0
The 4-th iteration is completed.	|| time cost : 0h 0m 27.381s
********************************************************************************************************************
Start the 5 rounds of NGS-ED iteration
	effective electronic model is modified as: kinetic energy t = 0.767562
	                                           effective interaction Vq = [-3.29806,-3.06247,-2.82368,-3.06247,-3.06247,-2.82368,-2.86881,-2.82368,-2.82368,-2.86881,-3.28524,-2.86881,-3.06247,-2.82368,-2.86881,-2.82368]
	PARPACK diagonalization completed after 30 matrix-vector product operations.
	iteration results: : total energy is -73.776784 | electron energy -74.147994 + phonon energy 0.371211 | electron momentum kIdx = 0
The 5-th iteration is completed.	|| time cost : 0h 0m 27.299s
********************************************************************************************************************
Start the 6 rounds of NGS-ED iteration
	effective electronic model is modified as: kinetic energy t = 0.766767
	                                           effective interaction Vq = [-3.29927,-3.06465,-2.82696,-3.06465,-3.06465,-2.82696,-2.87137,-2.82696,-2.82696,-2.87137,-3.28776,-2.87137,-3.06465,-2.82696,-2.87137,-2.82696]
	PARPACK diagonalization completed after 30 matrix-vector product operations.
	iteration results: : total energy is -73.798107 | electron energy -74.176519 + phonon energy 0.378411 | electron momentum kIdx = 0
The 6-th iteration is completed.	|| time cost : 0h 0m 27.448s
********************************************************************************************************************
Start the 7 rounds of NGS-ED iteration
	effective electronic model is modified as: kinetic energy t = 0.766368
	                                           effective interaction Vq = [-3.29971,-3.06565,-2.82867,-3.06565,-3.06565,-2.82867,-2.87264,-2.82867,-2.82867,-2.87264,-3.28894,-2.87264,-3.06565,-2.82867,-2.87264,-2.82867]
	PARPACK diagonalization completed after 30 matrix-vector product operations.
	iteration results: : total energy is -73.805724 | electron energy -74.187789 + phonon energy 0.382066 | electron momentum kIdx = 0
The 7-th iteration is completed.	|| time cost : 0h 0m 27.344s
********************************************************************************************************************
Start the 8 rounds of NGS-ED iteration
	effective electronic model is modified as: kinetic energy t = 0.766166
	                                           effective interaction Vq = [-3.29987,-3.06611,-2.82957,-3.06611,-3.06611,-2.82957,-2.87327,-2.82957,-2.82957,-2.87327,-3.28952,-2.87327,-3.06611,-2.82957,-2.87327,-2.82957]
	PARPACK diagonalization completed after 30 matrix-vector product operations.
	iteration results: : total energy is -73.808466 | electron energy -74.192378 + phonon energy 0.383913 | electron momentum kIdx = 0
The 8-th iteration is completed.	|| time cost : 0h 0m 27.387s
********************************************************************************************************************
Start the 9 rounds of NGS-ED iteration
	effective electronic model is modified as: kinetic energy t = 0.766063
	                                           effective interaction Vq = [-3.29993,-3.06632,-2.83004,-3.06632,-3.06632,-2.83004,-2.87359,-2.83004,-2.83004,-2.87359, -3.2898,-2.87359,-3.06632,-2.83004,-2.87359,-2.83004]
	PARPACK diagonalization completed after 30 matrix-vector product operations.
	iteration results: : total energy is -73.809460 | electron energy -74.194304 + phonon energy 0.384844 | electron momentum kIdx = 0
The 9-th iteration is completed.	|| time cost : 0h 0m 27.409s
********************************************************************************************************************
Start the 10 rounds of NGS-ED iteration
	effective electronic model is modified as: kinetic energy t = 0.766011
	                                           effective interaction Vq = [-3.29996,-3.06642,-2.83029,-3.06642,-3.06642,-2.83029,-2.87376,-2.83029,-2.83029,-2.87376,-3.28994,-2.87376,-3.06642,-2.83029,-2.87376,-2.83029]
	PARPACK diagonalization completed after 30 matrix-vector product operations.
	iteration results: : total energy is -73.809821 | electron energy -74.195136 + phonon energy 0.385315 | electron momentum kIdx = 0
	Nq(0) = 16,	Nq(1) = 0.284306,	Nq(2) = 0.330499,	Nq(3) = 0.284306,	Nq(4) = 0.284306,	Nq(5) = 0.330499,	Nq(6) = 0.508375,	Nq(7) = 0.330499,	Nq(8) = 0.330499,	Nq(9) = 0.508375,	Nq(10) = 5.35092,	Nq(11) = 0.508375,	Nq(12) = 0.284306,	Nq(13) = 0.330499,	Nq(14) = 0.508375,	Nq(15) = 0.330499,	Sq(0) = 9.48798e-19,	Sq(1) = 0.259307,	Sq(2) = 0.32497,	Sq(3) = 0.259307,	Sq(4) = 0.259307,	Sq(5) = 0.32497,	Sq(6) = 0.487081,	Sq(7) = 0.32497,	Sq(8) = 0.32497,	Sq(9) = 0.487081,	Sq(10) = 0.559988,	Sq(11) = 0.487081,	Sq(12) = 0.259307,	Sq(13) = 0.32497,	Sq(14) = 0.487081,	Sq(15) = 0.32497,	N(0) = 1.98516,	N(1) = 1.95452,	N(2) = 1,	N(3) = 1.95452,	N(4) = 1.95452,	N(5) = 1,	N(6) = 0.0454758,	N(7) = 1,	N(8) = 1,	N(9) = 0.0454758,	N(10) = 0.0148392,	N(11) = 0.0454758,	N(12) = 1.95452,	N(13) = 1,	N(14) = 0.0454758,	N(15) = 1,	Delta[s](0) = 0.396315,	Delta[s](1) = 0.34412,	Delta[s](2) = 0.332094,	Delta[s](3) = 0.34412,	Delta[s](4) = 0.34412,	Delta[s](5) = 0.332094,	Delta[s](6) = 0.300187,	Delta[s](7) = 0.332094,	Delta[s](8) = 0.332094,	Delta[s](9) = 0.300187,	Delta[s](10) = 0.286207,	Delta[s](11) = 0.300187,	Delta[s](12) = 0.34412,	Delta[s](13) = 0.332094,	Delta[s](14) = 0.300187,	Delta[s](15) = 0.332094,	Delta[d](0) = 0.225974,	Delta[d](1) = 0.219078,	Delta[d](2) = 0.22773,	Delta[d](3) = 0.219078,	Delta[d](4) = 0.219078,	Delta[d](5) = 0.150311,	Delta[d](6) = 0.178634,	Delta[d](7) = 0.150311,	Delta[d](8) = 0.22773,	Delta[d](9) = 0.178634,	Delta[d](10) = 0.0746196,	Delta[d](11) = 0.178634,	Delta[d](12) = 0.219078,	Delta[d](13) = 0.150311,	Delta[d](14) = 0.178634,	Delta[d](15) = 0.150311,	Delta[s+](0) = 0.453076,	Delta[s+](1) = 0.350557,	Delta[s+](2) = 0.22773,	Delta[s+](3) = 0.350557,	Delta[s+](4) = 0.350557,	Delta[s+](5) = 0.22773,	Delta[s+](6) = 0.105235,	Delta[s+](7) = 0.22773,	Delta[s+](8) = 0.22773,	Delta[s+](9) = 0.105235,	Delta[s+](10) = 0.0419545,	Delta[s+](11) = 0.105235,	Delta[s+](12) = 0.350557,	Delta[s+](13) = 0.22773,	Delta[s+](14) = 0.105235,	Delta[s+](15) = 0.22773
The 10-th iteration is completed.	|| time cost : 0h 4m 25.834s
********************************************************************************************************************
Start the 11 rounds of NGS-ED iteration
	effective electronic model is modified as: kinetic energy t = 0.765985
	                                           effective interaction Vq = [-3.29996,-3.06646,-2.83042,-3.06646,-3.06646,-2.83042,-2.87384,-2.83042,-2.83042,-2.87384,-3.29001,-2.87384,-3.06646,-2.83042,-2.87384,-2.83042]
	PARPACK diagonalization completed after 30 matrix-vector product operations.
	iteration results: : total energy is -73.809953 | electron energy -74.195505 + phonon energy 0.385552 | electron momentum kIdx = 0
The 11-th iteration is completed.	|| time cost : 0h 0m 27.644s
********************************************************************************************************************
Start the 12 rounds of NGS-ED iteration
	effective electronic model is modified as: kinetic energy t = 0.765971
	                                           effective interaction Vq = [-3.29997,-3.06648,-2.83049,-3.06648,-3.06648,-2.83049,-2.87388,-2.83049,-2.83049,-2.87388,-3.29004,-2.87388,-3.06648,-2.83049,-2.87388,-2.83049]
	PARPACK diagonalization completed after 30 matrix-vector product operations.
	iteration results: : total energy is -73.810002 | electron energy -74.195674 + phonon energy 0.385672 | electron momentum kIdx = 0
The 12-th iteration is completed.	|| time cost : 0h 0m 27.426s
********************************************************************************************************************
Start the 13 rounds of NGS-ED iteration
	effective electronic model is modified as: kinetic energy t = 0.765964
	                                           effective interaction Vq = [-3.29997,-3.06649,-2.83053,-3.06649,-3.06649,-2.83053, -2.8739,-2.83053,-2.83053, -2.8739,-3.29006, -2.8739,-3.06649,-2.83053, -2.8739,-2.83053]
	PARPACK diagonalization completed after 30 matrix-vector product operations.
	iteration results: : total energy is -73.810020 | electron energy -74.195752 + phonon energy 0.385733 | electron momentum kIdx = 0
The 13-th iteration is completed.	|| time cost : 0h 0m 27.349s
********************************************************************************************************************
Start the 14 rounds of NGS-ED iteration
	effective electronic model is modified as: kinetic energy t = 0.765961
	                                           effective interaction Vq = [-3.29997,-3.06649,-2.83055,-3.06649,-3.06649,-2.83055,-2.87391,-2.83055,-2.83055,-2.87391,-3.29007,-2.87391,-3.06649,-2.83055,-2.87391,-2.83055]
	PARPACK diagonalization completed after 30 matrix-vector product operations.
	iteration results: : total energy is -73.810026 | electron energy -74.195789 + phonon energy 0.385763 | electron momentum kIdx = 0
The 14-th iteration is completed.	|| time cost : 0h 0m 27.387s
********************************************************************************************************************
Start the 15 rounds of NGS-ED iteration
	effective electronic model is modified as: kinetic energy t = 0.765959
	                                           effective interaction Vq = [-3.29997,-3.06649,-2.83056,-3.06649,-3.06649,-2.83056,-2.87392,-2.83056,-2.83056,-2.87392,-3.29007,-2.87392,-3.06649,-2.83056,-2.87392,-2.83056]
	PARPACK diagonalization completed after 30 matrix-vector product operations.
	iteration results: : total energy is -73.810028 | electron energy -74.195807 + phonon energy 0.385779 | electron momentum kIdx = 0
The 15-th iteration is completed.	|| time cost : 0h 0m 27.366s
********************************************************************************************************************
Start the 16 rounds of NGS-ED iteration
	effective electronic model is modified as: kinetic energy t = 0.765958
	                                           effective interaction Vq = [-3.29997,-3.06649,-2.83057,-3.06649,-3.06649,-2.83057,-2.87392,-2.83057,-2.83057,-2.87392,-3.29007,-2.87392,-3.06649,-2.83057,-2.87392,-2.83057]
	PARPACK diagonalization completed after 30 matrix-vector product operations.
	iteration results: : total energy is -73.810029 | electron energy -74.195816 + phonon energy 0.385787 | electron momentum kIdx = 0
The 16-th iteration is completed.	|| time cost : 0h 0m 27.358s
