SNEDics v3.22.2 Non-Gaussian ED ground state program		Start at Wed Apr 13 04:14:25 2022

Parallelization: 32 MPI threads  * 8 OpenMP threads = 256 total threads.
********************************************************************************************************************
********************************************************************************************************************

********************************************************************************************************************
System parameters and configurations
	special program options are enabled: splitted diagonal Hamiltonian | splitted Hamiltonian terms
********************************************************************************************************************
Read input file "model_params.in"
	Hubbard-Holstein model parameters : 	t = 1    t' = -0.3    U = 8    g = 0.1    W = 0.2    g' = 0.15    
********************************************************************************************************************
Read input file "hilbertspace_params.in"
	Requested 16-site 2D lattice, with 12 electrons (6, 6)
	Boundary : Periodic		Hilbert space representation : momentum-space (restricted to kIdx = 0)
	Conservation: particle number[U(1)]      spin[U(1)]     momentum
********************************************************************************************************************

Cluster Positions:				Cluster symmetry group : D4
 x ... x ... x ... x .....                       x ... x ... x ... x .....
 |           |           :                       |           |           :
 |           |           :                       |           |           :
12    13    14    15     x                       1     5     6     5     x
 |           |           :                       |           |           :
 |           |           :                       |           |           :
 8 --- 9 ---10 ---11 --- x                       2 --- 6 ---10 --- 6 --- x
 |           |           :                       |           |           :
 |           |           :                       |           |           :
 4     5     6     7     x                       1     5     6     5     x
 |           |           :                       |           |           :
 |           |           :                       |           |           :
 0 --- 1 --- 2 --- 3 --- x                       0 --- 1 --- 2 --- 1 --- x
orbital number : 1
********************************************************************************************************************
Read input file "obs_params.in"
	Observable Type : Nq(All),   Sq(All),   N(All-Orbital),   Delta[s](All),   Delta[d](All),   Delta[s+](All)
** WARNING ** the input observables have non-local factors which have been reinterpreted. The total observable number is 96
********************************************************************************************************************


********************************************************************************************************************
Start calculating the non-Gaussian ED ground state
Maximal iteration number is 1000; energy resolution is 1e-06. Phonon state relaxation time is 2000
W = 0.2 is relatively large. The non-Gaussian ED calculation starts directly.
open output files: NGSED_iteration_observables.txt
********************************************************************************************************************
Start the 0 rounds of NGS-ED iteration
	effective electronic model is modified as: kinetic energy t = 1, t' = -0.3
	                                           effective interaction Vq = [0,0,0,0,0,0,0,0,0,0,0,0,0,0,0,0]
	first Hamiltonian is constructed, size = 4008592 and non-zero numbers = 969952250
	PARPACK diagonalization completed after 135 matrix-vector product operations.
	iteration results: : total energy is -15.091341 | electron energy -15.091341 + phonon energy 0.000000 | electron momentum kIdx = 0
	Nq(0) = 9,	Nq(1) = 0.182775,	Nq(2) = 0.248843,	Nq(3) = 0.182775,	Nq(4) = 0.182775,	Nq(5) = 0.263236,	
	Nq(6) = 0.307436,	Nq(7) = 0.263236,	Nq(8) = 0.248843,	Nq(9) = 0.307436,	Nq(10) = 0.356784,	
	Nq(11) = 0.307436,	Nq(12) = 0.182775,	Nq(13) = 0.263236,	Nq(14) = 0.307436,	Nq(15) = 0.263236;	
	Sq(0) = 2.57275e-18,	Sq(1) = 0.523525,	Sq(2) = 0.451304,	Sq(3) = 0.523525,	Sq(4) = 0.523525,	
	Sq(5) = 0.707557,	Sq(6) = 1.00669,	Sq(7) = 0.707557,	Sq(8) = 0.451304,	Sq(9) = 1.00669,	
	Sq(10) = 1.27807,	Sq(11) = 1.00669,	Sq(12) = 0.523525,	Sq(13) = 0.707557,	Sq(14) = 1.00669,	
	Sq(15) = 0.707557;	N(0) = 1.72657,	N(1) = 1.59708,	N(2) = 1.0703,	N(3) = 1.59708,	
	N(4) = 1.59708,	N(5) = 0.264255,	N(6) = 0.153085,	N(7) = 0.264255,	N(8) = 1.0703,	
	N(9) = 0.153085,	N(10) = 0.0751403,	N(11) = 0.153085,	N(12) = 1.59708,	N(13) = 0.264255,	
	N(14) = 0.153085,	N(15) = 0.264255;	Delta[s](0) = 0.0623863,	Delta[s](1) = 0.0413347,	Delta[s](2) = 0.033377,	
	Delta[s](3) = 0.0413347,	Delta[s](4) = 0.0413347,	Delta[s](5) = 0.0226554,	Delta[s](6) = 0.0118604,	Delta[s](7) = 0.0226554,	
	Delta[s](8) = 0.033377,	Delta[s](9) = 0.0118604,	Delta[s](10) = 0.00158619,	Delta[s](11) = 0.0118604,	Delta[s](12) = 0.0413347,	
	Delta[s](13) = 0.0226554,	Delta[s](14) = 0.0118604,	Delta[s](15) = 0.0226554;	Delta[d](0) = 0.537554,	Delta[d](1) = 0.257879,	
	Delta[d](2) = 0.265644,	Delta[d](3) = 0.257879,	Delta[d](4) = 0.257879,	Delta[d](5) = 0.141248,	Delta[d](6) = 0.159036,	
	Delta[d](7) = 0.141248,	Delta[d](8) = 0.265644,	Delta[d](9) = 0.159036,	Delta[d](10) = 0.107959,	Delta[d](11) = 0.159036,	
	Delta[d](12) = 0.257879,	Delta[d](13) = 0.141248,	Delta[d](14) = 0.159036,	Delta[d](15) = 0.141248;	Delta[s+](0) = 0.518232,	
	Delta[s+](1) = 0.356192,	Delta[s+](2) = 0.265644,	Delta[s+](3) = 0.356192,	Delta[s+](4) = 0.356192,	Delta[s+](5) = 0.155136,	
	Delta[s+](6) = 0.0646971,	Delta[s+](7) = 0.155136,	Delta[s+](8) = 0.265644,	Delta[s+](9) = 0.0646971,	Delta[s+](10) = 0.0124333,	
	Delta[s+](11) = 0.0646971,	Delta[s+](12) = 0.356192,	Delta[s+](13) = 0.155136,	Delta[s+](14) = 0.0646971,	Delta[s+](15) = 0.155136
	
The 0-th iteration is completed.	|| time cost : 0h 2m 1.774s
********************************************************************************************************************
Start the 1 rounds of NGS-ED iteration
	effective electronic model is modified as: kinetic energy t = 0.996708, t' = -0.298747
	                                           effective interaction Vq = [      -2.45, -0.0979099,-0.00397768, -0.0979099, -0.0979099,-0.00428153, -0.0138235,-0.00428153,-0.00397768, -0.0138235, -0.0869613, -0.0138235, -0.0979099,-0.00428153, -0.0138235,-0.00428153]
	PARPACK diagonalization completed after 60 matrix-vector product operations.
	iteration results: : total energy is -37.203677 | electron energy -37.206422 + phonon energy 0.002745 | electron momentum kIdx = 0
The 1-th iteration is completed.	|| time cost : 0h 1m 20.061s
********************************************************************************************************************
Start the 2 rounds of NGS-ED iteration
	effective electronic model is modified as: kinetic energy t = 0.996661, t' = -0.298726
	                                           effective interaction Vq = [      -2.45, -0.0989078,-0.00395941, -0.0989078, -0.0989078,-0.00427058, -0.0137963,-0.00427058,-0.00395941, -0.0137963, -0.0877778, -0.0137963, -0.0989078,-0.00427058, -0.0137963,-0.00427058]
	PARPACK diagonalization completed after 45 matrix-vector product operations.
	iteration results: : total energy is -37.203682 | electron energy -37.206531 + phonon energy 0.002849 | electron momentum kIdx = 0
The 2-th iteration is completed.	|| time cost : 0h 0m 11.456s
********************************************************************************************************************
Start the 3 rounds of NGS-ED iteration
	effective electronic model is modified as: kinetic energy t = 0.996661, t' = -0.298726
	                                           effective interaction Vq = [      -2.45, -0.0989189,-0.00395924, -0.0989189, -0.0989189,-0.00427047, -0.0137959,-0.00427047,-0.00395924, -0.0137959,  -0.087786, -0.0137959, -0.0989189,-0.00427047, -0.0137959,-0.00427047]
	PARPACK diagonalization completed after 30 matrix-vector product operations.
	iteration results: : total energy is -37.203682 | electron energy -37.206532 + phonon energy 0.002850 | electron momentum kIdx = 0
The 3-th iteration is completed.	|| time cost : 0h 0m 9.518s
********************************************************************************************************************
Start the 4 rounds of NGS-ED iteration
	effective electronic model is modified as: kinetic energy t = 0.996661, t' = -0.298726
	                                           effective interaction Vq = [      -2.45,  -0.098919,-0.00395924,  -0.098919,  -0.098919,-0.00427047, -0.0137959,-0.00427047,-0.00395924, -0.0137959, -0.0877861, -0.0137959,  -0.098919,-0.00427047, -0.0137959,-0.00427047]
	PARPACK diagonalization completed after 30 matrix-vector product operations.
	iteration results: : total energy is -37.203682 | electron energy -37.206532 + phonon energy 0.002850 | electron momentum kIdx = 0
	Nq(0) = 9,	Nq(1) = 0.184745,	Nq(2) = 0.247921,	Nq(3) = 0.184745,	Nq(4) = 0.184745,	Nq(5) = 0.262926,	
	Nq(6) = 0.307323,	Nq(7) = 0.262926,	Nq(8) = 0.247921,	Nq(9) = 0.307323,	Nq(10) = 0.360056,	
	Nq(11) = 0.307323,	Nq(12) = 0.184745,	Nq(13) = 0.262926,	Nq(14) = 0.307323,	Nq(15) = 0.262926;	
	Sq(0) = -1.26842e-18,	Sq(1) = 0.524001,	Sq(2) = 0.451645,	Sq(3) = 0.524001,	Sq(4) = 0.524001,	
	Sq(5) = 0.705009,	Sq(6) = 1.00534,	Sq(7) = 0.705009,	Sq(8) = 0.451645,	Sq(9) = 1.00534,	
	Sq(10) = 1.28344,	Sq(11) = 1.00534,	Sq(12) = 0.524001,	Sq(13) = 0.705009,	Sq(14) = 1.00534,	
	Sq(15) = 0.705009;	N(0) = 1.72759,	N(1) = 1.60066,	N(2) = 1.0682,	N(3) = 1.60066,	
	N(4) = 1.60066,	N(5) = 0.261953,	N(6) = 0.152574,	N(7) = 0.261953,	N(8) = 1.0682,	
	N(9) = 0.152574,	N(10) = 0.0752468,	N(11) = 0.152574,	N(12) = 1.60066,	N(13) = 0.261953,	
	N(14) = 0.152574,	N(15) = 0.261953;	Delta[s](0) = 0.0628963,	Delta[s](1) = 0.0416989,	Delta[s](2) = 0.0336809,	
	Delta[s](3) = 0.0416989,	Delta[s](4) = 0.0416989,	Delta[s](5) = 0.0229085,	Delta[s](6) = 0.0119249,	Delta[s](7) = 0.0229085,	
	Delta[s](8) = 0.0336809,	Delta[s](9) = 0.0119249,	Delta[s](10) = 0.00154996,	Delta[s](11) = 0.0119249,	Delta[s](12) = 0.0416989,	
	Delta[s](13) = 0.0229085,	Delta[s](14) = 0.0119249,	Delta[s](15) = 0.0229085;	Delta[d](0) = 0.538346,	Delta[d](1) = 0.257862,	
	Delta[d](2) = 0.265912,	Delta[d](3) = 0.257862,	Delta[d](4) = 0.257862,	Delta[d](5) = 0.141296,	Delta[d](6) = 0.158891,	
	Delta[d](7) = 0.141296,	Delta[d](8) = 0.265912,	Delta[d](9) = 0.158891,	Delta[d](10) = 0.106903,	Delta[d](11) = 0.158891,	
	Delta[d](12) = 0.257862,	Delta[d](13) = 0.141296,	Delta[d](14) = 0.158891,	Delta[d](15) = 0.141296;	Delta[s+](0) = 0.519272,	
	Delta[s+](1) = 0.356818,	Delta[s+](2) = 0.265912,	Delta[s+](3) = 0.356818,	Delta[s+](4) = 0.356818,	Delta[s+](5) = 0.155314,	
	Delta[s+](6) = 0.0646092,	Delta[s+](7) = 0.155314,	Delta[s+](8) = 0.265912,	Delta[s+](9) = 0.0646092,	Delta[s+](10) = 0.0124637,	
	Delta[s+](11) = 0.0646092,	Delta[s+](12) = 0.356818,	Delta[s+](13) = 0.155314,	Delta[s+](14) = 0.0646092,	Delta[s+](15) = 0.155314
	
The 4-th iteration is completed.	|| time cost : 0h 1m 19.58s
********************************************************************************************************************
********************************************************************************************************************
Ground state is obtained after 5 iterations. The current ground-state energy is -37.2037, in which electron energy is -37.2065 and phonon energy is 0.0028501
Final variational state is: 
	Gamma_x = [      1,1.09226,1.00482,1.09226,1.09226, 1.0055,1.02104, 1.0055,1.00482,1.02104,1.16713,1.02104,1.09226, 1.0055,1.02104, 1.0055]
	lambda_q = [       3.5,  0.127727, 0.0202044,  0.127727,  0.127727, 0.0218288,-0.0351059, 0.0218288, 0.0202044,-0.0351059, -0.089384,-0.0351059,  0.127727, 0.0218288,-0.0351059, 0.0218288]
Effective e-e interactions mediated by phonons are:
	momentum-space Vq = [      -2.45,  -0.098919,-0.00395924,  -0.098919,  -0.098919,-0.00427047, -0.0137959,-0.00427047,-0.00395924, -0.0137959, -0.0877861, -0.0137959,  -0.098919,-0.00427047, -0.0137959,-0.00427047]
	real-space Vr = [-0.188353,-0.158279,-0.158039,-0.158279,-0.158279,-0.158117,-0.136998,-0.158117,-0.158039,-0.136998,-0.131995,-0.136998,-0.158279,-0.158117,-0.136998,-0.158117]
********************************************************************************************************************
o___o  ----------------------------------------
| L |	Time since last clock: 0h 0m 0.015s
A===A	Time since the beginning: 0h 5m 2.407s
***********************************************


Non-Gaussina ED ground state calculation is completed. The final ground-state energy is -37.2037
********************************************************************************************************************
o___o  ----------------------------------------
| L |	Time since last clock: 0h 0m 0.088s
A===A	Time since the beginning: 0h 5m 2.496s
***********************************************



********************************************************************************************************************
All non-Gaussian ED ground state calculations have been completed. Exit now.
