SNEDics v3.22.2 Non-Gaussian ED ground state program		Start at Fri May  6 09:35:55 2022

Parallelization: 32 MPI threads  * 8 OpenMP threads = 256 total threads.
********************************************************************************************************************
********************************************************************************************************************

********************************************************************************************************************
System parameters and configurations
	special program options are enabled: splitted diagonal Hamiltonian | splitted Hamiltonian terms
********************************************************************************************************************
Read input file "model_params.in"
	Hubbard-Holstein model parameters : 	t = 1    U = 8    g = 0.25    W = 0.2    g' = 0.25    
********************************************************************************************************************
Read input file "hilbertspace_params.in"
	Requested 16-site 2D lattice, with 12 electrons (6, 6)
	Boundary : Periodic		Hilbert space representation : momentum-space (restricted to kIdx = 10)
	Conservation: particle number[U(1)]      spin[U(1)]     momentum
********************************************************************************************************************

Cluster Positions:				Cluster symmetry group : D4
 x ... x ... x ... x .....                       x ... x ... x ... x .....
 |           |           :                       |           |           :
 |           |           :                       |           |           :
12    13    14    15     x                       1     5     6     5     x
 |           |           :                       |           |           :
 |           |           :                       |           |           :
 8 --- 9 ---10 ---11 --- x                       2 --- 6 ---10 --- 6 --- x
 |           |           :                       |           |           :
 |           |           :                       |           |           :
 4     5     6     7     x                       1     5     6     5     x
 |           |           :                       |           |           :
 |           |           :                       |           |           :
 0 --- 1 --- 2 --- 3 --- x                       0 --- 1 --- 2 --- 1 --- x
orbital number : 1
********************************************************************************************************************
Read input file "obs_params.in"
	Observable Type : Nq(All),   Sq(All),   N(All-Orbital),   Delta[s](All),   Delta[d](All),   Delta[s+](All)
** WARNING ** the input observables have non-local factors which have been reinterpreted. The total observable number is 96
********************************************************************************************************************


********************************************************************************************************************
Start calculating the non-Gaussian ED ground state
Maximal iteration number is 1000; energy resolution is 1e-06. Phonon state relaxation time is 2000
W = 0.2 is relatively large. The non-Gaussian ED calculation starts directly.
open output files: NGSED_iteration_observables.txt
********************************************************************************************************************
Start the 0 rounds of NGS-ED iteration
	effective electronic model is modified as: kinetic energy t = 1
	                                           effective interaction Vq = [0,0,0,0,0,0,0,0,0,0,0,0,0,0,0,0]
	first Hamiltonian is constructed, size = 4008592 and non-zero numbers = 969134084
	PARPACK diagonalization completed after 150 matrix-vector product operations.
	iteration results: : total energy is -14.925310 | electron energy -14.925310 + phonon energy 0.000000 | electron momentum kIdx = 10
	Nq(0) = 9,	Nq(1) = 0.191675,	Nq(2) = 0.238629,	Nq(3) = 0.191675,	Nq(4) = 0.191675,	Nq(5) = 0.259295,	
	Nq(6) = 0.314107,	Nq(7) = 0.259295,	Nq(8) = 0.238629,	Nq(9) = 0.314107,	Nq(10) = 0.369338,	
	Nq(11) = 0.314107,	Nq(12) = 0.191675,	Nq(13) = 0.259295,	Nq(14) = 0.314107,	Nq(15) = 0.259295;	
	Sq(0) = -1.73566e-18,	Sq(1) = 0.554662,	Sq(2) = 0.921866,	Sq(3) = 0.554662,	Sq(4) = 0.554662,	
	Sq(5) = 0.548737,	Sq(6) = 1.01287,	Sq(7) = 0.548737,	Sq(8) = 0.921866,	Sq(9) = 1.01287,	
	Sq(10) = 0.784303,	Sq(11) = 1.01287,	Sq(12) = 0.554662,	Sq(13) = 0.548737,	Sq(14) = 1.01287,	
	Sq(15) = 0.548737;	N(0) = 1.76735,	N(1) = 1.6264,	N(2) = 0.275186,	N(3) = 1.6264,	
	N(4) = 1.6264,	N(5) = 0.626534,	N(6) = 0.144321,	N(7) = 0.626534,	N(8) = 0.275186,	
	N(9) = 0.144321,	N(10) = 0.0932732,	N(11) = 0.144321,	N(12) = 1.6264,	N(13) = 0.626534,	
	N(14) = 0.144321,	N(15) = 0.626534;	Delta[s](0) = 0.063636,	Delta[s](1) = 0.0445064,	Delta[s](2) = 0.0261148,	
	Delta[s](3) = 0.0445064,	Delta[s](4) = 0.0445064,	Delta[s](5) = 0.0291515,	Delta[s](6) = 0.0104153,	Delta[s](7) = 0.0291515,	
	Delta[s](8) = 0.0261148,	Delta[s](9) = 0.0104153,	Delta[s](10) = 0.0012915,	Delta[s](11) = 0.0104153,	Delta[s](12) = 0.0445064,	
	Delta[s](13) = 0.0291515,	Delta[s](14) = 0.0104153,	Delta[s](15) = 0.0291515;	Delta[d](0) = 0.195246,	Delta[d](1) = 0.129737,	
	Delta[d](2) = 0.161975,	Delta[d](3) = 0.129737,	Delta[d](4) = 0.129737,	Delta[d](5) = 0.118497,	Delta[d](6) = 0.089467,	
	Delta[d](7) = 0.118497,	Delta[d](8) = 0.161975,	Delta[d](9) = 0.089467,	Delta[d](10) = 0.0399504,	Delta[d](11) = 0.089467,	
	Delta[d](12) = 0.129737,	Delta[d](13) = 0.118497,	Delta[d](14) = 0.089467,	Delta[d](15) = 0.118497;	Delta[s+](0) = 0.523548,	
	Delta[s+](1) = 0.357571,	Delta[s+](2) = 0.161975,	Delta[s+](3) = 0.357571,	Delta[s+](4) = 0.357571,	Delta[s+](5) = 0.206138,	
	Delta[s+](6) = 0.0641339,	Delta[s+](7) = 0.206138,	Delta[s+](8) = 0.161975,	Delta[s+](9) = 0.0641339,	Delta[s+](10) = 0.0168942,	
	Delta[s+](11) = 0.0641339,	Delta[s+](12) = 0.357571,	Delta[s+](13) = 0.206138,	Delta[s+](14) = 0.0641339,	Delta[s+](15) = 0.206138
	
The 0-th iteration is completed.	|| time cost : 0h 2m 3.231s
********************************************************************************************************************
Start the 1 rounds of NGS-ED iteration
	effective electronic model is modified as: kinetic energy t = 0.985469
	                                           effective interaction Vq = [   -7.8125, -0.509472,-0.0252442, -0.509472, -0.509472, -0.027419,-0.0224279, -0.027419,-0.0252442,-0.0224279, -0.269106,-0.0224279, -0.509472, -0.027419,-0.0224279, -0.027419]
	PARPACK diagonalization completed after 45 matrix-vector product operations.
	iteration results: : total energy is -85.486749 | electron energy -85.539376 + phonon energy 0.052628 | electron momentum kIdx = 10
The 1-th iteration is completed.	|| time cost : 0h 1m 17.948s
********************************************************************************************************************
Start the 2 rounds of NGS-ED iteration
	effective electronic model is modified as: kinetic energy t = 0.983509
	                                           effective interaction Vq = [   -7.8125, -0.570864,-0.0249803, -0.570864, -0.570864,-0.0269441,-0.0221563,-0.0269441,-0.0249803,-0.0221563, -0.285843,-0.0221563, -0.570864,-0.0269441,-0.0221563,-0.0269441]
	PARPACK diagonalization completed after 30 matrix-vector product operations.
	iteration results: : total energy is -85.488403 | electron energy -85.558482 + phonon energy 0.070078 | electron momentum kIdx = 10
The 2-th iteration is completed.	|| time cost : 0h 0m 9.377s
********************************************************************************************************************
Start the 3 rounds of NGS-ED iteration
	effective electronic model is modified as: kinetic energy t = 0.983232
	                                           effective interaction Vq = [   -7.8125, -0.580077,-0.0249508, -0.580077, -0.580077,-0.0268856,-0.0221233,-0.0268856,-0.0249508,-0.0221233, -0.286745,-0.0221233, -0.580077,-0.0268856,-0.0221233,-0.0268856]
	PARPACK diagonalization completed after 30 matrix-vector product operations.
	iteration results: : total energy is -85.488437 | electron energy -85.561104 + phonon energy 0.072667 | electron momentum kIdx = 10
The 3-th iteration is completed.	|| time cost : 0h 0m 9.366s
********************************************************************************************************************
Start the 4 rounds of NGS-ED iteration
	effective electronic model is modified as: kinetic energy t = 0.98319
	                                           effective interaction Vq = [   -7.8125, -0.581505,-0.0249469, -0.581505, -0.581505,-0.0268774,-0.0221187,-0.0268774,-0.0249469,-0.0221187,  -0.28674,-0.0221187, -0.581505,-0.0268774,-0.0221187,-0.0268774]
	PARPACK diagonalization completed after 30 matrix-vector product operations.
	iteration results: : total energy is -85.488438 | electron energy -85.561492 + phonon energy 0.073054 | electron momentum kIdx = 10
The 4-th iteration is completed.	|| time cost : 0h 0m 9.358s
********************************************************************************************************************
Start the 5 rounds of NGS-ED iteration
	effective electronic model is modified as: kinetic energy t = 0.983184
	                                           effective interaction Vq = [   -7.8125, -0.581729,-0.0249463, -0.581729, -0.581729,-0.0268761,-0.0221181,-0.0268761,-0.0249463,-0.0221181, -0.286726,-0.0221181, -0.581729,-0.0268761,-0.0221181,-0.0268761]
	PARPACK diagonalization completed after 30 matrix-vector product operations.
	iteration results: : total energy is -85.488438 | electron energy -85.561551 + phonon energy 0.073113 | electron momentum kIdx = 10
The 5-th iteration is completed.	|| time cost : 0h 0m 9.383s
********************************************************************************************************************
Start the 6 rounds of NGS-ED iteration
	effective electronic model is modified as: kinetic energy t = 0.983183
	                                           effective interaction Vq = [   -7.8125, -0.581764,-0.0249463, -0.581764, -0.581764,-0.0268759, -0.022118,-0.0268759,-0.0249463, -0.022118, -0.286723, -0.022118, -0.581764,-0.0268759, -0.022118,-0.0268759]
	PARPACK diagonalization completed after 30 matrix-vector product operations.
	iteration results: : total energy is -85.488438 | electron energy -85.561560 + phonon energy 0.073122 | electron momentum kIdx = 10
The 6-th iteration is completed.	|| time cost : 0h 0m 9.378s
********************************************************************************************************************
Start the 7 rounds of NGS-ED iteration
	effective electronic model is modified as: kinetic energy t = 0.983183
	                                           effective interaction Vq = [   -7.8125, -0.581769,-0.0249463, -0.581769, -0.581769,-0.0268759,-0.0221179,-0.0268759,-0.0249463,-0.0221179, -0.286722,-0.0221179, -0.581769,-0.0268759,-0.0221179,-0.0268759]
	PARPACK diagonalization completed after 30 matrix-vector product operations.
	iteration results: : total energy is -85.488438 | electron energy -85.561562 + phonon energy 0.073123 | electron momentum kIdx = 10
The 7-th iteration is completed.	|| time cost : 0h 0m 9.379s
********************************************************************************************************************
Start the 8 rounds of NGS-ED iteration
	effective electronic model is modified as: kinetic energy t = 0.983183
	                                           effective interaction Vq = [   -7.8125,  -0.58177,-0.0249462,  -0.58177,  -0.58177,-0.0268759,-0.0221179,-0.0268759,-0.0249462,-0.0221179, -0.286722,-0.0221179,  -0.58177,-0.0268759,-0.0221179,-0.0268759]
	PARPACK diagonalization completed after 30 matrix-vector product operations.
	iteration results: : total energy is -85.488438 | electron energy -85.561562 + phonon energy 0.073124 | electron momentum kIdx = 10
The 8-th iteration is completed.	|| time cost : 0h 0m 9.411s
********************************************************************************************************************
Start the 9 rounds of NGS-ED iteration
	effective electronic model is modified as: kinetic energy t = 0.983183
	                                           effective interaction Vq = [   -7.8125,  -0.58177,-0.0249462,  -0.58177,  -0.58177,-0.0268759,-0.0221179,-0.0268759,-0.0249462,-0.0221179, -0.286722,-0.0221179,  -0.58177,-0.0268759,-0.0221179,-0.0268759]
	PARPACK diagonalization completed after 30 matrix-vector product operations.
	iteration results: : total energy is -85.488438 | electron energy -85.561562 + phonon energy 0.073124 | electron momentum kIdx = 10
	Nq(0) = 9,	Nq(1) = 0.205972,	Nq(2) = 0.236983,	Nq(3) = 0.205972,	Nq(4) = 0.205972,	Nq(5) = 0.255419,	
	Nq(6) = 0.311367,	Nq(7) = 0.255419,	Nq(8) = 0.236983,	Nq(9) = 0.311367,	Nq(10) = 0.381185,	
	Nq(11) = 0.311367,	Nq(12) = 0.205972,	Nq(13) = 0.255419,	Nq(14) = 0.311367,	Nq(15) = 0.255419;	
	Sq(0) = 3.83595e-18,	Sq(1) = 0.546963,	Sq(2) = 0.915335,	Sq(3) = 0.546963,	Sq(4) = 0.546963,	
	Sq(5) = 0.547574,	Sq(6) = 1.01065,	Sq(7) = 0.547574,	Sq(8) = 0.915335,	Sq(9) = 1.01065,	
	Sq(10) = 0.802385,	Sq(11) = 1.01065,	Sq(12) = 0.546963,	Sq(13) = 0.547574,	Sq(14) = 1.01065,	
	Sq(15) = 0.547574;	N(0) = 1.77141,	N(1) = 1.64227,	N(2) = 0.262179,	N(3) = 1.64227,	
	N(4) = 1.64227,	N(5) = 0.61652,	N(6) = 0.143139,	N(7) = 0.61652,	N(8) = 0.262179,	
	N(9) = 0.143139,	N(10) = 0.0965002,	N(11) = 0.143139,	N(12) = 1.64227,	N(13) = 0.61652,	
	N(14) = 0.143139,	N(15) = 0.61652;	Delta[s](0) = 0.0657505,	Delta[s](1) = 0.0461089,	Delta[s](2) = 0.0274245,	
	Delta[s](3) = 0.0461089,	Delta[s](4) = 0.0461089,	Delta[s](5) = 0.0306048,	Delta[s](6) = 0.0110191,	Delta[s](7) = 0.0306048,	
	Delta[s](8) = 0.0274245,	Delta[s](9) = 0.0110191,	Delta[s](10) = 0.00156018,	Delta[s](11) = 0.0110191,	Delta[s](12) = 0.0461089,	
	Delta[s](13) = 0.0306048,	Delta[s](14) = 0.0110191,	Delta[s](15) = 0.0306048;	Delta[d](0) = 0.201015,	Delta[d](1) = 0.129578,	
	Delta[d](2) = 0.162977,	Delta[d](3) = 0.129578,	Delta[d](4) = 0.129578,	Delta[d](5) = 0.119527,	Delta[d](6) = 0.0884088,	
	Delta[d](7) = 0.119527,	Delta[d](8) = 0.162977,	Delta[d](9) = 0.0884088,	Delta[d](10) = 0.0396814,	Delta[d](11) = 0.0884088,	
	Delta[d](12) = 0.129578,	Delta[d](13) = 0.119527,	Delta[d](14) = 0.0884088,	Delta[d](15) = 0.119527;	Delta[s+](0) = 0.5283,	
	Delta[s+](1) = 0.36038,	Delta[s+](2) = 0.162977,	Delta[s+](3) = 0.36038,	Delta[s+](4) = 0.36038,	Delta[s+](5) = 0.207354,	
	Delta[s+](6) = 0.0644365,	Delta[s+](7) = 0.207354,	Delta[s+](8) = 0.162977,	Delta[s+](9) = 0.0644365,	Delta[s+](10) = 0.0175629,	
	Delta[s+](11) = 0.0644365,	Delta[s+](12) = 0.36038,	Delta[s+](13) = 0.207354,	Delta[s+](14) = 0.0644365,	Delta[s+](15) = 0.207354
	
The 9-th iteration is completed.	|| time cost : 0h 1m 19.799s
********************************************************************************************************************
********************************************************************************************************************
Ground state is obtained after 10 iterations. The current ground-state energy is -85.4884, in which electron energy is -85.5616 and phonon energy is 0.0731236
Final variational state is: 
	Gamma_x = [      1,1.71278,1.02936,1.71278,1.71278,1.03411,1.03437,1.03411,1.02936,1.03437,1.66439,1.03437,1.71278,1.03411,1.03437,1.03411]
	lambda_q = [      6.25,  0.410292,   0.05093,  0.410292,  0.410292,   0.05496,-0.0450476,   0.05496,   0.05093,-0.0450476, -0.196285,-0.0450476,  0.410292,   0.05496,-0.0450476,   0.05496]
Effective e-e interactions mediated by phonons are:
	momentum-space Vq = [   -7.8125,  -0.58177,-0.0249462,  -0.58177,  -0.58177,-0.0268759,-0.0221179,-0.0268759,-0.0249462,-0.0221179, -0.286722,-0.0221179,  -0.58177,-0.0268759,-0.0221179,-0.0268759]
	real-space Vr = [-0.667011,-0.540318,-0.502601,-0.540318,-0.540318,-0.503083,-0.400405,-0.503083,-0.502601,-0.400405,-0.365067,-0.400405,-0.540318,-0.503083,-0.400405,-0.503083]
********************************************************************************************************************
o___o  ----------------------------------------
| L |	Time since last clock: 0h 0m 0.008s
A===A	Time since the beginning: 0h 5m 46.643s
***********************************************


Non-Gaussina ED ground state calculation is completed. The final ground-state energy is -85.4884
********************************************************************************************************************
o___o  ----------------------------------------
| L |	Time since last clock: 0h 9m 35.773s
A===A	Time since the beginning: 0h 15m 22.416s
***********************************************



********************************************************************************************************************
All non-Gaussian ED ground state calculations have been completed. Exit now.
