SNEDics v3.22.2 Non-Gaussian ED ground state program		Start at Wed Apr  6 05:25:11 2022

Parallelization: 32 MPI threads  * 8 OpenMP threads = 256 total threads.
********************************************************************************************************************
********************************************************************************************************************

********************************************************************************************************************
System parameters and configurations
	special program options are enabled: splitted diagonal Hamiltonian | splitted Hamiltonian terms
********************************************************************************************************************
Read input file "model_params.in"
	Hubbard-Holstein model parameters : 	t = 1    U = 8    W = 0.2    g' = 0.25    
********************************************************************************************************************
Read input file "hilbertspace_params.in"
	Requested 16-site 2D lattice, with 12 electrons (6, 6)
	Boundary : Periodic		Hilbert space representation : momentum-space (restricted to kIdx = 0)
	Conservation: particle number[U(1)]      spin[U(1)]     momentum
********************************************************************************************************************

Cluster Positions:				Cluster symmetry group : D4
 x ... x ... x ... x .....                       x ... x ... x ... x .....
 |           |           :                       |           |           :
 |           |           :                       |           |           :
12    13    14    15     x                       1     5     6     5     x
 |           |           :                       |           |           :
 |           |           :                       |           |           :
 8 --- 9 ---10 ---11 --- x                       2 --- 6 ---10 --- 6 --- x
 |           |           :                       |           |           :
 |           |           :                       |           |           :
 4     5     6     7     x                       1     5     6     5     x
 |           |           :                       |           |           :
 |           |           :                       |           |           :
 0 --- 1 --- 2 --- 3 --- x                       0 --- 1 --- 2 --- 1 --- x
orbital number : 1
********************************************************************************************************************
Read input file "obs_params.in"
	Observable Type : Nq(All),   Sq(All),   N(All-Orbital),   Delta[s](All),   Delta[d](All),   Delta[s+](All)
** WARNING ** the input observables have non-local factors which have been reinterpreted. The total observable number is 96
********************************************************************************************************************


********************************************************************************************************************
Start calculating the non-Gaussian ED ground state
Maximal iteration number is 1000; energy resolution is 1e-06. Phonon state relaxation time is 2000
W = 0.2 is relatively large. The non-Gaussian ED calculation starts directly.
open output files: NGSED_iteration_observables.txt
********************************************************************************************************************
Start the 0 rounds of NGS-ED iteration
	effective electronic model is modified as: kinetic energy t = 1
	                                           effective interaction Vq = [0,0,0,0,0,0,0,0,0,0,0,0,0,0,0,0]
	first Hamiltonian is constructed, size = 4008592 and non-zero numbers = 969134044
	PARPACK diagonalization completed after 150 matrix-vector product operations.
	iteration results: : total energy is -14.925310 | electron energy -14.925310 + phonon energy 0.000000 | electron momentum kIdx = 0
	Nq(0) = 9,	Nq(1) = 0.191675,	Nq(2) = 0.266183,	Nq(3) = 0.191675,	Nq(4) = 0.191675,	Nq(5) = 0.245517,	
	Nq(6) = 0.314107,	Nq(7) = 0.245517,	Nq(8) = 0.266183,	Nq(9) = 0.314107,	Nq(10) = 0.369338,	
	Nq(11) = 0.314107,	Nq(12) = 0.191675,	Nq(13) = 0.245517,	Nq(14) = 0.314107,	Nq(15) = 0.245517;	
	Sq(0) = 3.02743e-18,	Sq(1) = 0.554662,	Sq(2) = 0.424361,	Sq(3) = 0.554662,	Sq(4) = 0.554662,	
	Sq(5) = 0.79749,	Sq(6) = 1.01287,	Sq(7) = 0.79749,	Sq(8) = 0.424361,	Sq(9) = 1.01287,	
	Sq(10) = 0.784303,	Sq(11) = 1.01287,	Sq(12) = 0.554662,	Sq(13) = 0.79749,	Sq(14) = 1.01287,	
	Sq(15) = 0.79749;	N(0) = 1.76735,	N(1) = 1.6264,	N(2) = 0.74365,	N(3) = 1.6264,	
	N(4) = 1.6264,	N(5) = 0.392302,	N(6) = 0.144321,	N(7) = 0.392302,	N(8) = 0.74365,	
	N(9) = 0.144321,	N(10) = 0.0932732,	N(11) = 0.144321,	N(12) = 1.6264,	N(13) = 0.392302,	
	N(14) = 0.144321,	N(15) = 0.392302;	Delta[s](0) = 0.063476,	Delta[s](1) = 0.0442887,	Delta[s](2) = 0.0302973,	
	Delta[s](3) = 0.0442887,	Delta[s](4) = 0.0442887,	Delta[s](5) = 0.027101,	Delta[s](6) = 0.010465,	Delta[s](7) = 0.027101,	
	Delta[s](8) = 0.0302973,	Delta[s](9) = 0.010465,	Delta[s](10) = 0.00196045,	Delta[s](11) = 0.010465,	Delta[s](12) = 0.0442887,	
	Delta[s](13) = 0.027101,	Delta[s](14) = 0.010465,	Delta[s](15) = 0.027101;	Delta[d](0) = 0.22859,	Delta[d](1) = 0.179877,	
	Delta[d](2) = 0.221716,	Delta[d](3) = 0.179877,	Delta[d](4) = 0.179877,	Delta[d](5) = 0.123334,	Delta[d](6) = 0.150328,	
	Delta[d](7) = 0.123334,	Delta[d](8) = 0.221716,	Delta[d](9) = 0.150328,	Delta[d](10) = 0.0782289,	Delta[d](11) = 0.150328,	
	Delta[d](12) = 0.179877,	Delta[d](13) = 0.123334,	Delta[d](14) = 0.150328,	Delta[d](15) = 0.123334;	Delta[s+](0) = 0.527134,	
	Delta[s+](1) = 0.359762,	Delta[s+](2) = 0.221716,	Delta[s+](3) = 0.359762,	Delta[s+](4) = 0.359762,	Delta[s+](5) = 0.176961,	
	Delta[s+](6) = 0.0632588,	Delta[s+](7) = 0.176961,	Delta[s+](8) = 0.221716,	Delta[s+](9) = 0.0632588,	Delta[s+](10) = 0.0162871,	
	Delta[s+](11) = 0.0632588,	Delta[s+](12) = 0.359762,	Delta[s+](13) = 0.176961,	Delta[s+](14) = 0.0632588,	Delta[s+](15) = 0.176961
	
The 0-th iteration is completed.	|| time cost : 0h 2m 2.352s
********************************************************************************************************************
Start the 1 rounds of NGS-ED iteration
	effective electronic model is modified as: kinetic energy t = 0.982885
	                                           effective interaction Vq = [          -5,    -0.17655,           0,    -0.17655,    -0.17655,-4.93122e-30,   -0.100661,-4.93122e-30,           0,   -0.100661,    -1.08289,   -0.100661,    -0.17655,-4.93122e-30,   -0.100661, -4.4381e-29]
	PARPACK diagonalization completed after 45 matrix-vector product operations.
	iteration results: : total energy is -60.177428 | electron energy -60.300209 + phonon energy 0.122781 | electron momentum kIdx = 0
The 1-th iteration is completed.	|| time cost : 0h 1m 2.016s
********************************************************************************************************************
Start the 2 rounds of NGS-ED iteration
	effective electronic model is modified as: kinetic energy t = 0.972686
	                                           effective interaction Vq = [          -5,   -0.180177,           0,   -0.180177,   -0.180177,-4.87366e-30,   -0.100982,-4.87366e-30,           0,   -0.100982,    -1.99162,   -0.100982,   -0.180177,-4.87366e-30,   -0.100982,-4.38629e-29]
	PARPACK diagonalization completed after 45 matrix-vector product operations.
	iteration results: : total energy is -60.241561 | electron energy -60.540684 + phonon energy 0.299123 | electron momentum kIdx = 0
The 2-th iteration is completed.	|| time cost : 0h 0m 19.852s
********************************************************************************************************************
Start the 3 rounds of NGS-ED iteration
	effective electronic model is modified as: kinetic energy t = 0.9607
	                                           effective interaction Vq = [          -5,   -0.180732,           0,   -0.180732,   -0.180732,-4.85997e-30,   -0.100792,-4.85997e-30,           0,   -0.100792,    -2.93034,   -0.100792,   -0.180732,-4.85997e-30,   -0.100792,-4.37398e-29]
	PARPACK diagonalization completed after 45 matrix-vector product operations.
	iteration results: : total energy is -60.364675 | electron energy -60.882096 + phonon energy 0.517422 | electron momentum kIdx = 0
The 3-th iteration is completed.	|| time cost : 0h 0m 19.925s
********************************************************************************************************************
Start the 4 rounds of NGS-ED iteration
	effective electronic model is modified as: kinetic energy t = 0.944654
	                                           effective interaction Vq = [          -5,   -0.181464,           0,   -0.181464,   -0.181464,-4.84262e-30,   -0.100605,-4.84262e-30,           0,   -0.100605,    -3.92167,   -0.100605,   -0.181464,-4.84262e-30,   -0.100605,-4.35836e-29]
	PARPACK diagonalization completed after 45 matrix-vector product operations.
	iteration results: : total energy is -60.795363 | electron energy -61.608839 + phonon energy 0.813475 | electron momentum kIdx = 0
The 4-th iteration is completed.	|| time cost : 0h 0m 19.998s
********************************************************************************************************************
Start the 5 rounds of NGS-ED iteration
	effective electronic model is modified as: kinetic energy t = 0.920888
	                                           effective interaction Vq = [          -5,   -0.183542,           0,   -0.183542,   -0.183542,-4.81643e-30,   -0.100667,-4.81643e-30,           0,   -0.100667,     -4.7986,   -0.100667,   -0.183542,-4.81643e-30,   -0.100667,-4.33479e-29]
	PARPACK diagonalization completed after 45 matrix-vector product operations.
	iteration results: : total energy is -62.908440 | electron energy -64.148668 + phonon energy 1.240227 | electron momentum kIdx = 0
The 5-th iteration is completed.	|| time cost : 0h 0m 19.89s
********************************************************************************************************************
Start the 6 rounds of NGS-ED iteration
	effective electronic model is modified as: kinetic energy t = 0.896463
	                                           effective interaction Vq = [          -5,   -0.222487,           0,   -0.222487,   -0.222487,-5.00538e-30,   -0.108935,-5.00538e-30,           0,   -0.108935,    -4.98496,   -0.108935,   -0.222487,-5.00538e-30,   -0.108935,-4.50484e-29]
	PARPACK diagonalization completed after 45 matrix-vector product operations.
	iteration results: : total energy is -63.583308 | electron energy -64.897382 + phonon energy 1.314073 | electron momentum kIdx = 0
The 6-th iteration is completed.	|| time cost : 0h 0m 19.89s
********************************************************************************************************************
Start the 7 rounds of NGS-ED iteration
	effective electronic model is modified as: kinetic energy t = 0.889908
	                                           effective interaction Vq = [          -5,   -0.243579,           0,   -0.243579,   -0.243579,-5.12604e-30,   -0.113494,-5.12604e-30,           0,   -0.113494,    -4.98942,   -0.113494,   -0.243579,-5.12604e-30,   -0.113494,-4.61343e-29]
	PARPACK diagonalization completed after 30 matrix-vector product operations.
	iteration results: : total energy is -63.589619 | electron energy -64.851453 + phonon energy 1.261834 | electron momentum kIdx = 0
The 7-th iteration is completed.	|| time cost : 0h 0m 18.37s
********************************************************************************************************************
Start the 8 rounds of NGS-ED iteration
	effective electronic model is modified as: kinetic energy t = 0.889357
	                                           effective interaction Vq = [          -5,   -0.246048,           0,   -0.246048,   -0.246048,-5.12672e-30,   -0.113948,-5.12672e-30,           0,   -0.113948,    -4.98965,   -0.113948,   -0.246048,-5.12672e-30,   -0.113948,-4.61405e-29]
	PARPACK diagonalization completed after 30 matrix-vector product operations.
	iteration results: : total energy is -63.589655 | electron energy -64.847343 + phonon energy 1.257688 | electron momentum kIdx = 0
The 8-th iteration is completed.	|| time cost : 0h 0m 18.378s
********************************************************************************************************************
Start the 9 rounds of NGS-ED iteration
	effective electronic model is modified as: kinetic energy t = 0.889313
	                                           effective interaction Vq = [          -5,   -0.246275,           0,   -0.246275,   -0.246275,-5.12636e-30,   -0.113987,-5.12636e-30,           0,   -0.113987,    -4.98967,   -0.113987,   -0.246275,-5.12636e-30,   -0.113987,-4.61372e-29]
	PARPACK diagonalization completed after 30 matrix-vector product operations.
	iteration results: : total energy is -63.589655 | electron energy -64.847032 + phonon energy 1.257377 | electron momentum kIdx = 0
The 9-th iteration is completed.	|| time cost : 0h 0m 18.348s
********************************************************************************************************************
Start the 10 rounds of NGS-ED iteration
	effective electronic model is modified as: kinetic energy t = 0.889309
	                                           effective interaction Vq = [          -5,   -0.246295,           0,   -0.246295,   -0.246295,-5.12631e-30,    -0.11399,-5.12631e-30,           0,    -0.11399,    -4.98967,    -0.11399,   -0.246295,-5.12631e-30,    -0.11399,-4.61368e-29]
	PARPACK diagonalization completed after 30 matrix-vector product operations.
	iteration results: : total energy is -63.589655 | electron energy -64.847007 + phonon energy 1.257352 | electron momentum kIdx = 0
The 10-th iteration is completed.	|| time cost : 0h 0m 18.367s
********************************************************************************************************************
Start the 11 rounds of NGS-ED iteration
	effective electronic model is modified as: kinetic energy t = 0.889309
	                                           effective interaction Vq = [          -5,   -0.246296,           0,   -0.246296,   -0.246296,-5.12631e-30,   -0.113991,-5.12631e-30,           0,   -0.113991,    -4.98967,   -0.113991,   -0.246296,-5.12631e-30,   -0.113991,-4.61368e-29]
	PARPACK diagonalization completed after 30 matrix-vector product operations.
	iteration results: : total energy is -63.589655 | electron energy -64.847005 + phonon energy 1.257350 | electron momentum kIdx = 0
The 11-th iteration is completed.	|| time cost : 0h 0m 18.33s
********************************************************************************************************************
Start the 12 rounds of NGS-ED iteration
	effective electronic model is modified as: kinetic energy t = 0.889309
	                                           effective interaction Vq = [          -5,   -0.246296,           0,   -0.246296,   -0.246296,-5.12631e-30,   -0.113991,-5.12631e-30,           0,   -0.113991,    -4.98967,   -0.113991,   -0.246296,-5.12631e-30,   -0.113991,-4.61368e-29]
	PARPACK diagonalization completed after 30 matrix-vector product operations.
	iteration results: : total energy is -63.589655 | electron energy -64.847005 + phonon energy 1.257350 | electron momentum kIdx = 0
The 12-th iteration is completed.	|| time cost : 0h 0m 18.392s
********************************************************************************************************************
Start the 13 rounds of NGS-ED iteration
	effective electronic model is modified as: kinetic energy t = 0.889309
	                                           effective interaction Vq = [          -5,   -0.246296,           0,   -0.246296,   -0.246296,-5.12631e-30,   -0.113991,-5.12631e-30,           0,   -0.113991,    -4.98967,   -0.113991,   -0.246296,-5.12631e-30,   -0.113991,-4.61368e-29]
	PARPACK diagonalization completed after 30 matrix-vector product operations.
	iteration results: : total energy is -63.589655 | electron energy -64.847005 + phonon energy 1.257350 | electron momentum kIdx = 0
	Nq(0) = 9,	Nq(1) = 0.184974,	Nq(2) = 0.171502,	Nq(3) = 0.184974,	Nq(4) = 0.184974,	Nq(5) = 0.177374,	
	Nq(6) = 0.25228,	Nq(7) = 0.177374,	Nq(8) = 0.171502,	Nq(9) = 0.25228,	Nq(10) = 6.17968,	
	Nq(11) = 0.25228,	Nq(12) = 0.184974,	Nq(13) = 0.177374,	Nq(14) = 0.25228,	Nq(15) = 0.177374;	
	Sq(0) = -2.50852e-18,	Sq(1) = 0.369582,	Sq(2) = 0.16457,	Sq(3) = 0.369582,	Sq(4) = 0.369582,	
	Sq(5) = 0.450199,	Sq(6) = 0.535722,	Sq(7) = 0.450199,	Sq(8) = 0.16457,	Sq(9) = 0.535722,	
	Sq(10) = 0.267653,	Sq(11) = 0.535722,	Sq(12) = 0.369582,	Sq(13) = 0.450199,	Sq(14) = 0.535722,	
	Sq(15) = 0.450199;	N(0) = 1.72091,	N(1) = 1.44106,	N(2) = 0.640553,	N(3) = 1.44106,	
	N(4) = 1.44106,	N(5) = 0.340941,	N(6) = 0.410118,	N(7) = 0.340941,	N(8) = 0.640553,	
	N(9) = 0.410118,	N(10) = 0.229494,	N(11) = 0.410118,	N(12) = 1.44106,	N(13) = 0.340941,	
	N(14) = 0.410118,	N(15) = 0.340941;	Delta[s](0) = 0.204039,	Delta[s](1) = 0.196231,	Delta[s](2) = 0.186869,	
	Delta[s](3) = 0.196231,	Delta[s](4) = 0.196231,	Delta[s](5) = 0.187689,	Delta[s](6) = 0.177739,	Delta[s](7) = 0.187689,	
	Delta[s](8) = 0.186869,	Delta[s](9) = 0.177739,	Delta[s](10) = 0.166186,	Delta[s](11) = 0.177739,	Delta[s](12) = 0.196231,	
	Delta[s](13) = 0.187689,	Delta[s](14) = 0.177739,	Delta[s](15) = 0.187689;	Delta[d](0) = 0.067226,	Delta[d](1) = 0.0417169,	
	Delta[d](2) = 0.0801572,	Delta[d](3) = 0.0417169,	Delta[d](4) = 0.0417169,	Delta[d](5) = 0.0360281,	Delta[d](6) = 0.0320485,	
	Delta[d](7) = 0.0360281,	Delta[d](8) = 0.0801572,	Delta[d](9) = 0.0320485,	Delta[d](10) = 0.00731644,	Delta[d](11) = 0.0320485,	
	Delta[d](12) = 0.0417169,	Delta[d](13) = 0.0360281,	Delta[d](14) = 0.0320485,	Delta[d](15) = 0.0360281;	Delta[s+](0) = 0.244625,	
	Delta[s+](1) = 0.157243,	Delta[s+](2) = 0.0801572,	Delta[s+](3) = 0.157243,	Delta[s+](4) = 0.157243,	Delta[s+](5) = 0.0652473,	
	Delta[s+](6) = 0.0213625,	Delta[s+](7) = 0.0652473,	Delta[s+](8) = 0.0801572,	Delta[s+](9) = 0.0213625,	Delta[s+](10) = 0.00630915,	
	Delta[s+](11) = 0.0213625,	Delta[s+](12) = 0.157243,	Delta[s+](13) = 0.0652473,	Delta[s+](14) = 0.0213625,	Delta[s+](15) = 0.0652473
	
The 13-th iteration is completed.	|| time cost : 0h 1m 28.565s
********************************************************************************************************************
********************************************************************************************************************
Ground state is obtained after 14 iterations. The current ground-state energy is -63.5897, in which electron energy is -64.847 and phonon energy is 1.25735
Final variational state is: 
	Gamma_x = [      1,1.23822,      1,1.23822,1.23822,      1,1.15015,      1,      1,1.15015, 26.848,1.15015,1.23822,      1,1.15015,      1]
	lambda_q = [           5,    0.259795,           0,    0.259795,    0.259795,-7.50237e-16,   -0.116715, 7.50237e-16,           0,   -0.116715,    -4.77274,   -0.116715,    0.259795, 7.50237e-16,   -0.116715, 2.25071e-15]
Effective e-e interactions mediated by phonons are:
	momentum-space Vq = [          -5,   -0.246296,           0,   -0.246296,   -0.246296,-5.12631e-30,   -0.113991,-5.12631e-30,           0,   -0.113991,    -4.98967,   -0.113991,   -0.246296,-5.12631e-30,   -0.113991,-4.61368e-29]
	real-space Vr = [ -0.714426,-0.0171838, -0.624354,-0.0171838,-0.0171838, -0.624354, 0.0158926, -0.624354, -0.624354, 0.0158926, -0.534283, 0.0158926,-0.0171838, -0.624354, 0.0158926, -0.624354]
********************************************************************************************************************
o___o  ----------------------------------------
| L |	Time since last clock: 0h 0m 0.017s
A===A	Time since the beginning: 0h 8m 2.695s
***********************************************


Non-Gaussina ED ground state calculation is completed. The final ground-state energy is -63.5897
********************************************************************************************************************
o___o  ----------------------------------------
| L |	Time since last clock: 0h 0m 0.002s
A===A	Time since the beginning: 0h 8m 2.698s
***********************************************



********************************************************************************************************************
All non-Gaussian ED ground state calculations have been completed. Exit now.
