SNEDics v3.4 Non-Gaussian ED ground state program		Start at Tue Oct  1 12:54:28 2019

parallized on 16 MPI threads  * 8 OpenMP threads = 128 total threads.
********************************************************************************************************************
********************************************************************************************************************

********************************************************************************************************************
System parameters and configurations
********************************************************************************************************************
Special program options are enabled: splitted diagonal Hamiltonian
********************************************************************************************************************
Read input file "model_params.in"
	Hubbard-Holstein model parameters : 	t = 1    U = 4.9    g = 3.7417    W = 5    
********************************************************************************************************************
Read input file "hilbertspace_params.in"
	Requested 16-site 2D lattice, with 16 electrons (8, 8)
	Boundary : Periodic		Hilbert space representation : momentum-space (restricted to kIdx = 0)
	Conservation: particle number[U(1)]      spin[U(1)]     momentum
********************************************************************************************************************

Cluster Positions:				Cluster symmetry group : D4
 x ... x ... x ... x .....                       x ... x ... x ... x .....
 |           |           :                       |           |           :
 |           |           :                       |           |           :
12    13    14    15     x                       1     5     6     5     x
 |           |           :                       |           |           :
 |           |           :                       |           |           :
 8 --- 9 ---10 ---11 --- x                       2 --- 6 ---10 --- 6 --- x
 |           |           :                       |           |           :
 |           |           :                       |           |           :
 4     5     6     7     x                       1     5     6     5     x
 |           |           :                       |           |           :
 |           |           :                       |           |           :
 0 --- 1 --- 2 --- 3 --- x                       0 --- 1 --- 2 --- 1 --- x
orbital number : 1
********************************************************************************************************************
Read input file "obs_params.in"
	Observable Type : Nq(All),   Sq(All),   N(All),   Delta[s](All),   Delta[d](All),   Delta[s+](All)
********************************************************************************************************************
** WARNING ** the input observables have non-local factors which have been reinterpreted. The total observable number is 96
********************************************************************************************************************


********************************************************************************************************************
Start calculating the non-Gaussian ED ground state
** WARNING ** Detected low phonon energy W < 10. The initial state will be prepared through a warm-up process.
********************************************************************************************************************
Start warm-up calculation for scaling factor 2
open output files: NGSEDWarmUpW10Obs.txt
********************************************************************************************************************
Start the 0 rounds of NGS-ED iteration
	effective electronic model is modified as: kinetic energy t = 1
	                                           effective interaction Vq = [-0,-0,-0,-0,-0,-0,-0,-0,-0,-0,-0,-0,-0,-0,-0,-0]
	first Hamiltonian is constructed, non-zero numbers = 2845383612
	PARPACK diagonalization completed after 90 matrix-vector product operations.
	iteration results: : total energy is -12.094753 | electron energy -12.094753 + phonon energy 0.000000 | electron momentum kIdx = 0
	Nq(0) = 16,	Nq(1) = 0.127598,	Nq(2) = 0.198901,	Nq(3) = 0.127598,	Nq(4) = 0.127598,	Nq(5) = 0.198901,	Nq(6) = 0.269657,	Nq(7) = 0.198901,	Nq(8) = 0.198901,	Nq(9) = 0.269657,	Nq(10) = 0.331553,	Nq(11) = 0.269657,	Nq(12) = 0.127598,	Nq(13) = 0.198901,	Nq(14) = 0.269657,	Nq(15) = 0.198901,	Sq(0) = 5.81457e-18,	Sq(1) = 0.427248,	Sq(2) = 0.629625,	Sq(3) = 0.427248,	Sq(4) = 0.427248,	Sq(5) = 0.629625,	Sq(6) = 0.837716,	Sq(7) = 0.629625,	Sq(8) = 0.629625,	Sq(9) = 0.837716,	Sq(10) = 4.04841,	Sq(11) = 0.837716,	Sq(12) = 0.427248,	Sq(13) = 0.629625,	Sq(14) = 0.837716,	Sq(15) = 0.629625,	N(0) = 1.89992,	N(1) = 1.78279,	N(2) = 1,	N(3) = 1.78279,	N(4) = 1.78279,	N(5) = 1,	N(6) = 0.21721,	N(7) = 1,	N(8) = 1,	N(9) = 0.21721,	N(10) = 0.100079,	N(11) = 0.21721,	N(12) = 1.78279,	N(13) = 1,	N(14) = 0.21721,	N(15) = 1,	Delta[s](0) = 0.149349,	Delta[s](1) = 0.125805,	Delta[s](2) = 0.0989285,	Delta[s](3) = 0.125805,	Delta[s](4) = 0.125805,	Delta[s](5) = 0.0989285,	Delta[s](6) = 0.0718219,	Delta[s](7) = 0.0989285,	Delta[s](8) = 0.0989285,	Delta[s](9) = 0.0718219,	Delta[s](10) = 0.0235638,	Delta[s](11) = 0.0718219,	Delta[s](12) = 0.125805,	Delta[s](13) = 0.0989285,	Delta[s](14) = 0.0718219,	Delta[s](15) = 0.0989285,	Delta[d](0) = 0.56395,	Delta[d](1) = 0.400393,	Delta[d](2) = 0.315887,	Delta[d](3) = 0.400393,	Delta[d](4) = 0.400393,	Delta[d](5) = 0.329858,	Delta[d](6) = 0.236556,	Delta[d](7) = 0.329858,	Delta[d](8) = 0.315887,	Delta[d](9) = 0.236556,	Delta[d](10) = 0.108959,	Delta[d](11) = 0.236556,	Delta[d](12) = 0.400393,	Delta[d](13) = 0.329858,	Delta[d](14) = 0.236556,	Delta[d](15) = 0.329858,	Delta[s+](0) = 0.598407,	Delta[s+](1) = 0.473748,	Delta[s+](2) = 0.315887,	Delta[s+](3) = 0.473748,	Delta[s+](4) = 0.473748,	Delta[s+](5) = 0.315887,	Delta[s+](6) = 0.164359,	Delta[s+](7) = 0.315887,	Delta[s+](8) = 0.315887,	Delta[s+](9) = 0.164359,	Delta[s+](10) = 0.0453955,	Delta[s+](11) = 0.164359,	Delta[s+](12) = 0.473748,	Delta[s+](13) = 0.315887,	Delta[s+](14) = 0.164359,	Delta[s+](15) = 0.315887
The 0-th iteration is completed.	|| time cost : 0h 8m 41.721s
********************************************************************************************************************
Start the 1 rounds of NGS-ED iteration
	effective electronic model is modified as: kinetic energy t = 0.933487
	                                           effective interaction Vq = [-2.42112,-2.17225, -2.1053,-2.17225,-2.17225, -2.1053,-2.07449, -2.1053, -2.1053,-2.07449,-2.04799,-2.07449,-2.17225, -2.1053,-2.07449, -2.1053]
	PARPACK diagonalization completed after 60 matrix-vector product operations.
	iteration results: : total energy is -58.872196 | electron energy -58.876128 + phonon energy 0.003932 | electron momentum kIdx = 0
The 1-th iteration is completed.	|| time cost : 0h 7m 49.532s
********************************************************************************************************************
Start the 2 rounds of NGS-ED iteration
	effective electronic model is modified as: kinetic energy t = 0.882136
	                                           effective interaction Vq = [-2.74878,-2.61243,-2.50196,-2.61243,-2.61243,-2.50196,-2.50644,-2.50196,-2.50196,-2.50644,-2.44846,-2.50644,-2.61243,-2.50196,-2.50644,-2.50196]
	PARPACK diagonalization completed after 75 matrix-vector product operations.
	iteration results: : total energy is -65.730919 | electron energy -65.765021 + phonon energy 0.034102 | electron momentum kIdx = 0
The 2-th iteration is completed.	|| time cost : 0h 0m 41.411s
********************************************************************************************************************
Start the 3 rounds of NGS-ED iteration
	effective electronic model is modified as: kinetic energy t = 0.850634
	                                           effective interaction Vq = [-2.79312,-2.71508,-2.68604,-2.71508,-2.71508,-2.68604,-2.62421,-2.68604,-2.68604,-2.62421,-2.61729,-2.62421,-2.71508,-2.68604,-2.62421,-2.68604]
	PARPACK diagonalization completed after 60 matrix-vector product operations.
	iteration results: : total energy is -67.069908 | electron energy -67.136625 + phonon energy 0.066717 | electron momentum kIdx = 0
The 3-th iteration is completed.	|| time cost : 0h 0m 36.741s
********************************************************************************************************************
Start the 4 rounds of NGS-ED iteration
	effective electronic model is modified as: kinetic energy t = 0.839308
	                                           effective interaction Vq = [-2.79912,-2.74038,-2.73027,-2.74038,-2.74038,-2.73027,-2.65676,-2.73027,-2.73027,-2.65676, -2.6663,-2.65676,-2.74038,-2.73027,-2.65676,-2.73027]
	PARPACK diagonalization completed after 45 matrix-vector product operations.
	iteration results: : total energy is -67.244323 | electron energy -67.329814 + phonon energy 0.085491 | electron momentum kIdx = 0
The 4-th iteration is completed.	|| time cost : 0h 0m 32.027s
********************************************************************************************************************
Start the 5 rounds of NGS-ED iteration
	effective electronic model is modified as: kinetic energy t = 0.835379
	                                           effective interaction Vq = [-2.79994,-2.74784,-2.74294,-2.74784,-2.74784,-2.74294,-2.66702,-2.74294,-2.74294,-2.66702,-2.68263,-2.66702,-2.74784,-2.74294,-2.66702,-2.74294]
	PARPACK diagonalization completed after 45 matrix-vector product operations.
	iteration results: : total energy is -67.266673 | electron energy -67.359902 + phonon energy 0.093229 | electron momentum kIdx = 0
The 5-th iteration is completed.	|| time cost : 0h 0m 32.037s
********************************************************************************************************************
Start the 6 rounds of NGS-ED iteration
	effective electronic model is modified as: kinetic energy t = 0.834027
	                                           effective interaction Vq = [-2.80005,-2.75023,-2.74694,-2.75023,-2.75023,-2.74694,-2.67043,-2.74694,-2.74694,-2.67043,-2.68849,-2.67043,-2.75023,-2.74694,-2.67043,-2.74694]
	PARPACK diagonalization completed after 45 matrix-vector product operations.
	iteration results: : total energy is -67.269533 | electron energy -67.365613 + phonon energy 0.096080 | electron momentum kIdx = 0
The 6-th iteration is completed.	|| time cost : 0h 0m 32.087s
********************************************************************************************************************
Start the 7 rounds of NGS-ED iteration
	effective electronic model is modified as: kinetic energy t = 0.833562
	                                           effective interaction Vq = [-2.80006,-2.75102,-2.74825,-2.75102,-2.75102,-2.74825,-2.67159,-2.74825,-2.74825,-2.67159,-2.69068,-2.67159,-2.75102,-2.74825,-2.67159,-2.74825]
	PARPACK diagonalization completed after 30 matrix-vector product operations.
	iteration results: : total energy is -67.269901 | electron energy -67.366992 + phonon energy 0.097091 | electron momentum kIdx = 0
The 7-th iteration is completed.	|| time cost : 0h 0m 27.395s
********************************************************************************************************************
Start the 8 rounds of NGS-ED iteration
	effective electronic model is modified as: kinetic energy t = 0.833402
	                                           effective interaction Vq = [-2.80006,-2.75129,-2.74868,-2.75129,-2.75129,-2.74868,-2.67198,-2.74868,-2.74868,-2.67198,-2.69152,-2.67198,-2.75129,-2.74868,-2.67198,-2.74868]
	PARPACK diagonalization completed after 30 matrix-vector product operations.
	iteration results: : total energy is -67.269949 | electron energy -67.367394 + phonon energy 0.097446 | electron momentum kIdx = 0
The 8-th iteration is completed.	|| time cost : 0h 0m 27.296s
********************************************************************************************************************
Start the 9 rounds of NGS-ED iteration
	effective electronic model is modified as: kinetic energy t = 0.833346
	                                           effective interaction Vq = [-2.80006,-2.75138,-2.74882,-2.75138,-2.75138,-2.74882,-2.67212,-2.74882,-2.74882,-2.67212,-2.69184,-2.67212,-2.75138,-2.74882,-2.67212,-2.74882]
	PARPACK diagonalization completed after 30 matrix-vector product operations.
	iteration results: : total energy is -67.269955 | electron energy -67.367525 + phonon energy 0.097570 | electron momentum kIdx = 0
	Nq(0) = 16,	Nq(1) = 0.399747,	Nq(2) = 0.758048,	Nq(3) = 0.399747,	Nq(4) = 0.399747,	Nq(5) = 0.758048,	Nq(6) = 0.646696,	Nq(7) = 0.758048,	Nq(8) = 0.758048,	Nq(9) = 0.646696,	Nq(10) = 0.937806,	Nq(11) = 0.646696,	Nq(12) = 0.399747,	Nq(13) = 0.758048,	Nq(14) = 0.646696,	Nq(15) = 0.758048,	Sq(0) = -6.61408e-18,	Sq(1) = 0.331848,	Sq(2) = 0.358827,	Sq(3) = 0.331848,	Sq(4) = 0.331848,	Sq(5) = 0.358827,	Sq(6) = 0.563402,	Sq(7) = 0.358827,	Sq(8) = 0.358827,	Sq(9) = 0.563402,	Sq(10) = 0.59418,	Sq(11) = 0.563402,	Sq(12) = 0.331848,	Sq(13) = 0.358827,	Sq(14) = 0.563402,	Sq(15) = 0.358827,	N(0) = 1.99823,	N(1) = 1.99517,	N(2) = 1,	N(3) = 1.99517,	N(4) = 1.99517,	N(5) = 1,	N(6) = 0.00483209,	N(7) = 1,	N(8) = 1,	N(9) = 0.00483209,	N(10) = 0.0017676,	N(11) = 0.00483209,	N(12) = 1.99517,	N(13) = 1,	N(14) = 0.00483209,	N(15) = 1,	Delta[s](0) = 0.709125,	Delta[s](1) = 0.315795,	Delta[s](2) = 0.272242,	Delta[s](3) = 0.315795,	Delta[s](4) = 0.315795,	Delta[s](5) = 0.272242,	Delta[s](6) = 0.24914,	Delta[s](7) = 0.272242,	Delta[s](8) = 0.272242,	Delta[s](9) = 0.24914,	Delta[s](10) = 0.233615,	Delta[s](11) = 0.24914,	Delta[s](12) = 0.315795,	Delta[s](13) = 0.272242,	Delta[s](14) = 0.24914,	Delta[s](15) = 0.272242,	Delta[d](0) = 0.341397,	Delta[d](1) = 0.283397,	Delta[d](2) = 0.257198,	Delta[d](3) = 0.283397,	Delta[d](4) = 0.283397,	Delta[d](5) = 0.251615,	Delta[d](6) = 0.238154,	Delta[d](7) = 0.251615,	Delta[d](8) = 0.257198,	Delta[d](9) = 0.238154,	Delta[d](10) = 0.161927,	Delta[d](11) = 0.238154,	Delta[d](12) = 0.283397,	Delta[d](13) = 0.251615,	Delta[d](14) = 0.238154,	Delta[d](15) = 0.251615,	Delta[s+](0) = 0.468483,	Delta[s+](1) = 0.384916,	Delta[s+](2) = 0.257198,	Delta[s+](3) = 0.384916,	Delta[s+](4) = 0.384916,	Delta[s+](5) = 0.257198,	Delta[s+](6) = 0.125331,	Delta[s+](7) = 0.257198,	Delta[s+](8) = 0.257198,	Delta[s+](9) = 0.125331,	Delta[s+](10) = 0.0396038,	Delta[s+](11) = 0.125331,	Delta[s+](12) = 0.384916,	Delta[s+](13) = 0.257198,	Delta[s+](14) = 0.125331,	Delta[s+](15) = 0.257198
The 9-th iteration is completed.	|| time cost : 0h 4m 24.595s
********************************************************************************************************************
********************************************************************************************************************
Ground state is obtained after 10 iterations. The current ground-state energy is -67.27, in which electron energy is -67.3675 and phonon energy is 0.0975699
final variational state is: 
	Gamma_x = [      1,1.02594,1.05085,1.02594,1.02594,1.05085, 1.0627,1.05085,1.05085, 1.0627,1.08631, 1.0627,1.02594,1.05085, 1.0627,1.05085]
	lambda_q = [0.529132,0.459401,0.457607,0.459401,0.459401,0.457607,0.416065,0.457607,0.457607,0.416065,0.425186,0.416065,0.459401,0.457607,0.416065,0.457607]
********************************************************************************************************************
o___o  ----------------------------------------
| L |	Time since last clock: 0h 0m 0s
A===A	Time since the beginning: 0h 24m 44.847s
***********************************************


********************************************************************************************************************
Warm up runs have been completed. Start calculating W = 5 phonon.
open output files: NGSEDIterationObs.txt
********************************************************************************************************************
Start the 0 rounds of NGS-ED iteration
	effective electronic model is modified as: kinetic energy t = 0.833327
	                                           effective interaction Vq = [ -2.5598,-2.38264,-2.37744,-2.38264,-2.38264,-2.37744,-2.24803,-2.37744,-2.37744,-2.24803,-2.27792,-2.24803,-2.38264,-2.37744,-2.24803,-2.37744]
	PARPACK diagonalization completed after 75 matrix-vector product operations.
	iteration results: : total energy is -60.056250 | electron energy -60.105056 + phonon energy 0.048807 | electron momentum kIdx = 0
	Nq(0) = 16,	Nq(1) = 0.359078,	Nq(2) = 0.373023,	Nq(3) = 0.359078,	Nq(4) = 0.359078,	Nq(5) = 0.373023,	Nq(6) = 0.575501,	Nq(7) = 0.373023,	Nq(8) = 0.373023,	Nq(9) = 0.575501,	Nq(10) = 0.60232,	Nq(11) = 0.575501,	Nq(12) = 0.359078,	Nq(13) = 0.373023,	Nq(14) = 0.575501,	Nq(15) = 0.373023,	Sq(0) = -1.03812e-18,	Sq(1) = 0.384401,	Sq(2) = 0.554055,	Sq(3) = 0.384401,	Sq(4) = 0.384401,	Sq(5) = 0.554055,	Sq(6) = 0.641596,	Sq(7) = 0.554055,	Sq(8) = 0.554055,	Sq(9) = 0.641596,	Sq(10) = 1.99291,	Sq(11) = 0.641596,	Sq(12) = 0.384401,	Sq(13) = 0.554055,	Sq(14) = 0.641596,	Sq(15) = 0.554055,	N(0) = 1.9994,	N(1) = 1.9985,	N(2) = 1,	N(3) = 1.9985,	N(4) = 1.9985,	N(5) = 1,	N(6) = 0.00149532,	N(7) = 1,	N(8) = 1,	N(9) = 0.00149532,	N(10) = 0.000595158,	N(11) = 0.00149532,	N(12) = 1.9985,	N(13) = 1,	N(14) = 0.00149532,	N(15) = 1,	Delta[s](0) = 0.253186,	Delta[s](1) = 0.246164,	Delta[s](2) = 0.196373,	Delta[s](3) = 0.246164,	Delta[s](4) = 0.246164,	Delta[s](5) = 0.196373,	Delta[s](6) = 0.190181,	Delta[s](7) = 0.196373,	Delta[s](8) = 0.196373,	Delta[s](9) = 0.190181,	Delta[s](10) = 0.112584,	Delta[s](11) = 0.190181,	Delta[s](12) = 0.246164,	Delta[s](13) = 0.196373,	Delta[s](14) = 0.190181,	Delta[s](15) = 0.196373,	Delta[d](0) = 0.548088,	Delta[d](1) = 0.322887,	Delta[d](2) = 0.282012,	Delta[d](3) = 0.322887,	Delta[d](4) = 0.322887,	Delta[d](5) = 0.333233,	Delta[d](6) = 0.250224,	Delta[d](7) = 0.333233,	Delta[d](8) = 0.282012,	Delta[d](9) = 0.250224,	Delta[d](10) = 0.123038,	Delta[d](11) = 0.250224,	Delta[d](12) = 0.322887,	Delta[d](13) = 0.333233,	Delta[d](14) = 0.250224,	Delta[d](15) = 0.333233,	Delta[s+](0) = 0.515228,	Delta[s+](1) = 0.423592,	Delta[s+](2) = 0.282012,	Delta[s+](3) = 0.423592,	Delta[s+](4) = 0.423592,	Delta[s+](5) = 0.282012,	Delta[s+](6) = 0.141019,	Delta[s+](7) = 0.282012,	Delta[s+](8) = 0.282012,	Delta[s+](9) = 0.141019,	Delta[s+](10) = 0.0426703,	Delta[s+](11) = 0.141019,	Delta[s+](12) = 0.423592,	Delta[s+](13) = 0.282012,	Delta[s+](14) = 0.141019,	Delta[s+](15) = 0.282012
The 0-th iteration is completed.	|| time cost : 0h 4m 35.223s
********************************************************************************************************************
Start the 1 rounds of NGS-ED iteration
	effective electronic model is modified as: kinetic energy t = 0.825197
	                                           effective interaction Vq = [-2.71168,-2.51682,-2.38428,-2.51682,-2.51682,-2.38428,-2.34698,-2.38428,-2.38428,-2.34698,-2.29061,-2.34698,-2.51682,-2.38428,-2.34698,-2.38428]
	PARPACK diagonalization completed after 60 matrix-vector product operations.
	iteration results: : total energy is -62.661011 | electron energy -62.795447 + phonon energy 0.134435 | electron momentum kIdx = 0
The 1-th iteration is completed.	|| time cost : 0h 0m 37.03s
********************************************************************************************************************
Start the 2 rounds of NGS-ED iteration
	effective electronic model is modified as: kinetic energy t = 0.817704
	                                           effective interaction Vq = [-2.76755,-2.58769,-2.39434,-2.58769,-2.58769,-2.39434,-2.40905,-2.39434,-2.39434,-2.40905,-2.30877,-2.40905,-2.58769,-2.39434,-2.40905,-2.39434]
	PARPACK diagonalization completed after 60 matrix-vector product operations.
	iteration results: : total energy is -63.620481 | electron energy -63.806141 + phonon energy 0.185659 | electron momentum kIdx = 0
The 2-th iteration is completed.	|| time cost : 0h 0m 36.717s
********************************************************************************************************************
Start the 3 rounds of NGS-ED iteration
	effective electronic model is modified as: kinetic energy t = 0.812274
	                                           effective interaction Vq = [ -2.7881,-2.62675,-2.40225,-2.62675,-2.62675,-2.40225,-2.44741,-2.40225,-2.40225,-2.44741,-2.32227,-2.44741,-2.62675,-2.40225,-2.44741,-2.40225]
	PARPACK diagonalization completed after 60 matrix-vector product operations.
	iteration results: : total energy is -63.975316 | electron energy -64.189987 + phonon energy 0.214671 | electron momentum kIdx = 0
The 3-th iteration is completed.	|| time cost : 0h 0m 37.053s
********************************************************************************************************************
Start the 4 rounds of NGS-ED iteration
	effective electronic model is modified as: kinetic energy t = 0.808649
	                                           effective interaction Vq = [-2.79566,-2.64899,-2.40763,-2.64899,-2.64899,-2.40763,-2.47111,-2.40763,-2.40763,-2.47111,-2.33098,-2.47111,-2.64899,-2.40763,-2.47111,-2.40763]
	PARPACK diagonalization completed after 60 matrix-vector product operations.
	iteration results: : total energy is -64.106590 | electron energy -64.338324 + phonon energy 0.231735 | electron momentum kIdx = 0
The 4-th iteration is completed.	|| time cost : 0h 0m 36.868s
********************************************************************************************************************
Start the 5 rounds of NGS-ED iteration
	effective electronic model is modified as: kinetic energy t = 0.806313
	                                           effective interaction Vq = [-2.79844,-2.66196,-2.41109,-2.66196,-2.66196,-2.41109,-2.48582,-2.41109,-2.41109,-2.48582,-2.33634,-2.48582,-2.66196,-2.41109,-2.48582,-2.41109]
	PARPACK diagonalization completed after 60 matrix-vector product operations.
	iteration results: : total energy is -64.155141 | electron energy -64.397241 + phonon energy 0.242100 | electron momentum kIdx = 0
The 5-th iteration is completed.	|| time cost : 0h 0m 36.82s
********************************************************************************************************************
Start the 6 rounds of NGS-ED iteration
	effective electronic model is modified as: kinetic energy t = 0.804835
	                                           effective interaction Vq = [-2.79947,-2.66965,-2.41327,-2.66965,-2.66965,-2.41327,-2.49499,-2.41327,-2.41327,-2.49499,-2.33958,-2.49499,-2.66965,-2.41327,-2.49499,-2.41327]
	PARPACK diagonalization completed after 60 matrix-vector product operations.
	iteration results: : total energy is -64.173092 | electron energy -64.421600 + phonon energy 0.248507 | electron momentum kIdx = 0
The 6-th iteration is completed.	|| time cost : 0h 0m 36.798s
********************************************************************************************************************
Start the 7 rounds of NGS-ED iteration
	effective electronic model is modified as: kinetic energy t = 0.803907
	                                           effective interaction Vq = [-2.79984,-2.67427,-2.41462,-2.67427,-2.67427,-2.41462,-2.50072,-2.41462,-2.41462,-2.50072,-2.34153,-2.50072,-2.67427,-2.41462,-2.50072,-2.41462]
	PARPACK diagonalization completed after 60 matrix-vector product operations.
	iteration results: : total energy is -64.179729 | electron energy -64.432227 + phonon energy 0.252498 | electron momentum kIdx = 0
The 7-th iteration is completed.	|| time cost : 0h 0m 36.877s
********************************************************************************************************************
Start the 8 rounds of NGS-ED iteration
	effective electronic model is modified as: kinetic energy t = 0.803327
	                                           effective interaction Vq = [-2.79998,-2.67706,-2.41547,-2.67706,-2.67706,-2.41547, -2.5043,-2.41547,-2.41547, -2.5043,-2.34269, -2.5043,-2.67706,-2.41547, -2.5043,-2.41547]
	PARPACK diagonalization completed after 60 matrix-vector product operations.
	iteration results: : total energy is -64.182182 | electron energy -64.437173 + phonon energy 0.254991 | electron momentum kIdx = 0
The 8-th iteration is completed.	|| time cost : 0h 0m 36.77s
********************************************************************************************************************
Start the 9 rounds of NGS-ED iteration
	effective electronic model is modified as: kinetic energy t = 0.802965
	                                           effective interaction Vq = [-2.80003,-2.67876,-2.41599,-2.67876,-2.67876,-2.41599,-2.50655,-2.41599,-2.41599,-2.50655,-2.34339,-2.50655,-2.67876,-2.41599,-2.50655,-2.41599]
	PARPACK diagonalization completed after 60 matrix-vector product operations.
	iteration results: : total energy is -64.183089 | electron energy -64.439638 + phonon energy 0.256549 | electron momentum kIdx = 0
The 9-th iteration is completed.	|| time cost : 0h 0m 36.733s
********************************************************************************************************************
Start the 10 rounds of NGS-ED iteration
	effective electronic model is modified as: kinetic energy t = 0.80274
	                                           effective interaction Vq = [-2.80005,-2.67979,-2.41631,-2.67979,-2.67979,-2.41631,-2.50797,-2.41631,-2.41631,-2.50797, -2.3438,-2.50797,-2.67979,-2.41631,-2.50797,-2.41631]
	PARPACK diagonalization completed after 60 matrix-vector product operations.
	iteration results: : total energy is -64.183425 | electron energy -64.440947 + phonon energy 0.257522 | electron momentum kIdx = 0
	Nq(0) = 16,	Nq(1) = 0.428139,	Nq(2) = 0.371526,	Nq(3) = 0.428139,	Nq(4) = 0.428139,	Nq(5) = 0.371526,	Nq(6) = 0.648346,	Nq(7) = 0.371526,	Nq(8) = 0.371526,	Nq(9) = 0.648346,	Nq(10) = 0.604462,	Nq(11) = 0.648346,	Nq(12) = 0.428139,	Nq(13) = 0.371526,	Nq(14) = 0.648346,	Nq(15) = 0.371526,	Sq(0) = 4.37605e-18,	Sq(1) = 0.365793,	Sq(2) = 0.533027,	Sq(3) = 0.365793,	Sq(4) = 0.365793,	Sq(5) = 0.533027,	Sq(6) = 0.610859,	Sq(7) = 0.533027,	Sq(8) = 0.533027,	Sq(9) = 0.610859,	Sq(10) = 1.75567,	Sq(11) = 0.610859,	Sq(12) = 0.365793,	Sq(13) = 0.533027,	Sq(14) = 0.610859,	Sq(15) = 0.533027,	N(0) = 1.99985,	N(1) = 1.99772,	N(2) = 1,	N(3) = 1.99772,	N(4) = 1.99772,	N(5) = 1,	N(6) = 0.0022795,	N(7) = 1,	N(8) = 1,	N(9) = 0.0022795,	N(10) = 0.000148782,	N(11) = 0.0022795,	N(12) = 1.99772,	N(13) = 1,	N(14) = 0.0022795,	N(15) = 1,	Delta[s](0) = 0.262826,	Delta[s](1) = 0.264026,	Delta[s](2) = 0.211338,	Delta[s](3) = 0.264026,	Delta[s](4) = 0.264026,	Delta[s](5) = 0.211338,	Delta[s](6) = 0.211817,	Delta[s](7) = 0.211338,	Delta[s](8) = 0.211338,	Delta[s](9) = 0.211817,	Delta[s](10) = 0.135556,	Delta[s](11) = 0.211817,	Delta[s](12) = 0.264026,	Delta[s](13) = 0.211338,	Delta[s](14) = 0.211817,	Delta[s](15) = 0.211338,	Delta[d](0) = 0.570254,	Delta[d](1) = 0.333451,	Delta[d](2) = 0.295919,	Delta[d](3) = 0.333451,	Delta[d](4) = 0.333451,	Delta[d](5) = 0.3484,	Delta[d](6) = 0.266374,	Delta[d](7) = 0.3484,	Delta[d](8) = 0.295919,	Delta[d](9) = 0.266374,	Delta[d](10) = 0.140829,	Delta[d](11) = 0.266374,	Delta[d](12) = 0.333451,	Delta[d](13) = 0.3484,	Delta[d](14) = 0.266374,	Delta[d](15) = 0.3484,	Delta[s+](0) = 0.529861,	Delta[s+](1) = 0.435722,	Delta[s+](2) = 0.295919,	Delta[s+](3) = 0.435722,	Delta[s+](4) = 0.435722,	Delta[s+](5) = 0.295919,	Delta[s+](6) = 0.151374,	Delta[s+](7) = 0.295919,	Delta[s+](8) = 0.295919,	Delta[s+](9) = 0.151374,	Delta[s+](10) = 0.0531039,	Delta[s+](11) = 0.151374,	Delta[s+](12) = 0.435722,	Delta[s+](13) = 0.295919,	Delta[s+](14) = 0.151374,	Delta[s+](15) = 0.295919
The 10-th iteration is completed.	|| time cost : 0h 4m 36.602s
********************************************************************************************************************
Start the 11 rounds of NGS-ED iteration
	effective electronic model is modified as: kinetic energy t = 0.8026
	                                           effective interaction Vq = [-2.80006,-2.68042,-2.41651,-2.68042,-2.68042,-2.41651,-2.50885,-2.41651,-2.41651,-2.50885,-2.34405,-2.50885,-2.68042,-2.41651,-2.50885,-2.41651]
	PARPACK diagonalization completed after 45 matrix-vector product operations.
	iteration results: : total energy is -64.183549 | electron energy -64.441679 + phonon energy 0.258130 | electron momentum kIdx = 0
The 11-th iteration is completed.	|| time cost : 0h 0m 32.333s
********************************************************************************************************************
Start the 12 rounds of NGS-ED iteration
	effective electronic model is modified as: kinetic energy t = 0.802513
	                                           effective interaction Vq = [-2.80006,-2.68081,-2.41663,-2.68081,-2.68081,-2.41663,-2.50941,-2.41663,-2.41663,-2.50941, -2.3442,-2.50941,-2.68081,-2.41663,-2.50941,-2.41663]
	PARPACK diagonalization completed after 45 matrix-vector product operations.
	iteration results: : total energy is -64.183595 | electron energy -64.442104 + phonon energy 0.258510 | electron momentum kIdx = 0
The 12-th iteration is completed.	|| time cost : 0h 0m 32.377s
********************************************************************************************************************
Start the 13 rounds of NGS-ED iteration
	effective electronic model is modified as: kinetic energy t = 0.802459
	                                           effective interaction Vq = [-2.80006,-2.68105,-2.41671,-2.68105,-2.68105,-2.41671,-2.50976,-2.41671,-2.41671,-2.50976,-2.34429,-2.50976,-2.68105,-2.41671,-2.50976,-2.41671]
	PARPACK diagonalization completed after 45 matrix-vector product operations.
	iteration results: : total energy is -64.183612 | electron energy -64.442358 + phonon energy 0.258747 | electron momentum kIdx = 0
The 13-th iteration is completed.	|| time cost : 0h 0m 32.075s
********************************************************************************************************************
Start the 14 rounds of NGS-ED iteration
	effective electronic model is modified as: kinetic energy t = 0.802426
	                                           effective interaction Vq = [-2.80006,-2.68119,-2.41675,-2.68119,-2.68119,-2.41675,-2.50998,-2.41675,-2.41675,-2.50998,-2.34435,-2.50998,-2.68119,-2.41675,-2.50998,-2.41675]
	PARPACK diagonalization completed after 30 matrix-vector product operations.
	iteration results: : total energy is -64.183618 | electron energy -64.442512 + phonon energy 0.258895 | electron momentum kIdx = 0
The 14-th iteration is completed.	|| time cost : 0h 0m 27.34s
********************************************************************************************************************
Start the 15 rounds of NGS-ED iteration
	effective electronic model is modified as: kinetic energy t = 0.802405
	                                           effective interaction Vq = [-2.80006,-2.68128,-2.41678,-2.68128,-2.68128,-2.41678,-2.51011,-2.41678,-2.41678,-2.51011,-2.34438,-2.51011,-2.68128,-2.41678,-2.51011,-2.41678]
	PARPACK diagonalization completed after 30 matrix-vector product operations.
	iteration results: : total energy is -64.183620 | electron energy -64.442607 + phonon energy 0.258987 | electron momentum kIdx = 0
The 15-th iteration is completed.	|| time cost : 0h 0m 27.312s
********************************************************************************************************************
Start the 16 rounds of NGS-ED iteration
	effective electronic model is modified as: kinetic energy t = 0.802392
	                                           effective interaction Vq = [-2.80006,-2.68134, -2.4168,-2.68134,-2.68134, -2.4168, -2.5102, -2.4168, -2.4168, -2.5102, -2.3444, -2.5102,-2.68134, -2.4168, -2.5102, -2.4168]
	PARPACK diagonalization completed after 30 matrix-vector product operations.
	iteration results: : total energy is -64.183621 | electron energy -64.442665 + phonon energy 0.259044 | electron momentum kIdx = 0
The 16-th iteration is completed.	|| time cost : 0h 0m 27.337s
********************************************************************************************************************
Start the 17 rounds of NGS-ED iteration
	effective electronic model is modified as: kinetic energy t = 0.802384
	                                           effective interaction Vq = [-2.80006,-2.68137,-2.41681,-2.68137,-2.68137,-2.41681,-2.51025,-2.41681,-2.41681,-2.51025,-2.34441,-2.51025,-2.68137,-2.41681,-2.51025,-2.41681]
	PARPACK diagonalization completed after 30 matrix-vector product operations.
	iteration results: : total energy is -64.183621 | electron energy -64.442701 + phonon energy 0.259080 | electron momentum kIdx = 0
The 17-th iteration is completed.	|| time cost : 0h 0m 27.337s
********************************************************************************************************************
Start the 18 rounds of NGS-ED iteration
	effective electronic model is modified as: kinetic energy t = 0.802379
	                                           effective interaction Vq = [-2.80006,-2.68139,-2.41681,-2.68139,-2.68139,-2.41681,-2.51029,-2.41681,-2.41681,-2.51029,-2.34442,-2.51029,-2.68139,-2.41681,-2.51029,-2.41681]
	PARPACK diagonalization completed after 30 matrix-vector product operations.
	iteration results: : total energy is -64.183621 | electron energy -64.442724 + phonon energy 0.259102 | electron momentum kIdx = 0
The 18-th iteration is completed.	|| time cost : 0h 0m 27.31s
********************************************************************************************************************
Start the 19 rounds of NGS-ED iteration
	effective electronic model is modified as: kinetic energy t = 0.802376
	                                           effective interaction Vq = [-2.80006,-2.68141,-2.41682,-2.68141,-2.68141,-2.41682,-2.51031,-2.41682,-2.41682,-2.51031,-2.34442,-2.51031,-2.68141,-2.41682,-2.51031,-2.41682]
	PARPACK diagonalization completed after 30 matrix-vector product operations.
	iteration results: : total energy is -64.183622 | electron energy -64.442738 + phonon energy 0.259116 | electron momentum kIdx = 0
The 19-th iteration is completed.	|| time cost : 0h 0m 27.472s
********************************************************************************************************************
Start the 20 rounds of NGS-ED iteration
	effective electronic model is modified as: kinetic energy t = 0.802374
	                                           effective interaction Vq = [-2.80006,-2.68141,-2.41682,-2.68141,-2.68141,-2.41682,-2.51032,-2.41682,-2.41682,-2.51032,-2.34443,-2.51032,-2.68141,-2.41682,-2.51032,-2.41682]
	PARPACK diagonalization completed after 30 matrix-vector product operations.
	iteration results: : total energy is -64.183622 | electron energy -64.442747 + phonon energy 0.259125 | electron momentum kIdx = 0
	Nq(0) = 16,	Nq(1) = 0.428645,	Nq(2) = 0.371505,	Nq(3) = 0.428645,	Nq(4) = 0.428645,	Nq(5) = 0.371505,	Nq(6) = 0.649108,	Nq(7) = 0.371505,	Nq(8) = 0.371505,	Nq(9) = 0.649108,	Nq(10) = 0.604434,	Nq(11) = 0.649108,	Nq(12) = 0.428645,	Nq(13) = 0.371505,	Nq(14) = 0.649108,	Nq(15) = 0.371505,	Sq(0) = 3.51995e-18,	Sq(1) = 0.365618,	Sq(2) = 0.532824,	Sq(3) = 0.365618,	Sq(4) = 0.365618,	Sq(5) = 0.532824,	Sq(6) = 0.610587,	Sq(7) = 0.532824,	Sq(8) = 0.532824,	Sq(9) = 0.610587,	Sq(10) = 1.75376,	Sq(11) = 0.610587,	Sq(12) = 0.365618,	Sq(13) = 0.532824,	Sq(14) = 0.610587,	Sq(15) = 0.532824,	N(0) = 1.99985,	N(1) = 1.99767,	N(2) = 1,	N(3) = 1.99767,	N(4) = 1.99767,	N(5) = 1,	N(6) = 0.00232779,	N(7) = 1,	N(8) = 1,	N(9) = 0.00232779,	N(10) = 0.000154044,	N(11) = 0.00232779,	N(12) = 1.99767,	N(13) = 1,	N(14) = 0.00232779,	N(15) = 1,	Delta[s](0) = 0.262908,	Delta[s](1) = 0.264174,	Delta[s](2) = 0.211476,	Delta[s](3) = 0.264174,	Delta[s](4) = 0.264174,	Delta[s](5) = 0.211476,	Delta[s](6) = 0.212002,	Delta[s](7) = 0.211476,	Delta[s](8) = 0.211476,	Delta[s](9) = 0.212002,	Delta[s](10) = 0.135772,	Delta[s](11) = 0.212002,	Delta[s](12) = 0.264174,	Delta[s](13) = 0.211476,	Delta[s](14) = 0.212002,	Delta[s](15) = 0.211476,	Delta[d](0) = 0.57032,	Delta[d](1) = 0.333509,	Delta[d](2) = 0.296001,	Delta[d](3) = 0.333509,	Delta[d](4) = 0.333509,	Delta[d](5) = 0.348482,	Delta[d](6) = 0.266479,	Delta[d](7) = 0.348482,	Delta[d](8) = 0.296001,	Delta[d](9) = 0.266479,	Delta[d](10) = 0.140979,	Delta[d](11) = 0.266479,	Delta[d](12) = 0.333509,	Delta[d](13) = 0.348482,	Delta[d](14) = 0.266479,	Delta[d](15) = 0.348482,	Delta[s+](0) = 0.529898,	Delta[s+](1) = 0.435758,	Delta[s+](2) = 0.296001,	Delta[s+](3) = 0.435758,	Delta[s+](4) = 0.435758,	Delta[s+](5) = 0.296001,	Delta[s+](6) = 0.151462,	Delta[s+](7) = 0.296001,	Delta[s+](8) = 0.296001,	Delta[s+](9) = 0.151462,	Delta[s+](10) = 0.0532055,	Delta[s+](11) = 0.151462,	Delta[s+](12) = 0.435758,	Delta[s+](13) = 0.296001,	Delta[s+](14) = 0.151462,	Delta[s+](15) = 0.296001
The 20-th iteration is completed.	|| time cost : 0h 4m 22.702s
********************************************************************************************************************
Start the 21 rounds of NGS-ED iteration
	effective electronic model is modified as: kinetic energy t = 0.802372
	                                           effective interaction Vq = [-2.80006,-2.68142,-2.41682,-2.68142,-2.68142,-2.41682,-2.51033,-2.41682,-2.41682,-2.51033,-2.34443,-2.51033,-2.68142,-2.41682,-2.51033,-2.41682]
	PARPACK diagonalization completed after 30 matrix-vector product operations.
	iteration results: : total energy is -64.183622 | electron energy -64.442752 + phonon energy 0.259131 | electron momentum kIdx = 0
The 21-th iteration is completed.	|| time cost : 0h 0m 27.417s
********************************************************************************************************************
Start the 22 rounds of NGS-ED iteration
	effective electronic model is modified as: kinetic energy t = 0.802372
	                                           effective interaction Vq = [-2.80006,-2.68142,-2.41682,-2.68142,-2.68142,-2.41682,-2.51034,-2.41682,-2.41682,-2.51034,-2.34443,-2.51034,-2.68142,-2.41682,-2.51034,-2.41682]
	PARPACK diagonalization completed after 30 matrix-vector product operations.
	iteration results: : total energy is -64.183622 | electron energy -64.442755 + phonon energy 0.259134 | electron momentum kIdx = 0
The 22-th iteration is completed.	|| time cost : 0h 0m 27.294s
********************************************************************************************************************
Start the 23 rounds of NGS-ED iteration
	effective electronic model is modified as: kinetic energy t = 0.802371
	                                           effective interaction Vq = [-2.80006,-2.68142,-2.41682,-2.68142,-2.68142,-2.41682,-2.51034,-2.41682,-2.41682,-2.51034,-2.34443,-2.51034,-2.68142,-2.41682,-2.51034,-2.41682]
	PARPACK diagonalization completed after 30 matrix-vector product operations.
	iteration results: : total energy is -64.183622 | electron energy -64.442758 + phonon energy 0.259136 | electron momentum kIdx = 0
The 23-th iteration is completed.	|| time cost : 0h 0m 27.463s
********************************************************************************************************************
Start the 24 rounds of NGS-ED iteration
	effective electronic model is modified as: kinetic energy t = 0.802371
	                                           effective interaction Vq = [-2.80006,-2.68142,-2.41682,-2.68142,-2.68142,-2.41682,-2.51034,-2.41682,-2.41682,-2.51034,-2.34443,-2.51034,-2.68142,-2.41682,-2.51034,-2.41682]
	PARPACK diagonalization completed after 30 matrix-vector product operations.
	iteration results: : total energy is -64.183622 | electron energy -64.442759 + phonon energy 0.259137 | electron momentum kIdx = 0
The 24-th iteration is completed.	|| time cost : 0h 0m 27.654s
