SNEDics v3.22.2 Non-Gaussian ED ground state program		Start at Wed Apr  6 05:26:27 2022

Parallelization: 32 MPI threads  * 8 OpenMP threads = 256 total threads.
********************************************************************************************************************
********************************************************************************************************************

********************************************************************************************************************
System parameters and configurations
	special program options are enabled: splitted diagonal Hamiltonian | splitted Hamiltonian terms
********************************************************************************************************************
Read input file "model_params.in"
	Hubbard-Holstein model parameters : 	t = 1    t' = -0.3    U = 8    W = 0.2    g' = 0.25    
********************************************************************************************************************
Read input file "hilbertspace_params.in"
	Requested 16-site 2D lattice, with 8 electrons (4, 4)
	Boundary : Periodic		Hilbert space representation : momentum-space (restricted to kIdx = 0)
	Conservation: particle number[U(1)]      spin[U(1)]     momentum
********************************************************************************************************************

Cluster Positions:				Cluster symmetry group : D4
 x ... x ... x ... x .....                       x ... x ... x ... x .....
 |           |           :                       |           |           :
 |           |           :                       |           |           :
12    13    14    15     x                       1     5     6     5     x
 |           |           :                       |           |           :
 |           |           :                       |           |           :
 8 --- 9 ---10 ---11 --- x                       2 --- 6 ---10 --- 6 --- x
 |           |           :                       |           |           :
 |           |           :                       |           |           :
 4     5     6     7     x                       1     5     6     5     x
 |           |           :                       |           |           :
 |           |           :                       |           |           :
 0 --- 1 --- 2 --- 3 --- x                       0 --- 1 --- 2 --- 1 --- x
orbital number : 1
********************************************************************************************************************
Read input file "obs_params.in"
	Observable Type : Nq(All),   Sq(All),   N(All-Orbital),   Delta[s](All),   Delta[d](All),   Delta[s+](All)
** WARNING ** the input observables have non-local factors which have been reinterpreted. The total observable number is 96
********************************************************************************************************************


********************************************************************************************************************
Start calculating the non-Gaussian ED ground state
Maximal iteration number is 1000; energy resolution is 1e-06. Phonon state relaxation time is 2000
W = 0.2 is relatively large. The non-Gaussian ED calculation starts directly.
open output files: NGSED_iteration_observables.txt
********************************************************************************************************************
Start the 0 rounds of NGS-ED iteration
	effective electronic model is modified as: kinetic energy t = 1, t' = -0.3
	                                           effective interaction Vq = [0,0,0,0,0,0,0,0,0,0,0,0,0,0,0,0]
	first Hamiltonian is constructed, size = 207184 and non-zero numbers = 32252562
	PARPACK diagonalization completed after 120 matrix-vector product operations.
	iteration results: : total energy is -14.600323 | electron energy -14.600323 + phonon energy 0.000000 | electron momentum kIdx = 0
	Nq(0) = 4,	Nq(1) = 0.197198,	Nq(2) = 0.25408,	Nq(3) = 0.197198,	Nq(4) = 0.197198,	Nq(5) = 0.267076,	
	Nq(6) = 0.353825,	Nq(7) = 0.267076,	Nq(8) = 0.25408,	Nq(9) = 0.353825,	Nq(10) = 0.466428,	
	Nq(11) = 0.353825,	Nq(12) = 0.197198,	Nq(13) = 0.267076,	Nq(14) = 0.353825,	Nq(15) = 0.267076;	
	Sq(0) = 8.19558e-19,	Sq(1) = 0.482052,	Sq(2) = 0.340779,	Sq(3) = 0.482052,	Sq(4) = 0.482052,	
	Sq(5) = 0.566062,	Sq(6) = 0.591821,	Sq(7) = 0.566062,	Sq(8) = 0.340779,	Sq(9) = 0.591821,	
	Sq(10) = 0.511715,	Sq(11) = 0.591821,	Sq(12) = 0.482052,	Sq(13) = 0.566062,	Sq(14) = 0.591821,	
	Sq(15) = 0.566062;	N(0) = 1.72489,	N(1) = 1.32099,	N(2) = 0.213478,	N(3) = 1.32099,	
	N(4) = 1.32099,	N(5) = 0.105651,	N(6) = 0.0323985,	N(7) = 0.105651,	N(8) = 0.213478,	
	N(9) = 0.0323985,	N(10) = 0.0120143,	N(11) = 0.0323985,	N(12) = 1.32099,	N(13) = 0.105651,	
	N(14) = 0.0323985,	N(15) = 0.105651;	Delta[s](0) = 0.0220448,	Delta[s](1) = 0.0123,	Delta[s](2) = 0.00947971,	
	Delta[s](3) = 0.0123,	Delta[s](4) = 0.0123,	Delta[s](5) = 0.00645752,	Delta[s](6) = 0.00145828,	Delta[s](7) = 0.00645752,	
	Delta[s](8) = 0.00947971,	Delta[s](9) = 0.00145828,	Delta[s](10) = 0.00162541,	Delta[s](11) = 0.00145828,	Delta[s](12) = 0.0123,	
	Delta[s](13) = 0.00645752,	Delta[s](14) = 0.00145828,	Delta[s](15) = 0.00645752;	Delta[d](0) = 0.200789,	Delta[d](1) = 0.0613239,	
	Delta[d](2) = 0.0834537,	Delta[d](3) = 0.0613239,	Delta[d](4) = 0.0613239,	Delta[d](5) = 0.0542378,	Delta[d](6) = 0.0256555,	
	Delta[d](7) = 0.0542378,	Delta[d](8) = 0.0834537,	Delta[d](9) = 0.0256555,	Delta[d](10) = 0.00994105,	Delta[d](11) = 0.0256555,	
	Delta[d](12) = 0.0613239,	Delta[d](13) = 0.0542378,	Delta[d](14) = 0.0256555,	Delta[d](15) = 0.0542378;	Delta[s+](0) = 0.352077,	
	Delta[s+](1) = 0.194793,	Delta[s+](2) = 0.0834537,	Delta[s+](3) = 0.194793,	Delta[s+](4) = 0.194793,	Delta[s+](5) = 0.0626338,	
	Delta[s+](6) = 0.00335305,	Delta[s+](7) = 0.0626338,	Delta[s+](8) = 0.0834537,	Delta[s+](9) = 0.00335305,	Delta[s+](10) = 0.000613665,	
	Delta[s+](11) = 0.00335305,	Delta[s+](12) = 0.194793,	Delta[s+](13) = 0.0626338,	Delta[s+](14) = 0.00335305,	Delta[s+](15) = 0.0626338
	
The 0-th iteration is completed.	|| time cost : 0h 0m 5.24s
********************************************************************************************************************
Start the 1 rounds of NGS-ED iteration
	effective electronic model is modified as: kinetic energy t = 0.956817, t' = -0.294547
	                                           effective interaction Vq = [          -5,   -0.252595,           0,   -0.252595,   -0.252595,-6.44321e-30,   -0.142744,-6.44321e-30,           0,   -0.142744,    -2.66423,   -0.142744,   -0.252595,-6.44321e-30,   -0.142744,-5.79889e-29]
	PARPACK diagonalization completed after 45 matrix-vector product operations.
	iteration results: : total energy is -36.214627 | electron energy -36.651677 + phonon energy 0.437050 | electron momentum kIdx = 0
The 1-th iteration is completed.	|| time cost : 0h 0m 3.36s
********************************************************************************************************************
Start the 2 rounds of NGS-ED iteration
	effective electronic model is modified as: kinetic energy t = 0.898727, t' = -0.297571
	                                           effective interaction Vq = [          -5,   -0.148825,           0,   -0.148825,   -0.148825,-5.22735e-30,    -0.10631,-5.22735e-30,           0,    -0.10631,    -4.90328,    -0.10631,   -0.148825,-5.22735e-30,    -0.10631,-4.70462e-29]
	PARPACK diagonalization completed after 30 matrix-vector product operations.
	iteration results: : total energy is -41.534074 | electron energy -42.597022 + phonon energy 1.062948 | electron momentum kIdx = 0
The 2-th iteration is completed.	|| time cost : 0h 0m 1.517s
********************************************************************************************************************
Start the 3 rounds of NGS-ED iteration
	effective electronic model is modified as: kinetic energy t = 0.850251, t' = -0.29944
	                                           effective interaction Vq = [          -5,  -0.0634666,           0,  -0.0634666,  -0.0634666,-2.93223e-30,  -0.0578813,-2.93223e-30,           0,  -0.0578813,    -4.98573,  -0.0578813,  -0.0634666,-2.93223e-30,  -0.0578813,-2.63901e-29]
	PARPACK diagonalization completed after 30 matrix-vector product operations.
	iteration results: : total energy is -41.794643 | electron energy -42.570156 + phonon energy 0.775514 | electron momentum kIdx = 0
The 3-th iteration is completed.	|| time cost : 0h 0m 1.554s
********************************************************************************************************************
Start the 4 rounds of NGS-ED iteration
	effective electronic model is modified as: kinetic energy t = 0.843548, t' = -0.299519
	                                           effective interaction Vq = [          -5,   -0.058459,           0,   -0.058459,   -0.058459,-2.72893e-30,  -0.0540269,-2.72893e-30,           0,  -0.0540269,    -4.98759,  -0.0540269,   -0.058459,-2.72893e-30,  -0.0540269,-2.45603e-29]
	PARPACK diagonalization completed after 30 matrix-vector product operations.
	iteration results: : total energy is -41.796710 | electron energy -42.536441 + phonon energy 0.739731 | electron momentum kIdx = 0
The 4-th iteration is completed.	|| time cost : 0h 0m 1.563s
********************************************************************************************************************
Start the 5 rounds of NGS-ED iteration
	effective electronic model is modified as: kinetic energy t = 0.84278, t' = -0.299527
	                                           effective interaction Vq = [          -5,  -0.0579445,           0,  -0.0579445,  -0.0579445,-2.70722e-30,   -0.053618,-2.70722e-30,           0,   -0.053618,    -4.98777,   -0.053618,  -0.0579445,-2.70722e-30,   -0.053618, -2.4365e-29]
	PARPACK diagonalization completed after 30 matrix-vector product operations.
	iteration results: : total energy is -41.796735 | electron energy -42.532522 + phonon energy 0.735787 | electron momentum kIdx = 0
The 5-th iteration is completed.	|| time cost : 0h 0m 1.564s
********************************************************************************************************************
Start the 6 rounds of NGS-ED iteration
	effective electronic model is modified as: kinetic energy t = 0.842693, t' = -0.299527
	                                           effective interaction Vq = [          -5,  -0.0578865,           0,  -0.0578865,  -0.0578865,-2.70477e-30,  -0.0535717,-2.70477e-30,           0,  -0.0535717,    -4.98779,  -0.0535717,  -0.0578865,-2.70477e-30,  -0.0535717,-2.43429e-29]
	PARPACK diagonalization completed after 120 matrix-vector product operations.
	iteration results: : total energy is -41.831530 | electron energy -42.566869 + phonon energy 0.735339 | electron momentum kIdx = 0
The 6-th iteration is completed.	|| time cost : 0h 0m 1.854s
********************************************************************************************************************
Start the 7 rounds of NGS-ED iteration
	effective electronic model is modified as: kinetic energy t = 0.844964, t' = -0.299519
	                                           effective interaction Vq = [          -5,  -0.0583023,           0,  -0.0583023,  -0.0583023,-2.74393e-30,  -0.0541307,-2.74393e-30,           0,  -0.0541307,    -4.98732,  -0.0541307,  -0.0583023,-2.74393e-30,  -0.0541307,-2.46953e-29]
	PARPACK diagonalization completed after 30 matrix-vector product operations.
	iteration results: : total energy is -41.831745 | electron energy -42.578924 + phonon energy 0.747179 | electron momentum kIdx = 0
The 7-th iteration is completed.	|| time cost : 0h 0m 1.561s
********************************************************************************************************************
Start the 8 rounds of NGS-ED iteration
	effective electronic model is modified as: kinetic energy t = 0.845217, t' = -0.299517
	                                           effective interaction Vq = [          -5,  -0.0584731,           0,  -0.0584731,  -0.0584731,-2.75124e-30,  -0.0542654,-2.75124e-30,           0,  -0.0542654,    -4.98726,  -0.0542654,  -0.0584731,-2.75124e-30,  -0.0542654,-2.47612e-29]
	PARPACK diagonalization completed after 30 matrix-vector product operations.
	iteration results: : total energy is -41.831748 | electron energy -42.580258 + phonon energy 0.748510 | electron momentum kIdx = 0
The 8-th iteration is completed.	|| time cost : 0h 0m 1.565s
********************************************************************************************************************
Start the 9 rounds of NGS-ED iteration
	effective electronic model is modified as: kinetic energy t = 0.845247, t' = -0.299516
	                                           effective interaction Vq = [          -5,  -0.0584929,           0,  -0.0584929,  -0.0584929,-2.75209e-30,   -0.054281,-2.75209e-30,           0,   -0.054281,    -4.98725,   -0.054281,  -0.0584929,-2.75209e-30,   -0.054281,-2.47688e-29]
	PARPACK diagonalization completed after 30 matrix-vector product operations.
	iteration results: : total energy is -41.831748 | electron energy -42.580413 + phonon energy 0.748665 | electron momentum kIdx = 0
The 9-th iteration is completed.	|| time cost : 0h 0m 1.551s
********************************************************************************************************************
Start the 10 rounds of NGS-ED iteration
	effective electronic model is modified as: kinetic energy t = 0.84525, t' = -0.299516
	                                           effective interaction Vq = [          -5,  -0.0584952,           0,  -0.0584952,  -0.0584952,-2.75219e-30,  -0.0542828,-2.75219e-30,           0,  -0.0542828,    -4.98725,  -0.0542828,  -0.0584952,-2.75219e-30,  -0.0542828,-2.47697e-29]
	PARPACK diagonalization completed after 30 matrix-vector product operations.
	iteration results: : total energy is -41.831748 | electron energy -42.580430 + phonon energy 0.748682 | electron momentum kIdx = 0
The 10-th iteration is completed.	|| time cost : 0h 0m 1.553s
********************************************************************************************************************
Start the 11 rounds of NGS-ED iteration
	effective electronic model is modified as: kinetic energy t = 0.845251, t' = -0.299516
	                                           effective interaction Vq = [          -5,  -0.0584955,           0,  -0.0584955,  -0.0584955, -2.7522e-30,   -0.054283, -2.7522e-30,           0,   -0.054283,    -4.98725,   -0.054283,  -0.0584955, -2.7522e-30,   -0.054283,-2.47698e-29]
	PARPACK diagonalization completed after 30 matrix-vector product operations.
	iteration results: : total energy is -41.831748 | electron energy -42.580432 + phonon energy 0.748684 | electron momentum kIdx = 0
The 11-th iteration is completed.	|| time cost : 0h 0m 1.556s
********************************************************************************************************************
Start the 12 rounds of NGS-ED iteration
	effective electronic model is modified as: kinetic energy t = 0.845251, t' = -0.299516
	                                           effective interaction Vq = [          -5,  -0.0584955,           0,  -0.0584955,  -0.0584955, -2.7522e-30,   -0.054283, -2.7522e-30,           0,   -0.054283,    -4.98725,   -0.054283,  -0.0584955, -2.7522e-30,   -0.054283,-2.47698e-29]
	PARPACK diagonalization completed after 30 matrix-vector product operations.
	iteration results: : total energy is -41.831748 | electron energy -42.580433 + phonon energy 0.748685 | electron momentum kIdx = 0
The 12-th iteration is completed.	|| time cost : 0h 0m 1.559s
********************************************************************************************************************
Start the 13 rounds of NGS-ED iteration
	effective electronic model is modified as: kinetic energy t = 0.845251, t' = -0.299516
	                                           effective interaction Vq = [          -5,  -0.0584955,           0,  -0.0584955,  -0.0584955, -2.7522e-30,  -0.0542831, -2.7522e-30,           0,  -0.0542831,    -4.98725,  -0.0542831,  -0.0584955, -2.7522e-30,  -0.0542831,-2.47698e-29]
	PARPACK diagonalization completed after 30 matrix-vector product operations.
	iteration results: : total energy is -41.831748 | electron energy -42.580433 + phonon energy 0.748685 | electron momentum kIdx = 0
	Nq(0) = 4,	Nq(1) = 0.0198281,	Nq(2) = 0.0369546,	Nq(3) = 0.0198281,	Nq(4) = 0.0198281,	Nq(5) = 0.0376921,	
	Nq(6) = 0.0531814,	Nq(7) = 0.0376921,	Nq(8) = 0.0369546,	Nq(9) = 0.0531814,	Nq(10) = 3.51511,	
	Nq(11) = 0.0531814,	Nq(12) = 0.0198281,	Nq(13) = 0.0376921,	Nq(14) = 0.0531814,	Nq(15) = 0.0376921;	
	Sq(0) = -6.63373e-20,	Sq(1) = 0.338372,	Sq(2) = 0.0367828,	Sq(3) = 0.338372,	Sq(4) = 0.338372,	
	Sq(5) = 1.26774,	Sq(6) = 0.350629,	Sq(7) = 1.26774,	Sq(8) = 0.0367828,	Sq(9) = 0.350629,	
	Sq(10) = 0.0676585,	Sq(11) = 0.350629,	Sq(12) = 0.338372,	Sq(13) = 1.26774,	Sq(14) = 0.350629,	
	Sq(15) = 1.26774;	N(0) = 0.924058,	N(1) = 0.692823,	N(2) = 0.603901,	N(3) = 0.692823,	
	N(4) = 0.692823,	N(5) = 0.417272,	N(6) = 0.307209,	N(7) = 0.417272,	N(8) = 0.603901,	
	N(9) = 0.307209,	N(10) = 0.198925,	N(11) = 0.307209,	N(12) = 0.692823,	N(13) = 0.417272,	
	N(14) = 0.307209,	N(15) = 0.417272;	Delta[s](0) = 0.00213093,	Delta[s](1) = 0.00105648,	Delta[s](2) = 0.00124446,	
	Delta[s](3) = 0.00105648,	Delta[s](4) = 0.00105648,	Delta[s](5) = 0.000369903,	Delta[s](6) = 0.000924786,	Delta[s](7) = 0.000369903,	
	Delta[s](8) = 0.00124446,	Delta[s](9) = 0.000924786,	Delta[s](10) = 0.00188915,	Delta[s](11) = 0.000924786,	Delta[s](12) = 0.00105648,	
	Delta[s](13) = 0.000369903,	Delta[s](14) = 0.000924786,	Delta[s](15) = 0.000369903;	Delta[d](0) = 0.0280855,	Delta[d](1) = 0.0165585,	
	Delta[d](2) = 0.0191773,	Delta[d](3) = 0.0165585,	Delta[d](4) = 0.0165585,	Delta[d](5) = 0.00309727,	Delta[d](6) = 0.00320871,	
	Delta[d](7) = 0.00309727,	Delta[d](8) = 0.0191773,	Delta[d](9) = 0.00320871,	Delta[d](10) = 7.04198e-05,	Delta[d](11) = 0.00320871,	
	Delta[d](12) = 0.0165585,	Delta[d](13) = 0.00309727,	Delta[d](14) = 0.00320871,	Delta[d](15) = 0.00309727;	Delta[s+](0) = 0.0395273,	
	Delta[s+](1) = 0.0233051,	Delta[s+](2) = 0.0191773,	Delta[s+](3) = 0.0233051,	Delta[s+](4) = 0.0233051,	Delta[s+](5) = 0.00613575,	
	Delta[s+](6) = 0.00217458,	Delta[s+](7) = 0.00613575,	Delta[s+](8) = 0.0191773,	Delta[s+](9) = 0.00217458,	Delta[s+](10) = 1.76601e-05,	
	Delta[s+](11) = 0.00217458,	Delta[s+](12) = 0.0233051,	Delta[s+](13) = 0.00613575,	Delta[s+](14) = 0.00217458,	Delta[s+](15) = 0.00613575
	
The 13-th iteration is completed.	|| time cost : 0h 0m 3.755s
********************************************************************************************************************
********************************************************************************************************************
Ground state is obtained after 14 iterations. The current ground-state energy is -41.8317, in which electron energy is -42.5804 and phonon energy is 0.748685
Final variational state is: 
	Gamma_x = [      1,1.00575,      1,1.00575,1.00575,      1,1.01438,      1,      1,1.01438,16.9136,1.01438,1.00575,      1,1.01438,      1]
	lambda_q = [           5,   0.0591964,           0,   0.0591964,   0.0591964,-3.98684e-16,  -0.0548855, 3.98684e-16,           0,  -0.0548855,    -4.74751,  -0.0548855,   0.0591964, 3.98684e-16,  -0.0548855, 1.19605e-15]
Effective e-e interactions mediated by phonons are:
	momentum-space Vq = [          -5,  -0.0584955,           0,  -0.0584955,  -0.0584955, -2.7522e-30,  -0.0542831, -2.7522e-30,           0,  -0.0542831,    -4.98725,  -0.0542831,  -0.0584955, -2.7522e-30,  -0.0542831,-2.47698e-29]
	real-space Vr = [   -0.652398, -0.00132348,   -0.624203, -0.00132348, -0.00132348,   -0.624203,-0.000270354,   -0.624203,   -0.624203,-0.000270354,   -0.596008,-0.000270354, -0.00132348,   -0.624203,-0.000270354,   -0.624203]
********************************************************************************************************************
o___o  ----------------------------------------
| L |	Time since last clock: 0h 0m 0.008s
A===A	Time since the beginning: 0h 0m 29.764s
***********************************************


Non-Gaussina ED ground state calculation is completed. The final ground-state energy is -41.8317
********************************************************************************************************************
o___o  ----------------------------------------
| L |	Time since last clock: 0h 0m 0.005s
A===A	Time since the beginning: 0h 0m 29.77s
***********************************************



********************************************************************************************************************
All non-Gaussian ED ground state calculations have been completed. Exit now.
