TACC:  Starting up job 4310481 
TACC:  Starting parallel tasks... 
SNEDics v3.4 Non-Gaussian ED ground state program		Start at Wed Sep 11 04:13:27 2019

parallized on 32 MPI threads  * 6 OpenMP threads = 192 total threads.
********************************************************************************************************************
********************************************************************************************************************

********************************************************************************************************************
System parameters and configurations
********************************************************************************************************************
Special program options are enabled: splitted diagonal Hamiltonian
********************************************************************************************************************
Read input file "model_params.in"
	Hubbard-Holstein model parameters : 	t = 1    U = 10    g = 4.4721    W = 5    
********************************************************************************************************************
Read input file "hilbertspace_params.in"
	Requested 16-site 2D lattice, with 16 electrons (8, 8)
	Boundary : Periodic		Hilbert space representation : momentum-space (restricted to kIdx = 0)
	Conservation: particle number[U(1)]      spin[U(1)]     momentum
********************************************************************************************************************

Cluster Positions:				Cluster symmetry group : D4
 x ... x ... x ... x .....                       x ... x ... x ... x .....
 |           |           :                       |           |           :
 |           |           :                       |           |           :
12    13    14    15     x                       1     5     6     5     x
 |           |           :                       |           |           :
 |           |           :                       |           |           :
 8 --- 9 ---10 ---11 --- x                       2 --- 6 ---10 --- 6 --- x
 |           |           :                       |           |           :
 |           |           :                       |           |           :
 4     5     6     7     x                       1     5     6     5     x
 |           |           :                       |           |           :
 |           |           :                       |           |           :
 0 --- 1 --- 2 --- 3 --- x                       0 --- 1 --- 2 --- 1 --- x
orbital number : 1
********************************************************************************************************************
Read input file "obs_params.in"
	Observable Type : Nq(All),   Sq(All),   N(All),   Delta[s](All),   Delta[d](All),   Delta[s+](All)
********************************************************************************************************************
** WARNING ** the input observables have non-local factors which have been reinterpreted. The total observable number is 96
********************************************************************************************************************


********************************************************************************************************************
Start calculating the non-Gaussian ED ground state
Input file varState.dat exists. Start iterations from it.
open output files: NGSEDIterationObs.txt
********************************************************************************************************************
Start the 0 rounds of NGS-ED iteration
	effective electronic model is modified as: kinetic energy t = 0.82074
	                                           effective interaction Vq = [-3.99994,-3.31671,-3.09641,-3.31671,-3.31671,-3.09641,-3.01803,-3.09641,-3.09641,-3.01803,-2.94812,-3.01803,-3.31671,-3.09641,-3.01803,-3.09641]
	first Hamiltonian is constructed, non-zero numbers = 12310855584
	PARPACK diagonalization completed after 105 matrix-vector product operations.
	iteration results: : total energy is -74.095798 | electron energy -74.249308 + phonon energy 0.153511 | electron momentum kIdx = 0
	Nq(0) = 16,	Nq(1) = 0.138867,	Nq(2) = 0.209673,	Nq(3) = 0.138867,	Nq(4) = 0.138867,	Nq(5) = 0.209673,	Nq(6) = 0.281821,	Nq(7) = 0.209673,	Nq(8) = 0.209673,	Nq(9) = 0.281821,	Nq(10) = 0.342295,	Nq(11) = 0.281821,	Nq(12) = 0.138867,	Nq(13) = 0.209673,	Nq(14) = 0.281821,	Nq(15) = 0.209673,	Sq(0) = 6.09711e-18,	Sq(1) = 0.428208,	Sq(2) = 0.629143,	Sq(3) = 0.428208,	Sq(4) = 0.428208,	Sq(5) = 0.629143,	Sq(6) = 0.827401,	Sq(7) = 0.629143,	Sq(8) = 0.629143,	Sq(9) = 0.827401,	Sq(10) = 3.91963,	Sq(11) = 0.827401,	Sq(12) = 0.428208,	Sq(13) = 0.629143,	Sq(14) = 0.827401,	Sq(15) = 0.629143,	N(0) = 1.90758,	N(1) = 1.80397,	N(2) = 1,	N(3) = 1.80397,	N(4) = 1.80397,	N(5) = 1,	N(6) = 0.196027,	N(7) = 1,	N(8) = 1,	N(9) = 0.196027,	N(10) = 0.0924218,	N(11) = 0.196027,	N(12) = 1.80397,	N(13) = 1,	N(14) = 0.196027,	N(15) = 1,	Delta[s](0) = 0.134766,	Delta[s](1) = 0.120308,	Delta[s](2) = 0.103459,	Delta[s](3) = 0.120308,	Delta[s](4) = 0.120308,	Delta[s](5) = 0.103459,	Delta[s](6) = 0.0870105,	Delta[s](7) = 0.103459,	Delta[s](8) = 0.103459,	Delta[s](9) = 0.0870105,	Delta[s](10) = 0.0567452,	Delta[s](11) = 0.0870105,	Delta[s](12) = 0.120308,	Delta[s](13) = 0.103459,	Delta[s](14) = 0.0870105,	Delta[s](15) = 0.103459,	Delta[d](0) = 0.64197,	Delta[d](1) = 0.469893,	Delta[d](2) = 0.376866,	Delta[d](3) = 0.469893,	Delta[d](4) = 0.469893,	Delta[d](5) = 0.390637,	Delta[d](6) = 0.28794,	Delta[d](7) = 0.390637,	Delta[d](8) = 0.376866,	Delta[d](9) = 0.28794,	Delta[d](10) = 0.152026,	Delta[d](11) = 0.28794,	Delta[d](12) = 0.469893,	Delta[d](13) = 0.390637,	Delta[d](14) = 0.28794,	Delta[d](15) = 0.390637,	Delta[s+](0) = 0.69308,	Delta[s+](1) = 0.551108,	Delta[s+](2) = 0.376866,	Delta[s+](3) = 0.551108,	Delta[s+](4) = 0.551108,	Delta[s+](5) = 0.376866,	Delta[s+](6) = 0.20854,	Delta[s+](7) = 0.376866,	Delta[s+](8) = 0.376866,	Delta[s+](9) = 0.20854,	Delta[s+](10) = 0.0720646,	Delta[s+](11) = 0.20854,	Delta[s+](12) = 0.551108,	Delta[s+](13) = 0.376866,	Delta[s+](14) = 0.20854,	Delta[s+](15) = 0.376866
The 0-th iteration is completed.	|| time cost : 0h 8m 21.633s
********************************************************************************************************************
Start the 1 rounds of NGS-ED iteration
	effective electronic model is modified as: kinetic energy t = 0.820738
	                                           effective interaction Vq = [-3.99994,-3.31672,-3.09643,-3.31672,-3.31672,-3.09643,-3.01804,-3.09643,-3.09643,-3.01804,-2.94813,-3.01804,-3.31672,-3.09643,-3.01804,-3.09643]
	PARPACK diagonalization completed after 30 matrix-vector product operations.
	iteration results: : total energy is -74.095798 | electron energy -74.249315 + phonon energy 0.153517 | electron momentum kIdx = 0
The 1-th iteration is completed.	|| time cost : 0h 0m 20.612s
********************************************************************************************************************
Start the 2 rounds of NGS-ED iteration
	effective electronic model is modified as: kinetic energy t = 0.820737
	                                           effective interaction Vq = [-3.99994,-3.31673,-3.09643,-3.31673,-3.31673,-3.09643,-3.01805,-3.09643,-3.09643,-3.01805,-2.94814,-3.01805,-3.31673,-3.09643,-3.01805,-3.09643]
	PARPACK diagonalization completed after 30 matrix-vector product operations.
	iteration results: : total energy is -74.095798 | electron energy -74.249319 + phonon energy 0.153521 | electron momentum kIdx = 0
The 2-th iteration is completed.	|| time cost : 0h 0m 20.552s
********************************************************************************************************************
Start the 3 rounds of NGS-ED iteration
	effective electronic model is modified as: kinetic energy t = 0.820736
	                                           effective interaction Vq = [-3.99994,-3.31674,-3.09644,-3.31674,-3.31674,-3.09644,-3.01806,-3.09644,-3.09644,-3.01806,-2.94814,-3.01806,-3.31674,-3.09644,-3.01806,-3.09644]
	PARPACK diagonalization completed after 30 matrix-vector product operations.
	iteration results: : total energy is -74.095798 | electron energy -74.249322 + phonon energy 0.153524 | electron momentum kIdx = 0
The 3-th iteration is completed.	|| time cost : 0h 0m 20.554s
********************************************************************************************************************
Start the 4 rounds of NGS-ED iteration
	effective electronic model is modified as: kinetic energy t = 0.820735
	                                           effective interaction Vq = [-3.99994,-3.31674,-3.09644,-3.31674,-3.31674,-3.09644,-3.01806,-3.09644,-3.09644,-3.01806,-2.94815,-3.01806,-3.31674,-3.09644,-3.01806,-3.09644]
	PARPACK diagonalization completed after 30 matrix-vector product operations.
	iteration results: : total energy is -74.095798 | electron energy -74.249324 + phonon energy 0.153526 | electron momentum kIdx = 0
The 4-th iteration is completed.	|| time cost : 0h 0m 20.548s
********************************************************************************************************************
Start the 5 rounds of NGS-ED iteration
	effective electronic model is modified as: kinetic energy t = 0.820735
	                                           effective interaction Vq = [-3.99994,-3.31674,-3.09644,-3.31674,-3.31674,-3.09644,-3.01806,-3.09644,-3.09644,-3.01806,-2.94815,-3.01806,-3.31674,-3.09644,-3.01806,-3.09644]
	PARPACK diagonalization completed after 30 matrix-vector product operations.
	iteration results: : total energy is -74.095798 | electron energy -74.249325 + phonon energy 0.153527 | electron momentum kIdx = 0
The 5-th iteration is completed.	|| time cost : 0h 0m 20.627s
********************************************************************************************************************
Start the 6 rounds of NGS-ED iteration
	effective electronic model is modified as: kinetic energy t = 0.820735
	                                           effective interaction Vq = [-3.99994,-3.31675,-3.09645,-3.31675,-3.31675,-3.09645,-3.01806,-3.09645,-3.09645,-3.01806,-2.94815,-3.01806,-3.31675,-3.09645,-3.01806,-3.09645]
	PARPACK diagonalization completed after 30 matrix-vector product operations.
	iteration results: : total energy is -74.095798 | electron energy -74.249325 + phonon energy 0.153527 | electron momentum kIdx = 0
The 6-th iteration is completed.	|| time cost : 0h 0m 20.548s
********************************************************************************************************************
Start the 7 rounds of NGS-ED iteration
	effective electronic model is modified as: kinetic energy t = 0.820735
	                                           effective interaction Vq = [-3.99994,-3.31675,-3.09645,-3.31675,-3.31675,-3.09645,-3.01806,-3.09645,-3.09645,-3.01806,-2.94815,-3.01806,-3.31675,-3.09645,-3.01806,-3.09645]
	PARPACK diagonalization completed after 30 matrix-vector product operations.
	iteration results: : total energy is -74.095798 | electron energy -74.249326 + phonon energy 0.153527 | electron momentum kIdx = 0
The 7-th iteration is completed.	|| time cost : 0h 0m 20.536s
********************************************************************************************************************
Start the 8 rounds of NGS-ED iteration
	effective electronic model is modified as: kinetic energy t = 0.820735
	                                           effective interaction Vq = [-3.99994,-3.31675,-3.09645,-3.31675,-3.31675,-3.09645,-3.01806,-3.09645,-3.09645,-3.01806,-2.94815,-3.01806,-3.31675,-3.09645,-3.01806,-3.09645]
	PARPACK diagonalization completed after 30 matrix-vector product operations.
	iteration results: : total energy is -74.095798 | electron energy -74.249326 + phonon energy 0.153528 | electron momentum kIdx = 0
	Nq(0) = 16,	Nq(1) = 0.138869,	Nq(2) = 0.209675,	Nq(3) = 0.138869,	Nq(4) = 0.138869,	Nq(5) = 0.209675,	Nq(6) = 0.281824,	Nq(7) = 0.209675,	Nq(8) = 0.209675,	Nq(9) = 0.281824,	Nq(10) = 0.342299,	Nq(11) = 0.281824,	Nq(12) = 0.138869,	Nq(13) = 0.209675,	Nq(14) = 0.281824,	Nq(15) = 0.209675,	Sq(0) = -1.20768e-19,	Sq(1) = 0.428208,	Sq(2) = 0.629142,	Sq(3) = 0.428208,	Sq(4) = 0.428208,	Sq(5) = 0.629142,	Sq(6) = 0.827398,	Sq(7) = 0.629142,	Sq(8) = 0.629142,	Sq(9) = 0.827398,	Sq(10) = 3.9196,	Sq(11) = 0.827398,	Sq(12) = 0.428208,	Sq(13) = 0.629142,	Sq(14) = 0.827398,	Sq(15) = 0.629142,	N(0) = 1.90758,	N(1) = 1.80398,	N(2) = 1,	N(3) = 1.80398,	N(4) = 1.80398,	N(5) = 1,	N(6) = 0.196023,	N(7) = 1,	N(8) = 1,	N(9) = 0.196023,	N(10) = 0.0924198,	N(11) = 0.196023,	N(12) = 1.80398,	N(13) = 1,	N(14) = 0.196023,	N(15) = 1,	Delta[s](0) = 0.134767,	Delta[s](1) = 0.120309,	Delta[s](2) = 0.103461,	Delta[s](3) = 0.120309,	Delta[s](4) = 0.120309,	Delta[s](5) = 0.103461,	Delta[s](6) = 0.0870118,	Delta[s](7) = 0.103461,	Delta[s](8) = 0.103461,	Delta[s](9) = 0.0870118,	Delta[s](10) = 0.0567466,	Delta[s](11) = 0.0870118,	Delta[s](12) = 0.120309,	Delta[s](13) = 0.103461,	Delta[s](14) = 0.0870118,	Delta[s](15) = 0.103461,	Delta[d](0) = 0.641978,	Delta[d](1) = 0.469898,	Delta[d](2) = 0.376871,	Delta[d](3) = 0.469898,	Delta[d](4) = 0.469898,	Delta[d](5) = 0.390643,	Delta[d](6) = 0.287945,	Delta[d](7) = 0.390643,	Delta[d](8) = 0.376871,	Delta[d](9) = 0.287945,	Delta[d](10) = 0.152029,	Delta[d](11) = 0.287945,	Delta[d](12) = 0.469898,	Delta[d](13) = 0.390643,	Delta[d](14) = 0.287945,	Delta[d](15) = 0.390643,	Delta[s+](0) = 0.693088,	Delta[s+](1) = 0.551115,	Delta[s+](2) = 0.376871,	Delta[s+](3) = 0.551115,	Delta[s+](4) = 0.551115,	Delta[s+](5) = 0.376871,	Delta[s+](6) = 0.208543,	Delta[s+](7) = 0.376871,	Delta[s+](8) = 0.376871,	Delta[s+](9) = 0.208543,	Delta[s+](10) = 0.0720656,	Delta[s+](11) = 0.208543,	Delta[s+](12) = 0.551115,	Delta[s+](13) = 0.376871,	Delta[s+](14) = 0.208543,	Delta[s+](15) = 0.376871
The 8-th iteration is completed.	|| time cost : 0h 3m 42.131s
********************************************************************************************************************
********************************************************************************************************************
Ground state is obtained after 9 iterations. The current ground-state energy is -74.0958, in which electron energy is -74.2493 and phonon energy is 0.153528
final variational state is: 
	Gamma_x = [      1,1.05533,1.08716,1.05533,1.05533,1.08716,1.11905,1.08716,1.08716,1.11905,1.14615,1.11905,1.05533,1.08716,1.11905,1.08716]
	lambda_q = [0.894419,0.524775,0.469334,0.524775,0.524775,0.469334,0.451279,0.469334,0.469334,0.451279,0.435773,0.451279,0.524775,0.469334,0.451279,0.469334]
********************************************************************************************************************
o___o  ----------------------------------------
| L |	Time since last clock: 0h 0m 0s
A===A	Time since the beginning: 0h 14m 27.745s
***********************************************


Non-Gaussina ED ground state calculation is completed. The final ground-state energy is -74.0958
********************************************************************************************************************
o___o  ----------------------------------------
| L |	Time since last clock: 0h 0m 0.001s
A===A	Time since the beginning: 0h 14m 27.746s
***********************************************



********************************************************************************************************************
All non-Gaussian ED ground state calculations have been completed. Exit now.
TACC:  Shutdown complete. Exiting. 
