SNEDics v3.22.2 Non-Gaussian ED ground state program		Start at Sun May 29 23:33:05 2022

Parallelization: 32 MPI threads  * 8 OpenMP threads = 256 total threads.
********************************************************************************************************************
********************************************************************************************************************

********************************************************************************************************************
System parameters and configurations
	special program options are enabled: splitted diagonal Hamiltonian | splitted Hamiltonian terms
********************************************************************************************************************
Read input file "model_params.in"
	Hubbard-Holstein model parameters : 	t = 1    t' = -0.3    U = 8    g = 0.45    W = 0.2    g' = 0.65    
********************************************************************************************************************
Read input file "hilbertspace_params.in"
	Requested 16-site 2D lattice, with 8 electrons (4, 4)
	Boundary : Periodic		Hilbert space representation : momentum-space (restricted to kIdx = 10)
	Conservation: particle number[U(1)]      spin[U(1)]     momentum
********************************************************************************************************************

Cluster Positions:				Cluster symmetry group : D4
 x ... x ... x ... x .....                       x ... x ... x ... x .....
 |           |           :                       |           |           :
 |           |           :                       |           |           :
12    13    14    15     x                       1     5     6     5     x
 |           |           :                       |           |           :
 |           |           :                       |           |           :
 8 --- 9 ---10 ---11 --- x                       2 --- 6 ---10 --- 6 --- x
 |           |           :                       |           |           :
 |           |           :                       |           |           :
 4     5     6     7     x                       1     5     6     5     x
 |           |           :                       |           |           :
 |           |           :                       |           |           :
 0 --- 1 --- 2 --- 3 --- x                       0 --- 1 --- 2 --- 1 --- x
orbital number : 1
********************************************************************************************************************
Read input file "obs_params.in"
	Observable Type : Nq(All),   Sq(All),   N(All-Orbital),   Delta[s](All),   Delta[d](All),   Delta[s+](All)
** WARNING ** the input observables have non-local factors which have been reinterpreted. The total observable number is 96
********************************************************************************************************************


********************************************************************************************************************
Start calculating the non-Gaussian ED ground state
Maximal iteration number is 1000; energy resolution is 1e-06. Phonon state relaxation time is 2000
W = 0.2 is relatively large. The non-Gaussian ED calculation starts directly.
open output files: NGSED_iteration_observables.txt
********************************************************************************************************************
Start the 0 rounds of NGS-ED iteration
	effective electronic model is modified as: kinetic energy t = 1, t' = -0.3
	                                           effective interaction Vq = [0,0,0,0,0,0,0,0,0,0,0,0,0,0,0,0]
	first Hamiltonian is constructed, size = 207168 and non-zero numbers = 32240256
	PARPACK diagonalization completed after 105 matrix-vector product operations.
	iteration results: : total energy is -14.405877 | electron energy -14.405877 + phonon energy 0.000000 | electron momentum kIdx = 10
	Nq(0) = 4,	Nq(1) = 0.191255,	Nq(2) = 0.234333,	Nq(3) = 0.191255,	Nq(4) = 0.191255,	Nq(5) = 0.305984,	
	Nq(6) = 0.331756,	Nq(7) = 0.305984,	Nq(8) = 0.234333,	Nq(9) = 0.331756,	Nq(10) = 0.361611,	
	Nq(11) = 0.331756,	Nq(12) = 0.191255,	Nq(13) = 0.305984,	Nq(14) = 0.331756,	Nq(15) = 0.305984;	
	Sq(0) = -3.48352e-18,	Sq(1) = 0.388709,	Sq(2) = 0.400904,	Sq(3) = 0.388709,	Sq(4) = 0.388709,	
	Sq(5) = 0.66772,	Sq(6) = 0.571758,	Sq(7) = 0.66772,	Sq(8) = 0.400904,	Sq(9) = 0.571758,	
	Sq(10) = 0.539189,	Sq(11) = 0.571758,	Sq(12) = 0.388709,	Sq(13) = 0.66772,	Sq(14) = 0.571758,	
	Sq(15) = 0.66772;	N(0) = 1.74885,	N(1) = 0.991935,	N(2) = 0.972078,	N(3) = 0.991935,	
	N(4) = 0.991935,	N(5) = 0.0652548,	N(6) = 0.0181601,	N(7) = 0.0652548,	N(8) = 0.972078,	
	N(9) = 0.0181601,	N(10) = 0.00559157,	N(11) = 0.0181601,	N(12) = 0.991935,	N(13) = 0.0652548,	
	N(14) = 0.0181601,	N(15) = 0.0652548;	Delta[s](0) = 0.00491165,	Delta[s](1) = 0.00471397,	Delta[s](2) = 0.00468787,	
	Delta[s](3) = 0.00471397,	Delta[s](4) = 0.00471397,	Delta[s](5) = 0.00447909,	Delta[s](6) = 0.0044279,	Delta[s](7) = 0.00447909,	
	Delta[s](8) = 0.00468787,	Delta[s](9) = 0.0044279,	Delta[s](10) = 0.00435622,	Delta[s](11) = 0.0044279,	Delta[s](12) = 0.00471397,	
	Delta[s](13) = 0.00447909,	Delta[s](14) = 0.0044279,	Delta[s](15) = 0.00447909;	Delta[d](0) = 0.0361207,	Delta[d](1) = 0.0535418,	
	Delta[d](2) = 0.0901797,	Delta[d](3) = 0.0535418,	Delta[d](4) = 0.0535418,	Delta[d](5) = 0.0724724,	Delta[d](6) = 0.114585,	
	Delta[d](7) = 0.0724724,	Delta[d](8) = 0.0901797,	Delta[d](9) = 0.114585,	Delta[d](10) = 0.166179,	Delta[d](11) = 0.114585,	
	Delta[d](12) = 0.0535418,	Delta[d](13) = 0.0724724,	Delta[d](14) = 0.114585,	Delta[d](15) = 0.0724724;	Delta[s+](0) = 0.102448,	
	Delta[s+](1) = 0.0831182,	Delta[s+](2) = 0.0901797,	Delta[s+](3) = 0.0831182,	Delta[s+](4) = 0.0831182,	Delta[s+](5) = 0.0563241,	
	Delta[s+](6) = 0.0580821,	Delta[s+](7) = 0.0563241,	Delta[s+](8) = 0.0901797,	Delta[s+](9) = 0.0580821,	Delta[s+](10) = 0.0534542,	
	Delta[s+](11) = 0.0580821,	Delta[s+](12) = 0.0831182,	Delta[s+](13) = 0.0563241,	Delta[s+](14) = 0.0580821,	Delta[s+](15) = 0.0563241
	
The 0-th iteration is completed.	|| time cost : 0h 0m 5.645s
********************************************************************************************************************
Start the 1 rounds of NGS-ED iteration
	effective electronic model is modified as: kinetic energy t = 0.427842, t' = -0.11903
	                                           effective interaction Vq = [ -46.5125, -13.9339,-0.247865, -13.9339, -13.9339,-0.359306, -2.29361,-0.359306,-0.247865, -2.29361, -21.6045, -2.29361, -13.9339,-0.359306, -2.29361,-0.359306]
	PARPACK diagonalization completed after 75 matrix-vector product operations.
	iteration results: : total energy is -301.130721 | electron energy -305.582678 + phonon energy 4.451957 | electron momentum kIdx = 10
The 1-th iteration is completed.	|| time cost : 0h 0m 3.214s
********************************************************************************************************************
Start the 2 rounds of NGS-ED iteration
	effective electronic model is modified as: kinetic energy t = 6.36794e-15, t' = -1.27068e-12
	                                           effective interaction Vq = [-46.5125,-15.3125, -1.0125,-15.3125,-15.3125, -1.0125, -3.6125, -1.0125, -1.0125, -3.6125,-23.1125, -3.6125,-15.3125, -1.0125, -3.6125, -1.0125]
	PARPACK diagonalization completed after 30 matrix-vector product operations.
	iteration results: : total energy is -322.200000 | electron energy -322.200000 + phonon energy 0.000000 | electron momentum kIdx = 10
The 2-th iteration is completed.	|| time cost : 0h 0m 0.353s
********************************************************************************************************************
Start the 3 rounds of NGS-ED iteration
	effective electronic model is modified as: kinetic energy (tx,ty)=(6.36604e-15, 6.39226e-15), t' = -1.27526e-12
	                                           effective interaction Vq = [-46.5125,-15.3125, -1.0125,-15.3125,-15.3125, -1.0125, -3.6125, -1.0125,-1.01249, -3.6125,-23.1125, -3.6125,-15.3125, -1.0125, -3.6125, -1.0125]
	PARPACK diagonalization completed after 30 matrix-vector product operations.
	iteration results: : total energy is -322.200000 | electron energy -322.200000 + phonon energy 0.000000 | electron momentum kIdx = 10
The 3-th iteration is completed.	|| time cost : 0h 0m 0.353s
********************************************************************************************************************
Start the 4 rounds of NGS-ED iteration
	effective electronic model is modified as: kinetic energy t = 6.36625e-15, t' = -1.26963e-12
	                                           effective interaction Vq = [-46.5125,-15.3125, -1.0125,-15.3125,-15.3125, -1.0125, -3.6125, -1.0125, -1.0125, -3.6125,-23.1125, -3.6125,-15.3125, -1.0125, -3.6125, -1.0125]
	PARPACK diagonalization completed after 30 matrix-vector product operations.
	iteration results: : total energy is -322.200000 | electron energy -322.200000 + phonon energy 0.000000 | electron momentum kIdx = 10
The 4-th iteration is completed.	|| time cost : 0h 0m 0.348s
********************************************************************************************************************
Start the 5 rounds of NGS-ED iteration
	effective electronic model is modified as: kinetic energy (tx,ty)=(6.36793e-15, 6.37821e-15), t' = -1.27249e-12
	                                           effective interaction Vq = [-46.5125,-15.3125, -1.0125,-15.3125,-15.3125, -1.0125, -3.6125, -1.0125, -1.0125, -3.6125,-23.1125, -3.6125,-15.3125, -1.0125, -3.6125, -1.0125]
	PARPACK diagonalization completed after 30 matrix-vector product operations.
	iteration results: : total energy is -322.200000 | electron energy -322.200000 + phonon energy 0.000000 | electron momentum kIdx = 10
The 5-th iteration is completed.	|| time cost : 0h 0m 0.355s
********************************************************************************************************************
Start the 6 rounds of NGS-ED iteration
	effective electronic model is modified as: kinetic energy t = 6.36945e-15, t' = -1.27083e-12
	                                           effective interaction Vq = [-46.5125,-15.3125, -1.0125,-15.3125,-15.3125, -1.0125, -3.6125, -1.0125, -1.0125, -3.6125,-23.1125, -3.6125,-15.3125, -1.0125, -3.6125, -1.0125]
	PARPACK diagonalization completed after 30 matrix-vector product operations.
	iteration results: : total energy is -322.200000 | electron energy -322.200000 + phonon energy 0.000000 | electron momentum kIdx = 10
The 6-th iteration is completed.	|| time cost : 0h 0m 0.347s
********************************************************************************************************************
Start the 7 rounds of NGS-ED iteration
	effective electronic model is modified as: kinetic energy t = 6.36788e-15, t' = -1.27066e-12
	                                           effective interaction Vq = [-46.5125,-15.3125, -1.0125,-15.3125,-15.3125, -1.0125, -3.6125, -1.0125, -1.0125, -3.6125,-23.1125, -3.6125,-15.3125, -1.0125, -3.6125, -1.0125]
	PARPACK diagonalization completed after 30 matrix-vector product operations.
	iteration results: : total energy is -322.200000 | electron energy -322.200000 + phonon energy 0.000000 | electron momentum kIdx = 10
The 7-th iteration is completed.	|| time cost : 0h 0m 0.347s
********************************************************************************************************************
Start the 8 rounds of NGS-ED iteration
	effective electronic model is modified as: kinetic energy (tx,ty)=(6.36632e-15, 6.37448e-15), t' = -1.27171e-12
	                                           effective interaction Vq = [-46.5125,-15.3125, -1.0125,-15.3125,-15.3125, -1.0125, -3.6125, -1.0125, -1.0125, -3.6125,-23.1125, -3.6125,-15.3125, -1.0125, -3.6125, -1.0125]
	PARPACK diagonalization completed after 30 matrix-vector product operations.
	iteration results: : total energy is -322.200000 | electron energy -322.200000 + phonon energy 0.000000 | electron momentum kIdx = 10
The 8-th iteration is completed.	|| time cost : 0h 0m 0.355s
********************************************************************************************************************
Start the 9 rounds of NGS-ED iteration
	effective electronic model is modified as: kinetic energy t = 6.36814e-15, t' = -1.27073e-12
	                                           effective interaction Vq = [-46.5125,-15.3125, -1.0125,-15.3125,-15.3125, -1.0125, -3.6125, -1.0125, -1.0125, -3.6125,-23.1125, -3.6125,-15.3125, -1.0125, -3.6125, -1.0125]
	PARPACK diagonalization completed after 30 matrix-vector product operations.
	iteration results: : total energy is -322.200000 | electron energy -322.200000 + phonon energy 0.000000 | electron momentum kIdx = 10
The 9-th iteration is completed.	|| time cost : 0h 0m 0.346s
********************************************************************************************************************
Start the 10 rounds of NGS-ED iteration
	effective electronic model is modified as: kinetic energy t = 6.36909e-15, t' = -1.27143e-12
	                                           effective interaction Vq = [-46.5125,-15.3125, -1.0125,-15.3125,-15.3125, -1.0125, -3.6125, -1.0125, -1.0125, -3.6125,-23.1125, -3.6125,-15.3125, -1.0125, -3.6125, -1.0125]
	PARPACK diagonalization completed after 30 matrix-vector product operations.
	iteration results: : total energy is -322.200000 | electron energy -322.200000 + phonon energy 0.000000 | electron momentum kIdx = 10
The 10-th iteration is completed.	|| time cost : 0h 0m 0.348s
********************************************************************************************************************
Start the 11 rounds of NGS-ED iteration
	effective electronic model is modified as: kinetic energy t = 6.36759e-15, t' = -1.27041e-12
	                                           effective interaction Vq = [-46.5125,-15.3125, -1.0125,-15.3125,-15.3125, -1.0125, -3.6125, -1.0125, -1.0125, -3.6125,-23.1125, -3.6125,-15.3125, -1.0125, -3.6125, -1.0125]
	PARPACK diagonalization completed after 30 matrix-vector product operations.
	iteration results: : total energy is -322.200000 | electron energy -322.200000 + phonon energy 0.000000 | electron momentum kIdx = 10
The 11-th iteration is completed.	|| time cost : 0h 0m 0.349s
********************************************************************************************************************
Start the 12 rounds of NGS-ED iteration
	effective electronic model is modified as: kinetic energy t = 6.36681e-15, t' = -1.27066e-12
	                                           effective interaction Vq = [-46.5125,-15.3125, -1.0125,-15.3125,-15.3125, -1.0125, -3.6125, -1.0125, -1.0125, -3.6125,-23.1125, -3.6125,-15.3125, -1.0125, -3.6125, -1.0125]
	PARPACK diagonalization completed after 30 matrix-vector product operations.
	iteration results: : total energy is -322.200000 | electron energy -322.200000 + phonon energy 0.000000 | electron momentum kIdx = 10
The 12-th iteration is completed.	|| time cost : 0h 0m 0.349s
********************************************************************************************************************
Start the 13 rounds of NGS-ED iteration
	effective electronic model is modified as: kinetic energy t = 6.3745e-15, (t'xy,t'yx)=(-1.27335e-12, -1.27043e-12)
	                                           effective interaction Vq = [-46.5125,-15.3125, -1.0125,-15.3125,-15.3125, -1.0125, -3.6125, -1.0125, -1.0125, -3.6125,-23.1125, -3.6125,-15.3125, -1.0125, -3.6125, -1.0125]
	PARPACK diagonalization completed after 30 matrix-vector product operations.
	iteration results: : total energy is -322.200000 | electron energy -322.200000 + phonon energy 0.000000 | electron momentum kIdx = 10
The 13-th iteration is completed.	|| time cost : 0h 0m 0.611s
********************************************************************************************************************
Start the 14 rounds of NGS-ED iteration
	effective electronic model is modified as: kinetic energy t = 6.36833e-15, t' = -1.2713e-12
	                                           effective interaction Vq = [-46.5125,-15.3125, -1.0125,-15.3125,-15.3125, -1.0125, -3.6125, -1.0125, -1.0125, -3.6125,-23.1125, -3.6125,-15.3125, -1.0125, -3.6125, -1.0125]
	PARPACK diagonalization completed after 30 matrix-vector product operations.
	iteration results: : total energy is -322.200000 | electron energy -322.200000 + phonon energy 0.000000 | electron momentum kIdx = 10
The 14-th iteration is completed.	|| time cost : 0h 0m 0.349s
********************************************************************************************************************
Start the 15 rounds of NGS-ED iteration
	effective electronic model is modified as: kinetic energy t = 6.37278e-15, (t'xy,t'yx)=(-1.27062e-12, -1.27259e-12)
	                                           effective interaction Vq = [-46.5125,-15.3125, -1.0125,-15.3125,-15.3125, -1.0125, -3.6125, -1.0125, -1.0125, -3.6125,-23.1125, -3.6125,-15.3125, -1.0125, -3.6125, -1.0125]
	PARPACK diagonalization completed after 30 matrix-vector product operations.
	iteration results: : total energy is -322.200000 | electron energy -322.200000 + phonon energy 0.000000 | electron momentum kIdx = 10
The 15-th iteration is completed.	|| time cost : 0h 0m 0.616s
********************************************************************************************************************
Start the 16 rounds of NGS-ED iteration
	effective electronic model is modified as: kinetic energy t = 6.36794e-15, t' = -1.27069e-12
	                                           effective interaction Vq = [-46.5125,-15.3125, -1.0125,-15.3125,-15.3125, -1.0125, -3.6125, -1.0125, -1.0125, -3.6125,-23.1125, -3.6125,-15.3125, -1.0125, -3.6125, -1.0125]
	PARPACK diagonalization completed after 30 matrix-vector product operations.
	iteration results: : total energy is -322.200000 | electron energy -322.200000 + phonon energy 0.000000 | electron momentum kIdx = 10
The 16-th iteration is completed.	|| time cost : 0h 0m 0.348s
********************************************************************************************************************
Start the 17 rounds of NGS-ED iteration
	effective electronic model is modified as: kinetic energy t = 6.36903e-15, t' = -1.27106e-12
	                                           effective interaction Vq = [-46.5125,-15.3125, -1.0125,-15.3125,-15.3125, -1.0125, -3.6125, -1.0125, -1.0125, -3.6125,-23.1125, -3.6125,-15.3125, -1.0125, -3.6125, -1.0125]
	PARPACK diagonalization completed after 30 matrix-vector product operations.
	iteration results: : total energy is -322.200000 | electron energy -322.200000 + phonon energy 0.000000 | electron momentum kIdx = 10
The 17-th iteration is completed.	|| time cost : 0h 0m 0.348s
********************************************************************************************************************
Start the 18 rounds of NGS-ED iteration
	effective electronic model is modified as: kinetic energy t = 6.36778e-15, t' = -1.27064e-12
	                                           effective interaction Vq = [-46.5125,-15.3125, -1.0125,-15.3125,-15.3125, -1.0125, -3.6125, -1.0125, -1.0125, -3.6125,-23.1125, -3.6125,-15.3125, -1.0125, -3.6125, -1.0125]
	PARPACK diagonalization completed after 30 matrix-vector product operations.
	iteration results: : total energy is -322.200000 | electron energy -322.200000 + phonon energy 0.000000 | electron momentum kIdx = 10
The 18-th iteration is completed.	|| time cost : 0h 0m 0.347s
********************************************************************************************************************
Start the 19 rounds of NGS-ED iteration
	effective electronic model is modified as: kinetic energy t = 6.37301e-15, (t'xy,t'yx)=(-1.27056e-12, -1.27259e-12)
	                                           effective interaction Vq = [-46.5125,-15.3125, -1.0125,-15.3125,-15.3125, -1.0125, -3.6125, -1.0125, -1.0125, -3.6125,-23.1125, -3.6125,-15.3125, -1.0125, -3.6125, -1.0125]
	PARPACK diagonalization completed after 30 matrix-vector product operations.
	iteration results: : total energy is -322.200000 | electron energy -322.200000 + phonon energy 0.000000 | electron momentum kIdx = 10
The 19-th iteration is completed.	|| time cost : 0h 0m 0.609s
********************************************************************************************************************
Start the 20 rounds of NGS-ED iteration
	effective electronic model is modified as: kinetic energy t = 6.36836e-15, t' = -1.27079e-12
	                                           effective interaction Vq = [-46.5125,-15.3125, -1.0125,-15.3125,-15.3125, -1.0125, -3.6125, -1.0125, -1.0125, -3.6125,-23.1125, -3.6125,-15.3125, -1.0125, -3.6125, -1.0125]
	PARPACK diagonalization completed after 30 matrix-vector product operations.
	iteration results: : total energy is -322.200000 | electron energy -322.200000 + phonon energy 0.000000 | electron momentum kIdx = 10
The 20-th iteration is completed.	|| time cost : 0h 0m 0.347s
********************************************************************************************************************
Start the 21 rounds of NGS-ED iteration
	effective electronic model is modified as: kinetic energy t = 6.36695e-15, t' = -1.27029e-12
	                                           effective interaction Vq = [-46.5125,-15.3125, -1.0125,-15.3125,-15.3125, -1.0125, -3.6125, -1.0125, -1.0125, -3.6125,-23.1125, -3.6125,-15.3125, -1.0125, -3.6125, -1.0125]
	PARPACK diagonalization completed after 30 matrix-vector product operations.
	iteration results: : total energy is -322.200000 | electron energy -322.200000 + phonon energy 0.000000 | electron momentum kIdx = 10
The 21-th iteration is completed.	|| time cost : 0h 0m 0.349s
********************************************************************************************************************
Start the 22 rounds of NGS-ED iteration
	effective electronic model is modified as: kinetic energy t = 6.36802e-15, t' = -1.2707e-12
	                                           effective interaction Vq = [-46.5125,-15.3125, -1.0125,-15.3125,-15.3125, -1.0125, -3.6125, -1.0125, -1.0125, -3.6125,-23.1125, -3.6125,-15.3125, -1.0125, -3.6125, -1.0125]
	PARPACK diagonalization completed after 30 matrix-vector product operations.
	iteration results: : total energy is -322.200000 | electron energy -322.200000 + phonon energy 0.000000 | electron momentum kIdx = 10
The 22-th iteration is completed.	|| time cost : 0h 0m 0.348s
********************************************************************************************************************
Start the 23 rounds of NGS-ED iteration
	effective electronic model is modified as: kinetic energy t = 6.36773e-15, t' = -1.27073e-12
	                                           effective interaction Vq = [-46.5125,-15.3125, -1.0125,-15.3125,-15.3125, -1.0125, -3.6125, -1.0125, -1.0125, -3.6125,-23.1125, -3.6125,-15.3125, -1.0125, -3.6125, -1.0125]
	PARPACK diagonalization completed after 30 matrix-vector product operations.
	iteration results: : total energy is -322.200000 | electron energy -322.200000 + phonon energy 0.000000 | electron momentum kIdx = 10
The 23-th iteration is completed.	|| time cost : 0h 0m 0.349s
********************************************************************************************************************
Start the 24 rounds of NGS-ED iteration
	effective electronic model is modified as: kinetic energy t = 6.36792e-15, t' = -1.27067e-12
	                                           effective interaction Vq = [-46.5125,-15.3125, -1.0125,-15.3125,-15.3125, -1.0125, -3.6125, -1.0125, -1.0125, -3.6125,-23.1125, -3.6125,-15.3125, -1.0125, -3.6125, -1.0125]
	PARPACK diagonalization completed after 30 matrix-vector product operations.
	iteration results: : total energy is -322.200000 | electron energy -322.200000 + phonon energy 0.000000 | electron momentum kIdx = 10
The 24-th iteration is completed.	|| time cost : 0h 0m 0.348s
********************************************************************************************************************
Start the 25 rounds of NGS-ED iteration
	effective electronic model is modified as: kinetic energy t = 6.36817e-15, t' = -1.27071e-12
	                                           effective interaction Vq = [-46.5125,-15.3125, -1.0125,-15.3125,-15.3125, -1.0125, -3.6125, -1.0125, -1.0125, -3.6125,-23.1125, -3.6125,-15.3125, -1.0125, -3.6125, -1.0125]
	PARPACK diagonalization completed after 30 matrix-vector product operations.
	iteration results: : total energy is -322.200000 | electron energy -322.200000 + phonon energy 0.000000 | electron momentum kIdx = 10
The 25-th iteration is completed.	|| time cost : 0h 0m 0.349s
********************************************************************************************************************
Start the 26 rounds of NGS-ED iteration
	effective electronic model is modified as: kinetic energy t = 6.36202e-15, (t'xy,t'yx)=(-1.27042e-12, -1.26803e-12)
	                                           effective interaction Vq = [-46.5125,-15.3125, -1.0125,-15.3125,-15.3125, -1.0125, -3.6125, -1.0125, -1.0125, -3.6125,-23.1125, -3.6125,-15.3125, -1.0125, -3.6125, -1.0125]
	PARPACK diagonalization completed after 30 matrix-vector product operations.
	iteration results: : total energy is -322.200000 | electron energy -322.200000 + phonon energy 0.000000 | electron momentum kIdx = 10
The 26-th iteration is completed.	|| time cost : 0h 0m 0.607s
********************************************************************************************************************
Start the 27 rounds of NGS-ED iteration
	effective electronic model is modified as: kinetic energy t = 6.3641e-15, t' = -1.26998e-12
	                                           effective interaction Vq = [-46.5125,-15.3125, -1.0125,-15.3125,-15.3125, -1.0125, -3.6125, -1.0125, -1.0125, -3.6125,-23.1125, -3.6125,-15.3125, -1.0125, -3.6125, -1.0125]
	PARPACK diagonalization completed after 30 matrix-vector product operations.
	iteration results: : total energy is -322.200000 | electron energy -322.200000 + phonon energy 0.000000 | electron momentum kIdx = 10
The 27-th iteration is completed.	|| time cost : 0h 0m 0.354s
********************************************************************************************************************
Start the 28 rounds of NGS-ED iteration
	effective electronic model is modified as: kinetic energy t = 6.36832e-15, t' = -1.27078e-12
	                                           effective interaction Vq = [-46.5125,-15.3125, -1.0125,-15.3125,-15.3125, -1.0125, -3.6125, -1.0125, -1.0125, -3.6125,-23.1125, -3.6125,-15.3125, -1.0125, -3.6125, -1.0125]
	PARPACK diagonalization completed after 30 matrix-vector product operations.
	iteration results: : total energy is -322.200000 | electron energy -322.200000 + phonon energy 0.000000 | electron momentum kIdx = 10
The 28-th iteration is completed.	|| time cost : 0h 0m 0.346s
********************************************************************************************************************
Start the 29 rounds of NGS-ED iteration
	effective electronic model is modified as: kinetic energy t = 6.36756e-15, t' = -1.27081e-12
	                                           effective interaction Vq = [-46.5125,-15.3125, -1.0125,-15.3125,-15.3125, -1.0125, -3.6125, -1.0125, -1.0125, -3.6125,-23.1125, -3.6125,-15.3125, -1.0125, -3.6125, -1.0125]
	PARPACK diagonalization completed after 30 matrix-vector product operations.
	iteration results: : total energy is -322.200000 | electron energy -322.200000 + phonon energy 0.000000 | electron momentum kIdx = 10
The 29-th iteration is completed.	|| time cost : 0h 0m 0.345s
********************************************************************************************************************
Start the 30 rounds of NGS-ED iteration
	effective electronic model is modified as: kinetic energy t = 6.36765e-15, t' = -1.27084e-12
	                                           effective interaction Vq = [-46.5125,-15.3125, -1.0125,-15.3125,-15.3125, -1.0125, -3.6125, -1.0125, -1.0125, -3.6125,-23.1125, -3.6125,-15.3125, -1.0125, -3.6125, -1.0125]
	PARPACK diagonalization completed after 30 matrix-vector product operations.
	iteration results: : total energy is -322.200000 | electron energy -322.200000 + phonon energy 0.000000 | electron momentum kIdx = 10
The 30-th iteration is completed.	|| time cost : 0h 0m 0.413s
********************************************************************************************************************
Start the 31 rounds of NGS-ED iteration
	effective electronic model is modified as: kinetic energy t = 6.36787e-15, t' = -1.27066e-12
	                                           effective interaction Vq = [-46.5125,-15.3125, -1.0125,-15.3125,-15.3125, -1.0125, -3.6125, -1.0125, -1.0125, -3.6125,-23.1125, -3.6125,-15.3125, -1.0125, -3.6125, -1.0125]
	PARPACK diagonalization completed after 30 matrix-vector product operations.
	iteration results: : total energy is -322.200000 | electron energy -322.200000 + phonon energy 0.000000 | electron momentum kIdx = 10
The 31-th iteration is completed.	|| time cost : 0h 0m 0.347s
********************************************************************************************************************
Start the 32 rounds of NGS-ED iteration
	effective electronic model is modified as: kinetic energy t = 6.36388e-15, t' = -1.27008e-12
	                                           effective interaction Vq = [-46.5125,-15.3125, -1.0125,-15.3125,-15.3125, -1.0125, -3.6125, -1.0125, -1.0125, -3.6125,-23.1125, -3.6125,-15.3125, -1.0125, -3.6125, -1.0125]
	PARPACK diagonalization completed after 30 matrix-vector product operations.
	iteration results: : total energy is -322.200000 | electron energy -322.200000 + phonon energy 0.000000 | electron momentum kIdx = 10
The 32-th iteration is completed.	|| time cost : 0h 0m 0.347s
********************************************************************************************************************
Start the 33 rounds of NGS-ED iteration
	effective electronic model is modified as: kinetic energy t = 6.36797e-15, t' = -1.27074e-12
	                                           effective interaction Vq = [-46.5125,-15.3125, -1.0125,-15.3125,-15.3125, -1.0125, -3.6125, -1.0125, -1.0125, -3.6125,-23.1125, -3.6125,-15.3125, -1.0125, -3.6125, -1.0125]
	PARPACK diagonalization completed after 30 matrix-vector product operations.
	iteration results: : total energy is -322.200000 | electron energy -322.200000 + phonon energy 0.000000 | electron momentum kIdx = 10
The 33-th iteration is completed.	|| time cost : 0h 0m 0.347s
********************************************************************************************************************
Start the 34 rounds of NGS-ED iteration
	effective electronic model is modified as: kinetic energy t = 6.36793e-15, t' = -1.27067e-12
	                                           effective interaction Vq = [-46.5125,-15.3125, -1.0125,-15.3125,-15.3125, -1.0125, -3.6125, -1.0125, -1.0125, -3.6125,-23.1125, -3.6125,-15.3125, -1.0125, -3.6125, -1.0125]
	PARPACK diagonalization completed after 30 matrix-vector product operations.
	iteration results: : total energy is -322.200000 | electron energy -322.200000 + phonon energy 0.000000 | electron momentum kIdx = 10
The 34-th iteration is completed.	|| time cost : 0h 0m 0.346s
********************************************************************************************************************
Start the 35 rounds of NGS-ED iteration
	effective electronic model is modified as: kinetic energy t = 6.36768e-15, t' = -1.26933e-12
	                                           effective interaction Vq = [-46.5125,-15.3125, -1.0125,-15.3125,-15.3125, -1.0125, -3.6125, -1.0125, -1.0125, -3.6125,-23.1125, -3.6125,-15.3125, -1.0125, -3.6125, -1.0125]
	PARPACK diagonalization completed after 30 matrix-vector product operations.
	iteration results: : total energy is -322.200000 | electron energy -322.200000 + phonon energy 0.000000 | electron momentum kIdx = 10
The 35-th iteration is completed.	|| time cost : 0h 0m 0.384s
********************************************************************************************************************
Start the 36 rounds of NGS-ED iteration
	effective electronic model is modified as: kinetic energy t = 6.38133e-15, (t'xy,t'yx)=(-1.27646e-12, -1.26977e-12)
	                                           effective interaction Vq = [-46.5125,-15.3125, -1.0125,-15.3125,-15.3125, -1.0125, -3.6125, -1.0125, -1.0125, -3.6125,-23.1125, -3.6125,-15.3125, -1.0125, -3.6125, -1.0125]
	PARPACK diagonalization completed after 30 matrix-vector product operations.
	iteration results: : total energy is -322.200000 | electron energy -322.200000 + phonon energy 0.000000 | electron momentum kIdx = 10
The 36-th iteration is completed.	|| time cost : 0h 0m 0.61s
********************************************************************************************************************
Start the 37 rounds of NGS-ED iteration
	effective electronic model is modified as: kinetic energy t = 6.36817e-15, t' = -1.27072e-12
	                                           effective interaction Vq = [-46.5125,-15.3125, -1.0125,-15.3125,-15.3125, -1.0125, -3.6125, -1.0125, -1.0125, -3.6125,-23.1125, -3.6125,-15.3125, -1.0125, -3.6125, -1.0125]
	PARPACK diagonalization completed after 30 matrix-vector product operations.
	iteration results: : total energy is -322.200000 | electron energy -322.200000 + phonon energy 0.000000 | electron momentum kIdx = 10
The 37-th iteration is completed.	|| time cost : 0h 0m 0.352s
********************************************************************************************************************
Start the 38 rounds of NGS-ED iteration
	effective electronic model is modified as: kinetic energy (tx,ty)=(6.38791e-15, 6.36724e-15), t' = -1.27456e-12
	                                           effective interaction Vq = [-46.5125,-15.3125,-1.01249,-15.3125,-15.3125, -1.0125, -3.6125, -1.0125, -1.0125, -3.6125,-23.1125, -3.6125,-15.3125, -1.0125, -3.6125, -1.0125]
	PARPACK diagonalization completed after 30 matrix-vector product operations.
	iteration results: : total energy is -322.200000 | electron energy -322.200000 + phonon energy 0.000000 | electron momentum kIdx = 10
The 38-th iteration is completed.	|| time cost : 0h 0m 0.356s
********************************************************************************************************************
Start the 39 rounds of NGS-ED iteration
	effective electronic model is modified as: kinetic energy t = 6.36973e-15, t' = -1.27063e-12
	                                           effective interaction Vq = [-46.5125,-15.3125, -1.0125,-15.3125,-15.3125, -1.0125, -3.6125, -1.0125, -1.0125, -3.6125,-23.1125, -3.6125,-15.3125, -1.0125, -3.6125, -1.0125]
	PARPACK diagonalization completed after 30 matrix-vector product operations.
	iteration results: : total energy is -322.200000 | electron energy -322.200000 + phonon energy 0.000000 | electron momentum kIdx = 10
The 39-th iteration is completed.	|| time cost : 0h 0m 0.349s
********************************************************************************************************************
Start the 40 rounds of NGS-ED iteration
	effective electronic model is modified as: kinetic energy t = 6.36831e-15, t' = -1.27067e-12
	                                           effective interaction Vq = [-46.5125,-15.3125, -1.0125,-15.3125,-15.3125, -1.0125, -3.6125, -1.0125, -1.0125, -3.6125,-23.1125, -3.6125,-15.3125, -1.0125, -3.6125, -1.0125]
	PARPACK diagonalization completed after 30 matrix-vector product operations.
	iteration results: : total energy is -322.200000 | electron energy -322.200000 + phonon energy 0.000000 | electron momentum kIdx = 10
The 40-th iteration is completed.	|| time cost : 0h 0m 0.347s
********************************************************************************************************************
Start the 41 rounds of NGS-ED iteration
	effective electronic model is modified as: kinetic energy t = 6.36732e-15, t' = -1.27071e-12
	                                           effective interaction Vq = [-46.5125,-15.3125, -1.0125,-15.3125,-15.3125, -1.0125, -3.6125, -1.0125, -1.0125, -3.6125,-23.1125, -3.6125,-15.3125, -1.0125, -3.6125, -1.0125]
	PARPACK diagonalization completed after 30 matrix-vector product operations.
	iteration results: : total energy is -322.200000 | electron energy -322.200000 + phonon energy 0.000000 | electron momentum kIdx = 10
The 41-th iteration is completed.	|| time cost : 0h 0m 0.35s
********************************************************************************************************************
Start the 42 rounds of NGS-ED iteration
	effective electronic model is modified as: kinetic energy t = 6.3689e-15, t' = -1.27155e-12
	                                           effective interaction Vq = [-46.5125,-15.3125, -1.0125,-15.3125,-15.3125, -1.0125, -3.6125, -1.0125, -1.0125, -3.6125,-23.1125, -3.6125,-15.3125, -1.0125, -3.6125, -1.0125]
	PARPACK diagonalization completed after 30 matrix-vector product operations.
	iteration results: : total energy is -322.200000 | electron energy -322.200000 + phonon energy 0.000000 | electron momentum kIdx = 10
The 42-th iteration is completed.	|| time cost : 0h 0m 0.348s
********************************************************************************************************************
Start the 43 rounds of NGS-ED iteration
	effective electronic model is modified as: kinetic energy t = 6.36804e-15, t' = -1.2707e-12
	                                           effective interaction Vq = [-46.5125,-15.3125, -1.0125,-15.3125,-15.3125, -1.0125, -3.6125, -1.0125, -1.0125, -3.6125,-23.1125, -3.6125,-15.3125, -1.0125, -3.6125, -1.0125]
	PARPACK diagonalization completed after 30 matrix-vector product operations.
	iteration results: : total energy is -322.200000 | electron energy -322.200000 + phonon energy 0.000000 | electron momentum kIdx = 10
The 43-th iteration is completed.	|| time cost : 0h 0m 0.348s
********************************************************************************************************************
Start the 44 rounds of NGS-ED iteration
	effective electronic model is modified as: kinetic energy t = 6.36807e-15, t' = -1.27037e-12
	                                           effective interaction Vq = [-46.5125,-15.3125, -1.0125,-15.3125,-15.3125, -1.0125, -3.6125, -1.0125, -1.0125, -3.6125,-23.1125, -3.6125,-15.3125, -1.0125, -3.6125, -1.0125]
	PARPACK diagonalization completed after 30 matrix-vector product operations.
	iteration results: : total energy is -322.200000 | electron energy -322.200000 + phonon energy 0.000000 | electron momentum kIdx = 10
The 44-th iteration is completed.	|| time cost : 0h 0m 0.349s
********************************************************************************************************************
Start the 45 rounds of NGS-ED iteration
	effective electronic model is modified as: kinetic energy t = 6.3684e-15, t' = -1.27048e-12
	                                           effective interaction Vq = [-46.5125,-15.3125, -1.0125,-15.3125,-15.3125, -1.0125, -3.6125, -1.0125, -1.0125, -3.6125,-23.1125, -3.6125,-15.3125, -1.0125, -3.6125, -1.0125]
	PARPACK diagonalization completed after 30 matrix-vector product operations.
	iteration results: : total energy is -322.200000 | electron energy -322.200000 + phonon energy 0.000000 | electron momentum kIdx = 10
The 45-th iteration is completed.	|| time cost : 0h 0m 0.347s
********************************************************************************************************************
Start the 46 rounds of NGS-ED iteration
