SNEDics v3.22.2 Non-Gaussian ED ground state program		Start at Thu Jun 30 12:10:54 2022

Parallelization: 32 MPI threads  * 8 OpenMP threads = 256 total threads.
********************************************************************************************************************
********************************************************************************************************************

********************************************************************************************************************
System parameters and configurations
	special program options are enabled: splitted diagonal Hamiltonian | splitted Hamiltonian terms
********************************************************************************************************************
Read input file "model_params.in"
	Hubbard-Holstein model parameters : 	t = 1    t' = -0.3    U = 8    g = 0.95    W = 0.2    g' = 0.55    
********************************************************************************************************************
Read input file "hilbertspace_params.in"
	Requested 16-site 2D lattice, with 8 electrons (4, 4)
	Boundary : Periodic		Hilbert space representation : momentum-space (restricted to kIdx = 2)
	Conservation: particle number[U(1)]      spin[U(1)]     momentum
********************************************************************************************************************

Cluster Positions:				Cluster symmetry group : D4
 x ... x ... x ... x .....                       x ... x ... x ... x .....
 |           |           :                       |           |           :
 |           |           :                       |           |           :
12    13    14    15     x                       1     5     6     5     x
 |           |           :                       |           |           :
 |           |           :                       |           |           :
 8 --- 9 ---10 ---11 --- x                       2 --- 6 ---10 --- 6 --- x
 |           |           :                       |           |           :
 |           |           :                       |           |           :
 4     5     6     7     x                       1     5     6     5     x
 |           |           :                       |           |           :
 |           |           :                       |           |           :
 0 --- 1 --- 2 --- 3 --- x                       0 --- 1 --- 2 --- 1 --- x
orbital number : 1
********************************************************************************************************************
Read input file "obs_params.in"
	Observable Type : Nq(All),   Sq(All),   N(All-Orbital),   Delta[s](All),   Delta[d](All),   Delta[s+](All)
** WARNING ** the input observables have non-local factors which have been reinterpreted. The total observable number is 96
********************************************************************************************************************


********************************************************************************************************************
Start calculating the non-Gaussian ED ground state
Maximal iteration number is 1000; energy resolution is 1e-06. Phonon state relaxation time is 2000
W = 0.2 is relatively large. The non-Gaussian ED calculation starts directly.
open output files: NGSED_iteration_observables.txt
********************************************************************************************************************
Start the 0 rounds of NGS-ED iteration
	effective electronic model is modified as: kinetic energy t = 1, t' = -0.3
	                                           effective interaction Vq = [0,0,0,0,0,0,0,0,0,0,0,0,0,0,0,0]
	first Hamiltonian is constructed, size = 207168 and non-zero numbers = 32240272
	PARPACK diagonalization completed after 105 matrix-vector product operations.
	iteration results: : total energy is -14.589859 | electron energy -14.589859 + phonon energy 0.000000 | electron momentum kIdx = 2
	Nq(0) = 4,	Nq(1) = 0.210989,	Nq(2) = 0.27716,	Nq(3) = 0.210989,	Nq(4) = 0.183815,	Nq(5) = 0.269769,	
	Nq(6) = 0.352301,	Nq(7) = 0.269769,	Nq(8) = 0.21969,	Nq(9) = 0.36765,	Nq(10) = 0.448498,	
	Nq(11) = 0.36765,	Nq(12) = 0.183815,	Nq(13) = 0.269769,	Nq(14) = 0.352301,	Nq(15) = 0.269769;	
	Sq(0) = -1.31941e-18,	Sq(1) = 0.578692,	Sq(2) = 0.918331,	Sq(3) = 0.578692,	Sq(4) = 0.332581,	
	Sq(5) = 0.45046,	Sq(6) = 0.571755,	Sq(7) = 0.45046,	Sq(8) = 0.294095,	Sq(9) = 0.623631,	
	Sq(10) = 0.51848,	Sq(11) = 0.623631,	Sq(12) = 0.332581,	Sq(13) = 0.45046,	Sq(14) = 0.571755,	
	Sq(15) = 0.45046;	N(0) = 1.69474,	N(1) = 0.981264,	N(2) = 0.249236,	N(3) = 0.981264,	
	N(4) = 1.71528,	N(5) = 0.0941986,	N(6) = 0.0463095,	N(7) = 0.0941986,	N(8) = 0.121871,	
	N(9) = 0.029174,	N(10) = 0.0133117,	N(11) = 0.029174,	N(12) = 1.71528,	N(13) = 0.0941986,	
	N(14) = 0.0463095,	N(15) = 0.0941986;	Delta[s](0) = 0.00846192,	Delta[s](1) = 0.0079707,	Delta[s](2) = 0.007567,	
	Delta[s](3) = 0.0079707,	Delta[s](4) = 0.00839672,	Delta[s](5) = 0.00791631,	Delta[s](6) = 0.00752143,	Delta[s](7) = 0.00791631,	
	Delta[s](8) = 0.00832613,	Delta[s](9) = 0.00785131,	Delta[s](10) = 0.00746763,	Delta[s](11) = 0.00785131,	Delta[s](12) = 0.00839672,	
	Delta[s](13) = 0.00791631,	Delta[s](14) = 0.00752143,	Delta[s](15) = 0.00791631;	Delta[d](0) = 0.0752016,	Delta[d](1) = 0.0454628,	
	Delta[d](2) = 0.0354979,	Delta[d](3) = 0.0454628,	Delta[d](4) = 0.0917565,	Delta[d](5) = 0.0560297,	Delta[d](6) = 0.040261,	
	Delta[d](7) = 0.0560297,	Delta[d](8) = 0.104831,	Delta[d](9) = 0.0627764,	Delta[d](10) = 0.0412411,	Delta[d](11) = 0.0627764,	
	Delta[d](12) = 0.0917565,	Delta[d](13) = 0.0560297,	Delta[d](14) = 0.040261,	Delta[d](15) = 0.0560297;	Delta[s+](0) = 0.149168,	
	Delta[s+](1) = 0.0810654,	Delta[s+](2) = 0.0354979,	Delta[s+](3) = 0.0810654,	Delta[s+](4) = 0.129538,	Delta[s+](5) = 0.0685136,	
	Delta[s+](6) = 0.0305197,	Delta[s+](7) = 0.0685136,	Delta[s+](8) = 0.104831,	Delta[s+](9) = 0.0528789,	Delta[s+](10) = 0.023723,	
	Delta[s+](11) = 0.0528789,	Delta[s+](12) = 0.129538,	Delta[s+](13) = 0.0685136,	Delta[s+](14) = 0.0305197,	Delta[s+](15) = 0.0685136
	
The 0-th iteration is completed.	|| time cost : 0h 0m 5.699s
********************************************************************************************************************
Start the 1 rounds of NGS-ED iteration
	effective electronic model is modified as: kinetic energy (tx,ty)=(0.457772, 0.3893), t' = -0.0797176
	                                           effective interaction Vq = [  -49.6125,  -19.5949,  -2.90704,  -19.5949,  -19.8787,  -3.06128,-0.0198687,  -3.06128,  -2.98003,-0.0235484,  -6.67171,-0.0235484,  -19.8787,  -3.06128,-0.0198687,  -3.06128]
	PARPACK diagonalization completed after 45 matrix-vector product operations.
	iteration results: : total energy is -332.014037 | electron energy -336.694915 + phonon energy 4.680877 | electron momentum kIdx = 2
The 1-th iteration is completed.	|| time cost : 0h 0m 3.084s
********************************************************************************************************************
Start the 2 rounds of NGS-ED iteration
	effective electronic model is modified as: kinetic energy t = 2.56901e-12, t' = -1.28721e-17
	                                           effective interaction Vq = [-49.6125,-21.0125, -4.5125,-21.0125,-21.0125, -4.5125, -0.1125, -4.5125, -4.5125, -0.1125, -7.8125, -0.1125,-21.0125, -4.5125, -0.1125, -4.5125]
	PARPACK diagonalization completed after 30 matrix-vector product operations.
	iteration results: : total energy is -352.600000 | electron energy -352.600000 + phonon energy 0.000000 | electron momentum kIdx = 2
The 2-th iteration is completed.	|| time cost : 0h 0m 0.378s
********************************************************************************************************************
Start the 3 rounds of NGS-ED iteration
	effective electronic model is modified as: kinetic energy (tx,ty)=(2.57876e-12, 2.57613e-12), t' = -1.28651e-17
	                                           effective interaction Vq = [-49.6125,-21.0125, -4.5125,-21.0125,-21.0125, -4.5125, -0.1125, -4.5125, -4.5125, -0.1125, -7.8125, -0.1125,-21.0125, -4.5125, -0.1125, -4.5125]
	PARPACK diagonalization completed after 30 matrix-vector product operations.
	iteration results: : total energy is -352.600000 | electron energy -352.600000 + phonon energy 0.000000 | electron momentum kIdx = 2
The 3-th iteration is completed.	|| time cost : 0h 0m 0.38s
********************************************************************************************************************
Start the 4 rounds of NGS-ED iteration
	effective electronic model is modified as: kinetic energy (tx,ty)=(2.57866e-12, 2.55794e-12), t' = -1.29118e-17
	                                           effective interaction Vq = [-49.6125,-21.0125, -4.5125,-21.0125,-21.0125, -4.5125, -0.1125, -4.5125, -4.5125, -0.1125, -7.8125, -0.1125,-21.0125, -4.5125, -0.1125, -4.5125]
	PARPACK diagonalization completed after 30 matrix-vector product operations.
	iteration results: : total energy is -352.600000 | electron energy -352.600000 + phonon energy 0.000000 | electron momentum kIdx = 2
The 4-th iteration is completed.	|| time cost : 0h 0m 0.378s
********************************************************************************************************************
Start the 5 rounds of NGS-ED iteration
	effective electronic model is modified as: kinetic energy t = 2.56503e-12, t' = -1.28769e-17
	                                           effective interaction Vq = [-49.6125,-21.0125, -4.5125,-21.0125,-21.0125, -4.5125, -0.1125, -4.5125, -4.5125, -0.1125, -7.8125, -0.1125,-21.0125, -4.5125, -0.1125, -4.5125]
	PARPACK diagonalization completed after 30 matrix-vector product operations.
	iteration results: : total energy is -352.600000 | electron energy -352.600000 + phonon energy 0.000000 | electron momentum kIdx = 2
The 5-th iteration is completed.	|| time cost : 0h 0m 0.374s
********************************************************************************************************************
Start the 6 rounds of NGS-ED iteration
	effective electronic model is modified as: kinetic energy t = 2.56657e-12, t' = -1.28765e-17
	                                           effective interaction Vq = [-49.6125,-21.0125, -4.5125,-21.0125,-21.0125, -4.5125, -0.1125, -4.5125, -4.5125, -0.1125, -7.8125, -0.1125,-21.0125, -4.5125, -0.1125, -4.5125]
	PARPACK diagonalization completed after 30 matrix-vector product operations.
	iteration results: : total energy is -352.600000 | electron energy -352.600000 + phonon energy 0.000000 | electron momentum kIdx = 2
The 6-th iteration is completed.	|| time cost : 0h 0m 0.377s
********************************************************************************************************************
Start the 7 rounds of NGS-ED iteration
	effective electronic model is modified as: kinetic energy t = 2.56966e-12, t' = -1.28623e-17
	                                           effective interaction Vq = [-49.6125,-21.0125, -4.5125,-21.0125,-21.0125, -4.5125, -0.1125, -4.5125, -4.5125, -0.1125, -7.8125, -0.1125,-21.0125, -4.5125, -0.1125, -4.5125]
	PARPACK diagonalization completed after 30 matrix-vector product operations.
	iteration results: : total energy is -352.600000 | electron energy -352.600000 + phonon energy 0.000000 | electron momentum kIdx = 2
The 7-th iteration is completed.	|| time cost : 0h 0m 0.376s
********************************************************************************************************************
Start the 8 rounds of NGS-ED iteration
	effective electronic model is modified as: kinetic energy (tx,ty)=(2.57766e-12, 2.5741e-12), t' = -1.28598e-17
	                                           effective interaction Vq = [-49.6125,-21.0125, -4.5125,-21.0125,-21.0125, -4.5125, -0.1125, -4.5125, -4.5125, -0.1125, -7.8125, -0.1125,-21.0125, -4.5125, -0.1125, -4.5125]
	PARPACK diagonalization completed after 30 matrix-vector product operations.
	iteration results: : total energy is -352.600000 | electron energy -352.600000 + phonon energy 0.000000 | electron momentum kIdx = 2
The 8-th iteration is completed.	|| time cost : 0h 0m 0.35s
********************************************************************************************************************
Start the 9 rounds of NGS-ED iteration
	effective electronic model is modified as: kinetic energy (tx,ty)=(2.61289e-12, 2.5687e-12), t' = -1.31061e-17
	                                           effective interaction Vq = [-49.6125,-21.0125,-4.51246,-21.0125,-21.0125, -4.5125, -0.1125, -4.5125, -4.5125, -0.1125, -7.8125, -0.1125,-21.0125, -4.5125, -0.1125, -4.5125]
	PARPACK diagonalization completed after 30 matrix-vector product operations.
	iteration results: : total energy is -352.600000 | electron energy -352.600000 + phonon energy 0.000000 | electron momentum kIdx = 2
The 9-th iteration is completed.	|| time cost : 0h 0m 0.354s
********************************************************************************************************************
Start the 10 rounds of NGS-ED iteration
	effective electronic model is modified as: kinetic energy t = 2.56827e-12, t' = -1.28723e-17
	                                           effective interaction Vq = [-49.6125,-21.0125, -4.5125,-21.0125,-21.0125, -4.5125, -0.1125, -4.5125, -4.5125, -0.1125, -7.8125, -0.1125,-21.0125, -4.5125, -0.1125, -4.5125]
	PARPACK diagonalization completed after 30 matrix-vector product operations.
	iteration results: : total energy is -352.600000 | electron energy -352.600000 + phonon energy 0.000000 | electron momentum kIdx = 2
The 10-th iteration is completed.	|| time cost : 0h 0m 0.347s
********************************************************************************************************************
Start the 11 rounds of NGS-ED iteration
	effective electronic model is modified as: kinetic energy (tx,ty)=(2.56724e-12, 2.57619e-12), t' = -1.28605e-17
	                                           effective interaction Vq = [-49.6125,-21.0125, -4.5125,-21.0125,-21.0125, -4.5125, -0.1125, -4.5125, -4.5125, -0.1125, -7.8125, -0.1125,-21.0125, -4.5125, -0.1125, -4.5125]
	PARPACK diagonalization completed after 30 matrix-vector product operations.
	iteration results: : total energy is -352.600000 | electron energy -352.600000 + phonon energy 0.000000 | electron momentum kIdx = 2
The 11-th iteration is completed.	|| time cost : 0h 0m 0.352s
********************************************************************************************************************
Start the 12 rounds of NGS-ED iteration
	effective electronic model is modified as: kinetic energy (tx,ty)=(2.58728e-12, 2.58989e-12), t' = -1.28984e-17
	                                           effective interaction Vq = [-49.6125,-21.0125, -4.5125,-21.0125,-21.0125, -4.5125, -0.1125, -4.5125, -4.5125, -0.1125, -7.8125, -0.1125,-21.0125, -4.5125, -0.1125, -4.5125]
	PARPACK diagonalization completed after 30 matrix-vector product operations.
	iteration results: : total energy is -352.600000 | electron energy -352.600000 + phonon energy 0.000000 | electron momentum kIdx = 2
The 12-th iteration is completed.	|| time cost : 0h 0m 0.353s
********************************************************************************************************************
Start the 13 rounds of NGS-ED iteration
	effective electronic model is modified as: kinetic energy t = 2.56518e-12, t' = -1.28808e-17
	                                           effective interaction Vq = [-49.6125,-21.0125, -4.5125,-21.0125,-21.0125, -4.5125, -0.1125, -4.5125, -4.5125, -0.1125, -7.8125, -0.1125,-21.0125, -4.5125, -0.1125, -4.5125]
	PARPACK diagonalization completed after 30 matrix-vector product operations.
	iteration results: : total energy is -352.600000 | electron energy -352.600000 + phonon energy 0.000000 | electron momentum kIdx = 2
The 13-th iteration is completed.	|| time cost : 0h 0m 0.35s
********************************************************************************************************************
Start the 14 rounds of NGS-ED iteration
	effective electronic model is modified as: kinetic energy (tx,ty)=(2.5687e-12, 2.56575e-12), t' = -1.28775e-17
	                                           effective interaction Vq = [ -49.6125, -21.0125,  -4.5125, -21.0125, -21.0125,  -4.5125,-0.112497,  -4.5125,  -4.5125,  -0.1125,  -7.8125,  -0.1125, -21.0125,  -4.5125,-0.112497,  -4.5125]
	PARPACK diagonalization completed after 30 matrix-vector product operations.
	iteration results: : total energy is -352.600000 | electron energy -352.600000 + phonon energy 0.000000 | electron momentum kIdx = 2
The 14-th iteration is completed.	|| time cost : 0h 0m 0.357s
********************************************************************************************************************
Start the 15 rounds of NGS-ED iteration
	effective electronic model is modified as: kinetic energy t = 2.56881e-12, t' = -1.28729e-17
	                                           effective interaction Vq = [-49.6125,-21.0125, -4.5125,-21.0125,-21.0125, -4.5125, -0.1125, -4.5125, -4.5125, -0.1125, -7.8125, -0.1125,-21.0125, -4.5125, -0.1125, -4.5125]
	PARPACK diagonalization completed after 30 matrix-vector product operations.
	iteration results: : total energy is -352.600000 | electron energy -352.600000 + phonon energy 0.000000 | electron momentum kIdx = 2
The 15-th iteration is completed.	|| time cost : 0h 0m 0.353s
********************************************************************************************************************
Start the 16 rounds of NGS-ED iteration
	effective electronic model is modified as: kinetic energy (tx,ty)=(2.5679e-12, 2.54974e-12), t' = -1.27831e-17
	                                           effective interaction Vq = [-49.6125,-21.0125, -4.5125,-21.0125,-21.0125, -4.5125, -0.1125, -4.5125,-4.51249, -0.1125, -7.8125, -0.1125,-21.0125, -4.5125, -0.1125, -4.5125]
	PARPACK diagonalization completed after 30 matrix-vector product operations.
	iteration results: : total energy is -352.600000 | electron energy -352.600000 + phonon energy 0.000000 | electron momentum kIdx = 2
The 16-th iteration is completed.	|| time cost : 0h 0m 0.353s
********************************************************************************************************************
Start the 17 rounds of NGS-ED iteration
	effective electronic model is modified as: kinetic energy t = 2.56666e-12, t' = -1.2871e-17
	                                           effective interaction Vq = [-49.6125,-21.0125, -4.5125,-21.0125,-21.0125, -4.5125, -0.1125, -4.5125, -4.5125, -0.1125, -7.8125, -0.1125,-21.0125, -4.5125, -0.1125, -4.5125]
	PARPACK diagonalization completed after 30 matrix-vector product operations.
	iteration results: : total energy is -352.600000 | electron energy -352.600000 + phonon energy 0.000000 | electron momentum kIdx = 2
The 17-th iteration is completed.	|| time cost : 0h 0m 0.352s
********************************************************************************************************************
Start the 18 rounds of NGS-ED iteration
	effective electronic model is modified as: kinetic energy t = 2.56389e-12, t' = -1.28673e-17
	                                           effective interaction Vq = [-49.6125,-21.0125, -4.5125,-21.0125,-21.0125, -4.5125, -0.1125, -4.5125, -4.5125, -0.1125, -7.8125, -0.1125,-21.0125, -4.5125, -0.1125, -4.5125]
	PARPACK diagonalization completed after 30 matrix-vector product operations.
	iteration results: : total energy is -352.600000 | electron energy -352.600000 + phonon energy 0.000000 | electron momentum kIdx = 2
The 18-th iteration is completed.	|| time cost : 0h 0m 0.35s
********************************************************************************************************************
Start the 19 rounds of NGS-ED iteration
	effective electronic model is modified as: kinetic energy (tx,ty)=(2.57156e-12, 2.55733e-12), t' = -1.2807e-17
	                                           effective interaction Vq = [-49.6125,-21.0125, -4.5125,-21.0125,-21.0125, -4.5125, -0.1125, -4.5125, -4.5125, -0.1125, -7.8125, -0.1125,-21.0125, -4.5125, -0.1125, -4.5125]
	PARPACK diagonalization completed after 30 matrix-vector product operations.
	iteration results: : total energy is -352.600000 | electron energy -352.600000 + phonon energy 0.000000 | electron momentum kIdx = 2
The 19-th iteration is completed.	|| time cost : 0h 0m 0.351s
********************************************************************************************************************
Start the 20 rounds of NGS-ED iteration
	effective electronic model is modified as: kinetic energy t = 2.56726e-12, t' = -1.28773e-17
	                                           effective interaction Vq = [-49.6125,-21.0125, -4.5125,-21.0125,-21.0125, -4.5125, -0.1125, -4.5125, -4.5125, -0.1125, -7.8125, -0.1125,-21.0125, -4.5125, -0.1125, -4.5125]
	PARPACK diagonalization completed after 30 matrix-vector product operations.
	iteration results: : total energy is -352.600000 | electron energy -352.600000 + phonon energy 0.000000 | electron momentum kIdx = 2
The 20-th iteration is completed.	|| time cost : 0h 0m 0.354s
********************************************************************************************************************
Start the 21 rounds of NGS-ED iteration
	effective electronic model is modified as: kinetic energy (tx,ty)=(2.56332e-12, 2.56942e-12), t' = -1.28693e-17
	                                           effective interaction Vq = [-49.6125,-21.0125, -4.5125,-21.0125,-21.0125, -4.5125, -0.1125, -4.5125, -4.5125, -0.1125, -7.8125, -0.1125,-21.0125, -4.5125, -0.1125, -4.5125]
	PARPACK diagonalization completed after 30 matrix-vector product operations.
	iteration results: : total energy is -352.600000 | electron energy -352.600000 + phonon energy 0.000000 | electron momentum kIdx = 2
The 21-th iteration is completed.	|| time cost : 0h 0m 0.355s
********************************************************************************************************************
Start the 22 rounds of NGS-ED iteration
	effective electronic model is modified as: kinetic energy t = 2.58883e-12, t' = -1.28774e-17
	                                           effective interaction Vq = [-49.6125,-21.0125, -4.5125,-21.0125,-21.0125, -4.5125, -0.1125, -4.5125, -4.5125, -0.1125, -7.8125, -0.1125,-21.0125, -4.5125, -0.1125, -4.5125]
	PARPACK diagonalization completed after 30 matrix-vector product operations.
	iteration results: : total energy is -352.600000 | electron energy -352.600000 + phonon energy 0.000000 | electron momentum kIdx = 2
The 22-th iteration is completed.	|| time cost : 0h 0m 0.351s
********************************************************************************************************************
Start the 23 rounds of NGS-ED iteration
	effective electronic model is modified as: kinetic energy (tx,ty)=(2.58661e-12, 2.63057e-12), t' = -1.31699e-17
	                                           effective interaction Vq = [-49.6125,-21.0125, -4.5125,-21.0125,-21.0125, -4.5125, -0.1125, -4.5125,-4.51244, -0.1125, -7.8125, -0.1125,-21.0125, -4.5125, -0.1125, -4.5125]
	PARPACK diagonalization completed after 30 matrix-vector product operations.
	iteration results: : total energy is -352.600000 | electron energy -352.600000 + phonon energy 0.000000 | electron momentum kIdx = 2
The 23-th iteration is completed.	|| time cost : 0h 0m 0.358s
********************************************************************************************************************
Start the 24 rounds of NGS-ED iteration
	effective electronic model is modified as: kinetic energy (tx,ty)=(2.56933e-12, 2.57259e-12), t' = -1.28705e-17
	                                           effective interaction Vq = [-49.6125,-21.0125, -4.5125,-21.0125,-21.0125, -4.5125, -0.1125, -4.5125, -4.5125, -0.1125, -7.8125, -0.1125,-21.0125, -4.5125, -0.1125, -4.5125]
	PARPACK diagonalization completed after 30 matrix-vector product operations.
	iteration results: : total energy is -352.600000 | electron energy -352.600000 + phonon energy 0.000000 | electron momentum kIdx = 2
The 24-th iteration is completed.	|| time cost : 0h 0m 0.353s
********************************************************************************************************************
Start the 25 rounds of NGS-ED iteration
	effective electronic model is modified as: kinetic energy (tx,ty)=(2.55978e-12, 2.55709e-12), t' = -1.28922e-17
	                                           effective interaction Vq = [-49.6125,-21.0125, -4.5125,-21.0125,-21.0125, -4.5125, -0.1125, -4.5125, -4.5125, -0.1125, -7.8125, -0.1125,-21.0125, -4.5125, -0.1125, -4.5125]
	PARPACK diagonalization completed after 30 matrix-vector product operations.
	iteration results: : total energy is -352.600000 | electron energy -352.600000 + phonon energy 0.000000 | electron momentum kIdx = 2
The 25-th iteration is completed.	|| time cost : 0h 0m 0.351s
********************************************************************************************************************
Start the 26 rounds of NGS-ED iteration
	effective electronic model is modified as: kinetic energy (tx,ty)=(2.56457e-12, 2.56731e-12), t' = -1.28942e-17
	                                           effective interaction Vq = [ -49.6125, -21.0125,  -4.5125, -21.0125, -21.0125,  -4.5125,  -0.1125,  -4.5125,  -4.5125,-0.112499,  -7.8125,-0.112499, -21.0125,  -4.5125,  -0.1125,  -4.5125]
	PARPACK diagonalization completed after 30 matrix-vector product operations.
	iteration results: : total energy is -352.600000 | electron energy -352.600000 + phonon energy 0.000000 | electron momentum kIdx = 2
The 26-th iteration is completed.	|| time cost : 0h 0m 0.356s
********************************************************************************************************************
Start the 27 rounds of NGS-ED iteration
	effective electronic model is modified as: kinetic energy t = 2.57214e-12, t' = -1.2861e-17
	                                           effective interaction Vq = [-49.6125,-21.0125, -4.5125,-21.0125,-21.0125, -4.5125, -0.1125, -4.5125, -4.5125, -0.1125, -7.8125, -0.1125,-21.0125, -4.5125, -0.1125, -4.5125]
	PARPACK diagonalization completed after 30 matrix-vector product operations.
	iteration results: : total energy is -352.600000 | electron energy -352.600000 + phonon energy 0.000000 | electron momentum kIdx = 2
The 27-th iteration is completed.	|| time cost : 0h 0m 0.351s
********************************************************************************************************************
Start the 28 rounds of NGS-ED iteration
	effective electronic model is modified as: kinetic energy (tx,ty)=(2.55217e-12, 2.55538e-12), t' = -1.28473e-17
	                                           effective interaction Vq = [-49.6125,-21.0125, -4.5125,-21.0125,-21.0125, -4.5125, -0.1125, -4.5125, -4.5125, -0.1125, -7.8125, -0.1125,-21.0125, -4.5125, -0.1125, -4.5125]
	PARPACK diagonalization completed after 30 matrix-vector product operations.
	iteration results: : total energy is -352.600000 | electron energy -352.600000 + phonon energy 0.000000 | electron momentum kIdx = 2
The 28-th iteration is completed.	|| time cost : 0h 0m 0.353s
********************************************************************************************************************
Start the 29 rounds of NGS-ED iteration
	effective electronic model is modified as: kinetic energy t = 2.56839e-12, t' = -1.28609e-17
	                                           effective interaction Vq = [-49.6125,-21.0125, -4.5125,-21.0125,-21.0125, -4.5125, -0.1125, -4.5125, -4.5125, -0.1125, -7.8125, -0.1125,-21.0125, -4.5125, -0.1125, -4.5125]
	PARPACK diagonalization completed after 30 matrix-vector product operations.
	iteration results: : total energy is -352.600000 | electron energy -352.600000 + phonon energy 0.000000 | electron momentum kIdx = 2
The 29-th iteration is completed.	|| time cost : 0h 0m 0.347s
********************************************************************************************************************
Start the 30 rounds of NGS-ED iteration
	effective electronic model is modified as: kinetic energy (tx,ty)=(2.57591e-12, 2.57192e-12), t' = -1.29113e-17
	                                           effective interaction Vq = [-49.6125,-21.0125, -4.5125,-21.0125,-21.0125, -4.5125, -0.1125, -4.5125, -4.5125, -0.1125, -7.8125, -0.1125,-21.0125, -4.5125, -0.1125, -4.5125]
	PARPACK diagonalization completed after 30 matrix-vector product operations.
	iteration results: : total energy is -352.600000 | electron energy -352.600000 + phonon energy 0.000000 | electron momentum kIdx = 2
The 30-th iteration is completed.	|| time cost : 0h 0m 0.352s
********************************************************************************************************************
Start the 31 rounds of NGS-ED iteration
	effective electronic model is modified as: kinetic energy t = 2.57023e-12, t' = -1.28653e-17
	                                           effective interaction Vq = [-49.6125,-21.0125, -4.5125,-21.0125,-21.0125, -4.5125, -0.1125, -4.5125, -4.5125, -0.1125, -7.8125, -0.1125,-21.0125, -4.5125, -0.1125, -4.5125]
	PARPACK diagonalization completed after 30 matrix-vector product operations.
	iteration results: : total energy is -352.600000 | electron energy -352.600000 + phonon energy 0.000000 | electron momentum kIdx = 2
The 31-th iteration is completed.	|| time cost : 0h 0m 0.35s
********************************************************************************************************************
Start the 32 rounds of NGS-ED iteration
	effective electronic model is modified as: kinetic energy t = 2.56787e-12, t' = -1.28814e-17
	                                           effective interaction Vq = [-49.6125,-21.0125, -4.5125,-21.0125,-21.0125, -4.5125, -0.1125, -4.5125, -4.5125, -0.1125, -7.8125, -0.1125,-21.0125, -4.5125, -0.1125, -4.5125]
	PARPACK diagonalization completed after 30 matrix-vector product operations.
	iteration results: : total energy is -352.600000 | electron energy -352.600000 + phonon energy 0.000000 | electron momentum kIdx = 2
The 32-th iteration is completed.	|| time cost : 0h 0m 0.349s
********************************************************************************************************************
Start the 33 rounds of NGS-ED iteration
	effective electronic model is modified as: kinetic energy (tx,ty)=(2.56075e-12, 2.56516e-12), t' = -1.28548e-17
	                                           effective interaction Vq = [-49.6125,-21.0125, -4.5125,-21.0125,-21.0125, -4.5125, -0.1125, -4.5125, -4.5125, -0.1125, -7.8125, -0.1125,-21.0125, -4.5125, -0.1125, -4.5125]
	PARPACK diagonalization completed after 30 matrix-vector product operations.
	iteration results: : total energy is -352.600000 | electron energy -352.600000 + phonon energy 0.000000 | electron momentum kIdx = 2
The 33-th iteration is completed.	|| time cost : 0h 0m 0.353s
********************************************************************************************************************
Start the 34 rounds of NGS-ED iteration
	effective electronic model is modified as: kinetic energy (tx,ty)=(2.57553e-12, 2.56266e-12), t' = -1.28213e-17
	                                           effective interaction Vq = [-49.6125,-21.0125, -4.5125,-21.0125,-21.0125, -4.5125, -0.1125, -4.5125, -4.5125, -0.1125, -7.8125, -0.1125,-21.0125, -4.5125, -0.1125, -4.5125]
	PARPACK diagonalization completed after 30 matrix-vector product operations.
	iteration results: : total energy is -352.600000 | electron energy -352.600000 + phonon energy 0.000000 | electron momentum kIdx = 2
The 34-th iteration is completed.	|| time cost : 0h 0m 0.353s
********************************************************************************************************************
Start the 35 rounds of NGS-ED iteration
	effective electronic model is modified as: kinetic energy t = 2.56773e-12, t' = -1.28706e-17
	                                           effective interaction Vq = [-49.6125,-21.0125, -4.5125,-21.0125,-21.0125, -4.5125, -0.1125, -4.5125, -4.5125, -0.1125, -7.8125, -0.1125,-21.0125, -4.5125, -0.1125, -4.5125]
	PARPACK diagonalization completed after 30 matrix-vector product operations.
	iteration results: : total energy is -352.600000 | electron energy -352.600000 + phonon energy 0.000000 | electron momentum kIdx = 2
The 35-th iteration is completed.	|| time cost : 0h 0m 0.347s
********************************************************************************************************************
Start the 36 rounds of NGS-ED iteration
	effective electronic model is modified as: kinetic energy (tx,ty)=(2.5827e-12, 2.57462e-12), t' = -1.28993e-17
	                                           effective interaction Vq = [-49.6125,-21.0125, -4.5125,-21.0125,-21.0125, -4.5125, -0.1125, -4.5125, -4.5125, -0.1125, -7.8125, -0.1125,-21.0125, -4.5125, -0.1125, -4.5125]
	PARPACK diagonalization completed after 30 matrix-vector product operations.
	iteration results: : total energy is -352.600000 | electron energy -352.600000 + phonon energy 0.000000 | electron momentum kIdx = 2
The 36-th iteration is completed.	|| time cost : 0h 0m 0.356s
********************************************************************************************************************
Start the 37 rounds of NGS-ED iteration
	effective electronic model is modified as: kinetic energy (tx,ty)=(2.55407e-12, 2.56567e-12), t' = -1.28036e-17
	                                           effective interaction Vq = [ -49.6125, -21.0125,  -4.5125, -21.0125, -21.0125,  -4.5125,-0.112294,  -4.5125,  -4.5125,  -0.1125,  -7.8125,  -0.1125, -21.0125,  -4.5125,-0.112294,  -4.5125]
	PARPACK diagonalization completed after 30 matrix-vector product operations.
	iteration results: : total energy is -352.600000 | electron energy -352.600000 + phonon energy 0.000000 | electron momentum kIdx = 2
The 37-th iteration is completed.	|| time cost : 0h 0m 0.36s
********************************************************************************************************************
Start the 38 rounds of NGS-ED iteration
	effective electronic model is modified as: kinetic energy t = 2.5789e-12, t' = -1.28729e-17
	                                           effective interaction Vq = [-49.6125,-21.0125, -4.5125,-21.0125,-21.0125, -4.5125, -0.1125, -4.5125, -4.5125, -0.1125, -7.8125, -0.1125,-21.0125, -4.5125, -0.1125, -4.5125]
	PARPACK diagonalization completed after 30 matrix-vector product operations.
	iteration results: : total energy is -352.600000 | electron energy -352.600000 + phonon energy 0.000000 | electron momentum kIdx = 2
The 38-th iteration is completed.	|| time cost : 0h 0m 0.354s
********************************************************************************************************************
Start the 39 rounds of NGS-ED iteration
	effective electronic model is modified as: kinetic energy t = 2.53491e-12, t' = -1.28769e-17
	                                           effective interaction Vq = [-49.6125,-21.0125, -4.5125,-21.0125,-21.0125, -4.5125, -0.1125, -4.5125, -4.5125, -0.1125,-7.81248, -0.1125,-21.0125, -4.5125, -0.1125, -4.5125]
	PARPACK diagonalization completed after 30 matrix-vector product operations.
	iteration results: : total energy is -352.600000 | electron energy -352.600000 + phonon energy 0.000000 | electron momentum kIdx = 2
The 39-th iteration is completed.	|| time cost : 0h 0m 0.349s
********************************************************************************************************************
Start the 40 rounds of NGS-ED iteration
	effective electronic model is modified as: kinetic energy t = 2.55423e-12, t' = -1.28727e-17
	                                           effective interaction Vq = [-49.6125,-21.0125, -4.5125,-21.0125,-21.0125, -4.5125, -0.1125, -4.5125, -4.5125, -0.1125, -7.8125, -0.1125,-21.0125, -4.5125, -0.1125, -4.5125]
	PARPACK diagonalization completed after 30 matrix-vector product operations.
	iteration results: : total energy is -352.600000 | electron energy -352.600000 + phonon energy 0.000000 | electron momentum kIdx = 2
The 40-th iteration is completed.	|| time cost : 0h 0m 0.353s
********************************************************************************************************************
Start the 41 rounds of NGS-ED iteration
	effective electronic model is modified as: kinetic energy t = 2.57206e-12, t' = -1.28856e-17
	                                           effective interaction Vq = [-49.6125,-21.0125, -4.5125,-21.0125,-21.0125, -4.5125, -0.1125, -4.5125, -4.5125, -0.1125, -7.8125, -0.1125,-21.0125, -4.5125, -0.1125, -4.5125]
	PARPACK diagonalization completed after 30 matrix-vector product operations.
	iteration results: : total energy is -352.600000 | electron energy -352.600000 + phonon energy 0.000000 | electron momentum kIdx = 2
The 41-th iteration is completed.	|| time cost : 0h 0m 0.348s
********************************************************************************************************************
Start the 42 rounds of NGS-ED iteration
	effective electronic model is modified as: kinetic energy t = 2.56795e-12, t' = -1.28837e-17
	                                           effective interaction Vq = [-49.6125,-21.0125, -4.5125,-21.0125,-21.0125, -4.5125, -0.1125, -4.5125, -4.5125, -0.1125, -7.8125, -0.1125,-21.0125, -4.5125, -0.1125, -4.5125]
	PARPACK diagonalization completed after 30 matrix-vector product operations.
	iteration results: : total energy is -352.600000 | electron energy -352.600000 + phonon energy 0.000000 | electron momentum kIdx = 2
The 42-th iteration is completed.	|| time cost : 0h 0m 0.35s
********************************************************************************************************************
Start the 43 rounds of NGS-ED iteration
	effective electronic model is modified as: kinetic energy (tx,ty)=(2.75558e-12, 2.80744e-12), t' = -1.26303e-17
	                                           effective interaction Vq = [-49.6125,-21.0125,-4.51245,-21.0125,-21.0125, -4.5125, -0.1125, -4.5125, -4.5125, -0.1125,-7.81185, -0.1125,-21.0125, -4.5125, -0.1125, -4.5125]
	PARPACK diagonalization completed after 30 matrix-vector product operations.
	iteration results: : total energy is -352.600000 | electron energy -352.600000 + phonon energy 0.000000 | electron momentum kIdx = 2
The 43-th iteration is completed.	|| time cost : 0h 0m 0.355s
********************************************************************************************************************
Start the 44 rounds of NGS-ED iteration
	effective electronic model is modified as: kinetic energy t = 2.58016e-12, t' = -1.28904e-17
	                                           effective interaction Vq = [-49.6125,-21.0125, -4.5125,-21.0125,-21.0125, -4.5125, -0.1125, -4.5125, -4.5125, -0.1125, -7.8125, -0.1125,-21.0125, -4.5125, -0.1125, -4.5125]
	PARPACK diagonalization completed after 30 matrix-vector product operations.
	iteration results: : total energy is -352.600000 | electron energy -352.600000 + phonon energy 0.000000 | electron momentum kIdx = 2
The 44-th iteration is completed.	|| time cost : 0h 0m 0.35s
********************************************************************************************************************
Start the 45 rounds of NGS-ED iteration
	effective electronic model is modified as: kinetic energy (tx,ty)=(2.57399e-12, 2.56543e-12), t' = -1.28372e-17
	                                           effective interaction Vq = [-49.6125,-21.0125, -4.5125,-21.0125,-21.0125, -4.5125, -0.1125, -4.5125, -4.5125, -0.1125, -7.8125, -0.1125,-21.0125, -4.5125, -0.1125, -4.5125]
	PARPACK diagonalization completed after 30 matrix-vector product operations.
	iteration results: : total energy is -352.600000 | electron energy -352.600000 + phonon energy 0.000000 | electron momentum kIdx = 2
