SNEDics v3.4 Non-Gaussian ED ground state program		Start at Tue Oct  1 15:10:43 2019

parallized on 16 MPI threads  * 8 OpenMP threads = 128 total threads.
********************************************************************************************************************
********************************************************************************************************************

********************************************************************************************************************
System parameters and configurations
********************************************************************************************************************
Special program options are enabled: splitted diagonal Hamiltonian
********************************************************************************************************************
Read input file "model_params.in"
	Hubbard-Holstein model parameters : 	t = 1    U = 8.98    g = 5    W = 5    
********************************************************************************************************************
Read input file "hilbertspace_params.in"
	Requested 16-site 2D lattice, with 16 electrons (8, 8)
	Boundary : Periodic		Hilbert space representation : momentum-space (restricted to kIdx = 0)
	Conservation: particle number[U(1)]      spin[U(1)]     momentum
********************************************************************************************************************

Cluster Positions:				Cluster symmetry group : D4
 x ... x ... x ... x .....                       x ... x ... x ... x .....
 |           |           :                       |           |           :
 |           |           :                       |           |           :
12    13    14    15     x                       1     5     6     5     x
 |           |           :                       |           |           :
 |           |           :                       |           |           :
 8 --- 9 ---10 ---11 --- x                       2 --- 6 ---10 --- 6 --- x
 |           |           :                       |           |           :
 |           |           :                       |           |           :
 4     5     6     7     x                       1     5     6     5     x
 |           |           :                       |           |           :
 |           |           :                       |           |           :
 0 --- 1 --- 2 --- 3 --- x                       0 --- 1 --- 2 --- 1 --- x
orbital number : 1
********************************************************************************************************************
Read input file "obs_params.in"
	Observable Type : Nq(All),   Sq(All),   N(All),   Delta[s](All),   Delta[d](All),   Delta[s+](All)
********************************************************************************************************************
** WARNING ** the input observables have non-local factors which have been reinterpreted. The total observable number is 96
********************************************************************************************************************


********************************************************************************************************************
Start calculating the non-Gaussian ED ground state
** WARNING ** Detected low phonon energy W < 10. The initial state will be prepared through a warm-up process.
********************************************************************************************************************
Start warm-up calculation for scaling factor 2
open output files: NGSEDWarmUpW10Obs.txt
********************************************************************************************************************
Start the 0 rounds of NGS-ED iteration
	effective electronic model is modified as: kinetic energy t = 1
	                                           effective interaction Vq = [-0,-0,-0,-0,-0,-0,-0,-0,-0,-0,-0,-0,-0,-0,-0,-0]
	first Hamiltonian is constructed, non-zero numbers = 2845383612
	PARPACK diagonalization completed after 120 matrix-vector product operations.
	iteration results: : total energy is -7.700565 | electron energy -7.700565 + phonon energy 0.000000 | electron momentum kIdx = 0
	Nq(0) = 16,	Nq(1) = 0.051088,	Nq(2) = 0.0919681,	Nq(3) = 0.051088,	Nq(4) = 0.051088,	Nq(5) = 0.0919681,	Nq(6) = 0.1288,	Nq(7) = 0.0919681,	Nq(8) = 0.0919681,	Nq(9) = 0.1288,	Nq(10) = 0.163623,	Nq(11) = 0.1288,	Nq(12) = 0.051088,	Nq(13) = 0.0919681,	Nq(14) = 0.1288,	Nq(15) = 0.0919681,	Sq(0) = 2.77094e-19,	Sq(1) = 0.407173,	Sq(2) = 0.64422,	Sq(3) = 0.407173,	Sq(4) = 0.407173,	Sq(5) = 0.64422,	Sq(6) = 0.96479,	Sq(7) = 0.64422,	Sq(8) = 0.64422,	Sq(9) = 0.96479,	Sq(10) = 5.21184,	Sq(11) = 0.96479,	Sq(12) = 0.407173,	Sq(13) = 0.64422,	Sq(14) = 0.96479,	Sq(15) = 0.64422,	N(0) = 1.73604,	N(1) = 1.51596,	N(2) = 1,	N(3) = 1.51596,	N(4) = 1.51596,	N(5) = 1,	N(6) = 0.484044,	N(7) = 1,	N(8) = 1,	N(9) = 0.484044,	N(10) = 0.263957,	N(11) = 0.484044,	N(12) = 1.51596,	N(13) = 1,	N(14) = 0.484044,	N(15) = 1,	Delta[s](0) = 0.0697901,	Delta[s](1) = 0.0580342,	Delta[s](2) = 0.0456055,	Delta[s](3) = 0.0580342,	Delta[s](4) = 0.0580342,	Delta[s](5) = 0.0456055,	Delta[s](6) = 0.0318239,	Delta[s](7) = 0.0456055,	Delta[s](8) = 0.0456055,	Delta[s](9) = 0.0318239,	Delta[s](10) = 0.0146357,	Delta[s](11) = 0.0318239,	Delta[s](12) = 0.0580342,	Delta[s](13) = 0.0456055,	Delta[s](14) = 0.0318239,	Delta[s](15) = 0.0456055,	Delta[d](0) = 0.598567,	Delta[d](1) = 0.465631,	Delta[d](2) = 0.350979,	Delta[d](3) = 0.465631,	Delta[d](4) = 0.465631,	Delta[d](5) = 0.356646,	Delta[d](6) = 0.24605,	Delta[d](7) = 0.356646,	Delta[d](8) = 0.350979,	Delta[d](9) = 0.24605,	Delta[d](10) = 0.128809,	Delta[d](11) = 0.24605,	Delta[d](12) = 0.465631,	Delta[d](13) = 0.356646,	Delta[d](14) = 0.24605,	Delta[d](15) = 0.356646,	Delta[s+](0) = 0.618019,	Delta[s+](1) = 0.490041,	Delta[s+](2) = 0.350979,	Delta[s+](3) = 0.490041,	Delta[s+](4) = 0.490041,	Delta[s+](5) = 0.350979,	Delta[s+](6) = 0.213251,	Delta[s+](7) = 0.350979,	Delta[s+](8) = 0.350979,	Delta[s+](9) = 0.213251,	Delta[s+](10) = 0.0866689,	Delta[s+](11) = 0.213251,	Delta[s+](12) = 0.490041,	Delta[s+](13) = 0.350979,	Delta[s+](14) = 0.213251,	Delta[s+](15) = 0.350979
The 0-th iteration is completed.	|| time cost : 0h 8m 38.555s
********************************************************************************************************************
Start the 1 rounds of NGS-ED iteration
	effective electronic model is modified as: kinetic energy t = 0.906195
	                                           effective interaction Vq = [-4.32332, -3.5619,-3.48741, -3.5619, -3.5619,-3.48741,-3.43653,-3.48741,-3.48741,-3.43653,-3.39999,-3.43653, -3.5619,-3.48741,-3.43653,-3.48741]
	PARPACK diagonalization completed after 45 matrix-vector product operations.
	iteration results: : total energy is -84.947785 | electron energy -84.952036 + phonon energy 0.004251 | electron momentum kIdx = 0
The 1-th iteration is completed.	|| time cost : 0h 7m 23.693s
********************************************************************************************************************
Start the 2 rounds of NGS-ED iteration
	effective electronic model is modified as: kinetic energy t = 0.81405
	                                           effective interaction Vq = [-4.90842, -4.5653,-4.40809, -4.5653, -4.5653,-4.40809,-4.38149,-4.40809,-4.40809,-4.38149,-4.31276,-4.38149, -4.5653,-4.40809,-4.38149,-4.40809]
	PARPACK diagonalization completed after 60 matrix-vector product operations.
	iteration results: : total energy is -97.560163 | electron energy -97.629022 + phonon energy 0.068859 | electron momentum kIdx = 0
The 2-th iteration is completed.	|| time cost : 0h 0m 36.88s
********************************************************************************************************************
Start the 3 rounds of NGS-ED iteration
	effective electronic model is modified as: kinetic energy t = 0.767844
	                                           effective interaction Vq = [-4.98761,-4.83928,-4.66233,-4.83928,-4.83928,-4.66233,-4.68959,-4.66233,-4.66233,-4.68959,-4.58642,-4.68959,-4.83928,-4.66233,-4.68959,-4.66233]
	PARPACK diagonalization completed after 75 matrix-vector product operations.
	iteration results: : total energy is -99.983747 | electron energy -100.129909 + phonon energy 0.146162 | electron momentum kIdx = 0
The 3-th iteration is completed.	|| time cost : 0h 0m 41.647s
********************************************************************************************************************
Start the 4 rounds of NGS-ED iteration
	effective electronic model is modified as: kinetic energy t = 0.733104
	                                           effective interaction Vq = [-4.99832,-4.91345,-4.86197,-4.91345,-4.91345,-4.86197,-4.79368,-4.86197,-4.86197,-4.79368,-4.77279,-4.79368,-4.91345,-4.86197,-4.79368,-4.86197]
	PARPACK diagonalization completed after 60 matrix-vector product operations.
	iteration results: : total energy is -100.737938 | electron energy -100.936207 + phonon energy 0.198269 | electron momentum kIdx = 0
The 4-th iteration is completed.	|| time cost : 0h 0m 36.87s
********************************************************************************************************************
Start the 5 rounds of NGS-ED iteration
	effective electronic model is modified as: kinetic energy t = 0.719957
	                                           effective interaction Vq = [-4.99977,-4.93284,-4.91507,-4.93284,-4.93284,-4.91507,-4.82556,-4.91507,-4.91507,-4.82556,-4.83706,-4.82556,-4.93284,-4.91507,-4.82556,-4.91507]
	PARPACK diagonalization completed after 45 matrix-vector product operations.
	iteration results: : total energy is -100.848385 | electron energy -101.073813 + phonon energy 0.225428 | electron momentum kIdx = 0
The 5-th iteration is completed.	|| time cost : 0h 0m 32.267s
********************************************************************************************************************
Start the 6 rounds of NGS-ED iteration
	effective electronic model is modified as: kinetic energy t = 0.715026
	                                           effective interaction Vq = [-4.99997,-4.93875,-4.93126,-4.93875,-4.93875,-4.93126,-4.83653,-4.93126,-4.93126,-4.83653,-4.86245,-4.83653,-4.93875,-4.93126,-4.83653,-4.93126]
	PARPACK diagonalization completed after 45 matrix-vector product operations.
	iteration results: : total energy is -100.863950 | electron energy -101.100592 + phonon energy 0.236643 | electron momentum kIdx = 0
The 6-th iteration is completed.	|| time cost : 0h 0m 32.236s
********************************************************************************************************************
Start the 7 rounds of NGS-ED iteration
	effective electronic model is modified as: kinetic energy t = 0.713164
	                                           effective interaction Vq = [      -5, -4.9407,-4.93655, -4.9407, -4.9407,-4.93655,-4.84054,-4.93655,-4.93655,-4.84054,-4.87379,-4.84054, -4.9407,-4.93655,-4.84054,-4.93655]
	PARPACK diagonalization completed after 45 matrix-vector product operations.
	iteration results: : total energy is -100.866192 | electron energy -101.107269 + phonon energy 0.241077 | electron momentum kIdx = 0
The 7-th iteration is completed.	|| time cost : 0h 0m 32.146s
********************************************************************************************************************
Start the 8 rounds of NGS-ED iteration
	effective electronic model is modified as: kinetic energy t = 0.712444
	                                           effective interaction Vq = [      -5,-4.94137,-4.93828,-4.94137,-4.94137,-4.93828,-4.84206,-4.93828,-4.93828,-4.84206, -4.8795,-4.84206,-4.94137,-4.93828,-4.84206,-4.93828]
	PARPACK diagonalization completed after 45 matrix-vector product operations.
	iteration results: : total energy is -100.866557 | electron energy -101.109414 + phonon energy 0.242857 | electron momentum kIdx = 0
The 8-th iteration is completed.	|| time cost : 0h 0m 32.258s
********************************************************************************************************************
Start the 9 rounds of NGS-ED iteration
	effective electronic model is modified as: kinetic energy t = 0.712151
	                                           effective interaction Vq = [      -5, -4.9416, -4.9388, -4.9416, -4.9416, -4.9388,-4.84266, -4.9388, -4.9388,-4.84266,-4.88272,-4.84266, -4.9416, -4.9388,-4.84266, -4.9388]
	PARPACK diagonalization completed after 45 matrix-vector product operations.
	iteration results: : total energy is -100.866636 | electron energy -101.110246 + phonon energy 0.243611 | electron momentum kIdx = 0
The 9-th iteration is completed.	|| time cost : 0h 0m 32.349s
********************************************************************************************************************
Start the 10 rounds of NGS-ED iteration
	effective electronic model is modified as: kinetic energy t = 0.712023
	                                           effective interaction Vq = [      -5,-4.94169,-4.93891,-4.94169,-4.94169,-4.93891, -4.8429,-4.93891,-4.93891, -4.8429,-4.88474, -4.8429,-4.94169,-4.93891, -4.8429,-4.93891]
	PARPACK diagonalization completed after 45 matrix-vector product operations.
	iteration results: : total energy is -100.866662 | electron energy -101.110621 + phonon energy 0.243959 | electron momentum kIdx = 0
	Nq(0) = 16,	Nq(1) = 0.418803,	Nq(2) = 0.785822,	Nq(3) = 0.418803,	Nq(4) = 0.418803,	Nq(5) = 0.785822,	Nq(6) = 0.667059,	Nq(7) = 0.785822,	Nq(8) = 0.785822,	Nq(9) = 0.667059,	Nq(10) = 1.0424,	Nq(11) = 0.667059,	Nq(12) = 0.418803,	Nq(13) = 0.785822,	Nq(14) = 0.667059,	Nq(15) = 0.785822,	Sq(0) = -9.91532e-18,	Sq(1) = 0.299913,	Sq(2) = 0.3434,	Sq(3) = 0.299913,	Sq(4) = 0.299913,	Sq(5) = 0.3434,	Sq(6) = 0.518398,	Sq(7) = 0.3434,	Sq(8) = 0.3434,	Sq(9) = 0.518398,	Sq(10) = 0.565577,	Sq(11) = 0.518398,	Sq(12) = 0.299913,	Sq(13) = 0.3434,	Sq(14) = 0.518398,	Sq(15) = 0.3434,	N(0) = 1.99421,	N(1) = 1.98496,	N(2) = 1,	N(3) = 1.98496,	N(4) = 1.98496,	N(5) = 1,	N(6) = 0.0150386,	N(7) = 1,	N(8) = 1,	N(9) = 0.0150386,	N(10) = 0.0057858,	N(11) = 0.0150386,	N(12) = 1.98496,	N(13) = 1,	N(14) = 0.0150386,	N(15) = 1,	Delta[s](0) = 0.562972,	Delta[s](1) = 0.32315,	Delta[s](2) = 0.298427,	Delta[s](3) = 0.32315,	Delta[s](4) = 0.32315,	Delta[s](5) = 0.298427,	Delta[s](6) = 0.284328,	Delta[s](7) = 0.298427,	Delta[s](8) = 0.298427,	Delta[s](9) = 0.284328,	Delta[s](10) = 0.266949,	Delta[s](11) = 0.284328,	Delta[s](12) = 0.32315,	Delta[s](13) = 0.298427,	Delta[s](14) = 0.284328,	Delta[s](15) = 0.298427,	Delta[d](0) = 0.32786,	Delta[d](1) = 0.284264,	Delta[d](2) = 0.261681,	Delta[d](3) = 0.284264,	Delta[d](4) = 0.284264,	Delta[d](5) = 0.260214,	Delta[d](6) = 0.249243,	Delta[d](7) = 0.260214,	Delta[d](8) = 0.261681,	Delta[d](9) = 0.249243,	Delta[d](10) = 0.192992,	Delta[d](11) = 0.249243,	Delta[d](12) = 0.284264,	Delta[d](13) = 0.260214,	Delta[d](14) = 0.249243,	Delta[d](15) = 0.260214,	Delta[s+](0) = 0.442135,	Delta[s+](1) = 0.368615,	Delta[s+](2) = 0.261681,	Delta[s+](3) = 0.368615,	Delta[s+](4) = 0.368615,	Delta[s+](5) = 0.261681,	Delta[s+](6) = 0.149196,	Delta[s+](7) = 0.261681,	Delta[s+](8) = 0.261681,	Delta[s+](9) = 0.149196,	Delta[s+](10) = 0.070628,	Delta[s+](11) = 0.149196,	Delta[s+](12) = 0.368615,	Delta[s+](13) = 0.261681,	Delta[s+](14) = 0.149196,	Delta[s+](15) = 0.261681
The 10-th iteration is completed.	|| time cost : 0h 4m 52.911s
********************************************************************************************************************
Start the 11 rounds of NGS-ED iteration
	effective electronic model is modified as: kinetic energy t = 0.71196
	                                           effective interaction Vq = [      -5,-4.94173,-4.93889,-4.94173,-4.94173,-4.93889,  -4.843,-4.93889,-4.93889,  -4.843,-4.88611,  -4.843,-4.94173,-4.93889,  -4.843,-4.93889]
	PARPACK diagonalization completed after 30 matrix-vector product operations.
	iteration results: : total energy is -100.866674 | electron energy -101.110814 + phonon energy 0.244140 | electron momentum kIdx = 0
	Nq(0) = 16,	Nq(1) = 0.418804,	Nq(2) = 0.785281,	Nq(3) = 0.418804,	Nq(4) = 0.418804,	Nq(5) = 0.785281,	Nq(6) = 0.667086,	Nq(7) = 0.785281,	Nq(8) = 0.785281,	Nq(9) = 0.667086,	Nq(10) = 1.04674,	Nq(11) = 0.667086,	Nq(12) = 0.418804,	Nq(13) = 0.785281,	Nq(14) = 0.667086,	Nq(15) = 0.785281,	Sq(0) = 2.46689e-18,	Sq(1) = 0.299813,	Sq(2) = 0.343349,	Sq(3) = 0.299813,	Sq(4) = 0.299813,	Sq(5) = 0.343349,	Sq(6) = 0.518285,	Sq(7) = 0.343349,	Sq(8) = 0.343349,	Sq(9) = 0.518285,	Sq(10) = 0.565521,	Sq(11) = 0.518285,	Sq(12) = 0.299813,	Sq(13) = 0.343349,	Sq(14) = 0.518285,	Sq(15) = 0.343349,	N(0) = 1.99421,	N(1) = 1.98494,	N(2) = 1,	N(3) = 1.98494,	N(4) = 1.98494,	N(5) = 1,	N(6) = 0.0150606,	N(7) = 1,	N(8) = 1,	N(9) = 0.0150606,	N(10) = 0.00579455,	N(11) = 0.0150606,	N(12) = 1.98494,	N(13) = 1,	N(14) = 0.0150606,	N(15) = 1,	Delta[s](0) = 0.563254,	Delta[s](1) = 0.323185,	Delta[s](2) = 0.298483,	Delta[s](3) = 0.323185,	Delta[s](4) = 0.323185,	Delta[s](5) = 0.298483,	Delta[s](6) = 0.284362,	Delta[s](7) = 0.298483,	Delta[s](8) = 0.298483,	Delta[s](9) = 0.284362,	Delta[s](10) = 0.266656,	Delta[s](11) = 0.284362,	Delta[s](12) = 0.323185,	Delta[s](13) = 0.298483,	Delta[s](14) = 0.284362,	Delta[s](15) = 0.298483,	Delta[d](0) = 0.327694,	Delta[d](1) = 0.284161,	Delta[d](2) = 0.261608,	Delta[d](3) = 0.284161,	Delta[d](4) = 0.284161,	Delta[d](5) = 0.260063,	Delta[d](6) = 0.249145,	Delta[d](7) = 0.260063,	Delta[d](8) = 0.261608,	Delta[d](9) = 0.249145,	Delta[d](10) = 0.192855,	Delta[d](11) = 0.249145,	Delta[d](12) = 0.284161,	Delta[d](13) = 0.260063,	Delta[d](14) = 0.249145,	Delta[d](15) = 0.260063,	Delta[s+](0) = 0.442047,	Delta[s+](1) = 0.368529,	Delta[s+](2) = 0.261608,	Delta[s+](3) = 0.368529,	Delta[s+](4) = 0.368529,	Delta[s+](5) = 0.261608,	Delta[s+](6) = 0.149147,	Delta[s+](7) = 0.261608,	Delta[s+](8) = 0.261608,	Delta[s+](9) = 0.149147,	Delta[s+](10) = 0.0706087,	Delta[s+](11) = 0.149147,	Delta[s+](12) = 0.368529,	Delta[s+](13) = 0.261608,	Delta[s+](14) = 0.149147,	Delta[s+](15) = 0.261608
The 11-th iteration is completed.	|| time cost : 0h 4m 48.907s
********************************************************************************************************************
********************************************************************************************************************
Ground state is obtained after 12 iterations. The current ground-state energy is -100.867, in which electron energy is -101.111 and phonon energy is 0.24414
final variational state is: 
	Gamma_x = [      1,1.04114,1.08025,1.04114,1.04114,1.08025,1.10196,1.08025,1.08025,1.10196,1.14218,1.10196,1.04114,1.08025,1.10196,1.08025]
	lambda_q = [0.707102,0.630782,  0.6289,0.630782,0.630782,  0.6289,0.581829,  0.6289,  0.6289,0.581829,0.600852,0.581829,0.630782,  0.6289,0.581829,  0.6289]
********************************************************************************************************************
o___o  ----------------------------------------
| L |	Time since last clock: 0h 0m 0s
A===A	Time since the beginning: 0h 30m 20.724s
***********************************************


********************************************************************************************************************
Warm up runs have been completed. Start calculating W = 5 phonon.
open output files: NGSEDIterationObs.txt
********************************************************************************************************************
Start the 0 rounds of NGS-ED iteration
	effective electronic model is modified as: kinetic energy t = 0.711925
	                                           effective interaction Vq = [-4.57106,-4.31839,-4.31142,-4.31839,-4.31839,-4.31142,-4.12567,-4.31142,-4.31142,-4.12567,-4.20341,-4.12567,-4.31839,-4.31142,-4.12567,-4.31142]
	PARPACK diagonalization completed after 75 matrix-vector product operations.
	iteration results: : total energy is -88.451871 | electron energy -88.573995 + phonon energy 0.122124 | electron momentum kIdx = 0
	Nq(0) = 16,	Nq(1) = 0.33219,	Nq(2) = 0.363587,	Nq(3) = 0.33219,	Nq(4) = 0.33219,	Nq(5) = 0.363587,	Nq(6) = 0.52964,	Nq(7) = 0.363587,	Nq(8) = 0.363587,	Nq(9) = 0.52964,	Nq(10) = 0.582714,	Nq(11) = 0.52964,	Nq(12) = 0.33219,	Nq(13) = 0.363587,	Nq(14) = 0.52964,	Nq(15) = 0.363587,	Sq(0) = -6.22484e-18,	Sq(1) = 0.394311,	Sq(2) = 0.567804,	Sq(3) = 0.394311,	Sq(4) = 0.394311,	Sq(5) = 0.567804,	Sq(6) = 0.662451,	Sq(7) = 0.567804,	Sq(8) = 0.567804,	Sq(9) = 0.662451,	Sq(10) = 2.15457,	Sq(11) = 0.662451,	Sq(12) = 0.394311,	Sq(13) = 0.567804,	Sq(14) = 0.662451,	Sq(15) = 0.567804,	N(0) = 1.99727,	N(1) = 1.99323,	N(2) = 1,	N(3) = 1.99323,	N(4) = 1.99323,	N(5) = 1,	N(6) = 0.00676798,	N(7) = 1,	N(8) = 1,	N(9) = 0.00676798,	N(10) = 0.00272646,	N(11) = 0.00676798,	N(12) = 1.99323,	N(13) = 1,	N(14) = 0.00676798,	N(15) = 1,	Delta[s](0) = 0.219039,	Delta[s](1) = 0.212824,	Delta[s](2) = 0.190836,	Delta[s](3) = 0.212824,	Delta[s](4) = 0.212824,	Delta[s](5) = 0.190836,	Delta[s](6) = 0.1852,	Delta[s](7) = 0.190836,	Delta[s](8) = 0.190836,	Delta[s](9) = 0.1852,	Delta[s](10) = 0.149626,	Delta[s](11) = 0.1852,	Delta[s](12) = 0.212824,	Delta[s](13) = 0.190836,	Delta[s](14) = 0.1852,	Delta[s](15) = 0.190836,	Delta[d](0) = 0.532486,	Delta[d](1) = 0.357746,	Delta[d](2) = 0.309801,	Delta[d](3) = 0.357746,	Delta[d](4) = 0.357746,	Delta[d](5) = 0.347778,	Delta[d](6) = 0.273568,	Delta[d](7) = 0.347778,	Delta[d](8) = 0.309801,	Delta[d](9) = 0.273568,	Delta[d](10) = 0.16746,	Delta[d](11) = 0.273568,	Delta[d](12) = 0.357746,	Delta[d](13) = 0.347778,	Delta[d](14) = 0.273568,	Delta[d](15) = 0.347778,	Delta[s+](0) = 0.534909,	Delta[s+](1) = 0.442064,	Delta[s+](2) = 0.309801,	Delta[s+](3) = 0.442064,	Delta[s+](4) = 0.442064,	Delta[s+](5) = 0.309801,	Delta[s+](6) = 0.178163,	Delta[s+](7) = 0.309801,	Delta[s+](8) = 0.309801,	Delta[s+](9) = 0.178163,	Delta[s+](10) = 0.0764563,	Delta[s+](11) = 0.178163,	Delta[s+](12) = 0.442064,	Delta[s+](13) = 0.309801,	Delta[s+](14) = 0.178163,	Delta[s+](15) = 0.309801
The 0-th iteration is completed.	|| time cost : 0h 4m 40.042s
********************************************************************************************************************
Start the 1 rounds of NGS-ED iteration
	effective electronic model is modified as: kinetic energy t = 0.698846
	                                           effective interaction Vq = [ -4.8422,-4.55045,-4.37264,-4.55045,-4.55045,-4.37264,  -4.303,-4.37264,-4.37264,  -4.303,-4.26273,  -4.303,-4.55045,-4.37264,  -4.303,-4.37264]
	PARPACK diagonalization completed after 60 matrix-vector product operations.
	iteration results: : total energy is -93.155899 | electron energy -93.491122 + phonon energy 0.335224 | electron momentum kIdx = 0
The 1-th iteration is completed.	|| time cost : 0h 0m 37.161s
********************************************************************************************************************
Start the 2 rounds of NGS-ED iteration
	effective electronic model is modified as: kinetic energy t = 0.683031
	                                           effective interaction Vq = [-4.94195,-4.68774, -4.4247,-4.68774,-4.68774, -4.4247, -4.4352, -4.4247, -4.4247, -4.4352,-4.32572, -4.4352,-4.68774, -4.4247, -4.4352, -4.4247]
	PARPACK diagonalization completed after 60 matrix-vector product operations.
	iteration results: : total energy is -94.935036 | electron energy -95.397535 + phonon energy 0.462500 | electron momentum kIdx = 0
The 2-th iteration is completed.	|| time cost : 0h 0m 36.889s
********************************************************************************************************************
Start the 3 rounds of NGS-ED iteration
	effective electronic model is modified as: kinetic energy t = 0.669677
	                                           effective interaction Vq = [-4.97864,-4.77088,-4.46244,-4.77088,-4.77088,-4.46244,-4.52811,-4.46244,-4.46244,-4.52811,-4.37217,-4.52811,-4.77088,-4.46244,-4.52811,-4.46244]
	PARPACK diagonalization completed after 60 matrix-vector product operations.
	iteration results: : total energy is -95.622253 | electron energy -96.158679 + phonon energy 0.536425 | electron momentum kIdx = 0
The 3-th iteration is completed.	|| time cost : 0h 0m 36.887s
********************************************************************************************************************
Start the 4 rounds of NGS-ED iteration
	effective electronic model is modified as: kinetic energy t = 0.65927
	                                           effective interaction Vq = [-4.99214,-4.82248,-4.49084,-4.82248,-4.82248,-4.49084,-4.59204,-4.49084,-4.49084,-4.59204,-4.40352,-4.59204,-4.82248,-4.49084,-4.59204,-4.49084]
	PARPACK diagonalization completed after 75 matrix-vector product operations.
	iteration results: : total energy is -95.893867 | electron energy -96.475882 + phonon energy 0.582015 | electron momentum kIdx = 0
The 4-th iteration is completed.	|| time cost : 0h 0m 41.607s
********************************************************************************************************************
Start the 5 rounds of NGS-ED iteration
	effective electronic model is modified as: kinetic energy t = 0.649011
	                                           effective interaction Vq = [-4.99711,-4.85643, -4.5406,-4.85643,-4.85643, -4.5406,-4.63287, -4.5406, -4.5406,-4.63287,-4.42708,-4.63287,-4.85643, -4.5406,-4.63287, -4.5406]
	PARPACK diagonalization completed after 75 matrix-vector product operations.
	iteration results: : total energy is -96.066794 | electron energy -96.679803 + phonon energy 0.613009 | electron momentum kIdx = 0
The 5-th iteration is completed.	|| time cost : 0h 0m 41.512s
********************************************************************************************************************
Start the 6 rounds of NGS-ED iteration
	effective electronic model is modified as: kinetic energy t = 0.625937
	                                           effective interaction Vq = [-4.99894, -4.8736,-4.69836, -4.8736, -4.8736,-4.69836,-4.66432,-4.69836,-4.69836,-4.66432,-4.55106,-4.66432, -4.8736,-4.69836,-4.66432,-4.69836]
	PARPACK diagonalization completed after 60 matrix-vector product operations.
	iteration results: : total energy is -96.392064 | electron energy -97.043449 + phonon energy 0.651384 | electron momentum kIdx = 0
The 6-th iteration is completed.	|| time cost : 0h 0m 36.991s
********************************************************************************************************************
Start the 7 rounds of NGS-ED iteration
	effective electronic model is modified as: kinetic energy t = 0.612331
	                                           effective interaction Vq = [-4.99961,-4.87944,-4.78222,-4.87944,-4.87944,-4.78222,-4.67914,-4.78222,-4.78222,-4.67914,-4.62792,-4.67914,-4.87944,-4.78222,-4.67914,-4.78222]
	PARPACK diagonalization completed after 60 matrix-vector product operations.
	iteration results: : total energy is -96.530948 | electron energy -97.222778 + phonon energy 0.691829 | electron momentum kIdx = 0
The 7-th iteration is completed.	|| time cost : 0h 0m 36.95s
********************************************************************************************************************
Start the 8 rounds of NGS-ED iteration
	effective electronic model is modified as: kinetic energy t = 0.604176
	                                           effective interaction Vq = [-4.99986,-4.88082,-4.82819,-4.88082,-4.88082,-4.82819,-4.68538,-4.82819,-4.82819,-4.68538,-4.67777,-4.68538,-4.88082,-4.82819,-4.68538,-4.82819]
	PARPACK diagonalization completed after 45 matrix-vector product operations.
	iteration results: : total energy is -96.588445 | electron energy -97.310155 + phonon energy 0.721710 | electron momentum kIdx = 0
The 8-th iteration is completed.	|| time cost : 0h 0m 32.355s
********************************************************************************************************************
Start the 9 rounds of NGS-ED iteration
	effective electronic model is modified as: kinetic energy t = 0.599262
	                                           effective interaction Vq = [-4.99995,-4.88042,-4.85411,-4.88042,-4.88042,-4.85411,-4.68743,-4.85411,-4.85411,-4.68743,-4.71084,-4.68743,-4.88042,-4.85411,-4.68743,-4.85411]
	PARPACK diagonalization completed after 45 matrix-vector product operations.
	iteration results: : total energy is -96.611715 | electron energy -97.353175 + phonon energy 0.741460 | electron momentum kIdx = 0
The 9-th iteration is completed.	|| time cost : 0h 0m 32.403s
********************************************************************************************************************
Start the 10 rounds of NGS-ED iteration
	effective electronic model is modified as: kinetic energy t = 0.596308
	                                           effective interaction Vq = [-4.99998,-4.87942,-4.86906,-4.87942,-4.87942,-4.86906,-4.68752,-4.86906,-4.86906,-4.68752,-4.73308,-4.68752,-4.87942,-4.86906,-4.68752,-4.86906]
	PARPACK diagonalization completed after 45 matrix-vector product operations.
	iteration results: : total energy is -96.621027 | electron energy -97.374955 + phonon energy 0.753927 | electron momentum kIdx = 0
	Nq(0) = 16,	Nq(1) = 0.424204,	Nq(2) = 0.811451,	Nq(3) = 0.424204,	Nq(4) = 0.424204,	Nq(5) = 0.811451,	Nq(6) = 0.626723,	Nq(7) = 0.811451,	Nq(8) = 0.811451,	Nq(9) = 0.626723,	Nq(10) = 0.926585,	Nq(11) = 0.626723,	Nq(12) = 0.424204,	Nq(13) = 0.811451,	Nq(14) = 0.626723,	Nq(15) = 0.811451,	Sq(0) = 7.48892e-18,	Sq(1) = 0.307645,	Sq(2) = 0.34839,	Sq(3) = 0.307645,	Sq(4) = 0.307645,	Sq(5) = 0.34839,	Sq(6) = 0.527093,	Sq(7) = 0.34839,	Sq(8) = 0.34839,	Sq(9) = 0.527093,	Sq(10) = 0.571705,	Sq(11) = 0.527093,	Sq(12) = 0.307645,	Sq(13) = 0.34839,	Sq(14) = 0.527093,	Sq(15) = 0.34839,	N(0) = 1.99499,	N(1) = 1.98544,	N(2) = 1,	N(3) = 1.98544,	N(4) = 1.98544,	N(5) = 1,	N(6) = 0.0145617,	N(7) = 1,	N(8) = 1,	N(9) = 0.0145617,	N(10) = 0.00500579,	N(11) = 0.0145617,	N(12) = 1.98544,	N(13) = 1,	N(14) = 0.0145617,	N(15) = 1,	Delta[s](0) = 0.417745,	Delta[s](1) = 0.317512,	Delta[s](2) = 0.304995,	Delta[s](3) = 0.317512,	Delta[s](4) = 0.317512,	Delta[s](5) = 0.304995,	Delta[s](6) = 0.297347,	Delta[s](7) = 0.304995,	Delta[s](8) = 0.304995,	Delta[s](9) = 0.297347,	Delta[s](10) = 0.292349,	Delta[s](11) = 0.297347,	Delta[s](12) = 0.317512,	Delta[s](13) = 0.304995,	Delta[s](14) = 0.297347,	Delta[s](15) = 0.304995,	Delta[d](0) = 0.36582,	Delta[d](1) = 0.32933,	Delta[d](2) = 0.307833,	Delta[d](3) = 0.32933,	Delta[d](4) = 0.32933,	Delta[d](5) = 0.309111,	Delta[d](6) = 0.29693,	Delta[d](7) = 0.309111,	Delta[d](8) = 0.307833,	Delta[d](9) = 0.29693,	Delta[d](10) = 0.252572,	Delta[d](11) = 0.29693,	Delta[d](12) = 0.32933,	Delta[d](13) = 0.309111,	Delta[d](14) = 0.29693,	Delta[d](15) = 0.309111,	Delta[s+](0) = 0.488178,	Delta[s+](1) = 0.411475,	Delta[s+](2) = 0.307833,	Delta[s+](3) = 0.411475,	Delta[s+](4) = 0.411475,	Delta[s+](5) = 0.307833,	Delta[s+](6) = 0.198855,	Delta[s+](7) = 0.307833,	Delta[s+](8) = 0.307833,	Delta[s+](9) = 0.198855,	Delta[s+](10) = 0.116739,	Delta[s+](11) = 0.198855,	Delta[s+](12) = 0.411475,	Delta[s+](13) = 0.307833,	Delta[s+](14) = 0.198855,	Delta[s+](15) = 0.307833
The 10-th iteration is completed.	|| time cost : 0h 4m 26.017s
********************************************************************************************************************
Start the 11 rounds of NGS-ED iteration
	effective electronic model is modified as: kinetic energy t = 0.594541
	                                           effective interaction Vq = [-4.99999,-4.87833,-4.87782,-4.87833,-4.87833,-4.87782,-4.68678,-4.87782,-4.87782,-4.68678,-4.74819,-4.68678,-4.87833,-4.87782,-4.68678,-4.87782]
	PARPACK diagonalization completed after 45 matrix-vector product operations.
	iteration results: : total energy is -96.624755 | electron energy -97.386399 + phonon energy 0.761645 | electron momentum kIdx = 0
The 11-th iteration is completed.	|| time cost : 0h 0m 32.306s
********************************************************************************************************************
Start the 12 rounds of NGS-ED iteration
	effective electronic model is modified as: kinetic energy t = 0.59349
	                                           effective interaction Vq = [      -5,-4.87735,-4.88301,-4.87735,-4.87735,-4.88301,-4.68578,-4.88301,-4.88301,-4.68578,-4.75856,-4.68578,-4.87735,-4.88301,-4.68578,-4.88301]
	PARPACK diagonalization completed after 45 matrix-vector product operations.
	iteration results: : total energy is -96.626261 | electron energy -97.392646 + phonon energy 0.766385 | electron momentum kIdx = 0
The 12-th iteration is completed.	|| time cost : 0h 0m 32.172s
********************************************************************************************************************
Start the 13 rounds of NGS-ED iteration
	effective electronic model is modified as: kinetic energy t = 0.592868
	                                           effective interaction Vq = [      -5,-4.87654,-4.88611,-4.87654,-4.87654,-4.88611,-4.68478,-4.88611,-4.88611,-4.68478,-4.76572,-4.68478,-4.87654,-4.88611,-4.68478,-4.88611]
	PARPACK diagonalization completed after 45 matrix-vector product operations.
	iteration results: : total energy is -96.626880 | electron energy -97.396170 + phonon energy 0.769290 | electron momentum kIdx = 0
The 13-th iteration is completed.	|| time cost : 0h 0m 32.325s
********************************************************************************************************************
Start the 14 rounds of NGS-ED iteration
	effective electronic model is modified as: kinetic energy t = 0.592502
	                                           effective interaction Vq = [      -5,-4.87591,-4.88798,-4.87591,-4.87591,-4.88798, -4.6839,-4.88798,-4.88798, -4.6839, -4.7707, -4.6839,-4.87591,-4.88798, -4.6839,-4.88798]
	PARPACK diagonalization completed after 45 matrix-vector product operations.
	iteration results: : total energy is -96.627140 | electron energy -97.398211 + phonon energy 0.771071 | electron momentum kIdx = 0
The 14-th iteration is completed.	|| time cost : 0h 0m 32.392s
********************************************************************************************************************
Start the 15 rounds of NGS-ED iteration
	effective electronic model is modified as: kinetic energy t = 0.592288
	                                           effective interaction Vq = [      -5,-4.87544,-4.88911,-4.87544,-4.87544,-4.88911,-4.68316,-4.88911,-4.88911,-4.68316,-4.77417,-4.68316,-4.87544,-4.88911,-4.68316,-4.88911]
	PARPACK diagonalization completed after 30 matrix-vector product operations.
	iteration results: : total energy is -96.627253 | electron energy -97.399418 + phonon energy 0.772166 | electron momentum kIdx = 0
The 15-th iteration is completed.	|| time cost : 0h 0m 27.439s
********************************************************************************************************************
Start the 16 rounds of NGS-ED iteration
	effective electronic model is modified as: kinetic energy t = 0.592163
	                                           effective interaction Vq = [      -5,-4.87508,-4.88979,-4.87508,-4.87508,-4.88979,-4.68258,-4.88979,-4.88979,-4.68258,-4.77661,-4.68258,-4.87508,-4.88979,-4.68258,-4.88979]
	PARPACK diagonalization completed after 30 matrix-vector product operations.
	iteration results: : total energy is -96.627302 | electron energy -97.400143 + phonon energy 0.772840 | electron momentum kIdx = 0
The 16-th iteration is completed.	|| time cost : 0h 0m 27.509s
********************************************************************************************************************
Start the 17 rounds of NGS-ED iteration
	effective electronic model is modified as: kinetic energy t = 0.592091
	                                           effective interaction Vq = [      -5,-4.87482, -4.8902,-4.87482,-4.87482, -4.8902,-4.68212, -4.8902, -4.8902,-4.68212,-4.77833,-4.68212,-4.87482, -4.8902,-4.68212, -4.8902]
	PARPACK diagonalization completed after 30 matrix-vector product operations.
	iteration results: : total energy is -96.627325 | electron energy -97.400583 + phonon energy 0.773258 | electron momentum kIdx = 0
The 17-th iteration is completed.	|| time cost : 0h 0m 27.805s
********************************************************************************************************************
Start the 18 rounds of NGS-ED iteration
	effective electronic model is modified as: kinetic energy t = 0.59205
	                                           effective interaction Vq = [      -5,-4.87464,-4.89045,-4.87464,-4.87464,-4.89045,-4.68178,-4.89045,-4.89045,-4.68178,-4.77955,-4.68178,-4.87464,-4.89045,-4.68178,-4.89045]
	PARPACK diagonalization completed after 30 matrix-vector product operations.
	iteration results: : total energy is -96.627336 | electron energy -97.400853 + phonon energy 0.773517 | electron momentum kIdx = 0
The 18-th iteration is completed.	|| time cost : 0h 0m 27.552s
********************************************************************************************************************
Start the 19 rounds of NGS-ED iteration
	effective electronic model is modified as: kinetic energy t = 0.592027
	                                           effective interaction Vq = [      -5, -4.8745, -4.8906, -4.8745, -4.8745, -4.8906,-4.68152, -4.8906, -4.8906,-4.68152,-4.78041,-4.68152, -4.8745, -4.8906,-4.68152, -4.8906]
	PARPACK diagonalization completed after 30 matrix-vector product operations.
	iteration results: : total energy is -96.627341 | electron energy -97.401020 + phonon energy 0.773679 | electron momentum kIdx = 0
The 19-th iteration is completed.	|| time cost : 0h 0m 27.658s
********************************************************************************************************************
Start the 20 rounds of NGS-ED iteration
	effective electronic model is modified as: kinetic energy t = 0.592014
	                                           effective interaction Vq = [      -5,-4.87441, -4.8907,-4.87441,-4.87441, -4.8907,-4.68132, -4.8907, -4.8907,-4.68132,-4.78102,-4.68132,-4.87441, -4.8907,-4.68132, -4.8907]
	PARPACK diagonalization completed after 30 matrix-vector product operations.
	iteration results: : total energy is -96.627343 | electron energy -97.401124 + phonon energy 0.773781 | electron momentum kIdx = 0
