SNEDics v3.22.2 Non-Gaussian ED ground state program		Start at Tue May 17 01:14:17 2022

Parallelization: 32 MPI threads  * 8 OpenMP threads = 256 total threads.
********************************************************************************************************************
********************************************************************************************************************

********************************************************************************************************************
System parameters and configurations
	special program options are enabled: splitted diagonal Hamiltonian | splitted Hamiltonian terms
********************************************************************************************************************
Read input file "model_params.in"
	Hubbard-Holstein model parameters : 	t = 1    U = 8    g = 0.35    W = 0.2    g' = 0.45    
********************************************************************************************************************
Read input file "hilbertspace_params.in"
	Requested 16-site 2D lattice, with 8 electrons (4, 4)
	Boundary : Periodic		Hilbert space representation : momentum-space (restricted to kIdx = 0)
	Conservation: particle number[U(1)]      spin[U(1)]     momentum
********************************************************************************************************************

Cluster Positions:				Cluster symmetry group : D4
 x ... x ... x ... x .....                       x ... x ... x ... x .....
 |           |           :                       |           |           :
 |           |           :                       |           |           :
12    13    14    15     x                       1     5     6     5     x
 |           |           :                       |           |           :
 |           |           :                       |           |           :
 8 --- 9 ---10 ---11 --- x                       2 --- 6 ---10 --- 6 --- x
 |           |           :                       |           |           :
 |           |           :                       |           |           :
 4     5     6     7     x                       1     5     6     5     x
 |           |           :                       |           |           :
 |           |           :                       |           |           :
 0 --- 1 --- 2 --- 3 --- x                       0 --- 1 --- 2 --- 1 --- x
orbital number : 1
********************************************************************************************************************
Read input file "obs_params.in"
	Observable Type : Nq(All),   Sq(All),   N(All-Orbital),   Delta[s](All),   Delta[d](All),   Delta[s+](All)
** WARNING ** the input observables have non-local factors which have been reinterpreted. The total observable number is 96
********************************************************************************************************************


********************************************************************************************************************
Start calculating the non-Gaussian ED ground state
Maximal iteration number is 1000; energy resolution is 1e-06. Phonon state relaxation time is 2000
W = 0.2 is relatively large. The non-Gaussian ED calculation starts directly.
open output files: NGSED_iteration_observables.txt
********************************************************************************************************************
Start the 0 rounds of NGS-ED iteration
	effective electronic model is modified as: kinetic energy t = 1
	                                           effective interaction Vq = [0,0,0,0,0,0,0,0,0,0,0,0,0,0,0,0]
	first Hamiltonian is constructed, size = 207184 and non-zero numbers = 32207050
	PARPACK diagonalization completed after 75 matrix-vector product operations.
	iteration results: : total energy is -16.460627 | electron energy -16.460627 + phonon energy 0.000000 | electron momentum kIdx = 0
	Nq(0) = 4,	Nq(1) = 0.217892,	Nq(2) = 0.275693,	Nq(3) = 0.217892,	Nq(4) = 0.217892,	Nq(5) = 0.260941,	
	Nq(6) = 0.370592,	Nq(7) = 0.260941,	Nq(8) = 0.275693,	Nq(9) = 0.370592,	Nq(10) = 0.4202,	
	Nq(11) = 0.370592,	Nq(12) = 0.217892,	Nq(13) = 0.260941,	Nq(14) = 0.370592,	Nq(15) = 0.260941;	
	Sq(0) = 2.57535e-18,	Sq(1) = 0.41044,	Sq(2) = 0.343979,	Sq(3) = 0.41044,	Sq(4) = 0.41044,	
	Sq(5) = 0.572101,	Sq(6) = 0.615629,	Sq(7) = 0.572101,	Sq(8) = 0.343979,	Sq(9) = 0.615629,	
	Sq(10) = 0.550078,	Sq(11) = 0.615629,	Sq(12) = 0.41044,	Sq(13) = 0.572101,	Sq(14) = 0.615629,	
	Sq(15) = 0.572101;	N(0) = 1.82882,	N(1) = 1.37933,	N(2) = 0.0780726,	N(3) = 1.37933,	
	N(4) = 1.37933,	N(5) = 0.0780398,	N(6) = 0.0412646,	N(7) = 0.0780398,	N(8) = 0.0780726,	
	N(9) = 0.0412646,	N(10) = 0.0205069,	N(11) = 0.0412646,	N(12) = 1.37933,	N(13) = 0.0780398,	
	N(14) = 0.0412646,	N(15) = 0.0780398;	Delta[s](0) = 0.0234464,	Delta[s](1) = 0.0159848,	Delta[s](2) = 0.0106786,	
	Delta[s](3) = 0.0159848,	Delta[s](4) = 0.0159848,	Delta[s](5) = 0.0107455,	Delta[s](6) = 0.00683368,	Delta[s](7) = 0.0107455,	
	Delta[s](8) = 0.0106786,	Delta[s](9) = 0.00683368,	Delta[s](10) = 0.00558251,	Delta[s](11) = 0.00683368,	Delta[s](12) = 0.0159848,	
	Delta[s](13) = 0.0107455,	Delta[s](14) = 0.00683368,	Delta[s](15) = 0.0107455;	Delta[d](0) = 0.173207,	Delta[d](1) = 0.0748864,	
	Delta[d](2) = 0.0815727,	Delta[d](3) = 0.0748864,	Delta[d](4) = 0.0748864,	Delta[d](5) = 0.0471291,	Delta[d](6) = 0.0324638,	
	Delta[d](7) = 0.0471291,	Delta[d](8) = 0.0815727,	Delta[d](9) = 0.0324638,	Delta[d](10) = 0.0161446,	Delta[d](11) = 0.0324638,	
	Delta[d](12) = 0.0748864,	Delta[d](13) = 0.0471291,	Delta[d](14) = 0.0324638,	Delta[d](15) = 0.0471291;	Delta[s+](0) = 0.327205,	
	Delta[s+](1) = 0.192661,	Delta[s+](2) = 0.0815727,	Delta[s+](3) = 0.192661,	Delta[s+](4) = 0.192661,	Delta[s+](5) = 0.0763959,	
	Delta[s+](6) = 0.0157818,	Delta[s+](7) = 0.0763959,	Delta[s+](8) = 0.0815727,	Delta[s+](9) = 0.0157818,	Delta[s+](10) = 0.00310175,	
	Delta[s+](11) = 0.0157818,	Delta[s+](12) = 0.192661,	Delta[s+](13) = 0.0763959,	Delta[s+](14) = 0.0157818,	Delta[s+](15) = 0.0763959
	
The 0-th iteration is completed.	|| time cost : 0h 0m 5.495s
********************************************************************************************************************
Start the 1 rounds of NGS-ED iteration
	effective electronic model is modified as: kinetic energy t = 0.814707
	                                           effective interaction Vq = [  -23.1125,  -5.44068,-0.0741357,  -5.44068,  -5.44068,-0.0698473,  -0.21149,-0.0698473,-0.0741357,  -0.21149,  -7.93131,  -0.21149,  -5.44068,-0.0698473,  -0.21149,-0.0698473]
	PARPACK diagonalization completed after 45 matrix-vector product operations.
	iteration results: : total energy is -123.593496 | electron energy -125.963711 + phonon energy 2.370215 | electron momentum kIdx = 0
The 1-th iteration is completed.	|| time cost : 0h 0m 3.882s
********************************************************************************************************************
Start the 2 rounds of NGS-ED iteration
	effective electronic model is modified as: kinetic energy t = 0.734474
	                                           effective interaction Vq = [  -23.1125, -0.349078,-0.0238507, -0.349078, -0.349078, -0.024582,-0.0563075, -0.024582,-0.0238507,-0.0563075,   -10.505,-0.0563075, -0.349078, -0.024582,-0.0563075, -0.024582]
	PARPACK diagonalization completed after 30 matrix-vector product operations.
	iteration results: : total energy is -134.503829 | electron energy -135.427825 + phonon energy 0.923996 | electron momentum kIdx = 0
The 2-th iteration is completed.	|| time cost : 0h 0m 1.557s
********************************************************************************************************************
Start the 3 rounds of NGS-ED iteration
	effective electronic model is modified as: kinetic energy t = 0.650459
	                                           effective interaction Vq = [  -23.1125,  -0.20456,-0.0154269,  -0.20456,  -0.20456,-0.0156275,-0.0374524,-0.0156275,-0.0154269,-0.0374524,   -10.509,-0.0374524,  -0.20456,-0.0156275,-0.0374524,-0.0156275]
	PARPACK diagonalization completed after 30 matrix-vector product operations.
	iteration results: : total energy is -134.590375 | electron energy -135.232538 + phonon energy 0.642164 | electron momentum kIdx = 0
The 3-th iteration is completed.	|| time cost : 0h 0m 1.67s
********************************************************************************************************************
Start the 4 rounds of NGS-ED iteration
	effective electronic model is modified as: kinetic energy t = 0.626292
	                                           effective interaction Vq = [  -23.1125, -0.184637,-0.0140486, -0.184637, -0.184637,-0.0141924,-0.0342349,-0.0141924,-0.0140486,-0.0342349,  -10.5096,-0.0342349, -0.184637,-0.0141924,-0.0342349,-0.0141924]
	PARPACK diagonalization completed after 30 matrix-vector product operations.
	iteration results: : total energy is -134.595301 | electron energy -135.179572 + phonon energy 0.584271 | electron momentum kIdx = 0
The 4-th iteration is completed.	|| time cost : 0h 0m 1.683s
********************************************************************************************************************
Start the 5 rounds of NGS-ED iteration
	effective electronic model is modified as: kinetic energy t = 0.61857
	                                           effective interaction Vq = [  -23.1125, -0.179218,-0.0136667, -0.179218, -0.179218,-0.0137969,-0.0333365,-0.0137969,-0.0136667,-0.0333365,  -10.5097,-0.0333365, -0.179218,-0.0137969,-0.0333365,-0.0137969]
	PARPACK diagonalization completed after 30 matrix-vector product operations.
	iteration results: : total energy is -134.595762 | electron energy -135.163023 + phonon energy 0.567261 | electron momentum kIdx = 0
The 5-th iteration is completed.	|| time cost : 0h 0m 1.737s
********************************************************************************************************************
Start the 6 rounds of NGS-ED iteration
	effective electronic model is modified as: kinetic energy t = 0.616013
	                                           effective interaction Vq = [  -23.1125, -0.177509,-0.0135457, -0.177509, -0.177509,-0.0136718,-0.0330512,-0.0136718,-0.0135457,-0.0330512,  -10.5098,-0.0330512, -0.177509,-0.0136718,-0.0330512,-0.0136718]
	PARPACK diagonalization completed after 30 matrix-vector product operations.
	iteration results: : total energy is -134.595811 | electron energy -135.157585 + phonon energy 0.561773 | electron momentum kIdx = 0
The 6-th iteration is completed.	|| time cost : 0h 0m 1.728s
********************************************************************************************************************
Start the 7 rounds of NGS-ED iteration
	effective electronic model is modified as: kinetic energy t = 0.615156
	                                           effective interaction Vq = [  -23.1125, -0.176945,-0.0135057, -0.176945, -0.176945,-0.0136305, -0.032957,-0.0136305,-0.0135057, -0.032957,  -10.5098, -0.032957, -0.176945,-0.0136305, -0.032957,-0.0136305]
	PARPACK diagonalization completed after 30 matrix-vector product operations.
	iteration results: : total energy is -134.595817 | electron energy -135.155767 + phonon energy 0.559950 | electron momentum kIdx = 0
The 7-th iteration is completed.	|| time cost : 0h 0m 1.716s
********************************************************************************************************************
Start the 8 rounds of NGS-ED iteration
	effective electronic model is modified as: kinetic energy t = 0.614868
	                                           effective interaction Vq = [  -23.1125, -0.176756,-0.0134924, -0.176756, -0.176756,-0.0136166,-0.0329254,-0.0136166,-0.0134924,-0.0329254,  -10.5098,-0.0329254, -0.176756,-0.0136166,-0.0329254,-0.0136166]
	PARPACK diagonalization completed after 30 matrix-vector product operations.
	iteration results: : total energy is -134.595817 | electron energy -135.155156 + phonon energy 0.559338 | electron momentum kIdx = 0
The 8-th iteration is completed.	|| time cost : 0h 0m 1.733s
********************************************************************************************************************
Start the 9 rounds of NGS-ED iteration
	effective electronic model is modified as: kinetic energy t = 0.614771
	                                           effective interaction Vq = [  -23.1125, -0.176693,-0.0134879, -0.176693, -0.176693, -0.013612,-0.0329148, -0.013612,-0.0134879,-0.0329148,  -10.5098,-0.0329148, -0.176693, -0.013612,-0.0329148, -0.013612]
	PARPACK diagonalization completed after 30 matrix-vector product operations.
	iteration results: : total energy is -134.595817 | electron energy -135.154950 + phonon energy 0.559132 | electron momentum kIdx = 0
The 9-th iteration is completed.	|| time cost : 0h 0m 1.738s
********************************************************************************************************************
Start the 10 rounds of NGS-ED iteration
	effective electronic model is modified as: kinetic energy t = 0.614738
	                                           effective interaction Vq = [  -23.1125, -0.176671,-0.0134863, -0.176671, -0.176671,-0.0136104,-0.0329112,-0.0136104,-0.0134863,-0.0329112,  -10.5098,-0.0329112, -0.176671,-0.0136104,-0.0329112,-0.0136104]
	PARPACK diagonalization completed after 75 matrix-vector product operations.
	iteration results: : total energy is -134.598278 | electron energy -135.157341 + phonon energy 0.559063 | electron momentum kIdx = 0
The 10-th iteration is completed.	|| time cost : 0h 0m 1.907s
********************************************************************************************************************
Start the 11 rounds of NGS-ED iteration
	effective electronic model is modified as: kinetic energy t = 0.616155
	                                           effective interaction Vq = [  -23.1125, -0.178222,-0.0136228, -0.178222, -0.178222,-0.0134772, -0.033007,-0.0138468,-0.0136228, -0.033007,  -10.5098, -0.033007, -0.178222,-0.0138468, -0.033007,-0.0134772]
	PARPACK diagonalization completed after 90 matrix-vector product operations.
	iteration results: : total energy is -134.598293 | electron energy -135.160377 + phonon energy 0.562083 | electron momentum kIdx = 0
The 11-th iteration is completed.	|| time cost : 0h 0m 1.973s
********************************************************************************************************************
Start the 12 rounds of NGS-ED iteration
	effective electronic model is modified as: kinetic energy t = 0.616638
	                                           effective interaction Vq = [  -23.1125, -0.178546,-0.0136196, -0.178546, -0.178546,-0.0135409,-0.0330601,-0.0138561,-0.0136196,-0.0330601,  -10.5098,-0.0330601, -0.178546,-0.0138561,-0.0330601,-0.0135409]
	PARPACK diagonalization completed after 30 matrix-vector product operations.
	iteration results: : total energy is -134.598295 | electron energy -135.161410 + phonon energy 0.563115 | electron momentum kIdx = 0
The 12-th iteration is completed.	|| time cost : 0h 0m 1.725s
********************************************************************************************************************
Start the 13 rounds of NGS-ED iteration
	effective electronic model is modified as: kinetic energy t = 0.616802
	                                           effective interaction Vq = [  -23.1125, -0.178656,-0.0136274, -0.178656, -0.178656,-0.0135485,-0.0330781,-0.0138644,-0.0136274,-0.0330781,  -10.5098,-0.0330781, -0.178656,-0.0138644,-0.0330781,-0.0135485]
	PARPACK diagonalization completed after 30 matrix-vector product operations.
	iteration results: : total energy is -134.598295 | electron energy -135.161760 + phonon energy 0.563465 | electron momentum kIdx = 0
The 13-th iteration is completed.	|| time cost : 0h 0m 1.736s
********************************************************************************************************************
Start the 14 rounds of NGS-ED iteration
	effective electronic model is modified as: kinetic energy t = 0.616857
	                                           effective interaction Vq = [  -23.1125, -0.178693,  -0.01363, -0.178693, -0.178693,-0.0135511,-0.0330842,-0.0138672,  -0.01363,-0.0330842,  -10.5098,-0.0330842, -0.178693,-0.0138672,-0.0330842,-0.0135511]
	PARPACK diagonalization completed after 30 matrix-vector product operations.
	iteration results: : total energy is -134.598295 | electron energy -135.161879 + phonon energy 0.563584 | electron momentum kIdx = 0
The 14-th iteration is completed.	|| time cost : 0h 0m 1.721s
********************************************************************************************************************
Start the 15 rounds of NGS-ED iteration
	effective electronic model is modified as: kinetic energy t = 0.616876
	                                           effective interaction Vq = [  -23.1125, -0.178706,-0.0136309, -0.178706, -0.178706,-0.0135519,-0.0330863,-0.0138681,-0.0136309,-0.0330863,  -10.5098,-0.0330863, -0.178706,-0.0138681,-0.0330863,-0.0135519]
	PARPACK diagonalization completed after 30 matrix-vector product operations.
	iteration results: : total energy is -134.598295 | electron energy -135.161919 + phonon energy 0.563624 | electron momentum kIdx = 0
The 15-th iteration is completed.	|| time cost : 0h 0m 1.727s
********************************************************************************************************************
Start the 16 rounds of NGS-ED iteration
	effective electronic model is modified as: kinetic energy t = 0.616882
	                                           effective interaction Vq = [  -23.1125,  -0.17871,-0.0136312,  -0.17871,  -0.17871,-0.0135522, -0.033087,-0.0138685,-0.0136312, -0.033087,  -10.5098, -0.033087,  -0.17871,-0.0138685, -0.033087,-0.0135522]
	PARPACK diagonalization completed after 30 matrix-vector product operations.
	iteration results: : total energy is -134.598295 | electron energy -135.161933 + phonon energy 0.563638 | electron momentum kIdx = 0
The 16-th iteration is completed.	|| time cost : 0h 0m 1.717s
********************************************************************************************************************
Start the 17 rounds of NGS-ED iteration
	effective electronic model is modified as: kinetic energy t = 0.616884
	                                           effective interaction Vq = [  -23.1125, -0.178711,-0.0136313, -0.178711, -0.178711,-0.0135523,-0.0330873,-0.0138686,-0.0136313,-0.0330873,  -10.5098,-0.0330873, -0.178711,-0.0138686,-0.0330873,-0.0135523]
	PARPACK diagonalization completed after 30 matrix-vector product operations.
	iteration results: : total energy is -134.598295 | electron energy -135.161938 + phonon energy 0.563642 | electron momentum kIdx = 0
The 17-th iteration is completed.	|| time cost : 0h 0m 1.722s
********************************************************************************************************************
Start the 18 rounds of NGS-ED iteration
	effective electronic model is modified as: kinetic energy t = 0.616885
	                                           effective interaction Vq = [  -23.1125, -0.178712,-0.0136314, -0.178712, -0.178712,-0.0135524,-0.0330873,-0.0138686,-0.0136314,-0.0330873,  -10.5098,-0.0330873, -0.178712,-0.0138686,-0.0330873,-0.0135524]
	PARPACK diagonalization completed after 30 matrix-vector product operations.
	iteration results: : total energy is -134.598295 | electron energy -135.161939 + phonon energy 0.563644 | electron momentum kIdx = 0
The 18-th iteration is completed.	|| time cost : 0h 0m 1.733s
********************************************************************************************************************
Start the 19 rounds of NGS-ED iteration
	effective electronic model is modified as: kinetic energy t = 0.616885
	                                           effective interaction Vq = [  -23.1125, -0.178712,-0.0136314, -0.178712, -0.178712,-0.0135524,-0.0330874,-0.0138686,-0.0136314,-0.0330874,  -10.5098,-0.0330874, -0.178712,-0.0138686,-0.0330874,-0.0135524]
	PARPACK diagonalization completed after 30 matrix-vector product operations.
	iteration results: : total energy is -134.598295 | electron energy -135.161940 + phonon energy 0.563644 | electron momentum kIdx = 0
The 19-th iteration is completed.	|| time cost : 0h 0m 1.723s
********************************************************************************************************************
Start the 20 rounds of NGS-ED iteration
	effective electronic model is modified as: kinetic energy t = 0.616885
	                                           effective interaction Vq = [  -23.1125, -0.178712,-0.0136314, -0.178712, -0.178712,-0.0135524,-0.0330874,-0.0138686,-0.0136314,-0.0330874,  -10.5098,-0.0330874, -0.178712,-0.0138686,-0.0330874,-0.0135524]
	PARPACK diagonalization completed after 30 matrix-vector product operations.
	iteration results: : total energy is -134.598295 | electron energy -135.161940 + phonon energy 0.563645 | electron momentum kIdx = 0
The 20-th iteration is completed.	|| time cost : 0h 0m 1.741s
********************************************************************************************************************
Start the 21 rounds of NGS-ED iteration
	effective electronic model is modified as: kinetic energy t = 0.616885
	                                           effective interaction Vq = [  -23.1125, -0.178712,-0.0136314, -0.178712, -0.178712,-0.0135524,-0.0330874,-0.0138686,-0.0136314,-0.0330874,  -10.5098,-0.0330874, -0.178712,-0.0138686,-0.0330874,-0.0135524]
	PARPACK diagonalization completed after 30 matrix-vector product operations.
	iteration results: : total energy is -134.598295 | electron energy -135.161940 + phonon energy 0.563645 | electron momentum kIdx = 0
The 21-th iteration is completed.	|| time cost : 0h 0m 1.732s
********************************************************************************************************************
Start the 22 rounds of NGS-ED iteration
	effective electronic model is modified as: kinetic energy t = 0.616886
	                                           effective interaction Vq = [  -23.1125, -0.178712,-0.0136314, -0.178712, -0.178712,-0.0135524,-0.0330874,-0.0138686,-0.0136314,-0.0330874,  -10.5098,-0.0330874, -0.178712,-0.0138686,-0.0330874,-0.0135524]
	PARPACK diagonalization completed after 30 matrix-vector product operations.
	iteration results: : total energy is -134.598295 | electron energy -135.161940 + phonon energy 0.563645 | electron momentum kIdx = 0
	Nq(0) = 4,	Nq(1) = 0.00246994,	Nq(2) = 0.00481273,	Nq(3) = 0.00246994,	Nq(4) = 0.00246994,	Nq(5) = 0.00478439,	
	Nq(6) = 0.00708802,	Nq(7) = 0.00489789,	Nq(8) = 0.00481273,	Nq(9) = 0.00708802,	Nq(10) = 3.93507,	
	Nq(11) = 0.00708802,	Nq(12) = 0.00246994,	Nq(13) = 0.00489789,	Nq(14) = 0.00708802,	Nq(15) = 0.00478439;	
	Sq(0) = -3.33116e-20,	Sq(1) = 0.334002,	Sq(2) = 0.603953,	Sq(3) = 0.334002,	Sq(4) = 0.334002,	
	Sq(5) = 0.298767,	Sq(6) = 0.335663,	Sq(7) = 1.75219,	Sq(8) = 0.603953,	Sq(9) = 0.335663,	
	Sq(10) = 0.00923144,	Sq(11) = 0.335663,	Sq(12) = 0.334002,	Sq(13) = 1.75219,	Sq(14) = 0.335663,	
	Sq(15) = 0.298767;	N(0) = 0.673091,	N(1) = 0.567406,	N(2) = 0.494772,	N(3) = 0.567406,	
	N(4) = 0.567406,	N(5) = 0.500701,	N(6) = 0.432594,	N(7) = 0.472465,	N(8) = 0.494772,	
	N(9) = 0.432594,	N(10) = 0.391033,	N(11) = 0.432594,	N(12) = 0.567406,	N(13) = 0.472465,	
	N(14) = 0.432594,	N(15) = 0.500701;	Delta[s](0) = 0.000150704,	Delta[s](1) = 7.58596e-05,	Delta[s](2) = 6.03635e-05,	
	Delta[s](3) = 7.58596e-05,	Delta[s](4) = 7.58596e-05,	Delta[s](5) = 7.11107e-05,	Delta[s](6) = 6.76713e-05,	Delta[s](7) = 1.30743e-05,	
	Delta[s](8) = 6.03635e-05,	Delta[s](9) = 6.76713e-05,	Delta[s](10) = 0.000134151,	Delta[s](11) = 6.76713e-05,	Delta[s](12) = 7.58596e-05,	
	Delta[s](13) = 1.30743e-05,	Delta[s](14) = 6.76713e-05,	Delta[s](15) = 7.11107e-05;	Delta[d](0) = 0.00237184,	Delta[d](1) = 0.00154314,	
	Delta[d](2) = 0.00171348,	Delta[d](3) = 0.00154314,	Delta[d](4) = 0.00154314,	Delta[d](5) = 0.000319,	Delta[d](6) = 0.00032991,	
	Delta[d](7) = 0.000526701,	Delta[d](8) = 0.00171348,	Delta[d](9) = 0.00032991,	Delta[d](10) = 2.43177e-06,	Delta[d](11) = 0.00032991,	
	Delta[d](12) = 0.00154314,	Delta[d](13) = 0.000526701,	Delta[d](14) = 0.00032991,	Delta[d](15) = 0.000319;	Delta[s+](0) = 0.00607313,	
	Delta[s+](1) = 0.00330728,	Delta[s+](2) = 0.00171348,	Delta[s+](3) = 0.00330728,	Delta[s+](4) = 0.00330728,	Delta[s+](5) = 0.00140714,	
	Delta[s+](6) = 0.000342757,	Delta[s+](7) = 0.00114401,	Delta[s+](8) = 0.00171348,	Delta[s+](9) = 0.000342757,	Delta[s+](10) = 2.34296e-06,	
	Delta[s+](11) = 0.000342757,	Delta[s+](12) = 0.00330728,	Delta[s+](13) = 0.00114401,	Delta[s+](14) = 0.000342757,	Delta[s+](15) = 0.00140714
	
The 22-th iteration is completed.	|| time cost : 0h 0m 3.942s
********************************************************************************************************************
********************************************************************************************************************
Ground state is obtained after 23 iterations. The current ground-state energy is -134.598, in which electron energy is -135.162 and phonon energy is 0.563645
Final variational state is: 
	Gamma_x = [      1, 1.0022,1.00033, 1.0022, 1.0022,1.00032,1.00117,1.00034,1.00033,1.00117,13.1971,1.00117, 1.0022,1.00034,1.00117,1.00032]
	lambda_q = [     10.75, 0.0718984,  0.019583, 0.0718984, 0.0718984, 0.0194689,-0.0302458, 0.0199258,  0.019583,-0.0302458,  -7.13314,-0.0302458, 0.0718984, 0.0199258,-0.0302458, 0.0194689]
Effective e-e interactions mediated by phonons are:
	momentum-space Vq = [  -23.1125, -0.178712,-0.0136314, -0.178712, -0.178712,-0.0135524,-0.0330874,-0.0138686,-0.0136314,-0.0330874,  -10.5098,-0.0330874, -0.178712,-0.0138686,-0.0330874,-0.0135524]
	real-space Vr = [ -2.15947,-0.805874, -2.09967,-0.805874,-0.805874, -2.09973,-0.769468, -2.09965, -2.09967,-0.769468, -2.05357,-0.769468,-0.805874, -2.09965,-0.769468, -2.09973]
********************************************************************************************************************
o___o  ----------------------------------------
| L |	Time since last clock: 0h 0m 0.008s
A===A	Time since the beginning: 0h 0m 48.055s
***********************************************


Non-Gaussina ED ground state calculation is completed. The final ground-state energy is -134.598
********************************************************************************************************************
o___o  ----------------------------------------
| L |	Time since last clock: 0h 0m 0.004s
A===A	Time since the beginning: 0h 0m 48.06s
***********************************************



********************************************************************************************************************
All non-Gaussian ED ground state calculations have been completed. Exit now.
