SNEDics v3.4 Non-Gaussian ED ground state program		Start at Sat Sep 21 19:54:54 2019

parallized on 16 MPI threads  * 8 OpenMP threads = 128 total threads.
********************************************************************************************************************
********************************************************************************************************************

********************************************************************************************************************
System parameters and configurations
********************************************************************************************************************
Special program options are enabled: splitted diagonal Hamiltonian
********************************************************************************************************************
Read input file "model_params.in"
	Hubbard-Holstein model parameters : 	t = 1    U = 4.1    g = 3.5355    W = 5    
********************************************************************************************************************
Read input file "hilbertspace_params.in"
	Requested 16-site 2D lattice, with 16 electrons (8, 8)
	Boundary : Periodic		Hilbert space representation : momentum-space (restricted to kIdx = 0)
	Conservation: particle number[U(1)]      spin[U(1)]     momentum
********************************************************************************************************************

Cluster Positions:				Cluster symmetry group : D4
 x ... x ... x ... x .....                       x ... x ... x ... x .....
 |           |           :                       |           |           :
 |           |           :                       |           |           :
12    13    14    15     x                       1     5     6     5     x
 |           |           :                       |           |           :
 |           |           :                       |           |           :
 8 --- 9 ---10 ---11 --- x                       2 --- 6 ---10 --- 6 --- x
 |           |           :                       |           |           :
 |           |           :                       |           |           :
 4     5     6     7     x                       1     5     6     5     x
 |           |           :                       |           |           :
 |           |           :                       |           |           :
 0 --- 1 --- 2 --- 3 --- x                       0 --- 1 --- 2 --- 1 --- x
orbital number : 1
********************************************************************************************************************
Read input file "obs_params.in"
	Observable Type : Nq(All),   Sq(All),   N(All),   Delta[s](All),   Delta[d](All),   Delta[s+](All)
********************************************************************************************************************
** WARNING ** the input observables have non-local factors which have been reinterpreted. The total observable number is 96
********************************************************************************************************************


********************************************************************************************************************
Start calculating the non-Gaussian ED ground state
** WARNING ** Detected low phonon energy W < 10. The initial state will be prepared through a warm-up process.
********************************************************************************************************************
Start warm-up calculation for scaling factor 2
open output files: NGSEDWarmUpW10Obs.txt
********************************************************************************************************************
Start the 0 rounds of NGS-ED iteration
	effective electronic model is modified as: kinetic energy t = 1
	                                           effective interaction Vq = [-0,-0,-0,-0,-0,-0,-0,-0,-0,-0,-0,-0,-0,-0,-0,-0]
	first Hamiltonian is constructed, non-zero numbers = 2845383612
	PARPACK diagonalization completed after 90 matrix-vector product operations.
	iteration results: : total energy is -13.439319 | electron energy -13.439319 + phonon energy 0.000000 | electron momentum kIdx = 0
	Nq(0) = 16,	Nq(1) = 0.153932,	Nq(2) = 0.229221,	Nq(3) = 0.153932,	Nq(4) = 0.153932,	Nq(5) = 0.229221,	Nq(6) = 0.311837,	Nq(7) = 0.229221,	Nq(8) = 0.229221,	Nq(9) = 0.311837,	Nq(10) = 0.379138,	Nq(11) = 0.311837,	Nq(12) = 0.153932,	Nq(13) = 0.229221,	Nq(14) = 0.311837,	Nq(15) = 0.229221,	Sq(0) = -3.73258e-18,	Sq(1) = 0.427186,	Sq(2) = 0.624572,	Sq(3) = 0.427186,	Sq(4) = 0.427186,	Sq(5) = 0.624572,	Sq(6) = 0.808187,	Sq(7) = 0.624572,	Sq(8) = 0.624572,	Sq(9) = 0.808187,	Sq(10) = 3.69354,	Sq(11) = 0.808187,	Sq(12) = 0.427186,	Sq(13) = 0.624572,	Sq(14) = 0.808187,	Sq(15) = 0.624572,	N(0) = 1.92779,	N(1) = 1.83956,	N(2) = 1,	N(3) = 1.83956,	N(4) = 1.83956,	N(5) = 1,	N(6) = 0.16044,	N(7) = 1,	N(8) = 1,	N(9) = 0.16044,	N(10) = 0.0722099,	N(11) = 0.16044,	N(12) = 1.83956,	N(13) = 1,	N(14) = 0.16044,	N(15) = 1,	Delta[s](0) = 0.172387,	Delta[s](1) = 0.146258,	Delta[s](2) = 0.114261,	Delta[s](3) = 0.146258,	Delta[s](4) = 0.146258,	Delta[s](5) = 0.114261,	Delta[s](6) = 0.0850327,	Delta[s](7) = 0.114261,	Delta[s](8) = 0.114261,	Delta[s](9) = 0.0850327,	Delta[s](10) = 0.0256539,	Delta[s](11) = 0.0850327,	Delta[s](12) = 0.146258,	Delta[s](13) = 0.114261,	Delta[s](14) = 0.0850327,	Delta[s](15) = 0.114261,	Delta[d](0) = 0.559347,	Delta[d](1) = 0.381596,	Delta[d](2) = 0.306191,	Delta[d](3) = 0.381596,	Delta[d](4) = 0.381596,	Delta[d](5) = 0.325415,	Delta[d](6) = 0.234732,	Delta[d](7) = 0.325415,	Delta[d](8) = 0.306191,	Delta[d](9) = 0.234732,	Delta[d](10) = 0.102034,	Delta[d](11) = 0.234732,	Delta[d](12) = 0.381596,	Delta[d](13) = 0.325415,	Delta[d](14) = 0.234732,	Delta[d](15) = 0.325415,	Delta[s+](0) = 0.588501,	Delta[s+](1) = 0.467191,	Delta[s+](2) = 0.306191,	Delta[s+](3) = 0.467191,	Delta[s+](4) = 0.467191,	Delta[s+](5) = 0.306191,	Delta[s+](6) = 0.152535,	Delta[s+](7) = 0.306191,	Delta[s+](8) = 0.306191,	Delta[s+](9) = 0.152535,	Delta[s+](10) = 0.0367034,	Delta[s+](11) = 0.152535,	Delta[s+](12) = 0.467191,	Delta[s+](13) = 0.306191,	Delta[s+](14) = 0.152535,	Delta[s+](15) = 0.306191
The 0-th iteration is completed.	|| time cost : 0h 10m 59.97s
********************************************************************************************************************
Start the 1 rounds of NGS-ED iteration
	effective electronic model is modified as: kinetic energy t = 0.93817
	                                           effective interaction Vq = [-2.16162,-1.96581, -1.9013,-1.96581,-1.96581, -1.9013,-1.87671, -1.9013, -1.9013,-1.87671, -1.8514,-1.87671,-1.96581, -1.9013,-1.87671, -1.9013]
	PARPACK diagonalization completed after 60 matrix-vector product operations.
	iteration results: : total energy is -56.101485 | electron energy -56.105249 + phonon energy 0.003763 | electron momentum kIdx = 0
The 1-th iteration is completed.	|| time cost : 0h 9m 50.456s
********************************************************************************************************************
Start the 2 rounds of NGS-ED iteration
	effective electronic model is modified as: kinetic energy t = 0.891782
	                                           effective interaction Vq = [-2.45416,-2.34439,-2.24115,-2.34439,-2.34439,-2.24115,-2.25255,-2.24115,-2.24115,-2.25255,-2.19457,-2.25255,-2.34439,-2.24115,-2.25255,-2.24115]
	PARPACK diagonalization completed after 75 matrix-vector product operations.
	iteration results: : total energy is -62.571283 | electron energy -62.600835 + phonon energy 0.029552 | electron momentum kIdx = 0
The 2-th iteration is completed.	|| time cost : 0h 0m 57.267s
********************************************************************************************************************
Start the 3 rounds of NGS-ED iteration
	effective electronic model is modified as: kinetic energy t = 0.863993
	                                           effective interaction Vq = [-2.49376,-2.42724,-2.39996,-2.42724,-2.42724,-2.39996,-2.34839,-2.39996,-2.39996,-2.34839,-2.34262,-2.34839,-2.42724,-2.39996,-2.34839,-2.39996]
	PARPACK diagonalization completed after 60 matrix-vector product operations.
	iteration results: : total energy is -63.745001 | electron energy -63.801393 + phonon energy 0.056391 | electron momentum kIdx = 0
The 3-th iteration is completed.	|| time cost : 0h 0m 50.31s
********************************************************************************************************************
Start the 4 rounds of NGS-ED iteration
	effective electronic model is modified as: kinetic energy t = 0.854094
	                                           effective interaction Vq = [-2.49911,-2.44774,-2.43781,-2.44774,-2.44774,-2.43781, -2.3746,-2.43781,-2.43781, -2.3746,-2.38564, -2.3746,-2.44774,-2.43781, -2.3746,-2.43781]
	PARPACK diagonalization completed after 45 matrix-vector product operations.
	iteration results: : total energy is -63.896440 | electron energy -63.968081 + phonon energy 0.071641 | electron momentum kIdx = 0
The 4-th iteration is completed.	|| time cost : 0h 0m 43.332s
********************************************************************************************************************
Start the 5 rounds of NGS-ED iteration
	effective electronic model is modified as: kinetic energy t = 0.850672
	                                           effective interaction Vq = [-2.49984,-2.45381,-2.44854,-2.45381,-2.45381,-2.44854,-2.38279,-2.44854,-2.44854,-2.38279,-2.40068,-2.38279,-2.45381,-2.44854,-2.38279,-2.44854]
	PARPACK diagonalization completed after 45 matrix-vector product operations.
	iteration results: : total energy is -63.915818 | electron energy -63.993739 + phonon energy 0.077922 | electron momentum kIdx = 0
The 5-th iteration is completed.	|| time cost : 0h 0m 43.319s
********************************************************************************************************************
Start the 6 rounds of NGS-ED iteration
	effective electronic model is modified as: kinetic energy t = 0.849487
	                                           effective interaction Vq = [-2.49994,-2.45576,-2.45183,-2.45576,-2.45576,-2.45183, -2.3855,-2.45183,-2.45183, -2.3855,-2.40675, -2.3855,-2.45576,-2.45183, -2.3855,-2.45183]
	PARPACK diagonalization completed after 45 matrix-vector product operations.
	iteration results: : total energy is -63.918325 | electron energy -63.998582 + phonon energy 0.080257 | electron momentum kIdx = 0
The 6-th iteration is completed.	|| time cost : 0h 0m 43.307s
********************************************************************************************************************
Start the 7 rounds of NGS-ED iteration
	effective electronic model is modified as: kinetic energy t = 0.849069
	                                           effective interaction Vq = [-2.49995,-2.45641,-2.45284,-2.45641,-2.45641,-2.45284,-2.38642,-2.45284,-2.45284,-2.38642,-2.40952,-2.38642,-2.45641,-2.45284,-2.38642,-2.45284]
	PARPACK diagonalization completed after 45 matrix-vector product operations.
	iteration results: : total energy is -63.918662 | electron energy -63.999772 + phonon energy 0.081110 | electron momentum kIdx = 0
The 7-th iteration is completed.	|| time cost : 0h 0m 43.397s
********************************************************************************************************************
Start the 8 rounds of NGS-ED iteration
	effective electronic model is modified as: kinetic energy t = 0.848917
	                                           effective interaction Vq = [-2.49995,-2.45663,-2.45313,-2.45663,-2.45663,-2.45313,-2.38674,-2.45313,-2.45313,-2.38674,-2.41093,-2.38674,-2.45663,-2.45313,-2.38674,-2.45313]
	PARPACK diagonalization completed after 45 matrix-vector product operations.
	iteration results: : total energy is -63.918712 | electron energy -64.000142 + phonon energy 0.081430 | electron momentum kIdx = 0
The 8-th iteration is completed.	|| time cost : 0h 0m 43.448s
********************************************************************************************************************
Start the 9 rounds of NGS-ED iteration
	effective electronic model is modified as: kinetic energy t = 0.848858
	                                           effective interaction Vq = [-2.49995, -2.4567, -2.4532, -2.4567, -2.4567, -2.4532,-2.38685, -2.4532, -2.4532,-2.38685,-2.41173,-2.38685, -2.4567, -2.4532,-2.38685, -2.4532]
	PARPACK diagonalization completed after 30 matrix-vector product operations.
	iteration results: : total energy is -63.918721 | electron energy -64.000278 + phonon energy 0.081557 | electron momentum kIdx = 0
	Nq(0) = 16,	Nq(1) = 0.408016,	Nq(2) = 0.762902,	Nq(3) = 0.408016,	Nq(4) = 0.408016,	Nq(5) = 0.762902,	Nq(6) = 0.664233,	Nq(7) = 0.762902,	Nq(8) = 0.762902,	Nq(9) = 0.664233,	Nq(10) = 1.01673,	Nq(11) = 0.664233,	Nq(12) = 0.408016,	Nq(13) = 0.762902,	Nq(14) = 0.664233,	Nq(15) = 0.762902,	Sq(0) = -1.30127e-17,	Sq(1) = 0.315708,	Sq(2) = 0.351345,	Sq(3) = 0.315708,	Sq(4) = 0.315708,	Sq(5) = 0.351345,	Sq(6) = 0.541253,	Sq(7) = 0.351345,	Sq(8) = 0.351345,	Sq(9) = 0.541253,	Sq(10) = 0.580947,	Sq(11) = 0.541253,	Sq(12) = 0.315708,	Sq(13) = 0.351345,	Sq(14) = 0.541253,	Sq(15) = 0.351345,	N(0) = 1.99659,	N(1) = 1.99113,	N(2) = 1,	N(3) = 1.99113,	N(4) = 1.99113,	N(5) = 1,	N(6) = 0.00887443,	N(7) = 1,	N(8) = 1,	N(9) = 0.00887443,	N(10) = 0.00340937,	N(11) = 0.00887443,	N(12) = 1.99113,	N(13) = 1,	N(14) = 0.00887443,	N(15) = 1,	Delta[s](0) = 0.789534,	Delta[s](1) = 0.322598,	Delta[s](2) = 0.275047,	Delta[s](3) = 0.322598,	Delta[s](4) = 0.322598,	Delta[s](5) = 0.275047,	Delta[s](6) = 0.248978,	Delta[s](7) = 0.275047,	Delta[s](8) = 0.275047,	Delta[s](9) = 0.248978,	Delta[s](10) = 0.215451,	Delta[s](11) = 0.248978,	Delta[s](12) = 0.322598,	Delta[s](13) = 0.275047,	Delta[s](14) = 0.248978,	Delta[s](15) = 0.275047,	Delta[d](0) = 0.339521,	Delta[d](1) = 0.280779,	Delta[d](2) = 0.253179,	Delta[d](3) = 0.280779,	Delta[d](4) = 0.280779,	Delta[d](5) = 0.247623,	Delta[d](6) = 0.234878,	Delta[d](7) = 0.247623,	Delta[d](8) = 0.253179,	Delta[d](9) = 0.234878,	Delta[d](10) = 0.156029,	Delta[d](11) = 0.234878,	Delta[d](12) = 0.280779,	Delta[d](13) = 0.247623,	Delta[d](14) = 0.234878,	Delta[d](15) = 0.247623,	Delta[s+](0) = 0.461153,	Delta[s+](1) = 0.379933,	Delta[s+](2) = 0.253179,	Delta[s+](3) = 0.379933,	Delta[s+](4) = 0.379933,	Delta[s+](5) = 0.253179,	Delta[s+](6) = 0.121099,	Delta[s+](7) = 0.253179,	Delta[s+](8) = 0.253179,	Delta[s+](9) = 0.121099,	Delta[s+](10) = 0.0362472,	Delta[s+](11) = 0.121099,	Delta[s+](12) = 0.379933,	Delta[s+](13) = 0.253179,	Delta[s+](14) = 0.121099,	Delta[s+](15) = 0.253179
The 9-th iteration is completed.	|| time cost : 0h 5m 44.412s
********************************************************************************************************************
********************************************************************************************************************
Ground state is obtained after 10 iterations. The current ground-state energy is -63.9187, in which electron energy is -64.0003 and phonon energy is 0.0815572
final variational state is: 
	Gamma_x = [      1,1.02356,1.04604,1.02356,1.02356,1.04604,1.05714,1.04604,1.04604,1.05714,1.08023,1.05714,1.02356,1.04604,1.05714,1.04604]
	lambda_q = [0.499973,0.434254,0.431616,0.434254,0.434254,0.431616,0.393667,0.431616,0.431616,0.393667, 0.40633,0.393667,0.434254,0.431616,0.393667,0.431616]
********************************************************************************************************************
o___o  ----------------------------------------
| L |	Time since last clock: 0h 0m 0s
A===A	Time since the beginning: 0h 31m 59.223s
***********************************************


********************************************************************************************************************
Warm up runs have been completed. Start calculating W = 5 phonon.
open output files: NGSEDIterationObs.txt
********************************************************************************************************************
Start the 0 rounds of NGS-ED iteration
	effective electronic model is modified as: kinetic energy t = 0.848833
	                                           effective interaction Vq = [-2.28544,-2.12773, -2.1205,-2.12773,-2.12773, -2.1205,-2.00875, -2.1205, -2.1205,-2.00875,-2.04764,-2.00875,-2.12773, -2.1205,-2.00875, -2.1205]
	PARPACK diagonalization completed after 60 matrix-vector product operations.
	iteration results: : total energy is -57.215944 | electron energy -57.256750 + phonon energy 0.040807 | electron momentum kIdx = 0
	Nq(0) = 16,	Nq(1) = 0.382878,	Nq(2) = 0.727166,	Nq(3) = 0.382878,	Nq(4) = 0.382878,	Nq(5) = 0.727166,	Nq(6) = 0.607422,	Nq(7) = 0.727166,	Nq(8) = 0.727166,	Nq(9) = 0.607422,	Nq(10) = 0.866391,	Nq(11) = 0.607422,	Nq(12) = 0.382878,	Nq(13) = 0.727166,	Nq(14) = 0.607422,	Nq(15) = 0.727166,	Sq(0) = 1.18644e-17,	Sq(1) = 0.369738,	Sq(2) = 0.373942,	Sq(3) = 0.369738,	Sq(4) = 0.369738,	Sq(5) = 0.373942,	Sq(6) = 0.616224,	Sq(7) = 0.373942,	Sq(8) = 0.373942,	Sq(9) = 0.616224,	Sq(10) = 0.621908,	Sq(11) = 0.616224,	Sq(12) = 0.369738,	Sq(13) = 0.373942,	Sq(14) = 0.616224,	Sq(15) = 0.373942,	N(0) = 1.99987,	N(1) = 1.99958,	N(2) = 1,	N(3) = 1.99958,	N(4) = 1.99958,	N(5) = 1,	N(6) = 0.000424658,	N(7) = 1,	N(8) = 1,	N(9) = 0.000424658,	N(10) = 0.000133371,	N(11) = 0.000424658,	N(12) = 1.99958,	N(13) = 1,	N(14) = 0.000424658,	N(15) = 1,	Delta[s](0) = 0.612368,	Delta[s](1) = 0.301425,	Delta[s](2) = 0.262451,	Delta[s](3) = 0.301425,	Delta[s](4) = 0.301425,	Delta[s](5) = 0.262451,	Delta[s](6) = 0.241098,	Delta[s](7) = 0.262451,	Delta[s](8) = 0.262451,	Delta[s](9) = 0.241098,	Delta[s](10) = 0.238128,	Delta[s](11) = 0.241098,	Delta[s](12) = 0.301425,	Delta[s](13) = 0.262451,	Delta[s](14) = 0.241098,	Delta[s](15) = 0.262451,	Delta[d](0) = 0.34849,	Delta[d](1) = 0.291645,	Delta[d](2) = 0.267962,	Delta[d](3) = 0.291645,	Delta[d](4) = 0.291645,	Delta[d](5) = 0.258622,	Delta[d](6) = 0.245124,	Delta[d](7) = 0.258622,	Delta[d](8) = 0.267962,	Delta[d](9) = 0.245124,	Delta[d](10) = 0.167672,	Delta[d](11) = 0.245124,	Delta[d](12) = 0.291645,	Delta[d](13) = 0.258622,	Delta[d](14) = 0.245124,	Delta[d](15) = 0.258622,	Delta[s+](0) = 0.493687,	Delta[s+](1) = 0.402984,	Delta[s+](2) = 0.267962,	Delta[s+](3) = 0.402984,	Delta[s+](4) = 0.402984,	Delta[s+](5) = 0.267962,	Delta[s+](6) = 0.131872,	Delta[s+](7) = 0.267962,	Delta[s+](8) = 0.267962,	Delta[s+](9) = 0.131872,	Delta[s+](10) = 0.0425435,	Delta[s+](11) = 0.131872,	Delta[s+](12) = 0.402984,	Delta[s+](13) = 0.267962,	Delta[s+](14) = 0.131872,	Delta[s+](15) = 0.267962
The 0-th iteration is completed.	|| time cost : 0h 5m 57.324s
********************************************************************************************************************
Start the 1 rounds of NGS-ED iteration
	effective electronic model is modified as: kinetic energy t = 0.824957
	                                           effective interaction Vq = [-2.42104, -2.2537,-2.25079, -2.2537, -2.2537,-2.25079, -2.1053,-2.25079,-2.25079, -2.1053,-2.14472, -2.1053, -2.2537,-2.25079, -2.1053,-2.25079]
	PARPACK diagonalization completed after 60 matrix-vector product operations.
	iteration results: : total energy is -59.824136 | electron energy -59.948395 + phonon energy 0.124259 | electron momentum kIdx = 0
The 1-th iteration is completed.	|| time cost : 0h 0m 50.225s
********************************************************************************************************************
Start the 2 rounds of NGS-ED iteration
	effective electronic model is modified as: kinetic energy t = 0.809941
	                                           effective interaction Vq = [-2.47092,-2.31538,-2.31584,-2.31538,-2.31538,-2.31584,-2.15915,-2.31584,-2.31584,-2.15915,-2.20132,-2.15915,-2.31538,-2.31584,-2.15915,-2.31584]
	PARPACK diagonalization completed after 45 matrix-vector product operations.
	iteration results: : total energy is -60.776442 | electron energy -60.964021 + phonon energy 0.187580 | electron momentum kIdx = 0
The 2-th iteration is completed.	|| time cost : 0h 0m 43.217s
********************************************************************************************************************
Start the 3 rounds of NGS-ED iteration
	effective electronic model is modified as: kinetic energy t = 0.800868
	                                           effective interaction Vq = [-2.48927,-2.34714,-2.34948,-2.34714,-2.34714,-2.34948, -2.1895,-2.34948,-2.34948, -2.1895,-2.23403, -2.1895,-2.34714,-2.34948, -2.1895,-2.34948]
	PARPACK diagonalization completed after 45 matrix-vector product operations.
	iteration results: : total energy is -61.122974 | electron energy -61.351344 + phonon energy 0.228370 | electron momentum kIdx = 0
The 3-th iteration is completed.	|| time cost : 0h 0m 43.05s
********************************************************************************************************************
Start the 4 rounds of NGS-ED iteration
	effective electronic model is modified as: kinetic energy t = 0.795496
	                                           effective interaction Vq = [-2.49602,-2.36415,-2.36743,-2.36415,-2.36415,-2.36743,-2.20682,-2.36743,-2.36743,-2.20682,-2.25309,-2.20682,-2.36415,-2.36743,-2.20682,-2.36743]
	PARPACK diagonalization completed after 45 matrix-vector product operations.
	iteration results: : total energy is -61.248876 | electron energy -61.502133 + phonon energy 0.253257 | electron momentum kIdx = 0
The 4-th iteration is completed.	|| time cost : 0h 0m 43.312s
********************************************************************************************************************
Start the 5 rounds of NGS-ED iteration
	effective electronic model is modified as: kinetic energy t = 0.79235
	                                           effective interaction Vq = [-2.49851,-2.37351,-2.37723,-2.37351,-2.37351,-2.37723,-2.21682,-2.37723,-2.37723,-2.21682, -2.2643,-2.21682,-2.37351,-2.37723,-2.21682,-2.37723]
	PARPACK diagonalization completed after 45 matrix-vector product operations.
	iteration results: : total energy is -61.294606 | electron energy -61.562688 + phonon energy 0.268082 | electron momentum kIdx = 0
The 5-th iteration is completed.	|| time cost : 0h 0m 43.223s
********************************************************************************************************************
Start the 6 rounds of NGS-ED iteration
	effective electronic model is modified as: kinetic energy t = 0.790518
	                                           effective interaction Vq = [-2.49942,-2.37875,-2.38268,-2.37875,-2.37875,-2.38268,-2.22263,-2.38268,-2.38268,-2.22263,-2.27096,-2.22263,-2.37875,-2.38268,-2.22263,-2.38268]
	PARPACK diagonalization completed after 30 matrix-vector product operations.
	iteration results: : total energy is -61.311223 | electron energy -61.588032 + phonon energy 0.276809 | electron momentum kIdx = 0
The 6-th iteration is completed.	|| time cost : 0h 0m 36.222s
********************************************************************************************************************
Start the 7 rounds of NGS-ED iteration
	effective electronic model is modified as: kinetic energy t = 0.789454
	                                           effective interaction Vq = [-2.49976,-2.38172,-2.38572,-2.38172,-2.38172,-2.38572,-2.22602,-2.38572,-2.38572,-2.22602,-2.27493,-2.22602,-2.38172,-2.38572,-2.22602,-2.38572]
	PARPACK diagonalization completed after 30 matrix-vector product operations.
	iteration results: : total energy is -61.317267 | electron energy -61.599181 + phonon energy 0.281914 | electron momentum kIdx = 0
The 7-th iteration is completed.	|| time cost : 0h 0m 36.251s
********************************************************************************************************************
Start the 8 rounds of NGS-ED iteration
	effective electronic model is modified as: kinetic energy t = 0.788837
	                                           effective interaction Vq = [-2.49988,-2.38342,-2.38744,-2.38342,-2.38342,-2.38744,  -2.228,-2.38744,-2.38744,  -2.228,-2.27732,  -2.228,-2.38342,-2.38744,  -2.228,-2.38744]
	PARPACK diagonalization completed after 30 matrix-vector product operations.
	iteration results: : total energy is -61.319466 | electron energy -61.604357 + phonon energy 0.284891 | electron momentum kIdx = 0
The 8-th iteration is completed.	|| time cost : 0h 0m 36.34s
********************************************************************************************************************
Start the 9 rounds of NGS-ED iteration
	effective electronic model is modified as: kinetic energy t = 0.788479
	                                           effective interaction Vq = [-2.49993,-2.38439,-2.38841,-2.38439,-2.38439,-2.38841,-2.22917,-2.38841,-2.38841,-2.22917,-2.27875,-2.22917,-2.38439,-2.38841,-2.22917,-2.38841]
	PARPACK diagonalization completed after 30 matrix-vector product operations.
	iteration results: : total energy is -61.320268 | electron energy -61.606891 + phonon energy 0.286624 | electron momentum kIdx = 0
The 9-th iteration is completed.	|| time cost : 0h 0m 36.291s
********************************************************************************************************************
Start the 10 rounds of NGS-ED iteration
	effective electronic model is modified as: kinetic energy t = 0.788272
	                                           effective interaction Vq = [-2.49994,-2.38494,-2.38896,-2.38494,-2.38494,-2.38896,-2.22985,-2.38896,-2.38896,-2.22985,-2.27962,-2.22985,-2.38494,-2.38896,-2.22985,-2.38896]
	PARPACK diagonalization completed after 30 matrix-vector product operations.
	iteration results: : total energy is -61.320560 | electron energy -61.608192 + phonon energy 0.287632 | electron momentum kIdx = 0
	Nq(0) = 16,	Nq(1) = 0.404014,	Nq(2) = 0.777669,	Nq(3) = 0.404014,	Nq(4) = 0.404014,	Nq(5) = 0.777669,	Nq(6) = 0.628979,	Nq(7) = 0.777669,	Nq(8) = 0.777669,	Nq(9) = 0.628979,	Nq(10) = 0.923389,	Nq(11) = 0.628979,	Nq(12) = 0.404014,	Nq(13) = 0.777669,	Nq(14) = 0.628979,	Nq(15) = 0.777669,	Sq(0) = 3.17768e-18,	Sq(1) = 0.328244,	Sq(2) = 0.357667,	Sq(3) = 0.328244,	Sq(4) = 0.328244,	Sq(5) = 0.357667,	Sq(6) = 0.557281,	Sq(7) = 0.357667,	Sq(8) = 0.357667,	Sq(9) = 0.557281,	Sq(10) = 0.590524,	Sq(11) = 0.557281,	Sq(12) = 0.328244,	Sq(13) = 0.357667,	Sq(14) = 0.557281,	Sq(15) = 0.357667,	N(0) = 1.99775,	N(1) = 1.99345,	N(2) = 1,	N(3) = 1.99345,	N(4) = 1.99345,	N(5) = 1,	N(6) = 0.00654853,	N(7) = 1,	N(8) = 1,	N(9) = 0.00654853,	N(10) = 0.00225326,	N(11) = 0.00654853,	N(12) = 1.99345,	N(13) = 1,	N(14) = 0.00654853,	N(15) = 1,	Delta[s](0) = 0.61932,	Delta[s](1) = 0.316103,	Delta[s](2) = 0.2806,	Delta[s](3) = 0.316103,	Delta[s](4) = 0.316103,	Delta[s](5) = 0.2806,	Delta[s](6) = 0.260742,	Delta[s](7) = 0.2806,	Delta[s](8) = 0.2806,	Delta[s](9) = 0.260742,	Delta[s](10) = 0.250392,	Delta[s](11) = 0.260742,	Delta[s](12) = 0.316103,	Delta[s](13) = 0.2806,	Delta[s](14) = 0.260742,	Delta[s](15) = 0.2806,	Delta[d](0) = 0.357006,	Delta[d](1) = 0.302202,	Delta[d](2) = 0.275931,	Delta[d](3) = 0.302202,	Delta[d](4) = 0.302202,	Delta[d](5) = 0.272151,	Delta[d](6) = 0.258434,	Delta[d](7) = 0.272151,	Delta[d](8) = 0.275931,	Delta[d](9) = 0.258434,	Delta[d](10) = 0.187232,	Delta[d](11) = 0.258434,	Delta[d](12) = 0.302202,	Delta[d](13) = 0.272151,	Delta[d](14) = 0.258434,	Delta[d](15) = 0.272151,	Delta[s+](0) = 0.489245,	Delta[s+](1) = 0.403437,	Delta[s+](2) = 0.275931,	Delta[s+](3) = 0.403437,	Delta[s+](4) = 0.403437,	Delta[s+](5) = 0.275931,	Delta[s+](6) = 0.143124,	Delta[s+](7) = 0.275931,	Delta[s+](8) = 0.275931,	Delta[s+](9) = 0.143124,	Delta[s+](10) = 0.0548345,	Delta[s+](11) = 0.143124,	Delta[s+](12) = 0.403437,	Delta[s+](13) = 0.275931,	Delta[s+](14) = 0.143124,	Delta[s+](15) = 0.275931
The 10-th iteration is completed.	|| time cost : 0h 5m 41.007s
********************************************************************************************************************
Start the 11 rounds of NGS-ED iteration
	effective electronic model is modified as: kinetic energy t = 0.788152
	                                           effective interaction Vq = [-2.49995,-2.38526,-2.38927,-2.38526,-2.38526,-2.38927,-2.23025,-2.38927,-2.38927,-2.23025,-2.28015,-2.23025,-2.38526,-2.38927,-2.23025,-2.38927]
	PARPACK diagonalization completed after 30 matrix-vector product operations.
	iteration results: : total energy is -61.320667 | electron energy -61.608885 + phonon energy 0.288218 | electron momentum kIdx = 0
The 11-th iteration is completed.	|| time cost : 0h 0m 36.595s
********************************************************************************************************************
Start the 12 rounds of NGS-ED iteration
	effective electronic model is modified as: kinetic energy t = 0.788082
	                                           effective interaction Vq = [-2.49995,-2.38545,-2.38944,-2.38545,-2.38545,-2.38944,-2.23049,-2.38944,-2.38944,-2.23049,-2.28047,-2.23049,-2.38545,-2.38944,-2.23049,-2.38944]
	PARPACK diagonalization completed after 30 matrix-vector product operations.
	iteration results: : total energy is -61.320706 | electron energy -61.609266 + phonon energy 0.288560 | electron momentum kIdx = 0
The 12-th iteration is completed.	|| time cost : 0h 0m 36.242s
********************************************************************************************************************
Start the 13 rounds of NGS-ED iteration
	effective electronic model is modified as: kinetic energy t = 0.788042
	                                           effective interaction Vq = [-2.49995,-2.38555,-2.38954,-2.38555,-2.38555,-2.38954,-2.23063,-2.38954,-2.38954,-2.23063,-2.28066,-2.23063,-2.38555,-2.38954,-2.23063,-2.38954]
	PARPACK diagonalization completed after 30 matrix-vector product operations.
	iteration results: : total energy is -61.320720 | electron energy -61.609479 + phonon energy 0.288759 | electron momentum kIdx = 0
The 13-th iteration is completed.	|| time cost : 0h 0m 36.337s
********************************************************************************************************************
Start the 14 rounds of NGS-ED iteration
	effective electronic model is modified as: kinetic energy t = 0.788018
	                                           effective interaction Vq = [-2.49995,-2.38561, -2.3896,-2.38561,-2.38561, -2.3896,-2.23071, -2.3896, -2.3896,-2.23071,-2.28078,-2.23071,-2.38561, -2.3896,-2.23071, -2.3896]
	PARPACK diagonalization completed after 30 matrix-vector product operations.
	iteration results: : total energy is -61.320725 | electron energy -61.609600 + phonon energy 0.288875 | electron momentum kIdx = 0
The 14-th iteration is completed.	|| time cost : 0h 0m 43.522s
********************************************************************************************************************
Start the 15 rounds of NGS-ED iteration
	effective electronic model is modified as: kinetic energy t = 0.788005
	                                           effective interaction Vq = [-2.49995,-2.38565,-2.38963,-2.38565,-2.38565,-2.38963,-2.23076,-2.38963,-2.38963,-2.23076,-2.28085,-2.23076,-2.38565,-2.38963,-2.23076,-2.38963]
	PARPACK diagonalization completed after 30 matrix-vector product operations.
	iteration results: : total energy is -61.320727 | electron energy -61.609670 + phonon energy 0.288942 | electron momentum kIdx = 0
The 15-th iteration is completed.	|| time cost : 0h 0m 36.359s
********************************************************************************************************************
Start the 16 rounds of NGS-ED iteration
	effective electronic model is modified as: kinetic energy t = 0.787997
	                                           effective interaction Vq = [-2.49995,-2.38567,-2.38965,-2.38567,-2.38567,-2.38965,-2.23079,-2.38965,-2.38965,-2.23079,-2.28089,-2.23079,-2.38567,-2.38965,-2.23079,-2.38965]
	PARPACK diagonalization completed after 30 matrix-vector product operations.
	iteration results: : total energy is -61.320728 | electron energy -61.609710 + phonon energy 0.288982 | electron momentum kIdx = 0
The 16-th iteration is completed.	|| time cost : 0h 0m 36.151s
********************************************************************************************************************
Start the 17 rounds of NGS-ED iteration
	effective electronic model is modified as: kinetic energy t = 0.787992
	                                           effective interaction Vq = [-2.49995,-2.38568,-2.38966,-2.38568,-2.38568,-2.38966, -2.2308,-2.38966,-2.38966, -2.2308,-2.28092, -2.2308,-2.38568,-2.38966, -2.2308,-2.38966]
	PARPACK diagonalization completed after 30 matrix-vector product operations.
	iteration results: : total energy is -61.320728 | electron energy -61.609733 + phonon energy 0.289005 | electron momentum kIdx = 0
The 17-th iteration is completed.	|| time cost : 0h 0m 44.968s
********************************************************************************************************************
Start the 18 rounds of NGS-ED iteration
	effective electronic model is modified as: kinetic energy t = 0.787989
	                                           effective interaction Vq = [-2.49995,-2.38569,-2.38967,-2.38569,-2.38569,-2.38967,-2.23081,-2.38967,-2.38967,-2.23081,-2.28094,-2.23081,-2.38569,-2.38967,-2.23081,-2.38967]
	PARPACK diagonalization completed after 30 matrix-vector product operations.
	iteration results: : total energy is -61.320728 | electron energy -61.609747 + phonon energy 0.289018 | electron momentum kIdx = 0
The 18-th iteration is completed.	|| time cost : 0h 0m 37.553s
********************************************************************************************************************
Start the 19 rounds of NGS-ED iteration
	effective electronic model is modified as: kinetic energy t = 0.787988
	                                           effective interaction Vq = [-2.49995,-2.38569,-2.38967,-2.38569,-2.38569,-2.38967,-2.23082,-2.38967,-2.38967,-2.23082,-2.28095,-2.23082,-2.38569,-2.38967,-2.23082,-2.38967]
	PARPACK diagonalization completed after 30 matrix-vector product operations.
	iteration results: : total energy is -61.320728 | electron energy -61.609755 + phonon energy 0.289026 | electron momentum kIdx = 0
The 19-th iteration is completed.	|| time cost : 0h 0m 36.508s
********************************************************************************************************************
Start the 20 rounds of NGS-ED iteration
	effective electronic model is modified as: kinetic energy t = 0.787987
	                                           effective interaction Vq = [-2.49995,-2.38569,-2.38967,-2.38569,-2.38569,-2.38967,-2.23082,-2.38967,-2.38967,-2.23082,-2.28095,-2.23082,-2.38569,-2.38967,-2.23082,-2.38967]
	PARPACK diagonalization completed after 30 matrix-vector product operations.
	iteration results: : total energy is -61.320728 | electron energy -61.609759 + phonon energy 0.289031 | electron momentum kIdx = 0
	Nq(0) = 16,	Nq(1) = 0.404078,	Nq(2) = 0.777759,	Nq(3) = 0.404078,	Nq(4) = 0.404078,	Nq(5) = 0.777759,	Nq(6) = 0.629131,	Nq(7) = 0.777759,	Nq(8) = 0.777759,	Nq(9) = 0.629131,	Nq(10) = 0.923993,	Nq(11) = 0.629131,	Nq(12) = 0.404078,	Nq(13) = 0.777759,	Nq(14) = 0.629131,	Nq(15) = 0.777759,	Sq(0) = -2.15671e-18,	Sq(1) = 0.328093,	Sq(2) = 0.357595,	Sq(3) = 0.328093,	Sq(4) = 0.328093,	Sq(5) = 0.357595,	Sq(6) = 0.557071,	Sq(7) = 0.357595,	Sq(8) = 0.357595,	Sq(9) = 0.557071,	Sq(10) = 0.590394,	Sq(11) = 0.557071,	Sq(12) = 0.328093,	Sq(13) = 0.357595,	Sq(14) = 0.557071,	Sq(15) = 0.357595,	N(0) = 1.99773,	N(1) = 1.99342,	N(2) = 1,	N(3) = 1.99342,	N(4) = 1.99342,	N(5) = 1,	N(6) = 0.00658283,	N(7) = 1,	N(8) = 1,	N(9) = 0.00658283,	N(10) = 0.00226672,	N(11) = 0.00658283,	N(12) = 1.99342,	N(13) = 1,	N(14) = 0.00658283,	N(15) = 1,	Delta[s](0) = 0.619342,	Delta[s](1) = 0.316158,	Delta[s](2) = 0.280671,	Delta[s](3) = 0.316158,	Delta[s](4) = 0.316158,	Delta[s](5) = 0.280671,	Delta[s](6) = 0.260817,	Delta[s](7) = 0.280671,	Delta[s](8) = 0.280671,	Delta[s](9) = 0.260817,	Delta[s](10) = 0.250421,	Delta[s](11) = 0.260817,	Delta[s](12) = 0.316158,	Delta[s](13) = 0.280671,	Delta[s](14) = 0.260817,	Delta[s](15) = 0.280671,	Delta[d](0) = 0.357058,	Delta[d](1) = 0.302259,	Delta[d](2) = 0.275984,	Delta[d](3) = 0.302259,	Delta[d](4) = 0.302259,	Delta[d](5) = 0.272221,	Delta[d](6) = 0.258502,	Delta[d](7) = 0.272221,	Delta[d](8) = 0.275984,	Delta[d](9) = 0.258502,	Delta[d](10) = 0.187323,	Delta[d](11) = 0.258502,	Delta[d](12) = 0.302259,	Delta[d](13) = 0.272221,	Delta[d](14) = 0.258502,	Delta[d](15) = 0.272221,	Delta[s+](0) = 0.489267,	Delta[s+](1) = 0.403471,	Delta[s+](2) = 0.275984,	Delta[s+](3) = 0.403471,	Delta[s+](4) = 0.403471,	Delta[s+](5) = 0.275984,	Delta[s+](6) = 0.143187,	Delta[s+](7) = 0.275984,	Delta[s+](8) = 0.275984,	Delta[s+](9) = 0.143187,	Delta[s+](10) = 0.0548933,	Delta[s+](11) = 0.143187,	Delta[s+](12) = 0.403471,	Delta[s+](13) = 0.275984,	Delta[s+](14) = 0.143187,	Delta[s+](15) = 0.275984
The 20-th iteration is completed.	|| time cost : 0h 5m 38.296s
********************************************************************************************************************
Start the 21 rounds of NGS-ED iteration
	effective electronic model is modified as: kinetic energy t = 0.787986
	                                           effective interaction Vq = [-2.49995,-2.38569,-2.38967,-2.38569,-2.38569,-2.38967,-2.23082,-2.38967,-2.38967,-2.23082,-2.28096,-2.23082,-2.38569,-2.38967,-2.23082,-2.38967]
	PARPACK diagonalization completed after 30 matrix-vector product operations.
	iteration results: : total energy is -61.320728 | electron energy -61.609762 + phonon energy 0.289034 | electron momentum kIdx = 0
The 21-th iteration is completed.	|| time cost : 0h 0m 36.144s
********************************************************************************************************************
Start the 22 rounds of NGS-ED iteration
	effective electronic model is modified as: kinetic energy t = 0.787986
	                                           effective interaction Vq = [-2.49995,-2.38569,-2.38967,-2.38569,-2.38569,-2.38967,-2.23083,-2.38967,-2.38967,-2.23083,-2.28096,-2.23083,-2.38569,-2.38967,-2.23083,-2.38967]
	PARPACK diagonalization completed after 30 matrix-vector product operations.
	iteration results: : total energy is -61.320728 | electron energy -61.609764 + phonon energy 0.289035 | electron momentum kIdx = 0
The 22-th iteration is completed.	|| time cost : 0h 0m 36.365s
********************************************************************************************************************
Start the 23 rounds of NGS-ED iteration
	effective electronic model is modified as: kinetic energy t = 0.787986
	                                           effective interaction Vq = [-2.49995, -2.3857,-2.38967, -2.3857, -2.3857,-2.38967,-2.23083,-2.38967,-2.38967,-2.23083,-2.28096,-2.23083, -2.3857,-2.38967,-2.23083,-2.38967]
	PARPACK diagonalization completed after 30 matrix-vector product operations.
	iteration results: : total energy is -61.320728 | electron energy -61.609765 + phonon energy 0.289036 | electron momentum kIdx = 0
The 23-th iteration is completed.	|| time cost : 0h 0m 36.154s
********************************************************************************************************************
Start the 24 rounds of NGS-ED iteration
	effective electronic model is modified as: kinetic energy t = 0.787986
	                                           effective interaction Vq = [-2.49995, -2.3857,-2.38967, -2.3857, -2.3857,-2.38967,-2.23083,-2.38967,-2.38967,-2.23083,-2.28096,-2.23083, -2.3857,-2.38967,-2.23083,-2.38967]
	PARPACK diagonalization completed after 30 matrix-vector product operations.
	iteration results: : total energy is -61.320728 | electron energy -61.609765 + phonon energy 0.289037 | electron momentum kIdx = 0
The 24-th iteration is completed.	|| time cost : 0h 0m 36.97s
