SNEDics v3.21.4 Non-Gaussian ED ground state program		Start at Tue Jul 27 00:52:42 2021

parallized on 32 MPI threads  * 8 OpenMP threads = 256 total threads.
********************************************************************************************************************
********************************************************************************************************************

********************************************************************************************************************
System parameters and configurations
	special program options are enabled: splitted diagonal Hamiltonian | splitted Hamiltonian terms
********************************************************************************************************************
Read input file "model_params.in"
	Hubbard-Holstein model parameters : 	t = 1    U = 8    g = 0.11    W = 0.2    g' = 0.07    
********************************************************************************************************************
Read input file "hilbertspace_params.in"
	Requested 16-site 2D lattice, with 12 electrons (6, 6)
	Boundary : Periodic		Hilbert space representation : momentum-space (restricted to kIdx = 0)
	Conservation: particle number[U(1)]      spin[U(1)]     momentum
********************************************************************************************************************

Cluster Positions:				Cluster symmetry group : D4
 x ... x ... x ... x .....                       x ... x ... x ... x .....
 |           |           :                       |           |           :
 |           |           :                       |           |           :
12    13    14    15     x                       1     5     6     5     x
 |           |           :                       |           |           :
 |           |           :                       |           |           :
 8 --- 9 ---10 ---11 --- x                       2 --- 6 ---10 --- 6 --- x
 |           |           :                       |           |           :
 |           |           :                       |           |           :
 4     5     6     7     x                       1     5     6     5     x
 |           |           :                       |           |           :
 |           |           :                       |           |           :
 0 --- 1 --- 2 --- 3 --- x                       0 --- 1 --- 2 --- 1 --- x
orbital number : 1
********************************************************************************************************************
Read input file "obs_params.in"
	Observable Type : Nq(All),   Sq(All),   N(All),   Delta[s](All),   Delta[d](All),   Delta[s+](All)
** WARNING ** the input observables have non-local factors which have been reinterpreted. The total observable number is 96
********************************************************************************************************************


********************************************************************************************************************
Start calculating the non-Gaussian ED ground state
Maximal iteration number is 1000; energy resolution is 1e-06. Phonon state relaxation time is 2000
W = 0.2 is relatively large. The non-Gaussian ED calculation starts directly.
open output files: NGSED_iteration_obserbles.txt
********************************************************************************************************************
Start the 0 rounds of NGS-ED iteration
	effective electronic model is modified as: kinetic energy t = 1
	                                           effective interaction Vq = [0,0,0,0,0,0,0,0,0,0,0,0,0,0,0,0]
	first Hamiltonian is constructed, size = 4008592 and non-zero numbers = 969134044
	PARPACK diagonalization completed after 150 matrix-vector product operations.
	iteration results: : total energy is -14.925310 | electron energy -14.925310 + phonon energy 0.000000 | electron momentum kIdx = 0
	Nq(0) = 9,	Nq(1) = 0.191675,	Nq(2) = 0.266183,	Nq(3) = 0.191675,	Nq(4) = 0.191675,	Nq(5) = 0.245517,	
	Nq(6) = 0.314107,	Nq(7) = 0.245517,	Nq(8) = 0.266183,	Nq(9) = 0.314107,	Nq(10) = 0.369338,	
	Nq(11) = 0.314107,	Nq(12) = 0.191675,	Nq(13) = 0.245517,	Nq(14) = 0.314107,	Nq(15) = 0.245517;	
	Sq(0) = 3.02743e-18,	Sq(1) = 0.554662,	Sq(2) = 0.424361,	Sq(3) = 0.554662,	Sq(4) = 0.554662,	
	Sq(5) = 0.79749,	Sq(6) = 1.01287,	Sq(7) = 0.79749,	Sq(8) = 0.424361,	Sq(9) = 1.01287,	
	Sq(10) = 0.784303,	Sq(11) = 1.01287,	Sq(12) = 0.554662,	Sq(13) = 0.79749,	Sq(14) = 1.01287,	
	Sq(15) = 0.79749;	N(0) = 1.76735,	N(1) = 1.6264,	N(2) = 0.74365,	N(3) = 1.6264,	
	N(4) = 1.6264,	N(5) = 0.392302,	N(6) = 0.144321,	N(7) = 0.392302,	N(8) = 0.74365,	
	N(9) = 0.144321,	N(10) = 0.0932732,	N(11) = 0.144321,	N(12) = 1.6264,	N(13) = 0.392302,	
	N(14) = 0.144321,	N(15) = 0.392302;	Delta[s](0) = 0.0656793,	Delta[s](1) = 0.0453687,	Delta[s](2) = 0.0303904,	
	Delta[s](3) = 0.0453687,	Delta[s](4) = 0.0453687,	Delta[s](5) = 0.0270955,	Delta[s](6) = 0.00926025,	Delta[s](7) = 0.0270955,	
	Delta[s](8) = 0.0303904,	Delta[s](9) = 0.00926025,	Delta[s](10) = 9.22392e-05,	Delta[s](11) = 0.00926025,	Delta[s](12) = 0.0453687,	
	Delta[s](13) = 0.0270955,	Delta[s](14) = 0.00926025,	Delta[s](15) = 0.0270955;	Delta[d](0) = 0.229394,	Delta[d](1) = 0.180055,	
	Delta[d](2) = 0.22222,	Delta[d](3) = 0.180055,	Delta[d](4) = 0.180055,	Delta[d](5) = 0.123007,	Delta[d](6) = 0.150448,	
	Delta[d](7) = 0.123007,	Delta[d](8) = 0.22222,	Delta[d](9) = 0.150448,	Delta[d](10) = 0.0768654,	Delta[d](11) = 0.150448,	
	Delta[d](12) = 0.180055,	Delta[d](13) = 0.123007,	Delta[d](14) = 0.150448,	Delta[d](15) = 0.123007;	Delta[s+](0) = 0.529538,	
	Delta[s+](1) = 0.361136,	Delta[s+](2) = 0.22222,	Delta[s+](3) = 0.361136,	Delta[s+](4) = 0.361136,	Delta[s+](5) = 0.177124,	
	Delta[s+](6) = 0.0626619,	Delta[s+](7) = 0.177124,	Delta[s+](8) = 0.22222,	Delta[s+](9) = 0.0626619,	Delta[s+](10) = 0.0156976,	
	Delta[s+](11) = 0.0626619,	Delta[s+](12) = 0.361136,	Delta[s+](13) = 0.177124,	Delta[s+](14) = 0.0626619,	Delta[s+](15) = 0.177124
	
The 0-th iteration is completed.	|| time cost : 0h 2m 2.842s
********************************************************************************************************************
Start the 1 rounds of NGS-ED iteration
	effective electronic model is modified as: kinetic energy t = 0.998927
	                                           effective interaction Vq = [     -0.7605,  -0.0388431, -0.00523323,  -0.0388431,  -0.0388431, -0.00484725,-0.000308716, -0.00484725, -0.00523323,-0.000308716, -0.00892939,-0.000308716,  -0.0388431, -0.00484725,-0.000308716, -0.00484725]
	PARPACK diagonalization completed after 45 matrix-vector product operations.
	iteration results: : total energy is -21.790689 | electron energy -21.790972 + phonon energy 0.000284 | electron momentum kIdx = 0
The 1-th iteration is completed.	|| time cost : 0h 1m 18.211s
********************************************************************************************************************
Start the 2 rounds of NGS-ED iteration
	effective electronic model is modified as: kinetic energy t = 0.998921
	                                           effective interaction Vq = [     -0.7605,  -0.0389943,  -0.0052276,  -0.0389943,  -0.0389943, -0.00484395,-0.000308371, -0.00484395,  -0.0052276,-0.000308371, -0.00893183,-0.000308371,  -0.0389943, -0.00484395,-0.000308371, -0.00484395]
	PARPACK diagonalization completed after 30 matrix-vector product operations.
	iteration results: : total energy is -21.790689 | electron energy -21.790977 + phonon energy 0.000288 | electron momentum kIdx = 0
The 2-th iteration is completed.	|| time cost : 0h 0m 9.714s
********************************************************************************************************************
Start the 3 rounds of NGS-ED iteration
	effective electronic model is modified as: kinetic energy t = 0.998921
	                                           effective interaction Vq = [    -0.7605,  -0.038995,-0.00522757,  -0.038995,  -0.038995,-0.00484393,-0.00030837,-0.00484393,-0.00522757,-0.00030837,-0.00893181,-0.00030837,  -0.038995,-0.00484393,-0.00030837,-0.00484393]
	PARPACK diagonalization completed after 30 matrix-vector product operations.
	iteration results: : total energy is -21.790689 | electron energy -21.790977 + phonon energy 0.000288 | electron momentum kIdx = 0
The 3-th iteration is completed.	|| time cost : 0h 0m 10.272s
********************************************************************************************************************
Start the 4 rounds of NGS-ED iteration
	effective electronic model is modified as: kinetic energy t = 0.998921
	                                           effective interaction Vq = [    -0.7605,  -0.038995,-0.00522757,  -0.038995,  -0.038995,-0.00484393,-0.00030837,-0.00484393,-0.00522757,-0.00030837,-0.00893181,-0.00030837,  -0.038995,-0.00484393,-0.00030837,-0.00484393]
	PARPACK diagonalization completed after 30 matrix-vector product operations.
	iteration results: : total energy is -21.790689 | electron energy -21.790977 + phonon energy 0.000288 | electron momentum kIdx = 0
	Nq(0) = 9,	Nq(1) = 0.192536,	Nq(2) = 0.266002,	Nq(3) = 0.192536,	Nq(4) = 0.192536,	Nq(5) = 0.245454,	
	Nq(6) = 0.313881,	Nq(7) = 0.245454,	Nq(8) = 0.266002,	Nq(9) = 0.313881,	Nq(10) = 0.369609,	
	Nq(11) = 0.313881,	Nq(12) = 0.192536,	Nq(13) = 0.245454,	Nq(14) = 0.313881,	Nq(15) = 0.245454;	
	Sq(0) = 2.37973e-19,	Sq(1) = 0.554221,	Sq(2) = 0.424429,	Sq(3) = 0.554221,	Sq(4) = 0.554221,	
	Sq(5) = 0.797176,	Sq(6) = 1.01278,	Sq(7) = 0.797176,	Sq(8) = 0.424429,	Sq(9) = 1.01278,	
	Sq(10) = 0.785351,	Sq(11) = 1.01278,	Sq(12) = 0.554221,	Sq(13) = 0.797176,	Sq(14) = 1.01278,	
	Sq(15) = 0.797176;	N(0) = 1.76767,	N(1) = 1.62736,	N(2) = 0.743164,	N(3) = 1.62736,	
	N(4) = 1.62736,	N(5) = 0.391535,	N(6) = 0.144234,	N(7) = 0.391535,	N(8) = 0.743164,	
	N(9) = 0.144234,	N(10) = 0.0935048,	N(11) = 0.144234,	N(12) = 1.62736,	N(13) = 0.391535,	
	N(14) = 0.144234,	N(15) = 0.391535;	Delta[s](0) = 0.0658303,	Delta[s](1) = 0.045471,	Delta[s](2) = 0.030481,	
	Delta[s](3) = 0.045471,	Delta[s](4) = 0.045471,	Delta[s](5) = 0.0271708,	Delta[s](6) = 0.00927361,	Delta[s](7) = 0.0271708,	
	Delta[s](8) = 0.030481,	Delta[s](9) = 0.00927361,	Delta[s](10) = 9.29449e-05,	Delta[s](11) = 0.00927361,	Delta[s](12) = 0.045471,	
	Delta[s](13) = 0.0271708,	Delta[s](14) = 0.00927361,	Delta[s](15) = 0.0271708;	Delta[d](0) = 0.229602,	Delta[d](1) = 0.180207,	
	Delta[d](2) = 0.222337,	Delta[d](3) = 0.180207,	Delta[d](4) = 0.180207,	Delta[d](5) = 0.123013,	Delta[d](6) = 0.150488,	
	Delta[d](7) = 0.123013,	Delta[d](8) = 0.222337,	Delta[d](9) = 0.150488,	Delta[d](10) = 0.0765618,	Delta[d](11) = 0.150488,	
	Delta[d](12) = 0.180207,	Delta[d](13) = 0.123013,	Delta[d](14) = 0.150488,	Delta[d](15) = 0.123013;	Delta[s+](0) = 0.529956,	
	Delta[s+](1) = 0.361384,	Delta[s+](2) = 0.222337,	Delta[s+](3) = 0.361384,	Delta[s+](4) = 0.361384,	Delta[s+](5) = 0.177198,	
	Delta[s+](6) = 0.0626546,	Delta[s+](7) = 0.177198,	Delta[s+](8) = 0.222337,	Delta[s+](9) = 0.0626546,	Delta[s+](10) = 0.0157197,	
	Delta[s+](11) = 0.0626546,	Delta[s+](12) = 0.361384,	Delta[s+](13) = 0.177198,	Delta[s+](14) = 0.0626546,	Delta[s+](15) = 0.177198
	
The 4-th iteration is completed.	|| time cost : 0h 1m 19.069s
********************************************************************************************************************
********************************************************************************************************************
Ground state is obtained after 5 iterations. The current ground-state energy is -21.7907, in which electron energy is -21.791 and phonon energy is 0.000287926
Final variational state is: 
	Gamma_x = [      1,1.03695,1.00682,1.03695,1.03695,1.00584,1.00048,1.00584,1.00682,1.00048,1.01638,1.00048,1.03695,1.00584,1.00048,1.00584]
	lambda_q = [      1.95, 0.0805877, 0.0242984, 0.0805877, 0.0805877, 0.0224772,-0.0052307, 0.0224772, 0.0242984,-0.0052307, -0.026689,-0.0052307, 0.0805877, 0.0224772,-0.0052307, 0.0224772]
Effective e-e interactions mediated by phonons are:
	momentum-space Vq = [    -0.7605,  -0.038995,-0.00522757,  -0.038995,  -0.038995,-0.00484393,-0.00030837,-0.00484393,-0.00522757,-0.00030837,-0.00893181,-0.00030837,  -0.038995,-0.00484393,-0.00030837,-0.00484393]
	real-space Vr = [-0.0597798,-0.0518088, -0.047532,-0.0518088,-0.0518088, -0.047436,-0.0421372, -0.047436, -0.047532,-0.0421372,-0.0401281,-0.0421372,-0.0518088, -0.047436,-0.0421372, -0.047436]
********************************************************************************************************************
o___o  ----------------------------------------
| L |	Time since last clock: 0h 0m 0.057s
A===A	Time since the beginning: 0h 5m 0.167s
***********************************************


Non-Gaussina ED ground state calculation is completed. The final ground-state energy is -21.7907
********************************************************************************************************************
o___o  ----------------------------------------
| L |	Time since last clock: 0h 0m 0.002s
A===A	Time since the beginning: 0h 5m 0.17s
***********************************************



********************************************************************************************************************
All non-Gaussian ED ground state calculations have been completed. Exit now.
