SNEDics v3.4 Non-Gaussian ED ground state program		Start at Sat Sep 21 19:23:38 2019

parallized on 16 MPI threads  * 8 OpenMP threads = 128 total threads.
********************************************************************************************************************
********************************************************************************************************************

********************************************************************************************************************
System parameters and configurations
********************************************************************************************************************
Special program options are enabled: splitted diagonal Hamiltonian
********************************************************************************************************************
Read input file "model_params.in"
	Hubbard-Holstein model parameters : 	t = 1    U = 3    g = 2.7386    W = 5    
********************************************************************************************************************
Read input file "hilbertspace_params.in"
	Requested 16-site 2D lattice, with 16 electrons (8, 8)
	Boundary : Periodic		Hilbert space representation : momentum-space (restricted to kIdx = 0)
	Conservation: particle number[U(1)]      spin[U(1)]     momentum
********************************************************************************************************************

Cluster Positions:				Cluster symmetry group : D4
 x ... x ... x ... x .....                       x ... x ... x ... x .....
 |           |           :                       |           |           :
 |           |           :                       |           |           :
12    13    14    15     x                       1     5     6     5     x
 |           |           :                       |           |           :
 |           |           :                       |           |           :
 8 --- 9 ---10 ---11 --- x                       2 --- 6 ---10 --- 6 --- x
 |           |           :                       |           |           :
 |           |           :                       |           |           :
 4     5     6     7     x                       1     5     6     5     x
 |           |           :                       |           |           :
 |           |           :                       |           |           :
 0 --- 1 --- 2 --- 3 --- x                       0 --- 1 --- 2 --- 1 --- x
orbital number : 1
********************************************************************************************************************
Read input file "obs_params.in"
	Observable Type : Nq(All),   Sq(All),   N(All),   Delta[s](All),   Delta[d](All),   Delta[s+](All)
********************************************************************************************************************
** WARNING ** the input observables have non-local factors which have been reinterpreted. The total observable number is 96
********************************************************************************************************************


********************************************************************************************************************
Start calculating the non-Gaussian ED ground state
** WARNING ** Detected low phonon energy W < 10. The initial state will be prepared through a warm-up process.
********************************************************************************************************************
Start warm-up calculation for scaling factor 2
open output files: NGSEDWarmUpW10Obs.txt
********************************************************************************************************************
Start the 0 rounds of NGS-ED iteration
	effective electronic model is modified as: kinetic energy t = 1
	                                           effective interaction Vq = [-0,-0,-0,-0,-0,-0,-0,-0,-0,-0,-0,-0,-0,-0,-0,-0]
	first Hamiltonian is constructed, non-zero numbers = 2845383612
	PARPACK diagonalization completed after 105 matrix-vector product operations.
	iteration results: : total energy is -15.636661 | electron energy -15.636661 + phonon energy 0.000000 | electron momentum kIdx = 0
	Nq(0) = 16,	Nq(1) = 0.197474,	Nq(2) = 0.272632,	Nq(3) = 0.197474,	Nq(4) = 0.197474,	Nq(5) = 0.272632,	Nq(6) = 0.377802,	Nq(7) = 0.272632,	Nq(8) = 0.272632,	Nq(9) = 0.377802,	Nq(10) = 0.449031,	Nq(11) = 0.377802,	Nq(12) = 0.197474,	Nq(13) = 0.272632,	Nq(14) = 0.377802,	Nq(15) = 0.272632,	Sq(0) = 1.50564e-18,	Sq(1) = 0.422553,	Sq(2) = 0.613841,	Sq(3) = 0.422553,	Sq(4) = 0.422553,	Sq(5) = 0.613841,	Sq(6) = 0.765373,	Sq(7) = 0.613841,	Sq(8) = 0.613841,	Sq(9) = 0.765373,	Sq(10) = 3.17932,	Sq(11) = 0.765373,	Sq(12) = 0.422553,	Sq(13) = 0.613841,	Sq(14) = 0.765373,	Sq(15) = 0.613841,	N(0) = 1.96,	N(1) = 1.90847,	N(2) = 1,	N(3) = 1.90847,	N(4) = 1.90847,	N(5) = 1,	N(6) = 0.0915299,	N(7) = 1,	N(8) = 1,	N(9) = 0.0915299,	N(10) = 0.0399965,	N(11) = 0.0915299,	N(12) = 1.90847,	N(13) = 1,	N(14) = 0.0915299,	N(15) = 1,	Delta[s](0) = 0.211639,	Delta[s](1) = 0.181211,	Delta[s](2) = 0.136451,	Delta[s](3) = 0.181211,	Delta[s](4) = 0.181211,	Delta[s](5) = 0.136451,	Delta[s](6) = 0.104328,	Delta[s](7) = 0.136451,	Delta[s](8) = 0.136451,	Delta[s](9) = 0.104328,	Delta[s](10) = 0.0204612,	Delta[s](11) = 0.104328,	Delta[s](12) = 0.181211,	Delta[s](13) = 0.136451,	Delta[s](14) = 0.104328,	Delta[s](15) = 0.136451,	Delta[d](0) = 0.560638,	Delta[d](1) = 0.352987,	Delta[d](2) = 0.29043,	Delta[d](3) = 0.352987,	Delta[d](4) = 0.352987,	Delta[d](5) = 0.320554,	Delta[d](6) = 0.230436,	Delta[d](7) = 0.320554,	Delta[d](8) = 0.29043,	Delta[d](9) = 0.230436,	Delta[d](10) = 0.0869648,	Delta[d](11) = 0.230436,	Delta[d](12) = 0.352987,	Delta[d](13) = 0.320554,	Delta[d](14) = 0.230436,	Delta[d](15) = 0.320554,	Delta[s+](0) = 0.570673,	Delta[s+](1) = 0.455534,	Delta[s+](2) = 0.29043,	Delta[s+](3) = 0.455534,	Delta[s+](4) = 0.455534,	Delta[s+](5) = 0.29043,	Delta[s+](6) = 0.133581,	Delta[s+](7) = 0.29043,	Delta[s+](8) = 0.29043,	Delta[s+](9) = 0.133581,	Delta[s+](10) = 0.022755,	Delta[s+](11) = 0.133581,	Delta[s+](12) = 0.455534,	Delta[s+](13) = 0.29043,	Delta[s+](14) = 0.133581,	Delta[s+](15) = 0.29043
The 0-th iteration is completed.	|| time cost : 0h 10m 59.775s
********************************************************************************************************************
Start the 1 rounds of NGS-ED iteration
	effective electronic model is modified as: kinetic energy t = 0.960761
	                                           effective interaction Vq = [-1.29698,-1.19741,-1.15389,-1.19741,-1.19741,-1.15389, -1.1429,-1.15389,-1.15389, -1.1429,-1.12515, -1.1429,-1.19741,-1.15389, -1.1429,-1.15389]
	PARPACK diagonalization completed after 45 matrix-vector product operations.
	iteration results: : total energy is -41.560524 | electron energy -41.562245 + phonon energy 0.001721 | electron momentum kIdx = 0
The 1-th iteration is completed.	|| time cost : 0h 9m 15.435s
********************************************************************************************************************
Start the 2 rounds of NGS-ED iteration
	effective electronic model is modified as: kinetic energy t = 0.934663
	                                           effective interaction Vq = [-1.47251,-1.40103,-1.33666,-1.40103,-1.40103,-1.33666,-1.34035,-1.33666,-1.33666,-1.34035,-1.30606,-1.34035,-1.40103,-1.33666,-1.34035,-1.33666]
	PARPACK diagonalization completed after 45 matrix-vector product operations.
	iteration results: : total energy is -44.965581 | electron energy -44.977050 + phonon energy 0.011469 | electron momentum kIdx = 0
The 2-th iteration is completed.	|| time cost : 0h 0m 49.141s
********************************************************************************************************************
Start the 3 rounds of NGS-ED iteration
	effective electronic model is modified as: kinetic energy t = 0.925478
	                                           effective interaction Vq = [-1.49627,-1.44575,-1.37717,-1.44575,-1.44575,-1.37717,-1.38774,-1.37717,-1.37717,-1.38774,-1.34677,-1.38774,-1.44575,-1.37717,-1.38774,-1.37717]
	PARPACK diagonalization completed after 45 matrix-vector product operations.
	iteration results: : total energy is -45.408777 | electron energy -45.428070 + phonon energy 0.019294 | electron momentum kIdx = 0
The 3-th iteration is completed.	|| time cost : 0h 0m 43.628s
********************************************************************************************************************
Start the 4 rounds of NGS-ED iteration
	effective electronic model is modified as: kinetic energy t = 0.922542
	                                           effective interaction Vq = [-1.49948,-1.45785,-1.38789,-1.45785,-1.45785,-1.38789,-1.40118,-1.38789,-1.38789,-1.40118,-1.35752,-1.40118,-1.45785,-1.38789,-1.40118,-1.38789]
	PARPACK diagonalization completed after 30 matrix-vector product operations.
	iteration results: : total energy is -45.466687 | electron energy -45.489364 + phonon energy 0.022676 | electron momentum kIdx = 0
The 4-th iteration is completed.	|| time cost : 0h 0m 36.179s
********************************************************************************************************************
Start the 5 rounds of NGS-ED iteration
	effective electronic model is modified as: kinetic energy t = 0.921623
	                                           effective interaction Vq = [-1.49992,-1.46155,-1.39092,-1.46155,-1.46155,-1.39092,-1.40528,-1.39092,-1.39092,-1.40528,-1.36053,-1.40528,-1.46155,-1.39092,-1.40528,-1.39092]
	PARPACK diagonalization completed after 30 matrix-vector product operations.
	iteration results: : total energy is -45.474307 | electron energy -45.498168 + phonon energy 0.023861 | electron momentum kIdx = 0
The 5-th iteration is completed.	|| time cost : 0h 0m 36.226s
********************************************************************************************************************
Start the 6 rounds of NGS-ED iteration
	effective electronic model is modified as: kinetic energy t = 0.921336
	                                           effective interaction Vq = [-1.49998,-1.46274, -1.3918,-1.46274,-1.46274, -1.3918,-1.40656, -1.3918, -1.3918,-1.40656, -1.3614,-1.40656,-1.46274, -1.3918,-1.40656, -1.3918]
	PARPACK diagonalization completed after 30 matrix-vector product operations.
	iteration results: : total energy is -45.475316 | electron energy -45.499562 + phonon energy 0.024246 | electron momentum kIdx = 0
The 6-th iteration is completed.	|| time cost : 0h 0m 36.551s
********************************************************************************************************************
Start the 7 rounds of NGS-ED iteration
	effective electronic model is modified as: kinetic energy t = 0.921247
	                                           effective interaction Vq = [-1.49998,-1.46313,-1.39206,-1.46313,-1.46313,-1.39206,-1.40697,-1.39206,-1.39206,-1.40697,-1.36165,-1.40697,-1.46313,-1.39206,-1.40697,-1.39206]
	PARPACK diagonalization completed after 30 matrix-vector product operations.
	iteration results: : total energy is -45.475451 | electron energy -45.499818 + phonon energy 0.024367 | electron momentum kIdx = 0
The 7-th iteration is completed.	|| time cost : 0h 0m 36.03s
********************************************************************************************************************
Start the 8 rounds of NGS-ED iteration
	effective electronic model is modified as: kinetic energy t = 0.921219
	                                           effective interaction Vq = [-1.49999,-1.46326,-1.39214,-1.46326,-1.46326,-1.39214, -1.4071,-1.39214,-1.39214, -1.4071,-1.36172, -1.4071,-1.46326,-1.39214, -1.4071,-1.39214]
	PARPACK diagonalization completed after 30 matrix-vector product operations.
	iteration results: : total energy is -45.475469 | electron energy -45.499874 + phonon energy 0.024405 | electron momentum kIdx = 0
	Nq(0) = 16,	Nq(1) = 0.3673,	Nq(2) = 0.368998,	Nq(3) = 0.3673,	Nq(4) = 0.3673,	Nq(5) = 0.368998,	Nq(6) = 0.604838,	Nq(7) = 0.368998,	Nq(8) = 0.368998,	Nq(9) = 0.604838,	Nq(10) = 0.609747,	Nq(11) = 0.604838,	Nq(12) = 0.3673,	Nq(13) = 0.368998,	Nq(14) = 0.604838,	Nq(15) = 0.368998,	Sq(0) = 5.77219e-18,	Sq(1) = 0.37928,	Sq(2) = 0.548854,	Sq(3) = 0.37928,	Sq(4) = 0.37928,	Sq(5) = 0.548854,	Sq(6) = 0.634629,	Sq(7) = 0.548854,	Sq(8) = 0.548854,	Sq(9) = 0.634629,	Sq(10) = 1.93896,	Sq(11) = 0.634629,	Sq(12) = 0.37928,	Sq(13) = 0.548854,	Sq(14) = 0.634629,	Sq(15) = 0.548854,	N(0) = 1.99976,	N(1) = 1.99963,	N(2) = 1,	N(3) = 1.99963,	N(4) = 1.99963,	N(5) = 1,	N(6) = 0.000373845,	N(7) = 1,	N(8) = 1,	N(9) = 0.000373845,	N(10) = 0.000240521,	N(11) = 0.000373845,	N(12) = 1.99963,	N(13) = 1,	N(14) = 0.000373845,	N(15) = 1,	Delta[s](0) = 0.281067,	Delta[s](1) = 0.276369,	Delta[s](2) = 0.192552,	Delta[s](3) = 0.276369,	Delta[s](4) = 0.276369,	Delta[s](5) = 0.192552,	Delta[s](6) = 0.188494,	Delta[s](7) = 0.192552,	Delta[s](8) = 0.192552,	Delta[s](9) = 0.188494,	Delta[s](10) = 0.0603114,	Delta[s](11) = 0.188494,	Delta[s](12) = 0.276369,	Delta[s](13) = 0.192552,	Delta[s](14) = 0.188494,	Delta[s](15) = 0.192552,	Delta[d](0) = 0.56118,	Delta[d](1) = 0.29745,	Delta[d](2) = 0.262654,	Delta[d](3) = 0.29745,	Delta[d](4) = 0.29745,	Delta[d](5) = 0.322391,	Delta[d](6) = 0.230891,	Delta[d](7) = 0.322391,	Delta[d](8) = 0.262654,	Delta[d](9) = 0.230891,	Delta[d](10) = 0.0855456,	Delta[d](11) = 0.230891,	Delta[d](12) = 0.29745,	Delta[d](13) = 0.322391,	Delta[d](14) = 0.230891,	Delta[d](15) = 0.322391,	Delta[s+](0) = 0.504729,	Delta[s+](1) = 0.411468,	Delta[s+](2) = 0.262654,	Delta[s+](3) = 0.411468,	Delta[s+](4) = 0.411468,	Delta[s+](5) = 0.262654,	Delta[s+](6) = 0.113545,	Delta[s+](7) = 0.262654,	Delta[s+](8) = 0.262654,	Delta[s+](9) = 0.113545,	Delta[s+](10) = 0.018279,	Delta[s+](11) = 0.113545,	Delta[s+](12) = 0.411468,	Delta[s+](13) = 0.262654,	Delta[s+](14) = 0.113545,	Delta[s+](15) = 0.262654
The 8-th iteration is completed.	|| time cost : 0h 5m 42.257s
********************************************************************************************************************
********************************************************************************************************************
Ground state is obtained after 9 iterations. The current ground-state energy is -45.4755, in which electron energy is -45.4999 and phonon energy is 0.0244054
final variational state is: 
	Gamma_x = [      1,1.01464,1.02196,1.01464,1.01464,1.02196,1.03448,1.02196,1.02196,1.03448,1.03942,1.03448,1.01464,1.02196,1.03448,1.02196]
	lambda_q = [0.387249,0.326726,0.283458,0.326726,0.326726,0.283458,0.290939,0.283458,0.283458,0.290939,0.269719,0.290939,0.326726,0.283458,0.290939,0.283458]
********************************************************************************************************************
o___o  ----------------------------------------
| L |	Time since last clock: 0h 0m 0s
A===A	Time since the beginning: 0h 29m 55.225s
***********************************************


********************************************************************************************************************
Warm up runs have been completed. Start calculating W = 5 phonon.
open output files: NGSEDIterationObs.txt
********************************************************************************************************************
Start the 0 rounds of NGS-ED iteration
	effective electronic model is modified as: kinetic energy t = 0.92121
	                                           effective interaction Vq = [-1.37123, -1.2558,-1.15081, -1.2558, -1.2558,-1.15081, -1.1703,-1.15081,-1.15081, -1.1703,-1.11356, -1.1703, -1.2558,-1.15081, -1.1703,-1.15081]
	PARPACK diagonalization completed after 45 matrix-vector product operations.
	iteration results: : total energy is -41.917051 | electron energy -41.929259 + phonon energy 0.012209 | electron momentum kIdx = 0
	Nq(0) = 16,	Nq(1) = 0.331378,	Nq(2) = 0.354304,	Nq(3) = 0.331378,	Nq(4) = 0.331378,	Nq(5) = 0.354304,	Nq(6) = 0.554689,	Nq(7) = 0.354304,	Nq(8) = 0.354304,	Nq(9) = 0.554689,	Nq(10) = 0.583769,	Nq(11) = 0.554689,	Nq(12) = 0.331378,	Nq(13) = 0.354304,	Nq(14) = 0.554689,	Nq(15) = 0.354304,	Sq(0) = 4.29917e-18,	Sq(1) = 0.390959,	Sq(2) = 0.566264,	Sq(3) = 0.390959,	Sq(4) = 0.390959,	Sq(5) = 0.566264,	Sq(6) = 0.661117,	Sq(7) = 0.566264,	Sq(8) = 0.566264,	Sq(9) = 0.661117,	Sq(10) = 2.14025,	Sq(11) = 0.661117,	Sq(12) = 0.390959,	Sq(13) = 0.566264,	Sq(14) = 0.661117,	Sq(15) = 0.566264,	N(0) = 1.99743,	N(1) = 1.99475,	N(2) = 1,	N(3) = 1.99475,	N(4) = 1.99475,	N(5) = 1,	N(6) = 0.00525181,	N(7) = 1,	N(8) = 1,	N(9) = 0.00525181,	N(10) = 0.00257174,	N(11) = 0.00525181,	N(12) = 1.99475,	N(13) = 1,	N(14) = 0.00525181,	N(15) = 1,	Delta[s](0) = 0.265226,	Delta[s](1) = 0.25212,	Delta[s](2) = 0.183815,	Delta[s](3) = 0.25212,	Delta[s](4) = 0.25212,	Delta[s](5) = 0.183815,	Delta[s](6) = 0.172111,	Delta[s](7) = 0.183815,	Delta[s](8) = 0.183815,	Delta[s](9) = 0.172111,	Delta[s](10) = 0.0618942,	Delta[s](11) = 0.172111,	Delta[s](12) = 0.25212,	Delta[s](13) = 0.183815,	Delta[s](14) = 0.172111,	Delta[s](15) = 0.183815,	Delta[d](0) = 0.566757,	Delta[d](1) = 0.313912,	Delta[d](2) = 0.273853,	Delta[d](3) = 0.313912,	Delta[d](4) = 0.313912,	Delta[d](5) = 0.327728,	Delta[d](6) = 0.237015,	Delta[d](7) = 0.327728,	Delta[d](8) = 0.273853,	Delta[d](9) = 0.237015,	Delta[d](10) = 0.0913181,	Delta[d](11) = 0.237015,	Delta[d](12) = 0.313912,	Delta[d](13) = 0.327728,	Delta[d](14) = 0.237015,	Delta[d](15) = 0.327728,	Delta[s+](0) = 0.526951,	Delta[s+](1) = 0.428321,	Delta[s+](2) = 0.273853,	Delta[s+](3) = 0.428321,	Delta[s+](4) = 0.428321,	Delta[s+](5) = 0.273853,	Delta[s+](6) = 0.121338,	Delta[s+](7) = 0.273853,	Delta[s+](8) = 0.273853,	Delta[s+](9) = 0.121338,	Delta[s+](10) = 0.0213062,	Delta[s+](11) = 0.121338,	Delta[s+](12) = 0.428321,	Delta[s+](13) = 0.273853,	Delta[s+](14) = 0.121338,	Delta[s+](15) = 0.273853
The 0-th iteration is completed.	|| time cost : 0h 5m 45.134s
********************************************************************************************************************
Start the 1 rounds of NGS-ED iteration
	effective electronic model is modified as: kinetic energy t = 0.912427
	                                           effective interaction Vq = [-1.45262,-1.32221,-1.19613,-1.32221,-1.32221,-1.19613,-1.21487,-1.19613,-1.19613,-1.21487,-1.14891,-1.21487,-1.32221,-1.19613,-1.21487,-1.19613]
	PARPACK diagonalization completed after 45 matrix-vector product operations.
	iteration results: : total energy is -43.292432 | electron energy -43.327916 + phonon energy 0.035484 | electron momentum kIdx = 0
The 1-th iteration is completed.	|| time cost : 0h 0m 43.169s
********************************************************************************************************************
Start the 2 rounds of NGS-ED iteration
	effective electronic model is modified as: kinetic energy t = 0.907389
	                                           effective interaction Vq = [-1.48256,-1.35497,-1.21828,-1.35497,-1.35497,-1.21828,-1.23904,-1.21828,-1.21828,-1.23904,-1.16792,-1.23904,-1.35497,-1.21828,-1.23904,-1.21828]
	PARPACK diagonalization completed after 30 matrix-vector product operations.
	iteration results: : total energy is -43.793351 | electron energy -43.844938 + phonon energy 0.051588 | electron momentum kIdx = 0
The 2-th iteration is completed.	|| time cost : 0h 0m 36.359s
********************************************************************************************************************
Start the 3 rounds of NGS-ED iteration
	effective electronic model is modified as: kinetic energy t = 0.904585
	                                           effective interaction Vq = [-1.49358,-1.37188,-1.22934,-1.37188,-1.37188,-1.22934,-1.25216,-1.22934,-1.22934,-1.25216,-1.17793,-1.25216,-1.37188,-1.22934,-1.25216,-1.22934]
	PARPACK diagonalization completed after 45 matrix-vector product operations.
	iteration results: : total energy is -43.976126 | electron energy -44.037179 + phonon energy 0.061053 | electron momentum kIdx = 0
The 3-th iteration is completed.	|| time cost : 0h 0m 43.744s
********************************************************************************************************************
Start the 4 rounds of NGS-ED iteration
	effective electronic model is modified as: kinetic energy t = 0.903047
	                                           effective interaction Vq = [-1.49763,-1.38087,-1.23493,-1.38087,-1.38087,-1.23493, -1.2593,-1.23493,-1.23493, -1.2593,-1.18316, -1.2593,-1.38087,-1.23493, -1.2593,-1.23493]
	PARPACK diagonalization completed after 45 matrix-vector product operations.
	iteration results: : total energy is -44.042917 | electron energy -44.109265 + phonon energy 0.066348 | electron momentum kIdx = 0
The 4-th iteration is completed.	|| time cost : 0h 0m 43.438s
********************************************************************************************************************
Start the 5 rounds of NGS-ED iteration
	effective electronic model is modified as: kinetic energy t = 0.902209
	                                           effective interaction Vq = [-1.49912,-1.38574,-1.23779,-1.38574,-1.38574,-1.23779,-1.26319,-1.23779,-1.23779,-1.26319,-1.18589,-1.26319,-1.38574,-1.23779,-1.26319,-1.23779]
	PARPACK diagonalization completed after 45 matrix-vector product operations.
	iteration results: : total energy is -44.067354 | electron energy -44.136608 + phonon energy 0.069254 | electron momentum kIdx = 0
The 5-th iteration is completed.	|| time cost : 0h 0m 43.555s
********************************************************************************************************************
Start the 6 rounds of NGS-ED iteration
	effective electronic model is modified as: kinetic energy t = 0.901754
	                                           effective interaction Vq = [-1.49967,-1.38841,-1.23926,-1.38841,-1.38841,-1.23926,-1.26533,-1.23926,-1.23926,-1.26533,-1.18732,-1.26533,-1.38841,-1.23926,-1.26533,-1.23926]
	PARPACK diagonalization completed after 30 matrix-vector product operations.
	iteration results: : total energy is -44.076305 | electron energy -44.147139 + phonon energy 0.070835 | electron momentum kIdx = 0
The 6-th iteration is completed.	|| time cost : 0h 0m 36.924s
********************************************************************************************************************
Start the 7 rounds of NGS-ED iteration
	effective electronic model is modified as: kinetic energy t = 0.901508
	                                           effective interaction Vq = [-1.49987,-1.38988,-1.24001,-1.38988,-1.38988,-1.24001,-1.26649,-1.24001,-1.24001,-1.26649,-1.18806,-1.26649,-1.38988,-1.24001,-1.26649,-1.24001]
	PARPACK diagonalization completed after 30 matrix-vector product operations.
	iteration results: : total energy is -44.079585 | electron energy -44.151278 + phonon energy 0.071692 | electron momentum kIdx = 0
The 7-th iteration is completed.	|| time cost : 0h 0m 36.343s
********************************************************************************************************************
Start the 8 rounds of NGS-ED iteration
	effective electronic model is modified as: kinetic energy t = 0.901374
	                                           effective interaction Vq = [-1.49994,-1.39069, -1.2404,-1.39069,-1.39069, -1.2404,-1.26713, -1.2404, -1.2404,-1.26713,-1.18845,-1.26713,-1.39069, -1.2404,-1.26713, -1.2404]
	PARPACK diagonalization completed after 30 matrix-vector product operations.
	iteration results: : total energy is -44.080789 | electron energy -44.152946 + phonon energy 0.072157 | electron momentum kIdx = 0
The 8-th iteration is completed.	|| time cost : 0h 0m 36.535s
********************************************************************************************************************
Start the 9 rounds of NGS-ED iteration
	effective electronic model is modified as: kinetic energy t = 0.901301
	                                           effective interaction Vq = [-1.49997,-1.39114, -1.2406,-1.39114,-1.39114, -1.2406,-1.26748, -1.2406, -1.2406,-1.26748,-1.18865,-1.26748,-1.39114, -1.2406,-1.26748, -1.2406]
	PARPACK diagonalization completed after 30 matrix-vector product operations.
	iteration results: : total energy is -44.081230 | electron energy -44.153639 + phonon energy 0.072408 | electron momentum kIdx = 0
The 9-th iteration is completed.	|| time cost : 0h 0m 43.601s
********************************************************************************************************************
Start the 10 rounds of NGS-ED iteration
	effective electronic model is modified as: kinetic energy t = 0.901262
	                                           effective interaction Vq = [-1.49998,-1.39139,-1.24071,-1.39139,-1.39139,-1.24071,-1.26768,-1.24071,-1.24071,-1.26768,-1.18876,-1.26768,-1.39139,-1.24071,-1.26768,-1.24071]
	PARPACK diagonalization completed after 30 matrix-vector product operations.
	iteration results: : total energy is -44.081393 | electron energy -44.153937 + phonon energy 0.072545 | electron momentum kIdx = 0
	Nq(0) = 16,	Nq(1) = 0.352192,	Nq(2) = 0.359907,	Nq(3) = 0.352192,	Nq(4) = 0.352192,	Nq(5) = 0.359907,	Nq(6) = 0.574864,	Nq(7) = 0.359907,	Nq(8) = 0.359907,	Nq(9) = 0.574864,	Nq(10) = 0.590983,	Nq(11) = 0.574864,	Nq(12) = 0.352192,	Nq(13) = 0.359907,	Nq(14) = 0.574864,	Nq(15) = 0.359907,	Sq(0) = 1.14525e-18,	Sq(1) = 0.385776,	Sq(2) = 0.559259,	Sq(3) = 0.385776,	Sq(4) = 0.385776,	Sq(5) = 0.559259,	Sq(6) = 0.649489,	Sq(7) = 0.559259,	Sq(8) = 0.559259,	Sq(9) = 0.649489,	Sq(10) = 2.04473,	Sq(11) = 0.649489,	Sq(12) = 0.385776,	Sq(13) = 0.559259,	Sq(14) = 0.649489,	Sq(15) = 0.559259,	N(0) = 1.99855,	N(1) = 1.99761,	N(2) = 1,	N(3) = 1.99761,	N(4) = 1.99761,	N(5) = 1,	N(6) = 0.00239259,	N(7) = 1,	N(8) = 1,	N(9) = 0.00239259,	N(10) = 0.00144721,	N(11) = 0.00239259,	N(12) = 1.99761,	N(13) = 1,	N(14) = 0.00239259,	N(15) = 1,	Delta[s](0) = 0.267933,	Delta[s](1) = 0.258324,	Delta[s](2) = 0.189053,	Delta[s](3) = 0.258324,	Delta[s](4) = 0.258324,	Delta[s](5) = 0.189053,	Delta[s](6) = 0.180554,	Delta[s](7) = 0.189053,	Delta[s](8) = 0.189053,	Delta[s](9) = 0.180554,	Delta[s](10) = 0.0715592,	Delta[s](11) = 0.180554,	Delta[s](12) = 0.258324,	Delta[s](13) = 0.189053,	Delta[s](14) = 0.180554,	Delta[s](15) = 0.189053,	Delta[d](0) = 0.578226,	Delta[d](1) = 0.319705,	Delta[d](2) = 0.280259,	Delta[d](3) = 0.319705,	Delta[d](4) = 0.319705,	Delta[d](5) = 0.336425,	Delta[d](6) = 0.244608,	Delta[d](7) = 0.336425,	Delta[d](8) = 0.280259,	Delta[d](9) = 0.244608,	Delta[d](10) = 0.0986582,	Delta[d](11) = 0.244608,	Delta[d](12) = 0.319705,	Delta[d](13) = 0.336425,	Delta[d](14) = 0.244608,	Delta[d](15) = 0.336425,	Delta[s+](0) = 0.534882,	Delta[s+](1) = 0.435472,	Delta[s+](2) = 0.280259,	Delta[s+](3) = 0.435472,	Delta[s+](4) = 0.435472,	Delta[s+](5) = 0.280259,	Delta[s+](6) = 0.125636,	Delta[s+](7) = 0.280259,	Delta[s+](8) = 0.280259,	Delta[s+](9) = 0.125636,	Delta[s+](10) = 0.0246176,	Delta[s+](11) = 0.125636,	Delta[s+](12) = 0.435472,	Delta[s+](13) = 0.280259,	Delta[s+](14) = 0.125636,	Delta[s+](15) = 0.280259
The 10-th iteration is completed.	|| time cost : 0h 5m 39.604s
********************************************************************************************************************
Start the 11 rounds of NGS-ED iteration
	effective electronic model is modified as: kinetic energy t = 0.90124
	                                           effective interaction Vq = [-1.49998,-1.39153,-1.24076,-1.39153,-1.39153,-1.24076,-1.26778,-1.24076,-1.24076,-1.26778,-1.18881,-1.26778,-1.39153,-1.24076,-1.26778,-1.24076]
	PARPACK diagonalization completed after 30 matrix-vector product operations.
	iteration results: : total energy is -44.081452 | electron energy -44.154071 + phonon energy 0.072619 | electron momentum kIdx = 0
The 11-th iteration is completed.	|| time cost : 0h 0m 36.381s
********************************************************************************************************************
Start the 12 rounds of NGS-ED iteration
	effective electronic model is modified as: kinetic energy t = 0.901229
	                                           effective interaction Vq = [-1.49999, -1.3916,-1.24079, -1.3916, -1.3916,-1.24079,-1.26784,-1.24079,-1.24079,-1.26784,-1.18884,-1.26784, -1.3916,-1.24079,-1.26784,-1.24079]
	PARPACK diagonalization completed after 30 matrix-vector product operations.
	iteration results: : total energy is -44.081474 | electron energy -44.154133 + phonon energy 0.072659 | electron momentum kIdx = 0
The 12-th iteration is completed.	|| time cost : 0h 0m 36.202s
********************************************************************************************************************
Start the 13 rounds of NGS-ED iteration
	effective electronic model is modified as: kinetic energy t = 0.901222
	                                           effective interaction Vq = [-1.49999,-1.39164,-1.24081,-1.39164,-1.39164,-1.24081,-1.26787,-1.24081,-1.24081,-1.26787,-1.18886,-1.26787,-1.39164,-1.24081,-1.26787,-1.24081]
	PARPACK diagonalization completed after 30 matrix-vector product operations.
	iteration results: : total energy is -44.081482 | electron energy -44.154163 + phonon energy 0.072680 | electron momentum kIdx = 0
The 13-th iteration is completed.	|| time cost : 0h 0m 36.317s
********************************************************************************************************************
Start the 14 rounds of NGS-ED iteration
	effective electronic model is modified as: kinetic energy t = 0.901219
	                                           effective interaction Vq = [-1.49999,-1.39167,-1.24081,-1.39167,-1.39167,-1.24081,-1.26789,-1.24081,-1.24081,-1.26789,-1.18887,-1.26789,-1.39167,-1.24081,-1.26789,-1.24081]
	PARPACK diagonalization completed after 30 matrix-vector product operations.
	iteration results: : total energy is -44.081485 | electron energy -44.154177 + phonon energy 0.072692 | electron momentum kIdx = 0
The 14-th iteration is completed.	|| time cost : 0h 0m 36.411s
********************************************************************************************************************
Start the 15 rounds of NGS-ED iteration
	effective electronic model is modified as: kinetic energy t = 0.901217
	                                           effective interaction Vq = [-1.49999,-1.39168,-1.24082,-1.39168,-1.39168,-1.24082, -1.2679,-1.24082,-1.24082, -1.2679,-1.18887, -1.2679,-1.39168,-1.24082, -1.2679,-1.24082]
	PARPACK diagonalization completed after 30 matrix-vector product operations.
	iteration results: : total energy is -44.081486 | electron energy -44.154185 + phonon energy 0.072699 | electron momentum kIdx = 0
The 15-th iteration is completed.	|| time cost : 0h 0m 36.316s
********************************************************************************************************************
Start the 16 rounds of NGS-ED iteration
	effective electronic model is modified as: kinetic energy t = 0.901216
	                                           effective interaction Vq = [-1.49999,-1.39169,-1.24082,-1.39169,-1.39169,-1.24082, -1.2679,-1.24082,-1.24082, -1.2679,-1.18888, -1.2679,-1.39169,-1.24082, -1.2679,-1.24082]
	PARPACK diagonalization completed after 30 matrix-vector product operations.
	iteration results: : total energy is -44.081486 | electron energy -44.154189 + phonon energy 0.072702 | electron momentum kIdx = 0
The 16-th iteration is completed.	|| time cost : 0h 0m 36.276s
********************************************************************************************************************
Start the 17 rounds of NGS-ED iteration
	effective electronic model is modified as: kinetic energy t = 0.901215
	                                           effective interaction Vq = [-1.49999,-1.39169,-1.24082,-1.39169,-1.39169,-1.24082,-1.26791,-1.24082,-1.24082,-1.26791,-1.18888,-1.26791,-1.39169,-1.24082,-1.26791,-1.24082]
	PARPACK diagonalization completed after 30 matrix-vector product operations.
	iteration results: : total energy is -44.081487 | electron energy -44.154191 + phonon energy 0.072704 | electron momentum kIdx = 0
The 17-th iteration is completed.	|| time cost : 0h 0m 36.218s
********************************************************************************************************************
Start the 18 rounds of NGS-ED iteration
	effective electronic model is modified as: kinetic energy t = 0.901215
	                                           effective interaction Vq = [-1.49999,-1.39169,-1.24082,-1.39169,-1.39169,-1.24082,-1.26791,-1.24082,-1.24082,-1.26791,-1.18888,-1.26791,-1.39169,-1.24082,-1.26791,-1.24082]
	PARPACK diagonalization completed after 30 matrix-vector product operations.
	iteration results: : total energy is -44.081487 | electron energy -44.154192 + phonon energy 0.072705 | electron momentum kIdx = 0
The 18-th iteration is completed.	|| time cost : 0h 0m 37.213s
********************************************************************************************************************
Start the 19 rounds of NGS-ED iteration
	effective electronic model is modified as: kinetic energy t = 0.901215
	                                           effective interaction Vq = [-1.49999, -1.3917,-1.24082, -1.3917, -1.3917,-1.24082,-1.26791,-1.24082,-1.24082,-1.26791,-1.18888,-1.26791, -1.3917,-1.24082,-1.26791,-1.24082]
	PARPACK diagonalization completed after 30 matrix-vector product operations.
	iteration results: : total energy is -44.081487 | electron energy -44.154193 + phonon energy 0.072706 | electron momentum kIdx = 0
The 19-th iteration is completed.	|| time cost : 0h 0m 36.387s
********************************************************************************************************************
Start the 20 rounds of NGS-ED iteration
	effective electronic model is modified as: kinetic energy t = 0.901215
	                                           effective interaction Vq = [-1.49999, -1.3917,-1.24082, -1.3917, -1.3917,-1.24082,-1.26791,-1.24082,-1.24082,-1.26791,-1.18888,-1.26791, -1.3917,-1.24082,-1.26791,-1.24082]
	PARPACK diagonalization completed after 30 matrix-vector product operations.
	iteration results: : total energy is -44.081487 | electron energy -44.154193 + phonon energy 0.072706 | electron momentum kIdx = 0
	Nq(0) = 16,	Nq(1) = 0.352243,	Nq(2) = 0.359913,	Nq(3) = 0.352243,	Nq(4) = 0.352243,	Nq(5) = 0.359913,	Nq(6) = 0.574916,	Nq(7) = 0.359913,	Nq(8) = 0.359913,	Nq(9) = 0.574916,	Nq(10) = 0.590995,	Nq(11) = 0.574916,	Nq(12) = 0.352243,	Nq(13) = 0.359913,	Nq(14) = 0.574916,	Nq(15) = 0.359913,	Sq(0) = -2.87757e-18,	Sq(1) = 0.385763,	Sq(2) = 0.559244,	Sq(3) = 0.385763,	Sq(4) = 0.385763,	Sq(5) = 0.559244,	Sq(6) = 0.649463,	Sq(7) = 0.559244,	Sq(8) = 0.559244,	Sq(9) = 0.649463,	Sq(10) = 2.04452,	Sq(11) = 0.649463,	Sq(12) = 0.385763,	Sq(13) = 0.559244,	Sq(14) = 0.649463,	Sq(15) = 0.559244,	N(0) = 1.99855,	N(1) = 1.99761,	N(2) = 1,	N(3) = 1.99761,	N(4) = 1.99761,	N(5) = 1,	N(6) = 0.00238766,	N(7) = 1,	N(8) = 1,	N(9) = 0.00238766,	N(10) = 0.00144556,	N(11) = 0.00238766,	N(12) = 1.99761,	N(13) = 1,	N(14) = 0.00238766,	N(15) = 1,	Delta[s](0) = 0.267939,	Delta[s](1) = 0.258338,	Delta[s](2) = 0.189065,	Delta[s](3) = 0.258338,	Delta[s](4) = 0.258338,	Delta[s](5) = 0.189065,	Delta[s](6) = 0.180573,	Delta[s](7) = 0.189065,	Delta[s](8) = 0.189065,	Delta[s](9) = 0.180573,	Delta[s](10) = 0.0715825,	Delta[s](11) = 0.180573,	Delta[s](12) = 0.258338,	Delta[s](13) = 0.189065,	Delta[s](14) = 0.180573,	Delta[s](15) = 0.189065,	Delta[d](0) = 0.578325,	Delta[d](1) = 0.319761,	Delta[d](2) = 0.280311,	Delta[d](3) = 0.319761,	Delta[d](4) = 0.319761,	Delta[d](5) = 0.336488,	Delta[d](6) = 0.244658,	Delta[d](7) = 0.336488,	Delta[d](8) = 0.280311,	Delta[d](9) = 0.244658,	Delta[d](10) = 0.0986897,	Delta[d](11) = 0.244658,	Delta[d](12) = 0.319761,	Delta[d](13) = 0.336488,	Delta[d](14) = 0.244658,	Delta[d](15) = 0.336488,	Delta[s+](0) = 0.534972,	Delta[s+](1) = 0.435546,	Delta[s+](2) = 0.280311,	Delta[s+](3) = 0.435546,	Delta[s+](4) = 0.435546,	Delta[s+](5) = 0.280311,	Delta[s+](6) = 0.125663,	Delta[s+](7) = 0.280311,	Delta[s+](8) = 0.280311,	Delta[s+](9) = 0.125663,	Delta[s+](10) = 0.0246292,	Delta[s+](11) = 0.125663,	Delta[s+](12) = 0.435546,	Delta[s+](13) = 0.280311,	Delta[s+](14) = 0.125663,	Delta[s+](15) = 0.280311
The 20-th iteration is completed.	|| time cost : 0h 5m 38.037s
********************************************************************************************************************
Start the 21 rounds of NGS-ED iteration
	effective electronic model is modified as: kinetic energy t = 0.901215
	                                           effective interaction Vq = [-1.49999, -1.3917,-1.24082, -1.3917, -1.3917,-1.24082,-1.26791,-1.24082,-1.24082,-1.26791,-1.18888,-1.26791, -1.3917,-1.24082,-1.26791,-1.24082]
	PARPACK diagonalization completed after 30 matrix-vector product operations.
	iteration results: : total energy is -44.081487 | electron energy -44.154193 + phonon energy 0.072706 | electron momentum kIdx = 0
The 21-th iteration is completed.	|| time cost : 0h 0m 36.367s
********************************************************************************************************************
Start the 22 rounds of NGS-ED iteration
	effective electronic model is modified as: kinetic energy t = 0.901215
	                                           effective interaction Vq = [-1.49999, -1.3917,-1.24082, -1.3917, -1.3917,-1.24082,-1.26791,-1.24082,-1.24082,-1.26791,-1.18888,-1.26791, -1.3917,-1.24082,-1.26791,-1.24082]
	PARPACK diagonalization completed after 30 matrix-vector product operations.
	iteration results: : total energy is -44.081487 | electron energy -44.154193 + phonon energy 0.072706 | electron momentum kIdx = 0
The 22-th iteration is completed.	|| time cost : 0h 0m 36.353s
********************************************************************************************************************
Start the 23 rounds of NGS-ED iteration
	effective electronic model is modified as: kinetic energy t = 0.901215
	                                           effective interaction Vq = [-1.49999, -1.3917,-1.24082, -1.3917, -1.3917,-1.24082,-1.26791,-1.24082,-1.24082,-1.26791,-1.18888,-1.26791, -1.3917,-1.24082,-1.26791,-1.24082]
	PARPACK diagonalization completed after 30 matrix-vector product operations.
	iteration results: : total energy is -44.081487 | electron energy -44.154193 + phonon energy 0.072706 | electron momentum kIdx = 0
The 23-th iteration is completed.	|| time cost : 0h 0m 36.548s
********************************************************************************************************************
Start the 24 rounds of NGS-ED iteration
	effective electronic model is modified as: kinetic energy t = 0.901215
	                                           effective interaction Vq = [-1.49999, -1.3917,-1.24082, -1.3917, -1.3917,-1.24082,-1.26791,-1.24082,-1.24082,-1.26791,-1.18888,-1.26791, -1.3917,-1.24082,-1.26791,-1.24082]
	PARPACK diagonalization completed after 30 matrix-vector product operations.
	iteration results: : total energy is -44.081487 | electron energy -44.154193 + phonon energy 0.072706 | electron momentum kIdx = 0
