SNEDics v3.4 Non-Gaussian ED ground state program		Start at Tue Oct  1 13:47:01 2019

parallized on 16 MPI threads  * 8 OpenMP threads = 128 total threads.
********************************************************************************************************************
********************************************************************************************************************

********************************************************************************************************************
System parameters and configurations
********************************************************************************************************************
Special program options are enabled: splitted diagonal Hamiltonian
********************************************************************************************************************
Read input file "model_params.in"
	Hubbard-Holstein model parameters : 	t = 1    U = 5.3    g = 3.937    W = 5    
********************************************************************************************************************
Read input file "hilbertspace_params.in"
	Requested 16-site 2D lattice, with 16 electrons (8, 8)
	Boundary : Periodic		Hilbert space representation : momentum-space (restricted to kIdx = 0)
	Conservation: particle number[U(1)]      spin[U(1)]     momentum
********************************************************************************************************************

Cluster Positions:				Cluster symmetry group : D4
 x ... x ... x ... x .....                       x ... x ... x ... x .....
 |           |           :                       |           |           :
 |           |           :                       |           |           :
12    13    14    15     x                       1     5     6     5     x
 |           |           :                       |           |           :
 |           |           :                       |           |           :
 8 --- 9 ---10 ---11 --- x                       2 --- 6 ---10 --- 6 --- x
 |           |           :                       |           |           :
 |           |           :                       |           |           :
 4     5     6     7     x                       1     5     6     5     x
 |           |           :                       |           |           :
 |           |           :                       |           |           :
 0 --- 1 --- 2 --- 3 --- x                       0 --- 1 --- 2 --- 1 --- x
orbital number : 1
********************************************************************************************************************
Read input file "obs_params.in"
	Observable Type : Nq(All),   Sq(All),   N(All),   Delta[s](All),   Delta[d](All),   Delta[s+](All)
********************************************************************************************************************
** WARNING ** the input observables have non-local factors which have been reinterpreted. The total observable number is 96
********************************************************************************************************************


********************************************************************************************************************
Start calculating the non-Gaussian ED ground state
** WARNING ** Detected low phonon energy W < 10. The initial state will be prepared through a warm-up process.
********************************************************************************************************************
Start warm-up calculation for scaling factor 2
open output files: NGSEDWarmUpW10Obs.txt
********************************************************************************************************************
Start the 0 rounds of NGS-ED iteration
	effective electronic model is modified as: kinetic energy t = 1
	                                           effective interaction Vq = [-0,-0,-0,-0,-0,-0,-0,-0,-0,-0,-0,-0,-0,-0,-0,-0]
	first Hamiltonian is constructed, non-zero numbers = 2845383612
	PARPACK diagonalization completed after 90 matrix-vector product operations.
	iteration results: : total energy is -11.495318 | electron energy -11.495318 + phonon energy 0.000000 | electron momentum kIdx = 0
	Nq(0) = 16,	Nq(1) = 0.116044,	Nq(2) = 0.184605,	Nq(3) = 0.116044,	Nq(4) = 0.116044,	Nq(5) = 0.184605,	Nq(6) = 0.250416,	Nq(7) = 0.184605,	Nq(8) = 0.184605,	Nq(9) = 0.250416,	Nq(10) = 0.309308,	Nq(11) = 0.250416,	Nq(12) = 0.116044,	Nq(13) = 0.184605,	Nq(14) = 0.250416,	Nq(15) = 0.184605,	Sq(0) = -6.83503e-19,	Sq(1) = 0.426417,	Sq(2) = 0.63161,	Sq(3) = 0.426417,	Sq(4) = 0.426417,	Sq(5) = 0.63161,	Sq(6) = 0.852037,	Sq(7) = 0.63161,	Sq(8) = 0.63161,	Sq(9) = 0.852037,	Sq(10) = 4.21374,	Sq(11) = 0.852037,	Sq(12) = 0.426417,	Sq(13) = 0.63161,	Sq(14) = 0.852037,	Sq(15) = 0.63161,	N(0) = 1.8849,	N(1) = 1.75347,	N(2) = 1,	N(3) = 1.75347,	N(4) = 1.75347,	N(5) = 1,	N(6) = 0.246533,	N(7) = 1,	N(8) = 1,	N(9) = 0.246533,	N(10) = 0.115098,	N(11) = 0.246533,	N(12) = 1.75347,	N(13) = 1,	N(14) = 0.246533,	N(15) = 1,	Delta[s](0) = 0.138011,	Delta[s](1) = 0.116137,	Delta[s](2) = 0.0917198,	Delta[s](3) = 0.116137,	Delta[s](4) = 0.116137,	Delta[s](5) = 0.0917198,	Delta[s](6) = 0.0662742,	Delta[s](7) = 0.0917198,	Delta[s](8) = 0.0917198,	Delta[s](9) = 0.0662742,	Delta[s](10) = 0.0234158,	Delta[s](11) = 0.0662742,	Delta[s](12) = 0.116137,	Delta[s](13) = 0.0917198,	Delta[s](14) = 0.0662742,	Delta[s](15) = 0.0917198,	Delta[d](0) = 0.56677,	Delta[d](1) = 0.409466,	Delta[d](2) = 0.320692,	Delta[d](3) = 0.409466,	Delta[d](4) = 0.409466,	Delta[d](5) = 0.332628,	Delta[d](6) = 0.237755,	Delta[d](7) = 0.332628,	Delta[d](8) = 0.320692,	Delta[d](9) = 0.237755,	Delta[d](10) = 0.112601,	Delta[d](11) = 0.237755,	Delta[d](12) = 0.409466,	Delta[d](13) = 0.332628,	Delta[d](14) = 0.237755,	Delta[d](15) = 0.332628,	Delta[s+](0) = 0.602236,	Delta[s+](1) = 0.476433,	Delta[s+](2) = 0.320692,	Delta[s+](3) = 0.476433,	Delta[s+](4) = 0.476433,	Delta[s+](5) = 0.320692,	Delta[s+](6) = 0.17065,	Delta[s+](7) = 0.320692,	Delta[s+](8) = 0.320692,	Delta[s+](9) = 0.17065,	Delta[s+](10) = 0.0503361,	Delta[s+](11) = 0.17065,	Delta[s+](12) = 0.476433,	Delta[s+](13) = 0.320692,	Delta[s+](14) = 0.17065,	Delta[s+](15) = 0.320692
The 0-th iteration is completed.	|| time cost : 0h 8m 23.716s
********************************************************************************************************************
Start the 1 rounds of NGS-ED iteration
	effective electronic model is modified as: kinetic energy t = 0.927966
	                                           effective interaction Vq = [-2.68046,-2.38823,-2.31723,-2.38823,-2.38823,-2.31723,-2.28221,-2.31723,-2.31723,-2.28221,-2.25383,-2.28221,-2.38823,-2.31723,-2.28221,-2.31723]
	PARPACK diagonalization completed after 60 matrix-vector product operations.
	iteration results: : total energy is -62.956028 | electron energy -62.960380 + phonon energy 0.004351 | electron momentum kIdx = 0
The 1-th iteration is completed.	|| time cost : 0h 7m 46.751s
********************************************************************************************************************
Start the 2 rounds of NGS-ED iteration
	effective electronic model is modified as: kinetic energy t = 0.870413
	                                           effective interaction Vq = [-3.04322,-2.89197,-2.77176,-2.89197,-2.89197,-2.77176,-2.77688,-2.77176,-2.77176,-2.77688,-2.71367,-2.77688,-2.89197,-2.77176,-2.77688,-2.77176]
	PARPACK diagonalization completed after 75 matrix-vector product operations.
	iteration results: : total energy is -70.818407 | electron energy -70.858811 + phonon energy 0.040405 | electron momentum kIdx = 0
The 2-th iteration is completed.	|| time cost : 0h 0m 41.394s
********************************************************************************************************************
Start the 3 rounds of NGS-ED iteration
	effective electronic model is modified as: kinetic energy t = 0.8351
	                                           effective interaction Vq = [-3.09231,-3.00916,-2.97754,-3.00916,-3.00916,-2.97754,-2.91301,-2.97754,-2.97754,-2.91301,-2.90573,-2.91301,-3.00916,-2.97754,-2.91301,-2.97754]
	PARPACK diagonalization completed after 60 matrix-vector product operations.
	iteration results: : total energy is -72.349274 | electron energy -72.428883 + phonon energy 0.079609 | electron momentum kIdx = 0
The 3-th iteration is completed.	|| time cost : 0h 0m 36.728s
********************************************************************************************************************
Start the 4 rounds of NGS-ED iteration
	effective electronic model is modified as: kinetic energy t = 0.822154
	                                           effective interaction Vq = [-3.09895,-3.03795,-3.02699,-3.03795,-3.03795,-3.02699,-2.95115,-3.02699,-3.02699,-2.95115,-2.96286,-2.95115,-3.03795,-3.02699,-2.95115,-3.02699]
	PARPACK diagonalization completed after 45 matrix-vector product operations.
	iteration results: : total energy is -72.552025 | electron energy -72.654066 + phonon energy 0.102041 | electron momentum kIdx = 0
The 4-th iteration is completed.	|| time cost : 0h 0m 32.067s
********************************************************************************************************************
Start the 5 rounds of NGS-ED iteration
	effective electronic model is modified as: kinetic energy t = 0.817561
	                                           effective interaction Vq = [-3.09985,-3.04647,-3.04112,-3.04647,-3.04647,-3.04112,-2.96342,-3.04112,-3.04112,-2.96342,-2.98285,-2.96342,-3.04647,-3.04112,-2.96342,-3.04112]
	PARPACK diagonalization completed after 45 matrix-vector product operations.
	iteration results: : total energy is -72.578381 | electron energy -72.689764 + phonon energy 0.111383 | electron momentum kIdx = 0
The 5-th iteration is completed.	|| time cost : 0h 0m 32.382s
********************************************************************************************************************
Start the 6 rounds of NGS-ED iteration
	effective electronic model is modified as: kinetic energy t = 0.815937
	                                           effective interaction Vq = [-3.09997,-3.04924,-3.04553,-3.04924,-3.04924,-3.04553,-2.96762,-3.04553,-3.04553,-2.96762,-2.99074,-2.96762,-3.04924,-3.04553,-2.96762,-3.04553]
	PARPACK diagonalization completed after 45 matrix-vector product operations.
	iteration results: : total energy is -72.581817 | electron energy -72.696727 + phonon energy 0.114910 | electron momentum kIdx = 0
The 6-th iteration is completed.	|| time cost : 0h 0m 32.17s
********************************************************************************************************************
Start the 7 rounds of NGS-ED iteration
	effective electronic model is modified as: kinetic energy t = 0.815357
	                                           effective interaction Vq = [-3.09999,-3.05017,-3.04694,-3.05017,-3.05017,-3.04694, -2.9691,-3.04694,-3.04694, -2.9691,-2.99414, -2.9691,-3.05017,-3.04694, -2.9691,-3.04694]
	PARPACK diagonalization completed after 45 matrix-vector product operations.
	iteration results: : total energy is -72.582275 | electron energy -72.698487 + phonon energy 0.116212 | electron momentum kIdx = 0
The 7-th iteration is completed.	|| time cost : 0h 0m 32.046s
********************************************************************************************************************
Start the 8 rounds of NGS-ED iteration
	effective electronic model is modified as: kinetic energy t = 0.815146
	                                           effective interaction Vq = [-3.09999,-3.05049,-3.04738,-3.05049,-3.05049,-3.04738,-2.96963,-3.04738,-3.04738,-2.96963,-2.99574,-2.96963,-3.05049,-3.04738,-2.96963,-3.04738]
	PARPACK diagonalization completed after 45 matrix-vector product operations.
	iteration results: : total energy is -72.582339 | electron energy -72.699037 + phonon energy 0.116698 | electron momentum kIdx = 0
The 8-th iteration is completed.	|| time cost : 0h 0m 32.056s
********************************************************************************************************************
Start the 9 rounds of NGS-ED iteration
	effective electronic model is modified as: kinetic energy t = 0.815067
	                                           effective interaction Vq = [-3.09999, -3.0506, -3.0475, -3.0506, -3.0506, -3.0475,-2.96982, -3.0475, -3.0475,-2.96982,-2.99653,-2.96982, -3.0506, -3.0475,-2.96982, -3.0475]
	PARPACK diagonalization completed after 30 matrix-vector product operations.
	iteration results: : total energy is -72.582349 | electron energy -72.699234 + phonon energy 0.116885 | electron momentum kIdx = 0
	Nq(0) = 16,	Nq(1) = 0.408789,	Nq(2) = 0.769141,	Nq(3) = 0.408789,	Nq(4) = 0.408789,	Nq(5) = 0.769141,	Nq(6) = 0.661105,	Nq(7) = 0.769141,	Nq(8) = 0.769141,	Nq(9) = 0.661105,	Nq(10) = 0.994169,	Nq(11) = 0.661105,	Nq(12) = 0.408789,	Nq(13) = 0.769141,	Nq(14) = 0.661105,	Nq(15) = 0.769141,	Sq(0) = 6.58917e-18,	Sq(1) = 0.315433,	Sq(2) = 0.351219,	Sq(3) = 0.315433,	Sq(4) = 0.315433,	Sq(5) = 0.351219,	Sq(6) = 0.540513,	Sq(7) = 0.351219,	Sq(8) = 0.351219,	Sq(9) = 0.540513,	Sq(10) = 0.580311,	Sq(11) = 0.540513,	Sq(12) = 0.315433,	Sq(13) = 0.351219,	Sq(14) = 0.540513,	Sq(15) = 0.351219,	N(0) = 1.99652,	N(1) = 1.99085,	N(2) = 1,	N(3) = 1.99085,	N(4) = 1.99085,	N(5) = 1,	N(6) = 0.009148,	N(7) = 1,	N(8) = 1,	N(9) = 0.009148,	N(10) = 0.00348302,	N(11) = 0.009148,	N(12) = 1.99085,	N(13) = 1,	N(14) = 0.009148,	N(15) = 1,	Delta[s](0) = 0.712731,	Delta[s](1) = 0.321094,	Delta[s](2) = 0.280236,	Delta[s](3) = 0.321094,	Delta[s](4) = 0.321094,	Delta[s](5) = 0.280236,	Delta[s](6) = 0.257999,	Delta[s](7) = 0.280236,	Delta[s](8) = 0.280236,	Delta[s](9) = 0.257999,	Delta[s](10) = 0.233777,	Delta[s](11) = 0.257999,	Delta[s](12) = 0.321094,	Delta[s](13) = 0.280236,	Delta[s](14) = 0.257999,	Delta[s](15) = 0.280236,	Delta[d](0) = 0.337381,	Delta[d](1) = 0.282151,	Delta[d](2) = 0.255945,	Delta[d](3) = 0.282151,	Delta[d](4) = 0.282151,	Delta[d](5) = 0.251732,	Delta[d](6) = 0.239067,	Delta[d](7) = 0.251732,	Delta[d](8) = 0.255945,	Delta[d](9) = 0.239067,	Delta[d](10) = 0.166373,	Delta[d](11) = 0.239067,	Delta[d](12) = 0.282151,	Delta[d](13) = 0.251732,	Delta[d](14) = 0.239067,	Delta[d](15) = 0.251732,	Delta[s+](0) = 0.45846,	Delta[s+](1) = 0.378392,	Delta[s+](2) = 0.255945,	Delta[s+](3) = 0.378392,	Delta[s+](4) = 0.378392,	Delta[s+](5) = 0.255945,	Delta[s+](6) = 0.128234,	Delta[s+](7) = 0.255945,	Delta[s+](8) = 0.255945,	Delta[s+](9) = 0.128234,	Delta[s+](10) = 0.0444627,	Delta[s+](11) = 0.128234,	Delta[s+](12) = 0.378392,	Delta[s+](13) = 0.255945,	Delta[s+](14) = 0.128234,	Delta[s+](15) = 0.255945
The 9-th iteration is completed.	|| time cost : 0h 4m 37.279s
********************************************************************************************************************
********************************************************************************************************************
Ground state is obtained after 10 iterations. The current ground-state energy is -72.5823, in which electron energy is -72.6992 and phonon energy is 0.116885
final variational state is: 
	Gamma_x = [      1,1.02833,1.05541,1.02833,1.02833,1.05541,1.06898,1.05541,1.05541,1.06898,1.09598,1.06898,1.02833,1.05541,1.06898,1.05541]
	lambda_q = [0.556751,0.486526,0.484348,0.486526,0.486526,0.484348,0.442715,0.484348,0.484348,0.442715,0.455261,0.442715,0.486526,0.484348,0.442715,0.484348]
********************************************************************************************************************
o___o  ----------------------------------------
| L |	Time since last clock: 0h 0m 0s
A===A	Time since the beginning: 0h 24m 46.592s
***********************************************


********************************************************************************************************************
Warm up runs have been completed. Start calculating W = 5 phonon.
open output files: NGSEDIterationObs.txt
********************************************************************************************************************
Start the 0 rounds of NGS-ED iteration
	effective electronic model is modified as: kinetic energy t = 0.815037
	                                           effective interaction Vq = [  -2.834,-2.64737,-2.64079,-2.64737,-2.64737,-2.64079,-2.50595,-2.64079,-2.64079,-2.50595,-2.54841,-2.50595,-2.64737,-2.64079,-2.50595,-2.64079]
	PARPACK diagonalization completed after 75 matrix-vector product operations.
	iteration results: : total energy is -64.409838 | electron energy -64.468318 + phonon energy 0.058480 | electron momentum kIdx = 0
	Nq(0) = 16,	Nq(1) = 0.371912,	Nq(2) = 0.378049,	Nq(3) = 0.371912,	Nq(4) = 0.371912,	Nq(5) = 0.378049,	Nq(6) = 0.587651,	Nq(7) = 0.378049,	Nq(8) = 0.378049,	Nq(9) = 0.587651,	Nq(10) = 0.610162,	Nq(11) = 0.587651,	Nq(12) = 0.371912,	Nq(13) = 0.378049,	Nq(14) = 0.587651,	Nq(15) = 0.378049,	Sq(0) = -5.54759e-18,	Sq(1) = 0.380879,	Sq(2) = 0.548596,	Sq(3) = 0.380879,	Sq(4) = 0.380879,	Sq(5) = 0.548596,	Sq(6) = 0.633823,	Sq(7) = 0.548596,	Sq(8) = 0.548596,	Sq(9) = 0.633823,	Sq(10) = 1.9329,	Sq(11) = 0.633823,	Sq(12) = 0.380879,	Sq(13) = 0.548596,	Sq(14) = 0.633823,	Sq(15) = 0.548596,	N(0) = 1.99969,	N(1) = 1.9993,	N(2) = 1,	N(3) = 1.9993,	N(4) = 1.9993,	N(5) = 1,	N(6) = 0.000699274,	N(7) = 1,	N(8) = 1,	N(9) = 0.000699274,	N(10) = 0.000311144,	N(11) = 0.000699274,	N(12) = 1.9993,	N(13) = 1,	N(14) = 0.000699274,	N(15) = 1,	Delta[s](0) = 0.252933,	Delta[s](1) = 0.247818,	Delta[s](2) = 0.200883,	Delta[s](3) = 0.247818,	Delta[s](4) = 0.247818,	Delta[s](5) = 0.200883,	Delta[s](6) = 0.196179,	Delta[s](7) = 0.200883,	Delta[s](8) = 0.200883,	Delta[s](9) = 0.196179,	Delta[s](10) = 0.124131,	Delta[s](11) = 0.196179,	Delta[s](12) = 0.247818,	Delta[s](13) = 0.200883,	Delta[s](14) = 0.196179,	Delta[s](15) = 0.200883,	Delta[d](0) = 0.552135,	Delta[d](1) = 0.323692,	Delta[d](2) = 0.283248,	Delta[d](3) = 0.323692,	Delta[d](4) = 0.323692,	Delta[d](5) = 0.332485,	Delta[d](6) = 0.253014,	Delta[d](7) = 0.332485,	Delta[d](8) = 0.283248,	Delta[d](9) = 0.253014,	Delta[d](10) = 0.127423,	Delta[d](11) = 0.253014,	Delta[d](12) = 0.323692,	Delta[d](13) = 0.332485,	Delta[d](14) = 0.253014,	Delta[d](15) = 0.332485,	Delta[s+](0) = 0.510647,	Delta[s+](1) = 0.421069,	Delta[s+](2) = 0.283248,	Delta[s+](3) = 0.421069,	Delta[s+](4) = 0.421069,	Delta[s+](5) = 0.283248,	Delta[s+](6) = 0.145229,	Delta[s+](7) = 0.283248,	Delta[s+](8) = 0.283248,	Delta[s+](9) = 0.145229,	Delta[s+](10) = 0.0479623,	Delta[s+](11) = 0.145229,	Delta[s+](12) = 0.421069,	Delta[s+](13) = 0.283248,	Delta[s+](14) = 0.145229,	Delta[s+](15) = 0.283248
The 0-th iteration is completed.	|| time cost : 0h 4m 38.086s
********************************************************************************************************************
Start the 1 rounds of NGS-ED iteration
	effective electronic model is modified as: kinetic energy t = 0.805166
	                                           effective interaction Vq = [-3.00214,-2.80026,-2.65695,-2.80026,-2.80026,-2.65695,-2.62158,-2.65695,-2.65695,-2.62158,-2.56488,-2.62158,-2.80026,-2.65695,-2.62158,-2.65695]
	PARPACK diagonalization completed after 75 matrix-vector product operations.
	iteration results: : total energy is -67.333790 | electron energy -67.496283 + phonon energy 0.162493 | electron momentum kIdx = 0
The 1-th iteration is completed.	|| time cost : 0h 0m 41.533s
********************************************************************************************************************
Start the 2 rounds of NGS-ED iteration
	effective electronic model is modified as: kinetic energy t = 0.784153
	                                           effective interaction Vq = [  -3.064, -2.8839,-2.79194, -2.8839, -2.8839,-2.79194,-2.69404,-2.79194,-2.79194,-2.69404,-2.59028,-2.69404, -2.8839,-2.79194,-2.69404,-2.79194]
	PARPACK diagonalization completed after 60 matrix-vector product operations.
	iteration results: : total energy is -68.651244 | electron energy -68.885164 + phonon energy 0.233920 | electron momentum kIdx = 0
The 2-th iteration is completed.	|| time cost : 0h 0m 37.078s
********************************************************************************************************************
Start the 3 rounds of NGS-ED iteration
	effective electronic model is modified as: kinetic energy t = 0.765998
	                                           effective interaction Vq = [-3.08675, -2.9264,-2.88065, -2.9264, -2.9264,-2.88065,-2.73992,-2.88065,-2.88065,-2.73992,-2.70197,-2.73992, -2.9264,-2.88065,-2.73992,-2.88065]
	PARPACK diagonalization completed after 60 matrix-vector product operations.
	iteration results: : total energy is -69.198377 | electron energy -69.488260 + phonon energy 0.289883 | electron momentum kIdx = 0
The 3-th iteration is completed.	|| time cost : 0h 0m 36.72s
********************************************************************************************************************
Start the 4 rounds of NGS-ED iteration
	effective electronic model is modified as: kinetic energy t = 0.755357
	                                           effective interaction Vq = [-3.09512,-2.94843,-2.92641,-2.94843,-2.94843,-2.92641,-2.76534,-2.92641,-2.92641,-2.76534,-2.76488,-2.76534,-2.94843,-2.92641,-2.76534,-2.92641]
	PARPACK diagonalization completed after 45 matrix-vector product operations.
	iteration results: : total energy is -69.398726 | electron energy -69.730638 + phonon energy 0.331912 | electron momentum kIdx = 0
The 4-th iteration is completed.	|| time cost : 0h 0m 31.995s
********************************************************************************************************************
Start the 5 rounds of NGS-ED iteration
	effective electronic model is modified as: kinetic energy t = 0.749098
	                                           effective interaction Vq = [ -3.0982,-2.96022,-2.95099,-2.96022,-2.96022,-2.95099,-2.77969,-2.95099,-2.95099,-2.77969,-2.80213,-2.77969,-2.96022,-2.95099,-2.77969,-2.95099]
	PARPACK diagonalization completed after 45 matrix-vector product operations.
	iteration results: : total energy is -69.471807 | electron energy -69.831924 + phonon energy 0.360118 | electron momentum kIdx = 0
The 5-th iteration is completed.	|| time cost : 0h 0m 32.091s
********************************************************************************************************************
Start the 6 rounds of NGS-ED iteration
	effective electronic model is modified as: kinetic energy t = 0.745411
	                                           effective interaction Vq = [-3.09933,-2.96665,-2.96456,-2.96665,-2.96665,-2.96456,-2.78788,-2.96456,-2.96456,-2.78788,-2.82477,-2.78788,-2.96665,-2.96456,-2.78788,-2.96456]
	PARPACK diagonalization completed after 45 matrix-vector product operations.
	iteration results: : total energy is -69.498389 | electron energy -69.876390 + phonon energy 0.378002 | electron momentum kIdx = 0
The 6-th iteration is completed.	|| time cost : 0h 0m 32.065s
********************************************************************************************************************
Start the 7 rounds of NGS-ED iteration
	effective electronic model is modified as: kinetic energy t = 0.743239
	                                           effective interaction Vq = [-3.09975,-2.97021,-2.97219,-2.97021,-2.97021,-2.97219,-2.79259,-2.97219,-2.97219,-2.79259,-2.83875,-2.79259,-2.97021,-2.97219,-2.79259,-2.97219]
	PARPACK diagonalization completed after 45 matrix-vector product operations.
	iteration results: : total energy is -69.508047 | electron energy -69.897053 + phonon energy 0.389006 | electron momentum kIdx = 0
The 7-th iteration is completed.	|| time cost : 0h 0m 32.429s
********************************************************************************************************************
Start the 8 rounds of NGS-ED iteration
	effective electronic model is modified as: kinetic energy t = 0.74196
	                                           effective interaction Vq = [ -3.0999,-2.97219,-2.97654,-2.97219,-2.97219,-2.97654, -2.7953,-2.97654,-2.97654, -2.7953,-2.84747, -2.7953,-2.97219,-2.97654, -2.7953,-2.97654]
	PARPACK diagonalization completed after 30 matrix-vector product operations.
	iteration results: : total energy is -69.511557 | electron energy -69.907229 + phonon energy 0.395672 | electron momentum kIdx = 0
The 8-th iteration is completed.	|| time cost : 0h 0m 27.462s
********************************************************************************************************************
Start the 9 rounds of NGS-ED iteration
	effective electronic model is modified as: kinetic energy t = 0.741206
	                                           effective interaction Vq = [-3.09996,-2.97328,-2.97903,-2.97328,-2.97328,-2.97903,-2.79686,-2.97903,-2.97903,-2.79686,-2.85295,-2.79686,-2.97328,-2.97903,-2.79686,-2.97903]
	PARPACK diagonalization completed after 30 matrix-vector product operations.
	iteration results: : total energy is -69.512834 | electron energy -69.912511 + phonon energy 0.399677 | electron momentum kIdx = 0
The 9-th iteration is completed.	|| time cost : 0h 0m 27.329s
********************************************************************************************************************
Start the 10 rounds of NGS-ED iteration
	effective electronic model is modified as: kinetic energy t = 0.740761
	                                           effective interaction Vq = [-3.09998,-2.97389,-2.98047,-2.97389,-2.97389,-2.98047,-2.79776,-2.98047,-2.98047,-2.79776,-2.85641,-2.79776,-2.97389,-2.98047,-2.79776,-2.98047]
	PARPACK diagonalization completed after 30 matrix-vector product operations.
	iteration results: : total energy is -69.513300 | electron energy -69.915374 + phonon energy 0.402074 | electron momentum kIdx = 0
	Nq(0) = 16,	Nq(1) = 0.404873,	Nq(2) = 0.783893,	Nq(3) = 0.404873,	Nq(4) = 0.404873,	Nq(5) = 0.783894,	Nq(6) = 0.620824,	Nq(7) = 0.783894,	Nq(8) = 0.783894,	Nq(9) = 0.620824,	Nq(10) = 0.916325,	Nq(11) = 0.620824,	Nq(12) = 0.404873,	Nq(13) = 0.783894,	Nq(14) = 0.620824,	Nq(15) = 0.783894,	Sq(0) = -1.28135e-18,	Sq(1) = 0.328196,	Sq(2) = 0.357844,	Sq(3) = 0.328196,	Sq(4) = 0.328196,	Sq(5) = 0.357844,	Sq(6) = 0.55685,	Sq(7) = 0.357844,	Sq(8) = 0.357844,	Sq(9) = 0.55685,	Sq(10) = 0.590277,	Sq(11) = 0.55685,	Sq(12) = 0.328196,	Sq(13) = 0.357844,	Sq(14) = 0.55685,	Sq(15) = 0.357844,	N(0) = 1.99763,	N(1) = 1.99296,	N(2) = 1,	N(3) = 1.99296,	N(4) = 1.99296,	N(5) = 1,	N(6) = 0.00704086,	N(7) = 1,	N(8) = 1,	N(9) = 0.00704086,	N(10) = 0.00237488,	N(11) = 0.00704086,	N(12) = 1.99296,	N(13) = 1,	N(14) = 0.00704086,	N(15) = 1,	Delta[s](0) = 0.545052,	Delta[s](1) = 0.314026,	Delta[s](2) = 0.286168,	Delta[s](3) = 0.314026,	Delta[s](4) = 0.314026,	Delta[s](5) = 0.286168,	Delta[s](6) = 0.270218,	Delta[s](7) = 0.286168,	Delta[s](8) = 0.286168,	Delta[s](9) = 0.270218,	Delta[s](10) = 0.262203,	Delta[s](11) = 0.270218,	Delta[s](12) = 0.314026,	Delta[s](13) = 0.286168,	Delta[s](14) = 0.270218,	Delta[s](15) = 0.286168,	Delta[d](0) = 0.35848,	Delta[d](1) = 0.308762,	Delta[d](2) = 0.284144,	Delta[d](3) = 0.308762,	Delta[d](4) = 0.308762,	Delta[d](5) = 0.281223,	Delta[d](6) = 0.268122,	Delta[d](7) = 0.281223,	Delta[d](8) = 0.284144,	Delta[d](9) = 0.268122,	Delta[d](10) = 0.203827,	Delta[d](11) = 0.268122,	Delta[d](12) = 0.308762,	Delta[d](13) = 0.281223,	Delta[d](14) = 0.268122,	Delta[d](15) = 0.281223,	Delta[s+](0) = 0.491794,	Delta[s+](1) = 0.406797,	Delta[s+](2) = 0.284144,	Delta[s+](3) = 0.406797,	Delta[s+](4) = 0.406797,	Delta[s+](5) = 0.284144,	Delta[s+](6) = 0.156285,	Delta[s+](7) = 0.284144,	Delta[s+](8) = 0.284144,	Delta[s+](9) = 0.156285,	Delta[s+](10) = 0.0688125,	Delta[s+](11) = 0.156285,	Delta[s+](12) = 0.406797,	Delta[s+](13) = 0.284144,	Delta[s+](14) = 0.156285,	Delta[s+](15) = 0.284144
The 10-th iteration is completed.	|| time cost : 0h 4m 21.345s
********************************************************************************************************************
Start the 11 rounds of NGS-ED iteration
	effective electronic model is modified as: kinetic energy t = 0.740499
	                                           effective interaction Vq = [-3.09999,-2.97423, -2.9813,-2.97423,-2.97423, -2.9813,-2.79827, -2.9813, -2.9813,-2.79827,-2.85861,-2.79827,-2.97423, -2.9813,-2.79827, -2.9813]
	PARPACK diagonalization completed after 30 matrix-vector product operations.
	iteration results: : total energy is -69.513470 | electron energy -69.916977 + phonon energy 0.403507 | electron momentum kIdx = 0
The 11-th iteration is completed.	|| time cost : 0h 0m 27.399s
********************************************************************************************************************
Start the 12 rounds of NGS-ED iteration
	effective electronic model is modified as: kinetic energy t = 0.740344
	                                           effective interaction Vq = [-3.09999,-2.97442,-2.98178,-2.97442,-2.97442,-2.98178,-2.79856,-2.98178,-2.98178,-2.79856,   -2.86,-2.79856,-2.97442,-2.98178,-2.79856,-2.98178]
	PARPACK diagonalization completed after 30 matrix-vector product operations.
	iteration results: : total energy is -69.513533 | electron energy -69.917896 + phonon energy 0.404363 | electron momentum kIdx = 0
The 12-th iteration is completed.	|| time cost : 0h 0m 27.669s
********************************************************************************************************************
Start the 13 rounds of NGS-ED iteration
	effective electronic model is modified as: kinetic energy t = 0.740253
	                                           effective interaction Vq = [-3.09999,-2.97452,-2.98206,-2.97452,-2.97452,-2.98206,-2.79873,-2.98206,-2.98206,-2.79873,-2.86089,-2.79873,-2.97452,-2.98206,-2.79873,-2.98206]
	PARPACK diagonalization completed after 30 matrix-vector product operations.
	iteration results: : total energy is -69.513556 | electron energy -69.918431 + phonon energy 0.404875 | electron momentum kIdx = 0
The 13-th iteration is completed.	|| time cost : 0h 0m 27.659s
********************************************************************************************************************
Start the 14 rounds of NGS-ED iteration
	effective electronic model is modified as: kinetic energy t = 0.740199
	                                           effective interaction Vq = [-3.09999,-2.97457,-2.98222,-2.97457,-2.97457,-2.98222,-2.79882,-2.98222,-2.98222,-2.79882,-2.86146,-2.79882,-2.97457,-2.98222,-2.79882,-2.98222]
	PARPACK diagonalization completed after 30 matrix-vector product operations.
	iteration results: : total energy is -69.513564 | electron energy -69.918746 + phonon energy 0.405182 | electron momentum kIdx = 0
The 14-th iteration is completed.	|| time cost : 0h 0m 27.367s
********************************************************************************************************************
Start the 15 rounds of NGS-ED iteration
	effective electronic model is modified as: kinetic energy t = 0.740167
	                                           effective interaction Vq = [-3.09999, -2.9746,-2.98231, -2.9746, -2.9746,-2.98231,-2.79887,-2.98231,-2.98231,-2.79887,-2.86182,-2.79887, -2.9746,-2.98231,-2.79887,-2.98231]
	PARPACK diagonalization completed after 30 matrix-vector product operations.
	iteration results: : total energy is -69.513567 | electron energy -69.918933 + phonon energy 0.405366 | electron momentum kIdx = 0
The 15-th iteration is completed.	|| time cost : 0h 0m 27.312s
********************************************************************************************************************
Start the 16 rounds of NGS-ED iteration
	effective electronic model is modified as: kinetic energy t = 0.740148
	                                           effective interaction Vq = [-3.09999,-2.97461,-2.98237,-2.97461,-2.97461,-2.98237, -2.7989,-2.98237,-2.98237, -2.7989,-2.86205, -2.7989,-2.97461,-2.98237, -2.7989,-2.98237]
	PARPACK diagonalization completed after 30 matrix-vector product operations.
	iteration results: : total energy is -69.513568 | electron energy -69.919045 + phonon energy 0.405476 | electron momentum kIdx = 0
The 16-th iteration is completed.	|| time cost : 0h 0m 27.343s
********************************************************************************************************************
Start the 17 rounds of NGS-ED iteration
	effective electronic model is modified as: kinetic energy t = 0.740136
	                                           effective interaction Vq = [-3.09999,-2.97462, -2.9824,-2.97462,-2.97462, -2.9824,-2.79892, -2.9824, -2.9824,-2.79892, -2.8622,-2.79892,-2.97462, -2.9824,-2.79892, -2.9824]
	PARPACK diagonalization completed after 30 matrix-vector product operations.
	iteration results: : total energy is -69.513569 | electron energy -69.919112 + phonon energy 0.405543 | electron momentum kIdx = 0
The 17-th iteration is completed.	|| time cost : 0h 0m 27.304s
********************************************************************************************************************
Start the 18 rounds of NGS-ED iteration
	effective electronic model is modified as: kinetic energy t = 0.74013
	                                           effective interaction Vq = [-3.09999,-2.97462,-2.98242,-2.97462,-2.97462,-2.98242,-2.79893,-2.98242,-2.98242,-2.79893, -2.8623,-2.79893,-2.97462,-2.98242,-2.79893,-2.98242]
	PARPACK diagonalization completed after 30 matrix-vector product operations.
	iteration results: : total energy is -69.513569 | electron energy -69.919152 + phonon energy 0.405583 | electron momentum kIdx = 0
The 18-th iteration is completed.	|| time cost : 0h 0m 27.402s
********************************************************************************************************************
Start the 19 rounds of NGS-ED iteration
	effective electronic model is modified as: kinetic energy t = 0.740126
	                                           effective interaction Vq = [-3.09999,-2.97463,-2.98243,-2.97463,-2.97463,-2.98243,-2.79893,-2.98243,-2.98243,-2.79893,-2.86236,-2.79893,-2.97463,-2.98243,-2.79893,-2.98243]
	PARPACK diagonalization completed after 30 matrix-vector product operations.
	iteration results: : total energy is -69.513569 | electron energy -69.919176 + phonon energy 0.405607 | electron momentum kIdx = 0
The 19-th iteration is completed.	|| time cost : 0h 0m 27.289s
********************************************************************************************************************
Start the 20 rounds of NGS-ED iteration
	effective electronic model is modified as: kinetic energy t = 0.740123
	                                           effective interaction Vq = [-3.09999,-2.97463,-2.98243,-2.97463,-2.97463,-2.98243,-2.79893,-2.98243,-2.98243,-2.79893, -2.8624,-2.79893,-2.97463,-2.98243,-2.79893,-2.98243]
	PARPACK diagonalization completed after 30 matrix-vector product operations.
	iteration results: : total energy is -69.513569 | electron energy -69.919191 + phonon energy 0.405622 | electron momentum kIdx = 0
	Nq(0) = 16,	Nq(1) = 0.404652,	Nq(2) = 0.784372,	Nq(3) = 0.404652,	Nq(4) = 0.404652,	Nq(5) = 0.784372,	Nq(6) = 0.620704,	Nq(7) = 0.784372,	Nq(8) = 0.784372,	Nq(9) = 0.620704,	Nq(10) = 0.919929,	Nq(11) = 0.620704,	Nq(12) = 0.404652,	Nq(13) = 0.784372,	Nq(14) = 0.620704,	Nq(15) = 0.784372,	Sq(0) = -3.58893e-18,	Sq(1) = 0.327826,	Sq(2) = 0.35764,	Sq(3) = 0.327826,	Sq(4) = 0.327826,	Sq(5) = 0.35764,	Sq(6) = 0.556343,	Sq(7) = 0.35764,	Sq(8) = 0.35764,	Sq(9) = 0.556343,	Sq(10) = 0.589897,	Sq(11) = 0.556343,	Sq(12) = 0.327826,	Sq(13) = 0.35764,	Sq(14) = 0.556343,	Sq(15) = 0.35764,	N(0) = 1.99759,	N(1) = 1.99287,	N(2) = 1,	N(3) = 1.99287,	N(4) = 1.99287,	N(5) = 1,	N(6) = 0.00713489,	N(7) = 1,	N(8) = 1,	N(9) = 0.00713489,	N(10) = 0.00241442,	N(11) = 0.00713489,	N(12) = 1.99287,	N(13) = 1,	N(14) = 0.00713489,	N(15) = 1,	Delta[s](0) = 0.545039,	Delta[s](1) = 0.314176,	Delta[s](2) = 0.286344,	Delta[s](3) = 0.314176,	Delta[s](4) = 0.314176,	Delta[s](5) = 0.286344,	Delta[s](6) = 0.270418,	Delta[s](7) = 0.286344,	Delta[s](8) = 0.286344,	Delta[s](9) = 0.270418,	Delta[s](10) = 0.262317,	Delta[s](11) = 0.270418,	Delta[s](12) = 0.314176,	Delta[s](13) = 0.286344,	Delta[s](14) = 0.270418,	Delta[s](15) = 0.286344,	Delta[d](0) = 0.358375,	Delta[d](1) = 0.308688,	Delta[d](2) = 0.284079,	Delta[d](3) = 0.308688,	Delta[d](4) = 0.308688,	Delta[d](5) = 0.281199,	Delta[d](6) = 0.268089,	Delta[d](7) = 0.281199,	Delta[d](8) = 0.284079,	Delta[d](9) = 0.268089,	Delta[d](10) = 0.203893,	Delta[d](11) = 0.268089,	Delta[d](12) = 0.308688,	Delta[d](13) = 0.281199,	Delta[d](14) = 0.268089,	Delta[d](15) = 0.281199,	Delta[s+](0) = 0.491533,	Delta[s+](1) = 0.406603,	Delta[s+](2) = 0.284079,	Delta[s+](3) = 0.406603,	Delta[s+](4) = 0.406603,	Delta[s+](5) = 0.284079,	Delta[s+](6) = 0.156303,	Delta[s+](7) = 0.284079,	Delta[s+](8) = 0.284079,	Delta[s+](9) = 0.156303,	Delta[s+](10) = 0.0688859,	Delta[s+](11) = 0.156303,	Delta[s+](12) = 0.406603,	Delta[s+](13) = 0.284079,	Delta[s+](14) = 0.156303,	Delta[s+](15) = 0.284079
The 20-th iteration is completed.	|| time cost : 0h 4m 28.316s
********************************************************************************************************************
Start the 21 rounds of NGS-ED iteration
	effective electronic model is modified as: kinetic energy t = 0.740122
	                                           effective interaction Vq = [-3.09999,-2.97463,-2.98244,-2.97463,-2.97463,-2.98244,-2.79893,-2.98244,-2.98244,-2.79893,-2.86242,-2.79893,-2.97463,-2.98244,-2.79893,-2.98244]
	PARPACK diagonalization completed after 30 matrix-vector product operations.
	iteration results: : total energy is -69.513569 | electron energy -69.919200 + phonon energy 0.405631 | electron momentum kIdx = 0
The 21-th iteration is completed.	|| time cost : 0h 0m 27.38s
********************************************************************************************************************
Start the 22 rounds of NGS-ED iteration
	effective electronic model is modified as: kinetic energy t = 0.740121
	                                           effective interaction Vq = [-3.09999,-2.97463,-2.98244,-2.97463,-2.97463,-2.98244,-2.79894,-2.98244,-2.98244,-2.79894,-2.86244,-2.79894,-2.97463,-2.98244,-2.79894,-2.98244]
	PARPACK diagonalization completed after 30 matrix-vector product operations.
	iteration results: : total energy is -69.513569 | electron energy -69.919205 + phonon energy 0.405636 | electron momentum kIdx = 0
The 22-th iteration is completed.	|| time cost : 0h 0m 27.332s
********************************************************************************************************************
Start the 23 rounds of NGS-ED iteration
	effective electronic model is modified as: kinetic energy t = 0.740121
	                                           effective interaction Vq = [-3.09999,-2.97463,-2.98244,-2.97463,-2.97463,-2.98244,-2.79894,-2.98244,-2.98244,-2.79894,-2.86245,-2.79894,-2.97463,-2.98244,-2.79894,-2.98244]
	PARPACK diagonalization completed after 30 matrix-vector product operations.
	iteration results: : total energy is -69.513569 | electron energy -69.919209 + phonon energy 0.405640 | electron momentum kIdx = 0
The 23-th iteration is completed.	|| time cost : 0h 0m 27.397s
********************************************************************************************************************
Start the 24 rounds of NGS-ED iteration
	effective electronic model is modified as: kinetic energy t = 0.74012
	                                           effective interaction Vq = [-3.09999,-2.97463,-2.98244,-2.97463,-2.97463,-2.98244,-2.79894,-2.98244,-2.98244,-2.79894,-2.86246,-2.79894,-2.97463,-2.98244,-2.79894,-2.98244]
	PARPACK diagonalization completed after 30 matrix-vector product operations.
	iteration results: : total energy is -69.513569 | electron energy -69.919211 + phonon energy 0.405642 | electron momentum kIdx = 0
The 24-th iteration is completed.	|| time cost : 0h 0m 27.689s
