SNEDics v3.22.2 Non-Gaussian ED ground state program		Start at Mon Jun  6 11:05:53 2022

Parallelization: 32 MPI threads  * 8 OpenMP threads = 256 total threads.
********************************************************************************************************************
********************************************************************************************************************

********************************************************************************************************************
System parameters and configurations
	special program options are enabled: splitted diagonal Hamiltonian | splitted Hamiltonian terms
********************************************************************************************************************
Read input file "model_params.in"
	Hubbard-Holstein model parameters : 	t = 1    t' = -0.3    U = 8    g = 0.6    W = 0.2    g' = 0.1    
********************************************************************************************************************
Read input file "hilbertspace_params.in"
	Requested 16-site 2D lattice, with 8 electrons (4, 4)
	Boundary : Periodic		Hilbert space representation : momentum-space (restricted to kIdx = 10)
	Conservation: particle number[U(1)]      spin[U(1)]     momentum
********************************************************************************************************************

Cluster Positions:				Cluster symmetry group : D4
 x ... x ... x ... x .....                       x ... x ... x ... x .....
 |           |           :                       |           |           :
 |           |           :                       |           |           :
12    13    14    15     x                       1     5     6     5     x
 |           |           :                       |           |           :
 |           |           :                       |           |           :
 8 --- 9 ---10 ---11 --- x                       2 --- 6 ---10 --- 6 --- x
 |           |           :                       |           |           :
 |           |           :                       |           |           :
 4     5     6     7     x                       1     5     6     5     x
 |           |           :                       |           |           :
 |           |           :                       |           |           :
 0 --- 1 --- 2 --- 3 --- x                       0 --- 1 --- 2 --- 1 --- x
orbital number : 1
********************************************************************************************************************
Read input file "obs_params.in"
	Observable Type : Nq(All),   Sq(All),   N(All-Orbital),   Delta[s](All),   Delta[d](All),   Delta[s+](All)
** WARNING ** the input observables have non-local factors which have been reinterpreted. The total observable number is 96
********************************************************************************************************************


********************************************************************************************************************
Start calculating the non-Gaussian ED ground state
Maximal iteration number is 1000; energy resolution is 1e-06. Phonon state relaxation time is 2000
W = 0.2 is relatively large. The non-Gaussian ED calculation starts directly.
open output files: NGSED_iteration_observables.txt
********************************************************************************************************************
Start the 0 rounds of NGS-ED iteration
	effective electronic model is modified as: kinetic energy t = 1, t' = -0.3
	                                           effective interaction Vq = [0,0,0,0,0,0,0,0,0,0,0,0,0,0,0,0]
	first Hamiltonian is constructed, size = 207168 and non-zero numbers = 32240256
	PARPACK diagonalization completed after 105 matrix-vector product operations.
	iteration results: : total energy is -14.405877 | electron energy -14.405877 + phonon energy 0.000000 | electron momentum kIdx = 10
	Nq(0) = 4,	Nq(1) = 0.191255,	Nq(2) = 0.234333,	Nq(3) = 0.191255,	Nq(4) = 0.191255,	Nq(5) = 0.305984,	
	Nq(6) = 0.331756,	Nq(7) = 0.305984,	Nq(8) = 0.234333,	Nq(9) = 0.331756,	Nq(10) = 0.361611,	
	Nq(11) = 0.331756,	Nq(12) = 0.191255,	Nq(13) = 0.305984,	Nq(14) = 0.331756,	Nq(15) = 0.305984;	
	Sq(0) = -3.48352e-18,	Sq(1) = 0.388709,	Sq(2) = 0.400904,	Sq(3) = 0.388709,	Sq(4) = 0.388709,	
	Sq(5) = 0.66772,	Sq(6) = 0.571758,	Sq(7) = 0.66772,	Sq(8) = 0.400904,	Sq(9) = 0.571758,	
	Sq(10) = 0.539189,	Sq(11) = 0.571758,	Sq(12) = 0.388709,	Sq(13) = 0.66772,	Sq(14) = 0.571758,	
	Sq(15) = 0.66772;	N(0) = 1.74885,	N(1) = 0.991935,	N(2) = 0.972078,	N(3) = 0.991935,	
	N(4) = 0.991935,	N(5) = 0.0652548,	N(6) = 0.0181601,	N(7) = 0.0652548,	N(8) = 0.972078,	
	N(9) = 0.0181601,	N(10) = 0.00559157,	N(11) = 0.0181601,	N(12) = 0.991935,	N(13) = 0.0652548,	
	N(14) = 0.0181601,	N(15) = 0.0652548;	Delta[s](0) = 0.012243,	Delta[s](1) = 0.00908149,	Delta[s](2) = 0.00796005,	
	Delta[s](3) = 0.00908149,	Delta[s](4) = 0.00908149,	Delta[s](5) = 0.00128134,	Delta[s](6) = 0.000800746,	Delta[s](7) = 0.00128134,	
	Delta[s](8) = 0.00796005,	Delta[s](9) = 0.000800746,	Delta[s](10) = 0.00031006,	Delta[s](11) = 0.000800746,	Delta[s](12) = 0.00908149,	
	Delta[s](13) = 0.00128134,	Delta[s](14) = 0.000800746,	Delta[s](15) = 0.00128134;	Delta[d](0) = 0.0209662,	Delta[d](1) = 0.0615799,	
	Delta[d](2) = 0.124105,	Delta[d](3) = 0.0615799,	Delta[d](4) = 0.0615799,	Delta[d](5) = 0.0788544,	Delta[d](6) = 0.156783,	
	Delta[d](7) = 0.0788544,	Delta[d](8) = 0.124105,	Delta[d](9) = 0.156783,	Delta[d](10) = 0.270844,	Delta[d](11) = 0.156783,	
	Delta[d](12) = 0.0615799,	Delta[d](13) = 0.0788544,	Delta[d](14) = 0.156783,	Delta[d](15) = 0.0788544;	Delta[s+](0) = 0.21567,	
	Delta[s+](1) = 0.14704,	Delta[s+](2) = 0.124105,	Delta[s+](3) = 0.14704,	Delta[s+](4) = 0.14704,	Delta[s+](5) = 0.0147558,	
	Delta[s+](6) = 0.0237162,	Delta[s+](7) = 0.0147558,	Delta[s+](8) = 0.124105,	Delta[s+](9) = 0.0237162,	Delta[s+](10) = 0.00602581,	
	Delta[s+](11) = 0.0237162,	Delta[s+](12) = 0.14704,	Delta[s+](13) = 0.0147558,	Delta[s+](14) = 0.0237162,	Delta[s+](15) = 0.0147558
	
The 0-th iteration is completed.	|| time cost : 0h 0m 4.903s
********************************************************************************************************************
Start the 1 rounds of NGS-ED iteration
	effective electronic model is modified as: kinetic energy t = 0.959264, t' = -0.281351
	                                           effective interaction Vq = [        -5, -0.856434, -0.214159, -0.856434, -0.856434, -0.336618,-0.0833851, -0.336618, -0.214159,-0.0833851,-0.0158028,-0.0833851, -0.856434, -0.336618,-0.0833851, -0.336618]
	PARPACK diagonalization completed after 30 matrix-vector product operations.
	iteration results: : total energy is -34.949165 | electron energy -35.105062 + phonon energy 0.155897 | electron momentum kIdx = 10
The 1-th iteration is completed.	|| time cost : 0h 0m 3.421s
********************************************************************************************************************
Start the 2 rounds of NGS-ED iteration
	effective electronic model is modified as: kinetic energy t = 0.951872, t' = -0.277078
	                                           effective interaction Vq = [        -5,  -1.08082, -0.210825,  -1.08082,  -1.08082, -0.345316,-0.0802222, -0.345316, -0.210825,-0.0802222,-0.0151263,-0.0802222,  -1.08082, -0.345316,-0.0802222, -0.345316]
	PARPACK diagonalization completed after 30 matrix-vector product operations.
	iteration results: : total energy is -34.961350 | electron energy -35.190410 + phonon energy 0.229060 | electron momentum kIdx = 10
The 2-th iteration is completed.	|| time cost : 0h 0m 0.793s
********************************************************************************************************************
Start the 3 rounds of NGS-ED iteration
	effective electronic model is modified as: kinetic energy t = 0.948867, t' = -0.275269
	                                           effective interaction Vq = [        -5,  -1.17862,  -0.20936,  -1.17862,  -1.17862, -0.342184,-0.0797188, -0.342184,  -0.20936,-0.0797188,-0.0150518,-0.0797188,  -1.17862, -0.342184,-0.0797188, -0.342184]
	PARPACK diagonalization completed after 30 matrix-vector product operations.
	iteration results: : total energy is -34.963644 | electron energy -35.225840 + phonon energy 0.262196 | electron momentum kIdx = 10
The 3-th iteration is completed.	|| time cost : 0h 0m 0.796s
********************************************************************************************************************
Start the 4 rounds of NGS-ED iteration
	effective electronic model is modified as: kinetic energy t = 0.947401, t' = -0.274384
	                                           effective interaction Vq = [        -5,   -1.2261, -0.208828,   -1.2261,   -1.2261, -0.340164,-0.0795517, -0.340164, -0.208828,-0.0795517,-0.0150264,-0.0795517,   -1.2261, -0.340164,-0.0795517, -0.340164]
	PARPACK diagonalization completed after 30 matrix-vector product operations.
	iteration results: : total energy is -34.964190 | electron energy -35.243054 + phonon energy 0.278864 | electron momentum kIdx = 10
The 4-th iteration is completed.	|| time cost : 0h 0m 0.795s
********************************************************************************************************************
Start the 5 rounds of NGS-ED iteration
	effective electronic model is modified as: kinetic energy t = 0.946653, t' = -0.273933
	                                           effective interaction Vq = [        -5,  -1.25007, -0.208592,  -1.25007,  -1.25007, -0.339135,-0.0794747, -0.339135, -0.208592,-0.0794747,-0.0150147,-0.0794747,  -1.25007, -0.339135,-0.0794747, -0.339135]
	PARPACK diagonalization completed after 30 matrix-vector product operations.
	iteration results: : total energy is -34.964330 | electron energy -35.251784 + phonon energy 0.287454 | electron momentum kIdx = 10
The 5-th iteration is completed.	|| time cost : 0h 0m 0.8s
********************************************************************************************************************
Start the 6 rounds of NGS-ED iteration
	effective electronic model is modified as: kinetic energy t = 0.946267, t' = -0.2737
	                                           effective interaction Vq = [        -5,  -1.26238, -0.208477,  -1.26238,  -1.26238, -0.338614, -0.079436, -0.338614, -0.208477, -0.079436,-0.0150089, -0.079436,  -1.26238, -0.338614, -0.079436, -0.338614]
	PARPACK diagonalization completed after 30 matrix-vector product operations.
	iteration results: : total energy is -34.964367 | electron energy -35.256281 + phonon energy 0.291914 | electron momentum kIdx = 10
The 6-th iteration is completed.	|| time cost : 0h 0m 0.766s
********************************************************************************************************************
Start the 7 rounds of NGS-ED iteration
	effective electronic model is modified as: kinetic energy t = 0.946066, t' = -0.273579
	                                           effective interaction Vq = [        -5,  -1.26876, -0.208419,  -1.26876,  -1.26876, -0.338348,-0.0794162, -0.338348, -0.208419,-0.0794162,-0.0150059,-0.0794162,  -1.26876, -0.338348,-0.0794162, -0.338348]
	PARPACK diagonalization completed after 30 matrix-vector product operations.
	iteration results: : total energy is -34.964377 | electron energy -35.258614 + phonon energy 0.294237 | electron momentum kIdx = 10
The 7-th iteration is completed.	|| time cost : 0h 0m 0.796s
********************************************************************************************************************
Start the 8 rounds of NGS-ED iteration
	effective electronic model is modified as: kinetic energy t = 0.945962, t' = -0.273517
	                                           effective interaction Vq = [        -5,  -1.27208, -0.208389,  -1.27208,  -1.27208,  -0.33821,-0.0794059,  -0.33821, -0.208389,-0.0794059,-0.0150044,-0.0794059,  -1.27208,  -0.33821,-0.0794059,  -0.33821]
	PARPACK diagonalization completed after 30 matrix-vector product operations.
	iteration results: : total energy is -34.964380 | electron energy -35.259827 + phonon energy 0.295448 | electron momentum kIdx = 10
The 8-th iteration is completed.	|| time cost : 0h 0m 0.779s
********************************************************************************************************************
Start the 9 rounds of NGS-ED iteration
	effective electronic model is modified as: kinetic energy t = 0.945907, t' = -0.273484
	                                           effective interaction Vq = [        -5,   -1.2738, -0.208374,   -1.2738,   -1.2738, -0.338138,-0.0794005, -0.338138, -0.208374,-0.0794005,-0.0150036,-0.0794005,   -1.2738, -0.338138,-0.0794005, -0.338138]
	PARPACK diagonalization completed after 30 matrix-vector product operations.
	iteration results: : total energy is -34.964380 | electron energy -35.260460 + phonon energy 0.296080 | electron momentum kIdx = 10
The 9-th iteration is completed.	|| time cost : 0h 0m 0.791s
********************************************************************************************************************
Start the 10 rounds of NGS-ED iteration
	effective electronic model is modified as: kinetic energy t = 0.945879, t' = -0.273467
	                                           effective interaction Vq = [        -5,   -1.2747, -0.208366,   -1.2747,   -1.2747,   -0.3381,-0.0793977,   -0.3381, -0.208366,-0.0793977,-0.0150032,-0.0793977,   -1.2747,   -0.3381,-0.0793977,   -0.3381]
	PARPACK diagonalization completed after 30 matrix-vector product operations.
	iteration results: : total energy is -34.964380 | electron energy -35.260790 + phonon energy 0.296410 | electron momentum kIdx = 10
The 10-th iteration is completed.	|| time cost : 0h 0m 0.798s
********************************************************************************************************************
Start the 11 rounds of NGS-ED iteration
	effective electronic model is modified as: kinetic energy t = 0.945864, t' = -0.273458
	                                           effective interaction Vq = [        -5,  -1.27517, -0.208361,  -1.27517,  -1.27517, -0.338081,-0.0793963, -0.338081, -0.208361,-0.0793963,-0.0150029,-0.0793963,  -1.27517, -0.338081,-0.0793963, -0.338081]
	PARPACK diagonalization completed after 30 matrix-vector product operations.
	iteration results: : total energy is -34.964381 | electron energy -35.260963 + phonon energy 0.296582 | electron momentum kIdx = 10
The 11-th iteration is completed.	|| time cost : 0h 0m 0.809s
********************************************************************************************************************
Start the 12 rounds of NGS-ED iteration
	effective electronic model is modified as: kinetic energy t = 0.945856, t' = -0.273453
	                                           effective interaction Vq = [        -5,  -1.27542, -0.208359,  -1.27542,  -1.27542, -0.338071,-0.0793955, -0.338071, -0.208359,-0.0793955,-0.0150028,-0.0793955,  -1.27542, -0.338071,-0.0793955, -0.338071]
	PARPACK diagonalization completed after 30 matrix-vector product operations.
	iteration results: : total energy is -34.964381 | electron energy -35.261053 + phonon energy 0.296672 | electron momentum kIdx = 10
The 12-th iteration is completed.	|| time cost : 0h 0m 0.783s
********************************************************************************************************************
Start the 13 rounds of NGS-ED iteration
	effective electronic model is modified as: kinetic energy t = 0.945852, t' = -0.273451
	                                           effective interaction Vq = [        -5,  -1.27555, -0.208358,  -1.27555,  -1.27555, -0.338065,-0.0793951, -0.338065, -0.208358,-0.0793951,-0.0150028,-0.0793951,  -1.27555, -0.338065,-0.0793951, -0.338065]
	PARPACK diagonalization completed after 30 matrix-vector product operations.
	iteration results: : total energy is -34.964381 | electron energy -35.261100 + phonon energy 0.296719 | electron momentum kIdx = 10
The 13-th iteration is completed.	|| time cost : 0h 0m 0.8s
********************************************************************************************************************
Start the 14 rounds of NGS-ED iteration
	effective electronic model is modified as: kinetic energy t = 0.94585, t' = -0.273449
	                                           effective interaction Vq = [        -5,  -1.27562, -0.208357,  -1.27562,  -1.27562, -0.338063,-0.0793949, -0.338063, -0.208357,-0.0793949,-0.0150027,-0.0793949,  -1.27562, -0.338063,-0.0793949, -0.338063]
	PARPACK diagonalization completed after 30 matrix-vector product operations.
	iteration results: : total energy is -34.964381 | electron energy -35.261124 + phonon energy 0.296744 | electron momentum kIdx = 10
The 14-th iteration is completed.	|| time cost : 0h 0m 0.787s
********************************************************************************************************************
Start the 15 rounds of NGS-ED iteration
	effective electronic model is modified as: kinetic energy t = 0.945849, t' = -0.273449
	                                           effective interaction Vq = [        -5,  -1.27565, -0.208357,  -1.27565,  -1.27565, -0.338061,-0.0793948, -0.338061, -0.208357,-0.0793948,-0.0150027,-0.0793948,  -1.27565, -0.338061,-0.0793948, -0.338061]
	PARPACK diagonalization completed after 30 matrix-vector product operations.
	iteration results: : total energy is -34.964381 | electron energy -35.261137 + phonon energy 0.296757 | electron momentum kIdx = 10
The 15-th iteration is completed.	|| time cost : 0h 0m 0.8s
********************************************************************************************************************
Start the 16 rounds of NGS-ED iteration
	effective electronic model is modified as: kinetic energy t = 0.945848, t' = -0.273448
	                                           effective interaction Vq = [        -5,  -1.27567, -0.208357,  -1.27567,  -1.27567,  -0.33806,-0.0793947,  -0.33806, -0.208357,-0.0793947,-0.0150027,-0.0793947,  -1.27567,  -0.33806,-0.0793947,  -0.33806]
	PARPACK diagonalization completed after 30 matrix-vector product operations.
	iteration results: : total energy is -34.964381 | electron energy -35.261144 + phonon energy 0.296763 | electron momentum kIdx = 10
The 16-th iteration is completed.	|| time cost : 0h 0m 0.788s
********************************************************************************************************************
Start the 17 rounds of NGS-ED iteration
	effective electronic model is modified as: kinetic energy t = 0.945848, t' = -0.273448
	                                           effective interaction Vq = [        -5,  -1.27568, -0.208357,  -1.27568,  -1.27568,  -0.33806,-0.0793947,  -0.33806, -0.208357,-0.0793947,-0.0150027,-0.0793947,  -1.27568,  -0.33806,-0.0793947,  -0.33806]
	PARPACK diagonalization completed after 30 matrix-vector product operations.
	iteration results: : total energy is -34.964381 | electron energy -35.261147 + phonon energy 0.296767 | electron momentum kIdx = 10
The 17-th iteration is completed.	|| time cost : 0h 0m 0.799s
********************************************************************************************************************
Start the 18 rounds of NGS-ED iteration
	effective electronic model is modified as: kinetic energy t = 0.945848, t' = -0.273448
	                                           effective interaction Vq = [        -5,  -1.27568, -0.208357,  -1.27568,  -1.27568,  -0.33806,-0.0793947,  -0.33806, -0.208357,-0.0793947,-0.0150027,-0.0793947,  -1.27568,  -0.33806,-0.0793947,  -0.33806]
	PARPACK diagonalization completed after 30 matrix-vector product operations.
	iteration results: : total energy is -34.964381 | electron energy -35.261149 + phonon energy 0.296769 | electron momentum kIdx = 10
The 18-th iteration is completed.	|| time cost : 0h 0m 0.796s
********************************************************************************************************************
Start the 19 rounds of NGS-ED iteration
	effective electronic model is modified as: kinetic energy t = 0.945847, t' = -0.273448
	                                           effective interaction Vq = [        -5,  -1.27569, -0.208357,  -1.27569,  -1.27569,  -0.33806,-0.0793947,  -0.33806, -0.208357,-0.0793947,-0.0150027,-0.0793947,  -1.27569,  -0.33806,-0.0793947,  -0.33806]
	PARPACK diagonalization completed after 30 matrix-vector product operations.
	iteration results: : total energy is -34.964381 | electron energy -35.261150 + phonon energy 0.296770 | electron momentum kIdx = 10
The 19-th iteration is completed.	|| time cost : 0h 0m 0.771s
********************************************************************************************************************
Start the 20 rounds of NGS-ED iteration
	effective electronic model is modified as: kinetic energy t = 0.945847, t' = -0.273448
	                                           effective interaction Vq = [        -5,  -1.27569, -0.208357,  -1.27569,  -1.27569,  -0.33806,-0.0793947,  -0.33806, -0.208357,-0.0793947,-0.0150027,-0.0793947,  -1.27569,  -0.33806,-0.0793947,  -0.33806]
	PARPACK diagonalization completed after 30 matrix-vector product operations.
	iteration results: : total energy is -34.964381 | electron energy -35.261151 + phonon energy 0.296770 | electron momentum kIdx = 10
The 20-th iteration is completed.	|| time cost : 0h 0m 0.797s
********************************************************************************************************************
Start the 21 rounds of NGS-ED iteration
	effective electronic model is modified as: kinetic energy t = 0.945847, t' = -0.273448
	                                           effective interaction Vq = [        -5,  -1.27569, -0.208357,  -1.27569,  -1.27569,  -0.33806,-0.0793947,  -0.33806, -0.208357,-0.0793947,-0.0150027,-0.0793947,  -1.27569,  -0.33806,-0.0793947,  -0.33806]
	PARPACK diagonalization completed after 30 matrix-vector product operations.
	iteration results: : total energy is -34.964381 | electron energy -35.261151 + phonon energy 0.296770 | electron momentum kIdx = 10
The 21-th iteration is completed.	|| time cost : 0h 0m 0.794s
********************************************************************************************************************
Start the 22 rounds of NGS-ED iteration
	effective electronic model is modified as: kinetic energy t = 0.945847, t' = -0.273448
	                                           effective interaction Vq = [        -5,  -1.27569, -0.208357,  -1.27569,  -1.27569,  -0.33806,-0.0793947,  -0.33806, -0.208357,-0.0793947,-0.0150027,-0.0793947,  -1.27569,  -0.33806,-0.0793947,  -0.33806]
	PARPACK diagonalization completed after 30 matrix-vector product operations.
	iteration results: : total energy is -34.964381 | electron energy -35.261151 + phonon energy 0.296770 | electron momentum kIdx = 10
The 22-th iteration is completed.	|| time cost : 0h 0m 0.724s
********************************************************************************************************************
Start the 23 rounds of NGS-ED iteration
	effective electronic model is modified as: kinetic energy t = 0.945847, t' = -0.273448
	                                           effective interaction Vq = [        -5,  -1.27569, -0.208357,  -1.27569,  -1.27569,  -0.33806,-0.0793947,  -0.33806, -0.208357,-0.0793947,-0.0150027,-0.0793947,  -1.27569,  -0.33806,-0.0793947,  -0.33806]
	PARPACK diagonalization completed after 30 matrix-vector product operations.
	iteration results: : total energy is -34.964381 | electron energy -35.261151 + phonon energy 0.296771 | electron momentum kIdx = 10
	Nq(0) = 4,	Nq(1) = 0.226279,	Nq(2) = 0.226779,	Nq(3) = 0.226279,	Nq(4) = 0.226279,	Nq(5) = 0.30395,	
	Nq(6) = 0.314886,	Nq(7) = 0.30395,	Nq(8) = 0.226779,	Nq(9) = 0.314886,	Nq(10) = 0.34001,	
	Nq(11) = 0.314886,	Nq(12) = 0.226279,	Nq(13) = 0.30395,	Nq(14) = 0.314886,	Nq(15) = 0.30395;	
	Sq(0) = -3.51915e-18,	Sq(1) = 0.389041,	Sq(2) = 0.3967,	Sq(3) = 0.389041,	Sq(4) = 0.389041,	
	Sq(5) = 0.647038,	Sq(6) = 0.583646,	Sq(7) = 0.647038,	Sq(8) = 0.3967,	Sq(9) = 0.583646,	
	Sq(10) = 0.553673,	Sq(11) = 0.583646,	Sq(12) = 0.389041,	Sq(13) = 0.647038,	Sq(14) = 0.583646,	
	Sq(15) = 0.647038;	N(0) = 1.79323,	N(1) = 0.98363,	N(2) = 0.975288,	N(3) = 0.98363,	
	N(4) = 0.98363,	N(5) = 0.0565027,	N(6) = 0.0216938,	N(7) = 0.0565027,	N(8) = 0.975288,	
	N(9) = 0.0216938,	N(10) = 0.00888894,	N(11) = 0.0216938,	N(12) = 0.98363,	N(13) = 0.0565027,	
	N(14) = 0.0216938,	N(15) = 0.0565027;	Delta[s](0) = 0.0136409,	Delta[s](1) = 0.0106546,	Delta[s](2) = 0.00903788,	
	Delta[s](3) = 0.0106546,	Delta[s](4) = 0.0106546,	Delta[s](5) = 0.0019048,	Delta[s](6) = 0.00115958,	Delta[s](7) = 0.0019048,	
	Delta[s](8) = 0.00903788,	Delta[s](9) = 0.00115958,	Delta[s](10) = 0.000420758,	Delta[s](11) = 0.00115958,	Delta[s](12) = 0.0106546,	
	Delta[s](13) = 0.0019048,	Delta[s](14) = 0.00115958,	Delta[s](15) = 0.0019048;	Delta[d](0) = 0.0189505,	Delta[d](1) = 0.0614648,	
	Delta[d](2) = 0.126145,	Delta[d](3) = 0.0614648,	Delta[d](4) = 0.0614648,	Delta[d](5) = 0.079639,	Delta[d](6) = 0.156348,	
	Delta[d](7) = 0.079639,	Delta[d](8) = 0.126145,	Delta[d](9) = 0.156348,	Delta[d](10) = 0.265296,	Delta[d](11) = 0.156348,	
	Delta[d](12) = 0.0614648,	Delta[d](13) = 0.079639,	Delta[d](14) = 0.156348,	Delta[d](15) = 0.079639;	Delta[s+](0) = 0.225268,	
	Delta[s+](1) = 0.155712,	Delta[s+](2) = 0.126145,	Delta[s+](3) = 0.155712,	Delta[s+](4) = 0.155712,	Delta[s+](5) = 0.0181787,	
	Delta[s+](6) = 0.0255192,	Delta[s+](7) = 0.0181787,	Delta[s+](8) = 0.126145,	Delta[s+](9) = 0.0255192,	Delta[s+](10) = 0.00835158,	
	Delta[s+](11) = 0.0255192,	Delta[s+](12) = 0.155712,	Delta[s+](13) = 0.0181787,	Delta[s+](14) = 0.0255192,	Delta[s+](15) = 0.0181787
	
The 23-th iteration is completed.	|| time cost : 0h 0m 3.005s
********************************************************************************************************************
********************************************************************************************************************
Ground state is obtained after 24 iterations. The current ground-state energy is -34.9644, in which electron energy is -35.2612 and phonon energy is 0.296771
Final variational state is: 
	Gamma_x = [      1,2.86999,1.25488,2.86999,2.86999,1.59938,1.12912,1.59938,1.25488,1.12912,1.02532,1.12912,2.86999,1.59938,1.12912,1.59938]
	lambda_q = [        5, 0.898137, 0.178969, 0.898137, 0.898137, 0.296354, 0.101836, 0.296354, 0.178969, 0.101836,0.0382378, 0.101836, 0.898137, 0.296354, 0.101836, 0.296354]
Effective e-e interactions mediated by phonons are:
	momentum-space Vq = [        -5,  -1.27569, -0.208357,  -1.27569,  -1.27569,  -0.33806,-0.0793947,  -0.33806, -0.208357,-0.0793947,-0.0150027,-0.0793947,  -1.27569,  -0.33806,-0.0793947,  -0.33806]
	real-space Vr = [ -0.762768, -0.461099, -0.254967, -0.461099, -0.461099, -0.287393, -0.162026, -0.287393, -0.254967, -0.162026,-0.0852263, -0.162026, -0.461099, -0.287393, -0.162026, -0.287393]
********************************************************************************************************************
o___o  ----------------------------------------
| L |	Time since last clock: 0h 0m 0.007s
A===A	Time since the beginning: 0h 0m 27.912s
***********************************************


Non-Gaussina ED ground state calculation is completed. The final ground-state energy is -34.9644
********************************************************************************************************************
o___o  ----------------------------------------
| L |	Time since last clock: 0h 0m 0.002s
A===A	Time since the beginning: 0h 0m 27.915s
***********************************************



********************************************************************************************************************
All non-Gaussian ED ground state calculations have been completed. Exit now.
