SNEDics v3.2 diagonalization test program		Start at Sat Apr 27 11:54:29 2019

parallized on 80 MPI threads  * 6 OpenMP threads = 480 total threads.
************************************************************************************
************************************************************************************

Input file "model_params.in"
Hubbard-Holstein model parameters : 	t = 1    U = 7    g = 0.7071    W = 1    
************************************************************************************
Input file "hilbertspace_params.in"

Cluster Positions:				Cluster symmetry group : D4
 x ... x ... x ... x .....                       x ... x ... x ... x .....
 |           |           :                       |           |           :
 |           |           :                       |           |           :
12    13    14    15     x                       1     5     6     5     x
 |           |           :                       |           |           :
 |           |           :                       |           |           :
 8 --- 9 ---10 ---11 --- x                       2 --- 6 ---10 --- 6 --- x
 |           |           :                       |           |           :
 |           |           :                       |           |           :
 4     5     6     7     x                       1     5     6     5     x
 |           |           :                       |           |           :
 |           |           :                       |           |           :
 0 --- 1 --- 2 --- 3 --- x                       0 --- 1 --- 2 --- 1 --- x
orbital number : 1
************************************************************************************
0 rounds of non-Gaussian ED iteration : ground-state energy is -9.41048 | electron energy -9.41048 + phonon energy 0 | electron momentum kIdx = 0
Nq = 	16	0.0779312	0.132949	0.0779312	0.0779312	0.132949	0.182539	0.132949	0.132949	0.182539	0.228907	0.182539	0.0779312	0.132949	0.182539	0.132949
Sq = 	8.55818e-19	0.418755	0.638112	0.418755	0.418755	0.638112	0.909041	0.638112	0.638112	0.909041	4.79166	0.909041	0.418755	0.638112	0.909041	0.638112
1 rounds of non-Gaussian ED iteration : ground-state energy is -10.9578 | electron energy -10.9578 + phonon energy 5.94544e-07 | electron momentum kIdx = 0
Nq = 	16	0.0799712	0.135889	0.0799712	0.0799712	0.135889	0.186357	0.135889	0.135889	0.186357	0.233475	0.186357	0.0799712	0.135889	0.186357	0.135889
Sq = 	2.59722e-18	0.419401	0.63774	0.419401	0.419401	0.63774	0.905478	0.63774	0.63774	0.905478	4.75993	0.905478	0.419401	0.63774	0.905478	0.63774
2 rounds of non-Gaussian ED iteration : ground-state energy is -12.1624 | electron energy -12.1624 + phonon energy 1.1688e-05 | electron momentum kIdx = 0
Nq = 	16	0.0806522	0.136855	0.0806522	0.0806522	0.136855	0.187596	0.136855	0.136855	0.187596	0.234936	0.187596	0.0806522	0.136855	0.187596	0.136855
Sq = 	-1.56019e-18	0.419615	0.637626	0.419615	0.419615	0.637626	0.904315	0.637626	0.637626	0.904315	4.74946	0.904315	0.419615	0.637626	0.904315	0.637626
3 rounds of non-Gaussian ED iteration : ground-state energy is -13.1378 | electron energy -13.1378 + phonon energy 4.742e-05 | electron momentum kIdx = 0
Nq = 	16	0.0809169	0.137225	0.0809169	0.0809169	0.137225	0.188064	0.137225	0.137225	0.188064	0.23548	0.188064	0.0809169	0.137225	0.188064	0.137225
Sq = 	-2.33347e-18	0.4197	0.637586	0.4197	0.4197	0.637586	0.903871	0.637586	0.637586	0.903871	4.74545	0.903871	0.4197	0.637586	0.903871	0.637586
4 rounds of non-Gaussian ED iteration : ground-state energy is -13.9344 | electron energy -13.9345 + phonon energy 0.000107185 | electron momentum kIdx = 0
Nq = 	16	0.0810299	0.137381	0.0810299	0.0810299	0.137381	0.188258	0.137381	0.137381	0.188258	0.235704	0.188258	0.0810299	0.137381	0.188258	0.137381
Sq = 	1.15304e-18	0.419736	0.63757	0.419736	0.419736	0.63757	0.903683	0.63757	0.63757	0.903683	4.74376	0.903683	0.419736	0.63757	0.903683	0.63757
5 rounds of non-Gaussian ED iteration : ground-state energy is -14.5862 | electron energy -14.5864 + phonon energy 0.00018161 | electron momentum kIdx = 0
Nq = 	16	0.0810813	0.137451	0.0810813	0.0810813	0.137451	0.188345	0.137451	0.137451	0.188345	0.235804	0.188345	0.0810813	0.137451	0.188345	0.137451
Sq = 	1.56148e-18	0.419753	0.637563	0.419753	0.419753	0.637563	0.903599	0.637563	0.637563	0.903599	4.743	0.903599	0.419753	0.637563	0.903599	0.637563
6 rounds of non-Gaussian ED iteration : ground-state energy is -15.1198 | electron energy -15.1201 + phonon energy 0.000261224 | electron momentum kIdx = 0
Nq = 	16	0.0811062	0.137485	0.0811062	0.0811062	0.137485	0.188386	0.137485	0.137485	0.188386	0.235851	0.188386	0.0811062	0.137485	0.188386	0.137485
Sq = 	3.71801e-19	0.419761	0.63756	0.419761	0.419761	0.63756	0.903558	0.63756	0.63756	0.903558	4.74263	0.903558	0.419761	0.63756	0.903558	0.63756
7 rounds of non-Gaussian ED iteration : ground-state energy is -15.5566 | electron energy -15.557 + phonon energy 0.000339372 | electron momentum kIdx = 0
Nq = 	16	0.0811192	0.137502	0.0811192	0.0811192	0.137502	0.188408	0.137502	0.137502	0.188408	0.235876	0.188408	0.0811192	0.137502	0.188408	0.137502
Sq = 	-5.60921e-19	0.419766	0.637559	0.419766	0.419766	0.637559	0.903537	0.637559	0.637559	0.903537	4.74244	0.903537	0.419766	0.637559	0.903537	0.637559
8 rounds of non-Gaussian ED iteration : ground-state energy is -15.9143 | electron energy -15.9147 + phonon energy 0.000412173 | electron momentum kIdx = 0
Nq = 	16	0.0811265	0.137512	0.0811265	0.0811265	0.137512	0.18842	0.137512	0.137512	0.18842	0.235891	0.18842	0.0811265	0.137512	0.18842	0.137512
Sq = 	6.25197e-19	0.419768	0.637558	0.419768	0.419768	0.637558	0.903525	0.637558	0.637558	0.903525	4.74233	0.903525	0.419768	0.637558	0.903525	0.637558
9 rounds of non-Gaussian ED iteration : ground-state energy is -16.2071 | electron energy -16.2075 + phonon energy 0.000477749 | electron momentum kIdx = 0
Nq = 	16	0.081131	0.137518	0.081131	0.081131	0.137518	0.188428	0.137518	0.137518	0.188428	0.235901	0.188428	0.081131	0.137518	0.188428	0.137518
Sq = 	1.90223e-19	0.419769	0.637557	0.419769	0.419769	0.637557	0.903517	0.637557	0.637557	0.903517	4.74226	0.903517	0.419769	0.637557	0.903517	0.637557
10 rounds of non-Gaussian ED iteration : ground-state energy is -16.4468 | electron energy -16.4473 + phonon energy 0.000535488 | electron momentum kIdx = 0
Nq = 	16	0.0811341	0.137522	0.0811341	0.0811341	0.137522	0.188434	0.137522	0.137522	0.188434	0.235907	0.188434	0.0811341	0.137522	0.188434	0.137522
Sq = 	1.91578e-20	0.41977	0.637556	0.41977	0.41977	0.637556	0.903512	0.637556	0.637556	0.903512	4.74222	0.903512	0.41977	0.637556	0.903512	0.637556
11 rounds of non-Gaussian ED iteration : ground-state energy is -16.643 | electron energy -16.6436 + phonon energy 0.000585521 | electron momentum kIdx = 0
Nq = 	16	0.0811363	0.137525	0.0811363	0.0811363	0.137525	0.188438	0.137525	0.137525	0.188438	0.235912	0.188438	0.0811363	0.137525	0.188438	0.137525
Sq = 	2.75194e-18	0.419771	0.637556	0.419771	0.419771	0.637556	0.903509	0.637556	0.637556	0.903509	4.74218	0.903509	0.419771	0.637556	0.903509	0.637556
12 rounds of non-Gaussian ED iteration : ground-state energy is -16.8037 | electron energy -16.8044 + phonon energy 0.000628377 | electron momentum kIdx = 0
Nq = 	16	0.081138	0.137528	0.081138	0.081138	0.137528	0.188441	0.137528	0.137528	0.188441	0.235916	0.188441	0.081138	0.137528	0.188441	0.137528
Sq = 	-4.2079e-19	0.419772	0.637556	0.419772	0.419772	0.637556	0.903506	0.637556	0.637556	0.903506	4.74216	0.903506	0.419772	0.637556	0.903506	0.637556
13 rounds of non-Gaussian ED iteration : ground-state energy is -16.9353 | electron energy -16.936 + phonon energy 0.00066477 | electron momentum kIdx = 0
Nq = 	16	0.0811393	0.13753	0.0811393	0.0811393	0.13753	0.188444	0.13753	0.13753	0.188444	0.235919	0.188444	0.0811393	0.13753	0.188444	0.13753
Sq = 	1.99709e-18	0.419772	0.637555	0.419772	0.419772	0.637555	0.903503	0.637555	0.637555	0.903503	4.74214	0.903503	0.419772	0.637555	0.903503	0.637555
14 rounds of non-Gaussian ED iteration : ground-state energy is -17.043 | electron energy -17.0437 + phonon energy 0.000695472 | electron momentum kIdx = 0
Nq = 	16	0.0811404	0.137531	0.0811404	0.0811404	0.137531	0.188446	0.137531	0.137531	0.188446	0.235921	0.188446	0.0811404	0.137531	0.188446	0.137531
Sq = 	-1.34899e-18	0.419772	0.637555	0.419772	0.419772	0.637555	0.903502	0.637555	0.637555	0.903502	4.74212	0.903502	0.419772	0.637555	0.903502	0.637555
15 rounds of non-Gaussian ED iteration : ground-state energy is -17.1312 | electron energy -17.1319 + phonon energy 0.00072124 | electron momentum kIdx = 0
Nq = 	16	0.0811412	0.137532	0.0811412	0.0811412	0.137532	0.188447	0.137532	0.137532	0.188447	0.235924	0.188447	0.0811412	0.137532	0.188447	0.137532
Sq = 	7.02291e-19	0.419772	0.637555	0.419772	0.419772	0.637555	0.9035	0.637555	0.637555	0.9035	4.74211	0.9035	0.419772	0.637555	0.9035	0.637555
16 rounds of non-Gaussian ED iteration : ground-state energy is -17.2034 | electron energy -17.2041 + phonon energy 0.000742782 | electron momentum kIdx = 0
Nq = 	16	0.0811419	0.137533	0.0811419	0.0811419	0.137533	0.188449	0.137533	0.137533	0.188449	0.235925	0.188449	0.0811419	0.137533	0.188449	0.137533
Sq = 	-1.35417e-18	0.419773	0.637555	0.419773	0.419773	0.637555	0.903499	0.637555	0.637555	0.903499	4.7421	0.903499	0.419773	0.637555	0.903499	0.637555
17 rounds of non-Gaussian ED iteration : ground-state energy is -17.2625 | electron energy -17.2633 + phonon energy 0.000760735 | electron momentum kIdx = 0
Nq = 	16	0.0811425	0.137534	0.0811425	0.0811425	0.137534	0.18845	0.137534	0.137534	0.18845	0.235927	0.18845	0.0811425	0.137534	0.18845	0.137534
Sq = 	-1.34144e-18	0.419773	0.637555	0.419773	0.419773	0.637555	0.903498	0.637555	0.637555	0.903498	4.74209	0.903498	0.419773	0.637555	0.903498	0.637555
18 rounds of non-Gaussian ED iteration : ground-state energy is -17.3109 | electron energy -17.3117 + phonon energy 0.000775657 | electron momentum kIdx = 0
Nq = 	16	0.081143	0.137535	0.081143	0.081143	0.137535	0.188451	0.137535	0.137535	0.188451	0.235928	0.188451	0.081143	0.137535	0.188451	0.137535
Sq = 	4.98403e-19	0.419773	0.637555	0.419773	0.419773	0.637555	0.903497	0.637555	0.637555	0.903497	4.74208	0.903497	0.419773	0.637555	0.903497	0.637555
19 rounds of non-Gaussian ED iteration : ground-state energy is -17.3505 | electron energy -17.3513 + phonon energy 0.000788037 | electron momentum kIdx = 0
Nq = 	16	0.0811434	0.137536	0.0811434	0.0811434	0.137536	0.188451	0.137536	0.137536	0.188451	0.235929	0.188451	0.0811434	0.137536	0.188451	0.137536
Sq = 	1.00231e-18	0.419773	0.637555	0.419773	0.419773	0.637555	0.903496	0.637555	0.637555	0.903496	4.74207	0.903496	0.419773	0.637555	0.903496	0.637555
20 rounds of non-Gaussian ED iteration : ground-state energy is -17.383 | electron energy -17.3838 + phonon energy 0.00079829 | electron momentum kIdx = 0
Nq = 	16	0.0811437	0.137536	0.0811437	0.0811437	0.137536	0.188452	0.137536	0.137536	0.188452	0.235929	0.188452	0.0811437	0.137536	0.188452	0.137536
Sq = 	1.00824e-18	0.419773	0.637555	0.419773	0.419773	0.637555	0.903496	0.637555	0.637555	0.903496	4.74207	0.903496	0.419773	0.637555	0.903496	0.637555
21 rounds of non-Gaussian ED iteration : ground-state energy is -17.4095 | electron energy -17.4103 + phonon energy 0.000806771 | electron momentum kIdx = 0
Nq = 	16	0.0811439	0.137536	0.0811439	0.0811439	0.137536	0.188452	0.137536	0.137536	0.188452	0.23593	0.188452	0.0811439	0.137536	0.188452	0.137536
Sq = 	1.88187e-18	0.419773	0.637554	0.419773	0.419773	0.637554	0.903495	0.637554	0.637554	0.903495	4.74206	0.903495	0.419773	0.637554	0.903495	0.637554
22 rounds of non-Gaussian ED iteration : ground-state energy is -17.4313 | electron energy -17.4321 + phonon energy 0.000813778 | electron momentum kIdx = 0
Nq = 	16	0.0811441	0.137537	0.0811441	0.0811441	0.137537	0.188453	0.137537	0.137537	0.188453	0.23593	0.188453	0.0811441	0.137537	0.188453	0.137537
Sq = 	-9.48561e-19	0.419773	0.637554	0.419773	0.419773	0.637554	0.903495	0.637554	0.637554	0.903495	4.74206	0.903495	0.419773	0.637554	0.903495	0.637554
23 rounds of non-Gaussian ED iteration : ground-state energy is -17.4491 | electron energy -17.4499 + phonon energy 0.000819563 | electron momentum kIdx = 0
Nq = 	16	0.0811443	0.137537	0.0811443	0.0811443	0.137537	0.188453	0.137537	0.137537	0.188453	0.235931	0.188453	0.0811443	0.137537	0.188453	0.137537
Sq = 	-1.12643e-18	0.419773	0.637554	0.419773	0.419773	0.637554	0.903495	0.637554	0.637554	0.903495	4.74206	0.903495	0.419773	0.637554	0.903495	0.637554
24 rounds of non-Gaussian ED iteration : ground-state energy is -17.4636 | electron energy -17.4645 + phonon energy 0.000824335 | electron momentum kIdx = 0
Nq = 	16	0.0811445	0.137537	0.0811445	0.0811445	0.137537	0.188453	0.137537	0.137537	0.188453	0.235931	0.188453	0.0811445	0.137537	0.188453	0.137537
Sq = 	6.34492e-20	0.419773	0.637554	0.419773	0.419773	0.637554	0.903495	0.637554	0.637554	0.903495	4.74206	0.903495	0.419773	0.637554	0.903495	0.637554
25 rounds of non-Gaussian ED iteration : ground-state energy is -17.4756 | electron energy -17.4764 + phonon energy 0.000828269 | electron momentum kIdx = 0
Nq = 	16	0.0811446	0.137537	0.0811446	0.0811446	0.137537	0.188454	0.137537	0.137537	0.188454	0.235931	0.188454	0.0811446	0.137537	0.188454	0.137537
Sq = 	4.34328e-19	0.419773	0.637554	0.419773	0.419773	0.637554	0.903494	0.637554	0.637554	0.903494	4.74205	0.903494	0.419773	0.637554	0.903494	0.637554
26 rounds of non-Gaussian ED iteration : ground-state energy is -17.4853 | electron energy -17.4862 + phonon energy 0.000831511 | electron momentum kIdx = 0
Nq = 	16	0.0811447	0.137537	0.0811447	0.0811447	0.137537	0.188454	0.137537	0.137537	0.188454	0.235932	0.188454	0.0811447	0.137537	0.188454	0.137537
Sq = 	2.79406e-18	0.419773	0.637554	0.419773	0.419773	0.637554	0.903494	0.637554	0.637554	0.903494	4.74205	0.903494	0.419773	0.637554	0.903494	0.637554
27 rounds of non-Gaussian ED iteration : ground-state energy is -17.4933 | electron energy -17.4942 + phonon energy 0.000834182 | electron momentum kIdx = 0
Nq = 	16	0.0811448	0.137538	0.0811448	0.0811448	0.137538	0.188454	0.137538	0.137538	0.188454	0.235932	0.188454	0.0811448	0.137538	0.188454	0.137538
Sq = 	-1.85019e-19	0.419773	0.637554	0.419773	0.419773	0.637554	0.903494	0.637554	0.637554	0.903494	4.74205	0.903494	0.419773	0.637554	0.903494	0.637554
28 rounds of non-Gaussian ED iteration : ground-state energy is -17.4999 | electron energy -17.5007 + phonon energy 0.000836382 | electron momentum kIdx = 0
Nq = 	16	0.0811448	0.137538	0.0811448	0.0811448	0.137538	0.188454	0.137538	0.137538	0.188454	0.235932	0.188454	0.0811448	0.137538	0.188454	0.137538
Sq = 	-1.88047e-18	0.419773	0.637554	0.419773	0.419773	0.637554	0.903494	0.637554	0.637554	0.903494	4.74205	0.903494	0.419773	0.637554	0.903494	0.637554
29 rounds of non-Gaussian ED iteration : ground-state energy is -17.5053 | electron energy -17.5061 + phonon energy 0.000838192 | electron momentum kIdx = 0
Nq = 	16	0.0811449	0.137538	0.0811449	0.0811449	0.137538	0.188454	0.137538	0.137538	0.188454	0.235932	0.188454	0.0811449	0.137538	0.188454	0.137538
Sq = 	-1.20256e-18	0.419774	0.637554	0.419774	0.419774	0.637554	0.903494	0.637554	0.637554	0.903494	4.74205	0.903494	0.419774	0.637554	0.903494	0.637554
30 rounds of non-Gaussian ED iteration : ground-state energy is -17.5096 | electron energy -17.5105 + phonon energy 0.000839683 | electron momentum kIdx = 0
Nq = 	16	0.0811449	0.137538	0.0811449	0.0811449	0.137538	0.188454	0.137538	0.137538	0.188454	0.235932	0.188454	0.0811449	0.137538	0.188454	0.137538
Sq = 	-1.84698e-18	0.419774	0.637554	0.419774	0.419774	0.637554	0.903494	0.637554	0.637554	0.903494	4.74205	0.903494	0.419774	0.637554	0.903494	0.637554
31 rounds of non-Gaussian ED iteration : ground-state energy is -17.5132 | electron energy -17.5141 + phonon energy 0.000840909 | electron momentum kIdx = 0
Nq = 	16	0.081145	0.137538	0.081145	0.081145	0.137538	0.188454	0.137538	0.137538	0.188454	0.235932	0.188454	0.081145	0.137538	0.188454	0.137538
Sq = 	5.84628e-19	0.419774	0.637554	0.419774	0.419774	0.637554	0.903494	0.637554	0.637554	0.903494	4.74205	0.903494	0.419774	0.637554	0.903494	0.637554
32 rounds of non-Gaussian ED iteration : ground-state energy is -17.5162 | electron energy -17.517 + phonon energy 0.000841918 | electron momentum kIdx = 0
Nq = 	16	0.081145	0.137538	0.081145	0.081145	0.137538	0.188454	0.137538	0.137538	0.188454	0.235932	0.188454	0.081145	0.137538	0.188454	0.137538
Sq = 	1.28649e-18	0.419774	0.637554	0.419774	0.419774	0.637554	0.903494	0.637554	0.637554	0.903494	4.74205	0.903494	0.419774	0.637554	0.903494	0.637554
33 rounds of non-Gaussian ED iteration : ground-state energy is -17.5186 | electron energy -17.5194 + phonon energy 0.000842749 | electron momentum kIdx = 0
Nq = 	16	0.081145	0.137538	0.081145	0.081145	0.137538	0.188454	0.137538	0.137538	0.188454	0.235933	0.188454	0.081145	0.137538	0.188454	0.137538
Sq = 	5.01026e-19	0.419774	0.637554	0.419774	0.419774	0.637554	0.903494	0.637554	0.637554	0.903494	4.74205	0.903494	0.419774	0.637554	0.903494	0.637554
34 rounds of non-Gaussian ED iteration : ground-state energy is -17.5206 | electron energy -17.5214 + phonon energy 0.000843432 | electron momentum kIdx = 0
Nq = 	16	0.081145	0.137538	0.081145	0.081145	0.137538	0.188455	0.137538	0.137538	0.188455	0.235933	0.188455	0.081145	0.137538	0.188455	0.137538
Sq = 	5.92907e-19	0.419774	0.637554	0.419774	0.419774	0.637554	0.903494	0.637554	0.637554	0.903494	4.74205	0.903494	0.419774	0.637554	0.903494	0.637554
35 rounds of non-Gaussian ED iteration : ground-state energy is -17.5222 | electron energy -17.523 + phonon energy 0.000843994 | electron momentum kIdx = 0
Nq = 	16	0.0811451	0.137538	0.0811451	0.0811451	0.137538	0.188455	0.137538	0.137538	0.188455	0.235933	0.188455	0.0811451	0.137538	0.188455	0.137538
Sq = 	1.3284e-18	0.419774	0.637554	0.419774	0.419774	0.637554	0.903494	0.637554	0.637554	0.903494	4.74205	0.903494	0.419774	0.637554	0.903494	0.637554
36 rounds of non-Gaussian ED iteration : ground-state energy is -17.5235 | electron energy -17.5243 + phonon energy 0.000844456 | electron momentum kIdx = 0
Nq = 	16	0.0811451	0.137538	0.0811451	0.0811451	0.137538	0.188455	0.137538	0.137538	0.188455	0.235933	0.188455	0.0811451	0.137538	0.188455	0.137538
Sq = 	1.50192e-18	0.419774	0.637554	0.419774	0.419774	0.637554	0.903494	0.637554	0.637554	0.903494	4.74205	0.903494	0.419774	0.637554	0.903494	0.637554
37 rounds of non-Gaussian ED iteration : ground-state energy is -17.5246 | electron energy -17.5254 + phonon energy 0.000844836 | electron momentum kIdx = 0
Nq = 	16	0.0811451	0.137538	0.0811451	0.0811451	0.137538	0.188455	0.137538	0.137538	0.188455	0.235933	0.188455	0.0811451	0.137538	0.188455	0.137538
Sq = 	1.09349e-18	0.419774	0.637554	0.419774	0.419774	0.637554	0.903494	0.637554	0.637554	0.903494	4.74205	0.903494	0.419774	0.637554	0.903494	0.637554
38 rounds of non-Gaussian ED iteration : ground-state energy is -17.5255 | electron energy -17.5263 + phonon energy 0.000845148 | electron momentum kIdx = 0
Nq = 	16	0.0811451	0.137538	0.0811451	0.0811451	0.137538	0.188455	0.137538	0.137538	0.188455	0.235933	0.188455	0.0811451	0.137538	0.188455	0.137538
Sq = 	-7.20027e-20	0.419774	0.637554	0.419774	0.419774	0.637554	0.903493	0.637554	0.637554	0.903493	4.74205	0.903493	0.419774	0.637554	0.903493	0.637554
39 rounds of non-Gaussian ED iteration : ground-state energy is -17.5262 | electron energy -17.527 + phonon energy 0.000845406 | electron momentum kIdx = 0
Nq = 	16	0.0811451	0.137538	0.0811451	0.0811451	0.137538	0.188455	0.137538	0.137538	0.188455	0.235933	0.188455	0.0811451	0.137538	0.188455	0.137538
Sq = 	-3.51229e-19	0.419774	0.637554	0.419774	0.419774	0.637554	0.903493	0.637554	0.637554	0.903493	4.74205	0.903493	0.419774	0.637554	0.903493	0.637554
40 rounds of non-Gaussian ED iteration : ground-state energy is -17.5268 | electron energy -17.5276 + phonon energy 0.000845617 | electron momentum kIdx = 0
Nq = 	16	0.0811451	0.137538	0.0811451	0.0811451	0.137538	0.188455	0.137538	0.137538	0.188455	0.235933	0.188455	0.0811451	0.137538	0.188455	0.137538
Sq = 	-3.89158e-20	0.419774	0.637554	0.419774	0.419774	0.637554	0.903493	0.637554	0.637554	0.903493	4.74205	0.903493	0.419774	0.637554	0.903493	0.637554
41 rounds of non-Gaussian ED iteration : ground-state energy is -17.5273 | electron energy -17.5281 + phonon energy 0.000845791 | electron momentum kIdx = 0
Nq = 	16	0.0811451	0.137538	0.0811451	0.0811451	0.137538	0.188455	0.137538	0.137538	0.188455	0.235933	0.188455	0.0811451	0.137538	0.188455	0.137538
Sq = 	6.82621e-19	0.419774	0.637554	0.419774	0.419774	0.637554	0.903493	0.637554	0.637554	0.903493	4.74205	0.903493	0.419774	0.637554	0.903493	0.637554
42 rounds of non-Gaussian ED iteration : ground-state energy is -17.5277 | electron energy -17.5285 + phonon energy 0.000845934 | electron momentum kIdx = 0
Nq = 	16	0.0811451	0.137538	0.0811451	0.0811451	0.137538	0.188455	0.137538	0.137538	0.188455	0.235933	0.188455	0.0811451	0.137538	0.188455	0.137538
Sq = 	-1.53537e-18	0.419774	0.637554	0.419774	0.419774	0.637554	0.903493	0.637554	0.637554	0.903493	4.74205	0.903493	0.419774	0.637554	0.903493	0.637554
43 rounds of non-Gaussian ED iteration : ground-state energy is -17.528 | electron energy -17.5288 + phonon energy 0.000846052 | electron momentum kIdx = 0
Nq = 	16	0.0811451	0.137538	0.0811451	0.0811451	0.137538	0.188455	0.137538	0.137538	0.188455	0.235933	0.188455	0.0811451	0.137538	0.188455	0.137538
Sq = 	1.33214e-18	0.419774	0.637554	0.419774	0.419774	0.637554	0.903493	0.637554	0.637554	0.903493	4.74205	0.903493	0.419774	0.637554	0.903493	0.637554
44 rounds of non-Gaussian ED iteration : ground-state energy is -17.5283 | electron energy -17.5291 + phonon energy 0.000846148 | electron momentum kIdx = 0
Nq = 	16	0.0811451	0.137538	0.0811451	0.0811451	0.137538	0.188455	0.137538	0.137538	0.188455	0.235933	0.188455	0.0811451	0.137538	0.188455	0.137538
Sq = 	1.40143e-19	0.419774	0.637554	0.419774	0.419774	0.637554	0.903493	0.637554	0.637554	0.903493	4.74205	0.903493	0.419774	0.637554	0.903493	0.637554
45 rounds of non-Gaussian ED iteration : ground-state energy is -17.5285 | electron energy -17.5293 + phonon energy 0.000846228 | electron momentum kIdx = 0
Nq = 	16	0.0811451	0.137538	0.0811451	0.0811451	0.137538	0.188455	0.137538	0.137538	0.188455	0.235933	0.188455	0.0811451	0.137538	0.188455	0.137538
Sq = 	2.74438e-18	0.419774	0.637554	0.419774	0.419774	0.637554	0.903493	0.637554	0.637554	0.903493	4.74205	0.903493	0.419774	0.637554	0.903493	0.637554
46 rounds of non-Gaussian ED iteration : ground-state energy is -17.5287 | electron energy -17.5295 + phonon energy 0.000846293 | electron momentum kIdx = 0
Nq = 	16	0.0811451	0.137538	0.0811451	0.0811451	0.137538	0.188455	0.137538	0.137538	0.188455	0.235933	0.188455	0.0811451	0.137538	0.188455	0.137538
Sq = 	-1.44698e-18	0.419774	0.637554	0.419774	0.419774	0.637554	0.903493	0.637554	0.637554	0.903493	4.74205	0.903493	0.419774	0.637554	0.903493	0.637554
47 rounds of non-Gaussian ED iteration : ground-state energy is -17.5288 | electron energy -17.5297 + phonon energy 0.000846347 | electron momentum kIdx = 0
Nq = 	16	0.0811451	0.137538	0.0811451	0.0811451	0.137538	0.188455	0.137538	0.137538	0.188455	0.235933	0.188455	0.0811451	0.137538	0.188455	0.137538
Sq = 	1.83656e-18	0.419774	0.637554	0.419774	0.419774	0.637554	0.903493	0.637554	0.637554	0.903493	4.74205	0.903493	0.419774	0.637554	0.903493	0.637554
48 rounds of non-Gaussian ED iteration : ground-state energy is -17.5289 | electron energy -17.5298 + phonon energy 0.000846391 | electron momentum kIdx = 0
Nq = 	16	0.0811451	0.137538	0.0811451	0.0811451	0.137538	0.188455	0.137538	0.137538	0.188455	0.235933	0.188455	0.0811451	0.137538	0.188455	0.137538
Sq = 	3.03782e-18	0.419774	0.637554	0.419774	0.419774	0.637554	0.903493	0.637554	0.637554	0.903493	4.74205	0.903493	0.419774	0.637554	0.903493	0.637554
49 rounds of non-Gaussian ED iteration : ground-state energy is -17.529 | electron energy -17.5299 + phonon energy 0.000846428 | electron momentum kIdx = 0
Nq = 	16	0.0811451	0.137538	0.0811451	0.0811451	0.137538	0.188455	0.137538	0.137538	0.188455	0.235933	0.188455	0.0811451	0.137538	0.188455	0.137538
Sq = 	2.29282e-18	0.419774	0.637554	0.419774	0.419774	0.637554	0.903493	0.637554	0.637554	0.903493	4.74205	0.903493	0.419774	0.637554	0.903493	0.637554
50 rounds of non-Gaussian ED iteration : ground-state energy is -17.5291 | electron energy -17.53 + phonon energy 0.000846458 | electron momentum kIdx = 0
Nq = 	16	0.0811451	0.137538	0.0811451	0.0811451	0.137538	0.188455	0.137538	0.137538	0.188455	0.235933	0.188455	0.0811451	0.137538	0.188455	0.137538
Sq = 	1.25046e-19	0.419774	0.637554	0.419774	0.419774	0.637554	0.903493	0.637554	0.637554	0.903493	4.74205	0.903493	0.419774	0.637554	0.903493	0.637554
51 rounds of non-Gaussian ED iteration : ground-state energy is -17.5292 | electron energy -17.53 + phonon energy 0.000846482 | electron momentum kIdx = 0
Nq = 	16	0.0811451	0.137538	0.0811451	0.0811451	0.137538	0.188455	0.137538	0.137538	0.188455	0.235933	0.188455	0.0811451	0.137538	0.188455	0.137538
Sq = 	-1.88733e-18	0.419774	0.637554	0.419774	0.419774	0.637554	0.903493	0.637554	0.637554	0.903493	4.74205	0.903493	0.419774	0.637554	0.903493	0.637554
52 rounds of non-Gaussian ED iteration : ground-state energy is -17.5292 | electron energy -17.5301 + phonon energy 0.000846502 | electron momentum kIdx = 0
Nq = 	16	0.0811451	0.137538	0.0811451	0.0811451	0.137538	0.188455	0.137538	0.137538	0.188455	0.235933	0.188455	0.0811451	0.137538	0.188455	0.137538
Sq = 	-3.04758e-19	0.419774	0.637554	0.419774	0.419774	0.637554	0.903493	0.637554	0.637554	0.903493	4.74205	0.903493	0.419774	0.637554	0.903493	0.637554
53 rounds of non-Gaussian ED iteration : ground-state energy is -17.5293 | electron energy -17.5301 + phonon energy 0.000846519 | electron momentum kIdx = 0
Nq = 	16	0.0811451	0.137538	0.0811451	0.0811451	0.137538	0.188455	0.137538	0.137538	0.188455	0.235933	0.188455	0.0811451	0.137538	0.188455	0.137538
Sq = 	-8.87021e-19	0.419774	0.637554	0.419774	0.419774	0.637554	0.903493	0.637554	0.637554	0.903493	4.74205	0.903493	0.419774	0.637554	0.903493	0.637554
54 rounds of non-Gaussian ED iteration : ground-state energy is -17.5293 | electron energy -17.5302 + phonon energy 0.000846533 | electron momentum kIdx = 0
Nq = 	16	0.0811451	0.137538	0.0811451	0.0811451	0.137538	0.188455	0.137538	0.137538	0.188455	0.235933	0.188455	0.0811451	0.137538	0.188455	0.137538
Sq = 	-2.10597e-18	0.419774	0.637554	0.419774	0.419774	0.637554	0.903493	0.637554	0.637554	0.903493	4.74205	0.903493	0.419774	0.637554	0.903493	0.637554
55 rounds of non-Gaussian ED iteration : ground-state energy is -17.5293 | electron energy -17.5302 + phonon energy 0.000846544 | electron momentum kIdx = 0
Nq = 	16	0.0811451	0.137538	0.0811451	0.0811451	0.137538	0.188455	0.137538	0.137538	0.188455	0.235933	0.188455	0.0811451	0.137538	0.188455	0.137538
Sq = 	1.11984e-18	0.419774	0.637554	0.419774	0.419774	0.637554	0.903493	0.637554	0.637554	0.903493	4.74205	0.903493	0.419774	0.637554	0.903493	0.637554
56 rounds of non-Gaussian ED iteration : ground-state energy is -17.5294 | electron energy -17.5302 + phonon energy 0.000846553 | electron momentum kIdx = 0
Nq = 	16	0.0811451	0.137538	0.0811451	0.0811451	0.137538	0.188455	0.137538	0.137538	0.188455	0.235933	0.188455	0.0811451	0.137538	0.188455	0.137538
Sq = 	-1.45615e-18	0.419774	0.637554	0.419774	0.419774	0.637554	0.903493	0.637554	0.637554	0.903493	4.74205	0.903493	0.419774	0.637554	0.903493	0.637554
57 rounds of non-Gaussian ED iteration : ground-state energy is -17.5294 | electron energy -17.5302 + phonon energy 0.000846561 | electron momentum kIdx = 0
Nq = 	16	0.0811451	0.137538	0.0811451	0.0811451	0.137538	0.188455	0.137538	0.137538	0.188455	0.235933	0.188455	0.0811451	0.137538	0.188455	0.137538
Sq = 	7.91856e-19	0.419774	0.637554	0.419774	0.419774	0.637554	0.903493	0.637554	0.637554	0.903493	4.74205	0.903493	0.419774	0.637554	0.903493	0.637554
58 rounds of non-Gaussian ED iteration : ground-state energy is -17.5294 | electron energy -17.5302 + phonon energy 0.000846567 | electron momentum kIdx = 0
Nq = 	16	0.0811451	0.137538	0.0811451	0.0811451	0.137538	0.188455	0.137538	0.137538	0.188455	0.235933	0.188455	0.0811451	0.137538	0.188455	0.137538
Sq = 	-3.95378e-20	0.419774	0.637554	0.419774	0.419774	0.637554	0.903493	0.637554	0.637554	0.903493	4.74205	0.903493	0.419774	0.637554	0.903493	0.637554
59 rounds of non-Gaussian ED iteration : ground-state energy is -17.5294 | electron energy -17.5303 + phonon energy 0.000846572 | electron momentum kIdx = 0
Nq = 	16	0.0811451	0.137538	0.0811451	0.0811451	0.137538	0.188455	0.137538	0.137538	0.188455	0.235933	0.188455	0.0811451	0.137538	0.188455	0.137538
Sq = 	5.33293e-19	0.419774	0.637554	0.419774	0.419774	0.637554	0.903493	0.637554	0.637554	0.903493	4.74205	0.903493	0.419774	0.637554	0.903493	0.637554
60 rounds of non-Gaussian ED iteration : ground-state energy is -17.5294 | electron energy -17.5303 + phonon energy 0.000846576 | electron momentum kIdx = 0
Nq = 	16	0.0811451	0.137538	0.0811451	0.0811451	0.137538	0.188455	0.137538	0.137538	0.188455	0.235933	0.188455	0.0811451	0.137538	0.188455	0.137538
Sq = 	-2.80813e-18	0.419774	0.637554	0.419774	0.419774	0.637554	0.903493	0.637554	0.637554	0.903493	4.74205	0.903493	0.419774	0.637554	0.903493	0.637554
61 rounds of non-Gaussian ED iteration : ground-state energy is -17.5294 | electron energy -17.5303 + phonon energy 0.00084658 | electron momentum kIdx = 0
Nq = 	16	0.0811451	0.137538	0.0811451	0.0811451	0.137538	0.188455	0.137538	0.137538	0.188455	0.235933	0.188455	0.0811451	0.137538	0.188455	0.137538
Sq = 	-2.33415e-18	0.419774	0.637554	0.419774	0.419774	0.637554	0.903493	0.637554	0.637554	0.903493	4.74205	0.903493	0.419774	0.637554	0.903493	0.637554
62 rounds of non-Gaussian ED iteration : ground-state energy is -17.5294 | electron energy -17.5303 + phonon energy 0.000846583 | electron momentum kIdx = 0
Nq = 	16	0.0811451	0.137538	0.0811451	0.0811451	0.137538	0.188455	0.137538	0.137538	0.188455	0.235933	0.188455	0.0811451	0.137538	0.188455	0.137538
Sq = 	-1.58514e-18	0.419774	0.637554	0.419774	0.419774	0.637554	0.903493	0.637554	0.637554	0.903493	4.74205	0.903493	0.419774	0.637554	0.903493	0.637554
63 rounds of non-Gaussian ED iteration : ground-state energy is -17.5294 | electron energy -17.5303 + phonon energy 0.000846585 | electron momentum kIdx = 0
Nq = 	16	0.0811451	0.137538	0.0811451	0.0811451	0.137538	0.188455	0.137538	0.137538	0.188455	0.235933	0.188455	0.0811451	0.137538	0.188455	0.137538
Sq = 	-3.08397e-19	0.419774	0.637554	0.419774	0.419774	0.637554	0.903493	0.637554	0.637554	0.903493	4.74205	0.903493	0.419774	0.637554	0.903493	0.637554
64 rounds of non-Gaussian ED iteration : ground-state energy is -17.5295 | electron energy -17.5303 + phonon energy 0.000846587 | electron momentum kIdx = 0
Nq = 	16	0.0811451	0.137538	0.0811451	0.0811451	0.137538	0.188455	0.137538	0.137538	0.188455	0.235933	0.188455	0.0811451	0.137538	0.188455	0.137538
Sq = 	1.69034e-18	0.419774	0.637554	0.419774	0.419774	0.637554	0.903493	0.637554	0.637554	0.903493	4.74205	0.903493	0.419774	0.637554	0.903493	0.637554
65 rounds of non-Gaussian ED iteration : ground-state energy is -17.5295 | electron energy -17.5303 + phonon energy 0.000846589 | electron momentum kIdx = 0
Nq = 	16	0.0811451	0.137538	0.0811451	0.0811451	0.137538	0.188455	0.137538	0.137538	0.188455	0.235933	0.188455	0.0811451	0.137538	0.188455	0.137538
Sq = 	6.18329e-19	0.419774	0.637554	0.419774	0.419774	0.637554	0.903493	0.637554	0.637554	0.903493	4.74205	0.903493	0.419774	0.637554	0.903493	0.637554
66 rounds of non-Gaussian ED iteration : ground-state energy is -17.5295 | electron energy -17.5303 + phonon energy 0.00084659 | electron momentum kIdx = 0
Nq = 	16	0.0811451	0.137538	0.0811451	0.0811451	0.137538	0.188455	0.137538	0.137538	0.188455	0.235933	0.188455	0.0811451	0.137538	0.188455	0.137538
Sq = 	3.21164e-19	0.419774	0.637554	0.419774	0.419774	0.637554	0.903493	0.637554	0.637554	0.903493	4.74205	0.903493	0.419774	0.637554	0.903493	0.637554
67 rounds of non-Gaussian ED iteration : ground-state energy is -17.5295 | electron energy -17.5303 + phonon energy 0.000846591 | electron momentum kIdx = 0
Nq = 	16	0.0811451	0.137538	0.0811451	0.0811451	0.137538	0.188455	0.137538	0.137538	0.188455	0.235933	0.188455	0.0811451	0.137538	0.188455	0.137538
Sq = 	1.40227e-19	0.419774	0.637554	0.419774	0.419774	0.637554	0.903493	0.637554	0.637554	0.903493	4.74205	0.903493	0.419774	0.637554	0.903493	0.637554
68 rounds of non-Gaussian ED iteration : ground-state energy is -17.5295 | electron energy -17.5303 + phonon energy 0.000846592 | electron momentum kIdx = 0
Nq = 	16	0.0811451	0.137538	0.0811451	0.0811451	0.137538	0.188455	0.137538	0.137538	0.188455	0.235933	0.188455	0.0811451	0.137538	0.188455	0.137538
Sq = 	-5.90523e-20	0.419774	0.637554	0.419774	0.419774	0.637554	0.903493	0.637554	0.637554	0.903493	4.74205	0.903493	0.419774	0.637554	0.903493	0.637554
69 rounds of non-Gaussian ED iteration : ground-state energy is -17.5295 | electron energy -17.5303 + phonon energy 0.000846593 | electron momentum kIdx = 0
Nq = 	16	0.0811451	0.137538	0.0811451	0.0811451	0.137538	0.188455	0.137538	0.137538	0.188455	0.235933	0.188455	0.0811451	0.137538	0.188455	0.137538
Sq = 	-2.89379e-18	0.419774	0.637554	0.419774	0.419774	0.637554	0.903493	0.637554	0.637554	0.903493	4.74205	0.903493	0.419774	0.637554	0.903493	0.637554
70 rounds of non-Gaussian ED iteration : ground-state energy is -17.5295 | electron energy -17.5303 + phonon energy 0.000846593 | electron momentum kIdx = 0
Nq = 	16	0.0811451	0.137538	0.0811451	0.0811451	0.137538	0.188455	0.137538	0.137538	0.188455	0.235933	0.188455	0.0811451	0.137538	0.188455	0.137538
Sq = 	-2.19622e-18	0.419774	0.637554	0.419774	0.419774	0.637554	0.903493	0.637554	0.637554	0.903493	4.74205	0.903493	0.419774	0.637554	0.903493	0.637554
71 rounds of non-Gaussian ED iteration : ground-state energy is -17.5295 | electron energy -17.5303 + phonon energy 0.000846594 | electron momentum kIdx = 0
Nq = 	16	0.0811451	0.137538	0.0811451	0.0811451	0.137538	0.188455	0.137538	0.137538	0.188455	0.235933	0.188455	0.0811451	0.137538	0.188455	0.137538
Sq = 	7.14888e-20	0.419774	0.637554	0.419774	0.419774	0.637554	0.903493	0.637554	0.637554	0.903493	4.74205	0.903493	0.419774	0.637554	0.903493	0.637554
Ground state is obtained after 72 iterations. The current ground-state energy is -17.5295, in which electron energy is -17.5303 and phonon energy is 0.000846594
o___o  -------------------------------------
| L |	Time since last clock: 6h 1m 44.986s
A===A	Time since the beginning: 6h 1m 44.986s
********************************************

************************************************************************************
