TACC:  Starting up job 4217446 
TACC:  Starting parallel tasks... 
SNEDics v3.4 Non-Gaussian ED ground state program		Start at Fri Aug 23 03:14:05 2019

parallized on 32 MPI threads  * 6 OpenMP threads = 192 total threads.
********************************************************************************************************************
********************************************************************************************************************

********************************************************************************************************************
System parameters and configurations
********************************************************************************************************************
Special program options are enabled: splitted diagonal Hamiltonian
********************************************************************************************************************
Read input file "model_params.in"
	Hubbard-Holstein model parameters : 	t = 1    U = 7.4    g = 4.4721    W = 5    
********************************************************************************************************************
Read input file "hilbertspace_params.in"
	Requested 16-site 2D lattice, with 15 electrons (8, 7)
	Boundary : Periodic		Hilbert space representation : momentum-space (restricted to kIdx = 0)
	Conservation: particle number[U(1)]      spin[U(1)]     momentum
********************************************************************************************************************

Cluster Positions:				Cluster symmetry group : D4
 x ... x ... x ... x .....                       x ... x ... x ... x .....
 |           |           :                       |           |           :
 |           |           :                       |           |           :
12    13    14    15     x                       1     5     6     5     x
 |           |           :                       |           |           :
 |           |           :                       |           |           :
 8 --- 9 ---10 ---11 --- x                       2 --- 6 ---10 --- 6 --- x
 |           |           :                       |           |           :
 |           |           :                       |           |           :
 4     5     6     7     x                       1     5     6     5     x
 |           |           :                       |           |           :
 |           |           :                       |           |           :
 0 --- 1 --- 2 --- 3 --- x                       0 --- 1 --- 2 --- 1 --- x
orbital number : 1
********************************************************************************************************************
Read input file "obs_params.in"
	Observable Type : Nq[All],   Sq[All],   N[All]
********************************************************************************************************************
** WARNING ** the input observables have non-local factors which have been reinterpreted. The total observable number is 48
********************************************************************************************************************


********************************************************************************************************************
Start calculating the non-Gaussian ED ground state
** WARNING ** Detected low phonon energy W < 10. The initial state will be prepared through a warm-up process.
********************************************************************************************************************
Start warm-up calculation for scaling factor 2
open output files: NGSEDWarmUpW10Obs.txt
********************************************************************************************************************
Start the 0 rounds of NGS-ED iteration
	effective electronic model is modified as: kinetic energy t = 1
	                                           effective interaction Vq = [0,0,0,0,0,0,0,0,0,0,0,0,0,0,0,0]
	first Hamiltonian is constructed, non-zero numbers = 2489446524
	PARPACK diagonalization completed after 210 matrix-vector product operations.
	iteration results: : total energy is -10.111049 | electron energy -10.111049 + phonon energy 0.000000 | electron momentum kIdx = 0
	Nq(0) = 14.0625,	Nq(1) = 0.12269,	Nq(2) = 0.16419,	Nq(3) = 0.12269,	Nq(4) = 0.12269,	Nq(5) = 0.171468,	Nq(6) = 0.212934,	Nq(7) = 0.171468,	Nq(8) = 0.16419,	Nq(9) = 0.212934,	Nq(10) = 0.252035,	Nq(11) = 0.212934,	Nq(12) = 0.12269,	Nq(13) = 0.171468,	Nq(14) = 0.212934,	Nq(15) = 0.171468,	Sq(0) = 0.0625,	Sq(1) = 0.485683,	Sq(2) = 1.29083,	Sq(3) = 0.485683,	Sq(4) = 0.485683,	Sq(5) = 0.81767,	Sq(6) = 1.02358,	Sq(7) = 0.81767,	Sq(8) = 1.29083,	Sq(9) = 1.02358,	Sq(10) = 1.37681,	Sq(11) = 1.02358,	Sq(12) = 0.485683,	Sq(13) = 0.81767,	Sq(14) = 1.02358,	Sq(15) = 0.81767,	N(0) = 1.74512,	N(1) = 1.59872,	N(2) = 0.682887,	N(3) = 1.59872,	N(4) = 1.59872,	N(5) = 0.983084,	N(6) = 0.346517,	N(7) = 0.983084,	N(8) = 0.682887,	N(9) = 0.346517,	N(10) = 0.175823,	N(11) = 0.346517,	N(12) = 1.59872,	N(13) = 0.983084,	N(14) = 0.346517,	N(15) = 0.983084
The 0-th iteration is completed.	|| time cost : 0h 2m 37.821s
********************************************************************************************************************
Start the 1 rounds of NGS-ED iteration
	effective electronic model is modified as: kinetic energy t = 0.905678
	                                           effective interaction Vq = [ -3.4586,-3.15942, -3.0171,-3.15942,-3.15942,-3.03546,-2.95299,-3.03546, -3.0171,-2.95299,-2.89443,-2.95299,-3.15942,-3.03546,-2.95299,-3.03546]
	PARPACK diagonalization completed after 45 matrix-vector product operations.
	iteration results: : total energy is -69.304422 | electron energy -69.309622 + phonon energy 0.005200 | electron momentum kIdx = 0
The 1-th iteration is completed.	|| time cost : 0h 3m 14.316s
********************************************************************************************************************
Start the 2 rounds of NGS-ED iteration
	effective electronic model is modified as: kinetic energy t = 0.834275
	                                           effective interaction Vq = [-3.92667,-3.74964,-3.58718,-3.74964,-3.74964,-3.62413,-3.58036,-3.62413,-3.58718,-3.58036,-3.51676,-3.58036,-3.74964,-3.62413,-3.58036,-3.62413]
	PARPACK diagonalization completed after 30 matrix-vector product operations.
	iteration results: : total energy is -78.093300 | electron energy -78.154573 + phonon energy 0.061274 | electron momentum kIdx = 0
The 2-th iteration is completed.	|| time cost : 0h 0m 17.677s
********************************************************************************************************************
Start the 3 rounds of NGS-ED iteration
	effective electronic model is modified as: kinetic energy t = 0.80421
	                                           effective interaction Vq = [-3.99002,-3.88616,-3.72921,-3.88616,-3.88616,-3.77434,-3.75343,-3.77434,-3.72921,-3.75343,-3.69022,-3.75343,-3.88616,-3.77434,-3.75343,-3.77434]
	PARPACK diagonalization completed after 30 matrix-vector product operations.
	iteration results: : total energy is -79.337872 | electron energy -79.450329 + phonon energy 0.112456 | electron momentum kIdx = 0
The 3-th iteration is completed.	|| time cost : 0h 0m 17.661s
********************************************************************************************************************
Start the 4 rounds of NGS-ED iteration
	effective electronic model is modified as: kinetic energy t = 0.792639
	                                           effective interaction Vq = [-3.99859,-3.92347,-3.77143,-3.92347,-3.92347,-3.81994,-3.80893,-3.81994,-3.77143,-3.80893,-3.74577,-3.80893,-3.92347,-3.81994,-3.80893,-3.81994]
	PARPACK diagonalization completed after 30 matrix-vector product operations.
	iteration results: : total energy is -79.509610 | electron energy -79.646602 + phonon energy 0.136992 | electron momentum kIdx = 0
The 4-th iteration is completed.	|| time cost : 0h 0m 17.65s
********************************************************************************************************************
Start the 5 rounds of NGS-ED iteration
	effective electronic model is modified as: kinetic energy t = 0.788322
	                                           effective interaction Vq = [-3.99975,-3.93517,-3.78518,-3.93517,-3.93517, -3.8352, -3.8284, -3.8352,-3.78518, -3.8284,-3.76501, -3.8284,-3.93517, -3.8352, -3.8284, -3.8352]
	PARPACK diagonalization completed after 30 matrix-vector product operations.
	iteration results: : total energy is -79.533001 | electron energy -79.679863 + phonon energy 0.146862 | electron momentum kIdx = 0
The 5-th iteration is completed.	|| time cost : 0h 0m 17.673s
********************************************************************************************************************
Start the 6 rounds of NGS-ED iteration
	effective electronic model is modified as: kinetic energy t = 0.786731
	                                           effective interaction Vq = [-3.99991,-3.93911,-3.78984,-3.93911,-3.93911,-3.84053,-3.83554,-3.84053,-3.78984,-3.83554,-3.77191,-3.83554,-3.93911,-3.84053,-3.83554,-3.84053]
	PARPACK diagonalization completed after 30 matrix-vector product operations.
	iteration results: : total energy is -79.536172 | electron energy -79.686791 + phonon energy 0.150619 | electron momentum kIdx = 0
The 6-th iteration is completed.	|| time cost : 0h 0m 17.645s
********************************************************************************************************************
Start the 7 rounds of NGS-ED iteration
	effective electronic model is modified as: kinetic energy t = 0.786147
	                                           effective interaction Vq = [-3.99993,-3.94049,-3.79143,-3.94049,-3.94049,-3.84242,-3.83821,-3.84242,-3.79143,-3.83821,-3.77442,-3.83821,-3.94049,-3.84242,-3.83821,-3.84242]
	PARPACK diagonalization completed after 30 matrix-vector product operations.
	iteration results: : total energy is -79.536601 | electron energy -79.688623 + phonon energy 0.152022 | electron momentum kIdx = 0
The 7-th iteration is completed.	|| time cost : 0h 0m 17.714s
********************************************************************************************************************
Start the 8 rounds of NGS-ED iteration
	effective electronic model is modified as: kinetic energy t = 0.785933
	                                           effective interaction Vq = [-3.99994,-3.94097,-3.79199,-3.94097,-3.94097,-3.84309,-3.83921,-3.84309,-3.79199,-3.83921,-3.77534,-3.83921,-3.94097,-3.84309,-3.83921,-3.84309]
	PARPACK diagonalization completed after 165 matrix-vector product operations.
	iteration results: : total energy is -79.731976 | electron energy -79.884519 + phonon energy 0.152543 | electron momentum kIdx = 0
The 8-th iteration is completed.	|| time cost : 0h 0m 52.095s
********************************************************************************************************************
Start the 9 rounds of NGS-ED iteration
	effective electronic model is modified as: kinetic energy t = 0.777947
	                                           effective interaction Vq = [-3.99994,-3.93998,-3.85233,-3.93998,-3.93998,-3.91315,-3.83845,-3.91315,-3.85233,-3.83845,  -3.778,-3.83845,-3.93998,-3.91315,-3.83845,-3.91315]
	PARPACK diagonalization completed after 45 matrix-vector product operations.
	iteration results: : total energy is -79.813997 | electron energy -79.971846 + phonon energy 0.157849 | electron momentum kIdx = 0
The 9-th iteration is completed.	|| time cost : 0h 0m 20.952s
********************************************************************************************************************
Start the 10 rounds of NGS-ED iteration
	effective electronic model is modified as: kinetic energy t = 0.775226
	                                           effective interaction Vq = [-3.99994,-3.93897,-3.87279,-3.93897,-3.93897,-3.93342, -3.8369,-3.93342,-3.87279, -3.8369,-3.77846, -3.8369,-3.93897,-3.93342, -3.8369,-3.93342]
	PARPACK diagonalization completed after 30 matrix-vector product operations.
	iteration results: : total energy is -79.825199 | electron energy -79.987439 + phonon energy 0.162240 | electron momentum kIdx = 0
	Nq(0) = 14.0625,	Nq(1) = 0.394802,	Nq(2) = 0.530167,	Nq(3) = 0.394802,	Nq(4) = 0.394802,	Nq(5) = 0.798214,	Nq(6) = 0.630537,	Nq(7) = 0.798214,	Nq(8) = 0.530167,	Nq(9) = 0.630537,	Nq(10) = 0.683142,	Nq(11) = 0.630537,	Nq(12) = 0.394802,	Nq(13) = 0.798214,	Nq(14) = 0.630537,	Nq(15) = 0.798214,	Sq(0) = 0.0625,	Sq(1) = 0.35185,	Sq(2) = 0.437771,	Sq(3) = 0.35185,	Sq(4) = 0.35185,	Sq(5) = 0.385822,	Sq(6) = 0.588083,	Sq(7) = 0.385822,	Sq(8) = 0.437771,	Sq(9) = 0.588083,	Sq(10) = 0.65875,	Sq(11) = 0.588083,	Sq(12) = 0.35185,	Sq(13) = 0.385822,	Sq(14) = 0.588083,	Sq(15) = 0.385822,	N(0) = 1.99858,	N(1) = 1.99715,	N(2) = 0.925874,	N(3) = 1.99715,	N(4) = 1.99715,	N(5) = 0.787577,	N(6) = 0.00240659,	N(7) = 0.787577,	N(8) = 0.925874,	N(9) = 0.00240659,	N(10) = 0.00114904,	N(11) = 0.00240659,	N(12) = 1.99715,	N(13) = 0.787577,	N(14) = 0.00240659,	N(15) = 0.787577
The 10-th iteration is completed.	|| time cost : 0h 0m 51.387s
********************************************************************************************************************
Start the 11 rounds of NGS-ED iteration
	effective electronic model is modified as: kinetic energy t = 0.774292
	                                           effective interaction Vq = [-3.99994,-3.93844,-3.88028,-3.93844,-3.93844,-3.93995,-3.83597,-3.93995,-3.88028,-3.83597,-3.77851,-3.83597,-3.93844,-3.93995,-3.83597,-3.93995]
	PARPACK diagonalization completed after 30 matrix-vector product operations.
	iteration results: : total energy is -79.826668 | electron energy -79.990789 + phonon energy 0.164121 | electron momentum kIdx = 0
The 11-th iteration is completed.	|| time cost : 0h 0m 17.765s
********************************************************************************************************************
Start the 12 rounds of NGS-ED iteration
	effective electronic model is modified as: kinetic energy t = 0.773971
	                                           effective interaction Vq = [-3.99994, -3.9382,-3.88314, -3.9382, -3.9382,-3.94216,-3.83551,-3.94216,-3.88314,-3.83551, -3.7785,-3.83551, -3.9382,-3.94216,-3.83551,-3.94216]
	PARPACK diagonalization completed after 30 matrix-vector product operations.
	iteration results: : total energy is -79.826859 | electron energy -79.991674 + phonon energy 0.164815 | electron momentum kIdx = 0
The 12-th iteration is completed.	|| time cost : 0h 0m 21.28s
********************************************************************************************************************
Start the 13 rounds of NGS-ED iteration
	effective electronic model is modified as: kinetic energy t = 0.77386
	                                           effective interaction Vq = [-3.99994, -3.9381,-3.88427, -3.9381, -3.9381,-3.94292, -3.8353,-3.94292,-3.88427, -3.8353,-3.77848, -3.8353, -3.9381,-3.94292, -3.8353,-3.94292]
	PARPACK diagonalization completed after 30 matrix-vector product operations.
	iteration results: : total energy is -79.826884 | electron energy -79.991942 + phonon energy 0.165058 | electron momentum kIdx = 0
The 13-th iteration is completed.	|| time cost : 0h 0m 19.04s
********************************************************************************************************************
Start the 14 rounds of NGS-ED iteration
	effective electronic model is modified as: kinetic energy t = 0.773821
	                                           effective interaction Vq = [-3.99994,-3.93805,-3.88473,-3.93805,-3.93805,-3.94318,-3.83521,-3.94318,-3.88473,-3.83521,-3.77847,-3.83521,-3.93805,-3.94318,-3.83521,-3.94318]
	PARPACK diagonalization completed after 30 matrix-vector product operations.
	iteration results: : total energy is -79.826887 | electron energy -79.992029 + phonon energy 0.165142 | electron momentum kIdx = 0
	Nq(0) = 14.0625,	Nq(1) = 0.393774,	Nq(2) = 0.534223,	Nq(3) = 0.393774,	Nq(4) = 0.393774,	Nq(5) = 0.801712,	Nq(6) = 0.628844,	Nq(7) = 0.801712,	Nq(8) = 0.534223,	Nq(9) = 0.628844,	Nq(10) = 0.682354,	Nq(11) = 0.628844,	Nq(12) = 0.393774,	Nq(13) = 0.801712,	Nq(14) = 0.628844,	Nq(15) = 0.801712,	Sq(0) = 0.0625,	Sq(1) = 0.351186,	Sq(2) = 0.437243,	Sq(3) = 0.351186,	Sq(4) = 0.351186,	Sq(5) = 0.385345,	Sq(6) = 0.587072,	Sq(7) = 0.385345,	Sq(8) = 0.437243,	Sq(9) = 0.587072,	Sq(10) = 0.657982,	Sq(11) = 0.587072,	Sq(12) = 0.351186,	Sq(13) = 0.385345,	Sq(14) = 0.587072,	Sq(15) = 0.385345,	N(0) = 1.99848,	N(1) = 1.99697,	N(2) = 0.91929,	N(3) = 1.99697,	N(4) = 1.99697,	N(5) = 0.790869,	N(6) = 0.00258783,	N(7) = 0.790869,	N(8) = 0.91929,	N(9) = 0.00258783,	N(10) = 0.00123938,	N(11) = 0.00258783,	N(12) = 1.99697,	N(13) = 0.790869,	N(14) = 0.00258783,	N(15) = 0.790869
The 14-th iteration is completed.	|| time cost : 0h 0m 46.474s
********************************************************************************************************************
********************************************************************************************************************
Ground state is obtained after 15 iterations. The current ground-state energy is -79.8269, in which electron energy is -79.992 and phonon energy is 0.165142
final variational state is: 
	Gamma_x = [      1, 1.0349,1.06196, 1.0349, 1.0349,1.06948,1.08469,1.06948,1.06196,1.08469,1.10304,1.08469, 1.0349,1.06948,1.08469,1.06948]
	lambda_q = [ 0.63245,0.553775,0.525204,0.553775,0.553775,0.557171,0.504088,0.557171,0.525204,0.504088,0.483632,0.504088,0.553775,0.557171,0.504088,0.557171]
********************************************************************************************************************
o___o  ----------------------------------------
| L |	Time since last clock: 0h 0m 0s
A===A	Time since the beginning: 0h 11m 27.156s
***********************************************


********************************************************************************************************************
Warm up runs have been completed. Start calculating W = 5 phonon.
open output files: NGSEDIterationObs.txt
Start the 0 rounds of NGS-ED iteration
	effective electronic model is modified as: kinetic energy t = 0.773807
	                                           effective interaction Vq = [-3.65679,-3.41974,-3.31833,-3.41974,-3.41974,-3.43125,-3.23814,-3.43125,-3.31833,-3.23814, -3.1562,-3.23814,-3.41974,-3.43125,-3.23814,-3.43125]
	PARPACK diagonalization completed after 60 matrix-vector product operations.
	iteration results: : total energy is -70.607243 | electron energy -70.689828 + phonon energy 0.082585 | electron momentum kIdx = 0
	Nq(0) = 14.0625,	Nq(1) = 0.353074,	Nq(2) = 0.406546,	Nq(3) = 0.353074,	Nq(4) = 0.353074,	Nq(5) = 0.555922,	Nq(6) = 0.542864,	Nq(7) = 0.555922,	Nq(8) = 0.406546,	Nq(9) = 0.542864,	Nq(10) = 0.591891,	Nq(11) = 0.542864,	Nq(12) = 0.353074,	Nq(13) = 0.555922,	Nq(14) = 0.542864,	Nq(15) = 0.555922,	Sq(0) = 0.0625,	Sq(1) = 0.406954,	Sq(2) = 0.504705,	Sq(3) = 0.406954,	Sq(4) = 0.406954,	Sq(5) = 0.635566,	Sq(6) = 0.684496,	Sq(7) = 0.635566,	Sq(8) = 0.504705,	Sq(9) = 0.684496,	Sq(10) = 0.745107,	Sq(11) = 0.684496,	Sq(12) = 0.406954,	Sq(13) = 0.635566,	Sq(14) = 0.684496,	Sq(15) = 0.635566,	N(0) = 1.99307,	N(1) = 1.99055,	N(2) = 1.22943,	N(3) = 1.99055,	N(4) = 1.99055,	N(5) = 0.637119,	N(6) = 0.00812351,	N(7) = 0.63712,	N(8) = 1.22943,	N(9) = 0.00812351,	N(10) = 0.00490654,	N(11) = 0.00812351,	N(12) = 1.99055,	N(13) = 0.63712,	N(14) = 0.00812351,	N(15) = 0.637119
The 0-th iteration is completed.	|| time cost : 0h 0m 53.006s
********************************************************************************************************************
Start the 1 rounds of NGS-ED iteration
	effective electronic model is modified as: kinetic energy t = 0.748967
	                                           effective interaction Vq = [ -3.8737,-3.62128,-3.45025,-3.62128,-3.62128,-3.58987,-3.39082,-3.58987,-3.45025,-3.39082,-3.28716,-3.39082,-3.62128,-3.58987,-3.39082,-3.58987]
	PARPACK diagonalization completed after 45 matrix-vector product operations.
	iteration results: : total energy is -74.095201 | electron energy -74.330698 + phonon energy 0.235496 | electron momentum kIdx = 0
The 1-th iteration is completed.	|| time cost : 0h 0m 20.956s
********************************************************************************************************************
Start the 2 rounds of NGS-ED iteration
	effective electronic model is modified as: kinetic energy t = 0.730797
	                                           effective interaction Vq = [ -3.9535,-3.72609,-3.50729,-3.72609,-3.72609,-3.69019,-3.48623,-3.69019,-3.50729,-3.48623,-3.37523,-3.48623,-3.72609,-3.69019,-3.48623,-3.69019]
	PARPACK diagonalization completed after 45 matrix-vector product operations.
	iteration results: : total energy is -75.409836 | electron energy -75.751513 + phonon energy 0.341677 | electron momentum kIdx = 0
The 2-th iteration is completed.	|| time cost : 0h 0m 20.933s
********************************************************************************************************************
Start the 3 rounds of NGS-ED iteration
	effective electronic model is modified as: kinetic energy t = 0.717959
	                                           effective interaction Vq = [-3.98285, -3.7822,-3.51962, -3.7822, -3.7822,-3.76234, -3.5443,-3.76234,-3.51962, -3.5443,-3.43084, -3.5443, -3.7822,-3.76234, -3.5443,-3.76234]
	PARPACK diagonalization completed after 45 matrix-vector product operations.
	iteration results: : total energy is -75.923481 | electron energy -76.332156 + phonon energy 0.408675 | electron momentum kIdx = 0
The 3-th iteration is completed.	|| time cost : 0h 0m 20.936s
********************************************************************************************************************
Start the 4 rounds of NGS-ED iteration
	effective electronic model is modified as: kinetic energy t = 0.708613
	                                           effective interaction Vq = [-3.99365,-3.81278,-3.53885,-3.81278,-3.81278,-3.81097,-3.57933,-3.81097,-3.53885,-3.57933, -3.4657,-3.57933,-3.81278,-3.81097,-3.57933,-3.81097]
	PARPACK diagonalization completed after 45 matrix-vector product operations.
	iteration results: : total energy is -76.125447 | electron energy -76.577159 + phonon energy 0.451712 | electron momentum kIdx = 0
The 4-th iteration is completed.	|| time cost : 0h 0m 20.962s
********************************************************************************************************************
Start the 5 rounds of NGS-ED iteration
	effective electronic model is modified as: kinetic energy t = 0.702264
	                                           effective interaction Vq = [-3.99762,-3.82972,-3.56238,-3.82972,-3.82972,-3.84034, -3.6004,-3.84034,-3.56238, -3.6004,-3.48753, -3.6004,-3.82972,-3.84034, -3.6004,-3.84034]
	PARPACK diagonalization completed after 30 matrix-vector product operations.
	iteration results: : total energy is -76.203212 | electron energy -76.683093 + phonon energy 0.479881 | electron momentum kIdx = 0
The 5-th iteration is completed.	|| time cost : 0h 0m 17.712s
********************************************************************************************************************
Start the 6 rounds of NGS-ED iteration
	effective electronic model is modified as: kinetic energy t = 0.698111
	                                           effective interaction Vq = [-3.99909,-3.83927,-3.58336,-3.83927,-3.83927,-3.85774,-3.61314,-3.85774,-3.58336,-3.61314,-3.50123,-3.61314,-3.83927,-3.85774,-3.61314,-3.85774]
	PARPACK diagonalization completed after 45 matrix-vector product operations.
	iteration results: : total energy is -76.232893 | electron energy -76.731142 + phonon energy 0.498249 | electron momentum kIdx = 0
The 6-th iteration is completed.	|| time cost : 0h 0m 20.937s
********************************************************************************************************************
Start the 7 rounds of NGS-ED iteration
	effective electronic model is modified as: kinetic energy t = 0.695428
	                                           effective interaction Vq = [-3.99962,-3.84473,-3.60022,-3.84473,-3.84473,-3.86808,-3.62087,-3.86808,-3.60022,-3.62087,-3.50986,-3.62087,-3.84473,-3.86808,-3.62087,-3.86808]
	PARPACK diagonalization completed after 30 matrix-vector product operations.
	iteration results: : total energy is -76.244225 | electron energy -76.754344 + phonon energy 0.510119 | electron momentum kIdx = 0
The 7-th iteration is completed.	|| time cost : 0h 0m 17.686s
********************************************************************************************************************
Start the 8 rounds of NGS-ED iteration
	effective electronic model is modified as: kinetic energy t = 0.693697
	                                           effective interaction Vq = [-3.99982,-3.84788,-3.61323,-3.84788,-3.84788,-3.87426,-3.62559,-3.87426,-3.61323,-3.62559,-3.51531,-3.62559,-3.84788,-3.87426,-3.62559,-3.87426]
	PARPACK diagonalization completed after 30 matrix-vector product operations.
	iteration results: : total energy is -76.248586 | electron energy -76.766330 + phonon energy 0.517744 | electron momentum kIdx = 0
The 8-th iteration is completed.	|| time cost : 0h 0m 17.726s
********************************************************************************************************************
Start the 9 rounds of NGS-ED iteration
	effective electronic model is modified as: kinetic energy t = 0.692576
	                                           effective interaction Vq = [-3.99989,-3.84971,-3.62308,-3.84971,-3.84971,-3.87799,-3.62848,-3.87799,-3.62308,-3.62848,-3.51876,-3.62848,-3.84971,-3.87799,-3.62848,-3.87799]
	PARPACK diagonalization completed after 30 matrix-vector product operations.
	iteration results: : total energy is -76.250290 | electron energy -76.772923 + phonon energy 0.522634 | electron momentum kIdx = 0
The 9-th iteration is completed.	|| time cost : 0h 0m 22.431s
********************************************************************************************************************
Start the 10 rounds of NGS-ED iteration
	effective electronic model is modified as: kinetic energy t = 0.691844
	                                           effective interaction Vq = [-3.99992,-3.85078,-3.63049,-3.85078,-3.85078,-3.88025,-3.63026,-3.88025,-3.63049,-3.63026,-3.52096,-3.63026,-3.85078,-3.88025,-3.63026,-3.88025]
	PARPACK diagonalization completed after 30 matrix-vector product operations.
	iteration results: : total energy is -76.250971 | electron energy -76.776746 + phonon energy 0.525775 | electron momentum kIdx = 0
	Nq(0) = 14.0625,	Nq(1) = 0.394102,	Nq(2) = 0.420468,	Nq(3) = 0.394102,	Nq(4) = 0.394102,	Nq(5) = 0.831899,	Nq(6) = 0.585869,	Nq(7) = 0.8319,	Nq(8) = 0.420468,	Nq(9) = 0.585869,	Nq(10) = 0.627028,	Nq(11) = 0.585869,	Nq(12) = 0.394102,	Nq(13) = 0.8319,	Nq(14) = 0.585869,	Nq(15) = 0.831899,	Sq(0) = 0.0625,	Sq(1) = 0.362863,	Sq(2) = 0.451279,	Sq(3) = 0.362863,	Sq(4) = 0.362863,	Sq(5) = 0.423103,	Sq(6) = 0.608148,	Sq(7) = 0.423103,	Sq(8) = 0.451279,	Sq(9) = 0.608148,	Sq(10) = 0.68054,	Sq(11) = 0.608148,	Sq(12) = 0.362863,	Sq(13) = 0.423103,	Sq(14) = 0.608148,	Sq(15) = 0.423103,	N(0) = 1.99729,	N(1) = 1.99638,	N(2) = 1.25081,	N(3) = 1.99638,	N(4) = 1.99638,	N(5) = 0.625386,	N(6) = 0.00322105,	N(7) = 0.625386,	N(8) = 1.25081,	N(9) = 0.00322105,	N(10) = 0.00113278,	N(11) = 0.00322105,	N(12) = 1.99638,	N(13) = 0.625386,	N(14) = 0.00322105,	N(15) = 0.625386
The 10-th iteration is completed.	|| time cost : 0h 0m 47.236s
********************************************************************************************************************
Start the 11 rounds of NGS-ED iteration
	effective electronic model is modified as: kinetic energy t = 0.691362
	                                           effective interaction Vq = [-3.99993,-3.85141,-3.63604,-3.85141,-3.85141,-3.88163,-3.63135,-3.88163,-3.63604,-3.63135,-3.52236,-3.63135,-3.85141,-3.88163,-3.63135,-3.88163]
	PARPACK diagonalization completed after 30 matrix-vector product operations.
	iteration results: : total energy is -76.251251 | electron energy -76.779054 + phonon energy 0.527803 | electron momentum kIdx = 0
The 11-th iteration is completed.	|| time cost : 0h 0m 17.687s
********************************************************************************************************************
Start the 12 rounds of NGS-ED iteration
	effective electronic model is modified as: kinetic energy t = 0.69104
	                                           effective interaction Vq = [-3.99993,-3.85179,-3.64019,-3.85179,-3.85179,-3.88248,-3.63203,-3.88248,-3.64019,-3.63203,-3.52326,-3.63203,-3.85179,-3.88248,-3.63203,-3.88248]
	PARPACK diagonalization completed after 30 matrix-vector product operations.
	iteration results: : total energy is -76.251371 | electron energy -76.780493 + phonon energy 0.529122 | electron momentum kIdx = 0
The 12-th iteration is completed.	|| time cost : 0h 0m 17.744s
********************************************************************************************************************
Start the 13 rounds of NGS-ED iteration
	effective electronic model is modified as: kinetic energy t = 0.690824
	                                           effective interaction Vq = [-3.99993,-3.85201,-3.64329,-3.85201,-3.85201,  -3.883,-3.63245,  -3.883,-3.64329,-3.63245,-3.52384,-3.63245,-3.85201,  -3.883,-3.63245,  -3.883]
	PARPACK diagonalization completed after 30 matrix-vector product operations.
	iteration results: : total energy is -76.251424 | electron energy -76.781411 + phonon energy 0.529987 | electron momentum kIdx = 0
The 13-th iteration is completed.	|| time cost : 0h 0m 17.748s
********************************************************************************************************************
Start the 14 rounds of NGS-ED iteration
	effective electronic model is modified as: kinetic energy t = 0.690676
	                                           effective interaction Vq = [-3.99994,-3.85214,-3.64561,-3.85214,-3.85214,-3.88333,-3.63271,-3.88333,-3.64561,-3.63271,-3.52421,-3.63271,-3.85214,-3.88333,-3.63271,-3.88333]
	PARPACK diagonalization completed after 30 matrix-vector product operations.
	iteration results: : total energy is -76.251449 | electron energy -76.782009 + phonon energy 0.530559 | electron momentum kIdx = 0
The 14-th iteration is completed.	|| time cost : 0h 0m 17.661s
********************************************************************************************************************
Start the 15 rounds of NGS-ED iteration
	effective electronic model is modified as: kinetic energy t = 0.690574
	                                           effective interaction Vq = [-3.99994,-3.85222,-3.64734,-3.85222,-3.85222,-3.88354,-3.63288,-3.88354,-3.64734,-3.63288,-3.52446,-3.63288,-3.85222,-3.88354,-3.63288,-3.88354]
	PARPACK diagonalization completed after 30 matrix-vector product operations.
	iteration results: : total energy is -76.251462 | electron energy -76.782404 + phonon energy 0.530943 | electron momentum kIdx = 0
The 15-th iteration is completed.	|| time cost : 0h 0m 17.753s
********************************************************************************************************************
Start the 16 rounds of NGS-ED iteration
	effective electronic model is modified as: kinetic energy t = 0.690503
	                                           effective interaction Vq = [-3.99994,-3.85227,-3.64864,-3.85227,-3.85227,-3.88367,-3.63298,-3.88367,-3.64864,-3.63298,-3.52461,-3.63298,-3.85227,-3.88367,-3.63298,-3.88367]
	PARPACK diagonalization completed after 30 matrix-vector product operations.
	iteration results: : total energy is -76.251468 | electron energy -76.782670 + phonon energy 0.531203 | electron momentum kIdx = 0
The 16-th iteration is completed.	|| time cost : 0h 0m 17.746s
********************************************************************************************************************
Start the 17 rounds of NGS-ED iteration
	effective electronic model is modified as: kinetic energy t = 0.690454
	                                           effective interaction Vq = [-3.99994,-3.85231,-3.64961,-3.85231,-3.85231,-3.88375,-3.63305,-3.88375,-3.64961,-3.63305,-3.52472,-3.63305,-3.85231,-3.88375,-3.63305,-3.88375]
	PARPACK diagonalization completed after 30 matrix-vector product operations.
	iteration results: : total energy is -76.251471 | electron energy -76.782851 + phonon energy 0.531380 | electron momentum kIdx = 0
The 17-th iteration is completed.	|| time cost : 0h 0m 17.74s
********************************************************************************************************************
Start the 18 rounds of NGS-ED iteration
	effective electronic model is modified as: kinetic energy t = 0.690418
	                                           effective interaction Vq = [-3.99994,-3.85233,-3.65033,-3.85233,-3.85233,-3.88381,-3.63309,-3.88381,-3.65033,-3.63309,-3.52478,-3.63309,-3.85233,-3.88381,-3.63309,-3.88381]
	PARPACK diagonalization completed after 30 matrix-vector product operations.
	iteration results: : total energy is -76.251472 | electron energy -76.782975 + phonon energy 0.531503 | electron momentum kIdx = 0
The 18-th iteration is completed.	|| time cost : 0h 0m 17.658s
********************************************************************************************************************
Start the 19 rounds of NGS-ED iteration
	effective electronic model is modified as: kinetic energy t = 0.690393
	                                           effective interaction Vq = [-3.99994,-3.85234,-3.65087,-3.85234,-3.85234,-3.88384,-3.63312,-3.88384,-3.65087,-3.63312,-3.52483,-3.63312,-3.85234,-3.88384,-3.63312,-3.88384]
	PARPACK diagonalization completed after 30 matrix-vector product operations.
	iteration results: : total energy is -76.251473 | electron energy -76.783062 + phonon energy 0.531589 | electron momentum kIdx = 0
The 19-th iteration is completed.	|| time cost : 0h 0m 17.65s
********************************************************************************************************************
Start the 20 rounds of NGS-ED iteration
	effective electronic model is modified as: kinetic energy t = 0.690374
	                                           effective interaction Vq = [-3.99994,-3.85235,-3.65128,-3.85235,-3.85235,-3.88387,-3.63313,-3.88387,-3.65128,-3.63313,-3.52486,-3.63313,-3.85235,-3.88387,-3.63313,-3.88387]
	PARPACK diagonalization completed after 30 matrix-vector product operations.
	iteration results: : total energy is -76.251474 | electron energy -76.783123 + phonon energy 0.531649 | electron momentum kIdx = 0
	Nq(0) = 14.0625,	Nq(1) = 0.393884,	Nq(2) = 0.428195,	Nq(3) = 0.393884,	Nq(4) = 0.393884,	Nq(5) = 0.833968,	Nq(6) = 0.585854,	Nq(7) = 0.833968,	Nq(8) = 0.428195,	Nq(9) = 0.585854,	Nq(10) = 0.627308,	Nq(11) = 0.585854,	Nq(12) = 0.393884,	Nq(13) = 0.833968,	Nq(14) = 0.585854,	Nq(15) = 0.833968,	Sq(0) = 0.0625,	Sq(1) = 0.36235,	Sq(2) = 0.450667,	Sq(3) = 0.36235,	Sq(4) = 0.36235,	Sq(5) = 0.419333,	Sq(6) = 0.607204,	Sq(7) = 0.419333,	Sq(8) = 0.450667,	Sq(9) = 0.607204,	Sq(10) = 0.679591,	Sq(11) = 0.607204,	Sq(12) = 0.36235,	Sq(13) = 0.419333,	Sq(14) = 0.607204,	Sq(15) = 0.419333,	N(0) = 1.99733,	N(1) = 1.99634,	N(2) = 1.22744,	N(3) = 1.99634,	N(4) = 1.99634,	N(5) = 0.637062,	N(6) = 0.00326651,	N(7) = 0.637062,	N(8) = 1.22744,	N(9) = 0.00326651,	N(10) = 0.00114007,	N(11) = 0.00326651,	N(12) = 1.99634,	N(13) = 0.637062,	N(14) = 0.00326651,	N(15) = 0.637062
The 20-th iteration is completed.	|| time cost : 0h 0m 46.441s
********************************************************************************************************************
Start the 21 rounds of NGS-ED iteration
	effective electronic model is modified as: kinetic energy t = 0.690361
	                                           effective interaction Vq = [-3.99994,-3.85235,-3.65158,-3.85235,-3.85235,-3.88388,-3.63315,-3.88388,-3.65158,-3.63315,-3.52488,-3.63315,-3.85235,-3.88388,-3.63315,-3.88388]
	PARPACK diagonalization completed after 30 matrix-vector product operations.
	iteration results: : total energy is -76.251474 | electron energy -76.783166 + phonon energy 0.531692 | electron momentum kIdx = 0
The 21-th iteration is completed.	|| time cost : 0h 0m 17.743s
********************************************************************************************************************
Start the 22 rounds of NGS-ED iteration
	effective electronic model is modified as: kinetic energy t = 0.690351
	                                           effective interaction Vq = [-3.99994,-3.85236, -3.6518,-3.85236,-3.85236,-3.88389,-3.63315,-3.88389, -3.6518,-3.63315,-3.52489,-3.63315,-3.85236,-3.88389,-3.63315,-3.88389]
	PARPACK diagonalization completed after 30 matrix-vector product operations.
	iteration results: : total energy is -76.251474 | electron energy -76.783197 + phonon energy 0.531723 | electron momentum kIdx = 0
The 22-th iteration is completed.	|| time cost : 0h 0m 20.053s
********************************************************************************************************************
Start the 23 rounds of NGS-ED iteration
	effective electronic model is modified as: kinetic energy t = 0.690344
	                                           effective interaction Vq = [-3.99994,-3.85236,-3.65197,-3.85236,-3.85236, -3.8839,-3.63316, -3.8839,-3.65197,-3.63316, -3.5249,-3.63316,-3.85236, -3.8839,-3.63316, -3.8839]
	PARPACK diagonalization completed after 30 matrix-vector product operations.
	iteration results: : total energy is -76.251474 | electron energy -76.783220 + phonon energy 0.531745 | electron momentum kIdx = 0
The 23-th iteration is completed.	|| time cost : 0h 0m 20.786s
********************************************************************************************************************
Start the 24 rounds of NGS-ED iteration
	effective electronic model is modified as: kinetic energy t = 0.690339
	                                           effective interaction Vq = [-3.99994,-3.85236, -3.6521,-3.85236,-3.85236,-3.88391,-3.63316,-3.88391, -3.6521,-3.63316,-3.52491,-3.63316,-3.85236,-3.88391,-3.63316,-3.88391]
	PARPACK diagonalization completed after 30 matrix-vector product operations.
	iteration results: : total energy is -76.251474 | electron energy -76.783236 + phonon energy 0.531762 | electron momentum kIdx = 0
The 24-th iteration is completed.	|| time cost : 0h 0m 20.71s
********************************************************************************************************************
Start the 25 rounds of NGS-ED iteration
	effective electronic model is modified as: kinetic energy t = 0.690335
	                                           effective interaction Vq = [-3.99994,-3.85236,-3.65219,-3.85236,-3.85236,-3.88391,-3.63316,-3.88391,-3.65219,-3.63316,-3.52491,-3.63316,-3.85236,-3.88391,-3.63316,-3.88391]
	PARPACK diagonalization completed after 30 matrix-vector product operations.
	iteration results: : total energy is -76.251474 | electron energy -76.783248 + phonon energy 0.531773 | electron momentum kIdx = 0
The 25-th iteration is completed.	|| time cost : 0h 0m 20.724s
********************************************************************************************************************
Start the 26 rounds of NGS-ED iteration
	effective electronic model is modified as: kinetic energy t = 0.690332
	                                           effective interaction Vq = [-3.99994,-3.85236,-3.65226,-3.85236,-3.85236,-3.88391,-3.63316,-3.88391,-3.65226,-3.63316,-3.52492,-3.63316,-3.85236,-3.88391,-3.63316,-3.88391]
	PARPACK diagonalization completed after 30 matrix-vector product operations.
	iteration results: : total energy is -76.251474 | electron energy -76.783256 + phonon energy 0.531782 | electron momentum kIdx = 0
The 26-th iteration is completed.	|| time cost : 0h 0m 20.706s
