TACC:  Starting up job 1813934 
TACC:  Starting parallel tasks... 
SNEDics v3.4 Non-Gaussian ED ground state program		Start at Fri Oct 23 21:17:06 2020

parallized on 16 MPI threads  * 7 OpenMP threads = 112 total threads.
********************************************************************************************************************
********************************************************************************************************************

********************************************************************************************************************
System parameters and configurations
********************************************************************************************************************
Special program options are enabled: splitted diagonal Hamiltonian
********************************************************************************************************************
Read input file "model_params.in"
	Hubbard-Holstein model parameters : 	t = 1    U = 7    g = 2    W = 1    
********************************************************************************************************************
Read input file "hilbertspace_params.in"
	Requested 16-site 2D lattice, with 14 electrons (7, 7)
	Boundary : Periodic		Hilbert space representation : momentum-space (restricted to kIdx = 0)
	Conservation: particle number[U(1)]      spin[U(1)]     momentum
********************************************************************************************************************

Cluster Positions:				Cluster symmetry group : D4
 x ... x ... x ... x .....                       x ... x ... x ... x .....
 |           |           :                       |           |           :
 |           |           :                       |           |           :
12    13    14    15     x                       1     5     6     5     x
 |           |           :                       |           |           :
 |           |           :                       |           |           :
 8 --- 9 ---10 ---11 --- x                       2 --- 6 ---10 --- 6 --- x
 |           |           :                       |           |           :
 |           |           :                       |           |           :
 4     5     6     7     x                       1     5     6     5     x
 |           |           :                       |           |           :
 |           |           :                       |           |           :
 0 --- 1 --- 2 --- 3 --- x                       0 --- 1 --- 2 --- 1 --- x
orbital number : 1
********************************************************************************************************************
Read input file "obs_params.in"
	Observable Type : Nq(All),   Sq(All),   N(All),   Delta[s](All),   Delta[d](All),   Delta[s+](All)
********************************************************************************************************************
** WARNING ** the input observables have non-local factors which have been reinterpreted. The total observable number is 96
********************************************************************************************************************


********************************************************************************************************************
Start calculating the non-Gaussian ED ground state
** WARNING ** Detected low phonon energy W < 10. The initial state will be prepared through a warm-up process.
********************************************************************************************************************
Start warm-up calculation for scaling factor 16
open output files: NGSEDWarmUpW16Obs.txt
********************************************************************************************************************
Start the 0 rounds of NGS-ED iteration
	effective electronic model is modified as: kinetic energy t = 1
	                                           effective interaction Vq = [0,0,0,0,0,0,0,0,0,0,0,0,0,0,0,0]
	first Hamiltonian is constructed, non-zero numbers = 2178478298
	PARPACK diagonalization completed after 150 matrix-vector product operations.
	iteration results: : total energy is -12.568403 | electron energy -12.568403 + phonon energy 0.000000 | electron momentum kIdx = 0
	Nq(0) = 12.25,	Nq(1) = 0.163588,	Nq(2) = 0.201502,	Nq(3) = 0.163588,	Nq(4) = 0.163588,	Nq(5) = 0.223027,	Nq(6) = 0.259383,	Nq(7) = 0.223027,	Nq(8) = 0.201502,	Nq(9) = 0.259383,	Nq(10) = 0.303533,	Nq(11) = 0.259383,	Nq(12) = 0.163588,	Nq(13) = 0.223027,	Nq(14) = 0.259383,	Nq(15) = 0.223027,	Sq(0) = 3.48613e-18,	Sq(1) = 0.475166,	Sq(2) = 0.748453,	Sq(3) = 0.475166,	Sq(4) = 0.475166,	Sq(5) = 0.621266,	Sq(6) = 1.01094,	Sq(7) = 0.621266,	Sq(8) = 0.748453,	Sq(9) = 1.01094,	Sq(10) = 2.53306,	Sq(11) = 1.01094,	Sq(12) = 0.475166,	Sq(13) = 0.621266,	Sq(14) = 1.01094,	Sq(15) = 0.621266,	N(0) = 1.7961,	N(1) = 1.64834,	N(2) = 0.271797,	N(3) = 1.64834,	N(4) = 1.64834,	N(5) = 0.999573,	N(6) = 0.232977,	N(7) = 0.999573,	N(8) = 0.271797,	N(9) = 0.232977,	N(10) = 0.136758,	N(11) = 0.232977,	N(12) = 1.64834,	N(13) = 0.999573,	N(14) = 0.232977,	N(15) = 0.999573,	Delta[s](0) = 0.0783956,	Delta[s](1) = 0.0630957,	Delta[s](2) = 0.0448725,	Delta[s](3) = 0.0630957,	Delta[s](4) = 0.0630957,	Delta[s](5) = 0.0504506,	Delta[s](6) = 0.0327166,	Delta[s](7) = 0.0504506,	Delta[s](8) = 0.0448725,	Delta[s](9) = 0.0327166,	Delta[s](10) = 0.0170724,	Delta[s](11) = 0.0327166,	Delta[s](12) = 0.0630957,	Delta[s](13) = 0.0504506,	Delta[s](14) = 0.0327166,	Delta[s](15) = 0.0504506,	Delta[d](0) = 0.265495,	Delta[d](1) = 0.195106,	Delta[d](2) = 0.203237,	Delta[d](3) = 0.195106,	Delta[d](4) = 0.195106,	Delta[d](5) = 0.182896,	Delta[d](6) = 0.138382,	Delta[d](7) = 0.182896,	Delta[d](8) = 0.203237,	Delta[d](9) = 0.138382,	Delta[d](10) = 0.0596742,	Delta[d](11) = 0.138382,	Delta[d](12) = 0.195106,	Delta[d](13) = 0.182896,	Delta[d](14) = 0.138382,	Delta[d](15) = 0.182896,	Delta[s+](0) = 0.556303,	Delta[s+](1) = 0.415688,	Delta[s+](2) = 0.203237,	Delta[s+](3) = 0.415688,	Delta[s+](4) = 0.415688,	Delta[s+](5) = 0.293689,	Delta[s+](6) = 0.132423,	Delta[s+](7) = 0.293689,	Delta[s+](8) = 0.203237,	Delta[s+](9) = 0.132423,	Delta[s+](10) = 0.0453802,	Delta[s+](11) = 0.132423,	Delta[s+](12) = 0.415688,	Delta[s+](13) = 0.293689,	Delta[s+](14) = 0.132423,	Delta[s+](15) = 0.293689
The 0-th iteration is completed.	|| time cost : 0h 6m 42.458s
********************************************************************************************************************
Start the 1 rounds of NGS-ED iteration
	effective electronic model is modified as: kinetic energy t = 0.896417
	                                           effective interaction Vq = [-3.83695,-3.67068,-3.55769,-3.67068,-3.67068,-3.58699, -3.5093,-3.58699,-3.55769, -3.5093,-3.46156, -3.5093,-3.67068,-3.58699, -3.5093,-3.58699]
	PARPACK diagonalization completed after 60 matrix-vector product operations.
	iteration results: : total energy is -75.173369 | electron energy -75.181488 + phonon energy 0.008119 | electron momentum kIdx = 0
The 1-th iteration is completed.	|| time cost : 0h 5m 12.989s
********************************************************************************************************************
Start the 2 rounds of NGS-ED iteration
	effective electronic model is modified as: kinetic energy t = 0.845469
	                                           effective interaction Vq = [-3.99335,-3.93847,-3.93849,-3.93847,-3.93847,-3.89519,-3.86135,-3.89519,-3.93849,-3.86135,-3.80308,-3.86135,-3.93847,-3.89519,-3.86135,-3.89519]
	PARPACK diagonalization completed after 45 matrix-vector product operations.
	iteration results: : total energy is -78.741741 | electron energy -78.788128 + phonon energy 0.046387 | electron momentum kIdx = 0
The 2-th iteration is completed.	|| time cost : 0h 0m 24.488s
********************************************************************************************************************
Start the 3 rounds of NGS-ED iteration
	effective electronic model is modified as: kinetic energy t = 0.834022
	                                           effective interaction Vq = [-3.99973,-3.96568,-3.97517,-3.96568,-3.96568,-3.93249,-3.90895,-3.93249,-3.97517,-3.90895, -3.8541,-3.90895,-3.96568,-3.93249,-3.90895,-3.93249]
	PARPACK diagonalization completed after 90 matrix-vector product operations.
	iteration results: : total energy is -79.086860 | electron energy -79.145682 + phonon energy 0.058822 | electron momentum kIdx = 0
The 3-th iteration is completed.	|| time cost : 0h 0m 32.973s
********************************************************************************************************************
Start the 4 rounds of NGS-ED iteration
	effective electronic model is modified as: kinetic energy t = 0.829265
	                                           effective interaction Vq = [-3.99999,-3.97055,-3.97122,-3.97055,-3.97055,-3.96157,-3.91889,-3.96157,-3.97122,-3.91889, -3.8878,-3.91889,-3.97055,-3.96157,-3.91889,-3.96157]
	PARPACK diagonalization completed after 45 matrix-vector product operations.
	iteration results: : total energy is -79.114664 | electron energy -79.177594 + phonon energy 0.062930 | electron momentum kIdx = 0
The 4-th iteration is completed.	|| time cost : 0h 0m 24.556s
********************************************************************************************************************
Start the 5 rounds of NGS-ED iteration
	effective electronic model is modified as: kinetic energy t = 0.828107
	                                           effective interaction Vq = [      -4,-3.97153,-3.96885,-3.97153,-3.97153,-3.96652,-3.92103,-3.96652,-3.96885,-3.92103,-3.90249,-3.92103,-3.97153,-3.96652,-3.92103,-3.96652]
	PARPACK diagonalization completed after 45 matrix-vector product operations.
	iteration results: : total energy is -79.116750 | electron energy -79.180994 + phonon energy 0.064245 | electron momentum kIdx = 0
The 5-th iteration is completed.	|| time cost : 0h 0m 24.529s
********************************************************************************************************************
Start the 6 rounds of NGS-ED iteration
	effective electronic model is modified as: kinetic energy t = 0.827687
	                                           effective interaction Vq = [      -4,-3.97184,-3.96768,-3.97184,-3.97184,-3.96711,-3.92169,-3.96711,-3.96768,-3.92169,-3.91256,-3.92169,-3.97184,-3.96711,-3.92169,-3.96711]
	PARPACK diagonalization completed after 45 matrix-vector product operations.
	iteration results: : total energy is -79.117420 | electron energy -79.182166 + phonon energy 0.064746 | electron momentum kIdx = 0
The 6-th iteration is completed.	|| time cost : 0h 0m 24.514s
********************************************************************************************************************
Start the 7 rounds of NGS-ED iteration
	effective electronic model is modified as: kinetic energy t = 0.827426
	                                           effective interaction Vq = [      -4,-3.97201,-3.96689,-3.97201,-3.97201,-3.96675,-3.92202,-3.96675,-3.96689,-3.92202,-3.92138,-3.92202,-3.97201,-3.96675,-3.92202,-3.96675]
	PARPACK diagonalization completed after 45 matrix-vector product operations.
	iteration results: : total energy is -79.118047 | electron energy -79.183117 + phonon energy 0.065069 | electron momentum kIdx = 0
The 7-th iteration is completed.	|| time cost : 0h 0m 24.465s
********************************************************************************************************************
Start the 8 rounds of NGS-ED iteration
	effective electronic model is modified as: kinetic energy t = 0.8272
	                                           effective interaction Vq = [      -4,-3.97213,-3.96609,-3.97213,-3.97213,-3.96605,-3.92225,-3.96605,-3.96609,-3.92225,-3.93011,-3.92225,-3.97213,-3.96605,-3.92225,-3.96605]
	PARPACK diagonalization completed after 45 matrix-vector product operations.
	iteration results: : total energy is -79.118825 | electron energy -79.184192 + phonon energy 0.065367 | electron momentum kIdx = 0
The 8-th iteration is completed.	|| time cost : 0h 0m 24.454s
********************************************************************************************************************
Start the 9 rounds of NGS-ED iteration
	effective electronic model is modified as: kinetic energy t = 0.826987
	                                           effective interaction Vq = [      -4,-3.97221,-3.96509,-3.97221,-3.97221,-3.96508,-3.92242,-3.96508,-3.96509,-3.92242,-3.93925,-3.92242,-3.97221,-3.96508,-3.92242,-3.96508]
	PARPACK diagonalization completed after 45 matrix-vector product operations.
	iteration results: : total energy is -79.119913 | electron energy -79.185594 + phonon energy 0.065681 | electron momentum kIdx = 0
The 9-th iteration is completed.	|| time cost : 0h 0m 24.431s
********************************************************************************************************************
Start the 10 rounds of NGS-ED iteration
	effective electronic model is modified as: kinetic energy t = 0.826802
	                                           effective interaction Vq = [      -4,-3.97223,-3.96373,-3.97223,-3.97223,-3.96372,-3.92249,-3.96372,-3.96373,-3.92249,-3.94881,-3.92249,-3.97223,-3.96372,-3.92249,-3.96372]
	PARPACK diagonalization completed after 45 matrix-vector product operations.
	iteration results: : total energy is -79.121443 | electron energy -79.187459 + phonon energy 0.066016 | electron momentum kIdx = 0
The 10-th iteration is completed.	|| time cost : 0h 0m 24.496s
********************************************************************************************************************
Start the 11 rounds of NGS-ED iteration
	effective electronic model is modified as: kinetic energy t = 0.826692
	                                           effective interaction Vq = [      -4,-3.97214,-3.96189,-3.97214,-3.97214,-3.96189,-3.92237,-3.96189,-3.96189,-3.92237,-3.95804,-3.92237,-3.97214,-3.96189,-3.92237,-3.96189]
	PARPACK diagonalization completed after 30 matrix-vector product operations.
	iteration results: : total energy is -79.123293 | electron energy -79.189638 + phonon energy 0.066345 | electron momentum kIdx = 0
The 11-th iteration is completed.	|| time cost : 0h 0m 21.617s
********************************************************************************************************************
Start the 12 rounds of NGS-ED iteration
	effective electronic model is modified as: kinetic energy t = 0.826703
	                                           effective interaction Vq = [      -4,-3.97192,-3.95973,-3.97192,-3.97192,-3.95973,  -3.922,-3.95973,-3.95973,  -3.922,-3.96566,  -3.922,-3.97192,-3.95973,  -3.922,-3.95973]
	PARPACK diagonalization completed after 30 matrix-vector product operations.
	iteration results: : total energy is -79.124917 | electron energy -79.191526 + phonon energy 0.066609 | electron momentum kIdx = 0
The 12-th iteration is completed.	|| time cost : 0h 0m 21.711s
********************************************************************************************************************
Start the 13 rounds of NGS-ED iteration
	effective electronic model is modified as: kinetic energy t = 0.826806
	                                           effective interaction Vq = [      -4,-3.97161,-3.95769,-3.97161,-3.97161,-3.95769,-3.92148,-3.95769,-3.95769,-3.92148,-3.97083,-3.92148,-3.97161,-3.95769,-3.92148,-3.95769]
	PARPACK diagonalization completed after 30 matrix-vector product operations.
	iteration results: : total energy is -79.125869 | electron energy -79.192640 + phonon energy 0.066771 | electron momentum kIdx = 0
The 13-th iteration is completed.	|| time cost : 0h 0m 21.679s
********************************************************************************************************************
Start the 14 rounds of NGS-ED iteration
	effective electronic model is modified as: kinetic energy t = 0.826928
	                                           effective interaction Vq = [      -4,-3.97133,-3.95619,-3.97133,-3.97133,-3.95619,-3.92099,-3.95619,-3.95619,-3.92099,-3.97384,-3.92099,-3.97133,-3.95619,-3.92099,-3.95619]
	PARPACK diagonalization completed after 30 matrix-vector product operations.
	iteration results: : total energy is -79.126258 | electron energy -79.193105 + phonon energy 0.066847 | electron momentum kIdx = 0
The 14-th iteration is completed.	|| time cost : 0h 0m 21.696s
********************************************************************************************************************
Start the 15 rounds of NGS-ED iteration
	effective electronic model is modified as: kinetic energy t = 0.827019
	                                           effective interaction Vq = [      -4,-3.97113,-3.95526,-3.97113,-3.97113,-3.95526,-3.92065,-3.95526,-3.95526,-3.92065,-3.97542,-3.92065,-3.97113,-3.95526,-3.92065,-3.95526]
	PARPACK diagonalization completed after 30 matrix-vector product operations.
	iteration results: : total energy is -79.126383 | electron energy -79.193258 + phonon energy 0.066875 | electron momentum kIdx = 0
The 15-th iteration is completed.	|| time cost : 0h 0m 21.723s
********************************************************************************************************************
Start the 16 rounds of NGS-ED iteration
	effective electronic model is modified as: kinetic energy t = 0.827076
	                                           effective interaction Vq = [      -4,-3.97101,-3.95474,-3.97101,-3.97101,-3.95474,-3.92044,-3.95474,-3.95474,-3.92044,-3.97622,-3.92044,-3.97101,-3.95474,-3.92044,-3.95474]
	PARPACK diagonalization completed after 30 matrix-vector product operations.
	iteration results: : total energy is -79.126417 | electron energy -79.193302 + phonon energy 0.066884 | electron momentum kIdx = 0
The 16-th iteration is completed.	|| time cost : 0h 0m 21.722s
********************************************************************************************************************
Start the 17 rounds of NGS-ED iteration
	effective electronic model is modified as: kinetic energy t = 0.827107
	                                           effective interaction Vq = [      -4,-3.97094,-3.95447,-3.97094,-3.97094,-3.95447,-3.92032,-3.95447,-3.95447,-3.92032,-3.97662,-3.92032,-3.97094,-3.95447,-3.92032,-3.95447]
	PARPACK diagonalization completed after 30 matrix-vector product operations.
	iteration results: : total energy is -79.126426 | electron energy -79.193313 + phonon energy 0.066887 | electron momentum kIdx = 0
	Nq(0) = 12.25,	Nq(1) = 0.404982,	Nq(2) = 0.622449,	Nq(3) = 0.404982,	Nq(4) = 0.404982,	Nq(5) = 0.622449,	Nq(6) = 0.672107,	Nq(7) = 0.622449,	Nq(8) = 0.622449,	Nq(9) = 0.672107,	Nq(10) = 1.75251,	Nq(11) = 0.672107,	Nq(12) = 0.404982,	Nq(13) = 0.622449,	Nq(14) = 0.672107,	Nq(15) = 0.622449,	Sq(0) = 2.8198e-18,	Sq(1) = 0.303876,	Sq(2) = 0.344847,	Sq(3) = 0.303876,	Sq(4) = 0.303876,	Sq(5) = 0.344847,	Sq(6) = 0.525027,	Sq(7) = 0.344847,	Sq(8) = 0.344847,	Sq(9) = 0.525027,	Sq(10) = 0.569742,	Sq(11) = 0.525027,	Sq(12) = 0.303876,	Sq(13) = 0.344847,	Sq(14) = 0.525027,	Sq(15) = 0.344847,	N(0) = 1.99434,	N(1) = 1.98483,	N(2) = 0.669551,	N(3) = 1.98483,	N(4) = 1.98483,	N(5) = 0.669551,	N(6) = 0.0111079,	N(7) = 0.669551,	N(8) = 0.669551,	N(9) = 0.0111079,	N(10) = 0.00458696,	N(11) = 0.0111079,	N(12) = 1.98483,	N(13) = 0.669551,	N(14) = 0.0111079,	N(15) = 0.669551,	Delta[s](0) = 0.624383,	Delta[s](1) = 0.263921,	Delta[s](2) = 0.234976,	Delta[s](3) = 0.263921,	Delta[s](4) = 0.263921,	Delta[s](5) = 0.234976,	Delta[s](6) = 0.196719,	Delta[s](7) = 0.234976,	Delta[s](8) = 0.234976,	Delta[s](9) = 0.196719,	Delta[s](10) = 0.14598,	Delta[s](11) = 0.196719,	Delta[s](12) = 0.263921,	Delta[s](13) = 0.234976,	Delta[s](14) = 0.196719,	Delta[s](15) = 0.234976,	Delta[d](0) = 0.235155,	Delta[d](1) = 0.193477,	Delta[d](2) = 0.19708,	Delta[d](3) = 0.193477,	Delta[d](4) = 0.193477,	Delta[d](5) = 0.149251,	Delta[d](6) = 0.150768,	Delta[d](7) = 0.149251,	Delta[d](8) = 0.19708,	Delta[d](9) = 0.150768,	Delta[d](10) = 0.0636394,	Delta[d](11) = 0.150768,	Delta[d](12) = 0.193477,	Delta[d](13) = 0.149251,	Delta[d](14) = 0.150768,	Delta[d](15) = 0.149251,	Delta[s+](0) = 0.430926,	Delta[s+](1) = 0.326416,	Delta[s+](2) = 0.19708,	Delta[s+](3) = 0.326416,	Delta[s+](4) = 0.326416,	Delta[s+](5) = 0.19708,	Delta[s+](6) = 0.081417,	Delta[s+](7) = 0.19708,	Delta[s+](8) = 0.19708,	Delta[s+](9) = 0.081417,	Delta[s+](10) = 0.0275378,	Delta[s+](11) = 0.081417,	Delta[s+](12) = 0.326416,	Delta[s+](13) = 0.19708,	Delta[s+](14) = 0.081417,	Delta[s+](15) = 0.19708
The 17-th iteration is completed.	|| time cost : 0h 3m 58.135s
********************************************************************************************************************
********************************************************************************************************************
Ground state is obtained after 18 iterations. The current ground-state energy is -79.1264, in which electron energy is -79.1933 and phonon energy is 0.0668866
final variational state is: 
	Gamma_x = [      1,1.01592,1.03015,1.01592,1.01592,1.03015,1.04158,1.03015,1.03015,1.04158,1.06347,1.04158,1.01592,1.03015,1.04158,1.03015]
	lambda_q = [     0.5,0.457358,0.446578,0.457358,0.457358,0.446578,0.429406,0.446578,0.446578,0.429406,0.461931,0.429406,0.457358,0.446578,0.429406,0.446578]
The effective e-e interactions mediated by phonons are: [      4,3.97091,3.95434,3.97091,3.97091,3.95434,3.92026,3.95434,3.95434,3.92026,3.97681,3.92026,3.97091,3.95434,3.92026,3.95434]
The real-space interactions mediated by phonons are: [  -63.2675,-0.0959369,-0.0125248,-0.0341492,  -0.12447, -0.088963,-0.0125248, 0.0363955,-0.0681391, 0.0363955,-0.0125248, -0.088963,  -0.12447,-0.0341492,-0.0125248,-0.0959369]
********************************************************************************************************************
o___o  ----------------------------------------
| L |	Time since last clock: 0h 0m 0s
A===A	Time since the beginning: 0h 21m 52.644s
***********************************************

********************************************************************************************************************
Start warm-up calculation for scaling factor 8
open output files: NGSEDWarmUpW8Obs.txt
********************************************************************************************************************
Start the 0 rounds of NGS-ED iteration
	effective electronic model is modified as: kinetic energy t = 0.827123
	                                           effective interaction Vq = [-3.65685,  -3.501,  -3.457,  -3.501,  -3.501,  -3.457,-3.38306,  -3.457,  -3.457,-3.38306,-3.51911,-3.38306,  -3.501,  -3.457,-3.38306,  -3.457]
	PARPACK diagonalization completed after 45 matrix-vector product operations.
	iteration results: : total energy is -70.348623 | electron energy -70.382067 + phonon energy 0.033444 | electron momentum kIdx = 0
	Nq(0) = 12.25,	Nq(1) = 0.379158,	Nq(2) = 0.457906,	Nq(3) = 0.379158,	Nq(4) = 0.379158,	Nq(5) = 0.457907,	Nq(6) = 0.598365,	Nq(7) = 0.457907,	Nq(8) = 0.457906,	Nq(9) = 0.598365,	Nq(10) = 0.672074,	Nq(11) = 0.598365,	Nq(12) = 0.379158,	Nq(13) = 0.457907,	Nq(14) = 0.598365,	Nq(15) = 0.457907,	Sq(0) = -5.35783e-18,	Sq(1) = 0.378081,	Sq(2) = 0.623966,	Sq(3) = 0.378081,	Sq(4) = 0.378081,	Sq(5) = 0.623966,	Sq(6) = 0.633602,	Sq(7) = 0.623966,	Sq(8) = 0.623966,	Sq(9) = 0.633602,	Sq(10) = 0.629868,	Sq(11) = 0.633602,	Sq(12) = 0.378081,	Sq(13) = 0.623966,	Sq(14) = 0.633602,	Sq(15) = 0.623966,	N(0) = 1.99973,	N(1) = 1.99951,	N(2) = 0.666816,	N(3) = 1.99951,	N(4) = 1.99951,	N(5) = 0.666815,	N(6) = 0.000288799,	N(7) = 0.666815,	N(8) = 0.666816,	N(9) = 0.000288799,	N(10) = 0.000188829,	N(11) = 0.000288799,	N(12) = 1.99951,	N(13) = 0.666815,	N(14) = 0.000288799,	N(15) = 0.666815,	Delta[s](0) = 0.229326,	Delta[s](1) = 0.201905,	Delta[s](2) = 0.171168,	Delta[s](3) = 0.201905,	Delta[s](4) = 0.201905,	Delta[s](5) = 0.171168,	Delta[s](6) = 0.153731,	Delta[s](7) = 0.171168,	Delta[s](8) = 0.171168,	Delta[s](9) = 0.153731,	Delta[s](10) = 0.110928,	Delta[s](11) = 0.153731,	Delta[s](12) = 0.201905,	Delta[s](13) = 0.171168,	Delta[s](14) = 0.153731,	Delta[s](15) = 0.171168,	Delta[d](0) = 0.312004,	Delta[d](1) = 0.21609,	Delta[d](2) = 0.220775,	Delta[d](3) = 0.21609,	Delta[d](4) = 0.21609,	Delta[d](5) = 0.176946,	Delta[d](6) = 0.17411,	Delta[d](7) = 0.176946,	Delta[d](8) = 0.220775,	Delta[d](9) = 0.17411,	Delta[d](10) = 0.144669,	Delta[d](11) = 0.17411,	Delta[d](12) = 0.21609,	Delta[d](13) = 0.176946,	Delta[d](14) = 0.17411,	Delta[d](15) = 0.176946,	Delta[s+](0) = 0.474423,	Delta[s+](1) = 0.359903,	Delta[s+](2) = 0.220775,	Delta[s+](3) = 0.359903,	Delta[s+](4) = 0.359903,	Delta[s+](5) = 0.220775,	Delta[s+](6) = 0.0994008,	Delta[s+](7) = 0.220775,	Delta[s+](8) = 0.220775,	Delta[s+](9) = 0.0994008,	Delta[s+](10) = 0.0363961,	Delta[s+](11) = 0.0994008,	Delta[s+](12) = 0.359903,	Delta[s+](13) = 0.220775,	Delta[s+](14) = 0.0994008,	Delta[s+](15) = 0.220775
The 0-th iteration is completed.	|| time cost : 0h 4m 0.011s
********************************************************************************************************************
Start the 1 rounds of NGS-ED iteration
	effective electronic model is modified as: kinetic energy t = 0.788429
	                                           effective interaction Vq = [-3.93072,-3.78186, -3.6837,-3.78186,-3.78186, -3.6837, -3.6358, -3.6837, -3.6837, -3.6358,-3.62726, -3.6358,-3.78186, -3.6837, -3.6358, -3.6837]
	PARPACK diagonalization completed after 75 matrix-vector product operations.
	iteration results: : total energy is -74.721051 | electron energy -74.855633 + phonon energy 0.134582 | electron momentum kIdx = 0
The 1-th iteration is completed.	|| time cost : 0h 0m 30.175s
********************************************************************************************************************
Start the 2 rounds of NGS-ED iteration
	effective electronic model is modified as: kinetic energy t = 0.761157
	                                           effective interaction Vq = [-3.98601,-3.87231, -3.8386,-3.87231,-3.87231, -3.8386,-3.73494, -3.8386, -3.8386,-3.73494,-3.67003,-3.73494,-3.87231, -3.8386,-3.73494, -3.8386]
	PARPACK diagonalization completed after 45 matrix-vector product operations.
	iteration results: : total energy is -75.809833 | electron energy -76.005664 + phonon energy 0.195832 | electron momentum kIdx = 0
The 2-th iteration is completed.	|| time cost : 0h 0m 24.463s
********************************************************************************************************************
Start the 3 rounds of NGS-ED iteration
	effective electronic model is modified as: kinetic energy t = 0.749011
	                                           effective interaction Vq = [-3.99718,-3.90304,-3.89175,-3.90304,-3.90304,-3.89175,-3.77325,-3.89175,-3.89175,-3.77325,-3.68365,-3.77325,-3.90304,-3.89175,-3.77325,-3.89175]
	PARPACK diagonalization completed after 30 matrix-vector product operations.
	iteration results: : total energy is -76.029583 | electron energy -76.257331 + phonon energy 0.227747 | electron momentum kIdx = 0
The 3-th iteration is completed.	|| time cost : 0h 0m 21.668s
********************************************************************************************************************
Start the 4 rounds of NGS-ED iteration
	effective electronic model is modified as: kinetic energy t = 0.743639
	                                           effective interaction Vq = [-3.99943,-3.91471,-3.91178,-3.91471,-3.91471,-3.91178,-3.78933,-3.91178,-3.91178,-3.78933,-3.69006,-3.78933,-3.91471,-3.91178,-3.78933,-3.91178]
	PARPACK diagonalization completed after 30 matrix-vector product operations.
	iteration results: : total energy is -76.073219 | electron energy -76.315889 + phonon energy 0.242670 | electron momentum kIdx = 0
The 4-th iteration is completed.	|| time cost : 0h 0m 21.733s
********************************************************************************************************************
Start the 5 rounds of NGS-ED iteration
	effective electronic model is modified as: kinetic energy t = 0.741279
	                                           effective interaction Vq = [-3.99988,-3.91941,-3.91982,-3.91941,-3.91941,-3.91982,-3.79636,-3.91982,-3.91982,-3.79636,-3.69326,-3.79636,-3.91941,-3.91982,-3.79636,-3.91982]
	PARPACK diagonalization completed after 30 matrix-vector product operations.
	iteration results: : total energy is -76.081824 | electron energy -76.331221 + phonon energy 0.249397 | electron momentum kIdx = 0
The 5-th iteration is completed.	|| time cost : 0h 0m 21.654s
********************************************************************************************************************
Start the 6 rounds of NGS-ED iteration
	effective electronic model is modified as: kinetic energy t = 0.740243
	                                           effective interaction Vq = [-3.99998,-3.92137,-3.92317,-3.92137,-3.92137,-3.92317,-3.79951,-3.92317,-3.92317,-3.79951,-3.69488,-3.79951,-3.92137,-3.92317,-3.79951,-3.92317]
	PARPACK diagonalization completed after 30 matrix-vector product operations.
	iteration results: : total energy is -76.083518 | electron energy -76.335906 + phonon energy 0.252389 | electron momentum kIdx = 0
The 6-th iteration is completed.	|| time cost : 0h 0m 21.656s
********************************************************************************************************************
Start the 7 rounds of NGS-ED iteration
	effective electronic model is modified as: kinetic energy t = 0.739789
	                                           effective interaction Vq = [      -4,-3.92219,-3.92458,-3.92219,-3.92219,-3.92458,-3.80094,-3.92458,-3.92458,-3.80094,-3.69571,-3.80094,-3.92219,-3.92458,-3.80094,-3.92458]
	PARPACK diagonalization completed after 30 matrix-vector product operations.
	iteration results: : total energy is -76.083851 | electron energy -76.337566 + phonon energy 0.253714 | electron momentum kIdx = 0
The 7-th iteration is completed.	|| time cost : 0h 0m 21.68s
********************************************************************************************************************
Start the 8 rounds of NGS-ED iteration
	effective electronic model is modified as: kinetic energy t = 0.739589
	                                           effective interaction Vq = [      -4,-3.92255,-3.92517,-3.92255,-3.92255,-3.92517,-3.80159,-3.92517,-3.92517,-3.80159,-3.69614,-3.80159,-3.92255,-3.92517,-3.80159,-3.92517]
	PARPACK diagonalization completed after 30 matrix-vector product operations.
	iteration results: : total energy is -76.083917 | electron energy -76.338219 + phonon energy 0.254302 | electron momentum kIdx = 0
The 8-th iteration is completed.	|| time cost : 0h 0m 21.708s
********************************************************************************************************************
Start the 9 rounds of NGS-ED iteration
	effective electronic model is modified as: kinetic energy t = 0.7395
	                                           effective interaction Vq = [      -4, -3.9227,-3.92543, -3.9227, -3.9227,-3.92543,-3.80188,-3.92543,-3.92543,-3.80188,-3.69636,-3.80188, -3.9227,-3.92543,-3.80188,-3.92543]
	PARPACK diagonalization completed after 30 matrix-vector product operations.
	iteration results: : total energy is -76.083930 | electron energy -76.338493 + phonon energy 0.254563 | electron momentum kIdx = 0
	Nq(0) = 12.25,	Nq(1) = 0.405899,	Nq(2) = 0.793097,	Nq(3) = 0.405899,	Nq(4) = 0.405899,	Nq(5) = 0.793097,	Nq(6) = 0.644975,	Nq(7) = 0.793097,	Nq(8) = 0.793097,	Nq(9) = 0.644975,	Nq(10) = 0.637164,	Nq(11) = 0.644975,	Nq(12) = 0.405899,	Nq(13) = 0.793097,	Nq(14) = 0.644975,	Nq(15) = 0.793097,	Sq(0) = 1.68727e-18,	Sq(1) = 0.320477,	Sq(2) = 0.353162,	Sq(3) = 0.320477,	Sq(4) = 0.320477,	Sq(5) = 0.353162,	Sq(6) = 0.543012,	Sq(7) = 0.353162,	Sq(8) = 0.353162,	Sq(9) = 0.543012,	Sq(10) = 0.577834,	Sq(11) = 0.543012,	Sq(12) = 0.320477,	Sq(13) = 0.353162,	Sq(14) = 0.543012,	Sq(15) = 0.353162,	N(0) = 1.99557,	N(1) = 1.9876,	N(2) = 0.669147,	N(3) = 1.9876,	N(4) = 1.9876,	N(5) = 0.669147,	N(6) = 0.00897791,	N(7) = 0.669147,	N(8) = 0.669147,	N(9) = 0.00897791,	N(10) = 0.00324665,	N(11) = 0.00897791,	N(12) = 1.9876,	N(13) = 0.669147,	N(14) = 0.00897791,	N(15) = 0.669147,	Delta[s](0) = 0.436312,	Delta[s](1) = 0.254847,	Delta[s](2) = 0.227455,	Delta[s](3) = 0.254847,	Delta[s](4) = 0.254847,	Delta[s](5) = 0.227455,	Delta[s](6) = 0.211943,	Delta[s](7) = 0.227455,	Delta[s](8) = 0.227455,	Delta[s](9) = 0.211943,	Delta[s](10) = 0.256421,	Delta[s](11) = 0.211943,	Delta[s](12) = 0.254847,	Delta[s](13) = 0.227455,	Delta[s](14) = 0.211943,	Delta[s](15) = 0.227455,	Delta[d](0) = 0.279363,	Delta[d](1) = 0.223202,	Delta[d](2) = 0.221468,	Delta[d](3) = 0.223202,	Delta[d](4) = 0.223202,	Delta[d](5) = 0.204852,	Delta[d](6) = 0.185278,	Delta[d](7) = 0.204852,	Delta[d](8) = 0.221468,	Delta[d](9) = 0.185278,	Delta[d](10) = 0.130769,	Delta[d](11) = 0.185278,	Delta[d](12) = 0.223202,	Delta[d](13) = 0.204852,	Delta[d](14) = 0.185278,	Delta[d](15) = 0.204852,	Delta[s+](0) = 0.445848,	Delta[s+](1) = 0.343825,	Delta[s+](2) = 0.221468,	Delta[s+](3) = 0.343825,	Delta[s+](4) = 0.343825,	Delta[s+](5) = 0.221468,	Delta[s+](6) = 0.108531,	Delta[s+](7) = 0.221468,	Delta[s+](8) = 0.221468,	Delta[s+](9) = 0.108531,	Delta[s+](10) = 0.0479445,	Delta[s+](11) = 0.108531,	Delta[s+](12) = 0.343825,	Delta[s+](13) = 0.221468,	Delta[s+](14) = 0.108531,	Delta[s+](15) = 0.221468
The 9-th iteration is completed.	|| time cost : 0h 3m 57.639s
********************************************************************************************************************
********************************************************************************************************************
Ground state is obtained after 10 iterations. The current ground-state energy is -76.0839, in which electron energy is -76.3385 and phonon energy is 0.254563
final variational state is: 
	Gamma_x = [      1,1.04973,1.09774,1.04973,1.04973,1.09774,1.11773,1.09774,1.09774,1.11773, 1.1352,1.11773,1.04973,1.09774,1.11773,1.09774]
	lambda_q = [0.707037,0.608848, 0.61063,0.608848,0.608848, 0.61063,0.549794, 0.61063, 0.61063,0.549794,0.512322,0.549794,0.608848, 0.61063,0.549794, 0.61063]
The effective e-e interactions mediated by phonons are: [      4,3.92276,3.92554,3.92276,3.92276,3.92554,3.80202,3.92554,3.92554,3.80202,3.69647,3.80202,3.92276,3.92554,3.80202,3.92554]
The real-space interactions mediated by phonons are: [  -62.1488, -0.394189,-0.0800153,  0.152855, -0.545006, 0.0221689,-0.0800153,-0.0786839,  0.154604,-0.0786839,-0.0800153, 0.0221689, -0.545006,  0.152855,-0.0800153, -0.394189]
********************************************************************************************************************
o___o  ----------------------------------------
| L |	Time since last clock: 0h 0m 0s
A===A	Time since the beginning: 0h 32m 55.037s
***********************************************

********************************************************************************************************************
Start warm-up calculation for scaling factor 4
open output files: NGSEDWarmUpW4Obs.txt
********************************************************************************************************************
Start the 0 rounds of NGS-ED iteration
	effective electronic model is modified as: kinetic energy t = 0.739461
	                                           effective interaction Vq = [-3.65669,  -3.388,-3.39356,  -3.388,  -3.388,-3.39356,-3.18926,-3.39356,-3.39356,-3.18926,-3.04868,-3.18926,  -3.388,-3.39356,-3.18926,-3.39356]
	PARPACK diagonalization completed after 60 matrix-vector product operations.
	iteration results: : total energy is -67.081781 | electron energy -67.209121 + phonon energy 0.127339 | electron momentum kIdx = 0
	Nq(0) = 12.25,	Nq(1) = 0.365737,	Nq(2) = 0.454471,	Nq(3) = 0.365737,	Nq(4) = 0.365737,	Nq(5) = 0.454471,	Nq(6) = 0.558271,	Nq(7) = 0.454471,	Nq(8) = 0.454471,	Nq(9) = 0.558271,	Nq(10) = 0.55666,	Nq(11) = 0.558271,	Nq(12) = 0.365737,	Nq(13) = 0.454471,	Nq(14) = 0.558271,	Nq(15) = 0.454471,	Sq(0) = -4.86257e-18,	Sq(1) = 0.387805,	Sq(2) = 0.658134,	Sq(3) = 0.387805,	Sq(4) = 0.387805,	Sq(5) = 0.658134,	Sq(6) = 0.655063,	Sq(7) = 0.658134,	Sq(8) = 0.658134,	Sq(9) = 0.655063,	Sq(10) = 0.650204,	Sq(11) = 0.655063,	Sq(12) = 0.387805,	Sq(13) = 0.658134,	Sq(14) = 0.655063,	Sq(15) = 0.658134,	N(0) = 1.99758,	N(1) = 1.99544,	N(2) = 0.667695,	N(3) = 1.99544,	N(4) = 1.99544,	N(5) = 0.667695,	N(6) = 0.00318972,	N(7) = 0.667695,	N(8) = 0.667695,	N(9) = 0.00318972,	N(10) = 0.00174728,	N(11) = 0.00318972,	N(12) = 1.99544,	N(13) = 0.667695,	N(14) = 0.00318972,	N(15) = 0.667695,	Delta[s](0) = 0.199301,	Delta[s](1) = 0.182756,	Delta[s](2) = 0.161571,	Delta[s](3) = 0.182756,	Delta[s](4) = 0.182756,	Delta[s](5) = 0.161571,	Delta[s](6) = 0.149095,	Delta[s](7) = 0.161571,	Delta[s](8) = 0.161571,	Delta[s](9) = 0.149095,	Delta[s](10) = 0.118626,	Delta[s](11) = 0.149095,	Delta[s](12) = 0.182756,	Delta[s](13) = 0.161571,	Delta[s](14) = 0.149095,	Delta[s](15) = 0.161571,	Delta[d](0) = 0.328898,	Delta[d](1) = 0.236967,	Delta[d](2) = 0.246455,	Delta[d](3) = 0.236967,	Delta[d](4) = 0.236967,	Delta[d](5) = 0.202569,	Delta[d](6) = 0.199798,	Delta[d](7) = 0.202569,	Delta[d](8) = 0.246455,	Delta[d](9) = 0.199798,	Delta[d](10) = 0.171792,	Delta[d](11) = 0.199798,	Delta[d](12) = 0.236967,	Delta[d](13) = 0.202569,	Delta[d](14) = 0.199798,	Delta[d](15) = 0.202569,	Delta[s+](0) = 0.512686,	Delta[s+](1) = 0.3899,	Delta[s+](2) = 0.246455,	Delta[s+](3) = 0.3899,	Delta[s+](4) = 0.3899,	Delta[s+](5) = 0.246455,	Delta[s+](6) = 0.121945,	Delta[s+](7) = 0.246455,	Delta[s+](8) = 0.246455,	Delta[s+](9) = 0.121945,	Delta[s+](10) = 0.0531938,	Delta[s+](11) = 0.121945,	Delta[s+](12) = 0.3899,	Delta[s+](13) = 0.246455,	Delta[s+](14) = 0.121945,	Delta[s+](15) = 0.246455
The 0-th iteration is completed.	|| time cost : 0h 4m 3.074s
********************************************************************************************************************
Start the 1 rounds of NGS-ED iteration
	effective electronic model is modified as: kinetic energy t = 0.728544
	                                           effective interaction Vq = [-3.84574,-3.55526,-3.45735,-3.55526,-3.55526,-3.45735,-3.30459,-3.45735,-3.45735,-3.30459,-3.12433,-3.30459,-3.55526,-3.45735,-3.30459,-3.45735]
	PARPACK diagonalization completed after 45 matrix-vector product operations.
	iteration results: : total energy is -69.681023 | electron energy -69.995661 + phonon energy 0.314638 | electron momentum kIdx = 0
The 1-th iteration is completed.	|| time cost : 0h 0m 24.456s
********************************************************************************************************************
Start the 2 rounds of NGS-ED iteration
	effective electronic model is modified as: kinetic energy t = 0.716391
	                                           effective interaction Vq = [-3.93069,-3.65829,-3.50781,-3.65829,-3.65829,-3.50781,-3.39308,-3.50781,-3.50781,-3.39308,-3.19331,-3.39308,-3.65829,-3.50781,-3.39308,-3.50781]
	PARPACK diagonalization completed after 45 matrix-vector product operations.
	iteration results: : total energy is -70.865972 | electron energy -71.308337 + phonon energy 0.442364 | electron momentum kIdx = 0
The 2-th iteration is completed.	|| time cost : 0h 0m 24.678s
********************************************************************************************************************
Start the 3 rounds of NGS-ED iteration
	effective electronic model is modified as: kinetic energy t = 0.694501
	                                           effective interaction Vq = [-3.96886,-3.72508,-3.64498,-3.72508,-3.72508,-3.64498, -3.4585,-3.64498,-3.64498, -3.4585,-3.25033, -3.4585,-3.72508,-3.64498, -3.4585,-3.64498]
	PARPACK diagonalization completed after 45 matrix-vector product operations.
