SNEDics v3.4 Non-Gaussian ED ground state program		Start at Wed Oct  2 02:14:14 2019

parallized on 16 MPI threads  * 8 OpenMP threads = 128 total threads.
********************************************************************************************************************
********************************************************************************************************************

********************************************************************************************************************
System parameters and configurations
********************************************************************************************************************
Special program options are enabled: splitted diagonal Hamiltonian
********************************************************************************************************************
Read input file "model_params.in"
	Hubbard-Holstein model parameters : 	t = 1    U = 7.06    g = 4.4721    W = 5    
********************************************************************************************************************
Read input file "hilbertspace_params.in"
	Requested 16-site 2D lattice, with 16 electrons (8, 8)
	Boundary : Periodic		Hilbert space representation : momentum-space (restricted to kIdx = 10)
	Conservation: particle number[U(1)]      spin[U(1)]     momentum
********************************************************************************************************************

Cluster Positions:				Cluster symmetry group : D4
 x ... x ... x ... x .....                       x ... x ... x ... x .....
 |           |           :                       |           |           :
 |           |           :                       |           |           :
12    13    14    15     x                       1     5     6     5     x
 |           |           :                       |           |           :
 |           |           :                       |           |           :
 8 --- 9 ---10 ---11 --- x                       2 --- 6 ---10 --- 6 --- x
 |           |           :                       |           |           :
 |           |           :                       |           |           :
 4     5     6     7     x                       1     5     6     5     x
 |           |           :                       |           |           :
 |           |           :                       |           |           :
 0 --- 1 --- 2 --- 3 --- x                       0 --- 1 --- 2 --- 1 --- x
orbital number : 1
********************************************************************************************************************
Read input file "obs_params.in"
	Observable Type : Nq(All),   Sq(All),   N(All),   Delta[s](All),   Delta[d](All),   Delta[s+](All)
********************************************************************************************************************
** WARNING ** the input observables have non-local factors which have been reinterpreted. The total observable number is 96
********************************************************************************************************************


********************************************************************************************************************
Start calculating the non-Gaussian ED ground state
** WARNING ** Detected low phonon energy W < 10. The initial state will be prepared through a warm-up process.
********************************************************************************************************************
Start warm-up calculation for scaling factor 2
open output files: NGSEDWarmUpW10Obs.txt
********************************************************************************************************************
Start the 0 rounds of NGS-ED iteration
	effective electronic model is modified as: kinetic energy t = 1
	                                           effective interaction Vq = [-0,-0,-0,-0,-0,-0,-0,-0,-0,-0,-0,-0,-0,-0,-0,-0]
	first Hamiltonian is constructed, non-zero numbers = 2845334624
	PARPACK diagonalization completed after 105 matrix-vector product operations.
	iteration results: : total energy is -9.158957 | electron energy -9.158957 + phonon energy 0.000000 | electron momentum kIdx = 10
	Nq(0) = 16,	Nq(1) = 0.0773847,	Nq(2) = 0.130831,	Nq(3) = 0.0773847,	Nq(4) = 0.0773847,	Nq(5) = 0.130831,	Nq(6) = 0.179542,	Nq(7) = 0.130831,	Nq(8) = 0.130831,	Nq(9) = 0.179542,	Nq(10) = 0.224024,	Nq(11) = 0.179542,	Nq(12) = 0.0773847,	Nq(13) = 0.130831,	Nq(14) = 0.179542,	Nq(15) = 0.130831,	Sq(0) = -9.24077e-19,	Sq(1) = 0.246862,	Sq(2) = 0.390511,	Sq(3) = 0.246862,	Sq(4) = 0.246862,	Sq(5) = 0.390511,	Sq(6) = 0.574748,	Sq(7) = 0.390511,	Sq(8) = 0.390511,	Sq(9) = 0.574748,	Sq(10) = 8.33378,	Sq(11) = 0.574748,	Sq(12) = 0.246862,	Sq(13) = 0.390511,	Sq(14) = 0.574748,	Sq(15) = 0.390511,	N(0) = 1.81132,	N(1) = 1.61613,	N(2) = 1,	N(3) = 1.61613,	N(4) = 1.61613,	N(5) = 1,	N(6) = 0.383872,	N(7) = 1,	N(8) = 1,	N(9) = 0.383872,	N(10) = 0.188683,	N(11) = 0.383872,	N(12) = 1.61613,	N(13) = 1,	N(14) = 0.383872,	N(15) = 1,	Delta[s](0) = 0.0976555,	Delta[s](1) = 0.0820033,	Delta[s](2) = 0.0648785,	Delta[s](3) = 0.0820033,	Delta[s](4) = 0.0820033,	Delta[s](5) = 0.0648785,	Delta[s](6) = 0.0461014,	Delta[s](7) = 0.0648785,	Delta[s](8) = 0.0648785,	Delta[s](9) = 0.0461014,	Delta[s](10) = 0.0190143,	Delta[s](11) = 0.0461014,	Delta[s](12) = 0.0820033,	Delta[s](13) = 0.0648785,	Delta[s](14) = 0.0461014,	Delta[s](15) = 0.0648785,	Delta[d](0) = 0.554147,	Delta[d](1) = 0.456923,	Delta[d](2) = 0.378526,	Delta[d](3) = 0.456923,	Delta[d](4) = 0.456923,	Delta[d](5) = 0.405518,	Delta[d](6) = 0.33764,	Delta[d](7) = 0.405518,	Delta[d](8) = 0.378526,	Delta[d](9) = 0.33764,	Delta[d](10) = 0.274143,	Delta[d](11) = 0.33764,	Delta[d](12) = 0.456923,	Delta[d](13) = 0.405518,	Delta[d](14) = 0.33764,	Delta[d](15) = 0.405518,	Delta[s+](0) = 0.603148,	Delta[s+](1) = 0.504209,	Delta[s+](2) = 0.378526,	Delta[s+](3) = 0.504209,	Delta[s+](4) = 0.504209,	Delta[s+](5) = 0.378526,	Delta[s+](6) = 0.252342,	Delta[s+](7) = 0.378526,	Delta[s+](8) = 0.378526,	Delta[s+](9) = 0.252342,	Delta[s+](10) = 0.140612,	Delta[s+](11) = 0.252342,	Delta[s+](12) = 0.504209,	Delta[s+](13) = 0.378526,	Delta[s+](14) = 0.252342,	Delta[s+](15) = 0.378526
The 0-th iteration is completed.	|| time cost : 0h 8m 24.02s
********************************************************************************************************************
Start the 1 rounds of NGS-ED iteration
	effective electronic model is modified as: kinetic energy t = 0.915493
	                                           effective interaction Vq = [ -3.4586,-2.98364,-2.90366,-2.98364,-2.98364,-2.90366,-2.85767,-2.90366,-2.90366,-2.85767,-2.82171,-2.85767,-2.98364,-2.90366,-2.85767,-2.90366]
	PARPACK diagonalization completed after 45 matrix-vector product operations.
	iteration results: : total energy is -73.320884 | electron energy -73.325346 + phonon energy 0.004462 | electron momentum kIdx = 10
The 1-th iteration is completed.	|| time cost : 0h 7m 42.282s
********************************************************************************************************************
Start the 2 rounds of NGS-ED iteration
	effective electronic model is modified as: kinetic energy t = 0.840918
	                                           effective interaction Vq = [-3.92667,-3.70404, -3.5596,-3.70404,-3.70404, -3.5596, -3.5539, -3.5596, -3.5596, -3.5539,  -3.482, -3.5539,-3.70404, -3.5596, -3.5539, -3.5596]
	PARPACK diagonalization completed after 45 matrix-vector product operations.
	iteration results: : total energy is -83.363236 | electron energy -83.419318 + phonon energy 0.056082 | electron momentum kIdx = 10
The 2-th iteration is completed.	|| time cost : 0h 0m 31.958s
********************************************************************************************************************
Start the 3 rounds of NGS-ED iteration
	effective electronic model is modified as: kinetic energy t = 0.798104
	                                           effective interaction Vq = [-3.99002,-3.88015,-3.82752,-3.88015,-3.88015,-3.82752,-3.75816,-3.82752,-3.82752,-3.75816,-3.66527,-3.75816,-3.88015,-3.82752,-3.75816,-3.82752]
	PARPACK diagonalization completed after 30 matrix-vector product operations.
	iteration results: : total energy is -85.253538 | electron energy -85.366882 + phonon energy 0.113344 | electron momentum kIdx = 10
The 3-th iteration is completed.	|| time cost : 0h 0m 27.592s
********************************************************************************************************************
Start the 4 rounds of NGS-ED iteration
	effective electronic model is modified as: kinetic energy t = 0.781835
	                                           effective interaction Vq = [-3.99859,-3.92318,-3.89674,-3.92318,-3.92318,-3.89674,-3.81754,-3.89674,-3.89674,-3.81754,-3.72195,-3.81754,-3.92318,-3.89674,-3.81754,-3.89674]
	PARPACK diagonalization completed after 30 matrix-vector product operations.
	iteration results: : total energy is -85.514175 | electron energy -85.658605 + phonon energy 0.144430 | electron momentum kIdx = 10
The 4-th iteration is completed.	|| time cost : 0h 0m 27.284s
********************************************************************************************************************
Start the 5 rounds of NGS-ED iteration
	effective electronic model is modified as: kinetic energy t = 0.775893
	                                           effective interaction Vq = [-3.99975,-3.93578,-3.91756,-3.93578,-3.93578,-3.91756,-3.83719,-3.91756,-3.91756,-3.83719,-3.74151,-3.83719,-3.93578,-3.91756,-3.83719,-3.91756]
	PARPACK diagonalization completed after 30 matrix-vector product operations.
	iteration results: : total energy is -85.548990 | electron energy -85.706159 + phonon energy 0.157168 | electron momentum kIdx = 10
The 5-th iteration is completed.	|| time cost : 0h 0m 27.255s
********************************************************************************************************************
Start the 6 rounds of NGS-ED iteration
	effective electronic model is modified as: kinetic energy t = 0.773753
	                                           effective interaction Vq = [-3.99991,-3.93985,-3.92443,-3.93985,-3.93985,-3.92443,-3.84412,-3.92443,-3.92443,-3.84412,-3.74858,-3.84412,-3.93985,-3.92443,-3.84412,-3.92443]
	PARPACK diagonalization completed after 30 matrix-vector product operations.
	iteration results: : total energy is -85.553585 | electron energy -85.715550 + phonon energy 0.161964 | electron momentum kIdx = 10
The 6-th iteration is completed.	|| time cost : 0h 0m 27.293s
********************************************************************************************************************
Start the 7 rounds of NGS-ED iteration
	effective electronic model is modified as: kinetic energy t = 0.772986
	                                           effective interaction Vq = [-3.99993,-3.94122,-3.92679,-3.94122,-3.94122,-3.92679,-3.84663,-3.92679,-3.92679,-3.84663,-3.75117,-3.84663,-3.94122,-3.92679,-3.84663,-3.92679]
	PARPACK diagonalization completed after 30 matrix-vector product operations.
	iteration results: : total energy is -85.554190 | electron energy -85.717909 + phonon energy 0.163720 | electron momentum kIdx = 10
The 7-th iteration is completed.	|| time cost : 0h 0m 27.284s
********************************************************************************************************************
Start the 8 rounds of NGS-ED iteration
	effective electronic model is modified as: kinetic energy t = 0.772712
	                                           effective interaction Vq = [-3.99994,-3.94168,-3.92762,-3.94168,-3.94168,-3.92762,-3.84754,-3.92762,-3.92762,-3.84754,-3.75213,-3.84754,-3.94168,-3.92762,-3.84754,-3.92762]
	PARPACK diagonalization completed after 30 matrix-vector product operations.
	iteration results: : total energy is -85.554269 | electron energy -85.718625 + phonon energy 0.164356 | electron momentum kIdx = 10
The 8-th iteration is completed.	|| time cost : 0h 0m 27.304s
********************************************************************************************************************
Start the 9 rounds of NGS-ED iteration
	effective electronic model is modified as: kinetic energy t = 0.772613
	                                           effective interaction Vq = [-3.99994,-3.94184,-3.92791,-3.94184,-3.94184,-3.92791,-3.84788,-3.92791,-3.92791,-3.84788,-3.75249,-3.84788,-3.94184,-3.92791,-3.84788,-3.92791]
	PARPACK diagonalization completed after 30 matrix-vector product operations.
	iteration results: : total energy is -85.554280 | electron energy -85.718865 + phonon energy 0.164586 | electron momentum kIdx = 10
	Nq(0) = 16,	Nq(1) = 0.405986,	Nq(2) = 0.696751,	Nq(3) = 0.405986,	Nq(4) = 0.405986,	Nq(5) = 0.696751,	Nq(6) = 0.656798,	Nq(7) = 0.696751,	Nq(8) = 0.696751,	Nq(9) = 0.656798,	Nq(10) = 0.632805,	Nq(11) = 0.656798,	Nq(12) = 0.405986,	Nq(13) = 0.696751,	Nq(14) = 0.656798,	Nq(15) = 0.696751,	Sq(0) = 2.79907e-18,	Sq(1) = 0.343019,	Sq(2) = 0.422487,	Sq(3) = 0.343019,	Sq(4) = 0.343019,	Sq(5) = 0.422487,	Sq(6) = 0.564375,	Sq(7) = 0.422487,	Sq(8) = 0.422487,	Sq(9) = 0.564375,	Sq(10) = 0.771062,	Sq(11) = 0.564375,	Sq(12) = 0.343019,	Sq(13) = 0.422487,	Sq(14) = 0.564375,	Sq(15) = 0.422487,	N(0) = 1.99491,	N(1) = 1.99195,	N(2) = 1,	N(3) = 1.99195,	N(4) = 1.99195,	N(5) = 1,	N(6) = 0.00804948,	N(7) = 1,	N(8) = 1,	N(9) = 0.00804948,	N(10) = 0.00509357,	N(11) = 0.00804948,	N(12) = 1.99195,	N(13) = 1,	N(14) = 0.00804948,	N(15) = 1,	Delta[s](0) = 0.303293,	Delta[s](1) = 0.303562,	Delta[s](2) = 0.302258,	Delta[s](3) = 0.303562,	Delta[s](4) = 0.303562,	Delta[s](5) = 0.302258,	Delta[s](6) = 0.253876,	Delta[s](7) = 0.302258,	Delta[s](8) = 0.302258,	Delta[s](9) = 0.253876,	Delta[s](10) = 0.185624,	Delta[s](11) = 0.253876,	Delta[s](12) = 0.303562,	Delta[s](13) = 0.302258,	Delta[s](14) = 0.253876,	Delta[s](15) = 0.302258,	Delta[d](0) = 0.306329,	Delta[d](1) = 0.290349,	Delta[d](2) = 0.265354,	Delta[d](3) = 0.290349,	Delta[d](4) = 0.290349,	Delta[d](5) = 0.265387,	Delta[d](6) = 0.252879,	Delta[d](7) = 0.265387,	Delta[d](8) = 0.265354,	Delta[d](9) = 0.252879,	Delta[d](10) = 0.324862,	Delta[d](11) = 0.252879,	Delta[d](12) = 0.290349,	Delta[d](13) = 0.265387,	Delta[d](14) = 0.252879,	Delta[d](15) = 0.265387,	Delta[s+](0) = 0.460325,	Delta[s+](1) = 0.381918,	Delta[s+](2) = 0.265354,	Delta[s+](3) = 0.381918,	Delta[s+](4) = 0.381918,	Delta[s+](5) = 0.265354,	Delta[s+](6) = 0.142293,	Delta[s+](7) = 0.265354,	Delta[s+](8) = 0.265354,	Delta[s+](9) = 0.142293,	Delta[s+](10) = 0.0578679,	Delta[s+](11) = 0.142293,	Delta[s+](12) = 0.381918,	Delta[s+](13) = 0.265354,	Delta[s+](14) = 0.142293,	Delta[s+](15) = 0.265354
The 9-th iteration is completed.	|| time cost : 0h 4m 38.235s
********************************************************************************************************************
********************************************************************************************************************
Ground state is obtained after 10 iterations. The current ground-state energy is -85.5543, in which electron energy is -85.7189 and phonon energy is 0.164586
final variational state is: 
	Gamma_x = [      1,1.03499,1.06678,1.03499,1.03499,1.06678,1.08581,1.06678,1.06678,1.08581,1.09902,1.08581,1.03499,1.06678,1.08581,1.06678]
	lambda_q = [0.632422,0.556265, 0.54764,0.556265,0.556265, 0.54764, 0.50919, 0.54764, 0.54764, 0.50919,0.475187, 0.50919,0.556265, 0.54764, 0.50919, 0.54764]
********************************************************************************************************************
o___o  ----------------------------------------
| L |	Time since last clock: 0h 0m 0s
A===A	Time since the beginning: 0h 24m 0.512s
***********************************************


********************************************************************************************************************
Warm up runs have been completed. Start calculating W = 5 phonon.
open output files: NGSEDIterationObs.txt
********************************************************************************************************************
Start the 0 rounds of NGS-ED iteration
	effective electronic model is modified as: kinetic energy t = 0.772578
	                                           effective interaction Vq = [-3.65672,-3.42819,-3.39865,-3.42819,-3.42819,-3.39865,-3.25792,-3.39865,-3.39865,-3.25792,-3.12115,-3.25792,-3.42819,-3.39865,-3.25792,-3.39865]
	PARPACK diagonalization completed after 45 matrix-vector product operations.
	iteration results: : total energy is -75.639000 | electron energy -75.721335 + phonon energy 0.082334 | electron momentum kIdx = 10
	Nq(0) = 16,	Nq(1) = 0.353167,	Nq(2) = 0.37026,	Nq(3) = 0.353167,	Nq(4) = 0.353167,	Nq(5) = 0.37026,	Nq(6) = 0.559145,	Nq(7) = 0.37026,	Nq(8) = 0.37026,	Nq(9) = 0.559145,	Nq(10) = 0.565113,	Nq(11) = 0.559145,	Nq(12) = 0.353167,	Nq(13) = 0.37026,	Nq(14) = 0.559145,	Nq(15) = 0.37026,	Sq(0) = 7.75803e-18,	Sq(1) = 0.377126,	Sq(2) = 0.418976,	Sq(3) = 0.377126,	Sq(4) = 0.377126,	Sq(5) = 0.418976,	Sq(6) = 0.6428,	Sq(7) = 0.418976,	Sq(8) = 0.418976,	Sq(9) = 0.6428,	Sq(10) = 2.97052,	Sq(11) = 0.6428,	Sq(12) = 0.377126,	Sq(13) = 0.418976,	Sq(14) = 0.6428,	Sq(15) = 0.418976,	N(0) = 1.9985,	N(1) = 1.99647,	N(2) = 1,	N(3) = 1.99647,	N(4) = 1.99647,	N(5) = 1,	N(6) = 0.0035272,	N(7) = 1,	N(8) = 1,	N(9) = 0.0035272,	N(10) = 0.00150137,	N(11) = 0.0035272,	N(12) = 1.99647,	N(13) = 1,	N(14) = 0.0035272,	N(15) = 1,	Delta[s](0) = 0.234777,	Delta[s](1) = 0.22871,	Delta[s](2) = 0.195343,	Delta[s](3) = 0.22871,	Delta[s](4) = 0.22871,	Delta[s](5) = 0.195343,	Delta[s](6) = 0.189742,	Delta[s](7) = 0.195343,	Delta[s](8) = 0.195343,	Delta[s](9) = 0.189742,	Delta[s](10) = 0.137318,	Delta[s](11) = 0.189742,	Delta[s](12) = 0.22871,	Delta[s](13) = 0.195343,	Delta[s](14) = 0.189742,	Delta[s](15) = 0.195343,	Delta[d](0) = 0.496194,	Delta[d](1) = 0.340829,	Delta[d](2) = 0.304595,	Delta[d](3) = 0.340829,	Delta[d](4) = 0.340829,	Delta[d](5) = 0.380451,	Delta[d](6) = 0.28912,	Delta[d](7) = 0.380451,	Delta[d](8) = 0.304595,	Delta[d](9) = 0.28912,	Delta[d](10) = 0.266164,	Delta[d](11) = 0.28912,	Delta[d](12) = 0.340829,	Delta[d](13) = 0.380451,	Delta[d](14) = 0.28912,	Delta[d](15) = 0.380451,	Delta[s+](0) = 0.527853,	Delta[s+](1) = 0.439788,	Delta[s+](2) = 0.304595,	Delta[s+](3) = 0.439788,	Delta[s+](4) = 0.439788,	Delta[s+](5) = 0.304595,	Delta[s+](6) = 0.168207,	Delta[s+](7) = 0.304595,	Delta[s+](8) = 0.304595,	Delta[s+](9) = 0.168207,	Delta[s+](10) = 0.0657533,	Delta[s+](11) = 0.168207,	Delta[s+](12) = 0.439788,	Delta[s+](13) = 0.304595,	Delta[s+](14) = 0.168207,	Delta[s+](15) = 0.304595
The 0-th iteration is completed.	|| time cost : 0h 4m 42.694s
********************************************************************************************************************
Start the 1 rounds of NGS-ED iteration
	effective electronic model is modified as: kinetic energy t = 0.757647
	                                           effective interaction Vq = [-3.87367,-3.62274,-3.44646,-3.62274,-3.62274,-3.44646,-3.40616,-3.44646,-3.44646,-3.40616,-3.24463,-3.40616,-3.62274,-3.44646,-3.40616,-3.44646]
	PARPACK diagonalization completed after 30 matrix-vector product operations.
	iteration results: : total energy is -79.412721 | electron energy -79.643669 + phonon energy 0.230948 | electron momentum kIdx = 10
The 1-th iteration is completed.	|| time cost : 0h 0m 27.256s
********************************************************************************************************************
Start the 2 rounds of NGS-ED iteration
	effective electronic model is modified as: kinetic energy t = 0.743949
	                                           effective interaction Vq = [-3.95349,-3.73108,-3.48409,-3.73108,-3.73108,-3.48409,-3.50747,-3.48409,-3.48409,-3.50747,-3.33111,-3.50747,-3.73108,-3.48409,-3.50747,-3.48409]
	PARPACK diagonalization completed after 30 matrix-vector product operations.
	iteration results: : total energy is -80.824519 | electron energy -81.149801 + phonon energy 0.325282 | electron momentum kIdx = 10
The 2-th iteration is completed.	|| time cost : 0h 0m 27.337s
********************************************************************************************************************
Start the 3 rounds of NGS-ED iteration
	effective electronic model is modified as: kinetic energy t = 0.73363
	                                           effective interaction Vq = [-3.98285,-3.79324,-3.50976,-3.79324,-3.79324,-3.50976,-3.57418,-3.50976,-3.50976,-3.57418,-3.38637,-3.57418,-3.79324,-3.50976,-3.57418,-3.50976]
	PARPACK diagonalization completed after 30 matrix-vector product operations.
	iteration results: : total energy is -81.356545 | electron energy -81.738325 + phonon energy 0.381779 | electron momentum kIdx = 10
The 3-th iteration is completed.	|| time cost : 0h 0m 27.554s
********************************************************************************************************************
Start the 4 rounds of NGS-ED iteration
	effective electronic model is modified as: kinetic energy t = 0.726337
	                                           effective interaction Vq = [-3.99365,-3.82989,-3.52707,-3.82989,-3.82989,-3.52707,-3.61778,-3.52707,-3.52707,-3.61778,-3.42075,-3.61778,-3.82989,-3.52707,-3.61778,-3.52707]
	PARPACK diagonalization completed after 30 matrix-vector product operations.
	iteration results: : total energy is -81.557898 | electron energy -81.974652 + phonon energy 0.416754 | electron momentum kIdx = 10
The 4-th iteration is completed.	|| time cost : 0h 0m 27.304s
********************************************************************************************************************
Start the 5 rounds of NGS-ED iteration
	effective electronic model is modified as: kinetic energy t = 0.721079
	                                           effective interaction Vq = [-3.99762, -3.8521,-3.54174, -3.8521, -3.8521,-3.54174, -3.6461,-3.54174,-3.54174, -3.6461,-3.44209, -3.6461, -3.8521,-3.54174, -3.6461,-3.54174]
	PARPACK diagonalization completed after 45 matrix-vector product operations.
	iteration results: : total energy is -81.636282 | electron energy -82.075555 + phonon energy 0.439273 | electron momentum kIdx = 10
The 5-th iteration is completed.	|| time cost : 0h 0m 32.314s
********************************************************************************************************************
Start the 6 rounds of NGS-ED iteration
	effective electronic model is modified as: kinetic energy t = 0.710806
	                                           effective interaction Vq = [-3.99908, -3.8649,-3.62505, -3.8649, -3.8649,-3.62505,-3.66134,-3.62505,-3.62505,-3.66134,-3.45854,-3.66134, -3.8649,-3.62505,-3.66134,-3.62505]
	PARPACK diagonalization completed after 30 matrix-vector product operations.
	iteration results: : total energy is -81.770126 | electron energy -82.229478 + phonon energy 0.459352 | electron momentum kIdx = 10
The 6-th iteration is completed.	|| time cost : 0h 0m 27.573s
********************************************************************************************************************
Start the 7 rounds of NGS-ED iteration
	effective electronic model is modified as: kinetic energy t = 0.699546
	                                           effective interaction Vq = [-3.99962,-3.86706,-3.72104,-3.86706,-3.86706,-3.72104,-3.66843,-3.72104,-3.72104,-3.66843,-3.47132,-3.66843,-3.86706,-3.72104,-3.66843,-3.72104]
	PARPACK diagonalization completed after 30 matrix-vector product operations.
	iteration results: : total energy is -81.885196 | electron energy -82.367573 + phonon energy 0.482377 | electron momentum kIdx = 10
The 7-th iteration is completed.	|| time cost : 0h 0m 27.575s
********************************************************************************************************************
Start the 8 rounds of NGS-ED iteration
	effective electronic model is modified as: kinetic energy t = 0.692948
	                                           effective interaction Vq = [-3.99982,-3.86718,-3.77369,-3.86718,-3.86718,-3.77369,-3.67104,-3.77369,-3.77369,-3.67104,-3.47839,-3.67104,-3.86718,-3.77369,-3.67104,-3.77369]
	PARPACK diagonalization completed after 30 matrix-vector product operations.
	iteration results: : total energy is -81.931424 | electron energy -82.434348 + phonon energy 0.502924 | electron momentum kIdx = 10
The 8-th iteration is completed.	|| time cost : 0h 0m 27.598s
********************************************************************************************************************
Start the 9 rounds of NGS-ED iteration
	effective electronic model is modified as: kinetic energy t = 0.689043
	                                           effective interaction Vq = [-3.99989,-3.86662,-3.80367,-3.86662,-3.86662,-3.80367,-3.67162,-3.80367,-3.80367,-3.67162, -3.4822,-3.67162,-3.86662,-3.80367,-3.67162,-3.80367]
	PARPACK diagonalization completed after 30 matrix-vector product operations.
	iteration results: : total energy is -81.949676 | electron energy -82.467439 + phonon energy 0.517764 | electron momentum kIdx = 10
The 9-th iteration is completed.	|| time cost : 0h 0m 27.621s
********************************************************************************************************************
Start the 10 rounds of NGS-ED iteration
	effective electronic model is modified as: kinetic energy t = 0.686726
	                                           effective interaction Vq = [-3.99992,-3.86594,-3.82115,-3.86594,-3.86594,-3.82115,-3.67135,-3.82115,-3.82115,-3.67135, -3.4842,-3.67135,-3.86594,-3.82115,-3.67135,-3.82115]
	PARPACK diagonalization completed after 105 matrix-vector product operations.
	iteration results: : total energy is -82.080802 | electron energy -82.608334 + phonon energy 0.527532 | electron momentum kIdx = 10
	Nq(0) = 16,	Nq(1) = 0.400873,	Nq(2) = 0.776724,	Nq(3) = 0.400873,	Nq(4) = 0.400873,	Nq(5) = 0.776723,	Nq(6) = 0.60883,	Nq(7) = 0.776723,	Nq(8) = 0.776721,	Nq(9) = 0.60883,	Nq(10) = 0.781701,	Nq(11) = 0.60883,	Nq(12) = 0.400873,	Nq(13) = 0.776723,	Nq(14) = 0.60883,	Nq(15) = 0.776723,	Sq(0) = -1.07135e-17,	Sq(1) = 0.348527,	Sq(2) = 0.366303,	Sq(3) = 0.348527,	Sq(4) = 0.348527,	Sq(5) = 0.366303,	Sq(6) = 0.5824,	Sq(7) = 0.366303,	Sq(8) = 0.366303,	Sq(9) = 0.5824,	Sq(10) = 0.597623,	Sq(11) = 0.5824,	Sq(12) = 0.348527,	Sq(13) = 0.366303,	Sq(14) = 0.5824,	Sq(15) = 0.366303,	N(0) = 1.99845,	N(1) = 1.99388,	N(2) = 1,	N(3) = 1.99388,	N(4) = 1.99388,	N(5) = 1,	N(6) = 0.00612339,	N(7) = 1,	N(8) = 1,	N(9) = 0.00612338,	N(10) = 0.00154982,	N(11) = 0.00612338,	N(12) = 1.99388,	N(13) = 1,	N(14) = 0.00612339,	N(15) = 1,	Delta[s](0) = 0.345907,	Delta[s](1) = 0.303222,	Delta[s](2) = 0.285584,	Delta[s](3) = 0.303222,	Delta[s](4) = 0.303222,	Delta[s](5) = 0.285584,	Delta[s](6) = 0.275394,	Delta[s](7) = 0.285584,	Delta[s](8) = 0.285584,	Delta[s](9) = 0.275394,	Delta[s](10) = 0.366549,	Delta[s](11) = 0.275394,	Delta[s](12) = 0.303222,	Delta[s](13) = 0.285584,	Delta[s](14) = 0.275394,	Delta[s](15) = 0.285584,	Delta[d](0) = 0.370264,	Delta[d](1) = 0.325933,	Delta[d](2) = 0.302341,	Delta[d](3) = 0.325933,	Delta[d](4) = 0.325933,	Delta[d](5) = 0.299943,	Delta[d](6) = 0.289218,	Delta[d](7) = 0.299943,	Delta[d](8) = 0.302341,	Delta[d](9) = 0.289218,	Delta[d](10) = 0.229741,	Delta[d](11) = 0.289218,	Delta[d](12) = 0.325933,	Delta[d](13) = 0.299943,	Delta[d](14) = 0.289218,	Delta[d](15) = 0.299943,	Delta[s+](0) = 0.507086,	Delta[s+](1) = 0.420668,	Delta[s+](2) = 0.302341,	Delta[s+](3) = 0.420668,	Delta[s+](4) = 0.420668,	Delta[s+](5) = 0.302341,	Delta[s+](6) = 0.180177,	Delta[s+](7) = 0.302341,	Delta[s+](8) = 0.302341,	Delta[s+](9) = 0.180177,	Delta[s+](10) = 0.0901524,	Delta[s+](11) = 0.180177,	Delta[s+](12) = 0.420668,	Delta[s+](13) = 0.302341,	Delta[s+](14) = 0.180177,	Delta[s+](15) = 0.302341
The 10-th iteration is completed.	|| time cost : 0h 4m 44.74s
********************************************************************************************************************
Start the 11 rounds of NGS-ED iteration
	effective electronic model is modified as: kinetic energy t = 0.681084
	                                           effective interaction Vq = [-3.99993,-3.86282,-3.84637,-3.86282,-3.86282,-3.84637,-3.66554,-3.84637,-3.84637,-3.66554,-3.58621,-3.66554,-3.86282,-3.84637,-3.66554,-3.84637]
	PARPACK diagonalization completed after 30 matrix-vector product operations.
	iteration results: : total energy is -82.115647 | electron energy -82.655161 + phonon energy 0.539514 | electron momentum kIdx = 10
The 11-th iteration is completed.	|| time cost : 0h 0m 27.316s
********************************************************************************************************************
Start the 12 rounds of NGS-ED iteration
	effective electronic model is modified as: kinetic energy t = 0.677823
	                                           effective interaction Vq = [-3.99993,-3.86034,-3.86049,-3.86034,-3.86034,-3.86049,-3.66111,-3.86049,-3.86049,-3.66111,-3.64837,-3.66111,-3.86034,-3.86049,-3.66111,-3.86049]
	PARPACK diagonalization completed after 30 matrix-vector product operations.
	iteration results: : total energy is -82.130547 | electron energy -82.682530 + phonon energy 0.551983 | electron momentum kIdx = 10
The 12-th iteration is completed.	|| time cost : 0h 0m 27.283s
********************************************************************************************************************
Start the 13 rounds of NGS-ED iteration
	effective electronic model is modified as: kinetic energy t = 0.675873
	                                           effective interaction Vq = [-3.99993,-3.85847,-3.86859,-3.85847,-3.85847,-3.86859,-3.65777,-3.86859,-3.86859,-3.65777,-3.68806,-3.65777,-3.85847,-3.86859,-3.65777,-3.86859]
	PARPACK diagonalization completed after 30 matrix-vector product operations.
	iteration results: : total energy is -82.137088 | electron energy -82.698651 + phonon energy 0.561563 | electron momentum kIdx = 10
The 13-th iteration is completed.	|| time cost : 0h 0m 27.317s
********************************************************************************************************************
Start the 14 rounds of NGS-ED iteration
	effective electronic model is modified as: kinetic energy t = 0.674685
	                                           effective interaction Vq = [-3.99994,-3.85712, -3.8733,-3.85712,-3.85712, -3.8733, -3.6553, -3.8733, -3.8733, -3.6553,-3.71391, -3.6553,-3.85712, -3.8733, -3.6553, -3.8733]
	PARPACK diagonalization completed after 30 matrix-vector product operations.
	iteration results: : total energy is -82.139975 | electron energy -82.708189 + phonon energy 0.568214 | electron momentum kIdx = 10
The 14-th iteration is completed.	|| time cost : 0h 0m 27.36s
********************************************************************************************************************
Start the 15 rounds of NGS-ED iteration
	effective electronic model is modified as: kinetic energy t = 0.673952
	                                           effective interaction Vq = [-3.99994,-3.85616,-3.87607,-3.85616,-3.85616,-3.87607,-3.65352,-3.87607,-3.87607,-3.65352,-3.73093,-3.65352,-3.85616,-3.87607,-3.65352,-3.87607]
	PARPACK diagonalization completed after 30 matrix-vector product operations.
	iteration results: : total energy is -82.141251 | electron energy -82.713884 + phonon energy 0.572632 | electron momentum kIdx = 10
The 15-th iteration is completed.	|| time cost : 0h 0m 27.626s
********************************************************************************************************************
Start the 16 rounds of NGS-ED iteration
	effective electronic model is modified as: kinetic energy t = 0.673498
	                                           effective interaction Vq = [-3.99994, -3.8555, -3.8777, -3.8555, -3.8555, -3.8777,-3.65226, -3.8777, -3.8777,-3.65226,-3.74221,-3.65226, -3.8555, -3.8777,-3.65226, -3.8777]
	PARPACK diagonalization completed after 30 matrix-vector product operations.
	iteration results: : total energy is -82.141817 | electron energy -82.717328 + phonon energy 0.575511 | electron momentum kIdx = 10
The 16-th iteration is completed.	|| time cost : 0h 0m 27.326s
********************************************************************************************************************
Start the 17 rounds of NGS-ED iteration
	effective electronic model is modified as: kinetic energy t = 0.673215
	                                           effective interaction Vq = [-3.99994,-3.85505,-3.87867,-3.85505,-3.85505,-3.87867,-3.65137,-3.87867,-3.87867,-3.65137,-3.74972,-3.65137,-3.85505,-3.87867,-3.65137,-3.87867]
	PARPACK diagonalization completed after 30 matrix-vector product operations.
	iteration results: : total energy is -82.142067 | electron energy -82.719438 + phonon energy 0.577371 | electron momentum kIdx = 10
The 17-th iteration is completed.	|| time cost : 0h 0m 27.461s
********************************************************************************************************************
Start the 18 rounds of NGS-ED iteration
	effective electronic model is modified as: kinetic energy t = 0.673037
	                                           effective interaction Vq = [-3.99994,-3.85475,-3.87924,-3.85475,-3.85475,-3.87924,-3.65076,-3.87924,-3.87924,-3.65076,-3.75474,-3.65076,-3.85475,-3.87924,-3.65076,-3.87924]
	PARPACK diagonalization completed after 30 matrix-vector product operations.
	iteration results: : total energy is -82.142179 | electron energy -82.720749 + phonon energy 0.578570 | electron momentum kIdx = 10
The 18-th iteration is completed.	|| time cost : 0h 0m 27.34s
********************************************************************************************************************
Start the 19 rounds of NGS-ED iteration
	effective electronic model is modified as: kinetic energy t = 0.672925
	                                           effective interaction Vq = [-3.99994,-3.85454,-3.87958,-3.85454,-3.85454,-3.87958,-3.65034,-3.87958,-3.87958,-3.65034, -3.7581,-3.65034,-3.85454,-3.87958,-3.65034,-3.87958]
	PARPACK diagonalization completed after 30 matrix-vector product operations.
	iteration results: : total energy is -82.142229 | electron energy -82.721572 + phonon energy 0.579343 | electron momentum kIdx = 10
The 19-th iteration is completed.	|| time cost : 0h 0m 27.253s
********************************************************************************************************************
Start the 20 rounds of NGS-ED iteration
	effective electronic model is modified as: kinetic energy t = 0.672854
	                                           effective interaction Vq = [-3.99994,-3.85441,-3.87978,-3.85441,-3.85441,-3.87978,-3.65005,-3.87978,-3.87978,-3.65005,-3.76035,-3.65005,-3.85441,-3.87978,-3.65005,-3.87978]
	PARPACK diagonalization completed after 30 matrix-vector product operations.
	iteration results: : total energy is -82.142251 | electron energy -82.722094 + phonon energy 0.579844 | electron momentum kIdx = 10
	Nq(0) = 16,	Nq(1) = 0.386443,	Nq(2) = 0.798501,	Nq(3) = 0.386443,	Nq(4) = 0.386443,	Nq(5) = 0.798496,	Nq(6) = 0.588891,	Nq(7) = 0.798496,	Nq(8) = 0.798491,	Nq(9) = 0.58889,	Nq(10) = 0.947485,	Nq(11) = 0.58889,	Nq(12) = 0.386443,	Nq(13) = 0.798496,	Nq(14) = 0.588891,	Nq(15) = 0.798496,	Sq(0) = 1.4205e-17,	Sq(1) = 0.335892,	Sq(2) = 0.361114,	Sq(3) = 0.335892,	Sq(4) = 0.335892,	Sq(5) = 0.361114,	Sq(6) = 0.566012,	Sq(7) = 0.361114,	Sq(8) = 0.361114,	Sq(9) = 0.566012,	Sq(10) = 0.585904,	Sq(11) = 0.566012,	Sq(12) = 0.335892,	Sq(13) = 0.361114,	Sq(14) = 0.566012,	Sq(15) = 0.361114,	N(0) = 1.99783,	N(1) = 1.99145,	N(2) = 1,	N(3) = 1.99145,	N(4) = 1.99145,	N(5) = 1,	N(6) = 0.00854573,	N(7) = 1,	N(8) = 1,	N(9) = 0.00854567,	N(10) = 0.00216783,	N(11) = 0.00854567,	N(12) = 1.99145,	N(13) = 1,	N(14) = 0.00854573,	N(15) = 1,	Delta[s](0) = 0.351615,	Delta[s](1) = 0.308191,	Delta[s](2) = 0.290608,	Delta[s](3) = 0.308191,	Delta[s](4) = 0.308191,	Delta[s](5) = 0.290608,	Delta[s](6) = 0.28112,	Delta[s](7) = 0.290608,	Delta[s](8) = 0.290608,	Delta[s](9) = 0.28112,	Delta[s](10) = 0.367386,	Delta[s](11) = 0.28112,	Delta[s](12) = 0.308191,	Delta[s](13) = 0.290608,	Delta[s](14) = 0.28112,	Delta[s](15) = 0.290608,	Delta[d](0) = 0.361148,	Delta[d](1) = 0.317765,	Delta[d](2) = 0.294863,	Delta[d](3) = 0.317765,	Delta[d](4) = 0.317765,	Delta[d](5) = 0.293621,	Delta[d](6) = 0.282202,	Delta[d](7) = 0.293621,	Delta[d](8) = 0.294863,	Delta[d](9) = 0.282202,	Delta[d](10) = 0.226298,	Delta[d](11) = 0.282202,	Delta[d](12) = 0.317765,	Delta[d](13) = 0.293621,	Delta[d](14) = 0.282202,	Delta[d](15) = 0.293621,	Delta[s+](0) = 0.491994,	Delta[s+](1) = 0.40822,	Delta[s+](2) = 0.294863,	Delta[s+](3) = 0.40822,	Delta[s+](4) = 0.40822,	Delta[s+](5) = 0.294863,	Delta[s+](6) = 0.17581,	Delta[s+](7) = 0.294863,	Delta[s+](8) = 0.294863,	Delta[s+](9) = 0.17581,	Delta[s+](10) = 0.0890873,	Delta[s+](11) = 0.17581,	Delta[s+](12) = 0.40822,	Delta[s+](13) = 0.294863,	Delta[s+](14) = 0.17581,	Delta[s+](15) = 0.294863
The 20-th iteration is completed.	|| time cost : 0h 4m 21.671s
********************************************************************************************************************
Start the 21 rounds of NGS-ED iteration
	effective electronic model is modified as: kinetic energy t = 0.672808
	                                           effective interaction Vq = [-3.99994,-3.85432, -3.8799,-3.85432,-3.85432, -3.8799,-3.64985, -3.8799, -3.8799,-3.64985,-3.76187,-3.64985,-3.85432, -3.8799,-3.64985, -3.8799]
	PARPACK diagonalization completed after 30 matrix-vector product operations.
	iteration results: : total energy is -82.142261 | electron energy -82.722429 + phonon energy 0.580168 | electron momentum kIdx = 10
The 21-th iteration is completed.	|| time cost : 0h 0m 27.629s
********************************************************************************************************************
Start the 22 rounds of NGS-ED iteration
	effective electronic model is modified as: kinetic energy t = 0.672779
	                                           effective interaction Vq = [-3.99994,-3.85426,-3.87998,-3.85426,-3.85426,-3.87997,-3.64972,-3.87997,-3.87997,-3.64972,-3.76289,-3.64972,-3.85426,-3.87997,-3.64972,-3.87997]
	PARPACK diagonalization completed after 30 matrix-vector product operations.
	iteration results: : total energy is -82.142265 | electron energy -82.722644 + phonon energy 0.580379 | electron momentum kIdx = 10
The 22-th iteration is completed.	|| time cost : 0h 0m 27.579s
********************************************************************************************************************
Start the 23 rounds of NGS-ED iteration
	effective electronic model is modified as: kinetic energy t = 0.672761
	                                           effective interaction Vq = [-3.99994,-3.85423,-3.88002,-3.85423,-3.85423,-3.88002,-3.64963,-3.88002,-3.88002,-3.64963,-3.76358,-3.64963,-3.85423,-3.88002,-3.64963,-3.88002]
	PARPACK diagonalization completed after 30 matrix-vector product operations.
	iteration results: : total energy is -82.142267 | electron energy -82.722784 + phonon energy 0.580517 | electron momentum kIdx = 10
The 23-th iteration is completed.	|| time cost : 0h 0m 27.604s
********************************************************************************************************************
Start the 24 rounds of NGS-ED iteration
	effective electronic model is modified as: kinetic energy t = 0.672748
	                                           effective interaction Vq = [-3.99994, -3.8542,-3.88004, -3.8542, -3.8542,-3.88004,-3.64957,-3.88004,-3.88004,-3.64957,-3.76404,-3.64957, -3.8542,-3.88004,-3.64957,-3.88004]
	PARPACK diagonalization completed after 30 matrix-vector product operations.
	iteration results: : total energy is -82.142267 | electron energy -82.722875 + phonon energy 0.580608 | electron momentum kIdx = 10
The 24-th iteration is completed.	|| time cost : 0h 0m 27.29s
