SNEDics v3.4 Non-Gaussian ED ground state program		Start at Tue Oct  1 21:28:31 2019

parallized on 16 MPI threads  * 8 OpenMP threads = 128 total threads.
********************************************************************************************************************
********************************************************************************************************************

********************************************************************************************************************
System parameters and configurations
********************************************************************************************************************
Special program options are enabled: splitted diagonal Hamiltonian
********************************************************************************************************************
Read input file "model_params.in"
	Hubbard-Holstein model parameters : 	t = 1    U = 3.7    g = 3.6742    W = 5    
********************************************************************************************************************
Read input file "hilbertspace_params.in"
	Requested 16-site 2D lattice, with 16 electrons (8, 8)
	Boundary : Periodic		Hilbert space representation : momentum-space (restricted to kIdx = 10)
	Conservation: particle number[U(1)]      spin[U(1)]     momentum
********************************************************************************************************************

Cluster Positions:				Cluster symmetry group : D4
 x ... x ... x ... x .....                       x ... x ... x ... x .....
 |           |           :                       |           |           :
 |           |           :                       |           |           :
12    13    14    15     x                       1     5     6     5     x
 |           |           :                       |           |           :
 |           |           :                       |           |           :
 8 --- 9 ---10 ---11 --- x                       2 --- 6 ---10 --- 6 --- x
 |           |           :                       |           |           :
 |           |           :                       |           |           :
 4     5     6     7     x                       1     5     6     5     x
 |           |           :                       |           |           :
 |           |           :                       |           |           :
 0 --- 1 --- 2 --- 3 --- x                       0 --- 1 --- 2 --- 1 --- x
orbital number : 1
********************************************************************************************************************
Read input file "obs_params.in"
	Observable Type : Nq(All),   Sq(All),   N(All),   Delta[s](All),   Delta[d](All),   Delta[s+](All)
********************************************************************************************************************
** WARNING ** the input observables have non-local factors which have been reinterpreted. The total observable number is 96
********************************************************************************************************************


********************************************************************************************************************
Start calculating the non-Gaussian ED ground state
** WARNING ** Detected low phonon energy W < 10. The initial state will be prepared through a warm-up process.
********************************************************************************************************************
Start warm-up calculation for scaling factor 2
open output files: NGSEDWarmUpW10Obs.txt
********************************************************************************************************************
Start the 0 rounds of NGS-ED iteration
	effective electronic model is modified as: kinetic energy t = 1
	                                           effective interaction Vq = [-0,-0,-0,-0,-0,-0,-0,-0,-0,-0,-0,-0,-0,-0,-0,-0]
	first Hamiltonian is constructed, non-zero numbers = 2845334624
	PARPACK diagonalization completed after 90 matrix-vector product operations.
	iteration results: : total energy is -14.056387 | electron energy -14.056387 + phonon energy 0.000000 | electron momentum kIdx = 10
	Nq(0) = 16,	Nq(1) = 0.176896,	Nq(2) = 0.248849,	Nq(3) = 0.176896,	Nq(4) = 0.176896,	Nq(5) = 0.248849,	Nq(6) = 0.341593,	Nq(7) = 0.248849,	Nq(8) = 0.248849,	Nq(9) = 0.341593,	Nq(10) = 0.406747,	Nq(11) = 0.341593,	Nq(12) = 0.176896,	Nq(13) = 0.248849,	Nq(14) = 0.341593,	Nq(15) = 0.248849,	Sq(0) = -1.10861e-18,	Sq(1) = 0.324387,	Sq(2) = 0.423174,	Sq(3) = 0.324387,	Sq(4) = 0.324387,	Sq(5) = 0.423174,	Sq(6) = 0.642608,	Sq(7) = 0.423174,	Sq(8) = 0.423174,	Sq(9) = 0.642608,	Sq(10) = 5.61918,	Sq(11) = 0.642608,	Sq(12) = 0.324387,	Sq(13) = 0.423174,	Sq(14) = 0.642608,	Sq(15) = 0.423174,	N(0) = 1.94137,	N(1) = 1.86731,	N(2) = 1,	N(3) = 1.86731,	N(4) = 1.86731,	N(5) = 1,	N(6) = 0.132689,	N(7) = 1,	N(8) = 1,	N(9) = 0.132689,	N(10) = 0.0586326,	N(11) = 0.132689,	N(12) = 1.86731,	N(13) = 1,	N(14) = 0.132689,	N(15) = 1,	Delta[s](0) = 0.18393,	Delta[s](1) = 0.159278,	Delta[s](2) = 0.124389,	Delta[s](3) = 0.159278,	Delta[s](4) = 0.159278,	Delta[s](5) = 0.124389,	Delta[s](6) = 0.0971584,	Delta[s](7) = 0.124389,	Delta[s](8) = 0.124389,	Delta[s](9) = 0.0971584,	Delta[s](10) = 0.0308915,	Delta[s](11) = 0.0971584,	Delta[s](12) = 0.159278,	Delta[s](13) = 0.124389,	Delta[s](14) = 0.0971584,	Delta[s](15) = 0.124389,	Delta[d](0) = 0.513337,	Delta[d](1) = 0.375539,	Delta[d](2) = 0.319759,	Delta[d](3) = 0.375539,	Delta[d](4) = 0.375539,	Delta[d](5) = 0.372331,	Delta[d](6) = 0.298458,	Delta[d](7) = 0.372331,	Delta[d](8) = 0.319759,	Delta[d](9) = 0.298458,	Delta[d](10) = 0.242082,	Delta[d](11) = 0.298458,	Delta[d](12) = 0.375539,	Delta[d](13) = 0.372331,	Delta[d](14) = 0.298458,	Delta[d](15) = 0.372331,	Delta[s+](0) = 0.579723,	Delta[s+](1) = 0.475092,	Delta[s+](2) = 0.319759,	Delta[s+](3) = 0.475092,	Delta[s+](4) = 0.475092,	Delta[s+](5) = 0.319759,	Delta[s+](6) = 0.170231,	Delta[s+](7) = 0.319759,	Delta[s+](8) = 0.319759,	Delta[s+](9) = 0.170231,	Delta[s+](10) = 0.0559274,	Delta[s+](11) = 0.170231,	Delta[s+](12) = 0.475092,	Delta[s+](13) = 0.319759,	Delta[s+](14) = 0.170231,	Delta[s+](15) = 0.319759
The 0-th iteration is completed.	|| time cost : 0h 8m 26.799s
********************************************************************************************************************
Start the 1 rounds of NGS-ED iteration
	effective electronic model is modified as: kinetic energy t = 0.931635
	                                           effective interaction Vq = [-2.33455,-2.14659,-2.07002,-2.14659,-2.14659,-2.07002,-2.04767,-2.07002,-2.07002,-2.04767,-2.01577,-2.04767,-2.14659,-2.07002,-2.04767,-2.07002]
	PARPACK diagonalization completed after 45 matrix-vector product operations.
	iteration results: : total energy is -61.616442 | electron energy -61.621222 + phonon energy 0.004779 | electron momentum kIdx = 10
The 1-th iteration is completed.	|| time cost : 0h 7m 21.343s
********************************************************************************************************************
Start the 2 rounds of NGS-ED iteration
	effective electronic model is modified as: kinetic energy t = 0.873712
	                                           effective interaction Vq = [ -2.6505,-2.54774,-2.51808,-2.54774,-2.54774,-2.51808,-2.45766,-2.51808,-2.51808,-2.45766,-2.39195,-2.45766,-2.54774,-2.51808,-2.45766,-2.51808]
	PARPACK diagonalization completed after 135 matrix-vector product operations.
	iteration results: : total energy is -69.502907 | electron energy -69.540996 + phonon energy 0.038089 | electron momentum kIdx = 10
The 2-th iteration is completed.	|| time cost : 0h 1m 0.094s
********************************************************************************************************************
Start the 3 rounds of NGS-ED iteration
	effective electronic model is modified as: kinetic energy t = 0.848343
	                                           effective interaction Vq = [-2.69326,-2.62411,-2.62051,-2.62411,-2.62411,-2.62051,-2.54788,-2.62051,-2.62051,-2.54788,-2.56474,-2.54788,-2.62411,-2.62051,-2.54788,-2.62051]
	PARPACK diagonalization completed after 45 matrix-vector product operations.
	iteration results: : total energy is -70.631031 | electron energy -70.699967 + phonon energy 0.068936 | electron momentum kIdx = 10
The 3-th iteration is completed.	|| time cost : 0h 0m 31.97s
********************************************************************************************************************
Start the 4 rounds of NGS-ED iteration
	effective electronic model is modified as: kinetic energy t = 0.839584
	                                           effective interaction Vq = [-2.69904,-2.64439,-2.63024,-2.64439,-2.64439,-2.63024,-2.57509,-2.63024,-2.63024,-2.57509, -2.6544,-2.57509,-2.64439,-2.63024,-2.57509,-2.63024]
	PARPACK diagonalization completed after 45 matrix-vector product operations.
	iteration results: : total energy is -70.960062 | electron energy -71.044998 + phonon energy 0.084936 | electron momentum kIdx = 10
The 4-th iteration is completed.	|| time cost : 0h 0m 32.094s
********************************************************************************************************************
Start the 5 rounds of NGS-ED iteration
	effective electronic model is modified as: kinetic energy t = 0.843906
	                                           effective interaction Vq = [-2.69983,-2.64321,-2.58122,-2.64321,-2.64321,-2.58122,-2.57356,-2.58122,-2.58122,-2.57356,-2.68511,-2.57356,-2.64321,-2.58122,-2.57356,-2.58122]
	PARPACK diagonalization completed after 30 matrix-vector product operations.
	iteration results: : total energy is -71.091622 | electron energy -71.179750 + phonon energy 0.088129 | electron momentum kIdx = 10
The 5-th iteration is completed.	|| time cost : 0h 0m 27.382s
********************************************************************************************************************
Start the 6 rounds of NGS-ED iteration
	effective electronic model is modified as: kinetic energy t = 0.846518
	                                           effective interaction Vq = [-2.69993,-2.63901,-2.55558,-2.63901,-2.63901,-2.55558,-2.56803,-2.55558,-2.55558,-2.56803,-2.69213,-2.56803,-2.63901,-2.55558,-2.56803,-2.55558]
	PARPACK diagonalization completed after 30 matrix-vector product operations.
	iteration results: : total energy is -71.111755 | electron energy -71.199438 + phonon energy 0.087684 | electron momentum kIdx = 10
The 6-th iteration is completed.	|| time cost : 0h 0m 27.292s
********************************************************************************************************************
Start the 7 rounds of NGS-ED iteration
	effective electronic model is modified as: kinetic energy t = 0.847657
	                                           effective interaction Vq = [-2.69995,-2.63636,-2.54554,-2.63636,-2.63636,-2.54554,-2.56461,-2.54554,-2.54554,-2.56461,-2.69406,-2.56461,-2.63636,-2.54554,-2.56461,-2.54554]
	PARPACK diagonalization completed after 30 matrix-vector product operations.
	iteration results: : total energy is -71.114469 | electron energy -71.201572 + phonon energy 0.087102 | electron momentum kIdx = 10
The 7-th iteration is completed.	|| time cost : 0h 0m 27.266s
********************************************************************************************************************
Start the 8 rounds of NGS-ED iteration
	effective electronic model is modified as: kinetic energy t = 0.848135
	                                           effective interaction Vq = [-2.69995,-2.63503,-2.54181,-2.63503,-2.63503,-2.54181,-2.56291,-2.54181,-2.54181,-2.56291,-2.69466,-2.56291,-2.63503,-2.54181,-2.56291,-2.54181]
	PARPACK diagonalization completed after 30 matrix-vector product operations.
	iteration results: : total energy is -71.114837 | electron energy -71.201596 + phonon energy 0.086759 | electron momentum kIdx = 10
The 8-th iteration is completed.	|| time cost : 0h 0m 27.272s
********************************************************************************************************************
Start the 9 rounds of NGS-ED iteration
	effective electronic model is modified as: kinetic energy t = 0.848332
	                                           effective interaction Vq = [-2.69995,-2.63442,-2.54044,-2.63442,-2.63442,-2.54044,-2.56212,-2.54044,-2.54044,-2.56212,-2.69487,-2.56212,-2.63442,-2.54044,-2.56212,-2.54044]
	PARPACK diagonalization completed after 30 matrix-vector product operations.
	iteration results: : total energy is -71.114888 | electron energy -71.201476 + phonon energy 0.086588 | electron momentum kIdx = 10
The 9-th iteration is completed.	|| time cost : 0h 0m 27.29s
********************************************************************************************************************
Start the 10 rounds of NGS-ED iteration
	effective electronic model is modified as: kinetic energy t = 0.848414
	                                           effective interaction Vq = [-2.69995,-2.63415,-2.53993,-2.63415,-2.63415,-2.53993,-2.56177,-2.53993,-2.53993,-2.56177,-2.69494,-2.56177,-2.63415,-2.53993,-2.56177,-2.53993]
	PARPACK diagonalization completed after 30 matrix-vector product operations.
	iteration results: : total energy is -71.114896 | electron energy -71.201404 + phonon energy 0.086509 | electron momentum kIdx = 10
	Nq(0) = 16,	Nq(1) = 0.323558,	Nq(2) = 0.367189,	Nq(3) = 0.323558,	Nq(4) = 0.323558,	Nq(5) = 0.367189,	Nq(6) = 0.594465,	Nq(7) = 0.367189,	Nq(8) = 0.367189,	Nq(9) = 0.594465,	Nq(10) = 4.90723,	Nq(11) = 0.594465,	Nq(12) = 0.323558,	Nq(13) = 0.367189,	Nq(14) = 0.594465,	Nq(15) = 0.367189,	Sq(0) = 2.54317e-18,	Sq(1) = 0.24943,	Sq(2) = 0.313276,	Sq(3) = 0.24943,	Sq(4) = 0.24943,	Sq(5) = 0.313276,	Sq(6) = 0.454889,	Sq(7) = 0.313276,	Sq(8) = 0.313276,	Sq(9) = 0.454889,	Sq(10) = 0.520619,	Sq(11) = 0.454889,	Sq(12) = 0.24943,	Sq(13) = 0.313276,	Sq(14) = 0.454889,	Sq(15) = 0.313276,	N(0) = 1.98278,	N(1) = 1.95459,	N(2) = 1,	N(3) = 1.95459,	N(4) = 1.95459,	N(5) = 1,	N(6) = 0.0454144,	N(7) = 1,	N(8) = 1,	N(9) = 0.0454144,	N(10) = 0.0172238,	N(11) = 0.0454144,	N(12) = 1.95459,	N(13) = 1,	N(14) = 0.0454144,	N(15) = 1,	Delta[s](0) = 0.501622,	Delta[s](1) = 0.361495,	Delta[s](2) = 0.344261,	Delta[s](3) = 0.361495,	Delta[s](4) = 0.361495,	Delta[s](5) = 0.344261,	Delta[s](6) = 0.282395,	Delta[s](7) = 0.344261,	Delta[s](8) = 0.344261,	Delta[s](9) = 0.282395,	Delta[s](10) = 0.248473,	Delta[s](11) = 0.282395,	Delta[s](12) = 0.361495,	Delta[s](13) = 0.344261,	Delta[s](14) = 0.282395,	Delta[s](15) = 0.344261,	Delta[d](0) = 0.222682,	Delta[d](1) = 0.214733,	Delta[d](2) = 0.213404,	Delta[d](3) = 0.214733,	Delta[d](4) = 0.214733,	Delta[d](5) = 0.137881,	Delta[d](6) = 0.172413,	Delta[d](7) = 0.137881,	Delta[d](8) = 0.213404,	Delta[d](9) = 0.172413,	Delta[d](10) = 0.0530681,	Delta[d](11) = 0.172413,	Delta[d](12) = 0.214733,	Delta[d](13) = 0.137881,	Delta[d](14) = 0.172413,	Delta[d](15) = 0.137881,	Delta[s+](0) = 0.41409,	Delta[s+](1) = 0.330567,	Delta[s+](2) = 0.213404,	Delta[s+](3) = 0.330567,	Delta[s+](4) = 0.330567,	Delta[s+](5) = 0.213404,	Delta[s+](6) = 0.0933421,	Delta[s+](7) = 0.213404,	Delta[s+](8) = 0.213404,	Delta[s+](9) = 0.0933421,	Delta[s+](10) = 0.0289657,	Delta[s+](11) = 0.0933421,	Delta[s+](12) = 0.330567,	Delta[s+](13) = 0.213404,	Delta[s+](14) = 0.0933421,	Delta[s+](15) = 0.213404
The 10-th iteration is completed.	|| time cost : 0h 4m 38.848s
********************************************************************************************************************
********************************************************************************************************************
Ground state is obtained after 11 iterations. The current ground-state energy is -71.1149, in which electron energy is -71.2014 and phonon energy is 0.0865088
final variational state is: 
	Gamma_x = [      1,1.02331,1.03722,1.02331,1.02331,1.03722,1.05781,1.03722,1.03722,1.05781,1.11475,1.05781,1.02331,1.03722,1.05781,1.03722]
	lambda_q = [0.519602,0.438423,0.393038,0.438423,0.438423,0.393038,0.401998,0.393038,0.393038,0.401998,0.497279,0.401998,0.438423,0.393038,0.401998,0.393038]
********************************************************************************************************************
o___o  ----------------------------------------
| L |	Time since last clock: 0h 0m 0s
A===A	Time since the beginning: 0h 24m 47.656s
***********************************************


********************************************************************************************************************
Warm up runs have been completed. Start calculating W = 5 phonon.
open output files: NGSEDIterationObs.txt
********************************************************************************************************************
Start the 0 rounds of NGS-ED iteration
	effective electronic model is modified as: kinetic energy t = 0.848447
	                                           effective interaction Vq = [-2.46831,-2.26063,-2.11581,-2.26063,-2.26063,-2.11581,-2.14603,-2.11581,-2.11581,-2.14603,-2.41777,-2.14603,-2.26063,-2.11581,-2.14603,-2.11581]
	PARPACK diagonalization completed after 30 matrix-vector product operations.
	iteration results: : total energy is -63.771348 | electron energy -63.814585 + phonon energy 0.043237 | electron momentum kIdx = 10
	Nq(0) = 16,	Nq(1) = 0.315739,	Nq(2) = 0.353341,	Nq(3) = 0.315739,	Nq(4) = 0.315739,	Nq(5) = 0.353341,	Nq(6) = 0.560774,	Nq(7) = 0.353341,	Nq(8) = 0.353341,	Nq(9) = 0.560774,	Nq(10) = 4.67242,	Nq(11) = 0.560774,	Nq(12) = 0.315739,	Nq(13) = 0.353341,	Nq(14) = 0.560774,	Nq(15) = 0.353341,	Sq(0) = -4.65581e-18,	Sq(1) = 0.277939,	Sq(2) = 0.334522,	Sq(3) = 0.277939,	Sq(4) = 0.277939,	Sq(5) = 0.334522,	Sq(6) = 0.504054,	Sq(7) = 0.334522,	Sq(8) = 0.334522,	Sq(9) = 0.504054,	Sq(10) = 0.566374,	Sq(11) = 0.504054,	Sq(12) = 0.277939,	Sq(13) = 0.334522,	Sq(14) = 0.504054,	Sq(15) = 0.334522,	N(0) = 1.99089,	N(1) = 1.97213,	N(2) = 1,	N(3) = 1.97213,	N(4) = 1.97213,	N(5) = 1,	N(6) = 0.0278699,	N(7) = 1,	N(8) = 1,	N(9) = 0.0278699,	N(10) = 0.00910755,	N(11) = 0.0278699,	N(12) = 1.97213,	N(13) = 1,	N(14) = 0.0278699,	N(15) = 1,	Delta[s](0) = 0.429567,	Delta[s](1) = 0.342251,	Delta[s](2) = 0.329068,	Delta[s](3) = 0.342251,	Delta[s](4) = 0.342251,	Delta[s](5) = 0.329068,	Delta[s](6) = 0.278915,	Delta[s](7) = 0.329068,	Delta[s](8) = 0.329068,	Delta[s](9) = 0.278915,	Delta[s](10) = 0.260623,	Delta[s](11) = 0.278915,	Delta[s](12) = 0.342251,	Delta[s](13) = 0.329068,	Delta[s](14) = 0.278915,	Delta[s](15) = 0.329068,	Delta[d](0) = 0.228839,	Delta[d](1) = 0.225461,	Delta[d](2) = 0.226164,	Delta[d](3) = 0.225461,	Delta[d](4) = 0.225461,	Delta[d](5) = 0.143627,	Delta[d](6) = 0.181799,	Delta[d](7) = 0.143627,	Delta[d](8) = 0.226164,	Delta[d](9) = 0.181799,	Delta[d](10) = 0.05836,	Delta[d](11) = 0.181799,	Delta[d](12) = 0.225461,	Delta[d](13) = 0.143627,	Delta[d](14) = 0.181799,	Delta[d](15) = 0.143627,	Delta[s+](0) = 0.446651,	Delta[s+](1) = 0.351197,	Delta[s+](2) = 0.226164,	Delta[s+](3) = 0.351197,	Delta[s+](4) = 0.351197,	Delta[s+](5) = 0.226164,	Delta[s+](6) = 0.0994314,	Delta[s+](7) = 0.226164,	Delta[s+](8) = 0.226164,	Delta[s+](9) = 0.0994314,	Delta[s+](10) = 0.0319478,	Delta[s+](11) = 0.0994314,	Delta[s+](12) = 0.351197,	Delta[s+](13) = 0.226164,	Delta[s+](14) = 0.0994314,	Delta[s+](15) = 0.226164
The 0-th iteration is completed.	|| time cost : 0h 4m 32.665s
********************************************************************************************************************
Start the 1 rounds of NGS-ED iteration
	effective electronic model is modified as: kinetic energy t = 0.826843
	                                           effective interaction Vq = [-2.61473, -2.3934, -2.2116, -2.3934, -2.3934, -2.2116,-2.24921, -2.2116, -2.2116,-2.24921,-2.58145,-2.24921, -2.3934, -2.2116,-2.24921, -2.2116]
	PARPACK diagonalization completed after 30 matrix-vector product operations.
	iteration results: : total energy is -66.931417 | electron energy -67.066182 + phonon energy 0.134765 | electron momentum kIdx = 10
The 1-th iteration is completed.	|| time cost : 0h 0m 27.287s
********************************************************************************************************************
Start the 2 rounds of NGS-ED iteration
	effective electronic model is modified as: kinetic energy t = 0.816255
	                                           effective interaction Vq = [ -2.6686,-2.44257,-2.25263,-2.44257,-2.44257,-2.25263,-2.29025,-2.25263,-2.25263,-2.29025,-2.64811,-2.29025,-2.44257,-2.25263,-2.29025,-2.25263]
	PARPACK diagonalization completed after 30 matrix-vector product operations.
	iteration results: : total energy is -68.085999 | electron energy -68.285073 + phonon energy 0.199074 | electron momentum kIdx = 10
The 2-th iteration is completed.	|| time cost : 0h 0m 27.297s
********************************************************************************************************************
Start the 3 rounds of NGS-ED iteration
	effective electronic model is modified as: kinetic energy t = 0.811447
	                                           effective interaction Vq = [-2.68842,-2.46018,-2.26968,-2.46018,-2.46018,-2.26968, -2.3055,-2.26968,-2.26968, -2.3055,-2.67412, -2.3055,-2.46018,-2.26968, -2.3055,-2.26968]
	PARPACK diagonalization completed after 30 matrix-vector product operations.
	iteration results: : total energy is -68.495333 | electron energy -68.730731 + phonon energy 0.235398 | electron momentum kIdx = 10
The 3-th iteration is completed.	|| time cost : 0h 0m 27.286s
********************************************************************************************************************
Start the 4 rounds of NGS-ED iteration
	effective electronic model is modified as: kinetic energy t = 0.809312
	                                           effective interaction Vq = [-2.69571,-2.46626,-2.27678,-2.46626,-2.46626,-2.27678,-2.31091,-2.27678,-2.27678,-2.31091,-2.68454,-2.31091,-2.46626,-2.27678,-2.31091,-2.27678]
	PARPACK diagonalization completed after 30 matrix-vector product operations.
	iteration results: : total energy is -68.638778 | electron energy -68.893296 + phonon energy 0.254517 | electron momentum kIdx = 10
The 4-th iteration is completed.	|| time cost : 0h 0m 27.381s
********************************************************************************************************************
Start the 5 rounds of NGS-ED iteration
	effective electronic model is modified as: kinetic energy t = 0.808378
	                                           effective interaction Vq = [-2.69839,-2.46815,-2.27973,-2.46815,-2.46815,-2.27973,-2.31262,-2.27973,-2.27973,-2.31262,-2.68898,-2.31262,-2.46815,-2.27973,-2.31262,-2.27973]
	PARPACK diagonalization completed after 30 matrix-vector product operations.
	iteration results: : total energy is -68.689120 | electron energy -68.953386 + phonon energy 0.264266 | electron momentum kIdx = 10
The 5-th iteration is completed.	|| time cost : 0h 0m 27.249s
********************************************************************************************************************
Start the 6 rounds of NGS-ED iteration
	effective electronic model is modified as: kinetic energy t = 0.807983
	                                           effective interaction Vq = [-2.69937,-2.46853,-2.28091,-2.46853,-2.46853,-2.28091,-2.31297,-2.28091,-2.28091,-2.31297,  -2.691,-2.31297,-2.46853,-2.28091,-2.31297,-2.28091]
	PARPACK diagonalization completed after 30 matrix-vector product operations.
	iteration results: : total energy is -68.706917 | electron energy -68.976042 + phonon energy 0.269124 | electron momentum kIdx = 10
The 6-th iteration is completed.	|| time cost : 0h 0m 27.331s
********************************************************************************************************************
Start the 7 rounds of NGS-ED iteration
	effective electronic model is modified as: kinetic energy t = 0.807829
	                                           effective interaction Vq = [-2.69974,-2.46841,-2.28134,-2.46841,-2.46841,-2.28134,-2.31285,-2.28134,-2.28134,-2.31285,-2.69196,-2.31285,-2.46841,-2.28134,-2.31285,-2.28134]
	PARPACK diagonalization completed after 30 matrix-vector product operations.
	iteration results: : total energy is -68.713264 | electron energy -68.984756 + phonon energy 0.271492 | electron momentum kIdx = 10
The 7-th iteration is completed.	|| time cost : 0h 0m 27.579s
********************************************************************************************************************
Start the 8 rounds of NGS-ED iteration
	effective electronic model is modified as: kinetic energy t = 0.807779
	                                           effective interaction Vq = [-2.69987,-2.46816,-2.28144,-2.46816,-2.46816,-2.28144, -2.3126,-2.28144,-2.28144, -2.3126,-2.69244, -2.3126,-2.46816,-2.28144, -2.3126,-2.28144]
	PARPACK diagonalization completed after 30 matrix-vector product operations.
	iteration results: : total energy is -68.715545 | electron energy -68.988162 + phonon energy 0.272617 | electron momentum kIdx = 10
The 8-th iteration is completed.	|| time cost : 0h 0m 27.322s
********************************************************************************************************************
Start the 9 rounds of NGS-ED iteration
	effective electronic model is modified as: kinetic energy t = 0.807772
	                                           effective interaction Vq = [-2.69992,-2.46791,-2.28142,-2.46791,-2.46791,-2.28142,-2.31235,-2.28142,-2.28142,-2.31235,-2.69268,-2.31235,-2.46791,-2.28142,-2.31235,-2.28142]
	PARPACK diagonalization completed after 30 matrix-vector product operations.
	iteration results: : total energy is -68.716370 | electron energy -68.989505 + phonon energy 0.273134 | electron momentum kIdx = 10
The 9-th iteration is completed.	|| time cost : 0h 0m 27.257s
********************************************************************************************************************
Start the 10 rounds of NGS-ED iteration
	effective electronic model is modified as: kinetic energy t = 0.80778
	                                           effective interaction Vq = [-2.69994,-2.46771,-2.28137,-2.46771,-2.46771,-2.28137,-2.31215,-2.28137,-2.28137,-2.31215, -2.6928,-2.31215,-2.46771,-2.28137,-2.31215,-2.28137]
	PARPACK diagonalization completed after 30 matrix-vector product operations.
	iteration results: : total energy is -68.716670 | electron energy -68.990031 + phonon energy 0.273361 | electron momentum kIdx = 10
	Nq(0) = 16,	Nq(1) = 0.258544,	Nq(2) = 0.322423,	Nq(3) = 0.258544,	Nq(4) = 0.258544,	Nq(5) = 0.322423,	Nq(6) = 0.493303,	Nq(7) = 0.322423,	Nq(8) = 0.322423,	Nq(9) = 0.493303,	Nq(10) = 6.16958,	Nq(11) = 0.493303,	Nq(12) = 0.258544,	Nq(13) = 0.322423,	Nq(14) = 0.493303,	Nq(15) = 0.322423,	Sq(0) = 3.9151e-18,	Sq(1) = 0.222343,	Sq(2) = 0.296478,	Sq(3) = 0.222343,	Sq(4) = 0.222343,	Sq(5) = 0.296478,	Sq(6) = 0.428658,	Sq(7) = 0.296478,	Sq(8) = 0.296478,	Sq(9) = 0.428658,	Sq(10) = 0.505627,	Sq(11) = 0.428658,	Sq(12) = 0.222343,	Sq(13) = 0.296478,	Sq(14) = 0.428658,	Sq(15) = 0.296478,	N(0) = 1.97405,	N(1) = 1.92162,	N(2) = 1,	N(3) = 1.92162,	N(4) = 1.92162,	N(5) = 1,	N(6) = 0.0783797,	N(7) = 1,	N(8) = 1,	N(9) = 0.0783797,	N(10) = 0.0259463,	N(11) = 0.0783797,	N(12) = 1.92162,	N(13) = 1,	N(14) = 0.0783797,	N(15) = 1,	Delta[s](0) = 0.442356,	Delta[s](1) = 0.369287,	Delta[s](2) = 0.350708,	Delta[s](3) = 0.369287,	Delta[s](4) = 0.369287,	Delta[s](5) = 0.350708,	Delta[s](6) = 0.311002,	Delta[s](7) = 0.350708,	Delta[s](8) = 0.350708,	Delta[s](9) = 0.311002,	Delta[s](10) = 0.287989,	Delta[s](11) = 0.311002,	Delta[s](12) = 0.369287,	Delta[s](13) = 0.350708,	Delta[s](14) = 0.311002,	Delta[s](15) = 0.350708,	Delta[d](0) = 0.208056,	Delta[d](1) = 0.195403,	Delta[d](2) = 0.206323,	Delta[d](3) = 0.195403,	Delta[d](4) = 0.195403,	Delta[d](5) = 0.131976,	Delta[d](6) = 0.155211,	Delta[d](7) = 0.131976,	Delta[d](8) = 0.206323,	Delta[d](9) = 0.155211,	Delta[d](10) = 0.0557952,	Delta[d](11) = 0.155211,	Delta[d](12) = 0.195403,	Delta[d](13) = 0.131976,	Delta[d](14) = 0.155211,	Delta[d](15) = 0.131976,	Delta[s+](0) = 0.416494,	Delta[s+](1) = 0.322639,	Delta[s+](2) = 0.206323,	Delta[s+](3) = 0.322639,	Delta[s+](4) = 0.322639,	Delta[s+](5) = 0.206323,	Delta[s+](6) = 0.0888553,	Delta[s+](7) = 0.206323,	Delta[s+](8) = 0.206323,	Delta[s+](9) = 0.0888553,	Delta[s+](10) = 0.0313135,	Delta[s+](11) = 0.0888553,	Delta[s+](12) = 0.322639,	Delta[s+](13) = 0.206323,	Delta[s+](14) = 0.0888553,	Delta[s+](15) = 0.206323
The 10-th iteration is completed.	|| time cost : 0h 4m 21.024s
********************************************************************************************************************
Start the 11 rounds of NGS-ED iteration
	effective electronic model is modified as: kinetic energy t = 0.807792
	                                           effective interaction Vq = [-2.69995,-2.46756,-2.28131,-2.46756,-2.46756,-2.28131,  -2.312,-2.28131,-2.28131,  -2.312,-2.69287,  -2.312,-2.46756,-2.28131,  -2.312,-2.28131]
	PARPACK diagonalization completed after 30 matrix-vector product operations.
	iteration results: : total energy is -68.716780 | electron energy -68.990232 + phonon energy 0.273452 | electron momentum kIdx = 10
The 11-th iteration is completed.	|| time cost : 0h 0m 27.6s
********************************************************************************************************************
Start the 12 rounds of NGS-ED iteration
	effective electronic model is modified as: kinetic energy t = 0.807804
	                                           effective interaction Vq = [-2.69995,-2.46745,-2.28126,-2.46745,-2.46745,-2.28126,-2.31189,-2.28126,-2.28126,-2.31189, -2.6929,-2.31189,-2.46745,-2.28126,-2.31189,-2.28126]
	PARPACK diagonalization completed after 30 matrix-vector product operations.
	iteration results: : total energy is -68.716820 | electron energy -68.990303 + phonon energy 0.273483 | electron momentum kIdx = 10
The 12-th iteration is completed.	|| time cost : 0h 0m 27.318s
********************************************************************************************************************
Start the 13 rounds of NGS-ED iteration
	effective electronic model is modified as: kinetic energy t = 0.807813
	                                           effective interaction Vq = [-2.69995,-2.46738,-2.28122,-2.46738,-2.46738,-2.28122,-2.31181,-2.28122,-2.28122,-2.31181,-2.69292,-2.31181,-2.46738,-2.28122,-2.31181,-2.28122]
	PARPACK diagonalization completed after 30 matrix-vector product operations.
	iteration results: : total energy is -68.716834 | electron energy -68.990323 + phonon energy 0.273488 | electron momentum kIdx = 10
The 13-th iteration is completed.	|| time cost : 0h 0m 27.268s
********************************************************************************************************************
Start the 14 rounds of NGS-ED iteration
	effective electronic model is modified as: kinetic energy t = 0.807819
	                                           effective interaction Vq = [-2.69995,-2.46733, -2.2812,-2.46733,-2.46733, -2.2812,-2.31176, -2.2812, -2.2812,-2.31176,-2.69293,-2.31176,-2.46733, -2.2812,-2.31176, -2.2812]
	PARPACK diagonalization completed after 30 matrix-vector product operations.
	iteration results: : total energy is -68.716840 | electron energy -68.990324 + phonon energy 0.273485 | electron momentum kIdx = 10
The 14-th iteration is completed.	|| time cost : 0h 0m 27.315s
********************************************************************************************************************
Start the 15 rounds of NGS-ED iteration
	effective electronic model is modified as: kinetic energy t = 0.807824
	                                           effective interaction Vq = [-2.69995, -2.4673,-2.28118, -2.4673, -2.4673,-2.28118,-2.31172,-2.28118,-2.28118,-2.31172,-2.69293,-2.31172, -2.4673,-2.28118,-2.31172,-2.28118]
	PARPACK diagonalization completed after 30 matrix-vector product operations.
	iteration results: : total energy is -68.716842 | electron energy -68.990320 + phonon energy 0.273478 | electron momentum kIdx = 10
The 15-th iteration is completed.	|| time cost : 0h 0m 27.267s
********************************************************************************************************************
Start the 16 rounds of NGS-ED iteration
	effective electronic model is modified as: kinetic energy t = 0.807827
	                                           effective interaction Vq = [-2.69995,-2.46728,-2.28116,-2.46728,-2.46728,-2.28116,-2.31169,-2.28116,-2.28116,-2.31169,-2.69293,-2.31169,-2.46728,-2.28116,-2.31169,-2.28116]
	PARPACK diagonalization completed after 30 matrix-vector product operations.
	iteration results: : total energy is -68.716843 | electron energy -68.990315 + phonon energy 0.273472 | electron momentum kIdx = 10
The 16-th iteration is completed.	|| time cost : 0h 0m 27.315s
********************************************************************************************************************
Start the 17 rounds of NGS-ED iteration
	effective electronic model is modified as: kinetic energy t = 0.80783
	                                           effective interaction Vq = [-2.69995,-2.46726,-2.28115,-2.46726,-2.46726,-2.28115,-2.31168,-2.28115,-2.28115,-2.31168,-2.69293,-2.31168,-2.46726,-2.28115,-2.31168,-2.28115]
	PARPACK diagonalization completed after 30 matrix-vector product operations.
	iteration results: : total energy is -68.716843 | electron energy -68.990310 + phonon energy 0.273467 | electron momentum kIdx = 10
The 17-th iteration is completed.	|| time cost : 0h 0m 27.359s
********************************************************************************************************************
Start the 18 rounds of NGS-ED iteration
	effective electronic model is modified as: kinetic energy t = 0.807831
	                                           effective interaction Vq = [-2.69995,-2.46725,-2.28115,-2.46725,-2.46725,-2.28115,-2.31167,-2.28115,-2.28115,-2.31167,-2.69294,-2.31167,-2.46725,-2.28115,-2.31167,-2.28115]
	PARPACK diagonalization completed after 30 matrix-vector product operations.
	iteration results: : total energy is -68.716843 | electron energy -68.990307 + phonon energy 0.273464 | electron momentum kIdx = 10
The 18-th iteration is completed.	|| time cost : 0h 0m 27.437s
********************************************************************************************************************
Start the 19 rounds of NGS-ED iteration
	effective electronic model is modified as: kinetic energy t = 0.807832
	                                           effective interaction Vq = [-2.69995,-2.46724,-2.28114,-2.46724,-2.46724,-2.28114,-2.31166,-2.28114,-2.28114,-2.31166,-2.69294,-2.31166,-2.46724,-2.28114,-2.31166,-2.28114]
	PARPACK diagonalization completed after 30 matrix-vector product operations.
	iteration results: : total energy is -68.716843 | electron energy -68.990304 + phonon energy 0.273461 | electron momentum kIdx = 10
The 19-th iteration is completed.	|| time cost : 0h 0m 27.632s
********************************************************************************************************************
Start the 20 rounds of NGS-ED iteration
	effective electronic model is modified as: kinetic energy t = 0.807833
	                                           effective interaction Vq = [-2.69995,-2.46724,-2.28114,-2.46724,-2.46724,-2.28114,-2.31166,-2.28114,-2.28114,-2.31166,-2.69294,-2.31166,-2.46724,-2.28114,-2.31166,-2.28114]
	PARPACK diagonalization completed after 30 matrix-vector product operations.
	iteration results: : total energy is -68.716843 | electron energy -68.990302 + phonon energy 0.273459 | electron momentum kIdx = 10
	Nq(0) = 16,	Nq(1) = 0.258401,	Nq(2) = 0.322341,	Nq(3) = 0.258401,	Nq(4) = 0.258401,	Nq(5) = 0.322341,	Nq(6) = 0.493095,	Nq(7) = 0.322341,	Nq(8) = 0.322341,	Nq(9) = 0.493095,	Nq(10) = 6.1724,	Nq(11) = 0.493095,	Nq(12) = 0.258401,	Nq(13) = 0.322341,	Nq(14) = 0.493095,	Nq(15) = 0.322341,	Sq(0) = -3.19979e-18,	Sq(1) = 0.222275,	Sq(2) = 0.29643,	Sq(3) = 0.222275,	Sq(4) = 0.222275,	Sq(5) = 0.29643,	Sq(6) = 0.42858,	Sq(7) = 0.29643,	Sq(8) = 0.29643,	Sq(9) = 0.42858,	Sq(10) = 0.505565,	Sq(11) = 0.42858,	Sq(12) = 0.222275,	Sq(13) = 0.29643,	Sq(14) = 0.42858,	Sq(15) = 0.29643,	N(0) = 1.97403,	N(1) = 1.92152,	N(2) = 1,	N(3) = 1.92152,	N(4) = 1.92152,	N(5) = 1,	N(6) = 0.0784784,	N(7) = 1,	N(8) = 1,	N(9) = 0.0784784,	N(10) = 0.0259711,	N(11) = 0.0784784,	N(12) = 1.92152,	N(13) = 1,	N(14) = 0.0784784,	N(15) = 1,	Delta[s](0) = 0.442347,	Delta[s](1) = 0.36932,	Delta[s](2) = 0.350733,	Delta[s](3) = 0.36932,	Delta[s](4) = 0.36932,	Delta[s](5) = 0.350733,	Delta[s](6) = 0.31104,	Delta[s](7) = 0.350733,	Delta[s](8) = 0.350733,	Delta[s](9) = 0.31104,	Delta[s](10) = 0.288029,	Delta[s](11) = 0.31104,	Delta[s](12) = 0.36932,	Delta[s](13) = 0.350733,	Delta[s](14) = 0.31104,	Delta[s](15) = 0.350733,	Delta[d](0) = 0.208063,	Delta[d](1) = 0.195396,	Delta[d](2) = 0.206341,	Delta[d](3) = 0.195396,	Delta[d](4) = 0.195396,	Delta[d](5) = 0.131967,	Delta[d](6) = 0.155193,	Delta[d](7) = 0.131967,	Delta[d](8) = 0.206341,	Delta[d](9) = 0.155193,	Delta[d](10) = 0.0557708,	Delta[d](11) = 0.155193,	Delta[d](12) = 0.195396,	Delta[d](13) = 0.131967,	Delta[d](14) = 0.155193,	Delta[d](15) = 0.131967,	Delta[s+](0) = 0.416579,	Delta[s+](1) = 0.322685,	Delta[s+](2) = 0.206341,	Delta[s+](3) = 0.322685,	Delta[s+](4) = 0.322685,	Delta[s+](5) = 0.206341,	Delta[s+](6) = 0.0888441,	Delta[s+](7) = 0.206341,	Delta[s+](8) = 0.206341,	Delta[s+](9) = 0.0888441,	Delta[s+](10) = 0.0313019,	Delta[s+](11) = 0.0888441,	Delta[s+](12) = 0.322685,	Delta[s+](13) = 0.206341,	Delta[s+](14) = 0.0888441,	Delta[s+](15) = 0.206341
The 20-th iteration is completed.	|| time cost : 0h 4m 23.356s
********************************************************************************************************************
Start the 21 rounds of NGS-ED iteration
	effective electronic model is modified as: kinetic energy t = 0.807833
	                                           effective interaction Vq = [-2.69995,-2.46724,-2.28114,-2.46724,-2.46724,-2.28114,-2.31165,-2.28114,-2.28114,-2.31165,-2.69294,-2.31165,-2.46724,-2.28114,-2.31165,-2.28114]
	PARPACK diagonalization completed after 30 matrix-vector product operations.
	iteration results: : total energy is -68.716843 | electron energy -68.990301 + phonon energy 0.273458 | electron momentum kIdx = 10
The 21-th iteration is completed.	|| time cost : 0h 0m 27.357s
********************************************************************************************************************
Start the 22 rounds of NGS-ED iteration
	effective electronic model is modified as: kinetic energy t = 0.807834
	                                           effective interaction Vq = [-2.69995,-2.46724,-2.28114,-2.46724,-2.46724,-2.28114,-2.31165,-2.28114,-2.28114,-2.31165,-2.69294,-2.31165,-2.46724,-2.28114,-2.31165,-2.28114]
	PARPACK diagonalization completed after 30 matrix-vector product operations.
	iteration results: : total energy is -68.716843 | electron energy -68.990300 + phonon energy 0.273457 | electron momentum kIdx = 10
The 22-th iteration is completed.	|| time cost : 0h 0m 27.275s
********************************************************************************************************************
Start the 23 rounds of NGS-ED iteration
	effective electronic model is modified as: kinetic energy t = 0.807834
	                                           effective interaction Vq = [-2.69995,-2.46723,-2.28114,-2.46723,-2.46723,-2.28114,-2.31165,-2.28114,-2.28114,-2.31165,-2.69294,-2.31165,-2.46723,-2.28114,-2.31165,-2.28114]
	PARPACK diagonalization completed after 30 matrix-vector product operations.
	iteration results: : total energy is -68.716843 | electron energy -68.990300 + phonon energy 0.273457 | electron momentum kIdx = 10
The 23-th iteration is completed.	|| time cost : 0h 0m 27.344s
