SNEDics v3.4 Non-Gaussian ED ground state program		Start at Wed Oct  2 02:16:36 2019

parallized on 16 MPI threads  * 8 OpenMP threads = 128 total threads.
********************************************************************************************************************
********************************************************************************************************************

********************************************************************************************************************
System parameters and configurations
********************************************************************************************************************
Special program options are enabled: splitted diagonal Hamiltonian
********************************************************************************************************************
Read input file "model_params.in"
	Hubbard-Holstein model parameters : 	t = 1    U = 7.07    g = 4.4721    W = 5    
********************************************************************************************************************
Read input file "hilbertspace_params.in"
	Requested 16-site 2D lattice, with 16 electrons (8, 8)
	Boundary : Periodic		Hilbert space representation : momentum-space (restricted to kIdx = 10)
	Conservation: particle number[U(1)]      spin[U(1)]     momentum
********************************************************************************************************************

Cluster Positions:				Cluster symmetry group : D4
 x ... x ... x ... x .....                       x ... x ... x ... x .....
 |           |           :                       |           |           :
 |           |           :                       |           |           :
12    13    14    15     x                       1     5     6     5     x
 |           |           :                       |           |           :
 |           |           :                       |           |           :
 8 --- 9 ---10 ---11 --- x                       2 --- 6 ---10 --- 6 --- x
 |           |           :                       |           |           :
 |           |           :                       |           |           :
 4     5     6     7     x                       1     5     6     5     x
 |           |           :                       |           |           :
 |           |           :                       |           |           :
 0 --- 1 --- 2 --- 3 --- x                       0 --- 1 --- 2 --- 1 --- x
orbital number : 1
********************************************************************************************************************
Read input file "obs_params.in"
	Observable Type : Nq(All),   Sq(All),   N(All),   Delta[s](All),   Delta[d](All),   Delta[s+](All)
********************************************************************************************************************
** WARNING ** the input observables have non-local factors which have been reinterpreted. The total observable number is 96
********************************************************************************************************************


********************************************************************************************************************
Start calculating the non-Gaussian ED ground state
** WARNING ** Detected low phonon energy W < 10. The initial state will be prepared through a warm-up process.
********************************************************************************************************************
Start warm-up calculation for scaling factor 2
open output files: NGSEDWarmUpW10Obs.txt
********************************************************************************************************************
Start the 0 rounds of NGS-ED iteration
	effective electronic model is modified as: kinetic energy t = 1
	                                           effective interaction Vq = [-0,-0,-0,-0,-0,-0,-0,-0,-0,-0,-0,-0,-0,-0,-0,-0]
	first Hamiltonian is constructed, non-zero numbers = 2845334624
	PARPACK diagonalization completed after 105 matrix-vector product operations.
	iteration results: : total energy is -9.148783 | electron energy -9.148783 + phonon energy 0.000000 | electron momentum kIdx = 10
	Nq(0) = 16,	Nq(1) = 0.0772011,	Nq(2) = 0.130571,	Nq(3) = 0.0772011,	Nq(4) = 0.0772011,	Nq(5) = 0.130571,	Nq(6) = 0.179202,	Nq(7) = 0.130571,	Nq(8) = 0.130571,	Nq(9) = 0.179202,	Nq(10) = 0.22362,	Nq(11) = 0.179202,	Nq(12) = 0.0772011,	Nq(13) = 0.130571,	Nq(14) = 0.179202,	Nq(15) = 0.130571,	Sq(0) = 1.31718e-19,	Sq(1) = 0.246711,	Sq(2) = 0.390435,	Sq(3) = 0.246711,	Sq(4) = 0.246711,	Sq(5) = 0.390435,	Sq(6) = 0.574663,	Sq(7) = 0.390435,	Sq(8) = 0.390435,	Sq(9) = 0.574663,	Sq(10) = 8.33923,	Sq(11) = 0.574663,	Sq(12) = 0.246711,	Sq(13) = 0.390435,	Sq(14) = 0.574663,	Sq(15) = 0.390435,	N(0) = 1.81089,	N(1) = 1.61544,	N(2) = 1,	N(3) = 1.61544,	N(4) = 1.61544,	N(5) = 1,	N(6) = 0.384555,	N(7) = 1,	N(8) = 1,	N(9) = 0.384555,	N(10) = 0.18911,	N(11) = 0.384555,	N(12) = 1.61544,	N(13) = 1,	N(14) = 0.384555,	N(15) = 1,	Delta[s](0) = 0.097483,	Delta[s](1) = 0.08185,	Delta[s](2) = 0.0647497,	Delta[s](3) = 0.08185,	Delta[s](4) = 0.08185,	Delta[s](5) = 0.0647497,	Delta[s](6) = 0.0459955,	Delta[s](7) = 0.0647497,	Delta[s](8) = 0.0647497,	Delta[s](9) = 0.0459955,	Delta[s](10) = 0.0189666,	Delta[s](11) = 0.0459955,	Delta[s](12) = 0.08185,	Delta[s](13) = 0.0647497,	Delta[s](14) = 0.0459955,	Delta[s](15) = 0.0647497,	Delta[d](0) = 0.55426,	Delta[d](1) = 0.457084,	Delta[d](2) = 0.378644,	Delta[d](3) = 0.457084,	Delta[d](4) = 0.457084,	Delta[d](5) = 0.405596,	Delta[d](6) = 0.337696,	Delta[d](7) = 0.405596,	Delta[d](8) = 0.378644,	Delta[d](9) = 0.337696,	Delta[d](10) = 0.274183,	Delta[d](11) = 0.337696,	Delta[d](12) = 0.457084,	Delta[d](13) = 0.405596,	Delta[d](14) = 0.337696,	Delta[d](15) = 0.405596,	Delta[s+](0) = 0.603161,	Delta[s+](1) = 0.504247,	Delta[s+](2) = 0.378644,	Delta[s+](3) = 0.504247,	Delta[s+](4) = 0.504247,	Delta[s+](5) = 0.378644,	Delta[s+](6) = 0.252527,	Delta[s+](7) = 0.378644,	Delta[s+](8) = 0.378644,	Delta[s+](9) = 0.252527,	Delta[s+](10) = 0.140819,	Delta[s+](11) = 0.252527,	Delta[s+](12) = 0.504247,	Delta[s+](13) = 0.378644,	Delta[s+](14) = 0.252527,	Delta[s+](15) = 0.378644
The 0-th iteration is completed.	|| time cost : 0h 8m 29.24s
********************************************************************************************************************
Start the 1 rounds of NGS-ED iteration
	effective electronic model is modified as: kinetic energy t = 0.915542
	                                           effective interaction Vq = [ -3.4586,-2.98293,-2.90305,-2.98293,-2.98293,-2.90305,-2.85706,-2.90305,-2.90305,-2.85706,-2.82112,-2.85706,-2.98293,-2.90305,-2.85706,-2.90305]
	PARPACK diagonalization completed after 45 matrix-vector product operations.
	iteration results: : total energy is -73.289854 | electron energy -73.294304 + phonon energy 0.004450 | electron momentum kIdx = 10
The 1-th iteration is completed.	|| time cost : 0h 7m 35.308s
********************************************************************************************************************
Start the 2 rounds of NGS-ED iteration
	effective electronic model is modified as: kinetic energy t = 0.841004
	                                           effective interaction Vq = [-3.92667,-3.70352,-3.55917,-3.70352,-3.70352,-3.55917,-3.55323,-3.55917,-3.55917,-3.55323,-3.48146,-3.55323,-3.70352,-3.55917,-3.55323,-3.55917]
	PARPACK diagonalization completed after 45 matrix-vector product operations.
	iteration results: : total energy is -83.318656 | electron energy -83.374648 + phonon energy 0.055992 | electron momentum kIdx = 10
The 2-th iteration is completed.	|| time cost : 0h 0m 31.966s
********************************************************************************************************************
Start the 3 rounds of NGS-ED iteration
	effective electronic model is modified as: kinetic energy t = 0.798189
	                                           effective interaction Vq = [-3.99002,-3.87993,-3.82723,-3.87993,-3.87993,-3.82723,-3.75771,-3.82723,-3.82723,-3.75771,-3.66482,-3.75771,-3.87993,-3.82723,-3.75771,-3.82723]
	PARPACK diagonalization completed after 30 matrix-vector product operations.
	iteration results: : total energy is -85.208346 | electron energy -85.321593 + phonon energy 0.113248 | electron momentum kIdx = 10
The 3-th iteration is completed.	|| time cost : 0h 0m 27.275s
********************************************************************************************************************
Start the 4 rounds of NGS-ED iteration
	effective electronic model is modified as: kinetic energy t = 0.78192
	                                           effective interaction Vq = [-3.99859,-3.92304,-3.89652,-3.92304,-3.92304,-3.89652,-3.81716,-3.89652,-3.89652,-3.81716,-3.72152,-3.81716,-3.92304,-3.89652,-3.81716,-3.89652]
	PARPACK diagonalization completed after 30 matrix-vector product operations.
	iteration results: : total energy is -85.468893 | electron energy -85.613251 + phonon energy 0.144358 | electron momentum kIdx = 10
The 4-th iteration is completed.	|| time cost : 0h 0m 27.411s
********************************************************************************************************************
Start the 5 rounds of NGS-ED iteration
	effective electronic model is modified as: kinetic energy t = 0.775979
	                                           effective interaction Vq = [-3.99975,-3.93567,-3.91737,-3.93567,-3.93567,-3.91737,-3.83684,-3.91737,-3.91737,-3.83684,-3.74107,-3.83684,-3.93567,-3.91737,-3.83684,-3.91737]
	PARPACK diagonalization completed after 30 matrix-vector product operations.
	iteration results: : total energy is -85.503693 | electron energy -85.660802 + phonon energy 0.157109 | electron momentum kIdx = 10
The 5-th iteration is completed.	|| time cost : 0h 0m 27.331s
********************************************************************************************************************
Start the 6 rounds of NGS-ED iteration
	effective electronic model is modified as: kinetic energy t = 0.77384
	                                           effective interaction Vq = [-3.99991,-3.93974,-3.92424,-3.93974,-3.93974,-3.92424,-3.84377,-3.92424,-3.92424,-3.84377,-3.74814,-3.84377,-3.93974,-3.92424,-3.84377,-3.92424]
	PARPACK diagonalization completed after 30 matrix-vector product operations.
	iteration results: : total energy is -85.508286 | electron energy -85.670195 + phonon energy 0.161909 | electron momentum kIdx = 10
The 6-th iteration is completed.	|| time cost : 0h 0m 27.317s
********************************************************************************************************************
Start the 7 rounds of NGS-ED iteration
	effective electronic model is modified as: kinetic energy t = 0.773073
	                                           effective interaction Vq = [-3.99993,-3.94111, -3.9266,-3.94111,-3.94111, -3.9266,-3.84628, -3.9266, -3.9266,-3.84628,-3.75073,-3.84628,-3.94111, -3.9266,-3.84628, -3.9266]
	PARPACK diagonalization completed after 30 matrix-vector product operations.
	iteration results: : total energy is -85.508890 | electron energy -85.672555 + phonon energy 0.163666 | electron momentum kIdx = 10
The 7-th iteration is completed.	|| time cost : 0h 0m 27.296s
********************************************************************************************************************
Start the 8 rounds of NGS-ED iteration
	effective electronic model is modified as: kinetic energy t = 0.772799
	                                           effective interaction Vq = [-3.99994,-3.94157,-3.92743,-3.94157,-3.94157,-3.92743, -3.8472,-3.92743,-3.92743, -3.8472,-3.75169, -3.8472,-3.94157,-3.92743, -3.8472,-3.92743]
	PARPACK diagonalization completed after 30 matrix-vector product operations.
	iteration results: : total energy is -85.508969 | electron energy -85.673271 + phonon energy 0.164302 | electron momentum kIdx = 10
The 8-th iteration is completed.	|| time cost : 0h 0m 27.306s
********************************************************************************************************************
Start the 9 rounds of NGS-ED iteration
	effective electronic model is modified as: kinetic energy t = 0.772701
	                                           effective interaction Vq = [-3.99994,-3.94173,-3.92772,-3.94173,-3.94173,-3.92772,-3.84753,-3.92772,-3.92772,-3.84753,-3.75204,-3.84753,-3.94173,-3.92772,-3.84753,-3.92772]
	PARPACK diagonalization completed after 30 matrix-vector product operations.
	iteration results: : total energy is -85.508980 | electron energy -85.673512 + phonon energy 0.164532 | electron momentum kIdx = 10
	Nq(0) = 16,	Nq(1) = 0.405687,	Nq(2) = 0.695927,	Nq(3) = 0.405687,	Nq(4) = 0.405687,	Nq(5) = 0.695927,	Nq(6) = 0.656078,	Nq(7) = 0.695927,	Nq(8) = 0.695927,	Nq(9) = 0.656078,	Nq(10) = 0.632253,	Nq(11) = 0.656078,	Nq(12) = 0.405687,	Nq(13) = 0.695927,	Nq(14) = 0.656078,	Nq(15) = 0.695927,	Sq(0) = 3.09297e-18,	Sq(1) = 0.343479,	Sq(2) = 0.422993,	Sq(3) = 0.343479,	Sq(4) = 0.343479,	Sq(5) = 0.422993,	Sq(6) = 0.56518,	Sq(7) = 0.422993,	Sq(8) = 0.422993,	Sq(9) = 0.56518,	Sq(10) = 0.772533,	Sq(11) = 0.56518,	Sq(12) = 0.343479,	Sq(13) = 0.422993,	Sq(14) = 0.56518,	Sq(15) = 0.422993,	N(0) = 1.99504,	N(1) = 1.99216,	N(2) = 1,	N(3) = 1.99216,	N(4) = 1.99216,	N(5) = 1,	N(6) = 0.00783742,	N(7) = 1,	N(8) = 1,	N(9) = 0.00783742,	N(10) = 0.00495614,	N(11) = 0.00783742,	N(12) = 1.99216,	N(13) = 1,	N(14) = 0.00783742,	N(15) = 1,	Delta[s](0) = 0.302994,	Delta[s](1) = 0.303242,	Delta[s](2) = 0.301939,	Delta[s](3) = 0.303242,	Delta[s](4) = 0.303242,	Delta[s](5) = 0.301939,	Delta[s](6) = 0.253613,	Delta[s](7) = 0.301939,	Delta[s](8) = 0.301939,	Delta[s](9) = 0.253613,	Delta[s](10) = 0.185385,	Delta[s](11) = 0.253613,	Delta[s](12) = 0.303242,	Delta[s](13) = 0.301939,	Delta[s](14) = 0.253613,	Delta[s](15) = 0.301939,	Delta[d](0) = 0.306371,	Delta[d](1) = 0.290402,	Delta[d](2) = 0.265475,	Delta[d](3) = 0.290402,	Delta[d](4) = 0.290402,	Delta[d](5) = 0.265405,	Delta[d](6) = 0.252922,	Delta[d](7) = 0.265405,	Delta[d](8) = 0.265475,	Delta[d](9) = 0.252922,	Delta[d](10) = 0.324925,	Delta[d](11) = 0.252922,	Delta[d](12) = 0.290402,	Delta[d](13) = 0.265405,	Delta[d](14) = 0.252922,	Delta[d](15) = 0.265405,	Delta[s+](0) = 0.460774,	Delta[s+](1) = 0.382214,	Delta[s+](2) = 0.265475,	Delta[s+](3) = 0.382214,	Delta[s+](4) = 0.382214,	Delta[s+](5) = 0.265475,	Delta[s+](6) = 0.142311,	Delta[s+](7) = 0.265475,	Delta[s+](8) = 0.265475,	Delta[s+](9) = 0.142311,	Delta[s+](10) = 0.0578136,	Delta[s+](11) = 0.142311,	Delta[s+](12) = 0.382214,	Delta[s+](13) = 0.265475,	Delta[s+](14) = 0.142311,	Delta[s+](15) = 0.265475
The 9-th iteration is completed.	|| time cost : 0h 4m 30.837s
********************************************************************************************************************
********************************************************************************************************************
Ground state is obtained after 10 iterations. The current ground-state energy is -85.509, in which electron energy is -85.6735 and phonon energy is 0.164532
final variational state is: 
	Gamma_x = [      1,1.03499,1.06678,1.03499,1.03499,1.06678,1.08579,1.06678,1.06678,1.08579,1.09899,1.08579,1.03499,1.06678,1.08579,1.06678]
	lambda_q = [0.632422,0.556196, 0.54753,0.556196,0.556196, 0.54753,0.509049, 0.54753, 0.54753,0.509049,0.475045,0.509049,0.556196, 0.54753,0.509049, 0.54753]
********************************************************************************************************************
o___o  ----------------------------------------
| L |	Time since last clock: 0h 0m 0s
A===A	Time since the beginning: 0h 23m 51.293s
***********************************************


********************************************************************************************************************
Warm up runs have been completed. Start calculating W = 5 phonon.
open output files: NGSEDIterationObs.txt
********************************************************************************************************************
Start the 0 rounds of NGS-ED iteration
	effective electronic model is modified as: kinetic energy t = 0.772665
	                                           effective interaction Vq = [-3.65672,-3.42796,-3.39827,-3.42796,-3.42796,-3.39827,-3.25738,-3.39827,-3.39827,-3.25738,-3.12056,-3.25738,-3.42796,-3.39827,-3.25738,-3.39827]
	PARPACK diagonalization completed after 45 matrix-vector product operations.
	iteration results: : total energy is -75.606252 | electron energy -75.688560 + phonon energy 0.082308 | electron momentum kIdx = 10
	Nq(0) = 16,	Nq(1) = 0.352164,	Nq(2) = 0.369845,	Nq(3) = 0.352164,	Nq(4) = 0.352164,	Nq(5) = 0.369845,	Nq(6) = 0.557957,	Nq(7) = 0.369845,	Nq(8) = 0.369845,	Nq(9) = 0.557957,	Nq(10) = 0.564504,	Nq(11) = 0.557957,	Nq(12) = 0.352164,	Nq(13) = 0.369845,	Nq(14) = 0.557957,	Nq(15) = 0.369845,	Sq(0) = -3.34933e-18,	Sq(1) = 0.377134,	Sq(2) = 0.419162,	Sq(3) = 0.377134,	Sq(4) = 0.377134,	Sq(5) = 0.419162,	Sq(6) = 0.643195,	Sq(7) = 0.419162,	Sq(8) = 0.419162,	Sq(9) = 0.643195,	Sq(10) = 2.97966,	Sq(11) = 0.643195,	Sq(12) = 0.377134,	Sq(13) = 0.419162,	Sq(14) = 0.643195,	Sq(15) = 0.419162,	N(0) = 1.99843,	N(1) = 1.99632,	N(2) = 1,	N(3) = 1.99632,	N(4) = 1.99632,	N(5) = 1,	N(6) = 0.00368139,	N(7) = 1,	N(8) = 1,	N(9) = 0.00368139,	N(10) = 0.00156672,	N(11) = 0.00368139,	N(12) = 1.99632,	N(13) = 1,	N(14) = 0.00368139,	N(15) = 1,	Delta[s](0) = 0.234432,	Delta[s](1) = 0.228283,	Delta[s](2) = 0.195017,	Delta[s](3) = 0.228283,	Delta[s](4) = 0.228283,	Delta[s](5) = 0.195017,	Delta[s](6) = 0.18934,	Delta[s](7) = 0.195017,	Delta[s](8) = 0.195017,	Delta[s](9) = 0.18934,	Delta[s](10) = 0.137003,	Delta[s](11) = 0.18934,	Delta[s](12) = 0.228283,	Delta[s](13) = 0.195017,	Delta[s](14) = 0.18934,	Delta[s](15) = 0.195017,	Delta[d](0) = 0.496349,	Delta[d](1) = 0.341114,	Delta[d](2) = 0.304821,	Delta[d](3) = 0.341114,	Delta[d](4) = 0.341114,	Delta[d](5) = 0.380563,	Delta[d](6) = 0.289343,	Delta[d](7) = 0.380563,	Delta[d](8) = 0.304821,	Delta[d](9) = 0.289343,	Delta[d](10) = 0.266222,	Delta[d](11) = 0.289343,	Delta[d](12) = 0.341114,	Delta[d](13) = 0.380563,	Delta[d](14) = 0.289343,	Delta[d](15) = 0.380563,	Delta[s+](0) = 0.528352,	Delta[s+](1) = 0.440161,	Delta[s+](2) = 0.304821,	Delta[s+](3) = 0.440161,	Delta[s+](4) = 0.440161,	Delta[s+](5) = 0.304821,	Delta[s+](6) = 0.168322,	Delta[s+](7) = 0.304821,	Delta[s+](8) = 0.304821,	Delta[s+](9) = 0.168322,	Delta[s+](10) = 0.0657506,	Delta[s+](11) = 0.168322,	Delta[s+](12) = 0.440161,	Delta[s+](13) = 0.304821,	Delta[s+](14) = 0.168322,	Delta[s+](15) = 0.304821
The 0-th iteration is completed.	|| time cost : 0h 4m 39.513s
********************************************************************************************************************
Start the 1 rounds of NGS-ED iteration
	effective electronic model is modified as: kinetic energy t = 0.757814
	                                           effective interaction Vq = [-3.87367,-3.62209,-3.44584,-3.62209,-3.62209,-3.44584,-3.40511,-3.44584,-3.44584,-3.40511,-3.24382,-3.40511,-3.62209,-3.44584,-3.40511,-3.44584]
	PARPACK diagonalization completed after 30 matrix-vector product operations.
	iteration results: : total energy is -79.377792 | electron energy -79.608494 + phonon energy 0.230702 | electron momentum kIdx = 10
The 1-th iteration is completed.	|| time cost : 0h 0m 27.325s
********************************************************************************************************************
Start the 2 rounds of NGS-ED iteration
	effective electronic model is modified as: kinetic energy t = 0.744174
	                                           effective interaction Vq = [-3.95349,-3.73022,-3.48336,-3.73022,-3.73022,-3.48336,-3.50611,-3.48336,-3.48336,-3.50611,-3.33021,-3.50611,-3.73022,-3.48336,-3.50611,-3.48336]
	PARPACK diagonalization completed after 30 matrix-vector product operations.
	iteration results: : total energy is -80.788385 | electron energy -81.113232 + phonon energy 0.324847 | electron momentum kIdx = 10
The 2-th iteration is completed.	|| time cost : 0h 0m 27.353s
********************************************************************************************************************
Start the 3 rounds of NGS-ED iteration
	effective electronic model is modified as: kinetic energy t = 0.733901
	                                           effective interaction Vq = [-3.98285,-3.79228,-3.50894,-3.79228,-3.79228,-3.50894,-3.57263,-3.50894,-3.50894,-3.57263,-3.38544,-3.57263,-3.79228,-3.50894,-3.57263,-3.50894]
	PARPACK diagonalization completed after 30 matrix-vector product operations.
	iteration results: : total energy is -81.319766 | electron energy -81.700984 + phonon energy 0.381219 | electron momentum kIdx = 10
The 3-th iteration is completed.	|| time cost : 0h 0m 27.298s
********************************************************************************************************************
Start the 4 rounds of NGS-ED iteration
	effective electronic model is modified as: kinetic energy t = 0.726664
	                                           effective interaction Vq = [-3.99365,-3.82886,-3.52593,-3.82886,-3.82886,-3.52593,-3.61615,-3.52593,-3.52593,-3.61615,-3.41981,-3.61615,-3.82886,-3.52593,-3.61615,-3.52593]
	PARPACK diagonalization completed after 30 matrix-vector product operations.
	iteration results: : total energy is -81.520709 | electron energy -81.936811 + phonon energy 0.416102 | electron momentum kIdx = 10
The 4-th iteration is completed.	|| time cost : 0h 0m 27.281s
********************************************************************************************************************
Start the 5 rounds of NGS-ED iteration
	effective electronic model is modified as: kinetic energy t = 0.721624
	                                           effective interaction Vq = [-3.99762,-3.85096,-3.53829,-3.85096,-3.85096,-3.53829,-3.64458,-3.53829,-3.53829,-3.64458,-3.44109,-3.64458,-3.85096,-3.53829,-3.64458,-3.53829]
	PARPACK diagonalization completed after 30 matrix-vector product operations.
	iteration results: : total energy is -81.597148 | electron energy -82.035574 + phonon energy 0.438426 | electron momentum kIdx = 10
The 5-th iteration is completed.	|| time cost : 0h 0m 27.338s
********************************************************************************************************************
Start the 6 rounds of NGS-ED iteration
	effective electronic model is modified as: kinetic energy t = 0.717605
	                                           effective interaction Vq = [-3.99908,-3.86469,-3.55378,-3.86469,-3.86469,-3.55378, -3.6628,-3.55378,-3.55378, -3.6628,-3.45448, -3.6628,-3.86469,-3.55378, -3.6628,-3.55378]
	PARPACK diagonalization completed after 45 matrix-vector product operations.
	iteration results: : total energy is -81.633999 | electron energy -82.087441 + phonon energy 0.453442 | electron momentum kIdx = 10
The 6-th iteration is completed.	|| time cost : 0h 0m 32.055s
********************************************************************************************************************
Start the 7 rounds of NGS-ED iteration
	effective electronic model is modified as: kinetic energy t = 0.704268
	                                           effective interaction Vq = [-3.99962,-3.86908,-3.67635,-3.86908,-3.86908,-3.67635,-3.66986,-3.67635,-3.67635,-3.66986, -3.4685,-3.66986,-3.86908,-3.67635,-3.66986,-3.67635]
	PARPACK diagonalization completed after 30 matrix-vector product operations.
	iteration results: : total energy is -81.795672 | electron energy -82.268233 + phonon energy 0.472561 | electron momentum kIdx = 10
The 7-th iteration is completed.	|| time cost : 0h 0m 27.31s
********************************************************************************************************************
Start the 8 rounds of NGS-ED iteration
	effective electronic model is modified as: kinetic energy t = 0.695799
	                                           effective interaction Vq = [-3.99982, -3.8688,-3.74853, -3.8688, -3.8688,-3.74853,-3.67254,-3.74853,-3.74853,-3.67254,-3.47674,-3.67254, -3.8688,-3.74853,-3.67254,-3.74853]
	PARPACK diagonalization completed after 30 matrix-vector product operations.
	iteration results: : total energy is -81.868594 | electron energy -82.362809 + phonon energy 0.494215 | electron momentum kIdx = 10
The 8-th iteration is completed.	|| time cost : 0h 0m 27.362s
********************************************************************************************************************
Start the 9 rounds of NGS-ED iteration
	effective electronic model is modified as: kinetic energy t = 0.69081
	                                           effective interaction Vq = [-3.99989,-3.86777,-3.78896,-3.86777,-3.86777,-3.78896,-3.67277,-3.78896,-3.78896,-3.67277, -3.4811,-3.67277,-3.86777,-3.78896,-3.67277,-3.78896]
	PARPACK diagonalization completed after 30 matrix-vector product operations.
	iteration results: : total energy is -81.897869 | electron energy -82.409288 + phonon energy 0.511419 | electron momentum kIdx = 10
The 9-th iteration is completed.	|| time cost : 0h 0m 27.298s
********************************************************************************************************************
Start the 10 rounds of NGS-ED iteration
	effective electronic model is modified as: kinetic energy t = 0.687855
	                                           effective interaction Vq = [-3.99992,-3.86668,-3.81229,-3.86668,-3.86668,-3.81229,-3.67207,-3.81229,-3.81229,-3.67207,-3.48333,-3.67207,-3.86668,-3.81229,-3.67207,-3.81229]
	PARPACK diagonalization completed after 105 matrix-vector product operations.
	iteration results: : total energy is -82.025780 | electron energy -82.549042 + phonon energy 0.523262 | electron momentum kIdx = 10
	Nq(0) = 16,	Nq(1) = 0.402036,	Nq(2) = 0.772106,	Nq(3) = 0.402036,	Nq(4) = 0.402036,	Nq(5) = 0.772105,	Nq(6) = 0.609882,	Nq(7) = 0.772105,	Nq(8) = 0.772104,	Nq(9) = 0.609882,	Nq(10) = 0.780947,	Nq(11) = 0.609882,	Nq(12) = 0.402036,	Nq(13) = 0.772105,	Nq(14) = 0.609882,	Nq(15) = 0.772105,	Sq(0) = 7.03735e-18,	Sq(1) = 0.35003,	Sq(2) = 0.366806,	Sq(3) = 0.35003,	Sq(4) = 0.35003,	Sq(5) = 0.366806,	Sq(6) = 0.58465,	Sq(7) = 0.366806,	Sq(8) = 0.366806,	Sq(9) = 0.58465,	Sq(10) = 0.599197,	Sq(11) = 0.58465,	Sq(12) = 0.35003,	Sq(13) = 0.366806,	Sq(14) = 0.58465,	Sq(15) = 0.366806,	N(0) = 1.99858,	N(1) = 1.99433,	N(2) = 1,	N(3) = 1.99433,	N(4) = 1.99433,	N(5) = 1,	N(6) = 0.00566983,	N(7) = 1,	N(8) = 1,	N(9) = 0.00566982,	N(10) = 0.00142016,	N(11) = 0.00566982,	N(12) = 1.99433,	N(13) = 1,	N(14) = 0.00566983,	N(15) = 1,	Delta[s](0) = 0.345377,	Delta[s](1) = 0.302576,	Delta[s](2) = 0.284939,	Delta[s](3) = 0.302576,	Delta[s](4) = 0.302576,	Delta[s](5) = 0.284939,	Delta[s](6) = 0.274731,	Delta[s](7) = 0.284939,	Delta[s](8) = 0.284939,	Delta[s](9) = 0.274731,	Delta[s](10) = 0.366388,	Delta[s](11) = 0.274731,	Delta[s](12) = 0.302576,	Delta[s](13) = 0.284939,	Delta[s](14) = 0.274731,	Delta[s](15) = 0.284939,	Delta[d](0) = 0.370497,	Delta[d](1) = 0.326051,	Delta[d](2) = 0.302606,	Delta[d](3) = 0.326051,	Delta[d](4) = 0.326051,	Delta[d](5) = 0.299969,	Delta[d](6) = 0.28922,	Delta[d](7) = 0.299969,	Delta[d](8) = 0.302606,	Delta[d](9) = 0.28922,	Delta[d](10) = 0.229517,	Delta[d](11) = 0.28922,	Delta[d](12) = 0.326051,	Delta[d](13) = 0.299969,	Delta[d](14) = 0.28922,	Delta[d](15) = 0.299969,	Delta[s+](0) = 0.508271,	Delta[s+](1) = 0.421488,	Delta[s+](2) = 0.302606,	Delta[s+](3) = 0.421488,	Delta[s+](4) = 0.421488,	Delta[s+](5) = 0.302606,	Delta[s+](6) = 0.180206,	Delta[s+](7) = 0.302606,	Delta[s+](8) = 0.302606,	Delta[s+](9) = 0.180206,	Delta[s+](10) = 0.0899731,	Delta[s+](11) = 0.180206,	Delta[s+](12) = 0.421488,	Delta[s+](13) = 0.302606,	Delta[s+](14) = 0.180206,	Delta[s+](15) = 0.302606
The 10-th iteration is completed.	|| time cost : 0h 5m 1.454s
********************************************************************************************************************
Start the 11 rounds of NGS-ED iteration
	effective electronic model is modified as: kinetic energy t = 0.6818
	                                           effective interaction Vq = [-3.99993,-3.86338,-3.84124,-3.86338,-3.86338,-3.84124,-3.66602,-3.84124,-3.84124,-3.66602,-3.58519,-3.66602,-3.86338,-3.84124,-3.66602,-3.84124]
	PARPACK diagonalization completed after 30 matrix-vector product operations.
	iteration results: : total energy is -82.064960 | electron energy -82.601666 + phonon energy 0.536705 | electron momentum kIdx = 10
The 11-th iteration is completed.	|| time cost : 0h 0m 27.362s
********************************************************************************************************************
Start the 12 rounds of NGS-ED iteration
	effective electronic model is modified as: kinetic energy t = 0.678302
	                                           effective interaction Vq = [-3.99993,-3.86073,-3.85739,-3.86073,-3.86073,-3.85739,-3.66135,-3.85739,-3.85739,-3.66135,-3.64724,-3.66135,-3.86073,-3.85739,-3.66135,-3.85739]
	PARPACK diagonalization completed after 30 matrix-vector product operations.
	iteration results: : total energy is -82.081469 | electron energy -82.631635 + phonon energy 0.550165 | electron momentum kIdx = 10
The 12-th iteration is completed.	|| time cost : 0h 0m 27.302s
********************************************************************************************************************
Start the 13 rounds of NGS-ED iteration
	effective electronic model is modified as: kinetic energy t = 0.676216
	                                           effective interaction Vq = [-3.99993,-3.85872,-3.86664,-3.85872,-3.85872,-3.86664, -3.6578,-3.86664,-3.86664, -3.6578,-3.68685, -3.6578,-3.85872,-3.86664, -3.6578,-3.86664]
	PARPACK diagonalization completed after 30 matrix-vector product operations.
	iteration results: : total energy is -82.088591 | electron energy -82.648960 + phonon energy 0.560369 | electron momentum kIdx = 10
The 13-th iteration is completed.	|| time cost : 0h 0m 27.429s
********************************************************************************************************************
Start the 14 rounds of NGS-ED iteration
	effective electronic model is modified as: kinetic energy t = 0.67495
	                                           effective interaction Vq = [-3.99994,-3.85727,-3.87201,-3.85727,-3.85727,-3.87201,-3.65517,-3.87201,-3.87201,-3.65517,-3.71264,-3.65517,-3.85727,-3.87201,-3.65517,-3.87201]
	PARPACK diagonalization completed after 30 matrix-vector product operations.
	iteration results: : total energy is -82.091684 | electron energy -82.659078 + phonon energy 0.567394 | electron momentum kIdx = 10
The 14-th iteration is completed.	|| time cost : 0h 0m 27.286s
********************************************************************************************************************
Start the 15 rounds of NGS-ED iteration
	effective electronic model is modified as: kinetic energy t = 0.674175
	                                           effective interaction Vq = [-3.99994,-3.85624,-3.87516,-3.85624,-3.85624,-3.87516,-3.65327,-3.87516,-3.87516,-3.65327,-3.72961,-3.65327,-3.85624,-3.87516,-3.65327,-3.87516]
	PARPACK diagonalization completed after 30 matrix-vector product operations.
	iteration results: : total energy is -82.093032 | electron energy -82.665062 + phonon energy 0.572030 | electron momentum kIdx = 10
The 15-th iteration is completed.	|| time cost : 0h 0m 27.3s
********************************************************************************************************************
Start the 16 rounds of NGS-ED iteration
	effective electronic model is modified as: kinetic energy t = 0.673696
	                                           effective interaction Vq = [-3.99994,-3.85553,-3.87702,-3.85553,-3.85553,-3.87702,-3.65192,-3.87702,-3.87702,-3.65192,-3.74086,-3.65192,-3.85553,-3.87702,-3.65192,-3.87702]
	PARPACK diagonalization completed after 30 matrix-vector product operations.
	iteration results: : total energy is -82.093622 | electron energy -82.668654 + phonon energy 0.575032 | electron momentum kIdx = 10
The 16-th iteration is completed.	|| time cost : 0h 0m 27.345s
********************************************************************************************************************
Start the 17 rounds of NGS-ED iteration
	effective electronic model is modified as: kinetic energy t = 0.6734
	                                           effective interaction Vq = [-3.99994,-3.85505,-3.87812,-3.85505,-3.85505,-3.87812,-3.65097,-3.87812,-3.87812,-3.65097,-3.74834,-3.65097,-3.85505,-3.87812,-3.65097,-3.87812]
	PARPACK diagonalization completed after 30 matrix-vector product operations.
	iteration results: : total energy is -82.093880 | electron energy -82.670841 + phonon energy 0.576961 | electron momentum kIdx = 10
The 17-th iteration is completed.	|| time cost : 0h 0m 27.25s
********************************************************************************************************************
Start the 18 rounds of NGS-ED iteration
	effective electronic model is modified as: kinetic energy t = 0.673215
	                                           effective interaction Vq = [-3.99994,-3.85473,-3.87877,-3.85473,-3.85473,-3.87877,-3.65032,-3.87877,-3.87877,-3.65032,-3.75333,-3.65032,-3.85473,-3.87877,-3.65032,-3.87877]
	PARPACK diagonalization completed after 30 matrix-vector product operations.
	iteration results: : total energy is -82.093995 | electron energy -82.672192 + phonon energy 0.578198 | electron momentum kIdx = 10
The 18-th iteration is completed.	|| time cost : 0h 0m 27.292s
********************************************************************************************************************
Start the 19 rounds of NGS-ED iteration
	effective electronic model is modified as: kinetic energy t = 0.673099
	                                           effective interaction Vq = [-3.99994,-3.85451,-3.87916,-3.85451,-3.85451,-3.87916,-3.64987,-3.87916,-3.87916,-3.64987,-3.75668,-3.64987,-3.85451,-3.87916,-3.64987,-3.87916]
	PARPACK diagonalization completed after 30 matrix-vector product operations.
	iteration results: : total energy is -82.094045 | electron energy -82.673036 + phonon energy 0.578991 | electron momentum kIdx = 10
The 19-th iteration is completed.	|| time cost : 0h 0m 27.338s
********************************************************************************************************************
Start the 20 rounds of NGS-ED iteration
	effective electronic model is modified as: kinetic energy t = 0.673026
	                                           effective interaction Vq = [-3.99994,-3.85437,-3.87939,-3.85437,-3.85437,-3.87939,-3.64956,-3.87939,-3.87939,-3.64956,-3.75892,-3.64956,-3.85437,-3.87939,-3.64956,-3.87939]
	PARPACK diagonalization completed after 30 matrix-vector product operations.
	iteration results: : total energy is -82.094067 | electron energy -82.673569 + phonon energy 0.579501 | electron momentum kIdx = 10
	Nq(0) = 16,	Nq(1) = 0.38651,	Nq(2) = 0.797429,	Nq(3) = 0.38651,	Nq(4) = 0.38651,	Nq(5) = 0.797425,	Nq(6) = 0.588555,	Nq(7) = 0.797425,	Nq(8) = 0.79742,	Nq(9) = 0.588555,	Nq(10) = 0.94438,	Nq(11) = 0.588555,	Nq(12) = 0.38651,	Nq(13) = 0.797425,	Nq(14) = 0.588555,	Nq(15) = 0.797425,	Sq(0) = -6.20384e-18,	Sq(1) = 0.336601,	Sq(2) = 0.361494,	Sq(3) = 0.336601,	Sq(4) = 0.336601,	Sq(5) = 0.361494,	Sq(6) = 0.567174,	Sq(7) = 0.361494,	Sq(8) = 0.361494,	Sq(9) = 0.567174,	Sq(10) = 0.58675,	Sq(11) = 0.567174,	Sq(12) = 0.336601,	Sq(13) = 0.361494,	Sq(14) = 0.567174,	Sq(15) = 0.361494,	N(0) = 1.99791,	N(1) = 1.99169,	N(2) = 1,	N(3) = 1.99169,	N(4) = 1.99169,	N(5) = 1,	N(6) = 0.00830508,	N(7) = 1,	N(8) = 1,	N(9) = 0.00830502,	N(10) = 0.00209059,	N(11) = 0.00830502,	N(12) = 1.99169,	N(13) = 1,	N(14) = 0.00830508,	N(15) = 1,	Delta[s](0) = 0.350998,	Delta[s](1) = 0.307842,	Delta[s](2) = 0.290285,	Delta[s](3) = 0.307842,	Delta[s](4) = 0.307842,	Delta[s](5) = 0.290285,	Delta[s](6) = 0.280807,	Delta[s](7) = 0.290285,	Delta[s](8) = 0.290285,	Delta[s](9) = 0.280807,	Delta[s](10) = 0.367288,	Delta[s](11) = 0.280807,	Delta[s](12) = 0.307842,	Delta[s](13) = 0.290285,	Delta[s](14) = 0.280807,	Delta[s](15) = 0.290285,	Delta[d](0) = 0.361338,	Delta[d](1) = 0.317935,	Delta[d](2) = 0.295085,	Delta[d](3) = 0.317935,	Delta[d](4) = 0.317935,	Delta[d](5) = 0.293732,	Delta[d](6) = 0.282321,	Delta[d](7) = 0.293732,	Delta[d](8) = 0.295085,	Delta[d](9) = 0.282321,	Delta[d](10) = 0.226317,	Delta[d](11) = 0.282321,	Delta[d](12) = 0.317935,	Delta[d](13) = 0.293732,	Delta[d](14) = 0.282321,	Delta[d](15) = 0.293732,	Delta[s+](0) = 0.492639,	Delta[s+](1) = 0.408661,	Delta[s+](2) = 0.295085,	Delta[s+](3) = 0.408661,	Delta[s+](4) = 0.408661,	Delta[s+](5) = 0.295085,	Delta[s+](6) = 0.175891,	Delta[s+](7) = 0.295085,	Delta[s+](8) = 0.295085,	Delta[s+](9) = 0.175891,	Delta[s+](10) = 0.0890738,	Delta[s+](11) = 0.175891,	Delta[s+](12) = 0.408661,	Delta[s+](13) = 0.295085,	Delta[s+](14) = 0.175891,	Delta[s+](15) = 0.295085
The 20-th iteration is completed.	|| time cost : 0h 4m 21.643s
********************************************************************************************************************
Start the 21 rounds of NGS-ED iteration
	effective electronic model is modified as: kinetic energy t = 0.67298
	                                           effective interaction Vq = [-3.99994,-3.85427,-3.87953,-3.85427,-3.85427,-3.87952,-3.64935,-3.87952,-3.87952,-3.64935,-3.76042,-3.64935,-3.85427,-3.87952,-3.64935,-3.87952]
	PARPACK diagonalization completed after 30 matrix-vector product operations.
	iteration results: : total energy is -82.094077 | electron energy -82.673908 + phonon energy 0.579831 | electron momentum kIdx = 10
The 21-th iteration is completed.	|| time cost : 0h 0m 27.357s
********************************************************************************************************************
Start the 22 rounds of NGS-ED iteration
	effective electronic model is modified as: kinetic energy t = 0.67295
	                                           effective interaction Vq = [-3.99994,-3.85421,-3.87961,-3.85421,-3.85421,-3.87961,-3.64921,-3.87961,-3.87961,-3.64921,-3.76144,-3.64921,-3.85421,-3.87961,-3.64921,-3.87961]
	PARPACK diagonalization completed after 30 matrix-vector product operations.
	iteration results: : total energy is -82.094081 | electron energy -82.674125 + phonon energy 0.580044 | electron momentum kIdx = 10
The 22-th iteration is completed.	|| time cost : 0h 0m 27.369s
********************************************************************************************************************
Start the 23 rounds of NGS-ED iteration
	effective electronic model is modified as: kinetic energy t = 0.672932
	                                           effective interaction Vq = [-3.99994,-3.85417,-3.87966,-3.85417,-3.85417,-3.87965,-3.64911,-3.87965,-3.87965,-3.64911,-3.76212,-3.64911,-3.85417,-3.87965,-3.64911,-3.87965]
	PARPACK diagonalization completed after 30 matrix-vector product operations.
	iteration results: : total energy is -82.094083 | electron energy -82.674266 + phonon energy 0.580183 | electron momentum kIdx = 10
The 23-th iteration is completed.	|| time cost : 0h 0m 27.354s
********************************************************************************************************************
Start the 24 rounds of NGS-ED iteration
	effective electronic model is modified as: kinetic energy t = 0.67292
	                                           effective interaction Vq = [-3.99994,-3.85414,-3.87969,-3.85414,-3.85414,-3.87968,-3.64905,-3.87968,-3.87968,-3.64905,-3.76258,-3.64905,-3.85414,-3.87968,-3.64905,-3.87968]
	PARPACK diagonalization completed after 30 matrix-vector product operations.
	iteration results: : total energy is -82.094084 | electron energy -82.674357 + phonon energy 0.580273 | electron momentum kIdx = 10
The 24-th iteration is completed.	|| time cost : 0h 0m 27.307s
