SNEDics v3.4 Non-Gaussian ED ground state program		Start at Tue Sep 24 13:54:49 2019

parallized on 16 MPI threads  * 8 OpenMP threads = 128 total threads.
********************************************************************************************************************
********************************************************************************************************************

********************************************************************************************************************
System parameters and configurations
********************************************************************************************************************
Special program options are enabled: splitted diagonal Hamiltonian
********************************************************************************************************************
Read input file "model_params.in"
	Hubbard-Holstein model parameters : 	t = 1    U = 9    g = 4.1833    W = 5    
********************************************************************************************************************
Read input file "hilbertspace_params.in"
	Requested 16-site 2D lattice, with 14 electrons (7, 7)
	Boundary : Periodic		Hilbert space representation : momentum-space (restricted to kIdx = 0)
	Conservation: particle number[U(1)]      spin[U(1)]     momentum
********************************************************************************************************************

Cluster Positions:				Cluster symmetry group : D4
 x ... x ... x ... x .....                       x ... x ... x ... x .....
 |           |           :                       |           |           :
 |           |           :                       |           |           :
12    13    14    15     x                       1     5     6     5     x
 |           |           :                       |           |           :
 |           |           :                       |           |           :
 8 --- 9 ---10 ---11 --- x                       2 --- 6 ---10 --- 6 --- x
 |           |           :                       |           |           :
 |           |           :                       |           |           :
 4     5     6     7     x                       1     5     6     5     x
 |           |           :                       |           |           :
 |           |           :                       |           |           :
 0 --- 1 --- 2 --- 3 --- x                       0 --- 1 --- 2 --- 1 --- x
orbital number : 1
********************************************************************************************************************
Read input file "obs_params.in"
	Observable Type : Nq(All),   Sq(All),   N(All),   Delta[s](All),   Delta[d](All),   Delta[s+](All)
********************************************************************************************************************
** WARNING ** the input observables have non-local factors which have been reinterpreted. The total observable number is 96
********************************************************************************************************************


********************************************************************************************************************
Start calculating the non-Gaussian ED ground state
** WARNING ** Detected low phonon energy W < 10. The initial state will be prepared through a warm-up process.
********************************************************************************************************************
Start warm-up calculation for scaling factor 2
open output files: NGSEDWarmUpW10Obs.txt
********************************************************************************************************************
Start the 0 rounds of NGS-ED iteration
	effective electronic model is modified as: kinetic energy t = 1
	                                           effective interaction Vq = [-0,-0,-0,-0,-0,-0,-0,-0,-0,-0,-0,-0,-0,-0,-0,-0]
	first Hamiltonian is constructed, non-zero numbers = 2178478298
	PARPACK diagonalization completed after 180 matrix-vector product operations.
	iteration results: : total energy is -11.290270 | electron energy -11.290270 + phonon energy 0.000000 | electron momentum kIdx = 0
	Nq(0) = 12.25,	Nq(1) = 0.147213,	Nq(2) = 0.172403,	Nq(3) = 0.147213,	Nq(4) = 0.147213,	Nq(5) = 0.18778,	Nq(6) = 0.216743,	Nq(7) = 0.18778,	Nq(8) = 0.172403,	Nq(9) = 0.216743,	Nq(10) = 0.252549,	Nq(11) = 0.216743,	Nq(12) = 0.147213,	Nq(13) = 0.18778,	Nq(14) = 0.216743,	Nq(15) = 0.18778,	Sq(0) = 2.51656e-18,	Sq(1) = 0.4724,	Sq(2) = 0.78139,	Sq(3) = 0.4724,	Sq(4) = 0.4724,	Sq(5) = 0.64095,	Sq(6) = 1.08931,	Sq(7) = 0.64095,	Sq(8) = 0.78139,	Sq(9) = 1.08931,	Sq(10) = 2.57227,	Sq(11) = 1.08931,	Sq(12) = 0.4724,	Sq(13) = 0.64095,	Sq(14) = 1.08931,	Sq(15) = 0.64095,	N(0) = 1.71518,	N(1) = 1.54016,	N(2) = 0.372009,	N(3) = 1.54016,	N(4) = 1.54016,	N(5) = 0.999832,	N(6) = 0.297,	N(7) = 0.999832,	N(8) = 0.372009,	N(9) = 0.297,	N(10) = 0.192843,	N(11) = 0.297,	N(12) = 1.54016,	N(13) = 0.999832,	N(14) = 0.297,	N(15) = 0.999832,	Delta[s](0) = 0.0567371,	Delta[s](1) = 0.0446778,	Delta[s](2) = 0.030498,	Delta[s](3) = 0.0446778,	Delta[s](4) = 0.0446778,	Delta[s](5) = 0.0342829,	Delta[s](6) = 0.0209268,	Delta[s](7) = 0.0342829,	Delta[s](8) = 0.030498,	Delta[s](9) = 0.0209268,	Delta[s](10) = 0.00986566,	Delta[s](11) = 0.0209268,	Delta[s](12) = 0.0446778,	Delta[s](13) = 0.0342829,	Delta[s](14) = 0.0209268,	Delta[s](15) = 0.0342829,	Delta[d](0) = 0.286625,	Delta[d](1) = 0.214062,	Delta[d](2) = 0.214133,	Delta[d](3) = 0.214062,	Delta[d](4) = 0.214062,	Delta[d](5) = 0.195111,	Delta[d](6) = 0.148888,	Delta[d](7) = 0.195111,	Delta[d](8) = 0.214133,	Delta[d](9) = 0.148888,	Delta[d](10) = 0.0693195,	Delta[d](11) = 0.148888,	Delta[d](12) = 0.214062,	Delta[d](13) = 0.195111,	Delta[d](14) = 0.148888,	Delta[d](15) = 0.195111,	Delta[s+](0) = 0.550889,	Delta[s+](1) = 0.413066,	Delta[s+](2) = 0.214133,	Delta[s+](3) = 0.413066,	Delta[s+](4) = 0.413066,	Delta[s+](5) = 0.294496,	Delta[s+](6) = 0.140706,	Delta[s+](7) = 0.294496,	Delta[s+](8) = 0.214133,	Delta[s+](9) = 0.140706,	Delta[s+](10) = 0.0518424,	Delta[s+](11) = 0.140706,	Delta[s+](12) = 0.413066,	Delta[s+](13) = 0.294496,	Delta[s+](14) = 0.140706,	Delta[s+](15) = 0.294496
The 0-th iteration is completed.	|| time cost : 0h 6m 51.812s
********************************************************************************************************************
Start the 1 rounds of NGS-ED iteration
	effective electronic model is modified as: kinetic energy t = 0.914796
	                                           effective interaction Vq = [-3.02633,-2.80975,-2.66054,-2.80975,-2.80975,-2.69004,-2.59414,-2.69004,-2.66054,-2.59414,-2.53644,-2.59414,-2.80975,-2.69004,-2.59414,-2.69004]
	PARPACK diagonalization completed after 60 matrix-vector product operations.
	iteration results: : total energy is -56.117653 | electron energy -56.121721 + phonon energy 0.004068 | electron momentum kIdx = 0
The 1-th iteration is completed.	|| time cost : 0h 5m 45.925s
********************************************************************************************************************
Start the 2 rounds of NGS-ED iteration
	effective electronic model is modified as: kinetic energy t = 0.862641
	                                           effective interaction Vq = [ -3.4359, -3.2378,-3.09172, -3.2378, -3.2378,-3.14283,-3.04473,-3.14283,-3.09172,-3.04473,-2.97731,-3.04473, -3.2378,-3.14283,-3.04473,-3.14283]
	PARPACK diagonalization completed after 45 matrix-vector product operations.
	iteration results: : total energy is -62.089328 | electron energy -62.126100 + phonon energy 0.036772 | electron momentum kIdx = 0
The 2-th iteration is completed.	|| time cost : 0h 0m 24.25s
********************************************************************************************************************
Start the 3 rounds of NGS-ED iteration
	effective electronic model is modified as: kinetic energy t = 0.843526
	                                           effective interaction Vq = [-3.49132,-3.33842,-3.19821,-3.33842,-3.33842,-3.25639,-3.16407,-3.25639,-3.19821,-3.16407,-3.09323,-3.16407,-3.33842,-3.25639,-3.16407,-3.25639]
	PARPACK diagonalization completed after 45 matrix-vector product operations.
	iteration results: : total energy is -62.885143 | electron energy -62.950050 + phonon energy 0.064907 | electron momentum kIdx = 0
The 3-th iteration is completed.	|| time cost : 0h 0m 24.008s
********************************************************************************************************************
Start the 4 rounds of NGS-ED iteration
	effective electronic model is modified as: kinetic energy t = 0.837006
	                                           effective interaction Vq = [-3.49883,-3.36716,-3.22907,-3.36716,-3.36716,-3.28986,-3.20052,-3.28986,-3.22907,-3.20052,-3.12822,-3.20052,-3.36716,-3.28986,-3.20052,-3.28986]
	PARPACK diagonalization completed after 45 matrix-vector product operations.
	iteration results: : total energy is -62.990483 | electron energy -63.068004 + phonon energy 0.077521 | electron momentum kIdx = 0
The 4-th iteration is completed.	|| time cost : 0h 0m 23.996s
********************************************************************************************************************
Start the 5 rounds of NGS-ED iteration
	effective electronic model is modified as: kinetic energy t = 0.834826
	                                           effective interaction Vq = [-3.49984,-3.37619,-3.23862,-3.37619,-3.37619,-3.30047,-3.21233,-3.30047,-3.23862,-3.21233,-3.13935,-3.21233,-3.37619,-3.30047,-3.21233,-3.30047]
	PARPACK diagonalization completed after 30 matrix-vector product operations.
	iteration results: : total energy is -63.004424 | electron energy -63.086572 + phonon energy 0.082148 | electron momentum kIdx = 0
The 5-th iteration is completed.	|| time cost : 0h 0m 20.378s
********************************************************************************************************************
Start the 6 rounds of NGS-ED iteration
	effective electronic model is modified as: kinetic energy t = 0.834102
	                                           effective interaction Vq = [-3.49998,-3.37915,-3.24165,-3.37915,-3.37915,-3.30393,-3.21623,-3.30393,-3.24165,-3.21623,-3.14296,-3.21623,-3.37915,-3.30393,-3.21623,-3.30393]
	PARPACK diagonalization completed after 30 matrix-vector product operations.
	iteration results: : total energy is -63.006274 | electron energy -63.090009 + phonon energy 0.083735 | electron momentum kIdx = 0
The 6-th iteration is completed.	|| time cost : 0h 0m 20.393s
********************************************************************************************************************
Start the 7 rounds of NGS-ED iteration
	effective electronic model is modified as: kinetic energy t = 0.833862
	                                           effective interaction Vq = [    -3.5,-3.38013,-3.24263,-3.38013,-3.38013,-3.30507,-3.21753,-3.30507,-3.24263,-3.21753,-3.14413,-3.21753,-3.38013,-3.30507,-3.21753,-3.30507]
	PARPACK diagonalization completed after 30 matrix-vector product operations.
	iteration results: : total energy is -63.006520 | electron energy -63.090788 + phonon energy 0.084268 | electron momentum kIdx = 0
The 7-th iteration is completed.	|| time cost : 0h 0m 20.362s
********************************************************************************************************************
Start the 8 rounds of NGS-ED iteration
	effective electronic model is modified as: kinetic energy t = 0.833782
	                                           effective interaction Vq = [    -3.5,-3.38046,-3.24294,-3.38046,-3.38046,-3.30545,-3.21796,-3.30545,-3.24294,-3.21796,-3.14452,-3.21796,-3.38046,-3.30545,-3.21796,-3.30545]
	PARPACK diagonalization completed after 30 matrix-vector product operations.
	iteration results: : total energy is -63.006553 | electron energy -63.090998 + phonon energy 0.084445 | electron momentum kIdx = 0
	Nq(0) = 12.25,	Nq(1) = 0.251696,	Nq(2) = 0.30221,	Nq(3) = 0.251696,	Nq(4) = 0.251696,	Nq(5) = 0.362818,	Nq(6) = 0.417765,	Nq(7) = 0.362818,	Nq(8) = 0.30221,	Nq(9) = 0.417765,	Nq(10) = 0.466589,	Nq(11) = 0.417765,	Nq(12) = 0.251696,	Nq(13) = 0.362818,	Nq(14) = 0.417765,	Nq(15) = 0.362818,	Sq(0) = -2.11986e-17,	Sq(1) = 0.446097,	Sq(2) = 0.65305,	Sq(3) = 0.446097,	Sq(4) = 0.446097,	Sq(5) = 0.575821,	Sq(6) = 0.797381,	Sq(7) = 0.575821,	Sq(8) = 0.65305,	Sq(9) = 0.797381,	Sq(10) = 1.96658,	Sq(11) = 0.797381,	Sq(12) = 0.446097,	Sq(13) = 0.575821,	Sq(14) = 0.797381,	Sq(15) = 0.575821,	N(0) = 1.95211,	N(1) = 1.91109,	N(2) = 0.065186,	N(3) = 1.91109,	N(4) = 1.91109,	N(5) = 0.997628,	N(6) = 0.0631116,	N(7) = 0.997628,	N(8) = 0.065186,	N(9) = 0.0631116,	N(10) = 0.0301874,	N(11) = 0.0631116,	N(12) = 1.91109,	N(13) = 0.997628,	N(14) = 0.0631116,	N(15) = 0.997628,	Delta[s](0) = 0.152398,	Delta[s](1) = 0.129396,	Delta[s](2) = 0.100011,	Delta[s](3) = 0.129396,	Delta[s](4) = 0.129396,	Delta[s](5) = 0.112881,	Delta[s](6) = 0.0868429,	Delta[s](7) = 0.112881,	Delta[s](8) = 0.100011,	Delta[s](9) = 0.0868429,	Delta[s](10) = 0.0561624,	Delta[s](11) = 0.0868429,	Delta[s](12) = 0.129396,	Delta[s](13) = 0.112881,	Delta[s](14) = 0.0868429,	Delta[s](15) = 0.112881,	Delta[d](0) = 0.238135,	Delta[d](1) = 0.165568,	Delta[d](2) = 0.180317,	Delta[d](3) = 0.165568,	Delta[d](4) = 0.165568,	Delta[d](5) = 0.166613,	Delta[d](6) = 0.12136,	Delta[d](7) = 0.166613,	Delta[d](8) = 0.180317,	Delta[d](9) = 0.12136,	Delta[d](10) = 0.0476248,	Delta[d](11) = 0.12136,	Delta[d](12) = 0.165568,	Delta[d](13) = 0.166613,	Delta[d](14) = 0.12136,	Delta[d](15) = 0.166613,	Delta[s+](0) = 0.556553,	Delta[s+](1) = 0.41674,	Delta[s+](2) = 0.180317,	Delta[s+](3) = 0.41674,	Delta[s+](4) = 0.41674,	Delta[s+](5) = 0.289947,	Delta[s+](6) = 0.115132,	Delta[s+](7) = 0.289947,	Delta[s+](8) = 0.180317,	Delta[s+](9) = 0.115132,	Delta[s+](10) = 0.0353339,	Delta[s+](11) = 0.115132,	Delta[s+](12) = 0.41674,	Delta[s+](13) = 0.289947,	Delta[s+](14) = 0.115132,	Delta[s+](15) = 0.289947
The 8-th iteration is completed.	|| time cost : 0h 3m 24.222s
********************************************************************************************************************
********************************************************************************************************************
Ground state is obtained after 9 iterations. The current ground-state energy is -63.0066, in which electron energy is -63.091 and phonon energy is 0.0844452
final variational state is: 
	Gamma_x = [      1,1.02688,1.04265,1.02688,1.02688,1.04678,1.06119,1.04678,1.04265,1.06119,1.07341,1.06119,1.02688,1.04678,1.06119,1.04678]
	lambda_q = [0.591535,0.482322,0.431308,0.482322,0.482322,0.452171,0.423712,0.452171,0.431308,0.423712,  0.4031,0.423712,0.482322,0.452171,0.423712,0.452171]
********************************************************************************************************************
o___o  ----------------------------------------
| L |	Time since last clock: 0h 0m 0s
A===A	Time since the beginning: 0h 18m 15.351s
***********************************************


********************************************************************************************************************
Warm up runs have been completed. Start calculating W = 5 phonon.
open output files: NGSEDIterationObs.txt
********************************************************************************************************************
Start the 0 rounds of NGS-ED iteration
	effective electronic model is modified as: kinetic energy t = 0.833756
	                                           effective interaction Vq = [-3.19957,-2.87222,-2.67845,-2.87222,-2.87222,-2.76084,-2.64737,-2.76084,-2.67845,-2.64737,-2.56013,-2.64737,-2.87222,-2.76084,-2.64737,-2.76084]
	PARPACK diagonalization completed after 45 matrix-vector product operations.
	iteration results: : total energy is -56.719674 | electron energy -56.761926 + phonon energy 0.042252 | electron momentum kIdx = 0
	Nq(0) = 12.25,	Nq(1) = 0.214255,	Nq(2) = 0.26394,	Nq(3) = 0.214255,	Nq(4) = 0.214255,	Nq(5) = 0.306603,	Nq(6) = 0.351969,	Nq(7) = 0.306603,	Nq(8) = 0.26394,	Nq(9) = 0.351969,	Nq(10) = 0.401517,	Nq(11) = 0.351969,	Nq(12) = 0.214255,	Nq(13) = 0.306603,	Nq(14) = 0.351969,	Nq(15) = 0.306603,	Sq(0) = -1.10846e-17,	Sq(1) = 0.462754,	Sq(2) = 0.688736,	Sq(3) = 0.462754,	Sq(4) = 0.462754,	Sq(5) = 0.594492,	Sq(6) = 0.873362,	Sq(7) = 0.594492,	Sq(8) = 0.688736,	Sq(9) = 0.873362,	Sq(10) = 2.22939,	Sq(11) = 0.873362,	Sq(12) = 0.462754,	Sq(13) = 0.594492,	Sq(14) = 0.873362,	Sq(15) = 0.594492,	N(0) = 1.90681,	N(1) = 1.82947,	N(2) = 0.125483,	N(3) = 1.82947,	N(4) = 1.82947,	N(5) = 0.997392,	N(6) = 0.118508,	N(7) = 0.997392,	N(8) = 0.125483,	N(9) = 0.118508,	N(10) = 0.0607374,	N(11) = 0.118508,	N(12) = 1.82947,	N(13) = 0.997392,	N(14) = 0.118508,	N(15) = 0.997392,	Delta[s](0) = 0.117221,	Delta[s](1) = 0.0999393,	Delta[s](2) = 0.0789013,	Delta[s](3) = 0.0999393,	Delta[s](4) = 0.0999393,	Delta[s](5) = 0.0869472,	Delta[s](6) = 0.0667416,	Delta[s](7) = 0.0869472,	Delta[s](8) = 0.0789013,	Delta[s](9) = 0.0667416,	Delta[s](10) = 0.0458171,	Delta[s](11) = 0.0667416,	Delta[s](12) = 0.0999393,	Delta[s](13) = 0.0869472,	Delta[s](14) = 0.0667416,	Delta[s](15) = 0.0869472,	Delta[d](0) = 0.258667,	Delta[d](1) = 0.190776,	Delta[d](2) = 0.204565,	Delta[d](3) = 0.190776,	Delta[d](4) = 0.190776,	Delta[d](5) = 0.18673,	Delta[d](6) = 0.140526,	Delta[d](7) = 0.18673,	Delta[d](8) = 0.204565,	Delta[d](9) = 0.140526,	Delta[d](10) = 0.0601959,	Delta[d](11) = 0.140526,	Delta[d](12) = 0.190776,	Delta[d](13) = 0.18673,	Delta[d](14) = 0.140526,	Delta[d](15) = 0.18673,	Delta[s+](0) = 0.591718,	Delta[s+](1) = 0.442608,	Delta[s+](2) = 0.204565,	Delta[s+](3) = 0.442608,	Delta[s+](4) = 0.442608,	Delta[s+](5) = 0.31103,	Delta[s+](6) = 0.133626,	Delta[s+](7) = 0.31103,	Delta[s+](8) = 0.204565,	Delta[s+](9) = 0.133626,	Delta[s+](10) = 0.0456434,	Delta[s+](11) = 0.133626,	Delta[s+](12) = 0.442608,	Delta[s+](13) = 0.31103,	Delta[s+](14) = 0.133626,	Delta[s+](15) = 0.31103
The 0-th iteration is completed.	|| time cost : 0h 3m 15.828s
********************************************************************************************************************
Start the 1 rounds of NGS-ED iteration
	effective electronic model is modified as: kinetic energy t = 0.821327
	                                           effective interaction Vq = [-3.38948, -3.0146,-2.77264, -3.0146, -3.0146,-2.86962, -2.7177,-2.86962,-2.77264, -2.7177,-2.61325, -2.7177, -3.0146,-2.86962, -2.7177,-2.86962]
	PARPACK diagonalization completed after 45 matrix-vector product operations.
	iteration results: : total energy is -59.148164 | electron energy -59.255488 + phonon energy 0.107324 | electron momentum kIdx = 0
The 1-th iteration is completed.	|| time cost : 0h 0m 24.068s
********************************************************************************************************************
Start the 2 rounds of NGS-ED iteration
	effective electronic model is modified as: kinetic energy t = 0.812946
	                                           effective interaction Vq = [-3.45934,-3.08701,-2.82566,-3.08701,-3.08701,-2.93045,-2.76393,-2.93045,-2.82566,-2.76393,-2.65348,-2.76393,-3.08701,-2.93045,-2.76393,-2.93045]
	PARPACK diagonalization completed after 45 matrix-vector product operations.
	iteration results: : total energy is -60.036360 | electron energy -60.185455 + phonon energy 0.149095 | electron momentum kIdx = 0
The 2-th iteration is completed.	|| time cost : 0h 0m 23.998s
********************************************************************************************************************
Start the 3 rounds of NGS-ED iteration
	effective electronic model is modified as: kinetic energy t = 0.807778
	                                           effective interaction Vq = [-3.48504,-3.12535,-2.85538,-3.12535,-3.12535,-2.96462,-2.79199,-2.96462,-2.85538,-2.79199,-2.67892,-2.79199,-3.12535,-2.96462,-2.79199,-2.96462]
	PARPACK diagonalization completed after 45 matrix-vector product operations.
	iteration results: : total energy is -60.361729 | electron energy -60.535170 + phonon energy 0.173441 | electron momentum kIdx = 0
The 3-th iteration is completed.	|| time cost : 0h 0m 24.035s
********************************************************************************************************************
Start the 4 rounds of NGS-ED iteration
	effective electronic model is modified as: kinetic energy t = 0.804713
	                                           effective interaction Vq = [ -3.4945,-3.14619,-2.87204,-3.14619,-3.14619,-2.98393,-2.80855,-2.98393,-2.87204,-2.80855,-2.69411,-2.80855,-3.14619,-2.98393,-2.80855,-2.98393]
	PARPACK diagonalization completed after 30 matrix-vector product operations.
	iteration results: : total energy is -60.480989 | electron energy -60.668420 + phonon energy 0.187431 | electron momentum kIdx = 0
The 4-th iteration is completed.	|| time cost : 0h 0m 20.615s
********************************************************************************************************************
Start the 5 rounds of NGS-ED iteration
	effective electronic model is modified as: kinetic energy t = 0.802929
	                                           effective interaction Vq = [-3.49798,-3.15769,-2.88139,-3.15769,-3.15769,-2.99489,-2.81821,-2.99489,-2.88139,-2.81821,-2.70298,-2.81821,-3.15769,-2.99489,-2.81821,-2.99489]
	PARPACK diagonalization completed after 30 matrix-vector product operations.
	iteration results: : total energy is -60.524719 | electron energy -60.720179 + phonon energy 0.195460 | electron momentum kIdx = 0
The 5-th iteration is completed.	|| time cost : 0h 0m 20.414s
********************************************************************************************************************
Start the 6 rounds of NGS-ED iteration
	effective electronic model is modified as: kinetic energy t = 0.801899
	                                           effective interaction Vq = [-3.49926,-3.16409,-2.88666,-3.16409,-3.16409,-3.00113,-2.82382,-3.00113,-2.88666,-2.82382,-2.70812,-2.82382,-3.16409,-3.00113,-2.82382,-3.00113]
	PARPACK diagonalization completed after 30 matrix-vector product operations.
	iteration results: : total energy is -60.540760 | electron energy -60.740827 + phonon energy 0.200067 | electron momentum kIdx = 0
The 6-th iteration is completed.	|| time cost : 0h 0m 20.433s
********************************************************************************************************************
Start the 7 rounds of NGS-ED iteration
	effective electronic model is modified as: kinetic energy t = 0.801308
	                                           effective interaction Vq = [-3.49973,-3.16768,-2.88962,-3.16768,-3.16768,-3.00469,-2.82707,-3.00469,-2.88962,-2.82707,-2.71108,-2.82707,-3.16768,-3.00469,-2.82707,-3.00469]
	PARPACK diagonalization completed after 30 matrix-vector product operations.
	iteration results: : total energy is -60.546645 | electron energy -60.749357 + phonon energy 0.202711 | electron momentum kIdx = 0
The 7-th iteration is completed.	|| time cost : 0h 0m 20.393s
********************************************************************************************************************
Start the 8 rounds of NGS-ED iteration
	effective electronic model is modified as: kinetic energy t = 0.800969
	                                           effective interaction Vq = [ -3.4999, -3.1697,-2.89129, -3.1697, -3.1697,-3.00672,-2.82894,-3.00672,-2.89129,-2.82894,-2.71279,-2.82894, -3.1697,-3.00672,-2.82894,-3.00672]
	PARPACK diagonalization completed after 30 matrix-vector product operations.
	iteration results: : total energy is -60.548805 | electron energy -60.753033 + phonon energy 0.204228 | electron momentum kIdx = 0
The 8-th iteration is completed.	|| time cost : 0h 0m 20.384s
********************************************************************************************************************
Start the 9 rounds of NGS-ED iteration
	effective electronic model is modified as: kinetic energy t = 0.800775
	                                           effective interaction Vq = [-3.49996,-3.17083,-2.89223,-3.17083,-3.17083,-3.00788,-2.83003,-3.00788,-2.89223,-2.83003,-2.71377,-2.83003,-3.17083,-3.00788,-2.83003,-3.00788]
	PARPACK diagonalization completed after 30 matrix-vector product operations.
	iteration results: : total energy is -60.549598 | electron energy -60.754696 + phonon energy 0.205097 | electron momentum kIdx = 0
The 9-th iteration is completed.	|| time cost : 0h 0m 20.476s
********************************************************************************************************************
Start the 10 rounds of NGS-ED iteration
	effective electronic model is modified as: kinetic energy t = 0.800664
	                                           effective interaction Vq = [-3.49999,-3.17147,-2.89277,-3.17147,-3.17147,-3.00854,-2.83065,-3.00854,-2.89277,-2.83065,-2.71433,-2.83065,-3.17147,-3.00854,-2.83065,-3.00854]
	PARPACK diagonalization completed after 30 matrix-vector product operations.
	iteration results: : total energy is -60.549890 | electron energy -60.755485 + phonon energy 0.205595 | electron momentum kIdx = 0
	Nq(0) = 12.25,	Nq(1) = 0.228012,	Nq(2) = 0.274804,	Nq(3) = 0.228012,	Nq(4) = 0.228012,	Nq(5) = 0.323408,	Nq(6) = 0.366532,	Nq(7) = 0.323408,	Nq(8) = 0.274804,	Nq(9) = 0.366532,	Nq(10) = 0.414186,	Nq(11) = 0.366532,	Nq(12) = 0.228012,	Nq(13) = 0.323408,	Nq(14) = 0.366532,	Nq(15) = 0.323408,	Sq(0) = 3.77255e-19,	Sq(1) = 0.457834,	Sq(2) = 0.679556,	Sq(3) = 0.457834,	Sq(4) = 0.457834,	Sq(5) = 0.589997,	Sq(6) = 0.851633,	Sq(7) = 0.589997,	Sq(8) = 0.679556,	Sq(9) = 0.851633,	Sq(10) = 2.15743,	Sq(11) = 0.851633,	Sq(12) = 0.457834,	Sq(13) = 0.589997,	Sq(14) = 0.851633,	Sq(15) = 0.589997,	N(0) = 1.92028,	N(1) = 1.85551,	N(2) = 0.105408,	N(3) = 1.85551,	N(4) = 1.85551,	N(5) = 0.997019,	N(6) = 0.101692,	N(7) = 0.997019,	N(8) = 0.105408,	N(9) = 0.101692,	N(10) = 0.0520182,	N(11) = 0.101692,	N(12) = 1.85551,	N(13) = 0.997019,	N(14) = 0.101692,	N(15) = 0.997019,	Delta[s](0) = 0.122623,	Delta[s](1) = 0.106014,	Delta[s](2) = 0.0855253,	Delta[s](3) = 0.106014,	Delta[s](4) = 0.106014,	Delta[s](5) = 0.0935933,	Delta[s](6) = 0.0742622,	Delta[s](7) = 0.0935933,	Delta[s](8) = 0.0855253,	Delta[s](9) = 0.0742622,	Delta[s](10) = 0.0536506,	Delta[s](11) = 0.0742622,	Delta[s](12) = 0.106014,	Delta[s](13) = 0.0935933,	Delta[s](14) = 0.0742622,	Delta[s](15) = 0.0935933,	Delta[d](0) = 0.272806,	Delta[d](1) = 0.203338,	Delta[d](2) = 0.217049,	Delta[d](3) = 0.203338,	Delta[d](4) = 0.203338,	Delta[d](5) = 0.199919,	Delta[d](6) = 0.150893,	Delta[d](7) = 0.199919,	Delta[d](8) = 0.217049,	Delta[d](9) = 0.150893,	Delta[d](10) = 0.0666147,	Delta[d](11) = 0.150893,	Delta[d](12) = 0.203338,	Delta[d](13) = 0.199919,	Delta[d](14) = 0.150893,	Delta[d](15) = 0.199919,	Delta[s+](0) = 0.624945,	Delta[s+](1) = 0.468113,	Delta[s+](2) = 0.217049,	Delta[s+](3) = 0.468113,	Delta[s+](4) = 0.468113,	Delta[s+](5) = 0.329735,	Delta[s+](6) = 0.142698,	Delta[s+](7) = 0.329735,	Delta[s+](8) = 0.217049,	Delta[s+](9) = 0.142698,	Delta[s+](10) = 0.050428,	Delta[s+](11) = 0.142698,	Delta[s+](12) = 0.468113,	Delta[s+](13) = 0.329735,	Delta[s+](14) = 0.142698,	Delta[s+](15) = 0.329735
The 10-th iteration is completed.	|| time cost : 0h 3m 12.546s
********************************************************************************************************************
Start the 11 rounds of NGS-ED iteration
	effective electronic model is modified as: kinetic energy t = 0.800601
	                                           effective interaction Vq = [-3.49999,-3.17183,-2.89307,-3.17183,-3.17183,-3.00892,-2.83101,-3.00892,-2.89307,-2.83101,-2.71466,-2.83101,-3.17183,-3.00892,-2.83101,-3.00892]
	PARPACK diagonalization completed after 30 matrix-vector product operations.
	iteration results: : total energy is -60.549997 | electron energy -60.755877 + phonon energy 0.205881 | electron momentum kIdx = 0
The 11-th iteration is completed.	|| time cost : 0h 0m 20.438s
********************************************************************************************************************
Start the 12 rounds of NGS-ED iteration
	effective electronic model is modified as: kinetic energy t = 0.800564
	                                           effective interaction Vq = [    -3.5,-3.17204,-2.89324,-3.17204,-3.17204,-3.00914,-2.83122,-3.00914,-2.89324,-2.83122,-2.71484,-2.83122,-3.17204,-3.00914,-2.83122,-3.00914]
	PARPACK diagonalization completed after 30 matrix-vector product operations.
	iteration results: : total energy is -60.550036 | electron energy -60.756080 + phonon energy 0.206044 | electron momentum kIdx = 0
The 12-th iteration is completed.	|| time cost : 0h 0m 20.401s
********************************************************************************************************************
Start the 13 rounds of NGS-ED iteration
	effective electronic model is modified as: kinetic energy t = 0.800544
	                                           effective interaction Vq = [    -3.5,-3.17215,-2.89333,-3.17215,-3.17215,-3.00926,-2.83134,-3.00926,-2.89333,-2.83134,-2.71495,-2.83134,-3.17215,-3.00926,-2.83134,-3.00926]
	PARPACK diagonalization completed after 30 matrix-vector product operations.
	iteration results: : total energy is -60.550050 | electron energy -60.756188 + phonon energy 0.206138 | electron momentum kIdx = 0
The 13-th iteration is completed.	|| time cost : 0h 0m 20.372s
********************************************************************************************************************
Start the 14 rounds of NGS-ED iteration
	effective electronic model is modified as: kinetic energy t = 0.800532
	                                           effective interaction Vq = [    -3.5,-3.17222,-2.89339,-3.17222,-3.17222,-3.00933,-2.83141,-3.00933,-2.89339,-2.83141,-2.71501,-2.83141,-3.17222,-3.00933,-2.83141,-3.00933]
	PARPACK diagonalization completed after 30 matrix-vector product operations.
	iteration results: : total energy is -60.550056 | electron energy -60.756247 + phonon energy 0.206191 | electron momentum kIdx = 0
The 14-th iteration is completed.	|| time cost : 0h 0m 20.374s
********************************************************************************************************************
Start the 15 rounds of NGS-ED iteration
	effective electronic model is modified as: kinetic energy t = 0.800525
	                                           effective interaction Vq = [    -3.5,-3.17226,-2.89342,-3.17226,-3.17226,-3.00937,-2.83145,-3.00937,-2.89342,-2.83145,-2.71505,-2.83145,-3.17226,-3.00937,-2.83145,-3.00937]
	PARPACK diagonalization completed after 30 matrix-vector product operations.
	iteration results: : total energy is -60.550058 | electron energy -60.756280 + phonon energy 0.206222 | electron momentum kIdx = 0
The 15-th iteration is completed.	|| time cost : 0h 0m 20.41s
********************************************************************************************************************
Start the 16 rounds of NGS-ED iteration
	effective electronic model is modified as: kinetic energy t = 0.800521
	                                           effective interaction Vq = [    -3.5,-3.17228,-2.89344,-3.17228,-3.17228, -3.0094,-2.83148, -3.0094,-2.89344,-2.83148,-2.71507,-2.83148,-3.17228, -3.0094,-2.83148, -3.0094]
	PARPACK diagonalization completed after 30 matrix-vector product operations.
	iteration results: : total energy is -60.550058 | electron energy -60.756298 + phonon energy 0.206240 | electron momentum kIdx = 0
The 16-th iteration is completed.	|| time cost : 0h 0m 20.632s
********************************************************************************************************************
Start the 17 rounds of NGS-ED iteration
	effective electronic model is modified as: kinetic energy t = 0.800519
	                                           effective interaction Vq = [    -3.5,-3.17229,-2.89345,-3.17229,-3.17229,-3.00941,-2.83149,-3.00941,-2.89345,-2.83149,-2.71508,-2.83149,-3.17229,-3.00941,-2.83149,-3.00941]
	PARPACK diagonalization completed after 30 matrix-vector product operations.
	iteration results: : total energy is -60.550059 | electron energy -60.756308 + phonon energy 0.206250 | electron momentum kIdx = 0
The 17-th iteration is completed.	|| time cost : 0h 0m 20.422s
********************************************************************************************************************
Start the 18 rounds of NGS-ED iteration
	effective electronic model is modified as: kinetic energy t = 0.800518
	                                           effective interaction Vq = [    -3.5, -3.1723,-2.89345, -3.1723, -3.1723,-3.00942, -2.8315,-3.00942,-2.89345, -2.8315,-2.71509, -2.8315, -3.1723,-3.00942, -2.8315,-3.00942]
	PARPACK diagonalization completed after 30 matrix-vector product operations.
	iteration results: : total energy is -60.550059 | electron energy -60.756314 + phonon energy 0.206256 | electron momentum kIdx = 0
The 18-th iteration is completed.	|| time cost : 0h 0m 20.651s
********************************************************************************************************************
Start the 19 rounds of NGS-ED iteration
	effective electronic model is modified as: kinetic energy t = 0.800517
	                                           effective interaction Vq = [    -3.5, -3.1723,-2.89346, -3.1723, -3.1723,-3.00942, -2.8315,-3.00942,-2.89346, -2.8315,-2.71509, -2.8315, -3.1723,-3.00942, -2.8315,-3.00942]
	PARPACK diagonalization completed after 30 matrix-vector product operations.
	iteration results: : total energy is -60.550059 | electron energy -60.756318 + phonon energy 0.206259 | electron momentum kIdx = 0
The 19-th iteration is completed.	|| time cost : 0h 0m 20.399s
********************************************************************************************************************
Start the 20 rounds of NGS-ED iteration
	effective electronic model is modified as: kinetic energy t = 0.800517
	                                           effective interaction Vq = [    -3.5, -3.1723,-2.89346, -3.1723, -3.1723,-3.00942, -2.8315,-3.00942,-2.89346, -2.8315,-2.71509, -2.8315, -3.1723,-3.00942, -2.8315,-3.00942]
	PARPACK diagonalization completed after 30 matrix-vector product operations.
	iteration results: : total energy is -60.550059 | electron energy -60.756319 + phonon energy 0.206261 | electron momentum kIdx = 0
	Nq(0) = 12.25,	Nq(1) = 0.228053,	Nq(2) = 0.274838,	Nq(3) = 0.228053,	Nq(4) = 0.228053,	Nq(5) = 0.323469,	Nq(6) = 0.366594,	Nq(7) = 0.323469,	Nq(8) = 0.274838,	Nq(9) = 0.366594,	Nq(10) = 0.414241,	Nq(11) = 0.366594,	Nq(12) = 0.228053,	Nq(13) = 0.323469,	Nq(14) = 0.366594,	Nq(15) = 0.323469,	Sq(0) = -2.5151e-17,	Sq(1) = 0.457817,	Sq(2) = 0.679522,	Sq(3) = 0.457817,	Sq(4) = 0.457817,	Sq(5) = 0.589979,	Sq(6) = 0.851554,	Sq(7) = 0.589979,	Sq(8) = 0.679522,	Sq(9) = 0.851554,	Sq(10) = 2.15717,	Sq(11) = 0.851554,	Sq(12) = 0.457817,	Sq(13) = 0.589979,	Sq(14) = 0.851554,	Sq(15) = 0.589979,	N(0) = 1.92033,	N(1) = 1.8556,	N(2) = 0.105341,	N(3) = 1.8556,	N(4) = 1.8556,	N(5) = 0.99702,	N(6) = 0.101633,	N(7) = 0.99702,	N(8) = 0.105341,	N(9) = 0.101633,	N(10) = 0.0519846,	N(11) = 0.101633,	N(12) = 1.8556,	N(13) = 0.99702,	N(14) = 0.101633,	N(15) = 0.99702,	Delta[s](0) = 0.122641,	Delta[s](1) = 0.106035,	Delta[s](2) = 0.0855497,	Delta[s](3) = 0.106035,	Delta[s](4) = 0.106035,	Delta[s](5) = 0.0936172,	Delta[s](6) = 0.0742904,	Delta[s](7) = 0.0936172,	Delta[s](8) = 0.0855497,	Delta[s](9) = 0.0742904,	Delta[s](10) = 0.0536811,	Delta[s](11) = 0.0742904,	Delta[s](12) = 0.106035,	Delta[s](13) = 0.0936172,	Delta[s](14) = 0.0742904,	Delta[s](15) = 0.0936172,	Delta[d](0) = 0.272903,	Delta[d](1) = 0.203424,	Delta[d](2) = 0.217137,	Delta[d](3) = 0.203424,	Delta[d](4) = 0.203424,	Delta[d](5) = 0.200007,	Delta[d](6) = 0.150962,	Delta[d](7) = 0.200007,	Delta[d](8) = 0.217137,	Delta[d](9) = 0.150962,	Delta[d](10) = 0.066653,	Delta[d](11) = 0.150962,	Delta[d](12) = 0.203424,	Delta[d](13) = 0.200007,	Delta[d](14) = 0.150962,	Delta[d](15) = 0.200007,	Delta[s+](0) = 0.62518,	Delta[s+](1) = 0.468293,	Delta[s+](2) = 0.217137,	Delta[s+](3) = 0.468293,	Delta[s+](4) = 0.468293,	Delta[s+](5) = 0.329866,	Delta[s+](6) = 0.14276,	Delta[s+](7) = 0.329866,	Delta[s+](8) = 0.217137,	Delta[s+](9) = 0.14276,	Delta[s+](10) = 0.0504576,	Delta[s+](11) = 0.14276,	Delta[s+](12) = 0.468293,	Delta[s+](13) = 0.329866,	Delta[s+](14) = 0.14276,	Delta[s+](15) = 0.329866
The 20-th iteration is completed.	|| time cost : 0h 3m 11.635s
********************************************************************************************************************
Start the 21 rounds of NGS-ED iteration
	effective electronic model is modified as: kinetic energy t = 0.800516
	                                           effective interaction Vq = [    -3.5, -3.1723,-2.89346, -3.1723, -3.1723,-3.00943, -2.8315,-3.00943,-2.89346, -2.8315,-2.71509, -2.8315, -3.1723,-3.00943, -2.8315,-3.00943]
	PARPACK diagonalization completed after 30 matrix-vector product operations.
	iteration results: : total energy is -60.550059 | electron energy -60.756321 + phonon energy 0.206262 | electron momentum kIdx = 0
The 21-th iteration is completed.	|| time cost : 0h 0m 20.428s
********************************************************************************************************************
Start the 22 rounds of NGS-ED iteration
	effective electronic model is modified as: kinetic energy t = 0.800516
	                                           effective interaction Vq = [    -3.5, -3.1723,-2.89346, -3.1723, -3.1723,-3.00943,-2.83151,-3.00943,-2.89346,-2.83151,-2.71509,-2.83151, -3.1723,-3.00943,-2.83151,-3.00943]
	PARPACK diagonalization completed after 30 matrix-vector product operations.
	iteration results: : total energy is -60.550059 | electron energy -60.756321 + phonon energy 0.206262 | electron momentum kIdx = 0
The 22-th iteration is completed.	|| time cost : 0h 0m 20.632s
********************************************************************************************************************
Start the 23 rounds of NGS-ED iteration
	effective electronic model is modified as: kinetic energy t = 0.800516
	                                           effective interaction Vq = [    -3.5, -3.1723,-2.89346, -3.1723, -3.1723,-3.00943,-2.83151,-3.00943,-2.89346,-2.83151,-2.71509,-2.83151, -3.1723,-3.00943,-2.83151,-3.00943]
	PARPACK diagonalization completed after 30 matrix-vector product operations.
	iteration results: : total energy is -60.550059 | electron energy -60.756322 + phonon energy 0.206263 | electron momentum kIdx = 0
The 23-th iteration is completed.	|| time cost : 0h 0m 20.433s
********************************************************************************************************************
Start the 24 rounds of NGS-ED iteration
	effective electronic model is modified as: kinetic energy t = 0.800516
	                                           effective interaction Vq = [    -3.5, -3.1723,-2.89346, -3.1723, -3.1723,-3.00943,-2.83151,-3.00943,-2.89346,-2.83151,-2.71509,-2.83151, -3.1723,-3.00943,-2.83151,-3.00943]
	PARPACK diagonalization completed after 30 matrix-vector product operations.
	iteration results: : total energy is -60.550059 | electron energy -60.756322 + phonon energy 0.206263 | electron momentum kIdx = 0
The 24-th iteration is completed.	|| time cost : 0h 0m 20.46s
********************************************************************************************************************
Start the 25 rounds of NGS-ED iteration
	effective electronic model is modified as: kinetic energy t = 0.800516
	                                           effective interaction Vq = [    -3.5, -3.1723,-2.89346, -3.1723, -3.1723,-3.00943,-2.83151,-3.00943,-2.89346,-2.83151,-2.71509,-2.83151, -3.1723,-3.00943,-2.83151,-3.00943]
	PARPACK diagonalization completed after 30 matrix-vector product operations.
