SNEDics v3.4 Non-Gaussian ED ground state program		Start at Fri Sep 27 15:13:50 2019

parallized on 16 MPI threads  * 8 OpenMP threads = 128 total threads.
********************************************************************************************************************
********************************************************************************************************************

********************************************************************************************************************
System parameters and configurations
********************************************************************************************************************
Special program options are enabled: splitted diagonal Hamiltonian
********************************************************************************************************************
Read input file "model_params.in"
	Hubbard-Holstein model parameters : 	t = 1    g = 4.1833    W = 5    
********************************************************************************************************************
Read input file "hilbertspace_params.in"
	Requested 16-site 2D lattice, with 12 electrons (6, 6)
	Boundary : Periodic		Hilbert space representation : momentum-space (restricted to kIdx = 10)
	Conservation: particle number[U(1)]      spin[U(1)]     momentum
********************************************************************************************************************

Cluster Positions:				Cluster symmetry group : D4
 x ... x ... x ... x .....                       x ... x ... x ... x .....
 |           |           :                       |           |           :
 |           |           :                       |           |           :
12    13    14    15     x                       1     5     6     5     x
 |           |           :                       |           |           :
 |           |           :                       |           |           :
 8 --- 9 ---10 ---11 --- x                       2 --- 6 ---10 --- 6 --- x
 |           |           :                       |           |           :
 |           |           :                       |           |           :
 4     5     6     7     x                       1     5     6     5     x
 |           |           :                       |           |           :
 |           |           :                       |           |           :
 0 --- 1 --- 2 --- 3 --- x                       0 --- 1 --- 2 --- 1 --- x
orbital number : 1
********************************************************************************************************************
Read input file "obs_params.in"
	Observable Type : Nq(All),   Sq(All),   N(All),   Delta[s](All),   Delta[d](All),   Delta[s+](All)
********************************************************************************************************************
** WARNING ** the input observables have non-local factors which have been reinterpreted. The total observable number is 96
********************************************************************************************************************


********************************************************************************************************************
Start calculating the non-Gaussian ED ground state
** WARNING ** Detected low phonon energy W < 10. The initial state will be prepared through a warm-up process.
********************************************************************************************************************
Start warm-up calculation for scaling factor 2
open output files: NGSEDWarmUpW10Obs.txt
********************************************************************************************************************
Start the 0 rounds of NGS-ED iteration
	effective electronic model is modified as: kinetic energy t = 1
	                                           effective interaction Vq = [-0,-0,-0,-0,-0,-0,-0,-0,-0,-0,-0,-0,-0,-0,-0,-0]
	first Hamiltonian is constructed, non-zero numbers = 2902132
	PARPACK diagonalization completed after 30 matrix-vector product operations.
	iteration results: : total energy is -24.000000 | electron energy -24.000000 + phonon energy 0.000000 | electron momentum kIdx = 10
	Nq(0) = 9,	Nq(1) = 0.375,	Nq(2) = 0.483683,	Nq(3) = 0.375,	Nq(4) = 0.375,	Nq(5) = 0.377119,	Nq(6) = 0.625,	Nq(7) = 0.484593,	Nq(8) = 0.508896,	Nq(9) = 0.625,	Nq(10) = 0.724412,	Nq(11) = 0.625,	Nq(12) = 0.375,	Nq(13) = 0.484593,	Nq(14) = 0.625,	Nq(15) = 0.377119,	Sq(0) = 1.33235e-17,	Sq(1) = 0.375,	Sq(2) = 0.513986,	Sq(3) = 0.375,	Sq(4) = 0.375,	Sq(5) = 0.376341,	Sq(6) = 0.625,	Sq(7) = 0.514277,	Sq(8) = 0.488774,	Sq(9) = 0.625,	Sq(10) = 0.775588,	Sq(11) = 0.625,	Sq(12) = 0.375,	Sq(13) = 0.514277,	Sq(14) = 0.625,	Sq(15) = 0.376341,	N(0) = 2,	N(1) = 2,	N(2) = 0.00932258,	N(3) = 2,	N(4) = 2,	N(5) = 0.02252,	N(6) = 1.48527e-28,	N(7) = 0.00238897,	N(8) = 0.00932258,	N(9) = 1.41898e-28,	N(10) = 7.02642e-29,	N(11) = 1.22276e-28,	N(12) = 2,	N(13) = 0.00665067,	N(14) = 1.21326e-28,	N(15) = 1.9498,	Delta[s](0) = 0.25135,	Delta[s](1) = 0.131695,	Delta[s](2) = 0.130243,	Delta[s](3) = 0.209657,	Delta[s](4) = 0.131572,	Delta[s](5) = 0.129972,	Delta[s](6) = 0.0501355,	Delta[s](7) = 0.130005,	Delta[s](8) = 0.130299,	Delta[s](9) = 0.0503093,	Delta[s](10) = 0.0694128,	Delta[s](11) = 0.128271,	Delta[s](12) = 0.209831,	Delta[s](13) = 0.130155,	Delta[s](14) = 0.128395,	Delta[s](15) = 0.208906,	Delta[d](0) = 0.223458,	Delta[d](1) = 0.0773013,	Delta[d](2) = 0.130898,	Delta[d](3) = 0.126298,	Delta[d](4) = 0.0775556,	Delta[d](5) = 0.120851,	Delta[d](6) = 0.0254713,	Delta[d](7) = 0.130449,	Delta[d](8) = 0.131665,	Delta[d](9) = 0.02637,	Delta[d](10) = 0.0187321,	Delta[d](11) = 0.0752784,	Delta[d](12) = 0.126811,	Delta[d](13) = 0.130579,	Delta[d](14) = 0.0748012,	Delta[d](15) = 0.121186,	Delta[s+](0) = 0.472309,	Delta[s+](1) = 0.298286,	Delta[s+](2) = 0.131561,	Delta[s+](3) = 0.355892,	Delta[s+](4) = 0.29786,	Delta[s+](5) = 0.132685,	Delta[s+](6) = 0.0156351,	Delta[s+](7) = 0.130537,	Delta[s+](8) = 0.131002,	Delta[s+](9) = 0.0157367,	Delta[s+](10) = 0.00977195,	Delta[s+](11) = 0.0734229,	Delta[s+](12) = 0.355762,	Delta[s+](13) = 0.130997,	Delta[s+](14) = 0.0734702,	Delta[s+](15) = 0.346905
The 0-th iteration is completed.	|| time cost : 0h 2m 26.35s
********************************************************************************************************************
Start the 1 rounds of NGS-ED iteration
	effective electronic model is modified as: kinetic energy (tx,ty)=(0.898227, 0.898088)
	                                           effective interaction Vq = [-3.02633,-2.90215,-2.83545,-2.90215,-2.90217,-2.78023,-2.80721,-2.83583,-2.84519,-2.80722,-2.77647,-2.80722,-2.90217,-2.83583,-2.80721,-2.78023]
	PARPACK diagonalization completed after 90 matrix-vector product operations.
	iteration results: : total energy is -77.559679 | electron energy -77.572160 + phonon energy 0.012481 | electron momentum kIdx = 10
The 1-th iteration is completed.	|| time cost : 0h 2m 36.058s
********************************************************************************************************************
Start the 2 rounds of NGS-ED iteration
	effective electronic model is modified as: kinetic energy (tx,ty)=(0.811022, 0.810941)
	                                           effective interaction Vq = [ -3.4359,-3.36845,-3.34136,-3.36845,-3.36842,-3.32322,-3.32591,-3.34117,-3.34369,-3.32592,-3.38009,-3.32592,-3.36842,-3.34117,-3.32591,-3.32322]
	PARPACK diagonalization completed after 60 matrix-vector product operations.
	iteration results: : total energy is -86.917799 | electron energy -86.960211 + phonon energy 0.042412 | electron momentum kIdx = 10
The 2-th iteration is completed.	|| time cost : 0h 0m 11.456s
********************************************************************************************************************
Start the 3 rounds of NGS-ED iteration
	effective electronic model is modified as: kinetic energy (tx,ty)=(0.772542, 0.772507)
	                                           effective interaction Vq = [-3.49132,-3.45901,-3.44036,-3.45901,  -3.459,-3.43435,-3.43459,-3.44021,-3.44096, -3.4346,-3.47788, -3.4346,  -3.459,-3.44021,-3.43459,-3.43435]
	PARPACK diagonalization completed after 60 matrix-vector product operations.
	iteration results: : total energy is -88.290397 | electron energy -88.339460 + phonon energy 0.049063 | electron momentum kIdx = 10
The 3-th iteration is completed.	|| time cost : 0h 0m 11.619s
********************************************************************************************************************
Start the 4 rounds of NGS-ED iteration
	effective electronic model is modified as: kinetic energy (tx,ty)=(0.757489, 0.757475)
	                                           effective interaction Vq = [-3.49883, -3.4797,-3.46536, -3.4797, -3.4797,-3.46323,-3.46255,-3.46529,-3.46553,-3.46255, -3.4938,-3.46255, -3.4797,-3.46529,-3.46255,-3.46323]
	PARPACK diagonalization completed after 60 matrix-vector product operations.
	iteration results: : total energy is -88.478565 | electron energy -88.530220 + phonon energy 0.051655 | electron momentum kIdx = 10
The 4-th iteration is completed.	|| time cost : 0h 0m 11.59s
********************************************************************************************************************
Start the 5 rounds of NGS-ED iteration
	effective electronic model is modified as: kinetic energy (tx,ty)=(0.751647, 0.751642)
	                                           effective interaction Vq = [-3.49984,-3.48552,-3.47326,-3.48552,-3.48552,-3.47246,-3.47152,-3.47323,-3.47332,-3.47153,-3.49701,-3.47153,-3.48552,-3.47323,-3.47152,-3.47246]
	PARPACK diagonalization completed after 60 matrix-vector product operations.
	iteration results: : total energy is -88.504555 | electron energy -88.557398 + phonon energy 0.052843 | electron momentum kIdx = 10
The 5-th iteration is completed.	|| time cost : 0h 0m 11.501s
********************************************************************************************************************
Start the 6 rounds of NGS-ED iteration
	effective electronic model is modified as: kinetic energy (tx,ty)=(0.749374, 0.749372)
	                                           effective interaction Vq = [-3.49998,-3.48741, -3.4761,-3.48741,-3.48741,-3.47578,-3.47479,-3.47609,-3.47612,-3.47479,-3.49783,-3.47479,-3.48741,-3.47609,-3.47479,-3.47578]
	PARPACK diagonalization completed after 45 matrix-vector product operations.
	iteration results: : total energy is -88.508199 | electron energy -88.561540 + phonon energy 0.053341 | electron momentum kIdx = 10
The 6-th iteration is completed.	|| time cost : 0h 0m 10.226s
********************************************************************************************************************
Start the 7 rounds of NGS-ED iteration
	effective electronic model is modified as: kinetic energy t = 0.748487
	                                           effective interaction Vq = [    -3.5,-3.48807,-3.47718,-3.48807,-3.48807,-3.47705,-3.47605,-3.47718,-3.47719,-3.47605,-3.49808,-3.47605,-3.48807,-3.47718,-3.47605,-3.47705]
	PARPACK diagonalization completed after 45 matrix-vector product operations.
	iteration results: : total energy is -88.508723 | electron energy -88.562261 + phonon energy 0.053538 | electron momentum kIdx = 10
The 7-th iteration is completed.	|| time cost : 0h 0m 9.996s
********************************************************************************************************************
Start the 8 rounds of NGS-ED iteration
	effective electronic model is modified as: kinetic energy t = 0.74814
	                                           effective interaction Vq = [    -3.5,-3.48831,-3.47761,-3.48831,-3.48831,-3.47755,-3.47655, -3.4776,-3.47761,-3.47655,-3.49816,-3.47655,-3.48831, -3.4776,-3.47655,-3.47755]
	PARPACK diagonalization completed after 45 matrix-vector product operations.
	iteration results: : total energy is -88.508795 | electron energy -88.562410 + phonon energy 0.053616 | electron momentum kIdx = 10
The 8-th iteration is completed.	|| time cost : 0h 0m 9.956s
********************************************************************************************************************
Start the 9 rounds of NGS-ED iteration
	effective electronic model is modified as: kinetic energy t = 0.748004
	                                           effective interaction Vq = [    -3.5, -3.4884,-3.47777, -3.4884, -3.4884,-3.47775,-3.47675,-3.47777,-3.47777,-3.47675,-3.49819,-3.47675, -3.4884,-3.47777,-3.47675,-3.47775]
	PARPACK diagonalization completed after 45 matrix-vector product operations.
	iteration results: : total energy is -88.508805 | electron energy -88.562450 + phonon energy 0.053646 | electron momentum kIdx = 10
	Nq(0) = 9,	Nq(1) = 0.454421,	Nq(2) = 0.631757,	Nq(3) = 0.454421,	Nq(4) = 0.454421,	Nq(5) = 0.631715,	Nq(6) = 0.911042,	Nq(7) = 0.631754,	Nq(8) = 0.631758,	Nq(9) = 0.911043,	Nq(10) = 4.53105,	Nq(11) = 0.911043,	Nq(12) = 0.454421,	Nq(13) = 0.631754,	Nq(14) = 0.911042,	Nq(15) = 0.631715,	Sq(0) = 1.11269e-19,	Sq(1) = 0.0439516,	Sq(2) = 0.0782347,	Sq(3) = 0.0439516,	Sq(4) = 0.0439516,	Sq(5) = 0.0782347,	Sq(6) = 0.108857,	Sq(7) = 0.0782347,	Sq(8) = 0.0782347,	Sq(9) = 0.108857,	Sq(10) = 0.136002,	Sq(11) = 0.108857,	Sq(12) = 0.0439516,	Sq(13) = 0.0782347,	Sq(14) = 0.108857,	Sq(15) = 0.0782347,	N(0) = 1.57741,	N(1) = 1.18534,	N(2) = 0.669857,	N(3) = 1.18534,	N(4) = 1.18534,	N(5) = 0.669859,	N(6) = 0.364191,	N(7) = 0.669857,	N(8) = 0.669857,	N(9) = 0.364191,	N(10) = 0.205339,	N(11) = 0.364191,	N(12) = 1.18534,	N(13) = 0.669857,	N(14) = 0.364191,	N(15) = 0.669859,	Delta[s](0) = 0.860295,	Delta[s](1) = 0.339543,	Delta[s](2) = 0.294831,	Delta[s](3) = 0.339543,	Delta[s](4) = 0.339543,	Delta[s](5) = 0.294833,	Delta[s](6) = 0.263294,	Delta[s](7) = 0.294831,	Delta[s](8) = 0.294831,	Delta[s](9) = 0.263294,	Delta[s](10) = 0.351045,	Delta[s](11) = 0.263294,	Delta[s](12) = 0.339543,	Delta[s](13) = 0.294831,	Delta[s](14) = 0.263294,	Delta[s](15) = 0.294833,	Delta[d](0) = 0.0646633,	Delta[d](1) = 0.0608147,	Delta[d](2) = 0.0691474,	Delta[d](3) = 0.0608147,	Delta[d](4) = 0.0608147,	Delta[d](5) = 0.0524237,	Delta[d](6) = 0.0517533,	Delta[d](7) = 0.0524237,	Delta[d](8) = 0.0691474,	Delta[d](9) = 0.0517533,	Delta[d](10) = 0.040841,	Delta[d](11) = 0.0517533,	Delta[d](12) = 0.0608147,	Delta[d](13) = 0.0524237,	Delta[d](14) = 0.0517533,	Delta[d](15) = 0.0524237,	Delta[s+](0) = 0.159293,	Delta[s+](1) = 0.101568,	Delta[s+](2) = 0.0691474,	Delta[s+](3) = 0.101568,	Delta[s+](4) = 0.101568,	Delta[s+](5) = 0.0691475,	Delta[s+](6) = 0.044939,	Delta[s+](7) = 0.0691475,	Delta[s+](8) = 0.0691474,	Delta[s+](9) = 0.044939,	Delta[s+](10) = 0.0333315,	Delta[s+](11) = 0.044939,	Delta[s+](12) = 0.101568,	Delta[s+](13) = 0.0691475,	Delta[s+](14) = 0.044939,	Delta[s+](15) = 0.0691475
The 9-th iteration is completed.	|| time cost : 0h 1m 25.579s
********************************************************************************************************************
********************************************************************************************************************
Ground state is obtained after 10 iterations. The current ground-state energy is -88.5088, in which electron energy is -88.5625 and phonon energy is 0.0536457
final variational state is: 
	Gamma_x = [      1,1.01737,1.03288,1.01737,1.01737,1.03288,1.04875,1.03288,1.03288,1.04875,1.07273,1.04875,1.01737,1.03288,1.04875,1.03288]
	lambda_q = [0.591581,0.557591,0.544534,0.557591,0.557591,0.544524,0.543473,0.544533,0.544534,0.543473,0.578182,0.543473,0.557591,0.544533,0.543473,0.544524]
********************************************************************************************************************
o___o  ----------------------------------------
| L |	Time since last clock: 0h 0m 0s
A===A	Time since the beginning: 0h 7m 44.335s
***********************************************


********************************************************************************************************************
Warm up runs have been completed. Start calculating W = 5 phonon.
open output files: NGSEDIterationObs.txt
********************************************************************************************************************
Start the 0 rounds of NGS-ED iteration
	effective electronic model is modified as: kinetic energy t = 0.74795
	                                           effective interaction Vq = [-3.19968, -3.1106,-3.07331, -3.1106, -3.1106,-3.07328,-3.07021,-3.07331,-3.07331,-3.07021,-3.16594,-3.07021, -3.1106,-3.07331,-3.07021,-3.07328]
	PARPACK diagonalization completed after 60 matrix-vector product operations.
	iteration results: : total energy is -80.687595 | electron energy -80.714424 + phonon energy 0.026829 | electron momentum kIdx = 10
	Nq(0) = 9,	Nq(1) = 0.465684,	Nq(2) = 0.577791,	Nq(3) = 0.465684,	Nq(4) = 0.465683,	Nq(5) = 0.577743,	Nq(6) = 0.817854,	Nq(7) = 0.577788,	Nq(8) = 0.577792,	Nq(9) = 0.817855,	Nq(10) = 4.95776,	Nq(11) = 0.817855,	Nq(12) = 0.465683,	Nq(13) = 0.577788,	Nq(14) = 0.817854,	Nq(15) = 0.577743,	Sq(0) = 2.33134e-19,	Sq(1) = 0.0535406,	Sq(2) = 0.0928229,	Sq(3) = 0.0535406,	Sq(4) = 0.0535406,	Sq(5) = 0.0928229,	Sq(6) = 0.127961,	Sq(7) = 0.0928229,	Sq(8) = 0.0928229,	Sq(9) = 0.127961,	Sq(10) = 0.158497,	Sq(11) = 0.127961,	Sq(12) = 0.0535406,	Sq(13) = 0.0928229,	Sq(14) = 0.127961,	Sq(15) = 0.0928229,	N(0) = 1.63373,	N(1) = 1.23359,	N(2) = 0.652107,	N(3) = 1.23359,	N(4) = 1.23359,	N(5) = 0.652112,	N(6) = 0.335145,	N(7) = 0.652108,	N(8) = 0.652107,	N(9) = 0.335145,	N(10) = 0.178694,	N(11) = 0.335145,	N(12) = 1.23359,	N(13) = 0.652108,	N(14) = 0.335145,	N(15) = 0.652112,	Delta[s](0) = 0.679748,	Delta[s](1) = 0.329585,	Delta[s](2) = 0.302598,	Delta[s](3) = 0.329585,	Delta[s](4) = 0.329585,	Delta[s](5) = 0.3026,	Delta[s](6) = 0.279731,	Delta[s](7) = 0.302598,	Delta[s](8) = 0.302598,	Delta[s](9) = 0.279731,	Delta[s](10) = 0.346675,	Delta[s](11) = 0.279731,	Delta[s](12) = 0.329585,	Delta[s](13) = 0.302598,	Delta[s](14) = 0.279731,	Delta[s](15) = 0.3026,	Delta[d](0) = 0.0634223,	Delta[d](1) = 0.0589341,	Delta[d](2) = 0.0681764,	Delta[d](3) = 0.0589341,	Delta[d](4) = 0.0589341,	Delta[d](5) = 0.050174,	Delta[d](6) = 0.0492078,	Delta[d](7) = 0.050174,	Delta[d](8) = 0.0681764,	Delta[d](9) = 0.0492078,	Delta[d](10) = 0.0375264,	Delta[d](11) = 0.0492078,	Delta[d](12) = 0.0589341,	Delta[d](13) = 0.050174,	Delta[d](14) = 0.0492078,	Delta[d](15) = 0.050174,	Delta[s+](0) = 0.167838,	Delta[s+](1) = 0.104251,	Delta[s+](2) = 0.0681764,	Delta[s+](3) = 0.104251,	Delta[s+](4) = 0.104251,	Delta[s+](5) = 0.0681766,	Delta[s+](6) = 0.0417533,	Delta[s+](7) = 0.0681765,	Delta[s+](8) = 0.0681764,	Delta[s+](9) = 0.0417533,	Delta[s+](10) = 0.0295184,	Delta[s+](11) = 0.0417533,	Delta[s+](12) = 0.104251,	Delta[s+](13) = 0.0681765,	Delta[s+](14) = 0.0417533,	Delta[s+](15) = 0.0681766
The 0-th iteration is completed.	|| time cost : 0h 1m 26.547s
********************************************************************************************************************
Start the 1 rounds of NGS-ED iteration
	effective electronic model is modified as: kinetic energy t = 0.694216
	                                           effective interaction Vq = [-3.38952, -3.3066,-3.26044, -3.3066, -3.3066,-3.26042,-3.25835,-3.26043,-3.26044,-3.25835,-3.37235,-3.25835, -3.3066,-3.26043,-3.25835,-3.26042]
	PARPACK diagonalization completed after 60 matrix-vector product operations.
	iteration results: : total energy is -84.358065 | electron energy -84.452332 + phonon energy 0.094267 | electron momentum kIdx = 10
The 1-th iteration is completed.	|| time cost : 0h 0m 11.429s
********************************************************************************************************************
Start the 2 rounds of NGS-ED iteration
	effective electronic model is modified as: kinetic energy t = 0.657673
	                                           effective interaction Vq = [-3.45936,-3.39635,-3.35116,-3.39635,-3.39635,-3.35114,-3.34983,-3.35116,-3.35116,-3.34983,  -3.451,-3.34983,-3.39635,-3.35116,-3.34983,-3.35114]
	PARPACK diagonalization completed after 60 matrix-vector product operations.
	iteration results: : total energy is -85.742030 | electron energy -85.869340 + phonon energy 0.127310 | electron momentum kIdx = 10
The 2-th iteration is completed.	|| time cost : 0h 0m 11.434s
********************************************************************************************************************
Start the 3 rounds of NGS-ED iteration
	effective electronic model is modified as: kinetic energy t = 0.63368
	                                           effective interaction Vq = [-3.48505,-3.43843,-3.39797,-3.43843,-3.43843,-3.39796,-3.39709,-3.39797,-3.39798,-3.39709,-3.47969,-3.39709,-3.43843,-3.39797,-3.39709,-3.39796]
	PARPACK diagonalization completed after 60 matrix-vector product operations.
	iteration results: : total energy is -86.252307 | electron energy -86.392152 + phonon energy 0.139844 | electron momentum kIdx = 10
The 3-th iteration is completed.	|| time cost : 0h 0m 11.463s
********************************************************************************************************************
Start the 4 rounds of NGS-ED iteration
	effective electronic model is modified as: kinetic energy t = 0.618019
	                                           effective interaction Vq = [ -3.4945,-3.45901,-3.42389,-3.45901,-3.45901,-3.42388,-3.42332,-3.42389,-3.42389,-3.42332, -3.4904,-3.42332,-3.45901,-3.42389,-3.42332,-3.42388]
	PARPACK diagonalization completed after 60 matrix-vector product operations.
	iteration results: : total energy is -86.441880 | electron energy -86.586332 + phonon energy 0.144451 | electron momentum kIdx = 10
The 4-th iteration is completed.	|| time cost : 0h 0m 11.45s
********************************************************************************************************************
Start the 5 rounds of NGS-ED iteration
	effective electronic model is modified as: kinetic energy t = 0.607751
	                                           effective interaction Vq = [-3.49798,-3.46961,-3.43908,-3.46961,-3.46961,-3.43908,-3.43877,-3.43908,-3.43908,-3.43877,-3.49464,-3.43877,-3.46961,-3.43908,-3.43877,-3.43908]
	PARPACK diagonalization completed after 60 matrix-vector product operations.
	iteration results: : total energy is -86.513769 | electron energy -86.659900 + phonon energy 0.146131 | electron momentum kIdx = 10
The 5-th iteration is completed.	|| time cost : 0h 0m 11.336s
********************************************************************************************************************
Start the 6 rounds of NGS-ED iteration
	effective electronic model is modified as: kinetic energy t = 0.600982
	                                           effective interaction Vq = [-3.49926,-3.47532,-3.44838,-3.47532,-3.47532,-3.44837,-3.44824,-3.44838,-3.44838,-3.44824,-3.49645,-3.44824,-3.47532,-3.44838,-3.44824,-3.44837]
	PARPACK diagonalization completed after 60 matrix-vector product operations.
	iteration results: : total energy is -86.541684 | electron energy -86.688360 + phonon energy 0.146676 | electron momentum kIdx = 10
The 6-th iteration is completed.	|| time cost : 0h 0m 11.341s
********************************************************************************************************************
Start the 7 rounds of NGS-ED iteration
	effective electronic model is modified as: kinetic energy t = 0.5965
	                                           effective interaction Vq = [-3.49973,-3.47853,-3.45423,-3.47853,-3.47853,-3.45423,-3.45423,-3.45423,-3.45423,-3.45423,-3.49728,-3.45423,-3.47853,-3.45423,-3.45423,-3.45423]
	PARPACK diagonalization completed after 60 matrix-vector product operations.
	iteration results: : total energy is -86.552772 | electron energy -86.699543 + phonon energy 0.146772 | electron momentum kIdx = 10
The 7-th iteration is completed.	|| time cost : 0h 0m 11.502s
********************************************************************************************************************
Start the 8 rounds of NGS-ED iteration
	effective electronic model is modified as: kinetic energy t = 0.593525
	                                           effective interaction Vq = [ -3.4999,-3.48039,-3.45801,-3.48039,-3.48039,-3.45801,-3.45808,-3.45801,-3.45801,-3.45808,-3.49769,-3.45808,-3.48039,-3.45801,-3.45808,-3.45801]
	PARPACK diagonalization completed after 45 matrix-vector product operations.
	iteration results: : total energy is -86.557265 | electron energy -86.703969 + phonon energy 0.146704 | electron momentum kIdx = 10
The 8-th iteration is completed.	|| time cost : 0h 0m 9.971s
********************************************************************************************************************
Start the 9 rounds of NGS-ED iteration
	effective electronic model is modified as: kinetic energy t = 0.591547
	                                           effective interaction Vq = [-3.49996,-3.48149,-3.46047,-3.48149,-3.48149,-3.46047, -3.4606,-3.46047,-3.46047, -3.4606, -3.4979, -3.4606,-3.48149,-3.46047, -3.4606,-3.46047]
	PARPACK diagonalization completed after 45 matrix-vector product operations.
	iteration results: : total energy is -86.559118 | electron energy -86.705711 + phonon energy 0.146593 | electron momentum kIdx = 10
The 9-th iteration is completed.	|| time cost : 0h 0m 9.984s
********************************************************************************************************************
Start the 10 rounds of NGS-ED iteration
	effective electronic model is modified as: kinetic energy t = 0.59023
	                                           effective interaction Vq = [-3.49999,-3.48215,-3.46211,-3.48215,-3.48215,-3.46211,-3.46226,-3.46211,-3.46211,-3.46226,-3.49801,-3.46226,-3.48215,-3.46211,-3.46226,-3.46211]
	PARPACK diagonalization completed after 45 matrix-vector product operations.
	iteration results: : total energy is -86.559894 | electron energy -86.706382 + phonon energy 0.146488 | electron momentum kIdx = 10
	Nq(0) = 9,	Nq(1) = 0.466828,	Nq(2) = 0.602342,	Nq(3) = 0.466828,	Nq(4) = 0.466827,	Nq(5) = 0.60234,	Nq(6) = 0.87495,	Nq(7) = 0.602342,	Nq(8) = 0.602342,	Nq(9) = 0.87495,	Nq(10) = 5.21651,	Nq(11) = 0.87495,	Nq(12) = 0.466827,	Nq(13) = 0.602342,	Nq(14) = 0.87495,	Nq(15) = 0.60234,	Sq(0) = 2.16129e-19,	Sq(1) = 0.0275729,	Sq(2) = 0.0513304,	Sq(3) = 0.0275729,	Sq(4) = 0.0275729,	Sq(5) = 0.0513304,	Sq(6) = 0.0728691,	Sq(7) = 0.0513304,	Sq(8) = 0.0513304,	Sq(9) = 0.0728691,	Sq(10) = 0.0925792,	Sq(11) = 0.0728691,	Sq(12) = 0.0275729,	Sq(13) = 0.0513304,	Sq(14) = 0.0728691,	Sq(15) = 0.0513304,	N(0) = 1.44112,	N(1) = 1.08603,	N(2) = 0.699682,	N(3) = 1.08603,	N(4) = 1.08603,	N(5) = 0.699682,	N(6) = 0.435881,	N(7) = 0.699682,	N(8) = 0.699682,	N(9) = 0.435881,	N(10) = 0.273134,	N(11) = 0.435881,	N(12) = 1.08603,	N(13) = 0.699682,	N(14) = 0.435881,	N(15) = 0.699682,	Delta[s](0) = 0.557543,	Delta[s](1) = 0.350926,	Delta[s](2) = 0.3333,	Delta[s](3) = 0.350926,	Delta[s](4) = 0.350926,	Delta[s](5) = 0.3333,	Delta[s](6) = 0.320784,	Delta[s](7) = 0.3333,	Delta[s](8) = 0.3333,	Delta[s](9) = 0.320784,	Delta[s](10) = 0.354652,	Delta[s](11) = 0.320784,	Delta[s](12) = 0.350926,	Delta[s](13) = 0.3333,	Delta[s](14) = 0.320784,	Delta[s](15) = 0.3333,	Delta[d](0) = 0.0529532,	Delta[d](1) = 0.0523305,	Delta[d](2) = 0.0580206,	Delta[d](3) = 0.0523305,	Delta[d](4) = 0.0523305,	Delta[d](5) = 0.0472754,	Delta[d](6) = 0.0475292,	Delta[d](7) = 0.0472754,	Delta[d](8) = 0.0580206,	Delta[d](9) = 0.0475292,	Delta[d](10) = 0.0417633,	Delta[d](11) = 0.0475292,	Delta[d](12) = 0.0523305,	Delta[d](13) = 0.0472754,	Delta[d](14) = 0.0475292,	Delta[d](15) = 0.0472754,	Delta[s+](0) = 0.110677,	Delta[s+](1) = 0.0765888,	Delta[s+](2) = 0.0580206,	Delta[s+](3) = 0.0765888,	Delta[s+](4) = 0.0765888,	Delta[s+](5) = 0.0580206,	Delta[s+](6) = 0.0446446,	Delta[s+](7) = 0.0580206,	Delta[s+](8) = 0.0580206,	Delta[s+](9) = 0.0446446,	Delta[s+](10) = 0.0377534,	Delta[s+](11) = 0.0446446,	Delta[s+](12) = 0.0765888,	Delta[s+](13) = 0.0580206,	Delta[s+](14) = 0.0446446,	Delta[s+](15) = 0.0580206
The 10-th iteration is completed.	|| time cost : 0h 1m 24.294s
********************************************************************************************************************
Start the 11 rounds of NGS-ED iteration
	effective electronic model is modified as: kinetic energy t = 0.589352
	                                           effective interaction Vq = [-3.49999,-3.48255,-3.46319,-3.48255,-3.48255,-3.46319,-3.46336,-3.46319,-3.46319,-3.46336,-3.49806,-3.46336,-3.48255,-3.46319,-3.46336,-3.46319]
	PARPACK diagonalization completed after 45 matrix-vector product operations.
	iteration results: : total energy is -86.560223 | electron energy -86.706626 + phonon energy 0.146403 | electron momentum kIdx = 10
The 11-th iteration is completed.	|| time cost : 0h 0m 9.975s
********************************************************************************************************************
Start the 12 rounds of NGS-ED iteration
	effective electronic model is modified as: kinetic energy t = 0.588766
	                                           effective interaction Vq = [    -3.5, -3.4828,-3.46392, -3.4828, -3.4828,-3.46392,-3.46409,-3.46392,-3.46392,-3.46409,-3.49809,-3.46409, -3.4828,-3.46392,-3.46409,-3.46392]
	PARPACK diagonalization completed after 45 matrix-vector product operations.
	iteration results: : total energy is -86.560365 | electron energy -86.706704 + phonon energy 0.146339 | electron momentum kIdx = 10
The 12-th iteration is completed.	|| time cost : 0h 0m 9.959s
********************************************************************************************************************
Start the 13 rounds of NGS-ED iteration
	effective electronic model is modified as: kinetic energy t = 0.588375
	                                           effective interaction Vq = [    -3.5,-3.48295,-3.46441,-3.48295,-3.48295,-3.46441,-3.46458,-3.46441,-3.46441,-3.46458,-3.49811,-3.46458,-3.48295,-3.46441,-3.46458,-3.46441]
	PARPACK diagonalization completed after 45 matrix-vector product operations.
	iteration results: : total energy is -86.560426 | electron energy -86.706720 + phonon energy 0.146294 | electron momentum kIdx = 10
The 13-th iteration is completed.	|| time cost : 0h 0m 10.004s
********************************************************************************************************************
Start the 14 rounds of NGS-ED iteration
	effective electronic model is modified as: kinetic energy t = 0.588113
	                                           effective interaction Vq = [    -3.5,-3.48304,-3.46474,-3.48304,-3.48304,-3.46474,-3.46491,-3.46474,-3.46474,-3.46491,-3.49811,-3.46491,-3.48304,-3.46474,-3.46491,-3.46474]
	PARPACK diagonalization completed after 45 matrix-vector product operations.
	iteration results: : total energy is -86.560453 | electron energy -86.706715 + phonon energy 0.146263 | electron momentum kIdx = 10
The 14-th iteration is completed.	|| time cost : 0h 0m 9.962s
********************************************************************************************************************
Start the 15 rounds of NGS-ED iteration
	effective electronic model is modified as: kinetic energy t = 0.587938
	                                           effective interaction Vq = [    -3.5,-3.48309,-3.46497,-3.48309,-3.48309,-3.46497,-3.46513,-3.46497,-3.46497,-3.46513,-3.49812,-3.46513,-3.48309,-3.46497,-3.46513,-3.46497]
	PARPACK diagonalization completed after 45 matrix-vector product operations.
	iteration results: : total energy is -86.560465 | electron energy -86.706706 + phonon energy 0.146241 | electron momentum kIdx = 10
The 15-th iteration is completed.	|| time cost : 0h 0m 10.077s
********************************************************************************************************************
Start the 16 rounds of NGS-ED iteration
	effective electronic model is modified as: kinetic energy t = 0.587821
	                                           effective interaction Vq = [    -3.5,-3.48313,-3.46512,-3.48313,-3.48313,-3.46512,-3.46528,-3.46512,-3.46512,-3.46528,-3.49812,-3.46528,-3.48313,-3.46512,-3.46528,-3.46512]
	PARPACK diagonalization completed after 45 matrix-vector product operations.
	iteration results: : total energy is -86.560470 | electron energy -86.706697 + phonon energy 0.146227 | electron momentum kIdx = 10
The 16-th iteration is completed.	|| time cost : 0h 0m 9.975s
********************************************************************************************************************
Start the 17 rounds of NGS-ED iteration
	effective electronic model is modified as: kinetic energy t = 0.587742
	                                           effective interaction Vq = [    -3.5,-3.48315,-3.46522,-3.48315,-3.48315,-3.46522,-3.46537,-3.46522,-3.46522,-3.46537,-3.49812,-3.46537,-3.48315,-3.46522,-3.46537,-3.46522]
	PARPACK diagonalization completed after 45 matrix-vector product operations.
	iteration results: : total energy is -86.560472 | electron energy -86.706690 + phonon energy 0.146217 | electron momentum kIdx = 10
The 17-th iteration is completed.	|| time cost : 0h 0m 9.98s
********************************************************************************************************************
Start the 18 rounds of NGS-ED iteration
	effective electronic model is modified as: kinetic energy t = 0.587689
	                                           effective interaction Vq = [    -3.5,-3.48316, -3.4653,-3.48316,-3.48316, -3.4653,-3.46544, -3.4653, -3.4653,-3.46544,-3.49812,-3.46544,-3.48316, -3.4653,-3.46544, -3.4653]
	PARPACK diagonalization completed after 45 matrix-vector product operations.
	iteration results: : total energy is -86.560473 | electron energy -86.706684 + phonon energy 0.146211 | electron momentum kIdx = 10
The 18-th iteration is completed.	|| time cost : 0h 0m 9.971s
********************************************************************************************************************
Start the 19 rounds of NGS-ED iteration
	effective electronic model is modified as: kinetic energy t = 0.587654
	                                           effective interaction Vq = [    -3.5,-3.48317,-3.46534,-3.48317,-3.48317,-3.46534,-3.46548,-3.46534,-3.46534,-3.46548,-3.49812,-3.46548,-3.48317,-3.46534,-3.46548,-3.46534]
	PARPACK diagonalization completed after 30 matrix-vector product operations.
	iteration results: : total energy is -86.560474 | electron energy -86.706680 + phonon energy 0.146207 | electron momentum kIdx = 10
The 19-th iteration is completed.	|| time cost : 0h 0m 8.64s
********************************************************************************************************************
Start the 20 rounds of NGS-ED iteration
	effective electronic model is modified as: kinetic energy t = 0.58763
	                                           effective interaction Vq = [    -3.5,-3.48318,-3.46538,-3.48318,-3.48318,-3.46538,-3.46551,-3.46538,-3.46538,-3.46551,-3.49812,-3.46551,-3.48318,-3.46538,-3.46551,-3.46538]
	PARPACK diagonalization completed after 30 matrix-vector product operations.
	iteration results: : total energy is -86.560474 | electron energy -86.706678 + phonon energy 0.146204 | electron momentum kIdx = 10
	Nq(0) = 9,	Nq(1) = 0.465222,	Nq(2) = 0.606996,	Nq(3) = 0.465222,	Nq(4) = 0.465222,	Nq(5) = 0.606996,	Nq(6) = 0.881806,	Nq(7) = 0.606996,	Nq(8) = 0.606996,	Nq(9) = 0.881806,	Nq(10) = 5.17374,	Nq(11) = 0.881806,	Nq(12) = 0.465222,	Nq(13) = 0.606996,	Nq(14) = 0.881806,	Nq(15) = 0.606996,	Sq(0) = -1.96084e-19,	Sq(1) = 0.0273391,	Sq(2) = 0.0509295,	Sq(3) = 0.0273391,	Sq(4) = 0.0273391,	Sq(5) = 0.0509295,	Sq(6) = 0.0723291,	Sq(7) = 0.0509295,	Sq(8) = 0.0509295,	Sq(9) = 0.0723291,	Sq(10) = 0.0919224,	Sq(11) = 0.0723291,	Sq(12) = 0.0273391,	Sq(13) = 0.0509295,	Sq(14) = 0.0723291,	Sq(15) = 0.0509295,	N(0) = 1.43879,	N(1) = 1.08465,	N(2) = 0.700094,	N(3) = 1.08465,	N(4) = 1.08465,	N(5) = 0.700094,	N(6) = 0.436918,	N(7) = 0.700094,	N(8) = 0.700094,	N(9) = 0.436918,	N(10) = 0.274356,	N(11) = 0.436918,	N(12) = 1.08465,	N(13) = 0.700094,	N(14) = 0.436918,	N(15) = 0.700094,	Delta[s](0) = 0.556268,	Delta[s](1) = 0.351241,	Delta[s](2) = 0.333577,	Delta[s](3) = 0.351241,	Delta[s](4) = 0.351241,	Delta[s](5) = 0.333577,	Delta[s](6) = 0.321174,	Delta[s](7) = 0.333577,	Delta[s](8) = 0.333577,	Delta[s](9) = 0.321174,	Delta[s](10) = 0.354523,	Delta[s](11) = 0.321174,	Delta[s](12) = 0.351241,	Delta[s](13) = 0.333577,	Delta[s](14) = 0.321174,	Delta[s](15) = 0.333577,	Delta[d](0) = 0.0533297,	Delta[d](1) = 0.0527173,	Delta[d](2) = 0.0583406,	Delta[d](3) = 0.0527173,	Delta[d](4) = 0.0527173,	Delta[d](5) = 0.0477147,	Delta[d](6) = 0.0479677,	Delta[d](7) = 0.0477147,	Delta[d](8) = 0.0583406,	Delta[d](9) = 0.0479677,	Delta[d](10) = 0.0422655,	Delta[d](11) = 0.0479677,	Delta[d](12) = 0.0527173,	Delta[d](13) = 0.0477147,	Delta[d](14) = 0.0479677,	Delta[d](15) = 0.0477147,	Delta[s+](0) = 0.110292,	Delta[s+](1) = 0.0766985,	Delta[s+](2) = 0.0583406,	Delta[s+](3) = 0.0766985,	Delta[s+](4) = 0.0766985,	Delta[s+](5) = 0.0583406,	Delta[s+](6) = 0.0451013,	Delta[s+](7) = 0.0583406,	Delta[s+](8) = 0.0583406,	Delta[s+](9) = 0.0451013,	Delta[s+](10) = 0.0382601,	Delta[s+](11) = 0.0451013,	Delta[s+](12) = 0.0766985,	Delta[s+](13) = 0.0583406,	Delta[s+](14) = 0.0451013,	Delta[s+](15) = 0.0583406
The 20-th iteration is completed.	|| time cost : 0h 1m 23.299s
********************************************************************************************************************
Start the 21 rounds of NGS-ED iteration
	effective electronic model is modified as: kinetic energy t = 0.587614
	                                           effective interaction Vq = [    -3.5,-3.48318, -3.4654,-3.48318,-3.48318, -3.4654,-3.46553, -3.4654, -3.4654,-3.46553,-3.49812,-3.46553,-3.48318, -3.4654,-3.46553, -3.4654]
	PARPACK diagonalization completed after 30 matrix-vector product operations.
	iteration results: : total energy is -86.560474 | electron energy -86.706676 + phonon energy 0.146202 | electron momentum kIdx = 10
The 21-th iteration is completed.	|| time cost : 0h 0m 8.621s
********************************************************************************************************************
Start the 22 rounds of NGS-ED iteration
	effective electronic model is modified as: kinetic energy t = 0.587603
	                                           effective interaction Vq = [    -3.5,-3.48318,-3.46541,-3.48318,-3.48318,-3.46541,-3.46555,-3.46541,-3.46541,-3.46555,-3.49812,-3.46555,-3.48318,-3.46541,-3.46555,-3.46541]
	PARPACK diagonalization completed after 30 matrix-vector product operations.
	iteration results: : total energy is -86.560474 | electron energy -86.706675 + phonon energy 0.146200 | electron momentum kIdx = 10
The 22-th iteration is completed.	|| time cost : 0h 0m 8.621s
********************************************************************************************************************
Start the 23 rounds of NGS-ED iteration
	effective electronic model is modified as: kinetic energy t = 0.587595
	                                           effective interaction Vq = [    -3.5,-3.48318,-3.46542,-3.48318,-3.48318,-3.46542,-3.46555,-3.46542,-3.46542,-3.46555,-3.49812,-3.46555,-3.48318,-3.46542,-3.46555,-3.46542]
	PARPACK diagonalization completed after 30 matrix-vector product operations.
	iteration results: : total energy is -86.560474 | electron energy -86.706674 + phonon energy 0.146200 | electron momentum kIdx = 10
The 23-th iteration is completed.	|| time cost : 0h 0m 8.719s
********************************************************************************************************************
Start the 24 rounds of NGS-ED iteration
	effective electronic model is modified as: kinetic energy t = 0.587591
