TACC:  Starting up job 4377002 
TACC:  Starting parallel tasks... 
SNEDics v3.4 Non-Gaussian ED ground state program		Start at Sun Sep 22 01:00:34 2019

parallized on 32 MPI threads  * 6 OpenMP threads = 192 total threads.
********************************************************************************************************************
********************************************************************************************************************

********************************************************************************************************************
System parameters and configurations
********************************************************************************************************************
Special program options are enabled: splitted diagonal Hamiltonian
********************************************************************************************************************
Read input file "model_params.in"
	Hubbard-Holstein model parameters : 	t = 1    U = 8.9    g = 5    W = 5    
********************************************************************************************************************
Read input file "hilbertspace_params.in"
	Requested 16-site 2D lattice, with 16 electrons (8, 8)
	Boundary : Periodic		Hilbert space representation : momentum-space (restricted to kIdx = 0)
	Conservation: particle number[U(1)]      spin[U(1)]     momentum
********************************************************************************************************************

Cluster Positions:				Cluster symmetry group : D4
 x ... x ... x ... x .....                       x ... x ... x ... x .....
 |           |           :                       |           |           :
 |           |           :                       |           |           :
12    13    14    15     x                       1     5     6     5     x
 |           |           :                       |           |           :
 |           |           :                       |           |           :
 8 --- 9 ---10 ---11 --- x                       2 --- 6 ---10 --- 6 --- x
 |           |           :                       |           |           :
 |           |           :                       |           |           :
 4     5     6     7     x                       1     5     6     5     x
 |           |           :                       |           |           :
 |           |           :                       |           |           :
 0 --- 1 --- 2 --- 3 --- x                       0 --- 1 --- 2 --- 1 --- x
orbital number : 1
********************************************************************************************************************
Read input file "obs_params.in"
	Observable Type : Nq(All),   Sq(All),   N(All),   Delta[s](All),   Delta[d](All),   Delta[s+](All)
********************************************************************************************************************
** WARNING ** the input observables have non-local factors which have been reinterpreted. The total observable number is 96
********************************************************************************************************************


********************************************************************************************************************
Start calculating the non-Gaussian ED ground state
** WARNING ** Detected low phonon energy W < 10. The initial state will be prepared through a warm-up process.
********************************************************************************************************************
Start warm-up calculation for scaling factor 2
open output files: NGSEDWarmUpW10Obs.txt
********************************************************************************************************************
Start the 0 rounds of NGS-ED iteration
	effective electronic model is modified as: kinetic energy t = 1
	                                           effective interaction Vq = [0,0,0,0,0,0,0,0,0,0,0,0,0,0,0,0]
	first Hamiltonian is constructed, non-zero numbers = 2845383612
	PARPACK diagonalization completed after 120 matrix-vector product operations.
	iteration results: : total energy is -7.758368 | electron energy -7.758368 + phonon energy 0.000000 | electron momentum kIdx = 0
	Nq(0) = 16,	Nq(1) = 0.0519064,	Nq(2) = 0.0932819,	Nq(3) = 0.0519064,	Nq(4) = 0.0519064,	Nq(5) = 0.0932819,	Nq(6) = 0.13054,	Nq(7) = 0.0932819,	Nq(8) = 0.0932819,	Nq(9) = 0.13054,	Nq(10) = 0.165757,	Nq(11) = 0.13054,	Nq(12) = 0.0519064,	Nq(13) = 0.0932819,	Nq(14) = 0.13054,	Nq(15) = 0.0932819,	Sq(0) = 2.42587e-19,	Sq(1) = 0.407625,	Sq(2) = 0.643991,	Sq(3) = 0.407625,	Sq(4) = 0.407625,	Sq(5) = 0.643991,	Sq(6) = 0.962793,	Sq(7) = 0.643991,	Sq(8) = 0.643991,	Sq(9) = 0.962793,	Sq(10) = 5.19915,	Sq(11) = 0.962793,	Sq(12) = 0.407625,	Sq(13) = 0.643991,	Sq(14) = 0.962793,	Sq(15) = 0.643991,	N(0) = 1.73919,	N(1) = 1.52004,	N(2) = 1,	N(3) = 1.52004,	N(4) = 1.52004,	N(5) = 1,	N(6) = 0.479961,	N(7) = 1,	N(8) = 1,	N(9) = 0.479961,	N(10) = 0.260808,	N(11) = 0.479961,	N(12) = 1.52004,	N(13) = 1,	N(14) = 0.479961,	N(15) = 1,	Delta[s](0) = 0.070667,	Delta[s](1) = 0.058801,	Delta[s](2) = 0.0462529,	Delta[s](3) = 0.058801,	Delta[s](4) = 0.058801,	Delta[s](5) = 0.0462529,	Delta[s](6) = 0.0323314,	Delta[s](7) = 0.0462529,	Delta[s](8) = 0.0462529,	Delta[s](9) = 0.0323314,	Delta[s](10) = 0.0149029,	Delta[s](11) = 0.0323314,	Delta[s](12) = 0.058801,	Delta[s](13) = 0.0462529,	Delta[s](14) = 0.0323314,	Delta[s](15) = 0.0462529,	Delta[d](0) = 0.598053,	Delta[d](1) = 0.464945,	Delta[d](2) = 0.350606,	Delta[d](3) = 0.464945,	Delta[d](4) = 0.464945,	Delta[d](5) = 0.356302,	Delta[d](6) = 0.245961,	Delta[d](7) = 0.356302,	Delta[d](8) = 0.350606,	Delta[d](9) = 0.245961,	Delta[d](10) = 0.12871,	Delta[d](11) = 0.245961,	Delta[d](12) = 0.464945,	Delta[d](13) = 0.356302,	Delta[d](14) = 0.245961,	Delta[d](15) = 0.356302,	Delta[s+](0) = 0.617927,	Delta[s+](1) = 0.489919,	Delta[s+](2) = 0.350606,	Delta[s+](3) = 0.489919,	Delta[s+](4) = 0.489919,	Delta[s+](5) = 0.350606,	Delta[s+](6) = 0.212679,	Delta[s+](7) = 0.350606,	Delta[s+](8) = 0.350606,	Delta[s+](9) = 0.212679,	Delta[s+](10) = 0.0861381,	Delta[s+](11) = 0.212679,	Delta[s+](12) = 0.489919,	Delta[s+](13) = 0.350606,	Delta[s+](14) = 0.212679,	Delta[s+](15) = 0.350606
The 0-th iteration is completed.	|| time cost : 0h 5m 56.533s
********************************************************************************************************************
Start the 1 rounds of NGS-ED iteration
	effective electronic model is modified as: kinetic energy t = 0.905753
	                                           effective interaction Vq = [-4.32332, -3.5689,-3.49371, -3.5689, -3.5689,-3.49371,-3.44257,-3.49371,-3.49371,-3.44257,-3.40589,-3.44257, -3.5689,-3.49371,-3.44257,-3.49371]
	PARPACK diagonalization completed after 45 matrix-vector product operations.
	iteration results: : total energy is -85.169502 | electron energy -85.173840 + phonon energy 0.004338 | electron momentum kIdx = 0
The 1-th iteration is completed.	|| time cost : 0h 3m 39.833s
********************************************************************************************************************
Start the 2 rounds of NGS-ED iteration
	effective electronic model is modified as: kinetic energy t = 0.813164
	                                           effective interaction Vq = [-4.90842,-4.57163,-4.41341,-4.57163,-4.57163,-4.41341,-4.38888,-4.41341,-4.41341,-4.38888,-4.31906,-4.38888,-4.57163,-4.41341,-4.38888,-4.41341]
	PARPACK diagonalization completed after 60 matrix-vector product operations.
	iteration results: : total energy is -97.854769 | electron energy -97.924737 + phonon energy 0.069968 | electron momentum kIdx = 0
The 2-th iteration is completed.	|| time cost : 0h 0m 29.03s
********************************************************************************************************************
Start the 3 rounds of NGS-ED iteration
	effective electronic model is modified as: kinetic energy t = 0.766685
	                                           effective interaction Vq = [-4.98761,-4.84412,-4.66639,-4.84412,-4.84412,-4.66639,-4.69696,-4.66639,-4.66639,-4.69696,-4.59121,-4.69696,-4.84412,-4.66639,-4.69696,-4.66639]
	PARPACK diagonalization completed after 75 matrix-vector product operations.
	iteration results: : total energy is -100.389657 | electron energy -100.537197 + phonon energy 0.147539 | electron momentum kIdx = 0
The 3-th iteration is completed.	|| time cost : 0h 0m 31.549s
********************************************************************************************************************
Start the 4 rounds of NGS-ED iteration
	effective electronic model is modified as: kinetic energy t = 0.732084
	                                           effective interaction Vq = [-4.99832, -4.9159,-4.86385, -4.9159, -4.9159,-4.86385, -4.7989,-4.86385,-4.86385, -4.7989,-4.77808, -4.7989, -4.9159,-4.86385, -4.7989,-4.86385]
	PARPACK diagonalization completed after 60 matrix-vector product operations.
	iteration results: : total energy is -101.143357 | electron energy -101.342648 + phonon energy 0.199291 | electron momentum kIdx = 0
The 4-th iteration is completed.	|| time cost : 0h 0m 27.973s
********************************************************************************************************************
Start the 5 rounds of NGS-ED iteration
	effective electronic model is modified as: kinetic energy t = 0.718969
	                                           effective interaction Vq = [-4.99977,-4.93459,-4.91635,-4.93459,-4.93459,-4.91635,-4.83001,-4.91635,-4.91635,-4.83001,-4.84265,-4.83001,-4.93459,-4.91635,-4.83001,-4.91635]
	PARPACK diagonalization completed after 45 matrix-vector product operations.
	iteration results: : total energy is -101.254089 | electron energy -101.480127 + phonon energy 0.226038 | electron momentum kIdx = 0
The 5-th iteration is completed.	|| time cost : 0h 0m 24.266s
********************************************************************************************************************
Start the 6 rounds of NGS-ED iteration
	effective electronic model is modified as: kinetic energy t = 0.714027
	                                           effective interaction Vq = [-4.99997,-4.94029,-4.93228,-4.94029,-4.94029,-4.93228,-4.84072,-4.93228,-4.93228,-4.84072,-4.86883,-4.84072,-4.94029,-4.93228,-4.84072,-4.93228]
	PARPACK diagonalization completed after 45 matrix-vector product operations.
	iteration results: : total energy is -101.269880 | electron energy -101.506983 + phonon energy 0.237103 | electron momentum kIdx = 0
The 6-th iteration is completed.	|| time cost : 0h 0m 24.24s
********************************************************************************************************************
Start the 7 rounds of NGS-ED iteration
	effective electronic model is modified as: kinetic energy t = 0.712135
	                                           effective interaction Vq = [      -5,-4.94217,-4.93739,-4.94217,-4.94217,-4.93739,-4.84465,-4.93739,-4.93739,-4.84465,-4.88139,-4.84465,-4.94217,-4.93739,-4.84465,-4.93739]
	PARPACK diagonalization completed after 45 matrix-vector product operations.
	iteration results: : total energy is -101.272288 | electron energy -101.513833 + phonon energy 0.241545 | electron momentum kIdx = 0
The 7-th iteration is completed.	|| time cost : 0h 0m 24.246s
********************************************************************************************************************
Start the 8 rounds of NGS-ED iteration
	effective electronic model is modified as: kinetic energy t = 0.711374
	                                           effective interaction Vq = [      -5,-4.94282,-4.93892,-4.94282,-4.94282,-4.93892,-4.84616,-4.93892,-4.93892,-4.84616, -4.8887,-4.84616,-4.94282,-4.93892,-4.84616,-4.93892]
	PARPACK diagonalization completed after 45 matrix-vector product operations.
	iteration results: : total energy is -101.272792 | electron energy -101.516204 + phonon energy 0.243411 | electron momentum kIdx = 0
The 8-th iteration is completed.	|| time cost : 0h 0m 24.243s
********************************************************************************************************************
Start the 9 rounds of NGS-ED iteration
	effective electronic model is modified as: kinetic energy t = 0.711034
	                                           effective interaction Vq = [      -5,-4.94306,-4.93919,-4.94306,-4.94306,-4.93919,-4.84677,-4.93919,-4.93919,-4.84677,-4.89397,-4.84677,-4.94306,-4.93919,-4.84677,-4.93919]
	PARPACK diagonalization completed after 45 matrix-vector product operations.
	iteration results: : total energy is -101.273013 | electron energy -101.517313 + phonon energy 0.244300 | electron momentum kIdx = 0
The 9-th iteration is completed.	|| time cost : 0h 0m 24.206s
********************************************************************************************************************
Start the 10 rounds of NGS-ED iteration
	effective electronic model is modified as: kinetic energy t = 0.710846
	                                           effective interaction Vq = [      -5,-4.94315,-4.93898,-4.94315,-4.94315,-4.93898,-4.84704,-4.93898,-4.93898,-4.84704,-4.89865,-4.84704,-4.94315,-4.93898,-4.84704,-4.93898]
	PARPACK diagonalization completed after 45 matrix-vector product operations.
	iteration results: : total energy is -101.273214 | electron energy -101.518045 + phonon energy 0.244831 | electron momentum kIdx = 0
	Nq(0) = 16,	Nq(1) = 0.422971,	Nq(2) = 0.778202,	Nq(3) = 0.422971,	Nq(4) = 0.422971,	Nq(5) = 0.778202,	Nq(6) = 0.675032,	Nq(7) = 0.778202,	Nq(8) = 0.778202,	Nq(9) = 0.675032,	Nq(10) = 1.15198,	Nq(11) = 0.675032,	Nq(12) = 0.422971,	Nq(13) = 0.778202,	Nq(14) = 0.675032,	Nq(15) = 0.778202,	Sq(0) = 7.51571e-18,	Sq(1) = 0.291506,	Sq(2) = 0.338962,	Sq(3) = 0.291506,	Sq(4) = 0.291506,	Sq(5) = 0.338962,	Sq(6) = 0.507198,	Sq(7) = 0.338962,	Sq(8) = 0.338962,	Sq(9) = 0.507198,	Sq(10) = 0.558211,	Sq(11) = 0.507198,	Sq(12) = 0.291506,	Sq(13) = 0.338962,	Sq(14) = 0.507198,	Sq(15) = 0.338962,	N(0) = 1.99287,	N(1) = 1.98171,	N(2) = 1,	N(3) = 1.98171,	N(4) = 1.98171,	N(5) = 1,	N(6) = 0.0182947,	N(7) = 1,	N(8) = 1,	N(9) = 0.0182947,	N(10) = 0.00713417,	N(11) = 0.0182947,	N(12) = 1.98171,	N(13) = 1,	N(14) = 0.0182947,	N(15) = 1,	Delta[s](0) = 0.576289,	Delta[s](1) = 0.326443,	Delta[s](2) = 0.302058,	Delta[s](3) = 0.326443,	Delta[s](4) = 0.326443,	Delta[s](5) = 0.302058,	Delta[s](6) = 0.28726,	Delta[s](7) = 0.302058,	Delta[s](8) = 0.302058,	Delta[s](9) = 0.28726,	Delta[s](10) = 0.263151,	Delta[s](11) = 0.28726,	Delta[s](12) = 0.326443,	Delta[s](13) = 0.302058,	Delta[s](14) = 0.28726,	Delta[s](15) = 0.302058,	Delta[d](0) = 0.323465,	Delta[d](1) = 0.281502,	Delta[d](2) = 0.259282,	Delta[d](3) = 0.281502,	Delta[d](4) = 0.281502,	Delta[d](5) = 0.256546,	Delta[d](6) = 0.246911,	Delta[d](7) = 0.256546,	Delta[d](8) = 0.259282,	Delta[d](9) = 0.246911,	Delta[d](10) = 0.19013,	Delta[d](11) = 0.246911,	Delta[d](12) = 0.281502,	Delta[d](13) = 0.256546,	Delta[d](14) = 0.246911,	Delta[d](15) = 0.256546,	Delta[s+](0) = 0.436955,	Delta[s+](1) = 0.364739,	Delta[s+](2) = 0.259282,	Delta[s+](3) = 0.364739,	Delta[s+](4) = 0.364739,	Delta[s+](5) = 0.259282,	Delta[s+](6) = 0.148155,	Delta[s+](7) = 0.259282,	Delta[s+](8) = 0.259282,	Delta[s+](9) = 0.148155,	Delta[s+](10) = 0.0707337,	Delta[s+](11) = 0.148155,	Delta[s+](12) = 0.364739,	Delta[s+](13) = 0.259282,	Delta[s+](14) = 0.148155,	Delta[s+](15) = 0.259282
The 10-th iteration is completed.	|| time cost : 0h 4m 36.046s
********************************************************************************************************************
Start the 11 rounds of NGS-ED iteration
	effective electronic model is modified as: kinetic energy t = 0.710705
	                                           effective interaction Vq = [      -5,-4.94319,-4.93847,-4.94319,-4.94319,-4.93847,-4.84718,-4.93847,-4.93847,-4.84718,-4.90372,-4.84718,-4.94319,-4.93847,-4.84718,-4.93847]
	PARPACK diagonalization completed after 45 matrix-vector product operations.
	iteration results: : total energy is -101.273515 | electron energy -101.518780 + phonon energy 0.245265 | electron momentum kIdx = 0
The 11-th iteration is completed.	|| time cost : 0h 0m 26.741s
********************************************************************************************************************
Start the 12 rounds of NGS-ED iteration
	effective electronic model is modified as: kinetic energy t = 0.710559
	                                           effective interaction Vq = [      -5,-4.94319,-4.93758,-4.94319,-4.94319,-4.93758,-4.84724,-4.93758,-4.93758,-4.84724,-4.91054,-4.84724,-4.94319,-4.93758,-4.84724,-4.93758]
	PARPACK diagonalization completed after 45 matrix-vector product operations.
	iteration results: : total energy is -101.274269 | electron energy -101.520029 + phonon energy 0.245760 | electron momentum kIdx = 0
The 12-th iteration is completed.	|| time cost : 0h 0m 24.271s
********************************************************************************************************************
Start the 13 rounds of NGS-ED iteration
	effective electronic model is modified as: kinetic energy t = 0.710381
	                                           effective interaction Vq = [      -5,-4.94309,-4.93551,-4.94309,-4.94309,-4.93551,-4.84717,-4.93551,-4.93551,-4.84717,-4.92263,-4.84717,-4.94309,-4.93551,-4.84717,-4.93551]
	PARPACK diagonalization completed after 45 matrix-vector product operations.
	iteration results: : total energy is -101.278935 | electron energy -101.525478 + phonon energy 0.246544 | electron momentum kIdx = 0
The 13-th iteration is completed.	|| time cost : 0h 0m 24.256s
********************************************************************************************************************
Start the 14 rounds of NGS-ED iteration
	effective electronic model is modified as: kinetic energy t = 0.710953
	                                           effective interaction Vq = [      -5,-4.94173,-4.92426,-4.94173,-4.94173,-4.92426,-4.84521,-4.92426,-4.92426,-4.84521,-4.95296,-4.84521,-4.94173,-4.92426,-4.84521,-4.92426]
	PARPACK diagonalization completed after 45 matrix-vector product operations.
	iteration results: : total energy is -101.351067 | electron energy -101.599005 + phonon energy 0.247938 | electron momentum kIdx = 0
The 14-th iteration is completed.	|| time cost : 0h 0m 24.323s
********************************************************************************************************************
Start the 15 rounds of NGS-ED iteration
	effective electronic model is modified as: kinetic energy t = 0.722693
	                                           effective interaction Vq = [      -5,-4.92923,-4.84133,-4.92923,-4.92923,-4.84133, -4.8262,-4.84133,-4.84133, -4.8262,-4.98237, -4.8262,-4.92923,-4.84133, -4.8262,-4.84133]
	PARPACK diagonalization completed after 45 matrix-vector product operations.
	iteration results: : total energy is -101.507069 | electron energy -101.749421 + phonon energy 0.242352 | electron momentum kIdx = 0
The 15-th iteration is completed.	|| time cost : 0h 0m 24.308s
********************************************************************************************************************
Start the 16 rounds of NGS-ED iteration
	effective electronic model is modified as: kinetic energy t = 0.729313
	                                           effective interaction Vq = [      -5,-4.91746,-4.79103,-4.91746,-4.91746,-4.79103,-4.80918,-4.79103,-4.79103,-4.80918,-4.98978,-4.80918,-4.91746,-4.79103,-4.80918,-4.79103]
	PARPACK diagonalization completed after 30 matrix-vector product operations.
	iteration results: : total energy is -101.537372 | electron energy -101.773048 + phonon energy 0.235676 | electron momentum kIdx = 0
The 16-th iteration is completed.	|| time cost : 0h 0m 21.779s
********************************************************************************************************************
Start the 17 rounds of NGS-ED iteration
	effective electronic model is modified as: kinetic energy t = 0.732225
	                                           effective interaction Vq = [      -5,-4.91064,-4.76969,-4.91064,-4.91064,-4.76969,-4.79947,-4.76969,-4.76969,-4.79947,-4.99192,-4.79947,-4.91064,-4.76969,-4.79947,-4.76969]
	PARPACK diagonalization completed after 30 matrix-vector product operations.
	iteration results: : total energy is -101.542234 | electron energy -101.773917 + phonon energy 0.231683 | electron momentum kIdx = 0
The 17-th iteration is completed.	|| time cost : 0h 0m 24.399s
********************************************************************************************************************
Start the 18 rounds of NGS-ED iteration
	effective electronic model is modified as: kinetic energy t = 0.733508
	                                           effective interaction Vq = [      -5,-4.90715,-4.76104,-4.90715,-4.90715,-4.76104,-4.79447,-4.76104,-4.76104,-4.79447,-4.99262,-4.79447,-4.90715,-4.76104,-4.79447,-4.76104]
	PARPACK diagonalization completed after 30 matrix-vector product operations.
	iteration results: : total energy is -101.543056 | electron energy -101.772737 + phonon energy 0.229681 | electron momentum kIdx = 0
The 18-th iteration is completed.	|| time cost : 0h 0m 24.96s
********************************************************************************************************************
Start the 19 rounds of NGS-ED iteration
	effective electronic model is modified as: kinetic energy t = 0.734073
	                                           effective interaction Vq = [      -5,-4.90547,-4.75756,-4.90547,-4.90547,-4.75756,-4.79202,-4.75756,-4.75756,-4.79202,-4.99287,-4.79202,-4.90547,-4.75756,-4.79202,-4.75756]
	PARPACK diagonalization completed after 30 matrix-vector product operations.
	iteration results: : total energy is -101.543202 | electron energy -101.771934 + phonon energy 0.228732 | electron momentum kIdx = 0
The 19-th iteration is completed.	|| time cost : 0h 0m 24.934s
********************************************************************************************************************
Start the 20 rounds of NGS-ED iteration
	effective electronic model is modified as: kinetic energy t = 0.734323
	                                           effective interaction Vq = [      -5,-4.90468,-4.75615,-4.90468,-4.90468,-4.75615,-4.79085,-4.75615,-4.75615,-4.79085,-4.99297,-4.79085,-4.90468,-4.75615,-4.79085,-4.75615]
	PARPACK diagonalization completed after 30 matrix-vector product operations.
	iteration results: : total energy is -101.543229 | electron energy -101.771521 + phonon energy 0.228293 | electron momentum kIdx = 0
	Nq(0) = 16,	Nq(1) = 0.32208,	Nq(2) = 0.356207,	Nq(3) = 0.32208,	Nq(4) = 0.32208,	Nq(5) = 0.356207,	Nq(6) = 0.570626,	Nq(7) = 0.356207,	Nq(8) = 0.356207,	Nq(9) = 0.570626,	Nq(10) = 4.68608,	Nq(11) = 0.570626,	Nq(12) = 0.32208,	Nq(13) = 0.356207,	Nq(14) = 0.570626,	Nq(15) = 0.356207,	Sq(0) = -4.5704e-18,	Sq(1) = 0.272391,	Sq(2) = 0.330529,	Sq(3) = 0.272391,	Sq(4) = 0.272391,	Sq(5) = 0.330529,	Sq(6) = 0.493952,	Sq(7) = 0.330529,	Sq(8) = 0.330529,	Sq(9) = 0.493952,	Sq(10) = 0.557314,	Sq(11) = 0.493952,	Sq(12) = 0.272391,	Sq(13) = 0.330529,	Sq(14) = 0.493952,	Sq(15) = 0.330529,	N(0) = 1.98959,	N(1) = 1.96991,	N(2) = 1,	N(3) = 1.96991,	N(4) = 1.96991,	N(5) = 1,	N(6) = 0.0300897,	N(7) = 1,	N(8) = 1,	N(9) = 0.0300897,	N(10) = 0.0104091,	N(11) = 0.0300897,	N(12) = 1.96991,	N(13) = 1,	N(14) = 0.0300897,	N(15) = 1,	Delta[s](0) = 0.397003,	Delta[s](1) = 0.33786,	Delta[s](2) = 0.329352,	Delta[s](3) = 0.33786,	Delta[s](4) = 0.33786,	Delta[s](5) = 0.329352,	Delta[s](6) = 0.297118,	Delta[s](7) = 0.329352,	Delta[s](8) = 0.329352,	Delta[s](9) = 0.297118,	Delta[s](10) = 0.28404,	Delta[s](11) = 0.297118,	Delta[s](12) = 0.33786,	Delta[s](13) = 0.329352,	Delta[s](14) = 0.297118,	Delta[s](15) = 0.329352,	Delta[d](0) = 0.223234,	Delta[d](1) = 0.220273,	Delta[d](2) = 0.222685,	Delta[d](3) = 0.220273,	Delta[d](4) = 0.220273,	Delta[d](5) = 0.154512,	Delta[d](6) = 0.184486,	Delta[d](7) = 0.154512,	Delta[d](8) = 0.222685,	Delta[d](9) = 0.184486,	Delta[d](10) = 0.0857269,	Delta[d](11) = 0.184486,	Delta[d](12) = 0.220273,	Delta[d](13) = 0.154512,	Delta[d](14) = 0.184486,	Delta[d](15) = 0.154512,	Delta[s+](0) = 0.423383,	Delta[s+](1) = 0.334169,	Delta[s+](2) = 0.222685,	Delta[s+](3) = 0.334169,	Delta[s+](4) = 0.334169,	Delta[s+](5) = 0.222685,	Delta[s+](6) = 0.112039,	Delta[s+](7) = 0.222685,	Delta[s+](8) = 0.222685,	Delta[s+](9) = 0.112039,	Delta[s+](10) = 0.0497456,	Delta[s+](11) = 0.112039,	Delta[s+](12) = 0.334169,	Delta[s+](13) = 0.222685,	Delta[s+](14) = 0.112039,	Delta[s+](15) = 0.222685
The 20-th iteration is completed.	|| time cost : 0h 3m 55.756s
********************************************************************************************************************
Start the 21 rounds of NGS-ED iteration
	effective electronic model is modified as: kinetic energy t = 0.734433
	                                           effective interaction Vq = [      -5,-4.90432,-4.75558,-4.90432,-4.90432,-4.75558, -4.7903,-4.75558,-4.75558, -4.7903,  -4.993, -4.7903,-4.90432,-4.75558, -4.7903,-4.75558]
	PARPACK diagonalization completed after 30 matrix-vector product operations.
	iteration results: : total energy is -101.543234 | electron energy -101.771326 + phonon energy 0.228092 | electron momentum kIdx = 0
	Nq(0) = 16,	Nq(1) = 0.321952,	Nq(2) = 0.356129,	Nq(3) = 0.321952,	Nq(4) = 0.321952,	Nq(5) = 0.356129,	Nq(6) = 0.570423,	Nq(7) = 0.356129,	Nq(8) = 0.356129,	Nq(9) = 0.570423,	Nq(10) = 4.68812,	Nq(11) = 0.570423,	Nq(12) = 0.321952,	Nq(13) = 0.356129,	Nq(14) = 0.570423,	Nq(15) = 0.356129,	Sq(0) = 6.44856e-18,	Sq(1) = 0.272355,	Sq(2) = 0.330517,	Sq(3) = 0.272355,	Sq(4) = 0.272355,	Sq(5) = 0.330517,	Sq(6) = 0.493938,	Sq(7) = 0.330517,	Sq(8) = 0.330517,	Sq(9) = 0.493938,	Sq(10) = 0.557328,	Sq(11) = 0.493938,	Sq(12) = 0.272355,	Sq(13) = 0.330517,	Sq(14) = 0.493938,	Sq(15) = 0.330517,	N(0) = 1.98958,	N(1) = 1.96988,	N(2) = 1,	N(3) = 1.96988,	N(4) = 1.96988,	N(5) = 1,	N(6) = 0.0301249,	N(7) = 1,	N(8) = 1,	N(9) = 0.0301249,	N(10) = 0.010417,	N(11) = 0.0301249,	N(12) = 1.96988,	N(13) = 1,	N(14) = 0.0301249,	N(15) = 1,	Delta[s](0) = 0.396973,	Delta[s](1) = 0.337873,	Delta[s](2) = 0.329358,	Delta[s](3) = 0.337873,	Delta[s](4) = 0.337873,	Delta[s](5) = 0.329358,	Delta[s](6) = 0.297131,	Delta[s](7) = 0.329358,	Delta[s](8) = 0.329358,	Delta[s](9) = 0.297131,	Delta[s](10) = 0.284059,	Delta[s](11) = 0.297131,	Delta[s](12) = 0.337873,	Delta[s](13) = 0.329358,	Delta[s](14) = 0.297131,	Delta[s](15) = 0.329358,	Delta[d](0) = 0.223203,	Delta[d](1) = 0.220233,	Delta[d](2) = 0.222662,	Delta[d](3) = 0.220233,	Delta[d](4) = 0.220233,	Delta[d](5) = 0.154477,	Delta[d](6) = 0.184442,	Delta[d](7) = 0.154477,	Delta[d](8) = 0.222662,	Delta[d](9) = 0.184442,	Delta[d](10) = 0.0856889,	Delta[d](11) = 0.184442,	Delta[d](12) = 0.220233,	Delta[d](13) = 0.154477,	Delta[d](14) = 0.184442,	Delta[d](15) = 0.154477,	Delta[s+](0) = 0.423392,	Delta[s+](1) = 0.334156,	Delta[s+](2) = 0.222662,	Delta[s+](3) = 0.334156,	Delta[s+](4) = 0.334156,	Delta[s+](5) = 0.222662,	Delta[s+](6) = 0.112007,	Delta[s+](7) = 0.222662,	Delta[s+](8) = 0.222662,	Delta[s+](9) = 0.112007,	Delta[s+](10) = 0.0497231,	Delta[s+](11) = 0.112007,	Delta[s+](12) = 0.334156,	Delta[s+](13) = 0.222662,	Delta[s+](14) = 0.112007,	Delta[s+](15) = 0.222662
The 21-th iteration is completed.	|| time cost : 0h 3m 49.521s
********************************************************************************************************************
********************************************************************************************************************
Ground state is obtained after 22 iterations. The current ground-state energy is -101.543, in which electron energy is -101.771 and phonon energy is 0.228092
final variational state is: 
	Gamma_x = [      1,1.03916,1.06325,1.03916,1.03916,1.06325,1.09729,1.06325,1.06325,1.09729,1.18268,1.09729,1.03916,1.06325,1.09729,1.06325]
	lambda_q = [0.707107,0.609207,0.550691,0.609207,0.609207,0.550691,0.562208,0.550691,0.550691,0.562208,0.680682,0.562208,0.609207,0.550691,0.562208,0.550691]
********************************************************************************************************************
o___o  ----------------------------------------
| L |	Time since last clock: 0h 0m 0s
A===A	Time since the beginning: 0h 29m 7.421s
***********************************************


********************************************************************************************************************
Warm up runs have been completed. Start calculating W = 5 phonon.
open output files: NGSEDIterationObs.txt
********************************************************************************************************************
Start the 0 rounds of NGS-ED iteration
	effective electronic model is modified as: kinetic energy t = 0.734481
	                                           effective interaction Vq = [-4.57107, -4.2364,-3.99061, -4.2364, -4.2364,-3.99061,-4.04169,-3.99061,-3.99061,-4.04169,-4.49018,-4.04169, -4.2364,-3.99061,-4.04169,-3.99061]
	PARPACK diagonalization completed after 60 matrix-vector product operations.
	iteration results: : total energy is -88.566018 | electron energy -88.680019 + phonon energy 0.114001 | electron momentum kIdx = 0
	Nq(0) = 16,	Nq(1) = 0.326145,	Nq(2) = 0.338345,	Nq(3) = 0.326145,	Nq(4) = 0.326145,	Nq(5) = 0.338345,	Nq(6) = 0.524287,	Nq(7) = 0.338345,	Nq(8) = 0.338345,	Nq(9) = 0.524287,	Nq(10) = 3.72374,	Nq(11) = 0.524287,	Nq(12) = 0.326145,	Nq(13) = 0.338345,	Nq(14) = 0.524287,	Nq(15) = 0.338345,	Sq(0) = -7.9091e-18,	Sq(1) = 0.355608,	Sq(2) = 0.375023,	Sq(3) = 0.355608,	Sq(4) = 0.355608,	Sq(5) = 0.375023,	Sq(6) = 0.629682,	Sq(7) = 0.375023,	Sq(8) = 0.375023,	Sq(9) = 0.629682,	Sq(10) = 0.653163,	Sq(11) = 0.629682,	Sq(12) = 0.355608,	Sq(13) = 0.375023,	Sq(14) = 0.629682,	Sq(15) = 0.375023,	N(0) = 1.99386,	N(1) = 1.98888,	N(2) = 1,	N(3) = 1.98888,	N(4) = 1.98888,	N(5) = 1,	N(6) = 0.0111163,	N(7) = 1,	N(8) = 1,	N(9) = 0.0111163,	N(10) = 0.00613618,	N(11) = 0.0111163,	N(12) = 1.98888,	N(13) = 1,	N(14) = 0.0111163,	N(15) = 1,	Delta[s](0) = 0.325319,	Delta[s](1) = 0.294811,	Delta[s](2) = 0.289801,	Delta[s](3) = 0.294811,	Delta[s](4) = 0.294811,	Delta[s](5) = 0.289801,	Delta[s](6) = 0.267839,	Delta[s](7) = 0.289801,	Delta[s](8) = 0.289801,	Delta[s](9) = 0.267839,	Delta[s](10) = 0.263044,	Delta[s](11) = 0.267839,	Delta[s](12) = 0.294811,	Delta[s](13) = 0.289801,	Delta[s](14) = 0.267839,	Delta[s](15) = 0.289801,	Delta[d](0) = 0.24849,	Delta[d](1) = 0.255328,	Delta[d](2) = 0.25703,	Delta[d](3) = 0.255328,	Delta[d](4) = 0.255328,	Delta[d](5) = 0.178774,	Delta[d](6) = 0.216273,	Delta[d](7) = 0.178774,	Delta[d](8) = 0.25703,	Delta[d](9) = 0.216273,	Delta[d](10) = 0.109052,	Delta[d](11) = 0.216273,	Delta[d](12) = 0.255328,	Delta[d](13) = 0.178774,	Delta[d](14) = 0.216273,	Delta[d](15) = 0.178774,	Delta[s+](0) = 0.49121,	Delta[s+](1) = 0.382968,	Delta[s+](2) = 0.25703,	Delta[s+](3) = 0.382968,	Delta[s+](4) = 0.382968,	Delta[s+](5) = 0.25703,	Delta[s+](6) = 0.134795,	Delta[s+](7) = 0.25703,	Delta[s+](8) = 0.25703,	Delta[s+](9) = 0.134795,	Delta[s+](10) = 0.0635042,	Delta[s+](11) = 0.134795,	Delta[s+](12) = 0.382968,	Delta[s+](13) = 0.25703,	Delta[s+](14) = 0.134795,	Delta[s+](15) = 0.25703
The 0-th iteration is completed.	|| time cost : 0h 4m 51.005s
********************************************************************************************************************
Start the 1 rounds of NGS-ED iteration
	effective electronic model is modified as: kinetic energy t = 0.699737
	                                           effective interaction Vq = [ -4.8422,-4.50997,-4.19874,-4.50997,-4.50997,-4.19874,-4.26045,-4.19874,-4.19874,-4.26045,-4.79886,-4.26045,-4.50997,-4.19874,-4.26045,-4.19874]
	PARPACK diagonalization completed after 30 matrix-vector product operations.
	iteration results: : total energy is -94.420267 | electron energy -94.763578 + phonon energy 0.343311 | electron momentum kIdx = 0
The 1-th iteration is completed.	|| time cost : 0h 0m 20.626s
********************************************************************************************************************
Start the 2 rounds of NGS-ED iteration
	effective electronic model is modified as: kinetic energy t = 0.681467
	                                           effective interaction Vq = [-4.94195, -4.6075,-4.29402, -4.6075, -4.6075,-4.29402,-4.35305,-4.29402,-4.29402,-4.35305,-4.92474,-4.35305, -4.6075,-4.29402,-4.35305,-4.29402]
	PARPACK diagonalization completed after 30 matrix-vector product operations.
	iteration results: : total energy is -96.627700 | electron energy -97.114070 + phonon energy 0.486370 | electron momentum kIdx = 0
The 2-th iteration is completed.	|| time cost : 0h 0m 20.552s
********************************************************************************************************************
Start the 3 rounds of NGS-ED iteration
	effective electronic model is modified as: kinetic energy t = 0.673601
	                                           effective interaction Vq = [-4.97864,-4.63436,-4.33221,-4.63436,-4.63436,-4.33221,-4.38427,-4.33221,-4.33221,-4.38427,-4.96895,-4.38427,-4.63436,-4.33221,-4.38427,-4.33221]
	PARPACK diagonalization completed after 30 matrix-vector product operations.
	iteration results: : total energy is -97.402777 | electron energy -97.954483 + phonon energy 0.551706 | electron momentum kIdx = 0
The 3-th iteration is completed.	|| time cost : 0h 0m 20.568s
********************************************************************************************************************
Start the 4 rounds of NGS-ED iteration
	effective electronic model is modified as: kinetic energy t = 0.670541
	                                           effective interaction Vq = [-4.99214,-4.63857, -4.3469,-4.63857,-4.63857, -4.3469,-4.39279, -4.3469, -4.3469,-4.39279,-4.98428,-4.39279,-4.63857, -4.3469,-4.39279, -4.3469]
	PARPACK diagonalization completed after 30 matrix-vector product operations.
	iteration results: : total energy is -97.668355 | electron energy -98.247824 + phonon energy 0.579468 | electron momentum kIdx = 0
The 4-th iteration is completed.	|| time cost : 0h 0m 23.738s
********************************************************************************************************************
Start the 5 rounds of NGS-ED iteration
	effective electronic model is modified as: kinetic energy t = 0.669474
	                                           effective interaction Vq = [-4.99711,-4.63666,-4.35237,-4.63666,-4.63666,-4.35237,-4.39378,-4.35237,-4.35237,-4.39378,-4.98997,-4.39378,-4.63666,-4.35237,-4.39378,-4.35237]
	PARPACK diagonalization completed after 30 matrix-vector product operations.
	iteration results: : total energy is -97.759992 | electron energy -98.351190 + phonon energy 0.591198 | electron momentum kIdx = 0
The 5-th iteration is completed.	|| time cost : 0h 0m 21.02s
********************************************************************************************************************
Start the 6 rounds of NGS-ED iteration
	effective electronic model is modified as: kinetic energy t = 0.669204
	                                           effective interaction Vq = [-4.99894,-4.63364,-4.35412,-4.63364,-4.63364,-4.35412,-4.39248,-4.35412,-4.35412,-4.39248,-4.99228,-4.39248,-4.63364,-4.35412,-4.39248,-4.35412]
	PARPACK diagonalization completed after 30 matrix-vector product operations.
	iteration results: : total energy is -97.792143 | electron energy -98.388097 + phonon energy 0.595954 | electron momentum kIdx = 0
The 6-th iteration is completed.	|| time cost : 0h 0m 20.57s
********************************************************************************************************************
Start the 7 rounds of NGS-ED iteration
	effective electronic model is modified as: kinetic energy t = 0.669237
	                                           effective interaction Vq = [-4.99961,-4.63089,-4.35436,-4.63089,-4.63089,-4.35436,-4.39068,-4.35436,-4.35436,-4.39068,-4.99329,-4.39068,-4.63089,-4.35436,-4.39068,-4.35436]
	PARPACK diagonalization completed after 30 matrix-vector product operations.
	iteration results: : total energy is -97.803607 | electron energy -98.401245 + phonon energy 0.597638 | electron momentum kIdx = 0
The 7-th iteration is completed.	|| time cost : 0h 0m 20.548s
********************************************************************************************************************
Start the 8 rounds of NGS-ED iteration
	effective electronic model is modified as: kinetic energy t = 0.669367
	                                           effective interaction Vq = [-4.99986,-4.62869,-4.35402,-4.62869,-4.62869,-4.35402,-4.38897,-4.35402,-4.35402,-4.38897,-4.99375,-4.38897,-4.62869,-4.35402,-4.38897,-4.35402]
	PARPACK diagonalization completed after 30 matrix-vector product operations.
	iteration results: : total energy is -97.807746 | electron energy -98.405755 + phonon energy 0.598009 | electron momentum kIdx = 0
The 8-th iteration is completed.	|| time cost : 0h 0m 20.544s
********************************************************************************************************************
Start the 9 rounds of NGS-ED iteration
	effective electronic model is modified as: kinetic energy t = 0.669513
	                                           effective interaction Vq = [-4.99995,-4.62704, -4.3535,-4.62704,-4.62704, -4.3535,-4.38753, -4.3535, -4.3535,-4.38753,-4.99397,-4.38753,-4.62704, -4.3535,-4.38753, -4.3535]
	PARPACK diagonalization completed after 30 matrix-vector product operations.
	iteration results: : total energy is -97.809255 | electron energy -98.407119 + phonon energy 0.597864 | electron momentum kIdx = 0
The 9-th iteration is completed.	|| time cost : 0h 0m 20.546s
********************************************************************************************************************
Start the 10 rounds of NGS-ED iteration
	effective electronic model is modified as: kinetic energy t = 0.669645
	                                           effective interaction Vq = [-4.99998,-4.62582,-4.35299,-4.62582,-4.62582,-4.35299, -4.3864,-4.35299,-4.35299, -4.3864,-4.99408, -4.3864,-4.62582,-4.35299, -4.3864,-4.35299]
	PARPACK diagonalization completed after 30 matrix-vector product operations.
	iteration results: : total energy is -97.809808 | electron energy -98.407366 + phonon energy 0.597558 | electron momentum kIdx = 0
