SNEDics v3.4 Non-Gaussian ED ground state program		Start at Tue Oct  1 12:54:28 2019

parallized on 16 MPI threads  * 8 OpenMP threads = 128 total threads.
********************************************************************************************************************
********************************************************************************************************************

********************************************************************************************************************
System parameters and configurations
********************************************************************************************************************
Special program options are enabled: splitted diagonal Hamiltonian
********************************************************************************************************************
Read input file "model_params.in"
	Hubbard-Holstein model parameters : 	t = 1    U = 4.7    g = 4.1231    W = 5    
********************************************************************************************************************
Read input file "hilbertspace_params.in"
	Requested 16-site 2D lattice, with 16 electrons (8, 8)
	Boundary : Periodic		Hilbert space representation : momentum-space (restricted to kIdx = 0)
	Conservation: particle number[U(1)]      spin[U(1)]     momentum
********************************************************************************************************************

Cluster Positions:				Cluster symmetry group : D4
 x ... x ... x ... x .....                       x ... x ... x ... x .....
 |           |           :                       |           |           :
 |           |           :                       |           |           :
12    13    14    15     x                       1     5     6     5     x
 |           |           :                       |           |           :
 |           |           :                       |           |           :
 8 --- 9 ---10 ---11 --- x                       2 --- 6 ---10 --- 6 --- x
 |           |           :                       |           |           :
 |           |           :                       |           |           :
 4     5     6     7     x                       1     5     6     5     x
 |           |           :                       |           |           :
 |           |           :                       |           |           :
 0 --- 1 --- 2 --- 3 --- x                       0 --- 1 --- 2 --- 1 --- x
orbital number : 1
********************************************************************************************************************
Read input file "obs_params.in"
	Observable Type : Nq(All),   Sq(All),   N(All),   Delta[s](All),   Delta[d](All),   Delta[s+](All)
********************************************************************************************************************
** WARNING ** the input observables have non-local factors which have been reinterpreted. The total observable number is 96
********************************************************************************************************************


********************************************************************************************************************
Start calculating the non-Gaussian ED ground state
** WARNING ** Detected low phonon energy W < 10. The initial state will be prepared through a warm-up process.
********************************************************************************************************************
Start warm-up calculation for scaling factor 2
open output files: NGSEDWarmUpW10Obs.txt
********************************************************************************************************************
Start the 0 rounds of NGS-ED iteration
	effective electronic model is modified as: kinetic energy t = 1
	                                           effective interaction Vq = [-0,-0,-0,-0,-0,-0,-0,-0,-0,-0,-0,-0,-0,-0,-0,-0]
	first Hamiltonian is constructed, non-zero numbers = 2845383612
	PARPACK diagonalization completed after 90 matrix-vector product operations.
	iteration results: : total energy is -12.412169 | electron energy -12.412169 + phonon energy 0.000000 | electron momentum kIdx = 0
	Nq(0) = 16,	Nq(1) = 0.133774,	Nq(2) = 0.206292,	Nq(3) = 0.133774,	Nq(4) = 0.133774,	Nq(5) = 0.206292,	Nq(6) = 0.279744,	Nq(7) = 0.206292,	Nq(8) = 0.206292,	Nq(9) = 0.279744,	Nq(10) = 0.343091,	Nq(11) = 0.279744,	Nq(12) = 0.133774,	Nq(13) = 0.206292,	Nq(14) = 0.279744,	Nq(15) = 0.206292,	Sq(0) = 1.29613e-18,	Sq(1) = 0.427462,	Sq(2) = 0.628517,	Sq(3) = 0.427462,	Sq(4) = 0.427462,	Sq(5) = 0.628517,	Sq(6) = 0.830444,	Sq(7) = 0.628517,	Sq(8) = 0.628517,	Sq(9) = 0.830444,	Sq(10) = 3.96236,	Sq(11) = 0.830444,	Sq(12) = 0.427462,	Sq(13) = 0.628517,	Sq(14) = 0.830444,	Sq(15) = 0.628517,	N(0) = 1.90718,	N(1) = 1.7973,	N(2) = 1,	N(3) = 1.7973,	N(4) = 1.7973,	N(5) = 1,	N(6) = 0.202703,	N(7) = 1,	N(8) = 1,	N(9) = 0.202703,	N(10) = 0.0928176,	N(11) = 0.202703,	N(12) = 1.7973,	N(13) = 1,	N(14) = 0.202703,	N(15) = 1,	Delta[s](0) = 0.15135,	Delta[s](1) = 0.128727,	Delta[s](2) = 0.102549,	Delta[s](3) = 0.128727,	Delta[s](4) = 0.128727,	Delta[s](5) = 0.102549,	Delta[s](6) = 0.076666,	Delta[s](7) = 0.102549,	Delta[s](8) = 0.102549,	Delta[s](9) = 0.076666,	Delta[s](10) = 0.0292423,	Delta[s](11) = 0.076666,	Delta[s](12) = 0.128727,	Delta[s](13) = 0.102549,	Delta[s](14) = 0.076666,	Delta[s](15) = 0.102549,	Delta[d](0) = 0.561107,	Delta[d](1) = 0.397193,	Delta[d](2) = 0.315003,	Delta[d](3) = 0.397193,	Delta[d](4) = 0.397193,	Delta[d](5) = 0.329734,	Delta[d](6) = 0.237664,	Delta[d](7) = 0.329734,	Delta[d](8) = 0.315003,	Delta[d](9) = 0.237664,	Delta[d](10) = 0.110566,	Delta[d](11) = 0.237664,	Delta[d](12) = 0.397193,	Delta[d](13) = 0.329734,	Delta[d](14) = 0.237664,	Delta[d](15) = 0.329734,	Delta[s+](0) = 0.595976,	Delta[s+](1) = 0.47237,	Delta[s+](2) = 0.315003,	Delta[s+](3) = 0.47237,	Delta[s+](4) = 0.47237,	Delta[s+](5) = 0.315003,	Delta[s+](6) = 0.163996,	Delta[s+](7) = 0.315003,	Delta[s+](8) = 0.315003,	Delta[s+](9) = 0.163996,	Delta[s+](10) = 0.0457884,	Delta[s+](11) = 0.163996,	Delta[s+](12) = 0.47237,	Delta[s+](13) = 0.315003,	Delta[s+](14) = 0.163996,	Delta[s+](15) = 0.315003
The 0-th iteration is completed.	|| time cost : 0h 8m 31.463s
********************************************************************************************************************
Start the 1 rounds of NGS-ED iteration
	effective electronic model is modified as: kinetic energy t = 0.918747
	                                           effective interaction Vq = [-2.93985,-2.65089,-2.56943,-2.65089,-2.65089,-2.56943,-2.53371,-2.56943,-2.56943,-2.53371, -2.5019,-2.53371,-2.65089,-2.56943,-2.53371,-2.56943]
	PARPACK diagonalization completed after 75 matrix-vector product operations.
	iteration results: : total energy is -71.103967 | electron energy -71.109919 + phonon energy 0.005952 | electron momentum kIdx = 0
The 1-th iteration is completed.	|| time cost : 0h 7m 52.43s
********************************************************************************************************************
Start the 2 rounds of NGS-ED iteration
	effective electronic model is modified as: kinetic energy t = 0.841319
	                                           effective interaction Vq = [-3.33772,-3.20578,-3.18583,-3.20578,-3.20578,-3.18583,-3.09751,-3.18583,-3.18583,-3.09751,-3.10477,-3.09751,-3.20578,-3.18583,-3.09751,-3.18583]
	PARPACK diagonalization completed after 60 matrix-vector product operations.
	iteration results: : total energy is -81.546933 | electron energy -81.603948 + phonon energy 0.057015 | electron momentum kIdx = 0
The 2-th iteration is completed.	|| time cost : 0h 0m 36.735s
********************************************************************************************************************
Start the 3 rounds of NGS-ED iteration
	effective electronic model is modified as: kinetic energy t = 0.808062
	                                           effective interaction Vq = [-3.39156,-3.31971,-3.31012,-3.31971,-3.31971,-3.31012,-3.23727,-3.31012,-3.31012,-3.23727,-3.27193,-3.23727,-3.31971,-3.31012,-3.23727,-3.31012]
	PARPACK diagonalization completed after 45 matrix-vector product operations.
	iteration results: : total energy is -83.035047 | electron energy -83.137352 + phonon energy 0.102305 | electron momentum kIdx = 0
The 3-th iteration is completed.	|| time cost : 0h 0m 32.097s
********************************************************************************************************************
Start the 4 rounds of NGS-ED iteration
	effective electronic model is modified as: kinetic energy t = 0.795456
	                                           effective interaction Vq = [-3.39885,-3.34774,-3.33507,-3.34774,-3.34774,-3.33507, -3.2781,-3.33507,-3.33507, -3.2781,-3.34383, -3.2781,-3.34774,-3.33507, -3.2781,-3.33507]
	PARPACK diagonalization completed after 45 matrix-vector product operations.
	iteration results: : total energy is -83.296966 | electron energy -83.421245 + phonon energy 0.124279 | electron momentum kIdx = 0
The 4-th iteration is completed.	|| time cost : 0h 0m 32.064s
********************************************************************************************************************
Start the 5 rounds of NGS-ED iteration
	effective electronic model is modified as: kinetic energy t = 0.796155
	                                           effective interaction Vq = [-3.39984,-3.34843,-3.31335,-3.34843,-3.34843,-3.31335,-3.27959,-3.31335,-3.31335,-3.27959,-3.38059,-3.27959,-3.34843,-3.31335,-3.27959,-3.31335]
	PARPACK diagonalization completed after 45 matrix-vector product operations.
	iteration results: : total energy is -83.434745 | electron energy -83.565629 + phonon energy 0.130884 | electron momentum kIdx = 0
The 5-th iteration is completed.	|| time cost : 0h 0m 32.114s
********************************************************************************************************************
Start the 6 rounds of NGS-ED iteration
	effective electronic model is modified as: kinetic energy t = 0.803432
	                                           effective interaction Vq = [-3.39997,-3.33671,-3.26638,-3.33671,-3.33671,-3.26638,-3.26295,-3.26638,-3.26638,-3.26295,-3.39157,-3.26295,-3.33671,-3.26638,-3.26295,-3.26638]
	PARPACK diagonalization completed after 45 matrix-vector product operations.
	iteration results: : total energy is -83.499400 | electron energy -83.627780 + phonon energy 0.128380 | electron momentum kIdx = 0
The 6-th iteration is completed.	|| time cost : 0h 0m 32.205s
********************************************************************************************************************
Start the 7 rounds of NGS-ED iteration
	effective electronic model is modified as: kinetic energy t = 0.808134
	                                           effective interaction Vq = [-3.39999, -3.3264,-3.23614, -3.3264, -3.3264,-3.23614,-3.24895,-3.23614,-3.23614,-3.24895, -3.3946,-3.24895, -3.3264,-3.23614,-3.24895,-3.23614]
	PARPACK diagonalization completed after 30 matrix-vector product operations.
	iteration results: : total energy is -83.515180 | electron energy -83.639789 + phonon energy 0.124609 | electron momentum kIdx = 0
The 7-th iteration is completed.	|| time cost : 0h 0m 27.404s
********************************************************************************************************************
Start the 8 rounds of NGS-ED iteration
	effective electronic model is modified as: kinetic energy t = 0.810487
	                                           effective interaction Vq = [-3.39999,-3.32007,-3.22166,-3.32007,-3.32007,-3.22166,-3.24058,-3.22166,-3.22166,-3.24058,-3.39556,-3.24058,-3.32007,-3.22166,-3.24058,-3.22166]
	PARPACK diagonalization completed after 30 matrix-vector product operations.
	iteration results: : total energy is -83.518430 | electron energy -83.640543 + phonon energy 0.122113 | electron momentum kIdx = 0
The 8-th iteration is completed.	|| time cost : 0h 0m 27.333s
********************************************************************************************************************
Start the 9 rounds of NGS-ED iteration
	effective electronic model is modified as: kinetic energy t = 0.81161
	                                           effective interaction Vq = [-3.39999,-3.31666, -3.2152,-3.31666,-3.31666, -3.2152, -3.2361, -3.2152, -3.2152, -3.2361, -3.3959, -3.2361,-3.31666, -3.2152, -3.2361, -3.2152]
	PARPACK diagonalization completed after 30 matrix-vector product operations.
	iteration results: : total energy is -83.519097 | electron energy -83.639857 + phonon energy 0.120760 | electron momentum kIdx = 0
The 9-th iteration is completed.	|| time cost : 0h 0m 27.492s
********************************************************************************************************************
Start the 10 rounds of NGS-ED iteration
	effective electronic model is modified as: kinetic energy t = 0.812138
	                                           effective interaction Vq = [-3.39999,-3.31493,-3.21237,-3.31493,-3.31493,-3.21237,-3.23383,-3.21237,-3.21237,-3.23383,-3.39603,-3.23383,-3.31493,-3.21237,-3.23383,-3.21237]
	PARPACK diagonalization completed after 30 matrix-vector product operations.
	iteration results: : total energy is -83.519236 | electron energy -83.639315 + phonon energy 0.120078 | electron momentum kIdx = 0
	Nq(0) = 16,	Nq(1) = 0.293497,	Nq(2) = 0.354158,	Nq(3) = 0.293497,	Nq(4) = 0.293497,	Nq(5) = 0.354158,	Nq(6) = 0.561901,	Nq(7) = 0.354158,	Nq(8) = 0.354158,	Nq(9) = 0.561901,	Nq(10) = 5.74873,	Nq(11) = 0.561901,	Nq(12) = 0.293497,	Nq(13) = 0.354158,	Nq(14) = 0.561901,	Nq(15) = 0.354158,	Sq(0) = 5.68184e-18,	Sq(1) = 0.215992,	Sq(2) = 0.288148,	Sq(3) = 0.215992,	Sq(4) = 0.215992,	Sq(5) = 0.288148,	Sq(6) = 0.408133,	Sq(7) = 0.288148,	Sq(8) = 0.288148,	Sq(9) = 0.408133,	Sq(10) = 0.479341,	Sq(11) = 0.408133,	Sq(12) = 0.215992,	Sq(13) = 0.288148,	Sq(14) = 0.408133,	Sq(15) = 0.288148,	N(0) = 1.97015,	N(1) = 1.92127,	N(2) = 1,	N(3) = 1.92127,	N(4) = 1.92127,	N(5) = 1,	N(6) = 0.0787308,	N(7) = 1,	N(8) = 1,	N(9) = 0.0787308,	N(10) = 0.0298502,	N(11) = 0.0787308,	N(12) = 1.92127,	N(13) = 1,	N(14) = 0.0787308,	N(15) = 1,	Delta[s](0) = 0.505445,	Delta[s](1) = 0.37677,	Delta[s](2) = 0.356339,	Delta[s](3) = 0.37677,	Delta[s](4) = 0.37677,	Delta[s](5) = 0.356339,	Delta[s](6) = 0.306986,	Delta[s](7) = 0.356339,	Delta[s](8) = 0.356339,	Delta[s](9) = 0.306986,	Delta[s](10) = 0.269133,	Delta[s](11) = 0.306986,	Delta[s](12) = 0.37677,	Delta[s](13) = 0.356339,	Delta[s](14) = 0.306986,	Delta[s](15) = 0.356339,	Delta[d](0) = 0.206192,	Delta[d](1) = 0.193537,	Delta[d](2) = 0.198213,	Delta[d](3) = 0.193537,	Delta[d](4) = 0.193537,	Delta[d](5) = 0.132946,	Delta[d](6) = 0.15644,	Delta[d](7) = 0.132946,	Delta[d](8) = 0.198213,	Delta[d](9) = 0.15644,	Delta[d](10) = 0.0597294,	Delta[d](11) = 0.15644,	Delta[d](12) = 0.193537,	Delta[d](13) = 0.132946,	Delta[d](14) = 0.15644,	Delta[d](15) = 0.132946,	Delta[s+](0) = 0.382308,	Delta[s+](1) = 0.30414,	Delta[s+](2) = 0.198213,	Delta[s+](3) = 0.30414,	Delta[s+](4) = 0.30414,	Delta[s+](5) = 0.198213,	Delta[s+](6) = 0.0900874,	Delta[s+](7) = 0.198213,	Delta[s+](8) = 0.198213,	Delta[s+](9) = 0.0900874,	Delta[s+](10) = 0.0336133,	Delta[s+](11) = 0.0900874,	Delta[s+](12) = 0.30414,	Delta[s+](13) = 0.198213,	Delta[s+](14) = 0.0900874,	Delta[s+](15) = 0.198213
The 10-th iteration is completed.	|| time cost : 0h 4m 39.333s
********************************************************************************************************************
Start the 11 rounds of NGS-ED iteration
	effective electronic model is modified as: kinetic energy t = 0.812385
	                                           effective interaction Vq = [-3.39999,-3.31408,-3.21112,-3.31408,-3.31408,-3.21112,-3.23271,-3.21112,-3.21112,-3.23271,-3.39608,-3.23271,-3.31408,-3.21112,-3.23271,-3.21112]
	PARPACK diagonalization completed after 30 matrix-vector product operations.
	iteration results: : total energy is -83.519266 | electron energy -83.639012 + phonon energy 0.119747 | electron momentum kIdx = 0
The 11-th iteration is completed.	|| time cost : 0h 0m 27.647s
********************************************************************************************************************
Start the 12 rounds of NGS-ED iteration
	effective electronic model is modified as: kinetic energy t = 0.812501
	                                           effective interaction Vq = [-3.39999,-3.31367,-3.21056,-3.31367,-3.31367,-3.21056,-3.23217,-3.21056,-3.21056,-3.23217, -3.3961,-3.23217,-3.31367,-3.21056,-3.23217,-3.21056]
	PARPACK diagonalization completed after 30 matrix-vector product operations.
	iteration results: : total energy is -83.519272 | electron energy -83.638860 + phonon energy 0.119588 | electron momentum kIdx = 0
	Nq(0) = 16,	Nq(1) = 0.2929,	Nq(2) = 0.35369,	Nq(3) = 0.2929,	Nq(4) = 0.2929,	Nq(5) = 0.35369,	Nq(6) = 0.560986,	Nq(7) = 0.35369,	Nq(8) = 0.35369,	Nq(9) = 0.560986,	Nq(10) = 5.75833,	Nq(11) = 0.560986,	Nq(12) = 0.2929,	Nq(13) = 0.35369,	Nq(14) = 0.560986,	Nq(15) = 0.35369,	Sq(0) = 3.52749e-18,	Sq(1) = 0.215913,	Sq(2) = 0.288102,	Sq(3) = 0.215913,	Sq(4) = 0.215913,	Sq(5) = 0.288102,	Sq(6) = 0.408094,	Sq(7) = 0.288102,	Sq(8) = 0.288102,	Sq(9) = 0.408094,	Sq(10) = 0.479349,	Sq(11) = 0.408094,	Sq(12) = 0.215913,	Sq(13) = 0.288102,	Sq(14) = 0.408094,	Sq(15) = 0.288102,	N(0) = 1.97013,	N(1) = 1.92112,	N(2) = 1,	N(3) = 1.92112,	N(4) = 1.92112,	N(5) = 1,	N(6) = 0.0788831,	N(7) = 1,	N(8) = 1,	N(9) = 0.0788831,	N(10) = 0.029867,	N(11) = 0.0788831,	N(12) = 1.92112,	N(13) = 1,	N(14) = 0.0788831,	N(15) = 1,	Delta[s](0) = 0.504808,	Delta[s](1) = 0.376831,	Delta[s](2) = 0.356374,	Delta[s](3) = 0.376831,	Delta[s](4) = 0.376831,	Delta[s](5) = 0.356374,	Delta[s](6) = 0.307063,	Delta[s](7) = 0.356374,	Delta[s](8) = 0.356374,	Delta[s](9) = 0.307063,	Delta[s](10) = 0.269376,	Delta[s](11) = 0.307063,	Delta[s](12) = 0.376831,	Delta[s](13) = 0.356374,	Delta[s](14) = 0.307063,	Delta[s](15) = 0.356374,	Delta[d](0) = 0.206024,	Delta[d](1) = 0.193357,	Delta[d](2) = 0.19811,	Delta[d](3) = 0.193357,	Delta[d](4) = 0.193357,	Delta[d](5) = 0.132776,	Delta[d](6) = 0.156247,	Delta[d](7) = 0.132776,	Delta[d](8) = 0.19811,	Delta[d](9) = 0.156247,	Delta[d](10) = 0.0595542,	Delta[d](11) = 0.156247,	Delta[d](12) = 0.193357,	Delta[d](13) = 0.132776,	Delta[d](14) = 0.156247,	Delta[d](15) = 0.132776,	Delta[s+](0) = 0.382316,	Delta[s+](1) = 0.304065,	Delta[s+](2) = 0.19811,	Delta[s+](3) = 0.304065,	Delta[s+](4) = 0.304065,	Delta[s+](5) = 0.19811,	Delta[s+](6) = 0.089961,	Delta[s+](7) = 0.19811,	Delta[s+](8) = 0.19811,	Delta[s+](9) = 0.089961,	Delta[s+](10) = 0.0335272,	Delta[s+](11) = 0.089961,	Delta[s+](12) = 0.304065,	Delta[s+](13) = 0.19811,	Delta[s+](14) = 0.089961,	Delta[s+](15) = 0.19811
The 12-th iteration is completed.	|| time cost : 0h 4m 36.774s
********************************************************************************************************************
********************************************************************************************************************
Ground state is obtained after 13 iterations. The current ground-state energy is -83.5193, in which electron energy is -83.6389 and phonon energy is 0.119588
final variational state is: 
	Gamma_x = [      1,1.02708,1.04435,1.02708,1.02708,1.04435,1.06817,1.04435,1.04435,1.06817,1.13584,1.06817,1.02708,1.04435,1.06817,1.04435]
	lambda_q = [0.583093,0.490079,0.445371,0.490079,0.490079,0.445371,0.453448,0.445371,0.445371,0.453448,0.563399,0.453448,0.490079,0.445371,0.453448,0.445371]
********************************************************************************************************************
o___o  ----------------------------------------
| L |	Time since last clock: 0h 0m 0s
A===A	Time since the beginning: 0h 30m 15.1s
***********************************************


********************************************************************************************************************
Warm up runs have been completed. Start calculating W = 5 phonon.
open output files: NGSEDIterationObs.txt
********************************************************************************************************************
Start the 0 rounds of NGS-ED iteration
	effective electronic model is modified as: kinetic energy t = 0.812555
	                                           effective interaction Vq = [-3.10831, -2.8404,-2.68084, -2.8404, -2.8404,-2.68084,-2.71115,-2.68084,-2.68084,-2.71115,-3.05881,-2.71115, -2.8404,-2.68084,-2.71115,-2.68084]
	PARPACK diagonalization completed after 45 matrix-vector product operations.
	iteration results: : total energy is -74.248535 | electron energy -74.308292 + phonon energy 0.059756 | electron momentum kIdx = 0
	Nq(0) = 16,	Nq(1) = 0.28054,	Nq(2) = 0.335608,	Nq(3) = 0.28054,	Nq(4) = 0.28054,	Nq(5) = 0.335608,	Nq(6) = 0.519911,	Nq(7) = 0.335608,	Nq(8) = 0.335608,	Nq(9) = 0.519911,	Nq(10) = 5.53774,	Nq(11) = 0.519911,	Nq(12) = 0.28054,	Nq(13) = 0.335608,	Nq(14) = 0.519911,	Nq(15) = 0.335608,	Sq(0) = 3.81683e-19,	Sq(1) = 0.2455,	Sq(2) = 0.31397,	Sq(3) = 0.2455,	Sq(4) = 0.2455,	Sq(5) = 0.31397,	Sq(6) = 0.461584,	Sq(7) = 0.31397,	Sq(8) = 0.31397,	Sq(9) = 0.461584,	Sq(10) = 0.534648,	Sq(11) = 0.461584,	Sq(12) = 0.2455,	Sq(13) = 0.31397,	Sq(14) = 0.461584,	Sq(15) = 0.31397,	N(0) = 1.98245,	N(1) = 1.9458,	N(2) = 1,	N(3) = 1.9458,	N(4) = 1.9458,	N(5) = 1,	N(6) = 0.0542044,	N(7) = 1,	N(8) = 1,	N(9) = 0.0542044,	N(10) = 0.017555,	N(11) = 0.0542044,	N(12) = 1.9458,	N(13) = 1,	N(14) = 0.0542044,	N(15) = 1,	Delta[s](0) = 0.421878,	Delta[s](1) = 0.354779,	Delta[s](2) = 0.340212,	Delta[s](3) = 0.354779,	Delta[s](4) = 0.354779,	Delta[s](5) = 0.340212,	Delta[s](6) = 0.302598,	Delta[s](7) = 0.340212,	Delta[s](8) = 0.340212,	Delta[s](9) = 0.302598,	Delta[s](10) = 0.283938,	Delta[s](11) = 0.302598,	Delta[s](12) = 0.354779,	Delta[s](13) = 0.340212,	Delta[s](14) = 0.302598,	Delta[s](15) = 0.340212,	Delta[d](0) = 0.213309,	Delta[d](1) = 0.204624,	Delta[d](2) = 0.212442,	Delta[d](3) = 0.204624,	Delta[d](4) = 0.204624,	Delta[d](5) = 0.138796,	Delta[d](6) = 0.165567,	Delta[d](7) = 0.138796,	Delta[d](8) = 0.212442,	Delta[d](9) = 0.165567,	Delta[d](10) = 0.0642115,	Delta[d](11) = 0.165567,	Delta[d](12) = 0.204624,	Delta[d](13) = 0.138796,	Delta[d](14) = 0.165567,	Delta[d](15) = 0.138796,	Delta[s+](0) = 0.421486,	Delta[s+](1) = 0.328061,	Delta[s+](2) = 0.212442,	Delta[s+](3) = 0.328061,	Delta[s+](4) = 0.328061,	Delta[s+](5) = 0.212442,	Delta[s+](6) = 0.0960432,	Delta[s+](7) = 0.212442,	Delta[s+](8) = 0.212442,	Delta[s+](9) = 0.0960432,	Delta[s+](10) = 0.0363727,	Delta[s+](11) = 0.0960432,	Delta[s+](12) = 0.328061,	Delta[s+](13) = 0.212442,	Delta[s+](14) = 0.0960432,	Delta[s+](15) = 0.212442
The 0-th iteration is completed.	|| time cost : 0h 4m 30.655s
********************************************************************************************************************
Start the 1 rounds of NGS-ED iteration
	effective electronic model is modified as: kinetic energy t = 0.787812
	                                           effective interaction Vq = [-3.29269,-3.00244,-2.80163,-3.00244,-3.00244,-2.80163,-2.83879,-2.80163,-2.80163,-2.83879,-3.26814,-2.83879,-3.00244,-2.80163,-2.83879,-2.80163]
	PARPACK diagonalization completed after 30 matrix-vector product operations.
	iteration results: : total energy is -78.455715 | electron energy -78.641731 + phonon energy 0.186017 | electron momentum kIdx = 0
The 1-th iteration is completed.	|| time cost : 0h 0m 27.361s
********************************************************************************************************************
Start the 2 rounds of NGS-ED iteration
	effective electronic model is modified as: kinetic energy t = 0.777647
	                                           effective interaction Vq = [-3.36052,-3.04697,-2.84326,-3.04697,-3.04697,-2.84326, -2.8766,-2.84326,-2.84326, -2.8766, -3.3491, -2.8766,-3.04697,-2.84326, -2.8766,-2.84326]
	PARPACK diagonalization completed after 30 matrix-vector product operations.
	iteration results: : total energy is -80.003117 | electron energy -80.265466 + phonon energy 0.262349 | electron momentum kIdx = 0
The 2-th iteration is completed.	|| time cost : 0h 0m 27.636s
********************************************************************************************************************
Start the 3 rounds of NGS-ED iteration
	effective electronic model is modified as: kinetic energy t = 0.774599
	                                           effective interaction Vq = [-3.38547,-3.05094,-2.85233,-3.05094,-3.05094,-2.85233,-2.88011,-2.85233,-2.85233,-2.88011,-3.37803,-2.88011,-3.05094,-2.85233,-2.88011,-2.85233]
	PARPACK diagonalization completed after 30 matrix-vector product operations.
	iteration results: : total energy is -80.546592 | electron energy -80.844287 + phonon energy 0.297695 | electron momentum kIdx = 0
The 3-th iteration is completed.	|| time cost : 0h 0m 27.455s
********************************************************************************************************************
Start the 4 rounds of NGS-ED iteration
	effective electronic model is modified as: kinetic energy t = 0.774237
	                                           effective interaction Vq = [-3.39465,-3.04405,-2.85077,-3.04405,-3.04405,-2.85077,-2.87391,-2.85077,-2.85077,-2.87391,-3.38855,-2.87391,-3.04405,-2.85077,-2.87391,-2.85077]
	PARPACK diagonalization completed after 30 matrix-vector product operations.
	iteration results: : total energy is -80.734779 | electron energy -81.047445 + phonon energy 0.312666 | electron momentum kIdx = 0
The 4-th iteration is completed.	|| time cost : 0h 0m 27.343s
********************************************************************************************************************
Start the 5 rounds of NGS-ED iteration
	effective electronic model is modified as: kinetic energy t = 0.774721
	                                           effective interaction Vq = [-3.39803,-3.03584, -2.8466,-3.03584,-3.03584, -2.8466,-2.86633, -2.8466, -2.8466,-2.86633,-3.39266,-2.86633,-3.03584, -2.8466,-2.86633, -2.8466]
	PARPACK diagonalization completed after 30 matrix-vector product operations.
	iteration results: : total energy is -80.800294 | electron energy -81.118731 + phonon energy 0.318437 | electron momentum kIdx = 0
The 5-th iteration is completed.	|| time cost : 0h 0m 27.384s
********************************************************************************************************************
Start the 6 rounds of NGS-ED iteration
	effective electronic model is modified as: kinetic energy t = 0.775375
	                                           effective interaction Vq = [-3.39927,-3.02887,-2.84243,-3.02887,-3.02887,-2.84243,-2.85974,-2.84243,-2.84243,-2.85974,-3.39441,-2.85974,-3.02887,-2.84243,-2.85974,-2.84243]
	PARPACK diagonalization completed after 30 matrix-vector product operations.
	iteration results: : total energy is -80.823407 | electron energy -81.143576 + phonon energy 0.320169 | electron momentum kIdx = 0
The 6-th iteration is completed.	|| time cost : 0h 0m 27.364s
********************************************************************************************************************
Start the 7 rounds of NGS-ED iteration
	effective electronic model is modified as: kinetic energy t = 0.775973
	                                           effective interaction Vq = [-3.39972,-3.02354,-2.83895,-3.02354,-3.02354,-2.83895,-2.85458,-2.83895,-2.83895,-2.85458,-3.39521,-2.85458,-3.02354,-2.83895,-2.85458,-2.83895]
	PARPACK diagonalization completed after 30 matrix-vector product operations.
	iteration results: : total energy is -80.831681 | electron energy -81.151915 + phonon energy 0.320235 | electron momentum kIdx = 0
The 7-th iteration is completed.	|| time cost : 0h 0m 27.369s
********************************************************************************************************************
Start the 8 rounds of NGS-ED iteration
	effective electronic model is modified as: kinetic energy t = 0.776457
	                                           effective interaction Vq = [-3.39989,-3.01964,-2.83626,-3.01964,-3.01964,-2.83626,-2.85072,-2.83626,-2.83626,-2.85072, -3.3956,-2.85072,-3.01964,-2.83626,-2.85072,-2.83626]
	PARPACK diagonalization completed after 30 matrix-vector product operations.
	iteration results: : total energy is -80.834682 | electron energy -81.154393 + phonon energy 0.319710 | electron momentum kIdx = 0
The 8-th iteration is completed.	|| time cost : 0h 0m 27.428s
********************************************************************************************************************
Start the 9 rounds of NGS-ED iteration
	effective electronic model is modified as: kinetic energy t = 0.776824
	                                           effective interaction Vq = [-3.39995,-3.01685,-2.83426,-3.01685,-3.01685,-2.83426,-2.84792,-2.83426,-2.83426,-2.84792,-3.39579,-2.84792,-3.01685,-2.83426,-2.84792,-2.83426]
	PARPACK diagonalization completed after 30 matrix-vector product operations.
	iteration results: : total energy is -80.835784 | electron energy -81.154847 + phonon energy 0.319062 | electron momentum kIdx = 0
The 9-th iteration is completed.	|| time cost : 0h 0m 27.299s
********************************************************************************************************************
Start the 10 rounds of NGS-ED iteration
	effective electronic model is modified as: kinetic energy t = 0.777095
	                                           effective interaction Vq = [-3.39998,-3.01487,-2.83281,-3.01487,-3.01487,-2.83281,-2.84591,-2.83281,-2.83281,-2.84591,-3.39589,-2.84591,-3.01487,-2.83281,-2.84591,-2.83281]
	PARPACK diagonalization completed after 30 matrix-vector product operations.
	iteration results: : total energy is -80.836193 | electron energy -81.154665 + phonon energy 0.318472 | electron momentum kIdx = 0
	Nq(0) = 16,	Nq(1) = 0.188503,	Nq(2) = 0.269163,	Nq(3) = 0.188503,	Nq(4) = 0.188503,	Nq(5) = 0.269163,	Nq(6) = 0.394901,	Nq(7) = 0.269163,	Nq(8) = 0.269163,	Nq(9) = 0.394901,	Nq(10) = 8.03787,	Nq(11) = 0.394901,	Nq(12) = 0.188503,	Nq(13) = 0.269163,	Nq(14) = 0.394901,	Nq(15) = 0.269163,	Sq(0) = 1.17353e-18,	Sq(1) = 0.169112,	Sq(2) = 0.249183,	Sq(3) = 0.169112,	Sq(4) = 0.169112,	Sq(5) = 0.249183,	Sq(6) = 0.352567,	Sq(7) = 0.249183,	Sq(8) = 0.249183,	Sq(9) = 0.352567,	Sq(10) = 0.431722,	Sq(11) = 0.352567,	Sq(12) = 0.169112,	Sq(13) = 0.249183,	Sq(14) = 0.352567,	Sq(15) = 0.249183,	N(0) = 1.94462,	N(1) = 1.83737,	N(2) = 1,	N(3) = 1.83737,	N(4) = 1.83737,	N(5) = 1,	N(6) = 0.162628,	N(7) = 1,	N(8) = 1,	N(9) = 0.162628,	N(10) = 0.0553844,	N(11) = 0.162628,	N(12) = 1.83737,	N(13) = 1,	N(14) = 0.162628,	N(15) = 1,	Delta[s](0) = 0.441155,	Delta[s](1) = 0.394113,	Delta[s](2) = 0.375326,	Delta[s](3) = 0.394113,	Delta[s](4) = 0.394113,	Delta[s](5) = 0.375326,	Delta[s](6) = 0.348813,	Delta[s](7) = 0.375326,	Delta[s](8) = 0.375326,	Delta[s](9) = 0.348813,	Delta[s](10) = 0.328415,	Delta[s](11) = 0.348813,	Delta[s](12) = 0.394113,	Delta[s](13) = 0.375326,	Delta[s](14) = 0.348813,	Delta[s](15) = 0.375326,	Delta[d](0) = 0.169419,	Delta[d](1) = 0.154883,	Delta[d](2) = 0.174177,	Delta[d](3) = 0.154883,	Delta[d](4) = 0.154883,	Delta[d](5) = 0.109347,	Delta[d](6) = 0.120944,	Delta[d](7) = 0.109347,	Delta[d](8) = 0.174177,	Delta[d](9) = 0.120944,	Delta[d](10) = 0.0491729,	Delta[d](11) = 0.120944,	Delta[d](12) = 0.154883,	Delta[d](13) = 0.109347,	Delta[d](14) = 0.120944,	Delta[d](15) = 0.109347,	Delta[s+](0) = 0.364927,	Delta[s+](1) = 0.275878,	Delta[s+](2) = 0.174177,	Delta[s+](3) = 0.275878,	Delta[s+](4) = 0.275878,	Delta[s+](5) = 0.174177,	Delta[s+](6) = 0.0748301,	Delta[s+](7) = 0.174177,	Delta[s+](8) = 0.174177,	Delta[s+](9) = 0.0748301,	Delta[s+](10) = 0.0296527,	Delta[s+](11) = 0.0748301,	Delta[s+](12) = 0.275878,	Delta[s+](13) = 0.174177,	Delta[s+](14) = 0.0748301,	Delta[s+](15) = 0.174177
The 10-th iteration is completed.	|| time cost : 0h 4m 21.875s
********************************************************************************************************************
Start the 11 rounds of NGS-ED iteration
	effective electronic model is modified as: kinetic energy t = 0.77729
	                                           effective interaction Vq = [-3.39999,-3.01349,-2.83177,-3.01349,-3.01349,-2.83177,-2.84448,-2.83177,-2.83177,-2.84448,-3.39594,-2.84448,-3.01349,-2.83177,-2.84448,-2.83177]
	PARPACK diagonalization completed after 30 matrix-vector product operations.
	iteration results: : total energy is -80.836346 | electron energy -81.154338 + phonon energy 0.317993 | electron momentum kIdx = 0
The 11-th iteration is completed.	|| time cost : 0h 0m 27.678s
********************************************************************************************************************
Start the 12 rounds of NGS-ED iteration
	effective electronic model is modified as: kinetic energy t = 0.77743
	                                           effective interaction Vq = [-3.39999,-3.01253,-2.83104,-3.01253,-3.01253,-2.83104,-2.84348,-2.83104,-2.83104,-2.84348,-3.39597,-2.84348,-3.01253,-2.83104,-2.84348,-2.83104]
	PARPACK diagonalization completed after 30 matrix-vector product operations.
	iteration results: : total energy is -80.836404 | electron energy -81.154029 + phonon energy 0.317626 | electron momentum kIdx = 0
The 12-th iteration is completed.	|| time cost : 0h 0m 27.671s
********************************************************************************************************************
Start the 13 rounds of NGS-ED iteration
	effective electronic model is modified as: kinetic energy t = 0.777528
	                                           effective interaction Vq = [-3.39999,-3.01186,-2.83052,-3.01186,-3.01186,-2.83052,-2.84278,-2.83052,-2.83052,-2.84278,-3.39598,-2.84278,-3.01186,-2.83052,-2.84278,-2.83052]
	PARPACK diagonalization completed after 30 matrix-vector product operations.
	iteration results: : total energy is -80.836426 | electron energy -81.153780 + phonon energy 0.317355 | electron momentum kIdx = 0
The 13-th iteration is completed.	|| time cost : 0h 0m 27.415s
********************************************************************************************************************
Start the 14 rounds of NGS-ED iteration
	effective electronic model is modified as: kinetic energy t = 0.777597
	                                           effective interaction Vq = [-3.39999,-3.01139,-2.83015,-3.01139,-3.01139,-2.83015,-2.84228,-2.83015,-2.83015,-2.84228,-3.39599,-2.84228,-3.01139,-2.83015,-2.84228,-2.83015]
	PARPACK diagonalization completed after 30 matrix-vector product operations.
	iteration results: : total energy is -80.836434 | electron energy -81.153593 + phonon energy 0.317158 | electron momentum kIdx = 0
The 14-th iteration is completed.	|| time cost : 0h 0m 27.485s
********************************************************************************************************************
Start the 15 rounds of NGS-ED iteration
	effective electronic model is modified as: kinetic energy t = 0.777645
	                                           effective interaction Vq = [-3.39999,-3.01107, -2.8299,-3.01107,-3.01107, -2.8299,-2.84194, -2.8299, -2.8299,-2.84194,  -3.396,-2.84194,-3.01107, -2.8299,-2.84194, -2.8299]
	PARPACK diagonalization completed after 30 matrix-vector product operations.
	iteration results: : total energy is -80.836438 | electron energy -81.153456 + phonon energy 0.317018 | electron momentum kIdx = 0
The 15-th iteration is completed.	|| time cost : 0h 0m 27.335s
********************************************************************************************************************
Start the 16 rounds of NGS-ED iteration
	effective electronic model is modified as: kinetic energy t = 0.777679
	                                           effective interaction Vq = [-3.39999,-3.01085,-2.82972,-3.01085,-3.01085,-2.82972,-2.84171,-2.82972,-2.82972,-2.84171,  -3.396,-2.84171,-3.01085,-2.82972,-2.84171,-2.82972]
	PARPACK diagonalization completed after 30 matrix-vector product operations.
	iteration results: : total energy is -80.836439 | electron energy -81.153358 + phonon energy 0.316919 | electron momentum kIdx = 0
The 16-th iteration is completed.	|| time cost : 0h 0m 27.353s
********************************************************************************************************************
Start the 17 rounds of NGS-ED iteration
	effective electronic model is modified as: kinetic energy t = 0.777702
	                                           effective interaction Vq = [-3.39999,-3.01069, -2.8296,-3.01069,-3.01069, -2.8296,-2.84154, -2.8296, -2.8296,-2.84154,  -3.396,-2.84154,-3.01069, -2.8296,-2.84154, -2.8296]
	PARPACK diagonalization completed after 30 matrix-vector product operations.
	iteration results: : total energy is -80.836439 | electron energy -81.153289 + phonon energy 0.316850 | electron momentum kIdx = 0
The 17-th iteration is completed.	|| time cost : 0h 0m 27.386s
********************************************************************************************************************
Start the 18 rounds of NGS-ED iteration
	effective electronic model is modified as: kinetic energy t = 0.777718
	                                           effective interaction Vq = [-3.39999,-3.01059,-2.82952,-3.01059,-3.01059,-2.82952,-2.84143,-2.82952,-2.82952,-2.84143,  -3.396,-2.84143,-3.01059,-2.82952,-2.84143,-2.82952]
	PARPACK diagonalization completed after 30 matrix-vector product operations.
	iteration results: : total energy is -80.836440 | electron energy -81.153241 + phonon energy 0.316801 | electron momentum kIdx = 0
The 18-th iteration is completed.	|| time cost : 0h 0m 27.391s
********************************************************************************************************************
Start the 19 rounds of NGS-ED iteration
	effective electronic model is modified as: kinetic energy t = 0.777729
	                                           effective interaction Vq = [-3.39999,-3.01051,-2.82946,-3.01051,-3.01051,-2.82946,-2.84135,-2.82946,-2.82946,-2.84135,  -3.396,-2.84135,-3.01051,-2.82946,-2.84135,-2.82946]
	PARPACK diagonalization completed after 30 matrix-vector product operations.
	iteration results: : total energy is -80.836440 | electron energy -81.153207 + phonon energy 0.316767 | electron momentum kIdx = 0
The 19-th iteration is completed.	|| time cost : 0h 0m 27.652s
********************************************************************************************************************
Start the 20 rounds of NGS-ED iteration
	effective electronic model is modified as: kinetic energy t = 0.777737
	                                           effective interaction Vq = [-3.39999,-3.01046,-2.82942,-3.01046,-3.01046,-2.82942,-2.84129,-2.82942,-2.82942,-2.84129,  -3.396,-2.84129,-3.01046,-2.82942,-2.84129,-2.82942]
	PARPACK diagonalization completed after 30 matrix-vector product operations.
	iteration results: : total energy is -80.836440 | electron energy -81.153183 + phonon energy 0.316743 | electron momentum kIdx = 0
