TACC:  Starting up job 4130387 
TACC:  Starting parallel tasks... 
SNEDics v3.4 Non-Gaussian ED ground state program		Start at Sun Aug 11 00:16:27 2019

parallized on 32 MPI threads  * 6 OpenMP threads = 192 total threads.
********************************************************************************************************************
********************************************************************************************************************

********************************************************************************************************************
System parameters and configurations
********************************************************************************************************************
Special program options are enabled: splitted diagonal Hamiltonian
********************************************************************************************************************
Read input file "model_params.in"
	Hubbard-Holstein model parameters : 	t = 1    g = 2.1213    W = 1    
********************************************************************************************************************
Read input file "hilbertspace_params.in"
	Requested 16-site 2D lattice, with 16 electrons (8, 8)
	Boundary : Periodic		Hilbert space representation : momentum-space (restricted to kIdx = 0)
	Conservation: particle number[U(1)]      spin[U(1)]     momentum
********************************************************************************************************************

Cluster Positions:				Cluster symmetry group : D4
 x ... x ... x ... x .....                       x ... x ... x ... x .....
 |           |           :                       |           |           :
 |           |           :                       |           |           :
12    13    14    15     x                       1     5     6     5     x
 |           |           :                       |           |           :
 |           |           :                       |           |           :
 8 --- 9 ---10 ---11 --- x                       2 --- 6 ---10 --- 6 --- x
 |           |           :                       |           |           :
 |           |           :                       |           |           :
 4     5     6     7     x                       1     5     6     5     x
 |           |           :                       |           |           :
 |           |           :                       |           |           :
 0 --- 1 --- 2 --- 3 --- x                       0 --- 1 --- 2 --- 1 --- x
orbital number : 1
********************************************************************************************************************
Read input file "obs_params.in"
	Observable Type : Nq[All],   Sq[All],   N[All]
********************************************************************************************************************
** WARNING ** the input observables have non-local factors which have been reinterpreted. The total observable number is 48
********************************************************************************************************************


********************************************************************************************************************
Start calculating the non-Gaussian ED ground state
variable readin = lambdaq 	 2.12078 0.125905 0.124977 0.125905 0.125905 0.124977 0.124232 0.124977 0.124977 0.124232  2.09514 0.124232 0.125905 0.124977 0.124232 0.124977
covarX 	      1 1.00552 1.01085 1.00552 1.00552 1.01085 1.01604 1.01085 1.01085 1.01604 3.64137 1.01604 1.00552 1.01085 1.01604 1.01085

Input file varState.dat exists. Start iterations from it.
open output files: NGSEDIterationObs.txt
Start the 0 rounds of NGS-ED iteration
	effective electronic model is modified as: kinetic energy t = 0.848618
	                                           effective interaction Vq = [ -4.49991,-0.518312,-0.514608,-0.518312,-0.518312,-0.514608,-0.511633,-0.514608,-0.514608,-0.511633, -4.49923,-0.511633,-0.518312,-0.514608,-0.511633,-0.514608]
	first Hamiltonian is constructed, non-zero numbers = 9473058108
	PARPACK diagonalization completed after 30 matrix-vector product operations.
	iteration results: : total energy is -146.345 | electron energy -146.824 + phonon energy 0.479456 | electron momentum kIdx = 0
	Nq(0) = 16,	Nq(1) = 0.0109535,	Nq(2) = 0.0216208,	Nq(3) = 0.0109535,	Nq(4) = 0.0109535,	Nq(5) = 0.0216208,	Nq(6) = 0.0320615,	Nq(7) = 0.0216208,	Nq(8) = 0.0216208,	Nq(9) = 0.0320615,	Nq(10) = 15.3548,	Nq(11) = 0.0320615,	Nq(12) = 0.0109535,	Nq(13) = 0.0216208,	Nq(14) = 0.0320615,	Nq(15) = 0.0216208,	Sq(0) = 7.96976e-20,	Sq(1) = 0.0109431,	Sq(2) = 0.0215825,	Sq(3) = 0.0109431,	Sq(4) = 0.0109431,	Sq(5) = 0.0215825,	Sq(6) = 0.0319799,	Sq(7) = 0.0215825,	Sq(8) = 0.0215825,	Sq(9) = 0.0319799,	Sq(10) = 0.0421817,	Sq(11) = 0.0319799,	Sq(12) = 0.0109431,	Sq(13) = 0.0215825,	Sq(14) = 0.0319799,	Sq(15) = 0.0215825,	N(0) = 1.39758,	N(1) = 1.21259,	N(2) = 1,	N(3) = 1.21259,	N(4) = 1.21259,	N(5) = 1,	N(6) = 0.787407,	N(7) = 1,	N(8) = 1,	N(9) = 0.787407,	N(10) = 0.602417,	N(11) = 0.787407,	N(12) = 1.21259,	N(13) = 1,	N(14) = 0.787407,	N(15) = 1
The 0-th iteration is completed.	|| time cost : 0h 5m 6.44s
********************************************************************************************************************
Start the 1 rounds of NGS-ED iteration
	effective electronic model is modified as: kinetic energy t = 0.848618
	                                           effective interaction Vq = [ -4.49991,-0.518312,-0.514609,-0.518312,-0.518312,-0.514609,-0.511635,-0.514609,-0.514609,-0.511635, -4.49923,-0.511635,-0.518312,-0.514609,-0.511635,-0.514609]
	PARPACK diagonalization completed after 30 matrix-vector product operations.
********************************************************************************************************************
Ground state is obtained after 1 iterations. The current ground-state energy is -146.345, in which electron energy is -146.824 and phonon energy is 0.479456
final variational state is: 
	Gamma_x = [      1,1.00552,1.01085,1.00552,1.00552,1.01085,1.01604,1.01085,1.01085,1.01604,3.64137,1.01604,1.00552,1.01085,1.01604,1.01085]
	lambda_q = [ 2.12083,0.125905,0.124977,0.125905,0.125905,0.124977,0.124233,0.124977,0.124977,0.124233, 2.09514,0.124233,0.125905,0.124977,0.124233,0.124977]
********************************************************************************************************************
o___o  ----------------------------------------
| L |	Time since last clock: 0h 0m 7.533s
A===A	Time since the beginning: 0h 5m 13.974s
***********************************************


********************************************************************************************************************
Non-Gaussina ED ground state calculation is completed. The final ground-state energy is -146.345
********************************************************************************************************************
o___o  ----------------------------------------
| L |	Time since last clock: 0h 0m 0.001s
A===A	Time since the beginning: 0h 5m 13.975s
***********************************************



********************************************************************************************************************
All non-Gaussian ED ground state calculations have been completed. Exit now.
TACC:  Shutdown complete. Exiting. 
