TACC:  Starting up job 1744351 
TACC:  Starting parallel tasks... 
SNEDics v3.4 Non-Gaussian ED ground state program		Start at Sun Oct 11 00:48:29 2020

parallized on 16 MPI threads  * 7 OpenMP threads = 112 total threads.
********************************************************************************************************************
********************************************************************************************************************

********************************************************************************************************************
System parameters and configurations
********************************************************************************************************************
Special program options are enabled: splitted diagonal Hamiltonian
********************************************************************************************************************
Read input file "model_params.in"
	Hubbard-Holstein model parameters : 	t = 1    U = 8    g = 0.09    W = 0.2    g' = 0.09    
********************************************************************************************************************
Read input file "hilbertspace_params.in"
	Requested 16-site 2D lattice, with 14 electrons (7, 7)
	Boundary : Periodic		Hilbert space representation : momentum-space (restricted to kIdx = 0)
	Conservation: particle number[U(1)]      spin[U(1)]     momentum
********************************************************************************************************************

Cluster Positions:				Cluster symmetry group : D4
 x ... x ... x ... x .....                       x ... x ... x ... x .....
 |           |           :                       |           |           :
 |           |           :                       |           |           :
12    13    14    15     x                       1     5     6     5     x
 |           |           :                       |           |           :
 |           |           :                       |           |           :
 8 --- 9 ---10 ---11 --- x                       2 --- 6 ---10 --- 6 --- x
 |           |           :                       |           |           :
 |           |           :                       |           |           :
 4     5     6     7     x                       1     5     6     5     x
 |           |           :                       |           |           :
 |           |           :                       |           |           :
 0 --- 1 --- 2 --- 3 --- x                       0 --- 1 --- 2 --- 1 --- x
orbital number : 1
********************************************************************************************************************
Read input file "obs_params.in"
	Observable Type : Nq(All),   Sq(All),   N(All),   Delta[s](All),   Delta[d](All),   Delta[s+](All)
********************************************************************************************************************
** WARNING ** the input observables have non-local factors which have been reinterpreted. The total observable number is 96
********************************************************************************************************************


********************************************************************************************************************
Start calculating the non-Gaussian ED ground state
** WARNING ** Detected low phonon energy W < 10. The initial state will be prepared through a warm-up process.
********************************************************************************************************************
Start warm-up calculation for scaling factor 64
open output files: NGSEDWarmUpW12.8Obs.txt
********************************************************************************************************************
Start the 0 rounds of NGS-ED iteration
	effective electronic model is modified as: kinetic energy t = 1
	                                           effective interaction Vq = [0,0,0,0,0,0,0,0,0,0,0,0,0,0,0,0]
	first Hamiltonian is constructed, non-zero numbers = 2178478298
	PARPACK diagonalization completed after 165 matrix-vector product operations.
	iteration results: : total energy is -11.868836 | electron energy -11.868836 + phonon energy 0.000000 | electron momentum kIdx = 0
	Nq(0) = 12.25,	Nq(1) = 0.154193,	Nq(2) = 0.185311,	Nq(3) = 0.154193,	Nq(4) = 0.154193,	Nq(5) = 0.203281,	Nq(6) = 0.235634,	Nq(7) = 0.203281,	Nq(8) = 0.185311,	Nq(9) = 0.235634,	Nq(10) = 0.275446,	Nq(11) = 0.235634,	Nq(12) = 0.154193,	Nq(13) = 0.203281,	Nq(14) = 0.235634,	Nq(15) = 0.203281,	Sq(0) = 1.11096e-18,	Sq(1) = 0.474292,	Sq(2) = 0.766364,	Sq(3) = 0.474292,	Sq(4) = 0.474292,	Sq(5) = 0.630724,	Sq(6) = 1.05279,	Sq(7) = 0.630724,	Sq(8) = 0.766364,	Sq(9) = 1.05279,	Sq(10) = 2.56755,	Sq(11) = 1.05279,	Sq(12) = 0.474292,	Sq(13) = 0.630724,	Sq(14) = 1.05279,	Sq(15) = 0.630724,	N(0) = 1.75464,	N(1) = 1.59086,	N(2) = 0.323321,	N(3) = 1.59086,	N(4) = 1.59086,	N(5) = 0.999881,	N(6) = 0.267546,	N(7) = 0.999881,	N(8) = 0.323321,	N(9) = 0.267546,	N(10) = 0.165565,	N(11) = 0.267546,	N(12) = 1.59086,	N(13) = 0.999881,	N(14) = 0.267546,	N(15) = 0.999881,	Delta[s](0) = 0.0788859,	Delta[s](1) = 0.0590403,	Delta[s](2) = 0.0354475,	Delta[s](3) = 0.0590403,	Delta[s](4) = 0.0590403,	Delta[s](5) = 0.042268,	Delta[s](6) = 0.0196811,	Delta[s](7) = 0.042268,	Delta[s](8) = 0.0354475,	Delta[s](9) = 0.0196811,	Delta[s](10) = 0.000511331,	Delta[s](11) = 0.0196811,	Delta[s](12) = 0.0590403,	Delta[s](13) = 0.042268,	Delta[s](14) = 0.0196811,	Delta[s](15) = 0.042268,	Delta[d](0) = 0.279114,	Delta[d](1) = 0.192623,	Delta[d](2) = 0.20228,	Delta[d](3) = 0.192623,	Delta[d](4) = 0.192623,	Delta[d](5) = 0.179028,	Delta[d](6) = 0.134375,	Delta[d](7) = 0.179028,	Delta[d](8) = 0.20228,	Delta[d](9) = 0.134375,	Delta[d](10) = 0.054261,	Delta[d](11) = 0.134375,	Delta[d](12) = 0.192623,	Delta[d](13) = 0.179028,	Delta[d](14) = 0.134375,	Delta[d](15) = 0.179028,	Delta[s+](0) = 0.566677,	Delta[s+](1) = 0.421999,	Delta[s+](2) = 0.20228,	Delta[s+](3) = 0.421999,	Delta[s+](4) = 0.421999,	Delta[s+](5) = 0.295019,	Delta[s+](6) = 0.127873,	Delta[s+](7) = 0.295019,	Delta[s+](8) = 0.20228,	Delta[s+](9) = 0.127873,	Delta[s+](10) = 0.0388886,	Delta[s+](11) = 0.127873,	Delta[s+](12) = 0.421999,	Delta[s+](13) = 0.295019,	Delta[s+](14) = 0.127873,	Delta[s+](15) = 0.295019
The 0-th iteration is completed.	|| time cost : 0h 6m 29.601s
********************************************************************************************************************
Start the 1 rounds of NGS-ED iteration
	effective electronic model is modified as: kinetic energy t = 0.996735
	                                           effective interaction Vq = [ -0.934229, -0.315471,-0.0334611, -0.315471, -0.315471,-0.0338128,-0.0327504,-0.0338128,-0.0334611,-0.0327504, -0.288989,-0.0327504, -0.315471,-0.0338128,-0.0327504,-0.0338128]
	PARPACK diagonalization completed after 60 matrix-vector product operations.
	iteration results: : total energy is -23.606774 | electron energy -23.606790 + phonon energy 0.000016 | electron momentum kIdx = 0
The 1-th iteration is completed.	|| time cost : 0h 5m 13.804s
********************************************************************************************************************
Start the 2 rounds of NGS-ED iteration
	effective electronic model is modified as: kinetic energy t = 0.995541
	                                           effective interaction Vq = [  -1.00645, -0.343663,-0.0362124, -0.343663, -0.343663,-0.0366453,-0.0353285,-0.0366453,-0.0362124,-0.0353285, -0.311826,-0.0353285, -0.343663,-0.0366453,-0.0353285,-0.0366453]
	PARPACK diagonalization completed after 45 matrix-vector product operations.
	iteration results: : total energy is -24.501187 | electron energy -24.501245 + phonon energy 0.000057 | electron momentum kIdx = 0
The 2-th iteration is completed.	|| time cost : 0h 0m 24.389s
********************************************************************************************************************
Start the 3 rounds of NGS-ED iteration
	effective electronic model is modified as: kinetic energy t = 0.995312
	                                           effective interaction Vq = [  -1.01203,   -0.3479,-0.0365835,   -0.3479,   -0.3479,-0.0370382,-0.0356536,-0.0370382,-0.0365835,-0.0356536, -0.314646,-0.0356536,   -0.3479,-0.0370382,-0.0356536,-0.0370382]
	PARPACK diagonalization completed after 45 matrix-vector product operations.
	iteration results: : total energy is -24.569925 | electron energy -24.569997 + phonon energy 0.000073 | electron momentum kIdx = 0
The 3-th iteration is completed.	|| time cost : 0h 0m 24.335s
********************************************************************************************************************
Start the 4 rounds of NGS-ED iteration
	effective electronic model is modified as: kinetic energy t = 0.995271
	                                           effective interaction Vq = [  -1.01246, -0.348694,-0.0366404, -0.348694, -0.348694,-0.0371011, -0.035699,-0.0371011,-0.0366404, -0.035699, -0.315029, -0.035699, -0.348694,-0.0371011, -0.035699,-0.0371011]
	PARPACK diagonalization completed after 45 matrix-vector product operations.
	iteration results: : total energy is -24.575224 | electron energy -24.575300 + phonon energy 0.000076 | electron momentum kIdx = 0
The 4-th iteration is completed.	|| time cost : 0h 0m 24.382s
********************************************************************************************************************
Start the 5 rounds of NGS-ED iteration
	effective electronic model is modified as: kinetic energy t = 0.995263
	                                           effective interaction Vq = [   -1.0125, -0.348851,-0.0366493, -0.348851, -0.348851,-0.0371114,-0.0357055,-0.0371114,-0.0366493,-0.0357055, -0.315081,-0.0357055, -0.348851,-0.0371114,-0.0357055,-0.0371114]
	PARPACK diagonalization completed after 30 matrix-vector product operations.
	iteration results: : total energy is -24.575634 | electron energy -24.575710 + phonon energy 0.000076 | electron momentum kIdx = 0
The 5-th iteration is completed.	|| time cost : 0h 0m 21.577s
********************************************************************************************************************
Start the 6 rounds of NGS-ED iteration
	effective electronic model is modified as: kinetic energy t = 0.995261
	                                           effective interaction Vq = [   -1.0125, -0.348882,-0.0366507, -0.348882, -0.348882,-0.0371131,-0.0357064,-0.0371131,-0.0366507,-0.0357064, -0.315089,-0.0357064, -0.348882,-0.0371131,-0.0357064,-0.0371131]
	PARPACK diagonalization completed after 30 matrix-vector product operations.
	iteration results: : total energy is -24.575665 | electron energy -24.575742 + phonon energy 0.000077 | electron momentum kIdx = 0
	Nq(0) = 12.25,	Nq(1) = 0.159154,	Nq(2) = 0.186597,	Nq(3) = 0.159154,	Nq(4) = 0.159154,	Nq(5) = 0.204424,	Nq(6) = 0.23783,	Nq(7) = 0.204424,	Nq(8) = 0.186597,	Nq(9) = 0.23783,	Nq(10) = 0.284422,	Nq(11) = 0.23783,	Nq(12) = 0.159154,	Nq(13) = 0.204424,	Nq(14) = 0.23783,	Nq(15) = 0.204424,	Sq(0) = 1.68022e-18,	Sq(1) = 0.470967,	Sq(2) = 0.762563,	Sq(3) = 0.470967,	Sq(4) = 0.470967,	Sq(5) = 0.627962,	Sq(6) = 1.05218,	Sq(7) = 0.627962,	Sq(8) = 0.762563,	Sq(9) = 1.05218,	Sq(10) = 2.55719,	Sq(11) = 1.05218,	Sq(12) = 0.470967,	Sq(13) = 0.627962,	Sq(14) = 1.05218,	Sq(15) = 0.627962,	N(0) = 1.76104,	N(1) = 1.60104,	N(2) = 0.318239,	N(3) = 1.60104,	N(4) = 1.60104,	N(5) = 0.998245,	N(6) = 0.260756,	N(7) = 0.998245,	N(8) = 0.318239,	N(9) = 0.260756,	N(10) = 0.162343,	N(11) = 0.260756,	N(12) = 1.60104,	N(13) = 0.998245,	N(14) = 0.260756,	N(15) = 0.998245,	Delta[s](0) = 0.0812702,	Delta[s](1) = 0.0609452,	Delta[s](2) = 0.0367121,	Delta[s](3) = 0.0609452,	Delta[s](4) = 0.0609452,	Delta[s](5) = 0.0437953,	Delta[s](6) = 0.0205461,	Delta[s](7) = 0.0437953,	Delta[s](8) = 0.0367121,	Delta[s](9) = 0.0205461,	Delta[s](10) = 0.000783994,	Delta[s](11) = 0.0205461,	Delta[s](12) = 0.0609452,	Delta[s](13) = 0.0437953,	Delta[s](14) = 0.0205461,	Delta[s](15) = 0.0437953,	Delta[d](0) = 0.289004,	Delta[d](1) = 0.194698,	Delta[d](2) = 0.20412,	Delta[d](3) = 0.194698,	Delta[d](4) = 0.194698,	Delta[d](5) = 0.180857,	Delta[d](6) = 0.134959,	Delta[d](7) = 0.180857,	Delta[d](8) = 0.20412,	Delta[d](9) = 0.134959,	Delta[d](10) = 0.0549171,	Delta[d](11) = 0.134959,	Delta[d](12) = 0.194698,	Delta[d](13) = 0.180857,	Delta[d](14) = 0.134959,	Delta[d](15) = 0.180857,	Delta[s+](0) = 0.573996,	Delta[s+](1) = 0.427394,	Delta[s+](2) = 0.20412,	Delta[s+](3) = 0.427394,	Delta[s+](4) = 0.427394,	Delta[s+](5) = 0.298226,	Delta[s+](6) = 0.12863,	Delta[s+](7) = 0.298226,	Delta[s+](8) = 0.20412,	Delta[s+](9) = 0.12863,	Delta[s+](10) = 0.0388351,	Delta[s+](11) = 0.12863,	Delta[s+](12) = 0.427394,	Delta[s+](13) = 0.298226,	Delta[s+](14) = 0.12863,	Delta[s+](15) = 0.298226
The 6-th iteration is completed.	|| time cost : 0h 3m 58.251s
********************************************************************************************************************
********************************************************************************************************************
Ground state is obtained after 7 iterations. The current ground-state energy is -24.5757, in which electron energy is -24.5757 and phonon energy is 7.65255e-05
final variational state is: 
	Gamma_x = [      1,1.00149,1.00025,1.00149,1.00149,1.00027,1.00034,1.00027,1.00025,1.00034,1.00378,1.00034,1.00149,1.00027,1.00034,1.00027]
	lambda_q = [  0.281214,  0.133827,  0.038909,  0.133827,  0.133827,  0.039984,-0.0368983,  0.039984,  0.038909,-0.0368983,  -0.10662,-0.0368983,  0.133827,  0.039984,-0.0368983,  0.039984]
The effective e-e interactions mediated by phonons are: [   1.0125, 0.348889,0.0366509, 0.348889, 0.348889,0.0371134,0.0357065,0.0371134,0.0366509,0.0357065,  0.31509,0.0357065, 0.348889,0.0371134,0.0357065,0.0371134]
The real-space interactions mediated by phonons are: [ -3.08773, -1.18816,-0.351373, -1.00324, -1.32377, -1.34223,-0.351373,-0.369771, -1.25244,-0.369771,-0.351373, -1.34223, -1.32377, -1.00324,-0.351373, -1.18816]
********************************************************************************************************************
o___o  ----------------------------------------
| L |	Time since last clock: 0h 0m 0s
A===A	Time since the beginning: 0h 17m 16.343s
***********************************************

********************************************************************************************************************
Start warm-up calculation for scaling factor 32
open output files: NGSEDWarmUpW6.4Obs.txt
********************************************************************************************************************
Start the 0 rounds of NGS-ED iteration
	effective electronic model is modified as: kinetic energy t = 0.995261
	                                           effective interaction Vq = [ -0.925587, -0.294179,-0.0299294, -0.294179, -0.294179,-0.0304813,-0.0288576,-0.0304813,-0.0299294,-0.0288576, -0.252938,-0.0288576, -0.294179,-0.0304813,-0.0288576,-0.0304813]
	PARPACK diagonalization completed after 60 matrix-vector product operations.
	iteration results: : total energy is -23.444245 | electron energy -23.444283 + phonon energy 0.000038 | electron momentum kIdx = 0
	Nq(0) = 12.25,	Nq(1) = 0.158286,	Nq(2) = 0.18624,	Nq(3) = 0.158286,	Nq(4) = 0.158286,	Nq(5) = 0.204065,	Nq(6) = 0.237263,	Nq(7) = 0.204065,	Nq(8) = 0.18624,	Nq(9) = 0.237263,	Nq(10) = 0.282452,	Nq(11) = 0.237263,	Nq(12) = 0.158286,	Nq(13) = 0.204065,	Nq(14) = 0.237263,	Nq(15) = 0.204065,	Sq(0) = 2.71012e-18,	Sq(1) = 0.471442,	Sq(2) = 0.763348,	Sq(3) = 0.471442,	Sq(4) = 0.471442,	Sq(5) = 0.628501,	Sq(6) = 1.05273,	Sq(7) = 0.628501,	Sq(8) = 0.763348,	Sq(9) = 1.05273,	Sq(10) = 2.55922,	Sq(11) = 1.05273,	Sq(12) = 0.471442,	Sq(13) = 0.628501,	Sq(14) = 1.05273,	Sq(15) = 0.628501,	N(0) = 1.75963,	N(1) = 1.59885,	N(2) = 0.319494,	N(3) = 1.59885,	N(4) = 1.59885,	N(5) = 0.998514,	N(6) = 0.262189,	N(7) = 0.998514,	N(8) = 0.319494,	N(9) = 0.262189,	N(10) = 0.163155,	N(11) = 0.262189,	N(12) = 1.59885,	N(13) = 0.998514,	N(14) = 0.262189,	N(15) = 0.998514,	Delta[s](0) = 0.0805911,	Delta[s](1) = 0.0604519,	Delta[s](2) = 0.0364542,	Delta[s](3) = 0.0604519,	Delta[s](4) = 0.0604519,	Delta[s](5) = 0.0434422,	Delta[s](6) = 0.0204345,	Delta[s](7) = 0.0434422,	Delta[s](8) = 0.0364542,	Delta[s](9) = 0.0204345,	Delta[s](10) = 0.000879988,	Delta[s](11) = 0.0204345,	Delta[s](12) = 0.0604519,	Delta[s](13) = 0.0434422,	Delta[s](14) = 0.0204345,	Delta[s](15) = 0.0434422,	Delta[d](0) = 0.290772,	Delta[d](1) = 0.197075,	Delta[d](2) = 0.206445,	Delta[d](3) = 0.197075,	Delta[d](4) = 0.197075,	Delta[d](5) = 0.182969,	Delta[d](6) = 0.136727,	Delta[d](7) = 0.182969,	Delta[d](8) = 0.206445,	Delta[d](9) = 0.136727,	Delta[d](10) = 0.0556451,	Delta[d](11) = 0.136727,	Delta[d](12) = 0.197075,	Delta[d](13) = 0.182969,	Delta[d](14) = 0.136727,	Delta[d](15) = 0.182969,	Delta[s+](0) = 0.579558,	Delta[s+](1) = 0.431578,	Delta[s+](2) = 0.206445,	Delta[s+](3) = 0.431578,	Delta[s+](4) = 0.431578,	Delta[s+](5) = 0.301308,	Delta[s+](6) = 0.130235,	Delta[s+](7) = 0.301308,	Delta[s+](8) = 0.206445,	Delta[s+](9) = 0.130235,	Delta[s+](10) = 0.0394825,	Delta[s+](11) = 0.130235,	Delta[s+](12) = 0.431578,	Delta[s+](13) = 0.301308,	Delta[s+](14) = 0.130235,	Delta[s+](15) = 0.301308
The 0-th iteration is completed.	|| time cost : 0h 4m 4.305s
********************************************************************************************************************
Start the 1 rounds of NGS-ED iteration
	effective electronic model is modified as: kinetic energy t = 0.994584
	                                           effective interaction Vq = [ -0.988335, -0.312019,-0.0310547, -0.312019, -0.312019,-0.0317915,-0.0296171,-0.0317915,-0.0310547,-0.0296171, -0.257285,-0.0296171, -0.312019,-0.0317915,-0.0296171,-0.0317915]
	PARPACK diagonalization completed after 45 matrix-vector product operations.
	iteration results: : total energy is -24.215982 | electron energy -24.216111 + phonon energy 0.000128 | electron momentum kIdx = 0
The 1-th iteration is completed.	|| time cost : 0h 0m 24.456s
********************************************************************************************************************
Start the 2 rounds of NGS-ED iteration
	effective electronic model is modified as: kinetic energy t = 0.994327
	                                           effective interaction Vq = [  -1.00578, -0.318155,-0.0313797, -0.318155, -0.318155,-0.0321841,-0.0298196,-0.0321841,-0.0313797,-0.0298196, -0.258498,-0.0298196, -0.318155,-0.0321841,-0.0298196,-0.0321841]
	PARPACK diagonalization completed after 45 matrix-vector product operations.
	iteration results: : total energy is -24.430135 | electron energy -24.430314 + phonon energy 0.000179 | electron momentum kIdx = 0
The 2-th iteration is completed.	|| time cost : 0h 0m 24.446s
********************************************************************************************************************
Start the 3 rounds of NGS-ED iteration
	effective electronic model is modified as: kinetic energy t = 0.994232
	                                           effective interaction Vq = [  -1.01063, -0.320403,-0.0314762, -0.320403, -0.320403,-0.0323056,-0.0298746,-0.0323056,-0.0314762,-0.0298746, -0.258845,-0.0298746, -0.320403,-0.0323056,-0.0298746,-0.0323056]
	PARPACK diagonalization completed after 45 matrix-vector product operations.
	iteration results: : total energy is -24.489619 | electron energy -24.489820 + phonon energy 0.000201 | electron momentum kIdx = 0
The 3-th iteration is completed.	|| time cost : 0h 0m 24.389s
********************************************************************************************************************
Start the 4 rounds of NGS-ED iteration
	effective electronic model is modified as: kinetic energy t = 0.994197
	                                           effective interaction Vq = [  -1.01198, -0.321249,-0.0315051, -0.321249, -0.321249,-0.0323436,-0.0298896,-0.0323436,-0.0315051,-0.0298896, -0.258945,-0.0298896, -0.321249,-0.0323436,-0.0298896,-0.0323436]
	PARPACK diagonalization completed after 45 matrix-vector product operations.
	iteration results: : total energy is -24.506149 | electron energy -24.506359 + phonon energy 0.000210 | electron momentum kIdx = 0
The 4-th iteration is completed.	|| time cost : 0h 0m 24.337s
********************************************************************************************************************
Start the 5 rounds of NGS-ED iteration
	effective electronic model is modified as: kinetic energy t = 0.994184
	                                           effective interaction Vq = [  -1.01236, -0.321571,-0.0315138, -0.321571, -0.321571,-0.0323556,-0.0298938,-0.0323556,-0.0315138,-0.0298938, -0.258975,-0.0298938, -0.321571,-0.0323556,-0.0298938,-0.0323556]
	PARPACK diagonalization completed after 30 matrix-vector product operations.
	iteration results: : total energy is -24.510744 | electron energy -24.510958 + phonon energy 0.000213 | electron momentum kIdx = 0
The 5-th iteration is completed.	|| time cost : 0h 0m 21.578s
********************************************************************************************************************
Start the 6 rounds of NGS-ED iteration
	effective electronic model is modified as: kinetic energy t = 0.994179
	                                           effective interaction Vq = [  -1.01246, -0.321694,-0.0315164, -0.321694, -0.321694,-0.0323593,-0.0298949,-0.0323593,-0.0315164,-0.0298949, -0.258983,-0.0298949, -0.321694,-0.0323593,-0.0298949,-0.0323593]
	PARPACK diagonalization completed after 30 matrix-vector product operations.
	iteration results: : total energy is -24.512022 | electron energy -24.512236 + phonon energy 0.000215 | electron momentum kIdx = 0
The 6-th iteration is completed.	|| time cost : 0h 0m 21.563s
********************************************************************************************************************
Start the 7 rounds of NGS-ED iteration
	effective electronic model is modified as: kinetic energy t = 0.994177
	                                           effective interaction Vq = [  -1.01249, -0.321741,-0.0315172, -0.321741, -0.321741,-0.0323605,-0.0298952,-0.0323605,-0.0315172,-0.0298952, -0.258986,-0.0298952, -0.321741,-0.0323605,-0.0298952,-0.0323605]
	PARPACK diagonalization completed after 30 matrix-vector product operations.
	iteration results: : total energy is -24.512377 | electron energy -24.512592 + phonon energy 0.000215 | electron momentum kIdx = 0
The 7-th iteration is completed.	|| time cost : 0h 0m 21.596s
********************************************************************************************************************
Start the 8 rounds of NGS-ED iteration
	effective electronic model is modified as: kinetic energy t = 0.994176
	                                           effective interaction Vq = [   -1.0125, -0.321759,-0.0315174, -0.321759, -0.321759,-0.0323609,-0.0298953,-0.0323609,-0.0315174,-0.0298953, -0.258987,-0.0298953, -0.321759,-0.0323609,-0.0298953,-0.0323609]
	PARPACK diagonalization completed after 30 matrix-vector product operations.
	iteration results: : total energy is -24.512476 | electron energy -24.512691 + phonon energy 0.000215 | electron momentum kIdx = 0
	Nq(0) = 12.25,	Nq(1) = 0.158617,	Nq(2) = 0.186194,	Nq(3) = 0.158617,	Nq(4) = 0.158617,	Nq(5) = 0.203971,	Nq(6) = 0.237201,	Nq(7) = 0.203971,	Nq(8) = 0.186194,	Nq(9) = 0.237201,	Nq(10) = 0.282527,	Nq(11) = 0.237201,	Nq(12) = 0.158617,	Nq(13) = 0.203971,	Nq(14) = 0.237201,	Nq(15) = 0.203971,	Sq(0) = -1.26764e-19,	Sq(1) = 0.471136,	Sq(2) = 0.76324,	Sq(3) = 0.471136,	Sq(4) = 0.471136,	Sq(5) = 0.628403,	Sq(6) = 1.05311,	Sq(7) = 0.628403,	Sq(8) = 0.76324,	Sq(9) = 1.05311,	Sq(10) = 2.55884,	Sq(11) = 1.05311,	Sq(12) = 0.471136,	Sq(13) = 0.628403,	Sq(14) = 1.05311,	Sq(15) = 0.628403,	N(0) = 1.75968,	N(1) = 1.59905,	N(2) = 0.319575,	N(3) = 1.59905,	N(4) = 1.59905,	N(5) = 0.998366,	N(6) = 0.262068,	N(7) = 0.998366,	N(8) = 0.319575,	N(9) = 0.262068,	N(10) = 0.163245,	N(11) = 0.262068,	N(12) = 1.59905,	N(13) = 0.998366,	N(14) = 0.262068,	N(15) = 0.998366,	Delta[s](0) = 0.0805683,	Delta[s](1) = 0.0604533,	Delta[s](2) = 0.0364795,	Delta[s](3) = 0.0604533,	Delta[s](4) = 0.0604533,	Delta[s](5) = 0.04346,	Delta[s](6) = 0.0204775,	Delta[s](7) = 0.04346,	Delta[s](8) = 0.0364795,	Delta[s](9) = 0.0204775,	Delta[s](10) = 0.000946916,	Delta[s](11) = 0.0204775,	Delta[s](12) = 0.0604533,	Delta[s](13) = 0.04346,	Delta[s](14) = 0.0204775,	Delta[s](15) = 0.04346,	Delta[d](0) = 0.294993,	Delta[d](1) = 0.199738,	Delta[d](2) = 0.209087,	Delta[d](3) = 0.199738,	Delta[d](4) = 0.199738,	Delta[d](5) = 0.185369,	Delta[d](6) = 0.13849,	Delta[d](7) = 0.185369,	Delta[d](8) = 0.209087,	Delta[d](9) = 0.13849,	Delta[d](10) = 0.0564591,	Delta[d](11) = 0.13849,	Delta[d](12) = 0.199738,	Delta[d](13) = 0.185369,	Delta[d](14) = 0.13849,	Delta[d](15) = 0.185369,	Delta[s+](0) = 0.586755,	Delta[s+](1) = 0.436944,	Delta[s+](2) = 0.209087,	Delta[s+](3) = 0.436944,	Delta[s+](4) = 0.436944,	Delta[s+](5) = 0.305045,	Delta[s+](6) = 0.131904,	Delta[s+](7) = 0.305045,	Delta[s+](8) = 0.209087,	Delta[s+](9) = 0.131904,	Delta[s+](10) = 0.0400334,	Delta[s+](11) = 0.131904,	Delta[s+](12) = 0.436944,	Delta[s+](13) = 0.305045,	Delta[s+](14) = 0.131904,	Delta[s+](15) = 0.305045
The 8-th iteration is completed.	|| time cost : 0h 3m 58.269s
********************************************************************************************************************
********************************************************************************************************************
Ground state is obtained after 9 iterations. The current ground-state energy is -24.5125, in which electron energy is -24.5127 and phonon energy is 0.000215475
final variational state is: 
	Gamma_x = [      1,1.00408,1.00059,1.00408,1.00408,1.00064,1.00075,1.00064,1.00059,1.00075,1.00803,1.00075,1.00408,1.00064,1.00075,1.00064]
	lambda_q = [   0.39738,  0.156935,  0.042086,  0.156935,  0.156935, 0.0438883,-0.0388435, 0.0438883,  0.042086,-0.0388435, -0.110249,-0.0388435,  0.156935, 0.0438883,-0.0388435, 0.0438883]
The effective e-e interactions mediated by phonons are: [   1.0125, 0.321766,0.0315175, 0.321766, 0.321766, 0.032361,0.0298953, 0.032361,0.0315175,0.0298953, 0.258987,0.0298953, 0.321766, 0.032361,0.0298953, 0.032361]
The real-space interactions mediated by phonons are: [ -2.87061, -1.20148,-0.400484,-0.983868, -1.33725, -1.29979,-0.400484,-0.438789, -1.20508,-0.438789,-0.400484, -1.29979, -1.33725,-0.983868,-0.400484, -1.20148]
********************************************************************************************************************
o___o  ----------------------------------------
| L |	Time since last clock: 0h 0m 0s
A===A	Time since the beginning: 0h 28m 1.287s
***********************************************

********************************************************************************************************************
Start warm-up calculation for scaling factor 16
open output files: NGSEDWarmUpW3.2Obs.txt
********************************************************************************************************************
Start the 0 rounds of NGS-ED iteration
	effective electronic model is modified as: kinetic energy t = 0.994176
	                                           effective interaction Vq = [ -0.925254, -0.260168, -0.024634, -0.260168, -0.260168,-0.0254358,-0.0231391,-0.0254358, -0.024634,-0.0231391, -0.199243,-0.0231391, -0.260168,-0.0254358,-0.0231391,-0.0254358]
	PARPACK diagonalization completed after 60 matrix-vector product operations.
	iteration results: : total energy is -23.373458 | electron energy -23.373565 + phonon energy 0.000108 | electron momentum kIdx = 0
	Nq(0) = 12.25,	Nq(1) = 0.157661,	Nq(2) = 0.185836,	Nq(3) = 0.157661,	Nq(4) = 0.157661,	Nq(5) = 0.203619,	Nq(6) = 0.236633,	Nq(7) = 0.203619,	Nq(8) = 0.185836,	Nq(9) = 0.236633,	Nq(10) = 0.280619,	Nq(11) = 0.236633,	Nq(12) = 0.157661,	Nq(13) = 0.203619,	Nq(14) = 0.236633,	Nq(15) = 0.203619,	Sq(0) = 3.90396e-19,	Sq(1) = 0.471694,	Sq(2) = 0.764061,	Sq(3) = 0.471694,	Sq(4) = 0.471694,	Sq(5) = 0.628972,	Sq(6) = 1.05359,	Sq(7) = 0.628972,	Sq(8) = 0.764061,	Sq(9) = 1.05359,	Sq(10) = 2.56089,	Sq(11) = 1.05359,	Sq(12) = 0.471694,	Sq(13) = 0.628972,	Sq(14) = 1.05359,	Sq(15) = 0.628972,	N(0) = 1.75821,	N(1) = 1.59678,	N(2) = 0.320876,	N(3) = 1.59678,	N(4) = 1.59678,	N(5) = 0.998671,	N(6) = 0.263546,	N(7) = 0.998671,	N(8) = 0.320876,	N(9) = 0.263546,	N(10) = 0.164056,	N(11) = 0.263546,	N(12) = 1.59678,	N(13) = 0.998671,	N(14) = 0.263546,	N(15) = 0.998671,	Delta[s](0) = 0.0799948,	Delta[s](1) = 0.0600069,	Delta[s](2) = 0.0362016,	Delta[s](3) = 0.0600069,	Delta[s](4) = 0.0600069,	Delta[s](5) = 0.0431069,	Delta[s](6) = 0.0202992,	Delta[s](7) = 0.0431069,	Delta[s](8) = 0.0362016,	Delta[s](9) = 0.0202992,	Delta[s](10) = 0.000921092,	Delta[s](11) = 0.0202992,	Delta[s](12) = 0.0600069,	Delta[s](13) = 0.0431069,	Delta[s](14) = 0.0202992,	Delta[s](15) = 0.0431069,	Delta[d](0) = 0.296848,	Delta[d](1) = 0.202068,	Delta[d](2) = 0.211467,	Delta[d](3) = 0.202068,	Delta[d](4) = 0.202068,	Delta[d](5) = 0.187486,	Delta[d](6) = 0.14025,	Delta[d](7) = 0.187486,	Delta[d](8) = 0.211467,	Delta[d](9) = 0.14025,	Delta[d](10) = 0.0571422,	Delta[d](11) = 0.14025,	Delta[d](12) = 0.202068,	Delta[d](13) = 0.187486,	Delta[d](14) = 0.14025,	Delta[d](15) = 0.187486,	Delta[s+](0) = 0.592679,	Delta[s+](1) = 0.441385,	Delta[s+](2) = 0.211467,	Delta[s+](3) = 0.441385,	Delta[s+](4) = 0.441385,	Delta[s+](5) = 0.308288,	Delta[s+](6) = 0.133517,	Delta[s+](7) = 0.308288,	Delta[s+](8) = 0.211467,	Delta[s+](9) = 0.133517,	Delta[s+](10) = 0.0406341,	Delta[s+](11) = 0.133517,	Delta[s+](12) = 0.441385,	Delta[s+](13) = 0.308288,	Delta[s+](14) = 0.133517,	Delta[s+](15) = 0.308288
The 0-th iteration is completed.	|| time cost : 0h 4m 5.896s
********************************************************************************************************************
Start the 1 rounds of NGS-ED iteration
	effective electronic model is modified as: kinetic energy t = 0.994257
	                                           effective interaction Vq = [ -0.966496, -0.264674,-0.0242032, -0.264674, -0.264674,-0.0251815,-0.0223886,-0.0251815,-0.0242032,-0.0223886,  -0.19045,-0.0223886, -0.264674,-0.0251815,-0.0223886,-0.0251815]
	PARPACK diagonalization completed after 45 matrix-vector product operations.
	iteration results: : total energy is -23.879230 | electron energy -23.879457 + phonon energy 0.000227 | electron momentum kIdx = 0
The 1-th iteration is completed.	|| time cost : 0h 0m 24.363s
********************************************************************************************************************
Start the 2 rounds of NGS-ED iteration
	effective electronic model is modified as: kinetic energy t = 0.994253
	                                           effective interaction Vq = [ -0.988242, -0.267059,-0.0240255, -0.267059, -0.267059,-0.0250719, -0.022107,-0.0250719,-0.0240255, -0.022107, -0.187492, -0.022107, -0.267059,-0.0250719, -0.022107,-0.0250719]
	PARPACK diagonalization completed after 45 matrix-vector product operations.
	iteration results: : total energy is -24.145737 | electron energy -24.146042 + phonon energy 0.000305 | electron momentum kIdx = 0
The 2-th iteration is completed.	|| time cost : 0h 0m 24.361s
********************************************************************************************************************
Start the 3 rounds of NGS-ED iteration
	effective electronic model is modified as: kinetic energy t = 0.994236
	                                           effective interaction Vq = [ -0.999709, -0.268334,-0.0239528, -0.268334, -0.268334,-0.0250248,-0.0220024,-0.0250248,-0.0239528,-0.0220024,  -0.18652,-0.0220024, -0.268334,-0.0250248,-0.0220024,-0.0250248]
	PARPACK diagonalization completed after 45 matrix-vector product operations.
	iteration results: : total energy is -24.286232 | electron energy -24.286584 + phonon energy 0.000351 | electron momentum kIdx = 0
The 3-th iteration is completed.	|| time cost : 0h 0m 24.428s
********************************************************************************************************************
Start the 4 rounds of NGS-ED iteration
	effective electronic model is modified as: kinetic energy t = 0.994221
	                                           effective interaction Vq = [  -1.00576,  -0.26902,-0.0239232,  -0.26902,  -0.26902,-0.0250047,-0.0219638,-0.0250047,-0.0239232,-0.0219638, -0.186207,-0.0219638,  -0.26902,-0.0250047,-0.0219638,-0.0250047]
	PARPACK diagonalization completed after 45 matrix-vector product operations.
	iteration results: : total energy is -24.360308 | electron energy -24.360686 + phonon energy 0.000378 | electron momentum kIdx = 0
The 4-th iteration is completed.	|| time cost : 0h 0m 24.452s
********************************************************************************************************************
Start the 5 rounds of NGS-ED iteration
	effective electronic model is modified as: kinetic energy t = 0.994211
	                                           effective interaction Vq = [  -1.00894, -0.269391,-0.0239111, -0.269391, -0.269391,-0.0249962,-0.0219496,-0.0249962,-0.0239111,-0.0219496, -0.186109,-0.0219496, -0.269391,-0.0249962,-0.0219496,-0.0249962]
	PARPACK diagonalization completed after 30 matrix-vector product operations.
	iteration results: : total energy is -24.399365 | electron energy -24.399759 + phonon energy 0.000394 | electron momentum kIdx = 0
The 5-th iteration is completed.	|| time cost : 0h 0m 21.631s
********************************************************************************************************************
Start the 6 rounds of NGS-ED iteration
	effective electronic model is modified as: kinetic energy t = 0.994206
	                                           effective interaction Vq = [  -1.01062, -0.269593,-0.0239063, -0.269593, -0.269593,-0.0249926,-0.0219444,-0.0249926,-0.0239063,-0.0219444, -0.186081,-0.0219444, -0.269593,-0.0249926,-0.0219444,-0.0249926]
	PARPACK diagonalization completed after 30 matrix-vector product operations.
	iteration results: : total energy is -24.419960 | electron energy -24.420362 + phonon energy 0.000403 | electron momentum kIdx = 0
The 6-th iteration is completed.	|| time cost : 0h 0m 21.612s
********************************************************************************************************************
Start the 7 rounds of NGS-ED iteration
	effective electronic model is modified as: kinetic energy t = 0.994202
	                                           effective interaction Vq = [  -1.01151, -0.269703,-0.0239043, -0.269703, -0.269703,-0.0249911,-0.0219425,-0.0249911,-0.0239043,-0.0219425, -0.186073,-0.0219425, -0.269703,-0.0249911,-0.0219425,-0.0249911]
	PARPACK diagonalization completed after 30 matrix-vector product operations.
	iteration results: : total energy is -24.430819 | electron energy -24.431226 + phonon energy 0.000408 | electron momentum kIdx = 0
The 7-th iteration is completed.	|| time cost : 0h 0m 21.578s
********************************************************************************************************************
Start the 8 rounds of NGS-ED iteration
	effective electronic model is modified as: kinetic energy t = 0.9942
	                                           effective interaction Vq = [  -1.01198, -0.269763,-0.0239035, -0.269763, -0.269763,-0.0249904,-0.0219418,-0.0249904,-0.0239035,-0.0219418, -0.186072,-0.0219418, -0.269763,-0.0249904,-0.0219418,-0.0249904]
	PARPACK diagonalization completed after 30 matrix-vector product operations.
	iteration results: : total energy is -24.436545 | electron energy -24.436955 + phonon energy 0.000411 | electron momentum kIdx = 0
The 8-th iteration is completed.	|| time cost : 0h 0m 21.57s
********************************************************************************************************************
Start the 9 rounds of NGS-ED iteration
	effective electronic model is modified as: kinetic energy t = 0.994199
	                                           effective interaction Vq = [  -1.01223, -0.269796,-0.0239032, -0.269796, -0.269796,-0.0249902,-0.0219416,-0.0249902,-0.0239032,-0.0219416, -0.186072,-0.0219416, -0.269796,-0.0249902,-0.0219416,-0.0249902]
	PARPACK diagonalization completed after 30 matrix-vector product operations.
	iteration results: : total energy is -24.439564 | electron energy -24.439976 + phonon energy 0.000412 | electron momentum kIdx = 0
The 9-th iteration is completed.	|| time cost : 0h 0m 21.558s
********************************************************************************************************************
Start the 10 rounds of NGS-ED iteration
	effective electronic model is modified as: kinetic energy t = 0.994199
	                                           effective interaction Vq = [  -1.01236, -0.269814,-0.0239031, -0.269814, -0.269814,-0.0249901,-0.0219415,-0.0249901,-0.0239031,-0.0219415, -0.186073,-0.0219415, -0.269814,-0.0249901,-0.0219415,-0.0249901]
	PARPACK diagonalization completed after 30 matrix-vector product operations.
	iteration results: : total energy is -24.441156 | electron energy -24.441569 + phonon energy 0.000413 | electron momentum kIdx = 0
The 10-th iteration is completed.	|| time cost : 0h 0m 21.624s
********************************************************************************************************************
Start the 11 rounds of NGS-ED iteration
	effective electronic model is modified as: kinetic energy t = 0.994198
	                                           effective interaction Vq = [  -1.01242, -0.269824, -0.023903, -0.269824, -0.269824,  -0.02499,-0.0219414,  -0.02499, -0.023903,-0.0219414, -0.186073,-0.0219414, -0.269824,  -0.02499,-0.0219414,  -0.02499]
	PARPACK diagonalization completed after 30 matrix-vector product operations.
	iteration results: : total energy is -24.441995 | electron energy -24.442409 + phonon energy 0.000414 | electron momentum kIdx = 0
The 11-th iteration is completed.	|| time cost : 0h 0m 21.6s
********************************************************************************************************************
Start the 12 rounds of NGS-ED iteration
	effective electronic model is modified as: kinetic energy t = 0.994198
	                                           effective interaction Vq = [  -1.01246, -0.269829, -0.023903, -0.269829, -0.269829,  -0.02499,-0.0219414,  -0.02499, -0.023903,-0.0219414, -0.186073,-0.0219414, -0.269829,  -0.02499,-0.0219414,  -0.02499]
	PARPACK diagonalization completed after 30 matrix-vector product operations.
	iteration results: : total energy is -24.442438 | electron energy -24.442852 + phonon energy 0.000414 | electron momentum kIdx = 0
The 12-th iteration is completed.	|| time cost : 0h 0m 21.591s
********************************************************************************************************************
Start the 13 rounds of NGS-ED iteration
	effective electronic model is modified as: kinetic energy t = 0.994198
	                                           effective interaction Vq = [  -1.01248, -0.269832, -0.023903, -0.269832, -0.269832,  -0.02499,-0.0219414,  -0.02499, -0.023903,-0.0219414, -0.186073,-0.0219414, -0.269832,  -0.02499,-0.0219414,  -0.02499]
	PARPACK diagonalization completed after 30 matrix-vector product operations.
	iteration results: : total energy is -24.442671 | electron energy -24.443085 + phonon energy 0.000414 | electron momentum kIdx = 0
