SNEDics v3.2 diagonalization test program		Start at Fri May  3 19:46:10 2019

parallized on 80 MPI threads  * 6 OpenMP threads = 480 total threads.
************************************************************************************
************************************************************************************

Input file "model_params.in"
Hubbard-Holstein model parameters : 	t = 1    U = 3    g = 1.2247    W = 1    
************************************************************************************
Input file "hilbertspace_params.in"

Cluster Positions:				Cluster symmetry group : D4
 x ... x ... x ... x .....                       x ... x ... x ... x .....
 |           |           :                       |           |           :
 |           |           :                       |           |           :
12    13    14    15     x                       1     5     6     5     x
 |           |           :                       |           |           :
 |           |           :                       |           |           :
 8 --- 9 ---10 ---11 --- x                       2 --- 6 ---10 --- 6 --- x
 |           |           :                       |           |           :
 |           |           :                       |           |           :
 4     5     6     7     x                       1     5     6     5     x
 |           |           :                       |           |           :
 |           |           :                       |           |           :
 0 --- 1 --- 2 --- 3 --- x                       0 --- 1 --- 2 --- 1 --- x
orbital number : 1
************************************************************************************
** NOTE ** Detected low phonon energy W < 10. The initial state will be prepared through a warm-up process.
starting warm-up calculation for scaling factor 16
0 rounds of non-Gaussian ED iteration : ground-state energy is -15.6367 | electron energy -15.6367 + phonon energy 0 | electron momentum kIdx = 0
Nq = 	16	0.197474	0.272632	0.197474	0.197474	0.272632	0.377802	0.272632	0.272632	0.377802	0.449031	0.377802	0.197474	0.272632	0.377802	0.272632
Sq = 	5.12778e-19	0.422553	0.613841	0.422553	0.422553	0.613841	0.765373	0.613841	0.613841	0.765373	3.17932	0.765373	0.422553	0.613841	0.765373	0.613841
1 rounds of non-Gaussian ED iteration : ground-state energy is -44.9574 | electron energy -44.9594 + phonon energy 0.00205999 | electron momentum kIdx = 0
Nq = 	16	0.352665	0.366273	0.352665	0.352665	0.366273	0.588011	0.366273	0.366273	0.588011	0.606395	0.588011	0.352665	0.366273	0.588011	0.366273
Sq = 	1.72655e-18	0.383445	0.554227	0.383445	0.383445	0.554227	0.642861	0.554227	0.554227	0.642861	2.00268	0.642861	0.383445	0.554227	0.642861	0.554227
2 rounds of non-Gaussian ED iteration : ground-state energy is -46.1761 | electron energy -46.1835 + phonon energy 0.00734308 | electron momentum kIdx = 0
Nq = 	16	0.369191	0.371401	0.369191	0.369191	0.371401	0.611392	0.371401	0.371401	0.611392	0.6158	0.611392	0.369191	0.371401	0.611392	0.371401
Sq = 	-9.68259e-18	0.377937	0.546402	0.377937	0.377937	0.546402	0.631377	0.546402	0.546402	0.631377	1.91779	0.631377	0.377937	0.546402	0.631377	0.546402
3 rounds of non-Gaussian ED iteration : ground-state energy is -46.2233 | electron energy -46.2323 + phonon energy 0.00902487 | electron momentum kIdx = 0
Nq = 	16	0.371159	0.371974	0.371159	0.371159	0.371974	0.61457	0.371974	0.371974	0.61457	0.616887	0.61457	0.371159	0.371974	0.61457	0.371974
Sq = 	8.66474e-19	0.377212	0.545387	0.377212	0.377212	0.545387	0.629935	0.545387	0.545387	0.629935	1.90744	0.629935	0.377212	0.545387	0.629935	0.545387
4 rounds of non-Gaussian ED iteration : ground-state energy is -46.2251 | electron energy -46.2345 + phonon energy 0.00935206 | electron momentum kIdx = 0
Nq = 	16	0.371473	0.372056	0.371473	0.371473	0.372056	0.615091	0.372056	0.372056	0.615091	0.61704	0.615091	0.371473	0.372056	0.615091	0.372056
Sq = 	-8.09375e-18	0.377095	0.545227	0.377095	0.377094	0.545227	0.629707	0.545227	0.545227	0.629707	1.9058	0.629707	0.377094	0.545227	0.629707	0.545227
Ground state is obtained after 5 iterations. The current ground-state energy is -46.2252, in which electron energy is -46.2346 and phonon energy is 0.00940873
final variational state is: 
Gamma_x =       1 1.00658 1.01078 1.00658 1.00658 1.01078 1.01673 1.01078 1.01078 1.01673 1.01995 1.01673 1.00658 1.01078 1.01673 1.01078
lambda_q = 0.306072 0.273866 0.248069 0.273866 0.273866 0.248069 0.252754 0.248069 0.248069 0.252754 0.239219 0.252754 0.273866 0.248069 0.252754 0.248069
o___o  -------------------------------------
| L |	Time since last clock: 0h 29m 8.903s
A===A	Time since the beginning: 0h 29m 8.903s
********************************************

************************************************************************************
starting warm-up calculation for scaling factor 8
0 rounds of non-Gaussian ED iteration : ground-state energy is -42.776 | electron energy -42.7807 + phonon energy 0.00470437 | electron momentum kIdx = 0
Nq = 	16	0.339737	0.359279	0.339737	0.339737	0.359279	0.569333	0.359279	0.359279	0.569333	0.593897	0.569333	0.339737	0.359279	0.569333	0.359279
Sq = 	5.88976e-18	0.387816	0.561252	0.387816	0.387816	0.561252	0.653445	0.561252	0.561252	0.653445	2.08159	0.653445	0.387816	0.561252	0.653445	0.561252
1 rounds of non-Gaussian ED iteration : ground-state energy is -44.6053 | electron energy -44.6252 + phonon energy 0.0199395 | electron momentum kIdx = 0
Nq = 	16	0.355343	0.364419	0.355343	0.355343	0.364419	0.58703	0.364419	0.364419	0.58703	0.601351	0.58703	0.355343	0.364419	0.58703	0.364419
Sq = 	-2.1576e-18	0.383426	0.554987	0.383426	0.383426	0.554987	0.643598	0.554987	0.554987	0.643598	2.00462	0.643598	0.383426	0.554987	0.643598	0.554987
2 rounds of non-Gaussian ED iteration : ground-state energy is -44.9664 | electron energy -44.9957 + phonon energy 0.0292163 | electron momentum kIdx = 0
Nq = 	16	0.360685	0.365971	0.360685	0.360685	0.365971	0.5934	0.365971	0.365971	0.5934	0.603642	0.5934	0.360685	0.365971	0.5934	0.365971
Sq = 	6.92681e-18	0.381854	0.552785	0.381854	0.381854	0.552785	0.640245	0.552785	0.552785	0.640245	1.97908	0.640245	0.381854	0.552785	0.640245	0.552785
3 rounds of non-Gaussian ED iteration : ground-state energy is -45.038 | electron energy -45.0714 + phonon energy 0.0334264 | electron momentum kIdx = 0
Nq = 	16	0.362649	0.366487	0.362649	0.362649	0.366487	0.595813	0.366487	0.366487	0.595813	0.604407	0.595813	0.362649	0.366487	0.595813	0.366487
Sq = 	-4.46863e-18	0.381264	0.551975	0.381264	0.381264	0.551975	0.639023	0.551975	0.551975	0.639023	1.96983	0.639023	0.381264	0.551975	0.639023	0.551975
4 rounds of non-Gaussian ED iteration : ground-state energy is -45.0523 | electron energy -45.0874 + phonon energy 0.0351602 | electron momentum kIdx = 0
Nq = 	16	0.363409	0.366666	0.363409	0.363409	0.366666	0.59675	0.366666	0.366666	0.59675	0.604672	0.59675	0.363409	0.366666	0.59675	0.366666
Sq = 	-5.49046e-18	0.381036	0.551667	0.381036	0.381036	0.551667	0.638559	0.551667	0.551667	0.638559	1.96631	0.638559	0.381036	0.551667	0.638559	0.551667
5 rounds of non-Gaussian ED iteration : ground-state energy is -45.0551 | electron energy -45.0909 + phonon energy 0.0358472 | electron momentum kIdx = 0
Nq = 	16	0.363709	0.36673	0.363709	0.363709	0.36673	0.597119	0.36673	0.36673	0.597119	0.604766	0.597119	0.363709	0.36673	0.597119	0.36673
Sq = 	7.50449e-18	0.380946	0.551548	0.380946	0.380946	0.551548	0.63838	0.551548	0.551548	0.63838	1.96495	0.63838	0.380946	0.551548	0.63838	0.551548
Ground state is obtained after 6 iterations. The current ground-state energy is -45.0557, in which electron energy is -45.0918 and phonon energy is 0.0361152
final variational state is: 
Gamma_x =       1 1.02089 1.02989 1.02089 1.02089 1.02989 1.04715 1.02989 1.02989 1.04715 1.05282 1.04715 1.02089 1.02989 1.04715 1.02989
lambda_q = 0.431952  0.35158 0.297873  0.35158  0.35158 0.297873  0.30681 0.297873 0.297873  0.30681 0.281528  0.30681  0.35158 0.297873  0.30681 0.297873
o___o  -------------------------------------
| L |	Time since last clock: 0h 34m 27.98s
A===A	Time since the beginning: 1h 3m 36.884s
********************************************

************************************************************************************
starting warm-up calculation for scaling factor 4
0 rounds of non-Gaussian ED iteration : ground-state energy is -41.4394 | electron energy -41.4575 + phonon energy 0.0180576 | electron momentum kIdx = 0
Nq = 	16	0.325935	0.35116	0.325935	0.325935	0.35116	0.545682	0.35116	0.35116	0.545682	0.577647	0.545682	0.325935	0.35116	0.545682	0.35116
Sq = 	4.85719e-18	0.392883	0.569294	0.392883	0.392883	0.569294	0.665908	0.569294	0.569294	0.665908	2.178	0.665908	0.392883	0.569294	0.665908	0.569294
1 rounds of non-Gaussian ED iteration : ground-state energy is -42.6299 | electron energy -42.6748 + phonon energy 0.0448958 | electron momentum kIdx = 0
Nq = 	16	0.332943	0.353013	0.332943	0.332943	0.353013	0.551091	0.353013	0.353013	0.551091	0.579293	0.551091	0.332943	0.353013	0.551091	0.353013
Sq = 	2.15888e-18	0.391396	0.567347	0.391396	0.391396	0.567347	0.662384	0.567347	0.567347	0.662384	2.14729	0.662384	0.391396	0.567347	0.662384	0.567347
2 rounds of non-Gaussian ED iteration : ground-state energy is -43.1609 | electron energy -43.2248 + phonon energy 0.063824 | electron momentum kIdx = 0
Nq = 	16	0.33719	0.354062	0.33719	0.33719	0.354062	0.554699	0.354062	0.354062	0.554699	0.580563	0.554699	0.33719	0.354062	0.554699	0.354062
Sq = 	6.31591e-18	0.390436	0.566086	0.390436	0.390436	0.566086	0.660186	0.566086	0.566086	0.660186	2.1285	0.660186	0.390436	0.566086	0.660186	0.566086
3 rounds of non-Gaussian ED iteration : ground-state energy is -43.3983 | electron energy -43.474 + phonon energy 0.0756666 | electron momentum kIdx = 0
Nq = 	16	0.339772	0.354659	0.339772	0.339772	0.354659	0.55702	0.354659	0.354659	0.55702	0.581407	0.55702	0.339772	0.354659	0.55702	0.354659
Sq = 	9.58667e-18	0.389829	0.565295	0.389829	0.389829	0.565295	0.658833	0.565295	0.565295	0.658833	2.11705	0.658833	0.389829	0.565295	0.658833	0.565295
4 rounds of non-Gaussian ED iteration : ground-state energy is -43.5046 | electron energy -43.5874 + phonon energy 0.0828637 | electron momentum kIdx = 0
Nq = 	16	0.341349	0.355001	0.341349	0.341349	0.355001	0.558484	0.355001	0.355001	0.558484	0.581936	0.558484	0.341349	0.355001	0.558484	0.355001
Sq = 	1.70324e-18	0.389451	0.564806	0.389451	0.389451	0.564806	0.658004	0.564806	0.564806	0.658003	2.11007	0.658003	0.389451	0.564806	0.658004	0.564806
5 rounds of non-Gaussian ED iteration : ground-state energy is -43.5521 | electron energy -43.6393 + phonon energy 0.0872107 | electron momentum kIdx = 0
Nq = 	16	0.342315	0.355199	0.342315	0.342315	0.355199	0.5594	0.355199	0.355199	0.5594	0.582257	0.5594	0.342315	0.355199	0.5594	0.355199
Sq = 	2.90624e-18	0.389217	0.564505	0.389217	0.389217	0.564505	0.657496	0.564505	0.564505	0.657496	2.10581	0.657496	0.389217	0.564505	0.657496	0.564505
6 rounds of non-Gaussian ED iteration : ground-state energy is -43.5734 | electron energy -43.6633 + phonon energy 0.0898364 | electron momentum kIdx = 0
Nq = 	16	0.342909	0.355313	0.342909	0.342909	0.355313	0.55997	0.355313	0.355313	0.55997	0.582451	0.55997	0.342909	0.355313	0.55997	0.355313
Sq = 	-1.88578e-18	0.389071	0.56432	0.389071	0.389071	0.56432	0.657186	0.56432	0.56432	0.657186	2.10321	0.657186	0.389071	0.56432	0.657186	0.56432
7 rounds of non-Gaussian ED iteration : ground-state energy is -43.583 | electron energy -43.6744 + phonon energy 0.0914246 | electron momentum kIdx = 0
Nq = 	16	0.343275	0.355379	0.343275	0.343275	0.355379	0.560323	0.355379	0.355379	0.560323	0.582567	0.560323	0.343275	0.355379	0.560323	0.355379
Sq = 	9.20111e-18	0.388982	0.564207	0.388982	0.388982	0.564207	0.656997	0.564207	0.564207	0.656997	2.10161	0.656997	0.388982	0.564207	0.656997	0.564207
8 rounds of non-Gaussian ED iteration : ground-state energy is -43.5873 | electron energy -43.6797 + phonon energy 0.0923868 | electron momentum kIdx = 0
Nq = 	16	0.3435	0.355417	0.3435	0.3435	0.355417	0.560542	0.355417	0.355417	0.560542	0.582636	0.560542	0.3435	0.355417	0.560542	0.355417
Sq = 	-5.32516e-18	0.388926	0.564138	0.388926	0.388926	0.564138	0.656881	0.564138	0.564138	0.656881	2.10063	0.656881	0.388926	0.564138	0.656881	0.564138
9 rounds of non-Gaussian ED iteration : ground-state energy is -43.5892 | electron energy -43.6822 + phonon energy 0.0929706 | electron momentum kIdx = 0
Nq = 	16	0.343639	0.355439	0.343639	0.343639	0.355439	0.560677	0.355439	0.355439	0.560677	0.582677	0.560677	0.343639	0.355439	0.560677	0.355439
Sq = 	4.31769e-18	0.388892	0.564096	0.388892	0.388892	0.564096	0.65681	0.564096	0.564096	0.65681	2.10004	0.65681	0.388892	0.564096	0.65681	0.564096
Ground state is obtained after 10 iterations. The current ground-state energy is -43.5901, in which electron energy is -43.6834 and phonon energy is 0.0933253
final variational state is: 
Gamma_x =       1 1.05696 1.06846 1.05696 1.05696 1.06846 1.10903 1.06846 1.06846 1.10903 1.11496 1.10903 1.05696 1.06846 1.10903 1.06846
lambda_q = 0.609046 0.418295 0.324843 0.418295 0.418295 0.324843 0.338081 0.324843 0.324843 0.338081 0.300954 0.338081 0.418295 0.324843 0.338081 0.324843
o___o  -------------------------------------
| L |	Time since last clock: 0h 54m 29.024s
A===A	Time since the beginning: 1h 58m 5.908s
********************************************

************************************************************************************
starting warm-up calculation for scaling factor 2
0 rounds of non-Gaussian ED iteration : ground-state energy is -39.9797 | electron energy -40.0264 + phonon energy 0.0466626 | electron momentum kIdx = 0
Nq = 	16	0.302583	0.337868	0.302583	0.302583	0.337868	0.51006	0.337868	0.337868	0.51006	0.553466	0.51006	0.302583	0.337868	0.51006	0.337868
Sq = 	-5.33735e-18	0.400341	0.580837	0.400341	0.400341	0.580837	0.685403	0.580837	0.580837	0.685403	2.34075	0.685403	0.400341	0.580837	0.685403	0.580837
1 rounds of non-Gaussian ED iteration : ground-state energy is -40.7065 | electron energy -40.7851 + phonon energy 0.0786792 | electron momentum kIdx = 0
Nq = 	16	0.30261	0.337042	0.30261	0.30261	0.337042	0.507432	0.337042	0.337042	0.507431	0.550978	0.507431	0.30261	0.337042	0.507432	0.337042
Sq = 	6.68736e-18	0.400732	0.581575	0.400732	0.400732	0.581575	0.686451	0.581575	0.581575	0.686451	2.34842	0.686451	0.400732	0.581575	0.686451	0.581575
2 rounds of non-Gaussian ED iteration : ground-state energy is -41.1821 | electron energy -41.2827 + phonon energy 0.100626 | electron momentum kIdx = 0
Nq = 	16	0.30288	0.336669	0.30288	0.30288	0.336669	0.506378	0.336669	0.336669	0.506378	0.550095	0.506378	0.30288	0.336669	0.506378	0.336669
Sq = 	4.3847e-18	0.400866	0.581861	0.400866	0.400866	0.581861	0.68683	0.581861	0.581861	0.68683	2.35091	0.68683	0.400866	0.581861	0.68683	0.581861
3 rounds of non-Gaussian ED iteration : ground-state energy is -41.4979 | electron energy -41.6128 + phonon energy 0.114933 | electron momentum kIdx = 0
Nq = 	16	0.303251	0.336534	0.303251	0.303251	0.336534	0.506086	0.336534	0.336534	0.506086	0.549895	0.506086	0.303251	0.336534	0.506086	0.336534
Sq = 	1.55748e-18	0.400879	0.581931	0.400879	0.400879	0.581932	0.686885	0.581932	0.581932	0.686885	2.35091	0.686885	0.400879	0.581932	0.686885	0.581932
4 rounds of non-Gaussian ED iteration : ground-state energy is -41.7088 | electron energy -41.833 + phonon energy 0.124272 | electron momentum kIdx = 0
Nq = 	16	0.303636	0.336514	0.303636	0.303636	0.336514	0.50613	0.336514	0.336514	0.50613	0.549958	0.50613	0.303636	0.336514	0.50613	0.336514
Sq = 	-7.98395e-18	0.400841	0.581909	0.400841	0.400841	0.581909	0.686803	0.581909	0.581909	0.686803	2.34987	0.686803	0.400841	0.581909	0.686803	0.581909
5 rounds of non-Gaussian ED iteration : ground-state energy is -41.8499 | electron energy -41.9804 + phonon energy 0.130493 | electron momentum kIdx = 0
Nq = 	16	0.303992	0.336542	0.303992	0.303992	0.336542	0.506301	0.336542	0.336542	0.506301	0.550103	0.506301	0.303992	0.336542	0.506301	0.336542
Sq = 	-2.73206e-18	0.400786	0.581852	0.400786	0.400786	0.581852	0.686673	0.581852	0.581852	0.686673	2.34852	0.686673	0.400786	0.581852	0.686673	0.581852
6 rounds of non-Gaussian ED iteration : ground-state energy is -41.9444 | electron energy -42.0791 + phonon energy 0.134749 | electron momentum kIdx = 0
Nq = 	16	0.3043	0.336588	0.3043	0.3043	0.336588	0.506505	0.336588	0.336588	0.506505	0.550258	0.506505	0.3043	0.336588	0.506505	0.336588
Sq = 	-7.56835e-18	0.400731	0.581789	0.400731	0.400731	0.581789	0.686539	0.581789	0.581789	0.686539	2.34719	0.686539	0.400731	0.581789	0.686539	0.581789
7 rounds of non-Gaussian ED iteration : ground-state energy is -42.0077 | electron energy -42.1454 + phonon energy 0.137738 | electron momentum kIdx = 0
Nq = 	16	0.304558	0.336634	0.304558	0.304558	0.336634	0.506699	0.336634	0.336634	0.506699	0.550395	0.506699	0.304558	0.336634	0.506699	0.336634
Sq = 	-2.95456e-18	0.400681	0.581729	0.400681	0.400681	0.581729	0.686418	0.581729	0.581729	0.686418	2.346	0.686418	0.400681	0.581729	0.686418	0.581729
8 rounds of non-Gaussian ED iteration : ground-state energy is -42.0501 | electron energy -42.19 + phonon energy 0.139886 | electron momentum kIdx = 0
Nq = 	16	0.304769	0.336676	0.304769	0.304769	0.336676	0.506867	0.336676	0.336676	0.506867	0.550509	0.506867	0.304769	0.336676	0.506867	0.336676
Sq = 	2.25673e-18	0.400638	0.581678	0.400638	0.400639	0.581678	0.686315	0.581678	0.581678	0.686315	2.345	0.686315	0.400639	0.581678	0.686315	0.581678
9 rounds of non-Gaussian ED iteration : ground-state energy is -42.0786 | electron energy -42.22 + phonon energy 0.141459 | electron momentum kIdx = 0
Nq = 	16	0.304939	0.336712	0.304939	0.304939	0.336712	0.507008	0.336712	0.336712	0.507008	0.5506	0.507008	0.304939	0.336712	0.507008	0.336712
Sq = 	-1.42637e-17	0.400604	0.581636	0.400604	0.400604	0.581636	0.68623	0.581636	0.581636	0.68623	2.34419	0.68623	0.400604	0.581636	0.68623	0.581636
10 rounds of non-Gaussian ED iteration : ground-state energy is -42.0976 | electron energy -42.2403 + phonon energy 0.142627 | electron momentum kIdx = 0
Nq = 	16	0.305075	0.33674	0.305075	0.305075	0.33674	0.507122	0.33674	0.33674	0.507122	0.550672	0.507122	0.305075	0.33674	0.507122	0.33674
Sq = 	-1.09025e-17	0.400576	0.581602	0.400576	0.400576	0.581602	0.686162	0.581602	0.581602	0.686162	2.34354	0.686162	0.400576	0.581602	0.686162	0.581602
11 rounds of non-Gaussian ED iteration : ground-state energy is -42.1104 | electron energy -42.2539 + phonon energy 0.143505 | electron momentum kIdx = 0
Nq = 	16	0.305182	0.336763	0.305182	0.305182	0.336763	0.507213	0.336763	0.336763	0.507213	0.550728	0.507213	0.305182	0.336763	0.507213	0.336763
Sq = 	1.07785e-18	0.400553	0.581575	0.400553	0.400553	0.581575	0.686108	0.581575	0.581575	0.686108	2.34302	0.686108	0.400553	0.581575	0.686108	0.581575
12 rounds of non-Gaussian ED iteration : ground-state energy is -42.119 | electron energy -42.2631 + phonon energy 0.144169 | electron momentum kIdx = 0
Nq = 	16	0.305266	0.336781	0.305266	0.305266	0.336781	0.507286	0.336781	0.336781	0.507286	0.550772	0.507286	0.305266	0.336781	0.507286	0.336781
Sq = 	5.52189e-18	0.400536	0.581553	0.400536	0.400536	0.581553	0.686066	0.581553	0.581554	0.686066	2.34261	0.686066	0.400536	0.581553	0.686066	0.581553
13 rounds of non-Gaussian ED iteration : ground-state energy is -42.1247 | electron energy -42.2694 + phonon energy 0.144676 | electron momentum kIdx = 0
Nq = 	16	0.305332	0.336795	0.305332	0.305332	0.336795	0.507343	0.336795	0.336795	0.507343	0.550805	0.507343	0.305332	0.336795	0.507343	0.336795
Sq = 	1.36397e-18	0.400522	0.581537	0.400522	0.400522	0.581537	0.686032	0.581537	0.581537	0.686032	2.34229	0.686032	0.400522	0.581537	0.686032	0.581537
14 rounds of non-Gaussian ED iteration : ground-state energy is -42.1285 | electron energy -42.2736 + phonon energy 0.145063 | electron momentum kIdx = 0
Nq = 	16	0.305384	0.336805	0.305384	0.305384	0.336805	0.507387	0.336805	0.336805	0.507387	0.550831	0.507387	0.305384	0.336805	0.507387	0.336805
Sq = 	6.21748e-19	0.400511	0.581524	0.400511	0.400511	0.581524	0.686006	0.581524	0.581524	0.686006	2.34204	0.686006	0.400511	0.581524	0.686006	0.581524
15 rounds of non-Gaussian ED iteration : ground-state energy is -42.1311 | electron energy -42.2765 + phonon energy 0.14536 | electron momentum kIdx = 0
Nq = 	16	0.305424	0.336814	0.305424	0.305424	0.336814	0.507422	0.336814	0.336814	0.507422	0.550851	0.507422	0.305424	0.336814	0.507422	0.336814
Sq = 	-1.8519e-18	0.400503	0.581514	0.400503	0.400503	0.581514	0.685986	0.581514	0.581514	0.685986	2.34184	0.685986	0.400503	0.581514	0.685986	0.581514
16 rounds of non-Gaussian ED iteration : ground-state energy is -42.1329 | electron energy -42.2784 + phonon energy 0.145588 | electron momentum kIdx = 0
Nq = 	16	0.305456	0.33682	0.305456	0.305456	0.33682	0.50745	0.33682	0.33682	0.50745	0.550867	0.50745	0.305456	0.33682	0.50745	0.33682
Sq = 	6.0779e-18	0.400496	0.581506	0.400496	0.400496	0.581506	0.68597	0.581506	0.581506	0.68597	2.34169	0.68597	0.400496	0.581506	0.68597	0.581506
17 rounds of non-Gaussian ED iteration : ground-state energy is -42.134 | electron energy -42.2798 + phonon energy 0.145764 | electron momentum kIdx = 0
Nq = 	16	0.30548	0.336825	0.30548	0.30548	0.336825	0.507471	0.336825	0.336825	0.507471	0.550879	0.507471	0.30548	0.336825	0.507471	0.336825
Sq = 	2.1983e-18	0.400491	0.5815	0.400491	0.400491	0.5815	0.685958	0.5815	0.5815	0.685958	2.34157	0.685958	0.400491	0.5815	0.685958	0.5815
Ground state is obtained after 18 iterations. The current ground-state energy is -42.1348, in which electron energy is -42.2807 and phonon energy is 0.145899
final variational state is: 
Gamma_x =       1 1.12075 1.12301 1.12075 1.12075 1.12301 1.19392 1.12301 1.12301 1.19392 1.19871 1.19392 1.12075 1.12301 1.19392 1.12301
lambda_q = 0.858973 0.436536 0.311536 0.436536 0.436536 0.311536 0.324719 0.311536 0.311536 0.324719 0.284958 0.324719 0.436536 0.311536 0.324719 0.311536
o___o  -------------------------------------
| L |	Time since last clock: 1h 35m 2.171s
A===A	Time since the beginning: 3h 33m 8.08s
********************************************

************************************************************************************
Warm up completed
o___o  -------------------------------------
| L |	Time since last clock: 0h 0m 0.027s
A===A	Time since the beginning: 3h 33m 8.107s
********************************************

************************************************************************************
0 rounds of non-Gaussian ED iteration : ground-state energy is -38.799 | electron energy -38.8719 + phonon energy 0.0729497 | electron momentum kIdx = 0
Nq = 	16	0.27059	0.319975	0.27059	0.27059	0.319975	0.46731	0.319975	0.319975	0.46731	0.523599	0.46731	0.27059	0.319975	0.46731	0.319975
Sq = 	2.49311e-18	0.408818	0.593435	0.408818	0.408818	0.593435	0.709968	0.593435	0.593435	0.709968	2.56919	0.709968	0.408818	0.593435	0.709968	0.593435
1 rounds of non-Gaussian ED iteration : ground-state energy is -39.2466 | electron energy -39.3431 + phonon energy 0.0965467 | electron momentum kIdx = 0
Nq = 	16	0.267705	0.317979	0.267705	0.267705	0.317979	0.462475	0.317979	0.317979	0.462475	0.519681	0.462475	0.267705	0.317979	0.462475	0.317979
Sq = 	8.07869e-18	0.40967	0.594743	0.40967	0.40967	0.594743	0.712587	0.594743	0.594743	0.712587	2.59424	0.712587	0.40967	0.594743	0.712587	0.594743
2 rounds of non-Gaussian ED iteration : ground-state energy is -39.5849 | electron energy -39.6966 + phonon energy 0.111618 | electron momentum kIdx = 0
Nq = 	16	0.265695	0.316694	0.265695	0.265695	0.316694	0.459529	0.316694	0.316694	0.459529	0.517533	0.459529	0.265695	0.316694	0.459529	0.316694
Sq = 	-7.32041e-18	0.410198	0.595526	0.410198	0.410198	0.595526	0.714242	0.595526	0.595526	0.714242	2.6105	0.714242	0.410198	0.595526	0.714242	0.595526
3 rounds of non-Gaussian ED iteration : ground-state energy is -39.8524 | electron energy -39.9732 + phonon energy 0.120882 | electron momentum kIdx = 0
Nq = 	16	0.264331	0.31589	0.264331	0.264331	0.31589	0.457758	0.31589	0.31589	0.457758	0.516368	0.457758	0.264331	0.31589	0.457758	0.31589
Sq = 	-3.01753e-18	0.410521	0.595988	0.410521	0.410521	0.595988	0.715271	0.595988	0.595988	0.715271	2.62084	0.715271	0.410521	0.595988	0.715271	0.595988
4 rounds of non-Gaussian ED iteration : ground-state energy is -40.068 | electron energy -40.1944 + phonon energy 0.126469 | electron momentum kIdx = 0
Nq = 	16	0.263416	0.315393	0.263416	0.263416	0.315393	0.456695	0.315393	0.315393	0.456695	0.515737	0.456695	0.263416	0.315393	0.456695	0.315393
Sq = 	-1.24332e-17	0.410719	0.596261	0.410719	0.410719	0.596261	0.715908	0.596261	0.596261	0.715908	2.62738	0.715908	0.410719	0.596261	0.715908	0.596261
5 rounds of non-Gaussian ED iteration : ground-state energy is -40.2433 | electron energy -40.3731 + phonon energy 0.129795 | electron momentum kIdx = 0
Nq = 	16	0.262803	0.315088	0.262803	0.262803	0.315088	0.456053	0.315088	0.315088	0.456053	0.515392	0.456053	0.262803	0.315088	0.456053	0.315088
Sq = 	-1.04525e-17	0.410842	0.596424	0.410842	0.410842	0.596424	0.716305	0.596424	0.596424	0.716305	2.63153	0.716305	0.410842	0.596424	0.716305	0.596424
6 rounds of non-Gaussian ED iteration : ground-state energy is -40.3864 | electron energy -40.5181 + phonon energy 0.131747 | electron momentum kIdx = 0
Nq = 	16	0.262391	0.314899	0.262391	0.262391	0.314899	0.455659	0.314899	0.314899	0.455659	0.515203	0.455659	0.262391	0.314899	0.455659	0.314899
Sq = 	-6.48119e-18	0.410919	0.596522	0.410919	0.410919	0.596522	0.716554	0.596522	0.596522	0.716554	2.63418	0.716554	0.410919	0.596522	0.716554	0.596522
7 rounds of non-Gaussian ED iteration : ground-state energy is -40.5034 | electron energy -40.6363 + phonon energy 0.13287 | electron momentum kIdx = 0
Nq = 	16	0.262113	0.314782	0.262113	0.262113	0.314782	0.455413	0.314782	0.314782	0.455413	0.515097	0.455413	0.262113	0.314782	0.455413	0.314782
Sq = 	4.76616e-18	0.410968	0.596582	0.410968	0.410968	0.596582	0.716712	0.596582	0.596582	0.716712	2.63589	0.716712	0.410968	0.596582	0.716712	0.596582
8 rounds of non-Gaussian ED iteration : ground-state energy is -40.5991 | electron energy -40.7326 + phonon energy 0.133496 | electron momentum kIdx = 0
Nq = 	16	0.261924	0.314709	0.261924	0.261924	0.314709	0.455256	0.314709	0.31471	0.455256	0.515037	0.455256	0.261924	0.314709	0.455256	0.314709
Sq = 	5.05968e-18	0.411	0.596619	0.411	0.411	0.596619	0.716815	0.596619	0.596619	0.716815	2.63701	0.716815	0.411	0.596619	0.716815	0.596619
9 rounds of non-Gaussian ED iteration : ground-state energy is -40.6775 | electron energy -40.8113 + phonon energy 0.133824 | electron momentum kIdx = 0
Nq = 	16	0.261794	0.314663	0.261794	0.261794	0.314663	0.455153	0.314663	0.314663	0.455153	0.515003	0.455153	0.261794	0.314663	0.455153	0.314663
Sq = 	-5.96787e-18	0.411022	0.596643	0.411022	0.411022	0.596643	0.716882	0.596643	0.596643	0.716882	2.63776	0.716882	0.411022	0.596643	0.716882	0.596643
10 rounds of non-Gaussian ED iteration : ground-state energy is -40.7416 | electron energy -40.8756 + phonon energy 0.133975 | electron momentum kIdx = 0
Nq = 	16	0.261703	0.314634	0.261703	0.261703	0.314634	0.455083	0.314634	0.314634	0.455083	0.514984	0.455083	0.261703	0.314634	0.455083	0.314634
Sq = 	-2.24184e-18	0.411036	0.596658	0.411036	0.411036	0.596658	0.716927	0.596658	0.596658	0.716927	2.63827	0.716927	0.411036	0.596658	0.716927	0.596658
11 rounds of non-Gaussian ED iteration : ground-state energy is -40.7941 | electron energy -40.9281 + phonon energy 0.134024 | electron momentum kIdx = 0
Nq = 	16	0.261639	0.314614	0.261639	0.261639	0.314614	0.455033	0.314614	0.314614	0.455033	0.514973	0.455033	0.261639	0.314614	0.455033	0.314614
Sq = 	-5.47774e-18	0.411047	0.596669	0.411047	0.411047	0.596669	0.716958	0.596669	0.596669	0.716958	2.63862	0.716958	0.411047	0.596669	0.716958	0.596669
12 rounds of non-Gaussian ED iteration : ground-state energy is -40.8371 | electron energy -40.9711 + phonon energy 0.134014 | electron momentum kIdx = 0
Nq = 	16	0.261594	0.314601	0.261594	0.261594	0.314601	0.454997	0.314601	0.314601	0.454997	0.514967	0.454997	0.261594	0.314601	0.454997	0.314601
Sq = 	-3.31325e-18	0.411054	0.596676	0.411054	0.411054	0.596676	0.71698	0.596676	0.596676	0.71698	2.63887	0.71698	0.411054	0.596676	0.71698	0.596676
13 rounds of non-Gaussian ED iteration : ground-state energy is -40.8723 | electron energy -41.0063 + phonon energy 0.133973 | electron momentum kIdx = 0
Nq = 	16	0.26156	0.314592	0.26156	0.26156	0.314592	0.45497	0.314592	0.314592	0.45497	0.514963	0.45497	0.26156	0.314592	0.45497	0.314592
Sq = 	-1.13819e-18	0.41106	0.596681	0.41106	0.41106	0.596681	0.716996	0.596681	0.596681	0.716996	2.63905	0.716996	0.41106	0.596681	0.716996	0.596681
14 rounds of non-Gaussian ED iteration : ground-state energy is -40.9011 | electron energy -41.035 + phonon energy 0.133915 | electron momentum kIdx = 0
Nq = 	16	0.261535	0.314585	0.261535	0.261535	0.314585	0.454949	0.314585	0.314585	0.454949	0.514962	0.454949	0.261535	0.314585	0.454949	0.314585
Sq = 	5.58315e-18	0.411064	0.596685	0.411064	0.411064	0.596685	0.717008	0.596685	0.596685	0.717008	2.63919	0.717008	0.411064	0.596685	0.717008	0.596685
15 rounds of non-Gaussian ED iteration : ground-state energy is -40.9247 | electron energy -41.0585 + phonon energy 0.133852 | electron momentum kIdx = 0
Nq = 	16	0.261517	0.314581	0.261517	0.261517	0.314581	0.454932	0.314581	0.314581	0.454932	0.514961	0.454932	0.261517	0.314581	0.454932	0.314581
Sq = 	-4.70211e-18	0.411068	0.596688	0.411068	0.411068	0.596688	0.717017	0.596688	0.596688	0.717017	2.63929	0.717017	0.411068	0.596688	0.717017	0.596688
16 rounds of non-Gaussian ED iteration : ground-state energy is -40.944 | electron energy -41.0778 + phonon energy 0.133788 | electron momentum kIdx = 0
Nq = 	16	0.261502	0.314577	0.261502	0.261502	0.314577	0.454919	0.314577	0.314577	0.454919	0.514961	0.454919	0.261502	0.314577	0.454919	0.314577
Sq = 	-2.56473e-18	0.41107	0.596691	0.41107	0.41107	0.59669	0.717024	0.59669	0.59669	0.717024	2.63937	0.717024	0.41107	0.59669	0.717024	0.59669
17 rounds of non-Gaussian ED iteration : ground-state energy is -40.9598 | electron energy -41.0936 + phonon energy 0.133727 | electron momentum kIdx = 0
Nq = 	16	0.261491	0.314574	0.261491	0.261491	0.314574	0.454908	0.314574	0.314574	0.454908	0.514961	0.454908	0.261491	0.314574	0.454908	0.314574
Sq = 	1.88256e-18	0.411073	0.596692	0.411073	0.411073	0.596692	0.717029	0.596692	0.596692	0.717029	2.63944	0.717029	0.411073	0.596692	0.717029	0.596692
18 rounds of non-Gaussian ED iteration : ground-state energy is -40.9728 | electron energy -41.1064 + phonon energy 0.13367 | electron momentum kIdx = 0
Nq = 	16	0.261482	0.314572	0.261482	0.261482	0.314572	0.454898	0.314572	0.314572	0.454898	0.514961	0.454898	0.261482	0.314572	0.454898	0.314572
Sq = 	-1.03792e-17	0.411074	0.596694	0.411074	0.411074	0.596694	0.717034	0.596694	0.596694	0.717034	2.63949	0.717034	0.411074	0.596694	0.717034	0.596694
19 rounds of non-Gaussian ED iteration : ground-state energy is -40.9834 | electron energy -41.117 + phonon energy 0.133618 | electron momentum kIdx = 0
Nq = 	16	0.261474	0.31457	0.261474	0.261474	0.31457	0.45489	0.31457	0.31457	0.45489	0.514962	0.45489	0.261474	0.31457	0.45489	0.31457
Sq = 	-3.99051e-18	0.411076	0.596695	0.411076	0.411076	0.596695	0.717038	0.596695	0.596695	0.717038	2.63953	0.717038	0.411076	0.596695	0.717038	0.596695
20 rounds of non-Gaussian ED iteration : ground-state energy is -40.992 | electron energy -41.1256 + phonon energy 0.133571 | electron momentum kIdx = 0
Nq = 	16	0.261468	0.314569	0.261468	0.261468	0.314569	0.454883	0.314569	0.314569	0.454883	0.514962	0.454883	0.261468	0.314569	0.454883	0.314569
Sq = 	-3.333e-18	0.411077	0.596696	0.411077	0.411077	0.596696	0.717041	0.596696	0.596696	0.717041	2.63957	0.717041	0.411077	0.596696	0.717041	0.596696
21 rounds of non-Gaussian ED iteration : ground-state energy is -40.9992 | electron energy -41.1327 + phonon energy 0.133529 | electron momentum kIdx = 0
Nq = 	16	0.261463	0.314568	0.261463	0.261463	0.314568	0.454878	0.314568	0.314568	0.454878	0.514962	0.454878	0.261463	0.314568	0.454878	0.314568
Sq = 	7.58319e-18	0.411078	0.596697	0.411078	0.411078	0.596697	0.717043	0.596697	0.596697	0.717043	2.6396	0.717043	0.411078	0.596697	0.717043	0.596697
22 rounds of non-Gaussian ED iteration : ground-state energy is -41.005 | electron energy -41.1385 + phonon energy 0.133491 | electron momentum kIdx = 0
Nq = 	16	0.261459	0.314567	0.261459	0.261459	0.314567	0.454873	0.314567	0.314567	0.454873	0.514963	0.454873	0.261459	0.314567	0.454873	0.314567
Sq = 	-1.88961e-18	0.411079	0.596698	0.411079	0.411079	0.596698	0.717046	0.596698	0.596698	0.717046	2.63962	0.717046	0.411079	0.596698	0.717046	0.596698
23 rounds of non-Gaussian ED iteration : ground-state energy is -41.0097 | electron energy -41.1432 + phonon energy 0.133458 | electron momentum kIdx = 0
Nq = 	16	0.261455	0.314566	0.261455	0.261455	0.314566	0.454868	0.314566	0.314566	0.454868	0.514963	0.454868	0.261455	0.314566	0.454868	0.314566
Sq = 	-1.99924e-18	0.41108	0.596699	0.41108	0.41108	0.596699	0.717048	0.596699	0.596699	0.717048	2.63965	0.717048	0.41108	0.596699	0.717048	0.596699
24 rounds of non-Gaussian ED iteration : ground-state energy is -41.0136 | electron energy -41.1471 + phonon energy 0.133429 | electron momentum kIdx = 0
Nq = 	16	0.261452	0.314565	0.261452	0.261452	0.314565	0.454865	0.314565	0.314565	0.454865	0.514963	0.454865	0.261452	0.314565	0.454865	0.314565
Sq = 	7.14711e-18	0.411081	0.596699	0.411081	0.411081	0.596699	0.717049	0.596699	0.596699	0.717049	2.63966	0.717049	0.411081	0.596699	0.717049	0.596699
25 rounds of non-Gaussian ED iteration : ground-state energy is -41.0168 | electron energy -41.1502 + phonon energy 0.133403 | electron momentum kIdx = 0
Nq = 	16	0.261449	0.314564	0.261449	0.261449	0.314564	0.454861	0.314564	0.314564	0.454861	0.514963	0.454861	0.261449	0.314564	0.454861	0.314564
Sq = 	1.81411e-18	0.411081	0.5967	0.411081	0.411081	0.5967	0.717051	0.5967	0.5967	0.717051	2.63968	0.717051	0.411081	0.5967	0.717051	0.5967
26 rounds of non-Gaussian ED iteration : ground-state energy is -41.0194 | electron energy -41.1528 + phonon energy 0.13338 | electron momentum kIdx = 0
Nq = 	16	0.261447	0.314564	0.261447	0.261447	0.314564	0.454858	0.314564	0.314564	0.454858	0.514964	0.454858	0.261447	0.314564	0.454858	0.314564
Sq = 	-6.85137e-18	0.411082	0.5967	0.411082	0.411082	0.5967	0.717052	0.5967	0.5967	0.717052	2.6397	0.717052	0.411082	0.5967	0.717052	0.5967
27 rounds of non-Gaussian ED iteration : ground-state energy is -41.0216 | electron energy -41.1549 + phonon energy 0.13336 | electron momentum kIdx = 0
Nq = 	16	0.261445	0.314563	0.261445	0.261445	0.314563	0.454856	0.314563	0.314563	0.454856	0.514964	0.454856	0.261445	0.314563	0.454856	0.314563
Sq = 	-5.00622e-18	0.411082	0.596701	0.411082	0.411082	0.596701	0.717053	0.596701	0.596701	0.717053	2.63971	0.717053	0.411082	0.596701	0.717053	0.596701
28 rounds of non-Gaussian ED iteration : ground-state energy is -41.0233 | electron energy -41.1567 + phonon energy 0.133343 | electron momentum kIdx = 0
Nq = 	16	0.261443	0.314563	0.261443	0.261443	0.314563	0.454854	0.314563	0.314563	0.454854	0.514964	0.454854	0.261443	0.314563	0.454854	0.314563
Sq = 	-1.67415e-18	0.411083	0.596701	0.411083	0.411083	0.596701	0.717054	0.596701	0.596701	0.717054	2.63972	0.717054	0.411083	0.596701	0.717054	0.596701
29 rounds of non-Gaussian ED iteration : ground-state energy is -41.0248 | electron energy -41.1581 + phonon energy 0.133328 | electron momentum kIdx = 0
Nq = 	16	0.261442	0.314563	0.261442	0.261442	0.314563	0.454852	0.314563	0.314563	0.454852	0.514964	0.454852	0.261442	0.314563	0.454852	0.314563
Sq = 	4.07843e-18	0.411083	0.596701	0.411083	0.411083	0.596701	0.717055	0.596701	0.596701	0.717055	2.63973	0.717055	0.411083	0.596701	0.717055	0.596701
30 rounds of non-Gaussian ED iteration : ground-state energy is -41.0259 | electron energy -41.1593 + phonon energy 0.133314 | electron momentum kIdx = 0
Nq = 	16	0.26144	0.314562	0.26144	0.26144	0.314562	0.45485	0.314562	0.314562	0.45485	0.514964	0.45485	0.26144	0.314562	0.45485	0.314562
Sq = 	-1.2991e-18	0.411083	0.596702	0.411083	0.411083	0.596702	0.717055	0.596702	0.596702	0.717055	2.63973	0.717055	0.411083	0.596702	0.717055	0.596702
31 rounds of non-Gaussian ED iteration : ground-state energy is -41.0269 | electron energy -41.1602 + phonon energy 0.133302 | electron momentum kIdx = 0
Nq = 	16	0.261439	0.314562	0.261439	0.261439	0.314562	0.454849	0.314562	0.314562	0.454849	0.514964	0.454849	0.261439	0.314562	0.454849	0.314562
Sq = 	9.45504e-18	0.411084	0.596702	0.411084	0.411084	0.596702	0.717056	0.596702	0.596702	0.717056	2.63974	0.717056	0.411084	0.596702	0.717056	0.596702
32 rounds of non-Gaussian ED iteration : ground-state energy is -41.0277 | electron energy -41.161 + phonon energy 0.133292 | electron momentum kIdx = 0
Nq = 	16	0.261438	0.314562	0.261438	0.261438	0.314562	0.454848	0.314562	0.314562	0.454848	0.514964	0.454848	0.261438	0.314562	0.454848	0.314562
Sq = 	-7.1681e-18	0.411084	0.596702	0.411084	0.411084	0.596702	0.717057	0.596702	0.596702	0.717057	2.63975	0.717057	0.411084	0.596702	0.717057	0.596702
33 rounds of non-Gaussian ED iteration : ground-state energy is -41.0283 | electron energy -41.1616 + phonon energy 0.133283 | electron momentum kIdx = 0
Nq = 	16	0.261437	0.314562	0.261437	0.261437	0.314562	0.454847	0.314562	0.314562	0.454847	0.514964	0.454847	0.261437	0.314562	0.454847	0.314562
Sq = 	1.27737e-18	0.411084	0.596702	0.411084	0.411084	0.596702	0.717057	0.596702	0.596702	0.717057	2.63975	0.717057	0.411084	0.596702	0.717057	0.596702
34 rounds of non-Gaussian ED iteration : ground-state energy is -41.0289 | electron energy -41.1621 + phonon energy 0.133275 | electron momentum kIdx = 0
Nq = 	16	0.261437	0.314561	0.261437	0.261437	0.314561	0.454846	0.314561	0.314561	0.454846	0.514964	0.454846	0.261437	0.314561	0.454846	0.314561
Sq = 	1.37947e-18	0.411084	0.596702	0.411084	0.411084	0.596702	0.717057	0.596702	0.596702	0.717057	2.63976	0.717057	0.411084	0.596702	0.717057	0.596702
35 rounds of non-Gaussian ED iteration : ground-state energy is -41.0293 | electron energy -41.1626 + phonon energy 0.133268 | electron momentum kIdx = 0
Nq = 	16	0.261436	0.314561	0.261436	0.261436	0.314561	0.454845	0.314561	0.314561	0.454845	0.514964	0.454845	0.261436	0.314561	0.454845	0.314561
Sq = 	2.64152e-18	0.411084	0.596702	0.411084	0.411084	0.596702	0.717058	0.596702	0.596702	0.717058	2.63976	0.717058	0.411084	0.596702	0.717058	0.596702
36 rounds of non-Gaussian ED iteration : ground-state energy is -41.0296 | electron energy -41.1629 + phonon energy 0.133262 | electron momentum kIdx = 0
Nq = 	16	0.261436	0.314561	0.261436	0.261436	0.314561	0.454844	0.314561	0.314561	0.454844	0.514964	0.454844	0.261436	0.314561	0.454844	0.314561
Sq = 	6.01882e-18	0.411085	0.596703	0.411085	0.411085	0.596703	0.717058	0.596703	0.596703	0.717058	2.63977	0.717058	0.411085	0.596703	0.717058	0.596703
37 rounds of non-Gaussian ED iteration : ground-state energy is -41.0299 | electron energy -41.1632 + phonon energy 0.133257 | electron momentum kIdx = 0
Nq = 	16	0.261435	0.314561	0.261435	0.261435	0.314561	0.454843	0.314561	0.314561	0.454843	0.514964	0.454843	0.261435	0.314561	0.454843	0.314561
Sq = 	7.15373e-18	0.411085	0.596703	0.411085	0.411085	0.596703	0.717058	0.596703	0.596703	0.717058	2.63977	0.717058	0.411085	0.596703	0.717058	0.596703
38 rounds of non-Gaussian ED iteration : ground-state energy is -41.0302 | electron energy -41.1634 + phonon energy 0.133252 | electron momentum kIdx = 0
Nq = 	16	0.261435	0.314561	0.261435	0.261435	0.314561	0.454843	0.314561	0.314561	0.454843	0.514964	0.454843	0.261435	0.314561	0.454843	0.314561
