SNEDics v3.4 Non-Gaussian ED ground state program		Start at Sat Sep 21 20:23:18 2019

parallized on 16 MPI threads  * 8 OpenMP threads = 128 total threads.
********************************************************************************************************************
********************************************************************************************************************

********************************************************************************************************************
System parameters and configurations
********************************************************************************************************************
Special program options are enabled: splitted diagonal Hamiltonian
********************************************************************************************************************
Read input file "model_params.in"
	Hubbard-Holstein model parameters : 	t = 1    U = 4.5    g = 3.5355    W = 5    
********************************************************************************************************************
Read input file "hilbertspace_params.in"
	Requested 16-site 2D lattice, with 16 electrons (8, 8)
	Boundary : Periodic		Hilbert space representation : momentum-space (restricted to kIdx = 0)
	Conservation: particle number[U(1)]      spin[U(1)]     momentum
********************************************************************************************************************

Cluster Positions:				Cluster symmetry group : D4
 x ... x ... x ... x .....                       x ... x ... x ... x .....
 |           |           :                       |           |           :
 |           |           :                       |           |           :
12    13    14    15     x                       1     5     6     5     x
 |           |           :                       |           |           :
 |           |           :                       |           |           :
 8 --- 9 ---10 ---11 --- x                       2 --- 6 ---10 --- 6 --- x
 |           |           :                       |           |           :
 |           |           :                       |           |           :
 4     5     6     7     x                       1     5     6     5     x
 |           |           :                       |           |           :
 |           |           :                       |           |           :
 0 --- 1 --- 2 --- 3 --- x                       0 --- 1 --- 2 --- 1 --- x
orbital number : 1
********************************************************************************************************************
Read input file "obs_params.in"
	Observable Type : Nq(All),   Sq(All),   N(All),   Delta[s](All),   Delta[d](All),   Delta[s+](All)
********************************************************************************************************************
** WARNING ** the input observables have non-local factors which have been reinterpreted. The total observable number is 96
********************************************************************************************************************


********************************************************************************************************************
Start calculating the non-Gaussian ED ground state
** WARNING ** Detected low phonon energy W < 10. The initial state will be prepared through a warm-up process.
********************************************************************************************************************
Start warm-up calculation for scaling factor 2
open output files: NGSEDWarmUpW10Obs.txt
********************************************************************************************************************
Start the 0 rounds of NGS-ED iteration
	effective electronic model is modified as: kinetic energy t = 1
	                                           effective interaction Vq = [-0,-0,-0,-0,-0,-0,-0,-0,-0,-0,-0,-0,-0,-0,-0,-0]
	first Hamiltonian is constructed, non-zero numbers = 2845383612
	PARPACK diagonalization completed after 90 matrix-vector product operations.
	iteration results: : total energy is -12.741849 | electron energy -12.741849 + phonon energy 0.000000 | electron momentum kIdx = 0
	Nq(0) = 16,	Nq(1) = 0.140219,	Nq(2) = 0.213822,	Nq(3) = 0.140219,	Nq(4) = 0.140219,	Nq(5) = 0.213822,	Nq(6) = 0.290137,	Nq(7) = 0.213822,	Nq(8) = 0.213822,	Nq(9) = 0.290137,	Nq(10) = 0.354882,	Nq(11) = 0.290137,	Nq(12) = 0.140219,	Nq(13) = 0.213822,	Nq(14) = 0.290137,	Nq(15) = 0.213822,	Sq(0) = 3.06206e-18,	Sq(1) = 0.427529,	Sq(2) = 0.627314,	Sq(3) = 0.427529,	Sq(4) = 0.427529,	Sq(5) = 0.627314,	Sq(6) = 0.8231,	Sq(7) = 0.627314,	Sq(8) = 0.627314,	Sq(9) = 0.8231,	Sq(10) = 3.87436,	Sq(11) = 0.8231,	Sq(12) = 0.427529,	Sq(13) = 0.627314,	Sq(14) = 0.8231,	Sq(15) = 0.627314,	N(0) = 1.91426,	N(1) = 1.81163,	N(2) = 1,	N(3) = 1.81163,	N(4) = 1.81163,	N(5) = 1,	N(6) = 0.18837,	N(7) = 1,	N(8) = 1,	N(9) = 0.18837,	N(10) = 0.0857425,	N(11) = 0.18837,	N(12) = 1.81163,	N(13) = 1,	N(14) = 0.18837,	N(15) = 1,	Delta[s](0) = 0.161442,	Delta[s](1) = 0.136191,	Delta[s](2) = 0.106479,	Delta[s](3) = 0.136191,	Delta[s](4) = 0.136191,	Delta[s](5) = 0.106479,	Delta[s](6) = 0.0777826,	Delta[s](7) = 0.106479,	Delta[s](8) = 0.106479,	Delta[s](9) = 0.0777826,	Delta[s](10) = 0.0234077,	Delta[s](11) = 0.0777826,	Delta[s](12) = 0.136191,	Delta[s](13) = 0.106479,	Delta[s](14) = 0.0777826,	Delta[s](15) = 0.106479,	Delta[d](0) = 0.561755,	Delta[d](1) = 0.390874,	Delta[d](2) = 0.31083,	Delta[d](3) = 0.390874,	Delta[d](4) = 0.390874,	Delta[d](5) = 0.327296,	Delta[d](6) = 0.235315,	Delta[d](7) = 0.327296,	Delta[d](8) = 0.31083,	Delta[d](9) = 0.235315,	Delta[d](10) = 0.104882,	Delta[d](11) = 0.235315,	Delta[d](12) = 0.390874,	Delta[d](13) = 0.327296,	Delta[d](14) = 0.235315,	Delta[d](15) = 0.327296,	Delta[s+](0) = 0.593927,	Delta[s+](1) = 0.470703,	Delta[s+](2) = 0.31083,	Delta[s+](3) = 0.470703,	Delta[s+](4) = 0.470703,	Delta[s+](5) = 0.31083,	Delta[s+](6) = 0.157892,	Delta[s+](7) = 0.31083,	Delta[s+](8) = 0.31083,	Delta[s+](9) = 0.157892,	Delta[s+](10) = 0.0404201,	Delta[s+](11) = 0.157892,	Delta[s+](12) = 0.470703,	Delta[s+](13) = 0.31083,	Delta[s+](14) = 0.157892,	Delta[s+](15) = 0.31083
The 0-th iteration is completed.	|| time cost : 0h 10m 57.497s
********************************************************************************************************************
Start the 1 rounds of NGS-ED iteration
	effective electronic model is modified as: kinetic energy t = 0.939325
	                                           effective interaction Vq = [-2.16162,-1.95232,-1.88995,-1.95232,-1.95232,-1.88995,-1.86355,-1.88995,-1.88995,-1.86355,  -1.839,-1.86355,-1.95232,-1.88995,-1.86355,-1.88995]
	PARPACK diagonalization completed after 60 matrix-vector product operations.
	iteration results: : total energy is -54.772388 | electron energy -54.775846 + phonon energy 0.003458 | electron momentum kIdx = 0
The 1-th iteration is completed.	|| time cost : 0h 10m 17.001s
********************************************************************************************************************
Start the 2 rounds of NGS-ED iteration
	effective electronic model is modified as: kinetic energy t = 0.894081
	                                           effective interaction Vq = [-2.45416,-2.33236,-2.23205,-2.33236,-2.33236,-2.23205,-2.23586,-2.23205,-2.23205,-2.23586,-2.18334,-2.23586,-2.33236,-2.23205,-2.23586,-2.23205]
	PARPACK diagonalization completed after 45 matrix-vector product operations.
	iteration results: : total energy is -60.705314 | electron energy -60.733411 + phonon energy 0.028098 | electron momentum kIdx = 0
The 2-th iteration is completed.	|| time cost : 0h 0m 43.936s
********************************************************************************************************************
Start the 3 rounds of NGS-ED iteration
	effective electronic model is modified as: kinetic energy t = 0.876104
	                                           effective interaction Vq = [-2.49376,-2.42047,-2.31301,-2.42047,-2.42047,-2.31301,-2.33507,-2.31301,-2.31301,-2.33507,-2.26781,-2.33507,-2.42047,-2.31301,-2.33507,-2.31301]
	PARPACK diagonalization completed after 75 matrix-vector product operations.
	iteration results: : total energy is -61.639743 | electron energy -61.689499 + phonon energy 0.049757 | electron momentum kIdx = 0
The 3-th iteration is completed.	|| time cost : 0h 0m 57.398s
********************************************************************************************************************
Start the 4 rounds of NGS-ED iteration
	effective electronic model is modified as: kinetic energy t = 0.859799
	                                           effective interaction Vq = [-2.49911,-2.44396,-2.41313,-2.44396,-2.44396,-2.41313,-2.36504,-2.41313,-2.41313,-2.36504,-2.35303,-2.36504,-2.44396,-2.41313,-2.36504,-2.41313]
	PARPACK diagonalization completed after 60 matrix-vector product operations.
	iteration results: : total energy is -61.941192 | electron energy -62.006393 + phonon energy 0.065202 | electron momentum kIdx = 0
The 4-th iteration is completed.	|| time cost : 0h 0m 50.367s
********************************************************************************************************************
Start the 5 rounds of NGS-ED iteration
	effective electronic model is modified as: kinetic energy t = 0.854254
	                                           effective interaction Vq = [-2.49984, -2.4502,-2.43893, -2.4502, -2.4502,-2.43893,-2.37312,-2.43893,-2.43893,-2.37312,-2.37895,-2.37312, -2.4502,-2.43893,-2.37312,-2.43893]
	PARPACK diagonalization completed after 45 matrix-vector product operations.
	iteration results: : total energy is -61.978722 | electron energy -62.052735 + phonon energy 0.074013 | electron momentum kIdx = 0
The 5-th iteration is completed.	|| time cost : 0h 0m 43.356s
********************************************************************************************************************
Start the 6 rounds of NGS-ED iteration
	effective electronic model is modified as: kinetic energy t = 0.852396
	                                           effective interaction Vq = [-2.49994,-2.45204,-2.44665,-2.45204,-2.45204,-2.44665,-2.37548,-2.44665,-2.44665,-2.37548,-2.38764,-2.37548,-2.45204,-2.44665,-2.37548,-2.44665]
	PARPACK diagonalization completed after 30 matrix-vector product operations.
	iteration results: : total energy is -61.983306 | electron energy -62.060872 + phonon energy 0.077566 | electron momentum kIdx = 0
The 6-th iteration is completed.	|| time cost : 0h 0m 36.381s
********************************************************************************************************************
Start the 7 rounds of NGS-ED iteration
	effective electronic model is modified as: kinetic energy t = 0.851775
	                                           effective interaction Vq = [-2.49995, -2.4526,-2.44914, -2.4526, -2.4526,-2.44914,-2.37619,-2.44914,-2.44914,-2.37619,-2.39068,-2.37619, -2.4526,-2.44914,-2.37619,-2.44914]
	PARPACK diagonalization completed after 30 matrix-vector product operations.
	iteration results: : total energy is -61.983865 | electron energy -62.062707 + phonon energy 0.078842 | electron momentum kIdx = 0
The 7-th iteration is completed.	|| time cost : 0h 0m 36.564s
********************************************************************************************************************
Start the 8 rounds of NGS-ED iteration
	effective electronic model is modified as: kinetic energy t = 0.851567
	                                           effective interaction Vq = [-2.49995,-2.45277,-2.44996,-2.45277,-2.45277,-2.44996, -2.3764,-2.44996,-2.44996, -2.3764,-2.39176, -2.3764,-2.45277,-2.44996, -2.3764,-2.44996]
	PARPACK diagonalization completed after 30 matrix-vector product operations.
	iteration results: : total energy is -61.983933 | electron energy -62.063216 + phonon energy 0.079283 | electron momentum kIdx = 0
The 8-th iteration is completed.	|| time cost : 0h 0m 36.527s
********************************************************************************************************************
Start the 9 rounds of NGS-ED iteration
	effective electronic model is modified as: kinetic energy t = 0.851498
	                                           effective interaction Vq = [-2.49995,-2.45282,-2.45024,-2.45282,-2.45282,-2.45024,-2.37646,-2.45024,-2.45024,-2.37646,-2.39215,-2.37646,-2.45282,-2.45024,-2.37646,-2.45024]
	PARPACK diagonalization completed after 30 matrix-vector product operations.
	iteration results: : total energy is -61.983942 | electron energy -62.063374 + phonon energy 0.079432 | electron momentum kIdx = 0
	Nq(0) = 16,	Nq(1) = 0.391529,	Nq(2) = 0.743768,	Nq(3) = 0.391529,	Nq(4) = 0.391529,	Nq(5) = 0.743768,	Nq(6) = 0.633782,	Nq(7) = 0.743768,	Nq(8) = 0.743768,	Nq(9) = 0.633782,	Nq(10) = 0.904467,	Nq(11) = 0.633782,	Nq(12) = 0.391529,	Nq(13) = 0.743768,	Nq(14) = 0.633782,	Nq(15) = 0.743768,	Sq(0) = 4.4197e-18,	Sq(1) = 0.347582,	Sq(2) = 0.365459,	Sq(3) = 0.347582,	Sq(4) = 0.347582,	Sq(5) = 0.365459,	Sq(6) = 0.585522,	Sq(7) = 0.365459,	Sq(8) = 0.365459,	Sq(9) = 0.585522,	Sq(10) = 0.606511,	Sq(11) = 0.585522,	Sq(12) = 0.347582,	Sq(13) = 0.365459,	Sq(14) = 0.585522,	Sq(15) = 0.365459,	N(0) = 1.99931,	N(1) = 1.99798,	N(2) = 1,	N(3) = 1.99798,	N(4) = 1.99798,	N(5) = 1,	N(6) = 0.00201801,	N(7) = 1,	N(8) = 1,	N(9) = 0.00201801,	N(10) = 0.000692333,	N(11) = 0.00201801,	N(12) = 1.99798,	N(13) = 1,	N(14) = 0.00201801,	N(15) = 1,	Delta[s](0) = 0.708073,	Delta[s](1) = 0.310901,	Delta[s](2) = 0.264799,	Delta[s](3) = 0.310901,	Delta[s](4) = 0.310901,	Delta[s](5) = 0.264799,	Delta[s](6) = 0.240529,	Delta[s](7) = 0.264799,	Delta[s](8) = 0.264799,	Delta[s](9) = 0.240529,	Delta[s](10) = 0.23157,	Delta[s](11) = 0.240529,	Delta[s](12) = 0.310901,	Delta[s](13) = 0.264799,	Delta[s](14) = 0.240529,	Delta[s](15) = 0.264799,	Delta[d](0) = 0.34429,	Delta[d](1) = 0.284071,	Delta[d](2) = 0.258075,	Delta[d](3) = 0.284071,	Delta[d](4) = 0.284071,	Delta[d](5) = 0.250556,	Delta[d](6) = 0.23672,	Delta[d](7) = 0.250556,	Delta[d](8) = 0.258075,	Delta[d](9) = 0.23672,	Delta[d](10) = 0.156742,	Delta[d](11) = 0.23672,	Delta[d](12) = 0.284071,	Delta[d](13) = 0.250556,	Delta[d](14) = 0.23672,	Delta[d](15) = 0.250556,	Delta[s+](0) = 0.47759,	Delta[s+](1) = 0.390858,	Delta[s+](2) = 0.258075,	Delta[s+](3) = 0.390858,	Delta[s+](4) = 0.390858,	Delta[s+](5) = 0.258075,	Delta[s+](6) = 0.122419,	Delta[s+](7) = 0.258075,	Delta[s+](8) = 0.258075,	Delta[s+](9) = 0.122419,	Delta[s+](10) = 0.0349458,	Delta[s+](11) = 0.122419,	Delta[s+](12) = 0.390858,	Delta[s+](13) = 0.258075,	Delta[s+](14) = 0.122419,	Delta[s+](15) = 0.258075
The 9-th iteration is completed.	|| time cost : 0h 5m 43.041s
********************************************************************************************************************
********************************************************************************************************************
Ground state is obtained after 10 iterations. The current ground-state energy is -61.9839, in which electron energy is -62.0634 and phonon energy is 0.0794321
final variational state is: 
	Gamma_x = [      1,1.02345,1.04599,1.02345,1.02345,1.04599,1.05627,1.04599,1.04599,1.05627, 1.0771,1.05627,1.02345,1.04599,1.05627,1.04599]
	lambda_q = [0.499973,0.431353,0.429553,0.431353,0.431353,0.429553,0.388877,0.429553,0.429553,0.388877,0.396233,0.388877,0.431353,0.429553,0.388877,0.429553]
********************************************************************************************************************
o___o  ----------------------------------------
| L |	Time since last clock: 0h 0m 0s
A===A	Time since the beginning: 0h 32m 2.073s
***********************************************


********************************************************************************************************************
Warm up runs have been completed. Start calculating W = 5 phonon.
open output files: NGSEDIterationObs.txt
********************************************************************************************************************
Start the 0 rounds of NGS-ED iteration
	effective electronic model is modified as: kinetic energy t = 0.851475
	                                           effective interaction Vq = [-2.28544,-2.11977,-2.11479,-2.11977,-2.11977,-2.11479,-1.99362,-2.11479,-2.11479,-1.99362,-2.01676,-1.99362,-2.11977,-2.11479,-1.99362,-2.11479]
	PARPACK diagonalization completed after 75 matrix-vector product operations.
	iteration results: : total energy is -55.721454 | electron energy -55.761195 + phonon energy 0.039741 | electron momentum kIdx = 0
	Nq(0) = 16,	Nq(1) = 0.34795,	Nq(2) = 0.368556,	Nq(3) = 0.34795,	Nq(4) = 0.34795,	Nq(5) = 0.368556,	Nq(6) = 0.564647,	Nq(7) = 0.368556,	Nq(8) = 0.368556,	Nq(9) = 0.564647,	Nq(10) = 0.595997,	Nq(11) = 0.564647,	Nq(12) = 0.34795,	Nq(13) = 0.368556,	Nq(14) = 0.564647,	Nq(15) = 0.368556,	Sq(0) = -1.03742e-17,	Sq(1) = 0.387379,	Sq(2) = 0.558621,	Sq(3) = 0.387379,	Sq(4) = 0.387379,	Sq(5) = 0.558621,	Sq(6) = 0.64863,	Sq(7) = 0.558621,	Sq(8) = 0.558621,	Sq(9) = 0.64863,	Sq(10) = 2.04652,	Sq(11) = 0.64863,	Sq(12) = 0.387379,	Sq(13) = 0.558621,	Sq(14) = 0.64863,	Sq(15) = 0.558621,	N(0) = 1.99897,	N(1) = 1.99736,	N(2) = 1,	N(3) = 1.99736,	N(4) = 1.99736,	N(5) = 1,	N(6) = 0.0026428,	N(7) = 1,	N(8) = 1,	N(9) = 0.0026428,	N(10) = 0.0010255,	N(11) = 0.0026428,	N(12) = 1.99736,	N(13) = 1,	N(14) = 0.0026428,	N(15) = 1,	Delta[s](0) = 0.254112,	Delta[s](1) = 0.2452,	Delta[s](2) = 0.192427,	Delta[s](3) = 0.2452,	Delta[s](4) = 0.2452,	Delta[s](5) = 0.192427,	Delta[s](6) = 0.184561,	Delta[s](7) = 0.192427,	Delta[s](8) = 0.192427,	Delta[s](9) = 0.184561,	Delta[s](10) = 0.101138,	Delta[s](11) = 0.184561,	Delta[s](12) = 0.2452,	Delta[s](13) = 0.192427,	Delta[s](14) = 0.184561,	Delta[s](15) = 0.192427,	Delta[d](0) = 0.552228,	Delta[d](1) = 0.321808,	Delta[d](2) = 0.280566,	Delta[d](3) = 0.321808,	Delta[d](4) = 0.321808,	Delta[d](5) = 0.332201,	Delta[d](6) = 0.247334,	Delta[d](7) = 0.332201,	Delta[d](8) = 0.280566,	Delta[d](9) = 0.247334,	Delta[d](10) = 0.115931,	Delta[d](11) = 0.247334,	Delta[d](12) = 0.321808,	Delta[d](13) = 0.332201,	Delta[d](14) = 0.247334,	Delta[d](15) = 0.332201,	Delta[s+](0) = 0.519068,	Delta[s+](1) = 0.425612,	Delta[s+](2) = 0.280566,	Delta[s+](3) = 0.425612,	Delta[s+](4) = 0.425612,	Delta[s+](5) = 0.280566,	Delta[s+](6) = 0.136837,	Delta[s+](7) = 0.280566,	Delta[s+](8) = 0.280566,	Delta[s+](9) = 0.136837,	Delta[s+](10) = 0.0376269,	Delta[s+](11) = 0.136837,	Delta[s+](12) = 0.425612,	Delta[s+](13) = 0.280566,	Delta[s+](14) = 0.136837,	Delta[s+](15) = 0.280566
The 0-th iteration is completed.	|| time cost : 0h 6m 0.52s
********************************************************************************************************************
Start the 1 rounds of NGS-ED iteration
	effective electronic model is modified as: kinetic energy t = 0.844916
	                                           effective interaction Vq = [-2.42104,-2.23606,-2.11459,-2.23606,-2.23606,-2.11459,-2.07695,-2.11459,-2.11459,-2.07695,-2.02416,-2.07695,-2.23606,-2.11459,-2.07695,-2.11459]
	PARPACK diagonalization completed after 45 matrix-vector product operations.
	iteration results: : total energy is -58.026975 | electron energy -58.135599 + phonon energy 0.108624 | electron momentum kIdx = 0
The 1-th iteration is completed.	|| time cost : 0h 0m 43.481s
********************************************************************************************************************
Start the 2 rounds of NGS-ED iteration
	effective electronic model is modified as: kinetic energy t = 0.838963
	                                           effective interaction Vq = [-2.47092,-2.29649,-2.11995,-2.29649,-2.29649,-2.11995,-2.12774,-2.11995,-2.11995,-2.12774,-2.03769,-2.12774,-2.29649,-2.11995,-2.12774,-2.11995]
	PARPACK diagonalization completed after 45 matrix-vector product operations.
	iteration results: : total energy is -58.872422 | electron energy -59.021656 + phonon energy 0.149234 | electron momentum kIdx = 0
The 2-th iteration is completed.	|| time cost : 0h 0m 43.435s
********************************************************************************************************************
Start the 3 rounds of NGS-ED iteration
	effective electronic model is modified as: kinetic energy t = 0.834742
	                                           effective interaction Vq = [-2.48927,-2.32933,-2.12489,-2.32933,-2.32933,-2.12489,-2.15833,-2.12489,-2.12489,-2.15833,-2.04804,-2.15833,-2.32933,-2.12489,-2.15833,-2.12489]
	PARPACK diagonalization completed after 45 matrix-vector product operations.
	iteration results: : total energy is -59.183549 | electron energy -59.355299 + phonon energy 0.171750 | electron momentum kIdx = 0
The 3-th iteration is completed.	|| time cost : 0h 0m 43.427s
********************************************************************************************************************
Start the 4 rounds of NGS-ED iteration
	effective electronic model is modified as: kinetic energy t = 0.831992
	                                           effective interaction Vq = [-2.49602,-2.34777,-2.12839,-2.34777,-2.34777,-2.12839,-2.17675,-2.12839,-2.12839,-2.17675,-2.05475,-2.17675,-2.34777,-2.12839,-2.17675,-2.12839]
	PARPACK diagonalization completed after 45 matrix-vector product operations.
	iteration results: : total energy is -59.298080 | electron energy -59.482735 + phonon energy 0.184655 | electron momentum kIdx = 0
The 4-th iteration is completed.	|| time cost : 0h 0m 43.462s
********************************************************************************************************************
Start the 5 rounds of NGS-ED iteration
	effective electronic model is modified as: kinetic energy t = 0.830265
	                                           effective interaction Vq = [-2.49851,-2.35836,-2.13066,-2.35836,-2.35836,-2.13066,-2.18789,-2.13066,-2.13066,-2.18789,-2.05886,-2.18789,-2.35836,-2.13066,-2.18789,-2.13066]
	PARPACK diagonalization completed after 45 matrix-vector product operations.
	iteration results: : total energy is -59.340229 | electron energy -59.532506 + phonon energy 0.192277 | electron momentum kIdx = 0
The 5-th iteration is completed.	|| time cost : 0h 0m 43.253s
********************************************************************************************************************
Start the 6 rounds of NGS-ED iteration
	effective electronic model is modified as: kinetic energy t = 0.8292
	                                           effective interaction Vq = [-2.49942,-2.36453,-2.13209,-2.36453,-2.36453,-2.13209,-2.19464,-2.13209,-2.13209,-2.19464,-2.06132,-2.19464,-2.36453,-2.13209,-2.19464,-2.13209]
	PARPACK diagonalization completed after 45 matrix-vector product operations.
	iteration results: : total energy is -59.355736 | electron energy -59.552591 + phonon energy 0.196855 | electron momentum kIdx = 0
The 6-th iteration is completed.	|| time cost : 0h 0m 43.497s
********************************************************************************************************************
Start the 7 rounds of NGS-ED iteration
	effective electronic model is modified as: kinetic energy t = 0.828548
	                                           effective interaction Vq = [-2.49976,-2.36817,-2.13297,-2.36817,-2.36817,-2.13297,-2.19875,-2.13297,-2.13297,-2.19875,-2.06278,-2.19875,-2.36817,-2.13297,-2.19875,-2.13297]
	PARPACK diagonalization completed after 45 matrix-vector product operations.
	iteration results: : total energy is -59.361440 | electron energy -59.561067 + phonon energy 0.199626 | electron momentum kIdx = 0
The 7-th iteration is completed.	|| time cost : 0h 0m 43.432s
********************************************************************************************************************
Start the 8 rounds of NGS-ED iteration
	effective electronic model is modified as: kinetic energy t = 0.828152
	                                           effective interaction Vq = [-2.49988,-2.37033, -2.1335,-2.37033,-2.37033, -2.1335,-2.20124, -2.1335, -2.1335,-2.20124,-2.06364,-2.20124,-2.37033, -2.1335,-2.20124, -2.1335]
	PARPACK diagonalization completed after 45 matrix-vector product operations.
	iteration results: : total energy is -59.363538 | electron energy -59.564847 + phonon energy 0.201309 | electron momentum kIdx = 0
The 8-th iteration is completed.	|| time cost : 0h 0m 43.428s
********************************************************************************************************************
Start the 9 rounds of NGS-ED iteration
	effective electronic model is modified as: kinetic energy t = 0.827912
	                                           effective interaction Vq = [-2.49993,-2.37161,-2.13383,-2.37161,-2.37161,-2.13383,-2.20277,-2.13383,-2.13383,-2.20277,-2.06416,-2.20277,-2.37161,-2.13383,-2.20277,-2.13383]
	PARPACK diagonalization completed after 45 matrix-vector product operations.
	iteration results: : total energy is -59.364310 | electron energy -59.566640 + phonon energy 0.202331 | electron momentum kIdx = 0
The 9-th iteration is completed.	|| time cost : 0h 0m 43.338s
********************************************************************************************************************
Start the 10 rounds of NGS-ED iteration
	effective electronic model is modified as: kinetic energy t = 0.827766
	                                           effective interaction Vq = [-2.49994,-2.37238,-2.13403,-2.37238,-2.37238,-2.13403,-2.20369,-2.13403,-2.13403,-2.20369,-2.06446,-2.20369,-2.37238,-2.13403,-2.20369,-2.13403]
	PARPACK diagonalization completed after 45 matrix-vector product operations.
	iteration results: : total energy is -59.364593 | electron energy -59.567545 + phonon energy 0.202951 | electron momentum kIdx = 0
	Nq(0) = 16,	Nq(1) = 0.398606,	Nq(2) = 0.367419,	Nq(3) = 0.398606,	Nq(4) = 0.398606,	Nq(5) = 0.367419,	Nq(6) = 0.618755,	Nq(7) = 0.367419,	Nq(8) = 0.367419,	Nq(9) = 0.618755,	Nq(10) = 0.59956,	Nq(11) = 0.618755,	Nq(12) = 0.398606,	Nq(13) = 0.367419,	Nq(14) = 0.618755,	Nq(15) = 0.367419,	Sq(0) = 1.24203e-18,	Sq(1) = 0.373949,	Sq(2) = 0.543947,	Sq(3) = 0.373949,	Sq(4) = 0.373949,	Sq(5) = 0.543947,	Sq(6) = 0.625969,	Sq(7) = 0.543947,	Sq(8) = 0.543947,	Sq(9) = 0.625969,	Sq(10) = 1.86313,	Sq(11) = 0.625969,	Sq(12) = 0.373949,	Sq(13) = 0.543947,	Sq(14) = 0.625969,	Sq(15) = 0.543947,	N(0) = 1.99969,	N(1) = 1.99928,	N(2) = 1,	N(3) = 1.99928,	N(4) = 1.99928,	N(5) = 1,	N(6) = 0.000716036,	N(7) = 1,	N(8) = 1,	N(9) = 0.000716036,	N(10) = 0.000307467,	N(11) = 0.000716036,	N(12) = 1.99928,	N(13) = 1,	N(14) = 0.000716036,	N(15) = 1,	Delta[s](0) = 0.260799,	Delta[s](1) = 0.258536,	Delta[s](2) = 0.203228,	Delta[s](3) = 0.258536,	Delta[s](4) = 0.258536,	Delta[s](5) = 0.203228,	Delta[s](6) = 0.201013,	Delta[s](7) = 0.203228,	Delta[s](8) = 0.203228,	Delta[s](9) = 0.201013,	Delta[s](10) = 0.118394,	Delta[s](11) = 0.201013,	Delta[s](12) = 0.258536,	Delta[s](13) = 0.203228,	Delta[s](14) = 0.201013,	Delta[s](15) = 0.203228,	Delta[d](0) = 0.570557,	Delta[d](1) = 0.331882,	Delta[d](2) = 0.293209,	Delta[d](3) = 0.331882,	Delta[d](4) = 0.331882,	Delta[d](5) = 0.346914,	Delta[d](6) = 0.26126,	Delta[d](7) = 0.346914,	Delta[d](8) = 0.293209,	Delta[d](9) = 0.26126,	Delta[d](10) = 0.130763,	Delta[d](11) = 0.26126,	Delta[d](12) = 0.331882,	Delta[d](13) = 0.346914,	Delta[d](14) = 0.26126,	Delta[d](15) = 0.346914,	Delta[s+](0) = 0.534968,	Delta[s+](1) = 0.438418,	Delta[s+](2) = 0.293209,	Delta[s+](3) = 0.438418,	Delta[s+](4) = 0.438418,	Delta[s+](5) = 0.293209,	Delta[s+](6) = 0.145037,	Delta[s+](7) = 0.293209,	Delta[s+](8) = 0.293209,	Delta[s+](9) = 0.145037,	Delta[s+](10) = 0.0450568,	Delta[s+](11) = 0.145037,	Delta[s+](12) = 0.438418,	Delta[s+](13) = 0.293209,	Delta[s+](14) = 0.145037,	Delta[s+](15) = 0.293209
The 10-th iteration is completed.	|| time cost : 0h 5m 50.208s
********************************************************************************************************************
Start the 11 rounds of NGS-ED iteration
	effective electronic model is modified as: kinetic energy t = 0.827678
	                                           effective interaction Vq = [-2.49995,-2.37283,-2.13415,-2.37283,-2.37283,-2.13415,-2.20426,-2.13415,-2.13415,-2.20426,-2.06464,-2.20426,-2.37283,-2.13415,-2.20426,-2.13415]
	PARPACK diagonalization completed after 30 matrix-vector product operations.
	iteration results: : total energy is -59.364698 | electron energy -59.568026 + phonon energy 0.203329 | electron momentum kIdx = 0
The 11-th iteration is completed.	|| time cost : 0h 0m 48.277s
********************************************************************************************************************
Start the 12 rounds of NGS-ED iteration
	effective electronic model is modified as: kinetic energy t = 0.827624
	                                           effective interaction Vq = [-2.49995,-2.37311,-2.13422,-2.37311,-2.37311,-2.13422, -2.2046,-2.13422,-2.13422, -2.2046,-2.06474, -2.2046,-2.37311,-2.13422, -2.2046,-2.13422]
	PARPACK diagonalization completed after 30 matrix-vector product operations.
	iteration results: : total energy is -59.364736 | electron energy -59.568294 + phonon energy 0.203557 | electron momentum kIdx = 0
The 12-th iteration is completed.	|| time cost : 0h 0m 38.489s
********************************************************************************************************************
Start the 13 rounds of NGS-ED iteration
	effective electronic model is modified as: kinetic energy t = 0.827592
	                                           effective interaction Vq = [-2.49995,-2.37327,-2.13426,-2.37327,-2.37327,-2.13426,-2.20481,-2.13426,-2.13426,-2.20481,-2.06481,-2.20481,-2.37327,-2.13426,-2.20481,-2.13426]
	PARPACK diagonalization completed after 30 matrix-vector product operations.
	iteration results: : total energy is -59.364750 | electron energy -59.568447 + phonon energy 0.203696 | electron momentum kIdx = 0
The 13-th iteration is completed.	|| time cost : 0h 0m 36.387s
********************************************************************************************************************
Start the 14 rounds of NGS-ED iteration
	effective electronic model is modified as: kinetic energy t = 0.827573
	                                           effective interaction Vq = [-2.49995,-2.37337,-2.13429,-2.37337,-2.37337,-2.13429,-2.20494,-2.13429,-2.13429,-2.20494,-2.06484,-2.20494,-2.37337,-2.13429,-2.20494,-2.13429]
	PARPACK diagonalization completed after 30 matrix-vector product operations.
	iteration results: : total energy is -59.364755 | electron energy -59.568536 + phonon energy 0.203781 | electron momentum kIdx = 0
The 14-th iteration is completed.	|| time cost : 0h 0m 36.225s
********************************************************************************************************************
Start the 15 rounds of NGS-ED iteration
	effective electronic model is modified as: kinetic energy t = 0.827561
	                                           effective interaction Vq = [-2.49995,-2.37343, -2.1343,-2.37343,-2.37343, -2.1343,-2.20502, -2.1343, -2.1343,-2.20502,-2.06487,-2.20502,-2.37343, -2.1343,-2.20502, -2.1343]
	PARPACK diagonalization completed after 30 matrix-vector product operations.
	iteration results: : total energy is -59.364757 | electron energy -59.568589 + phonon energy 0.203832 | electron momentum kIdx = 0
The 15-th iteration is completed.	|| time cost : 0h 0m 36.287s
********************************************************************************************************************
Start the 16 rounds of NGS-ED iteration
	effective electronic model is modified as: kinetic energy t = 0.827554
	                                           effective interaction Vq = [-2.49995,-2.37347,-2.13431,-2.37347,-2.37347,-2.13431,-2.20507,-2.13431,-2.13431,-2.20507,-2.06488,-2.20507,-2.37347,-2.13431,-2.20507,-2.13431]
	PARPACK diagonalization completed after 30 matrix-vector product operations.
	iteration results: : total energy is -59.364758 | electron energy -59.568621 + phonon energy 0.203863 | electron momentum kIdx = 0
The 16-th iteration is completed.	|| time cost : 0h 0m 36.407s
********************************************************************************************************************
Start the 17 rounds of NGS-ED iteration
	effective electronic model is modified as: kinetic energy t = 0.827549
	                                           effective interaction Vq = [-2.49995,-2.37349,-2.13432,-2.37349,-2.37349,-2.13432,-2.20509,-2.13432,-2.13432,-2.20509,-2.06489,-2.20509,-2.37349,-2.13432,-2.20509,-2.13432]
	PARPACK diagonalization completed after 30 matrix-vector product operations.
	iteration results: : total energy is -59.364758 | electron energy -59.568640 + phonon energy 0.203882 | electron momentum kIdx = 0
The 17-th iteration is completed.	|| time cost : 0h 0m 36.385s
********************************************************************************************************************
Start the 18 rounds of NGS-ED iteration
	effective electronic model is modified as: kinetic energy t = 0.827547
	                                           effective interaction Vq = [-2.49995, -2.3735,-2.13432, -2.3735, -2.3735,-2.13432,-2.20511,-2.13432,-2.13432,-2.20511,-2.06489,-2.20511, -2.3735,-2.13432,-2.20511,-2.13432]
	PARPACK diagonalization completed after 30 matrix-vector product operations.
	iteration results: : total energy is -59.364758 | electron energy -59.568651 + phonon energy 0.203893 | electron momentum kIdx = 0
The 18-th iteration is completed.	|| time cost : 0h 0m 36.446s
********************************************************************************************************************
Start the 19 rounds of NGS-ED iteration
	effective electronic model is modified as: kinetic energy t = 0.827545
	                                           effective interaction Vq = [-2.49995,-2.37351,-2.13432,-2.37351,-2.37351,-2.13432,-2.20512,-2.13432,-2.13432,-2.20512,-2.06489,-2.20512,-2.37351,-2.13432,-2.20512,-2.13432]
	PARPACK diagonalization completed after 30 matrix-vector product operations.
	iteration results: : total energy is -59.364758 | electron energy -59.568658 + phonon energy 0.203900 | electron momentum kIdx = 0
The 19-th iteration is completed.	|| time cost : 0h 0m 36.52s
********************************************************************************************************************
Start the 20 rounds of NGS-ED iteration
	effective electronic model is modified as: kinetic energy t = 0.827544
	                                           effective interaction Vq = [-2.49995,-2.37351,-2.13432,-2.37351,-2.37351,-2.13432,-2.20513,-2.13432,-2.13432,-2.20513, -2.0649,-2.20513,-2.37351,-2.13432,-2.20513,-2.13432]
	PARPACK diagonalization completed after 30 matrix-vector product operations.
	iteration results: : total energy is -59.364758 | electron energy -59.568663 + phonon energy 0.203904 | electron momentum kIdx = 0
	Nq(0) = 16,	Nq(1) = 0.398893,	Nq(2) = 0.367413,	Nq(3) = 0.398893,	Nq(4) = 0.398893,	Nq(5) = 0.367413,	Nq(6) = 0.61916,	Nq(7) = 0.367413,	Nq(8) = 0.367413,	Nq(9) = 0.61916,	Nq(10) = 0.599573,	Nq(11) = 0.61916,	Nq(12) = 0.398893,	Nq(13) = 0.367413,	Nq(14) = 0.61916,	Nq(15) = 0.367413,	Sq(0) = 5.91924e-18,	Sq(1) = 0.373856,	Sq(2) = 0.543841,	Sq(3) = 0.373856,	Sq(4) = 0.373856,	Sq(5) = 0.543841,	Sq(6) = 0.625817,	Sq(7) = 0.543841,	Sq(8) = 0.543841,	Sq(9) = 0.625817,	Sq(10) = 1.862,	Sq(11) = 0.625817,	Sq(12) = 0.373856,	Sq(13) = 0.543841,	Sq(14) = 0.625817,	Sq(15) = 0.543841,	N(0) = 1.99969,	N(1) = 1.99928,	N(2) = 1,	N(3) = 1.99928,	N(4) = 1.99928,	N(5) = 1,	N(6) = 0.000722105,	N(7) = 1,	N(8) = 1,	N(9) = 0.000722105,	N(10) = 0.000305848,	N(11) = 0.000722105,	N(12) = 1.99928,	N(13) = 1,	N(14) = 0.000722105,	N(15) = 1,	Delta[s](0) = 0.260842,	Delta[s](1) = 0.258618,	Delta[s](2) = 0.203304,	Delta[s](3) = 0.258618,	Delta[s](4) = 0.258618,	Delta[s](5) = 0.203304,	Delta[s](6) = 0.201119,	Delta[s](7) = 0.203304,	Delta[s](8) = 0.203304,	Delta[s](9) = 0.201119,	Delta[s](10) = 0.118518,	Delta[s](11) = 0.201119,	Delta[s](12) = 0.258618,	Delta[s](13) = 0.203304,	Delta[s](14) = 0.201119,	Delta[s](15) = 0.203304,	Delta[d](0) = 0.570644,	Delta[d](1) = 0.331955,	Delta[d](2) = 0.293292,	Delta[d](3) = 0.331955,	Delta[d](4) = 0.331955,	Delta[d](5) = 0.347011,	Delta[d](6) = 0.261352,	Delta[d](7) = 0.347011,	Delta[d](8) = 0.293292,	Delta[d](9) = 0.261352,	Delta[d](10) = 0.130872,	Delta[d](11) = 0.261352,	Delta[d](12) = 0.331955,	Delta[d](13) = 0.347011,	Delta[d](14) = 0.261352,	Delta[d](15) = 0.347011,	Delta[s+](0) = 0.535059,	Delta[s+](1) = 0.438495,	Delta[s+](2) = 0.293292,	Delta[s+](3) = 0.438495,	Delta[s+](4) = 0.438495,	Delta[s+](5) = 0.293292,	Delta[s+](6) = 0.145101,	Delta[s+](7) = 0.293292,	Delta[s+](8) = 0.293292,	Delta[s+](9) = 0.145101,	Delta[s+](10) = 0.0451156,	Delta[s+](11) = 0.145101,	Delta[s+](12) = 0.438495,	Delta[s+](13) = 0.293292,	Delta[s+](14) = 0.145101,	Delta[s+](15) = 0.293292
The 20-th iteration is completed.	|| time cost : 0h 5m 36.993s
********************************************************************************************************************
Start the 21 rounds of NGS-ED iteration
	effective electronic model is modified as: kinetic energy t = 0.827543
	                                           effective interaction Vq = [-2.49995,-2.37352,-2.13433,-2.37352,-2.37352,-2.13433,-2.20513,-2.13433,-2.13433,-2.20513, -2.0649,-2.20513,-2.37352,-2.13433,-2.20513,-2.13433]
	PARPACK diagonalization completed after 30 matrix-vector product operations.
	iteration results: : total energy is -59.364758 | electron energy -59.568665 + phonon energy 0.203907 | electron momentum kIdx = 0
The 21-th iteration is completed.	|| time cost : 0h 0m 36.612s
********************************************************************************************************************
Start the 22 rounds of NGS-ED iteration
	effective electronic model is modified as: kinetic energy t = 0.827543
	                                           effective interaction Vq = [-2.49995,-2.37352,-2.13433,-2.37352,-2.37352,-2.13433,-2.20514,-2.13433,-2.13433,-2.20514, -2.0649,-2.20514,-2.37352,-2.13433,-2.20514,-2.13433]
	PARPACK diagonalization completed after 30 matrix-vector product operations.
	iteration results: : total energy is -59.364758 | electron energy -59.568667 + phonon energy 0.203908 | electron momentum kIdx = 0
The 22-th iteration is completed.	|| time cost : 0h 0m 36.384s
********************************************************************************************************************
Start the 23 rounds of NGS-ED iteration
	effective electronic model is modified as: kinetic energy t = 0.827543
	                                           effective interaction Vq = [-2.49995,-2.37352,-2.13433,-2.37352,-2.37352,-2.13433,-2.20514,-2.13433,-2.13433,-2.20514, -2.0649,-2.20514,-2.37352,-2.13433,-2.20514,-2.13433]
	PARPACK diagonalization completed after 30 matrix-vector product operations.
	iteration results: : total energy is -59.364758 | electron energy -59.568668 + phonon energy 0.203909 | electron momentum kIdx = 0
The 23-th iteration is completed.	|| time cost : 0h 0m 36.359s
********************************************************************************************************************
Start the 24 rounds of NGS-ED iteration
	effective electronic model is modified as: kinetic energy t = 0.827543
	                                           effective interaction Vq = [-2.49995,-2.37352,-2.13433,-2.37352,-2.37352,-2.13433,-2.20514,-2.13433,-2.13433,-2.20514, -2.0649,-2.20514,-2.37352,-2.13433,-2.20514,-2.13433]
	PARPACK diagonalization completed after 30 matrix-vector product operations.
	iteration results: : total energy is -59.364758 | electron energy -59.568668 + phonon energy 0.203910 | electron momentum kIdx = 0
The 24-th iteration is completed.	|| time cost : 0h 0m 37.153s
