TACC:  Starting up job 1816765 
TACC:  Starting parallel tasks... 
SNEDics v3.4 Non-Gaussian ED ground state program		Start at Sun Oct 25 05:21:23 2020

parallized on 16 MPI threads  * 7 OpenMP threads = 112 total threads.
********************************************************************************************************************
********************************************************************************************************************

********************************************************************************************************************
System parameters and configurations
********************************************************************************************************************
Special program options are enabled: splitted diagonal Hamiltonian
********************************************************************************************************************
Read input file "model_params.in"
	Hubbard-Holstein model parameters : 	t = 1    U = 2    g = 1.7321    W = 1    
********************************************************************************************************************
Read input file "hilbertspace_params.in"
	Requested 16-site 2D lattice, with 14 electrons (7, 7)
	Boundary : Periodic		Hilbert space representation : momentum-space (restricted to kIdx = 10)
	Conservation: particle number[U(1)]      spin[U(1)]     momentum
********************************************************************************************************************

Cluster Positions:				Cluster symmetry group : D4
 x ... x ... x ... x .....                       x ... x ... x ... x .....
 |           |           :                       |           |           :
 |           |           :                       |           |           :
12    13    14    15     x                       1     5     6     5     x
 |           |           :                       |           |           :
 |           |           :                       |           |           :
 8 --- 9 ---10 ---11 --- x                       2 --- 6 ---10 --- 6 --- x
 |           |           :                       |           |           :
 |           |           :                       |           |           :
 4     5     6     7     x                       1     5     6     5     x
 |           |           :                       |           |           :
 |           |           :                       |           |           :
 0 --- 1 --- 2 --- 3 --- x                       0 --- 1 --- 2 --- 1 --- x
orbital number : 1
********************************************************************************************************************
Read input file "obs_params.in"
	Observable Type : Nq(All),   Sq(All),   N(All),   Delta[s](All),   Delta[d](All),   Delta[s+](All)
********************************************************************************************************************
** WARNING ** the input observables have non-local factors which have been reinterpreted. The total observable number is 96
********************************************************************************************************************


********************************************************************************************************************
Start calculating the non-Gaussian ED ground state
Input file varState.dat exists. Start iterations from it.
open output files: NGSEDIterationObs.txt
********************************************************************************************************************
Start the 0 rounds of NGS-ED iteration
	effective electronic model is modified as: kinetic energy t = 0.556101
	                                           effective interaction Vq = [-3.00017,-2.66771,-2.42423,-2.66771,-2.66772,-2.34972,-2.14499,-2.34972,-2.42421,-2.14499, -2.9983,-2.14499,-2.66772,-2.34972,-2.14499,-2.34972]
	first Hamiltonian is constructed, non-zero numbers = 9412541560
	PARPACK diagonalization completed after 60 matrix-vector product operations.
	iteration results: : total energy is -70.303537 | electron energy -71.384539 + phonon energy 1.081002 | electron momentum kIdx = 10
	Nq(0) = 12.25,	Nq(1) = 0.283696,	Nq(2) = 0.322276,	Nq(3) = 0.283696,	Nq(4) = 0.283696,	Nq(5) = 0.317936,	Nq(6) = 0.347257,	Nq(7) = 0.317936,	Nq(8) = 0.322276,	Nq(9) = 0.347256,	Nq(10) = 9.94136,	Nq(11) = 0.347256,	Nq(12) = 0.283696,	Nq(13) = 0.317936,	Nq(14) = 0.347257,	Nq(15) = 0.317936,	Sq(0) = -1.09773e-18,	Sq(1) = 0.0492556,	Sq(2) = 0.0874785,	Sq(3) = 0.0492556,	Sq(4) = 0.0492556,	Sq(5) = 0.0876421,	Sq(6) = 0.122986,	Sq(7) = 0.0876421,	Sq(8) = 0.0874784,	Sq(9) = 0.122986,	Sq(10) = 0.154045,	Sq(11) = 0.122986,	Sq(12) = 0.0492556,	Sq(13) = 0.0876421,	Sq(14) = 0.122986,	Sq(15) = 0.0876421,	N(0) = 1.66247,	N(1) = 1.32023,	N(2) = 0.821229,	N(3) = 1.32023,	N(4) = 1.32023,	N(5) = 0.817115,	N(6) = 0.472186,	N(7) = 0.817115,	N(8) = 0.821229,	N(9) = 0.472186,	N(10) = 0.256957,	N(11) = 0.472186,	N(12) = 1.32023,	N(13) = 0.817115,	N(14) = 0.472186,	N(15) = 0.817115,	Delta[s](0) = 0.442116,	Delta[s](1) = 0.394594,	Delta[s](2) = 0.389148,	Delta[s](3) = 0.394594,	Delta[s](4) = 0.394594,	Delta[s](5) = 0.388598,	Delta[s](6) = 0.386773,	Delta[s](7) = 0.388598,	Delta[s](8) = 0.389149,	Delta[s](9) = 0.386772,	Delta[s](10) = 0.415462,	Delta[s](11) = 0.386772,	Delta[s](12) = 0.394594,	Delta[s](13) = 0.388598,	Delta[s](14) = 0.386773,	Delta[s](15) = 0.388598,	Delta[d](0) = 0.0855596,	Delta[d](1) = 0.0837578,	Delta[d](2) = 0.103707,	Delta[d](3) = 0.0837578,	Delta[d](4) = 0.0837578,	Delta[d](5) = 0.0666878,	Delta[d](6) = 0.0676443,	Delta[d](7) = 0.0666878,	Delta[d](8) = 0.103707,	Delta[d](9) = 0.0676443,	Delta[d](10) = 0.0479003,	Delta[d](11) = 0.0676443,	Delta[d](12) = 0.0837578,	Delta[d](13) = 0.0666878,	Delta[d](14) = 0.0676443,	Delta[d](15) = 0.0666878,	Delta[s+](0) = 0.260134,	Delta[s+](1) = 0.165065,	Delta[s+](2) = 0.103707,	Delta[s+](3) = 0.165065,	Delta[s+](4) = 0.165066,	Delta[s+](5) = 0.103263,	Delta[s+](6) = 0.0603561,	Delta[s+](7) = 0.103263,	Delta[s+](8) = 0.103707,	Delta[s+](9) = 0.060356,	Delta[s+](10) = 0.0399059,	Delta[s+](11) = 0.060356,	Delta[s+](12) = 0.165066,	Delta[s+](13) = 0.103263,	Delta[s+](14) = 0.0603561,	Delta[s+](15) = 0.103263
The 0-th iteration is completed.	|| time cost : 0h 10m 36.813s
********************************************************************************************************************
Start the 1 rounds of NGS-ED iteration
	effective electronic model is modified as: kinetic energy t = 0.558483
	                                           effective interaction Vq = [-3.00017,-2.66344,-2.41301,-2.66344,-2.66345,-2.34975,-2.14416,-2.34975,  -2.413,-2.14416,-2.99826,-2.14416,-2.66345,-2.34975,-2.14416,-2.34975]
	PARPACK diagonalization completed after 30 matrix-vector product operations.
	iteration results: : total energy is -70.304692 | electron energy -71.400496 + phonon energy 1.095804 | electron momentum kIdx = 10
The 1-th iteration is completed.	|| time cost : 0h 0m 21.591s
********************************************************************************************************************
Start the 2 rounds of NGS-ED iteration
	effective electronic model is modified as: kinetic energy t = 0.560497
	                                           effective interaction Vq = [-3.00017,-2.65955,-2.40362,-2.65955,-2.65956,-2.34936,-2.14307,-2.34936,-2.40361,-2.14307,-2.99822,-2.14307,-2.65956,-2.34936,-2.14307,-2.34936]
	PARPACK diagonalization completed after 30 matrix-vector product operations.
	iteration results: : total energy is -70.305486 | electron energy -71.412757 + phonon energy 1.107271 | electron momentum kIdx = 10
The 2-th iteration is completed.	|| time cost : 0h 0m 21.599s
********************************************************************************************************************
Start the 3 rounds of NGS-ED iteration
	effective electronic model is modified as: kinetic energy t = 0.562209
	                                           effective interaction Vq = [-3.00017,-2.65603,-2.39566,-2.65603,-2.65603,-2.34873,-2.14189,-2.34873,-2.39565,-2.14189,-2.99819,-2.14189,-2.65603,-2.34873,-2.14189,-2.34873]
	PARPACK diagonalization completed after 30 matrix-vector product operations.
	iteration results: : total energy is -70.306054 | electron energy -71.422303 + phonon energy 1.116249 | electron momentum kIdx = 10
The 3-th iteration is completed.	|| time cost : 0h 0m 21.64s
********************************************************************************************************************
Start the 4 rounds of NGS-ED iteration
	effective electronic model is modified as: kinetic energy t = 0.563672
	                                           effective interaction Vq = [-3.00017,-2.65285,-2.38884,-2.65285,-2.65286,  -2.348,-2.14072,  -2.348,-2.38883,-2.14072,-2.99817,-2.14072,-2.65286,  -2.348,-2.14072,  -2.348]
	PARPACK diagonalization completed after 30 matrix-vector product operations.
	iteration results: : total energy is -70.306471 | electron energy -71.429800 + phonon energy 1.123329 | electron momentum kIdx = 10
The 4-th iteration is completed.	|| time cost : 0h 0m 21.683s
********************************************************************************************************************
Start the 5 rounds of NGS-ED iteration
	effective electronic model is modified as: kinetic energy t = 0.564926
	                                           effective interaction Vq = [-3.00017,   -2.65,-2.38294,   -2.65,   -2.65,-2.34723,-2.13958,-2.34723,-2.38293,-2.13958,-2.99815,-2.13958,   -2.65,-2.34723,-2.13958,-2.34723]
	PARPACK diagonalization completed after 30 matrix-vector product operations.
	iteration results: : total energy is -70.306782 | electron energy -71.435715 + phonon energy 1.128933 | electron momentum kIdx = 10
The 5-th iteration is completed.	|| time cost : 0h 0m 23.178s
********************************************************************************************************************
Start the 6 rounds of NGS-ED iteration
	effective electronic model is modified as: kinetic energy t = 0.566005
	                                           effective interaction Vq = [-3.00017,-2.64743,-2.37779,-2.64743,-2.64744,-2.34645,-2.13852,-2.34645,-2.37778,-2.13851,-2.99814,-2.13851,-2.64744,-2.34645,-2.13852,-2.34645]
	PARPACK diagonalization completed after 30 matrix-vector product operations.
	iteration results: : total energy is -70.307018 | electron energy -71.440394 + phonon energy 1.133376 | electron momentum kIdx = 10
The 6-th iteration is completed.	|| time cost : 0h 0m 21.569s
********************************************************************************************************************
Start the 7 rounds of NGS-ED iteration
	effective electronic model is modified as: kinetic energy t = 0.566937
	                                           effective interaction Vq = [-3.00017,-2.64513,-2.37327,-2.64513,-2.64513,-2.34571,-2.13752,-2.34571,-2.37327,-2.13752,-2.99812,-2.13752,-2.64513,-2.34571,-2.13752,-2.34571]
	PARPACK diagonalization completed after 30 matrix-vector product operations.
	iteration results: : total energy is -70.307197 | electron energy -71.444097 + phonon energy 1.136899 | electron momentum kIdx = 10
The 7-th iteration is completed.	|| time cost : 0h 0m 21.627s
********************************************************************************************************************
Start the 8 rounds of NGS-ED iteration
	effective electronic model is modified as: kinetic energy t = 0.567744
	                                           effective interaction Vq = [-3.00017,-2.64307,-2.36929,-2.64307,-2.64307,-2.34499, -2.1366,-2.34499,-2.36928,-2.13659,-2.99811,-2.13659,-2.64307,-2.34499, -2.1366,-2.34499]
	PARPACK diagonalization completed after 30 matrix-vector product operations.
	iteration results: : total energy is -70.307336 | electron energy -71.447024 + phonon energy 1.139688 | electron momentum kIdx = 10
The 8-th iteration is completed.	|| time cost : 0h 0m 21.683s
********************************************************************************************************************
Start the 9 rounds of NGS-ED iteration
	effective electronic model is modified as: kinetic energy t = 0.568446
	                                           effective interaction Vq = [-3.00017,-2.64122,-2.36576,-2.64122,-2.64122,-2.34432,-2.13574,-2.34432,-2.36576,-2.13574, -2.9981,-2.13574,-2.64122,-2.34432,-2.13574,-2.34432]
	PARPACK diagonalization completed after 30 matrix-vector product operations.
	iteration results: : total energy is -70.307443 | electron energy -71.449333 + phonon energy 1.141890 | electron momentum kIdx = 10
The 9-th iteration is completed.	|| time cost : 0h 0m 21.572s
********************************************************************************************************************
Start the 10 rounds of NGS-ED iteration
	effective electronic model is modified as: kinetic energy t = 0.569058
	                                           effective interaction Vq = [-3.00017,-2.63956,-2.36264,-2.63956,-2.63956,-2.34369,-2.13495,-2.34369,-2.36263,-2.13495,-2.99809,-2.13495,-2.63956,-2.34369,-2.13495,-2.34369]
	PARPACK diagonalization completed after 30 matrix-vector product operations.
	iteration results: : total energy is -70.307527 | electron energy -71.451150 + phonon energy 1.143623 | electron momentum kIdx = 10
The 10-th iteration is completed.	|| time cost : 0h 0m 21.634s
********************************************************************************************************************
Start the 11 rounds of NGS-ED iteration
	effective electronic model is modified as: kinetic energy t = 0.569593
	                                           effective interaction Vq = [-3.00017,-2.63808,-2.35986,-2.63808,-2.63808, -2.3431,-2.13422, -2.3431,-2.35985,-2.13422,-2.99809,-2.13422,-2.63808, -2.3431,-2.13422, -2.3431]
	PARPACK diagonalization completed after 30 matrix-vector product operations.
	iteration results: : total energy is -70.307593 | electron energy -71.452572 + phonon energy 1.144979 | electron momentum kIdx = 10
The 11-th iteration is completed.	|| time cost : 0h 0m 21.585s
********************************************************************************************************************
Start the 12 rounds of NGS-ED iteration
	effective electronic model is modified as: kinetic energy t = 0.570063
	                                           effective interaction Vq = [-3.00017,-2.63675,-2.35738,-2.63675,-2.63675,-2.34255,-2.13355,-2.34255,-2.35737,-2.13355,-2.99808,-2.13355,-2.63675,-2.34255,-2.13355,-2.34255]
	PARPACK diagonalization completed after 30 matrix-vector product operations.
	iteration results: : total energy is -70.307645 | electron energy -71.453681 + phonon energy 1.146036 | electron momentum kIdx = 10
The 12-th iteration is completed.	|| time cost : 0h 0m 21.615s
********************************************************************************************************************
Start the 13 rounds of NGS-ED iteration
	effective electronic model is modified as: kinetic energy t = 0.570476
	                                           effective interaction Vq = [-3.00017,-2.63555,-2.35516,-2.63555,-2.63555,-2.34204,-2.13293,-2.34204,-2.35516,-2.13293,-2.99808,-2.13293,-2.63555,-2.34204,-2.13293,-2.34204]
	PARPACK diagonalization completed after 30 matrix-vector product operations.
	iteration results: : total energy is -70.307687 | electron energy -71.454539 + phonon energy 1.146853 | electron momentum kIdx = 10
The 13-th iteration is completed.	|| time cost : 0h 0m 21.58s
********************************************************************************************************************
Start the 14 rounds of NGS-ED iteration
	effective electronic model is modified as: kinetic energy t = 0.57084
	                                           effective interaction Vq = [-3.00017,-2.63448,-2.35319,-2.63448,-2.63448,-2.34157,-2.13235,-2.34157,-2.35319,-2.13235,-2.99807,-2.13235,-2.63448,-2.34157,-2.13235,-2.34157]
	PARPACK diagonalization completed after 30 matrix-vector product operations.
	iteration results: : total energy is -70.307720 | electron energy -71.455198 + phonon energy 1.147478 | electron momentum kIdx = 10
The 14-th iteration is completed.	|| time cost : 0h 0m 21.59s
********************************************************************************************************************
Start the 15 rounds of NGS-ED iteration
	effective electronic model is modified as: kinetic energy t = 0.571163
	                                           effective interaction Vq = [-3.00017,-2.63352,-2.35142,-2.63352,-2.63352,-2.34114,-2.13182,-2.34114,-2.35142,-2.13182,-2.99807,-2.13182,-2.63352,-2.34114,-2.13182,-2.34114]
	PARPACK diagonalization completed after 30 matrix-vector product operations.
	iteration results: : total energy is -70.307746 | electron energy -71.455699 + phonon energy 1.147953 | electron momentum kIdx = 10
The 15-th iteration is completed.	|| time cost : 0h 0m 21.582s
********************************************************************************************************************
Start the 16 rounds of NGS-ED iteration
	effective electronic model is modified as: kinetic energy t = 0.571449
	                                           effective interaction Vq = [-3.00017,-2.63266,-2.34984,-2.63266,-2.63266,-2.34073,-2.13133,-2.34073,-2.34984,-2.13133,-2.99806,-2.13133,-2.63266,-2.34073,-2.13133,-2.34073]
	PARPACK diagonalization completed after 30 matrix-vector product operations.
	iteration results: : total energy is -70.307767 | electron energy -71.456074 + phonon energy 1.148307 | electron momentum kIdx = 10
The 16-th iteration is completed.	|| time cost : 0h 0m 21.58s
********************************************************************************************************************
Start the 17 rounds of NGS-ED iteration
	effective electronic model is modified as: kinetic energy t = 0.571704
	                                           effective interaction Vq = [-3.00017,-2.63189,-2.34842,-2.63189,-2.63189,-2.34036,-2.13087,-2.34036,-2.34842,-2.13087,-2.99806,-2.13087,-2.63189,-2.34036,-2.13087,-2.34036]
	PARPACK diagonalization completed after 30 matrix-vector product operations.
	iteration results: : total energy is -70.307784 | electron energy -71.456350 + phonon energy 1.148566 | electron momentum kIdx = 10
The 17-th iteration is completed.	|| time cost : 0h 0m 21.683s
********************************************************************************************************************
Start the 18 rounds of NGS-ED iteration
	effective electronic model is modified as: kinetic energy t = 0.571931
	                                           effective interaction Vq = [-3.00017,-2.63119,-2.34715,-2.63119,-2.63119,-2.34001,-2.13045,-2.34001,-2.34715,-2.13045,-2.99806,-2.13045,-2.63119,-2.34001,-2.13045,-2.34001]
	PARPACK diagonalization completed after 30 matrix-vector product operations.
	iteration results: : total energy is -70.307798 | electron energy -71.456548 + phonon energy 1.148750 | electron momentum kIdx = 10
The 18-th iteration is completed.	|| time cost : 0h 0m 21.704s
********************************************************************************************************************
Start the 19 rounds of NGS-ED iteration
	effective electronic model is modified as: kinetic energy t = 0.572134
	                                           effective interaction Vq = [-3.00017,-2.63057,-2.34602,-2.63057,-2.63057,-2.33969,-2.13006,-2.33969,-2.34602,-2.13006,-2.99806,-2.13006,-2.63057,-2.33969,-2.13006,-2.33969]
	PARPACK diagonalization completed after 30 matrix-vector product operations.
	iteration results: : total energy is -70.307809 | electron energy -71.456685 + phonon energy 1.148876 | electron momentum kIdx = 10
The 19-th iteration is completed.	|| time cost : 0h 0m 21.611s
********************************************************************************************************************
Start the 20 rounds of NGS-ED iteration
	effective electronic model is modified as: kinetic energy t = 0.572315
	                                           effective interaction Vq = [-3.00017,-2.63001,  -2.345,-2.63001,-2.63001,-2.33939,-2.12969,-2.33939,  -2.345,-2.12969,-2.99805,-2.12969,-2.63001,-2.33939,-2.12969,-2.33939]
	PARPACK diagonalization completed after 30 matrix-vector product operations.
	iteration results: : total energy is -70.307818 | electron energy -71.456775 + phonon energy 1.148957 | electron momentum kIdx = 10
The 20-th iteration is completed.	|| time cost : 0h 0m 21.559s
********************************************************************************************************************
Start the 21 rounds of NGS-ED iteration
	effective electronic model is modified as: kinetic energy t = 0.572478
	                                           effective interaction Vq = [-3.00017, -2.6295,-2.34408, -2.6295, -2.6295,-2.33911,-2.12936,-2.33911,-2.34408,-2.12936,-2.99805,-2.12936, -2.6295,-2.33911,-2.12936,-2.33911]
	PARPACK diagonalization completed after 30 matrix-vector product operations.
	iteration results: : total energy is -70.307826 | electron energy -71.456828 + phonon energy 1.149003 | electron momentum kIdx = 10
The 21-th iteration is completed.	|| time cost : 0h 0m 21.599s
********************************************************************************************************************
Start the 22 rounds of NGS-ED iteration
	effective electronic model is modified as: kinetic energy t = 0.572624
	                                           effective interaction Vq = [-3.00017,-2.62905,-2.34326,-2.62905,-2.62905,-2.33886,-2.12905,-2.33886,-2.34326,-2.12905,-2.99805,-2.12905,-2.62905,-2.33886,-2.12905,-2.33886]
	PARPACK diagonalization completed after 30 matrix-vector product operations.
	iteration results: : total energy is -70.307832 | electron energy -71.456853 + phonon energy 1.149022 | electron momentum kIdx = 10
The 22-th iteration is completed.	|| time cost : 0h 0m 22.211s
********************************************************************************************************************
Start the 23 rounds of NGS-ED iteration
	effective electronic model is modified as: kinetic energy t = 0.572756
	                                           effective interaction Vq = [-3.00017,-2.62864,-2.34252,-2.62864,-2.62864,-2.33862,-2.12876,-2.33862,-2.34252,-2.12876,-2.99805,-2.12876,-2.62864,-2.33862,-2.12876,-2.33862]
	PARPACK diagonalization completed after 30 matrix-vector product operations.
	iteration results: : total energy is -70.307836 | electron energy -71.456857 + phonon energy 1.149021 | electron momentum kIdx = 10
The 23-th iteration is completed.	|| time cost : 0h 0m 23.984s
********************************************************************************************************************
Start the 24 rounds of NGS-ED iteration
	effective electronic model is modified as: kinetic energy t = 0.572874
	                                           effective interaction Vq = [-3.00017,-2.62827,-2.34186,-2.62827,-2.62827, -2.3384,-2.12849, -2.3384,-2.34186,-2.12849,-2.99805,-2.12849,-2.62827, -2.3384,-2.12849, -2.3384]
	PARPACK diagonalization completed after 30 matrix-vector product operations.
	iteration results: : total energy is -70.307840 | electron energy -71.456845 + phonon energy 1.149005 | electron momentum kIdx = 10
The 24-th iteration is completed.	|| time cost : 0h 0m 21.601s
********************************************************************************************************************
Start the 25 rounds of NGS-ED iteration
	effective electronic model is modified as: kinetic energy t = 0.572981
	                                           effective interaction Vq = [-3.00017,-2.62794,-2.34126,-2.62794,-2.62794, -2.3382,-2.12825, -2.3382,-2.34126,-2.12825,-2.99805,-2.12825,-2.62794, -2.3382,-2.12825, -2.3382]
	PARPACK diagonalization completed after 30 matrix-vector product operations.
	iteration results: : total energy is -70.307844 | electron energy -71.456821 + phonon energy 1.148978 | electron momentum kIdx = 10
The 25-th iteration is completed.	|| time cost : 0h 0m 21.614s
********************************************************************************************************************
Start the 26 rounds of NGS-ED iteration
	effective electronic model is modified as: kinetic energy t = 0.573078
	                                           effective interaction Vq = [-3.00017,-2.62764,-2.34073,-2.62764,-2.62764,-2.33802,-2.12802,-2.33802,-2.34073,-2.12802,-2.99805,-2.12802,-2.62764,-2.33802,-2.12802,-2.33802]
	PARPACK diagonalization completed after 30 matrix-vector product operations.
	iteration results: : total energy is -70.307846 | electron energy -71.456789 + phonon energy 1.148943 | electron momentum kIdx = 10
The 26-th iteration is completed.	|| time cost : 0h 0m 21.742s
********************************************************************************************************************
Start the 27 rounds of NGS-ED iteration
	effective electronic model is modified as: kinetic energy t = 0.573165
	                                           effective interaction Vq = [-3.00017,-2.62737,-2.34025,-2.62737,-2.62737,-2.33784,-2.12781,-2.33784,-2.34025,-2.12781,-2.99804,-2.12781,-2.62737,-2.33784,-2.12781,-2.33784]
	PARPACK diagonalization completed after 30 matrix-vector product operations.
	iteration results: : total energy is -70.307848 | electron energy -71.456752 + phonon energy 1.148903 | electron momentum kIdx = 10
The 27-th iteration is completed.	|| time cost : 0h 0m 21.58s
********************************************************************************************************************
Start the 28 rounds of NGS-ED iteration
	effective electronic model is modified as: kinetic energy t = 0.573244
	                                           effective interaction Vq = [-3.00017,-2.62713,-2.33981,-2.62713,-2.62713,-2.33768,-2.12761,-2.33768,-2.33981,-2.12761,-2.99804,-2.12761,-2.62713,-2.33768,-2.12761,-2.33768]
	PARPACK diagonalization completed after 30 matrix-vector product operations.
	iteration results: : total energy is -70.307850 | electron energy -71.456710 + phonon energy 1.148860 | electron momentum kIdx = 10
The 28-th iteration is completed.	|| time cost : 0h 0m 21.58s
********************************************************************************************************************
Start the 29 rounds of NGS-ED iteration
	effective electronic model is modified as: kinetic energy t = 0.573315
	                                           effective interaction Vq = [-3.00017,-2.62691,-2.33942,-2.62691,-2.62691,-2.33754,-2.12743,-2.33754,-2.33942,-2.12743,-2.99804,-2.12743,-2.62691,-2.33754,-2.12743,-2.33754]
	PARPACK diagonalization completed after 30 matrix-vector product operations.
	iteration results: : total energy is -70.307852 | electron energy -71.456667 + phonon energy 1.148815 | electron momentum kIdx = 10
The 29-th iteration is completed.	|| time cost : 0h 0m 21.561s
********************************************************************************************************************
Start the 30 rounds of NGS-ED iteration
	effective electronic model is modified as: kinetic energy t = 0.57338
	                                           effective interaction Vq = [-3.00017,-2.62672,-2.33907,-2.62672,-2.62672, -2.3374,-2.12727, -2.3374,-2.33907,-2.12727,-2.99804,-2.12727,-2.62672, -2.3374,-2.12727, -2.3374]
	PARPACK diagonalization completed after 30 matrix-vector product operations.
	iteration results: : total energy is -70.307853 | electron energy -71.456623 + phonon energy 1.148770 | electron momentum kIdx = 10
The 30-th iteration is completed.	|| time cost : 0h 0m 21.635s
********************************************************************************************************************
Start the 31 rounds of NGS-ED iteration
	effective electronic model is modified as: kinetic energy t = 0.573439
	                                           effective interaction Vq = [-3.00017,-2.62654,-2.33876,-2.62654,-2.62654,-2.33728,-2.12711,-2.33728,-2.33876,-2.12711,-2.99804,-2.12711,-2.62654,-2.33728,-2.12711,-2.33728]
	PARPACK diagonalization completed after 30 matrix-vector product operations.
	iteration results: : total energy is -70.307854 | electron energy -71.456578 + phonon energy 1.148725 | electron momentum kIdx = 10
The 31-th iteration is completed.	|| time cost : 0h 0m 21.598s
********************************************************************************************************************
Start the 32 rounds of NGS-ED iteration
	effective electronic model is modified as: kinetic energy t = 0.573492
	                                           effective interaction Vq = [-3.00017,-2.62638,-2.33847,-2.62638,-2.62638,-2.33716,-2.12697,-2.33716,-2.33847,-2.12697,-2.99804,-2.12697,-2.62638,-2.33716,-2.12697,-2.33716]
	PARPACK diagonalization completed after 30 matrix-vector product operations.
	iteration results: : total energy is -70.307855 | electron energy -71.456535 + phonon energy 1.148680 | electron momentum kIdx = 10
The 32-th iteration is completed.	|| time cost : 0h 0m 22.23s
********************************************************************************************************************
Start the 33 rounds of NGS-ED iteration
	effective electronic model is modified as: kinetic energy t = 0.57354
	                                           effective interaction Vq = [-3.00017,-2.62623,-2.33822,-2.62623,-2.62623,-2.33706,-2.12684,-2.33706,-2.33822,-2.12684,-2.99804,-2.12684,-2.62623,-2.33706,-2.12684,-2.33706]
	PARPACK diagonalization completed after 30 matrix-vector product operations.
	iteration results: : total energy is -70.307855 | electron energy -71.456493 + phonon energy 1.148637 | electron momentum kIdx = 10
The 33-th iteration is completed.	|| time cost : 0h 0m 21.62s
********************************************************************************************************************
Start the 34 rounds of NGS-ED iteration
	effective electronic model is modified as: kinetic energy t = 0.573584
	                                           effective interaction Vq = [-3.00017, -2.6261,-2.33799, -2.6261, -2.6261,-2.33696,-2.12672,-2.33696,-2.33799,-2.12672,-2.99804,-2.12672, -2.6261,-2.33696,-2.12672,-2.33696]
	PARPACK diagonalization completed after 30 matrix-vector product operations.
	iteration results: : total energy is -70.307856 | electron energy -71.456452 + phonon energy 1.148596 | electron momentum kIdx = 10
The 34-th iteration is completed.	|| time cost : 0h 0m 21.608s
********************************************************************************************************************
Start the 35 rounds of NGS-ED iteration
	effective electronic model is modified as: kinetic energy t = 0.573624
	                                           effective interaction Vq = [-3.00017,-2.62598,-2.33778,-2.62598,-2.62598,-2.33687, -2.1266,-2.33687,-2.33778, -2.1266,-2.99804, -2.1266,-2.62598,-2.33687, -2.1266,-2.33687]
	PARPACK diagonalization completed after 30 matrix-vector product operations.
	iteration results: : total energy is -70.307856 | electron energy -71.456413 + phonon energy 1.148557 | electron momentum kIdx = 10
The 35-th iteration is completed.	|| time cost : 0h 0m 21.645s
********************************************************************************************************************
Start the 36 rounds of NGS-ED iteration
	effective electronic model is modified as: kinetic energy t = 0.573661
	                                           effective interaction Vq = [-3.00017,-2.62588,-2.33759,-2.62588,-2.62588,-2.33679, -2.1265,-2.33679,-2.33759, -2.1265,-2.99804, -2.1265,-2.62588,-2.33679, -2.1265,-2.33679]
	PARPACK diagonalization completed after 30 matrix-vector product operations.
	iteration results: : total energy is -70.307857 | electron energy -71.456376 + phonon energy 1.148519 | electron momentum kIdx = 10
The 36-th iteration is completed.	|| time cost : 0h 0m 21.744s
********************************************************************************************************************
Start the 37 rounds of NGS-ED iteration
	effective electronic model is modified as: kinetic energy t = 0.573694
	                                           effective interaction Vq = [-3.00017,-2.62578,-2.33742,-2.62578,-2.62578,-2.33671,-2.12641,-2.33671,-2.33742,-2.12641,-2.99804,-2.12641,-2.62578,-2.33671,-2.12641,-2.33671]
	PARPACK diagonalization completed after 30 matrix-vector product operations.
	iteration results: : total energy is -70.307857 | electron energy -71.456341 + phonon energy 1.148484 | electron momentum kIdx = 10
The 37-th iteration is completed.	|| time cost : 0h 0m 21.565s
********************************************************************************************************************
Start the 38 rounds of NGS-ED iteration
	effective electronic model is modified as: kinetic energy t = 0.573724
	                                           effective interaction Vq = [-3.00017,-2.62569,-2.33727,-2.62569,-2.62569,-2.33664,-2.12632,-2.33664,-2.33727,-2.12632,-2.99804,-2.12632,-2.62569,-2.33664,-2.12632,-2.33664]
	PARPACK diagonalization completed after 30 matrix-vector product operations.
	iteration results: : total energy is -70.307857 | electron energy -71.456308 + phonon energy 1.148451 | electron momentum kIdx = 10
The 38-th iteration is completed.	|| time cost : 0h 0m 21.595s
********************************************************************************************************************
Start the 39 rounds of NGS-ED iteration
	effective electronic model is modified as: kinetic energy t = 0.573751
	                                           effective interaction Vq = [-3.00017,-2.62561,-2.33714,-2.62561,-2.62561,-2.33657,-2.12624,-2.33657,-2.33714,-2.12624,-2.99804,-2.12624,-2.62561,-2.33657,-2.12624,-2.33657]
	PARPACK diagonalization completed after 30 matrix-vector product operations.
	iteration results: : total energy is -70.307857 | electron energy -71.456277 + phonon energy 1.148420 | electron momentum kIdx = 10
The 39-th iteration is completed.	|| time cost : 0h 0m 21.605s
********************************************************************************************************************
Start the 40 rounds of NGS-ED iteration
	effective electronic model is modified as: kinetic energy t = 0.573776
	                                           effective interaction Vq = [-3.00017,-2.62554,-2.33701,-2.62554,-2.62554,-2.33651,-2.12616,-2.33651,-2.33701,-2.12616,-2.99804,-2.12616,-2.62554,-2.33651,-2.12616,-2.33651]
	PARPACK diagonalization completed after 30 matrix-vector product operations.
	iteration results: : total energy is -70.307858 | electron energy -71.456248 + phonon energy 1.148391 | electron momentum kIdx = 10
The 40-th iteration is completed.	|| time cost : 0h 0m 21.579s
********************************************************************************************************************
Start the 41 rounds of NGS-ED iteration
	effective electronic model is modified as: kinetic energy t = 0.573799
	                                           effective interaction Vq = [-3.00017,-2.62548, -2.3369,-2.62548,-2.62548,-2.33646,-2.12609,-2.33646, -2.3369,-2.12609,-2.99804,-2.12609,-2.62548,-2.33646,-2.12609,-2.33646]
	PARPACK diagonalization completed after 30 matrix-vector product operations.
	iteration results: : total energy is -70.307858 | electron energy -71.456221 + phonon energy 1.148364 | electron momentum kIdx = 10
The 41-th iteration is completed.	|| time cost : 0h 0m 21.581s
********************************************************************************************************************
Start the 42 rounds of NGS-ED iteration
	effective electronic model is modified as: kinetic energy t = 0.573819
	                                           effective interaction Vq = [-3.00017,-2.62542, -2.3368,-2.62542,-2.62542,-2.33641,-2.12603,-2.33641, -2.3368,-2.12603,-2.99804,-2.12603,-2.62542,-2.33641,-2.12603,-2.33641]
	PARPACK diagonalization completed after 30 matrix-vector product operations.
	iteration results: : total energy is -70.307858 | electron energy -71.456196 + phonon energy 1.148338 | electron momentum kIdx = 10
The 42-th iteration is completed.	|| time cost : 0h 0m 21.634s
********************************************************************************************************************
Start the 43 rounds of NGS-ED iteration
	effective electronic model is modified as: kinetic energy t = 0.573838
	                                           effective interaction Vq = [-3.00017,-2.62537,-2.33671,-2.62537,-2.62537,-2.33636,-2.12597,-2.33636,-2.33671,-2.12597,-2.99804,-2.12597,-2.62537,-2.33636,-2.12597,-2.33636]
	PARPACK diagonalization completed after 30 matrix-vector product operations.
	iteration results: : total energy is -70.307858 | electron energy -71.456173 + phonon energy 1.148315 | electron momentum kIdx = 10
The 43-th iteration is completed.	|| time cost : 0h 0m 21.59s
********************************************************************************************************************
Start the 44 rounds of NGS-ED iteration
	effective electronic model is modified as: kinetic energy t = 0.573855
	                                           effective interaction Vq = [-3.00017,-2.62532,-2.33663,-2.62532,-2.62532,-2.33632,-2.12592,-2.33632,-2.33663,-2.12592,-2.99804,-2.12592,-2.62532,-2.33632,-2.12592,-2.33632]
	PARPACK diagonalization completed after 30 matrix-vector product operations.
	iteration results: : total energy is -70.307858 | electron energy -71.456151 + phonon energy 1.148293 | electron momentum kIdx = 10
The 44-th iteration is completed.	|| time cost : 0h 0m 21.649s
********************************************************************************************************************
Start the 45 rounds of NGS-ED iteration
	effective electronic model is modified as: kinetic energy t = 0.573871
	                                           effective interaction Vq = [-3.00017,-2.62528,-2.33655,-2.62528,-2.62528,-2.33628,-2.12587,-2.33628,-2.33655,-2.12587,-2.99804,-2.12587,-2.62528,-2.33628,-2.12587,-2.33628]
	PARPACK diagonalization completed after 30 matrix-vector product operations.
	iteration results: : total energy is -70.307858 | electron energy -71.456131 + phonon energy 1.148273 | electron momentum kIdx = 10
The 45-th iteration is completed.	|| time cost : 0h 0m 21.726s
********************************************************************************************************************
Start the 46 rounds of NGS-ED iteration
	effective electronic model is modified as: kinetic energy t = 0.573885
	                                           effective interaction Vq = [-3.00017,-2.62524,-2.33649,-2.62524,-2.62524,-2.33625,-2.12583,-2.33625,-2.33649,-2.12583,-2.99804,-2.12583,-2.62524,-2.33625,-2.12583,-2.33625]
	PARPACK diagonalization completed after 30 matrix-vector product operations.
	iteration results: : total energy is -70.307858 | electron energy -71.456113 + phonon energy 1.148255 | electron momentum kIdx = 10
The 46-th iteration is completed.	|| time cost : 0h 0m 21.602s
********************************************************************************************************************
Start the 47 rounds of NGS-ED iteration
	effective electronic model is modified as: kinetic energy t = 0.573898
	                                           effective interaction Vq = [-3.00017, -2.6252,-2.33643, -2.6252, -2.6252,-2.33621,-2.12578,-2.33621,-2.33643,-2.12578,-2.99804,-2.12578, -2.6252,-2.33621,-2.12578,-2.33621]
	PARPACK diagonalization completed after 30 matrix-vector product operations.
