SNEDics v3.4 Non-Gaussian ED ground state program		Start at Mon Feb 24 11:28:03 2020

parallized on 16 MPI threads  * 8 OpenMP threads = 128 total threads.
********************************************************************************************************************
********************************************************************************************************************

********************************************************************************************************************
System parameters and configurations
********************************************************************************************************************
Special program options are enabled: splitted diagonal Hamiltonian
********************************************************************************************************************
Read input file "model_params.in"
	Hubbard-Holstein model parameters : 	t = 1    U = 8    g = 5.86515    W = 8    
********************************************************************************************************************
Read input file "hilbertspace_params.in"
	Requested 16-site 2D lattice, with 16 electrons (8, 8)
	Boundary : Periodic		Hilbert space representation : momentum-space (restricted to kIdx = 0)
	Conservation: particle number[U(1)]      spin[U(1)]     momentum
********************************************************************************************************************

Cluster Positions:				Cluster symmetry group : D4
 x ... x ... x ... x .....                       x ... x ... x ... x .....
 |           |           :                       |           |           :
 |           |           :                       |           |           :
12    13    14    15     x                       1     5     6     5     x
 |           |           :                       |           |           :
 |           |           :                       |           |           :
 8 --- 9 ---10 ---11 --- x                       2 --- 6 ---10 --- 6 --- x
 |           |           :                       |           |           :
 |           |           :                       |           |           :
 4     5     6     7     x                       1     5     6     5     x
 |           |           :                       |           |           :
 |           |           :                       |           |           :
 0 --- 1 --- 2 --- 3 --- x                       0 --- 1 --- 2 --- 1 --- x
orbital number : 1
********************************************************************************************************************
Read input file "obs_params.in"
	Observable Type : Nq(All),   Sq(All),   N(All),   Delta[s](All),   Delta[d](All),   Delta[s+](All)
********************************************************************************************************************
** WARNING ** the input observables have non-local factors which have been reinterpreted. The total observable number is 96
********************************************************************************************************************


********************************************************************************************************************
Start calculating the non-Gaussian ED ground state
** WARNING ** Detected low phonon energy W < 10. The initial state will be prepared through a warm-up process.
********************************************************************************************************************
Start warm-up calculation for scaling factor 2
open output files: NGSEDWarmUpW16Obs.txt
********************************************************************************************************************
Start the 0 rounds of NGS-ED iteration
	effective electronic model is modified as: kinetic energy t = 1
	                                           effective interaction Vq = [-0,-0,-0,-0,-0,-0,-0,-0,-0,-0,-0,-0,-0,-0,-0,-0]
	first Hamiltonian is constructed, non-zero numbers = 2845383612
	PARPACK diagonalization completed after 105 matrix-vector product operations.
	iteration results: : total energy is -8.468875 | electron energy -8.468875 + phonon energy 0.000000 | electron momentum kIdx = 0
	Nq(0) = 16,	Nq(1) = 0.0625034,	Nq(2) = 0.109912,	Nq(3) = 0.0625034,	Nq(4) = 0.0625034,	Nq(5) = 0.109912,	Nq(6) = 0.152438,	Nq(7) = 0.109912,	Nq(8) = 0.109912,	Nq(9) = 0.152438,	Nq(10) = 0.1925,	Nq(11) = 0.152438,	Nq(12) = 0.0625034,	Nq(13) = 0.109912,	Nq(14) = 0.152438,	Nq(15) = 0.109912,	Sq(0) = 1.02167e-18,	Sq(1) = 0.412873,	Sq(2) = 0.641315,	Sq(3) = 0.412873,	Sq(4) = 0.412873,	Sq(5) = 0.641315,	Sq(6) = 0.93882,	Sq(7) = 0.641315,	Sq(8) = 0.641315,	Sq(9) = 0.93882,	Sq(10) = 5.0336,	Sq(11) = 0.93882,	Sq(12) = 0.412873,	Sq(13) = 0.641315,	Sq(14) = 0.93882,	Sq(15) = 0.641315,	N(0) = 1.77534,	N(1) = 1.56957,	N(2) = 1,	N(3) = 1.56957,	N(4) = 1.56957,	N(5) = 1,	N(6) = 0.430429,	N(7) = 1,	N(8) = 1,	N(9) = 0.430429,	N(10) = 0.224665,	N(11) = 0.430429,	N(12) = 1.56957,	N(13) = 1,	N(14) = 0.430429,	N(15) = 1,	Delta[s](0) = 0.0825904,	Delta[s](1) = 0.0689511,	Delta[s](2) = 0.054479,	Delta[s](3) = 0.0689511,	Delta[s](4) = 0.0689511,	Delta[s](5) = 0.054479,	Delta[s](6) = 0.03836,	Delta[s](7) = 0.054479,	Delta[s](8) = 0.054479,	Delta[s](9) = 0.03836,	Delta[s](10) = 0.0171584,	Delta[s](11) = 0.03836,	Delta[s](12) = 0.0689511,	Delta[s](13) = 0.054479,	Delta[s](14) = 0.03836,	Delta[s](15) = 0.054479,	Delta[d](0) = 0.588581,	Delta[d](1) = 0.453266,	Delta[d](2) = 0.343599,	Delta[d](3) = 0.453266,	Delta[d](4) = 0.453266,	Delta[d](5) = 0.349754,	Delta[d](6) = 0.243145,	Delta[d](7) = 0.349754,	Delta[d](8) = 0.343599,	Delta[d](9) = 0.243145,	Delta[d](10) = 0.125942,	Delta[d](11) = 0.243145,	Delta[d](12) = 0.453266,	Delta[d](13) = 0.349754,	Delta[d](14) = 0.243145,	Delta[d](15) = 0.349754,	Delta[s+](0) = 0.613285,	Delta[s+](1) = 0.485595,	Delta[s+](2) = 0.343599,	Delta[s+](3) = 0.485595,	Delta[s+](4) = 0.485595,	Delta[s+](5) = 0.343599,	Delta[s+](6) = 0.203719,	Delta[s+](7) = 0.343599,	Delta[s+](8) = 0.343599,	Delta[s+](9) = 0.203719,	Delta[s+](10) = 0.078458,	Delta[s+](11) = 0.203719,	Delta[s+](12) = 0.485595,	Delta[s+](13) = 0.343599,	Delta[s+](14) = 0.203719,	Delta[s+](15) = 0.343599
The 0-th iteration is completed.	|| time cost : 0h 8m 12.148s
********************************************************************************************************************
Start the 1 rounds of NGS-ED iteration
	effective electronic model is modified as: kinetic energy t = 0.908102
	                                           effective interaction Vq = [-4.12472, -3.6945,-3.63358, -3.6945, -3.6945,-3.63358,-3.59335,-3.63358,-3.63358,-3.59335,-3.56428,-3.59335, -3.6945,-3.63358,-3.59335,-3.63358]
	PARPACK diagonalization completed after 60 matrix-vector product operations.
	iteration results: : total energy is -85.353822 | electron energy -85.358834 + phonon energy 0.005012 | electron momentum kIdx = 0
The 1-th iteration is completed.	|| time cost : 0h 7m 18.966s
********************************************************************************************************************
Start the 2 rounds of NGS-ED iteration
	effective electronic model is modified as: kinetic energy t = 0.848177
	                                           effective interaction Vq = [-4.29286,-4.19916,-4.10851,-4.19916,-4.19916,-4.10851,-4.11212,-4.10851,-4.10851,-4.11212,-4.06008,-4.11212,-4.19916,-4.10851,-4.11212,-4.10851]
	PARPACK diagonalization completed after 75 matrix-vector product operations.
	iteration results: : total energy is -90.108540 | electron energy -90.152393 + phonon energy 0.043853 | electron momentum kIdx = 0
The 2-th iteration is completed.	|| time cost : 0h 0m 41.395s
********************************************************************************************************************
Start the 3 rounds of NGS-ED iteration
	effective electronic model is modified as: kinetic energy t = 0.822842
	                                           effective interaction Vq = [-4.29971,-4.25861,-4.24432,-4.25861,-4.25861,-4.24432,-4.19426,-4.24432,-4.24432,-4.19426,-4.19325,-4.19426,-4.25861,-4.24432,-4.19426,-4.24432]
	PARPACK diagonalization completed after 60 matrix-vector product operations.
	iteration results: : total energy is -90.613171 | electron energy -90.678794 + phonon energy 0.065622 | electron momentum kIdx = 0
The 3-th iteration is completed.	|| time cost : 0h 0m 36.76s
********************************************************************************************************************
Start the 4 rounds of NGS-ED iteration
	effective electronic model is modified as: kinetic energy t = 0.817643
	                                           effective interaction Vq = [-4.29999, -4.2664,-4.26196, -4.2664, -4.2664,-4.26196,-4.20715,-4.26196,-4.26196,-4.20715, -4.2171,-4.20715, -4.2664,-4.26196,-4.20715,-4.26196]
	PARPACK diagonalization completed after 45 matrix-vector product operations.
	iteration results: : total energy is -90.634140 | electron energy -90.706135 + phonon energy 0.071995 | electron momentum kIdx = 0
The 4-th iteration is completed.	|| time cost : 0h 0m 32.05s
********************************************************************************************************************
Start the 5 rounds of NGS-ED iteration
	effective electronic model is modified as: kinetic energy t = 0.816608
	                                           effective interaction Vq = [    -4.3,-4.26772,-4.26494,-4.26772,-4.26772,-4.26494,-4.20957,-4.26494,-4.26494,-4.20957,-4.22243,-4.20957,-4.26772,-4.26494,-4.20957,-4.26494]
	PARPACK diagonalization completed after 30 matrix-vector product operations.
	iteration results: : total energy is -90.634974 | electron energy -90.708360 + phonon energy 0.073386 | electron momentum kIdx = 0
The 5-th iteration is completed.	|| time cost : 0h 0m 27.391s
********************************************************************************************************************
Start the 6 rounds of NGS-ED iteration
	effective electronic model is modified as: kinetic energy t = 0.8164
	                                           effective interaction Vq = [    -4.3,-4.26796,-4.26548,-4.26796,-4.26796,-4.26548,-4.21004,-4.26548,-4.26548,-4.21004,-4.22376,-4.21004,-4.26796,-4.26548,-4.21004,-4.26548]
	PARPACK diagonalization completed after 30 matrix-vector product operations.
	iteration results: : total energy is -90.635008 | electron energy -90.708686 + phonon energy 0.073678 | electron momentum kIdx = 0
The 6-th iteration is completed.	|| time cost : 0h 0m 27.279s
********************************************************************************************************************
Start the 7 rounds of NGS-ED iteration
	effective electronic model is modified as: kinetic energy t = 0.816357
	                                           effective interaction Vq = [    -4.3,  -4.268,-4.26558,  -4.268,  -4.268,-4.26558,-4.21014,-4.26558,-4.26558,-4.21014,-4.22411,-4.21014,  -4.268,-4.26558,-4.21014,-4.26558]
	PARPACK diagonalization completed after 30 matrix-vector product operations.
	iteration results: : total energy is -90.635009 | electron energy -90.708749 + phonon energy 0.073740 | electron momentum kIdx = 0
	Nq(0) = 16,	Nq(1) = 0.397352,	Nq(2) = 0.751459,	Nq(3) = 0.397352,	Nq(4) = 0.397352,	Nq(5) = 0.751459,	Nq(6) = 0.648669,	Nq(7) = 0.751459,	Nq(8) = 0.751459,	Nq(9) = 0.648669,	Nq(10) = 0.940461,	Nq(11) = 0.648669,	Nq(12) = 0.397352,	Nq(13) = 0.751459,	Nq(14) = 0.648669,	Nq(15) = 0.751459,	Sq(0) = 2.51781e-18,	Sq(1) = 0.334742,	Sq(2) = 0.359993,	Sq(3) = 0.334742,	Sq(4) = 0.334742,	Sq(5) = 0.359993,	Sq(6) = 0.567769,	Sq(7) = 0.359993,	Sq(8) = 0.359993,	Sq(9) = 0.567769,	Sq(10) = 0.596698,	Sq(11) = 0.567769,	Sq(12) = 0.334742,	Sq(13) = 0.359993,	Sq(14) = 0.567769,	Sq(15) = 0.359993,	N(0) = 1.99848,	N(1) = 1.99592,	N(2) = 1,	N(3) = 1.99592,	N(4) = 1.99592,	N(5) = 1,	N(6) = 0.00408306,	N(7) = 1,	N(8) = 1,	N(9) = 0.00408306,	N(10) = 0.00151523,	N(11) = 0.00408306,	N(12) = 1.99592,	N(13) = 1,	N(14) = 0.00408306,	N(15) = 1,	Delta[s](0) = 0.675606,	Delta[s](1) = 0.313248,	Delta[s](2) = 0.273457,	Delta[s](3) = 0.313248,	Delta[s](4) = 0.313248,	Delta[s](5) = 0.273457,	Delta[s](6) = 0.252574,	Delta[s](7) = 0.273457,	Delta[s](8) = 0.273457,	Delta[s](9) = 0.252574,	Delta[s](10) = 0.237017,	Delta[s](11) = 0.252574,	Delta[s](12) = 0.313248,	Delta[s](13) = 0.273457,	Delta[s](14) = 0.252574,	Delta[s](15) = 0.273457,	Delta[d](0) = 0.333461,	Delta[d](1) = 0.278326,	Delta[d](2) = 0.253746,	Delta[d](3) = 0.278326,	Delta[d](4) = 0.278326,	Delta[d](5) = 0.24783,	Delta[d](6) = 0.235171,	Delta[d](7) = 0.24783,	Delta[d](8) = 0.253746,	Delta[d](9) = 0.235171,	Delta[d](10) = 0.162292,	Delta[d](11) = 0.235171,	Delta[d](12) = 0.278326,	Delta[d](13) = 0.24783,	Delta[d](14) = 0.235171,	Delta[d](15) = 0.24783,	Delta[s+](0) = 0.459806,	Delta[s+](1) = 0.377734,	Delta[s+](2) = 0.253746,	Delta[s+](3) = 0.377734,	Delta[s+](4) = 0.377734,	Delta[s+](5) = 0.253746,	Delta[s+](6) = 0.126287,	Delta[s+](7) = 0.253746,	Delta[s+](8) = 0.253746,	Delta[s+](9) = 0.126287,	Delta[s+](10) = 0.0424219,	Delta[s+](11) = 0.126287,	Delta[s+](12) = 0.377734,	Delta[s+](13) = 0.253746,	Delta[s+](14) = 0.126287,	Delta[s+](15) = 0.253746
The 7-th iteration is completed.	|| time cost : 0h 4m 41.629s
********************************************************************************************************************
********************************************************************************************************************
Ground state is obtained after 8 iterations. The current ground-state energy is -90.635, in which electron energy is -90.7087 and phonon energy is 0.0737397
final variational state is: 
	Gamma_x = [      1,1.01697,1.03344,1.01697,1.01697,1.03344,1.04404,1.03344,1.03344,1.04404,1.05988,1.04404,1.01697,1.03344,1.04404,1.03344]
	lambda_q = [ 0.51841,0.473697,0.472039,0.473697,0.473697,0.472039,0.443478,0.472039,0.472039,0.443478,0.449586,0.443478,0.473697,0.472039,0.443478,0.472039]
********************************************************************************************************************
o___o  ----------------------------------------
| L |	Time since last clock: 0h 0m 0s
A===A	Time since the beginning: 0h 22m 57.621s
***********************************************


********************************************************************************************************************
Warm up runs have been completed. Start calculating W = 8 phonon.
open output files: NGSEDIterationObs.txt
********************************************************************************************************************
Start the 0 rounds of NGS-ED iteration
	effective electronic model is modified as: kinetic energy t = 0.816348
	                                           effective interaction Vq = [-3.93111, -3.7615,-3.75459, -3.7615, -3.7615,-3.75459,-3.62875,-3.75459,-3.75459,-3.62875,-3.65676,-3.62875, -3.7615,-3.75459,-3.62875,-3.75459]
	PARPACK diagonalization completed after 75 matrix-vector product operations.
	iteration results: : total energy is -80.509954 | electron energy -80.546830 + phonon energy 0.036877 | electron momentum kIdx = 0
	Nq(0) = 16,	Nq(1) = 0.326946,	Nq(2) = 0.359737,	Nq(3) = 0.326946,	Nq(4) = 0.326946,	Nq(5) = 0.359737,	Nq(6) = 0.537681,	Nq(7) = 0.359737,	Nq(8) = 0.359737,	Nq(9) = 0.537681,	Nq(10) = 0.581241,	Nq(11) = 0.537681,	Nq(12) = 0.326946,	Nq(13) = 0.359737,	Nq(14) = 0.537681,	Nq(15) = 0.359737,	Sq(0) = 1.1338e-18,	Sq(1) = 0.393753,	Sq(2) = 0.568034,	Sq(3) = 0.393753,	Sq(4) = 0.393753,	Sq(5) = 0.568034,	Sq(6) = 0.663539,	Sq(7) = 0.568034,	Sq(8) = 0.568034,	Sq(9) = 0.663539,	Sq(10) = 2.16446,	Sq(11) = 0.663539,	Sq(12) = 0.393753,	Sq(13) = 0.568034,	Sq(14) = 0.663539,	Sq(15) = 0.568034,	N(0) = 1.99738,	N(1) = 1.99336,	N(2) = 1,	N(3) = 1.99336,	N(4) = 1.99336,	N(5) = 1,	N(6) = 0.00663645,	N(7) = 1,	N(8) = 1,	N(9) = 0.00663645,	N(10) = 0.00261729,	N(11) = 0.00663645,	N(12) = 1.99336,	N(13) = 1,	N(14) = 0.00663645,	N(15) = 1,	Delta[s](0) = 0.232755,	Delta[s](1) = 0.223853,	Delta[s](2) = 0.188108,	Delta[s](3) = 0.223853,	Delta[s](4) = 0.223853,	Delta[s](5) = 0.188108,	Delta[s](6) = 0.180109,	Delta[s](7) = 0.188108,	Delta[s](8) = 0.188108,	Delta[s](9) = 0.180109,	Delta[s](10) = 0.121835,	Delta[s](11) = 0.180109,	Delta[s](12) = 0.223853,	Delta[s](13) = 0.188108,	Delta[s](14) = 0.180109,	Delta[s](15) = 0.188108,	Delta[d](0) = 0.528703,	Delta[d](1) = 0.329455,	Delta[d](2) = 0.285768,	Delta[d](3) = 0.329455,	Delta[d](4) = 0.329455,	Delta[d](5) = 0.328996,	Delta[d](6) = 0.250689,	Delta[d](7) = 0.328996,	Delta[d](8) = 0.285768,	Delta[d](9) = 0.250689,	Delta[d](10) = 0.132398,	Delta[d](11) = 0.250689,	Delta[d](12) = 0.329455,	Delta[d](13) = 0.328996,	Delta[d](14) = 0.250689,	Delta[d](15) = 0.328996,	Delta[s+](0) = 0.515636,	Delta[s+](1) = 0.423291,	Delta[s+](2) = 0.285768,	Delta[s+](3) = 0.423291,	Delta[s+](4) = 0.423291,	Delta[s+](5) = 0.285768,	Delta[s+](6) = 0.149808,	Delta[s+](7) = 0.285768,	Delta[s+](8) = 0.285768,	Delta[s+](9) = 0.149808,	Delta[s+](10) = 0.0511128,	Delta[s+](11) = 0.149808,	Delta[s+](12) = 0.423291,	Delta[s+](13) = 0.285768,	Delta[s+](14) = 0.149808,	Delta[s+](15) = 0.285768
The 0-th iteration is completed.	|| time cost : 0h 4m 39.758s
********************************************************************************************************************
Start the 1 rounds of NGS-ED iteration
	effective electronic model is modified as: kinetic energy t = 0.784786
	                                           effective interaction Vq = [-4.22552,-4.04375,-3.90175,-4.04375,-4.04375,-3.90175,-3.87699,-3.90175,-3.90175,-3.87699,-3.81318,-3.87699,-4.04375,-3.90175,-3.87699,-3.90175]
	PARPACK diagonalization completed after 60 matrix-vector product operations.
	iteration results: : total energy is -85.735590 | electron energy -85.875472 + phonon energy 0.139882 | electron momentum kIdx = 0
The 1-th iteration is completed.	|| time cost : 0h 0m 36.793s
********************************************************************************************************************
Start the 2 rounds of NGS-ED iteration
	effective electronic model is modified as: kinetic energy t = 0.767013
	                                           effective interaction Vq = [-4.28496,-4.14834,-3.96503,-4.14834,-4.14834,-3.96503,-3.98951,-3.96503,-3.96503,-3.98951,-3.88602,-3.98951,-4.14834,-3.96503,-3.98951,-3.96503]
	PARPACK diagonalization completed after 60 matrix-vector product operations.
	iteration results: : total energy is -86.829357 | electron energy -87.024674 + phonon energy 0.195317 | electron momentum kIdx = 0
The 2-th iteration is completed.	|| time cost : 0h 0m 36.731s
********************************************************************************************************************
Start the 3 rounds of NGS-ED iteration
	effective electronic model is modified as: kinetic energy t = 0.757831
	                                           effective interaction Vq = [-4.29696,-4.19026,-3.99267,-4.19026,-4.19026,-3.99267,-4.04192,-3.99267,-3.99267,-4.04192,-3.91857,-4.04192,-4.19026,-3.99267,-4.04192,-3.99267]
	PARPACK diagonalization completed after 60 matrix-vector product operations.
	iteration results: : total energy is -87.058511 | electron energy -87.280667 + phonon energy 0.222156 | electron momentum kIdx = 0
The 3-th iteration is completed.	|| time cost : 0h 0m 36.784s
********************************************************************************************************************
Start the 4 rounds of NGS-ED iteration
	effective electronic model is modified as: kinetic energy t = 0.753117
	                                           effective interaction Vq = [-4.29939,-4.20835,-4.00666,-4.20835,-4.20835,-4.00666,-4.06685,-4.00666,-4.00666,-4.06685,-3.93321,-4.06685,-4.20835,-4.00666,-4.06685,-4.00666]
	PARPACK diagonalization completed after 75 matrix-vector product operations.
	iteration results: : total energy is -87.112256 | electron energy -87.347542 + phonon energy 0.235287 | electron momentum kIdx = 0
The 4-th iteration is completed.	|| time cost : 0h 0m 41.464s
********************************************************************************************************************
Start the 5 rounds of NGS-ED iteration
	effective electronic model is modified as: kinetic energy t = 0.740207
	                                           effective interaction Vq = [-4.29988,-4.21633,-4.11793,-4.21633,-4.21633,-4.11793,-4.07544,-4.11793,-4.11793,-4.07544, -3.9438,-4.07544,-4.21633,-4.11793,-4.07544,-4.11793]
	PARPACK diagonalization completed after 60 matrix-vector product operations.
	iteration results: : total energy is -87.304646 | electron energy -87.553712 + phonon energy 0.249066 | electron momentum kIdx = 0
The 5-th iteration is completed.	|| time cost : 0h 0m 36.736s
********************************************************************************************************************
Start the 6 rounds of NGS-ED iteration
	effective electronic model is modified as: kinetic energy t = 0.72929
	                                           effective interaction Vq = [-4.29998,-4.21845,-4.17797,-4.21845,-4.21845,-4.17797,-4.08199,-4.17797,-4.17797,-4.08199,-4.03836,-4.08199,-4.21845,-4.17797,-4.08199,-4.17797]
	PARPACK diagonalization completed after 45 matrix-vector product operations.
	iteration results: : total energy is -87.391205 | electron energy -87.657598 + phonon energy 0.266393 | electron momentum kIdx = 0
The 6-th iteration is completed.	|| time cost : 0h 0m 32.094s
********************************************************************************************************************
Start the 7 rounds of NGS-ED iteration
	effective electronic model is modified as: kinetic energy t = 0.724636
	                                           effective interaction Vq = [-4.29999,-4.21828,-4.20096,-4.21828,-4.21828,-4.20096,-4.08308,-4.20096,-4.20096,-4.08308,-4.08059,-4.08308,-4.21828,-4.20096,-4.08308,-4.20096]
	PARPACK diagonalization completed after 45 matrix-vector product operations.
	iteration results: : total energy is -87.409862 | electron energy -87.688854 + phonon energy 0.278992 | electron momentum kIdx = 0
The 7-th iteration is completed.	|| time cost : 0h 0m 32.08s
********************************************************************************************************************
Start the 8 rounds of NGS-ED iteration
	effective electronic model is modified as: kinetic energy t = 0.722623
	                                           effective interaction Vq = [    -4.3,-4.21776,-4.21036,-4.21776,-4.21776,-4.21036,-4.08281,-4.21036,-4.21036,-4.08281,-4.10052,-4.08281,-4.21776,-4.21036,-4.08281,-4.21036]
	PARPACK diagonalization completed after 45 matrix-vector product operations.
	iteration results: : total energy is -87.413829 | electron energy -87.699413 + phonon energy 0.285585 | electron momentum kIdx = 0
The 8-th iteration is completed.	|| time cost : 0h 0m 32.042s
********************************************************************************************************************
Start the 9 rounds of NGS-ED iteration
	effective electronic model is modified as: kinetic energy t = 0.72175
	                                           effective interaction Vq = [    -4.3,-4.21733,-4.21435,-4.21733,-4.21733,-4.21435,-4.08236,-4.21435,-4.21435,-4.08236,-4.11018,-4.08236,-4.21733,-4.21435,-4.08236,-4.21435]
	PARPACK diagonalization completed after 45 matrix-vector product operations.
	iteration results: : total energy is -87.414673 | electron energy -87.703389 + phonon energy 0.288717 | electron momentum kIdx = 0
The 9-th iteration is completed.	|| time cost : 0h 0m 32.15s
********************************************************************************************************************
Start the 10 rounds of NGS-ED iteration
	effective electronic model is modified as: kinetic energy t = 0.72137
	                                           effective interaction Vq = [    -4.3,-4.21706,-4.21607,-4.21706,-4.21706,-4.21607,-4.08199,-4.21607,-4.21607,-4.08199,-4.11491,-4.08199,-4.21706,-4.21607,-4.08199,-4.21607]
	PARPACK diagonalization completed after 45 matrix-vector product operations.
	iteration results: : total energy is -87.414854 | electron energy -87.705008 + phonon energy 0.290154 | electron momentum kIdx = 0
	Nq(0) = 16,	Nq(1) = 0.396662,	Nq(2) = 0.75985,	Nq(3) = 0.396662,	Nq(4) = 0.396662,	Nq(5) = 0.75985,	Nq(6) = 0.619374,	Nq(7) = 0.75985,	Nq(8) = 0.75985,	Nq(9) = 0.619374,	Nq(10) = 0.892686,	Nq(11) = 0.619374,	Nq(12) = 0.396662,	Nq(13) = 0.75985,	Nq(14) = 0.619374,	Nq(15) = 0.75985,	Sq(0) = -4.85331e-18,	Sq(1) = 0.343929,	Sq(2) = 0.364501,	Sq(3) = 0.343929,	Sq(4) = 0.343929,	Sq(5) = 0.364501,	Sq(6) = 0.579449,	Sq(7) = 0.364501,	Sq(8) = 0.364501,	Sq(9) = 0.579449,	Sq(10) = 0.603556,	Sq(11) = 0.579449,	Sq(12) = 0.343929,	Sq(13) = 0.364501,	Sq(14) = 0.579449,	Sq(15) = 0.364501,	N(0) = 1.99897,	N(1) = 1.99678,	N(2) = 1,	N(3) = 1.99678,	N(4) = 1.99678,	N(5) = 1,	N(6) = 0.00321701,	N(7) = 1,	N(8) = 1,	N(9) = 0.00321701,	N(10) = 0.00102518,	N(11) = 0.00321701,	N(12) = 1.99678,	N(13) = 1,	N(14) = 0.00321701,	N(15) = 1,	Delta[s](0) = 0.504229,	Delta[s](1) = 0.30615,	Delta[s](2) = 0.282004,	Delta[s](3) = 0.30615,	Delta[s](4) = 0.30615,	Delta[s](5) = 0.282004,	Delta[s](6) = 0.268425,	Delta[s](7) = 0.282004,	Delta[s](8) = 0.282004,	Delta[s](9) = 0.268425,	Delta[s](10) = 0.263412,	Delta[s](11) = 0.268425,	Delta[s](12) = 0.30615,	Delta[s](13) = 0.282004,	Delta[s](14) = 0.268425,	Delta[s](15) = 0.282004,	Delta[d](0) = 0.341815,	Delta[d](1) = 0.295949,	Delta[d](2) = 0.274478,	Delta[d](3) = 0.295949,	Delta[d](4) = 0.295949,	Delta[d](5) = 0.269779,	Delta[d](6) = 0.257872,	Delta[d](7) = 0.269779,	Delta[d](8) = 0.274478,	Delta[d](9) = 0.257872,	Delta[d](10) = 0.197461,	Delta[d](11) = 0.257872,	Delta[d](12) = 0.295949,	Delta[d](13) = 0.269779,	Delta[d](14) = 0.257872,	Delta[d](15) = 0.269779,	Delta[s+](0) = 0.475442,	Delta[s+](1) = 0.392231,	Delta[s+](2) = 0.274478,	Delta[s+](3) = 0.392231,	Delta[s+](4) = 0.392231,	Delta[s+](5) = 0.274478,	Delta[s+](6) = 0.153637,	Delta[s+](7) = 0.274478,	Delta[s+](8) = 0.274478,	Delta[s+](9) = 0.153637,	Delta[s+](10) = 0.0697091,	Delta[s+](11) = 0.153637,	Delta[s+](12) = 0.392231,	Delta[s+](13) = 0.274478,	Delta[s+](14) = 0.153637,	Delta[s+](15) = 0.274478
The 10-th iteration is completed.	|| time cost : 0h 4m 25.439s
********************************************************************************************************************
Start the 11 rounds of NGS-ED iteration
	effective electronic model is modified as: kinetic energy t = 0.721205
	                                           effective interaction Vq = [    -4.3, -4.2169,-4.21681, -4.2169, -4.2169,-4.21681,-4.08175,-4.21681,-4.21681,-4.08175,-4.11726,-4.08175, -4.2169,-4.21681,-4.08175,-4.21681]
	PARPACK diagonalization completed after 30 matrix-vector product operations.
	iteration results: : total energy is -87.414894 | electron energy -87.705699 + phonon energy 0.290805 | electron momentum kIdx = 0
The 11-th iteration is completed.	|| time cost : 0h 0m 27.406s
********************************************************************************************************************
Start the 12 rounds of NGS-ED iteration
	effective electronic model is modified as: kinetic energy t = 0.721133
	                                           effective interaction Vq = [    -4.3,-4.21681,-4.21714,-4.21681,-4.21681,-4.21714, -4.0816,-4.21714,-4.21714, -4.0816,-4.11842, -4.0816,-4.21681,-4.21714, -4.0816,-4.21714]
	PARPACK diagonalization completed after 30 matrix-vector product operations.
	iteration results: : total energy is -87.414902 | electron energy -87.706002 + phonon energy 0.291099 | electron momentum kIdx = 0
The 12-th iteration is completed.	|| time cost : 0h 0m 27.399s
********************************************************************************************************************
Start the 13 rounds of NGS-ED iteration
	effective electronic model is modified as: kinetic energy t = 0.721102
	                                           effective interaction Vq = [    -4.3,-4.21676,-4.21728,-4.21676,-4.21676,-4.21728,-4.08151,-4.21728,-4.21728,-4.08151,  -4.119,-4.08151,-4.21676,-4.21728,-4.08151,-4.21728]
	PARPACK diagonalization completed after 30 matrix-vector product operations.
	iteration results: : total energy is -87.414904 | electron energy -87.706137 + phonon energy 0.291232 | electron momentum kIdx = 0
The 13-th iteration is completed.	|| time cost : 0h 0m 27.393s
********************************************************************************************************************
Start the 14 rounds of NGS-ED iteration
	effective electronic model is modified as: kinetic energy t = 0.721089
	                                           effective interaction Vq = [    -4.3,-4.21673,-4.21735,-4.21673,-4.21673,-4.21735,-4.08146,-4.21735,-4.21735,-4.08146,-4.11929,-4.08146,-4.21673,-4.21735,-4.08146,-4.21735]
	PARPACK diagonalization completed after 30 matrix-vector product operations.
	iteration results: : total energy is -87.414905 | electron energy -87.706197 + phonon energy 0.291292 | electron momentum kIdx = 0
The 14-th iteration is completed.	|| time cost : 0h 0m 27.362s
********************************************************************************************************************
Start the 15 rounds of NGS-ED iteration
	effective electronic model is modified as: kinetic energy t = 0.721083
	                                           effective interaction Vq = [    -4.3,-4.21672,-4.21737,-4.21672,-4.21672,-4.21737,-4.08144,-4.21737,-4.21737,-4.08144,-4.11943,-4.08144,-4.21672,-4.21737,-4.08144,-4.21737]
	PARPACK diagonalization completed after 30 matrix-vector product operations.
	iteration results: : total energy is -87.414905 | electron energy -87.706225 + phonon energy 0.291320 | electron momentum kIdx = 0
The 15-th iteration is completed.	|| time cost : 0h 0m 27.405s
********************************************************************************************************************
Start the 16 rounds of NGS-ED iteration
	effective electronic model is modified as: kinetic energy t = 0.72108
	                                           effective interaction Vq = [    -4.3,-4.21671,-4.21739,-4.21671,-4.21671,-4.21739,-4.08142,-4.21739,-4.21739,-4.08142, -4.1195,-4.08142,-4.21671,-4.21739,-4.08142,-4.21739]
	PARPACK diagonalization completed after 30 matrix-vector product operations.
	iteration results: : total energy is -87.414905 | electron energy -87.706237 + phonon energy 0.291332 | electron momentum kIdx = 0
The 16-th iteration is completed.	|| time cost : 0h 0m 27.463s
********************************************************************************************************************
Start the 17 rounds of NGS-ED iteration
	effective electronic model is modified as: kinetic energy t = 0.721079
	                                           effective interaction Vq = [    -4.3, -4.2167,-4.21739, -4.2167, -4.2167,-4.21739,-4.08142,-4.21739,-4.21739,-4.08142,-4.11954,-4.08142, -4.2167,-4.21739,-4.08142,-4.21739]
	PARPACK diagonalization completed after 30 matrix-vector product operations.
	iteration results: : total energy is -87.414905 | electron energy -87.706243 + phonon energy 0.291338 | electron momentum kIdx = 0
The 17-th iteration is completed.	|| time cost : 0h 0m 27.322s
********************************************************************************************************************
Start the 18 rounds of NGS-ED iteration
	effective electronic model is modified as: kinetic energy t = 0.721079
	                                           effective interaction Vq = [    -4.3, -4.2167,-4.21739, -4.2167, -4.2167,-4.21739,-4.08141,-4.21739,-4.21739,-4.08141,-4.11956,-4.08141, -4.2167,-4.21739,-4.08141,-4.21739]
	PARPACK diagonalization completed after 30 matrix-vector product operations.
	iteration results: : total energy is -87.414905 | electron energy -87.706245 + phonon energy 0.291340 | electron momentum kIdx = 0
The 18-th iteration is completed.	|| time cost : 0h 0m 27.292s
********************************************************************************************************************
Start the 19 rounds of NGS-ED iteration
	effective electronic model is modified as: kinetic energy t = 0.721078
	                                           effective interaction Vq = [    -4.3, -4.2167, -4.2174, -4.2167, -4.2167, -4.2174,-4.08141, -4.2174, -4.2174,-4.08141,-4.11957,-4.08141, -4.2167, -4.2174,-4.08141, -4.2174]
	PARPACK diagonalization completed after 30 matrix-vector product operations.
	iteration results: : total energy is -87.414905 | electron energy -87.706247 + phonon energy 0.291342 | electron momentum kIdx = 0
The 19-th iteration is completed.	|| time cost : 0h 0m 27.375s
********************************************************************************************************************
Start the 20 rounds of NGS-ED iteration
	effective electronic model is modified as: kinetic energy t = 0.721078
	                                           effective interaction Vq = [    -4.3, -4.2167, -4.2174, -4.2167, -4.2167, -4.2174,-4.08141, -4.2174, -4.2174,-4.08141,-4.11957,-4.08141, -4.2167, -4.2174,-4.08141, -4.2174]
	PARPACK diagonalization completed after 30 matrix-vector product operations.
	iteration results: : total energy is -87.414905 | electron energy -87.706247 + phonon energy 0.291342 | electron momentum kIdx = 0
	Nq(0) = 16,	Nq(1) = 0.396301,	Nq(2) = 0.760349,	Nq(3) = 0.396301,	Nq(4) = 0.396301,	Nq(5) = 0.760349,	Nq(6) = 0.618864,	Nq(7) = 0.760349,	Nq(8) = 0.760349,	Nq(9) = 0.618864,	Nq(10) = 0.895635,	Nq(11) = 0.618864,	Nq(12) = 0.396301,	Nq(13) = 0.760349,	Nq(14) = 0.618864,	Nq(15) = 0.760349,	Sq(0) = -8.61443e-19,	Sq(1) = 0.343757,	Sq(2) = 0.364396,	Sq(3) = 0.343757,	Sq(4) = 0.343757,	Sq(5) = 0.364396,	Sq(6) = 0.579215,	Sq(7) = 0.364396,	Sq(8) = 0.364396,	Sq(9) = 0.579215,	Sq(10) = 0.603344,	Sq(11) = 0.579215,	Sq(12) = 0.343757,	Sq(13) = 0.364396,	Sq(14) = 0.579215,	Sq(15) = 0.364396,	N(0) = 1.99896,	N(1) = 1.99675,	N(2) = 1,	N(3) = 1.99675,	N(4) = 1.99675,	N(5) = 1,	N(6) = 0.00325361,	N(7) = 1,	N(8) = 1,	N(9) = 0.00325361,	N(10) = 0.00104119,	N(11) = 0.00325361,	N(12) = 1.99675,	N(13) = 1,	N(14) = 0.00325361,	N(15) = 1,	Delta[s](0) = 0.504182,	Delta[s](1) = 0.306231,	Delta[s](2) = 0.282084,	Delta[s](3) = 0.306231,	Delta[s](4) = 0.306231,	Delta[s](5) = 0.282084,	Delta[s](6) = 0.268527,	Delta[s](7) = 0.282084,	Delta[s](8) = 0.282084,	Delta[s](9) = 0.268527,	Delta[s](10) = 0.263477,	Delta[s](11) = 0.268527,	Delta[s](12) = 0.306231,	Delta[s](13) = 0.282084,	Delta[s](14) = 0.268527,	Delta[s](15) = 0.282084,	Delta[d](0) = 0.341684,	Delta[d](1) = 0.295833,	Delta[d](2) = 0.27437,	Delta[d](3) = 0.295833,	Delta[d](4) = 0.295833,	Delta[d](5) = 0.269691,	Delta[d](6) = 0.257775,	Delta[d](7) = 0.269691,	Delta[d](8) = 0.27437,	Delta[d](9) = 0.257775,	Delta[d](10) = 0.19742,	Delta[d](11) = 0.257775,	Delta[d](12) = 0.295833,	Delta[d](13) = 0.269691,	Delta[d](14) = 0.257775,	Delta[d](15) = 0.269691,	Delta[s+](0) = 0.475211,	Delta[s+](1) = 0.392036,	Delta[s+](2) = 0.27437,	Delta[s+](3) = 0.392036,	Delta[s+](4) = 0.392036,	Delta[s+](5) = 0.27437,	Delta[s+](6) = 0.15357,	Delta[s+](7) = 0.27437,	Delta[s+](8) = 0.27437,	Delta[s+](9) = 0.15357,	Delta[s+](10) = 0.0696954,	Delta[s+](11) = 0.15357,	Delta[s+](12) = 0.392036,	Delta[s+](13) = 0.27437,	Delta[s+](14) = 0.15357,	Delta[s+](15) = 0.27437
The 20-th iteration is completed.	|| time cost : 0h 4m 21.933s
********************************************************************************************************************
Start the 21 rounds of NGS-ED iteration
	effective electronic model is modified as: kinetic energy t = 0.721078
	                                           effective interaction Vq = [    -4.3, -4.2167, -4.2174, -4.2167, -4.2167, -4.2174,-4.08141, -4.2174, -4.2174,-4.08141,-4.11957,-4.08141, -4.2167, -4.2174,-4.08141, -4.2174]
	PARPACK diagonalization completed after 30 matrix-vector product operations.
	iteration results: : total energy is -87.414905 | electron energy -87.706248 + phonon energy 0.291342 | electron momentum kIdx = 0
The 21-th iteration is completed.	|| time cost : 0h 0m 27.501s
********************************************************************************************************************
Start the 22 rounds of NGS-ED iteration
	effective electronic model is modified as: kinetic energy t = 0.721078
	                                           effective interaction Vq = [    -4.3, -4.2167, -4.2174, -4.2167, -4.2167, -4.2174,-4.08141, -4.2174, -4.2174,-4.08141,-4.11958,-4.08141, -4.2167, -4.2174,-4.08141, -4.2174]
	PARPACK diagonalization completed after 30 matrix-vector product operations.
	iteration results: : total energy is -87.414905 | electron energy -87.706248 + phonon energy 0.291343 | electron momentum kIdx = 0
	Nq(0) = 16,	Nq(1) = 0.396301,	Nq(2) = 0.760349,	Nq(3) = 0.396301,	Nq(4) = 0.396301,	Nq(5) = 0.760349,	Nq(6) = 0.618864,	Nq(7) = 0.760349,	Nq(8) = 0.760349,	Nq(9) = 0.618864,	Nq(10) = 0.895637,	Nq(11) = 0.618864,	Nq(12) = 0.396301,	Nq(13) = 0.760349,	Nq(14) = 0.618864,	Nq(15) = 0.760349,	Sq(0) = 1.01041e-17,	Sq(1) = 0.343757,	Sq(2) = 0.364396,	Sq(3) = 0.343757,	Sq(4) = 0.343757,	Sq(5) = 0.364396,	Sq(6) = 0.579215,	Sq(7) = 0.364396,	Sq(8) = 0.364396,	Sq(9) = 0.579215,	Sq(10) = 0.603344,	Sq(11) = 0.579215,	Sq(12) = 0.343757,	Sq(13) = 0.364396,	Sq(14) = 0.579215,	Sq(15) = 0.364396,	N(0) = 1.99896,	N(1) = 1.99675,	N(2) = 1,	N(3) = 1.99675,	N(4) = 1.99675,	N(5) = 1,	N(6) = 0.00325362,	N(7) = 1,	N(8) = 1,	N(9) = 0.00325362,	N(10) = 0.0010412,	N(11) = 0.00325362,	N(12) = 1.99675,	N(13) = 1,	N(14) = 0.00325362,	N(15) = 1,	Delta[s](0) = 0.504182,	Delta[s](1) = 0.306231,	Delta[s](2) = 0.282084,	Delta[s](3) = 0.306231,	Delta[s](4) = 0.306231,	Delta[s](5) = 0.282084,	Delta[s](6) = 0.268527,	Delta[s](7) = 0.282084,	Delta[s](8) = 0.282084,	Delta[s](9) = 0.268527,	Delta[s](10) = 0.263477,	Delta[s](11) = 0.268527,	Delta[s](12) = 0.306231,	Delta[s](13) = 0.282084,	Delta[s](14) = 0.268527,	Delta[s](15) = 0.282084,	Delta[d](0) = 0.341684,	Delta[d](1) = 0.295832,	Delta[d](2) = 0.27437,	Delta[d](3) = 0.295832,	Delta[d](4) = 0.295832,	Delta[d](5) = 0.269691,	Delta[d](6) = 0.257775,	Delta[d](7) = 0.269691,	Delta[d](8) = 0.27437,	Delta[d](9) = 0.257775,	Delta[d](10) = 0.19742,	Delta[d](11) = 0.257775,	Delta[d](12) = 0.295832,	Delta[d](13) = 0.269691,	Delta[d](14) = 0.257775,	Delta[d](15) = 0.269691,	Delta[s+](0) = 0.475211,	Delta[s+](1) = 0.392036,	Delta[s+](2) = 0.27437,	Delta[s+](3) = 0.392036,	Delta[s+](4) = 0.392036,	Delta[s+](5) = 0.27437,	Delta[s+](6) = 0.15357,	Delta[s+](7) = 0.27437,	Delta[s+](8) = 0.27437,	Delta[s+](9) = 0.15357,	Delta[s+](10) = 0.0696953,	Delta[s+](11) = 0.15357,	Delta[s+](12) = 0.392036,	Delta[s+](13) = 0.27437,	Delta[s+](14) = 0.15357,	Delta[s+](15) = 0.27437
The 22-th iteration is completed.	|| time cost : 0h 4m 21.688s
********************************************************************************************************************
********************************************************************************************************************
Ground state is obtained after 23 iterations. The current ground-state energy is -87.4149, in which electron energy is -87.7062 and phonon energy is 0.291343
final variational state is: 
	Gamma_x = [      1,1.05234,1.10234,1.05234,1.05234,1.10234, 1.1229,1.10234,1.10234, 1.1229,1.16904, 1.1229,1.05234,1.10234, 1.1229,1.10234]
	lambda_q = [0.733144,0.631103,0.631529,0.631103,0.631103,0.631529,0.567844,0.631529,0.631529,0.567844,0.582968,0.567844,0.631103,0.631529,0.567844,0.631529]
********************************************************************************************************************
o___o  ----------------------------------------
| L |	Time since last clock: 0h 0m 0s
