TACC:  Starting up job 1813910 
TACC:  Starting parallel tasks... 
SNEDics v3.4 Non-Gaussian ED ground state program		Start at Fri Oct 23 21:17:13 2020

parallized on 16 MPI threads  * 7 OpenMP threads = 112 total threads.
********************************************************************************************************************
********************************************************************************************************************

********************************************************************************************************************
System parameters and configurations
********************************************************************************************************************
Special program options are enabled: splitted diagonal Hamiltonian
********************************************************************************************************************
Read input file "model_params.in"
	Hubbard-Holstein model parameters : 	t = 1    U = 4    g = 2.1213    W = 1    
********************************************************************************************************************
Read input file "hilbertspace_params.in"
	Requested 16-site 2D lattice, with 14 electrons (7, 7)
	Boundary : Periodic		Hilbert space representation : momentum-space (restricted to kIdx = 0)
	Conservation: particle number[U(1)]      spin[U(1)]     momentum
********************************************************************************************************************

Cluster Positions:				Cluster symmetry group : D4
 x ... x ... x ... x .....                       x ... x ... x ... x .....
 |           |           :                       |           |           :
 |           |           :                       |           |           :
12    13    14    15     x                       1     5     6     5     x
 |           |           :                       |           |           :
 |           |           :                       |           |           :
 8 --- 9 ---10 ---11 --- x                       2 --- 6 ---10 --- 6 --- x
 |           |           :                       |           |           :
 |           |           :                       |           |           :
 4     5     6     7     x                       1     5     6     5     x
 |           |           :                       |           |           :
 |           |           :                       |           |           :
 0 --- 1 --- 2 --- 3 --- x                       0 --- 1 --- 2 --- 1 --- x
orbital number : 1
********************************************************************************************************************
Read input file "obs_params.in"
	Observable Type : Nq(All),   Sq(All),   N(All),   Delta[s](All),   Delta[d](All),   Delta[s+](All)
********************************************************************************************************************
** WARNING ** the input observables have non-local factors which have been reinterpreted. The total observable number is 96
********************************************************************************************************************


********************************************************************************************************************
Start calculating the non-Gaussian ED ground state
** WARNING ** Detected low phonon energy W < 10. The initial state will be prepared through a warm-up process.
********************************************************************************************************************
Start warm-up calculation for scaling factor 16
open output files: NGSEDWarmUpW16Obs.txt
********************************************************************************************************************
Start the 0 rounds of NGS-ED iteration
	effective electronic model is modified as: kinetic energy t = 1
	                                           effective interaction Vq = [0,0,0,0,0,0,0,0,0,0,0,0,0,0,0,0]
	first Hamiltonian is constructed, non-zero numbers = 2178478298
	PARPACK diagonalization completed after 150 matrix-vector product operations.
	iteration results: : total energy is -15.744588 | electron energy -15.744588 + phonon energy 0.000000 | electron momentum kIdx = 0
	Nq(0) = 12.25,	Nq(1) = 0.215838,	Nq(2) = 0.272353,	Nq(3) = 0.215838,	Nq(4) = 0.215838,	Nq(5) = 0.315693,	Nq(6) = 0.368855,	Nq(7) = 0.315693,	Nq(8) = 0.272353,	Nq(9) = 0.368855,	Nq(10) = 0.424219,	Nq(11) = 0.368855,	Nq(12) = 0.215838,	Nq(13) = 0.315693,	Nq(14) = 0.368855,	Nq(15) = 0.315693,	Sq(0) = 8.27514e-19,	Sq(1) = 0.461697,	Sq(2) = 0.680365,	Sq(3) = 0.461697,	Sq(4) = 0.461697,	Sq(5) = 0.590684,	Sq(6) = 0.857215,	Sq(7) = 0.590684,	Sq(8) = 0.680365,	Sq(9) = 0.857215,	Sq(10) = 2.18042,	Sq(11) = 0.857215,	Sq(12) = 0.461697,	Sq(13) = 0.590684,	Sq(14) = 0.857215,	Sq(15) = 0.590684,	N(0) = 1.91827,	N(1) = 1.84632,	N(2) = 0.114167,	N(3) = 1.84632,	N(4) = 1.84632,	N(5) = 0.997855,	N(6) = 0.106092,	N(7) = 0.997855,	N(8) = 0.114167,	N(9) = 0.106092,	N(10) = 0.052338,	N(11) = 0.106092,	N(12) = 1.84632,	N(13) = 0.997855,	N(14) = 0.106092,	N(15) = 0.997855,	Delta[s](0) = 0.134505,	Delta[s](1) = 0.110623,	Delta[s](2) = 0.0814904,	Delta[s](3) = 0.110623,	Delta[s](4) = 0.110623,	Delta[s](5) = 0.0931893,	Delta[s](6) = 0.0654236,	Delta[s](7) = 0.0931893,	Delta[s](8) = 0.0814904,	Delta[s](9) = 0.0654236,	Delta[s](10) = 0.0358073,	Delta[s](11) = 0.0654236,	Delta[s](12) = 0.110623,	Delta[s](13) = 0.0931893,	Delta[s](14) = 0.0654236,	Delta[s](15) = 0.0931893,	Delta[d](0) = 0.235508,	Delta[d](1) = 0.161348,	Delta[d](2) = 0.178169,	Delta[d](3) = 0.161348,	Delta[d](4) = 0.161348,	Delta[d](5) = 0.160011,	Delta[d](6) = 0.117016,	Delta[d](7) = 0.160011,	Delta[d](8) = 0.178169,	Delta[d](9) = 0.117016,	Delta[d](10) = 0.0429119,	Delta[d](11) = 0.117016,	Delta[d](12) = 0.161348,	Delta[d](13) = 0.160011,	Delta[d](14) = 0.117016,	Delta[d](15) = 0.160011,	Delta[s+](0) = 0.549711,	Delta[s+](1) = 0.410077,	Delta[s+](2) = 0.178169,	Delta[s+](3) = 0.410077,	Delta[s+](4) = 0.410077,	Delta[s+](5) = 0.283795,	Delta[s+](6) = 0.112219,	Delta[s+](7) = 0.283795,	Delta[s+](8) = 0.178169,	Delta[s+](9) = 0.112219,	Delta[s+](10) = 0.0318866,	Delta[s+](11) = 0.112219,	Delta[s+](12) = 0.410077,	Delta[s+](13) = 0.283795,	Delta[s+](14) = 0.112219,	Delta[s+](15) = 0.283795
The 0-th iteration is completed.	|| time cost : 0h 6m 36.076s
********************************************************************************************************************
Start the 1 rounds of NGS-ED iteration
	effective electronic model is modified as: kinetic energy t = 0.8783
	                                           effective interaction Vq = [-4.31649,-4.15243,-4.04884,-4.15243,-4.15243,-4.08893,-4.02022,-4.08893,-4.04884,-4.02022,-3.97099,-4.02022,-4.15243,-4.08893,-4.02022,-4.08893]
	PARPACK diagonalization completed after 105 matrix-vector product operations.
	iteration results: : total energy is -99.525804 | electron energy -99.541380 + phonon energy 0.015577 | electron momentum kIdx = 0
The 1-th iteration is completed.	|| time cost : 0h 5m 24.563s
********************************************************************************************************************
Start the 2 rounds of NGS-ED iteration
	effective electronic model is modified as: kinetic energy t = 0.808526
	                                           effective interaction Vq = [-4.49244,-4.46058,-4.43907,-4.46058,-4.46058,-4.44428,-4.42447,-4.44428,-4.43907,-4.42447,-4.43682,-4.42447,-4.46058,-4.44428,-4.42447,-4.44428]
	PARPACK diagonalization completed after 45 matrix-vector product operations.
	iteration results: : total energy is -105.238616 | electron energy -105.287244 + phonon energy 0.048628 | electron momentum kIdx = 0
The 2-th iteration is completed.	|| time cost : 0h 0m 24.394s
********************************************************************************************************************
Start the 3 rounds of NGS-ED iteration
	effective electronic model is modified as: kinetic energy t = 0.791276
	                                           effective interaction Vq = [-4.49961,-4.48478,-4.47443,-4.48478,-4.48478,-4.47528,-4.46858,-4.47528,-4.47443,-4.46858,-4.48713,-4.46858,-4.48478,-4.47528,-4.46858,-4.47528]
	PARPACK diagonalization completed after 45 matrix-vector product operations.
	iteration results: : total energy is -105.527321 | electron energy -105.579142 + phonon energy 0.051821 | electron momentum kIdx = 0
The 3-th iteration is completed.	|| time cost : 0h 0m 24.384s
********************************************************************************************************************
Start the 4 rounds of NGS-ED iteration
	effective electronic model is modified as: kinetic energy t = 0.78777
	                                           effective interaction Vq = [ -4.4999,-4.48787,-4.47923,-4.48787,-4.48787, -4.4794,-4.47534, -4.4794,-4.47923,-4.47534,-4.49348,-4.47534,-4.48787, -4.4794,-4.47534, -4.4794]
	PARPACK diagonalization completed after 45 matrix-vector product operations.
	iteration results: : total energy is -105.540060 | electron energy -105.592501 + phonon energy 0.052441 | electron momentum kIdx = 0
The 4-th iteration is completed.	|| time cost : 0h 0m 24.521s
********************************************************************************************************************
Start the 5 rounds of NGS-ED iteration
	effective electronic model is modified as: kinetic energy t = 0.787058
	                                           effective interaction Vq = [-4.49991,-4.48841,-4.48009,-4.48841,-4.48841,-4.48013,-4.47669,-4.48013,-4.48009,-4.47669,-4.49453,-4.47669,-4.48841,-4.48013,-4.47669,-4.48013]
	PARPACK diagonalization completed after 30 matrix-vector product operations.
	iteration results: : total energy is -105.540594 | electron energy -105.593211 + phonon energy 0.052617 | electron momentum kIdx = 0
The 5-th iteration is completed.	|| time cost : 0h 0m 21.581s
********************************************************************************************************************
Start the 6 rounds of NGS-ED iteration
	effective electronic model is modified as: kinetic energy t = 0.78691
	                                           effective interaction Vq = [-4.49991,-4.48851,-4.48026,-4.48851,-4.48851,-4.48027,-4.47699,-4.48027,-4.48026,-4.47699,-4.49472,-4.47699,-4.48851,-4.48027,-4.47699,-4.48027]
	PARPACK diagonalization completed after 30 matrix-vector product operations.
	iteration results: : total energy is -105.540616 | electron energy -105.593275 + phonon energy 0.052659 | electron momentum kIdx = 0
	Nq(0) = 12.25,	Nq(1) = 0.499853,	Nq(2) = 0.739688,	Nq(3) = 0.499853,	Nq(4) = 0.499853,	Nq(5) = 0.739697,	Nq(6) = 1.01001,	Nq(7) = 0.739697,	Nq(8) = 0.739688,	Nq(9) = 1.01001,	Nq(10) = 2.90525,	Nq(11) = 1.01001,	Nq(12) = 0.499853,	Nq(13) = 0.739697,	Nq(14) = 1.01001,	Nq(15) = 0.739697,	Sq(0) = 9.74605e-19,	Sq(1) = 0.0927179,	Sq(2) = 0.151897,	Sq(3) = 0.0927179,	Sq(4) = 0.0927179,	Sq(5) = 0.151897,	Sq(6) = 0.207095,	Sq(7) = 0.151897,	Sq(8) = 0.151897,	Sq(9) = 0.207095,	Sq(10) = 0.256503,	Sq(11) = 0.207095,	Sq(12) = 0.0927179,	Sq(13) = 0.151897,	Sq(14) = 0.207095,	Sq(15) = 0.151897,	N(0) = 1.81545,	N(1) = 1.59168,	N(2) = 0.778979,	N(3) = 1.59168,	N(4) = 1.59168,	N(5) = 0.778979,	N(6) = 0.253725,	N(7) = 0.778979,	N(8) = 0.778979,	N(9) = 0.253725,	N(10) = 0.129044,	N(11) = 0.253725,	N(12) = 1.59168,	N(13) = 0.778979,	N(14) = 0.253725,	N(15) = 0.778979,	Delta[s](0) = 1.18522,	Delta[s](1) = 0.358749,	Delta[s](2) = 0.312187,	Delta[s](3) = 0.358749,	Delta[s](4) = 0.358749,	Delta[s](5) = 0.312187,	Delta[s](6) = 0.274148,	Delta[s](7) = 0.312187,	Delta[s](8) = 0.312187,	Delta[s](9) = 0.274148,	Delta[s](10) = 0.226504,	Delta[s](11) = 0.274148,	Delta[s](12) = 0.358749,	Delta[s](13) = 0.312187,	Delta[s](14) = 0.274148,	Delta[s](15) = 0.312187,	Delta[d](0) = 0.168431,	Delta[d](1) = 0.147108,	Delta[d](2) = 0.14748,	Delta[d](3) = 0.147108,	Delta[d](4) = 0.147108,	Delta[d](5) = 0.132456,	Delta[d](6) = 0.12759,	Delta[d](7) = 0.132456,	Delta[d](8) = 0.14748,	Delta[d](9) = 0.12759,	Delta[d](10) = 0.0984186,	Delta[d](11) = 0.12759,	Delta[d](12) = 0.147108,	Delta[d](13) = 0.132456,	Delta[d](14) = 0.12759,	Delta[d](15) = 0.132456,	Delta[s+](0) = 0.250036,	Delta[s+](1) = 0.2067,	Delta[s+](2) = 0.14748,	Delta[s+](3) = 0.2067,	Delta[s+](4) = 0.2067,	Delta[s+](5) = 0.14748,	Delta[s+](6) = 0.0907807,	Delta[s+](7) = 0.14748,	Delta[s+](8) = 0.14748,	Delta[s+](9) = 0.0907807,	Delta[s+](10) = 0.0593859,	Delta[s+](11) = 0.0907807,	Delta[s+](12) = 0.2067,	Delta[s+](13) = 0.14748,	Delta[s+](14) = 0.0907807,	Delta[s+](15) = 0.14748
The 6-th iteration is completed.	|| time cost : 0h 3m 56.964s
********************************************************************************************************************
********************************************************************************************************************
Ground state is obtained after 7 iterations. The current ground-state energy is -105.541, in which electron energy is -105.593 and phonon energy is 0.0526591
final variational state is: 
	Gamma_x = [      1,1.01351,1.02598,1.01351,1.01351,1.02598, 1.0383,1.02598,1.02598, 1.0383,1.05482, 1.0383,1.01351,1.02598, 1.0383,1.02598]
	lambda_q = [0.530318,0.503658,0.495312,0.503658,0.503658,0.495314,0.492528,0.495314,0.495312,0.492528,0.512376,0.492528,0.503658,0.495314,0.492528,0.495314]
The effective e-e interactions mediated by phonons are: [4.49991,4.48854, 4.4803,4.48854,4.48854, 4.4803,4.47706, 4.4803, 4.4803,4.47706,4.49476,4.47706,4.48854, 4.4803,4.47706, 4.4803]
The real-space interactions mediated by phonons are: [   -71.7388, -0.0243895,-0.00314196, -0.0236259, -0.0281151, -0.0360519,-0.00314196, 0.00560968, -0.0340671, 0.00560968,-0.00314196, -0.0360519, -0.0281151, -0.0236259,-0.00314196, -0.0243895]
********************************************************************************************************************
o___o  ----------------------------------------
| L |	Time since last clock: 0h 0m 0s
A===A	Time since the beginning: 0h 17m 32.487s
***********************************************

********************************************************************************************************************
Start warm-up calculation for scaling factor 8
open output files: NGSEDWarmUpW8Obs.txt
********************************************************************************************************************
Start the 0 rounds of NGS-ED iteration
	effective electronic model is modified as: kinetic energy t = 0.786879
	                                           effective interaction Vq = [-4.11386,-4.01447,-3.98102,-4.01447,-4.01447,-3.98102,-3.96961,-3.98102,-3.98102,-3.96961,-4.04822,-3.96961,-4.01447,-3.98102,-3.96961,-3.98102]
	PARPACK diagonalization completed after 45 matrix-vector product operations.
	iteration results: : total energy is -94.499228 | electron energy -94.525563 + phonon energy 0.026334 | electron momentum kIdx = 0
	Nq(0) = 12.25,	Nq(1) = 0.463811,	Nq(2) = 0.673255,	Nq(3) = 0.463811,	Nq(4) = 0.463811,	Nq(5) = 0.67326,	Nq(6) = 0.857315,	Nq(7) = 0.67326,	Nq(8) = 0.673255,	Nq(9) = 0.857315,	Nq(10) = 3.40839,	Nq(11) = 0.857315,	Nq(12) = 0.463811,	Nq(13) = 0.67326,	Nq(14) = 0.857315,	Nq(15) = 0.67326,	Sq(0) = 4.37628e-18,	Sq(1) = 0.125084,	Sq(2) = 0.192373,	Sq(3) = 0.125084,	Sq(4) = 0.125084,	Sq(5) = 0.192373,	Sq(6) = 0.261117,	Sq(7) = 0.192373,	Sq(8) = 0.192373,	Sq(9) = 0.261117,	Sq(10) = 0.31851,	Sq(11) = 0.261117,	Sq(12) = 0.125084,	Sq(13) = 0.192373,	Sq(14) = 0.261117,	Sq(15) = 0.192373,	N(0) = 1.87447,	N(1) = 1.70095,	N(2) = 0.748113,	N(3) = 1.70095,	N(4) = 1.70095,	N(5) = 0.748113,	N(6) = 0.185893,	N(7) = 0.748113,	N(8) = 0.748113,	N(9) = 0.185893,	N(10) = 0.0894746,	N(11) = 0.185893,	N(12) = 1.70095,	N(13) = 0.748113,	N(14) = 0.185893,	N(15) = 0.748113,	Delta[s](0) = 0.794235,	Delta[s](1) = 0.345324,	Delta[s](2) = 0.316034,	Delta[s](3) = 0.345324,	Delta[s](4) = 0.345324,	Delta[s](5) = 0.316033,	Delta[s](6) = 0.289948,	Delta[s](7) = 0.316033,	Delta[s](8) = 0.316034,	Delta[s](9) = 0.289948,	Delta[s](10) = 0.2597,	Delta[s](11) = 0.289948,	Delta[s](12) = 0.345324,	Delta[s](13) = 0.316033,	Delta[s](14) = 0.289948,	Delta[s](15) = 0.316033,	Delta[d](0) = 0.170676,	Delta[d](1) = 0.147361,	Delta[d](2) = 0.150287,	Delta[d](3) = 0.147361,	Delta[d](4) = 0.147361,	Delta[d](5) = 0.130547,	Delta[d](6) = 0.126108,	Delta[d](7) = 0.130547,	Delta[d](8) = 0.150287,	Delta[d](9) = 0.126108,	Delta[d](10) = 0.0922114,	Delta[d](11) = 0.126108,	Delta[d](12) = 0.147361,	Delta[d](13) = 0.130547,	Delta[d](14) = 0.126108,	Delta[d](15) = 0.130547,	Delta[s+](0) = 0.273287,	Delta[s+](1) = 0.218627,	Delta[s+](2) = 0.150287,	Delta[s+](3) = 0.218627,	Delta[s+](4) = 0.218627,	Delta[s+](5) = 0.150287,	Delta[s+](6) = 0.0868424,	Delta[s+](7) = 0.150287,	Delta[s+](8) = 0.150287,	Delta[s+](9) = 0.0868424,	Delta[s+](10) = 0.0533863,	Delta[s+](11) = 0.0868424,	Delta[s+](12) = 0.218627,	Delta[s+](13) = 0.150287,	Delta[s+](14) = 0.0868424,	Delta[s+](15) = 0.150287
The 0-th iteration is completed.	|| time cost : 0h 4m 0.174s
********************************************************************************************************************
Start the 1 rounds of NGS-ED iteration
	effective electronic model is modified as: kinetic energy t = 0.720245
	                                           effective interaction Vq = [-4.42197,-4.32951,-4.29439,-4.32951,-4.32951,-4.29439,-4.27565,-4.29439,-4.29439,-4.27565,-4.38635,-4.27565,-4.32951,-4.29439,-4.27565,-4.29439]
	PARPACK diagonalization completed after 45 matrix-vector product operations.
	iteration results: : total energy is -101.154573 | electron energy -101.290729 + phonon energy 0.136156 | electron momentum kIdx = 0
The 1-th iteration is completed.	|| time cost : 0h 0m 24.476s
********************************************************************************************************************
Start the 2 rounds of NGS-ED iteration
	effective electronic model is modified as: kinetic energy t = 0.687342
	                                           effective interaction Vq = [-4.48418,-4.41716,-4.38572,-4.41716,-4.41716,-4.38572,-4.37056,-4.38572,-4.38572,-4.37056,-4.47079,-4.37056,-4.41716,-4.38572,-4.37056,-4.38572]
	PARPACK diagonalization completed after 45 matrix-vector product operations.
	iteration results: : total energy is -102.561546 | electron energy -102.727689 + phonon energy 0.166143 | electron momentum kIdx = 0
The 2-th iteration is completed.	|| time cost : 0h 0m 24.439s
********************************************************************************************************************
Start the 3 rounds of NGS-ED iteration
	effective electronic model is modified as: kinetic energy t = 0.67148
	                                           effective interaction Vq = [-4.49674,-4.44705,-4.41897,-4.44705,-4.44705,-4.41897,-4.40704,-4.41897,-4.41897,-4.40704,-4.48989,-4.40704,-4.44705,-4.41897,-4.40704,-4.41897]
	PARPACK diagonalization completed after 45 matrix-vector product operations.
	iteration results: : total energy is -102.846185 | electron energy -103.018669 + phonon energy 0.172485 | electron momentum kIdx = 0
The 3-th iteration is completed.	|| time cost : 0h 0m 24.392s
********************************************************************************************************************
Start the 4 rounds of NGS-ED iteration
	effective electronic model is modified as: kinetic energy t = 0.662924
	                                           effective interaction Vq = [-4.49927,-4.45993,-4.43505,-4.45993,-4.45993,-4.43505,-4.42596,-4.43505,-4.43505,-4.42596,-4.49453,-4.42596,-4.45993,-4.43505,-4.42596,-4.43505]
	PARPACK diagonalization completed after 45 matrix-vector product operations.
	iteration results: : total energy is -102.909293 | electron energy -103.085413 + phonon energy 0.176120 | electron momentum kIdx = 0
The 4-th iteration is completed.	|| time cost : 0h 0m 24.404s
********************************************************************************************************************
Start the 5 rounds of NGS-ED iteration
	effective electronic model is modified as: kinetic energy t = 0.657873
	                                           effective interaction Vq = [-4.49978,-4.46639, -4.4441,-4.46639,-4.46639, -4.4441,-4.43722, -4.4441, -4.4441,-4.43722,-4.49569,-4.43722,-4.46639, -4.4441,-4.43722, -4.4441]
	PARPACK diagonalization completed after 45 matrix-vector product operations.
	iteration results: : total energy is -102.926200 | electron energy -103.104943 + phonon energy 0.178743 | electron momentum kIdx = 0
The 5-th iteration is completed.	|| time cost : 0h 0m 24.397s
********************************************************************************************************************
Start the 6 rounds of NGS-ED iteration
	effective electronic model is modified as: kinetic energy t = 0.654764
	                                           effective interaction Vq = [-4.49989,-4.46993,-4.44951,-4.46993,-4.46993,-4.44951,-4.44419,-4.44951,-4.44951,-4.44419,-4.49587,-4.44419,-4.46993,-4.44951,-4.44419,-4.44951]
	PARPACK diagonalization completed after 45 matrix-vector product operations.
	iteration results: : total energy is -102.931732 | electron energy -103.112140 + phonon energy 0.180408 | electron momentum kIdx = 0
The 6-th iteration is completed.	|| time cost : 0h 0m 24.376s
********************************************************************************************************************
Start the 7 rounds of NGS-ED iteration
	effective electronic model is modified as: kinetic energy t = 0.652822
	                                           effective interaction Vq = [-4.49991,-4.47197,-4.45283,-4.47197,-4.47197,-4.45283,-4.44856,-4.45283,-4.45283,-4.44856,-4.49575,-4.44856,-4.47197,-4.45283,-4.44856,-4.45283]
	PARPACK diagonalization completed after 45 matrix-vector product operations.
	iteration results: : total energy is -102.933804 | electron energy -103.115193 + phonon energy 0.181390 | electron momentum kIdx = 0
The 7-th iteration is completed.	|| time cost : 0h 0m 24.373s
********************************************************************************************************************
Start the 8 rounds of NGS-ED iteration
	effective electronic model is modified as: kinetic energy t = 0.651601
	                                           effective interaction Vq = [-4.49991,-4.47317,-4.45488,-4.47317,-4.47317,-4.45488, -4.4513,-4.45488,-4.45488, -4.4513,-4.49557, -4.4513,-4.47317,-4.45488, -4.4513,-4.45488]
	PARPACK diagonalization completed after 45 matrix-vector product operations.
	iteration results: : total energy is -102.934633 | electron energy -103.116592 + phonon energy 0.181959 | electron momentum kIdx = 0
The 8-th iteration is completed.	|| time cost : 0h 0m 24.382s
********************************************************************************************************************
Start the 9 rounds of NGS-ED iteration
	effective electronic model is modified as: kinetic energy t = 0.650831
	                                           effective interaction Vq = [-4.49991,-4.47391,-4.45617,-4.47391,-4.47391,-4.45617,-4.45303,-4.45617,-4.45617,-4.45303, -4.4954,-4.45303,-4.47391,-4.45617,-4.45303,-4.45617]
	PARPACK diagonalization completed after 45 matrix-vector product operations.
	iteration results: : total energy is -102.934974 | electron energy -103.117266 + phonon energy 0.182292 | electron momentum kIdx = 0
The 9-th iteration is completed.	|| time cost : 0h 0m 24.53s
********************************************************************************************************************
Start the 10 rounds of NGS-ED iteration
	effective electronic model is modified as: kinetic energy t = 0.650343
	                                           effective interaction Vq = [-4.49991,-4.47436,-4.45698,-4.47436,-4.47436,-4.45698,-4.45413,-4.45698,-4.45698,-4.45413,-4.49526,-4.45413,-4.47436,-4.45698,-4.45413,-4.45698]
	PARPACK diagonalization completed after 30 matrix-vector product operations.
	iteration results: : total energy is -102.935115 | electron energy -103.117607 + phonon energy 0.182492 | electron momentum kIdx = 0
The 10-th iteration is completed.	|| time cost : 0h 0m 21.56s
********************************************************************************************************************
Start the 11 rounds of NGS-ED iteration
	effective electronic model is modified as: kinetic energy t = 0.650034
	                                           effective interaction Vq = [-4.49991,-4.47464,-4.45749,-4.47464,-4.47464,-4.45749,-4.45483,-4.45749,-4.45749,-4.45483,-4.49517,-4.45483,-4.47464,-4.45749,-4.45483,-4.45749]
	PARPACK diagonalization completed after 30 matrix-vector product operations.
	iteration results: : total energy is -102.935174 | electron energy -103.117788 + phonon energy 0.182613 | electron momentum kIdx = 0
The 11-th iteration is completed.	|| time cost : 0h 0m 21.584s
********************************************************************************************************************
Start the 12 rounds of NGS-ED iteration
	effective electronic model is modified as: kinetic energy t = 0.649837
	                                           effective interaction Vq = [-4.49991,-4.47482,-4.45782,-4.47482,-4.47482,-4.45782,-4.45528,-4.45782,-4.45782,-4.45528, -4.4951,-4.45528,-4.47482,-4.45782,-4.45528,-4.45782]
	PARPACK diagonalization completed after 30 matrix-vector product operations.
	iteration results: : total energy is -102.935199 | electron energy -103.117888 + phonon energy 0.182689 | electron momentum kIdx = 0
The 12-th iteration is completed.	|| time cost : 0h 0m 21.665s
********************************************************************************************************************
Start the 13 rounds of NGS-ED iteration
	effective electronic model is modified as: kinetic energy t = 0.649711
	                                           effective interaction Vq = [-4.49991,-4.47493,-4.45803,-4.47493,-4.47493,-4.45803,-4.45556,-4.45803,-4.45803,-4.45556,-4.49505,-4.45556,-4.47493,-4.45803,-4.45556,-4.45803]
	PARPACK diagonalization completed after 30 matrix-vector product operations.
	iteration results: : total energy is -102.935209 | electron energy -103.117945 + phonon energy 0.182736 | electron momentum kIdx = 0
	Nq(0) = 12.25,	Nq(1) = 0.472586,	Nq(2) = 0.691101,	Nq(3) = 0.472586,	Nq(4) = 0.472586,	Nq(5) = 0.691101,	Nq(6) = 0.975301,	Nq(7) = 0.691101,	Nq(8) = 0.691101,	Nq(9) = 0.975301,	Nq(10) = 3.99436,	Nq(11) = 0.975301,	Nq(12) = 0.472586,	Nq(13) = 0.691101,	Nq(14) = 0.975301,	Nq(15) = 0.691101,	Sq(0) = 4.56636e-19,	Sq(1) = 0.0677017,	Sq(2) = 0.116762,	Sq(3) = 0.0677017,	Sq(4) = 0.0677017,	Sq(5) = 0.116762,	Sq(6) = 0.161073,	Sq(7) = 0.116762,	Sq(8) = 0.116762,	Sq(9) = 0.161073,	Sq(10) = 0.201824,	Sq(11) = 0.161073,	Sq(12) = 0.0677017,	Sq(13) = 0.116762,	Sq(14) = 0.161073,	Sq(15) = 0.116762,	N(0) = 1.74866,	N(1) = 1.48136,	N(2) = 0.805462,	N(3) = 1.48136,	N(4) = 1.48136,	N(5) = 0.805462,	N(6) = 0.329655,	N(7) = 0.805462,	N(8) = 0.805462,	N(9) = 0.329655,	N(10) = 0.174486,	N(11) = 0.329655,	N(12) = 1.48136,	N(13) = 0.805462,	N(14) = 0.329655,	N(15) = 0.805462,	Delta[s](0) = 0.759922,	Delta[s](1) = 0.381812,	Delta[s](2) = 0.356355,	Delta[s](3) = 0.381812,	Delta[s](4) = 0.381812,	Delta[s](5) = 0.356355,	Delta[s](6) = 0.336869,	Delta[s](7) = 0.356355,	Delta[s](8) = 0.356355,	Delta[s](9) = 0.336869,	Delta[s](10) = 0.318476,	Delta[s](11) = 0.336869,	Delta[s](12) = 0.381812,	Delta[s](13) = 0.356355,	Delta[s](14) = 0.336869,	Delta[s](15) = 0.356355,	Delta[d](0) = 0.138817,	Delta[d](1) = 0.129078,	Delta[d](2) = 0.132443,	Delta[d](3) = 0.129078,	Delta[d](4) = 0.129078,	Delta[d](5) = 0.119313,	Delta[d](6) = 0.11705,	Delta[d](7) = 0.119313,	Delta[d](8) = 0.132443,	Delta[d](9) = 0.11705,	Delta[d](10) = 0.100597,	Delta[d](11) = 0.11705,	Delta[d](12) = 0.129078,	Delta[d](13) = 0.119313,	Delta[d](14) = 0.11705,	Delta[d](15) = 0.119313,	Delta[s+](0) = 0.208773,	Delta[s+](1) = 0.17314,	Delta[s+](2) = 0.132443,	Delta[s+](3) = 0.17314,	Delta[s+](4) = 0.17314,	Delta[s+](5) = 0.132443,	Delta[s+](6) = 0.0948677,	Delta[s+](7) = 0.132443,	Delta[s+](8) = 0.132443,	Delta[s+](9) = 0.0948677,	Delta[s+](10) = 0.0720675,	Delta[s+](11) = 0.0948677,	Delta[s+](12) = 0.17314,	Delta[s+](13) = 0.132443,	Delta[s+](14) = 0.0948677,	Delta[s+](15) = 0.132443
The 13-th iteration is completed.	|| time cost : 0h 3m 57.073s
********************************************************************************************************************
********************************************************************************************************************
Ground state is obtained after 14 iterations. The current ground-state energy is -102.935, in which electron energy is -103.118 and phonon energy is 0.182736
final variational state is: 
	Gamma_x = [      1,1.03724,1.06987,1.03724,1.03724,1.06987,1.10254,1.06987,1.06987,1.10254,1.15383,1.10254,1.03724,1.06987,1.10254,1.06987]
	lambda_q = [ 0.74999, 0.69419,0.677751, 0.69419, 0.69419,0.677751, 0.67569,0.677751,0.677751, 0.67569,0.725267, 0.67569, 0.69419,0.677751, 0.67569,0.677751]
The effective e-e interactions mediated by phonons are: [4.49991,  4.475,4.45816,  4.475,  4.475,4.45816,4.45575,4.45816,4.45816,4.45575,4.49502,4.45575,  4.475,4.45816,4.45575,4.45816]
The real-space interactions mediated by phonons are: [   -71.4669, -0.0408463,-0.00807201, -0.0573928, -0.0434034, -0.0782356,-0.00807201, 0.00947271, -0.0786101, 0.00947271,-0.00807201, -0.0782356, -0.0434034, -0.0573928,-0.00807201, -0.0408463]
********************************************************************************************************************
o___o  ----------------------------------------
| L |	Time since last clock: 0h 0m 0s
A===A	Time since the beginning: 0h 30m 14.318s
***********************************************

********************************************************************************************************************
Start warm-up calculation for scaling factor 4
open output files: NGSEDWarmUpW4Obs.txt
********************************************************************************************************************
Start the 0 rounds of NGS-ED iteration
	effective electronic model is modified as: kinetic energy t = 0.649631
	                                           effective interaction Vq = [-4.11387,-3.96274,-3.91347,-3.96274,-3.96274,-3.91347,-3.90714,-3.91347,-3.91347,-3.90714,-4.04999,-3.90714,-3.96274,-3.91347,-3.90714,-3.91347]
	PARPACK diagonalization completed after 45 matrix-vector product operations.
	iteration results: : total energy is -91.408504 | electron energy -91.499887 + phonon energy 0.091383 | electron momentum kIdx = 0
	Nq(0) = 12.25,	Nq(1) = 0.372933,	Nq(2) = 0.524966,	Nq(3) = 0.372933,	Nq(4) = 0.372933,	Nq(5) = 0.524966,	Nq(6) = 0.674111,	Nq(7) = 0.524966,	Nq(8) = 0.524966,	Nq(9) = 0.674111,	Nq(10) = 6.08352,	Nq(11) = 0.674111,	Nq(12) = 0.372933,	Nq(13) = 0.524966,	Nq(14) = 0.674111,	Nq(15) = 0.524966,	Sq(0) = -2.22862e-19,	Sq(1) = 0.0914913,	Sq(2) = 0.149281,	Sq(3) = 0.0914913,	Sq(4) = 0.0914913,	Sq(5) = 0.149281,	Sq(6) = 0.203854,	Sq(7) = 0.149281,	Sq(8) = 0.149281,	Sq(9) = 0.203854,	Sq(10) = 0.251453,	Sq(11) = 0.203854,	Sq(12) = 0.0914913,	Sq(13) = 0.149281,	Sq(14) = 0.203854,	Sq(15) = 0.149281,	N(0) = 1.81415,	N(1) = 1.56163,	N(2) = 0.781875,	N(3) = 1.56163,	N(4) = 1.56163,	N(5) = 0.781875,	N(6) = 0.278929,	N(7) = 0.781875,	N(8) = 0.781875,	N(9) = 0.278929,	N(10) = 0.132369,	N(11) = 0.278929,	N(12) = 1.56163,	N(13) = 0.781875,	N(14) = 0.278929,	N(15) = 0.781875,	Delta[s](0) = 0.541315,	Delta[s](1) = 0.369608,	Delta[s](2) = 0.352903,	Delta[s](3) = 0.369608,	Delta[s](4) = 0.369608,	Delta[s](5) = 0.352903,	Delta[s](6) = 0.339526,	Delta[s](7) = 0.352903,	Delta[s](8) = 0.352903,	Delta[s](9) = 0.339526,	Delta[s](10) = 0.34047,	Delta[s](11) = 0.339526,	Delta[s](12) = 0.369608,	Delta[s](13) = 0.352903,	Delta[s](14) = 0.339526,	Delta[s](15) = 0.352903,	Delta[d](0) = 0.115482,	Delta[d](1) = 0.105494,	Delta[d](2) = 0.114706,	Delta[d](3) = 0.105494,	Delta[d](4) = 0.105494,	Delta[d](5) = 0.092608,	Delta[d](6) = 0.0911928,	Delta[d](7) = 0.092608,	Delta[d](8) = 0.114706,	Delta[d](9) = 0.0911928,	Delta[d](10) = 0.0702969,	Delta[d](11) = 0.0911928,	Delta[d](12) = 0.105494,	Delta[d](13) = 0.092608,	Delta[d](14) = 0.0911928,	Delta[d](15) = 0.092608,	Delta[s+](0) = 0.219107,	Delta[s+](1) = 0.165363,	Delta[s+](2) = 0.114706,	Delta[s+](3) = 0.165363,	Delta[s+](4) = 0.165363,	Delta[s+](5) = 0.114706,	Delta[s+](6) = 0.0712964,	Delta[s+](7) = 0.114706,	Delta[s+](8) = 0.114706,	Delta[s+](9) = 0.0712964,	Delta[s+](10) = 0.0485422,	Delta[s+](11) = 0.0712964,	Delta[s+](12) = 0.165363,	Delta[s+](13) = 0.114706,	Delta[s+](14) = 0.0712964,	Delta[s+](15) = 0.114706
The 0-th iteration is completed.	|| time cost : 0h 4m 1.493s
********************************************************************************************************************
Start the 1 rounds of NGS-ED iteration
	effective electronic model is modified as: kinetic energy t = 0.611323
	                                           effective interaction Vq = [-4.32646, -4.1539,-4.09049, -4.1539, -4.1539,-4.09049,-4.07058,-4.09049,-4.09049,-4.07058, -4.3077,-4.07058, -4.1539,-4.09049,-4.07058,-4.09049]
	PARPACK diagonalization completed after 45 matrix-vector product operations.
	iteration results: : total energy is -96.264834 | electron energy -96.532140 + phonon energy 0.267305 | electron momentum kIdx = 0
The 1-th iteration is completed.	|| time cost : 0h 0m 24.455s
********************************************************************************************************************
Start the 2 rounds of NGS-ED iteration
	effective electronic model is modified as: kinetic energy t = 0.584493
	                                           effective interaction Vq = [-4.42197,-4.25573,-4.17446,-4.25573,-4.25573,-4.17446,-4.13767,-4.17446,-4.17446,-4.13767,-4.42328,-4.13767,-4.25573,-4.17446,-4.13767,-4.17446]
	PARPACK diagonalization completed after 45 matrix-vector product operations.
	iteration results: : total energy is -98.483542 | electron energy -98.807295 + phonon energy 0.323753 | electron momentum kIdx = 0
The 2-th iteration is completed.	|| time cost : 0h 0m 24.412s
********************************************************************************************************************
Start the 3 rounds of NGS-ED iteration
	effective electronic model is modified as: kinetic energy t = 0.565078
	                                           effective interaction Vq = [-4.46489,-4.31711,-4.22414,-4.31711,-4.31711,-4.22414,-4.17323,-4.22414,-4.22414,-4.17323,-4.46872,-4.17323,-4.31711,-4.22414,-4.17323,-4.22414]
	PARPACK diagonalization completed after 30 matrix-vector product operations.
	iteration results: : total energy is -99.427286 | electron energy -99.755149 + phonon energy 0.327863 | electron momentum kIdx = 0
The 3-th iteration is completed.	|| time cost : 0h 0m 21.589s
********************************************************************************************************************
Start the 4 rounds of NGS-ED iteration
	effective electronic model is modified as: kinetic energy t = 0.551233
	                                           effective interaction Vq = [-4.48418,-4.35493,-4.25679,-4.35493,-4.35493,-4.25679,-4.19687,-4.25679,-4.25679,-4.19687,-4.48632,-4.19687,-4.35493,-4.25679,-4.19687,-4.25679]
	PARPACK diagonalization completed after 30 matrix-vector product operations.
	iteration results: : total energy is -99.822097 | electron energy -100.143354 + phonon energy 0.321257 | electron momentum kIdx = 0
The 4-th iteration is completed.	|| time cost : 0h 0m 21.584s
********************************************************************************************************************
Start the 5 rounds of NGS-ED iteration
	effective electronic model is modified as: kinetic energy t = 0.541432
	                                           effective interaction Vq = [-4.49284,-4.37871,-4.27924,-4.37871,-4.37871,-4.27924,-4.21438,-4.27924,-4.27924,-4.21438,-4.49335,-4.21438,-4.37871,-4.27924,-4.21438,-4.27924]
	PARPACK diagonalization completed after 30 matrix-vector product operations.
	iteration results: : total energy is -99.988315 | electron energy -100.303356 + phonon energy 0.315041 | electron momentum kIdx = 0
The 5-th iteration is completed.	|| time cost : 0h 0m 21.595s
********************************************************************************************************************
Start the 6 rounds of NGS-ED iteration
	effective electronic model is modified as: kinetic energy t = 0.534443
	                                           effective interaction Vq = [-4.49674,-4.39401,-4.29513,-4.39401,-4.39401,-4.29513,-4.22805,-4.29513,-4.29513,-4.22805, -4.4963,-4.22805,-4.39401,-4.29513,-4.22805,-4.29513]
	PARPACK diagonalization completed after 30 matrix-vector product operations.
	iteration results: : total energy is -100.059394 | electron energy -100.370323 + phonon energy 0.310929 | electron momentum kIdx = 0
The 6-th iteration is completed.	|| time cost : 0h 0m 21.58s
********************************************************************************************************************
Start the 7 rounds of NGS-ED iteration
	effective electronic model is modified as: kinetic energy t = 0.529383
	                                           effective interaction Vq = [-4.49849,-4.40409,-4.30665,-4.40409,-4.40409,-4.30665,-4.23898,-4.30665,-4.30665,-4.23898,-4.49763,-4.23898,-4.40409,-4.30665,-4.23898,-4.30665]
	PARPACK diagonalization completed after 30 matrix-vector product operations.
	iteration results: : total energy is -100.090403 | electron energy -100.398939 + phonon energy 0.308535 | electron momentum kIdx = 0
The 7-th iteration is completed.	|| time cost : 0h 0m 21.607s
********************************************************************************************************************
Start the 8 rounds of NGS-ED iteration
	effective electronic model is modified as: kinetic energy t = 0.525656
	                                           effective interaction Vq = [-4.49927,-4.41088,-4.31515,-4.41088,-4.41088,-4.31515,-4.24783,-4.31515,-4.31515,-4.24783,-4.49827,-4.24783,-4.41088,-4.31515,-4.24783,-4.31515]
	PARPACK diagonalization completed after 30 matrix-vector product operations.
	iteration results: : total energy is -100.104245 | electron energy -100.411501 + phonon energy 0.307256 | electron momentum kIdx = 0
The 8-th iteration is completed.	|| time cost : 0h 0m 21.589s
********************************************************************************************************************
Start the 9 rounds of NGS-ED iteration
	effective electronic model is modified as: kinetic energy t = 0.522862
	                                           effective interaction Vq = [-4.49963,-4.41553,-4.32153,-4.41553,-4.41553,-4.32153,-4.25504,-4.32153,-4.32153,-4.25504, -4.4986,-4.25504,-4.41553,-4.32153,-4.25504,-4.32153]
	PARPACK diagonalization completed after 30 matrix-vector product operations.
	iteration results: : total energy is -100.110586 | electron energy -100.417226 + phonon energy 0.306640 | electron momentum kIdx = 0
The 9-th iteration is completed.	|| time cost : 0h 0m 21.575s
********************************************************************************************************************
Start the 10 rounds of NGS-ED iteration
	effective electronic model is modified as: kinetic energy t = 0.520735
	                                           effective interaction Vq = [-4.49978,-4.41879,-4.32638,-4.41879,-4.41879,-4.32638,-4.26094,-4.32638,-4.32638,-4.26094,-4.49877,-4.26094,-4.41879,-4.32638,-4.26094,-4.32638]
	PARPACK diagonalization completed after 30 matrix-vector product operations.
