SNEDics v3.21.4 Non-Gaussian ED ground state program		Start at Wed Jul 28 13:54:42 2021

parallized on 32 MPI threads  * 8 OpenMP threads = 256 total threads.
********************************************************************************************************************
********************************************************************************************************************

********************************************************************************************************************
System parameters and configurations
	special program options are enabled: splitted diagonal Hamiltonian | splitted Hamiltonian terms
********************************************************************************************************************
Read input file "model_params.in"
	Hubbard-Holstein model parameters : 	t = 1    U = 8    g = 0.6    W = 0.2    g' = 0.2    
********************************************************************************************************************
Read input file "hilbertspace_params.in"
	Requested 16-site 2D lattice, with 14 electrons (7, 7)
	Boundary : Periodic		Hilbert space representation : momentum-space (restricted to kIdx = 0)
	Conservation: particle number[U(1)]      spin[U(1)]     momentum
********************************************************************************************************************

Cluster Positions:				Cluster symmetry group : D4
 x ... x ... x ... x .....                       x ... x ... x ... x .....
 |           |           :                       |           |           :
 |           |           :                       |           |           :
12    13    14    15     x                       1     5     6     5     x
 |           |           :                       |           |           :
 |           |           :                       |           |           :
 8 --- 9 ---10 ---11 --- x                       2 --- 6 ---10 --- 6 --- x
 |           |           :                       |           |           :
 |           |           :                       |           |           :
 4     5     6     7     x                       1     5     6     5     x
 |           |           :                       |           |           :
 |           |           :                       |           |           :
 0 --- 1 --- 2 --- 3 --- x                       0 --- 1 --- 2 --- 1 --- x
orbital number : 1
********************************************************************************************************************
Read input file "obs_params.in"
	Observable Type : Nq(All),   Sq(All),   N(All),   Delta[s](All),   Delta[d](All),   Delta[s+](All)
** WARNING ** the input observables have non-local factors which have been reinterpreted. The total observable number is 96
********************************************************************************************************************


********************************************************************************************************************
Start calculating the non-Gaussian ED ground state
Maximal iteration number is 1000; energy resolution is 1e-06. Phonon state relaxation time is 2000
W = 0.2 is relatively large. The non-Gaussian ED calculation starts directly.
open output files: NGSED_iteration_obserbles.txt
********************************************************************************************************************
Start the 0 rounds of NGS-ED iteration
	effective electronic model is modified as: kinetic energy t = 1
	                                           effective interaction Vq = [0,0,0,0,0,0,0,0,0,0,0,0,0,0,0,0]
	first Hamiltonian is constructed, size = 8179600 and non-zero numbers = 2178478298
	PARPACK diagonalization completed after 180 matrix-vector product operations.
	iteration results: : total energy is -11.868836 | electron energy -11.868836 + phonon energy 0.000000 | electron momentum kIdx = 0
	Nq(0) = 12.25,	Nq(1) = 0.154193,	Nq(2) = 0.185311,	Nq(3) = 0.154193,	Nq(4) = 0.154193,	Nq(5) = 0.203281,	
	Nq(6) = 0.235634,	Nq(7) = 0.203281,	Nq(8) = 0.185311,	Nq(9) = 0.235634,	Nq(10) = 0.275446,	
	Nq(11) = 0.235634,	Nq(12) = 0.154193,	Nq(13) = 0.203281,	Nq(14) = 0.235634,	Nq(15) = 0.203281;	
	Sq(0) = -1.83137e-18,	Sq(1) = 0.474292,	Sq(2) = 0.766364,	Sq(3) = 0.474292,	Sq(4) = 0.474292,	
	Sq(5) = 0.630724,	Sq(6) = 1.05279,	Sq(7) = 0.630724,	Sq(8) = 0.766364,	Sq(9) = 1.05279,	
	Sq(10) = 2.56755,	Sq(11) = 1.05279,	Sq(12) = 0.474292,	Sq(13) = 0.630724,	Sq(14) = 1.05279,	
	Sq(15) = 0.630724;	N(0) = 1.75464,	N(1) = 1.59086,	N(2) = 0.323321,	N(3) = 1.59086,	
	N(4) = 1.59086,	N(5) = 0.999881,	N(6) = 0.267546,	N(7) = 0.999881,	N(8) = 0.323321,	
	N(9) = 0.267546,	N(10) = 0.165565,	N(11) = 0.267546,	N(12) = 1.59086,	N(13) = 0.999881,	
	N(14) = 0.267546,	N(15) = 0.999881;	Delta[s](0) = 0.0758942,	Delta[s](1) = 0.0576045,	Delta[s](2) = 0.0360215,	
	Delta[s](3) = 0.0576045,	Delta[s](4) = 0.0576045,	Delta[s](5) = 0.0418681,	Delta[s](6) = 0.0212429,	Delta[s](7) = 0.0418681,	
	Delta[s](8) = 0.0360215,	Delta[s](9) = 0.0212429,	Delta[s](10) = 0.00345051,	Delta[s](11) = 0.0212429,	Delta[s](12) = 0.0576045,	
	Delta[s](13) = 0.0418681,	Delta[s](14) = 0.0212429,	Delta[s](15) = 0.0418681;	Delta[d](0) = 0.268162,	Delta[d](1) = 0.195072,	
	Delta[d](2) = 0.20093,	Delta[d](3) = 0.195072,	Delta[d](4) = 0.195072,	Delta[d](5) = 0.179664,	Delta[d](6) = 0.135919,	
	Delta[d](7) = 0.179664,	Delta[d](8) = 0.20093,	Delta[d](9) = 0.135919,	Delta[d](10) = 0.0561267,	Delta[d](11) = 0.135919,	
	Delta[d](12) = 0.195072,	Delta[d](13) = 0.179664,	Delta[d](14) = 0.135919,	Delta[d](15) = 0.179664;	Delta[s+](0) = 0.552105,	
	Delta[s+](1) = 0.411895,	Delta[s+](2) = 0.20093,	Delta[s+](3) = 0.411895,	Delta[s+](4) = 0.411895,	Delta[s+](5) = 0.289388,	
	Delta[s+](6) = 0.12858,	Delta[s+](7) = 0.289388,	Delta[s+](8) = 0.20093,	Delta[s+](9) = 0.12858,	Delta[s+](10) = 0.0413564,	
	Delta[s+](11) = 0.12858,	Delta[s+](12) = 0.411895,	Delta[s+](13) = 0.289388,	Delta[s+](14) = 0.12858,	Delta[s+](15) = 0.289388
	
The 0-th iteration is completed.	|| time cost : 0h 4m 44.207s
********************************************************************************************************************
Start the 1 rounds of NGS-ED iteration
	effective electronic model is modified as: kinetic energy t = 0.977254
	                                           effective interaction Vq = [      -9.8,   -0.9877, -0.137618,   -0.9877,   -0.9877, -0.154082,-0.0117651, -0.154082, -0.137618,-0.0117651, -0.010376,-0.0117651,   -0.9877, -0.154082,-0.0117651, -0.154082]
	PARPACK diagonalization completed after 60 matrix-vector product operations.
	iteration results: : total energy is -132.256917 | electron energy -132.355988 + phonon energy 0.099071 | electron momentum kIdx = 0
The 1-th iteration is completed.	|| time cost : 0h 2m 59.548s
********************************************************************************************************************
Start the 2 rounds of NGS-ED iteration
	effective electronic model is modified as: kinetic energy t = 0.97215
	                                           effective interaction Vq = [      -9.8,  -1.21286,  -0.13797,  -1.21286,  -1.21286, -0.153443, -0.011688, -0.153443,  -0.13797, -0.011688,-0.0103566, -0.011688,  -1.21286, -0.153443, -0.011688, -0.153443]
	PARPACK diagonalization completed after 60 matrix-vector product operations.
	iteration results: : total energy is -132.263549 | electron energy -132.420155 + phonon energy 0.156606 | electron momentum kIdx = 0
The 2-th iteration is completed.	|| time cost : 0h 0m 30.755s
********************************************************************************************************************
Start the 3 rounds of NGS-ED iteration
	effective electronic model is modified as: kinetic energy t = 0.97053
	                                           effective interaction Vq = [      -9.8,  -1.28369, -0.137947,  -1.28369,  -1.28369, -0.152894,-0.0116747, -0.152894, -0.137947,-0.0116747,-0.0103565,-0.0116747,  -1.28369, -0.152894,-0.0116747, -0.152894]
	PARPACK diagonalization completed after 45 matrix-vector product operations.
	iteration results: : total energy is -132.264157 | electron energy -132.440386 + phonon energy 0.176228 | electron momentum kIdx = 0
The 3-th iteration is completed.	|| time cost : 0h 0m 26.315s
********************************************************************************************************************
Start the 4 rounds of NGS-ED iteration
	effective electronic model is modified as: kinetic energy t = 0.969981
	                                           effective interaction Vq = [      -9.8,  -1.30757, -0.137959,  -1.30757,  -1.30757, -0.152732,-0.0116711, -0.152732, -0.137959,-0.0116711,-0.0103569,-0.0116711,  -1.30757, -0.152732,-0.0116711, -0.152732]
	PARPACK diagonalization completed after 45 matrix-vector product operations.
	iteration results: : total energy is -132.264225 | electron energy -132.447247 + phonon energy 0.183022 | electron momentum kIdx = 0
The 4-th iteration is completed.	|| time cost : 0h 0m 26.345s
********************************************************************************************************************
Start the 5 rounds of NGS-ED iteration
	effective electronic model is modified as: kinetic energy t = 0.969791
	                                           effective interaction Vq = [      -9.8,   -1.3158, -0.137965,   -1.3158,   -1.3158, -0.152679,-0.0116699, -0.152679, -0.137965,-0.0116699,-0.0103571,-0.0116699,   -1.3158, -0.152679,-0.0116699, -0.152679]
	PARPACK diagonalization completed after 45 matrix-vector product operations.
	iteration results: : total energy is -132.264233 | electron energy -132.449617 + phonon energy 0.185384 | electron momentum kIdx = 0
The 5-th iteration is completed.	|| time cost : 0h 0m 26.314s
********************************************************************************************************************
Start the 6 rounds of NGS-ED iteration
	effective electronic model is modified as: kinetic energy t = 0.969725
	                                           effective interaction Vq = [      -9.8,  -1.31866, -0.137968,  -1.31866,  -1.31866, -0.152661,-0.0116695, -0.152661, -0.137968,-0.0116695,-0.0103572,-0.0116695,  -1.31866, -0.152661,-0.0116695, -0.152661]
	PARPACK diagonalization completed after 30 matrix-vector product operations.
	iteration results: : total energy is -132.264234 | electron energy -132.450440 + phonon energy 0.186206 | electron momentum kIdx = 0
The 6-th iteration is completed.	|| time cost : 0h 0m 21.838s
********************************************************************************************************************
Start the 7 rounds of NGS-ED iteration
	effective electronic model is modified as: kinetic energy t = 0.969702
	                                           effective interaction Vq = [      -9.8,  -1.31965, -0.137969,  -1.31965,  -1.31965, -0.152655,-0.0116694, -0.152655, -0.137969,-0.0116694,-0.0103573,-0.0116694,  -1.31965, -0.152655,-0.0116694, -0.152655]
	PARPACK diagonalization completed after 30 matrix-vector product operations.
	iteration results: : total energy is -132.264234 | electron energy -132.450727 + phonon energy 0.186493 | electron momentum kIdx = 0
The 7-th iteration is completed.	|| time cost : 0h 0m 21.802s
********************************************************************************************************************
Start the 8 rounds of NGS-ED iteration
	effective electronic model is modified as: kinetic energy t = 0.969694
	                                           effective interaction Vq = [      -9.8,     -1.32, -0.137969,     -1.32,     -1.32, -0.152653,-0.0116693, -0.152653, -0.137969,-0.0116693,-0.0103573,-0.0116693,     -1.32, -0.152653,-0.0116693, -0.152653]
	PARPACK diagonalization completed after 30 matrix-vector product operations.
	iteration results: : total energy is -132.264234 | electron energy -132.450827 + phonon energy 0.186593 | electron momentum kIdx = 0
The 8-th iteration is completed.	|| time cost : 0h 0m 21.883s
********************************************************************************************************************
Start the 9 rounds of NGS-ED iteration
	effective electronic model is modified as: kinetic energy t = 0.969691
	                                           effective interaction Vq = [      -9.8,  -1.32012, -0.137969,  -1.32012,  -1.32012, -0.152652,-0.0116693, -0.152652, -0.137969,-0.0116693,-0.0103573,-0.0116693,  -1.32012, -0.152652,-0.0116693, -0.152652]
	PARPACK diagonalization completed after 30 matrix-vector product operations.
	iteration results: : total energy is -132.264234 | electron energy -132.450862 + phonon energy 0.186628 | electron momentum kIdx = 0
The 9-th iteration is completed.	|| time cost : 0h 0m 21.863s
********************************************************************************************************************
Start the 10 rounds of NGS-ED iteration
	effective electronic model is modified as: kinetic energy t = 0.96969
	                                           effective interaction Vq = [      -9.8,  -1.32016, -0.137969,  -1.32016,  -1.32016, -0.152652,-0.0116693, -0.152652, -0.137969,-0.0116693,-0.0103573,-0.0116693,  -1.32016, -0.152652,-0.0116693, -0.152652]
	PARPACK diagonalization completed after 30 matrix-vector product operations.
	iteration results: : total energy is -132.264234 | electron energy -132.450874 + phonon energy 0.186640 | electron momentum kIdx = 0
The 10-th iteration is completed.	|| time cost : 0h 0m 21.844s
********************************************************************************************************************
Start the 11 rounds of NGS-ED iteration
	effective electronic model is modified as: kinetic energy t = 0.96969
	                                           effective interaction Vq = [      -9.8,  -1.32018, -0.137969,  -1.32018,  -1.32018, -0.152652,-0.0116693, -0.152652, -0.137969,-0.0116693,-0.0103573,-0.0116693,  -1.32018, -0.152652,-0.0116693, -0.152652]
	PARPACK diagonalization completed after 30 matrix-vector product operations.
	iteration results: : total energy is -132.264234 | electron energy -132.450878 + phonon energy 0.186644 | electron momentum kIdx = 0
The 11-th iteration is completed.	|| time cost : 0h 0m 21.887s
********************************************************************************************************************
Start the 12 rounds of NGS-ED iteration
	effective electronic model is modified as: kinetic energy t = 0.96969
	                                           effective interaction Vq = [      -9.8,  -1.32018, -0.137969,  -1.32018,  -1.32018, -0.152652,-0.0116693, -0.152652, -0.137969,-0.0116693,-0.0103573,-0.0116693,  -1.32018, -0.152652,-0.0116693, -0.152652]
	PARPACK diagonalization completed after 30 matrix-vector product operations.
	iteration results: : total energy is -132.264234 | electron energy -132.450880 + phonon energy 0.186646 | electron momentum kIdx = 0
The 12-th iteration is completed.	|| time cost : 0h 0m 21.874s
********************************************************************************************************************
Start the 13 rounds of NGS-ED iteration
	effective electronic model is modified as: kinetic energy t = 0.96969
	                                           effective interaction Vq = [      -9.8,  -1.32018, -0.137969,  -1.32018,  -1.32018, -0.152652,-0.0116693, -0.152652, -0.137969,-0.0116693,-0.0103573,-0.0116693,  -1.32018, -0.152652,-0.0116693, -0.152652]
	PARPACK diagonalization completed after 30 matrix-vector product operations.
	iteration results: : total energy is -132.264234 | electron energy -132.450880 + phonon energy 0.186646 | electron momentum kIdx = 0
The 13-th iteration is completed.	|| time cost : 0h 0m 21.746s
********************************************************************************************************************
Start the 14 rounds of NGS-ED iteration
	effective electronic model is modified as: kinetic energy t = 0.96969
	                                           effective interaction Vq = [      -9.8,  -1.32019, -0.137969,  -1.32019,  -1.32019, -0.152652,-0.0116693, -0.152652, -0.137969,-0.0116693,-0.0103573,-0.0116693,  -1.32019, -0.152652,-0.0116693, -0.152652]
	PARPACK diagonalization completed after 30 matrix-vector product operations.
	iteration results: : total energy is -132.264234 | electron energy -132.450880 + phonon energy 0.186646 | electron momentum kIdx = 0
The 14-th iteration is completed.	|| time cost : 0h 0m 21.837s
********************************************************************************************************************
Start the 15 rounds of NGS-ED iteration
	effective electronic model is modified as: kinetic energy t = 0.96969
	                                           effective interaction Vq = [      -9.8,  -1.32019, -0.137969,  -1.32019,  -1.32019, -0.152652,-0.0116693, -0.152652, -0.137969,-0.0116693,-0.0103573,-0.0116693,  -1.32019, -0.152652,-0.0116693, -0.152652]
	PARPACK diagonalization completed after 30 matrix-vector product operations.
	iteration results: : total energy is -132.264234 | electron energy -132.450880 + phonon energy 0.186646 | electron momentum kIdx = 0
	Nq(0) = 12.25,	Nq(1) = 0.172495,	Nq(2) = 0.186904,	Nq(3) = 0.172495,	Nq(4) = 0.172495,	Nq(5) = 0.203039,	
	Nq(6) = 0.235353,	Nq(7) = 0.203039,	Nq(8) = 0.186904,	Nq(9) = 0.235353,	Nq(10) = 0.276909,	
	Nq(11) = 0.235353,	Nq(12) = 0.172495,	Nq(13) = 0.203039,	Nq(14) = 0.235353,	Nq(15) = 0.203039;	
	Sq(0) = 7.23962e-18,	Sq(1) = 0.459707,	Sq(2) = 0.75739,	Sq(3) = 0.459707,	Sq(4) = 0.459707,	
	Sq(5) = 0.624995,	Sq(6) = 1.06212,	Sq(7) = 0.624995,	Sq(8) = 0.75739,	Sq(9) = 1.06212,	
	Sq(10) = 2.55365,	Sq(11) = 1.06212,	Sq(12) = 0.459707,	Sq(13) = 0.624995,	Sq(14) = 1.06212,	
	Sq(15) = 0.624995;	N(0) = 1.76392,	N(1) = 1.60909,	N(2) = 0.317161,	N(3) = 1.60909,	
	N(4) = 1.60909,	N(5) = 0.991762,	N(6) = 0.258001,	N(7) = 0.991762,	N(8) = 0.317161,	
	N(9) = 0.258001,	N(10) = 0.166356,	N(11) = 0.258001,	N(12) = 1.60909,	N(13) = 0.991762,	
	N(14) = 0.258001,	N(15) = 0.991762;	Delta[s](0) = 0.0788976,	Delta[s](1) = 0.0603642,	Delta[s](2) = 0.0381073,	
	Delta[s](3) = 0.0603642,	Delta[s](4) = 0.0603642,	Delta[s](5) = 0.0444462,	Delta[s](6) = 0.0231833,	Delta[s](7) = 0.0444462,	
	Delta[s](8) = 0.0381073,	Delta[s](9) = 0.0231833,	Delta[s](10) = 0.005045,	Delta[s](11) = 0.0231833,	Delta[s](12) = 0.0603642,	
	Delta[s](13) = 0.0444462,	Delta[s](14) = 0.0231833,	Delta[s](15) = 0.0444462;	Delta[d](0) = 0.29624,	Delta[d](1) = 0.199566,	
	Delta[d](2) = 0.202014,	Delta[d](3) = 0.199566,	Delta[d](4) = 0.199566,	Delta[d](5) = 0.181733,	Delta[d](6) = 0.13547,	
	Delta[d](7) = 0.181733,	Delta[d](8) = 0.202014,	Delta[d](9) = 0.13547,	Delta[d](10) = 0.0589285,	Delta[d](11) = 0.13547,	
	Delta[d](12) = 0.199566,	Delta[d](13) = 0.181733,	Delta[d](14) = 0.13547,	Delta[d](15) = 0.181733;	Delta[s+](0) = 0.554852,	
	Delta[s+](1) = 0.413516,	Delta[s+](2) = 0.202014,	Delta[s+](3) = 0.413516,	Delta[s+](4) = 0.413516,	Delta[s+](5) = 0.288835,	
	Delta[s+](6) = 0.128221,	Delta[s+](7) = 0.288835,	Delta[s+](8) = 0.202014,	Delta[s+](9) = 0.128221,	Delta[s+](10) = 0.0416912,	
	Delta[s+](11) = 0.128221,	Delta[s+](12) = 0.413516,	Delta[s+](13) = 0.288835,	Delta[s+](14) = 0.128221,	Delta[s+](15) = 0.288835
	
The 15-th iteration is completed.	|| time cost : 0h 3m 7.37s
********************************************************************************************************************
********************************************************************************************************************
Ground state is obtained after 16 iterations. The current ground-state energy is -132.264, in which electron energy is -132.451 and phonon energy is 0.186646
Final variational state is: 
	Gamma_x = [      1,2.50263,1.13432,2.50263,2.50263,1.16296,1.01362,1.16296,1.13432,1.01362,1.01425,1.01362,2.50263,1.16296,1.01362,1.16296]
	lambda_q = [         7,  0.710586,  0.117266,  0.710586,  0.710586,  0.130028, 0.0296117,  0.130028,  0.117266, 0.0296117,-0.0262374, 0.0296117,  0.710586,  0.130028, 0.0296117,  0.130028]
Effective e-e interactions mediated by phonons are:
	momentum-space Vq = [      -9.8,  -1.32019, -0.137969,  -1.32019,  -1.32019, -0.152652,-0.0116693, -0.152652, -0.137969,-0.0116693,-0.0103573,-0.0116693,  -1.32019, -0.152652,-0.0116693, -0.152652]
	real-space Vr = [ -1.00152,-0.775417, -0.59223,-0.775417,-0.775417,-0.595901,-0.448288,-0.595901, -0.59223,-0.448288,-0.335593,-0.448288,-0.775417,-0.595901,-0.448288,-0.595901]
********************************************************************************************************************
o___o  ----------------------------------------
| L |	Time since last clock: 0h 0m 0.01s
A===A	Time since the beginning: 0h 15m 57.446s
***********************************************


Non-Gaussina ED ground state calculation is completed. The final ground-state energy is -132.264
********************************************************************************************************************
o___o  ----------------------------------------
| L |	Time since last clock: 0h 0m 0.004s
A===A	Time since the beginning: 0h 15m 57.451s
***********************************************



********************************************************************************************************************
All non-Gaussian ED ground state calculations have been completed. Exit now.
