TACC:  Starting up job 4339223 
TACC:  Starting parallel tasks... 
SNEDics v3.4 Non-Gaussian ED ground state program		Start at Mon Sep 16 20:56:11 2019

parallized on 32 MPI threads  * 6 OpenMP threads = 192 total threads.
********************************************************************************************************************
********************************************************************************************************************

********************************************************************************************************************
System parameters and configurations
********************************************************************************************************************
Special program options are enabled: splitted diagonal Hamiltonian
********************************************************************************************************************
Read input file "model_params.in"
	Hubbard-Holstein model parameters : 	t = 1    U = 0.9    g = 2.2361    W = 5    
********************************************************************************************************************
Read input file "hilbertspace_params.in"
	Requested 16-site 2D lattice, with 16 electrons (8, 8)
	Boundary : Periodic		Hilbert space representation : momentum-space (restricted to kIdx = 0)
	Conservation: particle number[U(1)]      spin[U(1)]     momentum
********************************************************************************************************************

Cluster Positions:				Cluster symmetry group : D4
 x ... x ... x ... x .....                       x ... x ... x ... x .....
 |           |           :                       |           |           :
 |           |           :                       |           |           :
12    13    14    15     x                       1     5     6     5     x
 |           |           :                       |           |           :
 |           |           :                       |           |           :
 8 --- 9 ---10 ---11 --- x                       2 --- 6 ---10 --- 6 --- x
 |           |           :                       |           |           :
 |           |           :                       |           |           :
 4     5     6     7     x                       1     5     6     5     x
 |           |           :                       |           |           :
 |           |           :                       |           |           :
 0 --- 1 --- 2 --- 3 --- x                       0 --- 1 --- 2 --- 1 --- x
orbital number : 1
********************************************************************************************************************
Read input file "obs_params.in"
	Observable Type : Nq(All),   Sq(All),   N(All),   Delta[s](All),   Delta[d](All),   Delta[s+](All)
********************************************************************************************************************
** WARNING ** the input observables have non-local factors which have been reinterpreted. The total observable number is 96
********************************************************************************************************************


********************************************************************************************************************
Start calculating the non-Gaussian ED ground state
** WARNING ** Detected low phonon energy W < 10. The initial state will be prepared through a warm-up process.
********************************************************************************************************************
Start warm-up calculation for scaling factor 2
open output files: NGSEDWarmUpW10Obs.txt
********************************************************************************************************************
Start the 0 rounds of NGS-ED iteration
	effective electronic model is modified as: kinetic energy t = 1
	                                           effective interaction Vq = [0,0,0,0,0,0,0,0,0,0,0,0,0,0,0,0]
	first Hamiltonian is constructed, non-zero numbers = 2845383612
	PARPACK diagonalization completed after 165 matrix-vector product operations.
	iteration results: : total energy is -21.094208 | electron energy -21.094208 + phonon energy 0.000000 | electron momentum kIdx = 0
	Nq(0) = 16,	Nq(1) = 0.309275,	Nq(2) = 0.349116,	Nq(3) = 0.309275,	Nq(4) = 0.309275,	Nq(5) = 0.349116,	Nq(6) = 0.535707,	Nq(7) = 0.349116,	Nq(8) = 0.349116,	Nq(9) = 0.535707,	Nq(10) = 0.579942,	Nq(11) = 0.535707,	Nq(12) = 0.309275,	Nq(13) = 0.349116,	Nq(14) = 0.535707,	Nq(15) = 0.349116,	Sq(0) = -4.80415e-18,	Sq(1) = 0.395832,	Sq(2) = 0.57226,	Sq(3) = 0.395832,	Sq(4) = 0.395832,	Sq(5) = 0.57226,	Sq(6) = 0.672237,	Sq(7) = 0.57226,	Sq(8) = 0.57226,	Sq(9) = 0.672237,	Sq(10) = 2.2396,	Sq(11) = 0.672237,	Sq(12) = 0.395832,	Sq(13) = 0.57226,	Sq(14) = 0.672237,	Sq(15) = 0.57226,	N(0) = 1.99623,	N(1) = 1.99056,	N(2) = 1,	N(3) = 1.99056,	N(4) = 1.99056,	N(5) = 1,	N(6) = 0.00944338,	N(7) = 1,	N(8) = 1,	N(9) = 0.00944338,	N(10) = 0.00376797,	N(11) = 0.00944338,	N(12) = 1.99056,	N(13) = 1,	N(14) = 0.00944338,	N(15) = 1,	Delta[s](0) = 0.279127,	Delta[s](1) = 0.259154,	Delta[s](2) = 0.176285,	Delta[s](3) = 0.259154,	Delta[s](4) = 0.259154,	Delta[s](5) = 0.176285,	Delta[s](6) = 0.15823,	Delta[s](7) = 0.176285,	Delta[s](8) = 0.176285,	Delta[s](9) = 0.15823,	Delta[s](10) = 0.0209103,	Delta[s](11) = 0.15823,	Delta[s](12) = 0.259154,	Delta[s](13) = 0.176285,	Delta[s](14) = 0.15823,	Delta[s](15) = 0.176285,	Delta[d](0) = 0.569884,	Delta[d](1) = 0.30277,	Delta[d](2) = 0.262596,	Delta[d](3) = 0.30277,	Delta[d](4) = 0.30277,	Delta[d](5) = 0.318572,	Delta[d](6) = 0.224097,	Delta[d](7) = 0.318572,	Delta[d](8) = 0.262596,	Delta[d](9) = 0.224097,	Delta[d](10) = 0.0678733,	Delta[d](11) = 0.224097,	Delta[d](12) = 0.30277,	Delta[d](13) = 0.318572,	Delta[d](14) = 0.224097,	Delta[d](15) = 0.318572,	Delta[s+](0) = 0.521285,	Delta[s+](1) = 0.422332,	Delta[s+](2) = 0.262596,	Delta[s+](3) = 0.422332,	Delta[s+](4) = 0.422332,	Delta[s+](5) = 0.262596,	Delta[s+](6) = 0.107108,	Delta[s+](7) = 0.262596,	Delta[s+](8) = 0.262596,	Delta[s+](9) = 0.107108,	Delta[s+](10) = 0.00782198,	Delta[s+](11) = 0.107108,	Delta[s+](12) = 0.422332,	Delta[s+](13) = 0.262596,	Delta[s+](14) = 0.107108,	Delta[s+](15) = 0.262596
The 0-th iteration is completed.	|| time cost : 0h 5m 59.997s
********************************************************************************************************************
Start the 1 rounds of NGS-ED iteration
	effective electronic model is modified as: kinetic energy t = 0.971533
	                                           effective interaction Vq = [-0.864689,-0.818819,-0.783803,-0.818819,-0.818819,-0.783803,-0.785883,-0.783803,-0.783803,-0.785883,-0.768107,-0.785883,-0.818819,-0.783803,-0.785883,-0.783803]
	PARPACK diagonalization completed after 120 matrix-vector product operations.
	iteration results: : total energy is -40.343222 | electron energy -40.344246 + phonon energy 0.001023 | electron momentum kIdx = 0
The 1-th iteration is completed.	|| time cost : 0h 3m 53.676s
********************************************************************************************************************
Start the 2 rounds of NGS-ED iteration
	effective electronic model is modified as: kinetic energy t = 0.948983
	                                           effective interaction Vq = [-0.981712, -0.94525,-0.935532, -0.94525, -0.94525,-0.935532,-0.910891,-0.935532,-0.935532,-0.910891,-0.921228,-0.910891, -0.94525,-0.935532,-0.910891,-0.935532]
	PARPACK diagonalization completed after 60 matrix-vector product operations.
	iteration results: : total energy is -43.058470 | electron energy -43.065363 + phonon energy 0.006893 | electron momentum kIdx = 0
The 2-th iteration is completed.	|| time cost : 0h 0m 32.63s
********************************************************************************************************************
Start the 3 rounds of NGS-ED iteration
	effective electronic model is modified as: kinetic energy t = 0.940704
	                                           effective interaction Vq = [ -0.99755,-0.970318, -0.96334,-0.970318,-0.970318, -0.96334, -0.93769, -0.96334, -0.96334, -0.93769,-0.962571, -0.93769,-0.970318, -0.96334, -0.93769, -0.96334]
	PARPACK diagonalization completed after 45 matrix-vector product operations.
	iteration results: : total energy is -43.407661 | electron energy -43.419874 + phonon energy 0.012213 | electron momentum kIdx = 0
The 3-th iteration is completed.	|| time cost : 0h 0m 24.314s
********************************************************************************************************************
Start the 4 rounds of NGS-ED iteration
	effective electronic model is modified as: kinetic energy t = 0.938696
	                                           effective interaction Vq = [-0.999693,-0.976002,-0.962985,-0.976002,-0.976002,-0.962985,-0.943681,-0.962985,-0.962985,-0.943681,-0.982915,-0.943681,-0.976002,-0.962985,-0.943681,-0.962985]
	PARPACK diagonalization completed after 45 matrix-vector product operations.
	iteration results: : total energy is -43.476153 | electron energy -43.490860 + phonon energy 0.014707 | electron momentum kIdx = 0
The 4-th iteration is completed.	|| time cost : 0h 0m 24.436s
********************************************************************************************************************
Start the 5 rounds of NGS-ED iteration
	effective electronic model is modified as: kinetic energy t = 0.939963
	                                           effective interaction Vq = [-0.999983, -0.97607,-0.947908, -0.97607, -0.97607,-0.947908,-0.943033,-0.947908,-0.947908,-0.943033,-0.991637,-0.943033, -0.97607,-0.947908,-0.943033,-0.947908]
	PARPACK diagonalization completed after 45 matrix-vector product operations.
	iteration results: : total energy is -43.502939 | electron energy -43.518250 + phonon energy 0.015311 | electron momentum kIdx = 0
The 5-th iteration is completed.	|| time cost : 0h 0m 28.111s
********************************************************************************************************************
Start the 6 rounds of NGS-ED iteration
	effective electronic model is modified as: kinetic energy t = 0.940959
	                                           effective interaction Vq = [ -1.00002,-0.975324,-0.937512,-0.975324,-0.975324,-0.937512,-0.941772,-0.937512,-0.937512,-0.941772,-0.994364,-0.941772,-0.975324,-0.937512,-0.941772,-0.937512]
	PARPACK diagonalization completed after 45 matrix-vector product operations.
	iteration results: : total energy is -43.508595 | electron energy -43.523900 + phonon energy 0.015305 | electron momentum kIdx = 0
The 6-th iteration is completed.	|| time cost : 0h 0m 29.187s
********************************************************************************************************************
Start the 7 rounds of NGS-ED iteration
	effective electronic model is modified as: kinetic energy t = 0.941356
	                                           effective interaction Vq = [ -1.00003,-0.974867, -0.93334,-0.974867,-0.974867, -0.93334,-0.941107, -0.93334, -0.93334,-0.941107,-0.995238,-0.941107,-0.974867, -0.93334,-0.941107, -0.93334]
	PARPACK diagonalization completed after 45 matrix-vector product operations.
	iteration results: : total energy is -43.509382 | electron energy -43.524626 + phonon energy 0.015244 | electron momentum kIdx = 0
The 7-th iteration is completed.	|| time cost : 0h 0m 28.954s
********************************************************************************************************************
Start the 8 rounds of NGS-ED iteration
	effective electronic model is modified as: kinetic energy t = 0.941499
	                                           effective interaction Vq = [ -1.00003,-0.974652,-0.931868,-0.974652,-0.974652,-0.931868,-0.940821,-0.931868,-0.931868,-0.940821,-0.995535,-0.940821,-0.974652,-0.931868,-0.940821,-0.931868]
	PARPACK diagonalization completed after 30 matrix-vector product operations.
	iteration results: : total energy is -43.509482 | electron energy -43.524694 + phonon energy 0.015212 | electron momentum kIdx = 0
The 8-th iteration is completed.	|| time cost : 0h 0m 23.69s
********************************************************************************************************************
Start the 9 rounds of NGS-ED iteration
	effective electronic model is modified as: kinetic energy t = 0.94155
	                                           effective interaction Vq = [ -1.00003,-0.974561,-0.931365,-0.974561,-0.974561,-0.931365,-0.940707,-0.931365,-0.931365,-0.940707,-0.995639,-0.940707,-0.974561,-0.931365,-0.940707,-0.931365]
	PARPACK diagonalization completed after 30 matrix-vector product operations.
	iteration results: : total energy is -43.509494 | electron energy -43.524694 + phonon energy 0.015199 | electron momentum kIdx = 0
	Nq(0) = 16,	Nq(1) = 0.363574,	Nq(2) = 0.386442,	Nq(3) = 0.363574,	Nq(4) = 0.363574,	Nq(5) = 0.386442,	Nq(6) = 0.634891,	Nq(7) = 0.386442,	Nq(8) = 0.386442,	Nq(9) = 0.634891,	Nq(10) = 3.78143,	Nq(11) = 0.634891,	Nq(12) = 0.363574,	Nq(13) = 0.386442,	Nq(14) = 0.634891,	Nq(15) = 0.386442,	Sq(0) = 5.79228e-18,	Sq(1) = 0.298584,	Sq(2) = 0.343074,	Sq(3) = 0.298584,	Sq(4) = 0.298584,	Sq(5) = 0.343074,	Sq(6) = 0.520934,	Sq(7) = 0.343074,	Sq(8) = 0.343074,	Sq(9) = 0.520934,	Sq(10) = 0.569536,	Sq(11) = 0.520934,	Sq(12) = 0.298584,	Sq(13) = 0.343074,	Sq(14) = 0.520934,	Sq(15) = 0.343074,	N(0) = 1.99437,	N(1) = 1.98546,	N(2) = 1,	N(3) = 1.98546,	N(4) = 1.98546,	N(5) = 1,	N(6) = 0.0145386,	N(7) = 1,	N(8) = 1,	N(9) = 0.0145386,	N(10) = 0.00562918,	N(11) = 0.0145386,	N(12) = 1.98546,	N(13) = 1,	N(14) = 0.0145386,	N(15) = 1,	Delta[s](0) = 0.58336,	Delta[s](1) = 0.343402,	Delta[s](2) = 0.331291,	Delta[s](3) = 0.343402,	Delta[s](4) = 0.343402,	Delta[s](5) = 0.331291,	Delta[s](6) = 0.231934,	Delta[s](7) = 0.331291,	Delta[s](8) = 0.331291,	Delta[s](9) = 0.231934,	Delta[s](10) = 0.174525,	Delta[s](11) = 0.231934,	Delta[s](12) = 0.343402,	Delta[s](13) = 0.331291,	Delta[s](14) = 0.231934,	Delta[s](15) = 0.331291,	Delta[d](0) = 0.244038,	Delta[d](1) = 0.247784,	Delta[d](2) = 0.232055,	Delta[d](3) = 0.247784,	Delta[d](4) = 0.247784,	Delta[d](5) = 0.135164,	Delta[d](6) = 0.194138,	Delta[d](7) = 0.135164,	Delta[d](8) = 0.232055,	Delta[d](9) = 0.194138,	Delta[d](10) = 0.0262744,	Delta[d](11) = 0.194138,	Delta[d](12) = 0.247784,	Delta[d](13) = 0.135164,	Delta[d](14) = 0.194138,	Delta[d](15) = 0.135164,	Delta[s+](0) = 0.457476,	Delta[s+](1) = 0.369163,	Delta[s+](2) = 0.232055,	Delta[s+](3) = 0.369163,	Delta[s+](4) = 0.369163,	Delta[s+](5) = 0.232055,	Delta[s+](6) = 0.0914212,	Delta[s+](7) = 0.232055,	Delta[s+](8) = 0.232055,	Delta[s+](9) = 0.0914212,	Delta[s+](10) = 0.0126564,	Delta[s+](11) = 0.0914212,	Delta[s+](12) = 0.369163,	Delta[s+](13) = 0.232055,	Delta[s+](14) = 0.0914212,	Delta[s+](15) = 0.232055
The 9-th iteration is completed.	|| time cost : 0h 4m 56.122s
********************************************************************************************************************
********************************************************************************************************************
Ground state is obtained after 10 iterations. The current ground-state energy is -43.5095, in which electron energy is -43.5247 and phonon energy is 0.0151994
final variational state is: 
	Gamma_x = [      1,1.00981,1.01509,1.00981,1.00981,1.01509,1.02368,1.01509,1.01509,1.02368,1.04757,1.02368,1.00981,1.01509,1.02368,1.01509]
	lambda_q = [0.316218,0.265731,0.233266,0.265731,0.265731,0.233266,0.239183,0.233266,0.233266,0.239183,0.295368,0.239183,0.265731,0.233266,0.239183,0.233266]
********************************************************************************************************************
o___o  ----------------------------------------
| L |	Time since last clock: 0h 0m 0s
A===A	Time since the beginning: 0h 18m 1.122s
***********************************************


********************************************************************************************************************
Warm up runs have been completed. Start calculating W = 5 phonon.
open output files: NGSEDIterationObs.txt
********************************************************************************************************************
Start the 0 rounds of NGS-ED iteration
	effective electronic model is modified as: kinetic energy t = 0.941567
	                                           effective interaction Vq = [-0.914221,-0.835337,-0.771147,-0.835337,-0.835337,-0.771147,-0.783632,-0.771147,-0.771147,-0.783632,-0.884734,-0.783632,-0.835337,-0.771147,-0.783632,-0.771147]
	PARPACK diagonalization completed after 45 matrix-vector product operations.
	iteration results: : total energy is -40.768215 | electron energy -40.775813 + phonon energy 0.007597 | electron momentum kIdx = 0
	Nq(0) = 16,	Nq(1) = 0.357736,	Nq(2) = 0.374862,	Nq(3) = 0.357736,	Nq(4) = 0.357736,	Nq(5) = 0.374862,	Nq(6) = 0.617609,	Nq(7) = 0.374862,	Nq(8) = 0.374862,	Nq(9) = 0.617609,	Nq(10) = 3.73568,	Nq(11) = 0.617609,	Nq(12) = 0.357736,	Nq(13) = 0.374862,	Nq(14) = 0.617609,	Nq(15) = 0.374862,	Sq(0) = 4.67569e-18,	Sq(1) = 0.312704,	Sq(2) = 0.350926,	Sq(3) = 0.312704,	Sq(4) = 0.312704,	Sq(5) = 0.350926,	Sq(6) = 0.542917,	Sq(7) = 0.350926,	Sq(8) = 0.350926,	Sq(9) = 0.542917,	Sq(10) = 0.585727,	Sq(11) = 0.542917,	Sq(12) = 0.312704,	Sq(13) = 0.350926,	Sq(14) = 0.542917,	Sq(15) = 0.350926,	N(0) = 1.99655,	N(1) = 1.99036,	N(2) = 1,	N(3) = 1.99036,	N(4) = 1.99036,	N(5) = 1,	N(6) = 0.00964473,	N(7) = 1,	N(8) = 1,	N(9) = 0.00964473,	N(10) = 0.00345071,	N(11) = 0.00964473,	N(12) = 1.99036,	N(13) = 1,	N(14) = 0.00964473,	N(15) = 1,	Delta[s](0) = 0.507641,	Delta[s](1) = 0.335961,	Delta[s](2) = 0.325781,	Delta[s](3) = 0.335961,	Delta[s](4) = 0.335961,	Delta[s](5) = 0.325781,	Delta[s](6) = 0.232804,	Delta[s](7) = 0.325781,	Delta[s](8) = 0.325781,	Delta[s](9) = 0.232804,	Delta[s](10) = 0.205731,	Delta[s](11) = 0.232804,	Delta[s](12) = 0.335961,	Delta[s](13) = 0.325781,	Delta[s](14) = 0.232804,	Delta[s](15) = 0.325781,	Delta[d](0) = 0.243798,	Delta[d](1) = 0.251444,	Delta[d](2) = 0.236583,	Delta[d](3) = 0.251444,	Delta[d](4) = 0.251444,	Delta[d](5) = 0.135343,	Delta[d](6) = 0.197539,	Delta[d](7) = 0.135343,	Delta[d](8) = 0.236583,	Delta[d](9) = 0.197539,	Delta[d](10) = 0.0268486,	Delta[d](11) = 0.197539,	Delta[d](12) = 0.251444,	Delta[d](13) = 0.135343,	Delta[d](14) = 0.197539,	Delta[d](15) = 0.135343,	Delta[s+](0) = 0.469093,	Delta[s+](1) = 0.376512,	Delta[s+](2) = 0.236583,	Delta[s+](3) = 0.376512,	Delta[s+](4) = 0.376512,	Delta[s+](5) = 0.236583,	Delta[s+](6) = 0.093652,	Delta[s+](7) = 0.236583,	Delta[s+](8) = 0.236583,	Delta[s+](9) = 0.093652,	Delta[s+](10) = 0.0137389,	Delta[s+](11) = 0.093652,	Delta[s+](12) = 0.376512,	Delta[s+](13) = 0.236583,	Delta[s+](14) = 0.093652,	Delta[s+](15) = 0.236583
The 0-th iteration is completed.	|| time cost : 0h 5m 11.742s
********************************************************************************************************************
Start the 1 rounds of NGS-ED iteration
	effective electronic model is modified as: kinetic energy t = 0.932162
	                                           effective interaction Vq = [-0.968462,-0.883719,-0.802215,-0.883719,-0.883719,-0.802215,-0.819362,-0.802215,-0.802215,-0.819362,-0.942259,-0.819362,-0.883719,-0.802215,-0.819362,-0.802215]
	PARPACK diagonalization completed after 45 matrix-vector product operations.
	iteration results: : total energy is -41.841891 | electron energy -41.865894 + phonon energy 0.024004 | electron momentum kIdx = 0
The 1-th iteration is completed.	|| time cost : 0h 0m 28.469s
********************************************************************************************************************
Start the 2 rounds of NGS-ED iteration
	effective electronic model is modified as: kinetic energy t = 0.927252
	                                           effective interaction Vq = [-0.988416,-0.904717,-0.815841,-0.904717,-0.904717,-0.815841,-0.835022,-0.815841,-0.815841,-0.835022,-0.967102,-0.835022,-0.904717,-0.815841,-0.835022,-0.815841]
	PARPACK diagonalization completed after 45 matrix-vector product operations.
	iteration results: : total energy is -42.227211 | electron energy -42.264687 + phonon energy 0.037476 | electron momentum kIdx = 0
The 2-th iteration is completed.	|| time cost : 0h 0m 28.008s
********************************************************************************************************************
Start the 3 rounds of NGS-ED iteration
	effective electronic model is modified as: kinetic energy t = 0.924731
	                                           effective interaction Vq = [-0.995757,-0.914406,-0.822032,-0.914406,-0.914406,-0.822032,-0.842147,-0.822032,-0.822032,-0.842147,-0.978292,-0.842147,-0.914406,-0.822032,-0.842147,-0.822032]
	PARPACK diagonalization completed after 45 matrix-vector product operations.
	iteration results: : total energy is -42.365402 | electron energy -42.411780 + phonon energy 0.046378 | electron momentum kIdx = 0
The 3-th iteration is completed.	|| time cost : 0h 0m 27.797s
********************************************************************************************************************
Start the 4 rounds of NGS-ED iteration
	effective electronic model is modified as: kinetic energy t = 0.923441
	                                           effective interaction Vq = [-0.998457,-0.919054,-0.824906,-0.919054,-0.919054,-0.824906,-0.845464,-0.824906,-0.824906,-0.845464,-0.983607,-0.845464,-0.919054,-0.824906,-0.845464,-0.824906]
	PARPACK diagonalization completed after 30 matrix-vector product operations.
	iteration results: : total energy is -42.415013 | electron energy -42.466746 + phonon energy 0.051734 | electron momentum kIdx = 0
The 4-th iteration is completed.	|| time cost : 0h 0m 20.577s
********************************************************************************************************************
Start the 5 rounds of NGS-ED iteration
	effective electronic model is modified as: kinetic energy t = 0.92278
	                                           effective interaction Vq = [ -0.99945,-0.921333,-0.826256,-0.921333,-0.921333,-0.826256,-0.847025,-0.826256,-0.826256,-0.847025, -0.98626,-0.847025,-0.921333,-0.826256,-0.847025,-0.826256]
	PARPACK diagonalization completed after 30 matrix-vector product operations.
	iteration results: : total energy is -42.432863 | electron energy -42.487663 + phonon energy 0.054800 | electron momentum kIdx = 0
The 5-th iteration is completed.	|| time cost : 0h 0m 24.222s
********************************************************************************************************************
Start the 6 rounds of NGS-ED iteration
	effective electronic model is modified as: kinetic energy t = 0.922441
	                                           effective interaction Vq = [-0.999816, -0.92246,-0.826892, -0.92246, -0.92246,-0.826892,-0.847759,-0.826892,-0.826892,-0.847759,-0.987635,-0.847759, -0.92246,-0.826892,-0.847759,-0.826892]
	PARPACK diagonalization completed after 30 matrix-vector product operations.
	iteration results: : total energy is -42.439304 | electron energy -42.495810 + phonon energy 0.056506 | electron momentum kIdx = 0
The 6-th iteration is completed.	|| time cost : 0h 0m 20.637s
********************************************************************************************************************
Start the 7 rounds of NGS-ED iteration
	effective electronic model is modified as: kinetic energy t = 0.922267
	                                           effective interaction Vq = [ -0.99995,-0.923019,-0.827192,-0.923019,-0.923019,-0.827192,-0.848101,-0.827192,-0.827192,-0.848101,-0.988366,-0.848101,-0.923019,-0.827192,-0.848101,-0.827192]
	PARPACK diagonalization completed after 30 matrix-vector product operations.
	iteration results: : total energy is -42.441635 | electron energy -42.499075 + phonon energy 0.057440 | electron momentum kIdx = 0
The 7-th iteration is completed.	|| time cost : 0h 0m 20.638s
********************************************************************************************************************
Start the 8 rounds of NGS-ED iteration
	effective electronic model is modified as: kinetic energy t = 0.922178
	                                           effective interaction Vq = [       -1,-0.923294,-0.827332,-0.923294,-0.923294,-0.827332,-0.848258,-0.827332,-0.827332,-0.848258,-0.988762,-0.848258,-0.923294,-0.827332,-0.848258,-0.827332]
	PARPACK diagonalization completed after 30 matrix-vector product operations.
	iteration results: : total energy is -42.442481 | electron energy -42.500428 + phonon energy 0.057947 | electron momentum kIdx = 0
The 8-th iteration is completed.	|| time cost : 0h 0m 20.673s
********************************************************************************************************************
Start the 9 rounds of NGS-ED iteration
	effective electronic model is modified as: kinetic energy t = 0.922132
	                                           effective interaction Vq = [ -1.00002,-0.923428,-0.827397,-0.923428,-0.923428,-0.827397,-0.848328,-0.827397,-0.827397,-0.848328,-0.988978,-0.848328,-0.923428,-0.827397,-0.848328,-0.827397]
	PARPACK diagonalization completed after 30 matrix-vector product operations.
	iteration results: : total energy is -42.442789 | electron energy -42.501009 + phonon energy 0.058220 | electron momentum kIdx = 0
The 9-th iteration is completed.	|| time cost : 0h 0m 20.619s
********************************************************************************************************************
Start the 10 rounds of NGS-ED iteration
	effective electronic model is modified as: kinetic energy t = 0.922109
	                                           effective interaction Vq = [ -1.00002,-0.923493,-0.827426,-0.923493,-0.923493,-0.827426,-0.848357,-0.827426,-0.827426,-0.848357,-0.989096,-0.848357,-0.923493,-0.827426,-0.848357,-0.827426]
	PARPACK diagonalization completed after 30 matrix-vector product operations.
	iteration results: : total energy is -42.442901 | electron energy -42.501268 + phonon energy 0.058367 | electron momentum kIdx = 0
	Nq(0) = 16,	Nq(1) = 0.34749,	Nq(2) = 0.370762,	Nq(3) = 0.34749,	Nq(4) = 0.34749,	Nq(5) = 0.370762,	Nq(6) = 0.606411,	Nq(7) = 0.370762,	Nq(8) = 0.370762,	Nq(9) = 0.606411,	Nq(10) = 4.05469,	Nq(11) = 0.606411,	Nq(12) = 0.34749,	Nq(13) = 0.370762,	Nq(14) = 0.606411,	Nq(15) = 0.370762,	Sq(0) = 3.45705e-18,	Sq(1) = 0.29635,	Sq(2) = 0.342994,	Sq(3) = 0.29635,	Sq(4) = 0.29635,	Sq(5) = 0.342994,	Sq(6) = 0.522062,	Sq(7) = 0.342994,	Sq(8) = 0.342994,	Sq(9) = 0.522062,	Sq(10) = 0.573525,	Sq(11) = 0.522062,	Sq(12) = 0.29635,	Sq(13) = 0.342994,	Sq(14) = 0.522062,	Sq(15) = 0.342994,	N(0) = 1.99427,	N(1) = 1.98391,	N(2) = 1,	N(3) = 1.98391,	N(4) = 1.98391,	N(5) = 1,	N(6) = 0.016088,	N(7) = 1,	N(8) = 1,	N(9) = 0.016088,	N(10) = 0.00572931,	N(11) = 0.016088,	N(12) = 1.98391,	N(13) = 1,	N(14) = 0.016088,	N(15) = 1,	Delta[s](0) = 0.50789,	Delta[s](1) = 0.34353,	Delta[s](2) = 0.330072,	Delta[s](3) = 0.34353,	Delta[s](4) = 0.34353,	Delta[s](5) = 0.330072,	Delta[s](6) = 0.242878,	Delta[s](7) = 0.330072,	Delta[s](8) = 0.330072,	Delta[s](9) = 0.242878,	Delta[s](10) = 0.21348,	Delta[s](11) = 0.242878,	Delta[s](12) = 0.34353,	Delta[s](13) = 0.330072,	Delta[s](14) = 0.242878,	Delta[s](15) = 0.330072,	Delta[d](0) = 0.242689,	Delta[d](1) = 0.244925,	Delta[d](2) = 0.23402,	Delta[d](3) = 0.244925,	Delta[d](4) = 0.244925,	Delta[d](5) = 0.136466,	Delta[d](6) = 0.191978,	Delta[d](7) = 0.136466,	Delta[d](8) = 0.23402,	Delta[d](9) = 0.191978,	Delta[d](10) = 0.0301888,	Delta[d](11) = 0.191978,	Delta[d](12) = 0.244925,	Delta[d](13) = 0.136466,	Delta[d](14) = 0.191978,	Delta[d](15) = 0.136466,	Delta[s+](0) = 0.465254,	Delta[s+](1) = 0.371992,	Delta[s+](2) = 0.23402,	Delta[s+](3) = 0.371992,	Delta[s+](4) = 0.371992,	Delta[s+](5) = 0.23402,	Delta[s+](6) = 0.0923673,	Delta[s+](7) = 0.23402,	Delta[s+](8) = 0.23402,	Delta[s+](9) = 0.0923673,	Delta[s+](10) = 0.0152991,	Delta[s+](11) = 0.0923673,	Delta[s+](12) = 0.371992,	Delta[s+](13) = 0.23402,	Delta[s+](14) = 0.0923673,	Delta[s+](15) = 0.23402
The 10-th iteration is completed.	|| time cost : 0h 3m 57.753s
********************************************************************************************************************
Start the 11 rounds of NGS-ED iteration
	effective electronic model is modified as: kinetic energy t = 0.922097
	                                           effective interaction Vq = [ -1.00003,-0.923524,-0.827439,-0.923524,-0.923524,-0.827439,-0.848369,-0.827439,-0.827439,-0.848369,-0.989162,-0.848369,-0.923524,-0.827439,-0.848369,-0.827439]
	PARPACK diagonalization completed after 30 matrix-vector product operations.
	iteration results: : total energy is -42.442942 | electron energy -42.501388 + phonon energy 0.058447 | electron momentum kIdx = 0
The 11-th iteration is completed.	|| time cost : 0h 0m 23.782s
********************************************************************************************************************
Start the 12 rounds of NGS-ED iteration
	effective electronic model is modified as: kinetic energy t = 0.92209
	                                           effective interaction Vq = [ -1.00003,-0.923538,-0.827445,-0.923538,-0.923538,-0.827445,-0.848373,-0.827445,-0.827445,-0.848373,-0.989198,-0.848373,-0.923538,-0.827445,-0.848373,-0.827445]
	PARPACK diagonalization completed after 30 matrix-vector product operations.
	iteration results: : total energy is -42.442957 | electron energy -42.501446 + phonon energy 0.058489 | electron momentum kIdx = 0
The 12-th iteration is completed.	|| time cost : 0h 0m 23.644s
********************************************************************************************************************
Start the 13 rounds of NGS-ED iteration
	effective electronic model is modified as: kinetic energy t = 0.922087
	                                           effective interaction Vq = [ -1.00003,-0.923545,-0.827447,-0.923545,-0.923545,-0.827447,-0.848374,-0.827447,-0.827447,-0.848374,-0.989218,-0.848374,-0.923545,-0.827447,-0.848374,-0.827447]
	PARPACK diagonalization completed after 30 matrix-vector product operations.
	iteration results: : total energy is -42.442962 | electron energy -42.501474 + phonon energy 0.058512 | electron momentum kIdx = 0
The 13-th iteration is completed.	|| time cost : 0h 0m 20.665s
********************************************************************************************************************
Start the 14 rounds of NGS-ED iteration
	effective electronic model is modified as: kinetic energy t = 0.922086
	                                           effective interaction Vq = [ -1.00003,-0.923547,-0.827448,-0.923547,-0.923547,-0.827448,-0.848374,-0.827448,-0.827448,-0.848374,-0.989229,-0.848374,-0.923547,-0.827448,-0.848374,-0.827448]
	PARPACK diagonalization completed after 30 matrix-vector product operations.
	iteration results: : total energy is -42.442964 | electron energy -42.501488 + phonon energy 0.058524 | electron momentum kIdx = 0
The 14-th iteration is completed.	|| time cost : 0h 0m 20.664s
********************************************************************************************************************
Start the 15 rounds of NGS-ED iteration
	effective electronic model is modified as: kinetic energy t = 0.922085
	                                           effective interaction Vq = [ -1.00003,-0.923548,-0.827448,-0.923548,-0.923548,-0.827448,-0.848374,-0.827448,-0.827448,-0.848374,-0.989235,-0.848374,-0.923548,-0.827448,-0.848374,-0.827448]
	PARPACK diagonalization completed after 30 matrix-vector product operations.
	iteration results: : total energy is -42.442965 | electron energy -42.501496 + phonon energy 0.058531 | electron momentum kIdx = 0
The 15-th iteration is completed.	|| time cost : 0h 0m 20.656s
********************************************************************************************************************
Start the 16 rounds of NGS-ED iteration
	effective electronic model is modified as: kinetic energy t = 0.922084
	                                           effective interaction Vq = [ -1.00003,-0.923549,-0.827448,-0.923549,-0.923549,-0.827448,-0.848373,-0.827448,-0.827448,-0.848373,-0.989238,-0.848373,-0.923549,-0.827448,-0.848373,-0.827448]
	PARPACK diagonalization completed after 30 matrix-vector product operations.
	iteration results: : total energy is -42.442965 | electron energy -42.501499 + phonon energy 0.058534 | electron momentum kIdx = 0
The 16-th iteration is completed.	|| time cost : 0h 0m 20.67s
********************************************************************************************************************
Start the 17 rounds of NGS-ED iteration
	effective electronic model is modified as: kinetic energy t = 0.922084
	                                           effective interaction Vq = [ -1.00003,-0.923549,-0.827448,-0.923549,-0.923549,-0.827448,-0.848373,-0.827448,-0.827448,-0.848373, -0.98924,-0.848373,-0.923549,-0.827448,-0.848373,-0.827448]
	PARPACK diagonalization completed after 30 matrix-vector product operations.
	iteration results: : total energy is -42.442965 | electron energy -42.501502 + phonon energy 0.058536 | electron momentum kIdx = 0
The 17-th iteration is completed.	|| time cost : 0h 0m 20.615s
********************************************************************************************************************
Start the 18 rounds of NGS-ED iteration
	effective electronic model is modified as: kinetic energy t = 0.922084
	                                           effective interaction Vq = [ -1.00003,-0.923549,-0.827448,-0.923549,-0.923549,-0.827448,-0.848373,-0.827448,-0.827448,-0.848373,-0.989241,-0.848373,-0.923549,-0.827448,-0.848373,-0.827448]
	PARPACK diagonalization completed after 30 matrix-vector product operations.
	iteration results: : total energy is -42.442965 | electron energy -42.501503 + phonon energy 0.058537 | electron momentum kIdx = 0
The 18-th iteration is completed.	|| time cost : 0h 0m 20.599s
********************************************************************************************************************
Start the 19 rounds of NGS-ED iteration
	effective electronic model is modified as: kinetic energy t = 0.922084
	                                           effective interaction Vq = [ -1.00003,-0.923549,-0.827448,-0.923549,-0.923549,-0.827448,-0.848372,-0.827448,-0.827448,-0.848372,-0.989242,-0.848372,-0.923549,-0.827448,-0.848372,-0.827448]
	PARPACK diagonalization completed after 30 matrix-vector product operations.
	iteration results: : total energy is -42.442965 | electron energy -42.501503 + phonon energy 0.058538 | electron momentum kIdx = 0
The 19-th iteration is completed.	|| time cost : 0h 0m 20.641s
********************************************************************************************************************
Start the 20 rounds of NGS-ED iteration
	effective electronic model is modified as: kinetic energy t = 0.922084
	                                           effective interaction Vq = [ -1.00003,-0.923549,-0.827448,-0.923549,-0.923549,-0.827448,-0.848372,-0.827448,-0.827448,-0.848372,-0.989242,-0.848372,-0.923549,-0.827448,-0.848372,-0.827448]
	PARPACK diagonalization completed after 30 matrix-vector product operations.
	iteration results: : total energy is -42.442965 | electron energy -42.501503 + phonon energy 0.058538 | electron momentum kIdx = 0
	Nq(0) = 16,	Nq(1) = 0.347459,	Nq(2) = 0.370749,	Nq(3) = 0.347459,	Nq(4) = 0.347459,	Nq(5) = 0.370749,	Nq(6) = 0.60637,	Nq(7) = 0.370749,	Nq(8) = 0.370749,	Nq(9) = 0.60637,	Nq(10) = 4.05537,	Nq(11) = 0.60637,	Nq(12) = 0.347459,	Nq(13) = 0.370749,	Nq(14) = 0.60637,	Nq(15) = 0.370749,	Sq(0) = 9.99796e-18,	Sq(1) = 0.296324,	Sq(2) = 0.342981,	Sq(3) = 0.296324,	Sq(4) = 0.296324,	Sq(5) = 0.342981,	Sq(6) = 0.522032,	Sq(7) = 0.342981,	Sq(8) = 0.342981,	Sq(9) = 0.522032,	Sq(10) = 0.573509,	Sq(11) = 0.522032,	Sq(12) = 0.296324,	Sq(13) = 0.342981,	Sq(14) = 0.522032,	Sq(15) = 0.342981,	N(0) = 1.99427,	N(1) = 1.9839,	N(2) = 1,	N(3) = 1.9839,	N(4) = 1.9839,	N(5) = 1,	N(6) = 0.0161006,	N(7) = 1,	N(8) = 1,	N(9) = 0.0161006,	N(10) = 0.00573317,	N(11) = 0.0161006,	N(12) = 1.9839,	N(13) = 1,	N(14) = 0.0161006,	N(15) = 1,	Delta[s](0) = 0.507872,	Delta[s](1) = 0.343542,	Delta[s](2) = 0.330078,	Delta[s](3) = 0.343542,	Delta[s](4) = 0.343542,	Delta[s](5) = 0.330078,	Delta[s](6) = 0.242896,	Delta[s](7) = 0.330078,	Delta[s](8) = 0.330078,	Delta[s](9) = 0.242896,	Delta[s](10) = 0.213501,	Delta[s](11) = 0.242896,	Delta[s](12) = 0.343542,	Delta[s](13) = 0.330078,	Delta[s](14) = 0.242896,	Delta[s](15) = 0.330078,	Delta[d](0) = 0.242705,	Delta[d](1) = 0.244932,	Delta[d](2) = 0.234035,	Delta[d](3) = 0.244932,	Delta[d](4) = 0.244932,	Delta[d](5) = 0.136475,	Delta[d](6) = 0.191981,	Delta[d](7) = 0.136475,	Delta[d](8) = 0.234035,	Delta[d](9) = 0.191981,	Delta[d](10) = 0.0301914,	Delta[d](11) = 0.191981,	Delta[d](12) = 0.244932,	Delta[d](13) = 0.136475,	Delta[d](14) = 0.191981,	Delta[d](15) = 0.136475,	Delta[s+](0) = 0.46529,	Delta[s+](1) = 0.372016,	Delta[s+](2) = 0.234035,	Delta[s+](3) = 0.372016,	Delta[s+](4) = 0.372016,	Delta[s+](5) = 0.234035,	Delta[s+](6) = 0.0923698,	Delta[s+](7) = 0.234035,	Delta[s+](8) = 0.234035,	Delta[s+](9) = 0.0923698,	Delta[s+](10) = 0.0153004,	Delta[s+](11) = 0.0923698,	Delta[s+](12) = 0.372016,	Delta[s+](13) = 0.234035,	Delta[s+](14) = 0.0923698,	Delta[s+](15) = 0.234035
The 20-th iteration is completed.	|| time cost : 0h 4m 46.046s
********************************************************************************************************************
Start the 21 rounds of NGS-ED iteration
	effective electronic model is modified as: kinetic energy t = 0.922084
	                                           effective interaction Vq = [ -1.00003,-0.923549,-0.827448,-0.923549,-0.923549,-0.827448,-0.848372,-0.827448,-0.827448,-0.848372,-0.989243,-0.848372,-0.923549,-0.827448,-0.848372,-0.827448]
	PARPACK diagonalization completed after 30 matrix-vector product operations.
	iteration results: : total energy is -42.442965 | electron energy -42.501504 + phonon energy 0.058538 | electron momentum kIdx = 0
The 21-th iteration is completed.	|| time cost : 0h 0m 23.955s
********************************************************************************************************************
Start the 22 rounds of NGS-ED iteration
	effective electronic model is modified as: kinetic energy t = 0.922084
	                                           effective interaction Vq = [ -1.00003,-0.923549,-0.827448,-0.923549,-0.923549,-0.827448,-0.848372,-0.827448,-0.827448,-0.848372,-0.989243,-0.848372,-0.923549,-0.827448,-0.848372,-0.827448]
	PARPACK diagonalization completed after 30 matrix-vector product operations.
	iteration results: : total energy is -42.442965 | electron energy -42.501504 + phonon energy 0.058539 | electron momentum kIdx = 0
The 22-th iteration is completed.	|| time cost : 0h 0m 24.088s
********************************************************************************************************************
Start the 23 rounds of NGS-ED iteration
	effective electronic model is modified as: kinetic energy t = 0.922084
	                                           effective interaction Vq = [ -1.00003,-0.923549,-0.827448,-0.923549,-0.923549,-0.827448,-0.848372,-0.827448,-0.827448,-0.848372,-0.989243,-0.848372,-0.923549,-0.827448,-0.848372,-0.827448]
	PARPACK diagonalization completed after 30 matrix-vector product operations.
	iteration results: : total energy is -42.442965 | electron energy -42.501504 + phonon energy 0.058539 | electron momentum kIdx = 0
