SNEDics v3.4 Non-Gaussian ED ground state program		Start at Sat Sep 21 22:02:47 2019

parallized on 16 MPI threads  * 8 OpenMP threads = 128 total threads.
********************************************************************************************************************
********************************************************************************************************************

********************************************************************************************************************
System parameters and configurations
********************************************************************************************************************
Special program options are enabled: splitted diagonal Hamiltonian
********************************************************************************************************************
Read input file "model_params.in"
	Hubbard-Holstein model parameters : 	t = 1    U = 6.8    g = 4.1833    W = 5    
********************************************************************************************************************
Read input file "hilbertspace_params.in"
	Requested 16-site 2D lattice, with 16 electrons (8, 8)
	Boundary : Periodic		Hilbert space representation : momentum-space (restricted to kIdx = 0)
	Conservation: particle number[U(1)]      spin[U(1)]     momentum
********************************************************************************************************************

Cluster Positions:				Cluster symmetry group : D4
 x ... x ... x ... x .....                       x ... x ... x ... x .....
 |           |           :                       |           |           :
 |           |           :                       |           |           :
12    13    14    15     x                       1     5     6     5     x
 |           |           :                       |           |           :
 |           |           :                       |           |           :
 8 --- 9 ---10 ---11 --- x                       2 --- 6 ---10 --- 6 --- x
 |           |           :                       |           |           :
 |           |           :                       |           |           :
 4     5     6     7     x                       1     5     6     5     x
 |           |           :                       |           |           :
 |           |           :                       |           |           :
 0 --- 1 --- 2 --- 3 --- x                       0 --- 1 --- 2 --- 1 --- x
orbital number : 1
********************************************************************************************************************
Read input file "obs_params.in"
	Observable Type : Nq(All),   Sq(All),   N(All),   Delta[s](All),   Delta[d](All),   Delta[s+](All)
********************************************************************************************************************
** WARNING ** the input observables have non-local factors which have been reinterpreted. The total observable number is 96
********************************************************************************************************************


********************************************************************************************************************
Start calculating the non-Gaussian ED ground state
** WARNING ** Detected low phonon energy W < 10. The initial state will be prepared through a warm-up process.
********************************************************************************************************************
Start warm-up calculation for scaling factor 2
open output files: NGSEDWarmUpW10Obs.txt
********************************************************************************************************************
Start the 0 rounds of NGS-ED iteration
	effective electronic model is modified as: kinetic energy t = 1
	                                           effective interaction Vq = [-0,-0,-0,-0,-0,-0,-0,-0,-0,-0,-0,-0,-0,-0,-0,-0]
	first Hamiltonian is constructed, non-zero numbers = 2845383612
	PARPACK diagonalization completed after 90 matrix-vector product operations.
	iteration results: : total energy is -9.621382 | electron energy -9.621382 + phonon energy 0.000000 | electron momentum kIdx = 0
	Nq(0) = 16,	Nq(1) = 0.0815731,	Nq(2) = 0.138198,	Nq(3) = 0.0815731,	Nq(4) = 0.0815731,	Nq(5) = 0.138198,	Nq(6) = 0.189385,	Nq(7) = 0.138198,	Nq(8) = 0.138198,	Nq(9) = 0.189385,	Nq(10) = 0.237128,	Nq(11) = 0.189385,	Nq(12) = 0.0815731,	Nq(13) = 0.138198,	Nq(14) = 0.189385,	Nq(15) = 0.138198,	Sq(0) = 1.74081e-19,	Sq(1) = 0.419876,	Sq(2) = 0.637437,	Sq(3) = 0.419876,	Sq(4) = 0.419876,	Sq(5) = 0.637437,	Sq(6) = 0.902716,	Sq(7) = 0.637437,	Sq(8) = 0.637437,	Sq(9) = 0.902716,	Sq(10) = 4.73486,	Sq(11) = 0.902716,	Sq(12) = 0.419876,	Sq(13) = 0.637437,	Sq(14) = 0.902716,	Sq(15) = 0.637437,	N(0) = 1.82472,	N(1) = 1.64588,	N(2) = 1,	N(3) = 1.64588,	N(4) = 1.64588,	N(5) = 1,	N(6) = 0.354118,	N(7) = 1,	N(8) = 1,	N(9) = 0.354118,	N(10) = 0.175279,	N(11) = 0.354118,	N(12) = 1.64588,	N(13) = 1,	N(14) = 0.354118,	N(15) = 1,	Delta[s](0) = 0.104861,	Delta[s](1) = 0.0873463,	Delta[s](2) = 0.0685782,	Delta[s](3) = 0.0873463,	Delta[s](4) = 0.0873463,	Delta[s](5) = 0.0685782,	Delta[s](6) = 0.0478306,	Delta[s](7) = 0.0685782,	Delta[s](8) = 0.0685782,	Delta[s](9) = 0.0478306,	Delta[s](10) = 0.0180355,	Delta[s](11) = 0.0478306,	Delta[s](12) = 0.0873463,	Delta[s](13) = 0.0685782,	Delta[s](14) = 0.0478306,	Delta[s](15) = 0.0685782,	Delta[d](0) = 0.580099,	Delta[d](1) = 0.43708,	Delta[d](2) = 0.334677,	Delta[d](3) = 0.43708,	Delta[d](4) = 0.43708,	Delta[d](5) = 0.342319,	Delta[d](6) = 0.240448,	Delta[d](7) = 0.342319,	Delta[d](8) = 0.334677,	Delta[d](9) = 0.240448,	Delta[d](10) = 0.120486,	Delta[d](11) = 0.240448,	Delta[d](12) = 0.43708,	Delta[d](13) = 0.342319,	Delta[d](14) = 0.240448,	Delta[d](15) = 0.342319,	Delta[s+](0) = 0.611245,	Delta[s+](1) = 0.483137,	Delta[s+](2) = 0.334677,	Delta[s+](3) = 0.483137,	Delta[s+](4) = 0.483137,	Delta[s+](5) = 0.334677,	Delta[s+](6) = 0.189797,	Delta[s+](7) = 0.334677,	Delta[s+](8) = 0.334677,	Delta[s+](9) = 0.189797,	Delta[s+](10) = 0.0657833,	Delta[s+](11) = 0.189797,	Delta[s+](12) = 0.483137,	Delta[s+](13) = 0.334677,	Delta[s+](14) = 0.189797,	Delta[s+](15) = 0.334677
The 0-th iteration is completed.	|| time cost : 0h 10m 56.003s
********************************************************************************************************************
Start the 1 rounds of NGS-ED iteration
	effective electronic model is modified as: kinetic energy t = 0.925179
	                                           effective interaction Vq = [-3.02633,-2.61452,-2.54587,-2.61452,-2.61452,-2.54587,-2.50514,-2.54587,-2.54587,-2.50514,-2.47555,-2.50514,-2.61452,-2.54587,-2.50514,-2.54587]
	PARPACK diagonalization completed after 45 matrix-vector product operations.
	iteration results: : total energy is -65.416079 | electron energy -65.419852 + phonon energy 0.003773 | electron momentum kIdx = 0
The 1-th iteration is completed.	|| time cost : 0h 9m 35.177s
********************************************************************************************************************
Start the 2 rounds of NGS-ED iteration
	effective electronic model is modified as: kinetic energy t = 0.862849
	                                           effective interaction Vq = [ -3.4359, -3.2173, -3.0941, -3.2173, -3.2173, -3.0941,-3.07842, -3.0941, -3.0941,-3.07842, -3.0223,-3.07842, -3.2173, -3.0941,-3.07842, -3.0941]
	PARPACK diagonalization completed after 45 matrix-vector product operations.
	iteration results: : total energy is -73.724632 | electron energy -73.766717 + phonon energy 0.042085 | electron momentum kIdx = 0
The 2-th iteration is completed.	|| time cost : 0h 0m 43.12s
********************************************************************************************************************
Start the 3 rounds of NGS-ED iteration
	effective electronic model is modified as: kinetic energy t = 0.835842
	                                           effective interaction Vq = [-3.49132,-3.36939,-3.23405,-3.36939,-3.36939,-3.23405,-3.24513,-3.23405,-3.23405,-3.24513,-3.17106,-3.24513,-3.36939,-3.23405,-3.24513,-3.23405]
	PARPACK diagonalization completed after 45 matrix-vector product operations.
	iteration results: : total energy is -74.910800 | electron energy -74.991800 + phonon energy 0.081001 | electron momentum kIdx = 0
The 3-th iteration is completed.	|| time cost : 0h 0m 43.149s
********************************************************************************************************************
Start the 4 rounds of NGS-ED iteration
	effective electronic model is modified as: kinetic energy t = 0.825361
	                                           effective interaction Vq = [-3.49883,-3.41348,-3.27579,-3.41348,-3.41348,-3.27579,-3.30043,-3.27579,-3.27579,-3.30043, -3.2171,-3.30043,-3.41348,-3.27579,-3.30043,-3.27579]
	PARPACK diagonalization completed after 45 matrix-vector product operations.
	iteration results: : total energy is -75.076091 | electron energy -75.176915 + phonon energy 0.100825 | electron momentum kIdx = 0
The 4-th iteration is completed.	|| time cost : 0h 0m 43.169s
********************************************************************************************************************
Start the 5 rounds of NGS-ED iteration
	effective electronic model is modified as: kinetic energy t = 0.82144
	                                           effective interaction Vq = [-3.49984, -3.4279,-3.28933, -3.4279, -3.4279,-3.28933,-3.32022,-3.28933,-3.28933,-3.32022,-3.23237,-3.32022, -3.4279,-3.28933,-3.32022,-3.28933]
	PARPACK diagonalization completed after 30 matrix-vector product operations.
	iteration results: : total energy is -75.098807 | electron energy -75.207812 + phonon energy 0.109004 | electron momentum kIdx = 0
The 5-th iteration is completed.	|| time cost : 0h 0m 36.229s
********************************************************************************************************************
Start the 6 rounds of NGS-ED iteration
	effective electronic model is modified as: kinetic energy t = 0.819992
	                                           effective interaction Vq = [-3.49998,-3.43296, -3.2939,-3.43296,-3.43296, -3.2939,-3.32757, -3.2939, -3.2939,-3.32757,-3.23758,-3.32757,-3.43296, -3.2939,-3.32757, -3.2939]
	PARPACK diagonalization completed after 30 matrix-vector product operations.
	iteration results: : total energy is -75.101912 | electron energy -75.214059 + phonon energy 0.112147 | electron momentum kIdx = 0
The 6-th iteration is completed.	|| time cost : 0h 0m 36.333s
********************************************************************************************************************
Start the 7 rounds of NGS-ED iteration
	effective electronic model is modified as: kinetic energy t = 0.819459
	                                           effective interaction Vq = [    -3.5, -3.4348,-3.29546, -3.4348, -3.4348,-3.29546,-3.33034,-3.29546,-3.29546,-3.33034,-3.23939,-3.33034, -3.4348,-3.29546,-3.33034,-3.29546]
	PARPACK diagonalization completed after 30 matrix-vector product operations.
	iteration results: : total energy is -75.102335 | electron energy -75.215660 + phonon energy 0.113325 | electron momentum kIdx = 0
The 7-th iteration is completed.	|| time cost : 0h 0m 36.317s
********************************************************************************************************************
Start the 8 rounds of NGS-ED iteration
	effective electronic model is modified as: kinetic energy t = 0.819263
	                                           effective interaction Vq = [    -3.5,-3.43547,  -3.296,-3.43547,-3.43547,  -3.296, -3.3314,  -3.296,  -3.296, -3.3314,-3.24002, -3.3314,-3.43547,  -3.296, -3.3314,  -3.296]
	PARPACK diagonalization completed after 30 matrix-vector product operations.
	iteration results: : total energy is -75.102393 | electron energy -75.216155 + phonon energy 0.113762 | electron momentum kIdx = 0
The 8-th iteration is completed.	|| time cost : 0h 0m 36.069s
********************************************************************************************************************
Start the 9 rounds of NGS-ED iteration
	effective electronic model is modified as: kinetic energy t = 0.81919
	                                           effective interaction Vq = [    -3.5,-3.43572,-3.29618,-3.43572,-3.43572,-3.29618, -3.3318,-3.29618,-3.29618, -3.3318,-3.24025, -3.3318,-3.43572,-3.29618, -3.3318,-3.29618]
	PARPACK diagonalization completed after 30 matrix-vector product operations.
	iteration results: : total energy is -75.102401 | electron energy -75.216325 + phonon energy 0.113924 | electron momentum kIdx = 0
	Nq(0) = 16,	Nq(1) = 0.380248,	Nq(2) = 0.368495,	Nq(3) = 0.380248,	Nq(4) = 0.380248,	Nq(5) = 0.368495,	Nq(6) = 0.610503,	Nq(7) = 0.368495,	Nq(8) = 0.368495,	Nq(9) = 0.610503,	Nq(10) = 0.603651,	Nq(11) = 0.610503,	Nq(12) = 0.380248,	Nq(13) = 0.368495,	Nq(14) = 0.610503,	Nq(15) = 0.368495,	Sq(0) = 5.78241e-18,	Sq(1) = 0.377119,	Sq(2) = 0.546987,	Sq(3) = 0.377119,	Sq(4) = 0.377119,	Sq(5) = 0.546987,	Sq(6) = 0.631137,	Sq(7) = 0.546987,	Sq(8) = 0.546987,	Sq(9) = 0.631137,	Sq(10) = 1.90743,	Sq(11) = 0.631137,	Sq(12) = 0.377119,	Sq(13) = 0.546987,	Sq(14) = 0.631137,	Sq(15) = 0.546987,	N(0) = 1.99973,	N(1) = 1.99967,	N(2) = 1,	N(3) = 1.99967,	N(4) = 1.99967,	N(5) = 1,	N(6) = 0.000328292,	N(7) = 1,	N(8) = 1,	N(9) = 0.000328292,	N(10) = 0.00026525,	N(11) = 0.000328292,	N(12) = 1.99967,	N(13) = 1,	N(14) = 0.000328292,	N(15) = 1,	Delta[s](0) = 0.256252,	Delta[s](1) = 0.253535,	Delta[s](2) = 0.200933,	Delta[s](3) = 0.253535,	Delta[s](4) = 0.253535,	Delta[s](5) = 0.200933,	Delta[s](6) = 0.198489,	Delta[s](7) = 0.200933,	Delta[s](8) = 0.200933,	Delta[s](9) = 0.198489,	Delta[s](10) = 0.118865,	Delta[s](11) = 0.198489,	Delta[s](12) = 0.253535,	Delta[s](13) = 0.200933,	Delta[s](14) = 0.198489,	Delta[s](15) = 0.200933,	Delta[d](0) = 0.53495,	Delta[d](1) = 0.312826,	Delta[d](2) = 0.276114,	Delta[d](3) = 0.312826,	Delta[d](4) = 0.312826,	Delta[d](5) = 0.326825,	Delta[d](6) = 0.245673,	Delta[d](7) = 0.326825,	Delta[d](8) = 0.276114,	Delta[d](9) = 0.245673,	Delta[d](10) = 0.122432,	Delta[d](11) = 0.245673,	Delta[d](12) = 0.312826,	Delta[d](13) = 0.326825,	Delta[d](14) = 0.245673,	Delta[d](15) = 0.326825,	Delta[s+](0) = 0.502565,	Delta[s+](1) = 0.412351,	Delta[s+](2) = 0.276114,	Delta[s+](3) = 0.412351,	Delta[s+](4) = 0.412351,	Delta[s+](5) = 0.276114,	Delta[s+](6) = 0.137835,	Delta[s+](7) = 0.276114,	Delta[s+](8) = 0.276114,	Delta[s+](9) = 0.137835,	Delta[s+](10) = 0.0431499,	Delta[s+](11) = 0.137835,	Delta[s+](12) = 0.412351,	Delta[s+](13) = 0.276114,	Delta[s+](14) = 0.137835,	Delta[s+](15) = 0.276114
The 9-th iteration is completed.	|| time cost : 0h 5m 43.675s
********************************************************************************************************************
********************************************************************************************************************
Ground state is obtained after 10 iterations. The current ground-state energy is -75.1024, in which electron energy is -75.2163 and phonon energy is 0.113924
final variational state is: 
	Gamma_x = [      1,1.03163,1.04833,1.03163,1.03163,1.04833,1.07577,1.04833,1.04833,1.07577,1.08724,1.07577,1.03163,1.04833,1.07577,1.04833]
	lambda_q = [0.591581,0.511494,0.448866,0.511494,0.511494,0.448866,0.461973,0.448866,0.448866,0.461973,0.430463,0.461973,0.511494,0.448866,0.461973,0.448866]
********************************************************************************************************************
o___o  ----------------------------------------
| L |	Time since last clock: 0h 0m 0s
A===A	Time since the beginning: 0h 30m 49.245s
***********************************************


********************************************************************************************************************
Warm up runs have been completed. Start calculating W = 5 phonon.
open output files: NGSEDIterationObs.txt
********************************************************************************************************************
Start the 0 rounds of NGS-ED iteration
	effective electronic model is modified as: kinetic energy t = 0.819163
	                                           effective interaction Vq = [-3.19968,-2.97133,-2.74808,-2.97133,-2.97133,-2.74808,-2.79805,-2.74808,-2.74808,-2.79805,-2.67502,-2.79805,-2.97133,-2.74808,-2.79805,-2.74808]
	PARPACK diagonalization completed after 45 matrix-vector product operations.
	iteration results: : total energy is -67.091354 | electron energy -67.148346 + phonon energy 0.056992 | electron momentum kIdx = 0
	Nq(0) = 16,	Nq(1) = 0.289953,	Nq(2) = 0.329056,	Nq(3) = 0.289953,	Nq(4) = 0.289953,	Nq(5) = 0.329056,	Nq(6) = 0.491708,	Nq(7) = 0.329056,	Nq(8) = 0.329056,	Nq(9) = 0.491708,	Nq(10) = 0.535288,	Nq(11) = 0.491708,	Nq(12) = 0.289953,	Nq(13) = 0.329056,	Nq(14) = 0.491708,	Nq(15) = 0.329056,	Sq(0) = 8.8019e-18,	Sq(1) = 0.404034,	Sq(2) = 0.587113,	Sq(3) = 0.404034,	Sq(4) = 0.404034,	Sq(5) = 0.587113,	Sq(6) = 0.696605,	Sq(7) = 0.587113,	Sq(8) = 0.587113,	Sq(9) = 0.696605,	Sq(10) = 2.4385,	Sq(11) = 0.696605,	Sq(12) = 0.404034,	Sq(13) = 0.587113,	Sq(14) = 0.696605,	Sq(15) = 0.587113,	N(0) = 1.98913,	N(1) = 1.97872,	N(2) = 1,	N(3) = 1.97872,	N(4) = 1.97872,	N(5) = 1,	N(6) = 0.021284,	N(7) = 1,	N(8) = 1,	N(9) = 0.021284,	N(10) = 0.0108684,	N(11) = 0.021284,	N(12) = 1.97872,	N(13) = 1,	N(14) = 0.021284,	N(15) = 1,	Delta[s](0) = 0.217496,	Delta[s](1) = 0.205121,	Delta[s](2) = 0.172272,	Delta[s](3) = 0.205121,	Delta[s](4) = 0.205121,	Delta[s](5) = 0.172272,	Delta[s](6) = 0.16051,	Delta[s](7) = 0.172272,	Delta[s](8) = 0.172272,	Delta[s](9) = 0.16051,	Delta[s](10) = 0.104482,	Delta[s](11) = 0.16051,	Delta[s](12) = 0.205121,	Delta[s](13) = 0.172272,	Delta[s](14) = 0.16051,	Delta[s](15) = 0.172272,	Delta[d](0) = 0.557161,	Delta[d](1) = 0.354718,	Delta[d](2) = 0.305172,	Delta[d](3) = 0.354718,	Delta[d](4) = 0.354718,	Delta[d](5) = 0.343085,	Delta[d](6) = 0.260248,	Delta[d](7) = 0.343085,	Delta[d](8) = 0.305172,	Delta[d](9) = 0.260248,	Delta[d](10) = 0.133473,	Delta[d](11) = 0.260248,	Delta[d](12) = 0.354718,	Delta[d](13) = 0.343085,	Delta[d](14) = 0.260248,	Delta[d](15) = 0.343085,	Delta[s+](0) = 0.561511,	Delta[s+](1) = 0.455848,	Delta[s+](2) = 0.305172,	Delta[s+](3) = 0.455848,	Delta[s+](4) = 0.455848,	Delta[s+](5) = 0.305172,	Delta[s+](6) = 0.156984,	Delta[s+](7) = 0.305172,	Delta[s+](8) = 0.305172,	Delta[s+](9) = 0.156984,	Delta[s+](10) = 0.0498973,	Delta[s+](11) = 0.156984,	Delta[s+](12) = 0.455848,	Delta[s+](13) = 0.305172,	Delta[s+](14) = 0.156984,	Delta[s+](15) = 0.305172
The 0-th iteration is completed.	|| time cost : 0h 5m 51.099s
********************************************************************************************************************
Start the 1 rounds of NGS-ED iteration
	effective electronic model is modified as: kinetic energy t = 0.804395
	                                           effective interaction Vq = [-3.38952,-3.11018,-2.85783,-3.11018,-3.11018,-2.85783,-2.89151,-2.85783,-2.85783,-2.89151,-2.76606,-2.89151,-3.11018,-2.85783,-2.89151,-2.85783]
	PARPACK diagonalization completed after 45 matrix-vector product operations.
	iteration results: : total energy is -70.302667 | electron energy -70.459141 + phonon energy 0.156475 | electron momentum kIdx = 0
The 1-th iteration is completed.	|| time cost : 0h 0m 43.34s
********************************************************************************************************************
Start the 2 rounds of NGS-ED iteration
	effective electronic model is modified as: kinetic energy t = 0.792921
	                                           effective interaction Vq = [-3.45936,-3.18978,-2.92336,-3.18978,-3.18978,-2.92336,-2.95808,-2.92336,-2.92336,-2.95808,-2.82961,-2.95808,-3.18978,-2.92336,-2.95808,-2.92336]
	PARPACK diagonalization completed after 45 matrix-vector product operations.
	iteration results: : total energy is -71.489074 | electron energy -71.711304 + phonon energy 0.222231 | electron momentum kIdx = 0
The 2-th iteration is completed.	|| time cost : 0h 0m 43.167s
********************************************************************************************************************
Start the 3 rounds of NGS-ED iteration
	effective electronic model is modified as: kinetic energy t = 0.785004
	                                           effective interaction Vq = [-3.48505,-3.23661,-2.96219,-3.23661,-3.23661,-2.96219,-3.00211,-2.96219,-2.96219,-3.00211,-2.86991,-3.00211,-3.23661,-2.96219,-3.00211,-2.96219]
	PARPACK diagonalization completed after 45 matrix-vector product operations.
	iteration results: : total energy is -71.928379 | electron energy -72.190929 + phonon energy 0.262549 | electron momentum kIdx = 0
The 3-th iteration is completed.	|| time cost : 0h 0m 43.229s
********************************************************************************************************************
Start the 4 rounds of NGS-ED iteration
	effective electronic model is modified as: kinetic energy t = 0.779795
	                                           effective interaction Vq = [ -3.4945,-3.26474,-2.98526,-3.26474,-3.26474,-2.98526,-3.03062,-2.98526,-2.98526,-3.03062,-2.89478,-3.03062,-3.26474,-2.98526,-3.03062,-2.98526]
	PARPACK diagonalization completed after 45 matrix-vector product operations.
	iteration results: : total energy is -72.091142 | electron energy -72.378628 + phonon energy 0.287486 | electron momentum kIdx = 0
The 4-th iteration is completed.	|| time cost : 0h 0m 43.228s
********************************************************************************************************************
Start the 5 rounds of NGS-ED iteration
	effective electronic model is modified as: kinetic energy t = 0.77644
	                                           effective interaction Vq = [-3.49798, -3.2819,-2.99904, -3.2819, -3.2819,-2.99904,-3.04899,-2.99904,-2.99904,-3.04899,-2.91001,-3.04899, -3.2819,-2.99904,-3.04899,-2.99904]
	PARPACK diagonalization completed after 45 matrix-vector product operations.
	iteration results: : total energy is -72.151467 | electron energy -72.454571 + phonon energy 0.303104 | electron momentum kIdx = 0
The 5-th iteration is completed.	|| time cost : 0h 0m 43.288s
********************************************************************************************************************
Start the 6 rounds of NGS-ED iteration
	effective electronic model is modified as: kinetic energy t = 0.774302
	                                           effective interaction Vq = [-3.49926, -3.2925,-3.00732, -3.2925, -3.2925,-3.00732,-3.06082,-3.00732,-3.00732,-3.06082,-2.91934,-3.06082, -3.2925,-3.00732,-3.06082,-3.00732]
	PARPACK diagonalization completed after 45 matrix-vector product operations.
	iteration results: : total energy is -72.173835 | electron energy -72.486791 + phonon energy 0.312956 | electron momentum kIdx = 0
The 6-th iteration is completed.	|| time cost : 0h 0m 43.098s
********************************************************************************************************************
Start the 7 rounds of NGS-ED iteration
	effective electronic model is modified as: kinetic energy t = 0.772945
	                                           effective interaction Vq = [-3.49973,-3.29909,-3.01231,-3.29909,-3.29909,-3.01231,-3.06844,-3.01231,-3.01231,-3.06844,-2.92507,-3.06844,-3.29909,-3.01231,-3.06844,-3.01231]
	PARPACK diagonalization completed after 30 matrix-vector product operations.
	iteration results: : total energy is -72.182134 | electron energy -72.501325 + phonon energy 0.319191 | electron momentum kIdx = 0
The 7-th iteration is completed.	|| time cost : 0h 0m 36.115s
********************************************************************************************************************
Start the 8 rounds of NGS-ED iteration
	effective electronic model is modified as: kinetic energy t = 0.772086
	                                           effective interaction Vq = [ -3.4999,-3.30322,-3.01533,-3.30322,-3.30322,-3.01533,-3.07335,-3.01533,-3.01533,-3.07335,-2.92859,-3.07335,-3.30322,-3.01533,-3.07335,-3.01533]
	PARPACK diagonalization completed after 30 matrix-vector product operations.
	iteration results: : total energy is -72.185214 | electron energy -72.508357 + phonon energy 0.323143 | electron momentum kIdx = 0
The 8-th iteration is completed.	|| time cost : 0h 0m 36.395s
********************************************************************************************************************
Start the 9 rounds of NGS-ED iteration
	effective electronic model is modified as: kinetic energy t = 0.771543
	                                           effective interaction Vq = [-3.49996,-3.30581,-3.01717,-3.30581,-3.30581,-3.01717,-3.07651,-3.01717,-3.01717,-3.07651,-2.93076,-3.07651,-3.30581,-3.01717,-3.07651,-3.01717]
	PARPACK diagonalization completed after 30 matrix-vector product operations.
	iteration results: : total energy is -72.186359 | electron energy -72.512007 + phonon energy 0.325648 | electron momentum kIdx = 0
The 9-th iteration is completed.	|| time cost : 0h 0m 36.289s
********************************************************************************************************************
Start the 10 rounds of NGS-ED iteration
	effective electronic model is modified as: kinetic energy t = 0.771199
	                                           effective interaction Vq = [-3.49999,-3.30744,-3.01829,-3.30744,-3.30744,-3.01829,-3.07855,-3.01829,-3.01829,-3.07855, -2.9321,-3.07855,-3.30744,-3.01829,-3.07855,-3.01829]
	PARPACK diagonalization completed after 30 matrix-vector product operations.
	iteration results: : total energy is -72.186785 | electron energy -72.514022 + phonon energy 0.327237 | electron momentum kIdx = 0
	Nq(0) = 16,	Nq(1) = 0.346789,	Nq(2) = 0.348973,	Nq(3) = 0.346789,	Nq(4) = 0.346789,	Nq(5) = 0.348973,	Nq(6) = 0.548853,	Nq(7) = 0.348973,	Nq(8) = 0.348973,	Nq(9) = 0.548853,	Nq(10) = 0.565889,	Nq(11) = 0.548853,	Nq(12) = 0.346789,	Nq(13) = 0.348973,	Nq(14) = 0.548853,	Nq(15) = 0.348973,	Sq(0) = 1.44664e-18,	Sq(1) = 0.390557,	Sq(2) = 0.568602,	Sq(3) = 0.390557,	Sq(4) = 0.390557,	Sq(5) = 0.568602,	Sq(6) = 0.662488,	Sq(7) = 0.568602,	Sq(8) = 0.568602,	Sq(9) = 0.662488,	Sq(10) = 2.13392,	Sq(11) = 0.662488,	Sq(12) = 0.390557,	Sq(13) = 0.568602,	Sq(14) = 0.662488,	Sq(15) = 0.568602,	N(0) = 1.99596,	N(1) = 1.99421,	N(2) = 1,	N(3) = 1.99421,	N(4) = 1.99421,	N(5) = 1,	N(6) = 0.00579226,	N(7) = 1,	N(8) = 1,	N(9) = 0.00579226,	N(10) = 0.00404413,	N(11) = 0.00579226,	N(12) = 1.99421,	N(13) = 1,	N(14) = 0.00579226,	N(15) = 1,	Delta[s](0) = 0.230511,	Delta[s](1) = 0.223011,	Delta[s](2) = 0.189663,	Delta[s](3) = 0.223011,	Delta[s](4) = 0.223011,	Delta[s](5) = 0.189663,	Delta[s](6) = 0.182774,	Delta[s](7) = 0.189663,	Delta[s](8) = 0.189663,	Delta[s](9) = 0.182774,	Delta[s](10) = 0.129519,	Delta[s](11) = 0.182774,	Delta[s](12) = 0.223011,	Delta[s](13) = 0.189663,	Delta[s](14) = 0.182774,	Delta[s](15) = 0.189663,	Delta[d](0) = 0.577083,	Delta[d](1) = 0.366168,	Delta[d](2) = 0.319331,	Delta[d](3) = 0.366168,	Delta[d](4) = 0.366168,	Delta[d](5) = 0.362709,	Delta[d](6) = 0.279543,	Delta[d](7) = 0.362709,	Delta[d](8) = 0.319331,	Delta[d](9) = 0.279543,	Delta[d](10) = 0.155004,	Delta[d](11) = 0.279543,	Delta[d](12) = 0.366168,	Delta[d](13) = 0.362709,	Delta[d](14) = 0.279543,	Delta[d](15) = 0.362709,	Delta[s+](0) = 0.573128,	Delta[s+](1) = 0.468747,	Delta[s+](2) = 0.319331,	Delta[s+](3) = 0.468747,	Delta[s+](4) = 0.468747,	Delta[s+](5) = 0.319331,	Delta[s+](6) = 0.169357,	Delta[s+](7) = 0.319331,	Delta[s+](8) = 0.319331,	Delta[s+](9) = 0.169357,	Delta[s+](10) = 0.0615052,	Delta[s+](11) = 0.169357,	Delta[s+](12) = 0.468747,	Delta[s+](13) = 0.319331,	Delta[s+](14) = 0.169357,	Delta[s+](15) = 0.319331
The 10-th iteration is completed.	|| time cost : 0h 5m 41.754s
********************************************************************************************************************
Start the 11 rounds of NGS-ED iteration
	effective electronic model is modified as: kinetic energy t = 0.770982
	                                           effective interaction Vq = [-3.49999,-3.30847,-3.01898,-3.30847,-3.30847,-3.01898,-3.07986,-3.01898,-3.01898,-3.07986,-2.93293,-3.07986,-3.30847,-3.01898,-3.07986,-3.01898]
	PARPACK diagonalization completed after 30 matrix-vector product operations.
	iteration results: : total energy is -72.186943 | electron energy -72.515188 + phonon energy 0.328245 | electron momentum kIdx = 0
The 11-th iteration is completed.	|| time cost : 0h 0m 36.274s
********************************************************************************************************************
Start the 12 rounds of NGS-ED iteration
	effective electronic model is modified as: kinetic energy t = 0.770844
	                                           effective interaction Vq = [    -3.5,-3.30912, -3.0194,-3.30912,-3.30912, -3.0194,-3.08071, -3.0194, -3.0194,-3.08071,-2.93345,-3.08071,-3.30912, -3.0194,-3.08071, -3.0194]
	PARPACK diagonalization completed after 30 matrix-vector product operations.
	iteration results: : total energy is -72.187002 | electron energy -72.515887 + phonon energy 0.328885 | electron momentum kIdx = 0
The 12-th iteration is completed.	|| time cost : 0h 0m 36.151s
********************************************************************************************************************
Start the 13 rounds of NGS-ED iteration
	effective electronic model is modified as: kinetic energy t = 0.770757
	                                           effective interaction Vq = [    -3.5,-3.30953,-3.01966,-3.30953,-3.30953,-3.01966,-3.08125,-3.01966,-3.01966,-3.08125,-2.93377,-3.08125,-3.30953,-3.01966,-3.08125,-3.01966]
	PARPACK diagonalization completed after 30 matrix-vector product operations.
	iteration results: : total energy is -72.187024 | electron energy -72.516315 + phonon energy 0.329291 | electron momentum kIdx = 0
The 13-th iteration is completed.	|| time cost : 0h 0m 36.102s
********************************************************************************************************************
Start the 14 rounds of NGS-ED iteration
	effective electronic model is modified as: kinetic energy t = 0.770702
	                                           effective interaction Vq = [    -3.5,-3.30979,-3.01982,-3.30979,-3.30979,-3.01982, -3.0816,-3.01982,-3.01982, -3.0816,-2.93397, -3.0816,-3.30979,-3.01982, -3.0816,-3.01982]
	PARPACK diagonalization completed after 30 matrix-vector product operations.
	iteration results: : total energy is -72.187032 | electron energy -72.516581 + phonon energy 0.329549 | electron momentum kIdx = 0
The 14-th iteration is completed.	|| time cost : 0h 0m 36.131s
********************************************************************************************************************
Start the 15 rounds of NGS-ED iteration
	effective electronic model is modified as: kinetic energy t = 0.770666
	                                           effective interaction Vq = [    -3.5,-3.30996,-3.01992,-3.30996,-3.30996,-3.01992,-3.08183,-3.01992,-3.01992,-3.08183,-2.93409,-3.08183,-3.30996,-3.01992,-3.08183,-3.01992]
	PARPACK diagonalization completed after 30 matrix-vector product operations.
	iteration results: : total energy is -72.187035 | electron energy -72.516748 + phonon energy 0.329713 | electron momentum kIdx = 0
The 15-th iteration is completed.	|| time cost : 0h 0m 36.112s
********************************************************************************************************************
Start the 16 rounds of NGS-ED iteration
	effective electronic model is modified as: kinetic energy t = 0.770644
	                                           effective interaction Vq = [    -3.5,-3.31006,-3.01998,-3.31006,-3.31006,-3.01998,-3.08197,-3.01998,-3.01998,-3.08197,-2.93417,-3.08197,-3.31006,-3.01998,-3.08197,-3.01998]
	PARPACK diagonalization completed after 30 matrix-vector product operations.
	iteration results: : total energy is -72.187037 | electron energy -72.516853 + phonon energy 0.329817 | electron momentum kIdx = 0
The 16-th iteration is completed.	|| time cost : 0h 0m 36.139s
********************************************************************************************************************
Start the 17 rounds of NGS-ED iteration
	effective electronic model is modified as: kinetic energy t = 0.77063
	                                           effective interaction Vq = [    -3.5,-3.31013,-3.02002,-3.31013,-3.31013,-3.02002,-3.08207,-3.02002,-3.02002,-3.08207,-2.93422,-3.08207,-3.31013,-3.02002,-3.08207,-3.02002]
	PARPACK diagonalization completed after 30 matrix-vector product operations.
	iteration results: : total energy is -72.187037 | electron energy -72.516920 + phonon energy 0.329883 | electron momentum kIdx = 0
The 17-th iteration is completed.	|| time cost : 0h 0m 36.181s
********************************************************************************************************************
Start the 18 rounds of NGS-ED iteration
	effective electronic model is modified as: kinetic energy t = 0.770621
	                                           effective interaction Vq = [    -3.5,-3.31017,-3.02005,-3.31017,-3.31017,-3.02005,-3.08212,-3.02005,-3.02005,-3.08212,-2.93425,-3.08212,-3.31017,-3.02005,-3.08212,-3.02005]
	PARPACK diagonalization completed after 30 matrix-vector product operations.
	iteration results: : total energy is -72.187037 | electron energy -72.516962 + phonon energy 0.329925 | electron momentum kIdx = 0
The 18-th iteration is completed.	|| time cost : 0h 0m 36.161s
********************************************************************************************************************
Start the 19 rounds of NGS-ED iteration
	effective electronic model is modified as: kinetic energy t = 0.770616
	                                           effective interaction Vq = [    -3.5, -3.3102,-3.02006, -3.3102, -3.3102,-3.02006,-3.08216,-3.02006,-3.02006,-3.08216,-2.93427,-3.08216, -3.3102,-3.02006,-3.08216,-3.02006]
	PARPACK diagonalization completed after 30 matrix-vector product operations.
	iteration results: : total energy is -72.187037 | electron energy -72.516989 + phonon energy 0.329952 | electron momentum kIdx = 0
The 19-th iteration is completed.	|| time cost : 0h 0m 36.256s
********************************************************************************************************************
Start the 20 rounds of NGS-ED iteration
	effective electronic model is modified as: kinetic energy t = 0.770612
	                                           effective interaction Vq = [    -3.5,-3.31021,-3.02007,-3.31021,-3.31021,-3.02007,-3.08219,-3.02007,-3.02007,-3.08219,-2.93428,-3.08219,-3.31021,-3.02007,-3.08219,-3.02007]
	PARPACK diagonalization completed after 30 matrix-vector product operations.
	iteration results: : total energy is -72.187037 | electron energy -72.517006 + phonon energy 0.329969 | electron momentum kIdx = 0
	Nq(0) = 16,	Nq(1) = 0.347392,	Nq(2) = 0.349082,	Nq(3) = 0.347392,	Nq(4) = 0.347392,	Nq(5) = 0.349082,	Nq(6) = 0.54966,	Nq(7) = 0.349082,	Nq(8) = 0.349082,	Nq(9) = 0.54966,	Nq(10) = 0.566129,	Nq(11) = 0.54966,	Nq(12) = 0.347392,	Nq(13) = 0.349082,	Nq(14) = 0.54966,	Nq(15) = 0.349082,	Sq(0) = -4.00978e-18,	Sq(1) = 0.390377,	Sq(2) = 0.568381,	Sq(3) = 0.390377,	Sq(4) = 0.390377,	Sq(5) = 0.568381,	Sq(6) = 0.662124,	Sq(7) = 0.568381,	Sq(8) = 0.568381,	Sq(9) = 0.662124,	Sq(10) = 2.13089,	Sq(11) = 0.662124,	Sq(12) = 0.390377,	Sq(13) = 0.568381,	Sq(14) = 0.662124,	Sq(15) = 0.568381,	N(0) = 1.996,	N(1) = 1.99431,	N(2) = 1,	N(3) = 1.99431,	N(4) = 1.99431,	N(5) = 1,	N(6) = 0.00568504,	N(7) = 1,	N(8) = 1,	N(9) = 0.00568504,	N(10) = 0.00399712,	N(11) = 0.00568504,	N(12) = 1.99431,	N(13) = 1,	N(14) = 0.00568504,	N(15) = 1,	Delta[s](0) = 0.230645,	Delta[s](1) = 0.223201,	Delta[s](2) = 0.189852,	Delta[s](3) = 0.223201,	Delta[s](4) = 0.223201,	Delta[s](5) = 0.189852,	Delta[s](6) = 0.183014,	Delta[s](7) = 0.189852,	Delta[s](8) = 0.189852,	Delta[s](9) = 0.183014,	Delta[s](10) = 0.129798,	Delta[s](11) = 0.183014,	Delta[s](12) = 0.223201,	Delta[s](13) = 0.189852,	Delta[s](14) = 0.183014,	Delta[s](15) = 0.189852,	Delta[d](0) = 0.577106,	Delta[d](1) = 0.366219,	Delta[d](2) = 0.319417,	Delta[d](3) = 0.366219,	Delta[d](4) = 0.366219,	Delta[d](5) = 0.362831,	Delta[d](6) = 0.279683,	Delta[d](7) = 0.362831,	Delta[d](8) = 0.319417,	Delta[d](9) = 0.279683,	Delta[d](10) = 0.15522,	Delta[d](11) = 0.279683,	Delta[d](12) = 0.366219,	Delta[d](13) = 0.362831,	Delta[d](14) = 0.279683,	Delta[d](15) = 0.362831,	Delta[s+](0) = 0.573118,	Delta[s+](1) = 0.468768,	Delta[s+](2) = 0.319417,	Delta[s+](3) = 0.468768,	Delta[s+](4) = 0.468768,	Delta[s+](5) = 0.319417,	Delta[s+](6) = 0.169466,	Delta[s+](7) = 0.319417,	Delta[s+](8) = 0.319417,	Delta[s+](9) = 0.169466,	Delta[s+](10) = 0.0616356,	Delta[s+](11) = 0.169466,	Delta[s+](12) = 0.468768,	Delta[s+](13) = 0.319417,	Delta[s+](14) = 0.169466,	Delta[s+](15) = 0.319417
The 20-th iteration is completed.	|| time cost : 0h 5m 39.876s
********************************************************************************************************************
Start the 21 rounds of NGS-ED iteration
	effective electronic model is modified as: kinetic energy t = 0.77061
	                                           effective interaction Vq = [    -3.5,-3.31022,-3.02008,-3.31022,-3.31022,-3.02008, -3.0822,-3.02008,-3.02008, -3.0822,-2.93429, -3.0822,-3.31022,-3.02008, -3.0822,-3.02008]
	PARPACK diagonalization completed after 30 matrix-vector product operations.
	iteration results: : total energy is -72.187037 | electron energy -72.517017 + phonon energy 0.329980 | electron momentum kIdx = 0
The 21-th iteration is completed.	|| time cost : 0h 0m 36.17s
********************************************************************************************************************
Start the 22 rounds of NGS-ED iteration
	effective electronic model is modified as: kinetic energy t = 0.770608
	                                           effective interaction Vq = [    -3.5,-3.31023,-3.02008,-3.31023,-3.31023,-3.02008,-3.08221,-3.02008,-3.02008,-3.08221,-2.93429,-3.08221,-3.31023,-3.02008,-3.08221,-3.02008]
	PARPACK diagonalization completed after 30 matrix-vector product operations.
	iteration results: : total energy is -72.187037 | electron energy -72.517024 + phonon energy 0.329987 | electron momentum kIdx = 0
The 22-th iteration is completed.	|| time cost : 0h 0m 36.226s
********************************************************************************************************************
Start the 23 rounds of NGS-ED iteration
	effective electronic model is modified as: kinetic energy t = 0.770607
	                                           effective interaction Vq = [    -3.5,-3.31023,-3.02008,-3.31023,-3.31023,-3.02008,-3.08222,-3.02008,-3.02008,-3.08222, -2.9343,-3.08222,-3.31023,-3.02008,-3.08222,-3.02008]
	PARPACK diagonalization completed after 30 matrix-vector product operations.
	iteration results: : total energy is -72.187037 | electron energy -72.517028 + phonon energy 0.329991 | electron momentum kIdx = 0
The 23-th iteration is completed.	|| time cost : 0h 0m 36.231s
********************************************************************************************************************
Start the 24 rounds of NGS-ED iteration
	effective electronic model is modified as: kinetic energy t = 0.770607
	                                           effective interaction Vq = [    -3.5,-3.31024,-3.02008,-3.31024,-3.31024,-3.02008,-3.08222,-3.02008,-3.02008,-3.08222, -2.9343,-3.08222,-3.31024,-3.02008,-3.08222,-3.02008]
	PARPACK diagonalization completed after 30 matrix-vector product operations.
	iteration results: : total energy is -72.187037 | electron energy -72.517031 + phonon energy 0.329994 | electron momentum kIdx = 0
The 24-th iteration is completed.	|| time cost : 0h 0m 36.266s
