SNEDics v3.4 Non-Gaussian ED ground state program		Start at Mon Feb 24 12:25:07 2020

parallized on 16 MPI threads  * 8 OpenMP threads = 128 total threads.
********************************************************************************************************************
********************************************************************************************************************

********************************************************************************************************************
System parameters and configurations
********************************************************************************************************************
Special program options are enabled: splitted diagonal Hamiltonian
********************************************************************************************************************
Read input file "model_params.in"
	Hubbard-Holstein model parameters : 	t = 1    U = 8    g = 4.3359    W = 4    
********************************************************************************************************************
Read input file "hilbertspace_params.in"
	Requested 16-site 2D lattice, with 16 electrons (8, 8)
	Boundary : Periodic		Hilbert space representation : momentum-space (restricted to kIdx = 0)
	Conservation: particle number[U(1)]      spin[U(1)]     momentum
********************************************************************************************************************

Cluster Positions:				Cluster symmetry group : D4
 x ... x ... x ... x .....                       x ... x ... x ... x .....
 |           |           :                       |           |           :
 |           |           :                       |           |           :
12    13    14    15     x                       1     5     6     5     x
 |           |           :                       |           |           :
 |           |           :                       |           |           :
 8 --- 9 ---10 ---11 --- x                       2 --- 6 ---10 --- 6 --- x
 |           |           :                       |           |           :
 |           |           :                       |           |           :
 4     5     6     7     x                       1     5     6     5     x
 |           |           :                       |           |           :
 |           |           :                       |           |           :
 0 --- 1 --- 2 --- 3 --- x                       0 --- 1 --- 2 --- 1 --- x
orbital number : 1
********************************************************************************************************************
Read input file "obs_params.in"
	Observable Type : Nq(All),   Sq(All),   N(All),   Delta[s](All),   Delta[d](All),   Delta[s+](All)
********************************************************************************************************************
** WARNING ** the input observables have non-local factors which have been reinterpreted. The total observable number is 96
********************************************************************************************************************


********************************************************************************************************************
Start calculating the non-Gaussian ED ground state
** WARNING ** Detected low phonon energy W < 10. The initial state will be prepared through a warm-up process.
********************************************************************************************************************
Start warm-up calculation for scaling factor 4
open output files: NGSEDWarmUpW16Obs.txt
********************************************************************************************************************
Start the 0 rounds of NGS-ED iteration
	effective electronic model is modified as: kinetic energy t = 1
	                                           effective interaction Vq = [-0,-0,-0,-0,-0,-0,-0,-0,-0,-0,-0,-0,-0,-0,-0,-0]
	first Hamiltonian is constructed, non-zero numbers = 2845383612
	PARPACK diagonalization completed after 105 matrix-vector product operations.
	iteration results: : total energy is -8.468875 | electron energy -8.468875 + phonon energy 0.000000 | electron momentum kIdx = 0
	Nq(0) = 16,	Nq(1) = 0.0625034,	Nq(2) = 0.109912,	Nq(3) = 0.0625034,	Nq(4) = 0.0625034,	Nq(5) = 0.109912,	Nq(6) = 0.152438,	Nq(7) = 0.109912,	Nq(8) = 0.109912,	Nq(9) = 0.152438,	Nq(10) = 0.1925,	Nq(11) = 0.152438,	Nq(12) = 0.0625034,	Nq(13) = 0.109912,	Nq(14) = 0.152438,	Nq(15) = 0.109912,	Sq(0) = 1.02167e-18,	Sq(1) = 0.412873,	Sq(2) = 0.641315,	Sq(3) = 0.412873,	Sq(4) = 0.412873,	Sq(5) = 0.641315,	Sq(6) = 0.93882,	Sq(7) = 0.641315,	Sq(8) = 0.641315,	Sq(9) = 0.93882,	Sq(10) = 5.0336,	Sq(11) = 0.93882,	Sq(12) = 0.412873,	Sq(13) = 0.641315,	Sq(14) = 0.93882,	Sq(15) = 0.641315,	N(0) = 1.77534,	N(1) = 1.56957,	N(2) = 1,	N(3) = 1.56957,	N(4) = 1.56957,	N(5) = 1,	N(6) = 0.430429,	N(7) = 1,	N(8) = 1,	N(9) = 0.430429,	N(10) = 0.224665,	N(11) = 0.430429,	N(12) = 1.56957,	N(13) = 1,	N(14) = 0.430429,	N(15) = 1,	Delta[s](0) = 0.0815262,	Delta[s](1) = 0.0683851,	Delta[s](2) = 0.0544421,	Delta[s](3) = 0.0683851,	Delta[s](4) = 0.0683851,	Delta[s](5) = 0.0544421,	Delta[s](6) = 0.0389137,	Delta[s](7) = 0.0544421,	Delta[s](8) = 0.0544421,	Delta[s](9) = 0.0389137,	Delta[s](10) = 0.0184934,	Delta[s](11) = 0.0389137,	Delta[s](12) = 0.0683851,	Delta[s](13) = 0.0544421,	Delta[s](14) = 0.0389137,	Delta[s](15) = 0.0544421,	Delta[d](0) = 0.588903,	Delta[d](1) = 0.454077,	Delta[d](2) = 0.344438,	Delta[d](3) = 0.454077,	Delta[d](4) = 0.454077,	Delta[d](5) = 0.350534,	Delta[d](6) = 0.243926,	Delta[d](7) = 0.350534,	Delta[d](8) = 0.344438,	Delta[d](9) = 0.243926,	Delta[d](10) = 0.126928,	Delta[d](11) = 0.243926,	Delta[d](12) = 0.454077,	Delta[d](13) = 0.350534,	Delta[d](14) = 0.243926,	Delta[d](15) = 0.350534,	Delta[s+](0) = 0.613773,	Delta[s+](1) = 0.48615,	Delta[s+](2) = 0.344438,	Delta[s+](3) = 0.48615,	Delta[s+](4) = 0.48615,	Delta[s+](5) = 0.344438,	Delta[s+](6) = 0.204784,	Delta[s+](7) = 0.344438,	Delta[s+](8) = 0.344438,	Delta[s+](9) = 0.204784,	Delta[s+](10) = 0.0794821,	Delta[s+](11) = 0.204784,	Delta[s+](12) = 0.48615,	Delta[s+](13) = 0.344438,	Delta[s+](14) = 0.204784,	Delta[s+](15) = 0.344438
The 0-th iteration is completed.	|| time cost : 0h 8m 18.069s
********************************************************************************************************************
Start the 1 rounds of NGS-ED iteration
	effective electronic model is modified as: kinetic energy t = 0.899668
	                                           effective interaction Vq = [-4.50842,-4.04205,-3.97621,-4.04205,-4.04205,-3.97621,-3.93279,-3.97621,-3.97621,-3.93279,-3.90147,-3.93279,-4.04205,-3.97621,-3.93279,-3.97621]
	PARPACK diagonalization completed after 75 matrix-vector product operations.
	iteration results: : total energy is -93.503932 | electron energy -93.509856 + phonon energy 0.005924 | electron momentum kIdx = 0
The 1-th iteration is completed.	|| time cost : 0h 7m 22.759s
********************************************************************************************************************
Start the 2 rounds of NGS-ED iteration
	effective electronic model is modified as: kinetic energy t = 0.831176
	                                           effective interaction Vq = [-4.69219, -4.6073,-4.50777, -4.6073, -4.6073,-4.50777,-4.52426,-4.50777,-4.50777,-4.52426,-4.45978,-4.52426, -4.6073,-4.50777,-4.52426,-4.50777]
	PARPACK diagonalization completed after 75 matrix-vector product operations.
	iteration results: : total energy is -100.036398 | electron energy -100.090025 + phonon energy 0.053628 | electron momentum kIdx = 0
The 2-th iteration is completed.	|| time cost : 0h 0m 42.314s
********************************************************************************************************************
Start the 3 rounds of NGS-ED iteration
	effective electronic model is modified as: kinetic energy t = 0.803362
	                                           effective interaction Vq = [-4.69968,-4.66392,-4.64619,-4.66392,-4.66392,-4.64619,-4.60783,-4.64619,-4.64619,-4.60783,-4.61736,-4.60783,-4.66392,-4.64619,-4.60783,-4.64619]
	PARPACK diagonalization completed after 45 matrix-vector product operations.
	iteration results: : total energy is -100.629876 | electron energy -100.707294 + phonon energy 0.077418 | electron momentum kIdx = 0
The 3-th iteration is completed.	|| time cost : 0h 0m 32.715s
********************************************************************************************************************
Start the 4 rounds of NGS-ED iteration
	effective electronic model is modified as: kinetic energy t = 0.797301
	                                           effective interaction Vq = [-4.69999,-4.67091, -4.6612,-4.67091,-4.67091, -4.6612,-4.62056, -4.6612, -4.6612,-4.62056,-4.65959,-4.62056,-4.67091, -4.6612,-4.62056, -4.6612]
	PARPACK diagonalization completed after 45 matrix-vector product operations.
	iteration results: : total energy is -100.677035 | electron energy -100.761539 + phonon energy 0.084505 | electron momentum kIdx = 0
The 4-th iteration is completed.	|| time cost : 0h 0m 32.667s
********************************************************************************************************************
Start the 5 rounds of NGS-ED iteration
	effective electronic model is modified as: kinetic energy t = 0.798045
	                                           effective interaction Vq = [    -4.7,-4.66953,-4.64776,-4.66953,-4.66953,-4.64776,-4.61864,-4.64776,-4.64776,-4.61864,-4.68543,-4.61864,-4.66953,-4.64776,-4.61864,-4.64776]
	PARPACK diagonalization completed after 45 matrix-vector product operations.
	iteration results: : total energy is -100.738512 | electron energy -100.824477 + phonon energy 0.085965 | electron momentum kIdx = 0
The 5-th iteration is completed.	|| time cost : 0h 0m 32.622s
********************************************************************************************************************
Start the 6 rounds of NGS-ED iteration
	effective electronic model is modified as: kinetic energy t = 0.803726
	                                           effective interaction Vq = [    -4.7,-4.66307,-4.60807,-4.66307,-4.66307,-4.60807, -4.6083,-4.60807,-4.60807, -4.6083,-4.69377, -4.6083,-4.66307,-4.60807, -4.6083,-4.60807]
	PARPACK diagonalization completed after 45 matrix-vector product operations.
	iteration results: : total energy is -100.779296 | electron energy -100.863247 + phonon energy 0.083951 | electron momentum kIdx = 0
The 6-th iteration is completed.	|| time cost : 0h 0m 32.696s
********************************************************************************************************************
Start the 7 rounds of NGS-ED iteration
	effective electronic model is modified as: kinetic energy t = 0.806444
	                                           effective interaction Vq = [    -4.7,-4.65902,-4.58802,-4.65902,-4.65902,-4.58802,-4.60207,-4.58802,-4.58802,-4.60207, -4.6954,-4.60207,-4.65902,-4.58802,-4.60207,-4.58802]
	PARPACK diagonalization completed after 45 matrix-vector product operations.
	iteration results: : total energy is -100.784762 | electron energy -100.867164 + phonon energy 0.082403 | electron momentum kIdx = 0
The 7-th iteration is completed.	|| time cost : 0h 0m 32.624s
********************************************************************************************************************
Start the 8 rounds of NGS-ED iteration
	effective electronic model is modified as: kinetic energy t = 0.807277
	                                           effective interaction Vq = [    -4.7,-4.65748,-4.58212,-4.65748,-4.65748,-4.58212,-4.59973,-4.58212,-4.58212,-4.59973,-4.69576,-4.59973,-4.65748,-4.58212,-4.59973,-4.58212]
	PARPACK diagonalization completed after 30 matrix-vector product operations.
	iteration results: : total energy is -100.785196 | electron energy -100.866983 + phonon energy 0.081787 | electron momentum kIdx = 0
The 8-th iteration is completed.	|| time cost : 0h 0m 27.736s
********************************************************************************************************************
Start the 9 rounds of NGS-ED iteration
	effective electronic model is modified as: kinetic energy t = 0.807516
	                                           effective interaction Vq = [    -4.7,-4.65698,-4.58054,-4.65698,-4.65698,-4.58054,-4.59896,-4.58054,-4.58054,-4.59896,-4.69584,-4.59896,-4.65698,-4.58054,-4.59896,-4.58054]
	PARPACK diagonalization completed after 30 matrix-vector product operations.
	iteration results: : total energy is -100.785228 | electron energy -100.866820 + phonon energy 0.081591 | electron momentum kIdx = 0
The 9-th iteration is completed.	|| time cost : 0h 0m 27.833s
********************************************************************************************************************
Start the 10 rounds of NGS-ED iteration
	effective electronic model is modified as: kinetic energy t = 0.807584
	                                           effective interaction Vq = [    -4.7,-4.65683,-4.58013,-4.65683,-4.65683,-4.58013,-4.59872,-4.58013,-4.58013,-4.59872,-4.69586,-4.59872,-4.65683,-4.58013,-4.59872,-4.58013]
	PARPACK diagonalization completed after 30 matrix-vector product operations.
	iteration results: : total energy is -100.785231 | electron energy -100.866764 + phonon energy 0.081533 | electron momentum kIdx = 0
	Nq(0) = 16,	Nq(1) = 0.34155,	Nq(2) = 0.376348,	Nq(3) = 0.34155,	Nq(4) = 0.34155,	Nq(5) = 0.376348,	Nq(6) = 0.614107,	Nq(7) = 0.376348,	Nq(8) = 0.376348,	Nq(9) = 0.614107,	Nq(10) = 4.47569,	Nq(11) = 0.614107,	Nq(12) = 0.34155,	Nq(13) = 0.376348,	Nq(14) = 0.614107,	Nq(15) = 0.376348,	Sq(0) = 4.69698e-18,	Sq(1) = 0.264951,	Sq(2) = 0.323739,	Sq(3) = 0.264951,	Sq(4) = 0.264951,	Sq(5) = 0.323739,	Sq(6) = 0.475928,	Sq(7) = 0.323739,	Sq(8) = 0.323739,	Sq(9) = 0.475928,	Sq(10) = 0.537641,	Sq(11) = 0.475928,	Sq(12) = 0.264951,	Sq(13) = 0.323739,	Sq(14) = 0.475928,	Sq(15) = 0.323739,	N(0) = 1.98735,	N(1) = 1.96703,	N(2) = 1,	N(3) = 1.96703,	N(4) = 1.96703,	N(5) = 1,	N(6) = 0.0329709,	N(7) = 1,	N(8) = 1,	N(9) = 0.0329709,	N(10) = 0.0126531,	N(11) = 0.0329709,	N(12) = 1.96703,	N(13) = 1,	N(14) = 0.0329709,	N(15) = 1,	Delta[s](0) = 0.474795,	Delta[s](1) = 0.348195,	Delta[s](2) = 0.336653,	Delta[s](3) = 0.348195,	Delta[s](4) = 0.348195,	Delta[s](5) = 0.336653,	Delta[s](6) = 0.284499,	Delta[s](7) = 0.336653,	Delta[s](8) = 0.336653,	Delta[s](9) = 0.284499,	Delta[s](10) = 0.252713,	Delta[s](11) = 0.284499,	Delta[s](12) = 0.348195,	Delta[s](13) = 0.336653,	Delta[s](14) = 0.284499,	Delta[s](15) = 0.336653,	Delta[d](0) = 0.224456,	Delta[d](1) = 0.220615,	Delta[d](2) = 0.21755,	Delta[d](3) = 0.220615,	Delta[d](4) = 0.220615,	Delta[d](5) = 0.145698,	Delta[d](6) = 0.181261,	Delta[d](7) = 0.145698,	Delta[d](8) = 0.21755,	Delta[d](9) = 0.181261,	Delta[d](10) = 0.0669331,	Delta[d](11) = 0.181261,	Delta[d](12) = 0.220615,	Delta[d](13) = 0.145698,	Delta[d](14) = 0.181261,	Delta[d](15) = 0.145698,	Delta[s+](0) = 0.414375,	Delta[s+](1) = 0.331519,	Delta[s+](2) = 0.21755,	Delta[s+](3) = 0.331519,	Delta[s+](4) = 0.331519,	Delta[s+](5) = 0.21755,	Delta[s+](6) = 0.102281,	Delta[s+](7) = 0.21755,	Delta[s+](8) = 0.21755,	Delta[s+](9) = 0.102281,	Delta[s+](10) = 0.0373464,	Delta[s+](11) = 0.102281,	Delta[s+](12) = 0.331519,	Delta[s+](13) = 0.21755,	Delta[s+](14) = 0.102281,	Delta[s+](15) = 0.21755
The 10-th iteration is completed.	|| time cost : 0h 4m 45.462s
********************************************************************************************************************
********************************************************************************************************************
Ground state is obtained after 11 iterations. The current ground-state energy is -100.785, in which electron energy is -100.867 and phonon energy is 0.0815334
final variational state is: 
	Gamma_x = [      1,1.01755,1.03013,1.01755,1.01755,1.03013,1.04623,1.03013,1.03013,1.04623,1.07849,1.04623,1.01755,1.03013,1.04623,1.03013]
	lambda_q = [0.541987,0.490016, 0.45539,0.490016,0.490016, 0.45539,0.462399, 0.45539, 0.45539,0.462399,0.525919,0.462399,0.490016, 0.45539,0.462399, 0.45539]
********************************************************************************************************************
o___o  ----------------------------------------
| L |	Time since last clock: 0h 0m 0s
A===A	Time since the beginning: 0h 24m 47.502s
***********************************************

********************************************************************************************************************
Start warm-up calculation for scaling factor 2
open output files: NGSEDWarmUpW8Obs.txt
********************************************************************************************************************
Start the 0 rounds of NGS-ED iteration
	effective electronic model is modified as: kinetic energy t = 0.807603
	                                           effective interaction Vq = [ -4.2968,-4.08852,-3.92576,-4.08852,-4.08852,-3.92576,-3.96025,-3.92576,-3.92576,-3.96025,-4.23702,-3.96025,-4.08852,-3.92576,-3.96025,-3.92576]
	PARPACK diagonalization completed after 45 matrix-vector product operations.
	iteration results: : total energy is -88.748163 | electron energy -88.788922 + phonon energy 0.040758 | electron momentum kIdx = 0
	Nq(0) = 16,	Nq(1) = 0.338345,	Nq(2) = 0.355353,	Nq(3) = 0.338345,	Nq(4) = 0.338345,	Nq(5) = 0.355353,	Nq(6) = 0.566398,	Nq(7) = 0.355353,	Nq(8) = 0.355353,	Nq(9) = 0.566398,	Nq(10) = 3.85432,	Nq(11) = 0.566398,	Nq(12) = 0.338345,	Nq(13) = 0.355353,	Nq(14) = 0.566398,	Nq(15) = 0.355353,	Sq(0) = 4.80297e-18,	Sq(1) = 0.327177,	Sq(2) = 0.361059,	Sq(3) = 0.327177,	Sq(4) = 0.327177,	Sq(5) = 0.361059,	Sq(6) = 0.575889,	Sq(7) = 0.361059,	Sq(8) = 0.361059,	Sq(9) = 0.575889,	Sq(10) = 0.615973,	Sq(11) = 0.575889,	Sq(12) = 0.327177,	Sq(13) = 0.361059,	Sq(14) = 0.575889,	Sq(15) = 0.361059,	N(0) = 1.99705,	N(1) = 1.99161,	N(2) = 1,	N(3) = 1.99161,	N(4) = 1.99161,	N(5) = 1,	N(6) = 0.00838793,	N(7) = 1,	N(8) = 1,	N(9) = 0.00838793,	N(10) = 0.0029453,	N(11) = 0.00838793,	N(12) = 1.99161,	N(13) = 1,	N(14) = 0.00838793,	N(15) = 1,	Delta[s](0) = 0.365439,	Delta[s](1) = 0.312407,	Delta[s](2) = 0.306253,	Delta[s](3) = 0.312407,	Delta[s](4) = 0.312407,	Delta[s](5) = 0.306253,	Delta[s](6) = 0.271385,	Delta[s](7) = 0.306253,	Delta[s](8) = 0.306253,	Delta[s](9) = 0.271385,	Delta[s](10) = 0.264583,	Delta[s](11) = 0.271385,	Delta[s](12) = 0.312407,	Delta[s](13) = 0.306253,	Delta[s](14) = 0.271385,	Delta[s](15) = 0.306253,	Delta[d](0) = 0.235931,	Delta[d](1) = 0.241847,	Delta[d](2) = 0.239955,	Delta[d](3) = 0.241847,	Delta[d](4) = 0.241847,	Delta[d](5) = 0.160287,	Delta[d](6) = 0.202062,	Delta[d](7) = 0.160287,	Delta[d](8) = 0.239955,	Delta[d](9) = 0.202062,	Delta[d](10) = 0.0846533,	Delta[d](11) = 0.202062,	Delta[d](12) = 0.241847,	Delta[d](13) = 0.160287,	Delta[d](14) = 0.202062,	Delta[d](15) = 0.160287,	Delta[s+](0) = 0.46125,	Delta[s+](1) = 0.36307,	Delta[s+](2) = 0.239955,	Delta[s+](3) = 0.36307,	Delta[s+](4) = 0.36307,	Delta[s+](5) = 0.239955,	Delta[s+](6) = 0.118515,	Delta[s+](7) = 0.239955,	Delta[s+](8) = 0.239955,	Delta[s+](9) = 0.118515,	Delta[s+](10) = 0.0483353,	Delta[s+](11) = 0.118515,	Delta[s+](12) = 0.36307,	Delta[s+](13) = 0.239955,	Delta[s+](14) = 0.118515,	Delta[s+](15) = 0.239955
The 0-th iteration is completed.	|| time cost : 0h 4m 28.14s
********************************************************************************************************************
Start the 1 rounds of NGS-ED iteration
	effective electronic model is modified as: kinetic energy t = 0.756643
	                                           effective interaction Vq = [ -4.6186,-4.42617,-4.22461,-4.42617,-4.42617,-4.22461,-4.26766,-4.22461,-4.22461,-4.26766,-4.58346,-4.26766,-4.42617,-4.22461,-4.26766,-4.22461]
	PARPACK diagonalization completed after 45 matrix-vector product operations.
	iteration results: : total energy is -95.844537 | electron energy -96.022571 + phonon energy 0.178034 | electron momentum kIdx = 0
The 1-th iteration is completed.	|| time cost : 0h 0m 32.717s
********************************************************************************************************************
Start the 2 rounds of NGS-ED iteration
	effective electronic model is modified as: kinetic energy t = 0.736633
	                                           effective interaction Vq = [-4.68356,-4.50926,-4.31831,-4.50926,-4.50926,-4.31831,-4.35757,-4.31831,-4.31831,-4.35757,-4.66683,-4.35757,-4.50926,-4.31831,-4.35757,-4.31831]
	PARPACK diagonalization completed after 30 matrix-vector product operations.
	iteration results: : total energy is -97.275085 | electron energy -97.523477 + phonon energy 0.248392 | electron momentum kIdx = 0
The 2-th iteration is completed.	|| time cost : 0h 0m 27.851s
********************************************************************************************************************
Start the 3 rounds of NGS-ED iteration
	effective electronic model is modified as: kinetic energy t = 0.729053
	                                           effective interaction Vq = [-4.69668,-4.53334, -4.3512,-4.53334,-4.53334, -4.3512,-4.38731, -4.3512, -4.3512,-4.38731,-4.68638,-4.38731,-4.53334, -4.3512,-4.38731, -4.3512]
	PARPACK diagonalization completed after 30 matrix-vector product operations.
	iteration results: : total energy is -97.548433 | electron energy -97.824314 + phonon energy 0.275881 | electron momentum kIdx = 0
The 3-th iteration is completed.	|| time cost : 0h 0m 27.743s
********************************************************************************************************************
Start the 4 rounds of NGS-ED iteration
	effective electronic model is modified as: kinetic energy t = 0.725981
	                                           effective interaction Vq = [-4.69933,-4.54214,-4.36447,-4.54214,-4.54214,-4.36447,-4.39926,-4.36447,-4.36447,-4.39926,-4.69162,-4.39926,-4.54214,-4.36447,-4.39926,-4.36447]
	PARPACK diagonalization completed after 30 matrix-vector product operations.
	iteration results: : total energy is -97.600370 | electron energy -97.887399 + phonon energy 0.287029 | electron momentum kIdx = 0
The 4-th iteration is completed.	|| time cost : 0h 0m 27.81s
********************************************************************************************************************
Start the 5 rounds of NGS-ED iteration
	effective electronic model is modified as: kinetic energy t = 0.724648
	                                           effective interaction Vq = [-4.69986,-4.54593,-4.37031,-4.54593,-4.54593,-4.37031,-4.40473,-4.37031,-4.37031,-4.40473,-4.69325,-4.40473,-4.54593,-4.37031,-4.40473,-4.37031]
	PARPACK diagonalization completed after 30 matrix-vector product operations.
	iteration results: : total energy is -97.610361 | electron energy -97.902107 + phonon energy 0.291745 | electron momentum kIdx = 0
The 5-th iteration is completed.	|| time cost : 0h 0m 27.757s
********************************************************************************************************************
Start the 6 rounds of NGS-ED iteration
	effective electronic model is modified as: kinetic energy t = 0.72404
	                                           effective interaction Vq = [-4.69997,-4.54773,-4.37302,-4.54773,-4.54773,-4.37302,-4.40741,-4.37302,-4.37302,-4.40741, -4.6938,-4.40741,-4.54773,-4.37302,-4.40741,-4.37302]
	PARPACK diagonalization completed after 30 matrix-vector product operations.
	iteration results: : total energy is -97.612315 | electron energy -97.906115 + phonon energy 0.293800 | electron momentum kIdx = 0
The 6-th iteration is completed.	|| time cost : 0h 0m 27.778s
********************************************************************************************************************
Start the 7 rounds of NGS-ED iteration
	effective electronic model is modified as: kinetic energy t = 0.72375
	                                           effective interaction Vq = [-4.69999,-4.54863,-4.37432,-4.54863,-4.54863,-4.37432,-4.40879,-4.37432,-4.37432,-4.40879,-4.69399,-4.40879,-4.54863,-4.37432,-4.40879,-4.37432]
	PARPACK diagonalization completed after 30 matrix-vector product operations.
	iteration results: : total energy is -97.612702 | electron energy -97.907426 + phonon energy 0.294724 | electron momentum kIdx = 0
The 7-th iteration is completed.	|| time cost : 0h 0m 27.807s
********************************************************************************************************************
Start the 8 rounds of NGS-ED iteration
	effective electronic model is modified as: kinetic energy t = 0.723608
	                                           effective interaction Vq = [    -4.7, -4.5491,-4.37496, -4.5491, -4.5491,-4.37496,-4.40951,-4.37496,-4.37496,-4.40951,-4.69406,-4.40951, -4.5491,-4.37496,-4.40951,-4.37496]
	PARPACK diagonalization completed after 30 matrix-vector product operations.
	iteration results: : total energy is -97.612780 | electron energy -97.907934 + phonon energy 0.295154 | electron momentum kIdx = 0
	Nq(0) = 16,	Nq(1) = 0.282751,	Nq(2) = 0.336328,	Nq(3) = 0.282751,	Nq(4) = 0.282751,	Nq(5) = 0.336328,	Nq(6) = 0.523851,	Nq(7) = 0.336328,	Nq(8) = 0.336328,	Nq(9) = 0.523851,	Nq(10) = 5.62784,	Nq(11) = 0.523851,	Nq(12) = 0.282751,	Nq(13) = 0.336328,	Nq(14) = 0.523851,	Nq(15) = 0.336328,	Sq(0) = -2.23469e-18,	Sq(1) = 0.238571,	Sq(2) = 0.308462,	Sq(3) = 0.238571,	Sq(4) = 0.238571,	Sq(5) = 0.308462,	Sq(6) = 0.449818,	Sq(7) = 0.308462,	Sq(8) = 0.308462,	Sq(9) = 0.449818,	Sq(10) = 0.523455,	Sq(11) = 0.449818,	Sq(12) = 0.238571,	Sq(13) = 0.308462,	Sq(14) = 0.449818,	Sq(15) = 0.308462,	N(0) = 1.98002,	N(1) = 1.94085,	N(2) = 1,	N(3) = 1.94085,	N(4) = 1.94085,	N(5) = 1,	N(6) = 0.0591489,	N(7) = 1,	N(8) = 1,	N(9) = 0.0591489,	N(10) = 0.0199778,	N(11) = 0.0591489,	N(12) = 1.94085,	N(13) = 1,	N(14) = 0.0591489,	N(15) = 1,	Delta[s](0) = 0.404727,	Delta[s](1) = 0.353587,	Delta[s](2) = 0.342626,	Delta[s](3) = 0.353587,	Delta[s](4) = 0.353587,	Delta[s](5) = 0.342626,	Delta[s](6) = 0.31518,	Delta[s](7) = 0.342626,	Delta[s](8) = 0.342626,	Delta[s](9) = 0.31518,	Delta[s](10) = 0.300555,	Delta[s](11) = 0.31518,	Delta[s](12) = 0.353587,	Delta[s](13) = 0.342626,	Delta[s](14) = 0.31518,	Delta[s](15) = 0.342626,	Delta[d](0) = 0.209783,	Delta[d](1) = 0.201834,	Delta[d](2) = 0.210118,	Delta[d](3) = 0.201834,	Delta[d](4) = 0.201834,	Delta[d](5) = 0.145704,	Delta[d](6) = 0.167764,	Delta[d](7) = 0.145704,	Delta[d](8) = 0.210118,	Delta[d](9) = 0.167764,	Delta[d](10) = 0.081542,	Delta[d](11) = 0.167764,	Delta[d](12) = 0.201834,	Delta[d](13) = 0.145704,	Delta[d](14) = 0.167764,	Delta[d](15) = 0.145704,	Delta[s+](0) = 0.405599,	Delta[s+](1) = 0.316871,	Delta[s+](2) = 0.210118,	Delta[s+](3) = 0.316871,	Delta[s+](4) = 0.316871,	Delta[s+](5) = 0.210118,	Delta[s+](6) = 0.104373,	Delta[s+](7) = 0.210118,	Delta[s+](8) = 0.210118,	Delta[s+](9) = 0.104373,	Delta[s+](10) = 0.0479439,	Delta[s+](11) = 0.104373,	Delta[s+](12) = 0.316871,	Delta[s+](13) = 0.210118,	Delta[s+](14) = 0.104373,	Delta[s+](15) = 0.210118
The 8-th iteration is completed.	|| time cost : 0h 4m 21.56s
********************************************************************************************************************
********************************************************************************************************************
Ground state is obtained after 9 iterations. The current ground-state energy is -97.6128, in which electron energy is -97.9079 and phonon energy is 0.295154
final variational state is: 
	Gamma_x = [      1,1.04998,1.07946,1.04998,1.04998,1.07946,1.12143,1.07946,1.07946,1.12143,1.25132,1.12143,1.04998,1.07946,1.12143,1.07946]
	lambda_q = [0.766318,0.629257,0.565016,0.629257,0.629257,0.565016,0.576057,0.565016,0.565016,0.576057,0.739285,0.576057,0.629257,0.565016,0.576057,0.565016]
********************************************************************************************************************
o___o  ----------------------------------------
| L |	Time since last clock: 0h 0m 0s
A===A	Time since the beginning: 0h 36m 56.67s
***********************************************


********************************************************************************************************************
Warm up runs have been completed. Start calculating W = 4 phonon.
open output files: NGSEDIterationObs.txt
********************************************************************************************************************
Start the 0 rounds of NGS-ED iteration
	effective electronic model is modified as: kinetic energy t = 0.723535
	                                           effective interaction Vq = [-4.29638,-3.87293,-3.62273,-3.87293,-3.87293,-3.62273,-3.66808,-3.62273,-3.62273,-3.66808,-4.22476,-3.66808,-3.87293,-3.62273,-3.66808,-3.62273]
	PARPACK diagonalization completed after 45 matrix-vector product operations.
	iteration results: : total energy is -85.081679 | electron energy -85.229360 + phonon energy 0.147680 | electron momentum kIdx = 0
	Nq(0) = 16,	Nq(1) = 0.290305,	Nq(2) = 0.32522,	Nq(3) = 0.290305,	Nq(4) = 0.290305,	Nq(5) = 0.32522,	Nq(6) = 0.492854,	Nq(7) = 0.32522,	Nq(8) = 0.32522,	Nq(9) = 0.492854,	Nq(10) = 4.73916,	Nq(11) = 0.492854,	Nq(12) = 0.290305,	Nq(13) = 0.32522,	Nq(14) = 0.492854,	Nq(15) = 0.32522,	Sq(0) = 2.88714e-18,	Sq(1) = 0.301957,	Sq(2) = 0.352138,	Sq(3) = 0.301957,	Sq(4) = 0.301957,	Sq(5) = 0.352138,	Sq(6) = 0.559361,	Sq(7) = 0.352138,	Sq(8) = 0.352138,	Sq(9) = 0.559361,	Sq(10) = 0.618782,	Sq(11) = 0.559361,	Sq(12) = 0.301957,	Sq(13) = 0.352138,	Sq(14) = 0.559361,	Sq(15) = 0.352138,	N(0) = 1.98873,	N(1) = 1.97068,	N(2) = 1,	N(3) = 1.97068,	N(4) = 1.97068,	N(5) = 1,	N(6) = 0.0293169,	N(7) = 1,	N(8) = 1,	N(9) = 0.0293169,	N(10) = 0.0112673,	N(11) = 0.0293169,	N(12) = 1.97068,	N(13) = 1,	N(14) = 0.0293169,	N(15) = 1,	Delta[s](0) = 0.345415,	Delta[s](1) = 0.316711,	Delta[s](2) = 0.309685,	Delta[s](3) = 0.316711,	Delta[s](4) = 0.316711,	Delta[s](5) = 0.309685,	Delta[s](6) = 0.289642,	Delta[s](7) = 0.309685,	Delta[s](8) = 0.309685,	Delta[s](9) = 0.289642,	Delta[s](10) = 0.282619,	Delta[s](11) = 0.289642,	Delta[s](12) = 0.316711,	Delta[s](13) = 0.309685,	Delta[s](14) = 0.289642,	Delta[s](15) = 0.309685,	Delta[d](0) = 0.235736,	Delta[d](1) = 0.234515,	Delta[d](2) = 0.243392,	Delta[d](3) = 0.234515,	Delta[d](4) = 0.234515,	Delta[d](5) = 0.167516,	Delta[d](6) = 0.196183,	Delta[d](7) = 0.167516,	Delta[d](8) = 0.243392,	Delta[d](9) = 0.196183,	Delta[d](10) = 0.0993286,	Delta[d](11) = 0.196183,	Delta[d](12) = 0.234515,	Delta[d](13) = 0.167516,	Delta[d](14) = 0.196183,	Delta[d](15) = 0.167516,	Delta[s+](0) = 0.476286,	Delta[s+](1) = 0.366456,	Delta[s+](2) = 0.243392,	Delta[s+](3) = 0.366456,	Delta[s+](4) = 0.366456,	Delta[s+](5) = 0.243392,	Delta[s+](6) = 0.123155,	Delta[s+](7) = 0.243392,	Delta[s+](8) = 0.243392,	Delta[s+](9) = 0.123155,	Delta[s+](10) = 0.0578955,	Delta[s+](11) = 0.123155,	Delta[s+](12) = 0.366456,	Delta[s+](13) = 0.243392,	Delta[s+](14) = 0.123155,	Delta[s+](15) = 0.243392
The 0-th iteration is completed.	|| time cost : 0h 4m 27.186s
********************************************************************************************************************
Start the 1 rounds of NGS-ED iteration
	effective electronic model is modified as: kinetic energy t = 0.700872
	                                           effective interaction Vq = [-4.51864,-4.08091, -3.7623,-4.08091,-4.08091, -3.7623,-3.81771, -3.7623, -3.7623,-3.81771,-4.49301,-3.81771,-4.08091, -3.7623,-3.81771, -3.7623]
	PARPACK diagonalization completed after 30 matrix-vector product operations.
	iteration results: : total energy is -90.135631 | electron energy -90.525915 + phonon energy 0.390284 | electron momentum kIdx = 0
The 1-th iteration is completed.	|| time cost : 0h 0m 27.845s
********************************************************************************************************************
Start the 2 rounds of NGS-ED iteration
	effective electronic model is modified as: kinetic energy t = 0.690279
	                                           effective interaction Vq = [-4.61851,-4.14113, -3.8173,-4.14113,-4.14113, -3.8173,-3.86842, -3.8173, -3.8173,-3.86842,-4.61684,-3.86842,-4.14113, -3.8173,-3.86842, -3.8173]
	PARPACK diagonalization completed after 30 matrix-vector product operations.
	iteration results: : total energy is -92.463526 | electron energy -92.999621 + phonon energy 0.536095 | electron momentum kIdx = 0
The 2-th iteration is completed.	|| time cost : 0h 0m 27.772s
********************************************************************************************************************
Start the 3 rounds of NGS-ED iteration
	effective electronic model is modified as: kinetic energy t = 0.688198
	                                           effective interaction Vq = [-4.66338,-4.13309,-3.82288,-4.13309,-4.13309,-3.82288,-3.86471,-3.82288,-3.82288,-3.86471,-4.66529,-3.86471,-4.13309,-3.82288,-3.86471,-3.82288]
	PARPACK diagonalization completed after 30 matrix-vector product operations.
	iteration results: : total energy is -93.458887 | electron energy -94.055695 + phonon energy 0.596807 | electron momentum kIdx = 0
The 3-th iteration is completed.	|| time cost : 0h 0m 27.785s
********************************************************************************************************************
Start the 4 rounds of NGS-ED iteration
	effective electronic model is modified as: kinetic energy t = 0.689829
	                                           effective interaction Vq = [-4.68355,-4.10378,-3.80914,-4.10378,-4.10378,-3.80914,-3.84179,-3.80914,-3.80914,-3.84179,-4.68348,-3.84179,-4.10378,-3.80914,-3.84179,-3.80914]
	PARPACK diagonalization completed after 30 matrix-vector product operations.
	iteration results: : total energy is -93.874900 | electron energy -94.490958 + phonon energy 0.616058 | electron momentum kIdx = 0
The 4-th iteration is completed.	|| time cost : 0h 0m 27.816s
********************************************************************************************************************
Start the 5 rounds of NGS-ED iteration
	effective electronic model is modified as: kinetic energy t = 0.692588
	                                           effective interaction Vq = [-4.69261,-4.07215,-3.79047,-4.07215,-4.07215,-3.79047,-3.81533,-3.79047,-3.79047,-3.81533,-4.69058,-3.81533,-4.07215,-3.79047,-3.81533,-3.79047]
	PARPACK diagonalization completed after 30 matrix-vector product operations.
	iteration results: : total energy is -94.050794 | electron energy -94.669034 + phonon energy 0.618240 | electron momentum kIdx = 0
The 5-th iteration is completed.	|| time cost : 0h 0m 27.772s
********************************************************************************************************************
Start the 6 rounds of NGS-ED iteration
	effective electronic model is modified as: kinetic energy t = 0.695411
	                                           effective interaction Vq = [-4.69668,-4.04414,-3.77225,-4.04414,-4.04414,-3.77225,-3.79084,-3.77225,-3.77225,-3.79084,-4.69356,-3.79084,-4.04414,-3.77225,-3.79084,-3.77225]
	PARPACK diagonalization completed after 30 matrix-vector product operations.
	iteration results: : total energy is -94.126909 | electron energy -94.740767 + phonon energy 0.613857 | electron momentum kIdx = 0
The 6-th iteration is completed.	|| time cost : 0h 0m 27.759s
********************************************************************************************************************
Start the 7 rounds of NGS-ED iteration
	effective electronic model is modified as: kinetic energy t = 0.697926
	                                           effective interaction Vq = [-4.69851,-4.02099,-3.75625,-4.02099,-4.02099,-3.75625,-3.76988,-3.75625,-3.75625,-3.76988,-4.69492,-3.76988,-4.02099,-3.75625,-3.76988,-3.75625]
	PARPACK diagonalization completed after 30 matrix-vector product operations.
	iteration results: : total energy is -94.160635 | electron energy -94.768027 + phonon energy 0.607392 | electron momentum kIdx = 0
The 7-th iteration is completed.	|| time cost : 0h 0m 27.802s
********************************************************************************************************************
Start the 8 rounds of NGS-ED iteration
	effective electronic model is modified as: kinetic energy t = 0.700038
	                                           effective interaction Vq = [-4.69933, -4.0024,-3.74281, -4.0024, -4.0024,-3.74281,-3.75256,-3.74281,-3.74281,-3.75256,-4.69558,-3.75256, -4.0024,-3.74281,-3.75256,-3.74281]
	PARPACK diagonalization completed after 30 matrix-vector product operations.
	iteration results: : total energy is -94.175892 | electron energy -94.776676 + phonon energy 0.600784 | electron momentum kIdx = 0
The 8-th iteration is completed.	|| time cost : 0h 0m 27.735s
********************************************************************************************************************
Start the 9 rounds of NGS-ED iteration
	effective electronic model is modified as: kinetic energy t = 0.70176
	                                           effective interaction Vq = [ -4.6997,-3.98767,-3.73181,-3.98767,-3.98767,-3.73181,-3.73854,-3.73181,-3.73181,-3.73854,-4.69593,-3.73854,-3.98767,-3.73181,-3.73854,-3.73181]
	PARPACK diagonalization completed after 30 matrix-vector product operations.
	iteration results: : total energy is -94.182921 | electron energy -94.777744 + phonon energy 0.594823 | electron momentum kIdx = 0
The 9-th iteration is completed.	|| time cost : 0h 0m 27.84s
********************************************************************************************************************
Start the 10 rounds of NGS-ED iteration
	effective electronic model is modified as: kinetic energy t = 0.703141
	                                           effective interaction Vq = [-4.69986, -3.9761,-3.72293, -3.9761, -3.9761,-3.72293,-3.72732,-3.72293,-3.72293,-3.72732,-4.69611,-3.72732, -3.9761,-3.72293,-3.72732,-3.72293]
	PARPACK diagonalization completed after 30 matrix-vector product operations.
	iteration results: : total energy is -94.186215 | electron energy -94.775974 + phonon energy 0.589759 | electron momentum kIdx = 0
