SNEDics v3.21.4 Non-Gaussian ED ground state program		Start at Mon Jul 26 08:52:09 2021

parallized on 32 MPI threads  * 8 OpenMP threads = 256 total threads.
********************************************************************************************************************
********************************************************************************************************************

********************************************************************************************************************
System parameters and configurations
	special program options are enabled: splitted diagonal Hamiltonian | splitted Hamiltonian terms
********************************************************************************************************************
Read input file "model_params.in"
	Hubbard-Holstein model parameters : 	t = 1    U = 8    g = 0.03    W = 0.2    g' = 0.14    
********************************************************************************************************************
Read input file "hilbertspace_params.in"
	Requested 16-site 2D lattice, with 12 electrons (6, 6)
	Boundary : Periodic		Hilbert space representation : momentum-space (restricted to kIdx = 0)
	Conservation: particle number[U(1)]      spin[U(1)]     momentum
********************************************************************************************************************

Cluster Positions:				Cluster symmetry group : D4
 x ... x ... x ... x .....                       x ... x ... x ... x .....
 |           |           :                       |           |           :
 |           |           :                       |           |           :
12    13    14    15     x                       1     5     6     5     x
 |           |           :                       |           |           :
 |           |           :                       |           |           :
 8 --- 9 ---10 ---11 --- x                       2 --- 6 ---10 --- 6 --- x
 |           |           :                       |           |           :
 |           |           :                       |           |           :
 4     5     6     7     x                       1     5     6     5     x
 |           |           :                       |           |           :
 |           |           :                       |           |           :
 0 --- 1 --- 2 --- 3 --- x                       0 --- 1 --- 2 --- 1 --- x
orbital number : 1
********************************************************************************************************************
Read input file "obs_params.in"
	Observable Type : Nq(All),   Sq(All),   N(All),   Delta[s](All),   Delta[d](All),   Delta[s+](All)
** WARNING ** the input observables have non-local factors which have been reinterpreted. The total observable number is 96
********************************************************************************************************************


********************************************************************************************************************
Start calculating the non-Gaussian ED ground state
Maximal iteration number is 1000; energy resolution is 1e-06. Phonon state relaxation time is 2000
W = 0.2 is relatively large. The non-Gaussian ED calculation starts directly.
open output files: NGSED_iteration_obserbles.txt
********************************************************************************************************************
Start the 0 rounds of NGS-ED iteration
	effective electronic model is modified as: kinetic energy t = 1
	                                           effective interaction Vq = [0,0,0,0,0,0,0,0,0,0,0,0,0,0,0,0]
	first Hamiltonian is constructed, size = 4008592 and non-zero numbers = 969134044
	PARPACK diagonalization completed after 150 matrix-vector product operations.
	iteration results: : total energy is -14.925310 | electron energy -14.925310 + phonon energy 0.000000 | electron momentum kIdx = 0
	Nq(0) = 9,	Nq(1) = 0.191675,	Nq(2) = 0.266183,	Nq(3) = 0.191675,	Nq(4) = 0.191675,	Nq(5) = 0.245517,	
	Nq(6) = 0.314107,	Nq(7) = 0.245517,	Nq(8) = 0.266183,	Nq(9) = 0.314107,	Nq(10) = 0.369338,	
	Nq(11) = 0.314107,	Nq(12) = 0.191675,	Nq(13) = 0.245517,	Nq(14) = 0.314107,	Nq(15) = 0.245517;	
	Sq(0) = 3.02743e-18,	Sq(1) = 0.554662,	Sq(2) = 0.424361,	Sq(3) = 0.554662,	Sq(4) = 0.554662,	
	Sq(5) = 0.79749,	Sq(6) = 1.01287,	Sq(7) = 0.79749,	Sq(8) = 0.424361,	Sq(9) = 1.01287,	
	Sq(10) = 0.784303,	Sq(11) = 1.01287,	Sq(12) = 0.554662,	Sq(13) = 0.79749,	Sq(14) = 1.01287,	
	Sq(15) = 0.79749;	N(0) = 1.76735,	N(1) = 1.6264,	N(2) = 0.74365,	N(3) = 1.6264,	
	N(4) = 1.6264,	N(5) = 0.392302,	N(6) = 0.144321,	N(7) = 0.392302,	N(8) = 0.74365,	
	N(9) = 0.144321,	N(10) = 0.0932732,	N(11) = 0.144321,	N(12) = 1.6264,	N(13) = 0.392302,	
	N(14) = 0.144321,	N(15) = 0.392302;	Delta[s](0) = 0.0654067,	Delta[s](1) = 0.045242,	Delta[s](2) = 0.0303744,	
	Delta[s](3) = 0.045242,	Delta[s](4) = 0.045242,	Delta[s](5) = 0.0270946,	Delta[s](6) = 0.00940937,	Delta[s](7) = 0.0270946,	
	Delta[s](8) = 0.0303744,	Delta[s](9) = 0.00940937,	Delta[s](10) = 0.000310597,	Delta[s](11) = 0.00940937,	Delta[s](12) = 0.045242,	
	Delta[s](13) = 0.0270946,	Delta[s](14) = 0.00940937,	Delta[s](15) = 0.0270946;	Delta[d](0) = 0.229273,	Delta[d](1) = 0.180027,	
	Delta[d](2) = 0.222146,	Delta[d](3) = 0.180027,	Delta[d](4) = 0.180027,	Delta[d](5) = 0.123054,	Delta[d](6) = 0.15043,	
	Delta[d](7) = 0.123054,	Delta[d](8) = 0.222146,	Delta[d](9) = 0.15043,	Delta[d](10) = 0.0770709,	Delta[d](11) = 0.15043,	
	Delta[d](12) = 0.180027,	Delta[d](13) = 0.123054,	Delta[d](14) = 0.15043,	Delta[d](15) = 0.123054;	Delta[s+](0) = 0.52917,	
	Delta[s+](1) = 0.360933,	Delta[s+](2) = 0.222146,	Delta[s+](3) = 0.360933,	Delta[s+](4) = 0.360933,	Delta[s+](5) = 0.177097,	
	Delta[s+](6) = 0.0627509,	Delta[s+](7) = 0.177097,	Delta[s+](8) = 0.222146,	Delta[s+](9) = 0.0627509,	Delta[s+](10) = 0.0157933,	
	Delta[s+](11) = 0.0627509,	Delta[s+](12) = 0.360933,	Delta[s+](13) = 0.177097,	Delta[s+](14) = 0.0627509,	Delta[s+](15) = 0.177097
	
The 0-th iteration is completed.	|| time cost : 0h 2m 3.219s
********************************************************************************************************************
Start the 1 rounds of NGS-ED iteration
	effective electronic model is modified as: kinetic energy t = 0.997032
	                                           effective interaction Vq = [     -1.7405,  -0.0609416, -0.00038765,  -0.0609416,  -0.0609416,-0.000359357,  -0.0221737,-0.000359357, -0.00038765,  -0.0221737,   -0.101922,  -0.0221737,  -0.0609416,-0.000359357,  -0.0221737,-0.000359357]
	PARPACK diagonalization completed after 45 matrix-vector product operations.
	iteration results: : total energy is -30.645323 | electron energy -30.647884 + phonon energy 0.002561 | electron momentum kIdx = 0
The 1-th iteration is completed.	|| time cost : 0h 1m 18.437s
********************************************************************************************************************
Start the 2 rounds of NGS-ED iteration
	effective electronic model is modified as: kinetic energy t = 0.996995
	                                           effective interaction Vq = [     -1.7405,  -0.0612616,-0.000386077,  -0.0612616,  -0.0612616,-0.000358162,  -0.0221627,-0.000358162,-0.000386077,  -0.0221627,   -0.103416,  -0.0221627,  -0.0612616,-0.000358162,  -0.0221627,-0.000358162]
	PARPACK diagonalization completed after 30 matrix-vector product operations.
	iteration results: : total energy is -30.645327 | electron energy -30.647994 + phonon energy 0.002667 | electron momentum kIdx = 0
The 2-th iteration is completed.	|| time cost : 0h 0m 9.68s
********************************************************************************************************************
Start the 3 rounds of NGS-ED iteration
	effective electronic model is modified as: kinetic energy t = 0.996995
	                                           effective interaction Vq = [     -1.7405,   -0.061263,-0.000386067,   -0.061263,   -0.061263,-0.000358153,  -0.0221621,-0.000358153,-0.000386067,  -0.0221621,   -0.103441,  -0.0221621,   -0.061263,-0.000358153,  -0.0221621,-0.000358153]
	PARPACK diagonalization completed after 30 matrix-vector product operations.
	iteration results: : total energy is -30.645327 | electron energy -30.647996 + phonon energy 0.002669 | electron momentum kIdx = 0
The 3-th iteration is completed.	|| time cost : 0h 0m 9.724s
********************************************************************************************************************
Start the 4 rounds of NGS-ED iteration
	effective electronic model is modified as: kinetic energy t = 0.996995
	                                           effective interaction Vq = [     -1.7405,   -0.061263,-0.000386067,   -0.061263,   -0.061263,-0.000358153,  -0.0221621,-0.000358153,-0.000386067,  -0.0221621,   -0.103441,  -0.0221621,   -0.061263,-0.000358153,  -0.0221621,-0.000358153]
	PARPACK diagonalization completed after 30 matrix-vector product operations.
	iteration results: : total energy is -30.645327 | electron energy -30.647996 + phonon energy 0.002669 | electron momentum kIdx = 0
The 4-th iteration is completed.	|| time cost : 0h 0m 10.346s
********************************************************************************************************************
Start the 5 rounds of NGS-ED iteration
	effective electronic model is modified as: kinetic energy t = 0.996995
	                                           effective interaction Vq = [     -1.7405,   -0.061263,-0.000386067,   -0.061263,   -0.061263,-0.000358153,  -0.0221621,-0.000358153,-0.000386067,  -0.0221621,   -0.103441,  -0.0221621,   -0.061263,-0.000358153,  -0.0221621,-0.000358153]
	PARPACK diagonalization completed after 30 matrix-vector product operations.
	iteration results: : total energy is -30.645327 | electron energy -30.647996 + phonon energy 0.002669 | electron momentum kIdx = 0
	Nq(0) = 9,	Nq(1) = 0.19297,	Nq(2) = 0.265438,	Nq(3) = 0.19297,	Nq(4) = 0.19297,	Nq(5) = 0.245027,	
	Nq(6) = 0.314421,	Nq(7) = 0.245027,	Nq(8) = 0.265438,	Nq(9) = 0.314421,	Nq(10) = 0.373912,	
	Nq(11) = 0.314421,	Nq(12) = 0.19297,	Nq(13) = 0.245027,	Nq(14) = 0.314421,	Nq(15) = 0.245027;	
	Sq(0) = 1.35119e-18,	Sq(1) = 0.55366,	Sq(2) = 0.424217,	Sq(3) = 0.55366,	Sq(4) = 0.55366,	
	Sq(5) = 0.796956,	Sq(6) = 1.01211,	Sq(7) = 0.796956,	Sq(8) = 0.424217,	Sq(9) = 1.01211,	
	Sq(10) = 0.786185,	Sq(11) = 1.01211,	Sq(12) = 0.55366,	Sq(13) = 0.796956,	Sq(14) = 1.01211,	
	Sq(15) = 0.796956;	N(0) = 1.76812,	N(1) = 1.62905,	N(2) = 0.742253,	N(3) = 1.62905,	
	N(4) = 1.62905,	N(5) = 0.390795,	N(6) = 0.143722,	N(7) = 0.390795,	N(8) = 0.742253,	
	N(9) = 0.143722,	N(10) = 0.0930898,	N(11) = 0.143722,	N(12) = 1.62905,	N(13) = 0.390795,	
	N(14) = 0.143722,	N(15) = 0.390795;	Delta[s](0) = 0.0658699,	Delta[s](1) = 0.0455777,	Delta[s](2) = 0.0306515,	
	Delta[s](3) = 0.0455777,	Delta[s](4) = 0.0455777,	Delta[s](5) = 0.0273543,	Delta[s](6) = 0.009503,	Delta[s](7) = 0.0273543,	
	Delta[s](8) = 0.0306515,	Delta[s](9) = 0.009503,	Delta[s](10) = 0.000318122,	Delta[s](11) = 0.009503,	Delta[s](12) = 0.0455777,	
	Delta[s](13) = 0.0273543,	Delta[s](14) = 0.009503,	Delta[s](15) = 0.0273543;	Delta[d](0) = 0.229239,	Delta[d](1) = 0.180014,	
	Delta[d](2) = 0.222225,	Delta[d](3) = 0.180014,	Delta[d](4) = 0.180014,	Delta[d](5) = 0.122999,	Delta[d](6) = 0.15035,	
	Delta[d](7) = 0.122999,	Delta[d](8) = 0.222225,	Delta[d](9) = 0.15035,	Delta[d](10) = 0.0764978,	Delta[d](11) = 0.15035,	
	Delta[d](12) = 0.180014,	Delta[d](13) = 0.122999,	Delta[d](14) = 0.15035,	Delta[d](15) = 0.122999;	Delta[s+](0) = 0.52969,	
	Delta[s+](1) = 0.361228,	Delta[s+](2) = 0.222225,	Delta[s+](3) = 0.361228,	Delta[s+](4) = 0.361228,	Delta[s+](5) = 0.177204,	
	Delta[s+](6) = 0.062718,	Delta[s+](7) = 0.177204,	Delta[s+](8) = 0.222225,	Delta[s+](9) = 0.062718,	Delta[s+](10) = 0.015813,	
	Delta[s+](11) = 0.062718,	Delta[s+](12) = 0.361228,	Delta[s+](13) = 0.177204,	Delta[s+](14) = 0.062718,	Delta[s+](15) = 0.177204
	
The 5-th iteration is completed.	|| time cost : 0h 1m 19.36s
********************************************************************************************************************
********************************************************************************************************************
Ground state is obtained after 6 iterations. The current ground-state energy is -30.6453, in which electron energy is -30.648 and phonon energy is 0.00266861
Final variational state is: 
	Gamma_x = [      1,1.05872, 1.0005,1.05872,1.05872,1.00043,1.03479,1.00043, 1.0005,1.03479,1.20752,1.03479,1.05872,1.00043,1.03479,1.00043]
	lambda_q = [      2.95,  0.102179,0.00657871,  0.102179,  0.102179,0.00609296,-0.0451392,0.00609296,0.00657871,-0.0451392,-0.0994523,-0.0451392,  0.102179,0.00609296,-0.0451392,0.00609296]
Effective e-e interactions mediated by phonons are:
	momentum-space Vq = [     -1.7405,   -0.061263,-0.000386067,   -0.061263,   -0.061263,-0.000358153,  -0.0221621,-0.000358153,-0.000386067,  -0.0221621,   -0.103441,  -0.0221621,   -0.061263,-0.000358153,  -0.0221621,-0.000358153]
	real-space Vr = [  -0.13624, -0.107204, -0.115205, -0.107204, -0.107204, -0.115198,-0.0974286, -0.115198, -0.115205,-0.0974286,-0.0945278,-0.0974286, -0.107204, -0.115198,-0.0974286, -0.115198]
********************************************************************************************************************
o___o  ----------------------------------------
| L |	Time since last clock: 0h 0m 0.019s
A===A	Time since the beginning: 0h 5m 10.789s
***********************************************


Non-Gaussina ED ground state calculation is completed. The final ground-state energy is -30.6453
********************************************************************************************************************
o___o  ----------------------------------------
| L |	Time since last clock: 0h 0m 0.006s
A===A	Time since the beginning: 0h 5m 10.795s
***********************************************



********************************************************************************************************************
All non-Gaussian ED ground state calculations have been completed. Exit now.
