SNEDics v3.22.2 Non-Gaussian ED ground state program		Start at Sat Jun 11 20:37:36 2022

Parallelization: 32 MPI threads  * 8 OpenMP threads = 256 total threads.
********************************************************************************************************************
********************************************************************************************************************

********************************************************************************************************************
System parameters and configurations
	special program options are enabled: splitted diagonal Hamiltonian | splitted Hamiltonian terms
********************************************************************************************************************
Read input file "model_params.in"
	Hubbard-Holstein model parameters : 	t = 1    U = 8    g = 0.75    W = 0.2    
********************************************************************************************************************
Read input file "hilbertspace_params.in"
	Requested 16-site 2D lattice, with 8 electrons (4, 4)
	Boundary : Periodic		Hilbert space representation : momentum-space (restricted to kIdx = 0)
	Conservation: particle number[U(1)]      spin[U(1)]     momentum
********************************************************************************************************************

Cluster Positions:				Cluster symmetry group : D4
 x ... x ... x ... x .....                       x ... x ... x ... x .....
 |           |           :                       |           |           :
 |           |           :                       |           |           :
12    13    14    15     x                       1     5     6     5     x
 |           |           :                       |           |           :
 |           |           :                       |           |           :
 8 --- 9 ---10 ---11 --- x                       2 --- 6 ---10 --- 6 --- x
 |           |           :                       |           |           :
 |           |           :                       |           |           :
 4     5     6     7     x                       1     5     6     5     x
 |           |           :                       |           |           :
 |           |           :                       |           |           :
 0 --- 1 --- 2 --- 3 --- x                       0 --- 1 --- 2 --- 1 --- x
orbital number : 1
********************************************************************************************************************
Read input file "obs_params.in"
	Observable Type : Nq(All),   Sq(All),   N(All-Orbital),   Delta[s](All),   Delta[d](All),   Delta[s+](All)
** WARNING ** the input observables have non-local factors which have been reinterpreted. The total observable number is 96
********************************************************************************************************************


********************************************************************************************************************
Start calculating the non-Gaussian ED ground state
Maximal iteration number is 1000; energy resolution is 1e-06. Phonon state relaxation time is 2000
W = 0.2 is relatively large. The non-Gaussian ED calculation starts directly.
open output files: NGSED_iteration_observables.txt
********************************************************************************************************************
Start the 0 rounds of NGS-ED iteration
	effective electronic model is modified as: kinetic energy t = 1
	                                           effective interaction Vq = [0,0,0,0,0,0,0,0,0,0,0,0,0,0,0,0]
	first Hamiltonian is constructed, size = 207184 and non-zero numbers = 32207050
	PARPACK diagonalization completed after 75 matrix-vector product operations.
	iteration results: : total energy is -16.460627 | electron energy -16.460627 + phonon energy 0.000000 | electron momentum kIdx = 0
	Nq(0) = 4,	Nq(1) = 0.217892,	Nq(2) = 0.275693,	Nq(3) = 0.217892,	Nq(4) = 0.217892,	Nq(5) = 0.260941,	
	Nq(6) = 0.370592,	Nq(7) = 0.260941,	Nq(8) = 0.275693,	Nq(9) = 0.370592,	Nq(10) = 0.4202,	
	Nq(11) = 0.370592,	Nq(12) = 0.217892,	Nq(13) = 0.260941,	Nq(14) = 0.370592,	Nq(15) = 0.260941;	
	Sq(0) = 2.57535e-18,	Sq(1) = 0.41044,	Sq(2) = 0.343979,	Sq(3) = 0.41044,	Sq(4) = 0.41044,	
	Sq(5) = 0.572101,	Sq(6) = 0.615629,	Sq(7) = 0.572101,	Sq(8) = 0.343979,	Sq(9) = 0.615629,	
	Sq(10) = 0.550078,	Sq(11) = 0.615629,	Sq(12) = 0.41044,	Sq(13) = 0.572101,	Sq(14) = 0.615629,	
	Sq(15) = 0.572101;	N(0) = 1.82882,	N(1) = 1.37933,	N(2) = 0.0780726,	N(3) = 1.37933,	
	N(4) = 1.37933,	N(5) = 0.0780398,	N(6) = 0.0412646,	N(7) = 0.0780398,	N(8) = 0.0780726,	
	N(9) = 0.0412646,	N(10) = 0.0205069,	N(11) = 0.0412646,	N(12) = 1.37933,	N(13) = 0.0780398,	
	N(14) = 0.0412646,	N(15) = 0.0780398;	Delta[s](0) = 0.033161,	Delta[s](1) = 0.019128,	Delta[s](2) = 0.0102103,	
	Delta[s](3) = 0.019128,	Delta[s](4) = 0.019128,	Delta[s](5) = 0.0103122,	Delta[s](6) = 0.00277664,	Delta[s](7) = 0.0103122,	
	Delta[s](8) = 0.0102103,	Delta[s](9) = 0.00277664,	Delta[s](10) = 0.0021935,	Delta[s](11) = 0.00277664,	Delta[s](12) = 0.019128,	
	Delta[s](13) = 0.0103122,	Delta[s](14) = 0.00277664,	Delta[s](15) = 0.0103122;	Delta[d](0) = 0.246952,	Delta[d](1) = 0.0614022,	
	Delta[d](2) = 0.079986,	Delta[d](3) = 0.0614022,	Delta[d](4) = 0.0614022,	Delta[d](5) = 0.0547758,	Delta[d](6) = 0.0179722,	
	Delta[d](7) = 0.0547758,	Delta[d](8) = 0.079986,	Delta[d](9) = 0.0179722,	Delta[d](10) = 0.0114526,	Delta[d](11) = 0.0179722,	
	Delta[d](12) = 0.0614022,	Delta[d](13) = 0.0547758,	Delta[d](14) = 0.0179722,	Delta[d](15) = 0.0547758;	Delta[s+](0) = 0.377889,	
	Delta[s+](1) = 0.216529,	Delta[s+](2) = 0.079986,	Delta[s+](3) = 0.216529,	Delta[s+](4) = 0.216529,	Delta[s+](5) = 0.0749844,	
	Delta[s+](6) = 0.00780828,	Delta[s+](7) = 0.0749844,	Delta[s+](8) = 0.079986,	Delta[s+](9) = 0.00780828,	Delta[s+](10) = 0.00223955,	
	Delta[s+](11) = 0.00780828,	Delta[s+](12) = 0.216529,	Delta[s+](13) = 0.0749844,	Delta[s+](14) = 0.00780828,	Delta[s+](15) = 0.0749844
	
The 0-th iteration is completed.	|| time cost : 0h 0m 4.969s
********************************************************************************************************************
Start the 1 rounds of NGS-ED iteration
	effective electronic model is modified as: kinetic energy t = 0.938447
	                                           effective interaction Vq = [  -2.8125,-0.740387,-0.457121,-0.740387,-0.740387,-0.404875,-0.510597,-0.404875,-0.457121,-0.510597,-0.439039,-0.510597,-0.740387,-0.404875,-0.510597,-0.404875]
	PARPACK diagonalization completed after 30 matrix-vector product operations.
	iteration results: : total energy is -28.527315 | electron energy -28.879460 + phonon energy 0.352145 | electron momentum kIdx = 0
The 1-th iteration is completed.	|| time cost : 0h 0m 3.505s
********************************************************************************************************************
Start the 2 rounds of NGS-ED iteration
	effective electronic model is modified as: kinetic energy t = 0.93664
	                                           effective interaction Vq = [  -2.8125,-0.833045,-0.453132,-0.833045,-0.833045,-0.394115,-0.511545,-0.394115,-0.453132,-0.511545,-0.409229,-0.511545,-0.833045,-0.394115,-0.511545,-0.394115]
	PARPACK diagonalization completed after 30 matrix-vector product operations.
	iteration results: : total energy is -28.530476 | electron energy -28.908804 + phonon energy 0.378329 | electron momentum kIdx = 0
The 2-th iteration is completed.	|| time cost : 0h 0m 0.834s
********************************************************************************************************************
Start the 3 rounds of NGS-ED iteration
	effective electronic model is modified as: kinetic energy t = 0.936126
	                                           effective interaction Vq = [  -2.8125,-0.868209,-0.450032,-0.868209,-0.868209,-0.392104,-0.506176,-0.392104,-0.450032,-0.506176,-0.396995,-0.506176,-0.868209,-0.392104,-0.506176,-0.392104]
	PARPACK diagonalization completed after 30 matrix-vector product operations.
	iteration results: : total energy is -28.530950 | electron energy -28.915900 + phonon energy 0.384950 | electron momentum kIdx = 0
The 3-th iteration is completed.	|| time cost : 0h 0m 0.827s
********************************************************************************************************************
Start the 4 rounds of NGS-ED iteration
	effective electronic model is modified as: kinetic energy t = 0.935916
	                                           effective interaction Vq = [  -2.8125,-0.883237,-0.448918,-0.883237,-0.883237,-0.391786,-0.502812,-0.391786,-0.448918,-0.502812, -0.39274,-0.502812,-0.883237,-0.391786,-0.502812,-0.391786]
	PARPACK diagonalization completed after 30 matrix-vector product operations.
	iteration results: : total energy is -28.531038 | electron energy -28.918683 + phonon energy 0.387645 | electron momentum kIdx = 0
The 4-th iteration is completed.	|| time cost : 0h 0m 0.826s
********************************************************************************************************************
Start the 5 rounds of NGS-ED iteration
	effective electronic model is modified as: kinetic energy t = 0.935825
	                                           effective interaction Vq = [  -2.8125,-0.889884,-0.448513,-0.889884,-0.889884,-0.391726,-0.501078,-0.391726,-0.448513,-0.501078,-0.391191,-0.501078,-0.889884,-0.391726,-0.501078,-0.391726]
	PARPACK diagonalization completed after 30 matrix-vector product operations.
	iteration results: : total energy is -28.531055 | electron energy -28.919869 + phonon energy 0.388813 | electron momentum kIdx = 0
The 5-th iteration is completed.	|| time cost : 0h 0m 0.832s
********************************************************************************************************************
Start the 6 rounds of NGS-ED iteration
	effective electronic model is modified as: kinetic energy t = 0.935785
	                                           effective interaction Vq = [  -2.8125,-0.892867,-0.448355,-0.892867,-0.892867,-0.391711,-0.500244,-0.391711,-0.448355,-0.500244,-0.390587,-0.500244,-0.892867,-0.391711,-0.500244,-0.391711]
	PARPACK diagonalization completed after 30 matrix-vector product operations.
	iteration results: : total energy is -28.531059 | electron energy -28.920391 + phonon energy 0.389332 | electron momentum kIdx = 0
The 6-th iteration is completed.	|| time cost : 0h 0m 0.837s
********************************************************************************************************************
Start the 7 rounds of NGS-ED iteration
	effective electronic model is modified as: kinetic energy t = 0.935767
	                                           effective interaction Vq = [  -2.8125,-0.894214, -0.44829,-0.894214,-0.894214,-0.391706,-0.499853,-0.391706, -0.44829,-0.499853,-0.390337,-0.499853,-0.894214,-0.391706,-0.499853,-0.391706]
	PARPACK diagonalization completed after 30 matrix-vector product operations.
	iteration results: : total energy is -28.531060 | electron energy -28.920624 + phonon energy 0.389565 | electron momentum kIdx = 0
The 7-th iteration is completed.	|| time cost : 0h 0m 0.835s
********************************************************************************************************************
Start the 8 rounds of NGS-ED iteration
	effective electronic model is modified as: kinetic energy t = 0.935758
	                                           effective interaction Vq = [  -2.8125,-0.894823,-0.448262,-0.894823,-0.894823,-0.391704,-0.499673,-0.391704,-0.448262,-0.499673, -0.39023,-0.499673,-0.894823,-0.391704,-0.499673,-0.391704]
	PARPACK diagonalization completed after 30 matrix-vector product operations.
	iteration results: : total energy is -28.531060 | electron energy -28.920729 + phonon energy 0.389670 | electron momentum kIdx = 0
The 8-th iteration is completed.	|| time cost : 0h 0m 0.83s
********************************************************************************************************************
Start the 9 rounds of NGS-ED iteration
	effective electronic model is modified as: kinetic energy t = 0.935755
	                                           effective interaction Vq = [  -2.8125,  -0.8951, -0.44825,  -0.8951,  -0.8951,-0.391703,-0.499591,-0.391703, -0.44825,-0.499591,-0.390182,-0.499591,  -0.8951,-0.391703,-0.499591,-0.391703]
	PARPACK diagonalization completed after 30 matrix-vector product operations.
	iteration results: : total energy is -28.531060 | electron energy -28.920777 + phonon energy 0.389717 | electron momentum kIdx = 0
The 9-th iteration is completed.	|| time cost : 0h 0m 0.831s
********************************************************************************************************************
Start the 10 rounds of NGS-ED iteration
	effective electronic model is modified as: kinetic energy t = 0.935753
	                                           effective interaction Vq = [  -2.8125,-0.895225,-0.448245,-0.895225,-0.895225,-0.391703,-0.499553,-0.391703,-0.448245,-0.499553,-0.390161,-0.499553,-0.895225,-0.391703,-0.499553,-0.391703]
	PARPACK diagonalization completed after 30 matrix-vector product operations.
	iteration results: : total energy is -28.531060 | electron energy -28.920799 + phonon energy 0.389739 | electron momentum kIdx = 0
The 10-th iteration is completed.	|| time cost : 0h 0m 0.828s
********************************************************************************************************************
Start the 11 rounds of NGS-ED iteration
	effective electronic model is modified as: kinetic energy t = 0.935752
	                                           effective interaction Vq = [  -2.8125,-0.895282,-0.448242,-0.895282,-0.895282,-0.391703,-0.499536,-0.391703,-0.448242,-0.499536,-0.390152,-0.499536,-0.895282,-0.391703,-0.499536,-0.391703]
	PARPACK diagonalization completed after 30 matrix-vector product operations.
	iteration results: : total energy is -28.531060 | electron energy -28.920808 + phonon energy 0.389749 | electron momentum kIdx = 0
The 11-th iteration is completed.	|| time cost : 0h 0m 0.834s
********************************************************************************************************************
Start the 12 rounds of NGS-ED iteration
	effective electronic model is modified as: kinetic energy t = 0.935752
	                                           effective interaction Vq = [  -2.8125,-0.895308,-0.448241,-0.895308,-0.895308,-0.391703,-0.499528,-0.391703,-0.448241,-0.499528,-0.390147,-0.499528,-0.895308,-0.391703,-0.499528,-0.391703]
	PARPACK diagonalization completed after 30 matrix-vector product operations.
	iteration results: : total energy is -28.531060 | electron energy -28.920813 + phonon energy 0.389753 | electron momentum kIdx = 0
The 12-th iteration is completed.	|| time cost : 0h 0m 0.831s
********************************************************************************************************************
Start the 13 rounds of NGS-ED iteration
	effective electronic model is modified as: kinetic energy t = 0.935752
	                                           effective interaction Vq = [  -2.8125, -0.89532, -0.44824, -0.89532, -0.89532,-0.391703,-0.499525,-0.391703, -0.44824,-0.499525,-0.390145,-0.499525, -0.89532,-0.391703,-0.499525,-0.391703]
	PARPACK diagonalization completed after 30 matrix-vector product operations.
	iteration results: : total energy is -28.531060 | electron energy -28.920815 + phonon energy 0.389755 | electron momentum kIdx = 0
The 13-th iteration is completed.	|| time cost : 0h 0m 0.83s
********************************************************************************************************************
Start the 14 rounds of NGS-ED iteration
	effective electronic model is modified as: kinetic energy t = 0.935752
	                                           effective interaction Vq = [  -2.8125,-0.895325, -0.44824,-0.895325,-0.895325,-0.391703,-0.499523,-0.391703, -0.44824,-0.499523,-0.390144,-0.499523,-0.895325,-0.391703,-0.499523,-0.391703]
	PARPACK diagonalization completed after 30 matrix-vector product operations.
	iteration results: : total energy is -28.531060 | electron energy -28.920816 + phonon energy 0.389756 | electron momentum kIdx = 0
The 14-th iteration is completed.	|| time cost : 0h 0m 0.831s
********************************************************************************************************************
Start the 15 rounds of NGS-ED iteration
	effective electronic model is modified as: kinetic energy t = 0.935752
	                                           effective interaction Vq = [  -2.8125,-0.895328, -0.44824,-0.895328,-0.895328,-0.391703,-0.499522,-0.391703, -0.44824,-0.499522,-0.390144,-0.499522,-0.895328,-0.391703,-0.499522,-0.391703]
	PARPACK diagonalization completed after 30 matrix-vector product operations.
	iteration results: : total energy is -28.531060 | electron energy -28.920816 + phonon energy 0.389756 | electron momentum kIdx = 0
The 15-th iteration is completed.	|| time cost : 0h 0m 0.834s
********************************************************************************************************************
Start the 16 rounds of NGS-ED iteration
	effective electronic model is modified as: kinetic energy t = 0.935752
	                                           effective interaction Vq = [  -2.8125,-0.895329, -0.44824,-0.895329,-0.895329,-0.391703,-0.499522,-0.391703, -0.44824,-0.499522,-0.390144,-0.499522,-0.895329,-0.391703,-0.499522,-0.391703]
	PARPACK diagonalization completed after 30 matrix-vector product operations.
	iteration results: : total energy is -28.531060 | electron energy -28.920816 + phonon energy 0.389756 | electron momentum kIdx = 0
The 16-th iteration is completed.	|| time cost : 0h 0m 0.827s
********************************************************************************************************************
Start the 17 rounds of NGS-ED iteration
	effective electronic model is modified as: kinetic energy t = 0.935752
	                                           effective interaction Vq = [  -2.8125,-0.895329, -0.44824,-0.895329,-0.895329,-0.391703,-0.499522,-0.391703, -0.44824,-0.499522,-0.390144,-0.499522,-0.895329,-0.391703,-0.499522,-0.391703]
	PARPACK diagonalization completed after 30 matrix-vector product operations.
	iteration results: : total energy is -28.531060 | electron energy -28.920816 + phonon energy 0.389757 | electron momentum kIdx = 0
The 17-th iteration is completed.	|| time cost : 0h 0m 0.83s
********************************************************************************************************************
Start the 18 rounds of NGS-ED iteration
	effective electronic model is modified as: kinetic energy t = 0.935752
	                                           effective interaction Vq = [  -2.8125, -0.89533, -0.44824, -0.89533, -0.89533,-0.391703,-0.499522,-0.391703, -0.44824,-0.499522,-0.390144,-0.499522, -0.89533,-0.391703,-0.499522,-0.391703]
	PARPACK diagonalization completed after 30 matrix-vector product operations.
	iteration results: : total energy is -28.531060 | electron energy -28.920816 + phonon energy 0.389757 | electron momentum kIdx = 0
The 18-th iteration is completed.	|| time cost : 0h 0m 0.834s
********************************************************************************************************************
Start the 19 rounds of NGS-ED iteration
	effective electronic model is modified as: kinetic energy t = 0.935752
	                                           effective interaction Vq = [  -2.8125, -0.89533, -0.44824, -0.89533, -0.89533,-0.391703,-0.499522,-0.391703, -0.44824,-0.499522,-0.390144,-0.499522, -0.89533,-0.391703,-0.499522,-0.391703]
	PARPACK diagonalization completed after 30 matrix-vector product operations.
	iteration results: : total energy is -28.531060 | electron energy -28.920816 + phonon energy 0.389757 | electron momentum kIdx = 0
	Nq(0) = 4,	Nq(1) = 0.237686,	Nq(2) = 0.274372,	Nq(3) = 0.237686,	Nq(4) = 0.237686,	Nq(5) = 0.257813,	
	Nq(6) = 0.369226,	Nq(7) = 0.257813,	Nq(8) = 0.274372,	Nq(9) = 0.369226,	Nq(10) = 0.40604,	
	Nq(11) = 0.369226,	Nq(12) = 0.237686,	Nq(13) = 0.257813,	Nq(14) = 0.369226,	Nq(15) = 0.257813;	
	Sq(0) = -5.79186e-18,	Sq(1) = 0.40088,	Sq(2) = 0.343746,	Sq(3) = 0.40088,	Sq(4) = 0.40088,	
	Sq(5) = 0.573399,	Sq(6) = 0.610536,	Sq(7) = 0.573399,	Sq(8) = 0.343746,	Sq(9) = 0.610536,	
	Sq(10) = 0.559565,	Sq(11) = 0.610536,	Sq(12) = 0.40088,	Sq(13) = 0.573399,	Sq(14) = 0.610536,	
	Sq(15) = 0.573399;	N(0) = 1.84697,	N(1) = 1.39126,	N(2) = 0.0655621,	N(3) = 1.39126,	
	N(4) = 1.39126,	N(5) = 0.0660659,	N(6) = 0.0428603,	N(7) = 0.0660659,	N(8) = 0.0655621,	
	N(9) = 0.0428603,	N(10) = 0.0211426,	N(11) = 0.0428603,	N(12) = 1.39126,	N(13) = 0.0660659,	
	N(14) = 0.0428603,	N(15) = 0.0660659;	Delta[s](0) = 0.0367136,	Delta[s](1) = 0.0213092,	Delta[s](2) = 0.0113293,	
	Delta[s](3) = 0.0213092,	Delta[s](4) = 0.0213092,	Delta[s](5) = 0.0116805,	Delta[s](6) = 0.00328365,	Delta[s](7) = 0.0116805,	
	Delta[s](8) = 0.0113293,	Delta[s](9) = 0.00328365,	Delta[s](10) = 0.00237703,	Delta[s](11) = 0.00328365,	Delta[s](12) = 0.0213092,	
	Delta[s](13) = 0.0116805,	Delta[s](14) = 0.00328365,	Delta[s](15) = 0.0116805;	Delta[d](0) = 0.253309,	Delta[d](1) = 0.0612276,	
	Delta[d](2) = 0.0801396,	Delta[d](3) = 0.0612276,	Delta[d](4) = 0.0612276,	Delta[d](5) = 0.0564919,	Delta[d](6) = 0.0181681,	
	Delta[d](7) = 0.0564919,	Delta[d](8) = 0.0801396,	Delta[d](9) = 0.0181681,	Delta[d](10) = 0.0119186,	Delta[d](11) = 0.0181681,	
	Delta[d](12) = 0.0612276,	Delta[d](13) = 0.0564919,	Delta[d](14) = 0.0181681,	Delta[d](15) = 0.0564919;	Delta[s+](0) = 0.382782,	
	Delta[s+](1) = 0.219877,	Delta[s+](2) = 0.0801396,	Delta[s+](3) = 0.219877,	Delta[s+](4) = 0.219877,	Delta[s+](5) = 0.0761738,	
	Delta[s+](6) = 0.00850657,	Delta[s+](7) = 0.0761738,	Delta[s+](8) = 0.0801396,	Delta[s+](9) = 0.00850657,	Delta[s+](10) = 0.00237042,	
	Delta[s+](11) = 0.00850657,	Delta[s+](12) = 0.219877,	Delta[s+](13) = 0.0761738,	Delta[s+](14) = 0.00850657,	Delta[s+](15) = 0.0761738
	
The 19-th iteration is completed.	|| time cost : 0h 0m 3.156s
********************************************************************************************************************
********************************************************************************************************************
Ground state is obtained after 20 iterations. The current ground-state energy is -28.5311, in which electron energy is -28.9208 and phonon energy is 0.389757
Final variational state is: 
	Gamma_x = [      1,2.35029,1.74844,2.35029,2.35029,1.59785,2.20732,1.59785,1.74844,2.20732,2.02006,2.20732,2.35029,1.59785,2.20732,1.59785]
	lambda_q = [    3.75,0.653897,0.311788,0.653897,0.653897,0.270922,0.349281,0.270922,0.311788,0.349281,0.269801,0.349281,0.653897,0.270922,0.349281,0.270922]
Effective e-e interactions mediated by phonons are:
	momentum-space Vq = [  -2.8125, -0.89533, -0.44824, -0.89533, -0.89533,-0.391703,-0.499522,-0.391703, -0.44824,-0.499522,-0.390144,-0.499522, -0.89533,-0.391703,-0.499522,-0.391703]
	real-space Vr = [  -0.702834,  -0.200873,   -0.15827,  -0.200873,  -0.200873,  -0.144135,  -0.101921,  -0.144135,   -0.15827,  -0.101921,-0.00540814,  -0.101921,  -0.200873,  -0.144135,  -0.101921,  -0.144135]
********************************************************************************************************************
o___o  ----------------------------------------
| L |	Time since last clock: 0h 0m 0.003s
A===A	Time since the beginning: 0h 0m 25.774s
***********************************************


Non-Gaussina ED ground state calculation is completed. The final ground-state energy is -28.5311
********************************************************************************************************************
o___o  ----------------------------------------
| L |	Time since last clock: 0h 0m 0.002s
A===A	Time since the beginning: 0h 0m 25.777s
***********************************************



********************************************************************************************************************
All non-Gaussian ED ground state calculations have been completed. Exit now.
