SNEDics v3.22.2 Non-Gaussian ED ground state program		Start at Mon Feb 21 12:28:09 2022

Parallelization: 32 MPI threads  * 8 OpenMP threads = 256 total threads.
********************************************************************************************************************
********************************************************************************************************************

********************************************************************************************************************
System parameters and configurations
	special program options are enabled: splitted diagonal Hamiltonian | splitted Hamiltonian terms
********************************************************************************************************************
Read input file "model_params.in"
	Hubbard-Holstein model parameters : 	t = 1    t' = -0.1    U = 8    g = 0.5    W = 0.13    g' = 0.2    
********************************************************************************************************************
Read input file "hilbertspace_params.in"
	Requested 16-site 2D lattice, with 16 electrons (8, 8)
	Boundary : Periodic		Hilbert space representation : momentum-space (restricted to kIdx = 0)
	Conservation: particle number[U(1)]      spin[U(1)]     momentum
********************************************************************************************************************

Cluster Positions:				Cluster symmetry group : D4
 x ... x ... x ... x .....                       x ... x ... x ... x .....
 |           |           :                       |           |           :
 |           |           :                       |           |           :
12    13    14    15     x                       1     5     6     5     x
 |           |           :                       |           |           :
 |           |           :                       |           |           :
 8 --- 9 ---10 ---11 --- x                       2 --- 6 ---10 --- 6 --- x
 |           |           :                       |           |           :
 |           |           :                       |           |           :
 4     5     6     7     x                       1     5     6     5     x
 |           |           :                       |           |           :
 |           |           :                       |           |           :
 0 --- 1 --- 2 --- 3 --- x                       0 --- 1 --- 2 --- 1 --- x
orbital number : 1
********************************************************************************************************************
Read input file "obs_params.in"
	Observable Type : Nq(All),   Sq(All),   N(All-Orbital),   Delta[s](All),   Delta[d](All),   Delta[s+](All)
** WARNING ** the input observables have non-local factors which have been reinterpreted. The total observable number is 96
********************************************************************************************************************


********************************************************************************************************************
Start calculating the non-Gaussian ED ground state
Maximal iteration number is 1000; energy resolution is 1e-06. Phonon state relaxation time is 2000
W = 0.13 is relatively large. The non-Gaussian ED calculation starts directly.
open output files: NGSED_iteration_observables.txt
********************************************************************************************************************
Start the 0 rounds of NGS-ED iteration
	effective electronic model is modified as: kinetic energy t = 1, t' = -0.1
	                                           effective interaction Vq = [0,0,0,0,0,0,0,0,0,0,0,0,0,0,0,0]
	first Hamiltonian is constructed, size = 10353252 and non-zero numbers = 2847444204
	PARPACK diagonalization completed after 105 matrix-vector product operations.
	iteration results: : total energy is -8.470896 | electron energy -8.470896 + phonon energy 0.000000 | electron momentum kIdx = 0
	Nq(0) = 16,	Nq(1) = 0.0625158,	Nq(2) = 0.109889,	Nq(3) = 0.0625158,	Nq(4) = 0.0625158,	Nq(5) = 0.10991,	
	Nq(6) = 0.152406,	Nq(7) = 0.10991,	Nq(8) = 0.109889,	Nq(9) = 0.152406,	Nq(10) = 0.192465,	
	Nq(11) = 0.152406,	Nq(12) = 0.0625158,	Nq(13) = 0.10991,	Nq(14) = 0.152406,	Nq(15) = 0.10991;	
	Sq(0) = 8.56958e-19,	Sq(1) = 0.411933,	Sq(2) = 0.641405,	Sq(3) = 0.411933,	Sq(4) = 0.411933,	
	Sq(5) = 0.641378,	Sq(6) = 0.940902,	Sq(7) = 0.641378,	Sq(8) = 0.641405,	Sq(9) = 0.940902,	
	Sq(10) = 5.02876,	Sq(11) = 0.940902,	Sq(12) = 0.411933,	Sq(13) = 0.641378,	Sq(14) = 0.940902,	
	Sq(15) = 0.641378;	N(0) = 1.7725,	N(1) = 1.5696,	N(2) = 1.00244,	N(3) = 1.5696,	
	N(4) = 1.5696,	N(5) = 0.9999,	N(6) = 0.430615,	N(7) = 0.9999,	N(8) = 1.00244,	
	N(9) = 0.430615,	N(10) = 0.222184,	N(11) = 0.430615,	N(12) = 1.5696,	N(13) = 0.9999,	
	N(14) = 0.430615,	N(15) = 0.9999;	Delta[s](0) = 0.0956958,	Delta[s](1) = 0.0759148,	Delta[s](2) = 0.0549106,	
	Delta[s](3) = 0.0759148,	Delta[s](4) = 0.0759148,	Delta[s](5) = 0.0549246,	Delta[s](6) = 0.0315287,	Delta[s](7) = 0.0549246,	
	Delta[s](8) = 0.0549106,	Delta[s](9) = 0.0315287,	Delta[s](10) = 0.000795482,	Delta[s](11) = 0.0315287,	Delta[s](12) = 0.0759148,	
	Delta[s](13) = 0.0549246,	Delta[s](14) = 0.0315287,	Delta[s](15) = 0.0549246;	Delta[d](0) = 0.585559,	Delta[d](1) = 0.444705,	
	Delta[d](2) = 0.334375,	Delta[d](3) = 0.444705,	Delta[d](4) = 0.444705,	Delta[d](5) = 0.341452,	Delta[d](6) = 0.234866,	
	Delta[d](7) = 0.341452,	Delta[d](8) = 0.334375,	Delta[d](9) = 0.234866,	Delta[d](10) = 0.115904,	Delta[d](11) = 0.234866,	
	Delta[d](12) = 0.444705,	Delta[d](13) = 0.341452,	Delta[d](14) = 0.234866,	Delta[d](15) = 0.341452;	Delta[s+](0) = 0.606716,	
	Delta[s+](1) = 0.4788,	Delta[s+](2) = 0.334375,	Delta[s+](3) = 0.4788,	Delta[s+](4) = 0.4788,	Delta[s+](5) = 0.334076,	
	Delta[s+](6) = 0.192108,	Delta[s+](7) = 0.334076,	Delta[s+](8) = 0.334375,	Delta[s+](9) = 0.192108,	Delta[s+](10) = 0.0672222,	
	Delta[s+](11) = 0.192108,	Delta[s+](12) = 0.4788,	Delta[s+](13) = 0.334076,	Delta[s+](14) = 0.192108,	Delta[s+](15) = 0.334076
	
The 0-th iteration is completed.	|| time cost : 0h 6m 13.709s
********************************************************************************************************************
Start the 1 rounds of NGS-ED iteration
	effective electronic model is modified as: kinetic energy t = 0.996716, t' = -0.0994565
	                                           effective interaction Vq = [        -13,  -0.230183, -0.0590938,  -0.230183,  -0.230183, -0.0591221,-0.00209141, -0.0591221, -0.0590938,-0.00209141,  -0.018283,-0.00209141,  -0.230183, -0.0591221,-0.00209141, -0.0591221]
	PARPACK diagonalization completed after 45 matrix-vector product operations.
	iteration results: : total energy is -216.520824 | electron energy -216.522886 + phonon energy 0.002062 | electron momentum kIdx = 0
The 1-th iteration is completed.	|| time cost : 0h 3m 51.836s
********************************************************************************************************************
Start the 2 rounds of NGS-ED iteration
	effective electronic model is modified as: kinetic energy t = 0.996607, t' = -0.0994372
	                                           effective interaction Vq = [        -13,  -0.235417, -0.0598479,  -0.235417,  -0.235417, -0.0598771,-0.00210831, -0.0598771, -0.0598479,-0.00210831, -0.0184344,-0.00210831,  -0.235417, -0.0598771,-0.00210831, -0.0598771]
	PARPACK diagonalization completed after 30 matrix-vector product operations.
	iteration results: : total energy is -216.520840 | electron energy -216.523093 + phonon energy 0.002253 | electron momentum kIdx = 0
The 2-th iteration is completed.	|| time cost : 0h 0m 29.119s
********************************************************************************************************************
Start the 3 rounds of NGS-ED iteration
	effective electronic model is modified as: kinetic energy t = 0.996605, t' = -0.0994369
	                                           effective interaction Vq = [        -13,  -0.235509, -0.0598591,  -0.235509,  -0.235509, -0.0598883,-0.00210855, -0.0598883, -0.0598591,-0.00210855, -0.0184365,-0.00210855,  -0.235509, -0.0598883,-0.00210855, -0.0598883]
	PARPACK diagonalization completed after 30 matrix-vector product operations.
	iteration results: : total energy is -216.520840 | electron energy -216.523096 + phonon energy 0.002256 | electron momentum kIdx = 0
The 3-th iteration is completed.	|| time cost : 0h 0m 29.127s
********************************************************************************************************************
Start the 4 rounds of NGS-ED iteration
	effective electronic model is modified as: kinetic energy t = 0.996605, t' = -0.0994369
	                                           effective interaction Vq = [        -13,  -0.235511, -0.0598593,  -0.235511,  -0.235511, -0.0598885,-0.00210855, -0.0598885, -0.0598593,-0.00210855, -0.0184366,-0.00210855,  -0.235511, -0.0598885,-0.00210855, -0.0598885]
	PARPACK diagonalization completed after 30 matrix-vector product operations.
	iteration results: : total energy is -216.520840 | electron energy -216.523096 + phonon energy 0.002256 | electron momentum kIdx = 0
The 4-th iteration is completed.	|| time cost : 0h 0m 29.107s
********************************************************************************************************************
Start the 5 rounds of NGS-ED iteration
	effective electronic model is modified as: kinetic energy t = 0.996605, t' = -0.0994369
	                                           effective interaction Vq = [        -13,  -0.235511, -0.0598593,  -0.235511,  -0.235511, -0.0598885,-0.00210855, -0.0598885, -0.0598593,-0.00210855, -0.0184366,-0.00210855,  -0.235511, -0.0598885,-0.00210855, -0.0598885]
	PARPACK diagonalization completed after 30 matrix-vector product operations.
	iteration results: : total energy is -216.520840 | electron energy -216.523096 + phonon energy 0.002256 | electron momentum kIdx = 0
	Nq(0) = 16,	Nq(1) = 0.0642027,	Nq(2) = 0.112121,	Nq(3) = 0.0642027,	Nq(4) = 0.0642027,	Nq(5) = 0.112143,	
	Nq(6) = 0.154998,	Nq(7) = 0.112143,	Nq(8) = 0.112121,	Nq(9) = 0.154998,	Nq(10) = 0.195657,	
	Nq(11) = 0.154998,	Nq(12) = 0.0642027,	Nq(13) = 0.112143,	Nq(14) = 0.154998,	Nq(15) = 0.112143;	
	Sq(0) = -1.76385e-18,	Sq(1) = 0.412825,	Sq(2) = 0.641242,	Sq(3) = 0.412825,	Sq(4) = 0.412825,	
	Sq(5) = 0.641215,	Sq(6) = 0.937614,	Sq(7) = 0.641215,	Sq(8) = 0.641242,	Sq(9) = 0.937614,	
	Sq(10) = 5.00563,	Sq(11) = 0.937614,	Sq(12) = 0.412825,	Sq(13) = 0.641215,	Sq(14) = 0.937614,	
	Sq(15) = 0.641215;	N(0) = 1.77579,	N(1) = 1.57631,	N(2) = 1.00242,	N(3) = 1.57631,	
	N(4) = 1.57631,	N(5) = 0.999893,	N(6) = 0.423932,	N(7) = 0.999893,	N(8) = 1.00242,	
	N(9) = 0.423932,	N(10) = 0.218827,	N(11) = 0.423932,	N(12) = 1.57631,	N(13) = 0.999893,	
	N(14) = 0.423932,	N(15) = 0.999893;	Delta[s](0) = 0.0972874,	Delta[s](1) = 0.0772754,	Delta[s](2) = 0.0560083,	
	Delta[s](3) = 0.0772754,	Delta[s](4) = 0.0772754,	Delta[s](5) = 0.0560225,	Delta[s](6) = 0.032325,	Delta[s](7) = 0.0560225,	
	Delta[s](8) = 0.0560083,	Delta[s](9) = 0.032325,	Delta[s](10) = 0.000841456,	Delta[s](11) = 0.032325,	Delta[s](12) = 0.0772754,	
	Delta[s](13) = 0.0560225,	Delta[s](14) = 0.032325,	Delta[s](15) = 0.0560225;	Delta[d](0) = 0.585305,	Delta[d](1) = 0.443372,	
	Delta[d](2) = 0.333886,	Delta[d](3) = 0.443372,	Delta[d](4) = 0.443372,	Delta[d](5) = 0.340799,	Delta[d](6) = 0.234742,	
	Delta[d](7) = 0.340799,	Delta[d](8) = 0.333886,	Delta[d](9) = 0.234742,	Delta[d](10) = 0.115404,	Delta[d](11) = 0.234742,	
	Delta[d](12) = 0.443372,	Delta[d](13) = 0.340799,	Delta[d](14) = 0.234742,	Delta[d](15) = 0.340799;	Delta[s+](0) = 0.607619,	
	Delta[s+](1) = 0.47928,	Delta[s+](2) = 0.333886,	Delta[s+](3) = 0.47928,	Delta[s+](4) = 0.47928,	Delta[s+](5) = 0.333589,	
	Delta[s+](6) = 0.190898,	Delta[s+](7) = 0.333589,	Delta[s+](8) = 0.333886,	Delta[s+](9) = 0.190898,	Delta[s+](10) = 0.0661482,	
	Delta[s+](11) = 0.190898,	Delta[s+](12) = 0.47928,	Delta[s+](13) = 0.333589,	Delta[s+](14) = 0.190898,	Delta[s+](15) = 0.333589
	
The 5-th iteration is completed.	|| time cost : 0h 4m 20.065s
********************************************************************************************************************
********************************************************************************************************************
Ground state is obtained after 6 iterations. The current ground-state energy is -216.521, in which electron energy is -216.523 and phonon energy is 0.00225645
Final variational state is: 
	Gamma_x = [      1, 1.1218,1.05253, 1.1218, 1.1218,1.05257, 1.0025,1.05257,1.05253, 1.0025,1.02794, 1.0025, 1.1218,1.05257, 1.0025,1.05257]
	lambda_q = [        10,    0.1321, 0.0603325,    0.1321,    0.1321, 0.0603622,  0.010616, 0.0603622, 0.0603325,  0.010616,-0.0309349,  0.010616,    0.1321, 0.0603622,  0.010616, 0.0603622]
Effective e-e interactions mediated by phonons are:
	momentum-space Vq = [        -13,  -0.235511, -0.0598593,  -0.235511,  -0.235511, -0.0598885,-0.00210855, -0.0598885, -0.0598593,-0.00210855, -0.0184366,-0.00210855,  -0.235511, -0.0598885,-0.00210855, -0.0598885]
	real-space Vr = [-0.895512,-0.840523,-0.806163,-0.840523,-0.840523, -0.80617,-0.782172, -0.80617,-0.806163,-0.782172,-0.776702,-0.782172,-0.840523, -0.80617,-0.782172, -0.80617]
********************************************************************************************************************
o___o  ----------------------------------------
| L |	Time since last clock: 0h 0m 0.012s
A===A	Time since the beginning: 0h 15m 52.979s
***********************************************


Non-Gaussina ED ground state calculation is completed. The final ground-state energy is -216.521
********************************************************************************************************************
o___o  ----------------------------------------
| L |	Time since last clock: 0h 0m 0.004s
A===A	Time since the beginning: 0h 15m 52.983s
***********************************************



********************************************************************************************************************
All non-Gaussian ED ground state calculations have been completed. Exit now.
