SNEDics v3.4 Non-Gaussian ED ground state program		Start at Sat Sep 21 22:02:10 2019

parallized on 16 MPI threads  * 8 OpenMP threads = 128 total threads.
********************************************************************************************************************
********************************************************************************************************************

********************************************************************************************************************
System parameters and configurations
********************************************************************************************************************
Special program options are enabled: splitted diagonal Hamiltonian
********************************************************************************************************************
Read input file "model_params.in"
	Hubbard-Holstein model parameters : 	t = 1    U = 6.7    g = 4.1833    W = 5    
********************************************************************************************************************
Read input file "hilbertspace_params.in"
	Requested 16-site 2D lattice, with 16 electrons (8, 8)
	Boundary : Periodic		Hilbert space representation : momentum-space (restricted to kIdx = 0)
	Conservation: particle number[U(1)]      spin[U(1)]     momentum
********************************************************************************************************************

Cluster Positions:				Cluster symmetry group : D4
 x ... x ... x ... x .....                       x ... x ... x ... x .....
 |           |           :                       |           |           :
 |           |           :                       |           |           :
12    13    14    15     x                       1     5     6     5     x
 |           |           :                       |           |           :
 |           |           :                       |           |           :
 8 --- 9 ---10 ---11 --- x                       2 --- 6 ---10 --- 6 --- x
 |           |           :                       |           |           :
 |           |           :                       |           |           :
 4     5     6     7     x                       1     5     6     5     x
 |           |           :                       |           |           :
 |           |           :                       |           |           :
 0 --- 1 --- 2 --- 3 --- x                       0 --- 1 --- 2 --- 1 --- x
orbital number : 1
********************************************************************************************************************
Read input file "obs_params.in"
	Observable Type : Nq(All),   Sq(All),   N(All),   Delta[s](All),   Delta[d](All),   Delta[s+](All)
********************************************************************************************************************
** WARNING ** the input observables have non-local factors which have been reinterpreted. The total observable number is 96
********************************************************************************************************************


********************************************************************************************************************
Start calculating the non-Gaussian ED ground state
** WARNING ** Detected low phonon energy W < 10. The initial state will be prepared through a warm-up process.
********************************************************************************************************************
Start warm-up calculation for scaling factor 2
open output files: NGSEDWarmUpW10Obs.txt
********************************************************************************************************************
Start the 0 rounds of NGS-ED iteration
	effective electronic model is modified as: kinetic energy t = 1
	                                           effective interaction Vq = [-0,-0,-0,-0,-0,-0,-0,-0,-0,-0,-0,-0,-0,-0,-0,-0]
	first Hamiltonian is constructed, non-zero numbers = 2845383612
	PARPACK diagonalization completed after 90 matrix-vector product operations.
	iteration results: : total energy is -9.729940 | electron energy -9.729940 + phonon energy 0.000000 | electron momentum kIdx = 0
	Nq(0) = 16,	Nq(1) = 0.0834711,	Nq(2) = 0.140906,	Nq(3) = 0.0834711,	Nq(4) = 0.0834711,	Nq(5) = 0.140906,	Nq(6) = 0.192917,	Nq(7) = 0.140906,	Nq(8) = 0.140906,	Nq(9) = 0.192917,	Nq(10) = 0.241362,	Nq(11) = 0.192917,	Nq(12) = 0.0834711,	Nq(13) = 0.140906,	Nq(14) = 0.192917,	Nq(15) = 0.140906,	Sq(0) = 1.65631e-19,	Sq(1) = 0.420424,	Sq(2) = 0.637094,	Sq(3) = 0.420424,	Sq(4) = 0.420424,	Sq(5) = 0.637094,	Sq(6) = 0.899511,	Sq(7) = 0.637094,	Sq(8) = 0.637094,	Sq(9) = 0.899511,	Sq(10) = 4.70534,	Sq(11) = 0.899511,	Sq(12) = 0.420424,	Sq(13) = 0.637094,	Sq(14) = 0.899511,	Sq(15) = 0.637094,	N(0) = 1.82884,	N(1) = 1.65273,	N(2) = 1,	N(3) = 1.65273,	N(4) = 1.65273,	N(5) = 1,	N(6) = 0.347275,	N(7) = 1,	N(8) = 1,	N(9) = 0.347275,	N(10) = 0.171161,	N(11) = 0.347275,	N(12) = 1.65273,	N(13) = 1,	N(14) = 0.347275,	N(15) = 1,	Delta[s](0) = 0.106695,	Delta[s](1) = 0.0889555,	Delta[s](2) = 0.06992,	Delta[s](3) = 0.0889555,	Delta[s](4) = 0.0889555,	Delta[s](5) = 0.06992,	Delta[s](6) = 0.0489136,	Delta[s](7) = 0.06992,	Delta[s](8) = 0.06992,	Delta[s](9) = 0.0489136,	Delta[s](10) = 0.0184838,	Delta[s](11) = 0.0489136,	Delta[s](12) = 0.0889555,	Delta[s](13) = 0.06992,	Delta[s](14) = 0.0489136,	Delta[s](15) = 0.06992,	Delta[d](0) = 0.579218,	Delta[d](1) = 0.435555,	Delta[d](2) = 0.333925,	Delta[d](3) = 0.435555,	Delta[d](4) = 0.435555,	Delta[d](5) = 0.341735,	Delta[d](6) = 0.24033,	Delta[d](7) = 0.341735,	Delta[d](8) = 0.333925,	Delta[d](9) = 0.24033,	Delta[d](10) = 0.120153,	Delta[d](11) = 0.24033,	Delta[d](12) = 0.435555,	Delta[d](13) = 0.341735,	Delta[d](14) = 0.24033,	Delta[d](15) = 0.341735,	Delta[s+](0) = 0.610882,	Delta[s+](1) = 0.482843,	Delta[s+](2) = 0.333925,	Delta[s+](3) = 0.482843,	Delta[s+](4) = 0.482843,	Delta[s+](5) = 0.333925,	Delta[s+](6) = 0.18871,	Delta[s+](7) = 0.333925,	Delta[s+](8) = 0.333925,	Delta[s+](9) = 0.18871,	Delta[s+](10) = 0.0648758,	Delta[s+](11) = 0.18871,	Delta[s+](12) = 0.482843,	Delta[s+](13) = 0.333925,	Delta[s+](14) = 0.18871,	Delta[s+](15) = 0.333925
The 0-th iteration is completed.	|| time cost : 0h 14m 17.024s
********************************************************************************************************************
Start the 1 rounds of NGS-ED iteration
	effective electronic model is modified as: kinetic energy t = 0.924754
	                                           effective interaction Vq = [-3.02633,-2.62043,-2.55107,-2.62043,-2.62043,-2.55107, -2.5103,-2.55107,-2.55107, -2.5103,-2.48059, -2.5103,-2.62043,-2.55107, -2.5103,-2.55107]
	PARPACK diagonalization completed after 45 matrix-vector product operations.
	iteration results: : total energy is -65.699944 | electron energy -65.703815 + phonon energy 0.003872 | electron momentum kIdx = 0
The 1-th iteration is completed.	|| time cost : 0h 10m 36.016s
********************************************************************************************************************
Start the 2 rounds of NGS-ED iteration
	effective electronic model is modified as: kinetic energy t = 0.86204
	                                           effective interaction Vq = [ -3.4359,-3.22246,-3.09832,-3.22246,-3.22246,-3.09832,-3.08465,-3.09832,-3.09832,-3.08465,-3.02739,-3.08465,-3.22246,-3.09832,-3.08465,-3.09832]
	PARPACK diagonalization completed after 60 matrix-vector product operations.
	iteration results: : total energy is -74.054564 | electron energy -74.097428 + phonon energy 0.042864 | electron momentum kIdx = 0
The 2-th iteration is completed.	|| time cost : 0h 1m 20.81s
********************************************************************************************************************
Start the 3 rounds of NGS-ED iteration
	effective electronic model is modified as: kinetic energy t = 0.834807
	                                           effective interaction Vq = [-3.49132,-3.37369,-3.23758,-3.37369,-3.37369,-3.23758,-3.25165,-3.23758,-3.23758,-3.25165,-3.17556,-3.25165,-3.37369,-3.23758,-3.25165,-3.23758]
	PARPACK diagonalization completed after 45 matrix-vector product operations.
	iteration results: : total energy is -75.250731 | electron energy -75.332924 + phonon energy 0.082193 | electron momentum kIdx = 0
The 3-th iteration is completed.	|| time cost : 0h 1m 8.25s
********************************************************************************************************************
Start the 4 rounds of NGS-ED iteration
	effective electronic model is modified as: kinetic energy t = 0.824206
	                                           effective interaction Vq = [-3.49883,-3.41732,-3.27904,-3.41732,-3.41732,-3.27904,-3.30708,-3.27904,-3.27904,-3.30708,-3.22125,-3.30708,-3.41732,-3.27904,-3.30708,-3.27904]
	PARPACK diagonalization completed after 60 matrix-vector product operations.
	iteration results: : total energy is -75.417909 | electron energy -75.520089 + phonon energy 0.102180 | electron momentum kIdx = 0
The 4-th iteration is completed.	|| time cost : 0h 1m 20.822s
********************************************************************************************************************
Start the 5 rounds of NGS-ED iteration
	effective electronic model is modified as: kinetic energy t = 0.820229
	                                           effective interaction Vq = [-3.49984,-3.43155,-3.29249,-3.43155,-3.43155,-3.29249,-3.32695,-3.29249,-3.29249,-3.32695,-3.23635,-3.32695,-3.43155,-3.29249,-3.32695,-3.29249]
	PARPACK diagonalization completed after 45 matrix-vector product operations.
	iteration results: : total energy is -75.440948 | electron energy -75.551382 + phonon energy 0.110434 | electron momentum kIdx = 0
The 5-th iteration is completed.	|| time cost : 0h 1m 8.484s
********************************************************************************************************************
Start the 6 rounds of NGS-ED iteration
	effective electronic model is modified as: kinetic energy t = 0.818755
	                                           effective interaction Vq = [-3.49998,-3.43654,-3.29702,-3.43654,-3.43654,-3.29702,-3.33435,-3.29702,-3.29702,-3.33435, -3.2415,-3.33435,-3.43654,-3.29702,-3.33435,-3.29702]
	PARPACK diagonalization completed after 45 matrix-vector product operations.
	iteration results: : total energy is -75.444104 | electron energy -75.557718 + phonon energy 0.113614 | electron momentum kIdx = 0
The 6-th iteration is completed.	|| time cost : 0h 1m 8.37s
********************************************************************************************************************
Start the 7 rounds of NGS-ED iteration
	effective electronic model is modified as: kinetic energy t = 0.818211
	                                           effective interaction Vq = [    -3.5,-3.43836,-3.29857,-3.43836,-3.43836,-3.29857,-3.33715,-3.29857,-3.29857,-3.33715,-3.24328,-3.33715,-3.43836,-3.29857,-3.33715,-3.29857]
	PARPACK diagonalization completed after 30 matrix-vector product operations.
	iteration results: : total energy is -75.444536 | electron energy -75.559345 + phonon energy 0.114809 | electron momentum kIdx = 0
The 7-th iteration is completed.	|| time cost : 0h 0m 56.271s
********************************************************************************************************************
Start the 8 rounds of NGS-ED iteration
	effective electronic model is modified as: kinetic energy t = 0.81801
	                                           effective interaction Vq = [    -3.5,-3.43903,-3.29911,-3.43903,-3.43903,-3.29911,-3.33822,-3.29911,-3.29911,-3.33822, -3.2439,-3.33822,-3.43903,-3.29911,-3.33822,-3.29911]
	PARPACK diagonalization completed after 30 matrix-vector product operations.
	iteration results: : total energy is -75.444595 | electron energy -75.559849 + phonon energy 0.115254 | electron momentum kIdx = 0
The 8-th iteration is completed.	|| time cost : 0h 0m 56.388s
********************************************************************************************************************
Start the 9 rounds of NGS-ED iteration
	effective electronic model is modified as: kinetic energy t = 0.817935
	                                           effective interaction Vq = [    -3.5,-3.43927,-3.29929,-3.43927,-3.43927,-3.29929,-3.33863,-3.29929,-3.29929,-3.33863,-3.24412,-3.33863,-3.43927,-3.29929,-3.33863,-3.29929]
	PARPACK diagonalization completed after 30 matrix-vector product operations.
	iteration results: : total energy is -75.444603 | electron energy -75.560023 + phonon energy 0.115420 | electron momentum kIdx = 0
	Nq(0) = 16,	Nq(1) = 0.392281,	Nq(2) = 0.371644,	Nq(3) = 0.392281,	Nq(4) = 0.392281,	Nq(5) = 0.371644,	Nq(6) = 0.625578,	Nq(7) = 0.371644,	Nq(8) = 0.371644,	Nq(9) = 0.625578,	Nq(10) = 0.608822,	Nq(11) = 0.625578,	Nq(12) = 0.392281,	Nq(13) = 0.371644,	Nq(14) = 0.625578,	Nq(15) = 0.371644,	Sq(0) = 8.8801e-19,	Sq(1) = 0.373332,	Sq(2) = 0.541589,	Sq(3) = 0.373332,	Sq(4) = 0.373332,	Sq(5) = 0.541589,	Sq(6) = 0.623486,	Sq(7) = 0.541589,	Sq(8) = 0.541589,	Sq(9) = 0.623486,	Sq(10) = 1.85307,	Sq(11) = 0.623486,	Sq(12) = 0.373332,	Sq(13) = 0.541589,	Sq(14) = 0.623486,	Sq(15) = 0.541589,	N(0) = 1.99993,	N(1) = 1.99969,	N(2) = 1,	N(3) = 1.99969,	N(4) = 1.99969,	N(5) = 1,	N(6) = 0.000307871,	N(7) = 1,	N(8) = 1,	N(9) = 0.000307871,	N(10) = 7.38436e-05,	N(11) = 0.000307871,	N(12) = 1.99969,	N(13) = 1,	N(14) = 0.000307871,	N(15) = 1,	Delta[s](0) = 0.259665,	Delta[s](1) = 0.258824,	Delta[s](2) = 0.204172,	Delta[s](3) = 0.258824,	Delta[s](4) = 0.258824,	Delta[s](5) = 0.204172,	Delta[s](6) = 0.203297,	Delta[s](7) = 0.204172,	Delta[s](8) = 0.204172,	Delta[s](9) = 0.203297,	Delta[s](10) = 0.121877,	Delta[s](11) = 0.203297,	Delta[s](12) = 0.258824,	Delta[s](13) = 0.204172,	Delta[s](14) = 0.203297,	Delta[s](15) = 0.204172,	Delta[d](0) = 0.533926,	Delta[d](1) = 0.3102,	Delta[d](2) = 0.274549,	Delta[d](3) = 0.3102,	Delta[d](4) = 0.3102,	Delta[d](5) = 0.326162,	Delta[d](6) = 0.245359,	Delta[d](7) = 0.326162,	Delta[d](8) = 0.274549,	Delta[d](9) = 0.245359,	Delta[d](10) = 0.122918,	Delta[d](11) = 0.245359,	Delta[d](12) = 0.3102,	Delta[d](13) = 0.326162,	Delta[d](14) = 0.245359,	Delta[d](15) = 0.326162,	Delta[s+](0) = 0.498057,	Delta[s+](1) = 0.40909,	Delta[s+](2) = 0.274549,	Delta[s+](3) = 0.40909,	Delta[s+](4) = 0.40909,	Delta[s+](5) = 0.274549,	Delta[s+](6) = 0.137279,	Delta[s+](7) = 0.274549,	Delta[s+](8) = 0.274549,	Delta[s+](9) = 0.137279,	Delta[s+](10) = 0.0436748,	Delta[s+](11) = 0.137279,	Delta[s+](12) = 0.40909,	Delta[s+](13) = 0.274549,	Delta[s+](14) = 0.137279,	Delta[s+](15) = 0.274549
The 9-th iteration is completed.	|| time cost : 0h 8m 45.793s
********************************************************************************************************************
********************************************************************************************************************
Ground state is obtained after 10 iterations. The current ground-state energy is -75.4446, in which electron energy is -75.56 and phonon energy is 0.11542
final variational state is: 
	Gamma_x = [      1,1.03186,1.04849,1.03186,1.03186,1.04849,1.07651,1.04849,1.04849,1.07651,1.08758,1.07651,1.03186,1.04849,1.07651,1.04849]
	lambda_q = [0.591581, 0.51374,0.449959, 0.51374, 0.51374,0.449959,0.464638,0.449959,0.449959,0.464638,0.431669,0.464638, 0.51374,0.449959,0.464638,0.449959]
********************************************************************************************************************
o___o  ----------------------------------------
| L |	Time since last clock: 0h 0m 0s
A===A	Time since the beginning: 0h 41m 38.232s
***********************************************


********************************************************************************************************************
Warm up runs have been completed. Start calculating W = 5 phonon.
open output files: NGSEDIterationObs.txt
********************************************************************************************************************
Start the 0 rounds of NGS-ED iteration
	effective electronic model is modified as: kinetic energy t = 0.817908
	                                           effective interaction Vq = [-3.19968,-2.97861,-2.75231,-2.97861,-2.97861,-2.75231,  -2.808,-2.75231,-2.75231,  -2.808,-2.67991,  -2.808,-2.97861,-2.75231,  -2.808,-2.75231]
	PARPACK diagonalization completed after 45 matrix-vector product operations.
	iteration results: : total energy is -67.385155 | electron energy -67.442895 + phonon energy 0.057741 | electron momentum kIdx = 0
	Nq(0) = 16,	Nq(1) = 0.299318,	Nq(2) = 0.333462,	Nq(3) = 0.299318,	Nq(4) = 0.299318,	Nq(5) = 0.333462,	Nq(6) = 0.50354,	Nq(7) = 0.333462,	Nq(8) = 0.333462,	Nq(9) = 0.50354,	Nq(10) = 0.542749,	Nq(11) = 0.50354,	Nq(12) = 0.299318,	Nq(13) = 0.333462,	Nq(14) = 0.50354,	Nq(15) = 0.333462,	Sq(0) = -8.22857e-18,	Sq(1) = 0.401593,	Sq(2) = 0.583651,	Sq(3) = 0.401593,	Sq(4) = 0.401593,	Sq(5) = 0.583651,	Sq(6) = 0.689946,	Sq(7) = 0.583651,	Sq(8) = 0.583651,	Sq(9) = 0.689946,	Sq(10) = 2.37698,	Sq(11) = 0.689946,	Sq(12) = 0.401593,	Sq(13) = 0.583651,	Sq(14) = 0.689946,	Sq(15) = 0.583651,	N(0) = 1.99092,	N(1) = 1.98269,	N(2) = 1,	N(3) = 1.98269,	N(4) = 1.98269,	N(5) = 1,	N(6) = 0.0173083,	N(7) = 1,	N(8) = 1,	N(9) = 0.0173083,	N(10) = 0.00908174,	N(11) = 0.0173083,	N(12) = 1.98269,	N(13) = 1,	N(14) = 0.0173083,	N(15) = 1,	Delta[s](0) = 0.221051,	Delta[s](1) = 0.209398,	Delta[s](2) = 0.175528,	Delta[s](3) = 0.209398,	Delta[s](4) = 0.209398,	Delta[s](5) = 0.175528,	Delta[s](6) = 0.164556,	Delta[s](7) = 0.175528,	Delta[s](8) = 0.175528,	Delta[s](9) = 0.164556,	Delta[s](10) = 0.107441,	Delta[s](11) = 0.164556,	Delta[s](12) = 0.209398,	Delta[s](13) = 0.175528,	Delta[s](14) = 0.164556,	Delta[s](15) = 0.175528,	Delta[d](0) = 0.555559,	Delta[d](1) = 0.351587,	Delta[d](2) = 0.303376,	Delta[d](3) = 0.351587,	Delta[d](4) = 0.351587,	Delta[d](5) = 0.342493,	Delta[d](6) = 0.259997,	Delta[d](7) = 0.342493,	Delta[d](8) = 0.303376,	Delta[d](9) = 0.259997,	Delta[d](10) = 0.133817,	Delta[d](11) = 0.259997,	Delta[d](12) = 0.351587,	Delta[d](13) = 0.342493,	Delta[d](14) = 0.259997,	Delta[d](15) = 0.342493,	Delta[s+](0) = 0.556975,	Delta[s+](1) = 0.452723,	Delta[s+](2) = 0.303376,	Delta[s+](3) = 0.452723,	Delta[s+](4) = 0.452723,	Delta[s+](5) = 0.303376,	Delta[s+](6) = 0.156026,	Delta[s+](7) = 0.303376,	Delta[s+](8) = 0.303376,	Delta[s+](9) = 0.156026,	Delta[s+](10) = 0.0499842,	Delta[s+](11) = 0.156026,	Delta[s+](12) = 0.452723,	Delta[s+](13) = 0.303376,	Delta[s+](14) = 0.156026,	Delta[s+](15) = 0.303376
The 0-th iteration is completed.	|| time cost : 0h 9m 0.512s
********************************************************************************************************************
Start the 1 rounds of NGS-ED iteration
	effective electronic model is modified as: kinetic energy t = 0.802549
	                                           effective interaction Vq = [-3.38952,-3.11992,-2.86438,-3.11992,-3.11992,-2.86438,-2.90458,-2.86438,-2.86438,-2.90458,-2.77411,-2.90458,-3.11992,-2.86438,-2.90458,-2.86438]
	PARPACK diagonalization completed after 45 matrix-vector product operations.
	iteration results: : total energy is -70.608742 | electron energy -70.768403 + phonon energy 0.159660 | electron momentum kIdx = 0
The 1-th iteration is completed.	|| time cost : 0h 1m 8.873s
********************************************************************************************************************
Start the 2 rounds of NGS-ED iteration
	effective electronic model is modified as: kinetic energy t = 0.790652
	                                           effective interaction Vq = [-3.45936,-3.20077,-2.93108,-3.20077,-3.20077,-2.93108,-2.97305,-2.93108,-2.93108,-2.97305,-2.83921,-2.97305,-3.20077,-2.93108,-2.97305,-2.93108]
	PARPACK diagonalization completed after 45 matrix-vector product operations.
	iteration results: : total energy is -71.800834 | electron energy -72.028234 + phonon energy 0.227400 | electron momentum kIdx = 0
The 2-th iteration is completed.	|| time cost : 0h 1m 11.426s
********************************************************************************************************************
Start the 3 rounds of NGS-ED iteration
	effective electronic model is modified as: kinetic energy t = 0.78244
	                                           effective interaction Vq = [-3.48505,-3.24824,-2.97052,-3.24824,-3.24824,-2.97052,-3.01829,-2.97052,-2.97052,-3.01829, -2.8803,-3.01829,-3.24824,-2.97052,-3.01829,-2.97052]
	PARPACK diagonalization completed after 45 matrix-vector product operations.
	iteration results: : total energy is -72.242704 | electron energy -72.511787 + phonon energy 0.269083 | electron momentum kIdx = 0
The 3-th iteration is completed.	|| time cost : 0h 1m 8.995s
********************************************************************************************************************
Start the 4 rounds of NGS-ED iteration
	effective electronic model is modified as: kinetic energy t = 0.777027
	                                           effective interaction Vq = [ -3.4945, -3.2767,-2.99393, -3.2767, -3.2767,-2.99393,-3.04761,-2.99393,-2.99393,-3.04761,-2.90557,-3.04761, -3.2767,-2.99393,-3.04761,-2.99393]
	PARPACK diagonalization completed after 45 matrix-vector product operations.
	iteration results: : total energy is -72.406600 | electron energy -72.701529 + phonon energy 0.294929 | electron momentum kIdx = 0
The 4-th iteration is completed.	|| time cost : 0h 1m 8.952s
********************************************************************************************************************
Start the 5 rounds of NGS-ED iteration
	effective electronic model is modified as: kinetic energy t = 0.773534
	                                           effective interaction Vq = [-3.49798,-3.29406, -3.0079,-3.29406,-3.29406, -3.0079,-3.06654, -3.0079, -3.0079,-3.06654,-2.92102,-3.06654,-3.29406, -3.0079,-3.06654, -3.0079]
	PARPACK diagonalization completed after 45 matrix-vector product operations.
	iteration results: : total energy is -72.467417 | electron energy -72.778569 + phonon energy 0.311152 | electron momentum kIdx = 0
The 5-th iteration is completed.	|| time cost : 0h 1m 10.066s
********************************************************************************************************************
Start the 6 rounds of NGS-ED iteration
	effective electronic model is modified as: kinetic energy t = 0.771303
	                                           effective interaction Vq = [-3.49926,-3.30477,-3.01628,-3.30477,-3.30477,-3.01628,-3.07875,-3.01628,-3.01628,-3.07875,-2.93046,-3.07875,-3.30477,-3.01628,-3.07875,-3.01628]
	PARPACK diagonalization completed after 45 matrix-vector product operations.
	iteration results: : total energy is -72.489997 | electron energy -72.811405 + phonon energy 0.321407 | electron momentum kIdx = 0
The 6-th iteration is completed.	|| time cost : 0h 1m 8.679s
********************************************************************************************************************
Start the 7 rounds of NGS-ED iteration
	effective electronic model is modified as: kinetic energy t = 0.769884
	                                           effective interaction Vq = [-3.49973,-3.31144,-3.02134,-3.31144,-3.31144,-3.02134,-3.08664,-3.02134,-3.02134,-3.08664,-2.93624,-3.08664,-3.31144,-3.02134,-3.08664,-3.02134]
	PARPACK diagonalization completed after 45 matrix-vector product operations.
	iteration results: : total energy is -72.498387 | electron energy -72.826298 + phonon energy 0.327912 | electron momentum kIdx = 0
The 7-th iteration is completed.	|| time cost : 0h 1m 8.613s
********************************************************************************************************************
Start the 8 rounds of NGS-ED iteration
	effective electronic model is modified as: kinetic energy t = 0.768984
	                                           effective interaction Vq = [ -3.4999,-3.31562, -3.0244,-3.31562,-3.31562, -3.0244,-3.09174, -3.0244, -3.0244,-3.09174,-2.93979,-3.09174,-3.31562, -3.0244,-3.09174, -3.0244]
	PARPACK diagonalization completed after 30 matrix-vector product operations.
	iteration results: : total energy is -72.501506 | electron energy -72.833549 + phonon energy 0.332043 | electron momentum kIdx = 0
The 8-th iteration is completed.	|| time cost : 0h 0m 56.521s
********************************************************************************************************************
Start the 9 rounds of NGS-ED iteration
	effective electronic model is modified as: kinetic energy t = 0.768413
	                                           effective interaction Vq = [-3.49996,-3.31824,-3.02626,-3.31824,-3.31824,-3.02626,-3.09504,-3.02626,-3.02626,-3.09504,-2.94198,-3.09504,-3.31824,-3.02626,-3.09504,-3.02626]
	PARPACK diagonalization completed after 45 matrix-vector product operations.
	iteration results: : total energy is -72.502667 | electron energy -72.837336 + phonon energy 0.334669 | electron momentum kIdx = 0
The 9-th iteration is completed.	|| time cost : 0h 1m 8.346s
********************************************************************************************************************
Start the 10 rounds of NGS-ED iteration
	effective electronic model is modified as: kinetic energy t = 0.768051
	                                           effective interaction Vq = [-3.49999, -3.3199, -3.0274, -3.3199, -3.3199, -3.0274,-3.09717, -3.0274, -3.0274,-3.09717,-2.94332,-3.09717, -3.3199, -3.0274,-3.09717, -3.0274]
	PARPACK diagonalization completed after 30 matrix-vector product operations.
	iteration results: : total energy is -72.503100 | electron energy -72.839438 + phonon energy 0.336338 | electron momentum kIdx = 0
	Nq(0) = 16,	Nq(1) = 0.361074,	Nq(2) = 0.353195,	Nq(3) = 0.361074,	Nq(4) = 0.361074,	Nq(5) = 0.353195,	Nq(6) = 0.565224,	Nq(7) = 0.353195,	Nq(8) = 0.353195,	Nq(9) = 0.565224,	Nq(10) = 0.573119,	Nq(11) = 0.565224,	Nq(12) = 0.361074,	Nq(13) = 0.353195,	Nq(14) = 0.565224,	Nq(15) = 0.353195,	Sq(0) = 4.09061e-19,	Sq(1) = 0.386606,	Sq(2) = 0.563101,	Sq(3) = 0.386606,	Sq(4) = 0.386606,	Sq(5) = 0.563101,	Sq(6) = 0.653643,	Sq(7) = 0.563101,	Sq(8) = 0.563101,	Sq(9) = 0.653643,	Sq(10) = 2.06292,	Sq(11) = 0.653643,	Sq(12) = 0.386606,	Sq(13) = 0.563101,	Sq(14) = 0.653643,	Sq(15) = 0.563101,	N(0) = 1.99717,	N(1) = 1.99639,	N(2) = 1,	N(3) = 1.99639,	N(4) = 1.99639,	N(5) = 1,	N(6) = 0.00361004,	N(7) = 1,	N(8) = 1,	N(9) = 0.00361004,	N(10) = 0.00282805,	N(11) = 0.00361004,	N(12) = 1.99639,	N(13) = 1,	N(14) = 0.00361004,	N(15) = 1,	Delta[s](0) = 0.234732,	Delta[s](1) = 0.228413,	Delta[s](2) = 0.193947,	Delta[s](3) = 0.228413,	Delta[s](4) = 0.228413,	Delta[s](5) = 0.193947,	Delta[s](6) = 0.188159,	Delta[s](7) = 0.193947,	Delta[s](8) = 0.193947,	Delta[s](9) = 0.188159,	Delta[s](10) = 0.134041,	Delta[s](11) = 0.188159,	Delta[s](12) = 0.228413,	Delta[s](13) = 0.193947,	Delta[s](14) = 0.188159,	Delta[s](15) = 0.193947,	Delta[d](0) = 0.574358,	Delta[d](1) = 0.362765,	Delta[d](2) = 0.317345,	Delta[d](3) = 0.362765,	Delta[d](4) = 0.362765,	Delta[d](5) = 0.36192,	Delta[d](6) = 0.279422,	Delta[d](7) = 0.36192,	Delta[d](8) = 0.317345,	Delta[d](9) = 0.279422,	Delta[d](10) = 0.156406,	Delta[d](11) = 0.279422,	Delta[d](12) = 0.362765,	Delta[d](13) = 0.36192,	Delta[d](14) = 0.279422,	Delta[d](15) = 0.36192,	Delta[s+](0) = 0.567035,	Delta[s+](1) = 0.464514,	Delta[s+](2) = 0.317345,	Delta[s+](3) = 0.464514,	Delta[s+](4) = 0.464514,	Delta[s+](5) = 0.317345,	Delta[s+](6) = 0.168821,	Delta[s+](7) = 0.317345,	Delta[s+](8) = 0.317345,	Delta[s+](9) = 0.168821,	Delta[s+](10) = 0.0624321,	Delta[s+](11) = 0.168821,	Delta[s+](12) = 0.464514,	Delta[s+](13) = 0.317345,	Delta[s+](14) = 0.168821,	Delta[s+](15) = 0.317345
The 10-th iteration is completed.	|| time cost : 0h 8m 46.795s
********************************************************************************************************************
Start the 11 rounds of NGS-ED iteration
	effective electronic model is modified as: kinetic energy t = 0.767821
	                                           effective interaction Vq = [-3.49999,-3.32094,-3.02809,-3.32094,-3.32094,-3.02809,-3.09855,-3.02809,-3.02809,-3.09855,-2.94416,-3.09855,-3.32094,-3.02809,-3.09855,-3.02809]
	PARPACK diagonalization completed after 30 matrix-vector product operations.
	iteration results: : total energy is -72.503261 | electron energy -72.840662 + phonon energy 0.337400 | electron momentum kIdx = 0
The 11-th iteration is completed.	|| time cost : 0h 0m 56.488s
********************************************************************************************************************
Start the 12 rounds of NGS-ED iteration
	effective electronic model is modified as: kinetic energy t = 0.767676
	                                           effective interaction Vq = [    -3.5, -3.3216,-3.02852, -3.3216, -3.3216,-3.02852,-3.09944,-3.02852,-3.02852,-3.09944,-2.94467,-3.09944, -3.3216,-3.02852,-3.09944,-3.02852]
	PARPACK diagonalization completed after 30 matrix-vector product operations.
	iteration results: : total energy is -72.503322 | electron energy -72.841398 + phonon energy 0.338076 | electron momentum kIdx = 0
The 12-th iteration is completed.	|| time cost : 0h 0m 56.457s
********************************************************************************************************************
Start the 13 rounds of NGS-ED iteration
	effective electronic model is modified as: kinetic energy t = 0.767583
	                                           effective interaction Vq = [    -3.5,-3.32202,-3.02878,-3.32202,-3.32202,-3.02878,-3.10002,-3.02878,-3.02878,-3.10002,-2.94499,-3.10002,-3.32202,-3.02878,-3.10002,-3.02878]
	PARPACK diagonalization completed after 30 matrix-vector product operations.
	iteration results: : total energy is -72.503344 | electron energy -72.841850 + phonon energy 0.338506 | electron momentum kIdx = 0
The 13-th iteration is completed.	|| time cost : 0h 0m 56.098s
********************************************************************************************************************
Start the 14 rounds of NGS-ED iteration
	effective electronic model is modified as: kinetic energy t = 0.767524
	                                           effective interaction Vq = [    -3.5,-3.32229,-3.02894,-3.32229,-3.32229,-3.02894,-3.10039,-3.02894,-3.02894,-3.10039,-2.94519,-3.10039,-3.32229,-3.02894,-3.10039,-3.02894]
	PARPACK diagonalization completed after 30 matrix-vector product operations.
	iteration results: : total energy is -72.503353 | electron energy -72.842133 + phonon energy 0.338780 | electron momentum kIdx = 0
The 14-th iteration is completed.	|| time cost : 0h 0m 56.69s
********************************************************************************************************************
Start the 15 rounds of NGS-ED iteration
	effective electronic model is modified as: kinetic energy t = 0.767487
	                                           effective interaction Vq = [    -3.5,-3.32246,-3.02904,-3.32246,-3.32246,-3.02904,-3.10063,-3.02904,-3.02904,-3.10063,-2.94531,-3.10063,-3.32246,-3.02904,-3.10063,-3.02904]
	PARPACK diagonalization completed after 30 matrix-vector product operations.
	iteration results: : total energy is -72.503356 | electron energy -72.842311 + phonon energy 0.338955 | electron momentum kIdx = 0
The 15-th iteration is completed.	|| time cost : 0h 0m 56.363s
********************************************************************************************************************
Start the 16 rounds of NGS-ED iteration
	effective electronic model is modified as: kinetic energy t = 0.767463
	                                           effective interaction Vq = [    -3.5,-3.32256, -3.0291,-3.32256,-3.32256, -3.0291,-3.10078, -3.0291, -3.0291,-3.10078,-2.94539,-3.10078,-3.32256, -3.0291,-3.10078, -3.0291]
	PARPACK diagonalization completed after 30 matrix-vector product operations.
	iteration results: : total energy is -72.503357 | electron energy -72.842423 + phonon energy 0.339066 | electron momentum kIdx = 0
The 16-th iteration is completed.	|| time cost : 0h 0m 56.146s
********************************************************************************************************************
Start the 17 rounds of NGS-ED iteration
	effective electronic model is modified as: kinetic energy t = 0.767448
	                                           effective interaction Vq = [    -3.5,-3.32263,-3.02914,-3.32263,-3.32263,-3.02914,-3.10088,-3.02914,-3.02914,-3.10088,-2.94544,-3.10088,-3.32263,-3.02914,-3.10088,-3.02914]
	PARPACK diagonalization completed after 30 matrix-vector product operations.
	iteration results: : total energy is -72.503357 | electron energy -72.842494 + phonon energy 0.339137 | electron momentum kIdx = 0
The 17-th iteration is completed.	|| time cost : 0h 0m 56.155s
********************************************************************************************************************
Start the 18 rounds of NGS-ED iteration
	effective electronic model is modified as: kinetic energy t = 0.767439
	                                           effective interaction Vq = [    -3.5,-3.32267,-3.02917,-3.32267,-3.32267,-3.02917,-3.10094,-3.02917,-3.02917,-3.10094,-2.94547,-3.10094,-3.32267,-3.02917,-3.10094,-3.02917]
	PARPACK diagonalization completed after 30 matrix-vector product operations.
	iteration results: : total energy is -72.503358 | electron energy -72.842540 + phonon energy 0.339182 | electron momentum kIdx = 0
The 18-th iteration is completed.	|| time cost : 0h 0m 56.675s
********************************************************************************************************************
Start the 19 rounds of NGS-ED iteration
	effective electronic model is modified as: kinetic energy t = 0.767432
	                                           effective interaction Vq = [    -3.5, -3.3227,-3.02918, -3.3227, -3.3227,-3.02918,-3.10099,-3.02918,-3.02918,-3.10099,-2.94549,-3.10099, -3.3227,-3.02918,-3.10099,-3.02918]
	PARPACK diagonalization completed after 30 matrix-vector product operations.
	iteration results: : total energy is -72.503358 | electron energy -72.842569 + phonon energy 0.339211 | electron momentum kIdx = 0
The 19-th iteration is completed.	|| time cost : 0h 0m 56.301s
********************************************************************************************************************
Start the 20 rounds of NGS-ED iteration
	effective electronic model is modified as: kinetic energy t = 0.767429
	                                           effective interaction Vq = [    -3.5,-3.32272,-3.02919,-3.32272,-3.32272,-3.02919,-3.10101,-3.02919,-3.02919,-3.10101, -2.9455,-3.10101,-3.32272,-3.02919,-3.10101,-3.02919]
	PARPACK diagonalization completed after 30 matrix-vector product operations.
	iteration results: : total energy is -72.503358 | electron energy -72.842587 + phonon energy 0.339230 | electron momentum kIdx = 0
	Nq(0) = 16,	Nq(1) = 0.361743,	Nq(2) = 0.353293,	Nq(3) = 0.361743,	Nq(4) = 0.361743,	Nq(5) = 0.353293,	Nq(6) = 0.566137,	Nq(7) = 0.353293,	Nq(8) = 0.353293,	Nq(9) = 0.566137,	Nq(10) = 0.573339,	Nq(11) = 0.566137,	Nq(12) = 0.361743,	Nq(13) = 0.353293,	Nq(14) = 0.566137,	Nq(15) = 0.353293,	Sq(0) = 6.76277e-18,	Sq(1) = 0.386399,	Sq(2) = 0.562849,	Sq(3) = 0.386399,	Sq(4) = 0.386399,	Sq(5) = 0.562849,	Sq(6) = 0.653244,	Sq(7) = 0.562849,	Sq(8) = 0.562849,	Sq(9) = 0.653244,	Sq(10) = 2.05971,	Sq(11) = 0.653244,	Sq(12) = 0.386399,	Sq(13) = 0.562849,	Sq(14) = 0.653244,	Sq(15) = 0.562849,	N(0) = 1.99721,	N(1) = 1.99647,	N(2) = 1,	N(3) = 1.99647,	N(4) = 1.99647,	N(5) = 1,	N(6) = 0.00352666,	N(7) = 1,	N(8) = 1,	N(9) = 0.00352666,	N(10) = 0.00278782,	N(11) = 0.00352666,	N(12) = 1.99647,	N(13) = 1,	N(14) = 0.00352666,	N(15) = 1,	Delta[s](0) = 0.234877,	Delta[s](1) = 0.228622,	Delta[s](2) = 0.194153,	Delta[s](3) = 0.228622,	Delta[s](4) = 0.228622,	Delta[s](5) = 0.194153,	Delta[s](6) = 0.18842,	Delta[s](7) = 0.194153,	Delta[s](8) = 0.194153,	Delta[s](9) = 0.18842,	Delta[s](10) = 0.134345,	Delta[s](11) = 0.18842,	Delta[s](12) = 0.228622,	Delta[s](13) = 0.194153,	Delta[s](14) = 0.18842,	Delta[s](15) = 0.194153,	Delta[d](0) = 0.574351,	Delta[d](1) = 0.362808,	Delta[d](2) = 0.317427,	Delta[d](3) = 0.362808,	Delta[d](4) = 0.362808,	Delta[d](5) = 0.362036,	Delta[d](6) = 0.279561,	Delta[d](7) = 0.362036,	Delta[d](8) = 0.317427,	Delta[d](9) = 0.279561,	Delta[d](10) = 0.156637,	Delta[d](11) = 0.279561,	Delta[d](12) = 0.362808,	Delta[d](13) = 0.362036,	Delta[d](14) = 0.279561,	Delta[d](15) = 0.362036,	Delta[s+](0) = 0.567001,	Delta[s+](1) = 0.464515,	Delta[s+](2) = 0.317427,	Delta[s+](3) = 0.464515,	Delta[s+](4) = 0.464515,	Delta[s+](5) = 0.317427,	Delta[s+](6) = 0.168935,	Delta[s+](7) = 0.317427,	Delta[s+](8) = 0.317427,	Delta[s+](9) = 0.168935,	Delta[s+](10) = 0.0625753,	Delta[s+](11) = 0.168935,	Delta[s+](12) = 0.464515,	Delta[s+](13) = 0.317427,	Delta[s+](14) = 0.168935,	Delta[s+](15) = 0.317427
The 20-th iteration is completed.	|| time cost : 0h 8m 43.954s
********************************************************************************************************************
Start the 21 rounds of NGS-ED iteration
	effective electronic model is modified as: kinetic energy t = 0.767426
	                                           effective interaction Vq = [    -3.5,-3.32273, -3.0292,-3.32273,-3.32273, -3.0292,-3.10103, -3.0292, -3.0292,-3.10103,-2.94551,-3.10103,-3.32273, -3.0292,-3.10103, -3.0292]
	PARPACK diagonalization completed after 30 matrix-vector product operations.
	iteration results: : total energy is -72.503358 | electron energy -72.842599 + phonon energy 0.339241 | electron momentum kIdx = 0
The 21-th iteration is completed.	|| time cost : 0h 0m 56.658s
********************************************************************************************************************
Start the 22 rounds of NGS-ED iteration
	effective electronic model is modified as: kinetic energy t = 0.767424
	                                           effective interaction Vq = [    -3.5,-3.32274, -3.0292,-3.32274,-3.32274, -3.0292,-3.10104, -3.0292, -3.0292,-3.10104,-2.94551,-3.10104,-3.32274, -3.0292,-3.10104, -3.0292]
	PARPACK diagonalization completed after 30 matrix-vector product operations.
	iteration results: : total energy is -72.503358 | electron energy -72.842607 + phonon energy 0.339249 | electron momentum kIdx = 0
The 22-th iteration is completed.	|| time cost : 0h 0m 56.468s
********************************************************************************************************************
Start the 23 rounds of NGS-ED iteration
	effective electronic model is modified as: kinetic energy t = 0.767423
	                                           effective interaction Vq = [    -3.5,-3.32274, -3.0292,-3.32274,-3.32274, -3.0292,-3.10105, -3.0292, -3.0292,-3.10105,-2.94552,-3.10105,-3.32274, -3.0292,-3.10105, -3.0292]
	PARPACK diagonalization completed after 30 matrix-vector product operations.
	iteration results: : total energy is -72.503358 | electron energy -72.842611 + phonon energy 0.339254 | electron momentum kIdx = 0
The 23-th iteration is completed.	|| time cost : 0h 0m 56.416s
********************************************************************************************************************
Start the 24 rounds of NGS-ED iteration
	effective electronic model is modified as: kinetic energy t = 0.767423
	                                           effective interaction Vq = [    -3.5,-3.32274, -3.0292,-3.32274,-3.32274, -3.0292,-3.10105, -3.0292, -3.0292,-3.10105,-2.94552,-3.10105,-3.32274, -3.0292,-3.10105, -3.0292]
	PARPACK diagonalization completed after 30 matrix-vector product operations.
	iteration results: : total energy is -72.503358 | electron energy -72.842615 + phonon energy 0.339257 | electron momentum kIdx = 0
The 24-th iteration is completed.	|| time cost : 0h 0m 56.375s
