SNEDics v3.22.2 Non-Gaussian ED ground state program		Start at Tue Apr 12 01:20:53 2022

Parallelization: 32 MPI threads  * 8 OpenMP threads = 256 total threads.
********************************************************************************************************************
********************************************************************************************************************

********************************************************************************************************************
System parameters and configurations
	special program options are enabled: splitted diagonal Hamiltonian | splitted Hamiltonian terms
********************************************************************************************************************
Read input file "model_params.in"
	Hubbard-Holstein model parameters : 	t = 1    t' = -0.3    U = 8    g = 0.05    W = 0.2    g' = 0.4    
********************************************************************************************************************
Read input file "hilbertspace_params.in"
	Requested 16-site 2D lattice, with 8 electrons (4, 4)
	Boundary : Periodic		Hilbert space representation : momentum-space (restricted to kIdx = 0)
	Conservation: particle number[U(1)]      spin[U(1)]     momentum
********************************************************************************************************************

Cluster Positions:				Cluster symmetry group : D4
 x ... x ... x ... x .....                       x ... x ... x ... x .....
 |           |           :                       |           |           :
 |           |           :                       |           |           :
12    13    14    15     x                       1     5     6     5     x
 |           |           :                       |           |           :
 |           |           :                       |           |           :
 8 --- 9 ---10 ---11 --- x                       2 --- 6 ---10 --- 6 --- x
 |           |           :                       |           |           :
 |           |           :                       |           |           :
 4     5     6     7     x                       1     5     6     5     x
 |           |           :                       |           |           :
 |           |           :                       |           |           :
 0 --- 1 --- 2 --- 3 --- x                       0 --- 1 --- 2 --- 1 --- x
orbital number : 1
********************************************************************************************************************
Read input file "obs_params.in"
	Observable Type : Nq(All),   Sq(All),   N(All-Orbital),   Delta[s](All),   Delta[d](All),   Delta[s+](All)
** WARNING ** the input observables have non-local factors which have been reinterpreted. The total observable number is 96
********************************************************************************************************************


********************************************************************************************************************
Start calculating the non-Gaussian ED ground state
Maximal iteration number is 1000; energy resolution is 1e-06. Phonon state relaxation time is 2000
W = 0.2 is relatively large. The non-Gaussian ED calculation starts directly.
open output files: NGSED_iteration_observables.txt
********************************************************************************************************************
Start the 0 rounds of NGS-ED iteration
	effective electronic model is modified as: kinetic energy t = 1, t' = -0.3
	                                           effective interaction Vq = [0,0,0,0,0,0,0,0,0,0,0,0,0,0,0,0]
	first Hamiltonian is constructed, size = 207184 and non-zero numbers = 32252562
	PARPACK diagonalization completed after 120 matrix-vector product operations.
	iteration results: : total energy is -14.600323 | electron energy -14.600323 + phonon energy 0.000000 | electron momentum kIdx = 0
	Nq(0) = 4,	Nq(1) = 0.197198,	Nq(2) = 0.25408,	Nq(3) = 0.197198,	Nq(4) = 0.197198,	Nq(5) = 0.267076,	
	Nq(6) = 0.353825,	Nq(7) = 0.267076,	Nq(8) = 0.25408,	Nq(9) = 0.353825,	Nq(10) = 0.466428,	
	Nq(11) = 0.353825,	Nq(12) = 0.197198,	Nq(13) = 0.267076,	Nq(14) = 0.353825,	Nq(15) = 0.267076;	
	Sq(0) = 8.19558e-19,	Sq(1) = 0.482052,	Sq(2) = 0.340779,	Sq(3) = 0.482052,	Sq(4) = 0.482052,	
	Sq(5) = 0.566062,	Sq(6) = 0.591821,	Sq(7) = 0.566062,	Sq(8) = 0.340779,	Sq(9) = 0.591821,	
	Sq(10) = 0.511715,	Sq(11) = 0.591821,	Sq(12) = 0.482052,	Sq(13) = 0.566062,	Sq(14) = 0.591821,	
	Sq(15) = 0.566062;	N(0) = 1.72489,	N(1) = 1.32099,	N(2) = 0.213478,	N(3) = 1.32099,	
	N(4) = 1.32099,	N(5) = 0.105651,	N(6) = 0.0323985,	N(7) = 0.105651,	N(8) = 0.213478,	
	N(9) = 0.0323985,	N(10) = 0.0120143,	N(11) = 0.0323985,	N(12) = 1.32099,	N(13) = 0.105651,	
	N(14) = 0.0323985,	N(15) = 0.105651;	Delta[s](0) = 0.0165442,	Delta[s](1) = 0.0105561,	Delta[s](2) = 0.00875128,	
	Delta[s](3) = 0.0105561,	Delta[s](4) = 0.0105561,	Delta[s](5) = 0.00667074,	Delta[s](6) = 0.00408433,	Delta[s](7) = 0.00667074,	
	Delta[s](8) = 0.00875128,	Delta[s](9) = 0.00408433,	Delta[s](10) = 0.00420126,	Delta[s](11) = 0.00408433,	Delta[s](12) = 0.0105561,	
	Delta[s](13) = 0.00667074,	Delta[s](14) = 0.00408433,	Delta[s](15) = 0.00667074;	Delta[d](0) = 0.169811,	Delta[d](1) = 0.0663434,	
	Delta[d](2) = 0.0819034,	Delta[d](3) = 0.0663434,	Delta[d](4) = 0.0663434,	Delta[d](5) = 0.0505642,	Delta[d](6) = 0.0323781,	
	Delta[d](7) = 0.0505642,	Delta[d](8) = 0.0819034,	Delta[d](9) = 0.0323781,	Delta[d](10) = 0.0157924,	Delta[d](11) = 0.0323781,	
	Delta[d](12) = 0.0663434,	Delta[d](13) = 0.0505642,	Delta[d](14) = 0.0323781,	Delta[d](15) = 0.0505642;	Delta[s+](0) = 0.3217,	
	Delta[s+](1) = 0.182955,	Delta[s+](2) = 0.0819034,	Delta[s+](3) = 0.182955,	Delta[s+](4) = 0.182955,	Delta[s+](5) = 0.0639612,	
	Delta[s+](6) = 0.00900395,	Delta[s+](7) = 0.0639612,	Delta[s+](8) = 0.0819034,	Delta[s+](9) = 0.00900395,	Delta[s+](10) = 0.00230049,	
	Delta[s+](11) = 0.00900395,	Delta[s+](12) = 0.182955,	Delta[s+](13) = 0.0639612,	Delta[s+](14) = 0.00900395,	Delta[s+](15) = 0.0639612
	
The 0-th iteration is completed.	|| time cost : 0h 0m 5.608s
********************************************************************************************************************
Start the 1 rounds of NGS-ED iteration
	effective electronic model is modified as: kinetic energy t = 0.842313, t' = -0.268296
	                                           effective interaction Vq = [   -13.6125,   -1.54095,-0.00158141,   -1.54095,   -1.54095,-0.00149217,  -0.663073,-0.00149217,-0.00158141,  -0.663073,   -9.93905,  -0.663073,   -1.54095,-0.00149217,  -0.663073,-0.00149217]
	PARPACK diagonalization completed after 45 matrix-vector product operations.
	iteration results: : total energy is -93.933187 | electron energy -95.649579 + phonon energy 1.716392 | electron momentum kIdx = 0
The 1-th iteration is completed.	|| time cost : 0h 0m 4.066s
********************************************************************************************************************
Start the 2 rounds of NGS-ED iteration
	effective electronic model is modified as: kinetic energy t = 0.654475, t' = -0.299357
	                                           effective interaction Vq = [    -13.6125,   -0.120814, -0.00039432,   -0.120814,   -0.120814,-0.000404469,  -0.0875393,-0.000404469, -0.00039432,  -0.0875393,    -12.0083,  -0.0875393,   -0.120814,-0.000404469,  -0.0875393,-0.000404469]
	PARPACK diagonalization completed after 30 matrix-vector product operations.
	iteration results: : total energy is -102.508508 | electron energy -103.267991 + phonon energy 0.759483 | electron momentum kIdx = 0
The 2-th iteration is completed.	|| time cost : 0h 0m 1.567s
********************************************************************************************************************
Start the 3 rounds of NGS-ED iteration
	effective electronic model is modified as: kinetic energy t = 0.550434, t' = -0.299496
	                                           effective interaction Vq = [    -13.6125,   -0.111119,-0.000377838,   -0.111119,   -0.111119,-0.000344088,  -0.0726464,-0.000344088,-0.000377838,  -0.0726464,    -12.0105,  -0.0726464,   -0.111119,-0.000344088,  -0.0726464,-0.000344088]
	PARPACK diagonalization completed after 30 matrix-vector product operations.
	iteration results: : total energy is -102.580539 | electron energy -103.098562 + phonon energy 0.518023 | electron momentum kIdx = 0
The 3-th iteration is completed.	|| time cost : 0h 0m 1.581s
********************************************************************************************************************
Start the 4 rounds of NGS-ED iteration
	effective electronic model is modified as: kinetic energy t = 0.505948, t' = -0.299474
	                                           effective interaction Vq = [    -13.6125,   -0.115104,-0.000394303,   -0.115104,   -0.115104,-0.000347158,  -0.0722407,-0.000347158,-0.000394303,  -0.0722407,    -12.0109,  -0.0722407,   -0.115104,-0.000347158,  -0.0722407,-0.000347158]
	PARPACK diagonalization completed after 30 matrix-vector product operations.
	iteration results: : total energy is -102.589858 | electron energy -103.034177 + phonon energy 0.444318 | electron momentum kIdx = 0
The 4-th iteration is completed.	|| time cost : 0h 0m 1.567s
********************************************************************************************************************
Start the 5 rounds of NGS-ED iteration
	effective electronic model is modified as: kinetic energy t = 0.482741, t' = -0.299453
	                                           effective interaction Vq = [    -13.6125,   -0.117971,-0.000405145,   -0.117971,   -0.117971,-0.000352741,  -0.0729281,-0.000352741,-0.000405145,  -0.0729281,    -12.0111,  -0.0729281,   -0.117971,-0.000352741,  -0.0729281,-0.000352741]
	PARPACK diagonalization completed after 30 matrix-vector product operations.
	iteration results: : total energy is -102.592086 | electron energy -103.002653 + phonon energy 0.410567 | electron momentum kIdx = 0
The 5-th iteration is completed.	|| time cost : 0h 0m 1.557s
********************************************************************************************************************
Start the 6 rounds of NGS-ED iteration
	effective electronic model is modified as: kinetic energy t = 0.469302, t' = -0.299438
	                                           effective interaction Vq = [    -13.6125,   -0.119788,-0.000411869,   -0.119788,   -0.119788,-0.000356952,  -0.0735631,-0.000356952,-0.000411869,  -0.0735631,    -12.0112,  -0.0735631,   -0.119788,-0.000356952,  -0.0735631,-0.000356952]
	PARPACK diagonalization completed after 120 matrix-vector product operations.
	iteration results: : total energy is -102.810734 | electron energy -103.203004 + phonon energy 0.392269 | electron momentum kIdx = 0
The 6-th iteration is completed.	|| time cost : 0h 0m 1.671s
********************************************************************************************************************
Start the 7 rounds of NGS-ED iteration
	effective electronic model is modified as: kinetic energy t = 0.421131, t' = -0.299167
	                                           effective interaction Vq = [    -13.6125,   -0.142847, -0.00048098,   -0.142847,   -0.142847,-0.000445515,  -0.0931748,-0.000445515, -0.00048098,  -0.0931748,    -12.0115,  -0.0931748,   -0.142847,-0.000445515,  -0.0931748,-0.000445515]
	PARPACK diagonalization completed after 30 matrix-vector product operations.
	iteration results: : total energy is -102.818275 | electron energy -103.151678 + phonon energy 0.333403 | electron momentum kIdx = 0
The 7-th iteration is completed.	|| time cost : 0h 0m 1.271s
********************************************************************************************************************
Start the 8 rounds of NGS-ED iteration
	effective electronic model is modified as: kinetic energy t = 0.384751, t' = -0.299104
	                                           effective interaction Vq = [    -13.6125,    -0.14737,-0.000496263,    -0.14737,    -0.14737,-0.000463814,  -0.0974258,-0.000463814,-0.000496263,  -0.0974258,    -12.0117,  -0.0974258,    -0.14737,-0.000463814,  -0.0974258,-0.000463814]
	PARPACK diagonalization completed after 30 matrix-vector product operations.
	iteration results: : total energy is -102.822052 | electron energy -103.116272 + phonon energy 0.294220 | electron momentum kIdx = 0
The 8-th iteration is completed.	|| time cost : 0h 0m 1.238s
********************************************************************************************************************
Start the 9 rounds of NGS-ED iteration
	effective electronic model is modified as: kinetic energy t = 0.351789, t' = -0.299049
	                                           effective interaction Vq = [    -13.6125,   -0.150968, -0.00050844,   -0.150968,   -0.150968,-0.000479737,   -0.101357,-0.000479737, -0.00050844,   -0.101357,    -12.0119,   -0.101357,   -0.150968,-0.000479737,   -0.101357,-0.000479737]
	PARPACK diagonalization completed after 30 matrix-vector product operations.
	iteration results: : total energy is -102.824863 | electron energy -103.086924 + phonon energy 0.262061 | electron momentum kIdx = 0
The 9-th iteration is completed.	|| time cost : 0h 0m 1.195s
********************************************************************************************************************
Start the 10 rounds of NGS-ED iteration
	effective electronic model is modified as: kinetic energy t = 0.316257, t' = -0.29899
	                                           effective interaction Vq = [    -13.6125,   -0.154494, -0.00052036,   -0.154494,   -0.154494,-0.000496401,   -0.105674,-0.000496401, -0.00052036,   -0.105674,     -12.012,   -0.105674,   -0.154494,-0.000496401,   -0.105674,-0.000496401]
	PARPACK diagonalization completed after 30 matrix-vector product operations.
	iteration results: : total energy is -102.827846 | electron energy -103.058215 + phonon energy 0.230369 | electron momentum kIdx = 0
The 10-th iteration is completed.	|| time cost : 0h 0m 1.155s
********************************************************************************************************************
Start the 11 rounds of NGS-ED iteration
	effective electronic model is modified as: kinetic energy t = 0.268796, t' = -0.298912
	                                           effective interaction Vq = [    -13.6125,   -0.158678,-0.000534489,   -0.158678,   -0.158678, -0.00051757,   -0.111443, -0.00051757,-0.000534489,   -0.111443,    -12.0121,   -0.111443,   -0.158678, -0.00051757,   -0.111443, -0.00051757]
	PARPACK diagonalization completed after 30 matrix-vector product operations.
	iteration results: : total energy is -102.832641 | electron energy -103.024622 + phonon energy 0.191981 | electron momentum kIdx = 0
The 11-th iteration is completed.	|| time cost : 0h 0m 1.082s
********************************************************************************************************************
Start the 12 rounds of NGS-ED iteration
	effective electronic model is modified as: kinetic energy t = 0.170155, t' = -0.298756
	                                           effective interaction Vq = [    -13.6125,   -0.165822,-0.000558561,   -0.165822,   -0.165822,  -0.0005575,   -0.123174,  -0.0005575,-0.000558561,   -0.123174,    -12.0123,   -0.123174,   -0.165822,  -0.0005575,   -0.123174,  -0.0005575]
	PARPACK diagonalization completed after 30 matrix-vector product operations.
	iteration results: : total energy is -102.849732 | electron energy -102.972260 + phonon energy 0.122528 | electron momentum kIdx = 0
The 12-th iteration is completed.	|| time cost : 0h 0m 1.009s
********************************************************************************************************************
Start the 13 rounds of NGS-ED iteration
	effective electronic model is modified as: kinetic energy t = 0.000631455, t' = -0.298531
	                                           effective interaction Vq = [    -13.6125,   -0.174417,-0.000587562,   -0.174417,   -0.174417,-0.000608929,   -0.139552,-0.000608929,-0.000587562,   -0.139552,    -12.0125,   -0.139552,   -0.174417,-0.000608929,   -0.139552,-0.000608929]
	PARPACK diagonalization completed after 30 matrix-vector product operations.
	iteration results: : total energy is -102.937562 | electron energy -102.937592 + phonon energy 0.000029 | electron momentum kIdx = 0
The 13-th iteration is completed.	|| time cost : 0h 0m 1.039s
********************************************************************************************************************
Start the 14 rounds of NGS-ED iteration
	effective electronic model is modified as: kinetic energy t = 0.00054663, t' = -0.298593
	                                           effective interaction Vq = [    -13.6125,   -0.172902,-0.000582573,   -0.172902,   -0.172902,-0.000594967,   -0.134452,-0.000594967,-0.000582573,   -0.134452,    -12.0125,   -0.134452,   -0.172902,-0.000594967,   -0.134452,-0.000594967]
	PARPACK diagonalization completed after 30 matrix-vector product operations.
	iteration results: : total energy is -102.937584 | electron energy -102.937594 + phonon energy 0.000010 | electron momentum kIdx = 0
The 14-th iteration is completed.	|| time cost : 0h 0m 1.043s
********************************************************************************************************************
Start the 15 rounds of NGS-ED iteration
	effective electronic model is modified as: kinetic energy t = 0.000546596, t' = -0.298593
	                                           effective interaction Vq = [    -13.6125,   -0.172866,-0.000582463,   -0.172866,   -0.172866,-0.000594848,   -0.134424,-0.000594848,-0.000582463,   -0.134424,    -12.0125,   -0.134424,   -0.172866,-0.000594848,   -0.134424,-0.000594848]
	PARPACK diagonalization completed after 30 matrix-vector product operations.
	iteration results: : total energy is -102.937584 | electron energy -102.937594 + phonon energy 0.000010 | electron momentum kIdx = 0
The 15-th iteration is completed.	|| time cost : 0h 0m 1.049s
********************************************************************************************************************
Start the 16 rounds of NGS-ED iteration
	effective electronic model is modified as: kinetic energy t = 0.000546596, t' = -0.298593
	                                           effective interaction Vq = [    -13.6125,   -0.172866,-0.000582462,   -0.172866,   -0.172866,-0.000594847,   -0.134424,-0.000594847,-0.000582462,   -0.134424,    -12.0125,   -0.134424,   -0.172866,-0.000594847,   -0.134424,-0.000594847]
	PARPACK diagonalization completed after 30 matrix-vector product operations.
	iteration results: : total energy is -102.937584 | electron energy -102.937594 + phonon energy 0.000010 | electron momentum kIdx = 0
	Nq(0) = 4,	Nq(1) = 0.00650888,	Nq(2) = 0.0127339,	Nq(3) = 0.00650888,	Nq(4) = 0.00650888,	Nq(5) = 0.00650752,	
	Nq(6) = 0.00650888,	Nq(7) = 0.00650752,	Nq(8) = 0.0127339,	Nq(9) = 0.00650888,	Nq(10) = 4,	
	Nq(11) = 0.00650888,	Nq(12) = 0.00650888,	Nq(13) = 0.00650752,	Nq(14) = 0.00650888,	Nq(15) = 0.00650752;	
	Sq(0) = 8.73414e-20,	Sq(1) = 0.331164,	Sq(2) = 1.96123,	Sq(3) = 0.331164,	Sq(4) = 0.331164,	
	Sq(5) = 0.331164,	Sq(6) = 0.331164,	Sq(7) = 0.331164,	Sq(8) = 1.96123,	Sq(9) = 0.331164,	
	Sq(10) = 4.27228e-09,	Sq(11) = 0.331164,	Sq(12) = 0.331164,	Sq(13) = 0.331164,	Sq(14) = 0.331164,	
	Sq(15) = 0.331164;	N(0) = 0.323435,	N(1) = 0.500053,	N(2) = 0.676628,	N(3) = 0.500053,	
	N(4) = 0.500053,	N(5) = 0.5,	N(6) = 0.499947,	N(7) = 0.5,	N(8) = 0.676628,	
	N(9) = 0.499947,	N(10) = 0.32331,	N(11) = 0.499947,	N(12) = 0.500053,	N(13) = 0.5,	
	N(14) = 0.499947,	N(15) = 0.5;	Delta[s](0) = 0.00630899,	Delta[s](1) = 0.00325378,	Delta[s](2) = 6.06054e-05,	
	Delta[s](3) = 0.00325378,	Delta[s](4) = 0.00325378,	Delta[s](5) = 0.00325376,	Delta[s](6) = 0.00325378,	Delta[s](7) = 0.00325376,	
	Delta[s](8) = 6.06054e-05,	Delta[s](9) = 0.00325378,	Delta[s](10) = 0.00630899,	Delta[s](11) = 0.00325378,	Delta[s](12) = 0.00325378,	
	Delta[s](13) = 0.00325376,	Delta[s](14) = 0.00325378,	Delta[s](15) = 0.00325376;	Delta[d](0) = 3.48281e-13,	Delta[d](1) = 1.66953e-10,	
	Delta[d](2) = 1.40649e-10,	Delta[d](3) = 1.66953e-10,	Delta[d](4) = 1.66953e-10,	Delta[d](5) = 3.16173e-10,	Delta[d](6) = 2.80547e-10,	
	Delta[d](7) = 3.16173e-10,	Delta[d](8) = 1.40649e-10,	Delta[d](9) = 2.80547e-10,	Delta[d](10) = 4.41287e-12,	Delta[d](11) = 2.80547e-10,	
	Delta[d](12) = 1.66953e-10,	Delta[d](13) = 3.16173e-10,	Delta[d](14) = 2.80547e-10,	Delta[d](15) = 3.16173e-10;	Delta[s+](0) = 1.37992e-09,	
	Delta[s+](1) = 1.07406e-09,	Delta[s+](2) = 1.40649e-10,	Delta[s+](3) = 1.07406e-09,	Delta[s+](4) = 1.07406e-09,	Delta[s+](5) = 8.47924e-10,	
	Delta[s+](6) = 1.32713e-10,	Delta[s+](7) = 8.47924e-10,	Delta[s+](8) = 1.40649e-10,	Delta[s+](9) = 1.32713e-10,	Delta[s+](10) = 2.58457e-12,	
	Delta[s+](11) = 1.32713e-10,	Delta[s+](12) = 1.07406e-09,	Delta[s+](13) = 8.47924e-10,	Delta[s+](14) = 1.32713e-10,	Delta[s+](15) = 8.47924e-10
	
The 16-th iteration is completed.	|| time cost : 0h 0m 3.225s
********************************************************************************************************************
********************************************************************************************************************
Ground state is obtained after 17 iterations. The current ground-state energy is -102.938, in which electron energy is -102.938 and phonon energy is 9.91051e-06
Final variational state is: 
	Gamma_x = [      1,1.00557,1.00004,1.00557,1.00557,1.00002,1.00433,1.00002,1.00004,1.00433,1.00006,1.00433,1.00557,1.00002,1.00433,1.00002]
	lambda_q = [      8.25,  0.102932, 0.0058941,  0.102932,  0.102932,0.00602097, -0.090713,0.00602097, 0.0058941, -0.090713,     -7.75, -0.090713,  0.102932,0.00602097, -0.090713,0.00602097]
Effective e-e interactions mediated by phonons are:
	momentum-space Vq = [    -13.6125,   -0.172866,-0.000582462,   -0.172866,   -0.172866,-0.000594847,   -0.134424,-0.000594847,-0.000582462,   -0.134424,    -12.0125,   -0.134424,   -0.172866,-0.000594847,   -0.134424,-0.000594847]
	real-space Vr = [  -1.67861, -0.104805,  -1.60149, -0.104805, -0.104805,  -1.60149,-0.0951948,  -1.60149,  -1.60149,-0.0951948,  -1.52496,-0.0951948, -0.104805,  -1.60149,-0.0951948,  -1.60149]
********************************************************************************************************************
o___o  ----------------------------------------
| L |	Time since last clock: 0h 0m 0.007s
A===A	Time since the beginning: 0h 0m 30.94s
***********************************************


Non-Gaussina ED ground state calculation is completed. The final ground-state energy is -102.938
********************************************************************************************************************
o___o  ----------------------------------------
| L |	Time since last clock: 0h 0m 0.003s
A===A	Time since the beginning: 0h 0m 30.944s
***********************************************



********************************************************************************************************************
All non-Gaussian ED ground state calculations have been completed. Exit now.
