SNEDics v3.4 Non-Gaussian ED ground state program		Start at Tue Oct  1 12:54:27 2019

parallized on 16 MPI threads  * 8 OpenMP threads = 128 total threads.
********************************************************************************************************************
********************************************************************************************************************

********************************************************************************************************************
System parameters and configurations
********************************************************************************************************************
Special program options are enabled: splitted diagonal Hamiltonian
********************************************************************************************************************
Read input file "model_params.in"
	Hubbard-Holstein model parameters : 	t = 1    U = 4.6    g = 3.6056    W = 5    
********************************************************************************************************************
Read input file "hilbertspace_params.in"
	Requested 16-site 2D lattice, with 16 electrons (8, 8)
	Boundary : Periodic		Hilbert space representation : momentum-space (restricted to kIdx = 0)
	Conservation: particle number[U(1)]      spin[U(1)]     momentum
********************************************************************************************************************

Cluster Positions:				Cluster symmetry group : D4
 x ... x ... x ... x .....                       x ... x ... x ... x .....
 |           |           :                       |           |           :
 |           |           :                       |           |           :
12    13    14    15     x                       1     5     6     5     x
 |           |           :                       |           |           :
 |           |           :                       |           |           :
 8 --- 9 ---10 ---11 --- x                       2 --- 6 ---10 --- 6 --- x
 |           |           :                       |           |           :
 |           |           :                       |           |           :
 4     5     6     7     x                       1     5     6     5     x
 |           |           :                       |           |           :
 |           |           :                       |           |           :
 0 --- 1 --- 2 --- 3 --- x                       0 --- 1 --- 2 --- 1 --- x
orbital number : 1
********************************************************************************************************************
Read input file "obs_params.in"
	Observable Type : Nq(All),   Sq(All),   N(All),   Delta[s](All),   Delta[d](All),   Delta[s+](All)
********************************************************************************************************************
** WARNING ** the input observables have non-local factors which have been reinterpreted. The total observable number is 96
********************************************************************************************************************


********************************************************************************************************************
Start calculating the non-Gaussian ED ground state
** WARNING ** Detected low phonon energy W < 10. The initial state will be prepared through a warm-up process.
********************************************************************************************************************
Start warm-up calculation for scaling factor 2
open output files: NGSEDWarmUpW10Obs.txt
********************************************************************************************************************
Start the 0 rounds of NGS-ED iteration
	effective electronic model is modified as: kinetic energy t = 1
	                                           effective interaction Vq = [-0,-0,-0,-0,-0,-0,-0,-0,-0,-0,-0,-0,-0,-0,-0,-0]
	first Hamiltonian is constructed, non-zero numbers = 2845383612
	PARPACK diagonalization completed after 90 matrix-vector product operations.
	iteration results: : total energy is -12.575455 | electron energy -12.575455 + phonon energy 0.000000 | electron momentum kIdx = 0
	Nq(0) = 16,	Nq(1) = 0.136962,	Nq(2) = 0.210041,	Nq(3) = 0.136962,	Nq(4) = 0.136962,	Nq(5) = 0.210041,	Nq(6) = 0.284902,	Nq(7) = 0.210041,	Nq(8) = 0.210041,	Nq(9) = 0.284902,	Nq(10) = 0.348956,	Nq(11) = 0.284902,	Nq(12) = 0.136962,	Nq(13) = 0.210041,	Nq(14) = 0.284902,	Nq(15) = 0.210041,	Sq(0) = -2.72541e-19,	Sq(1) = 0.427514,	Sq(2) = 0.627928,	Sq(3) = 0.427514,	Sq(4) = 0.427514,	Sq(5) = 0.627928,	Sq(6) = 0.826781,	Sq(7) = 0.627928,	Sq(8) = 0.627928,	Sq(9) = 0.826781,	Sq(10) = 3.91859,	Sq(11) = 0.826781,	Sq(12) = 0.427514,	Sq(13) = 0.627928,	Sq(14) = 0.826781,	Sq(15) = 0.627928,	N(0) = 1.91074,	N(1) = 1.80449,	N(2) = 1,	N(3) = 1.80449,	N(4) = 1.80449,	N(5) = 1,	N(6) = 0.195511,	N(7) = 1,	N(8) = 1,	N(9) = 0.195511,	N(10) = 0.0892559,	N(11) = 0.195511,	N(12) = 1.80449,	N(13) = 1,	N(14) = 0.195511,	N(15) = 1,	Delta[s](0) = 0.15821,	Delta[s](1) = 0.133449,	Delta[s](2) = 0.104559,	Delta[s](3) = 0.133449,	Delta[s](4) = 0.133449,	Delta[s](5) = 0.104559,	Delta[s](6) = 0.0763211,	Delta[s](7) = 0.104559,	Delta[s](8) = 0.104559,	Delta[s](9) = 0.0763211,	Delta[s](10) = 0.0236823,	Delta[s](11) = 0.0763211,	Delta[s](12) = 0.133449,	Delta[s](13) = 0.104559,	Delta[s](14) = 0.0763211,	Delta[s](15) = 0.104559,	Delta[d](0) = 0.562176,	Delta[d](1) = 0.393342,	Delta[d](2) = 0.312171,	Delta[d](3) = 0.393342,	Delta[d](4) = 0.393342,	Delta[d](5) = 0.327953,	Delta[d](6) = 0.235688,	Delta[d](7) = 0.327953,	Delta[d](8) = 0.312171,	Delta[d](9) = 0.235688,	Delta[d](10) = 0.106066,	Delta[d](11) = 0.235688,	Delta[d](12) = 0.393342,	Delta[d](13) = 0.327953,	Delta[d](14) = 0.235688,	Delta[d](15) = 0.327953,	Delta[s+](0) = 0.595099,	Delta[s+](1) = 0.471501,	Delta[s+](2) = 0.312171,	Delta[s+](3) = 0.471501,	Delta[s+](4) = 0.471501,	Delta[s+](5) = 0.312171,	Delta[s+](6) = 0.159619,	Delta[s+](7) = 0.312171,	Delta[s+](8) = 0.312171,	Delta[s+](9) = 0.159619,	Delta[s+](10) = 0.0417627,	Delta[s+](11) = 0.159619,	Delta[s+](12) = 0.471501,	Delta[s+](13) = 0.312171,	Delta[s+](14) = 0.159619,	Delta[s+](15) = 0.312171
The 0-th iteration is completed.	|| time cost : 0h 8m 25.842s
********************************************************************************************************************
Start the 1 rounds of NGS-ED iteration
	effective electronic model is modified as: kinetic energy t = 0.93724
	                                           effective interaction Vq = [-2.24819,-2.02732,-1.96318,-2.02732,-2.02732,-1.96318,-1.93542,-1.96318,-1.96318,-1.93542,-1.91016,-1.93542,-2.02732,-1.96318,-1.93542,-1.96318]
	PARPACK diagonalization completed after 60 matrix-vector product operations.
	iteration results: : total energy is -56.249747 | electron energy -56.253396 + phonon energy 0.003649 | electron momentum kIdx = 0
The 1-th iteration is completed.	|| time cost : 0h 7m 51.001s
********************************************************************************************************************
Start the 2 rounds of NGS-ED iteration
	effective electronic model is modified as: kinetic energy t = 0.889873
	                                           effective interaction Vq = [-2.55245, -2.4269, -2.3229, -2.4269, -2.4269, -2.3229,-2.32758, -2.3229, -2.3229,-2.32758,-2.27278,-2.32758, -2.4269, -2.3229,-2.32758, -2.3229]
	PARPACK diagonalization completed after 75 matrix-vector product operations.
	iteration results: : total energy is -62.504326 | electron energy -62.534526 + phonon energy 0.030199 | electron momentum kIdx = 0
The 2-th iteration is completed.	|| time cost : 0h 0m 41.616s
********************************************************************************************************************
Start the 3 rounds of NGS-ED iteration
	effective electronic model is modified as: kinetic energy t = 0.86086
	                                           effective interaction Vq = [-2.59363, -2.5198,-2.49244, -2.5198, -2.5198,-2.49244,-2.43338,-2.49244,-2.49244,-2.43338,-2.42679,-2.43338, -2.5198,-2.49244,-2.43338,-2.49244]
	PARPACK diagonalization completed after 60 matrix-vector product operations.
	iteration results: : total energy is -63.723572 | electron energy -63.782263 + phonon energy 0.058691 | electron momentum kIdx = 0
The 3-th iteration is completed.	|| time cost : 0h 0m 36.789s
********************************************************************************************************************
Start the 4 rounds of NGS-ED iteration
	effective electronic model is modified as: kinetic energy t = 0.850553
	                                           effective interaction Vq = [ -2.5992,-2.54273,-2.53309,-2.54273,-2.54273,-2.53309,-2.46235,-2.53309,-2.53309,-2.46235,-2.47089,-2.46235,-2.54273,-2.53309,-2.46235,-2.53309]
	PARPACK diagonalization completed after 45 matrix-vector product operations.
	iteration results: : total energy is -63.880840 | electron energy -63.955950 + phonon energy 0.075110 | electron momentum kIdx = 0
The 4-th iteration is completed.	|| time cost : 0h 0m 32.098s
********************************************************************************************************************
Start the 5 rounds of NGS-ED iteration
	effective electronic model is modified as: kinetic energy t = 0.847022
	                                           effective interaction Vq = [-2.59995,-2.54948,-2.54475,-2.54948,-2.54948,-2.54475,-2.47136,-2.54475,-2.54475,-2.47136,-2.48529,-2.47136,-2.54948,-2.54475,-2.47136,-2.54475]
	PARPACK diagonalization completed after 45 matrix-vector product operations.
	iteration results: : total energy is -63.900857 | electron energy -63.982692 + phonon energy 0.081835 | electron momentum kIdx = 0
The 5-th iteration is completed.	|| time cost : 0h 0m 32.132s
********************************************************************************************************************
Start the 6 rounds of NGS-ED iteration
	effective electronic model is modified as: kinetic energy t = 0.845823
	                                           effective interaction Vq = [-2.60005,-2.55163,-2.54842,-2.55163,-2.55163,-2.54842, -2.4743,-2.54842,-2.54842, -2.4743, -2.4903, -2.4743,-2.55163,-2.54842, -2.4743,-2.54842]
	PARPACK diagonalization completed after 30 matrix-vector product operations.
	iteration results: : total energy is -63.903404 | electron energy -63.987689 + phonon energy 0.084285 | electron momentum kIdx = 0
The 6-th iteration is completed.	|| time cost : 0h 0m 27.477s
********************************************************************************************************************
Start the 7 rounds of NGS-ED iteration
	effective electronic model is modified as: kinetic energy t = 0.845417
	                                           effective interaction Vq = [-2.60007,-2.55233,-2.54962,-2.55233,-2.55233,-2.54962,-2.47528,-2.54962,-2.54962,-2.47528, -2.4921,-2.47528,-2.55233,-2.54962,-2.47528,-2.54962]
	PARPACK diagonalization completed after 30 matrix-vector product operations.
	iteration results: : total energy is -63.903730 | electron energy -63.988870 + phonon energy 0.085140 | electron momentum kIdx = 0
The 7-th iteration is completed.	|| time cost : 0h 0m 27.408s
********************************************************************************************************************
Start the 8 rounds of NGS-ED iteration
	effective electronic model is modified as: kinetic energy t = 0.845279
	                                           effective interaction Vq = [-2.60007,-2.55257,-2.55001,-2.55257,-2.55257,-2.55001,-2.47561,-2.55001,-2.55001,-2.47561,-2.49276,-2.47561,-2.55257,-2.55001,-2.47561,-2.55001]
	PARPACK diagonalization completed after 30 matrix-vector product operations.
	iteration results: : total energy is -63.903772 | electron energy -63.989207 + phonon energy 0.085435 | electron momentum kIdx = 0
	Nq(0) = 16,	Nq(1) = 0.395513,	Nq(2) = 0.750903,	Nq(3) = 0.395513,	Nq(4) = 0.395513,	Nq(5) = 0.750903,	Nq(6) = 0.640392,	Nq(7) = 0.750903,	Nq(8) = 0.750903,	Nq(9) = 0.640392,	Nq(10) = 0.920046,	Nq(11) = 0.640392,	Nq(12) = 0.395513,	Nq(13) = 0.750903,	Nq(14) = 0.640392,	Nq(15) = 0.750903,	Sq(0) = -6.67411e-18,	Sq(1) = 0.339746,	Sq(2) = 0.362231,	Sq(3) = 0.339746,	Sq(4) = 0.339746,	Sq(5) = 0.362231,	Sq(6) = 0.574509,	Sq(7) = 0.362231,	Sq(8) = 0.362231,	Sq(9) = 0.574509,	Sq(10) = 0.600511,	Sq(11) = 0.574509,	Sq(12) = 0.339746,	Sq(13) = 0.362231,	Sq(14) = 0.574509,	Sq(15) = 0.362231,	N(0) = 1.99884,	N(1) = 1.99675,	N(2) = 1,	N(3) = 1.99675,	N(4) = 1.99675,	N(5) = 1,	N(6) = 0.00324925,	N(7) = 1,	N(8) = 1,	N(9) = 0.00324925,	N(10) = 0.0011585,	N(11) = 0.00324925,	N(12) = 1.99675,	N(13) = 1,	N(14) = 0.00324925,	N(15) = 1,	Delta[s](0) = 0.714216,	Delta[s](1) = 0.313475,	Delta[s](2) = 0.268046,	Delta[s](3) = 0.313475,	Delta[s](4) = 0.313475,	Delta[s](5) = 0.268046,	Delta[s](6) = 0.244094,	Delta[s](7) = 0.268046,	Delta[s](8) = 0.268046,	Delta[s](9) = 0.244094,	Delta[s](10) = 0.231773,	Delta[s](11) = 0.244094,	Delta[s](12) = 0.313475,	Delta[s](13) = 0.268046,	Delta[s](14) = 0.244094,	Delta[s](15) = 0.268046,	Delta[d](0) = 0.34317,	Delta[d](1) = 0.283672,	Delta[d](2) = 0.25743,	Delta[d](3) = 0.283672,	Delta[d](4) = 0.283672,	Delta[d](5) = 0.250862,	Delta[d](6) = 0.237131,	Delta[d](7) = 0.250862,	Delta[d](8) = 0.25743,	Delta[d](9) = 0.237131,	Delta[d](10) = 0.158562,	Delta[d](11) = 0.237131,	Delta[d](12) = 0.283672,	Delta[d](13) = 0.250862,	Delta[d](14) = 0.237131,	Delta[d](15) = 0.250862,	Delta[s+](0) = 0.473326,	Delta[s+](1) = 0.388056,	Delta[s+](2) = 0.25743,	Delta[s+](3) = 0.388056,	Delta[s+](4) = 0.388056,	Delta[s+](5) = 0.25743,	Delta[s+](6) = 0.12327,	Delta[s+](7) = 0.25743,	Delta[s+](8) = 0.25743,	Delta[s+](9) = 0.12327,	Delta[s+](10) = 0.036562,	Delta[s+](11) = 0.12327,	Delta[s+](12) = 0.388056,	Delta[s+](13) = 0.25743,	Delta[s+](14) = 0.12327,	Delta[s+](15) = 0.25743
The 8-th iteration is completed.	|| time cost : 0h 4m 35.838s
********************************************************************************************************************
********************************************************************************************************************
Ground state is obtained after 9 iterations. The current ground-state energy is -63.9038, in which electron energy is -63.9892 and phonon energy is 0.0854347
final variational state is: 
	Gamma_x = [      1, 1.0243,1.04765, 1.0243, 1.0243,1.04765, 1.0585,1.04765,1.04765, 1.0585,1.08031, 1.0585, 1.0243,1.04765, 1.0585,1.04765]
	lambda_q = [0.509846,0.441042,0.439251,0.441042,0.441042,0.439251,0.398396,0.439251,0.439251,0.398396,0.406432,0.398396,0.441042,0.439251,0.398396,0.439251]
********************************************************************************************************************
o___o  ----------------------------------------
| L |	Time since last clock: 0h 0m 0s
A===A	Time since the beginning: 0h 24m 10.205s
***********************************************


********************************************************************************************************************
Warm up runs have been completed. Start calculating W = 5 phonon.
open output files: NGSEDIterationObs.txt
********************************************************************************************************************
Start the 0 rounds of NGS-ED iteration
	effective electronic model is modified as: kinetic energy t = 0.845232
	                                           effective interaction Vq = [-2.37689,-2.20785,-2.20282,-2.20785,-2.20785,-2.20282,-2.07932,-2.20282,-2.20282,-2.07932,-2.10493,-2.07932,-2.20785,-2.20282,-2.07932,-2.20282]
	PARPACK diagonalization completed after 75 matrix-vector product operations.
	iteration results: : total energy is -57.273851 | electron energy -57.316619 + phonon energy 0.042768 | electron momentum kIdx = 0
	Nq(0) = 16,	Nq(1) = 0.354744,	Nq(2) = 0.371243,	Nq(3) = 0.354744,	Nq(4) = 0.354744,	Nq(5) = 0.371243,	Nq(6) = 0.572011,	Nq(7) = 0.371243,	Nq(8) = 0.371243,	Nq(9) = 0.572011,	Nq(10) = 0.600114,	Nq(11) = 0.572011,	Nq(12) = 0.354744,	Nq(13) = 0.371243,	Nq(14) = 0.572011,	Nq(15) = 0.371243,	Sq(0) = 1.01654e-18,	Sq(1) = 0.385462,	Sq(2) = 0.555726,	Sq(3) = 0.385462,	Sq(4) = 0.385462,	Sq(5) = 0.555726,	Sq(6) = 0.644178,	Sq(7) = 0.555726,	Sq(8) = 0.555726,	Sq(9) = 0.644178,	Sq(10) = 2.01249,	Sq(11) = 0.644178,	Sq(12) = 0.385462,	Sq(13) = 0.555726,	Sq(14) = 0.644178,	Sq(15) = 0.555726,	N(0) = 1.99928,	N(1) = 1.99815,	N(2) = 1,	N(3) = 1.99815,	N(4) = 1.99815,	N(5) = 1,	N(6) = 0.00185083,	N(7) = 1,	N(8) = 1,	N(9) = 0.00185083,	N(10) = 0.000724143,	N(11) = 0.00185083,	N(12) = 1.99815,	N(13) = 1,	N(14) = 0.00185083,	N(15) = 1,	Delta[s](0) = 0.254784,	Delta[s](1) = 0.246968,	Delta[s](2) = 0.19464,	Delta[s](3) = 0.246968,	Delta[s](4) = 0.246968,	Delta[s](5) = 0.19464,	Delta[s](6) = 0.187756,	Delta[s](7) = 0.19464,	Delta[s](8) = 0.19464,	Delta[s](9) = 0.187756,	Delta[s](10) = 0.105776,	Delta[s](11) = 0.187756,	Delta[s](12) = 0.246968,	Delta[s](13) = 0.19464,	Delta[s](14) = 0.187756,	Delta[s](15) = 0.19464,	Delta[d](0) = 0.550533,	Delta[d](1) = 0.321358,	Delta[d](2) = 0.280548,	Delta[d](3) = 0.321358,	Delta[d](4) = 0.321358,	Delta[d](5) = 0.332407,	Delta[d](6) = 0.248204,	Delta[d](7) = 0.332407,	Delta[d](8) = 0.280548,	Delta[d](9) = 0.248204,	Delta[d](10) = 0.11841,	Delta[d](11) = 0.248204,	Delta[d](12) = 0.321358,	Delta[d](13) = 0.332407,	Delta[d](14) = 0.248204,	Delta[d](15) = 0.332407,	Delta[s+](0) = 0.516443,	Delta[s+](1) = 0.423995,	Delta[s+](2) = 0.280548,	Delta[s+](3) = 0.423995,	Delta[s+](4) = 0.423995,	Delta[s+](5) = 0.280548,	Delta[s+](6) = 0.138006,	Delta[s+](7) = 0.280548,	Delta[s+](8) = 0.280548,	Delta[s+](9) = 0.138006,	Delta[s+](10) = 0.0393785,	Delta[s+](11) = 0.138006,	Delta[s+](12) = 0.423995,	Delta[s+](13) = 0.280548,	Delta[s+](14) = 0.138006,	Delta[s+](15) = 0.280548
The 0-th iteration is completed.	|| time cost : 0h 4m 35.442s
********************************************************************************************************************
Start the 1 rounds of NGS-ED iteration
	effective electronic model is modified as: kinetic energy t = 0.837972
	                                           effective interaction Vq = [-2.51797,-2.33098,-2.20541,-2.33098,-2.33098,-2.20541,-2.16889,-2.20541,-2.20541,-2.16889,-2.11432,-2.16889,-2.33098,-2.20541,-2.16889,-2.20541]
	PARPACK diagonalization completed after 45 matrix-vector product operations.
	iteration results: : total energy is -59.682967 | electron energy -59.800403 + phonon energy 0.117436 | electron momentum kIdx = 0
The 1-th iteration is completed.	|| time cost : 0h 0m 32.099s
********************************************************************************************************************
Start the 2 rounds of NGS-ED iteration
	effective electronic model is modified as: kinetic energy t = 0.831398
	                                           effective interaction Vq = [-2.56987,-2.39529,-2.21252,-2.39529,-2.39529,-2.21252,  -2.224,-2.21252,-2.21252,  -2.224,-2.12947,  -2.224,-2.39529,-2.21252,  -2.224,-2.21252]
	PARPACK diagonalization completed after 60 matrix-vector product operations.
	iteration results: : total energy is -60.567927 | electron energy -60.729760 + phonon energy 0.161833 | electron momentum kIdx = 0
The 2-th iteration is completed.	|| time cost : 0h 0m 36.846s
********************************************************************************************************************
Start the 3 rounds of NGS-ED iteration
	effective electronic model is modified as: kinetic energy t = 0.82671
	                                           effective interaction Vq = [-2.58896, -2.4304,-2.21852, -2.4304, -2.4304,-2.21852,-2.25749,-2.21852,-2.21852,-2.25749,-2.14088,-2.25749, -2.4304,-2.21852,-2.25749,-2.21852]
	PARPACK diagonalization completed after 45 matrix-vector product operations.
	iteration results: : total energy is -60.894168 | electron energy -61.080879 + phonon energy 0.186711 | electron momentum kIdx = 0
The 3-th iteration is completed.	|| time cost : 0h 0m 32.337s
********************************************************************************************************************
Start the 4 rounds of NGS-ED iteration
	effective electronic model is modified as: kinetic energy t = 0.82363
	                                           effective interaction Vq = [-2.59598,-2.45021,-2.22266,-2.45021,-2.45021,-2.22266,-2.27786,-2.22266,-2.22266,-2.27786,-2.14825,-2.27786,-2.45021,-2.22266,-2.27786,-2.22266]
	PARPACK diagonalization completed after 60 matrix-vector product operations.
	iteration results: : total energy is -61.014464 | electron energy -61.215601 + phonon energy 0.201137 | electron momentum kIdx = 0
The 4-th iteration is completed.	|| time cost : 0h 0m 36.853s
********************************************************************************************************************
Start the 5 rounds of NGS-ED iteration
	effective electronic model is modified as: kinetic energy t = 0.821678
	                                           effective interaction Vq = [-2.59857,-2.46164,-2.22533,-2.46164,-2.46164,-2.22533, -2.2903,-2.22533,-2.22533, -2.2903,-2.15276, -2.2903,-2.46164,-2.22533, -2.2903,-2.22533]
	PARPACK diagonalization completed after 45 matrix-vector product operations.
	iteration results: : total energy is -61.058806 | electron energy -61.268565 + phonon energy 0.209759 | electron momentum kIdx = 0
The 5-th iteration is completed.	|| time cost : 0h 0m 32.083s
********************************************************************************************************************
Start the 6 rounds of NGS-ED iteration
	effective electronic model is modified as: kinetic energy t = 0.820462
	                                           effective interaction Vq = [-2.59952,-2.46836,-2.22699,-2.46836,-2.46836,-2.22699,-2.29793,-2.22699,-2.22699,-2.29793,-2.15547,-2.29793,-2.46836,-2.22699,-2.29793,-2.22699]
	PARPACK diagonalization completed after 60 matrix-vector product operations.
	iteration results: : total energy is -61.075145 | electron energy -61.290143 + phonon energy 0.214998 | electron momentum kIdx = 0
The 6-th iteration is completed.	|| time cost : 0h 0m 36.809s
********************************************************************************************************************
Start the 7 rounds of NGS-ED iteration
	effective electronic model is modified as: kinetic energy t = 0.819712
	                                           effective interaction Vq = [-2.59987,-2.47234,-2.22802,-2.47234,-2.47234,-2.22802,-2.30261,-2.22802,-2.22802,-2.30261,-2.15709,-2.30261,-2.47234,-2.22802,-2.30261,-2.22802]
	PARPACK diagonalization completed after 45 matrix-vector product operations.
	iteration results: : total energy is -61.081164 | electron energy -61.299370 + phonon energy 0.218205 | electron momentum kIdx = 0
The 7-th iteration is completed.	|| time cost : 0h 0m 32.211s
********************************************************************************************************************
Start the 8 rounds of NGS-ED iteration
	effective electronic model is modified as: kinetic energy t = 0.819251
	                                           effective interaction Vq = [    -2.6,-2.47471,-2.22865,-2.47471,-2.47471,-2.22865, -2.3055,-2.22865,-2.22865, -2.3055,-2.15805, -2.3055,-2.47471,-2.22865, -2.3055,-2.22865]
	PARPACK diagonalization completed after 45 matrix-vector product operations.
	iteration results: : total energy is -61.083381 | electron energy -61.303555 + phonon energy 0.220174 | electron momentum kIdx = 0
The 8-th iteration is completed.	|| time cost : 0h 0m 32.077s
********************************************************************************************************************
Start the 9 rounds of NGS-ED iteration
	effective electronic model is modified as: kinetic energy t = 0.818968
	                                           effective interaction Vq = [-2.60004,-2.47614,-2.22903,-2.47614,-2.47614,-2.22903,-2.30728,-2.22903,-2.22903,-2.30728,-2.15862,-2.30728,-2.47614,-2.22903,-2.30728,-2.22903]
	PARPACK diagonalization completed after 45 matrix-vector product operations.
	iteration results: : total energy is -61.084198 | electron energy -61.305581 + phonon energy 0.221383 | electron momentum kIdx = 0
The 9-th iteration is completed.	|| time cost : 0h 0m 32.228s
********************************************************************************************************************
Start the 10 rounds of NGS-ED iteration
	effective electronic model is modified as: kinetic energy t = 0.818795
	                                           effective interaction Vq = [-2.60006,  -2.477,-2.22926,  -2.477,  -2.477,-2.22926,-2.30837,-2.22926,-2.22926,-2.30837,-2.15895,-2.30837,  -2.477,-2.22926,-2.30837,-2.22926]
	PARPACK diagonalization completed after 45 matrix-vector product operations.
	iteration results: : total energy is -61.084499 | electron energy -61.306624 + phonon energy 0.222126 | electron momentum kIdx = 0
	Nq(0) = 16,	Nq(1) = 0.412654,	Nq(2) = 0.369739,	Nq(3) = 0.412654,	Nq(4) = 0.412654,	Nq(5) = 0.369739,	Nq(6) = 0.633683,	Nq(7) = 0.369739,	Nq(8) = 0.369739,	Nq(9) = 0.633683,	Nq(10) = 0.602834,	Nq(11) = 0.633683,	Nq(12) = 0.412654,	Nq(13) = 0.369739,	Nq(14) = 0.633683,	Nq(15) = 0.369739,	Sq(0) = -2.70418e-18,	Sq(1) = 0.369957,	Sq(2) = 0.538522,	Sq(3) = 0.369957,	Sq(4) = 0.369957,	Sq(5) = 0.538522,	Sq(6) = 0.618347,	Sq(7) = 0.538522,	Sq(8) = 0.538522,	Sq(9) = 0.618347,	Sq(10) = 1.80903,	Sq(11) = 0.618347,	Sq(12) = 0.369957,	Sq(13) = 0.538522,	Sq(14) = 0.618347,	Sq(15) = 0.538522,	N(0) = 1.99984,	N(1) = 1.99879,	N(2) = 1,	N(3) = 1.99879,	N(4) = 1.99879,	N(5) = 1,	N(6) = 0.00120772,	N(7) = 1,	N(8) = 1,	N(9) = 0.00120772,	N(10) = 0.000156917,	N(11) = 0.00120772,	N(12) = 1.99879,	N(13) = 1,	N(14) = 0.00120772,	N(15) = 1,	Delta[s](0) = 0.26251,	Delta[s](1) = 0.262084,	Delta[s](2) = 0.207007,	Delta[s](3) = 0.262084,	Delta[s](4) = 0.262084,	Delta[s](5) = 0.207007,	Delta[s](6) = 0.206281,	Delta[s](7) = 0.207007,	Delta[s](8) = 0.207007,	Delta[s](9) = 0.206281,	Delta[s](10) = 0.125298,	Delta[s](11) = 0.206281,	Delta[s](12) = 0.262084,	Delta[s](13) = 0.207007,	Delta[s](14) = 0.206281,	Delta[s](15) = 0.207007,	Delta[d](0) = 0.569351,	Delta[d](1) = 0.331525,	Delta[d](2) = 0.293598,	Delta[d](3) = 0.331525,	Delta[d](4) = 0.331525,	Delta[d](5) = 0.347327,	Delta[d](6) = 0.262898,	Delta[d](7) = 0.347327,	Delta[d](8) = 0.293598,	Delta[d](9) = 0.262898,	Delta[d](10) = 0.134632,	Delta[d](11) = 0.262898,	Delta[d](12) = 0.331525,	Delta[d](13) = 0.347327,	Delta[d](14) = 0.262898,	Delta[d](15) = 0.347327,	Delta[s+](0) = 0.531708,	Delta[s+](1) = 0.436383,	Delta[s+](2) = 0.293598,	Delta[s+](3) = 0.436383,	Delta[s+](4) = 0.436383,	Delta[s+](5) = 0.293598,	Delta[s+](6) = 0.14699,	Delta[s+](7) = 0.293598,	Delta[s+](8) = 0.293598,	Delta[s+](9) = 0.14699,	Delta[s+](10) = 0.0479561,	Delta[s+](11) = 0.14699,	Delta[s+](12) = 0.436383,	Delta[s+](13) = 0.293598,	Delta[s+](14) = 0.14699,	Delta[s+](15) = 0.293598
The 10-th iteration is completed.	|| time cost : 0h 4m 27.679s
********************************************************************************************************************
Start the 11 rounds of NGS-ED iteration
	effective electronic model is modified as: kinetic energy t = 0.81869
	                                           effective interaction Vq = [-2.60007,-2.47752, -2.2294,-2.47752,-2.47752, -2.2294,-2.30905, -2.2294, -2.2294,-2.30905,-2.15916,-2.30905,-2.47752, -2.2294,-2.30905, -2.2294]
	PARPACK diagonalization completed after 30 matrix-vector product operations.
	iteration results: : total energy is -61.084609 | electron energy -61.307191 + phonon energy 0.222582 | electron momentum kIdx = 0
The 11-th iteration is completed.	|| time cost : 0h 0m 27.472s
********************************************************************************************************************
Start the 12 rounds of NGS-ED iteration
	effective electronic model is modified as: kinetic energy t = 0.818625
	                                           effective interaction Vq = [-2.60007,-2.47783,-2.22949,-2.47783,-2.47783,-2.22949,-2.30947,-2.22949,-2.22949,-2.30947,-2.15928,-2.30947,-2.47783,-2.22949,-2.30947,-2.22949]
	PARPACK diagonalization completed after 30 matrix-vector product operations.
	iteration results: : total energy is -61.084650 | electron energy -61.307512 + phonon energy 0.222861 | electron momentum kIdx = 0
The 12-th iteration is completed.	|| time cost : 0h 0m 27.388s
********************************************************************************************************************
Start the 13 rounds of NGS-ED iteration
	effective electronic model is modified as: kinetic energy t = 0.818585
	                                           effective interaction Vq = [-2.60007,-2.47802,-2.22954,-2.47802,-2.47802,-2.22954,-2.30972,-2.22954,-2.22954,-2.30972,-2.15935,-2.30972,-2.47802,-2.22954,-2.30972,-2.22954]
	PARPACK diagonalization completed after 30 matrix-vector product operations.
	iteration results: : total energy is -61.084665 | electron energy -61.307698 + phonon energy 0.223033 | electron momentum kIdx = 0
The 13-th iteration is completed.	|| time cost : 0h 0m 27.575s
********************************************************************************************************************
Start the 14 rounds of NGS-ED iteration
	effective electronic model is modified as: kinetic energy t = 0.818561
	                                           effective interaction Vq = [-2.60007,-2.47813,-2.22957,-2.47813,-2.47813,-2.22957,-2.30988,-2.22957,-2.22957,-2.30988,-2.15939,-2.30988,-2.47813,-2.22957,-2.30988,-2.22957]
	PARPACK diagonalization completed after 30 matrix-vector product operations.
	iteration results: : total energy is -61.084671 | electron energy -61.307809 + phonon energy 0.223138 | electron momentum kIdx = 0
The 14-th iteration is completed.	|| time cost : 0h 0m 27.368s
********************************************************************************************************************
Start the 15 rounds of NGS-ED iteration
	effective electronic model is modified as: kinetic energy t = 0.818546
	                                           effective interaction Vq = [-2.60007, -2.4782,-2.22959, -2.4782, -2.4782,-2.22959,-2.30998,-2.22959,-2.22959,-2.30998,-2.15941,-2.30998, -2.4782,-2.22959,-2.30998,-2.22959]
	PARPACK diagonalization completed after 30 matrix-vector product operations.
	iteration results: : total energy is -61.084673 | electron energy -61.307875 + phonon energy 0.223203 | electron momentum kIdx = 0
The 15-th iteration is completed.	|| time cost : 0h 0m 27.377s
********************************************************************************************************************
Start the 16 rounds of NGS-ED iteration
	effective electronic model is modified as: kinetic energy t = 0.818537
	                                           effective interaction Vq = [-2.60007,-2.47824, -2.2296,-2.47824,-2.47824, -2.2296,-2.31004, -2.2296, -2.2296,-2.31004,-2.15943,-2.31004,-2.47824, -2.2296,-2.31004, -2.2296]
	PARPACK diagonalization completed after 30 matrix-vector product operations.
	iteration results: : total energy is -61.084674 | electron energy -61.307916 + phonon energy 0.223242 | electron momentum kIdx = 0
The 16-th iteration is completed.	|| time cost : 0h 0m 27.361s
********************************************************************************************************************
Start the 17 rounds of NGS-ED iteration
	effective electronic model is modified as: kinetic energy t = 0.818532
	                                           effective interaction Vq = [-2.60007,-2.47827,-2.22961,-2.47827,-2.47827,-2.22961,-2.31008,-2.22961,-2.22961,-2.31008,-2.15944,-2.31008,-2.47827,-2.22961,-2.31008,-2.22961]
	PARPACK diagonalization completed after 30 matrix-vector product operations.
	iteration results: : total energy is -61.084674 | electron energy -61.307940 + phonon energy 0.223266 | electron momentum kIdx = 0
The 17-th iteration is completed.	|| time cost : 0h 0m 27.443s
********************************************************************************************************************
Start the 18 rounds of NGS-ED iteration
	effective electronic model is modified as: kinetic energy t = 0.818528
	                                           effective interaction Vq = [-2.60007,-2.47829,-2.22961,-2.47829,-2.47829,-2.22961, -2.3101,-2.22961,-2.22961, -2.3101,-2.15944, -2.3101,-2.47829,-2.22961, -2.3101,-2.22961]
	PARPACK diagonalization completed after 30 matrix-vector product operations.
	iteration results: : total energy is -61.084674 | electron energy -61.307955 + phonon energy 0.223281 | electron momentum kIdx = 0
The 18-th iteration is completed.	|| time cost : 0h 0m 27.395s
********************************************************************************************************************
Start the 19 rounds of NGS-ED iteration
	effective electronic model is modified as: kinetic energy t = 0.818526
	                                           effective interaction Vq = [-2.60007,-2.47829,-2.22962,-2.47829,-2.47829,-2.22962,-2.31011,-2.22962,-2.22962,-2.31011,-2.15945,-2.31011,-2.47829,-2.22962,-2.31011,-2.22962]
	PARPACK diagonalization completed after 30 matrix-vector product operations.
	iteration results: : total energy is -61.084674 | electron energy -61.307964 + phonon energy 0.223290 | electron momentum kIdx = 0
The 19-th iteration is completed.	|| time cost : 0h 0m 27.476s
********************************************************************************************************************
Start the 20 rounds of NGS-ED iteration
	effective electronic model is modified as: kinetic energy t = 0.818525
	                                           effective interaction Vq = [-2.60007, -2.4783,-2.22962, -2.4783, -2.4783,-2.22962,-2.31012,-2.22962,-2.22962,-2.31012,-2.15945,-2.31012, -2.4783,-2.22962,-2.31012,-2.22962]
	PARPACK diagonalization completed after 30 matrix-vector product operations.
	iteration results: : total energy is -61.084674 | electron energy -61.307970 + phonon energy 0.223296 | electron momentum kIdx = 0
	Nq(0) = 16,	Nq(1) = 0.413015,	Nq(2) = 0.369725,	Nq(3) = 0.413015,	Nq(4) = 0.413015,	Nq(5) = 0.369725,	Nq(6) = 0.63421,	Nq(7) = 0.369725,	Nq(8) = 0.369725,	Nq(9) = 0.63421,	Nq(10) = 0.602833,	Nq(11) = 0.63421,	Nq(12) = 0.413015,	Nq(13) = 0.369725,	Nq(14) = 0.63421,	Nq(15) = 0.369725,	Sq(0) = 6.54516e-19,	Sq(1) = 0.369837,	Sq(2) = 0.538384,	Sq(3) = 0.369837,	Sq(4) = 0.369837,	Sq(5) = 0.538384,	Sq(6) = 0.618155,	Sq(7) = 0.538384,	Sq(8) = 0.538384,	Sq(9) = 0.618155,	Sq(10) = 1.80765,	Sq(11) = 0.618155,	Sq(12) = 0.369837,	Sq(13) = 0.538384,	Sq(14) = 0.618155,	Sq(15) = 0.538384,	N(0) = 1.99984,	N(1) = 1.99877,	N(2) = 1,	N(3) = 1.99877,	N(4) = 1.99877,	N(5) = 1,	N(6) = 0.0012288,	N(7) = 1,	N(8) = 1,	N(9) = 0.0012288,	N(10) = 0.000157857,	N(11) = 0.0012288,	N(12) = 1.99877,	N(13) = 1,	N(14) = 0.0012288,	N(15) = 1,	Delta[s](0) = 0.262565,	Delta[s](1) = 0.262188,	Delta[s](2) = 0.207103,	Delta[s](3) = 0.262188,	Delta[s](4) = 0.262188,	Delta[s](5) = 0.207103,	Delta[s](6) = 0.206413,	Delta[s](7) = 0.207103,	Delta[s](8) = 0.207103,	Delta[s](9) = 0.206413,	Delta[s](10) = 0.125454,	Delta[s](11) = 0.206413,	Delta[s](12) = 0.262188,	Delta[s](13) = 0.207103,	Delta[s](14) = 0.206413,	Delta[s](15) = 0.207103,	Delta[d](0) = 0.569418,	Delta[d](1) = 0.331593,	Delta[d](2) = 0.293681,	Delta[d](3) = 0.331593,	Delta[d](4) = 0.331593,	Delta[d](5) = 0.347421,	Delta[d](6) = 0.262994,	Delta[d](7) = 0.347421,	Delta[d](8) = 0.293681,	Delta[d](9) = 0.262994,	Delta[d](10) = 0.134759,	Delta[d](11) = 0.262994,	Delta[d](12) = 0.331593,	Delta[d](13) = 0.347421,	Delta[d](14) = 0.262994,	Delta[d](15) = 0.347421,	Delta[s+](0) = 0.531781,	Delta[s+](1) = 0.436446,	Delta[s+](2) = 0.293681,	Delta[s+](3) = 0.436446,	Delta[s+](4) = 0.436446,	Delta[s+](5) = 0.293681,	Delta[s+](6) = 0.147062,	Delta[s+](7) = 0.293681,	Delta[s+](8) = 0.293681,	Delta[s+](9) = 0.147062,	Delta[s+](10) = 0.0480292,	Delta[s+](11) = 0.147062,	Delta[s+](12) = 0.436446,	Delta[s+](13) = 0.293681,	Delta[s+](14) = 0.147062,	Delta[s+](15) = 0.293681
The 20-th iteration is completed.	|| time cost : 0h 4m 21.748s
********************************************************************************************************************
Start the 21 rounds of NGS-ED iteration
	effective electronic model is modified as: kinetic energy t = 0.818524
	                                           effective interaction Vq = [-2.60007, -2.4783,-2.22962, -2.4783, -2.4783,-2.22962,-2.31013,-2.22962,-2.22962,-2.31013,-2.15945,-2.31013, -2.4783,-2.22962,-2.31013,-2.22962]
	PARPACK diagonalization completed after 30 matrix-vector product operations.
	iteration results: : total energy is -61.084674 | electron energy -61.307973 + phonon energy 0.223299 | electron momentum kIdx = 0
The 21-th iteration is completed.	|| time cost : 0h 0m 27.492s
********************************************************************************************************************
Start the 22 rounds of NGS-ED iteration
	effective electronic model is modified as: kinetic energy t = 0.818524
	                                           effective interaction Vq = [-2.60007,-2.47831,-2.22962,-2.47831,-2.47831,-2.22962,-2.31013,-2.22962,-2.22962,-2.31013,-2.15945,-2.31013,-2.47831,-2.22962,-2.31013,-2.22962]
	PARPACK diagonalization completed after 30 matrix-vector product operations.
	iteration results: : total energy is -61.084674 | electron energy -61.307976 + phonon energy 0.223302 | electron momentum kIdx = 0
The 22-th iteration is completed.	|| time cost : 0h 0m 27.423s
********************************************************************************************************************
Start the 23 rounds of NGS-ED iteration
	effective electronic model is modified as: kinetic energy t = 0.818523
	                                           effective interaction Vq = [-2.60007,-2.47831,-2.22962,-2.47831,-2.47831,-2.22962,-2.31013,-2.22962,-2.22962,-2.31013,-2.15945,-2.31013,-2.47831,-2.22962,-2.31013,-2.22962]
	PARPACK diagonalization completed after 30 matrix-vector product operations.
	iteration results: : total energy is -61.084674 | electron energy -61.307977 + phonon energy 0.223303 | electron momentum kIdx = 0
The 23-th iteration is completed.	|| time cost : 0h 0m 27.504s
********************************************************************************************************************
Start the 24 rounds of NGS-ED iteration
	effective electronic model is modified as: kinetic energy t = 0.818523
	                                           effective interaction Vq = [-2.60007,-2.47831,-2.22962,-2.47831,-2.47831,-2.22962,-2.31013,-2.22962,-2.22962,-2.31013,-2.15945,-2.31013,-2.47831,-2.22962,-2.31013,-2.22962]
	PARPACK diagonalization completed after 30 matrix-vector product operations.
	iteration results: : total energy is -61.084674 | electron energy -61.307978 + phonon energy 0.223304 | electron momentum kIdx = 0
The 24-th iteration is completed.	|| time cost : 0h 0m 27.485s
********************************************************************************************************************
Start the 25 rounds of NGS-ED iteration
	effective electronic model is modified as: kinetic energy t = 0.818523
	                                           effective interaction Vq = [-2.60007,-2.47831,-2.22962,-2.47831,-2.47831,-2.22962,-2.31013,-2.22962,-2.22962,-2.31013,-2.15945,-2.31013,-2.47831,-2.22962,-2.31013,-2.22962]
	PARPACK diagonalization completed after 30 matrix-vector product operations.
	iteration results: : total energy is -61.084674 | electron energy -61.307978 + phonon energy 0.223304 | electron momentum kIdx = 0
The 25-th iteration is completed.	|| time cost : 0h 0m 27.4s
