SNEDics v3.4 Non-Gaussian ED ground state program		Start at Thu Sep 26 01:18:30 2019

parallized on 16 MPI threads  * 8 OpenMP threads = 128 total threads.
********************************************************************************************************************
********************************************************************************************************************

********************************************************************************************************************
System parameters and configurations
********************************************************************************************************************
Special program options are enabled: splitted diagonal Hamiltonian
********************************************************************************************************************
Read input file "model_params.in"
	Hubbard-Holstein model parameters : 	t = 1    U = 6.3    g = 4.1833    W = 5    
********************************************************************************************************************
Read input file "hilbertspace_params.in"
	Requested 16-site 2D lattice, with 14 electrons (7, 7)
	Boundary : Periodic		Hilbert space representation : momentum-space (restricted to kIdx = 0)
	Conservation: particle number[U(1)]      spin[U(1)]     momentum
********************************************************************************************************************

Cluster Positions:				Cluster symmetry group : D4
 x ... x ... x ... x .....                       x ... x ... x ... x .....
 |           |           :                       |           |           :
 |           |           :                       |           |           :
12    13    14    15     x                       1     5     6     5     x
 |           |           :                       |           |           :
 |           |           :                       |           |           :
 8 --- 9 ---10 ---11 --- x                       2 --- 6 ---10 --- 6 --- x
 |           |           :                       |           |           :
 |           |           :                       |           |           :
 4     5     6     7     x                       1     5     6     5     x
 |           |           :                       |           |           :
 |           |           :                       |           |           :
 0 --- 1 --- 2 --- 3 --- x                       0 --- 1 --- 2 --- 1 --- x
orbital number : 1
********************************************************************************************************************
Read input file "obs_params.in"
	Observable Type : Nq(All),   Sq(All),   N(All),   Delta[s](All),   Delta[d](All),   Delta[s+](All)
********************************************************************************************************************
** WARNING ** the input observables have non-local factors which have been reinterpreted. The total observable number is 96
********************************************************************************************************************


********************************************************************************************************************
Start calculating the non-Gaussian ED ground state
** WARNING ** Detected low phonon energy W < 10. The initial state will be prepared through a warm-up process.
********************************************************************************************************************
Start warm-up calculation for scaling factor 2
open output files: NGSEDWarmUpW10Obs.txt
********************************************************************************************************************
Start the 0 rounds of NGS-ED iteration
	effective electronic model is modified as: kinetic energy t = 1
	                                           effective interaction Vq = [-0,-0,-0,-0,-0,-0,-0,-0,-0,-0,-0,-0,-0,-0,-0,-0]
	first Hamiltonian is constructed, non-zero numbers = 2178478298
	PARPACK diagonalization completed after 150 matrix-vector product operations.
	iteration results: : total energy is -13.147108 | electron energy -13.147108 + phonon energy 0.000000 | electron momentum kIdx = 0
	Nq(0) = 12.25,	Nq(1) = 0.172089,	Nq(2) = 0.215064,	Nq(3) = 0.172089,	Nq(4) = 0.172089,	Nq(5) = 0.239884,	Nq(6) = 0.27945,	Nq(7) = 0.239884,	Nq(8) = 0.215064,	Nq(9) = 0.27945,	Nq(10) = 0.326723,	Nq(11) = 0.27945,	Nq(12) = 0.172089,	Nq(13) = 0.239884,	Nq(14) = 0.27945,	Nq(15) = 0.239884,	Sq(0) = 4.66067e-18,	Sq(1) = 0.474708,	Sq(2) = 0.734317,	Sq(3) = 0.474708,	Sq(4) = 0.474708,	Sq(5) = 0.614827,	Sq(6) = 0.978516,	Sq(7) = 0.614827,	Sq(8) = 0.734317,	Sq(9) = 0.978516,	Sq(10) = 2.48662,	Sq(11) = 0.978516,	Sq(12) = 0.474708,	Sq(13) = 0.614827,	Sq(14) = 0.978516,	Sq(15) = 0.614827,	N(0) = 1.82574,	N(1) = 1.6923,	N(2) = 0.234554,	N(3) = 1.6923,	N(4) = 1.6923,	N(5) = 0.999187,	N(6) = 0.20577,	N(7) = 0.999187,	N(8) = 0.234554,	N(9) = 0.20577,	N(10) = 0.116139,	N(11) = 0.20577,	N(12) = 1.6923,	N(13) = 0.999187,	N(14) = 0.20577,	N(15) = 0.999187,	Delta[s](0) = 0.0918596,	Delta[s](1) = 0.0733829,	Delta[s](2) = 0.051311,	Delta[s](3) = 0.0733829,	Delta[s](4) = 0.0733829,	Delta[s](5) = 0.0584695,	Delta[s](6) = 0.036821,	Delta[s](7) = 0.0584695,	Delta[s](8) = 0.051311,	Delta[s](9) = 0.036821,	Delta[s](10) = 0.0170947,	Delta[s](11) = 0.036821,	Delta[s](12) = 0.0733829,	Delta[s](13) = 0.0584695,	Delta[s](14) = 0.036821,	Delta[s](15) = 0.0584695,	Delta[d](0) = 0.258857,	Delta[d](1) = 0.184801,	Delta[d](2) = 0.197061,	Delta[d](3) = 0.184801,	Delta[d](4) = 0.184801,	Delta[d](5) = 0.175659,	Delta[d](6) = 0.131791,	Delta[d](7) = 0.175659,	Delta[d](8) = 0.197061,	Delta[d](9) = 0.131791,	Delta[d](10) = 0.0533913,	Delta[d](11) = 0.131791,	Delta[d](12) = 0.184801,	Delta[d](13) = 0.175659,	Delta[d](14) = 0.131791,	Delta[d](15) = 0.175659,	Delta[s+](0) = 0.561366,	Delta[s+](1) = 0.418549,	Delta[s+](2) = 0.197061,	Delta[s+](3) = 0.418549,	Delta[s+](4) = 0.418549,	Delta[s+](5) = 0.293206,	Delta[s+](6) = 0.126463,	Delta[s+](7) = 0.293206,	Delta[s+](8) = 0.197061,	Delta[s+](9) = 0.126463,	Delta[s+](10) = 0.0401362,	Delta[s+](11) = 0.126463,	Delta[s+](12) = 0.418549,	Delta[s+](13) = 0.293206,	Delta[s+](14) = 0.126463,	Delta[s+](15) = 0.293206
The 0-th iteration is completed.	|| time cost : 0h 6m 27.228s
********************************************************************************************************************
Start the 1 rounds of NGS-ED iteration
	effective electronic model is modified as: kinetic energy t = 0.912054
	                                           effective interaction Vq = [-3.02633,-2.81065,-2.68476,-2.81065,-2.81065,-2.71983,-2.63557,-2.71983,-2.68476,-2.63557,-2.58462,-2.63557,-2.81065,-2.71983,-2.63557,-2.71983]
	PARPACK diagonalization completed after 45 matrix-vector product operations.
	iteration results: : total energy is -61.297355 | electron energy -61.303243 + phonon energy 0.005888 | electron momentum kIdx = 0
The 1-th iteration is completed.	|| time cost : 0h 5m 40.62s
********************************************************************************************************************
Start the 2 rounds of NGS-ED iteration
	effective electronic model is modified as: kinetic energy t = 0.849501
	                                           effective interaction Vq = [ -3.4359,-3.29045,-3.14897,-3.29045,-3.29045,-3.21509, -3.1474,-3.21509,-3.14897, -3.1474,-3.07079, -3.1474,-3.29045,-3.21509, -3.1474,-3.21509]
	PARPACK diagonalization completed after 165 matrix-vector product operations.
	iteration results: : total energy is -68.293657 | electron energy -68.346837 + phonon energy 0.053180 | electron momentum kIdx = 0
The 2-th iteration is completed.	|| time cost : 0h 0m 52.86s
********************************************************************************************************************
Start the 3 rounds of NGS-ED iteration
	effective electronic model is modified as: kinetic energy t = 0.81766
	                                           effective interaction Vq = [-3.49132,-3.40175,-3.33071,-3.40175,-3.40175,-3.38733,-3.28783,-3.38733,-3.33071,-3.28783,-3.20089,-3.28783,-3.40175,-3.38733,-3.28783,-3.38733]
	PARPACK diagonalization completed after 60 matrix-vector product operations.
	iteration results: : total energy is -69.530272 | electron energy -69.627320 + phonon energy 0.097048 | electron momentum kIdx = 0
The 3-th iteration is completed.	|| time cost : 0h 0m 27.605s
********************************************************************************************************************
Start the 4 rounds of NGS-ED iteration
	effective electronic model is modified as: kinetic energy t = 0.805385
	                                           effective interaction Vq = [-3.49883,-3.43004,-3.40316,-3.43004,-3.43004,-3.42767,-3.32874,-3.42767,-3.40316,-3.32874,-3.24197,-3.32874,-3.43004,-3.42767,-3.32874,-3.42767]
	PARPACK diagonalization completed after 45 matrix-vector product operations.
	iteration results: : total energy is -69.706553 | electron energy -69.826269 + phonon energy 0.119716 | electron momentum kIdx = 0
The 4-th iteration is completed.	|| time cost : 0h 0m 24.002s
********************************************************************************************************************
Start the 5 rounds of NGS-ED iteration
	effective electronic model is modified as: kinetic energy t = 0.801007
	                                           effective interaction Vq = [-3.49984,-3.43848,-3.42771,-3.43848,-3.43848,-3.43834,-3.34212,-3.43834,-3.42771,-3.34212,-3.25639,-3.34212,-3.43848,-3.43834,-3.34212,-3.43834]
	PARPACK diagonalization completed after 45 matrix-vector product operations.
	iteration results: : total energy is -69.730473 | electron energy -69.859433 + phonon energy 0.128959 | electron momentum kIdx = 0
The 5-th iteration is completed.	|| time cost : 0h 0m 24.056s
********************************************************************************************************************
Start the 6 rounds of NGS-ED iteration
	effective electronic model is modified as: kinetic energy t = 0.799468
	                                           effective interaction Vq = [-3.49998,-3.44121,-3.43658,-3.44121,-3.44121, -3.4413,-3.34675, -3.4413,-3.43658,-3.34675,-3.26167,-3.34675,-3.44121, -3.4413,-3.34675, -3.4413]
	PARPACK diagonalization completed after 45 matrix-vector product operations.
	iteration results: : total energy is -69.733715 | electron energy -69.866110 + phonon energy 0.132395 | electron momentum kIdx = 0
The 6-th iteration is completed.	|| time cost : 0h 0m 24.22s
********************************************************************************************************************
Start the 7 rounds of NGS-ED iteration
	effective electronic model is modified as: kinetic energy t = 0.798929
	                                           effective interaction Vq = [    -3.5,-3.44213,-3.43996,-3.44213,-3.44213,-3.44208,-3.34838,-3.44208,-3.43996,-3.34838,-3.26365,-3.34838,-3.44213,-3.44208,-3.34838,-3.44208]
	PARPACK diagonalization completed after 45 matrix-vector product operations.
	iteration results: : total energy is -69.734160 | electron energy -69.867790 + phonon energy 0.133630 | electron momentum kIdx = 0
The 7-th iteration is completed.	|| time cost : 0h 0m 23.992s
********************************************************************************************************************
Start the 8 rounds of NGS-ED iteration
	effective electronic model is modified as: kinetic energy t = 0.798741
	                                           effective interaction Vq = [    -3.5,-3.44243,-3.44129,-3.44243,-3.44243,-3.44225,-3.34897,-3.44225,-3.44129,-3.34897,-3.26439,-3.34897,-3.44243,-3.44225,-3.34897,-3.44225]
	PARPACK diagonalization completed after 45 matrix-vector product operations.
	iteration results: : total energy is -69.734223 | electron energy -69.868291 + phonon energy 0.134068 | electron momentum kIdx = 0
The 8-th iteration is completed.	|| time cost : 0h 0m 23.961s
********************************************************************************************************************
Start the 9 rounds of NGS-ED iteration
	effective electronic model is modified as: kinetic energy t = 0.798675
	                                           effective interaction Vq = [    -3.5,-3.44254,-3.44183,-3.44254,-3.44254,-3.44226,-3.34918,-3.44226,-3.44183,-3.34918,-3.26466,-3.34918,-3.44254,-3.44226,-3.34918,-3.44226]
	PARPACK diagonalization completed after 30 matrix-vector product operations.
	iteration results: : total energy is -69.734232 | electron energy -69.868455 + phonon energy 0.134222 | electron momentum kIdx = 0
	Nq(0) = 12.25,	Nq(1) = 0.394111,	Nq(2) = 0.762389,	Nq(3) = 0.394111,	Nq(4) = 0.394111,	Nq(5) = 0.763073,	Nq(6) = 0.635739,	Nq(7) = 0.763073,	Nq(8) = 0.762389,	Nq(9) = 0.635739,	Nq(10) = 0.62728,	Nq(11) = 0.635739,	Nq(12) = 0.394111,	Nq(13) = 0.763073,	Nq(14) = 0.635739,	Nq(15) = 0.763073,	Sq(0) = -3.08754e-18,	Sq(1) = 0.340643,	Sq(2) = 0.362358,	Sq(3) = 0.340643,	Sq(4) = 0.340643,	Sq(5) = 0.362354,	Sq(6) = 0.573092,	Sq(7) = 0.362354,	Sq(8) = 0.362358,	Sq(9) = 0.573092,	Sq(10) = 0.597175,	Sq(11) = 0.573092,	Sq(12) = 0.340643,	Sq(13) = 0.362354,	Sq(14) = 0.573092,	Sq(15) = 0.362354,	N(0) = 1.9983,	N(1) = 1.99507,	N(2) = 0.668657,	N(3) = 1.99507,	N(4) = 1.99507,	N(5) = 0.667117,	N(6) = 0.00359791,	N(7) = 0.667117,	N(8) = 0.668657,	N(9) = 0.00359791,	N(10) = 0.00124244,	N(11) = 0.00359791,	N(12) = 1.99507,	N(13) = 0.667117,	N(14) = 0.00359791,	N(15) = 0.667117,	Delta[s](0) = 0.467743,	Delta[s](1) = 0.248997,	Delta[s](2) = 0.213168,	Delta[s](3) = 0.248997,	Delta[s](4) = 0.248997,	Delta[s](5) = 0.213128,	Delta[s](6) = 0.193743,	Delta[s](7) = 0.213128,	Delta[s](8) = 0.213168,	Delta[s](9) = 0.193743,	Delta[s](10) = 0.269326,	Delta[s](11) = 0.193743,	Delta[s](12) = 0.248997,	Delta[s](13) = 0.213128,	Delta[s](14) = 0.193743,	Delta[s](15) = 0.213128,	Delta[d](0) = 0.280863,	Delta[d](1) = 0.216605,	Delta[d](2) = 0.216376,	Delta[d](3) = 0.216605,	Delta[d](4) = 0.216605,	Delta[d](5) = 0.196418,	Delta[d](6) = 0.174156,	Delta[d](7) = 0.196418,	Delta[d](8) = 0.216376,	Delta[d](9) = 0.174156,	Delta[d](10) = 0.112342,	Delta[d](11) = 0.174156,	Delta[d](12) = 0.216605,	Delta[d](13) = 0.196418,	Delta[d](14) = 0.174156,	Delta[d](15) = 0.196418,	Delta[s+](0) = 0.457293,	Delta[s+](1) = 0.348705,	Delta[s+](2) = 0.216376,	Delta[s+](3) = 0.348705,	Delta[s+](4) = 0.348705,	Delta[s+](5) = 0.216216,	Delta[s+](6) = 0.0961896,	Delta[s+](7) = 0.216216,	Delta[s+](8) = 0.216376,	Delta[s+](9) = 0.0961896,	Delta[s+](10) = 0.0351975,	Delta[s+](11) = 0.0961896,	Delta[s+](12) = 0.348705,	Delta[s+](13) = 0.216216,	Delta[s+](14) = 0.0961896,	Delta[s+](15) = 0.216216
The 9-th iteration is completed.	|| time cost : 0h 3m 14.117s
********************************************************************************************************************
********************************************************************************************************************
Ground state is obtained after 10 iterations. The current ground-state energy is -69.7342, in which electron energy is -69.8685 and phonon energy is 0.134222
final variational state is: 
	Gamma_x = [      1,1.03128,1.06154,1.03128,1.03128,1.06159,1.07585,1.06159,1.06154,1.07585,1.08786,1.07585,1.03128,1.06159,1.07585,1.06159]
	lambda_q = [0.591581,0.515828,0.515485,0.515828,0.515828,0.515614,0.468828,0.515614,0.515485,0.468828,0.438235,0.468828,0.515828,0.515614,0.468828,0.515614]
********************************************************************************************************************
o___o  ----------------------------------------
| L |	Time since last clock: 0h 0m 0s
A===A	Time since the beginning: 0h 18m 42.665s
***********************************************


********************************************************************************************************************
Warm up runs have been completed. Start calculating W = 5 phonon.
open output files: NGSEDIterationObs.txt
********************************************************************************************************************
Start the 0 rounds of NGS-ED iteration
	effective electronic model is modified as: kinetic energy t = 0.798651
	                                           effective interaction Vq = [-3.19968,-2.98534,-2.98423,-2.98534,-2.98534,-2.98465, -2.8235,-2.98465,-2.98423, -2.8235,-2.70629, -2.8235,-2.98534,-2.98465, -2.8235,-2.98465]
	PARPACK diagonalization completed after 90 matrix-vector product operations.
	iteration results: : total energy is -62.080077 | electron energy -62.147216 + phonon energy 0.067138 | electron momentum kIdx = 0
	Nq(0) = 12.25,	Nq(1) = 0.360857,	Nq(2) = 0.400263,	Nq(3) = 0.360857,	Nq(4) = 0.360857,	Nq(5) = 0.469978,	Nq(6) = 0.561756,	Nq(7) = 0.469978,	Nq(8) = 0.400263,	Nq(9) = 0.561756,	Nq(10) = 0.56468,	Nq(11) = 0.561756,	Nq(12) = 0.360857,	Nq(13) = 0.469978,	Nq(14) = 0.561756,	Nq(15) = 0.469978,	Sq(0) = -5.88807e-18,	Sq(1) = 0.390395,	Sq(2) = 0.832996,	Sq(3) = 0.390395,	Sq(4) = 0.390395,	Sq(5) = 0.576138,	Sq(6) = 0.657449,	Sq(7) = 0.576138,	Sq(8) = 0.832996,	Sq(9) = 0.657449,	Sq(10) = 0.652515,	Sq(11) = 0.657449,	Sq(12) = 0.390395,	Sq(13) = 0.576138,	Sq(14) = 0.657449,	Sq(15) = 0.576138,	N(0) = 1.99718,	N(1) = 1.99546,	N(2) = 0.254957,	N(3) = 1.99546,	N(4) = 1.99546,	N(5) = 0.874175,	N(6) = 0.00318376,	N(7) = 0.874175,	N(8) = 0.254957,	N(9) = 0.00318376,	N(10) = 0.00163242,	N(11) = 0.00318376,	N(12) = 1.99546,	N(13) = 0.874175,	N(14) = 0.00318376,	N(15) = 0.874175,	Delta[s](0) = 0.209158,	Delta[s](1) = 0.18725,	Delta[s](2) = 0.151996,	Delta[s](3) = 0.18725,	Delta[s](4) = 0.18725,	Delta[s](5) = 0.163315,	Delta[s](6) = 0.143584,	Delta[s](7) = 0.163315,	Delta[s](8) = 0.151996,	Delta[s](9) = 0.143584,	Delta[s](10) = 0.10304,	Delta[s](11) = 0.143584,	Delta[s](12) = 0.18725,	Delta[s](13) = 0.163315,	Delta[s](14) = 0.143584,	Delta[s](15) = 0.163315,	Delta[d](0) = 0.264032,	Delta[d](1) = 0.183672,	Delta[d](2) = 0.192519,	Delta[d](3) = 0.183672,	Delta[d](4) = 0.183672,	Delta[d](5) = 0.17272,	Delta[d](6) = 0.14311,	Delta[d](7) = 0.17272,	Delta[d](8) = 0.192519,	Delta[d](9) = 0.14311,	Delta[d](10) = 0.0934712,	Delta[d](11) = 0.14311,	Delta[d](12) = 0.183672,	Delta[d](13) = 0.17272,	Delta[d](14) = 0.14311,	Delta[d](15) = 0.17272,	Delta[s+](0) = 0.506552,	Delta[s+](1) = 0.383033,	Delta[s+](2) = 0.192519,	Delta[s+](3) = 0.383033,	Delta[s+](4) = 0.383033,	Delta[s+](5) = 0.256949,	Delta[s+](6) = 0.108028,	Delta[s+](7) = 0.256949,	Delta[s+](8) = 0.192519,	Delta[s+](9) = 0.108028,	Delta[s+](10) = 0.0408159,	Delta[s+](11) = 0.108028,	Delta[s+](12) = 0.383033,	Delta[s+](13) = 0.256949,	Delta[s+](14) = 0.108028,	Delta[s+](15) = 0.256949
The 0-th iteration is completed.	|| time cost : 0h 3m 34.943s
********************************************************************************************************************
Start the 1 rounds of NGS-ED iteration
	effective electronic model is modified as: kinetic energy t = 0.78073
	                                           effective interaction Vq = [-3.38952,-3.16108,-3.03297,-3.16108,-3.16108,-3.08058,-2.95599,-3.08058,-3.03297,-2.95599,-2.80909,-2.95599,-3.16108,-3.08058,-2.95599,-3.08058]
	PARPACK diagonalization completed after 60 matrix-vector product operations.
	iteration results: : total energy is -64.700014 | electron energy -64.890693 + phonon energy 0.190679 | electron momentum kIdx = 0
The 1-th iteration is completed.	|| time cost : 0h 0m 27.859s
********************************************************************************************************************
Start the 2 rounds of NGS-ED iteration
	effective electronic model is modified as: kinetic energy t = 0.767586
	                                           effective interaction Vq = [-3.45936,-3.25166, -3.0431,-3.25166,-3.25166,  -3.146, -3.0375,  -3.146, -3.0431, -3.0375,-2.87758, -3.0375,-3.25166,  -3.146, -3.0375,  -3.146]
	PARPACK diagonalization completed after 75 matrix-vector product operations.
	iteration results: : total energy is -65.669892 | electron energy -65.942082 + phonon energy 0.272190 | electron momentum kIdx = 0
The 2-th iteration is completed.	|| time cost : 0h 0m 31.196s
********************************************************************************************************************
Start the 3 rounds of NGS-ED iteration
	effective electronic model is modified as: kinetic energy t = 0.7587
	                                           effective interaction Vq = [-3.48505, -3.3002,-3.05311, -3.3002, -3.3002, -3.1843,-3.08673, -3.1843,-3.05311,-3.08673,-2.92017,-3.08673, -3.3002, -3.1843,-3.08673, -3.1843]
	PARPACK diagonalization completed after 90 matrix-vector product operations.
	iteration results: : total energy is -66.049677 | electron energy -66.370697 + phonon energy 0.321020 | electron momentum kIdx = 0
The 3-th iteration is completed.	|| time cost : 0h 0m 34.849s
********************************************************************************************************************
Start the 4 rounds of NGS-ED iteration
	effective electronic model is modified as: kinetic energy t = 0.747184
	                                           effective interaction Vq = [ -3.4945,-3.32643,-3.07959,-3.32643,-3.32643,-3.26759,-3.11833,-3.26759,-3.07959,-3.11833,-2.94808,-3.11833,-3.32643,-3.26759,-3.11833,-3.26759]
	PARPACK diagonalization completed after 60 matrix-vector product operations.
	iteration results: : total energy is -66.263166 | electron energy -66.618882 + phonon energy 0.355716 | electron momentum kIdx = 0
The 4-th iteration is completed.	|| time cost : 0h 0m 27.892s
********************************************************************************************************************
Start the 5 rounds of NGS-ED iteration
	effective electronic model is modified as: kinetic energy t = 0.738041
	                                           effective interaction Vq = [-3.49798,-3.34099,-3.14028,-3.34099,-3.34099,-3.32066,-3.13616,-3.32066,-3.14028,-3.13616,-2.96564,-3.13616,-3.34099,-3.32066,-3.13616,-3.32066]
	PARPACK diagonalization completed after 60 matrix-vector product operations.
	iteration results: : total energy is -66.364466 | electron energy -66.748231 + phonon energy 0.383765 | electron momentum kIdx = 0
The 5-th iteration is completed.	|| time cost : 0h 0m 27.627s
********************************************************************************************************************
Start the 6 rounds of NGS-ED iteration
	effective electronic model is modified as: kinetic energy t = 0.73182
	                                           effective interaction Vq = [-3.49926,  -3.349, -3.1962,  -3.349,  -3.349,-3.35029,  -3.146,-3.35029, -3.1962,  -3.146,-2.97639,  -3.146,  -3.349,-3.35029,  -3.146,-3.35029]
	PARPACK diagonalization completed after 45 matrix-vector product operations.
	iteration results: : total energy is -66.409846 | electron energy -66.814983 + phonon energy 0.405137 | electron momentum kIdx = 0
The 6-th iteration is completed.	|| time cost : 0h 0m 24.003s
********************************************************************************************************************
Start the 7 rounds of NGS-ED iteration
	effective electronic model is modified as: kinetic energy t = 0.727741
	                                           effective interaction Vq = [-3.49973,-3.35341,-3.24038,-3.35341,-3.35341, -3.3663,-3.15139, -3.3663,-3.24038,-3.15139,-2.98291,-3.15139,-3.35341, -3.3663,-3.15139, -3.3663]
	PARPACK diagonalization completed after 45 matrix-vector product operations.
	iteration results: : total energy is -66.430662 | electron energy -66.851037 + phonon energy 0.420375 | electron momentum kIdx = 0
The 7-th iteration is completed.	|| time cost : 0h 0m 23.947s
********************************************************************************************************************
Start the 8 rounds of NGS-ED iteration
	effective electronic model is modified as: kinetic energy t = 0.725097
	                                           effective interaction Vq = [ -3.4999,-3.35581,-3.27377,-3.35581,-3.35581,-3.37461,-3.15428,-3.37461,-3.27377,-3.15428,-2.98683,-3.15428,-3.35581,-3.37461,-3.15428,-3.37461]
	PARPACK diagonalization completed after 45 matrix-vector product operations.
	iteration results: : total energy is -66.440802 | electron energy -66.871589 + phonon energy 0.430786 | electron momentum kIdx = 0
The 8-th iteration is completed.	|| time cost : 0h 0m 24.267s
********************************************************************************************************************
Start the 9 rounds of NGS-ED iteration
	effective electronic model is modified as: kinetic energy t = 0.723392
	                                           effective interaction Vq = [-3.49996,-3.35709, -3.2986,-3.35709,-3.35709,-3.37856,-3.15579,-3.37856, -3.2986,-3.15579,-2.98919,-3.15579,-3.35709,-3.37856,-3.15579,-3.37856]
	PARPACK diagonalization completed after 45 matrix-vector product operations.
	iteration results: : total energy is -66.446098 | electron energy -66.883818 + phonon energy 0.437720 | electron momentum kIdx = 0
The 9-th iteration is completed.	|| time cost : 0h 0m 24.226s
********************************************************************************************************************
Start the 10 rounds of NGS-ED iteration
	effective electronic model is modified as: kinetic energy t = 0.722297
	                                           effective interaction Vq = [-3.49999,-3.35777,-3.31697,-3.35777,-3.35777,-3.38006,-3.15654,-3.38006,-3.31697,-3.15654, -2.9906,-3.15654,-3.35777,-3.38006,-3.15654,-3.38006]
	PARPACK diagonalization completed after 45 matrix-vector product operations.
	iteration results: : total energy is -66.449035 | electron energy -66.891302 + phonon energy 0.442267 | electron momentum kIdx = 0
	Nq(0) = 12.25,	Nq(1) = 0.392699,	Nq(2) = 0.688692,	Nq(3) = 0.392699,	Nq(4) = 0.392699,	Nq(5) = 0.80428,	Nq(6) = 0.594933,	Nq(7) = 0.80428,	Nq(8) = 0.688692,	Nq(9) = 0.594933,	Nq(10) = 0.580115,	Nq(11) = 0.594933,	Nq(12) = 0.392699,	Nq(13) = 0.80428,	Nq(14) = 0.594933,	Nq(15) = 0.80428,	Sq(0) = -3.37261e-18,	Sq(1) = 0.352241,	Sq(2) = 0.370909,	Sq(3) = 0.352241,	Sq(4) = 0.352241,	Sq(5) = 0.373419,	Sq(6) = 0.592146,	Sq(7) = 0.373419,	Sq(8) = 0.370909,	Sq(9) = 0.592146,	Sq(10) = 0.611814,	Sq(11) = 0.592146,	Sq(12) = 0.352241,	Sq(13) = 0.373419,	Sq(14) = 0.592146,	Sq(15) = 0.373419,	N(0) = 1.99849,	N(1) = 1.99572,	N(2) = 0.862739,	N(3) = 1.99572,	N(4) = 1.99572,	N(5) = 0.569702,	N(6) = 0.00341139,	N(7) = 0.569702,	N(8) = 0.862739,	N(9) = 0.00341139,	N(10) = 0.000677804,	N(11) = 0.00341139,	N(12) = 1.99572,	N(13) = 0.569702,	N(14) = 0.00341139,	N(15) = 0.569702,	Delta[s](0) = 0.354968,	Delta[s](1) = 0.239745,	Delta[s](2) = 0.219523,	Delta[s](3) = 0.239745,	Delta[s](4) = 0.239745,	Delta[s](5) = 0.215502,	Delta[s](6) = 0.203969,	Delta[s](7) = 0.215502,	Delta[s](8) = 0.219523,	Delta[s](9) = 0.203969,	Delta[s](10) = 0.256694,	Delta[s](11) = 0.203969,	Delta[s](12) = 0.239745,	Delta[s](13) = 0.215502,	Delta[s](14) = 0.203969,	Delta[s](15) = 0.215502,	Delta[d](0) = 0.333125,	Delta[d](1) = 0.26347,	Delta[d](2) = 0.264533,	Delta[d](3) = 0.26347,	Delta[d](4) = 0.26347,	Delta[d](5) = 0.230099,	Delta[d](6) = 0.223312,	Delta[d](7) = 0.230099,	Delta[d](8) = 0.264533,	Delta[d](9) = 0.223312,	Delta[d](10) = 0.180336,	Delta[d](11) = 0.223312,	Delta[d](12) = 0.26347,	Delta[d](13) = 0.230099,	Delta[d](14) = 0.223312,	Delta[d](15) = 0.230099,	Delta[s+](0) = 0.494938,	Delta[s+](1) = 0.379115,	Delta[s+](2) = 0.264533,	Delta[s+](3) = 0.379115,	Delta[s+](4) = 0.379115,	Delta[s+](5) = 0.234893,	Delta[s+](6) = 0.122491,	Delta[s+](7) = 0.234893,	Delta[s+](8) = 0.264533,	Delta[s+](9) = 0.122491,	Delta[s+](10) = 0.0555869,	Delta[s+](11) = 0.122491,	Delta[s+](12) = 0.379115,	Delta[s+](13) = 0.234893,	Delta[s+](14) = 0.122491,	Delta[s+](15) = 0.234893
The 10-th iteration is completed.	|| time cost : 0h 3m 19.876s
********************************************************************************************************************
Start the 11 rounds of NGS-ED iteration
	effective electronic model is modified as: kinetic energy t = 0.721596
	                                           effective interaction Vq = [-3.49999, -3.3581,-3.33058, -3.3581, -3.3581,-3.38022,-3.15688,-3.38022,-3.33058,-3.15688,-2.99144,-3.15688, -3.3581,-3.38022,-3.15688,-3.38022]
	PARPACK diagonalization completed after 45 matrix-vector product operations.
	iteration results: : total energy is -66.450734 | electron energy -66.895955 + phonon energy 0.445221 | electron momentum kIdx = 0
The 11-th iteration is completed.	|| time cost : 0h 0m 24.024s
********************************************************************************************************************
Start the 12 rounds of NGS-ED iteration
	effective electronic model is modified as: kinetic energy t = 0.721149
	                                           effective interaction Vq = [    -3.5,-3.35826,-3.34068,-3.35826,-3.35826,-3.37969,-3.15702,-3.37969,-3.34068,-3.15702,-2.99194,-3.15702,-3.35826,-3.37969,-3.15702,-3.37969]
	PARPACK diagonalization completed after 45 matrix-vector product operations.
	iteration results: : total energy is -66.451744 | electron energy -66.898870 + phonon energy 0.447126 | electron momentum kIdx = 0
The 12-th iteration is completed.	|| time cost : 0h 0m 24.037s
********************************************************************************************************************
Start the 13 rounds of NGS-ED iteration
	effective electronic model is modified as: kinetic energy t = 0.720865
	                                           effective interaction Vq = [    -3.5,-3.35833,-3.34821,-3.35833,-3.35833,-3.37885,-3.15705,-3.37885,-3.34821,-3.15705,-2.99223,-3.15705,-3.35833,-3.37885,-3.15705,-3.37885]
	PARPACK diagonalization completed after 30 matrix-vector product operations.
	iteration results: : total energy is -66.452355 | electron energy -66.900703 + phonon energy 0.448348 | electron momentum kIdx = 0
The 13-th iteration is completed.	|| time cost : 0h 0m 20.407s
********************************************************************************************************************
Start the 14 rounds of NGS-ED iteration
	effective electronic model is modified as: kinetic energy t = 0.720685
	                                           effective interaction Vq = [    -3.5,-3.35835,-3.35385,-3.35835,-3.35835,-3.37791,-3.15703,-3.37791,-3.35385,-3.15703,-2.99239,-3.15703,-3.35835,-3.37791,-3.15703,-3.37791]
	PARPACK diagonalization completed after 45 matrix-vector product operations.
	iteration results: : total energy is -66.452727 | electron energy -66.901857 + phonon energy 0.449129 | electron momentum kIdx = 0
The 14-th iteration is completed.	|| time cost : 0h 0m 23.963s
********************************************************************************************************************
Start the 15 rounds of NGS-ED iteration
	effective electronic model is modified as: kinetic energy t = 0.720572
	                                           effective interaction Vq = [    -3.5,-3.35835,-3.35811,-3.35835,-3.35835,  -3.377,  -3.157,  -3.377,-3.35811,  -3.157,-2.99249,  -3.157,-3.35835,  -3.377,  -3.157,  -3.377]
	PARPACK diagonalization completed after 30 matrix-vector product operations.
	iteration results: : total energy is -66.452956 | electron energy -66.902582 + phonon energy 0.449626 | electron momentum kIdx = 0
The 15-th iteration is completed.	|| time cost : 0h 0m 20.365s
********************************************************************************************************************
Start the 16 rounds of NGS-ED iteration
	effective electronic model is modified as: kinetic energy t = 0.7205
	                                           effective interaction Vq = [    -3.5,-3.35834,-3.36133,-3.35834,-3.35834,-3.37616,-3.15697,-3.37616,-3.36133,-3.15697,-2.99254,-3.15697,-3.35834,-3.37616,-3.15697,-3.37616]
	PARPACK diagonalization completed after 30 matrix-vector product operations.
	iteration results: : total energy is -66.453097 | electron energy -66.903038 + phonon energy 0.449941 | electron momentum kIdx = 0
The 16-th iteration is completed.	|| time cost : 0h 0m 20.398s
********************************************************************************************************************
Start the 17 rounds of NGS-ED iteration
	effective electronic model is modified as: kinetic energy t = 0.720456
	                                           effective interaction Vq = [    -3.5,-3.35833,-3.36378,-3.35833,-3.35833,-3.37544,-3.15694,-3.37544,-3.36378,-3.15694,-2.99257,-3.15694,-3.35833,-3.37544,-3.15694,-3.37544]
	PARPACK diagonalization completed after 30 matrix-vector product operations.
	iteration results: : total energy is -66.453183 | electron energy -66.903324 + phonon energy 0.450140 | electron momentum kIdx = 0
The 17-th iteration is completed.	|| time cost : 0h 0m 20.696s
********************************************************************************************************************
Start the 18 rounds of NGS-ED iteration
	effective electronic model is modified as: kinetic energy t = 0.720428
	                                           effective interaction Vq = [    -3.5,-3.35832,-3.36566,-3.35832,-3.35832,-3.37482,-3.15691,-3.37482,-3.36566,-3.15691,-2.99259,-3.15691,-3.35832,-3.37482,-3.15691,-3.37482]
	PARPACK diagonalization completed after 30 matrix-vector product operations.
	iteration results: : total energy is -66.453237 | electron energy -66.903503 + phonon energy 0.450266 | electron momentum kIdx = 0
The 18-th iteration is completed.	|| time cost : 0h 0m 20.387s
********************************************************************************************************************
Start the 19 rounds of NGS-ED iteration
	effective electronic model is modified as: kinetic energy t = 0.72041
	                                           effective interaction Vq = [    -3.5,-3.35831,-3.36711,-3.35831,-3.35831, -3.3743,-3.15689, -3.3743,-3.36711,-3.15689, -2.9926,-3.15689,-3.35831, -3.3743,-3.15689, -3.3743]
	PARPACK diagonalization completed after 30 matrix-vector product operations.
	iteration results: : total energy is -66.453270 | electron energy -66.903614 + phonon energy 0.450344 | electron momentum kIdx = 0
The 19-th iteration is completed.	|| time cost : 0h 0m 20.409s
********************************************************************************************************************
Start the 20 rounds of NGS-ED iteration
	effective electronic model is modified as: kinetic energy t = 0.720399
	                                           effective interaction Vq = [    -3.5,-3.35831,-3.36822,-3.35831,-3.35831,-3.37387,-3.15688,-3.37387,-3.36822,-3.15688, -2.9926,-3.15688,-3.35831,-3.37387,-3.15688,-3.37387]
	PARPACK diagonalization completed after 30 matrix-vector product operations.
	iteration results: : total energy is -66.453291 | electron energy -66.903684 + phonon energy 0.450394 | electron momentum kIdx = 0
	Nq(0) = 12.25,	Nq(1) = 0.391636,	Nq(2) = 0.764593,	Nq(3) = 0.391636,	Nq(4) = 0.391636,	Nq(5) = 0.775659,	Nq(6) = 0.593503,	Nq(7) = 0.775659,	Nq(8) = 0.764593,	Nq(9) = 0.593503,	Nq(10) = 0.579482,	Nq(11) = 0.593503,	Nq(12) = 0.391636,	Nq(13) = 0.775659,	Nq(14) = 0.593503,	Nq(15) = 0.775659,	Sq(0) = 1.50242e-17,	Sq(1) = 0.351224,	Sq(2) = 0.37009,	Sq(3) = 0.351224,	Sq(4) = 0.351224,	Sq(5) = 0.37005,	Sq(6) = 0.59055,	Sq(7) = 0.37005,	Sq(8) = 0.37009,	Sq(9) = 0.59055,	Sq(10) = 0.61067,	Sq(11) = 0.59055,	Sq(12) = 0.351224,	Sq(13) = 0.37005,	Sq(14) = 0.59055,	Sq(15) = 0.37005,	N(0) = 1.99872,	N(1) = 1.99547,	N(2) = 0.684661,	N(3) = 1.99547,	N(4) = 1.99547,	N(5) = 0.658662,	N(6) = 0.00365855,	N(7) = 0.658662,	N(8) = 0.684661,	N(9) = 0.00365854,	N(10) = 0.000781521,	N(11) = 0.00365854,	N(12) = 1.99547,	N(13) = 0.658662,	N(14) = 0.00365855,	N(15) = 0.658662,	Delta[s](0) = 0.356074,	Delta[s](1) = 0.240434,	Delta[s](2) = 0.217875,	Delta[s](3) = 0.240434,	Delta[s](4) = 0.240434,	Delta[s](5) = 0.217527,	Delta[s](6) = 0.204834,	Delta[s](7) = 0.217527,	Delta[s](8) = 0.217875,	Delta[s](9) = 0.204834,	Delta[s](10) = 0.257927,	Delta[s](11) = 0.204834,	Delta[s](12) = 0.240434,	Delta[s](13) = 0.217527,	Delta[s](14) = 0.204834,	Delta[s](15) = 0.217527,	Delta[d](0) = 0.303164,	Delta[d](1) = 0.245108,	Delta[d](2) = 0.246532,	Delta[d](3) = 0.245108,	Delta[d](4) = 0.245108,	Delta[d](5) = 0.224598,	Delta[d](6) = 0.204851,	Delta[d](7) = 0.224598,	Delta[d](8) = 0.246532,	Delta[d](9) = 0.204851,	Delta[d](10) = 0.149763,	Delta[d](11) = 0.204851,	Delta[d](12) = 0.245108,	Delta[d](13) = 0.224598,	Delta[d](14) = 0.204851,	Delta[d](15) = 0.224598,	Delta[s+](0) = 0.494288,	Delta[s+](1) = 0.378669,	Delta[s+](2) = 0.246532,	Delta[s+](3) = 0.378669,	Delta[s+](4) = 0.378669,	Delta[s+](5) = 0.243897,	Delta[s+](6) = 0.122728,	Delta[s+](7) = 0.243897,	Delta[s+](8) = 0.246532,	Delta[s+](9) = 0.122728,	Delta[s+](10) = 0.0559946,	Delta[s+](11) = 0.122728,	Delta[s+](12) = 0.378669,	Delta[s+](13) = 0.243897,	Delta[s+](14) = 0.122728,	Delta[s+](15) = 0.243897
The 20-th iteration is completed.	|| time cost : 0h 3m 14.055s
********************************************************************************************************************
Start the 21 rounds of NGS-ED iteration
	effective electronic model is modified as: kinetic energy t = 0.720392
	                                           effective interaction Vq = [    -3.5, -3.3583,-3.36908, -3.3583, -3.3583,-3.37352,-3.15687,-3.37352,-3.36908,-3.15687,-2.99261,-3.15687, -3.3583,-3.37352,-3.15687,-3.37352]
	PARPACK diagonalization completed after 30 matrix-vector product operations.
	iteration results: : total energy is -66.453303 | electron energy -66.903728 + phonon energy 0.450424 | electron momentum kIdx = 0
The 21-th iteration is completed.	|| time cost : 0h 0m 20.617s
********************************************************************************************************************
Start the 22 rounds of NGS-ED iteration
	effective electronic model is modified as: kinetic energy t = 0.720388
	                                           effective interaction Vq = [    -3.5, -3.3583,-3.36975, -3.3583, -3.3583,-3.37324,-3.15686,-3.37324,-3.36975,-3.15686,-2.99261,-3.15686, -3.3583,-3.37324,-3.15686,-3.37324]
	PARPACK diagonalization completed after 30 matrix-vector product operations.
	iteration results: : total energy is -66.453311 | electron energy -66.903755 + phonon energy 0.450444 | electron momentum kIdx = 0
The 22-th iteration is completed.	|| time cost : 0h 0m 20.412s
********************************************************************************************************************
Start the 23 rounds of NGS-ED iteration
	effective electronic model is modified as: kinetic energy t = 0.720385
	                                           effective interaction Vq = [    -3.5, -3.3583,-3.37027, -3.3583, -3.3583,-3.37301,-3.15685,-3.37301,-3.37027,-3.15685,-2.99261,-3.15685, -3.3583,-3.37301,-3.15685,-3.37301]
	PARPACK diagonalization completed after 30 matrix-vector product operations.
	iteration results: : total energy is -66.453316 | electron energy -66.903771 + phonon energy 0.450456 | electron momentum kIdx = 0
The 23-th iteration is completed.	|| time cost : 0h 0m 20.643s
********************************************************************************************************************
Start the 24 rounds of NGS-ED iteration
	effective electronic model is modified as: kinetic energy t = 0.720384
	                                           effective interaction Vq = [    -3.5, -3.3583,-3.37067, -3.3583, -3.3583,-3.37283,-3.15685,-3.37283,-3.37067,-3.15685,-2.99261,-3.15685, -3.3583,-3.37283,-3.15685,-3.37283]
	PARPACK diagonalization completed after 30 matrix-vector product operations.
