SNEDics v3.4 Non-Gaussian ED ground state program		Start at Wed Oct  2 01:11:15 2019

parallized on 16 MPI threads  * 8 OpenMP threads = 128 total threads.
********************************************************************************************************************
********************************************************************************************************************

********************************************************************************************************************
System parameters and configurations
********************************************************************************************************************
Special program options are enabled: splitted diagonal Hamiltonian
********************************************************************************************************************
Read input file "model_params.in"
	Hubbard-Holstein model parameters : 	t = 1    U = 5.6    g = 4.1231    W = 5    
********************************************************************************************************************
Read input file "hilbertspace_params.in"
	Requested 16-site 2D lattice, with 16 electrons (8, 8)
	Boundary : Periodic		Hilbert space representation : momentum-space (restricted to kIdx = 10)
	Conservation: particle number[U(1)]      spin[U(1)]     momentum
********************************************************************************************************************

Cluster Positions:				Cluster symmetry group : D4
 x ... x ... x ... x .....                       x ... x ... x ... x .....
 |           |           :                       |           |           :
 |           |           :                       |           |           :
12    13    14    15     x                       1     5     6     5     x
 |           |           :                       |           |           :
 |           |           :                       |           |           :
 8 --- 9 ---10 ---11 --- x                       2 --- 6 ---10 --- 6 --- x
 |           |           :                       |           |           :
 |           |           :                       |           |           :
 4     5     6     7     x                       1     5     6     5     x
 |           |           :                       |           |           :
 |           |           :                       |           |           :
 0 --- 1 --- 2 --- 3 --- x                       0 --- 1 --- 2 --- 1 --- x
orbital number : 1
********************************************************************************************************************
Read input file "obs_params.in"
	Observable Type : Nq(All),   Sq(All),   N(All),   Delta[s](All),   Delta[d](All),   Delta[s+](All)
********************************************************************************************************************
** WARNING ** the input observables have non-local factors which have been reinterpreted. The total observable number is 96
********************************************************************************************************************


********************************************************************************************************************
Start calculating the non-Gaussian ED ground state
** WARNING ** Detected low phonon energy W < 10. The initial state will be prepared through a warm-up process.
********************************************************************************************************************
Start warm-up calculation for scaling factor 2
open output files: NGSEDWarmUpW10Obs.txt
********************************************************************************************************************
Start the 0 rounds of NGS-ED iteration
	effective electronic model is modified as: kinetic energy t = 1
	                                           effective interaction Vq = [-0,-0,-0,-0,-0,-0,-0,-0,-0,-0,-0,-0,-0,-0,-0,-0]
	first Hamiltonian is constructed, non-zero numbers = 2845334624
	PARPACK diagonalization completed after 90 matrix-vector product operations.
	iteration results: : total energy is -10.889368 | electron energy -10.889368 + phonon energy 0.000000 | electron momentum kIdx = 10
	Nq(0) = 16,	Nq(1) = 0.110958,	Nq(2) = 0.175445,	Nq(3) = 0.110958,	Nq(4) = 0.110958,	Nq(5) = 0.175445,	Nq(6) = 0.238261,	Nq(7) = 0.175445,	Nq(8) = 0.175445,	Nq(9) = 0.238261,	Nq(10) = 0.292703,	Nq(11) = 0.238261,	Nq(12) = 0.110958,	Nq(13) = 0.175445,	Nq(14) = 0.238261,	Nq(15) = 0.175445,	Sq(0) = -2.68987e-18,	Sq(1) = 0.274452,	Sq(2) = 0.40399,	Sq(3) = 0.274452,	Sq(4) = 0.274452,	Sq(5) = 0.40399,	Sq(6) = 0.59587,	Sq(7) = 0.40399,	Sq(8) = 0.40399,	Sq(9) = 0.59587,	Sq(10) = 7.35252,	Sq(11) = 0.59587,	Sq(12) = 0.274452,	Sq(13) = 0.40399,	Sq(14) = 0.59587,	Sq(15) = 0.40399,	N(0) = 1.87263,	N(1) = 1.72416,	N(2) = 1,	N(3) = 1.72416,	N(4) = 1.72416,	N(5) = 1,	N(6) = 0.275835,	N(7) = 1,	N(8) = 1,	N(9) = 0.275835,	N(10) = 0.127371,	N(11) = 0.275835,	N(12) = 1.72416,	N(13) = 1,	N(14) = 0.275835,	N(15) = 1,	Delta[s](0) = 0.12955,	Delta[s](1) = 0.109845,	Delta[s](2) = 0.0871499,	Delta[s](3) = 0.109845,	Delta[s](4) = 0.109845,	Delta[s](5) = 0.0871499,	Delta[s](6) = 0.0638361,	Delta[s](7) = 0.0871499,	Delta[s](8) = 0.0871499,	Delta[s](9) = 0.0638361,	Delta[s](10) = 0.0239497,	Delta[s](11) = 0.0638361,	Delta[s](12) = 0.109845,	Delta[s](13) = 0.0871499,	Delta[s](14) = 0.0638361,	Delta[s](15) = 0.0871499,	Delta[d](0) = 0.535412,	Delta[d](1) = 0.426923,	Delta[d](2) = 0.356339,	Delta[d](3) = 0.426923,	Delta[d](4) = 0.426923,	Delta[d](5) = 0.391277,	Delta[d](6) = 0.325157,	Delta[d](7) = 0.391277,	Delta[d](8) = 0.356339,	Delta[d](9) = 0.325157,	Delta[d](10) = 0.263834,	Delta[d](11) = 0.325157,	Delta[d](12) = 0.426923,	Delta[d](13) = 0.391277,	Delta[d](14) = 0.325157,	Delta[d](15) = 0.391277,	Delta[s+](0) = 0.598425,	Delta[s+](1) = 0.495772,	Delta[s+](2) = 0.356339,	Delta[s+](3) = 0.495772,	Delta[s+](4) = 0.495772,	Delta[s+](5) = 0.356339,	Delta[s+](6) = 0.219178,	Delta[s+](7) = 0.356339,	Delta[s+](8) = 0.356339,	Delta[s+](9) = 0.219178,	Delta[s+](10) = 0.104632,	Delta[s+](11) = 0.219178,	Delta[s+](12) = 0.495772,	Delta[s+](13) = 0.356339,	Delta[s+](14) = 0.219178,	Delta[s+](15) = 0.356339
The 0-th iteration is completed.	|| time cost : 0h 8m 35.756s
********************************************************************************************************************
Start the 1 rounds of NGS-ED iteration
	effective electronic model is modified as: kinetic energy t = 0.921842
	                                           effective interaction Vq = [-2.93985,-2.61631,-2.53549,-2.61631,-2.61631,-2.53549,-2.49713,-2.53549,-2.53549,-2.49713,-2.46324,-2.49713,-2.61631,-2.53549,-2.49713,-2.53549]
	PARPACK diagonalization completed after 45 matrix-vector product operations.
	iteration results: : total energy is -67.385093 | electron energy -67.389902 + phonon energy 0.004810 | electron momentum kIdx = 10
The 1-th iteration is completed.	|| time cost : 0h 7m 32.494s
********************************************************************************************************************
Start the 2 rounds of NGS-ED iteration
	effective electronic model is modified as: kinetic energy t = 0.857721
	                                           effective interaction Vq = [-3.33772,-3.17936, -3.0467,-3.17936,-3.17936, -3.0467,-3.05597, -3.0467, -3.0467,-3.05597, -2.9837,-3.05597,-3.17936, -3.0467,-3.05597, -3.0467]
	PARPACK diagonalization completed after 45 matrix-vector product operations.
	iteration results: : total energy is -76.256188 | electron energy -76.304053 + phonon energy 0.047865 | electron momentum kIdx = 10
The 2-th iteration is completed.	|| time cost : 0h 0m 32.31s
********************************************************************************************************************
Start the 3 rounds of NGS-ED iteration
	effective electronic model is modified as: kinetic energy t = 0.822632
	                                           effective interaction Vq = [-3.39156,-3.30441,-3.25889,-3.30441,-3.30441,-3.25889, -3.2046,-3.25889,-3.25889, -3.2046,-3.12111, -3.2046,-3.30441,-3.25889, -3.2046,-3.25889]
	PARPACK diagonalization completed after 30 matrix-vector product operations.
	iteration results: : total energy is -77.784441 | electron energy -77.875381 + phonon energy 0.090939 | electron momentum kIdx = 10
The 3-th iteration is completed.	|| time cost : 0h 0m 27.304s
********************************************************************************************************************
Start the 4 rounds of NGS-ED iteration
	effective electronic model is modified as: kinetic energy t = 0.809656
	                                           effective interaction Vq = [-3.39885,-3.33522,-3.31296,-3.33522,-3.33522,-3.31296,-3.24704,-3.31296,-3.31296,-3.24704,-3.16275,-3.24704,-3.33522,-3.31296,-3.24704,-3.31296]
	PARPACK diagonalization completed after 30 matrix-vector product operations.
	iteration results: : total energy is -77.989651 | electron energy -78.103249 + phonon energy 0.113598 | electron momentum kIdx = 10
The 4-th iteration is completed.	|| time cost : 0h 0m 27.596s
********************************************************************************************************************
Start the 5 rounds of NGS-ED iteration
	effective electronic model is modified as: kinetic energy t = 0.805028
	                                           effective interaction Vq = [-3.39984,-3.34431,-3.32911,-3.34431,-3.34431,-3.32911,-3.26083,-3.32911,-3.32911,-3.26083,-3.17678,-3.26083,-3.34431,-3.32911,-3.26083,-3.32911]
	PARPACK diagonalization completed after 30 matrix-vector product operations.
	iteration results: : total energy is -78.016600 | electron energy -78.139352 + phonon energy 0.122752 | electron momentum kIdx = 10
The 5-th iteration is completed.	|| time cost : 0h 0m 27.269s
********************************************************************************************************************
Start the 6 rounds of NGS-ED iteration
	effective electronic model is modified as: kinetic energy t = 0.803397
	                                           effective interaction Vq = [-3.39997,-3.34723, -3.3344,-3.34723,-3.34723, -3.3344,-3.26558, -3.3344, -3.3344,-3.26558, -3.1817,-3.26558,-3.34723, -3.3344,-3.26558, -3.3344]
	PARPACK diagonalization completed after 105 matrix-vector product operations.
	iteration results: : total energy is -78.332483 | electron energy -78.458624 + phonon energy 0.126141 | electron momentum kIdx = 10
The 6-th iteration is completed.	|| time cost : 0h 0m 50.77s
********************************************************************************************************************
Start the 7 rounds of NGS-ED iteration
	effective electronic model is modified as: kinetic energy t = 0.800117
	                                           effective interaction Vq = [-3.39999,-3.34415,-3.34387,-3.34415,-3.34415,-3.34387,-3.26061,-3.34387,-3.34387,-3.26061, -3.2615,-3.26061,-3.34415,-3.34387,-3.26061,-3.34387]
	PARPACK diagonalization completed after 45 matrix-vector product operations.
	iteration results: : total energy is -78.359242 | electron energy -78.489837 + phonon energy 0.130595 | electron momentum kIdx = 10
The 7-th iteration is completed.	|| time cost : 0h 0m 31.989s
********************************************************************************************************************
Start the 8 rounds of NGS-ED iteration
	effective electronic model is modified as: kinetic energy t = 0.798638
	                                           effective interaction Vq = [-3.39999,-3.34338,-3.34606,-3.34338,-3.34338,-3.34606,-3.25923,-3.34606,-3.34606,-3.25923,-3.29701,-3.25923,-3.34338,-3.34606,-3.25923,-3.34606]
	PARPACK diagonalization completed after 45 matrix-vector product operations.
	iteration results: : total energy is -78.370036 | electron energy -78.503872 + phonon energy 0.133836 | electron momentum kIdx = 10
The 8-th iteration is completed.	|| time cost : 0h 0m 31.963s
********************************************************************************************************************
Start the 9 rounds of NGS-ED iteration
	effective electronic model is modified as: kinetic energy t = 0.797639
	                                           effective interaction Vq = [-3.39999,-3.34377,-3.34188,-3.34377,-3.34377,-3.34188,-3.25989,-3.34188,-3.34188,-3.25989,-3.33436,-3.25989,-3.34377,-3.34188,-3.25989,-3.34188]
	PARPACK diagonalization completed after 45 matrix-vector product operations.
	iteration results: : total energy is -78.429968 | electron energy -78.566384 + phonon energy 0.136415 | electron momentum kIdx = 10
The 9-th iteration is completed.	|| time cost : 0h 0m 31.924s
********************************************************************************************************************
Start the 10 rounds of NGS-ED iteration
	effective electronic model is modified as: kinetic energy t = 0.804261
	                                           effective interaction Vq = [-3.39999,-3.34036,-3.28144,-3.34036,-3.34036,-3.28144,-3.25532,-3.28144,-3.28144,-3.25532,-3.37779,-3.25532,-3.34036,-3.28144,-3.25532,-3.28144]
	PARPACK diagonalization completed after 30 matrix-vector product operations.
	iteration results: : total energy is -78.604945 | electron energy -78.739864 + phonon energy 0.134920 | electron momentum kIdx = 10
	Nq(0) = 16,	Nq(1) = 0.346394,	Nq(2) = 0.37633,	Nq(3) = 0.346394,	Nq(4) = 0.346394,	Nq(5) = 0.37633,	Nq(6) = 0.606731,	Nq(7) = 0.37633,	Nq(8) = 0.37633,	Nq(9) = 0.606731,	Nq(10) = 4.24392,	Nq(11) = 0.606731,	Nq(12) = 0.346394,	Nq(13) = 0.37633,	Nq(14) = 0.606731,	Nq(15) = 0.37633,	Sq(0) = 1.63146e-18,	Sq(1) = 0.281452,	Sq(2) = 0.334272,	Sq(3) = 0.281452,	Sq(4) = 0.281452,	Sq(5) = 0.334272,	Sq(6) = 0.499675,	Sq(7) = 0.334272,	Sq(8) = 0.334272,	Sq(9) = 0.499675,	Sq(10) = 0.555468,	Sq(11) = 0.499675,	Sq(12) = 0.281452,	Sq(13) = 0.334272,	Sq(14) = 0.499675,	Sq(15) = 0.334272,	N(0) = 1.9916,	N(1) = 1.9766,	N(2) = 1,	N(3) = 1.9766,	N(4) = 1.9766,	N(5) = 1,	N(6) = 0.0234011,	N(7) = 1,	N(8) = 1,	N(9) = 0.0234011,	N(10) = 0.00839823,	N(11) = 0.0234011,	N(12) = 1.9766,	N(13) = 1,	N(14) = 0.0234011,	N(15) = 1,	Delta[s](0) = 0.449018,	Delta[s](1) = 0.340388,	Delta[s](2) = 0.330015,	Delta[s](3) = 0.340388,	Delta[s](4) = 0.340388,	Delta[s](5) = 0.330015,	Delta[s](6) = 0.277866,	Delta[s](7) = 0.330015,	Delta[s](8) = 0.330015,	Delta[s](9) = 0.277866,	Delta[s](10) = 0.255079,	Delta[s](11) = 0.277866,	Delta[s](12) = 0.340388,	Delta[s](13) = 0.330015,	Delta[s](14) = 0.277866,	Delta[s](15) = 0.330015,	Delta[d](0) = 0.231884,	Delta[d](1) = 0.231047,	Delta[d](2) = 0.227007,	Delta[d](3) = 0.231047,	Delta[d](4) = 0.231047,	Delta[d](5) = 0.149984,	Delta[d](6) = 0.189819,	Delta[d](7) = 0.149984,	Delta[d](8) = 0.227007,	Delta[d](9) = 0.189819,	Delta[d](10) = 0.0680275,	Delta[d](11) = 0.189819,	Delta[d](12) = 0.231047,	Delta[d](13) = 0.149984,	Delta[d](14) = 0.189819,	Delta[d](15) = 0.149984,	Delta[s+](0) = 0.433513,	Delta[s+](1) = 0.346411,	Delta[s+](2) = 0.227007,	Delta[s+](3) = 0.346411,	Delta[s+](4) = 0.346411,	Delta[s+](5) = 0.227007,	Delta[s+](6) = 0.106224,	Delta[s+](7) = 0.227007,	Delta[s+](8) = 0.227007,	Delta[s+](9) = 0.106224,	Delta[s+](10) = 0.0377632,	Delta[s+](11) = 0.106224,	Delta[s+](12) = 0.346411,	Delta[s+](13) = 0.227007,	Delta[s+](14) = 0.106224,	Delta[s+](15) = 0.227007
The 10-th iteration is completed.	|| time cost : 0h 4m 44.231s
********************************************************************************************************************
Start the 11 rounds of NGS-ED iteration
	effective electronic model is modified as: kinetic energy t = 0.809416
	                                           effective interaction Vq = [-3.39999,-3.33359,-3.23566,-3.33359,-3.33359,-3.23566,-3.24596,-3.23566,-3.23566,-3.24596,-3.38873,-3.24596,-3.33359,-3.23566,-3.24596,-3.23566]
	PARPACK diagonalization completed after 30 matrix-vector product operations.
	iteration results: : total energy is -78.642150 | electron energy -78.774177 + phonon energy 0.132028 | electron momentum kIdx = 10
The 11-th iteration is completed.	|| time cost : 0h 0m 27.588s
********************************************************************************************************************
Start the 12 rounds of NGS-ED iteration
	effective electronic model is modified as: kinetic energy t = 0.811494
	                                           effective interaction Vq = [-3.39999,-3.32944,-3.21758,-3.32944,-3.32944,-3.21758,-3.24041,-3.21758,-3.21758,-3.24041,-3.39169,-3.24041,-3.32944,-3.21758,-3.24041,-3.21758]
	PARPACK diagonalization completed after 30 matrix-vector product operations.
	iteration results: : total energy is -78.647121 | electron energy -78.777303 + phonon energy 0.130181 | electron momentum kIdx = 10
The 12-th iteration is completed.	|| time cost : 0h 0m 27.233s
********************************************************************************************************************
Start the 13 rounds of NGS-ED iteration
	effective electronic model is modified as: kinetic energy t = 0.812328
	                                           effective interaction Vq = [-3.39999,-3.32739,-3.21093,-3.32739,-3.32739,-3.21093,-3.23767,-3.21093,-3.21093,-3.23767,-3.39261,-3.23767,-3.32739,-3.21093,-3.23767,-3.21093]
	PARPACK diagonalization completed after 30 matrix-vector product operations.
	iteration results: : total energy is -78.647793 | electron energy -78.777087 + phonon energy 0.129294 | electron momentum kIdx = 10
The 13-th iteration is completed.	|| time cost : 0h 0m 27.525s
********************************************************************************************************************
Start the 14 rounds of NGS-ED iteration
	effective electronic model is modified as: kinetic energy t = 0.812662
	                                           effective interaction Vq = [-3.39999,-3.32645,-3.20851,-3.32645,-3.32645,-3.20851,-3.23641,-3.20851,-3.20851,-3.23641,-3.39292,-3.23641,-3.32645,-3.20851,-3.23641,-3.20851]
	PARPACK diagonalization completed after 30 matrix-vector product operations.
	iteration results: : total energy is -78.647886 | electron energy -78.776782 + phonon energy 0.128896 | electron momentum kIdx = 10
The 14-th iteration is completed.	|| time cost : 0h 0m 27.29s
********************************************************************************************************************
Start the 15 rounds of NGS-ED iteration
	effective electronic model is modified as: kinetic energy t = 0.812797
	                                           effective interaction Vq = [-3.39999,-3.32603,-3.20763,-3.32603,-3.32603,-3.20763,-3.23585,-3.20763,-3.20763,-3.23585,-3.39302,-3.23585,-3.32603,-3.20763,-3.23585,-3.20763]
	PARPACK diagonalization completed after 30 matrix-vector product operations.
	iteration results: : total energy is -78.647900 | electron energy -78.776623 + phonon energy 0.128723 | electron momentum kIdx = 10
The 15-th iteration is completed.	|| time cost : 0h 0m 27.278s
********************************************************************************************************************
Start the 16 rounds of NGS-ED iteration
	effective electronic model is modified as: kinetic energy t = 0.812851
	                                           effective interaction Vq = [-3.39999,-3.32586,-3.20731,-3.32586,-3.32586,-3.20731,-3.23561,-3.20731,-3.20731,-3.23561,-3.39306,-3.23561,-3.32586,-3.20731,-3.23561,-3.20731]
	PARPACK diagonalization completed after 30 matrix-vector product operations.
	iteration results: : total energy is -78.647902 | electron energy -78.776551 + phonon energy 0.128650 | electron momentum kIdx = 10
	Nq(0) = 16,	Nq(1) = 0.334711,	Nq(2) = 0.365265,	Nq(3) = 0.334711,	Nq(4) = 0.334711,	Nq(5) = 0.365265,	Nq(6) = 0.592892,	Nq(7) = 0.365265,	Nq(8) = 0.365265,	Nq(9) = 0.592892,	Nq(10) = 4.44503,	Nq(11) = 0.592892,	Nq(12) = 0.334711,	Nq(13) = 0.365265,	Nq(14) = 0.592892,	Nq(15) = 0.365265,	Sq(0) = -3.31295e-18,	Sq(1) = 0.277638,	Sq(2) = 0.332634,	Sq(3) = 0.277638,	Sq(4) = 0.277638,	Sq(5) = 0.332634,	Sq(6) = 0.497417,	Sq(7) = 0.332634,	Sq(8) = 0.332634,	Sq(9) = 0.497417,	Sq(10) = 0.55694,	Sq(11) = 0.497417,	Sq(12) = 0.277638,	Sq(13) = 0.332634,	Sq(14) = 0.497417,	Sq(15) = 0.332634,	N(0) = 1.9907,	N(1) = 1.97407,	N(2) = 1,	N(3) = 1.97407,	N(4) = 1.97407,	N(5) = 1,	N(6) = 0.0259261,	N(7) = 1,	N(8) = 1,	N(9) = 0.0259261,	N(10) = 0.00930296,	N(11) = 0.0259261,	N(12) = 1.97407,	N(13) = 1,	N(14) = 0.0259261,	N(15) = 1,	Delta[s](0) = 0.440481,	Delta[s](1) = 0.342069,	Delta[s](2) = 0.330989,	Delta[s](3) = 0.342069,	Delta[s](4) = 0.342069,	Delta[s](5) = 0.330989,	Delta[s](6) = 0.279792,	Delta[s](7) = 0.330989,	Delta[s](8) = 0.330989,	Delta[s](9) = 0.279792,	Delta[s](10) = 0.259653,	Delta[s](11) = 0.279792,	Delta[s](12) = 0.342069,	Delta[s](13) = 0.330989,	Delta[s](14) = 0.279792,	Delta[s](15) = 0.330989,	Delta[d](0) = 0.228633,	Delta[d](1) = 0.226619,	Delta[d](2) = 0.224303,	Delta[d](3) = 0.226619,	Delta[d](4) = 0.226619,	Delta[d](5) = 0.146607,	Delta[d](6) = 0.185163,	Delta[d](7) = 0.146607,	Delta[d](8) = 0.224303,	Delta[d](9) = 0.185163,	Delta[d](10) = 0.0645207,	Delta[d](11) = 0.185163,	Delta[d](12) = 0.226619,	Delta[d](13) = 0.146607,	Delta[d](14) = 0.185163,	Delta[d](15) = 0.146607,	Delta[s+](0) = 0.433553,	Delta[s+](1) = 0.344395,	Delta[s+](2) = 0.224303,	Delta[s+](3) = 0.344395,	Delta[s+](4) = 0.344395,	Delta[s+](5) = 0.224303,	Delta[s+](6) = 0.103081,	Delta[s+](7) = 0.224303,	Delta[s+](8) = 0.224303,	Delta[s+](9) = 0.103081,	Delta[s+](10) = 0.0358361,	Delta[s+](11) = 0.103081,	Delta[s+](12) = 0.344395,	Delta[s+](13) = 0.224303,	Delta[s+](14) = 0.103081,	Delta[s+](15) = 0.224303
The 16-th iteration is completed.	|| time cost : 0h 4m 27.531s
********************************************************************************************************************
********************************************************************************************************************
Ground state is obtained after 17 iterations. The current ground-state energy is -78.6479, in which electron energy is -78.7766 and phonon energy is 0.12865
final variational state is: 
	Gamma_x = [      1,1.02908,1.04609,1.02908,1.02908,1.04609,1.07158,1.04609,1.04609,1.07158,1.13852,1.07158,1.02908,1.04609,1.07158,1.04609]
	lambda_q = [0.583094,0.496951,0.444243,0.496951,0.496951,0.444243,0.454844,0.444243,0.444243,0.454844,0.556799,0.454844,0.496951,0.444243,0.454844,0.444243]
********************************************************************************************************************
o___o  ----------------------------------------
| L |	Time since last clock: 0h 0m 0s
A===A	Time since the beginning: 0h 31m 58.059s
***********************************************


********************************************************************************************************************
Warm up runs have been completed. Start calculating W = 5 phonon.
open output files: NGSEDIterationObs.txt
********************************************************************************************************************
Start the 0 rounds of NGS-ED iteration
	effective electronic model is modified as: kinetic energy t = 0.812872
	                                           effective interaction Vq = [-3.10832,-2.86316,-2.67656,-2.86316,-2.86316,-2.67656,-2.71632,-2.67656,-2.67656,-2.71632,-3.04135,-2.71632,-2.86316,-2.67656,-2.71632,-2.67656]
	PARPACK diagonalization completed after 45 matrix-vector product operations.
	iteration results: : total energy is -69.614427 | electron energy -69.678736 + phonon energy 0.064309 | electron momentum kIdx = 10
	Nq(0) = 16,	Nq(1) = 0.332065,	Nq(2) = 0.351174,	Nq(3) = 0.332065,	Nq(4) = 0.332065,	Nq(5) = 0.351174,	Nq(6) = 0.555681,	Nq(7) = 0.351174,	Nq(8) = 0.351174,	Nq(9) = 0.555681,	Nq(10) = 3.96541,	Nq(11) = 0.555681,	Nq(12) = 0.332065,	Nq(13) = 0.351174,	Nq(14) = 0.555681,	Nq(15) = 0.351174,	Sq(0) = 2.92276e-18,	Sq(1) = 0.32435,	Sq(2) = 0.360401,	Sq(3) = 0.32435,	Sq(4) = 0.32435,	Sq(5) = 0.360401,	Sq(6) = 0.574793,	Sq(7) = 0.360401,	Sq(8) = 0.360401,	Sq(9) = 0.574793,	Sq(10) = 0.617579,	Sq(11) = 0.574793,	Sq(12) = 0.32435,	Sq(13) = 0.360401,	Sq(14) = 0.574793,	Sq(15) = 0.360401,	N(0) = 1.99629,	N(1) = 1.9897,	N(2) = 1,	N(3) = 1.9897,	N(4) = 1.9897,	N(5) = 1,	N(6) = 0.0103021,	N(7) = 1,	N(8) = 1,	N(9) = 0.0103021,	N(10) = 0.00371133,	N(11) = 0.0103021,	N(12) = 1.9897,	N(13) = 1,	N(14) = 0.0103021,	N(15) = 1,	Delta[s](0) = 0.374732,	Delta[s](1) = 0.315314,	Delta[s](2) = 0.307403,	Delta[s](3) = 0.315314,	Delta[s](4) = 0.315314,	Delta[s](5) = 0.307403,	Delta[s](6) = 0.267947,	Delta[s](7) = 0.307403,	Delta[s](8) = 0.307403,	Delta[s](9) = 0.267947,	Delta[s](10) = 0.259526,	Delta[s](11) = 0.267947,	Delta[s](12) = 0.315314,	Delta[s](13) = 0.307403,	Delta[s](14) = 0.267947,	Delta[s](15) = 0.307403,	Delta[d](0) = 0.240319,	Delta[d](1) = 0.245404,	Delta[d](2) = 0.243923,	Delta[d](3) = 0.245404,	Delta[d](4) = 0.245404,	Delta[d](5) = 0.158254,	Delta[d](6) = 0.2023,	Delta[d](7) = 0.158254,	Delta[d](8) = 0.243923,	Delta[d](9) = 0.2023,	Delta[d](10) = 0.0762101,	Delta[d](11) = 0.2023,	Delta[d](12) = 0.245404,	Delta[d](13) = 0.158254,	Delta[d](14) = 0.2023,	Delta[d](15) = 0.158254,	Delta[s+](0) = 0.476792,	Delta[s+](1) = 0.373864,	Delta[s+](2) = 0.243923,	Delta[s+](3) = 0.373864,	Delta[s+](4) = 0.373864,	Delta[s+](5) = 0.243923,	Delta[s+](6) = 0.114709,	Delta[s+](7) = 0.243923,	Delta[s+](8) = 0.243923,	Delta[s+](9) = 0.114709,	Delta[s+](10) = 0.0422641,	Delta[s+](11) = 0.114709,	Delta[s+](12) = 0.373864,	Delta[s+](13) = 0.243923,	Delta[s+](14) = 0.114709,	Delta[s+](15) = 0.243923
The 0-th iteration is completed.	|| time cost : 0h 4m 25.082s
********************************************************************************************************************
Start the 1 rounds of NGS-ED iteration
	effective electronic model is modified as: kinetic energy t = 0.786829
	                                           effective interaction Vq = [-3.29269,-3.03926,-2.80505,-3.03926,-3.03926,-2.80505, -2.8537,-2.80505,-2.80505, -2.8537,-3.24866, -2.8537,-3.03926,-2.80505, -2.8537,-2.80505]
	PARPACK diagonalization completed after 30 matrix-vector product operations.
	iteration results: : total energy is -73.514356 | electron energy -73.711723 + phonon energy 0.197367 | electron momentum kIdx = 10
The 1-th iteration is completed.	|| time cost : 0h 0m 27.294s
********************************************************************************************************************
Start the 2 rounds of NGS-ED iteration
	effective electronic model is modified as: kinetic energy t = 0.773226
	                                           effective interaction Vq = [-3.36052,-3.10752,-2.86436,-3.10752,-3.10752,-2.86436,-2.91336,-2.86436,-2.86436,-2.91336,-3.33474,-2.91336,-3.10752,-2.86436,-2.91336,-2.86436]
	PARPACK diagonalization completed after 30 matrix-vector product operations.
	iteration results: : total energy is -74.950853 | electron energy -75.240626 + phonon energy 0.289773 | electron momentum kIdx = 10
The 2-th iteration is completed.	|| time cost : 0h 0m 27.276s
********************************************************************************************************************
Start the 3 rounds of NGS-ED iteration
	effective electronic model is modified as: kinetic energy t = 0.766709
	                                           effective interaction Vq = [-3.38547, -3.1334,-2.89111, -3.1334, -3.1334,-2.89111,-2.93796,-2.89111,-2.89111,-2.93796,-3.36805,-2.93796, -3.1334,-2.89111,-2.93796,-2.89111]
	PARPACK diagonalization completed after 30 matrix-vector product operations.
	iteration results: : total energy is -75.460162 | electron energy -75.801335 + phonon energy 0.341174 | electron momentum kIdx = 10
The 3-th iteration is completed.	|| time cost : 0h 0m 27.28s
********************************************************************************************************************
Start the 4 rounds of NGS-ED iteration
	effective electronic model is modified as: kinetic energy t = 0.763638
	                                           effective interaction Vq = [-3.39465,-3.14339, -2.9035,-3.14339,-3.14339, -2.9035,-2.94826, -2.9035, -2.9035,-2.94826,-3.38112,-2.94826,-3.14339, -2.9035,-2.94826, -2.9035]
	PARPACK diagonalization completed after 30 matrix-vector product operations.
	iteration results: : total energy is -75.638063 | electron energy -76.005973 + phonon energy 0.367910 | electron momentum kIdx = 10
The 4-th iteration is completed.	|| time cost : 0h 0m 27.355s
********************************************************************************************************************
Start the 5 rounds of NGS-ED iteration
	effective electronic model is modified as: kinetic energy t = 0.762179
	                                           effective interaction Vq = [-3.39803,-3.14735,-2.90945,-3.14735,-3.14735,-2.90945,-2.95272,-2.90945,-2.90945,-2.95272,-3.38656,-2.95272,-3.14735,-2.90945,-2.95272,-2.90945]
	PARPACK diagonalization completed after 30 matrix-vector product operations.
	iteration results: : total energy is -75.700334 | electron energy -76.081832 + phonon energy 0.381498 | electron momentum kIdx = 10
The 5-th iteration is completed.	|| time cost : 0h 0m 27.621s
********************************************************************************************************************
Start the 6 rounds of NGS-ED iteration
	effective electronic model is modified as: kinetic energy t = 0.761482
	                                           effective interaction Vq = [-3.39927,-3.14891,-2.91238,-3.14891,-3.14891,-2.91238,-2.95469,-2.91238,-2.91238,-2.95469,-3.38897,-2.95469,-3.14891,-2.91238,-2.95469,-2.91238]
	PARPACK diagonalization completed after 30 matrix-vector product operations.
	iteration results: : total energy is -75.722330 | electron energy -76.110644 + phonon energy 0.388315 | electron momentum kIdx = 10
The 6-th iteration is completed.	|| time cost : 0h 0m 27.284s
********************************************************************************************************************
Start the 7 rounds of NGS-ED iteration
	effective electronic model is modified as: kinetic energy t = 0.761148
	                                           effective interaction Vq = [-3.39972, -3.1495,-2.91385, -3.1495, -3.1495,-2.91385,-2.95556,-2.91385,-2.91385,-2.95556, -3.3901,-2.95556, -3.1495,-2.91385,-2.95556,-2.91385]
	PARPACK diagonalization completed after 30 matrix-vector product operations.
	iteration results: : total energy is -75.730178 | electron energy -76.121878 + phonon energy 0.391700 | electron momentum kIdx = 10
The 7-th iteration is completed.	|| time cost : 0h 0m 27.315s
********************************************************************************************************************
Start the 8 rounds of NGS-ED iteration
	effective electronic model is modified as: kinetic energy t = 0.76099
	                                           effective interaction Vq = [-3.39989,-3.14969,-2.91458,-3.14969,-3.14969,-2.91458,-2.95592,-2.91458,-2.91458,-2.95592,-3.39064,-2.95592,-3.14969,-2.91458,-2.95592,-2.91458]
	PARPACK diagonalization completed after 30 matrix-vector product operations.
	iteration results: : total energy is -75.733003 | electron energy -76.126369 + phonon energy 0.393366 | electron momentum kIdx = 10
The 8-th iteration is completed.	|| time cost : 0h 0m 27.287s
********************************************************************************************************************
Start the 9 rounds of NGS-ED iteration
	effective electronic model is modified as: kinetic energy t = 0.760917
	                                           effective interaction Vq = [-3.39995,-3.14973,-2.91494,-3.14973,-3.14973,-2.91494,-2.95606,-2.91494,-2.91494,-2.95606,-3.39091,-2.95606,-3.14973,-2.91494,-2.95606,-2.91494]
	PARPACK diagonalization completed after 30 matrix-vector product operations.
	iteration results: : total energy is -75.734026 | electron energy -76.128205 + phonon energy 0.394178 | electron momentum kIdx = 10
The 9-th iteration is completed.	|| time cost : 0h 0m 27.294s
********************************************************************************************************************
Start the 10 rounds of NGS-ED iteration
	effective electronic model is modified as: kinetic energy t = 0.760884
	                                           effective interaction Vq = [-3.39998,-3.14971,-2.91512,-3.14971,-3.14971,-2.91512, -2.9561,-2.91512,-2.91512, -2.9561,-3.39104, -2.9561,-3.14971,-2.91512, -2.9561,-2.91512]
	PARPACK diagonalization completed after 30 matrix-vector product operations.
	iteration results: : total energy is -75.734399 | electron energy -76.128969 + phonon energy 0.394571 | electron momentum kIdx = 10
	Nq(0) = 16,	Nq(1) = 0.272514,	Nq(2) = 0.324587,	Nq(3) = 0.272514,	Nq(4) = 0.272514,	Nq(5) = 0.324587,	Nq(6) = 0.495883,	Nq(7) = 0.324587,	Nq(8) = 0.324587,	Nq(9) = 0.495883,	Nq(10) = 5.65664,	Nq(11) = 0.495883,	Nq(12) = 0.272514,	Nq(13) = 0.324587,	Nq(14) = 0.495883,	Nq(15) = 0.324587,	Sq(0) = -1.12431e-18,	Sq(1) = 0.247584,	Sq(2) = 0.316997,	Sq(3) = 0.247584,	Sq(4) = 0.247584,	Sq(5) = 0.316997,	Sq(6) = 0.470782,	Sq(7) = 0.316997,	Sq(8) = 0.316997,	Sq(9) = 0.470782,	Sq(10) = 0.546804,	Sq(11) = 0.470782,	Sq(12) = 0.247584,	Sq(13) = 0.316997,	Sq(14) = 0.470782,	Sq(15) = 0.316997,	N(0) = 1.98186,	N(1) = 1.94416,	N(2) = 1,	N(3) = 1.94416,	N(4) = 1.94416,	N(5) = 1,	N(6) = 0.0558408,	N(7) = 1,	N(8) = 1,	N(9) = 0.0558408,	N(10) = 0.0181398,	N(11) = 0.0558408,	N(12) = 1.94416,	N(13) = 1,	N(14) = 0.0558408,	N(15) = 1,	Delta[s](0) = 0.399469,	Delta[s](1) = 0.349528,	Delta[s](2) = 0.336974,	Delta[s](3) = 0.349528,	Delta[s](4) = 0.349528,	Delta[s](5) = 0.336974,	Delta[s](6) = 0.306797,	Delta[s](7) = 0.336974,	Delta[s](8) = 0.336974,	Delta[s](9) = 0.306797,	Delta[s](10) = 0.29226,	Delta[s](11) = 0.306797,	Delta[s](12) = 0.349528,	Delta[s](13) = 0.336974,	Delta[s](14) = 0.306797,	Delta[s](15) = 0.336974,	Delta[d](0) = 0.220162,	Delta[d](1) = 0.211734,	Delta[d](2) = 0.2222,	Delta[d](3) = 0.211734,	Delta[d](4) = 0.211734,	Delta[d](5) = 0.146829,	Delta[d](6) = 0.172299,	Delta[d](7) = 0.146829,	Delta[d](8) = 0.2222,	Delta[d](9) = 0.172299,	Delta[d](10) = 0.0734583,	Delta[d](11) = 0.172299,	Delta[d](12) = 0.211734,	Delta[d](13) = 0.146829,	Delta[d](14) = 0.172299,	Delta[d](15) = 0.146829,	Delta[s+](0) = 0.443741,	Delta[s+](1) = 0.342353,	Delta[s+](2) = 0.2222,	Delta[s+](3) = 0.342353,	Delta[s+](4) = 0.342353,	Delta[s+](5) = 0.2222,	Delta[s+](6) = 0.102582,	Delta[s+](7) = 0.2222,	Delta[s+](8) = 0.2222,	Delta[s+](9) = 0.102582,	Delta[s+](10) = 0.0416699,	Delta[s+](11) = 0.102582,	Delta[s+](12) = 0.342353,	Delta[s+](13) = 0.2222,	Delta[s+](14) = 0.102582,	Delta[s+](15) = 0.2222
The 10-th iteration is completed.	|| time cost : 0h 4m 22.053s
********************************************************************************************************************
Start the 11 rounds of NGS-ED iteration
	effective electronic model is modified as: kinetic energy t = 0.76087
	                                           effective interaction Vq = [-3.39999,-3.14968, -2.9152,-3.14968,-3.14968, -2.9152, -2.9561, -2.9152, -2.9152, -2.9561,-3.39111, -2.9561,-3.14968, -2.9152, -2.9561, -2.9152]
	PARPACK diagonalization completed after 30 matrix-vector product operations.
	iteration results: : total energy is -75.734535 | electron energy -76.129292 + phonon energy 0.394757 | electron momentum kIdx = 10
The 11-th iteration is completed.	|| time cost : 0h 0m 27.32s
********************************************************************************************************************
Start the 12 rounds of NGS-ED iteration
	effective electronic model is modified as: kinetic energy t = 0.760865
	                                           effective interaction Vq = [-3.39999,-3.14965,-2.91524,-3.14965,-3.14965,-2.91524,-2.95609,-2.91524,-2.91524,-2.95609,-3.39114,-2.95609,-3.14965,-2.91524,-2.95609,-2.91524]
	PARPACK diagonalization completed after 30 matrix-vector product operations.
	iteration results: : total energy is -75.734585 | electron energy -76.129429 + phonon energy 0.394844 | electron momentum kIdx = 10
The 12-th iteration is completed.	|| time cost : 0h 0m 27.316s
********************************************************************************************************************
Start the 13 rounds of NGS-ED iteration
	effective electronic model is modified as: kinetic energy t = 0.760863
	                                           effective interaction Vq = [-3.39999,-3.14963,-2.91526,-3.14963,-3.14963,-2.91526,-2.95608,-2.91526,-2.91526,-2.95608,-3.39116,-2.95608,-3.14963,-2.91526,-2.95608,-2.91526]
	PARPACK diagonalization completed after 30 matrix-vector product operations.
	iteration results: : total energy is -75.734603 | electron energy -76.129487 + phonon energy 0.394884 | electron momentum kIdx = 10
The 13-th iteration is completed.	|| time cost : 0h 0m 27.37s
********************************************************************************************************************
Start the 14 rounds of NGS-ED iteration
	effective electronic model is modified as: kinetic energy t = 0.760863
	                                           effective interaction Vq = [-3.39999,-3.14961,-2.91526,-3.14961,-3.14961,-2.91526,-2.95607,-2.91526,-2.91526,-2.95607,-3.39117,-2.95607,-3.14961,-2.91526,-2.95607,-2.91526]
	PARPACK diagonalization completed after 30 matrix-vector product operations.
	iteration results: : total energy is -75.734610 | electron energy -76.129510 + phonon energy 0.394901 | electron momentum kIdx = 10
The 14-th iteration is completed.	|| time cost : 0h 0m 27.277s
********************************************************************************************************************
Start the 15 rounds of NGS-ED iteration
	effective electronic model is modified as: kinetic energy t = 0.760864
	                                           effective interaction Vq = [-3.39999, -3.1496,-2.91527, -3.1496, -3.1496,-2.91527,-2.95606,-2.91527,-2.91527,-2.95606,-3.39117,-2.95606, -3.1496,-2.91527,-2.95606,-2.91527]
	PARPACK diagonalization completed after 30 matrix-vector product operations.
	iteration results: : total energy is -75.734612 | electron energy -76.129519 + phonon energy 0.394907 | electron momentum kIdx = 10
The 15-th iteration is completed.	|| time cost : 0h 0m 27.261s
********************************************************************************************************************
Start the 16 rounds of NGS-ED iteration
	effective electronic model is modified as: kinetic energy t = 0.760864
	                                           effective interaction Vq = [-3.39999,-3.14959,-2.91527,-3.14959,-3.14959,-2.91527,-2.95605,-2.91527,-2.91527,-2.95605,-3.39117,-2.95605,-3.14959,-2.91527,-2.95605,-2.91527]
	PARPACK diagonalization completed after 30 matrix-vector product operations.
	iteration results: : total energy is -75.734613 | electron energy -76.129522 + phonon energy 0.394909 | electron momentum kIdx = 10
The 16-th iteration is completed.	|| time cost : 0h 0m 27.543s
********************************************************************************************************************
Start the 17 rounds of NGS-ED iteration
	effective electronic model is modified as: kinetic energy t = 0.760865
	                                           effective interaction Vq = [-3.39999,-3.14958,-2.91527,-3.14958,-3.14958,-2.91527,-2.95604,-2.91527,-2.91527,-2.95604,-3.39117,-2.95604,-3.14958,-2.91527,-2.95604,-2.91527]
	PARPACK diagonalization completed after 30 matrix-vector product operations.
	iteration results: : total energy is -75.734613 | electron energy -76.129523 + phonon energy 0.394910 | electron momentum kIdx = 10
The 17-th iteration is completed.	|| time cost : 0h 0m 27.577s
