SNEDics v3.21.4 Non-Gaussian ED ground state program		Start at Mon Jul 26 00:47:48 2021

parallized on 32 MPI threads  * 8 OpenMP threads = 256 total threads.
********************************************************************************************************************
********************************************************************************************************************

********************************************************************************************************************
System parameters and configurations
	special program options are enabled: splitted diagonal Hamiltonian | splitted Hamiltonian terms
********************************************************************************************************************
Read input file "model_params.in"
	Hubbard-Holstein model parameters : 	t = 1    U = 8    g = 0.02    W = 0.2    g' = 0.02    
********************************************************************************************************************
Read input file "hilbertspace_params.in"
	Requested 16-site 2D lattice, with 14 electrons (7, 7)
	Boundary : Periodic		Hilbert space representation : momentum-space (restricted to kIdx = 0)
	Conservation: particle number[U(1)]      spin[U(1)]     momentum
********************************************************************************************************************

Cluster Positions:				Cluster symmetry group : D4
 x ... x ... x ... x .....                       x ... x ... x ... x .....
 |           |           :                       |           |           :
 |           |           :                       |           |           :
12    13    14    15     x                       1     5     6     5     x
 |           |           :                       |           |           :
 |           |           :                       |           |           :
 8 --- 9 ---10 ---11 --- x                       2 --- 6 ---10 --- 6 --- x
 |           |           :                       |           |           :
 |           |           :                       |           |           :
 4     5     6     7     x                       1     5     6     5     x
 |           |           :                       |           |           :
 |           |           :                       |           |           :
 0 --- 1 --- 2 --- 3 --- x                       0 --- 1 --- 2 --- 1 --- x
orbital number : 1
********************************************************************************************************************
Read input file "obs_params.in"
	Observable Type : Nq(All),   Sq(All),   N(All),   Delta[s](All),   Delta[d](All),   Delta[s+](All)
** WARNING ** the input observables have non-local factors which have been reinterpreted. The total observable number is 96
********************************************************************************************************************


********************************************************************************************************************
Start calculating the non-Gaussian ED ground state
Maximal iteration number is 1000; energy resolution is 1e-06. Phonon state relaxation time is 2000
W = 0.2 is relatively large. The non-Gaussian ED calculation starts directly.
open output files: NGSED_iteration_obserbles.txt
********************************************************************************************************************
Start the 0 rounds of NGS-ED iteration
	effective electronic model is modified as: kinetic energy t = 1
	                                           effective interaction Vq = [0,0,0,0,0,0,0,0,0,0,0,0,0,0,0,0]
	first Hamiltonian is constructed, size = 8179600 and non-zero numbers = 2178478298
	PARPACK diagonalization completed after 180 matrix-vector product operations.
	iteration results: : total energy is -11.868836 | electron energy -11.868836 + phonon energy 0.000000 | electron momentum kIdx = 0
	Nq(0) = 12.25,	Nq(1) = 0.154193,	Nq(2) = 0.185311,	Nq(3) = 0.154193,	Nq(4) = 0.154193,	Nq(5) = 0.203281,	
	Nq(6) = 0.235634,	Nq(7) = 0.203281,	Nq(8) = 0.185311,	Nq(9) = 0.235634,	Nq(10) = 0.275446,	
	Nq(11) = 0.235634,	Nq(12) = 0.154193,	Nq(13) = 0.203281,	Nq(14) = 0.235634,	Nq(15) = 0.203281;	
	Sq(0) = -1.83137e-18,	Sq(1) = 0.474292,	Sq(2) = 0.766364,	Sq(3) = 0.474292,	Sq(4) = 0.474292,	
	Sq(5) = 0.630724,	Sq(6) = 1.05279,	Sq(7) = 0.630724,	Sq(8) = 0.766364,	Sq(9) = 1.05279,	
	Sq(10) = 2.56755,	Sq(11) = 1.05279,	Sq(12) = 0.474292,	Sq(13) = 0.630724,	Sq(14) = 1.05279,	
	Sq(15) = 0.630724;	N(0) = 1.75464,	N(1) = 1.59086,	N(2) = 0.323321,	N(3) = 1.59086,	
	N(4) = 1.59086,	N(5) = 0.999881,	N(6) = 0.267546,	N(7) = 0.999881,	N(8) = 0.323321,	
	N(9) = 0.267546,	N(10) = 0.165565,	N(11) = 0.267546,	N(12) = 1.59086,	N(13) = 0.999881,	
	N(14) = 0.267546,	N(15) = 0.999881;	Delta[s](0) = 0.0793967,	Delta[s](1) = 0.059289,	Delta[s](2) = 0.0353898,	
	Delta[s](3) = 0.059289,	Delta[s](4) = 0.059289,	Delta[s](5) = 0.0423088,	Delta[s](6) = 0.0194187,	Delta[s](7) = 0.0423088,	
	Delta[s](8) = 0.0353898,	Delta[s](9) = 0.0194187,	Delta[s](10) = 7.72281e-06,	Delta[s](11) = 0.0194187,	Delta[s](12) = 0.059289,	
	Delta[s](13) = 0.0423088,	Delta[s](14) = 0.0194187,	Delta[s](15) = 0.0423088;	Delta[d](0) = 0.276091,	Delta[d](1) = 0.189579,	
	Delta[d](2) = 0.199463,	Delta[d](3) = 0.189579,	Delta[d](4) = 0.189579,	Delta[d](5) = 0.176362,	Delta[d](6) = 0.132261,	
	Delta[d](7) = 0.176362,	Delta[d](8) = 0.199463,	Delta[d](9) = 0.132261,	Delta[d](10) = 0.0532911,	Delta[d](11) = 0.132261,	
	Delta[d](12) = 0.189579,	Delta[d](13) = 0.176362,	Delta[d](14) = 0.132261,	Delta[d](15) = 0.176362;	Delta[s+](0) = 0.559819,	
	Delta[s+](1) = 0.416814,	Delta[s+](2) = 0.199463,	Delta[s+](3) = 0.416814,	Delta[s+](4) = 0.416814,	Delta[s+](5) = 0.291256,	
	Delta[s+](6) = 0.125936,	Delta[s+](7) = 0.291256,	Delta[s+](8) = 0.199463,	Delta[s+](9) = 0.125936,	Delta[s+](10) = 0.0380764,	
	Delta[s+](11) = 0.125936,	Delta[s+](12) = 0.416814,	Delta[s+](13) = 0.291256,	Delta[s+](14) = 0.125936,	Delta[s+](15) = 0.291256
	
The 0-th iteration is completed.	|| time cost : 0h 4m 46.941s
********************************************************************************************************************
Start the 1 rounds of NGS-ED iteration
	effective electronic model is modified as: kinetic energy t = 0.999951
	                                           effective interaction Vq = [       -0.05, -0.00192953,   -0.000133, -0.00192953, -0.00192953,-0.000145189,-0.000113618,-0.000145189,   -0.000133,-0.000113618, -0.00090222,-0.000113618, -0.00192953,-0.000145189,-0.000113618,-0.000145189]
	PARPACK diagonalization completed after 45 matrix-vector product operations.
	iteration results: : total energy is -12.482212 | electron energy -12.482213 + phonon energy 0.000001 | electron momentum kIdx = 0
The 1-th iteration is completed.	|| time cost : 0h 2m 56.297s
********************************************************************************************************************
Start the 2 rounds of NGS-ED iteration
	effective electronic model is modified as: kinetic energy t = 0.999951
	                                           effective interaction Vq = [       -0.05, -0.00192975,-0.000132996, -0.00192975, -0.00192975,-0.000145184,-0.000113616,-0.000145184,-0.000132996,-0.000113616,-0.000902263,-0.000113616, -0.00192975,-0.000145184,-0.000113616,-0.000145184]
	PARPACK diagonalization completed after 30 matrix-vector product operations.
	iteration results: : total energy is -12.482212 | electron energy -12.482213 + phonon energy 0.000001 | electron momentum kIdx = 0
The 2-th iteration is completed.	|| time cost : 0h 0m 22.524s
********************************************************************************************************************
Start the 3 rounds of NGS-ED iteration
	effective electronic model is modified as: kinetic energy t = 0.999951
	                                           effective interaction Vq = [       -0.05, -0.00192975,-0.000132996, -0.00192975, -0.00192975,-0.000145184,-0.000113616,-0.000145184,-0.000132996,-0.000113616,-0.000902263,-0.000113616, -0.00192975,-0.000145184,-0.000113616,-0.000145184]
	PARPACK diagonalization completed after 30 matrix-vector product operations.
	iteration results: : total energy is -12.482212 | electron energy -12.482213 + phonon energy 0.000001 | electron momentum kIdx = 0
	Nq(0) = 12.25,	Nq(1) = 0.154217,	Nq(2) = 0.185312,	Nq(3) = 0.154217,	Nq(4) = 0.154217,	Nq(5) = 0.20328,	
	Nq(6) = 0.235636,	Nq(7) = 0.20328,	Nq(8) = 0.185312,	Nq(9) = 0.235636,	Nq(10) = 0.275467,	
	Nq(11) = 0.235636,	Nq(12) = 0.154217,	Nq(13) = 0.20328,	Nq(14) = 0.235636,	Nq(15) = 0.20328;	
	Sq(0) = -3.78834e-18,	Sq(1) = 0.474272,	Sq(2) = 0.766352,	Sq(3) = 0.474272,	Sq(4) = 0.474272,	
	Sq(5) = 0.630713,	Sq(6) = 1.05281,	Sq(7) = 0.630713,	Sq(8) = 0.766352,	Sq(9) = 1.05281,	
	Sq(10) = 2.56751,	Sq(11) = 1.05281,	Sq(12) = 0.474272,	Sq(13) = 0.630713,	Sq(14) = 1.05281,	
	Sq(15) = 0.630713;	N(0) = 1.75466,	N(1) = 1.59089,	N(2) = 0.323312,	N(3) = 1.59089,	
	N(4) = 1.59089,	N(5) = 0.999873,	N(6) = 0.267525,	N(7) = 0.999873,	N(8) = 0.323312,	
	N(9) = 0.267525,	N(10) = 0.165561,	N(11) = 0.267525,	N(12) = 1.59089,	N(13) = 0.999873,	
	N(14) = 0.267525,	N(15) = 0.999873;	Delta[s](0) = 0.0794042,	Delta[s](1) = 0.0592947,	Delta[s](2) = 0.035393,	
	Delta[s](3) = 0.0592947,	Delta[s](4) = 0.0592947,	Delta[s](5) = 0.0423132,	Delta[s](6) = 0.0194205,	Delta[s](7) = 0.0423132,	
	Delta[s](8) = 0.035393,	Delta[s](9) = 0.0194205,	Delta[s](10) = 7.72528e-06,	Delta[s](11) = 0.0194205,	Delta[s](12) = 0.0592947,	
	Delta[s](13) = 0.0423132,	Delta[s](14) = 0.0194205,	Delta[s](15) = 0.0423132;	Delta[d](0) = 0.276136,	Delta[d](1) = 0.189581,	
	Delta[d](2) = 0.199462,	Delta[d](3) = 0.189581,	Delta[d](4) = 0.189581,	Delta[d](5) = 0.176363,	Delta[d](6) = 0.132257,	
	Delta[d](7) = 0.176363,	Delta[d](8) = 0.199462,	Delta[d](9) = 0.132257,	Delta[d](10) = 0.0532935,	Delta[d](11) = 0.132257,	
	Delta[d](12) = 0.189581,	Delta[d](13) = 0.176363,	Delta[d](14) = 0.132257,	Delta[d](15) = 0.176363;	Delta[s+](0) = 0.559825,	
	Delta[s+](1) = 0.416817,	Delta[s+](2) = 0.199462,	Delta[s+](3) = 0.416817,	Delta[s+](4) = 0.416817,	Delta[s+](5) = 0.291255,	
	Delta[s+](6) = 0.125933,	Delta[s+](7) = 0.291255,	Delta[s+](8) = 0.199462,	Delta[s+](9) = 0.125933,	Delta[s+](10) = 0.0380747,	
	Delta[s+](11) = 0.125933,	Delta[s+](12) = 0.416817,	Delta[s+](13) = 0.291255,	Delta[s+](14) = 0.125933,	Delta[s+](15) = 0.291255
	
The 3-th iteration is completed.	|| time cost : 0h 3m 11.018s
********************************************************************************************************************
********************************************************************************************************************
Ground state is obtained after 4 iterations. The current ground-state energy is -12.4822, in which electron energy is -12.4822 and phonon energy is 5.02467e-07
Final variational state is: 
	Gamma_x = [      1,1.00145,1.00012,1.00145,1.00145,1.00014,1.00013,1.00014,1.00012,1.00013,1.00123,1.00013,1.00145,1.00014,1.00013,1.00014]
	lambda_q = [        0.5,  0.0165371,  0.0033821,  0.0165371,  0.0165371, 0.00369798,-0.00288192, 0.00369798,  0.0033821,-0.00288192,-0.00761552,-0.00288192,  0.0165371, 0.00369798,-0.00288192, 0.00369798]
Effective e-e interactions mediated by phonons are:
	momentum-space Vq = [       -0.05, -0.00192975,-0.000132996, -0.00192975, -0.00192975,-0.000145184,-0.000113616,-0.000145184,-0.000132996,-0.000113616,-0.000902263,-0.000113616, -0.00192975,-0.000145184,-0.000113616,-0.000145184]
	real-space Vr = [-0.00374515,-0.00329563,-0.00316172,-0.00329563,-0.00329563,-0.00316477,-0.00284159,-0.00316477,-0.00316172,-0.00284159,-0.00272347,-0.00284159,-0.00329563,-0.00316477,-0.00284159,-0.00316477]
********************************************************************************************************************
o___o  ----------------------------------------
| L |	Time since last clock: 0h 0m 0.014s
A===A	Time since the beginning: 0h 11m 16.797s
***********************************************


Non-Gaussina ED ground state calculation is completed. The final ground-state energy is -12.4822
********************************************************************************************************************
o___o  ----------------------------------------
| L |	Time since last clock: 0h 0m 0.005s
A===A	Time since the beginning: 0h 11m 16.802s
***********************************************



********************************************************************************************************************
All non-Gaussian ED ground state calculations have been completed. Exit now.
