SNEDics v3.4 Non-Gaussian ED ground state program		Start at Tue Oct  1 22:21:14 2019

parallized on 16 MPI threads  * 8 OpenMP threads = 128 total threads.
********************************************************************************************************************
********************************************************************************************************************

********************************************************************************************************************
System parameters and configurations
********************************************************************************************************************
Special program options are enabled: splitted diagonal Hamiltonian
********************************************************************************************************************
Read input file "model_params.in"
	Hubbard-Holstein model parameters : 	t = 1    U = 4.1    g = 3.937    W = 5    
********************************************************************************************************************
Read input file "hilbertspace_params.in"
	Requested 16-site 2D lattice, with 16 electrons (8, 8)
	Boundary : Periodic		Hilbert space representation : momentum-space (restricted to kIdx = 10)
	Conservation: particle number[U(1)]      spin[U(1)]     momentum
********************************************************************************************************************

Cluster Positions:				Cluster symmetry group : D4
 x ... x ... x ... x .....                       x ... x ... x ... x .....
 |           |           :                       |           |           :
 |           |           :                       |           |           :
12    13    14    15     x                       1     5     6     5     x
 |           |           :                       |           |           :
 |           |           :                       |           |           :
 8 --- 9 ---10 ---11 --- x                       2 --- 6 ---10 --- 6 --- x
 |           |           :                       |           |           :
 |           |           :                       |           |           :
 4     5     6     7     x                       1     5     6     5     x
 |           |           :                       |           |           :
 |           |           :                       |           |           :
 0 --- 1 --- 2 --- 3 --- x                       0 --- 1 --- 2 --- 1 --- x
orbital number : 1
********************************************************************************************************************
Read input file "obs_params.in"
	Observable Type : Nq(All),   Sq(All),   N(All),   Delta[s](All),   Delta[d](All),   Delta[s+](All)
********************************************************************************************************************
** WARNING ** the input observables have non-local factors which have been reinterpreted. The total observable number is 96
********************************************************************************************************************


********************************************************************************************************************
Start calculating the non-Gaussian ED ground state
** WARNING ** Detected low phonon energy W < 10. The initial state will be prepared through a warm-up process.
********************************************************************************************************************
Start warm-up calculation for scaling factor 2
open output files: NGSEDWarmUpW10Obs.txt
********************************************************************************************************************
Start the 0 rounds of NGS-ED iteration
	effective electronic model is modified as: kinetic energy t = 1
	                                           effective interaction Vq = [-0,-0,-0,-0,-0,-0,-0,-0,-0,-0,-0,-0,-0,-0,-0,-0]
	first Hamiltonian is constructed, non-zero numbers = 2845334624
	PARPACK diagonalization completed after 90 matrix-vector product operations.
	iteration results: : total energy is -13.289928 | electron energy -13.289928 + phonon energy 0.000000 | electron momentum kIdx = 10
	Nq(0) = 16,	Nq(1) = 0.16104,	Nq(2) = 0.232726,	Nq(3) = 0.16104,	Nq(4) = 0.16104,	Nq(5) = 0.232726,	Nq(6) = 0.317615,	Nq(7) = 0.232726,	Nq(8) = 0.232726,	Nq(9) = 0.317615,	Nq(10) = 0.381242,	Nq(11) = 0.317615,	Nq(12) = 0.16104,	Nq(13) = 0.232726,	Nq(14) = 0.317615,	Nq(15) = 0.232726,	Sq(0) = 2.11295e-18,	Sq(1) = 0.31334,	Sq(2) = 0.419764,	Sq(3) = 0.31334,	Sq(4) = 0.31334,	Sq(5) = 0.419764,	Sq(6) = 0.632807,	Sq(7) = 0.419764,	Sq(8) = 0.419764,	Sq(9) = 0.632807,	Sq(10) = 6.00461,	Sq(11) = 0.632807,	Sq(12) = 0.31334,	Sq(13) = 0.419764,	Sq(14) = 0.632807,	Sq(15) = 0.419764,	N(0) = 1.9286,	N(1) = 1.83939,	N(2) = 1,	N(3) = 1.83939,	N(4) = 1.83939,	N(5) = 1,	N(6) = 0.160612,	N(7) = 1,	N(8) = 1,	N(9) = 0.160612,	N(10) = 0.0714038,	N(11) = 0.160612,	N(12) = 1.83939,	N(13) = 1,	N(14) = 0.160612,	N(15) = 1,	Delta[s](0) = 0.1701,	Delta[s](1) = 0.146903,	Delta[s](2) = 0.116107,	Delta[s](3) = 0.146903,	Delta[s](4) = 0.146903,	Delta[s](5) = 0.116107,	Delta[s](6) = 0.0899767,	Delta[s](7) = 0.116107,	Delta[s](8) = 0.116107,	Delta[s](9) = 0.0899767,	Delta[s](10) = 0.0318468,	Delta[s](11) = 0.0899767,	Delta[s](12) = 0.146903,	Delta[s](13) = 0.116107,	Delta[s](14) = 0.0899767,	Delta[s](15) = 0.116107,	Delta[d](0) = 0.516334,	Delta[d](1) = 0.387479,	Delta[d](2) = 0.328561,	Delta[d](3) = 0.387479,	Delta[d](4) = 0.387479,	Delta[d](5) = 0.376178,	Delta[d](6) = 0.305816,	Delta[d](7) = 0.376178,	Delta[d](8) = 0.328561,	Delta[d](9) = 0.305816,	Delta[d](10) = 0.248282,	Delta[d](11) = 0.305816,	Delta[d](12) = 0.387479,	Delta[d](13) = 0.376178,	Delta[d](14) = 0.305816,	Delta[d](15) = 0.376178,	Delta[s+](0) = 0.585038,	Delta[s+](1) = 0.48055,	Delta[s+](2) = 0.328561,	Delta[s+](3) = 0.48055,	Delta[s+](4) = 0.48055,	Delta[s+](5) = 0.328561,	Delta[s+](6) = 0.181687,	Delta[s+](7) = 0.328561,	Delta[s+](8) = 0.328561,	Delta[s+](9) = 0.181687,	Delta[s+](10) = 0.0668591,	Delta[s+](11) = 0.181687,	Delta[s+](12) = 0.48055,	Delta[s+](13) = 0.328561,	Delta[s+](14) = 0.181687,	Delta[s+](15) = 0.328561
The 0-th iteration is completed.	|| time cost : 0h 8m 23.674s
********************************************************************************************************************
Start the 1 rounds of NGS-ED iteration
	effective electronic model is modified as: kinetic energy t = 0.923107
	                                           effective interaction Vq = [-2.68046,-2.45123,-2.36669,-2.45123,-2.45123,-2.36669,-2.33844,-2.36669,-2.36669,-2.33844,-2.30361,-2.33844,-2.45123,-2.36669,-2.33844,-2.36669]
	PARPACK diagonalization completed after 45 matrix-vector product operations.
	iteration results: : total energy is -67.788678 | electron energy -67.794414 + phonon energy 0.005736 | electron momentum kIdx = 10
The 1-th iteration is completed.	|| time cost : 0h 7m 36.41s
********************************************************************************************************************
Start the 2 rounds of NGS-ED iteration
	effective electronic model is modified as: kinetic energy t = 0.855926
	                                           effective interaction Vq = [-3.04322,-2.92707,-2.89515,-2.92707,-2.92707,-2.89515,-2.82789,-2.89515,-2.89515,-2.82789,-2.75523,-2.82789,-2.92707,-2.89515,-2.82789,-2.89515]
	PARPACK diagonalization completed after 120 matrix-vector product operations.
	iteration results: : total energy is -77.132152 | electron energy -77.180300 + phonon energy 0.048149 | electron momentum kIdx = 10
The 2-th iteration is completed.	|| time cost : 0h 0m 55.386s
********************************************************************************************************************
Start the 3 rounds of NGS-ED iteration
	effective electronic model is modified as: kinetic energy t = 0.825821
	                                           effective interaction Vq = [-3.09231,-3.01764,-3.01404,-3.01764,-3.01764,-3.01404,-2.93753,-3.01404,-3.01404,-2.93753,-2.96734,-2.93753,-3.01764,-3.01404,-2.93753,-3.01404]
	PARPACK diagonalization completed after 45 matrix-vector product operations.
	iteration results: : total energy is -78.557527 | electron energy -78.644332 + phonon energy 0.086804 | electron momentum kIdx = 10
The 3-th iteration is completed.	|| time cost : 0h 0m 31.996s
********************************************************************************************************************
Start the 4 rounds of NGS-ED iteration
	effective electronic model is modified as: kinetic energy t = 0.81858
	                                           effective interaction Vq = [-3.09895,-3.03853,-3.00549,-3.03853,-3.03853,-3.00549,-2.96678,-3.00549,-3.00549,-2.96678,-3.06643,-2.96678,-3.03853,-3.00549,-2.96678,-3.00549]
	PARPACK diagonalization completed after 45 matrix-vector product operations.
	iteration results: : total energy is -79.011145 | electron energy -79.115537 + phonon energy 0.104392 | electron momentum kIdx = 10
The 4-th iteration is completed.	|| time cost : 0h 0m 31.95s
********************************************************************************************************************
Start the 5 rounds of NGS-ED iteration
	effective electronic model is modified as: kinetic energy t = 0.822909
	                                           effective interaction Vq = [-3.09985,-3.03335,-2.96041,-3.03335,-3.03335,-2.96041,-2.96034,-2.96041,-2.96041,-2.96034,-3.08895,-2.96034,-3.03335,-2.96041,-2.96034,-2.96041]
	PARPACK diagonalization completed after 30 matrix-vector product operations.
	iteration results: : total energy is -79.117913 | electron energy -79.224776 + phonon energy 0.106863 | electron momentum kIdx = 10
The 5-th iteration is completed.	|| time cost : 0h 0m 27.618s
********************************************************************************************************************
Start the 6 rounds of NGS-ED iteration
	effective electronic model is modified as: kinetic energy t = 0.825574
	                                           effective interaction Vq = [-3.09997,-3.02707, -2.9379,-3.02707,-3.02707, -2.9379,-2.95236, -2.9379, -2.9379,-2.95236,-3.09402,-2.95236,-3.02707, -2.9379,-2.95236, -2.9379]
	PARPACK diagonalization completed after 30 matrix-vector product operations.
	iteration results: : total energy is -79.134154 | electron energy -79.239970 + phonon energy 0.105816 | electron momentum kIdx = 10
The 6-th iteration is completed.	|| time cost : 0h 0m 27.297s
********************************************************************************************************************
Start the 7 rounds of NGS-ED iteration
	effective electronic model is modified as: kinetic energy t = 0.826875
	                                           effective interaction Vq = [-3.09999,-3.02325,-2.92841,-3.02325,-3.02325,-2.92841,-2.94753,-2.92841,-2.92841,-2.94753,-3.09542,-2.94753,-3.02325,-2.92841,-2.94753,-2.92841]
	PARPACK diagonalization completed after 30 matrix-vector product operations.
	iteration results: : total energy is -79.136566 | electron energy -79.241406 + phonon energy 0.104840 | electron momentum kIdx = 10
The 7-th iteration is completed.	|| time cost : 0h 0m 27.31s
********************************************************************************************************************
Start the 8 rounds of NGS-ED iteration
	effective electronic model is modified as: kinetic energy t = 0.827477
	                                           effective interaction Vq = [-3.09999,-3.02128,-2.92454,-3.02128,-3.02128,-2.92454,-2.94502,-2.92454,-2.92454,-2.94502,-3.09587,-2.94502,-3.02128,-2.92454,-2.94502,-2.92454]
	PARPACK diagonalization completed after 30 matrix-vector product operations.
	iteration results: : total energy is -79.136941 | electron energy -79.241204 + phonon energy 0.104263 | electron momentum kIdx = 10
The 8-th iteration is completed.	|| time cost : 0h 0m 27.299s
********************************************************************************************************************
Start the 9 rounds of NGS-ED iteration
	effective electronic model is modified as: kinetic energy t = 0.827751
	                                           effective interaction Vq = [-3.09999,-3.02032,-2.92297,-3.02032,-3.02032,-2.92297, -2.9438,-2.92297,-2.92297, -2.9438,-3.09602, -2.9438,-3.02032,-2.92297, -2.9438,-2.92297]
	PARPACK diagonalization completed after 30 matrix-vector product operations.
	iteration results: : total energy is -79.137002 | electron energy -79.240966 + phonon energy 0.103964 | electron momentum kIdx = 10
The 9-th iteration is completed.	|| time cost : 0h 0m 27.311s
********************************************************************************************************************
Start the 10 rounds of NGS-ED iteration
	effective electronic model is modified as: kinetic energy t = 0.827873
	                                           effective interaction Vq = [-3.09999,-3.01988,-2.92232,-3.01988,-3.01988,-2.92232,-2.94322,-2.92232,-2.92232,-2.94322,-3.09607,-2.94322,-3.01988,-2.92232,-2.94322,-2.92232]
	PARPACK diagonalization completed after 30 matrix-vector product operations.
	iteration results: : total energy is -79.137013 | electron energy -79.240831 + phonon energy 0.103818 | electron momentum kIdx = 10
	Nq(0) = 16,	Nq(1) = 0.296843,	Nq(2) = 0.356081,	Nq(3) = 0.296843,	Nq(4) = 0.296843,	Nq(5) = 0.356081,	Nq(6) = 0.567294,	Nq(7) = 0.356081,	Nq(8) = 0.356081,	Nq(9) = 0.567294,	Nq(10) = 5.64596,	Nq(11) = 0.567294,	Nq(12) = 0.296843,	Nq(13) = 0.356081,	Nq(14) = 0.567294,	Nq(15) = 0.356081,	Sq(0) = -5.99164e-19,	Sq(1) = 0.219994,	Sq(2) = 0.29093,	Sq(3) = 0.219994,	Sq(4) = 0.219994,	Sq(5) = 0.29093,	Sq(6) = 0.413058,	Sq(7) = 0.29093,	Sq(8) = 0.29093,	Sq(9) = 0.413058,	Sq(10) = 0.483215,	Sq(11) = 0.413058,	Sq(12) = 0.219994,	Sq(13) = 0.29093,	Sq(14) = 0.413058,	Sq(15) = 0.29093,	N(0) = 1.97154,	N(1) = 1.92542,	N(2) = 1,	N(3) = 1.92542,	N(4) = 1.92542,	N(5) = 1,	N(6) = 0.0745765,	N(7) = 1,	N(8) = 1,	N(9) = 0.0745765,	N(10) = 0.0284574,	N(11) = 0.0745765,	N(12) = 1.92542,	N(13) = 1,	N(14) = 0.0745765,	N(15) = 1,	Delta[s](0) = 0.508866,	Delta[s](1) = 0.376731,	Delta[s](2) = 0.355443,	Delta[s](3) = 0.376731,	Delta[s](4) = 0.376731,	Delta[s](5) = 0.355443,	Delta[s](6) = 0.301427,	Delta[s](7) = 0.355443,	Delta[s](8) = 0.355443,	Delta[s](9) = 0.301427,	Delta[s](10) = 0.26534,	Delta[s](11) = 0.301427,	Delta[s](12) = 0.376731,	Delta[s](13) = 0.355443,	Delta[s](14) = 0.301427,	Delta[s](15) = 0.355443,	Delta[d](0) = 0.208732,	Delta[d](1) = 0.196196,	Delta[d](2) = 0.19989,	Delta[d](3) = 0.196196,	Delta[d](4) = 0.196196,	Delta[d](5) = 0.132339,	Delta[d](6) = 0.157735,	Delta[d](7) = 0.132339,	Delta[d](8) = 0.19989,	Delta[d](9) = 0.157735,	Delta[d](10) = 0.0559767,	Delta[d](11) = 0.157735,	Delta[d](12) = 0.196196,	Delta[d](13) = 0.132339,	Delta[d](14) = 0.157735,	Delta[d](15) = 0.132339,	Delta[s+](0) = 0.386637,	Delta[s+](1) = 0.307991,	Delta[s+](2) = 0.19989,	Delta[s+](3) = 0.307991,	Delta[s+](4) = 0.307991,	Delta[s+](5) = 0.19989,	Delta[s+](6) = 0.0890882,	Delta[s+](7) = 0.19989,	Delta[s+](8) = 0.19989,	Delta[s+](9) = 0.0890882,	Delta[s+](10) = 0.0312914,	Delta[s+](11) = 0.0890882,	Delta[s+](12) = 0.307991,	Delta[s+](13) = 0.19989,	Delta[s+](14) = 0.0890882,	Delta[s+](15) = 0.19989
The 10-th iteration is completed.	|| time cost : 0h 4m 50.089s
********************************************************************************************************************
********************************************************************************************************************
Ground state is obtained after 11 iterations. The current ground-state energy is -79.137, in which electron energy is -79.2408 and phonon energy is 0.103818
final variational state is: 
	Gamma_x = [      1,1.02519,1.04105,1.02519,1.02519,1.04105,1.06326,1.04105,1.04105,1.06326,1.12674,1.06326,1.02519,1.04105,1.06326,1.04105]
	lambda_q = [0.556767,0.467157,0.423383,0.467157,0.467157,0.423383,0.431464,0.423383,0.423383,0.431464,0.537026,0.431464,0.467157,0.423383,0.431464,0.423383]
********************************************************************************************************************
o___o  ----------------------------------------
| L |	Time since last clock: 0h 0m 0s
A===A	Time since the beginning: 0h 25m 6.345s
***********************************************


********************************************************************************************************************
Warm up runs have been completed. Start calculating W = 5 phonon.
open output files: NGSEDIterationObs.txt
********************************************************************************************************************
Start the 0 rounds of NGS-ED iteration
	effective electronic model is modified as: kinetic energy t = 0.827927
	                                           effective interaction Vq = [-2.83403,-2.58722,-2.43745,-2.58722,-2.58722,-2.43745,-2.46654,-2.43745,-2.43745,-2.46654,-2.78656,-2.46654,-2.58722,-2.43745,-2.46654,-2.43745]
	PARPACK diagonalization completed after 30 matrix-vector product operations.
	iteration results: : total energy is -70.658080 | electron energy -70.709955 + phonon energy 0.051875 | electron momentum kIdx = 10
	Nq(0) = 16,	Nq(1) = 0.285741,	Nq(2) = 0.339734,	Nq(3) = 0.285741,	Nq(4) = 0.285741,	Nq(5) = 0.339734,	Nq(6) = 0.529343,	Nq(7) = 0.339734,	Nq(8) = 0.339734,	Nq(9) = 0.529343,	Nq(10) = 5.4523,	Nq(11) = 0.529343,	Nq(12) = 0.285741,	Nq(13) = 0.339734,	Nq(14) = 0.529343,	Nq(15) = 0.339734,	Sq(0) = -4.30785e-18,	Sq(1) = 0.246475,	Sq(2) = 0.314199,	Sq(3) = 0.246475,	Sq(4) = 0.246475,	Sq(5) = 0.314199,	Sq(6) = 0.461189,	Sq(7) = 0.314199,	Sq(8) = 0.314199,	Sq(9) = 0.461189,	Sq(10) = 0.533108,	Sq(11) = 0.461189,	Sq(12) = 0.246475,	Sq(13) = 0.314199,	Sq(14) = 0.461189,	Sq(15) = 0.314199,	N(0) = 1.98285,	N(1) = 1.94769,	N(2) = 1,	N(3) = 1.94769,	N(4) = 1.94769,	N(5) = 1,	N(6) = 0.0523116,	N(7) = 1,	N(8) = 1,	N(9) = 0.0523116,	N(10) = 0.0171524,	N(11) = 0.0523116,	N(12) = 1.94769,	N(13) = 1,	N(14) = 0.0523116,	N(15) = 1,	Delta[s](0) = 0.433231,	Delta[s](1) = 0.356394,	Delta[s](2) = 0.340743,	Delta[s](3) = 0.356394,	Delta[s](4) = 0.356394,	Delta[s](5) = 0.340743,	Delta[s](6) = 0.2986,	Delta[s](7) = 0.340743,	Delta[s](8) = 0.340743,	Delta[s](9) = 0.2986,	Delta[s](10) = 0.277853,	Delta[s](11) = 0.2986,	Delta[s](12) = 0.356394,	Delta[s](13) = 0.340743,	Delta[s](14) = 0.2986,	Delta[s](15) = 0.340743,	Delta[d](0) = 0.21504,	Delta[d](1) = 0.206211,	Delta[d](2) = 0.212773,	Delta[d](3) = 0.206211,	Delta[d](4) = 0.206211,	Delta[d](5) = 0.137669,	Delta[d](6) = 0.166024,	Delta[d](7) = 0.137669,	Delta[d](8) = 0.212773,	Delta[d](9) = 0.166024,	Delta[d](10) = 0.0602208,	Delta[d](11) = 0.166024,	Delta[d](12) = 0.206211,	Delta[d](13) = 0.137669,	Delta[d](14) = 0.166024,	Delta[d](15) = 0.137669,	Delta[s+](0) = 0.422218,	Delta[s+](1) = 0.329705,	Delta[s+](2) = 0.212773,	Delta[s+](3) = 0.329705,	Delta[s+](4) = 0.329705,	Delta[s+](5) = 0.212773,	Delta[s+](6) = 0.0944508,	Delta[s+](7) = 0.212773,	Delta[s+](8) = 0.212773,	Delta[s+](9) = 0.0944508,	Delta[s+](10) = 0.0337767,	Delta[s+](11) = 0.0944508,	Delta[s+](12) = 0.329705,	Delta[s+](13) = 0.212773,	Delta[s+](14) = 0.0944508,	Delta[s+](15) = 0.212773
The 0-th iteration is completed.	|| time cost : 0h 4m 22.88s
********************************************************************************************************************
Start the 1 rounds of NGS-ED iteration
	effective electronic model is modified as: kinetic energy t = 0.804597
	                                           effective interaction Vq = [-3.00215,-2.73506, -2.5468,-2.73506,-2.73506, -2.5468,-2.58252, -2.5468, -2.5468,-2.58252,-2.97636,-2.58252,-2.73506, -2.5468,-2.58252, -2.5468]
	PARPACK diagonalization completed after 30 matrix-vector product operations.
	iteration results: : total energy is -74.454128 | electron energy -74.615929 + phonon energy 0.161802 | electron momentum kIdx = 10
The 1-th iteration is completed.	|| time cost : 0h 0m 27.605s
********************************************************************************************************************
Start the 2 rounds of NGS-ED iteration
	effective electronic model is modified as: kinetic energy t = 0.794571
	                                           effective interaction Vq = [  -3.064, -2.7795,-2.58668, -2.7795, -2.7795,-2.58668,-2.61971,-2.58668,-2.58668,-2.61971,-3.05062,-2.61971, -2.7795,-2.58668,-2.61971,-2.58668]
	PARPACK diagonalization completed after 30 matrix-vector product operations.
	iteration results: : total energy is -75.846234 | electron energy -76.077891 + phonon energy 0.231657 | electron momentum kIdx = 10
The 2-th iteration is completed.	|| time cost : 0h 0m 27.406s
********************************************************************************************************************
Start the 3 rounds of NGS-ED iteration
	effective electronic model is modified as: kinetic energy t = 0.79107
	                                           effective interaction Vq = [-3.08675, -2.7877,-2.59791, -2.7877, -2.7877,-2.59791,-2.62662,-2.59791,-2.59791,-2.62662,-3.07784,-2.62662, -2.7877,-2.59791,-2.62662,-2.59791]
	PARPACK diagonalization completed after 30 matrix-vector product operations.
	iteration results: : total energy is -76.336456 | electron energy -76.602856 + phonon energy 0.266401 | electron momentum kIdx = 10
The 3-th iteration is completed.	|| time cost : 0h 0m 27.624s
********************************************************************************************************************
Start the 4 rounds of NGS-ED iteration
	effective electronic model is modified as: kinetic energy t = 0.790166
	                                           effective interaction Vq = [-3.09512,-2.78527,-2.59921,-2.78527,-2.78527,-2.59921,-2.62428,-2.59921,-2.59921,-2.62428,-3.08802,-2.62428,-2.78527,-2.59921,-2.62428,-2.59921]
	PARPACK diagonalization completed after 30 matrix-vector product operations.
	iteration results: : total energy is -76.506740 | electron energy -76.789175 + phonon energy 0.282435 | electron momentum kIdx = 10
The 4-th iteration is completed.	|| time cost : 0h 0m 27.387s
********************************************************************************************************************
Start the 5 rounds of NGS-ED iteration
	effective electronic model is modified as: kinetic energy t = 0.790185
	                                           effective interaction Vq = [ -3.0982, -2.7807,-2.59757, -2.7807, -2.7807,-2.59757,-2.61999,-2.59757,-2.59757,-2.61999,-3.09211,-2.61999, -2.7807,-2.59757,-2.61999,-2.59757]
	PARPACK diagonalization completed after 30 matrix-vector product operations.
	iteration results: : total energy is -76.566102 | electron energy -76.855552 + phonon energy 0.289450 | electron momentum kIdx = 10
The 5-th iteration is completed.	|| time cost : 0h 0m 27.587s
********************************************************************************************************************
Start the 6 rounds of NGS-ED iteration
	effective electronic model is modified as: kinetic energy t = 0.790478
	                                           effective interaction Vq = [-3.09933,-2.77647,-2.59538,-2.77647,-2.77647,-2.59538,-2.61595,-2.59538,-2.59538,-2.61595,-3.09389,-2.61595,-2.77647,-2.59538,-2.61595,-2.59538]
	PARPACK diagonalization completed after 30 matrix-vector product operations.
	iteration results: : total energy is -76.587021 | electron energy -76.879263 + phonon energy 0.292242 | electron momentum kIdx = 10
The 6-th iteration is completed.	|| time cost : 0h 0m 27.343s
********************************************************************************************************************
Start the 7 rounds of NGS-ED iteration
	effective electronic model is modified as: kinetic energy t = 0.790807
	                                           effective interaction Vq = [-3.09975,-2.77313,-2.59341,-2.77313,-2.77313,-2.59341,-2.61271,-2.59341,-2.59341,-2.61271,-3.09471,-2.61271,-2.77313,-2.59341,-2.61271,-2.59341]
	PARPACK diagonalization completed after 30 matrix-vector product operations.
	iteration results: : total energy is -76.594483 | electron energy -76.887614 + phonon energy 0.293130 | electron momentum kIdx = 10
The 7-th iteration is completed.	|| time cost : 0h 0m 27.353s
********************************************************************************************************************
Start the 8 rounds of NGS-ED iteration
	effective electronic model is modified as: kinetic energy t = 0.791093
	                                           effective interaction Vq = [ -3.0999,-2.77066,-2.59184,-2.77066,-2.77066,-2.59184,-2.61027,-2.59184,-2.59184,-2.61027,-3.09511,-2.61027,-2.77066,-2.59184,-2.61027,-2.59184]
	PARPACK diagonalization completed after 30 matrix-vector product operations.
	iteration results: : total energy is -76.597175 | electron energy -76.890395 + phonon energy 0.293221 | electron momentum kIdx = 10
The 8-th iteration is completed.	|| time cost : 0h 0m 27.634s
********************************************************************************************************************
Start the 9 rounds of NGS-ED iteration
	effective electronic model is modified as: kinetic energy t = 0.791319
	                                           effective interaction Vq = [-3.09996,-2.76889,-2.59066,-2.76889,-2.76889,-2.59066, -2.6085,-2.59066,-2.59066, -2.6085,-3.09531, -2.6085,-2.76889,-2.59066, -2.6085,-2.59066]
	PARPACK diagonalization completed after 30 matrix-vector product operations.
	iteration results: : total energy is -76.598155 | electron energy -76.891177 + phonon energy 0.293022 | electron momentum kIdx = 10
The 9-th iteration is completed.	|| time cost : 0h 0m 27.572s
********************************************************************************************************************
Start the 10 rounds of NGS-ED iteration
	effective electronic model is modified as: kinetic energy t = 0.791487
	                                           effective interaction Vq = [-3.09998,-2.76765, -2.5898,-2.76765,-2.76765, -2.5898,-2.60723, -2.5898, -2.5898,-2.60723,-3.09541,-2.60723,-2.76765, -2.5898,-2.60723, -2.5898]
	PARPACK diagonalization completed after 30 matrix-vector product operations.
	iteration results: : total energy is -76.598514 | electron energy -76.891270 + phonon energy 0.292756 | electron momentum kIdx = 10
	Nq(0) = 16,	Nq(1) = 0.204275,	Nq(2) = 0.283605,	Nq(3) = 0.204275,	Nq(4) = 0.204275,	Nq(5) = 0.283605,	Nq(6) = 0.420397,	Nq(7) = 0.283605,	Nq(8) = 0.283605,	Nq(9) = 0.420397,	Nq(10) = 7.61757,	Nq(11) = 0.420397,	Nq(12) = 0.204275,	Nq(13) = 0.283605,	Nq(14) = 0.420397,	Nq(15) = 0.283605,	Sq(0) = -1.21733e-18,	Sq(1) = 0.179309,	Sq(2) = 0.258825,	Sq(3) = 0.179309,	Sq(4) = 0.179309,	Sq(5) = 0.258825,	Sq(6) = 0.366604,	Sq(7) = 0.258825,	Sq(8) = 0.258825,	Sq(9) = 0.366604,	Sq(10) = 0.445511,	Sq(11) = 0.366604,	Sq(12) = 0.179309,	Sq(13) = 0.258825,	Sq(14) = 0.366604,	Sq(15) = 0.258825,	N(0) = 1.95181,	N(1) = 1.85751,	N(2) = 1,	N(3) = 1.85751,	N(4) = 1.85751,	N(5) = 1,	N(6) = 0.142489,	N(7) = 1,	N(8) = 1,	N(9) = 0.142489,	N(10) = 0.0481879,	N(11) = 0.142489,	N(12) = 1.85751,	N(13) = 1,	N(14) = 0.142489,	N(15) = 1,	Delta[s](0) = 0.447488,	Delta[s](1) = 0.390836,	Delta[s](2) = 0.370504,	Delta[s](3) = 0.390836,	Delta[s](4) = 0.390836,	Delta[s](5) = 0.370504,	Delta[s](6) = 0.339585,	Delta[s](7) = 0.370504,	Delta[s](8) = 0.370504,	Delta[s](9) = 0.339585,	Delta[s](10) = 0.316746,	Delta[s](11) = 0.339585,	Delta[s](12) = 0.390836,	Delta[s](13) = 0.370504,	Delta[s](14) = 0.339585,	Delta[s](15) = 0.370504,	Delta[d](0) = 0.178213,	Delta[d](1) = 0.163131,	Delta[d](2) = 0.1807,	Delta[d](3) = 0.163131,	Delta[d](4) = 0.163131,	Delta[d](5) = 0.113808,	Delta[d](6) = 0.127541,	Delta[d](7) = 0.113808,	Delta[d](8) = 0.1807,	Delta[d](9) = 0.127541,	Delta[d](10) = 0.0492874,	Delta[d](11) = 0.127541,	Delta[d](12) = 0.163131,	Delta[d](13) = 0.113808,	Delta[d](14) = 0.127541,	Delta[d](15) = 0.113808,	Delta[s+](0) = 0.374748,	Delta[s+](1) = 0.285541,	Delta[s+](2) = 0.1807,	Delta[s+](3) = 0.285541,	Delta[s+](4) = 0.285541,	Delta[s+](5) = 0.1807,	Delta[s+](6) = 0.0769396,	Delta[s+](7) = 0.1807,	Delta[s+](8) = 0.1807,	Delta[s+](9) = 0.0769396,	Delta[s+](10) = 0.0291142,	Delta[s+](11) = 0.0769396,	Delta[s+](12) = 0.285541,	Delta[s+](13) = 0.1807,	Delta[s+](14) = 0.0769396,	Delta[s+](15) = 0.1807
The 10-th iteration is completed.	|| time cost : 0h 4m 23.234s
********************************************************************************************************************
Start the 11 rounds of NGS-ED iteration
	effective electronic model is modified as: kinetic energy t = 0.791609
	                                           effective interaction Vq = [-3.09999,-2.76678,-2.58918,-2.76678,-2.76678,-2.58918,-2.60634,-2.58918,-2.58918,-2.60634,-3.09547,-2.60634,-2.76678,-2.58918,-2.60634,-2.58918]
	PARPACK diagonalization completed after 30 matrix-vector product operations.
	iteration results: : total energy is -76.598647 | electron energy -76.891156 + phonon energy 0.292509 | electron momentum kIdx = 10
The 11-th iteration is completed.	|| time cost : 0h 0m 27.633s
********************************************************************************************************************
Start the 12 rounds of NGS-ED iteration
	effective electronic model is modified as: kinetic energy t = 0.791696
	                                           effective interaction Vq = [-3.09999,-2.76619,-2.58875,-2.76619,-2.76619,-2.58875,-2.60572,-2.58875,-2.58875,-2.60572,-3.09549,-2.60572,-2.76619,-2.58875,-2.60572,-2.58875]
	PARPACK diagonalization completed after 30 matrix-vector product operations.
	iteration results: : total energy is -76.598697 | electron energy -76.891005 + phonon energy 0.292309 | electron momentum kIdx = 10
The 12-th iteration is completed.	|| time cost : 0h 0m 27.27s
********************************************************************************************************************
Start the 13 rounds of NGS-ED iteration
	effective electronic model is modified as: kinetic energy t = 0.791756
	                                           effective interaction Vq = [-3.09999,-2.76578,-2.58845,-2.76578,-2.76578,-2.58845, -2.6053,-2.58845,-2.58845, -2.6053,-3.09551, -2.6053,-2.76578,-2.58845, -2.6053,-2.58845]
	PARPACK diagonalization completed after 30 matrix-vector product operations.
	iteration results: : total energy is -76.598715 | electron energy -76.890871 + phonon energy 0.292156 | electron momentum kIdx = 10
The 13-th iteration is completed.	|| time cost : 0h 0m 27.273s
********************************************************************************************************************
Start the 14 rounds of NGS-ED iteration
	effective electronic model is modified as: kinetic energy t = 0.791799
	                                           effective interaction Vq = [-3.09999, -2.7655,-2.58824, -2.7655, -2.7655,-2.58824,  -2.605,-2.58824,-2.58824,  -2.605,-3.09552,  -2.605, -2.7655,-2.58824,  -2.605,-2.58824]
	PARPACK diagonalization completed after 30 matrix-vector product operations.
	iteration results: : total energy is -76.598722 | electron energy -76.890766 + phonon energy 0.292044 | electron momentum kIdx = 10
The 14-th iteration is completed.	|| time cost : 0h 0m 27.369s
********************************************************************************************************************
Start the 15 rounds of NGS-ED iteration
	effective electronic model is modified as: kinetic energy t = 0.791828
	                                           effective interaction Vq = [-3.09999,-2.76531,-2.58809,-2.76531,-2.76531,-2.58809, -2.6048,-2.58809,-2.58809, -2.6048,-3.09552, -2.6048,-2.76531,-2.58809, -2.6048,-2.58809]
	PARPACK diagonalization completed after 30 matrix-vector product operations.
	iteration results: : total energy is -76.598725 | electron energy -76.890688 + phonon energy 0.291963 | electron momentum kIdx = 10
The 15-th iteration is completed.	|| time cost : 0h 0m 27.323s
********************************************************************************************************************
Start the 16 rounds of NGS-ED iteration
	effective electronic model is modified as: kinetic energy t = 0.791848
	                                           effective interaction Vq = [-3.09999,-2.76518,-2.58799,-2.76518,-2.76518,-2.58799,-2.60466,-2.58799,-2.58799,-2.60466,-3.09553,-2.60466,-2.76518,-2.58799,-2.60466,-2.58799]
	PARPACK diagonalization completed after 30 matrix-vector product operations.
	iteration results: : total energy is -76.598726 | electron energy -76.890632 + phonon energy 0.291907 | electron momentum kIdx = 10
The 16-th iteration is completed.	|| time cost : 0h 0m 27.29s
********************************************************************************************************************
Start the 17 rounds of NGS-ED iteration
	effective electronic model is modified as: kinetic energy t = 0.791862
	                                           effective interaction Vq = [-3.09999,-2.76509,-2.58793,-2.76509,-2.76509,-2.58793,-2.60457,-2.58793,-2.58793,-2.60457,-3.09553,-2.60457,-2.76509,-2.58793,-2.60457,-2.58793]
	PARPACK diagonalization completed after 30 matrix-vector product operations.
	iteration results: : total energy is -76.598726 | electron energy -76.890593 + phonon energy 0.291867 | electron momentum kIdx = 10
The 17-th iteration is completed.	|| time cost : 0h 0m 27.337s
********************************************************************************************************************
Start the 18 rounds of NGS-ED iteration
	effective electronic model is modified as: kinetic energy t = 0.791871
	                                           effective interaction Vq = [-3.09999,-2.76503,-2.58788,-2.76503,-2.76503,-2.58788, -2.6045,-2.58788,-2.58788, -2.6045,-3.09553, -2.6045,-2.76503,-2.58788, -2.6045,-2.58788]
	PARPACK diagonalization completed after 30 matrix-vector product operations.
	iteration results: : total energy is -76.598726 | electron energy -76.890566 + phonon energy 0.291840 | electron momentum kIdx = 10
The 18-th iteration is completed.	|| time cost : 0h 0m 27.356s
********************************************************************************************************************
Start the 19 rounds of NGS-ED iteration
	effective electronic model is modified as: kinetic energy t = 0.791877
	                                           effective interaction Vq = [-3.09999,-2.76499,-2.58785,-2.76499,-2.76499,-2.58785,-2.60446,-2.58785,-2.58785,-2.60446,-3.09553,-2.60446,-2.76499,-2.58785,-2.60446,-2.58785]
	PARPACK diagonalization completed after 30 matrix-vector product operations.
	iteration results: : total energy is -76.598726 | electron energy -76.890547 + phonon energy 0.291821 | electron momentum kIdx = 10
The 19-th iteration is completed.	|| time cost : 0h 0m 27.568s
********************************************************************************************************************
Start the 20 rounds of NGS-ED iteration
	effective electronic model is modified as: kinetic energy t = 0.791882
	                                           effective interaction Vq = [-3.09999,-2.76497,-2.58783,-2.76497,-2.76497,-2.58783,-2.60443,-2.58783,-2.58783,-2.60443,-3.09553,-2.60443,-2.76497,-2.58783,-2.60443,-2.58783]
	PARPACK diagonalization completed after 30 matrix-vector product operations.
	iteration results: : total energy is -76.598726 | electron energy -76.890534 + phonon energy 0.291808 | electron momentum kIdx = 10
	Nq(0) = 16,	Nq(1) = 0.203815,	Nq(2) = 0.283225,	Nq(3) = 0.203815,	Nq(4) = 0.203815,	Nq(5) = 0.283225,	Nq(6) = 0.41963,	Nq(7) = 0.283225,	Nq(8) = 0.283225,	Nq(9) = 0.41963,	Nq(10) = 7.62807,	Nq(11) = 0.41963,	Nq(12) = 0.203815,	Nq(13) = 0.283225,	Nq(14) = 0.41963,	Nq(15) = 0.283225,	Sq(0) = -2.3029e-19,	Sq(1) = 0.179089,	Sq(2) = 0.258633,	Sq(3) = 0.179089,	Sq(4) = 0.179089,	Sq(5) = 0.258633,	Sq(6) = 0.366342,	Sq(7) = 0.258633,	Sq(8) = 0.258633,	Sq(9) = 0.366342,	Sq(10) = 0.445273,	Sq(11) = 0.366342,	Sq(12) = 0.179089,	Sq(13) = 0.258633,	Sq(14) = 0.366342,	Sq(15) = 0.258633,	N(0) = 1.95168,	N(1) = 1.85705,	N(2) = 1,	N(3) = 1.85705,	N(4) = 1.85705,	N(5) = 1,	N(6) = 0.142953,	N(7) = 1,	N(8) = 1,	N(9) = 0.142953,	N(10) = 0.048324,	N(11) = 0.142953,	N(12) = 1.85705,	N(13) = 1,	N(14) = 0.142953,	N(15) = 1,	Delta[s](0) = 0.447456,	Delta[s](1) = 0.390946,	Delta[s](2) = 0.3706,	Delta[s](3) = 0.390946,	Delta[s](4) = 0.390946,	Delta[s](5) = 0.3706,	Delta[s](6) = 0.339718,	Delta[s](7) = 0.3706,	Delta[s](8) = 0.3706,	Delta[s](9) = 0.339718,	Delta[s](10) = 0.316892,	Delta[s](11) = 0.339718,	Delta[s](12) = 0.390946,	Delta[s](13) = 0.3706,	Delta[s](14) = 0.339718,	Delta[s](15) = 0.3706,	Delta[d](0) = 0.178061,	Delta[d](1) = 0.162964,	Delta[d](2) = 0.180599,	Delta[d](3) = 0.162964,	Delta[d](4) = 0.162964,	Delta[d](5) = 0.113657,	Delta[d](6) = 0.127357,	Delta[d](7) = 0.113657,	Delta[d](8) = 0.180599,	Delta[d](9) = 0.127357,	Delta[d](10) = 0.0491373,	Delta[d](11) = 0.127357,	Delta[d](12) = 0.162964,	Delta[d](13) = 0.113657,	Delta[d](14) = 0.127357,	Delta[d](15) = 0.113657,	Delta[s+](0) = 0.374753,	Delta[s+](1) = 0.285469,	Delta[s+](2) = 0.180599,	Delta[s+](3) = 0.285469,	Delta[s+](4) = 0.285469,	Delta[s+](5) = 0.180599,	Delta[s+](6) = 0.076823,	Delta[s+](7) = 0.180599,	Delta[s+](8) = 0.180599,	Delta[s+](9) = 0.076823,	Delta[s+](10) = 0.0290334,	Delta[s+](11) = 0.076823,	Delta[s+](12) = 0.285469,	Delta[s+](13) = 0.180599,	Delta[s+](14) = 0.076823,	Delta[s+](15) = 0.180599
The 20-th iteration is completed.	|| time cost : 0h 4m 24.364s
********************************************************************************************************************
Start the 21 rounds of NGS-ED iteration
	effective electronic model is modified as: kinetic energy t = 0.791885
	                                           effective interaction Vq = [-3.09999,-2.76495,-2.58781,-2.76495,-2.76495,-2.58781,-2.60441,-2.58781,-2.58781,-2.60441,-3.09553,-2.60441,-2.76495,-2.58781,-2.60441,-2.58781]
	PARPACK diagonalization completed after 30 matrix-vector product operations.
	iteration results: : total energy is -76.598726 | electron energy -76.890525 + phonon energy 0.291799 | electron momentum kIdx = 10
The 21-th iteration is completed.	|| time cost : 0h 0m 27.329s
********************************************************************************************************************
Start the 22 rounds of NGS-ED iteration
	effective electronic model is modified as: kinetic energy t = 0.791887
	                                           effective interaction Vq = [-3.09999,-2.76493, -2.5878,-2.76493,-2.76493, -2.5878,-2.60439, -2.5878, -2.5878,-2.60439,-3.09553,-2.60439,-2.76493, -2.5878,-2.60439, -2.5878]
	PARPACK diagonalization completed after 30 matrix-vector product operations.
	iteration results: : total energy is -76.598726 | electron energy -76.890519 + phonon energy 0.291793 | electron momentum kIdx = 10
The 22-th iteration is completed.	|| time cost : 0h 0m 27.237s
********************************************************************************************************************
Start the 23 rounds of NGS-ED iteration
	effective electronic model is modified as: kinetic energy t = 0.791888
	                                           effective interaction Vq = [-3.09999,-2.76492, -2.5878,-2.76492,-2.76492, -2.5878,-2.60438, -2.5878, -2.5878,-2.60438,-3.09553,-2.60438,-2.76492, -2.5878,-2.60438, -2.5878]
	PARPACK diagonalization completed after 30 matrix-vector product operations.
	iteration results: : total energy is -76.598726 | electron energy -76.890515 + phonon energy 0.291789 | electron momentum kIdx = 10
The 23-th iteration is completed.	|| time cost : 0h 0m 27.636s
