TACC:  Starting up job 4255448 
TACC:  Starting parallel tasks... 
SNEDics v3.4 Non-Gaussian ED ground state program		Start at Fri Aug 30 08:28:27 2019

parallized on 32 MPI threads  * 6 OpenMP threads = 192 total threads.
********************************************************************************************************************
********************************************************************************************************************

********************************************************************************************************************
System parameters and configurations
********************************************************************************************************************
Special program options are enabled: splitted diagonal Hamiltonian
********************************************************************************************************************
Read input file "model_params.in"
	Hubbard-Holstein model parameters : 	t = 1    U = 8.3    g = 2    W = 1    
********************************************************************************************************************
Read input file "hilbertspace_params.in"
	Requested 16-site 2D lattice, with 14 electrons (7, 7)
	Boundary : Periodic		Hilbert space representation : momentum-space (restricted to kIdx = 0)
	Conservation: particle number[U(1)]      spin[U(1)]     momentum
********************************************************************************************************************

Cluster Positions:				Cluster symmetry group : D4
 x ... x ... x ... x .....                       x ... x ... x ... x .....
 |           |           :                       |           |           :
 |           |           :                       |           |           :
12    13    14    15     x                       1     5     6     5     x
 |           |           :                       |           |           :
 |           |           :                       |           |           :
 8 --- 9 ---10 ---11 --- x                       2 --- 6 ---10 --- 6 --- x
 |           |           :                       |           |           :
 |           |           :                       |           |           :
 4     5     6     7     x                       1     5     6     5     x
 |           |           :                       |           |           :
 |           |           :                       |           |           :
 0 --- 1 --- 2 --- 3 --- x                       0 --- 1 --- 2 --- 1 --- x
orbital number : 1
********************************************************************************************************************
Read input file "obs_params.in"
	Observable Type : Nq[All],   Sq[All],   N[All]
********************************************************************************************************************
** WARNING ** the input observables have non-local factors which have been reinterpreted. The total observable number is 48
********************************************************************************************************************


********************************************************************************************************************
Start calculating the non-Gaussian ED ground state
** WARNING ** Detected low phonon energy W < 10. The initial state will be prepared through a warm-up process.
********************************************************************************************************************
Start warm-up calculation for scaling factor 16
open output files: NGSEDWarmUpW16Obs.txt
********************************************************************************************************************
Start the 0 rounds of NGS-ED iteration
	effective electronic model is modified as: kinetic energy t = 1
	                                           effective interaction Vq = [0,0,0,0,0,0,0,0,0,0,0,0,0,0,0,0]
	first Hamiltonian is constructed, non-zero numbers = 2178478298
	PARPACK diagonalization completed after 180 matrix-vector product operations.
	iteration results: : total energy is -11.683853 | electron energy -11.683853 + phonon energy 0.000000 | electron momentum kIdx = 0
	Nq(0) = 12.25,	Nq(1) = 0.151882,	Nq(2) = 0.181121,	Nq(3) = 0.151882,	Nq(4) = 0.151882,	Nq(5) = 0.198229,	Nq(6) = 0.229504,	Nq(7) = 0.198229,	Nq(8) = 0.181121,	Nq(9) = 0.229504,	Nq(10) = 0.268073,	Nq(11) = 0.229504,	Nq(12) = 0.151882,	Nq(13) = 0.198229,	Nq(14) = 0.229504,	Nq(15) = 0.198229,	Sq(0) = -2.15684e-18,	Sq(1) = 0.473799,	Sq(2) = 0.77118,	Sq(3) = 0.473799,	Sq(4) = 0.473799,	Sq(5) = 0.633694,	Sq(6) = 1.0643,	Sq(7) = 0.633694,	Sq(8) = 0.77118,	Sq(9) = 1.0643,	Sq(10) = 2.5717,	Sq(11) = 1.0643,	Sq(12) = 0.473799,	Sq(13) = 0.633694,	Sq(14) = 1.0643,	Sq(15) = 0.633694,	N(0) = 1.74256,	N(1) = 1.57494,	N(2) = 0.338255,	N(3) = 1.57494,	N(4) = 1.57494,	N(5) = 0.999906,	N(6) = 0.276905,	N(7) = 0.999906,	N(8) = 0.338255,	N(9) = 0.276905,	N(10) = 0.173937,	N(11) = 0.276905,	N(12) = 1.57494,	N(13) = 0.999906,	N(14) = 0.276905,	N(15) = 0.999906
The 0-th iteration is completed.	|| time cost : 0h 2m 18.76s
********************************************************************************************************************
Start the 1 rounds of NGS-ED iteration
	effective electronic model is modified as: kinetic energy t = 0.897765
	                                           effective interaction Vq = [-3.83695,-3.67054,-3.54734,-3.67054,-3.67054,-3.57448,-3.49115,-3.57448,-3.54734,-3.49115,-3.43994,-3.49115,-3.67054,-3.57448,-3.49115,-3.57448]
	PARPACK diagonalization completed after 45 matrix-vector product operations.
	iteration results: : total energy is -71.714354 | electron energy -71.721164 + phonon energy 0.006810 | electron momentum kIdx = 0
The 1-th iteration is completed.	|| time cost : 0h 2m 48.975s
********************************************************************************************************************
Start the 2 rounds of NGS-ED iteration
	effective electronic model is modified as: kinetic energy t = 0.853949
	                                           effective interaction Vq = [-3.99335,-3.92275,-3.83293,-3.92275,-3.92275,-3.87507,-3.82749,-3.87507,-3.83293,-3.82749,-3.77393,-3.82749,-3.92275,-3.87507,-3.82749,-3.87507]
	PARPACK diagonalization completed after 45 matrix-vector product operations.
	iteration results: : total energy is -74.547961 | electron energy -74.589124 + phonon energy 0.041163 | electron momentum kIdx = 0
The 2-th iteration is completed.	|| time cost : 0h 0m 19.942s
********************************************************************************************************************
Start the 3 rounds of NGS-ED iteration
	effective electronic model is modified as: kinetic energy t = 0.844038
	                                           effective interaction Vq = [-3.99973,-3.95388,-3.87071,-3.95388,-3.95388,-3.91483,-3.87894,-3.91483,-3.87071,-3.87894,-3.82365,-3.87894,-3.95388,-3.91483,-3.87894,-3.91483]
	PARPACK diagonalization completed after 30 matrix-vector product operations.
	iteration results: : total energy is -74.668658 | electron energy -74.721730 + phonon energy 0.053072 | electron momentum kIdx = 0
The 3-th iteration is completed.	|| time cost : 0h 0m 15.359s
********************************************************************************************************************
Start the 4 rounds of NGS-ED iteration
	effective electronic model is modified as: kinetic energy t = 0.842043
	                                           effective interaction Vq = [-3.99999,-3.95913,-3.87698,-3.95913,-3.95913, -3.9216,-3.88859, -3.9216,-3.87698,-3.88859,-3.83257,-3.88859,-3.95913, -3.9216,-3.88859, -3.9216]
	PARPACK diagonalization completed after 30 matrix-vector product operations.
	iteration results: : total energy is -74.673550 | electron energy -74.729240 + phonon energy 0.055690 | electron momentum kIdx = 0
The 4-th iteration is completed.	|| time cost : 0h 0m 15.317s
********************************************************************************************************************
Start the 5 rounds of NGS-ED iteration
	effective electronic model is modified as: kinetic energy t = 0.841651
	                                           effective interaction Vq = [      -4,-3.96011,-3.87809,-3.96011,-3.96011,-3.92284,-3.89053,-3.92284,-3.87809,-3.89053,-3.83425,-3.89053,-3.96011,-3.92284,-3.89053,-3.92284]
	PARPACK diagonalization completed after 30 matrix-vector product operations.
	iteration results: : total energy is -74.673746 | electron energy -74.729965 + phonon energy 0.056218 | electron momentum kIdx = 0
The 5-th iteration is completed.	|| time cost : 0h 0m 15.305s
********************************************************************************************************************
Start the 6 rounds of NGS-ED iteration
	effective electronic model is modified as: kinetic energy t = 0.841574
	                                           effective interaction Vq = [      -4, -3.9603,-3.87829, -3.9603, -3.9603,-3.92308,-3.89092,-3.92308,-3.87829,-3.89092,-3.83457,-3.89092, -3.9603,-3.92308,-3.89092,-3.92308]
	PARPACK diagonalization completed after 30 matrix-vector product operations.
	iteration results: : total energy is -74.673754 | electron energy -74.730077 + phonon energy 0.056323 | electron momentum kIdx = 0
	Nq(0) = 12.25,	Nq(1) = 0.350237,	Nq(2) = 0.362838,	Nq(3) = 0.350237,	Nq(4) = 0.350237,	Nq(5) = 0.475191,	Nq(6) = 0.573817,	Nq(7) = 0.475191,	Nq(8) = 0.362838,	Nq(9) = 0.573817,	Nq(10) = 0.587909,	Nq(11) = 0.573817,	Nq(12) = 0.350237,	Nq(13) = 0.475191,	Nq(14) = 0.573817,	Nq(15) = 0.475191,	Sq(0) = -1.04122e-17,	Sq(1) = 0.391854,	Sq(2) = 0.56862,	Sq(3) = 0.391854,	Sq(4) = 0.391854,	Sq(5) = 0.519632,	Sq(6) = 0.659155,	Sq(7) = 0.519632,	Sq(8) = 0.56862,	Sq(9) = 0.659155,	Sq(10) = 1.41963,	Sq(11) = 0.659155,	Sq(12) = 0.391854,	Sq(13) = 0.519632,	Sq(14) = 0.659155,	Sq(15) = 0.519632,	N(0) = 1.99788,	N(1) = 1.99622,	N(2) = 0.00278972,	N(3) = 1.99622,	N(4) = 1.99622,	N(5) = 0.999767,	N(6) = 0.00282606,	N(7) = 0.999767,	N(8) = 0.00278972,	N(9) = 0.00282606,	N(10) = 0.00126535,	N(11) = 0.00282606,	N(12) = 1.99622,	N(13) = 0.999767,	N(14) = 0.00282606,	N(15) = 0.999767
The 6-th iteration is completed.	|| time cost : 0h 0m 40.189s
********************************************************************************************************************
********************************************************************************************************************
Ground state is obtained after 7 iterations. The current ground-state energy is -74.6738, in which electron energy is -74.7301 and phonon energy is 0.056323
final variational state is: 
	Gamma_x = [      1,1.01582,1.02646,1.01582,1.01582,1.02877,1.04032,1.02877,1.02646,1.04032,1.04875,1.04032,1.01582,1.02877,1.04032,1.02877]
	lambda_q = [0.499993,0.450214,0.412794,0.450214,0.450214,0.430682,0.417462,0.430682,0.412794,0.417462,0.398336,0.417462,0.450214,0.430682,0.417462,0.430682]
********************************************************************************************************************
o___o  ----------------------------------------
| L |	Time since last clock: 0h 0m 0s
A===A	Time since the beginning: 0h 6m 53.85s
***********************************************

********************************************************************************************************************
Start warm-up calculation for scaling factor 8
open output files: NGSEDWarmUpW8Obs.txt
********************************************************************************************************************
Start the 0 rounds of NGS-ED iteration
	effective electronic model is modified as: kinetic energy t = 0.841559
	                                           effective interaction Vq = [-3.65683,-3.47205,-3.30704,-3.47205,-3.47205,-3.38871,-3.32885,-3.38871,-3.30704,-3.32885,-3.23728,-3.32885,-3.47205,-3.38871,-3.32885,-3.38871]
	PARPACK diagonalization completed after 45 matrix-vector product operations.
	iteration results: : total energy is -67.010790 | electron energy -67.038962 + phonon energy 0.028172 | electron momentum kIdx = 0
	Nq(0) = 12.25,	Nq(1) = 0.293235,	Nq(2) = 0.330941,	Nq(3) = 0.293235,	Nq(4) = 0.293235,	Nq(5) = 0.413,	Nq(6) = 0.482039,	Nq(7) = 0.413,	Nq(8) = 0.330941,	Nq(9) = 0.482039,	Nq(10) = 0.520187,	Nq(11) = 0.482039,	Nq(12) = 0.293235,	Nq(13) = 0.413,	Nq(14) = 0.482039,	Nq(15) = 0.413,	Sq(0) = 1.88415e-17,	Sq(1) = 0.424787,	Sq(2) = 0.619439,	Sq(3) = 0.424787,	Sq(4) = 0.424787,	Sq(5) = 0.554586,	Sq(6) = 0.734743,	Sq(7) = 0.554586,	Sq(8) = 0.619439,	Sq(9) = 0.734743,	Sq(10) = 1.71949,	Sq(11) = 0.734743,	Sq(12) = 0.424787,	Sq(13) = 0.554586,	Sq(14) = 0.734743,	Sq(15) = 0.554586,	N(0) = 1.97932,	N(1) = 1.96251,	N(2) = 0.0276567,	N(3) = 1.96251,	N(4) = 1.96251,	N(5) = 0.998373,	N(6) = 0.0273307,	N(7) = 0.998373,	N(8) = 0.0276567,	N(9) = 0.0273307,	N(10) = 0.0125337,	N(11) = 0.0273307,	N(12) = 1.96251,	N(13) = 0.998373,	N(14) = 0.0273307,	N(15) = 0.998373
The 0-th iteration is completed.	|| time cost : 0h 0m 42.914s
********************************************************************************************************************
Start the 1 rounds of NGS-ED iteration
	effective electronic model is modified as: kinetic energy t = 0.80498
	                                           effective interaction Vq = [-3.93072,-3.73446,-3.54819,-3.73446,-3.73446,-3.64046, -3.5529,-3.64046,-3.54819, -3.5529,  -3.451, -3.5529,-3.73446,-3.64046, -3.5529,-3.64046]
	PARPACK diagonalization completed after 45 matrix-vector product operations.
	iteration results: : total energy is -70.896877 | electron energy -71.005949 + phonon energy 0.109072 | electron momentum kIdx = 0
The 1-th iteration is completed.	|| time cost : 0h 0m 18.143s
********************************************************************************************************************
Start the 2 rounds of NGS-ED iteration
	effective electronic model is modified as: kinetic energy t = 0.78725
	                                           effective interaction Vq = [-3.98601,-3.82573,-3.63653,-3.82573,-3.82573,-3.73367, -3.6454,-3.73367,-3.63653, -3.6454,-3.53855, -3.6454,-3.82573,-3.73367, -3.6454,-3.73367]
	PARPACK diagonalization completed after 45 matrix-vector product operations.
	iteration results: : total energy is -71.689784 | electron energy -71.848657 + phonon energy 0.158873 | electron momentum kIdx = 0
The 2-th iteration is completed.	|| time cost : 0h 0m 18.168s
********************************************************************************************************************
Start the 3 rounds of NGS-ED iteration
	effective electronic model is modified as: kinetic energy t = 0.779059
	                                           effective interaction Vq = [-3.99718,-3.86085,-3.67142,-3.86085,-3.86085,-3.77086,-3.68533,-3.77086,-3.67142,-3.68533,-3.57555,-3.68533,-3.86085,-3.77086,-3.68533,-3.77086]
	PARPACK diagonalization completed after 30 matrix-vector product operations.
	iteration results: : total energy is -71.850477 | electron energy -72.033966 + phonon energy 0.183490 | electron momentum kIdx = 0
The 3-th iteration is completed.	|| time cost : 0h 0m 15.298s
********************************************************************************************************************
Start the 4 rounds of NGS-ED iteration
	effective electronic model is modified as: kinetic energy t = 0.775352
	                                           effective interaction Vq = [-3.99943,-3.87531,-3.68576,-3.87531,-3.87531,-3.78638,-3.70308,-3.78638,-3.68576,-3.70308,-3.59155,-3.70308,-3.87531,-3.78638,-3.70308,-3.78638]
	PARPACK diagonalization completed after 30 matrix-vector product operations.
	iteration results: : total energy is -71.882926 | electron energy -72.077861 + phonon energy 0.194935 | electron momentum kIdx = 0
The 4-th iteration is completed.	|| time cost : 0h 0m 15.315s
********************************************************************************************************************
Start the 5 rounds of NGS-ED iteration
	effective electronic model is modified as: kinetic energy t = 0.77369
	                                           effective interaction Vq = [-3.99988,-3.88148,-3.69179,-3.88148,-3.88148,-3.79302, -3.7111,-3.79302,-3.69179, -3.7111,-3.59855, -3.7111,-3.88148,-3.79302, -3.7111,-3.79302]
	PARPACK diagonalization completed after 30 matrix-vector product operations.
	iteration results: : total energy is -71.889468 | electron energy -72.089606 + phonon energy 0.200138 | electron momentum kIdx = 0
The 5-th iteration is completed.	|| time cost : 0h 0m 15.279s
********************************************************************************************************************
Start the 6 rounds of NGS-ED iteration
	effective electronic model is modified as: kinetic energy t = 0.772948
	                                           effective interaction Vq = [-3.99998,-3.88417,-3.69434,-3.88417,-3.88417,-3.79589,-3.71474,-3.79589,-3.69434,-3.71474,-3.60163,-3.71474,-3.88417,-3.79589,-3.71474,-3.79589]
	PARPACK diagonalization completed after 30 matrix-vector product operations.
	iteration results: : total energy is -71.890787 | electron energy -72.093269 + phonon energy 0.202482 | electron momentum kIdx = 0
The 6-th iteration is completed.	|| time cost : 0h 0m 15.321s
********************************************************************************************************************
Start the 7 rounds of NGS-ED iteration
	effective electronic model is modified as: kinetic energy t = 0.772617
	                                           effective interaction Vq = [      -4,-3.88535,-3.69543,-3.88535,-3.88535,-3.79713,-3.71641,-3.79713,-3.69543,-3.71641,-3.60299,-3.71641,-3.88535,-3.79713,-3.71641,-3.79713]
	PARPACK diagonalization completed after 30 matrix-vector product operations.
	iteration results: : total energy is -71.891053 | electron energy -72.094586 + phonon energy 0.203534 | electron momentum kIdx = 0
The 7-th iteration is completed.	|| time cost : 0h 0m 15.324s
********************************************************************************************************************
Start the 8 rounds of NGS-ED iteration
	effective electronic model is modified as: kinetic energy t = 0.772469
	                                           effective interaction Vq = [      -4,-3.88587, -3.6959,-3.88587,-3.88587,-3.79768,-3.71717,-3.79768, -3.6959,-3.71717,-3.60359,-3.71717,-3.88587,-3.79768,-3.71717,-3.79768]
	PARPACK diagonalization completed after 30 matrix-vector product operations.
	iteration results: : total energy is -71.891106 | electron energy -72.095111 + phonon energy 0.204005 | electron momentum kIdx = 0
The 8-th iteration is completed.	|| time cost : 0h 0m 15.298s
********************************************************************************************************************
Start the 9 rounds of NGS-ED iteration
	effective electronic model is modified as: kinetic energy t = 0.772403
	                                           effective interaction Vq = [      -4, -3.8861, -3.6961, -3.8861, -3.8861,-3.79791,-3.71752,-3.79791, -3.6961,-3.71752,-3.60386,-3.71752, -3.8861,-3.79791,-3.71752,-3.79791]
	PARPACK diagonalization completed after 30 matrix-vector product operations.
	iteration results: : total energy is -71.891117 | electron energy -72.095334 + phonon energy 0.204217 | electron momentum kIdx = 0
	Nq(0) = 12.25,	Nq(1) = 0.337698,	Nq(2) = 0.351965,	Nq(3) = 0.337698,	Nq(4) = 0.337698,	Nq(5) = 0.457679,	Nq(6) = 0.536532,	Nq(7) = 0.457679,	Nq(8) = 0.351965,	Nq(9) = 0.536532,	Nq(10) = 0.555284,	Nq(11) = 0.536532,	Nq(12) = 0.337698,	Nq(13) = 0.457679,	Nq(14) = 0.536532,	Nq(15) = 0.457679,	Sq(0) = 5.83705e-18,	Sq(1) = 0.402648,	Sq(2) = 0.587268,	Sq(3) = 0.402648,	Sq(4) = 0.402648,	Sq(5) = 0.532663,	Sq(6) = 0.683756,	Sq(7) = 0.532663,	Sq(8) = 0.587268,	Sq(9) = 0.683756,	Sq(10) = 1.51235,	Sq(11) = 0.683756,	Sq(12) = 0.402648,	Sq(13) = 0.532663,	Sq(14) = 0.683756,	Sq(15) = 0.532663,	N(0) = 1.99352,	N(1) = 1.98884,	N(2) = 0.00807511,	N(3) = 1.98884,	N(4) = 1.98884,	N(5) = 0.999397,	N(6) = 0.00835667,	N(7) = 0.999397,	N(8) = 0.00807511,	N(9) = 0.00835667,	N(10) = 0.00396155,	N(11) = 0.00835667,	N(12) = 1.98884,	N(13) = 0.999397,	N(14) = 0.00835667,	N(15) = 0.999397
The 9-th iteration is completed.	|| time cost : 0h 0m 47.465s
********************************************************************************************************************
********************************************************************************************************************
Ground state is obtained after 10 iterations. The current ground-state energy is -71.8911, in which electron energy is -72.0953 and phonon energy is 0.204217
final variational state is: 
	Gamma_x = [      1,1.04845,1.07272,1.04845,1.04845,1.08289, 1.1101,1.08289,1.07272, 1.1101,1.12687, 1.1101,1.04845,1.08289, 1.1101,1.08289]
	lambda_q = [0.707037,0.587838,0.512231,0.587838,0.587838,0.548211,0.519251,0.548211,0.512231,0.519251,0.484615,0.519251,0.587838,0.548211,0.519251,0.548211]
********************************************************************************************************************
o___o  ----------------------------------------
| L |	Time since last clock: 0h 0m 0s
A===A	Time since the beginning: 0h 10m 32.38s
***********************************************

********************************************************************************************************************
Start warm-up calculation for scaling factor 4
open output files: NGSEDWarmUpW4Obs.txt
********************************************************************************************************************
Start the 0 rounds of NGS-ED iteration
	effective electronic model is modified as: kinetic energy t = 0.772374
	                                           effective interaction Vq = [-3.65669,-3.32049,-3.04833,-3.32049,-3.32049,-3.18355,-3.07552,-3.18355,-3.04833,-3.07552,-2.93751,-3.07552,-3.32049,-3.18355,-3.07552,-3.18355]
	PARPACK diagonalization completed after 45 matrix-vector product operations.
	iteration results: : total energy is -64.062374 | electron energy -64.164530 + phonon energy 0.102156 | electron momentum kIdx = 0
	Nq(0) = 12.25,	Nq(1) = 0.269078,	Nq(2) = 0.309216,	Nq(3) = 0.269078,	Nq(4) = 0.269078,	Nq(5) = 0.37915,	Nq(6) = 0.434555,	Nq(7) = 0.37915,	Nq(8) = 0.309216,	Nq(9) = 0.434555,	Nq(10) = 0.475299,	Nq(11) = 0.434555,	Nq(12) = 0.269078,	Nq(13) = 0.37915,	Nq(14) = 0.434555,	Nq(15) = 0.37915,	Sq(0) = -1.37484e-17,	Sq(1) = 0.439115,	Sq(2) = 0.64443,	Sq(3) = 0.439115,	Sq(4) = 0.439115,	Sq(5) = 0.570136,	Sq(6) = 0.777865,	Sq(7) = 0.570136,	Sq(8) = 0.64443,	Sq(9) = 0.777865,	Sq(10) = 1.88782,	Sq(11) = 0.777865,	Sq(12) = 0.439115,	Sq(13) = 0.570136,	Sq(14) = 0.777865,	Sq(15) = 0.570136,	N(0) = 1.96071,	N(1) = 1.92972,	N(2) = 0.0511997,	N(3) = 1.92972,	N(4) = 1.92972,	N(5) = 0.997512,	N(6) = 0.0508807,	N(7) = 0.997512,	N(8) = 0.0511997,	N(9) = 0.0508807,	N(10) = 0.0244502,	N(11) = 0.0508807,	N(12) = 1.92972,	N(13) = 0.997512,	N(14) = 0.0508807,	N(15) = 0.997512
The 0-th iteration is completed.	|| time cost : 0h 0m 53.113s
********************************************************************************************************************
Start the 1 rounds of NGS-ED iteration
	effective electronic model is modified as: kinetic energy t = 0.76322
	                                           effective interaction Vq = [-3.84574,-3.45128,-3.13576,-3.45128,-3.45128,-3.28986,-3.13926,-3.28986,-3.13576,-3.13926,-2.98656,-3.13926,-3.45128,-3.28986,-3.13926,-3.28986]
	PARPACK diagonalization completed after 45 matrix-vector product operations.
	iteration results: : total energy is -66.533456 | electron energy -66.768468 + phonon energy 0.235012 | electron momentum kIdx = 0
The 1-th iteration is completed.	|| time cost : 0h 0m 20.36s
********************************************************************************************************************
Start the 2 rounds of NGS-ED iteration
	effective electronic model is modified as: kinetic energy t = 0.753563
	                                           effective interaction Vq = [-3.93069,-3.53435,-3.19884,-3.53435,-3.53435,-3.36494,-3.19665,-3.36494,-3.19884,-3.19665,-3.03855,-3.19665,-3.53435,-3.36494,-3.19665,-3.36494]
	PARPACK diagonalization completed after 45 matrix-vector product operations.
	iteration results: : total energy is -67.641409 | electron energy -67.967711 + phonon energy 0.326301 | electron momentum kIdx = 0
The 2-th iteration is completed.	|| time cost : 0h 0m 18.163s
********************************************************************************************************************
Start the 3 rounds of NGS-ED iteration
	effective electronic model is modified as: kinetic energy t = 0.745714
	                                           effective interaction Vq = [-3.96886,  -3.588,-3.24234,  -3.588,  -3.588, -3.4164,-3.24058, -3.4164,-3.24234,-3.24058,-3.07951,-3.24058,  -3.588, -3.4164,-3.24058, -3.4164]
	PARPACK diagonalization completed after 45 matrix-vector product operations.
	iteration results: : total energy is -68.140652 | electron energy -68.526598 + phonon energy 0.385946 | electron momentum kIdx = 0
The 3-th iteration is completed.	|| time cost : 0h 0m 18.184s
********************************************************************************************************************
Start the 4 rounds of NGS-ED iteration
	effective electronic model is modified as: kinetic energy t = 0.739865
	                                           effective interaction Vq = [-3.98601,-3.62314,-3.27184,-3.62314,-3.62314,-3.45131,-3.27241,-3.45131,-3.27184,-3.27241,-3.10914,-3.27241,-3.62314,-3.45131,-3.27241,-3.45131]
	PARPACK diagonalization completed after 45 matrix-vector product operations.
	iteration results: : total energy is -68.365871 | electron energy -68.791394 + phonon energy 0.425523 | electron momentum kIdx = 0
The 4-th iteration is completed.	|| time cost : 0h 0m 18.19s
********************************************************************************************************************
Start the 5 rounds of NGS-ED iteration
	effective electronic model is modified as: kinetic energy t = 0.73567
	                                           effective interaction Vq = [-3.99371,-3.64639,-3.29172,-3.64639,-3.64639,-3.47495,  -3.295,-3.47495,-3.29172,  -3.295,-3.12993,  -3.295,-3.64639,-3.47495,  -3.295,-3.47495]
	PARPACK diagonalization completed after 30 matrix-vector product operations.
	iteration results: : total energy is -68.467497 | electron energy -68.919771 + phonon energy 0.452273 | electron momentum kIdx = 0
The 5-th iteration is completed.	|| time cost : 0h 0m 15.314s
********************************************************************************************************************
Start the 6 rounds of NGS-ED iteration
	effective electronic model is modified as: kinetic energy t = 0.732716
	                                           effective interaction Vq = [-3.99717,-3.66191,-3.30509,-3.66191,-3.66191,-3.49096, -3.3109,-3.49096,-3.30509, -3.3109,-3.14437, -3.3109,-3.66191,-3.49096, -3.3109,-3.49096]
	PARPACK diagonalization completed after 30 matrix-vector product operations.
	iteration results: : total energy is -68.513359 | electron energy -68.983929 + phonon energy 0.470570 | electron momentum kIdx = 0
The 6-th iteration is completed.	|| time cost : 0h 0m 15.338s
********************************************************************************************************************
Start the 7 rounds of NGS-ED iteration
	effective electronic model is modified as: kinetic energy t = 0.730656
	                                           effective interaction Vq = [-3.99873,-3.67234,-3.31409,-3.67234,-3.67234,-3.50182,-3.32205,-3.50182,-3.31409,-3.32205,-3.15434,-3.32205,-3.67234,-3.50182,-3.32205,-3.50182]
	PARPACK diagonalization completed after 30 matrix-vector product operations.
	iteration results: : total energy is -68.534056 | electron energy -69.017220 + phonon energy 0.483164 | electron momentum kIdx = 0
The 7-th iteration is completed.	|| time cost : 0h 0m 15.321s
********************************************************************************************************************
Start the 8 rounds of NGS-ED iteration
	effective electronic model is modified as: kinetic energy t = 0.729227
	                                           effective interaction Vq = [-3.99943,-3.67937,-3.32016,-3.67937,-3.67937, -3.5092,-3.32987, -3.5092,-3.32016,-3.32987,-3.16123,-3.32987,-3.67937, -3.5092,-3.32987, -3.5092]
	PARPACK diagonalization completed after 30 matrix-vector product operations.
	iteration results: : total energy is -68.543398 | electron energy -69.035255 + phonon energy 0.491857 | electron momentum kIdx = 0
The 8-th iteration is completed.	|| time cost : 0h 0m 15.3s
********************************************************************************************************************
Start the 9 rounds of NGS-ED iteration
	effective electronic model is modified as: kinetic energy t = 0.728239
	                                           effective interaction Vq = [-3.99974,-3.68413,-3.32425,-3.68413,-3.68413,-3.51422,-3.33535,-3.51422,-3.32425,-3.33535,-3.16597,-3.33535,-3.68413,-3.51422,-3.33535,-3.51422]
	PARPACK diagonalization completed after 30 matrix-vector product operations.
	iteration results: : total energy is -68.547615 | electron energy -69.045480 + phonon energy 0.497865 | electron momentum kIdx = 0
The 9-th iteration is completed.	|| time cost : 0h 0m 15.696s
********************************************************************************************************************
Start the 10 rounds of NGS-ED iteration
	effective electronic model is modified as: kinetic energy t = 0.727556
	                                           effective interaction Vq = [-3.99988,-3.68736,-3.32702,-3.68736,-3.68736,-3.51764,-3.33918,-3.51764,-3.32702,-3.33918,-3.16924,-3.33918,-3.68736,-3.51764,-3.33918,-3.51764]
	PARPACK diagonalization completed after 30 matrix-vector product operations.
	iteration results: : total energy is -68.549520 | electron energy -69.051538 + phonon energy 0.502018 | electron momentum kIdx = 0
	Nq(0) = 12.25,	Nq(1) = 0.30541,	Nq(2) = 0.326911,	Nq(3) = 0.30541,	Nq(4) = 0.30541,	Nq(5) = 0.416174,	Nq(6) = 0.467316,	Nq(7) = 0.416174,	Nq(8) = 0.326911,	Nq(9) = 0.467316,	Nq(10) = 0.497859,	Nq(11) = 0.467316,	Nq(12) = 0.30541,	Nq(13) = 0.416174,	Nq(14) = 0.467316,	Nq(15) = 0.416174,	Sq(0) = -9.06429e-18,	Sq(1) = 0.423917,	Sq(2) = 0.62335,	Sq(3) = 0.423917,	Sq(4) = 0.423917,	Sq(5) = 0.556731,	Sq(6) = 0.737568,	Sq(7) = 0.556731,	Sq(8) = 0.62335,	Sq(9) = 0.737568,	Sq(10) = 1.72316,	Sq(11) = 0.737568,	Sq(12) = 0.423917,	Sq(13) = 0.556731,	Sq(14) = 0.737568,	Sq(15) = 0.556731,	N(0) = 1.97681,	N(1) = 1.96042,	N(2) = 0.0283482,	N(3) = 1.96042,	N(4) = 1.96042,	N(5) = 0.998226,	N(6) = 0.0293355,	N(7) = 0.998226,	N(8) = 0.0283482,	N(9) = 0.0293355,	N(10) = 0.0145753,	N(11) = 0.0293355,	N(12) = 1.96042,	N(13) = 0.998226,	N(14) = 0.0293355,	N(15) = 0.998226
The 10-th iteration is completed.	|| time cost : 0h 0m 40.091s
********************************************************************************************************************
Start the 11 rounds of NGS-ED iteration
	effective electronic model is modified as: kinetic energy t = 0.727085
	                                           effective interaction Vq = [-3.99995,-3.68956,-3.32889,-3.68956,-3.68956,-3.51997,-3.34186,-3.51997,-3.32889,-3.34186, -3.1715,-3.34186,-3.68956,-3.51997,-3.34186,-3.51997]
	PARPACK diagonalization completed after 30 matrix-vector product operations.
	iteration results: : total energy is -68.550380 | electron energy -69.055269 + phonon energy 0.504889 | electron momentum kIdx = 0
The 11-th iteration is completed.	|| time cost : 0h 0m 15.372s
********************************************************************************************************************
Start the 12 rounds of NGS-ED iteration
	effective electronic model is modified as: kinetic energy t = 0.72676
	                                           effective interaction Vq = [-3.99998,-3.69106,-3.33016,-3.69106,-3.69106,-3.52156,-3.34374,-3.52156,-3.33016,-3.34374,-3.17305,-3.34374,-3.69106,-3.52156,-3.34374,-3.52156]
	PARPACK diagonalization completed after 30 matrix-vector product operations.
	iteration results: : total energy is -68.550768 | electron energy -69.057642 + phonon energy 0.506873 | electron momentum kIdx = 0
The 12-th iteration is completed.	|| time cost : 0h 0m 17.047s
********************************************************************************************************************
Start the 13 rounds of NGS-ED iteration
	effective electronic model is modified as: kinetic energy t = 0.726536
	                                           effective interaction Vq = [-3.99999,-3.69208,-3.33102,-3.69208,-3.69208,-3.52264,-3.34506,-3.52264,-3.33102,-3.34506,-3.17412,-3.34506,-3.69208,-3.52264,-3.34506,-3.52264]
	PARPACK diagonalization completed after 30 matrix-vector product operations.
	iteration results: : total energy is -68.550944 | electron energy -69.059189 + phonon energy 0.508245 | electron momentum kIdx = 0
The 13-th iteration is completed.	|| time cost : 0h 0m 15.329s
********************************************************************************************************************
Start the 14 rounds of NGS-ED iteration
	effective electronic model is modified as: kinetic energy t = 0.726382
	                                           effective interaction Vq = [      -4,-3.69277, -3.3316,-3.69277,-3.69277,-3.52338,-3.34597,-3.52338, -3.3316,-3.34597,-3.17486,-3.34597,-3.69277,-3.52338,-3.34597,-3.52338]
	PARPACK diagonalization completed after 30 matrix-vector product operations.
	iteration results: : total energy is -68.551023 | electron energy -69.060216 + phonon energy 0.509192 | electron momentum kIdx = 0
The 14-th iteration is completed.	|| time cost : 0h 0m 15.354s
********************************************************************************************************************
Start the 15 rounds of NGS-ED iteration
	effective electronic model is modified as: kinetic energy t = 0.726275
	                                           effective interaction Vq = [      -4,-3.69325,-3.33199,-3.69325,-3.69325,-3.52389,-3.34662,-3.52389,-3.33199,-3.34662,-3.17537,-3.34662,-3.69325,-3.52389,-3.34662,-3.52389]
	PARPACK diagonalization completed after 30 matrix-vector product operations.
	iteration results: : total energy is -68.551059 | electron energy -69.060906 + phonon energy 0.509847 | electron momentum kIdx = 0
	Nq(0) = 12.25,	Nq(1) = 0.306099,	Nq(2) = 0.327189,	Nq(3) = 0.306099,	Nq(4) = 0.306099,	Nq(5) = 0.41689,	Nq(6) = 0.46826,	Nq(7) = 0.41689,	Nq(8) = 0.327189,	Nq(9) = 0.46826,	Nq(10) = 0.498414,	Nq(11) = 0.46826,	Nq(12) = 0.306099,	Nq(13) = 0.41689,	Nq(14) = 0.46826,	Nq(15) = 0.41689,	Sq(0) = 2.5326e-17,	Sq(1) = 0.423581,	Sq(2) = 0.62287,	Sq(3) = 0.423581,	Sq(4) = 0.423581,	Sq(5) = 0.556401,	Sq(6) = 0.736716,	Sq(7) = 0.556401,	Sq(8) = 0.62287,	Sq(9) = 0.736716,	Sq(10) = 1.71968,	Sq(11) = 0.736716,	Sq(12) = 0.423581,	Sq(13) = 0.556401,	Sq(14) = 0.736716,	Sq(15) = 0.556401,	N(0) = 1.97712,	N(1) = 1.96098,	N(2) = 0.0279374,	N(3) = 1.96098,	N(4) = 1.96098,	N(5) = 0.998244,	N(6) = 0.0289322,	N(7) = 0.998244,	N(8) = 0.0279374,	N(9) = 0.0289322,	N(10) = 0.0143708,	N(11) = 0.0289322,	N(12) = 1.96098,	N(13) = 0.998244,	N(14) = 0.0289322,	N(15) = 0.998244
The 15-th iteration is completed.	|| time cost : 0h 0m 40.095s
********************************************************************************************************************
********************************************************************************************************************
Ground state is obtained after 16 iterations. The current ground-state energy is -68.5511, in which electron energy is -69.0609 and phonon energy is 0.509847
final variational state is: 
	Gamma_x = [      1,1.12983,1.17043,1.12983,1.12983,1.20575,1.25034,1.20575,1.17043,1.25034,1.27696,1.25034,1.12983,1.20575,1.25034,1.20575]
	lambda_q = [0.999513,0.723221,0.591424,0.723221,0.723221,0.655121,0.595978,0.655121,0.591424,0.595978,0.546051,0.595978,0.723221,0.655121,0.595978,0.655121]
********************************************************************************************************************
o___o  ----------------------------------------
| L |	Time since last clock: 0h 0m 0s
A===A	Time since the beginning: 0h 16m 20.655s
***********************************************

********************************************************************************************************************
Start warm-up calculation for scaling factor 2
open output files: NGSEDWarmUpW2Obs.txt
********************************************************************************************************************
Start the 0 rounds of NGS-ED iteration
	effective electronic model is modified as: kinetic energy t = 0.726202
	                                           effective interaction Vq = [-3.65605,-3.04506,-2.64604,-3.04506,-3.04506,-2.84756,-2.66098,-2.84756,-2.64604,-2.66098,-2.49259,-2.66098,-3.04506,-2.84756,-2.66098,-2.84756]
	PARPACK diagonalization completed after 45 matrix-vector product operations.
	iteration results: : total energy is -61.022978 | electron energy -61.278127 + phonon energy 0.255150 | electron momentum kIdx = 0
	Nq(0) = 12.25,	Nq(1) = 0.234122,	Nq(2) = 0.274635,	Nq(3) = 0.234122,	Nq(4) = 0.234122,	Nq(5) = 0.328227,	Nq(6) = 0.370325,	Nq(7) = 0.328227,	Nq(8) = 0.274635,	Nq(9) = 0.370325,	Nq(10) = 0.413548,	Nq(11) = 0.370325,	Nq(12) = 0.234122,	Nq(13) = 0.328227,	Nq(14) = 0.370325,	Nq(15) = 0.328227,	Sq(0) = 6.89316e-18,	Sq(1) = 0.455687,	Sq(2) = 0.678315,	Sq(3) = 0.455687,	Sq(4) = 0.455687,	Sq(5) = 0.588711,	Sq(6) = 0.846225,	Sq(7) = 0.588711,	Sq(8) = 0.678315,	Sq(9) = 0.846225,	Sq(10) = 2.13737,	Sq(11) = 0.846225,	Sq(12) = 0.455687,	Sq(13) = 0.588711,	Sq(14) = 0.846225,	Sq(15) = 0.588711,	N(0) = 1.92263,	N(1) = 1.8624,	N(2) = 0.0998438,	N(3) = 1.8624,	N(4) = 1.8624,	N(5) = 0.996666,	N(6) = 0.0978481,	N(7) = 0.996666,	N(8) = 0.0998438,	N(9) = 0.0978481,	N(10) = 0.050011,	N(11) = 0.0978481,	N(12) = 1.8624,	N(13) = 0.996666,	N(14) = 0.0978481,	N(15) = 0.996666
The 0-th iteration is completed.	|| time cost : 0h 0m 42.952s
********************************************************************************************************************
Start the 1 rounds of NGS-ED iteration
	effective electronic model is modified as: kinetic energy t = 0.746518
	                                           effective interaction Vq = [-3.76944,-3.05668,-2.60265,-3.05668,-3.05668,-2.82277, -2.5903,-2.82277,-2.60265, -2.5903,-2.40961, -2.5903,-3.05668,-2.82277, -2.5903,-2.82277]
	PARPACK diagonalization completed after 45 matrix-vector product operations.
	iteration results: : total energy is -62.517952 | electron energy -62.922043 + phonon energy 0.404091 | electron momentum kIdx = 0
The 1-th iteration is completed.	|| time cost : 0h 0m 18.158s
********************************************************************************************************************
Start the 2 rounds of NGS-ED iteration
	effective electronic model is modified as: kinetic energy t = 0.755093
	                                           effective interaction Vq = [-3.84545,-3.07123,-2.58552,-3.07123,-3.07123, -2.8184,-2.56102, -2.8184,-2.58552,-2.56102,-2.37885,-2.56102,-3.07123, -2.8184,-2.56102, -2.8184]
	PARPACK diagonalization completed after 30 matrix-vector product operations.
	iteration results: : total energy is -63.479544 | electron energy -63.981350 + phonon energy 0.501806 | electron momentum kIdx = 0
The 2-th iteration is completed.	|| time cost : 0h 0m 15.337s
