SNEDics v3.4 Non-Gaussian ED ground state program		Start at Sat Mar  7 19:23:17 2020

parallized on 32 MPI threads  * 4 OpenMP threads = 128 total threads.
********************************************************************************************************************
********************************************************************************************************************

********************************************************************************************************************
System parameters and configurations
********************************************************************************************************************
Special program options are enabled: splitted diagonal Hamiltonian
********************************************************************************************************************
Read input file "model_params.in"
	Hubbard-Holstein model parameters : 	t = 1    U = 8    g = 2.2361    W = 1    
********************************************************************************************************************
Read input file "hilbertspace_params.in"
	Requested 16-site 2D lattice, with 16 electrons (8, 8)
	Boundary : Periodic		Hilbert space representation : momentum-space (restricted to kIdx = 10)
	Conservation: particle number[U(1)]      spin[U(1)]     momentum
********************************************************************************************************************

Cluster Positions:				Cluster symmetry group : D4
 x ... x ... x ... x .....                       x ... x ... x ... x .....
 |           |           :                       |           |           :
 |           |           :                       |           |           :
12    13    14    15     x                       1     5     6     5     x
 |           |           :                       |           |           :
 |           |           :                       |           |           :
 8 --- 9 ---10 ---11 --- x                       2 --- 6 ---10 --- 6 --- x
 |           |           :                       |           |           :
 |           |           :                       |           |           :
 4     5     6     7     x                       1     5     6     5     x
 |           |           :                       |           |           :
 |           |           :                       |           |           :
 0 --- 1 --- 2 --- 3 --- x                       0 --- 1 --- 2 --- 1 --- x
orbital number : 1
********************************************************************************************************************
Read input file "obs_params.in"
	Observable Type : Nq(All),   Sq(All),   N(All),   Delta[s](All),   Delta[d](All),   Delta[s+](All)
********************************************************************************************************************
** WARNING ** the input observables have non-local factors which have been reinterpreted. The total observable number is 96
********************************************************************************************************************


********************************************************************************************************************
Start calculating the non-Gaussian ED ground state
** WARNING ** Detected low phonon energy W < 10. The initial state will be prepared through a warm-up process.
********************************************************************************************************************
Start warm-up calculation for scaling factor 16
open output files: NGSEDWarmUpW16Obs.txt
********************************************************************************************************************
Start the 0 rounds of NGS-ED iteration
	effective electronic model is modified as: kinetic energy t = 1
	                                           effective interaction Vq = [0,0,0,0,0,0,0,0,0,0,0,0,0,0,0,0]
	first Hamiltonian is constructed, non-zero numbers = 2845334624
	PARPACK diagonalization completed after 120 matrix-vector product operations.
	iteration results: : total energy is -8.284915 | electron energy -8.284915 + phonon energy 0.000000 | electron momentum kIdx = 10
	Nq(0) = 16,	Nq(1) = 0.0623747,	Nq(2) = 0.108897,	Nq(3) = 0.0623747,	Nq(4) = 0.0623747,	Nq(5) = 0.108897,	Nq(6) = 0.15084,	Nq(7) = 0.108897,	Nq(8) = 0.108897,	Nq(9) = 0.15084,	Nq(10) = 0.189673,	Nq(11) = 0.15084,	Nq(12) = 0.0623747,	Nq(13) = 0.108897,	Nq(14) = 0.15084,	Nq(15) = 0.108897,	Sq(0) = 2.79643e-19,	Sq(1) = 0.234593,	Sq(2) = 0.384437,	Sq(3) = 0.234593,	Sq(4) = 0.234593,	Sq(5) = 0.384437,	Sq(6) = 0.569544,	Sq(7) = 0.384437,	Sq(8) = 0.384437,	Sq(9) = 0.569544,	Sq(10) = 8.78091,	Sq(11) = 0.569544,	Sq(12) = 0.234593,	Sq(13) = 0.384437,	Sq(14) = 0.569544,	Sq(15) = 0.384437,	N(0) = 1.77141,	N(1) = 1.55608,	N(2) = 1,	N(3) = 1.55608,	N(4) = 1.55608,	N(5) = 1,	N(6) = 0.443921,	N(7) = 1,	N(8) = 1,	N(9) = 0.443921,	N(10) = 0.228587,	N(11) = 0.443921,	N(12) = 1.55608,	N(13) = 1,	N(14) = 0.443921,	N(15) = 1,	Delta[s](0) = 0.0796276,	Delta[s](1) = 0.0672596,	Delta[s](2) = 0.0539109,	Delta[s](3) = 0.0672596,	Delta[s](4) = 0.0672596,	Delta[s](5) = 0.0539109,	Delta[s](6) = 0.0391195,	Delta[s](7) = 0.0539109,	Delta[s](8) = 0.0539109,	Delta[s](9) = 0.0391195,	Delta[s](10) = 0.0193474,	Delta[s](11) = 0.0391195,	Delta[s](12) = 0.0672596,	Delta[s](13) = 0.0539109,	Delta[s](14) = 0.0391195,	Delta[s](15) = 0.0539109,	Delta[d](0) = 0.563043,	Delta[d](1) = 0.471269,	Delta[d](2) = 0.390416,	Delta[d](3) = 0.471269,	Delta[d](4) = 0.471269,	Delta[d](5) = 0.413309,	Delta[d](6) = 0.343758,	Delta[d](7) = 0.413309,	Delta[d](8) = 0.390416,	Delta[d](9) = 0.343758,	Delta[d](10) = 0.279272,	Delta[d](11) = 0.343758,	Delta[d](12) = 0.471269,	Delta[d](13) = 0.413309,	Delta[d](14) = 0.343758,	Delta[d](15) = 0.413309,	Delta[s+](0) = 0.603033,	Delta[s+](1) = 0.507194,	Delta[s+](2) = 0.390416,	Delta[s+](3) = 0.507194,	Delta[s+](4) = 0.507194,	Delta[s+](5) = 0.390416,	Delta[s+](6) = 0.271802,	Delta[s+](7) = 0.390416,	Delta[s+](8) = 0.390416,	Delta[s+](9) = 0.271802,	Delta[s+](10) = 0.162976,	Delta[s+](11) = 0.271802,	Delta[s+](12) = 0.507194,	Delta[s+](13) = 0.390416,	Delta[s+](14) = 0.271802,	Delta[s+](15) = 0.390416
The 0-th iteration is completed.	|| time cost : 0h 7m 11.963s
********************************************************************************************************************
Start the 1 rounds of NGS-ED iteration
	effective electronic model is modified as: kinetic energy t = 0.892988
	                                           effective interaction Vq = [-4.79633,-4.31082,-4.23805,-4.31082,-4.31082,-4.23805,-4.19178,-4.23805,-4.23805,-4.19178,-4.15609,-4.19178,-4.31082,-4.23805,-4.19178,-4.23805]
	PARPACK diagonalization completed after 45 matrix-vector product operations.
	iteration results: : total energy is -100.149909 | electron energy -100.156379 + phonon energy 0.006469 | electron momentum kIdx = 10
The 1-th iteration is completed.	|| time cost : 0h 3m 29.644s
********************************************************************************************************************
Start the 2 rounds of NGS-ED iteration
	effective electronic model is modified as: kinetic energy t = 0.811994
	                                           effective interaction Vq = [-4.99184,-4.90847,-4.88831,-4.90847,-4.90847,-4.88831,-4.82789,-4.88831,-4.88831,-4.82789,-4.76204,-4.82789,-4.90847,-4.88831,-4.82789,-4.88831]
	PARPACK diagonalization completed after 45 matrix-vector product operations.
	iteration results: : total energy is -107.198176 | electron energy -107.261545 + phonon energy 0.063369 | electron momentum kIdx = 10
The 2-th iteration is completed.	|| time cost : 0h 0m 35.234s
********************************************************************************************************************
Start the 3 rounds of NGS-ED iteration
	effective electronic model is modified as: kinetic energy t = 0.791468
	                                           effective interaction Vq = [ -4.9998, -4.9629,-4.95515, -4.9629, -4.9629,-4.95515,-4.91022,-4.95515,-4.95515,-4.91022,-4.85218,-4.91022, -4.9629,-4.95515,-4.91022,-4.95515]
	PARPACK diagonalization completed after 30 matrix-vector product operations.
	iteration results: : total energy is -107.536224 | electron energy -107.619196 + phonon energy 0.082971 | electron momentum kIdx = 10
The 3-th iteration is completed.	|| time cost : 0h 0m 29.699s
********************************************************************************************************************
Start the 4 rounds of NGS-ED iteration
	effective electronic model is modified as: kinetic energy t = 0.786984
	                                           effective interaction Vq = [-5.00013,-4.97073,-4.96508,-4.97073,-4.97073,-4.96508, -4.9253,-4.96508,-4.96508, -4.9253,-4.87033, -4.9253,-4.97073,-4.96508, -4.9253,-4.96508]
	PARPACK diagonalization completed after 105 matrix-vector product operations.
	iteration results: : total energy is -108.171760 | electron energy -108.259214 + phonon energy 0.087454 | electron momentum kIdx = 10
The 4-th iteration is completed.	|| time cost : 0h 0m 57.809s
********************************************************************************************************************
Start the 5 rounds of NGS-ED iteration
	effective electronic model is modified as: kinetic energy t = 0.783644
	                                           effective interaction Vq = [-5.00014,-4.96926,-4.96338,-4.96926,-4.96926,-4.96338, -4.9229,-4.96338,-4.96338, -4.9229,-4.97027, -4.9229,-4.96926,-4.96338, -4.9229,-4.96338]
	PARPACK diagonalization completed after 45 matrix-vector product operations.
	iteration results: : total energy is -108.427724 | electron energy -108.519281 + phonon energy 0.091557 | electron momentum kIdx = 10
The 5-th iteration is completed.	|| time cost : 0h 0m 35.218s
********************************************************************************************************************
Start the 6 rounds of NGS-ED iteration
	effective electronic model is modified as: kinetic energy t = 0.790849
	                                           effective interaction Vq = [-5.00014,-4.96086,-4.91221,-4.96086,-4.96086,-4.91221,-4.90962,-4.91221,-4.91221,-4.90962, -4.9938,-4.90962,-4.96086,-4.91221,-4.90962,-4.91221]
	PARPACK diagonalization completed after 30 matrix-vector product operations.
	iteration results: : total energy is -108.546777 | electron energy -108.635549 + phonon energy 0.088772 | electron momentum kIdx = 10
The 6-th iteration is completed.	|| time cost : 0h 0m 29.592s
********************************************************************************************************************
Start the 7 rounds of NGS-ED iteration
	effective electronic model is modified as: kinetic energy t = 0.794402
	                                           effective interaction Vq = [-5.00014, -4.9543,-4.88764, -4.9543, -4.9543,-4.88764,-4.89981,-4.88764,-4.88764,-4.89981,-4.99667,-4.89981, -4.9543,-4.88764,-4.89981,-4.88764]
	PARPACK diagonalization completed after 30 matrix-vector product operations.
	iteration results: : total energy is -108.557706 | electron energy -108.644233 + phonon energy 0.086527 | electron momentum kIdx = 10
The 7-th iteration is completed.	|| time cost : 0h 0m 31.834s
********************************************************************************************************************
Start the 8 rounds of NGS-ED iteration
	effective electronic model is modified as: kinetic energy t = 0.795569
	                                           effective interaction Vq = [-5.00014,-4.95162,-4.88023,-4.95162,-4.95162,-4.88023,-4.89585,-4.88023,-4.88023,-4.89585,-4.99718,-4.89585,-4.95162,-4.88023,-4.89585,-4.88023]
	PARPACK diagonalization completed after 30 matrix-vector product operations.
	iteration results: : total energy is -108.558559 | electron energy -108.644188 + phonon energy 0.085629 | electron momentum kIdx = 10
The 8-th iteration is completed.	|| time cost : 0h 0m 30.866s
********************************************************************************************************************
Start the 9 rounds of NGS-ED iteration
	effective electronic model is modified as: kinetic energy t = 0.795934
	                                           effective interaction Vq = [-5.00014, -4.9507,-4.87813, -4.9507, -4.9507,-4.87813,-4.89446,-4.87813,-4.87813,-4.89446,-4.99729,-4.89446, -4.9507,-4.87813,-4.89446,-4.87813]
	PARPACK diagonalization completed after 30 matrix-vector product operations.
	iteration results: : total energy is -108.558630 | electron energy -108.643951 + phonon energy 0.085321 | electron momentum kIdx = 10
The 9-th iteration is completed.	|| time cost : 0h 0m 29.672s
********************************************************************************************************************
Start the 10 rounds of NGS-ED iteration
	effective electronic model is modified as: kinetic energy t = 0.796045
	                                           effective interaction Vq = [-5.00014, -4.9504,-4.87754, -4.9504, -4.9504,-4.87754,  -4.894,-4.87754,-4.87754,  -4.894,-4.99731,  -4.894, -4.9504,-4.87754,  -4.894,-4.87754]
	PARPACK diagonalization completed after 30 matrix-vector product operations.
	iteration results: : total energy is -108.558636 | electron energy -108.643858 + phonon energy 0.085222 | electron momentum kIdx = 10
	Nq(0) = 16,	Nq(1) = 0.312309,	Nq(2) = 0.368105,	Nq(3) = 0.312309,	Nq(4) = 0.312309,	Nq(5) = 0.368105,	Nq(6) = 0.591777,	Nq(7) = 0.368105,	Nq(8) = 0.368105,	Nq(9) = 0.591777,	Nq(10) = 5.36193,	Nq(11) = 0.591777,	Nq(12) = 0.312309,	Nq(13) = 0.368105,	Nq(14) = 0.591777,	Nq(15) = 0.368105,	Sq(0) = 3.26703e-18,	Sq(1) = 0.224321,	Sq(2) = 0.293682,	Sq(3) = 0.224321,	Sq(4) = 0.224321,	Sq(5) = 0.293682,	Sq(6) = 0.417053,	Sq(7) = 0.293682,	Sq(8) = 0.293682,	Sq(9) = 0.417053,	Sq(10) = 0.485502,	Sq(11) = 0.417053,	Sq(12) = 0.224321,	Sq(13) = 0.293682,	Sq(14) = 0.417053,	Sq(15) = 0.293682,	N(0) = 1.97271,	N(1) = 1.931,	N(2) = 1,	N(3) = 1.931,	N(4) = 1.931,	N(5) = 1,	N(6) = 0.0690027,	N(7) = 1,	N(8) = 1,	N(9) = 0.0690027,	N(10) = 0.0272928,	N(11) = 0.0690027,	N(12) = 1.931,	N(13) = 1,	N(14) = 0.0690027,	N(15) = 1,	Delta[s](0) = 0.498201,	Delta[s](1) = 0.370663,	Delta[s](2) = 0.353357,	Delta[s](3) = 0.370663,	Delta[s](4) = 0.370663,	Delta[s](5) = 0.353357,	Delta[s](6) = 0.305109,	Delta[s](7) = 0.353357,	Delta[s](8) = 0.353357,	Delta[s](9) = 0.305109,	Delta[s](10) = 0.272024,	Delta[s](11) = 0.305109,	Delta[s](12) = 0.370663,	Delta[s](13) = 0.353357,	Delta[s](14) = 0.305109,	Delta[s](15) = 0.353357,	Delta[d](0) = 0.208861,	Delta[d](1) = 0.198261,	Delta[d](2) = 0.200304,	Delta[d](3) = 0.198261,	Delta[d](4) = 0.198261,	Delta[d](5) = 0.137678,	Delta[d](6) = 0.16265,	Delta[d](7) = 0.137678,	Delta[d](8) = 0.200304,	Delta[d](9) = 0.16265,	Delta[d](10) = 0.0665906,	Delta[d](11) = 0.16265,	Delta[d](12) = 0.198261,	Delta[d](13) = 0.137678,	Delta[d](14) = 0.16265,	Delta[d](15) = 0.137678,	Delta[s+](0) = 0.378951,	Delta[s+](1) = 0.303568,	Delta[s+](2) = 0.200304,	Delta[s+](3) = 0.303568,	Delta[s+](4) = 0.303568,	Delta[s+](5) = 0.200304,	Delta[s+](6) = 0.0951053,	Delta[s+](7) = 0.200304,	Delta[s+](8) = 0.200304,	Delta[s+](9) = 0.0951053,	Delta[s+](10) = 0.0378896,	Delta[s+](11) = 0.0951053,	Delta[s+](12) = 0.303568,	Delta[s+](13) = 0.200304,	Delta[s+](14) = 0.0951053,	Delta[s+](15) = 0.200304
The 10-th iteration is completed.	|| time cost : 0h 5m 26.346s
********************************************************************************************************************
********************************************************************************************************************
Ground state is obtained after 11 iterations. The current ground-state energy is -108.559, in which electron energy is -108.644 and phonon energy is 0.0852217
final variational state is: 
	Gamma_x = [      1, 1.0177,1.03087, 1.0177, 1.0177,1.03087,1.04713,1.03087,1.03087,1.04713,1.08075,1.04713, 1.0177,1.03087,1.04713,1.03087]
	lambda_q = [0.559025,0.503212,0.471428,0.503212,0.503212,0.471428,0.477522,0.471428,0.471428,0.477522,0.545739,0.477522,0.503212,0.471428,0.477522,0.471428]
********************************************************************************************************************
o___o  ----------------------------------------
| L |	Time since last clock: 0h 0m 0s
A===A	Time since the beginning: 0h 20m 47.882s
***********************************************

********************************************************************************************************************
Start warm-up calculation for scaling factor 8
open output files: NGSEDWarmUpW8Obs.txt
********************************************************************************************************************
Start the 0 rounds of NGS-ED iteration
	effective electronic model is modified as: kinetic energy t = 0.796079
	                                           effective interaction Vq = [ -4.5712, -4.3395,-4.18528, -4.3395, -4.3395,-4.18528, -4.2161,-4.18528,-4.18528, -4.2161,-4.52056, -4.2161, -4.3395,-4.18528, -4.2161,-4.18528]
	PARPACK diagonalization completed after 45 matrix-vector product operations.
	iteration results: : total energy is -95.530915 | electron energy -95.573510 + phonon energy 0.042595 | electron momentum kIdx = 10
	Nq(0) = 16,	Nq(1) = 0.307563,	Nq(2) = 0.347669,	Nq(3) = 0.307563,	Nq(4) = 0.307563,	Nq(5) = 0.347669,	Nq(6) = 0.546556,	Nq(7) = 0.347669,	Nq(8) = 0.347669,	Nq(9) = 0.546556,	Nq(10) = 4.80176,	Nq(11) = 0.546556,	Nq(12) = 0.307563,	Nq(13) = 0.347669,	Nq(14) = 0.546556,	Nq(15) = 0.347669,	Sq(0) = -5.12669e-18,	Sq(1) = 0.276117,	Sq(2) = 0.334153,	Sq(3) = 0.276117,	Sq(4) = 0.276117,	Sq(5) = 0.334153,	Sq(6) = 0.50441,	Sq(7) = 0.334153,	Sq(8) = 0.334153,	Sq(9) = 0.50441,	Sq(10) = 0.568719,	Sq(11) = 0.50441,	Sq(12) = 0.276117,	Sq(13) = 0.334153,	Sq(14) = 0.50441,	Sq(15) = 0.334153,	N(0) = 1.99029,	N(1) = 1.9697,	N(2) = 1,	N(3) = 1.9697,	N(4) = 1.9697,	N(5) = 1,	N(6) = 0.0302991,	N(7) = 1,	N(8) = 1,	N(9) = 0.0302991,	N(10) = 0.00971239,	N(11) = 0.0302991,	N(12) = 1.9697,	N(13) = 1,	N(14) = 0.0302991,	N(15) = 1,	Delta[s](0) = 0.388387,	Delta[s](1) = 0.335473,	Delta[s](2) = 0.326383,	Delta[s](3) = 0.335473,	Delta[s](4) = 0.335473,	Delta[s](5) = 0.326383,	Delta[s](6) = 0.295057,	Delta[s](7) = 0.326383,	Delta[s](8) = 0.326383,	Delta[s](9) = 0.295057,	Delta[s](10) = 0.283324,	Delta[s](11) = 0.295057,	Delta[s](12) = 0.335473,	Delta[s](13) = 0.326383,	Delta[s](14) = 0.295057,	Delta[s](15) = 0.326383,	Delta[d](0) = 0.22044,	Delta[d](1) = 0.217458,	Delta[d](2) = 0.221796,	Delta[d](3) = 0.217458,	Delta[d](4) = 0.217458,	Delta[d](5) = 0.150678,	Delta[d](6) = 0.180775,	Delta[d](7) = 0.150678,	Delta[d](8) = 0.221796,	Delta[d](9) = 0.180775,	Delta[d](10) = 0.0808793,	Delta[d](11) = 0.180775,	Delta[d](12) = 0.217458,	Delta[d](13) = 0.150678,	Delta[d](14) = 0.180775,	Delta[d](15) = 0.150678,	Delta[s+](0) = 0.428485,	Delta[s+](1) = 0.335444,	Delta[s+](2) = 0.221796,	Delta[s+](3) = 0.335444,	Delta[s+](4) = 0.335444,	Delta[s+](5) = 0.221796,	Delta[s+](6) = 0.108883,	Delta[s+](7) = 0.221796,	Delta[s+](8) = 0.221796,	Delta[s+](9) = 0.108883,	Delta[s+](10) = 0.0468996,	Delta[s+](11) = 0.108883,	Delta[s+](12) = 0.335444,	Delta[s+](13) = 0.221796,	Delta[s+](14) = 0.108883,	Delta[s+](15) = 0.221796
The 0-th iteration is completed.	|| time cost : 0h 5m 35.179s
********************************************************************************************************************
Start the 1 rounds of NGS-ED iteration
	effective electronic model is modified as: kinetic energy t = 0.742994
	                                           effective interaction Vq = [-4.91354,-4.69456, -4.5022,-4.69456,-4.69456, -4.5022,-4.54131, -4.5022, -4.5022,-4.54131,-4.88984,-4.54131,-4.69456, -4.5022,-4.54131, -4.5022]
	PARPACK diagonalization completed after 30 matrix-vector product operations.
	iteration results: : total energy is -103.437353 | electron energy -103.626754 + phonon energy 0.189400 | electron momentum kIdx = 10
The 1-th iteration is completed.	|| time cost : 0h 0m 29.695s
********************************************************************************************************************
Start the 2 rounds of NGS-ED iteration
	effective electronic model is modified as: kinetic energy t = 0.724556
	                                           effective interaction Vq = [-4.98266, -4.7665,-4.58886, -4.7665, -4.7665,-4.58886,-4.62009,-4.58886,-4.58886,-4.62009, -4.9727,-4.62009, -4.7665,-4.58886,-4.62009,-4.58886]
	PARPACK diagonalization completed after 30 matrix-vector product operations.
	iteration results: : total energy is -105.024584 | electron energy -105.274099 + phonon energy 0.249515 | electron momentum kIdx = 10
The 2-th iteration is completed.	|| time cost : 0h 0m 29.572s
********************************************************************************************************************
Start the 3 rounds of NGS-ED iteration
	effective electronic model is modified as: kinetic energy t = 0.718772
	                                           effective interaction Vq = [-4.99661,-4.78062,-4.61362,-4.78062,-4.78062,-4.61362,-4.63897,-4.61362,-4.61362,-4.63897,-4.99048,-4.63897,-4.78062,-4.61362,-4.63897,-4.61362]
	PARPACK diagonalization completed after 30 matrix-vector product operations.
	iteration results: : total energy is -105.323827 | electron energy -105.591975 + phonon energy 0.268148 | electron momentum kIdx = 10
The 3-th iteration is completed.	|| time cost : 0h 0m 29.508s
********************************************************************************************************************
Start the 4 rounds of NGS-ED iteration
	effective electronic model is modified as: kinetic energy t = 0.716863
	                                           effective interaction Vq = [-4.99943,-4.78355,-4.62183,-4.78355,-4.78355,-4.62183,-4.64419,-4.62183,-4.62183,-4.64419,-4.99489,-4.64419,-4.78355,-4.62183,-4.64419,-4.62183]
	PARPACK diagonalization completed after 30 matrix-vector product operations.
	iteration results: : total energy is -105.379910 | electron energy -105.654723 + phonon energy 0.274813 | electron momentum kIdx = 10
The 4-th iteration is completed.	|| time cost : 0h 0m 29.646s
********************************************************************************************************************
Start the 5 rounds of NGS-ED iteration
	effective electronic model is modified as: kinetic energy t = 0.716197
	                                           effective interaction Vq = [      -5,-4.78415,-4.62485,-4.78415,-4.78415,-4.62485,-4.64583,-4.62485,-4.62485,-4.64583, -4.9962,-4.64583,-4.78415,-4.62485,-4.64583,-4.62485]
	PARPACK diagonalization completed after 30 matrix-vector product operations.
	iteration results: : total energy is -105.390553 | electron energy -105.667928 + phonon energy 0.277375 | electron momentum kIdx = 10
The 5-th iteration is completed.	|| time cost : 0h 0m 29.612s
********************************************************************************************************************
Start the 6 rounds of NGS-ED iteration
	effective electronic model is modified as: kinetic energy t = 0.715957
	                                           effective interaction Vq = [-5.00011,-4.78425,-4.62601,-4.78425,-4.78425,-4.62601,-4.64638,-4.62601,-4.62601,-4.64638,-4.99664,-4.64638,-4.78425,-4.62601,-4.64638,-4.62601]
	PARPACK diagonalization completed after 30 matrix-vector product operations.
	iteration results: : total energy is -105.392604 | electron energy -105.670963 + phonon energy 0.278360 | electron momentum kIdx = 10
The 6-th iteration is completed.	|| time cost : 0h 0m 29.62s
********************************************************************************************************************
Start the 7 rounds of NGS-ED iteration
	effective electronic model is modified as: kinetic energy t = 0.71587
	                                           effective interaction Vq = [-5.00014,-4.78423,-4.62647,-4.78423,-4.78423,-4.62647,-4.64657,-4.62647,-4.62647,-4.64657,-4.99679,-4.64657,-4.78423,-4.62647,-4.64657,-4.62647]
	PARPACK diagonalization completed after 30 matrix-vector product operations.
	iteration results: : total energy is -105.393004 | electron energy -105.671736 + phonon energy 0.278732 | electron momentum kIdx = 10
The 7-th iteration is completed.	|| time cost : 0h 0m 29.622s
********************************************************************************************************************
Start the 8 rounds of NGS-ED iteration
	effective electronic model is modified as: kinetic energy t = 0.715838
	                                           effective interaction Vq = [-5.00014,-4.78421,-4.62665,-4.78421,-4.78421,-4.62665,-4.64663,-4.62665,-4.62665,-4.64663,-4.99685,-4.64663,-4.78421,-4.62665,-4.64663,-4.62665]
	PARPACK diagonalization completed after 30 matrix-vector product operations.
	iteration results: : total energy is -105.393083 | electron energy -105.671954 + phonon energy 0.278871 | electron momentum kIdx = 10
	Nq(0) = 16,	Nq(1) = 0.219226,	Nq(2) = 0.297268,	Nq(3) = 0.219226,	Nq(4) = 0.219226,	Nq(5) = 0.297268,	Nq(6) = 0.446964,	Nq(7) = 0.297268,	Nq(8) = 0.297268,	Nq(9) = 0.446964,	Nq(10) = 7.32854,	Nq(11) = 0.446964,	Nq(12) = 0.219226,	Nq(13) = 0.297268,	Nq(14) = 0.446964,	Nq(15) = 0.297268,	Sq(0) = 1.46863e-18,	Sq(1) = 0.183251,	Sq(2) = 0.261518,	Sq(3) = 0.183251,	Sq(4) = 0.183251,	Sq(5) = 0.261518,	Sq(6) = 0.368837,	Sq(7) = 0.261518,	Sq(8) = 0.261518,	Sq(9) = 0.368837,	Sq(10) = 0.445632,	Sq(11) = 0.368837,	Sq(12) = 0.183251,	Sq(13) = 0.261518,	Sq(14) = 0.368837,	Sq(15) = 0.261518,	N(0) = 1.95419,	N(1) = 1.86772,	N(2) = 1,	N(3) = 1.86772,	N(4) = 1.86772,	N(5) = 1,	N(6) = 0.132278,	N(7) = 1,	N(8) = 1,	N(9) = 0.132278,	N(10) = 0.0458061,	N(11) = 0.132278,	N(12) = 1.86772,	N(13) = 1,	N(14) = 0.132278,	N(15) = 1,	Delta[s](0) = 0.428153,	Delta[s](1) = 0.38327,	Delta[s](2) = 0.368939,	Delta[s](3) = 0.38327,	Delta[s](4) = 0.38327,	Delta[s](5) = 0.368939,	Delta[s](6) = 0.346121,	Delta[s](7) = 0.368939,	Delta[s](8) = 0.368939,	Delta[s](9) = 0.346121,	Delta[s](10) = 0.329104,	Delta[s](11) = 0.346121,	Delta[s](12) = 0.38327,	Delta[s](13) = 0.368939,	Delta[s](14) = 0.346121,	Delta[s](15) = 0.368939,	Delta[d](0) = 0.175434,	Delta[d](1) = 0.163613,	Delta[d](2) = 0.178295,	Delta[d](3) = 0.163613,	Delta[d](4) = 0.163613,	Delta[d](5) = 0.121658,	Delta[d](6) = 0.133952,	Delta[d](7) = 0.121658,	Delta[d](8) = 0.178295,	Delta[d](9) = 0.133952,	Delta[d](10) = 0.0677665,	Delta[d](11) = 0.133952,	Delta[d](12) = 0.163613,	Delta[d](13) = 0.121658,	Delta[d](14) = 0.133952,	Delta[d](15) = 0.121658,	Delta[s+](0) = 0.352395,	Delta[s+](1) = 0.271763,	Delta[s+](2) = 0.178295,	Delta[s+](3) = 0.271763,	Delta[s+](4) = 0.271763,	Delta[s+](5) = 0.178295,	Delta[s+](6) = 0.0870107,	Delta[s+](7) = 0.178295,	Delta[s+](8) = 0.178295,	Delta[s+](9) = 0.0870107,	Delta[s+](10) = 0.0416254,	Delta[s+](11) = 0.0870107,	Delta[s+](12) = 0.271763,	Delta[s+](13) = 0.178295,	Delta[s+](14) = 0.0870107,	Delta[s+](15) = 0.178295
The 8-th iteration is completed.	|| time cost : 0h 5m 29.524s
********************************************************************************************************************
********************************************************************************************************************
Ground state is obtained after 9 iterations. The current ground-state energy is -105.393, in which electron energy is -105.672 and phonon energy is 0.278871
final variational state is: 
	Gamma_x = [      1,1.04614,1.07651,1.04614,1.04614,1.07651,1.11498,1.07651,1.07651,1.11498,1.25349,1.11498,1.04614,1.07651,1.11498,1.07651]
	lambda_q = [0.790408,0.626283, 0.57453,0.626283,0.626283, 0.57453,0.580373, 0.57453, 0.57453,0.580373,0.770361,0.580373,0.626283, 0.57453,0.580373, 0.57453]
********************************************************************************************************************
o___o  ----------------------------------------
| L |	Time since last clock: 0h 0m 0s
A===A	Time since the beginning: 0h 35m 19.865s
***********************************************

********************************************************************************************************************
Start warm-up calculation for scaling factor 4
open output files: NGSEDWarmUpW4Obs.txt
********************************************************************************************************************
Start the 0 rounds of NGS-ED iteration
	effective electronic model is modified as: kinetic energy t = 0.715827
	                                           effective interaction Vq = [-4.57075, -4.0328,-3.81849, -4.0328, -4.0328,-3.81849,-3.84376,-3.81849,-3.81849,-3.84376,-4.51659,-3.84376, -4.0328,-3.81849,-3.84376,-3.81849]
	PARPACK diagonalization completed after 30 matrix-vector product operations.
	iteration results: : total energy is -91.807923 | electron energy -91.947384 + phonon energy 0.139461 | electron momentum kIdx = 10
	Nq(0) = 16,	Nq(1) = 0.224673,	Nq(2) = 0.29075,	Nq(3) = 0.224673,	Nq(4) = 0.224673,	Nq(5) = 0.29075,	Nq(6) = 0.4264,	Nq(7) = 0.29075,	Nq(8) = 0.29075,	Nq(9) = 0.4264,	Nq(10) = 6.6446,	Nq(11) = 0.4264,	Nq(12) = 0.224673,	Nq(13) = 0.29075,	Nq(14) = 0.4264,	Nq(15) = 0.29075,	Sq(0) = 5.76317e-19,	Sq(1) = 0.222811,	Sq(2) = 0.300351,	Sq(3) = 0.222811,	Sq(4) = 0.222811,	Sq(5) = 0.300351,	Sq(6) = 0.445667,	Sq(7) = 0.300351,	Sq(8) = 0.300351,	Sq(9) = 0.445667,	Sq(10) = 0.530584,	Sq(11) = 0.445667,	Sq(12) = 0.222811,	Sq(13) = 0.300351,	Sq(14) = 0.445667,	Sq(15) = 0.300351,	N(0) = 1.96957,	N(1) = 1.90666,	N(2) = 1,	N(3) = 1.90666,	N(4) = 1.90666,	N(5) = 1,	N(6) = 0.0933405,	N(7) = 1,	N(8) = 1,	N(9) = 0.0933405,	N(10) = 0.0304261,	N(11) = 0.0933405,	N(12) = 1.90666,	N(13) = 1,	N(14) = 0.0933405,	N(15) = 1,	Delta[s](0) = 0.378512,	Delta[s](1) = 0.353945,	Delta[s](2) = 0.344794,	Delta[s](3) = 0.353945,	Delta[s](4) = 0.353945,	Delta[s](5) = 0.344794,	Delta[s](6) = 0.328632,	Delta[s](7) = 0.344794,	Delta[s](8) = 0.344794,	Delta[s](9) = 0.328632,	Delta[s](10) = 0.319117,	Delta[s](11) = 0.328632,	Delta[s](12) = 0.353945,	Delta[s](13) = 0.344794,	Delta[s](14) = 0.328632,	Delta[s](15) = 0.344794,	Delta[d](0) = 0.197116,	Delta[d](1) = 0.188183,	Delta[d](2) = 0.205391,	Delta[d](3) = 0.188183,	Delta[d](4) = 0.188183,	Delta[d](5) = 0.138509,	Delta[d](6) = 0.154422,	Delta[d](7) = 0.138509,	Delta[d](8) = 0.205391,	Delta[d](9) = 0.154422,	Delta[d](10) = 0.0799202,	Delta[d](11) = 0.154422,	Delta[d](12) = 0.188183,	Delta[d](13) = 0.138509,	Delta[d](14) = 0.154422,	Delta[d](15) = 0.138509,	Delta[s+](0) = 0.415712,	Delta[s+](1) = 0.314196,	Delta[s+](2) = 0.205391,	Delta[s+](3) = 0.314196,	Delta[s+](4) = 0.314196,	Delta[s+](5) = 0.205391,	Delta[s+](6) = 0.10026,	Delta[s+](7) = 0.205391,	Delta[s+](8) = 0.205391,	Delta[s+](9) = 0.10026,	Delta[s+](10) = 0.0483235,	Delta[s+](11) = 0.10026,	Delta[s+](12) = 0.314196,	Delta[s+](13) = 0.205391,	Delta[s+](14) = 0.10026,	Delta[s+](15) = 0.205391
The 0-th iteration is completed.	|| time cost : 0h 5m 27.816s
********************************************************************************************************************
Start the 1 rounds of NGS-ED iteration
	effective electronic model is modified as: kinetic energy t = 0.694591
	                                           effective interaction Vq = [ -4.8072,-4.23294,-3.95685,-4.23294,-4.23294,-3.95685,-3.98634,-3.95685,-3.95685,-3.98634,-4.80551,-3.98634,-4.23294,-3.95685,-3.98634,-3.95685]
	PARPACK diagonalization completed after 30 matrix-vector product operations.
	iteration results: : total energy is -97.743169 | electron energy -98.117124 + phonon energy 0.373956 | electron momentum kIdx = 10
The 1-th iteration is completed.	|| time cost : 0h 0m 31.601s
********************************************************************************************************************
Start the 2 rounds of NGS-ED iteration
	effective electronic model is modified as: kinetic energy t = 0.690935
	                                           effective interaction Vq = [-4.91345,-4.23184,-3.96528,-4.23184,-4.23184,-3.96528,-3.98602,-3.96528,-3.96528,-3.98602,-4.92813,-3.98602,-4.23184,-3.96528,-3.98602,-3.96528]
	PARPACK diagonalization completed after 30 matrix-vector product operations.
	iteration results: : total energy is -100.441733 | electron energy -100.921909 + phonon energy 0.480176 | electron momentum kIdx = 10
The 2-th iteration is completed.	|| time cost : 0h 0m 30.314s
********************************************************************************************************************
Start the 3 rounds of NGS-ED iteration
	effective electronic model is modified as: kinetic energy t = 0.696694
	                                           effective interaction Vq = [-4.96119,-4.15316,-3.91217,-4.15316,-4.15316,-3.91217,-3.92239,-3.91217,-3.91217,-3.92239,-4.97249,-3.92239,-4.15316,-3.91217,-3.92239,-3.91217]
	PARPACK diagonalization completed after 30 matrix-vector product operations.
	iteration results: : total energy is -101.578989 | electron energy -102.083040 + phonon energy 0.504051 | electron momentum kIdx = 10
The 3-th iteration is completed.	|| time cost : 0h 0m 30.001s
********************************************************************************************************************
Start the 4 rounds of NGS-ED iteration
	effective electronic model is modified as: kinetic energy t = 0.704881
	                                           effective interaction Vq = [-4.98264,-4.06198, -3.8448,-4.06198,-4.06198, -3.8448,-3.84565, -3.8448, -3.8448,-3.84565,-4.98812,-3.84565,-4.06198, -3.8448,-3.84565, -3.8448]
	PARPACK diagonalization completed after 30 matrix-vector product operations.
	iteration results: : total energy is -102.053521 | electron energy -102.552165 + phonon energy 0.498644 | electron momentum kIdx = 10
The 4-th iteration is completed.	|| time cost : 0h 0m 29.662s
********************************************************************************************************************
Start the 5 rounds of NGS-ED iteration
	effective electronic model is modified as: kinetic energy t = 0.712613
	                                           effective interaction Vq = [-4.99228,-3.98111,-3.78203,-3.98111,-3.98111,-3.78203,-3.77513,-3.78203,-3.78203,-3.77513,-4.99388,-3.77513,-3.98111,-3.78203,-3.77513,-3.78203]
	PARPACK diagonalization completed after 30 matrix-vector product operations.
	iteration results: : total energy is -102.255556 | electron energy -102.740840 + phonon energy 0.485283 | electron momentum kIdx = 10
The 5-th iteration is completed.	|| time cost : 0h 0m 29.968s
********************************************************************************************************************
Start the 6 rounds of NGS-ED iteration
	effective electronic model is modified as: kinetic energy t = 0.719063
	                                           effective interaction Vq = [-4.99661,-3.91563,-3.72931,-3.91563,-3.91563,-3.72931,-3.71619,-3.72931,-3.72931,-3.71619,-4.99619,-3.71619,-3.91563,-3.72931,-3.71619,-3.72931]
	PARPACK diagonalization completed after 30 matrix-vector product operations.
	iteration results: : total energy is -102.343965 | electron energy -102.815115 + phonon energy 0.471150 | electron momentum kIdx = 10
The 6-th iteration is completed.	|| time cost : 0h 0m 30.5s
********************************************************************************************************************
Start the 7 rounds of NGS-ED iteration
	effective electronic model is modified as: kinetic energy t = 0.724164
	                                           effective interaction Vq = [-4.99856,-3.86469,-3.68707,-3.86469,-3.86469,-3.68707,-3.66909,-3.68707,-3.68707,-3.66909, -4.9972,-3.66909,-3.86469,-3.68707,-3.66909,-3.68707]
	PARPACK diagonalization completed after 30 matrix-vector product operations.
	iteration results: : total energy is -102.383633 | electron energy -102.842221 + phonon energy 0.458588 | electron momentum kIdx = 10
The 7-th iteration is completed.	|| time cost : 0h 0m 30.187s
********************************************************************************************************************
Start the 8 rounds of NGS-ED iteration
	effective electronic model is modified as: kinetic energy t = 0.728095
	                                           effective interaction Vq = [-4.99943,-3.82583, -3.6541,-3.82583,-3.82583, -3.6541,-3.63238, -3.6541, -3.6541,-3.63238,-4.99768,-3.63238,-3.82583, -3.6541,-3.63238, -3.6541]
	PARPACK diagonalization completed after 30 matrix-vector product operations.
	iteration results: : total energy is -102.401795 | electron energy -102.850012 + phonon energy 0.448217 | electron momentum kIdx = 10
The 8-th iteration is completed.	|| time cost : 0h 0m 29.78s
********************************************************************************************************************
Start the 9 rounds of NGS-ED iteration
	effective electronic model is modified as: kinetic energy t = 0.731079
	                                           effective interaction Vq = [-4.99982,-3.79651,-3.62877,-3.79651,-3.79651,-3.62877,-3.60422,-3.62877,-3.62877,-3.60422,-4.99792,-3.60422,-3.79651,-3.62877,-3.60422,-3.62877]
	PARPACK diagonalization completed after 30 matrix-vector product operations.
	iteration results: : total energy is -102.410243 | electron energy -102.850235 + phonon energy 0.439992 | electron momentum kIdx = 10
The 9-th iteration is completed.	|| time cost : 0h 0m 29.693s
********************************************************************************************************************
Start the 10 rounds of NGS-ED iteration
	effective electronic model is modified as: kinetic energy t = 0.733323
	                                           effective interaction Vq = [      -5,-3.77456,-3.60952,-3.77456,-3.77456,-3.60952,-3.58284,-3.60952,-3.60952,-3.58284,-4.99805,-3.58284,-3.77456,-3.60952,-3.58284,-3.60952]
	PARPACK diagonalization completed after 30 matrix-vector product operations.
	iteration results: : total energy is -102.414223 | electron energy -102.847851 + phonon energy 0.433628 | electron momentum kIdx = 10
