SNEDics v3.2 diagonalization test program		Start at Wed Apr 24 10:34:45 2019

parallized on 80 MPI threads  * 6 OpenMP threads = 480 total threads.
************************************************************************************
************************************************************************************

Input file "model_params.in"
Hubbard-Holstein model parameters : 	t = 1    U = 8    g = 2.2361    W = 5    
************************************************************************************
Input file "hilbertspace_params.in"

Cluster Positions:				Cluster symmetry group : D4
 x ... x ... x ... x .....                       x ... x ... x ... x .....
 |           |           :                       |           |           :
 |           |           :                       |           |           :
12    13    14    15     x                       1     5     6     5     x
 |           |           :                       |           |           :
 |           |           :                       |           |           :
 8 --- 9 ---10 ---11 --- x                       2 --- 6 ---10 --- 6 --- x
 |           |           :                       |           |           :
 |           |           :                       |           |           :
 4     5     6     7     x                       1     5     6     5     x
 |           |           :                       |           |           :
 |           |           :                       |           |           :
 0 --- 1 --- 2 --- 3 --- x                       0 --- 1 --- 2 --- 1 --- x
orbital number : 1
************************************************************************************
0 rounds of non-Gaussian ED iteration : ground-state energy is -8.46888 | electron energy -8.46888 + phonon energy 0 | electron momentum kIdx = 0
Nq = 	16	0.0625034	0.109912	0.0625034	0.0625034	0.109912	0.152438	0.109912	0.109912	0.152438	0.1925	0.152438	0.0625034	0.109912	0.152438	0.109912
Sq = 	2.31488e-18	0.412873	0.641315	0.412873	0.412873	0.641315	0.93882	0.641315	0.641315	0.93882	5.0336	0.93882	0.412873	0.641315	0.93882	0.641315
1 rounds of non-Gaussian ED iteration : ground-state energy is -19.2209 | electron energy -19.221 + phonon energy 8.84668e-05 | electron momentum kIdx = 0
Nq = 	16	0.0751164	0.128804	0.0751164	0.0751164	0.128804	0.177053	0.128804	0.128804	0.177053	0.222199	0.177053	0.0751164	0.128804	0.177053	0.128804
Sq = 	4.81074e-19	0.417853	0.638693	0.417853	0.417853	0.638693	0.914134	0.638693	0.638693	0.914134	4.83619	0.914134	0.417853	0.638693	0.914134	0.638693
2 rounds of non-Gaussian ED iteration : ground-state energy is -23.0087 | electron energy -23.0096 + phonon energy 0.000898944 | electron momentum kIdx = 0
Nq = 	16	0.0779917	0.132952	0.0779917	0.0779917	0.132952	0.182387	0.132952	0.132952	0.182387	0.228527	0.182387	0.0779917	0.132952	0.182387	0.132952
Sq = 	-1.41225e-18	0.418831	0.638184	0.418831	0.418831	0.638184	0.909017	0.638184	0.638184	0.909017	4.79175	0.909017	0.418831	0.638184	0.909017	0.638184
3 rounds of non-Gaussian ED iteration : ground-state energy is -24.3853 | electron energy -24.3874 + phonon energy 0.00204056 | electron momentum kIdx = 0
Nq = 	16	0.0788149	0.134121	0.0788149	0.0788149	0.134121	0.183875	0.134121	0.134121	0.183875	0.230273	0.183875	0.0788149	0.134121	0.183875	0.134121
Sq = 	5.87018e-19	0.419105	0.638049	0.419105	0.419105	0.638049	0.907591	0.638049	0.638049	0.907591	4.77917	0.907591	0.419105	0.638049	0.907591	0.638049
4 rounds of non-Gaussian ED iteration : ground-state energy is -24.8899 | electron energy -24.8927 + phonon energy 0.00285611 | electron momentum kIdx = 0
Nq = 	16	0.0790834	0.134498	0.0790834	0.0790834	0.134498	0.184352	0.134498	0.134498	0.184352	0.230831	0.184352	0.0790834	0.134498	0.184352	0.134498
Sq = 	-2.68762e-18	0.419194	0.638007	0.419194	0.419194	0.638007	0.907132	0.638007	0.638007	0.907132	4.77509	0.907132	0.419194	0.638007	0.907132	0.638007
5 rounds of non-Gaussian ED iteration : ground-state energy is -25.0753 | electron energy -25.0786 + phonon energy 0.00329514 | electron momentum kIdx = 0
Nq = 	16	0.0791768	0.134628	0.0791768	0.0791768	0.134628	0.184517	0.134628	0.134628	0.184517	0.231022	0.184517	0.0791768	0.134628	0.184517	0.134628
Sq = 	-2.09221e-18	0.419225	0.637993	0.419225	0.419225	0.637993	0.906973	0.637993	0.637993	0.906973	4.77368	0.906973	0.419225	0.637993	0.906973	0.637993
6 rounds of non-Gaussian ED iteration : ground-state energy is -25.1434 | electron energy -25.1469 + phonon energy 0.00350214 | electron momentum kIdx = 0
Nq = 	16	0.0792104	0.134675	0.0792104	0.0792104	0.134675	0.184575	0.134675	0.134675	0.184575	0.231091	0.184575	0.0792104	0.134675	0.184575	0.134675
Sq = 	-4.77431e-18	0.419236	0.637988	0.419236	0.419236	0.637988	0.906916	0.637988	0.637988	0.906916	4.77318	0.906916	0.419236	0.637988	0.906916	0.637988
7 rounds of non-Gaussian ED iteration : ground-state energy is -25.1685 | electron energy -25.1721 + phonon energy 0.00359343 | electron momentum kIdx = 0
Nq = 	16	0.0792228	0.134692	0.0792228	0.0792228	0.134692	0.184597	0.134692	0.134692	0.184597	0.231116	0.184597	0.0792228	0.134692	0.184597	0.134692
Sq = 	-1.49436e-18	0.41924	0.637986	0.41924	0.41924	0.637986	0.906895	0.637986	0.637986	0.906895	4.77299	0.906895	0.41924	0.637986	0.906895	0.637986
8 rounds of non-Gaussian ED iteration : ground-state energy is -25.1777 | electron energy -25.1814 + phonon energy 0.00363225 | electron momentum kIdx = 0
Nq = 	16	0.0792274	0.134699	0.0792274	0.0792274	0.134699	0.184605	0.134699	0.134699	0.184605	0.231126	0.184605	0.0792274	0.134699	0.184605	0.134699
Sq = 	5.33295e-19	0.419242	0.637986	0.419242	0.419242	0.637986	0.906887	0.637986	0.637986	0.906887	4.77292	0.906887	0.419242	0.637986	0.906887	0.637986
9 rounds of non-Gaussian ED iteration : ground-state energy is -25.1811 | electron energy -25.1848 + phonon energy 0.00364843 | electron momentum kIdx = 0
Nq = 	16	0.0792292	0.134701	0.0792292	0.0792292	0.134701	0.184608	0.134701	0.134701	0.184608	0.231129	0.184608	0.0792292	0.134701	0.184608	0.134701
Sq = 	-2.94481e-18	0.419243	0.637986	0.419243	0.419243	0.637986	0.906884	0.637986	0.637986	0.906884	4.77289	0.906884	0.419243	0.637986	0.906884	0.637986
10 rounds of non-Gaussian ED iteration : ground-state energy is -25.1824 | electron energy -25.186 + phonon energy 0.00365508 | electron momentum kIdx = 0
Nq = 	16	0.0792299	0.134702	0.0792299	0.0792299	0.134702	0.184609	0.134702	0.134702	0.184609	0.231131	0.184609	0.0792299	0.134702	0.184609	0.134702
Sq = 	-1.6925e-18	0.419243	0.637985	0.419243	0.419243	0.637985	0.906883	0.637985	0.637985	0.906883	4.77288	0.906883	0.419243	0.637985	0.906883	0.637985
11 rounds of non-Gaussian ED iteration : ground-state energy is -25.1828 | electron energy -25.1865 + phonon energy 0.0036578 | electron momentum kIdx = 0
Nq = 	16	0.0792301	0.134702	0.0792301	0.0792301	0.134702	0.18461	0.134702	0.134702	0.18461	0.231131	0.18461	0.0792301	0.134702	0.18461	0.134702
Sq = 	-2.14308e-18	0.419243	0.637985	0.419243	0.419243	0.637985	0.906883	0.637985	0.637985	0.906883	4.77288	0.906883	0.419243	0.637985	0.906883	0.637985
12 rounds of non-Gaussian ED iteration : ground-state energy is -25.183 | electron energy -25.1867 + phonon energy 0.0036589 | electron momentum kIdx = 0
Nq = 	16	0.0792302	0.134702	0.0792302	0.0792302	0.134702	0.18461	0.134702	0.134702	0.18461	0.231132	0.18461	0.0792302	0.134702	0.18461	0.134702
Sq = 	-4.45672e-19	0.419243	0.637985	0.419243	0.419243	0.637985	0.906883	0.637985	0.637985	0.906883	4.77288	0.906883	0.419243	0.637985	0.906883	0.637985
13 rounds of non-Gaussian ED iteration : ground-state energy is -25.1831 | electron energy -25.1867 + phonon energy 0.00365935 | electron momentum kIdx = 0
Nq = 	16	0.0792303	0.134703	0.0792303	0.0792303	0.134703	0.18461	0.134703	0.134703	0.18461	0.231132	0.18461	0.0792303	0.134703	0.18461	0.134703
Sq = 	7.7333e-19	0.419243	0.637985	0.419243	0.419243	0.637985	0.906883	0.637985	0.637985	0.906883	4.77288	0.906883	0.419243	0.637985	0.906883	0.637985
14 rounds of non-Gaussian ED iteration : ground-state energy is -25.1831 | electron energy -25.1867 + phonon energy 0.00365953 | electron momentum kIdx = 0
Nq = 	16	0.0792303	0.134703	0.0792303	0.0792303	0.134703	0.18461	0.134703	0.134703	0.18461	0.231132	0.18461	0.0792303	0.134703	0.18461	0.134703
Sq = 	-7.15352e-19	0.419243	0.637985	0.419243	0.419243	0.637985	0.906883	0.637985	0.637985	0.906883	4.77288	0.906883	0.419243	0.637985	0.906883	0.637985
15 rounds of non-Gaussian ED iteration : ground-state energy is -25.1831 | electron energy -25.1867 + phonon energy 0.0036596 | electron momentum kIdx = 0
Nq = 	16	0.0792303	0.134703	0.0792303	0.0792303	0.134703	0.18461	0.134703	0.134703	0.18461	0.231132	0.18461	0.0792303	0.134703	0.18461	0.134703
Sq = 	1.15607e-18	0.419243	0.637985	0.419243	0.419243	0.637985	0.906882	0.637985	0.637985	0.906882	4.77288	0.906882	0.419243	0.637985	0.906882	0.637985
16 rounds of non-Gaussian ED iteration : ground-state energy is -25.1831 | electron energy -25.1867 + phonon energy 0.00365963 | electron momentum kIdx = 0
Nq = 	16	0.0792303	0.134703	0.0792303	0.0792303	0.134703	0.18461	0.134703	0.134703	0.18461	0.231132	0.18461	0.0792303	0.134703	0.18461	0.134703
Sq = 	1.08827e-18	0.419243	0.637985	0.419243	0.419243	0.637985	0.906882	0.637985	0.637985	0.906882	4.77288	0.906882	0.419243	0.637985	0.906882	0.637985
17 rounds of non-Gaussian ED iteration : ground-state energy is -25.1831 | electron energy -25.1868 + phonon energy 0.00365964 | electron momentum kIdx = 0
Nq = 	16	0.0792303	0.134703	0.0792303	0.0792303	0.134703	0.18461	0.134703	0.134703	0.18461	0.231132	0.18461	0.0792303	0.134703	0.18461	0.134703
Sq = 	4.2722e-18	0.419243	0.637985	0.419243	0.419243	0.637985	0.906882	0.637985	0.637985	0.906882	4.77288	0.906882	0.419243	0.637985	0.906882	0.637985
Ground state is obtained after 18 iterations. The current ground-state energy is -25.1831, in which electron energy is -25.1868 and phonon energy is 0.00365964
o___o  -------------------------------------
| L |	Time since last clock: 1h 33m 28.811s
A===A	Time since the beginning: 1h 33m 28.811s
********************************************

************************************************************************************
