TACC:  Starting up job 1744352 
TACC:  Starting parallel tasks... 
SNEDics v3.4 Non-Gaussian ED ground state program		Start at Sun Oct 11 00:48:29 2020

parallized on 16 MPI threads  * 7 OpenMP threads = 112 total threads.
********************************************************************************************************************
********************************************************************************************************************

********************************************************************************************************************
System parameters and configurations
********************************************************************************************************************
Special program options are enabled: splitted diagonal Hamiltonian
********************************************************************************************************************
Read input file "model_params.in"
	Hubbard-Holstein model parameters : 	t = 1    U = 8    g = 0.09    W = 0.2    g' = 0.1    
********************************************************************************************************************
Read input file "hilbertspace_params.in"
	Requested 16-site 2D lattice, with 14 electrons (7, 7)
	Boundary : Periodic		Hilbert space representation : momentum-space (restricted to kIdx = 0)
	Conservation: particle number[U(1)]      spin[U(1)]     momentum
********************************************************************************************************************

Cluster Positions:				Cluster symmetry group : D4
 x ... x ... x ... x .....                       x ... x ... x ... x .....
 |           |           :                       |           |           :
 |           |           :                       |           |           :
12    13    14    15     x                       1     5     6     5     x
 |           |           :                       |           |           :
 |           |           :                       |           |           :
 8 --- 9 ---10 ---11 --- x                       2 --- 6 ---10 --- 6 --- x
 |           |           :                       |           |           :
 |           |           :                       |           |           :
 4     5     6     7     x                       1     5     6     5     x
 |           |           :                       |           |           :
 |           |           :                       |           |           :
 0 --- 1 --- 2 --- 3 --- x                       0 --- 1 --- 2 --- 1 --- x
orbital number : 1
********************************************************************************************************************
Read input file "obs_params.in"
	Observable Type : Nq(All),   Sq(All),   N(All),   Delta[s](All),   Delta[d](All),   Delta[s+](All)
********************************************************************************************************************
** WARNING ** the input observables have non-local factors which have been reinterpreted. The total observable number is 96
********************************************************************************************************************


********************************************************************************************************************
Start calculating the non-Gaussian ED ground state
** WARNING ** Detected low phonon energy W < 10. The initial state will be prepared through a warm-up process.
********************************************************************************************************************
Start warm-up calculation for scaling factor 64
open output files: NGSEDWarmUpW12.8Obs.txt
********************************************************************************************************************
Start the 0 rounds of NGS-ED iteration
	effective electronic model is modified as: kinetic energy t = 1
	                                           effective interaction Vq = [0,0,0,0,0,0,0,0,0,0,0,0,0,0,0,0]
	first Hamiltonian is constructed, non-zero numbers = 2178478298
	PARPACK diagonalization completed after 165 matrix-vector product operations.
	iteration results: : total energy is -11.868836 | electron energy -11.868836 + phonon energy 0.000000 | electron momentum kIdx = 0
	Nq(0) = 12.25,	Nq(1) = 0.154193,	Nq(2) = 0.185311,	Nq(3) = 0.154193,	Nq(4) = 0.154193,	Nq(5) = 0.203281,	Nq(6) = 0.235634,	Nq(7) = 0.203281,	Nq(8) = 0.185311,	Nq(9) = 0.235634,	Nq(10) = 0.275446,	Nq(11) = 0.235634,	Nq(12) = 0.154193,	Nq(13) = 0.203281,	Nq(14) = 0.235634,	Nq(15) = 0.203281,	Sq(0) = 1.11096e-18,	Sq(1) = 0.474292,	Sq(2) = 0.766364,	Sq(3) = 0.474292,	Sq(4) = 0.474292,	Sq(5) = 0.630724,	Sq(6) = 1.05279,	Sq(7) = 0.630724,	Sq(8) = 0.766364,	Sq(9) = 1.05279,	Sq(10) = 2.56755,	Sq(11) = 1.05279,	Sq(12) = 0.474292,	Sq(13) = 0.630724,	Sq(14) = 1.05279,	Sq(15) = 0.630724,	N(0) = 1.75464,	N(1) = 1.59086,	N(2) = 0.323321,	N(3) = 1.59086,	N(4) = 1.59086,	N(5) = 0.999881,	N(6) = 0.267546,	N(7) = 0.999881,	N(8) = 0.323321,	N(9) = 0.267546,	N(10) = 0.165565,	N(11) = 0.267546,	N(12) = 1.59086,	N(13) = 0.999881,	N(14) = 0.267546,	N(15) = 0.999881,	Delta[s](0) = 0.0787693,	Delta[s](1) = 0.0589833,	Delta[s](2) = 0.0354563,	Delta[s](3) = 0.0589833,	Delta[s](4) = 0.0589833,	Delta[s](5) = 0.0422615,	Delta[s](6) = 0.0197407,	Delta[s](7) = 0.0422615,	Delta[s](8) = 0.0354563,	Delta[s](9) = 0.0197407,	Delta[s](10) = 0.000626387,	Delta[s](11) = 0.0197407,	Delta[s](12) = 0.0589833,	Delta[s](13) = 0.0422615,	Delta[s](14) = 0.0197407,	Delta[s](15) = 0.0422615,	Delta[d](0) = 0.279536,	Delta[d](1) = 0.19306,	Delta[d](2) = 0.202677,	Delta[d](3) = 0.19306,	Delta[d](4) = 0.19306,	Delta[d](5) = 0.179406,	Delta[d](6) = 0.13468,	Delta[d](7) = 0.179406,	Delta[d](8) = 0.202677,	Delta[d](9) = 0.13468,	Delta[d](10) = 0.0544025,	Delta[d](11) = 0.13468,	Delta[d](12) = 0.19306,	Delta[d](13) = 0.179406,	Delta[d](14) = 0.13468,	Delta[d](15) = 0.179406,	Delta[s+](0) = 0.567626,	Delta[s+](1) = 0.422721,	Delta[s+](2) = 0.202677,	Delta[s+](3) = 0.422721,	Delta[s+](4) = 0.422721,	Delta[s+](5) = 0.295545,	Delta[s+](6) = 0.128152,	Delta[s+](7) = 0.295545,	Delta[s+](8) = 0.202677,	Delta[s+](9) = 0.128152,	Delta[s+](10) = 0.039012,	Delta[s+](11) = 0.128152,	Delta[s+](12) = 0.422721,	Delta[s+](13) = 0.295545,	Delta[s+](14) = 0.128152,	Delta[s+](15) = 0.295545
The 0-th iteration is completed.	|| time cost : 0h 6m 30.238s
********************************************************************************************************************
Start the 1 rounds of NGS-ED iteration
	effective electronic model is modified as: kinetic energy t = 0.995998
	                                           effective interaction Vq = [   -1.1077, -0.363955,-0.0334633, -0.363955, -0.363955,-0.0338148,-0.0489279,-0.0338148,-0.0334633,-0.0489279, -0.381033,-0.0489279, -0.363955,-0.0338148,-0.0489279,-0.0338148]
	PARPACK diagonalization completed after 60 matrix-vector product operations.
	iteration results: : total energy is -25.791613 | electron energy -25.791639 + phonon energy 0.000026 | electron momentum kIdx = 0
The 1-th iteration is completed.	|| time cost : 0h 5m 14.687s
********************************************************************************************************************
Start the 2 rounds of NGS-ED iteration
	effective electronic model is modified as: kinetic energy t = 0.994542
	                                           effective interaction Vq = [  -1.19333, -0.396558,-0.0362128, -0.396558, -0.396558, -0.036645,-0.0527899, -0.036645,-0.0362128,-0.0527899, -0.411703,-0.0527899, -0.396558, -0.036645,-0.0527899, -0.036645]
	PARPACK diagonalization completed after 60 matrix-vector product operations.
	iteration results: : total energy is -26.852209 | electron energy -26.852302 + phonon energy 0.000093 | electron momentum kIdx = 0
The 2-th iteration is completed.	|| time cost : 0h 0m 27.154s
********************************************************************************************************************
Start the 3 rounds of NGS-ED iteration
	effective electronic model is modified as: kinetic energy t = 0.994266
	                                           effective interaction Vq = [  -1.19995, -0.401466,-0.0365837, -0.401466, -0.401466,-0.0370374,-0.0532781,-0.0370374,-0.0365837,-0.0532781, -0.415556,-0.0532781, -0.401466,-0.0370374,-0.0532781,-0.0370374]
	PARPACK diagonalization completed after 45 matrix-vector product operations.
	iteration results: : total energy is -26.933711 | electron energy -26.933828 + phonon energy 0.000116 | electron momentum kIdx = 0
The 3-th iteration is completed.	|| time cost : 0h 0m 24.365s
********************************************************************************************************************
Start the 4 rounds of NGS-ED iteration
	effective electronic model is modified as: kinetic energy t = 0.994216
	                                           effective interaction Vq = [  -1.20046, -0.402387,-0.0366406, -0.402387, -0.402387,-0.0371002,-0.0533466,-0.0371002,-0.0366406,-0.0533466,  -0.41609,-0.0533466, -0.402387,-0.0371002,-0.0533466,-0.0371002]
	PARPACK diagonalization completed after 45 matrix-vector product operations.
	iteration results: : total energy is -26.939995 | electron energy -26.940117 + phonon energy 0.000122 | electron momentum kIdx = 0
The 4-th iteration is completed.	|| time cost : 0h 0m 24.355s
********************************************************************************************************************
Start the 5 rounds of NGS-ED iteration
	effective electronic model is modified as: kinetic energy t = 0.994207
	                                           effective interaction Vq = [   -1.2005,  -0.40257,-0.0366495,  -0.40257,  -0.40257,-0.0371104,-0.0533564,-0.0371104,-0.0366495,-0.0533564, -0.416165,-0.0533564,  -0.40257,-0.0371104,-0.0533564,-0.0371104]
	PARPACK diagonalization completed after 30 matrix-vector product operations.
	iteration results: : total energy is -26.940480 | electron energy -26.940603 + phonon energy 0.000122 | electron momentum kIdx = 0
The 5-th iteration is completed.	|| time cost : 0h 0m 21.579s
********************************************************************************************************************
Start the 6 rounds of NGS-ED iteration
	effective electronic model is modified as: kinetic energy t = 0.994205
	                                           effective interaction Vq = [   -1.2005, -0.402606,-0.0366509, -0.402606, -0.402606,-0.0371121,-0.0533578,-0.0371121,-0.0366509,-0.0533578, -0.416175,-0.0533578, -0.402606,-0.0371121,-0.0533578,-0.0371121]
	PARPACK diagonalization completed after 30 matrix-vector product operations.
	iteration results: : total energy is -26.940518 | electron energy -26.940640 + phonon energy 0.000123 | electron momentum kIdx = 0
	Nq(0) = 12.25,	Nq(1) = 0.160011,	Nq(2) = 0.186841,	Nq(3) = 0.160011,	Nq(4) = 0.160011,	Nq(5) = 0.204644,	Nq(6) = 0.238564,	Nq(7) = 0.204644,	Nq(8) = 0.186841,	Nq(9) = 0.238564,	Nq(10) = 0.287264,	Nq(11) = 0.238564,	Nq(12) = 0.160011,	Nq(13) = 0.204644,	Nq(14) = 0.238564,	Nq(15) = 0.204644,	Sq(0) = -4.27078e-18,	Sq(1) = 0.470539,	Sq(2) = 0.761765,	Sq(3) = 0.470539,	Sq(4) = 0.470539,	Sq(5) = 0.627359,	Sq(6) = 1.05169,	Sq(7) = 0.627359,	Sq(8) = 0.761765,	Sq(9) = 1.05169,	Sq(10) = 2.5543,	Sq(11) = 1.05169,	Sq(12) = 0.470539,	Sq(13) = 0.627359,	Sq(14) = 1.05169,	Sq(15) = 0.627359,	N(0) = 1.76244,	N(1) = 1.60328,	N(2) = 0.317298,	N(3) = 1.60328,	N(4) = 1.60328,	N(5) = 0.997939,	N(6) = 0.259179,	N(7) = 0.997939,	N(8) = 0.317298,	N(9) = 0.259179,	N(10) = 0.161388,	N(11) = 0.259179,	N(12) = 1.60328,	N(13) = 0.997939,	N(14) = 0.259179,	N(15) = 0.997939,	Delta[s](0) = 0.0817072,	Delta[s](1) = 0.0613323,	Delta[s](2) = 0.0370341,	Delta[s](3) = 0.0613323,	Delta[s](4) = 0.0613323,	Delta[s](5) = 0.0441408,	Delta[s](6) = 0.0208182,	Delta[s](7) = 0.0441408,	Delta[s](8) = 0.0370341,	Delta[s](9) = 0.0208182,	Delta[s](10) = 0.000969499,	Delta[s](11) = 0.0208182,	Delta[s](12) = 0.0613323,	Delta[s](13) = 0.0441408,	Delta[s](14) = 0.0208182,	Delta[s](15) = 0.0441408,	Delta[d](0) = 0.290708,	Delta[d](1) = 0.195398,	Delta[d](2) = 0.20474,	Delta[d](3) = 0.195398,	Delta[d](4) = 0.195398,	Delta[d](5) = 0.181493,	Delta[d](6) = 0.135309,	Delta[d](7) = 0.181493,	Delta[d](8) = 0.20474,	Delta[d](9) = 0.135309,	Delta[d](10) = 0.0551078,	Delta[d](11) = 0.135309,	Delta[d](12) = 0.195398,	Delta[d](13) = 0.181493,	Delta[d](14) = 0.135309,	Delta[d](15) = 0.181493,	Delta[s+](0) = 0.575969,	Delta[s+](1) = 0.428902,	Delta[s+](2) = 0.20474,	Delta[s+](3) = 0.428902,	Delta[s+](4) = 0.428902,	Delta[s+](5) = 0.299216,	Delta[s+](6) = 0.128983,	Delta[s+](7) = 0.299216,	Delta[s+](8) = 0.20474,	Delta[s+](9) = 0.128983,	Delta[s+](10) = 0.0389087,	Delta[s+](11) = 0.128983,	Delta[s+](12) = 0.428902,	Delta[s+](13) = 0.299216,	Delta[s+](14) = 0.128983,	Delta[s+](15) = 0.299216
The 6-th iteration is completed.	|| time cost : 0h 3m 59.838s
********************************************************************************************************************
********************************************************************************************************************
Ground state is obtained after 7 iterations. The current ground-state energy is -26.9405, in which electron energy is -26.9406 and phonon energy is 0.000122622
final variational state is: 
	Gamma_x = [      1,1.00172,1.00025,1.00172,1.00172,1.00027,1.00051,1.00027,1.00025,1.00051,1.00502,1.00051,1.00172,1.00027,1.00051,1.00027]
	lambda_q = [  0.306211,  0.143869, 0.0389094,  0.143869,  0.143869, 0.0399818,-0.0451286, 0.0399818, 0.0389094,-0.0451286, -0.122861,-0.0451286,  0.143869, 0.0399818,-0.0451286, 0.0399818]
The effective e-e interactions mediated by phonons are: [   1.2005, 0.402614,0.0366511, 0.402614, 0.402614,0.0371124, 0.053358,0.0371124,0.0366511, 0.053358, 0.416177, 0.053358, 0.402614,0.0371124, 0.053358,0.0371124]
The real-space interactions mediated by phonons are: [ -3.66232, -1.35181,-0.431923,  -1.2432, -1.48283, -1.62123,-0.431923,-0.439159, -1.54153,-0.439159,-0.431923, -1.62123, -1.48283,  -1.2432,-0.431923, -1.35181]
********************************************************************************************************************
o___o  ----------------------------------------
| L |	Time since last clock: 0h 0m 0s
A===A	Time since the beginning: 0h 17m 22.219s
***********************************************

********************************************************************************************************************
Start warm-up calculation for scaling factor 32
open output files: NGSEDWarmUpW6.4Obs.txt
********************************************************************************************************************
Start the 0 rounds of NGS-ED iteration
	effective electronic model is modified as: kinetic energy t = 0.994205
	                                           effective interaction Vq = [  -1.09745, -0.339561,-0.0299296, -0.339561, -0.339561,-0.0304801,-0.0431287,-0.0304801,-0.0299296,-0.0431287, -0.334297,-0.0431287, -0.339561,-0.0304801,-0.0431287,-0.0304801]
	PARPACK diagonalization completed after 60 matrix-vector product operations.
	iteration results: : total energy is -25.596896 | electron energy -25.596957 + phonon energy 0.000061 | electron momentum kIdx = 0
	Nq(0) = 12.25,	Nq(1) = 0.158983,	Nq(2) = 0.186407,	Nq(3) = 0.158983,	Nq(4) = 0.158983,	Nq(5) = 0.204206,	Nq(6) = 0.237815,	Nq(7) = 0.204206,	Nq(8) = 0.186407,	Nq(9) = 0.237815,	Nq(10) = 0.284652,	Nq(11) = 0.237815,	Nq(12) = 0.158983,	Nq(13) = 0.204206,	Nq(14) = 0.237815,	Nq(15) = 0.204206,	Sq(0) = -2.89771e-18,	Sq(1) = 0.471064,	Sq(2) = 0.762724,	Sq(3) = 0.471064,	Sq(4) = 0.471064,	Sq(5) = 0.628022,	Sq(6) = 1.05245,	Sq(7) = 0.628022,	Sq(8) = 0.762724,	Sq(9) = 1.05245,	Sq(10) = 2.55693,	Sq(11) = 1.05245,	Sq(12) = 0.471064,	Sq(13) = 0.628022,	Sq(14) = 1.05245,	Sq(15) = 0.628022,	N(0) = 1.76071,	N(1) = 1.60059,	N(2) = 0.318814,	N(3) = 1.60059,	N(4) = 1.60059,	N(5) = 0.998262,	N(6) = 0.26096,	N(7) = 0.998262,	N(8) = 0.318814,	N(9) = 0.26096,	N(10) = 0.162433,	N(11) = 0.26096,	N(12) = 1.60059,	N(13) = 0.998262,	N(14) = 0.26096,	N(15) = 0.998262,	Delta[s](0) = 0.0808692,	Delta[s](1) = 0.0607209,	Delta[s](2) = 0.0367063,	Delta[s](3) = 0.0607209,	Delta[s](4) = 0.0607209,	Delta[s](5) = 0.0437024,	Delta[s](6) = 0.0206719,	Delta[s](7) = 0.0437024,	Delta[s](8) = 0.0367063,	Delta[s](9) = 0.0206719,	Delta[s](10) = 0.00107899,	Delta[s](11) = 0.0206719,	Delta[s](12) = 0.0607209,	Delta[s](13) = 0.0437024,	Delta[s](14) = 0.0206719,	Delta[s](15) = 0.0437024,	Delta[d](0) = 0.292908,	Delta[d](1) = 0.198226,	Delta[d](2) = 0.207506,	Delta[d](3) = 0.198226,	Delta[d](4) = 0.198226,	Delta[d](5) = 0.183999,	Delta[d](6) = 0.137407,	Delta[d](7) = 0.183999,	Delta[d](8) = 0.207506,	Delta[d](9) = 0.137407,	Delta[d](10) = 0.0559808,	Delta[d](11) = 0.137407,	Delta[d](12) = 0.198226,	Delta[d](13) = 0.183999,	Delta[d](14) = 0.137407,	Delta[d](15) = 0.183999,	Delta[s+](0) = 0.582587,	Delta[s+](1) = 0.433874,	Delta[s+](2) = 0.207506,	Delta[s+](3) = 0.433874,	Delta[s+](4) = 0.433874,	Delta[s+](5) = 0.302874,	Delta[s+](6) = 0.130889,	Delta[s+](7) = 0.302874,	Delta[s+](8) = 0.207506,	Delta[s+](9) = 0.130889,	Delta[s+](10) = 0.0396808,	Delta[s+](11) = 0.130889,	Delta[s+](12) = 0.433874,	Delta[s+](13) = 0.302874,	Delta[s+](14) = 0.130889,	Delta[s+](15) = 0.302874
The 0-th iteration is completed.	|| time cost : 0h 4m 4.407s
********************************************************************************************************************
Start the 1 rounds of NGS-ED iteration
	effective electronic model is modified as: kinetic energy t = 0.993407
	                                           effective interaction Vq = [  -1.17185, -0.360188,-0.0310563, -0.360188, -0.360188,-0.0317913,-0.0442698,-0.0317913,-0.0310563,-0.0442698, -0.340241,-0.0442698, -0.360188,-0.0317913,-0.0442698,-0.0317913]
	PARPACK diagonalization completed after 45 matrix-vector product operations.
	iteration results: : total energy is -26.511888 | electron energy -26.512091 + phonon energy 0.000203 | electron momentum kIdx = 0
The 1-th iteration is completed.	|| time cost : 0h 0m 24.356s
********************************************************************************************************************
Start the 2 rounds of NGS-ED iteration
	effective electronic model is modified as: kinetic energy t = 0.993105
	                                           effective interaction Vq = [  -1.19253, -0.367303,-0.0313818, -0.367303, -0.367303,-0.0321842,-0.0445756,-0.0321842,-0.0313818,-0.0445756, -0.341961,-0.0445756, -0.367303,-0.0321842,-0.0445756,-0.0321842]
	PARPACK diagonalization completed after 45 matrix-vector product operations.
	iteration results: : total energy is -26.765802 | electron energy -26.766082 + phonon energy 0.000280 | electron momentum kIdx = 0
The 2-th iteration is completed.	|| time cost : 0h 0m 24.382s
********************************************************************************************************************
Start the 3 rounds of NGS-ED iteration
	effective electronic model is modified as: kinetic energy t = 0.992993
	                                           effective interaction Vq = [  -1.19829, -0.369917,-0.0314786, -0.369917, -0.369917,-0.0323058,-0.0446592,-0.0323058,-0.0314786,-0.0446592, -0.342469,-0.0446592, -0.369917,-0.0323058,-0.0446592,-0.0323058]
	PARPACK diagonalization completed after 45 matrix-vector product operations.
	iteration results: : total energy is -26.836330 | electron energy -26.836644 + phonon energy 0.000313 | electron momentum kIdx = 0
The 3-th iteration is completed.	|| time cost : 0h 0m 24.41s
********************************************************************************************************************
Start the 4 rounds of NGS-ED iteration
	effective electronic model is modified as: kinetic energy t = 0.992952
	                                           effective interaction Vq = [  -1.19988, -0.370904,-0.0315076, -0.370904, -0.370904,-0.0323438,-0.0446822,-0.0323438,-0.0315076,-0.0446822, -0.342622,-0.0446822, -0.370904,-0.0323438,-0.0446822,-0.0323438]
	PARPACK diagonalization completed after 45 matrix-vector product operations.
	iteration results: : total energy is -26.855930 | electron energy -26.856257 + phonon energy 0.000326 | electron momentum kIdx = 0
The 4-th iteration is completed.	|| time cost : 0h 0m 24.387s
********************************************************************************************************************
Start the 5 rounds of NGS-ED iteration
	effective electronic model is modified as: kinetic energy t = 0.992936
	                                           effective interaction Vq = [  -1.20033, -0.371281,-0.0315163, -0.371281, -0.371281,-0.0323558,-0.0446886,-0.0323558,-0.0315163,-0.0446886, -0.342668,-0.0446886, -0.371281,-0.0323558,-0.0446886,-0.0323558]
	PARPACK diagonalization completed after 30 matrix-vector product operations.
	iteration results: : total energy is -26.861378 | electron energy -26.861710 + phonon energy 0.000332 | electron momentum kIdx = 0
The 5-th iteration is completed.	|| time cost : 0h 0m 21.604s
********************************************************************************************************************
Start the 6 rounds of NGS-ED iteration
	effective electronic model is modified as: kinetic energy t = 0.99293
	                                           effective interaction Vq = [  -1.20045, -0.371426,-0.0315189, -0.371426, -0.371426,-0.0323595,-0.0446904,-0.0323595,-0.0315189,-0.0446904, -0.342682,-0.0446904, -0.371426,-0.0323595,-0.0446904,-0.0323595]
	PARPACK diagonalization completed after 30 matrix-vector product operations.
	iteration results: : total energy is -26.862893 | electron energy -26.863226 + phonon energy 0.000333 | electron momentum kIdx = 0
The 6-th iteration is completed.	|| time cost : 0h 0m 21.581s
********************************************************************************************************************
Start the 7 rounds of NGS-ED iteration
	effective electronic model is modified as: kinetic energy t = 0.992928
	                                           effective interaction Vq = [  -1.20049, -0.371481,-0.0315197, -0.371481, -0.371481,-0.0323607,-0.0446909,-0.0323607,-0.0315197,-0.0446909, -0.342687,-0.0446909, -0.371481,-0.0323607,-0.0446909,-0.0323607]
	PARPACK diagonalization completed after 30 matrix-vector product operations.
	iteration results: : total energy is -26.863314 | electron energy -26.863648 + phonon energy 0.000334 | electron momentum kIdx = 0
The 7-th iteration is completed.	|| time cost : 0h 0m 21.595s
********************************************************************************************************************
Start the 8 rounds of NGS-ED iteration
	effective electronic model is modified as: kinetic energy t = 0.992927
	                                           effective interaction Vq = [   -1.2005, -0.371503,  -0.03152, -0.371503, -0.371503,-0.0323611, -0.044691,-0.0323611,  -0.03152, -0.044691, -0.342688, -0.044691, -0.371503,-0.0323611, -0.044691,-0.0323611]
	PARPACK diagonalization completed after 30 matrix-vector product operations.
	iteration results: : total energy is -26.863431 | electron energy -26.863765 + phonon energy 0.000334 | electron momentum kIdx = 0
	Nq(0) = 12.25,	Nq(1) = 0.159371,	Nq(2) = 0.186353,	Nq(3) = 0.159371,	Nq(4) = 0.159371,	Nq(5) = 0.204096,	Nq(6) = 0.237752,	Nq(7) = 0.204096,	Nq(8) = 0.186353,	Nq(9) = 0.237752,	Nq(10) = 0.284777,	Nq(11) = 0.237752,	Nq(12) = 0.159371,	Nq(13) = 0.204096,	Nq(14) = 0.237752,	Nq(15) = 0.204096,	Sq(0) = -6.14357e-19,	Sq(1) = 0.470712,	Sq(2) = 0.762594,	Sq(3) = 0.470712,	Sq(4) = 0.470712,	Sq(5) = 0.627905,	Sq(6) = 1.05288,	Sq(7) = 0.627905,	Sq(8) = 0.762594,	Sq(9) = 1.05288,	Sq(10) = 2.55646,	Sq(11) = 1.05288,	Sq(12) = 0.470712,	Sq(13) = 0.627905,	Sq(14) = 1.05288,	Sq(15) = 0.627905,	N(0) = 1.76077,	N(1) = 1.60082,	N(2) = 0.318914,	N(3) = 1.60082,	N(4) = 1.60082,	N(5) = 0.998085,	N(6) = 0.26081,	N(7) = 0.998085,	N(8) = 0.318914,	N(9) = 0.26081,	N(10) = 0.162529,	N(11) = 0.26081,	N(12) = 1.60082,	N(13) = 0.998085,	N(14) = 0.26081,	N(15) = 0.998085,	Delta[s](0) = 0.0808454,	Delta[s](1) = 0.0607252,	Delta[s](2) = 0.0367383,	Delta[s](3) = 0.0607252,	Delta[s](4) = 0.0607252,	Delta[s](5) = 0.0437254,	Delta[s](6) = 0.0207241,	Delta[s](7) = 0.0437254,	Delta[s](8) = 0.0367383,	Delta[s](9) = 0.0207241,	Delta[s](10) = 0.0011586,	Delta[s](11) = 0.0207241,	Delta[s](12) = 0.0607252,	Delta[s](13) = 0.0437254,	Delta[s](14) = 0.0207241,	Delta[s](15) = 0.0437254,	Delta[d](0) = 0.297918,	Delta[d](1) = 0.201392,	Delta[d](2) = 0.210646,	Delta[d](3) = 0.201392,	Delta[d](4) = 0.201392,	Delta[d](5) = 0.186853,	Delta[d](6) = 0.139503,	Delta[d](7) = 0.186853,	Delta[d](8) = 0.210646,	Delta[d](9) = 0.139503,	Delta[d](10) = 0.0569468,	Delta[d](11) = 0.139503,	Delta[d](12) = 0.201392,	Delta[d](13) = 0.186853,	Delta[d](14) = 0.139503,	Delta[d](15) = 0.186853,	Delta[s+](0) = 0.591141,	Delta[s+](1) = 0.440254,	Delta[s+](2) = 0.210646,	Delta[s+](3) = 0.440254,	Delta[s+](4) = 0.440254,	Delta[s+](5) = 0.307317,	Delta[s+](6) = 0.132873,	Delta[s+](7) = 0.307317,	Delta[s+](8) = 0.210646,	Delta[s+](9) = 0.132873,	Delta[s+](10) = 0.0403343,	Delta[s+](11) = 0.132873,	Delta[s+](12) = 0.440254,	Delta[s+](13) = 0.307317,	Delta[s+](14) = 0.132873,	Delta[s+](15) = 0.307317
The 8-th iteration is completed.	|| time cost : 0h 3m 57.308s
********************************************************************************************************************
********************************************************************************************************************
Ground state is obtained after 9 iterations. The current ground-state energy is -26.8634, in which electron energy is -26.8638 and phonon energy is 0.000334493
final variational state is: 
	Gamma_x = [      1,1.00472,1.00059,1.00472,1.00472,1.00064,1.00112,1.00064,1.00059,1.00112,1.01069,1.00112,1.00472,1.00064,1.00112,1.00064]
	lambda_q = [  0.432703,  0.168836, 0.0420913,  0.168836,  0.168836, 0.0438888,-0.0475266, 0.0438888, 0.0420913,-0.0475266, -0.127263,-0.0475266,  0.168836, 0.0438888,-0.0475266, 0.0438888]
The effective e-e interactions mediated by phonons are: [   1.2005, 0.371511,0.0315201, 0.371511, 0.371511,0.0323612, 0.044691,0.0323612,0.0315201, 0.044691, 0.342689, 0.044691, 0.371511,0.0323612, 0.044691,0.0323612]
The real-space interactions mediated by phonons are: [ -3.40048, -1.37596,-0.488997, -1.21213, -1.51145, -1.56588,-0.488997,-0.521939, -1.47678,-0.521939,-0.488997, -1.56588, -1.51145, -1.21213,-0.488997, -1.37596]
********************************************************************************************************************
o___o  ----------------------------------------
| L |	Time since last clock: 0h 0m 0s
A===A	Time since the beginning: 0h 28m 6.254s
***********************************************

********************************************************************************************************************
Start warm-up calculation for scaling factor 16
open output files: NGSEDWarmUpW3.2Obs.txt
********************************************************************************************************************
Start the 0 rounds of NGS-ED iteration
	effective electronic model is modified as: kinetic energy t = 0.992927
	                                           effective interaction Vq = [  -1.09705, -0.300482,-0.0246364, -0.300482, -0.300482, -0.025436,-0.0345953, -0.025436,-0.0246364,-0.0345953, -0.263785,-0.0345953, -0.300482, -0.025436,-0.0345953, -0.025436]
	PARPACK diagonalization completed after 60 matrix-vector product operations.
	iteration results: : total energy is -25.511141 | electron energy -25.511308 + phonon energy 0.000167 | electron momentum kIdx = 0
	Nq(0) = 12.25,	Nq(1) = 0.158243,	Nq(2) = 0.185921,	Nq(3) = 0.158243,	Nq(4) = 0.158243,	Nq(5) = 0.203668,	Nq(6) = 0.237006,	Nq(7) = 0.203668,	Nq(8) = 0.185921,	Nq(9) = 0.237006,	Nq(10) = 0.282262,	Nq(11) = 0.237006,	Nq(12) = 0.158243,	Nq(13) = 0.203668,	Nq(14) = 0.237006,	Nq(15) = 0.203668,	Sq(0) = -1.59167e-19,	Sq(1) = 0.471335,	Sq(2) = 0.763593,	Sq(3) = 0.471335,	Sq(4) = 0.471335,	Sq(5) = 0.628602,	Sq(6) = 1.05355,	Sq(7) = 0.628602,	Sq(8) = 0.763593,	Sq(9) = 1.05355,	Sq(10) = 2.5591,	Sq(11) = 1.05355,	Sq(12) = 0.471335,	Sq(13) = 0.628602,	Sq(14) = 1.05355,	Sq(15) = 0.628602,	N(0) = 1.75898,	N(1) = 1.59804,	N(2) = 0.320476,	N(3) = 1.59804,	N(4) = 1.59804,	N(5) = 0.998449,	N(6) = 0.262637,	N(7) = 0.998449,	N(8) = 0.320476,	N(9) = 0.262637,	N(10) = 0.163568,	N(11) = 0.262637,	N(12) = 1.59804,	N(13) = 0.998449,	N(14) = 0.262637,	N(15) = 0.998449,	Delta[s](0) = 0.0801418,	Delta[s](1) = 0.0601752,	Delta[s](2) = 0.0363894,	Delta[s](3) = 0.0601752,	Delta[s](4) = 0.0601752,	Delta[s](5) = 0.0432893,	Delta[s](6) = 0.0204974,	Delta[s](7) = 0.0432893,	Delta[s](8) = 0.0363894,	Delta[s](9) = 0.0204974,	Delta[s](10) = 0.00111856,	Delta[s](11) = 0.0204974,	Delta[s](12) = 0.0601752,	Delta[s](13) = 0.0432893,	Delta[s](14) = 0.0204974,	Delta[s](15) = 0.0432893,	Delta[d](0) = 0.300271,	Delta[d](1) = 0.204208,	Delta[d](2) = 0.213518,	Delta[d](3) = 0.204208,	Delta[d](4) = 0.204208,	Delta[d](5) = 0.189404,	Delta[d](6) = 0.141621,	Delta[d](7) = 0.189404,	Delta[d](8) = 0.213518,	Delta[d](9) = 0.141621,	Delta[d](10) = 0.05778,	Delta[d](11) = 0.141621,	Delta[d](12) = 0.204208,	Delta[d](13) = 0.189404,	Delta[d](14) = 0.141621,	Delta[d](15) = 0.189404,	Delta[s+](0) = 0.598299,	Delta[s+](1) = 0.445613,	Delta[s+](2) = 0.213518,	Delta[s+](3) = 0.445613,	Delta[s+](4) = 0.445613,	Delta[s+](5) = 0.311224,	Delta[s+](6) = 0.134816,	Delta[s+](7) = 0.311224,	Delta[s+](8) = 0.213518,	Delta[s+](9) = 0.134816,	Delta[s+](10) = 0.0410605,	Delta[s+](11) = 0.134816,	Delta[s+](12) = 0.445613,	Delta[s+](13) = 0.311224,	Delta[s+](14) = 0.134816,	Delta[s+](15) = 0.311224
The 0-th iteration is completed.	|| time cost : 0h 4m 4.44s
********************************************************************************************************************
Start the 1 rounds of NGS-ED iteration
	effective electronic model is modified as: kinetic energy t = 0.993058
	                                           effective interaction Vq = [  -1.14595,  -0.30574,-0.0242068,  -0.30574,  -0.30574,-0.0251827,-0.0334783,-0.0251827,-0.0242068,-0.0334783, -0.252312,-0.0334783,  -0.30574,-0.0251827,-0.0334783,-0.0251827]
	PARPACK diagonalization completed after 45 matrix-vector product operations.
	iteration results: : total energy is -26.110887 | electron energy -26.111237 + phonon energy 0.000350 | electron momentum kIdx = 0
The 1-th iteration is completed.	|| time cost : 0h 0m 24.47s
********************************************************************************************************************
Start the 2 rounds of NGS-ED iteration
	effective electronic model is modified as: kinetic energy t = 0.993065
	                                           effective interaction Vq = [  -1.17174, -0.308538,-0.0240295, -0.308538, -0.308538,-0.0250732,-0.0330594,-0.0250732,-0.0240295,-0.0330594, -0.248478,-0.0330594, -0.308538,-0.0250732,-0.0330594,-0.0250732]
	PARPACK diagonalization completed after 45 matrix-vector product operations.
	iteration results: : total energy is -26.426889 | electron energy -26.427354 + phonon energy 0.000464 | electron momentum kIdx = 0
The 2-th iteration is completed.	|| time cost : 0h 0m 24.395s
********************************************************************************************************************
Start the 3 rounds of NGS-ED iteration
	effective electronic model is modified as: kinetic energy t = 0.993048
	                                           effective interaction Vq = [  -1.18533, -0.310044,-0.0239569, -0.310044, -0.310044,-0.0250263, -0.032904,-0.0250263,-0.0239569, -0.032904, -0.247231, -0.032904, -0.310044,-0.0250263, -0.032904,-0.0250263]
	PARPACK diagonalization completed after 45 matrix-vector product operations.
	iteration results: : total energy is -26.593474 | electron energy -26.594005 + phonon energy 0.000531 | electron momentum kIdx = 0
The 3-th iteration is completed.	|| time cost : 0h 0m 24.419s
********************************************************************************************************************
Start the 4 rounds of NGS-ED iteration
	effective electronic model is modified as: kinetic energy t = 0.993032
	                                           effective interaction Vq = [   -1.1925,  -0.31086,-0.0239273,  -0.31086,  -0.31086,-0.0250062,-0.0328468,-0.0250062,-0.0239273,-0.0328468, -0.246838,-0.0328468,  -0.31086,-0.0250062,-0.0328468,-0.0250062]
	PARPACK diagonalization completed after 45 matrix-vector product operations.
	iteration results: : total energy is -26.681304 | electron energy -26.681874 + phonon energy 0.000570 | electron momentum kIdx = 0
The 4-th iteration is completed.	|| time cost : 0h 0m 24.439s
********************************************************************************************************************
Start the 5 rounds of NGS-ED iteration
	effective electronic model is modified as: kinetic energy t = 0.993021
	                                           effective interaction Vq = [  -1.19628, -0.311304,-0.0239153, -0.311304, -0.311304,-0.0249977,-0.0328258,-0.0249977,-0.0239153,-0.0328258,  -0.24672,-0.0328258, -0.311304,-0.0249977,-0.0328258,-0.0249977]
	PARPACK diagonalization completed after 30 matrix-vector product operations.
	iteration results: : total energy is -26.727614 | electron energy -26.728206 + phonon energy 0.000591 | electron momentum kIdx = 0
The 5-th iteration is completed.	|| time cost : 0h 0m 21.664s
********************************************************************************************************************
Start the 6 rounds of NGS-ED iteration
	effective electronic model is modified as: kinetic energy t = 0.993014
	                                           effective interaction Vq = [  -1.19828, -0.311547,-0.0239105, -0.311547, -0.311547, -0.024994,-0.0328181, -0.024994,-0.0239105,-0.0328181, -0.246688,-0.0328181, -0.311547, -0.024994,-0.0328181, -0.024994]
	PARPACK diagonalization completed after 30 matrix-vector product operations.
	iteration results: : total energy is -26.752032 | electron energy -26.752636 + phonon energy 0.000604 | electron momentum kIdx = 0
The 6-th iteration is completed.	|| time cost : 0h 0m 21.585s
********************************************************************************************************************
Start the 7 rounds of NGS-ED iteration
	effective electronic model is modified as: kinetic energy t = 0.993009
	                                           effective interaction Vq = [  -1.19933,  -0.31168,-0.0239085,  -0.31168,  -0.31168,-0.0249925,-0.0328154,-0.0249925,-0.0239085,-0.0328154, -0.246681,-0.0328154,  -0.31168,-0.0249925,-0.0328154,-0.0249925]
	PARPACK diagonalization completed after 30 matrix-vector product operations.
	iteration results: : total energy is -26.764908 | electron energy -26.765519 + phonon energy 0.000611 | electron momentum kIdx = 0
The 7-th iteration is completed.	|| time cost : 0h 0m 21.622s
********************************************************************************************************************
Start the 8 rounds of NGS-ED iteration
	effective electronic model is modified as: kinetic energy t = 0.993007
	                                           effective interaction Vq = [  -1.19988, -0.311753,-0.0239077, -0.311753, -0.311753,-0.0249919,-0.0328144,-0.0249919,-0.0239077,-0.0328144, -0.246681,-0.0328144, -0.311753,-0.0249919,-0.0328144,-0.0249919]
	PARPACK diagonalization completed after 30 matrix-vector product operations.
	iteration results: : total energy is -26.771697 | electron energy -26.772312 + phonon energy 0.000615 | electron momentum kIdx = 0
The 8-th iteration is completed.	|| time cost : 0h 0m 21.62s
********************************************************************************************************************
Start the 9 rounds of NGS-ED iteration
	effective electronic model is modified as: kinetic energy t = 0.993006
	                                           effective interaction Vq = [  -1.20017, -0.311794,-0.0239074, -0.311794, -0.311794,-0.0249916,-0.0328141,-0.0249916,-0.0239074,-0.0328141, -0.246683,-0.0328141, -0.311794,-0.0249916,-0.0328141,-0.0249916]
	PARPACK diagonalization completed after 30 matrix-vector product operations.
	iteration results: : total energy is -26.775277 | electron energy -26.775894 + phonon energy 0.000617 | electron momentum kIdx = 0
The 9-th iteration is completed.	|| time cost : 0h 0m 21.668s
********************************************************************************************************************
Start the 10 rounds of NGS-ED iteration
	effective electronic model is modified as: kinetic energy t = 0.993005
	                                           effective interaction Vq = [  -1.20033, -0.311816,-0.0239073, -0.311816, -0.311816,-0.0249915, -0.032814,-0.0249915,-0.0239073, -0.032814, -0.246684, -0.032814, -0.311816,-0.0249915, -0.032814,-0.0249915]
	PARPACK diagonalization completed after 30 matrix-vector product operations.
	iteration results: : total energy is -26.777164 | electron energy -26.777783 + phonon energy 0.000619 | electron momentum kIdx = 0
The 10-th iteration is completed.	|| time cost : 0h 0m 21.628s
********************************************************************************************************************
Start the 11 rounds of NGS-ED iteration
	effective electronic model is modified as: kinetic energy t = 0.993005
	                                           effective interaction Vq = [  -1.20041, -0.311828,-0.0239073, -0.311828, -0.311828,-0.0249915,-0.0328139,-0.0249915,-0.0239073,-0.0328139, -0.246684,-0.0328139, -0.311828,-0.0249915,-0.0328139,-0.0249915]
	PARPACK diagonalization completed after 30 matrix-vector product operations.
	iteration results: : total energy is -26.778160 | electron energy -26.778779 + phonon energy 0.000619 | electron momentum kIdx = 0
The 11-th iteration is completed.	|| time cost : 0h 0m 21.663s
********************************************************************************************************************
Start the 12 rounds of NGS-ED iteration
	effective electronic model is modified as: kinetic energy t = 0.993004
	                                           effective interaction Vq = [  -1.20045, -0.311835,-0.0239072, -0.311835, -0.311835,-0.0249915,-0.0328139,-0.0249915,-0.0239072,-0.0328139, -0.246685,-0.0328139, -0.311835,-0.0249915,-0.0328139,-0.0249915]
	PARPACK diagonalization completed after 30 matrix-vector product operations.
	iteration results: : total energy is -26.778684 | electron energy -26.779304 + phonon energy 0.000620 | electron momentum kIdx = 0
The 12-th iteration is completed.	|| time cost : 0h 0m 21.685s
********************************************************************************************************************
Start the 13 rounds of NGS-ED iteration
	effective electronic model is modified as: kinetic energy t = 0.993004
	                                           effective interaction Vq = [  -1.20047, -0.311839,-0.0239072, -0.311839, -0.311839,-0.0249914,-0.0328139,-0.0249914,-0.0239072,-0.0328139, -0.246685,-0.0328139, -0.311839,-0.0249914,-0.0328139,-0.0249914]
	PARPACK diagonalization completed after 30 matrix-vector product operations.
	iteration results: : total energy is -26.778961 | electron energy -26.779581 + phonon energy 0.000620 | electron momentum kIdx = 0
The 13-th iteration is completed.	|| time cost : 0h 0m 21.647s
********************************************************************************************************************
Start the 14 rounds of NGS-ED iteration
	effective electronic model is modified as: kinetic energy t = 0.993004
