TACC:  Starting up job 1741559 
TACC:  Starting parallel tasks... 
SNEDics v3.4 Non-Gaussian ED ground state program		Start at Fri Oct  9 16:46:13 2020

parallized on 16 MPI threads  * 7 OpenMP threads = 112 total threads.
********************************************************************************************************************
********************************************************************************************************************

********************************************************************************************************************
System parameters and configurations
********************************************************************************************************************
Special program options are enabled: splitted diagonal Hamiltonian
********************************************************************************************************************
Read input file "model_params.in"
	Hubbard-Holstein model parameters : 	t = 1    U = 8    g = 0.3    W = 0.2    g' = 0.03    
********************************************************************************************************************
Read input file "hilbertspace_params.in"
	Requested 16-site 2D lattice, with 14 electrons (7, 7)
	Boundary : Periodic		Hilbert space representation : momentum-space (restricted to kIdx = 0)
	Conservation: particle number[U(1)]      spin[U(1)]     momentum
********************************************************************************************************************

Cluster Positions:				Cluster symmetry group : D4
 x ... x ... x ... x .....                       x ... x ... x ... x .....
 |           |           :                       |           |           :
 |           |           :                       |           |           :
12    13    14    15     x                       1     5     6     5     x
 |           |           :                       |           |           :
 |           |           :                       |           |           :
 8 --- 9 ---10 ---11 --- x                       2 --- 6 ---10 --- 6 --- x
 |           |           :                       |           |           :
 |           |           :                       |           |           :
 4     5     6     7     x                       1     5     6     5     x
 |           |           :                       |           |           :
 |           |           :                       |           |           :
 0 --- 1 --- 2 --- 3 --- x                       0 --- 1 --- 2 --- 1 --- x
orbital number : 1
********************************************************************************************************************
Read input file "obs_params.in"
	Observable Type : Nq(All),   Sq(All),   N(All),   Delta[s](All),   Delta[d](All),   Delta[s+](All)
********************************************************************************************************************
** WARNING ** the input observables have non-local factors which have been reinterpreted. The total observable number is 96
********************************************************************************************************************


********************************************************************************************************************
Start calculating the non-Gaussian ED ground state
** WARNING ** Detected low phonon energy W < 10. The initial state will be prepared through a warm-up process.
********************************************************************************************************************
Start warm-up calculation for scaling factor 64
open output files: NGSEDWarmUpW12.8Obs.txt
********************************************************************************************************************
Start the 0 rounds of NGS-ED iteration
	effective electronic model is modified as: kinetic energy t = 1
	                                           effective interaction Vq = [0,0,0,0,0,0,0,0,0,0,0,0,0,0,0,0]
	first Hamiltonian is constructed, non-zero numbers = 2178478298
	PARPACK diagonalization completed after 165 matrix-vector product operations.
	iteration results: : total energy is -11.868836 | electron energy -11.868836 + phonon energy 0.000000 | electron momentum kIdx = 0
	Nq(0) = 12.25,	Nq(1) = 0.154193,	Nq(2) = 0.185311,	Nq(3) = 0.154193,	Nq(4) = 0.154193,	Nq(5) = 0.203281,	Nq(6) = 0.235634,	Nq(7) = 0.203281,	Nq(8) = 0.185311,	Nq(9) = 0.235634,	Nq(10) = 0.275446,	Nq(11) = 0.235634,	Nq(12) = 0.154193,	Nq(13) = 0.203281,	Nq(14) = 0.235634,	Nq(15) = 0.203281,	Sq(0) = 1.11096e-18,	Sq(1) = 0.474292,	Sq(2) = 0.766364,	Sq(3) = 0.474292,	Sq(4) = 0.474292,	Sq(5) = 0.630724,	Sq(6) = 1.05279,	Sq(7) = 0.630724,	Sq(8) = 0.766364,	Sq(9) = 1.05279,	Sq(10) = 2.56755,	Sq(11) = 1.05279,	Sq(12) = 0.474292,	Sq(13) = 0.630724,	Sq(14) = 1.05279,	Sq(15) = 0.630724,	N(0) = 1.75464,	N(1) = 1.59086,	N(2) = 0.323321,	N(3) = 1.59086,	N(4) = 1.59086,	N(5) = 0.999881,	N(6) = 0.267546,	N(7) = 0.999881,	N(8) = 0.323321,	N(9) = 0.267546,	N(10) = 0.165565,	N(11) = 0.267546,	N(12) = 1.59086,	N(13) = 0.999881,	N(14) = 0.267546,	N(15) = 0.999881,	Delta[s](0) = 0.0778031,	Delta[s](1) = 0.0585042,	Delta[s](2) = 0.0356035,	Delta[s](3) = 0.0585042,	Delta[s](4) = 0.0585042,	Delta[s](5) = 0.0421731,	Delta[s](6) = 0.0202338,	Delta[s](7) = 0.0421731,	Delta[s](8) = 0.0356035,	Delta[s](9) = 0.0202338,	Delta[s](10) = 0.0015956,	Delta[s](11) = 0.0202338,	Delta[s](12) = 0.0585042,	Delta[s](13) = 0.0421731,	Delta[s](14) = 0.0202338,	Delta[s](15) = 0.0421731,	Delta[d](0) = 0.278676,	Delta[d](1) = 0.19379,	Delta[d](2) = 0.202936,	Delta[d](3) = 0.19379,	Delta[d](4) = 0.19379,	Delta[d](5) = 0.180047,	Delta[d](6) = 0.135291,	Delta[d](7) = 0.180047,	Delta[d](8) = 0.202936,	Delta[d](9) = 0.135291,	Delta[d](10) = 0.0552849,	Delta[d](11) = 0.135291,	Delta[d](12) = 0.19379,	Delta[d](13) = 0.180047,	Delta[d](14) = 0.135291,	Delta[d](15) = 0.180047,	Delta[s+](0) = 0.565424,	Delta[s+](1) = 0.421239,	Delta[s+](2) = 0.202936,	Delta[s+](3) = 0.421239,	Delta[s+](4) = 0.421239,	Delta[s+](5) = 0.294951,	Delta[s+](6) = 0.128751,	Delta[s+](7) = 0.294951,	Delta[s+](8) = 0.202936,	Delta[s+](9) = 0.128751,	Delta[s+](10) = 0.0398323,	Delta[s+](11) = 0.128751,	Delta[s+](12) = 0.421239,	Delta[s+](13) = 0.294951,	Delta[s+](14) = 0.128751,	Delta[s+](15) = 0.294951
The 0-th iteration is completed.	|| time cost : 0h 6m 29.062s
********************************************************************************************************************
Start the 1 rounds of NGS-ED iteration
	effective electronic model is modified as: kinetic energy t = 0.989771
	                                           effective interaction Vq = [-0.813817,-0.561062,-0.372083,-0.561062,-0.561062,-0.375969,-0.233101,-0.375969,-0.372083,-0.233101,-0.128525,-0.233101,-0.561062,-0.375969,-0.233101,-0.375969]
	PARPACK diagonalization completed after 60 matrix-vector product operations.
	iteration results: : total energy is -22.732435 | electron energy -22.732501 + phonon energy 0.000067 | electron momentum kIdx = 0
The 1-th iteration is completed.	|| time cost : 0h 5m 14.442s
********************************************************************************************************************
Start the 2 rounds of NGS-ED iteration
	effective electronic model is modified as: kinetic energy t = 0.986016
	                                           effective interaction Vq = [-0.876729,-0.611349,-0.403858,-0.611349,-0.611349,-0.408722,-0.252116,-0.408722,-0.403858,-0.252116,-0.138422,-0.252116,-0.611349,-0.408722,-0.252116,-0.408722]
	PARPACK diagonalization completed after 45 matrix-vector product operations.
	iteration results: : total energy is -23.531905 | electron energy -23.532164 + phonon energy 0.000259 | electron momentum kIdx = 0
The 2-th iteration is completed.	|| time cost : 0h 0m 24.401s
********************************************************************************************************************
Start the 3 rounds of NGS-ED iteration
	effective electronic model is modified as: kinetic energy t = 0.985305
	                                           effective interaction Vq = [-0.881593,-0.618953,-0.408296,-0.618953,-0.618953,-0.413415,-0.254596,-0.413415,-0.408296,-0.254596,-0.139617,-0.254596,-0.618953,-0.413415,-0.254596,-0.413415]
	PARPACK diagonalization completed after 45 matrix-vector product operations.
	iteration results: : total energy is -23.592448 | electron energy -23.592781 + phonon energy 0.000334 | electron momentum kIdx = 0
The 3-th iteration is completed.	|| time cost : 0h 0m 24.394s
********************************************************************************************************************
Start the 4 rounds of NGS-ED iteration
	effective electronic model is modified as: kinetic energy t = 0.985178
	                                           effective interaction Vq = [-0.881969,-0.620388,-0.409005,-0.620388,-0.620388,-0.414195,-0.254957,-0.414195,-0.409005,-0.254957,-0.139775,-0.254957,-0.620388,-0.414195,-0.254957,-0.414195]
	PARPACK diagonalization completed after 30 matrix-vector product operations.
	iteration results: : total energy is -23.597087 | electron energy -23.597438 + phonon energy 0.000350 | electron momentum kIdx = 0
The 4-th iteration is completed.	|| time cost : 0h 0m 21.606s
********************************************************************************************************************
Start the 5 rounds of NGS-ED iteration
	effective electronic model is modified as: kinetic energy t = 0.985155
	                                           effective interaction Vq = [-0.881998,-0.620674,-0.409122,-0.620674,-0.620674,-0.414329, -0.25501,-0.414329,-0.409122, -0.25501,-0.139796, -0.25501,-0.620674,-0.414329, -0.25501,-0.414329]
	PARPACK diagonalization completed after 30 matrix-vector product operations.
	iteration results: : total energy is -23.597445 | electron energy -23.597798 + phonon energy 0.000353 | electron momentum kIdx = 0
The 5-th iteration is completed.	|| time cost : 0h 0m 21.626s
********************************************************************************************************************
Start the 6 rounds of NGS-ED iteration
	effective electronic model is modified as: kinetic energy t = 0.985151
	                                           effective interaction Vq = [   -0.882,-0.620732,-0.409141,-0.620732,-0.620732,-0.414352,-0.255018,-0.414352,-0.409141,-0.255018,-0.139799,-0.255018,-0.620732,-0.414352,-0.255018,-0.414352]
	PARPACK diagonalization completed after 30 matrix-vector product operations.
	iteration results: : total energy is -23.597472 | electron energy -23.597826 + phonon energy 0.000354 | electron momentum kIdx = 0
	Nq(0) = 12.25,	Nq(1) = 0.163169,	Nq(2) = 0.195183,	Nq(3) = 0.163169,	Nq(4) = 0.163169,	Nq(5) = 0.214876,	Nq(6) = 0.246949,	Nq(7) = 0.214876,	Nq(8) = 0.195183,	Nq(9) = 0.246949,	Nq(10) = 0.286757,	Nq(11) = 0.246949,	Nq(12) = 0.163169,	Nq(13) = 0.214876,	Nq(14) = 0.246949,	Nq(15) = 0.214876,	Sq(0) = -1.55256e-18,	Sq(1) = 0.47176,	Sq(2) = 0.755151,	Sq(3) = 0.47176,	Sq(4) = 0.47176,	Sq(5) = 0.624485,	Sq(6) = 1.03124,	Sq(7) = 0.624485,	Sq(8) = 0.755151,	Sq(9) = 1.03124,	Sq(10) = 2.55268,	Sq(11) = 1.03124,	Sq(12) = 0.47176,	Sq(13) = 0.624485,	Sq(14) = 1.03124,	Sq(15) = 0.624485,	N(0) = 1.7796,	N(1) = 1.62629,	N(2) = 0.29079,	N(3) = 1.62629,	N(4) = 1.62629,	N(5) = 0.998623,	N(6) = 0.247162,	N(7) = 0.998623,	N(8) = 0.29079,	N(9) = 0.247162,	N(10) = 0.150521,	N(11) = 0.247162,	N(12) = 1.62629,	N(13) = 0.998623,	N(14) = 0.247162,	N(15) = 0.998623,	Delta[s](0) = 0.0859726,	Delta[s](1) = 0.0650751,	Delta[s](2) = 0.0400277,	Delta[s](3) = 0.0650751,	Delta[s](4) = 0.0650751,	Delta[s](5) = 0.0476798,	Delta[s](6) = 0.0234706,	Delta[s](7) = 0.0476798,	Delta[s](8) = 0.0400277,	Delta[s](9) = 0.0234706,	Delta[s](10) = 0.00261886,	Delta[s](11) = 0.0234706,	Delta[s](12) = 0.0650751,	Delta[s](13) = 0.0476798,	Delta[s](14) = 0.0234706,	Delta[s](15) = 0.0476798,	Delta[d](0) = 0.284192,	Delta[d](1) = 0.190824,	Delta[d](2) = 0.20232,	Delta[d](3) = 0.190824,	Delta[d](4) = 0.190824,	Delta[d](5) = 0.178531,	Delta[d](6) = 0.133035,	Delta[d](7) = 0.178531,	Delta[d](8) = 0.20232,	Delta[d](9) = 0.133035,	Delta[d](10) = 0.0531033,	Delta[d](11) = 0.133035,	Delta[d](12) = 0.190824,	Delta[d](13) = 0.178531,	Delta[d](14) = 0.133035,	Delta[d](15) = 0.178531,	Delta[s+](0) = 0.576985,	Delta[s+](1) = 0.429106,	Delta[s+](2) = 0.20232,	Delta[s+](3) = 0.429106,	Delta[s+](4) = 0.429106,	Delta[s+](5) = 0.298825,	Delta[s+](6) = 0.127315,	Delta[s+](7) = 0.298825,	Delta[s+](8) = 0.20232,	Delta[s+](9) = 0.127315,	Delta[s+](10) = 0.0379781,	Delta[s+](11) = 0.127315,	Delta[s+](12) = 0.429106,	Delta[s+](13) = 0.298825,	Delta[s+](14) = 0.127315,	Delta[s+](15) = 0.298825
The 6-th iteration is completed.	|| time cost : 0h 3m 58.102s
********************************************************************************************************************
********************************************************************************************************************
Ground state is obtained after 7 iterations. The current ground-state energy is -23.5975, in which electron energy is -23.5978 and phonon energy is 0.000354025
final variational state is: 
	Gamma_x = [      1, 1.0027,1.00289, 1.0027, 1.0027,1.00306,1.00249,1.00306,1.00289,1.00249,1.00169,1.00249, 1.0027,1.00306,1.00249,1.00306]
	lambda_q = [ 0.262466, 0.178855, 0.131003, 0.178855, 0.178855,  0.13473,0.0992397,  0.13473, 0.131003,0.0992397,0.0708536,0.0992397, 0.178855,  0.13473,0.0992397,  0.13473]
The effective e-e interactions mediated by phonons are: [   0.882,0.620744,0.409144,0.620744,0.620744,0.414356,0.255019,0.414356,0.409144,0.255019,0.139799,0.255019,0.620744,0.414356,0.255019,0.414356]
The real-space interactions mediated by phonons are: [  -7.00056,  -1.14115,-0.0496558,-0.0844718,  -1.47365, -0.480329,-0.0496558, -0.185469, -0.182664, -0.185469,-0.0496558, -0.480329,  -1.47365,-0.0844718,-0.0496558,  -1.14115]
********************************************************************************************************************
o___o  ----------------------------------------
| L |	Time since last clock: 0h 0m 0s
A===A	Time since the beginning: 0h 17m 13.637s
***********************************************

********************************************************************************************************************
Start warm-up calculation for scaling factor 32
open output files: NGSEDWarmUpW6.4Obs.txt
********************************************************************************************************************
Start the 0 rounds of NGS-ED iteration
	effective electronic model is modified as: kinetic energy t = 0.98515
	                                           effective interaction Vq = [-0.806289,-0.523734,-0.334804,-0.523734,-0.523734,-0.341114,-0.206434,-0.341114,-0.334804,-0.206434,-0.112162,-0.206434,-0.523734,-0.341114,-0.206434,-0.341114]
	PARPACK diagonalization completed after 60 matrix-vector product operations.
	iteration results: : total energy is -22.460203 | electron energy -22.460380 + phonon energy 0.000177 | electron momentum kIdx = 0
	Nq(0) = 12.25,	Nq(1) = 0.161412,	Nq(2) = 0.192904,	Nq(3) = 0.161412,	Nq(4) = 0.161412,	Nq(5) = 0.212199,	Nq(6) = 0.244241,	Nq(7) = 0.212199,	Nq(8) = 0.192904,	Nq(9) = 0.244241,	Nq(10) = 0.284028,	Nq(11) = 0.244241,	Nq(12) = 0.161412,	Nq(13) = 0.212199,	Nq(14) = 0.244241,	Nq(15) = 0.212199,	Sq(0) = 2.66918e-18,	Sq(1) = 0.472014,	Sq(2) = 0.757547,	Sq(3) = 0.472014,	Sq(4) = 0.472014,	Sq(5) = 0.62573,	Sq(6) = 1.03644,	Sq(7) = 0.62573,	Sq(8) = 0.757547,	Sq(9) = 1.03644,	Sq(10) = 2.55693,	Sq(11) = 1.03644,	Sq(12) = 0.472014,	Sq(13) = 0.62573,	Sq(14) = 1.03644,	Sq(15) = 0.62573,	N(0) = 1.77423,	N(1) = 1.61857,	N(2) = 0.297853,	N(3) = 1.61857,	N(4) = 1.61857,	N(5) = 0.998807,	N(6) = 0.25165,	N(7) = 0.998807,	N(8) = 0.297853,	N(9) = 0.25165,	N(10) = 0.15394,	N(11) = 0.25165,	N(12) = 1.61857,	N(13) = 0.998807,	N(14) = 0.25165,	N(15) = 0.998807,	Delta[s](0) = 0.0836401,	Delta[s](1) = 0.0633534,	Delta[s](2) = 0.0390988,	Delta[s](3) = 0.0633534,	Delta[s](4) = 0.0633534,	Delta[s](5) = 0.046383,	Delta[s](6) = 0.0229862,	Delta[s](7) = 0.046383,	Delta[s](8) = 0.0390988,	Delta[s](9) = 0.0229862,	Delta[s](10) = 0.00289322,	Delta[s](11) = 0.0229862,	Delta[s](12) = 0.0633534,	Delta[s](13) = 0.046383,	Delta[s](14) = 0.0229862,	Delta[s](15) = 0.046383,	Delta[d](0) = 0.286757,	Delta[d](1) = 0.194683,	Delta[d](2) = 0.2054,	Delta[d](3) = 0.194683,	Delta[d](4) = 0.194683,	Delta[d](5) = 0.181694,	Delta[d](6) = 0.135727,	Delta[d](7) = 0.181694,	Delta[d](8) = 0.2054,	Delta[d](9) = 0.135727,	Delta[d](10) = 0.0547702,	Delta[d](11) = 0.135727,	Delta[d](12) = 0.194683,	Delta[d](13) = 0.181694,	Delta[d](14) = 0.135727,	Delta[d](15) = 0.181694,	Delta[s+](0) = 0.581324,	Delta[s+](1) = 0.432566,	Delta[s+](2) = 0.2054,	Delta[s+](3) = 0.432566,	Delta[s+](4) = 0.432566,	Delta[s+](5) = 0.301779,	Delta[s+](6) = 0.129691,	Delta[s+](7) = 0.301779,	Delta[s+](8) = 0.2054,	Delta[s+](9) = 0.129691,	Delta[s+](10) = 0.0393266,	Delta[s+](11) = 0.129691,	Delta[s+](12) = 0.432566,	Delta[s+](13) = 0.301779,	Delta[s+](14) = 0.129691,	Delta[s+](15) = 0.301779
The 0-th iteration is completed.	|| time cost : 0h 4m 3.475s
********************************************************************************************************************
Start the 1 rounds of NGS-ED iteration
	effective electronic model is modified as: kinetic energy t = 0.983055
	                                           effective interaction Vq = [ -0.86095,-0.555797,-0.347946,-0.555797,-0.555797, -0.35632,-0.212203, -0.35632,-0.347946,-0.212203,-0.114091,-0.212203,-0.555797, -0.35632,-0.212203, -0.35632]
	PARPACK diagonalization completed after 45 matrix-vector product operations.
	iteration results: : total energy is -23.137757 | electron energy -23.138364 + phonon energy 0.000607 | electron momentum kIdx = 0
The 1-th iteration is completed.	|| time cost : 0h 0m 24.369s
********************************************************************************************************************
Start the 2 rounds of NGS-ED iteration
	effective electronic model is modified as: kinetic energy t = 0.982294
	                                           effective interaction Vq = [-0.876147,-0.566958,-0.351963,-0.566958,-0.566958,-0.361113,-0.213843,-0.361113,-0.351963,-0.213843,-0.114607,-0.213843,-0.566958,-0.361113,-0.213843,-0.361113]
	PARPACK diagonalization completed after 45 matrix-vector product operations.
	iteration results: : total energy is -23.325014 | electron energy -23.325875 + phonon energy 0.000862 | electron momentum kIdx = 0
The 2-th iteration is completed.	|| time cost : 0h 0m 24.39s
********************************************************************************************************************
Start the 3 rounds of NGS-ED iteration
	effective electronic model is modified as: kinetic energy t = 0.982022
	                                           effective interaction Vq = [-0.880373,-0.571101,-0.353231,-0.571101,-0.571101,-0.362681,-0.214322,-0.362681,-0.353231,-0.214322,-0.114748,-0.214322,-0.571101,-0.362681,-0.214322,-0.362681]
	PARPACK diagonalization completed after 45 matrix-vector product operations.
	iteration results: : total energy is -23.376928 | electron energy -23.377904 + phonon energy 0.000976 | electron momentum kIdx = 0
The 3-th iteration is completed.	|| time cost : 0h 0m 24.384s
********************************************************************************************************************
Start the 4 rounds of NGS-ED iteration
	effective electronic model is modified as: kinetic energy t = 0.981924
	                                           effective interaction Vq = [-0.881548,-0.572683,-0.353638,-0.572683,-0.572683,-0.363202,-0.214464,-0.363202,-0.353638,-0.214464,-0.114788,-0.214464,-0.572683,-0.363202,-0.214464,-0.363202]
	PARPACK diagonalization completed after 45 matrix-vector product operations.
	iteration results: : total energy is -23.391342 | electron energy -23.392364 + phonon energy 0.001022 | electron momentum kIdx = 0
The 4-th iteration is completed.	|| time cost : 0h 0m 24.384s
********************************************************************************************************************
Start the 5 rounds of NGS-ED iteration
	effective electronic model is modified as: kinetic energy t = 0.981888
	                                           effective interaction Vq = [-0.881874,-0.573294,-0.353769,-0.573294,-0.573294,-0.363375,-0.214506,-0.363375,-0.353769,-0.214506,  -0.1148,-0.214506,-0.573294,-0.363375,-0.214506,-0.363375]
	PARPACK diagonalization completed after 30 matrix-vector product operations.
	iteration results: : total energy is -23.395347 | electron energy -23.396387 + phonon energy 0.001040 | electron momentum kIdx = 0
The 5-th iteration is completed.	|| time cost : 0h 0m 21.655s
********************************************************************************************************************
Start the 6 rounds of NGS-ED iteration
	effective electronic model is modified as: kinetic energy t = 0.981875
	                                           effective interaction Vq = [-0.881965,-0.573532,-0.353811,-0.573532,-0.573532,-0.363434,-0.214519,-0.363434,-0.353811,-0.214519,-0.114803,-0.214519,-0.573532,-0.363434,-0.214519,-0.363434]
	PARPACK diagonalization completed after 30 matrix-vector product operations.
	iteration results: : total energy is -23.396460 | electron energy -23.397507 + phonon energy 0.001047 | electron momentum kIdx = 0
The 6-th iteration is completed.	|| time cost : 0h 0m 21.623s
********************************************************************************************************************
Start the 7 rounds of NGS-ED iteration
	effective electronic model is modified as: kinetic energy t = 0.981871
	                                           effective interaction Vq = [ -0.88199,-0.573624,-0.353825,-0.573624,-0.573624,-0.363453,-0.214523,-0.363453,-0.353825,-0.214523,-0.114804,-0.214523,-0.573624,-0.363453,-0.214523,-0.363453]
	PARPACK diagonalization completed after 30 matrix-vector product operations.
	iteration results: : total energy is -23.396769 | electron energy -23.397819 + phonon energy 0.001050 | electron momentum kIdx = 0
The 7-th iteration is completed.	|| time cost : 0h 0m 21.557s
********************************************************************************************************************
Start the 8 rounds of NGS-ED iteration
	effective electronic model is modified as: kinetic energy t = 0.981869
	                                           effective interaction Vq = [-0.881997, -0.57366, -0.35383, -0.57366, -0.57366, -0.36346,-0.214524, -0.36346, -0.35383,-0.214524,-0.114804,-0.214524, -0.57366, -0.36346,-0.214524, -0.36346]
	PARPACK diagonalization completed after 30 matrix-vector product operations.
	iteration results: : total energy is -23.396855 | electron energy -23.397906 + phonon energy 0.001051 | electron momentum kIdx = 0
	Nq(0) = 12.25,	Nq(1) = 0.161996,	Nq(2) = 0.193092,	Nq(3) = 0.161996,	Nq(4) = 0.161996,	Nq(5) = 0.21242,	Nq(6) = 0.244287,	Nq(7) = 0.21242,	Nq(8) = 0.193092,	Nq(9) = 0.244287,	Nq(10) = 0.284009,	Nq(11) = 0.244287,	Nq(12) = 0.161996,	Nq(13) = 0.21242,	Nq(14) = 0.244287,	Nq(15) = 0.21242,	Sq(0) = -1.08573e-18,	Sq(1) = 0.47161,	Sq(2) = 0.757234,	Sq(3) = 0.47161,	Sq(4) = 0.47161,	Sq(5) = 0.625526,	Sq(6) = 1.03636,	Sq(7) = 0.625526,	Sq(8) = 0.757234,	Sq(9) = 1.03636,	Sq(10) = 2.55655,	Sq(11) = 1.03636,	Sq(12) = 0.47161,	Sq(13) = 0.625526,	Sq(14) = 1.03636,	Sq(15) = 0.625526,	N(0) = 1.77474,	N(1) = 1.61948,	N(2) = 0.297127,	N(3) = 1.61948,	N(4) = 1.61948,	N(5) = 0.998642,	N(6) = 0.251179,	N(7) = 0.998642,	N(8) = 0.297127,	N(9) = 0.251179,	N(10) = 0.15382,	N(11) = 0.251179,	N(12) = 1.61948,	N(13) = 0.998642,	N(14) = 0.251179,	N(15) = 0.998642,	Delta[s](0) = 0.0836548,	Delta[s](1) = 0.0634236,	Delta[s](2) = 0.0392223,	Delta[s](3) = 0.0634236,	Delta[s](4) = 0.0634236,	Delta[s](5) = 0.0464987,	Delta[s](6) = 0.0231527,	Delta[s](7) = 0.0464987,	Delta[s](8) = 0.0392223,	Delta[s](9) = 0.0231527,	Delta[s](10) = 0.00310193,	Delta[s](11) = 0.0231527,	Delta[s](12) = 0.0634236,	Delta[s](13) = 0.0464987,	Delta[s](14) = 0.0231527,	Delta[s](15) = 0.0464987,	Delta[d](0) = 0.290839,	Delta[d](1) = 0.197241,	Delta[d](2) = 0.207929,	Delta[d](3) = 0.197241,	Delta[d](4) = 0.197241,	Delta[d](5) = 0.184008,	Delta[d](6) = 0.137428,	Delta[d](7) = 0.184008,	Delta[d](8) = 0.207929,	Delta[d](9) = 0.137428,	Delta[d](10) = 0.0555973,	Delta[d](11) = 0.137428,	Delta[d](12) = 0.197241,	Delta[d](13) = 0.184008,	Delta[d](14) = 0.137428,	Delta[d](15) = 0.184008,	Delta[s+](0) = 0.588252,	Delta[s+](1) = 0.437715,	Delta[s+](2) = 0.207929,	Delta[s+](3) = 0.437715,	Delta[s+](4) = 0.437715,	Delta[s+](5) = 0.305364,	Delta[s+](6) = 0.131313,	Delta[s+](7) = 0.305364,	Delta[s+](8) = 0.207929,	Delta[s+](9) = 0.131313,	Delta[s+](10) = 0.0399098,	Delta[s+](11) = 0.131313,	Delta[s+](12) = 0.437715,	Delta[s+](13) = 0.305364,	Delta[s+](14) = 0.131313,	Delta[s+](15) = 0.305364
The 8-th iteration is completed.	|| time cost : 0h 3m 57.83s
********************************************************************************************************************
********************************************************************************************************************
Ground state is obtained after 9 iterations. The current ground-state energy is -23.3969, in which electron energy is -23.3979 and phonon energy is 0.00105061
final variational state is: 
	Gamma_x = [      1,1.00737,1.00677,1.00737,1.00737,1.00738,1.00551,1.00738,1.00677,1.00551,1.00358,1.00551,1.00737,1.00738,1.00551,1.00738]
	lambda_q = [ 0.370888, 0.210433, 0.142583, 0.210433, 0.210433, 0.148883, 0.104985, 0.148883, 0.142583, 0.104985,0.0732253, 0.104985, 0.210433, 0.148883, 0.104985, 0.148883]
The effective e-e interactions mediated by phonons are: [0.881999,0.573674,0.353831,0.573674,0.573674,0.363462,0.214524,0.363462,0.353831,0.214524,0.114804,0.214524,0.573674,0.363462,0.214524,0.363462]
The real-space interactions mediated by phonons are: [  -6.31111,  -1.16644,-0.0884822,  -0.16478,  -1.48549, -0.553521,-0.0884822, -0.227933, -0.250618, -0.227933,-0.0884822, -0.553521,  -1.48549,  -0.16478,-0.0884822,  -1.16644]
********************************************************************************************************************
o___o  ----------------------------------------
| L |	Time since last clock: 0h 0m 0s
A===A	Time since the beginning: 0h 27m 57.309s
***********************************************

********************************************************************************************************************
Start warm-up calculation for scaling factor 16
open output files: NGSEDWarmUpW3.2Obs.txt
********************************************************************************************************************
Start the 0 rounds of NGS-ED iteration
	effective electronic model is modified as: kinetic energy t = 0.981868
	                                           effective interaction Vq = [ -0.805999, -0.464344, -0.277143, -0.464344, -0.464344, -0.286387, -0.166301, -0.286387, -0.277143, -0.166301,-0.0882862, -0.166301, -0.464344, -0.286387, -0.166301, -0.286387]
	PARPACK diagonalization completed after 60 matrix-vector product operations.
	iteration results: : total energy is -22.247107 | electron energy -22.247633 + phonon energy 0.000525 | electron momentum kIdx = 0
	Nq(0) = 12.25,	Nq(1) = 0.160103,	Nq(2) = 0.190799,	Nq(3) = 0.160103,	Nq(4) = 0.160103,	Nq(5) = 0.209721,	Nq(6) = 0.241587,	Nq(7) = 0.209721,	Nq(8) = 0.190799,	Nq(9) = 0.241587,	Nq(10) = 0.281259,	Nq(11) = 0.241587,	Nq(12) = 0.160103,	Nq(13) = 0.209721,	Nq(14) = 0.241587,	Nq(15) = 0.209721,	Sq(0) = -1.65485e-18,	Sq(1) = 0.471969,	Sq(2) = 0.759722,	Sq(3) = 0.471969,	Sq(4) = 0.471969,	Sq(5) = 0.626868,	Sq(6) = 1.04157,	Sq(7) = 0.626868,	Sq(8) = 0.759722,	Sq(9) = 1.04157,	Sq(10) = 2.56042,	Sq(11) = 1.04157,	Sq(12) = 0.471969,	Sq(13) = 0.626868,	Sq(14) = 1.04157,	Sq(15) = 0.626868,	N(0) = 1.76915,	N(1) = 1.61148,	N(2) = 0.304458,	N(3) = 1.61148,	N(4) = 1.61148,	N(5) = 0.99887,	N(6) = 0.255799,	N(7) = 0.99887,	N(8) = 0.304458,	N(9) = 0.255799,	N(10) = 0.157321,	N(11) = 0.255799,	N(12) = 1.61148,	N(13) = 0.99887,	N(14) = 0.255799,	N(15) = 0.99887,	Delta[s](0) = 0.0816904,	Delta[s](1) = 0.0618718,	Delta[s](2) = 0.0382192,	Delta[s](3) = 0.0618718,	Delta[s](4) = 0.0618718,	Delta[s](5) = 0.0452193,	Delta[s](6) = 0.0224506,	Delta[s](7) = 0.0452193,	Delta[s](8) = 0.0382192,	Delta[s](9) = 0.0224506,	Delta[s](10) = 0.00295539,	Delta[s](11) = 0.0224506,	Delta[s](12) = 0.0618718,	Delta[s](13) = 0.0452193,	Delta[s](14) = 0.0224506,	Delta[s](15) = 0.0452193,	Delta[d](0) = 0.293472,	Delta[d](1) = 0.200732,	Delta[d](2) = 0.210827,	Delta[d](3) = 0.200732,	Delta[d](4) = 0.200732,	Delta[d](5) = 0.186872,	Delta[d](6) = 0.139847,	Delta[d](7) = 0.186872,	Delta[d](8) = 0.210827,	Delta[d](9) = 0.139847,	Delta[d](10) = 0.0569632,	Delta[d](11) = 0.139847,	Delta[d](12) = 0.200732,	Delta[d](13) = 0.186872,	Delta[d](14) = 0.139847,	Delta[d](15) = 0.186872,	Delta[s+](0) = 0.59292,	Delta[s+](1) = 0.441376,	Delta[s+](2) = 0.210827,	Delta[s+](3) = 0.441376,	Delta[s+](4) = 0.441376,	Delta[s+](5) = 0.308334,	Delta[s+](6) = 0.133437,	Delta[s+](7) = 0.308334,	Delta[s+](8) = 0.210827,	Delta[s+](9) = 0.133437,	Delta[s+](10) = 0.0409809,	Delta[s+](11) = 0.133437,	Delta[s+](12) = 0.441376,	Delta[s+](13) = 0.308334,	Delta[s+](14) = 0.133437,	Delta[s+](15) = 0.308334
The 0-th iteration is completed.	|| time cost : 0h 4m 5.693s
********************************************************************************************************************
Start the 1 rounds of NGS-ED iteration
	effective electronic model is modified as: kinetic energy t = 0.982218
	                                           effective interaction Vq = [ -0.841925, -0.472836, -0.272858, -0.472836, -0.472836, -0.284107, -0.161201, -0.284107, -0.272858, -0.161201,-0.0843798, -0.161201, -0.472836, -0.284107, -0.161201, -0.284107]
	PARPACK diagonalization completed after 45 matrix-vector product operations.
	iteration results: : total energy is -22.688526 | electron energy -22.689642 + phonon energy 0.001116 | electron momentum kIdx = 0
The 1-th iteration is completed.	|| time cost : 0h 0m 24.378s
********************************************************************************************************************
Start the 2 rounds of NGS-ED iteration
	effective electronic model is modified as: kinetic energy t = 0.982293
	                                           effective interaction Vq = [ -0.860869, -0.477455, -0.271182, -0.477455, -0.477455, -0.283242,  -0.15931, -0.283242, -0.271182,  -0.15931,-0.0830397,  -0.15931, -0.477455, -0.283242,  -0.15931, -0.283242]
	PARPACK diagonalization completed after 45 matrix-vector product operations.
	iteration results: : total energy is -22.920884 | electron energy -22.922391 + phonon energy 0.001508 | electron momentum kIdx = 0
The 2-th iteration is completed.	|| time cost : 0h 0m 24.353s
********************************************************************************************************************
Start the 3 rounds of NGS-ED iteration
	effective electronic model is modified as: kinetic energy t = 0.982291
	                                           effective interaction Vq = [ -0.870858, -0.479996, -0.270544, -0.479996, -0.479996, -0.282936, -0.158622, -0.282936, -0.270544, -0.158622,-0.0825877, -0.158622, -0.479996, -0.282936, -0.158622, -0.282936]
	PARPACK diagonalization completed after 45 matrix-vector product operations.
	iteration results: : total energy is -23.043324 | electron energy -23.045064 + phonon energy 0.001740 | electron momentum kIdx = 0
The 3-th iteration is completed.	|| time cost : 0h 0m 24.383s
********************************************************************************************************************
Start the 4 rounds of NGS-ED iteration
	effective electronic model is modified as: kinetic energy t = 0.982274
	                                           effective interaction Vq = [ -0.876125, -0.481405, -0.270312, -0.481405, -0.481405, -0.282841, -0.158376, -0.282841, -0.270312, -0.158376,-0.0824371, -0.158376, -0.481405, -0.282841, -0.158376, -0.282841]
	PARPACK diagonalization completed after 45 matrix-vector product operations.
	iteration results: : total energy is -23.107868 | electron energy -23.109741 + phonon energy 0.001873 | electron momentum kIdx = 0
The 4-th iteration is completed.	|| time cost : 0h 0m 24.395s
********************************************************************************************************************
Start the 5 rounds of NGS-ED iteration
	effective electronic model is modified as: kinetic energy t = 0.982258
	                                           effective interaction Vq = [ -0.878902,  -0.48219, -0.270232,  -0.48219,  -0.48219,  -0.28282, -0.158289,  -0.28282, -0.270232, -0.158289,-0.0823877, -0.158289,  -0.48219,  -0.28282, -0.158289,  -0.28282]
	PARPACK diagonalization completed after 45 matrix-vector product operations.
	iteration results: : total energy is -23.141896 | electron energy -23.143844 + phonon energy 0.001948 | electron momentum kIdx = 0
The 5-th iteration is completed.	|| time cost : 0h 0m 24.39s
********************************************************************************************************************
Start the 6 rounds of NGS-ED iteration
	effective electronic model is modified as: kinetic energy t = 0.982246
	                                           effective interaction Vq = [ -0.880366, -0.482629, -0.270207, -0.482629, -0.482629, -0.282821,  -0.15826, -0.282821, -0.270207,  -0.15826,-0.0823719,  -0.15826, -0.482629, -0.282821,  -0.15826, -0.282821]
	PARPACK diagonalization completed after 30 matrix-vector product operations.
	iteration results: : total energy is -23.159838 | electron energy -23.161828 + phonon energy 0.001991 | electron momentum kIdx = 0
The 6-th iteration is completed.	|| time cost : 0h 0m 21.594s
********************************************************************************************************************
Start the 7 rounds of NGS-ED iteration
	effective electronic model is modified as: kinetic energy t = 0.982239
	                                           effective interaction Vq = [ -0.881139, -0.482875, -0.270202, -0.482875, -0.482875, -0.282828, -0.158251, -0.282828, -0.270202, -0.158251,-0.0823671, -0.158251, -0.482875, -0.282828, -0.158251, -0.282828]
	PARPACK diagonalization completed after 30 matrix-vector product operations.
	iteration results: : total energy is -23.169298 | electron energy -23.171312 + phonon energy 0.002014 | electron momentum kIdx = 0
The 7-th iteration is completed.	|| time cost : 0h 0m 21.588s
********************************************************************************************************************
Start the 8 rounds of NGS-ED iteration
	effective electronic model is modified as: kinetic energy t = 0.982234
	                                           effective interaction Vq = [ -0.881546, -0.483014, -0.270202, -0.483014, -0.483014, -0.282834, -0.158249, -0.282834, -0.270202, -0.158249,-0.0823657, -0.158249, -0.483014, -0.282834, -0.158249, -0.282834]
	PARPACK diagonalization completed after 30 matrix-vector product operations.
	iteration results: : total energy is -23.174286 | electron energy -23.176313 + phonon energy 0.002028 | electron momentum kIdx = 0
The 8-th iteration is completed.	|| time cost : 0h 0m 21.567s
********************************************************************************************************************
Start the 9 rounds of NGS-ED iteration
	effective electronic model is modified as: kinetic energy t = 0.982232
	                                           effective interaction Vq = [ -0.881761, -0.483092, -0.270203, -0.483092, -0.483092, -0.282838, -0.158248, -0.282838, -0.270203, -0.158248,-0.0823654, -0.158248, -0.483092, -0.282838, -0.158248, -0.282838]
	PARPACK diagonalization completed after 30 matrix-vector product operations.
	iteration results: : total energy is -23.176916 | electron energy -23.178951 + phonon energy 0.002035 | electron momentum kIdx = 0
The 9-th iteration is completed.	|| time cost : 0h 0m 21.614s
********************************************************************************************************************
Start the 10 rounds of NGS-ED iteration
	effective electronic model is modified as: kinetic energy t = 0.98223
	                                           effective interaction Vq = [ -0.881874, -0.483136, -0.270205, -0.483136, -0.483136, -0.282841, -0.158248, -0.282841, -0.270205, -0.158248,-0.0823654, -0.158248, -0.483136, -0.282841, -0.158248, -0.282841]
	PARPACK diagonalization completed after 30 matrix-vector product operations.
	iteration results: : total energy is -23.178302 | electron energy -23.180342 + phonon energy 0.002040 | electron momentum kIdx = 0
	Nq(0) = 12.25,	Nq(1) = 0.160385,	Nq(2) = 0.19067,	Nq(3) = 0.160385,	Nq(4) = 0.160385,	Nq(5) = 0.209578,	Nq(6) = 0.241392,	Nq(7) = 0.209578,	Nq(8) = 0.19067,	Nq(9) = 0.241392,	Nq(10) = 0.281114,	Nq(11) = 0.241392,	Nq(12) = 0.160385,	Nq(13) = 0.209578,	Nq(14) = 0.241392,	Nq(15) = 0.209578,	Sq(0) = 2.36855e-18,	Sq(1) = 0.471669,	Sq(2) = 0.759725,	Sq(3) = 0.471669,	Sq(4) = 0.471669,	Sq(5) = 0.626821,	Sq(6) = 1.04209,	Sq(7) = 0.626821,	Sq(8) = 0.759725,	Sq(9) = 1.04209,	Sq(10) = 2.56035,	Sq(11) = 1.04209,	Sq(12) = 0.471669,	Sq(13) = 0.626821,	Sq(14) = 1.04209,	Sq(15) = 0.626821,	N(0) = 1.76899,	N(1) = 1.6114,	N(2) = 0.304702,	N(3) = 1.6114,	N(4) = 1.6114,	N(5) = 0.998746,	N(6) = 0.255864,	N(7) = 0.998746,	N(8) = 0.304702,	N(9) = 0.255864,	N(10) = 0.15755,	N(11) = 0.255864,	N(12) = 1.6114,	N(13) = 0.998746,	N(14) = 0.255864,	N(15) = 0.998746,	Delta[s](0) = 0.0816591,	Delta[s](1) = 0.0618487,	Delta[s](2) = 0.0381997,	Delta[s](3) = 0.0618487,	Delta[s](4) = 0.0618487,	Delta[s](5) = 0.0451965,	Delta[s](6) = 0.0224364,	Delta[s](7) = 0.0451965,	Delta[s](8) = 0.0381997,	Delta[s](9) = 0.0224364,	Delta[s](10) = 0.00295362,	Delta[s](11) = 0.0224364,	Delta[s](12) = 0.0618487,	Delta[s](13) = 0.0451965,	Delta[s](14) = 0.0224364,	Delta[s](15) = 0.0451965,	Delta[d](0) = 0.302064,	Delta[d](1) = 0.20639,	Delta[d](2) = 0.216611,	Delta[d](3) = 0.20639,	Delta[d](4) = 0.20639,	Delta[d](5) = 0.192047,	Delta[d](6) = 0.143693,	Delta[d](7) = 0.192047,	Delta[d](8) = 0.216611,	Delta[d](9) = 0.143693,	Delta[d](10) = 0.0586083,	Delta[d](11) = 0.143693,	Delta[d](12) = 0.20639,	Delta[d](13) = 0.192047,	Delta[d](14) = 0.143693,	Delta[d](15) = 0.192047,	Delta[s+](0) = 0.609006,	Delta[s+](1) = 0.453349,	Delta[s+](2) = 0.216611,	Delta[s+](3) = 0.453349,	Delta[s+](4) = 0.453349,	Delta[s+](5) = 0.316678,	Delta[s+](6) = 0.137088,	Delta[s+](7) = 0.316678,	Delta[s+](8) = 0.216611,	Delta[s+](9) = 0.137088,	Delta[s+](10) = 0.042133,	Delta[s+](11) = 0.137088,	Delta[s+](12) = 0.453349,	Delta[s+](13) = 0.316678,	Delta[s+](14) = 0.137088,	Delta[s+](15) = 0.316678
The 10-th iteration is completed.	|| time cost : 0h 4m 0.141s
********************************************************************************************************************
Start the 11 rounds of NGS-ED iteration
	effective electronic model is modified as: kinetic energy t = 0.982229
	                                           effective interaction Vq = [ -0.881933, -0.483161, -0.270206, -0.483161, -0.483161, -0.282842, -0.158248, -0.282842, -0.270206, -0.158248,-0.0823655, -0.158248, -0.483161, -0.282842, -0.158248, -0.282842]
	PARPACK diagonalization completed after 30 matrix-vector product operations.
	iteration results: : total energy is -23.179034 | electron energy -23.181076 + phonon energy 0.002042 | electron momentum kIdx = 0
The 11-th iteration is completed.	|| time cost : 0h 0m 21.554s
