SNEDics v3.22.2 Non-Gaussian ED ground state program		Start at Sun Feb  6 12:12:33 2022

Parallelization: 32 MPI threads  * 8 OpenMP threads = 256 total threads.
********************************************************************************************************************
********************************************************************************************************************

********************************************************************************************************************
System parameters and configurations
	special program options are enabled: splitted diagonal Hamiltonian | splitted Hamiltonian terms
********************************************************************************************************************
Read input file "model_params.in"
	Hubbard-Holstein model parameters : 	t = 1    t' = -0.2    U = 8    g = 0.25    W = 0.2    
********************************************************************************************************************
Read input file "hilbertspace_params.in"
	Requested 16-site 2D lattice, with 12 electrons (6, 6)
	Boundary : Periodic		Hilbert space representation : momentum-space (restricted to kIdx = 10)
	Conservation: particle number[U(1)]      spin[U(1)]     momentum
********************************************************************************************************************

Cluster Positions:				Cluster symmetry group : D4
 x ... x ... x ... x .....                       x ... x ... x ... x .....
 |           |           :                       |           |           :
 |           |           :                       |           |           :
12    13    14    15     x                       1     5     6     5     x
 |           |           :                       |           |           :
 |           |           :                       |           |           :
 8 --- 9 ---10 ---11 --- x                       2 --- 6 ---10 --- 6 --- x
 |           |           :                       |           |           :
 |           |           :                       |           |           :
 4     5     6     7     x                       1     5     6     5     x
 |           |           :                       |           |           :
 |           |           :                       |           |           :
 0 --- 1 --- 2 --- 3 --- x                       0 --- 1 --- 2 --- 1 --- x
orbital number : 1
********************************************************************************************************************
Read input file "obs_params.in"
	Observable Type : Nq(All),   Sq(All),   N(All-Orbital),   Delta[s](All),   Delta[d](All),   Delta[s+](All)
** WARNING ** the input observables have non-local factors which have been reinterpreted. The total observable number is 96
********************************************************************************************************************


********************************************************************************************************************
Start calculating the non-Gaussian ED ground state
Maximal iteration number is 1000; energy resolution is 1e-06. Phonon state relaxation time is 2000
W = 0.2 is relatively large. The non-Gaussian ED calculation starts directly.
open output files: NGSED_iteration_observables.txt
********************************************************************************************************************
Start the 0 rounds of NGS-ED iteration
	effective electronic model is modified as: kinetic energy t = 1, t' = -0.2
	                                           effective interaction Vq = [0,0,0,0,0,0,0,0,0,0,0,0,0,0,0,0]
	first Hamiltonian is constructed, size = 4008592 and non-zero numbers = 969952276
	PARPACK diagonalization completed after 120 matrix-vector product operations.
	iteration results: : total energy is -14.805537 | electron energy -14.805537 + phonon energy 0.000000 | electron momentum kIdx = 10
	Nq(0) = 9,	Nq(1) = 0.187399,	Nq(2) = 0.253103,	Nq(3) = 0.187399,	Nq(4) = 0.187399,	Nq(5) = 0.260144,	
	Nq(6) = 0.310877,	Nq(7) = 0.260144,	Nq(8) = 0.253103,	Nq(9) = 0.310877,	Nq(10) = 0.358189,	
	Nq(11) = 0.310877,	Nq(12) = 0.187399,	Nq(13) = 0.260144,	Nq(14) = 0.310877,	Nq(15) = 0.260144;	
	Sq(0) = 3.00271e-18,	Sq(1) = 0.499217,	Sq(2) = 0.45214,	Sq(3) = 0.499217,	Sq(4) = 0.499217,	
	Sq(5) = 0.731544,	Sq(6) = 0.945879,	Sq(7) = 0.731544,	Sq(8) = 0.45214,	Sq(9) = 0.945879,	
	Sq(10) = 1.49108,	Sq(11) = 0.945879,	Sq(12) = 0.499217,	Sq(13) = 0.731544,	Sq(14) = 0.945879,	
	Sq(15) = 0.731544;	N(0) = 1.73175,	N(1) = 1.61251,	N(2) = 0.999801,	N(3) = 1.61251,	
	N(4) = 1.61251,	N(5) = 0.277002,	N(6) = 0.15781,	N(7) = 0.277002,	N(8) = 0.999801,	
	N(9) = 0.15781,	N(10) = 0.0793767,	N(11) = 0.15781,	N(12) = 1.61251,	N(13) = 0.277002,	
	N(14) = 0.15781,	N(15) = 0.277002;	Delta[s](0) = 0.0634845,	Delta[s](1) = 0.043718,	Delta[s](2) = 0.0335537,	
	Delta[s](3) = 0.043718,	Delta[s](4) = 0.043718,	Delta[s](5) = 0.0242551,	Delta[s](6) = 0.0114417,	Delta[s](7) = 0.0242551,	
	Delta[s](8) = 0.0335537,	Delta[s](9) = 0.0114417,	Delta[s](10) = 0.000788283,	Delta[s](11) = 0.0114417,	Delta[s](12) = 0.043718,	
	Delta[s](13) = 0.0242551,	Delta[s](14) = 0.0114417,	Delta[s](15) = 0.0242551;	Delta[d](0) = 0.264574,	Delta[d](1) = 0.218222,	
	Delta[d](2) = 0.265255,	Delta[d](3) = 0.218222,	Delta[d](4) = 0.218222,	Delta[d](5) = 0.146223,	Delta[d](6) = 0.193453,	
	Delta[d](7) = 0.146223,	Delta[d](8) = 0.265255,	Delta[d](9) = 0.193453,	Delta[d](10) = 0.33015,	Delta[d](11) = 0.193453,	
	Delta[d](12) = 0.218222,	Delta[d](13) = 0.146223,	Delta[d](14) = 0.193453,	Delta[d](15) = 0.146223;	Delta[s+](0) = 0.517895,	
	Delta[s+](1) = 0.359159,	Delta[s+](2) = 0.265255,	Delta[s+](3) = 0.359159,	Delta[s+](4) = 0.359159,	Delta[s+](5) = 0.162766,	
	Delta[s+](6) = 0.0717451,	Delta[s+](7) = 0.162766,	Delta[s+](8) = 0.265255,	Delta[s+](9) = 0.0717451,	Delta[s+](10) = 0.0245567,	
	Delta[s+](11) = 0.0717451,	Delta[s+](12) = 0.359159,	Delta[s+](13) = 0.162766,	Delta[s+](14) = 0.0717451,	Delta[s+](15) = 0.162766
	
The 0-th iteration is completed.	|| time cost : 0h 2m 0.392s
********************************************************************************************************************
Start the 1 rounds of NGS-ED iteration
	effective electronic model is modified as: kinetic energy t = 0.997216, t' = -0.19931
	                                           effective interaction Vq = [   -0.3125,-0.0380741,-0.0264687,-0.0380741,-0.0380741,-0.0274173,-0.0221794,-0.0274173,-0.0264687,-0.0221794,-0.0194155,-0.0221794,-0.0380741,-0.0274173,-0.0221794,-0.0274173]
	PARPACK diagonalization completed after 45 matrix-vector product operations.
	iteration results: : total energy is -17.670894 | electron energy -17.671770 + phonon energy 0.000876 | electron momentum kIdx = 10
The 1-th iteration is completed.	|| time cost : 0h 1m 18.12s
********************************************************************************************************************
Start the 2 rounds of NGS-ED iteration
	effective electronic model is modified as: kinetic energy t = 0.997213, t' = -0.199309
	                                           effective interaction Vq = [   -0.3125,-0.0381413,-0.0264559,-0.0381413,-0.0381413,-0.0274291,-0.0221736,-0.0274291,-0.0264559,-0.0221736,-0.0194071,-0.0221736,-0.0381413,-0.0274291,-0.0221736,-0.0274291]
	PARPACK diagonalization completed after 30 matrix-vector product operations.
	iteration results: : total energy is -17.670894 | electron energy -17.671773 + phonon energy 0.000879 | electron momentum kIdx = 10
The 2-th iteration is completed.	|| time cost : 0h 0m 9.538s
********************************************************************************************************************
Start the 3 rounds of NGS-ED iteration
	effective electronic model is modified as: kinetic energy t = 0.997213, t' = -0.199309
	                                           effective interaction Vq = [   -0.3125,-0.0381416,-0.0264558,-0.0381416,-0.0381416,-0.0274291,-0.0221736,-0.0274291,-0.0264558,-0.0221736,-0.0194071,-0.0221736,-0.0381416,-0.0274291,-0.0221736,-0.0274291]
	PARPACK diagonalization completed after 30 matrix-vector product operations.
	iteration results: : total energy is -17.670894 | electron energy -17.671773 + phonon energy 0.000879 | electron momentum kIdx = 10
The 3-th iteration is completed.	|| time cost : 0h 0m 9.552s
********************************************************************************************************************
Start the 4 rounds of NGS-ED iteration
	effective electronic model is modified as: kinetic energy t = 0.997213, t' = -0.199309
	                                           effective interaction Vq = [   -0.3125,-0.0381416,-0.0264558,-0.0381416,-0.0381416,-0.0274291,-0.0221736,-0.0274291,-0.0264558,-0.0221736,-0.0194071,-0.0221736,-0.0381416,-0.0274291,-0.0221736,-0.0274291]
	PARPACK diagonalization completed after 30 matrix-vector product operations.
	iteration results: : total energy is -17.670894 | electron energy -17.671773 + phonon energy 0.000879 | electron momentum kIdx = 10
	Nq(0) = 9,	Nq(1) = 0.187955,	Nq(2) = 0.253266,	Nq(3) = 0.187955,	Nq(4) = 0.187955,	Nq(5) = 0.260571,	
	Nq(6) = 0.31118,	Nq(7) = 0.260571,	Nq(8) = 0.253266,	Nq(9) = 0.31118,	Nq(10) = 0.358495,	
	Nq(11) = 0.31118,	Nq(12) = 0.187955,	Nq(13) = 0.260571,	Nq(14) = 0.31118,	Nq(15) = 0.260571;	
	Sq(0) = 1.0455e-18,	Sq(1) = 0.498898,	Sq(2) = 0.451794,	Sq(3) = 0.498898,	Sq(4) = 0.498898,	
	Sq(5) = 0.730935,	Sq(6) = 0.945367,	Sq(7) = 0.730935,	Sq(8) = 0.451794,	Sq(9) = 0.945367,	
	Sq(10) = 1.49176,	Sq(11) = 0.945367,	Sq(12) = 0.498898,	Sq(13) = 0.730935,	Sq(14) = 0.945367,	
	Sq(15) = 0.730935;	N(0) = 1.73308,	N(1) = 1.61423,	N(2) = 0.999611,	N(3) = 1.61423,	
	N(4) = 1.61423,	N(5) = 0.275655,	N(6) = 0.15723,	N(7) = 0.275655,	N(8) = 0.999611,	
	N(9) = 0.15723,	N(10) = 0.0792355,	N(11) = 0.15723,	N(12) = 1.61423,	N(13) = 0.275655,	
	N(14) = 0.15723,	N(15) = 0.275655;	Delta[s](0) = 0.0638718,	Delta[s](1) = 0.043988,	Delta[s](2) = 0.0337846,	
	Delta[s](3) = 0.043988,	Delta[s](4) = 0.043988,	Delta[s](5) = 0.0244218,	Delta[s](6) = 0.0115146,	Delta[s](7) = 0.0244218,	
	Delta[s](8) = 0.0337846,	Delta[s](9) = 0.0115146,	Delta[s](10) = 0.000787788,	Delta[s](11) = 0.0115146,	Delta[s](12) = 0.043988,	
	Delta[s](13) = 0.0244218,	Delta[s](14) = 0.0115146,	Delta[s](15) = 0.0244218;	Delta[d](0) = 0.264622,	Delta[d](1) = 0.218329,	
	Delta[d](2) = 0.265425,	Delta[d](3) = 0.218329,	Delta[d](4) = 0.218329,	Delta[d](5) = 0.146158,	Delta[d](6) = 0.1934,	
	Delta[d](7) = 0.146158,	Delta[d](8) = 0.265425,	Delta[d](9) = 0.1934,	Delta[d](10) = 0.330755,	Delta[d](11) = 0.1934,	
	Delta[d](12) = 0.218329,	Delta[d](13) = 0.146158,	Delta[d](14) = 0.1934,	Delta[d](15) = 0.146158;	Delta[s+](0) = 0.518431,	
	Delta[s+](1) = 0.359482,	Delta[s+](2) = 0.265425,	Delta[s+](3) = 0.359482,	Delta[s+](4) = 0.359482,	Delta[s+](5) = 0.162788,	
	Delta[s+](6) = 0.0716428,	Delta[s+](7) = 0.162788,	Delta[s+](8) = 0.265425,	Delta[s+](9) = 0.0716428,	Delta[s+](10) = 0.0244965,	
	Delta[s+](11) = 0.0716428,	Delta[s+](12) = 0.359482,	Delta[s+](13) = 0.162788,	Delta[s+](14) = 0.0716428,	Delta[s+](15) = 0.162788
	
The 4-th iteration is completed.	|| time cost : 0h 1m 18.83s
********************************************************************************************************************
********************************************************************************************************************
Ground state is obtained after 5 iterations. The current ground-state energy is -17.6709, in which electron energy is -17.6718 and phonon energy is 0.00087936
Final variational state is: 
	Gamma_x = [      1,1.03528, 1.0333,1.03528,1.03528,1.03552,1.03444,1.03552, 1.0333,1.03444,1.03481,1.03444,1.03528,1.03552,1.03444,1.03552]
	lambda_q = [     1.25,0.0787647,0.0540814,0.0787647,0.0787647,0.0561179, 0.045163,0.0561179,0.0540814, 0.045163,0.0394362, 0.045163,0.0787647,0.0561179, 0.045163,0.0561179]
Effective e-e interactions mediated by phonons are:
	momentum-space Vq = [   -0.3125,-0.0381416,-0.0264558,-0.0381416,-0.0381416,-0.0274291,-0.0221736,-0.0274291,-0.0264558,-0.0221736,-0.0194071,-0.0221736,-0.0381416,-0.0274291,-0.0221736,-0.0274291]
	real-space Vr = [-0.0459872,-0.0203143,-0.0171939,-0.0203143,-0.0203143,-0.0174372,-0.0163223,-0.0174372,-0.0171939,-0.0163223,-0.0158297,-0.0163223,-0.0203143,-0.0174372,-0.0163223,-0.0174372]
********************************************************************************************************************
o___o  ----------------------------------------
| L |	Time since last clock: 0h 0m 0.009s
A===A	Time since the beginning: 0h 4m 56.443s
***********************************************


Non-Gaussina ED ground state calculation is completed. The final ground-state energy is -17.6709
********************************************************************************************************************
o___o  ----------------------------------------
| L |	Time since last clock: 0h 0m 0.002s
A===A	Time since the beginning: 0h 4m 56.446s
***********************************************



********************************************************************************************************************
All non-Gaussian ED ground state calculations have been completed. Exit now.
