SNEDics v3.2 diagonalization test program		Start at Fri May  3 20:24:36 2019

parallized on 80 MPI threads  * 6 OpenMP threads = 480 total threads.
************************************************************************************
************************************************************************************

Input file "model_params.in"
Hubbard-Holstein model parameters : 	t = 1    U = 7    g = 1.2247    W = 1    
************************************************************************************
Input file "hilbertspace_params.in"

Cluster Positions:				Cluster symmetry group : D4
 x ... x ... x ... x .....                       x ... x ... x ... x .....
 |           |           :                       |           |           :
 |           |           :                       |           |           :
12    13    14    15     x                       1     5     6     5     x
 |           |           :                       |           |           :
 |           |           :                       |           |           :
 8 --- 9 ---10 ---11 --- x                       2 --- 6 ---10 --- 6 --- x
 |           |           :                       |           |           :
 |           |           :                       |           |           :
 4     5     6     7     x                       1     5     6     5     x
 |           |           :                       |           |           :
 |           |           :                       |           |           :
 0 --- 1 --- 2 --- 3 --- x                       0 --- 1 --- 2 --- 1 --- x
orbital number : 1
************************************************************************************
** NOTE ** Detected low phonon energy W < 10. The initial state will be prepared through a warm-up process.
starting warm-up calculation for scaling factor 16
0 rounds of non-Gaussian ED iteration : ground-state energy is -9.41048 | electron energy -9.41048 + phonon energy 0 | electron momentum kIdx = 0
Nq = 	16	0.0779312	0.132949	0.0779312	0.0779312	0.132949	0.182539	0.132949	0.132949	0.182539	0.228907	0.182539	0.0779312	0.132949	0.182539	0.132949
Sq = 	8.55818e-19	0.418755	0.638112	0.418755	0.418755	0.638112	0.909041	0.638112	0.638112	0.909041	4.79166	0.909041	0.418755	0.638112	0.909041	0.638112
1 rounds of non-Gaussian ED iteration : ground-state energy is -35.1471 | electron energy -35.1479 + phonon energy 0.000848716 | electron momentum kIdx = 0
Nq = 	16	0.13696	0.209822	0.13696	0.13696	0.209822	0.284183	0.209822	0.209822	0.284183	0.347663	0.284183	0.13696	0.209822	0.284183	0.209822
Sq = 	-3.60309e-18	0.427609	0.628112	0.427609	0.427609	0.628112	0.827068	0.628112	0.628112	0.827068	3.92145	0.827068	0.427609	0.628112	0.827068	0.628112
2 rounds of non-Gaussian ED iteration : ground-state energy is -36.1908 | electron energy -36.1943 + phonon energy 0.00352408 | electron momentum kIdx = 0
Nq = 	16	0.142596	0.216227	0.142596	0.142596	0.216227	0.293017	0.216227	0.216227	0.293017	0.357514	0.293017	0.142596	0.216227	0.293017	0.216227
Sq = 	-5.99917e-18	0.427629	0.627095	0.427629	0.427629	0.627095	0.820839	0.627095	0.627095	0.820839	3.84623	0.820839	0.427629	0.627095	0.820839	0.627095
3 rounds of non-Gaussian ED iteration : ground-state energy is -36.2315 | electron energy -36.2358 + phonon energy 0.00433512 | electron momentum kIdx = 0
Nq = 	16	0.143235	0.216938	0.143235	0.143235	0.216938	0.294005	0.216938	0.216938	0.294005	0.3586	0.294005	0.143235	0.216938	0.294005	0.216938
Sq = 	4.32404e-18	0.427625	0.62698	0.427625	0.427625	0.62698	0.820148	0.62698	0.62698	0.820148	3.83784	0.820148	0.427625	0.62698	0.820148	0.62698
4 rounds of non-Gaussian ED iteration : ground-state energy is -36.2331 | electron energy -36.2376 + phonon energy 0.00447174 | electron momentum kIdx = 0
Nq = 	16	0.143324	0.217036	0.143324	0.143324	0.217036	0.294141	0.217036	0.217036	0.294141	0.358747	0.294141	0.143324	0.217036	0.294141	0.217036
Sq = 	-3.43485e-18	0.427625	0.626965	0.427625	0.427625	0.626965	0.820053	0.626965	0.626965	0.820053	3.83668	0.820053	0.427625	0.626965	0.820053	0.626965
Ground state is obtained after 5 iterations. The current ground-state energy is -36.2332, in which electron energy is -36.2377 and phonon energy is 0.00449205
final variational state is: 
Gamma_x =       1 1.00444 1.00781 1.00444 1.00444 1.00781 1.01109 1.00781 1.00781 1.01109 1.01406 1.01109 1.00444 1.00781 1.01109 1.00781
lambda_q = 0.306072 0.242329 0.227348 0.242329 0.242329 0.227348 0.221467 0.227348 0.227348 0.221467 0.216088 0.221467 0.242329 0.227348 0.221467 0.227348
o___o  -------------------------------------
| L |	Time since last clock: 0h 28m 20.908s
A===A	Time since the beginning: 0h 28m 20.908s
********************************************

************************************************************************************
starting warm-up calculation for scaling factor 8
0 rounds of non-Gaussian ED iteration : ground-state energy is -33.3956 | electron energy -33.3978 + phonon energy 0.00224602 | electron momentum kIdx = 0
Nq = 	16	0.127405	0.198276	0.127405	0.127405	0.198276	0.268335	0.198276	0.198276	0.268335	0.329386	0.268335	0.127405	0.198276	0.268335	0.198276
Sq = 	1.46946e-18	0.427361	0.629925	0.427361	0.427361	0.629925	0.838386	0.629925	0.629925	0.838386	4.05546	0.838386	0.427361	0.629925	0.838386	0.629925
1 rounds of non-Gaussian ED iteration : ground-state energy is -35.0663 | electron energy -35.0743 + phonon energy 0.00799294 | electron momentum kIdx = 0
Nq = 	16	0.129993	0.201269	0.129993	0.129993	0.201269	0.272187	0.201269	0.201269	0.272187	0.333569	0.272187	0.129993	0.201269	0.272187	0.201269
Sq = 	-1.7608e-18	0.427521	0.629566	0.427521	0.427521	0.629566	0.835466	0.629566	0.629566	0.835466	4.02076	0.835466	0.427521	0.629566	0.835466	0.629566
2 rounds of non-Gaussian ED iteration : ground-state energy is -35.4013 | electron energy -35.412 + phonon energy 0.0106802 | electron momentum kIdx = 0
Nq = 	16	0.130778	0.202159	0.130778	0.130778	0.202159	0.273341	0.202159	0.202159	0.273341	0.334821	0.273341	0.130778	0.202159	0.273341	0.202159
Sq = 	-2.23212e-18	0.427564	0.629457	0.427564	0.427564	0.629457	0.834597	0.629457	0.629457	0.834597	4.01036	0.834597	0.427564	0.629457	0.834597	0.629457
3 rounds of non-Gaussian ED iteration : ground-state energy is -35.4687 | electron energy -35.4803 + phonon energy 0.0116562 | electron momentum kIdx = 0
Nq = 	16	0.131029	0.20244	0.131029	0.131029	0.20244	0.273705	0.20244	0.20244	0.273705	0.335216	0.273705	0.131029	0.20244	0.273705	0.20244
Sq = 	3.34403e-18	0.427577	0.629424	0.427577	0.427577	0.629424	0.834322	0.629424	0.629424	0.834322	4.00707	0.834322	0.427577	0.629424	0.834322	0.629424
4 rounds of non-Gaussian ED iteration : ground-state energy is -35.4822 | electron energy -35.4942 + phonon energy 0.0119868 | electron momentum kIdx = 0
Nq = 	16	0.13111	0.202531	0.13111	0.13111	0.202531	0.273823	0.202531	0.202531	0.273823	0.335344	0.273823	0.13111	0.202531	0.273823	0.202531
Sq = 	3.45608e-18	0.427581	0.629413	0.427581	0.427581	0.629413	0.834233	0.629413	0.629413	0.834233	4.006	0.834233	0.427581	0.629413	0.834233	0.629413
5 rounds of non-Gaussian ED iteration : ground-state energy is -35.485 | electron energy -35.4971 + phonon energy 0.0120961 | electron momentum kIdx = 0
Nq = 	16	0.131137	0.20256	0.131137	0.131137	0.20256	0.273862	0.20256	0.20256	0.273862	0.335385	0.273862	0.131137	0.20256	0.273862	0.20256
Sq = 	1.04837e-18	0.427583	0.629409	0.427583	0.427583	0.629409	0.834205	0.629409	0.629409	0.834205	4.00565	0.834205	0.427583	0.629409	0.834205	0.629409
Ground state is obtained after 6 iterations. The current ground-state energy is -35.4855, in which electron energy is -35.4977 and phonon energy is 0.0121319
final variational state is: 
Gamma_x =       1 1.01131 1.01859 1.01131 1.01131 1.01859 1.02558 1.01859 1.01859 1.02558 1.03168 1.02558 1.01131 1.01859 1.02558 1.01859
lambda_q = 0.431952 0.279303 0.253625 0.279303 0.279303 0.253625 0.243357 0.253625 0.253625 0.243357 0.234893 0.243357 0.279303 0.253625 0.243357 0.253625
o___o  -------------------------------------
| L |	Time since last clock: 0h 33m 23.553s
A===A	Time since the beginning: 1h 1m 44.462s
********************************************

************************************************************************************
starting warm-up calculation for scaling factor 4
0 rounds of non-Gaussian ED iteration : ground-state energy is -32.6365 | electron energy -32.6426 + phonon energy 0.00606594 | electron momentum kIdx = 0
Nq = 	16	0.115107	0.182936	0.115107	0.115107	0.182936	0.247598	0.182936	0.182936	0.247598	0.305267	0.247598	0.115107	0.182936	0.247598	0.182936
Sq = 	1.62051e-19	0.426479	0.632099	0.426479	0.426479	0.632099	0.853779	0.632099	0.632099	0.853779	4.23268	0.853779	0.426479	0.632099	0.853779	0.632099
1 rounds of non-Gaussian ED iteration : ground-state energy is -33.7897 | electron energy -33.8027 + phonon energy 0.0130082 | electron momentum kIdx = 0
Nq = 	16	0.114751	0.182398	0.114751	0.114751	0.182398	0.24674	0.182398	0.182398	0.24674	0.304128	0.24674	0.114751	0.182398	0.24674	0.182398
Sq = 	2.24977e-18	0.426476	0.632225	0.426476	0.426476	0.632225	0.854343	0.632225	0.632225	0.854343	4.23889	0.854343	0.426476	0.632225	0.854343	0.632225
2 rounds of non-Gaussian ED iteration : ground-state energy is -34.3057 | electron energy -34.322 + phonon energy 0.0162671 | electron momentum kIdx = 0
Nq = 	16	0.114635	0.182223	0.114635	0.114635	0.182223	0.246469	0.182223	0.182223	0.246469	0.303788	0.246469	0.114635	0.182223	0.246469	0.182223
Sq = 	-1.60225e-18	0.426473	0.632263	0.426473	0.426473	0.632263	0.854524	0.632263	0.632263	0.854524	4.24089	0.854524	0.426473	0.632263	0.854524	0.632263
3 rounds of non-Gaussian ED iteration : ground-state energy is -34.5374 | electron energy -34.555 + phonon energy 0.0176251 | electron momentum kIdx = 0
Nq = 	16	0.114604	0.182173	0.114604	0.114604	0.182173	0.246394	0.182173	0.182173	0.246394	0.303699	0.246394	0.114604	0.182173	0.246394	0.182173
Sq = 	-1.60035e-18	0.426472	0.632274	0.426472	0.426472	0.632274	0.854575	0.632274	0.632274	0.854575	4.24144	0.854575	0.426472	0.632274	0.854575	0.632274
4 rounds of non-Gaussian ED iteration : ground-state energy is -34.6415 | electron energy -34.6596 + phonon energy 0.0181858 | electron momentum kIdx = 0
Nq = 	16	0.114598	0.182162	0.114598	0.114598	0.182162	0.246378	0.182162	0.182162	0.246378	0.303682	0.246378	0.114598	0.182162	0.246378	0.182162
Sq = 	6.68911e-19	0.426472	0.632276	0.426472	0.426472	0.632276	0.854585	0.632276	0.632276	0.854585	4.24156	0.854585	0.426472	0.632276	0.854585	0.632276
5 rounds of non-Gaussian ED iteration : ground-state energy is -34.6882 | electron energy -34.7066 + phonon energy 0.0184227 | electron momentum kIdx = 0
Nq = 	16	0.114599	0.182162	0.114599	0.114599	0.182162	0.246378	0.182162	0.182162	0.246378	0.303682	0.246378	0.114599	0.182162	0.246378	0.182162
Sq = 	8.00689e-19	0.426472	0.632276	0.426472	0.426472	0.632276	0.854585	0.632276	0.632276	0.854585	4.24155	0.854585	0.426472	0.632276	0.854585	0.632276
6 rounds of non-Gaussian ED iteration : ground-state energy is -34.7092 | electron energy -34.7277 + phonon energy 0.018526 | electron momentum kIdx = 0
Nq = 	16	0.114601	0.182164	0.114601	0.114601	0.182164	0.24638	0.182164	0.182164	0.24638	0.303686	0.24638	0.114601	0.182164	0.24638	0.182164
Sq = 	-3.23743e-20	0.426472	0.632276	0.426472	0.426472	0.632276	0.854583	0.632276	0.632276	0.854583	4.24153	0.854583	0.426472	0.632276	0.854583	0.632276
7 rounds of non-Gaussian ED iteration : ground-state energy is -34.7187 | electron energy -34.7372 + phonon energy 0.0185725 | electron momentum kIdx = 0
Nq = 	16	0.114602	0.182165	0.114602	0.114602	0.182165	0.246382	0.182165	0.182165	0.246382	0.303689	0.246382	0.114602	0.182165	0.246382	0.182165
Sq = 	-4.28425e-19	0.426472	0.632276	0.426472	0.426472	0.632276	0.854582	0.632276	0.632276	0.854582	4.24151	0.854582	0.426472	0.632276	0.854582	0.632276
8 rounds of non-Gaussian ED iteration : ground-state energy is -34.7229 | electron energy -34.7415 + phonon energy 0.0185942 | electron momentum kIdx = 0
Nq = 	16	0.114603	0.182166	0.114603	0.114603	0.182166	0.246384	0.182166	0.182166	0.246384	0.303691	0.246384	0.114603	0.182166	0.246384	0.182166
Sq = 	-3.60094e-18	0.426472	0.632276	0.426472	0.426472	0.632276	0.854581	0.632276	0.632276	0.854581	4.2415	0.854581	0.426472	0.632276	0.854581	0.632276
9 rounds of non-Gaussian ED iteration : ground-state energy is -34.7248 | electron energy -34.7434 + phonon energy 0.0186046 | electron momentum kIdx = 0
Nq = 	16	0.114604	0.182167	0.114604	0.114604	0.182167	0.246384	0.182167	0.182167	0.246384	0.303692	0.246384	0.114604	0.182167	0.246384	0.182167
Sq = 	-4.04314e-18	0.426472	0.632276	0.426472	0.426472	0.632276	0.85458	0.632276	0.632276	0.85458	4.24149	0.85458	0.426472	0.632276	0.85458	0.632276
Ground state is obtained after 10 iterations. The current ground-state energy is -34.7257, in which electron energy is -34.7443 and phonon energy is 0.0186096
final variational state is: 
Gamma_x =       1 1.02153 1.03336 1.02153 1.02153 1.03336 1.04444 1.03336 1.03336 1.04444 1.05404 1.04444 1.02153 1.03336 1.04444 1.03336
lambda_q = 0.609046 0.278399 0.245725 0.278399 0.278399 0.245725 0.232201 0.245725 0.245725 0.232201 0.222283 0.232201 0.278399 0.245725 0.232201 0.245725
o___o  -------------------------------------
| L |	Time since last clock: 0h 53m 25.606s
A===A	Time since the beginning: 1h 55m 10.069s
********************************************

************************************************************************************
starting warm-up calculation for scaling factor 2
0 rounds of non-Gaussian ED iteration : ground-state energy is -31.999 | electron energy -32.0083 + phonon energy 0.00930479 | electron momentum kIdx = 0
Nq = 	16	0.101866	0.165799	0.101866	0.101866	0.165799	0.224983	0.165799	0.165799	0.224983	0.278875	0.224983	0.101866	0.165799	0.224983	0.165799
Sq = 	9.81254e-20	0.424682	0.634254	0.424682	0.424682	0.634254	0.871633	0.634254	0.634254	0.871633	4.42815	0.871633	0.424682	0.634254	0.871633	0.634254
1 rounds of non-Gaussian ED iteration : ground-state energy is -32.7241 | electron energy -32.7383 + phonon energy 0.014214 | electron momentum kIdx = 0
Nq = 	16	0.100539	0.16401	0.100539	0.100539	0.16401	0.22259	0.16401	0.16401	0.22259	0.276017	0.22259	0.100539	0.16401	0.22259	0.16401
Sq = 	-2.16591e-18	0.424464	0.634492	0.424464	0.424464	0.634492	0.873553	0.634492	0.634492	0.873553	4.44839	0.873553	0.424464	0.634492	0.873553	0.634492
2 rounds of non-Gaussian ED iteration : ground-state energy is -33.1965 | electron energy -33.2127 + phonon energy 0.0162368 | electron momentum kIdx = 0
Nq = 	16	0.0998505	0.163097	0.0998505	0.0998505	0.163097	0.221403	0.163097	0.163097	0.221403	0.274641	0.221403	0.0998505	0.163097	0.221403	0.163097
Sq = 	9.36063e-20	0.424337	0.634599	0.424337	0.424337	0.634599	0.874535	0.634599	0.634599	0.874535	4.45868	0.874535	0.424337	0.634599	0.874535	0.634599
3 rounds of non-Gaussian ED iteration : ground-state energy is -33.5106 | electron energy -33.5275 + phonon energy 0.0168987 | electron momentum kIdx = 0
Nq = 	16	0.0995121	0.162656	0.0995121	0.0995121	0.162656	0.220842	0.162656	0.162656	0.220842	0.274004	0.220842	0.0995121	0.162656	0.220842	0.162656
Sq = 	-5.09205e-19	0.424271	0.634645	0.424271	0.424271	0.634645	0.87501	0.634645	0.634645	0.87501	4.46365	0.87501	0.424271	0.634645	0.87501	0.634645
4 rounds of non-Gaussian ED iteration : ground-state energy is -33.7206 | electron energy -33.7376 + phonon energy 0.0170183 | electron momentum kIdx = 0
Nq = 	16	0.099347	0.162444	0.099347	0.099347	0.162444	0.220577	0.162444	0.162444	0.220577	0.273707	0.220577	0.099347	0.162444	0.220577	0.162444
Sq = 	1.16689e-18	0.424237	0.634665	0.424237	0.424237	0.634665	0.875238	0.634665	0.634665	0.875238	4.46604	0.875238	0.424237	0.634665	0.875238	0.634665
5 rounds of non-Gaussian ED iteration : ground-state energy is -33.8613 | electron energy -33.8782 + phonon energy 0.0169514 | electron momentum kIdx = 0
Nq = 	16	0.0992653	0.162341	0.0992653	0.0992653	0.162341	0.220449	0.162341	0.162341	0.220449	0.273565	0.220449	0.0992653	0.162341	0.220449	0.162341
Sq = 	-1.84512e-19	0.42422	0.634674	0.42422	0.42422	0.634674	0.87535	0.634674	0.634674	0.87535	4.4672	0.87535	0.42422	0.634674	0.87535	0.634674
6 rounds of non-Gaussian ED iteration : ground-state energy is -33.9555 | electron energy -33.9724 + phonon energy 0.0168393 | electron momentum kIdx = 0
Nq = 	16	0.0992238	0.16229	0.0992238	0.0992238	0.16229	0.220385	0.16229	0.16229	0.220385	0.273495	0.220385	0.0992238	0.16229	0.220385	0.16229
Sq = 	-8.50847e-20	0.424212	0.634679	0.424212	0.424212	0.634679	0.875406	0.634679	0.634679	0.875406	4.46779	0.875406	0.424212	0.634679	0.875406	0.634679
7 rounds of non-Gaussian ED iteration : ground-state energy is -34.0187 | electron energy -34.0355 + phonon energy 0.0167323 | electron momentum kIdx = 0
Nq = 	16	0.0992021	0.162263	0.0992021	0.0992021	0.162263	0.220352	0.162263	0.162263	0.220352	0.273458	0.220352	0.0992021	0.162263	0.220352	0.162263
Sq = 	4.13149e-19	0.424207	0.634681	0.424207	0.424207	0.634681	0.875435	0.634681	0.634681	0.875435	4.4681	0.875435	0.424207	0.634681	0.875435	0.634681
8 rounds of non-Gaussian ED iteration : ground-state energy is -34.0611 | electron energy -34.0777 + phonon energy 0.0166449 | electron momentum kIdx = 0
Nq = 	16	0.0991902	0.162249	0.0991902	0.0991902	0.162249	0.220334	0.162249	0.162249	0.220334	0.273438	0.220334	0.0991902	0.162249	0.220334	0.162249
Sq = 	-2.63863e-19	0.424204	0.634682	0.424204	0.424204	0.634682	0.875451	0.634682	0.634682	0.875451	4.46826	0.875451	0.424204	0.634682	0.875451	0.634682
9 rounds of non-Gaussian ED iteration : ground-state energy is -34.0895 | electron energy -34.1061 + phonon energy 0.0165782 | electron momentum kIdx = 0
Nq = 	16	0.0991835	0.16224	0.0991835	0.0991835	0.16224	0.220323	0.16224	0.16224	0.220323	0.273426	0.220323	0.0991835	0.16224	0.220323	0.16224
Sq = 	-1.52343e-18	0.424203	0.634683	0.424203	0.424203	0.634683	0.87546	0.634683	0.634683	0.87546	4.46836	0.87546	0.424203	0.634683	0.87546	0.634683
10 rounds of non-Gaussian ED iteration : ground-state energy is -34.1085 | electron energy -34.125 + phonon energy 0.016529 | electron momentum kIdx = 0
Nq = 	16	0.0991795	0.162235	0.0991795	0.0991795	0.162235	0.220317	0.162235	0.162235	0.220317	0.273419	0.220317	0.0991795	0.162235	0.220317	0.162235
Sq = 	4.37497e-19	0.424202	0.634683	0.424202	0.424202	0.634683	0.875465	0.634683	0.634683	0.875465	4.46841	0.875465	0.424202	0.634683	0.875465	0.634683
11 rounds of non-Gaussian ED iteration : ground-state energy is -34.1213 | electron energy -34.1378 + phonon energy 0.0164935 | electron momentum kIdx = 0
Nq = 	16	0.0991771	0.162232	0.0991771	0.0991771	0.162232	0.220313	0.162232	0.162232	0.220313	0.273414	0.220313	0.0991771	0.162232	0.220313	0.162232
Sq = 	5.80186e-19	0.424202	0.634684	0.424202	0.424202	0.634684	0.875469	0.634684	0.634684	0.875469	4.46845	0.875469	0.424202	0.634684	0.875469	0.634684
12 rounds of non-Gaussian ED iteration : ground-state energy is -34.1298 | electron energy -34.1463 + phonon energy 0.0164681 | electron momentum kIdx = 0
Nq = 	16	0.0991755	0.16223	0.0991755	0.0991755	0.16223	0.220311	0.16223	0.16223	0.220311	0.273412	0.220311	0.0991755	0.16223	0.220311	0.16223
Sq = 	4.39631e-19	0.424201	0.634684	0.424201	0.424201	0.634684	0.875471	0.634684	0.634684	0.875471	4.46847	0.875471	0.424201	0.634684	0.875471	0.634684
13 rounds of non-Gaussian ED iteration : ground-state energy is -34.1356 | electron energy -34.152 + phonon energy 0.0164501 | electron momentum kIdx = 0
Nq = 	16	0.0991745	0.162229	0.0991745	0.0991745	0.162229	0.220309	0.162229	0.162229	0.220309	0.27341	0.220309	0.0991745	0.162229	0.220309	0.162229
Sq = 	9.34471e-20	0.424201	0.634684	0.424201	0.424201	0.634684	0.875472	0.634684	0.634684	0.875472	4.46848	0.875472	0.424201	0.634684	0.875472	0.634684
14 rounds of non-Gaussian ED iteration : ground-state energy is -34.1394 | electron energy -34.1558 + phonon energy 0.0164374 | electron momentum kIdx = 0
Nq = 	16	0.0991738	0.162228	0.0991738	0.0991738	0.162228	0.220308	0.162228	0.162228	0.220308	0.273408	0.220308	0.0991738	0.162228	0.220308	0.162228
Sq = 	-1.15367e-18	0.424201	0.634684	0.424201	0.424201	0.634684	0.875473	0.634684	0.634684	0.875473	4.46849	0.875473	0.424201	0.634684	0.875473	0.634684
15 rounds of non-Gaussian ED iteration : ground-state energy is -34.142 | electron energy -34.1584 + phonon energy 0.0164285 | electron momentum kIdx = 0
Nq = 	16	0.0991734	0.162228	0.0991734	0.0991734	0.162228	0.220307	0.162228	0.162228	0.220307	0.273407	0.220307	0.0991734	0.162228	0.220307	0.162228
Sq = 	-2.06699e-19	0.424201	0.634684	0.424201	0.424201	0.634684	0.875474	0.634684	0.634684	0.875474	4.4685	0.875474	0.424201	0.634684	0.875474	0.634684
16 rounds of non-Gaussian ED iteration : ground-state energy is -34.1437 | electron energy -34.1601 + phonon energy 0.0164222 | electron momentum kIdx = 0
Nq = 	16	0.0991731	0.162227	0.0991731	0.0991731	0.162227	0.220307	0.162227	0.162227	0.220307	0.273407	0.220307	0.0991731	0.162227	0.220307	0.162227
Sq = 	6.67106e-19	0.424201	0.634684	0.424201	0.424201	0.634684	0.875474	0.634684	0.634684	0.875474	4.46851	0.875474	0.424201	0.634684	0.875474	0.634684
17 rounds of non-Gaussian ED iteration : ground-state energy is -34.1449 | electron energy -34.1613 + phonon energy 0.0164178 | electron momentum kIdx = 0
Nq = 	16	0.0991729	0.162227	0.0991729	0.0991729	0.162227	0.220306	0.162227	0.162227	0.220306	0.273406	0.220306	0.0991729	0.162227	0.220306	0.162227
Sq = 	-6.29896e-19	0.424201	0.634684	0.424201	0.424201	0.634684	0.875474	0.634684	0.634684	0.875474	4.46851	0.875474	0.424201	0.634684	0.875474	0.634684
Ground state is obtained after 18 iterations. The current ground-state energy is -34.1456, in which electron energy is -34.162 and phonon energy is 0.0164147
final variational state is: 
Gamma_x =       1 1.02995 1.04502 1.02995 1.02995 1.04502 1.05872 1.04502 1.04502 1.05872 1.07081 1.05872 1.02995 1.04502 1.05872 1.04502
lambda_q = 0.858973 0.236169 0.205525 0.236169 0.236169 0.205525 0.192288 0.205525 0.205525 0.192288 0.183406 0.192288 0.236169 0.205525 0.192288 0.205525
o___o  -------------------------------------
| L |	Time since last clock: 1h 33m 18.735s
A===A	Time since the beginning: 3h 28m 28.805s
********************************************

************************************************************************************
Warm up completed
o___o  -------------------------------------
| L |	Time since last clock: 0h 0m 0.027s
A===A	Time since the beginning: 3h 28m 28.832s
********************************************

************************************************************************************
0 rounds of non-Gaussian ED iteration : ground-state energy is -31.6134 | electron energy -31.6216 + phonon energy 0.00820736 | electron momentum kIdx = 0
Nq = 	16	0.0913422	0.151688	0.0913422	0.0913422	0.151688	0.206672	0.151688	0.151688	0.206672	0.257415	0.206672	0.0913422	0.151688	0.206672	0.151688
Sq = 	-2.25024e-18	0.422538	0.635907	0.422538	0.422538	0.635907	0.887087	0.635907	0.635907	0.887087	4.58646	0.887087	0.422538	0.635907	0.887087	0.635907
1 rounds of non-Gaussian ED iteration : ground-state energy is -32.0343 | electron energy -32.0446 + phonon energy 0.0103122 | electron momentum kIdx = 0
Nq = 	16	0.0902716	0.150209	0.0902716	0.0902716	0.150209	0.204738	0.150209	0.150209	0.204738	0.255114	0.204738	0.0902716	0.150209	0.204738	0.150209
Sq = 	8.91326e-19	0.422288	0.63609	0.422288	0.422288	0.63609	0.888755	0.63609	0.63609	0.888755	4.60289	0.888755	0.422288	0.63609	0.888755	0.63609
2 rounds of non-Gaussian ED iteration : ground-state energy is -32.3589 | electron energy -32.3701 + phonon energy 0.0111236 | electron momentum kIdx = 0
Nq = 	16	0.0896839	0.149408	0.0896839	0.0896839	0.149408	0.203713	0.149408	0.149408	0.203713	0.253922	0.203713	0.0896839	0.149408	0.203713	0.149408
Sq = 	-2.58423e-19	0.422141	0.636178	0.422141	0.422141	0.636178	0.889662	0.636178	0.636178	0.889662	4.61176	0.889662	0.422141	0.636178	0.889662	0.636178
3 rounds of non-Gaussian ED iteration : ground-state energy is -32.6205 | electron energy -32.6319 + phonon energy 0.0113529 | electron momentum kIdx = 0
Nq = 	16	0.0893848	0.149006	0.0893848	0.0893848	0.149006	0.203207	0.149006	0.149006	0.203207	0.253343	0.203207	0.0893848	0.149006	0.203207	0.149006
Sq = 	1.36013e-18	0.422063	0.636219	0.422063	0.422063	0.636219	0.890119	0.636219	0.636219	0.890119	4.61621	0.890119	0.422063	0.636219	0.890119	0.636219
4 rounds of non-Gaussian ED iteration : ground-state energy is -32.8338 | electron energy -32.8451 + phonon energy 0.0113417 | electron momentum kIdx = 0
Nq = 	16	0.0892351	0.148808	0.0892351	0.0892351	0.148808	0.202961	0.148808	0.148808	0.202961	0.253064	0.202961	0.0892351	0.148808	0.202961	0.148808
Sq = 	-1.4031e-18	0.422023	0.636237	0.422023	0.422023	0.636237	0.890346	0.636238	0.636238	0.890346	4.61841	0.890346	0.422023	0.636238	0.890346	0.636237
5 rounds of non-Gaussian ED iteration : ground-state energy is -33.0082 | electron energy -33.0194 + phonon energy 0.0112417 | electron momentum kIdx = 0
Nq = 	16	0.0891596	0.14871	0.0891596	0.0891596	0.14871	0.202839	0.14871	0.14871	0.202839	0.252927	0.202839	0.0891596	0.14871	0.202839	0.14871
Sq = 	-3.62868e-19	0.422002	0.636246	0.422002	0.422002	0.636246	0.890458	0.636246	0.636246	0.890458	4.6195	0.890458	0.422002	0.636246	0.890458	0.636246
6 rounds of non-Gaussian ED iteration : ground-state energy is -33.1509 | electron energy -33.162 + phonon energy 0.0111181 | electron momentum kIdx = 0
Nq = 	16	0.0891207	0.14866	0.0891207	0.0891207	0.14866	0.202778	0.14866	0.14866	0.202778	0.252858	0.202778	0.0891207	0.14866	0.202778	0.14866
Sq = 	-6.56586e-19	0.421991	0.63625	0.421991	0.421991	0.63625	0.890516	0.63625	0.63625	0.890516	4.62006	0.890516	0.421991	0.63625	0.890516	0.63625
7 rounds of non-Gaussian ED iteration : ground-state energy is -33.2677 | electron energy -33.2787 + phonon energy 0.0109971 | electron momentum kIdx = 0
Nq = 	16	0.0890998	0.148633	0.0890998	0.0890998	0.148633	0.202745	0.148633	0.148633	0.202745	0.252821	0.202745	0.0890998	0.148633	0.202745	0.148633
Sq = 	-1.82096e-19	0.421985	0.636252	0.421985	0.421985	0.636252	0.890547	0.636252	0.636252	0.890547	4.62036	0.890547	0.421985	0.636252	0.890547	0.636252
8 rounds of non-Gaussian ED iteration : ground-state energy is -33.3634 | electron energy -33.3743 + phonon energy 0.0108884 | electron momentum kIdx = 0
Nq = 	16	0.0890879	0.148618	0.0890879	0.0890879	0.148618	0.202726	0.148618	0.148618	0.202726	0.2528	0.202726	0.0890879	0.148618	0.202726	0.148618
Sq = 	-3.24435e-19	0.421982	0.636254	0.421982	0.421982	0.636254	0.890564	0.636254	0.636254	0.890564	4.62053	0.890564	0.421982	0.636254	0.890564	0.636254
9 rounds of non-Gaussian ED iteration : ground-state energy is -33.4417 | electron energy -33.4525 + phonon energy 0.0107944 | electron momentum kIdx = 0
Nq = 	16	0.0890808	0.148608	0.0890808	0.0890808	0.148608	0.202715	0.148608	0.148608	0.202715	0.252787	0.202715	0.0890808	0.148608	0.202715	0.148608
Sq = 	-1.50048e-18	0.42198	0.636254	0.42198	0.42198	0.636254	0.890575	0.636254	0.636254	0.890575	4.62063	0.890575	0.42198	0.636254	0.890575	0.636254
10 rounds of non-Gaussian ED iteration : ground-state energy is -33.5059 | electron energy -33.5166 + phonon energy 0.0107146 | electron momentum kIdx = 0
Nq = 	16	0.0890761	0.148602	0.0890761	0.0890761	0.148602	0.202707	0.148602	0.148602	0.202707	0.252778	0.202707	0.0890761	0.148602	0.202707	0.148602
Sq = 	-5.80949e-19	0.421979	0.636255	0.421979	0.421979	0.636255	0.890582	0.636255	0.636255	0.890582	4.6207	0.890582	0.421979	0.636255	0.890582	0.636255
11 rounds of non-Gaussian ED iteration : ground-state energy is -33.5584 | electron energy -33.569 + phonon energy 0.0106476 | electron momentum kIdx = 0
Nq = 	16	0.0890729	0.148598	0.0890729	0.0890729	0.148598	0.202702	0.148598	0.148598	0.202702	0.252771	0.202702	0.0890729	0.148598	0.202702	0.148598
Sq = 	-3.87065e-19	0.421978	0.636255	0.421978	0.421978	0.636255	0.890587	0.636255	0.636255	0.890587	4.62075	0.890587	0.421978	0.636255	0.890587	0.636255
12 rounds of non-Gaussian ED iteration : ground-state energy is -33.6014 | electron energy -33.6119 + phonon energy 0.0105915 | electron momentum kIdx = 0
Nq = 	16	0.0890705	0.148595	0.0890705	0.0890705	0.148595	0.202698	0.148595	0.148595	0.202698	0.252766	0.202698	0.0890705	0.148595	0.202698	0.148595
Sq = 	-1.85449e-18	0.421978	0.636256	0.421978	0.421978	0.636256	0.890591	0.636256	0.636256	0.890591	4.62078	0.890591	0.421978	0.636256	0.890591	0.636256
13 rounds of non-Gaussian ED iteration : ground-state energy is -33.6365 | electron energy -33.6471 + phonon energy 0.0105448 | electron momentum kIdx = 0
Nq = 	16	0.0890687	0.148593	0.0890687	0.0890687	0.148593	0.202695	0.148593	0.148593	0.202695	0.252763	0.202695	0.0890687	0.148593	0.202695	0.148593
Sq = 	-1.02223e-18	0.421977	0.636256	0.421977	0.421977	0.636256	0.890593	0.636256	0.636256	0.890593	4.62081	0.890593	0.421977	0.636256	0.890593	0.636256
14 rounds of non-Gaussian ED iteration : ground-state energy is -33.6654 | electron energy -33.6759 + phonon energy 0.010506 | electron momentum kIdx = 0
Nq = 	16	0.0890672	0.148591	0.0890672	0.0890672	0.148591	0.202692	0.148591	0.148591	0.202692	0.25276	0.202692	0.0890672	0.148591	0.202692	0.148591
Sq = 	-1.40526e-18	0.421977	0.636256	0.421977	0.421977	0.636256	0.890596	0.636256	0.636256	0.890596	4.62083	0.890596	0.421977	0.636256	0.890596	0.636256
15 rounds of non-Gaussian ED iteration : ground-state energy is -33.6889 | electron energy -33.6994 + phonon energy 0.0104736 | electron momentum kIdx = 0
Nq = 	16	0.0890661	0.148589	0.0890661	0.0890661	0.148589	0.20269	0.148589	0.148589	0.20269	0.252757	0.20269	0.0890661	0.148589	0.20269	0.148589
Sq = 	-1.5697e-18	0.421977	0.636256	0.421977	0.421977	0.636256	0.890597	0.636256	0.636256	0.890597	4.62085	0.890597	0.421977	0.636256	0.890597	0.636256
16 rounds of non-Gaussian ED iteration : ground-state energy is -33.7083 | electron energy -33.7187 + phonon energy 0.0104467 | electron momentum kIdx = 0
Nq = 	16	0.0890651	0.148588	0.0890651	0.0890651	0.148588	0.202688	0.148588	0.148588	0.202688	0.252755	0.202688	0.0890651	0.148588	0.202688	0.148588
Sq = 	7.90699e-19	0.421976	0.636257	0.421976	0.421976	0.636257	0.890599	0.636257	0.636257	0.890599	4.62086	0.890599	0.421976	0.636257	0.890599	0.636257
17 rounds of non-Gaussian ED iteration : ground-state energy is -33.7241 | electron energy -33.7345 + phonon energy 0.0104244 | electron momentum kIdx = 0
Nq = 	16	0.0890644	0.148587	0.0890644	0.0890644	0.148587	0.202687	0.148587	0.148587	0.202687	0.252754	0.202687	0.0890644	0.148587	0.202687	0.148587
Sq = 	-2.51172e-19	0.421976	0.636257	0.421976	0.421976	0.636257	0.8906	0.636257	0.636257	0.8906	4.62088	0.8906	0.421976	0.636257	0.8906	0.636257
18 rounds of non-Gaussian ED iteration : ground-state energy is -33.737 | electron energy -33.7474 + phonon energy 0.0104058 | electron momentum kIdx = 0
Nq = 	16	0.0890637	0.148586	0.0890637	0.0890637	0.148586	0.202686	0.148586	0.148586	0.202686	0.252752	0.202686	0.0890637	0.148586	0.202686	0.148586
Sq = 	1.49235e-20	0.421976	0.636257	0.421976	0.421976	0.636257	0.890601	0.636257	0.636257	0.890601	4.62089	0.890601	0.421976	0.636257	0.890601	0.636257
19 rounds of non-Gaussian ED iteration : ground-state energy is -33.7476 | electron energy -33.758 + phonon energy 0.0103903 | electron momentum kIdx = 0
Nq = 	16	0.0890632	0.148585	0.0890632	0.0890632	0.148585	0.202685	0.148585	0.148585	0.202685	0.252751	0.202685	0.0890632	0.148585	0.202685	0.148585
Sq = 	3.24563e-19	0.421976	0.636257	0.421976	0.421976	0.636257	0.890602	0.636257	0.636257	0.890602	4.62089	0.890602	0.421976	0.636257	0.890602	0.636257
20 rounds of non-Gaussian ED iteration : ground-state energy is -33.7563 | electron energy -33.7667 + phonon energy 0.0103774 | electron momentum kIdx = 0
Nq = 	16	0.0890627	0.148584	0.0890627	0.0890627	0.148584	0.202684	0.148584	0.148584	0.202684	0.25275	0.202684	0.0890627	0.148584	0.202684	0.148584
Sq = 	7.89748e-19	0.421976	0.636257	0.421976	0.421976	0.636257	0.890603	0.636257	0.636257	0.890603	4.6209	0.890603	0.421976	0.636257	0.890603	0.636257
21 rounds of non-Gaussian ED iteration : ground-state energy is -33.7634 | electron energy -33.7738 + phonon energy 0.0103667 | electron momentum kIdx = 0
Nq = 	16	0.0890624	0.148584	0.0890624	0.0890624	0.148584	0.202683	0.148584	0.148584	0.202683	0.252749	0.202683	0.0890624	0.148584	0.202683	0.148584
Sq = 	-7.01552e-19	0.421976	0.636257	0.421976	0.421976	0.636257	0.890603	0.636257	0.636257	0.890603	4.62091	0.890603	0.421976	0.636257	0.890603	0.636257
22 rounds of non-Gaussian ED iteration : ground-state energy is -33.7692 | electron energy -33.7796 + phonon energy 0.0103578 | electron momentum kIdx = 0
Nq = 	16	0.0890621	0.148584	0.0890621	0.0890621	0.148584	0.202683	0.148584	0.148584	0.202683	0.252749	0.202683	0.0890621	0.148584	0.202683	0.148584
Sq = 	-9.00859e-19	0.421976	0.636257	0.421976	0.421976	0.636257	0.890604	0.636257	0.636257	0.890604	4.62091	0.890604	0.421976	0.636257	0.890604	0.636257
23 rounds of non-Gaussian ED iteration : ground-state energy is -33.774 | electron energy -33.7843 + phonon energy 0.0103504 | electron momentum kIdx = 0
Nq = 	16	0.0890618	0.148583	0.0890618	0.0890618	0.148583	0.202682	0.148583	0.148583	0.202682	0.252748	0.202682	0.0890618	0.148583	0.202682	0.148583
Sq = 	1.97984e-18	0.421975	0.636257	0.421975	0.421975	0.636257	0.890604	0.636257	0.636257	0.890604	4.62092	0.890604	0.421975	0.636257	0.890604	0.636257
24 rounds of non-Gaussian ED iteration : ground-state energy is -33.7779 | electron energy -33.7882 + phonon energy 0.0103443 | electron momentum kIdx = 0
Nq = 	16	0.0890616	0.148583	0.0890616	0.0890616	0.148583	0.202682	0.148583	0.148583	0.202682	0.252748	0.202682	0.0890616	0.148583	0.202682	0.148583
Sq = 	-7.49276e-19	0.421975	0.636257	0.421975	0.421975	0.636257	0.890604	0.636257	0.636257	0.890604	4.62092	0.890604	0.421975	0.636257	0.890604	0.636257
25 rounds of non-Gaussian ED iteration : ground-state energy is -33.7811 | electron energy -33.7914 + phonon energy 0.0103392 | electron momentum kIdx = 0
Nq = 	16	0.0890614	0.148583	0.0890614	0.0890614	0.148583	0.202682	0.148583	0.148583	0.202682	0.252747	0.202682	0.0890614	0.148583	0.202682	0.148583
Sq = 	-1.24344e-18	0.421975	0.636257	0.421975	0.421975	0.636257	0.890605	0.636257	0.636257	0.890605	4.62092	0.890605	0.421975	0.636257	0.890605	0.636257
26 rounds of non-Gaussian ED iteration : ground-state energy is -33.7837 | electron energy -33.794 + phonon energy 0.0103349 | electron momentum kIdx = 0
Nq = 	16	0.0890613	0.148582	0.0890613	0.0890613	0.148582	0.202681	0.148582	0.148582	0.202681	0.252747	0.202681	0.0890613	0.148582	0.202681	0.148582
Sq = 	-8.85418e-20	0.421975	0.636257	0.421975	0.421975	0.636257	0.890605	0.636257	0.636257	0.890605	4.62092	0.890605	0.421975	0.636257	0.890605	0.636257
27 rounds of non-Gaussian ED iteration : ground-state energy is -33.7858 | electron energy -33.7962 + phonon energy 0.0103313 | electron momentum kIdx = 0
Nq = 	16	0.0890612	0.148582	0.0890612	0.0890612	0.148582	0.202681	0.148582	0.148582	0.202681	0.252747	0.202681	0.0890612	0.148582	0.202681	0.148582
Sq = 	-1.97217e-18	0.421975	0.636257	0.421975	0.421975	0.636257	0.890605	0.636257	0.636257	0.890605	4.62093	0.890605	0.421975	0.636257	0.890605	0.636257
28 rounds of non-Gaussian ED iteration : ground-state energy is -33.7876 | electron energy -33.7979 + phonon energy 0.0103284 | electron momentum kIdx = 0
Nq = 	16	0.0890611	0.148582	0.0890611	0.0890611	0.148582	0.202681	0.148582	0.148582	0.202681	0.252746	0.202681	0.0890611	0.148582	0.202681	0.148582
Sq = 	1.5808e-18	0.421975	0.636257	0.421975	0.421975	0.636257	0.890605	0.636257	0.636257	0.890605	4.62093	0.890605	0.421975	0.636257	0.890605	0.636257
29 rounds of non-Gaussian ED iteration : ground-state energy is -33.789 | electron energy -33.7993 + phonon energy 0.0103259 | electron momentum kIdx = 0
Nq = 	16	0.089061	0.148582	0.089061	0.089061	0.148582	0.202681	0.148582	0.148582	0.202681	0.252746	0.202681	0.089061	0.148582	0.202681	0.148582
Sq = 	-9.92695e-20	0.421975	0.636257	0.421975	0.421975	0.636257	0.890605	0.636257	0.636257	0.890605	4.62093	0.890605	0.421975	0.636257	0.890605	0.636257
30 rounds of non-Gaussian ED iteration : ground-state energy is -33.7902 | electron energy -33.8005 + phonon energy 0.0103239 | electron momentum kIdx = 0
Nq = 	16	0.0890609	0.148582	0.0890609	0.0890609	0.148582	0.202681	0.148582	0.148582	0.202681	0.252746	0.202681	0.0890609	0.148582	0.202681	0.148582
Sq = 	5.75726e-19	0.421975	0.636257	0.421975	0.421975	0.636257	0.890606	0.636257	0.636257	0.890606	4.62093	0.890606	0.421975	0.636257	0.890606	0.636257
31 rounds of non-Gaussian ED iteration : ground-state energy is -33.7912 | electron energy -33.8015 + phonon energy 0.0103222 | electron momentum kIdx = 0
Nq = 	16	0.0890609	0.148582	0.0890609	0.0890609	0.148582	0.202681	0.148582	0.148582	0.202681	0.252746	0.202681	0.0890609	0.148582	0.202681	0.148582
Sq = 	8.67172e-19	0.421975	0.636257	0.421975	0.421975	0.636257	0.890606	0.636257	0.636257	0.890606	4.62093	0.890606	0.421975	0.636257	0.890606	0.636257
32 rounds of non-Gaussian ED iteration : ground-state energy is -33.7919 | electron energy -33.8023 + phonon energy 0.0103208 | electron momentum kIdx = 0
Nq = 	16	0.0890608	0.148582	0.0890608	0.0890608	0.148582	0.20268	0.148582	0.148582	0.20268	0.252746	0.20268	0.0890608	0.148582	0.20268	0.148582
Sq = 	2.42413e-19	0.421975	0.636257	0.421975	0.421975	0.636257	0.890606	0.636257	0.636257	0.890606	4.62093	0.890606	0.421975	0.636257	0.890606	0.636257
33 rounds of non-Gaussian ED iteration : ground-state energy is -33.7926 | electron energy -33.8029 + phonon energy 0.0103196 | electron momentum kIdx = 0
Nq = 	16	0.0890608	0.148582	0.0890608	0.0890608	0.148582	0.20268	0.148582	0.148582	0.20268	0.252746	0.20268	0.0890608	0.148582	0.20268	0.148582
Sq = 	3.17555e-19	0.421975	0.636257	0.421975	0.421975	0.636257	0.890606	0.636257	0.636257	0.890606	4.62093	0.890606	0.421975	0.636257	0.890606	0.636257
34 rounds of non-Gaussian ED iteration : ground-state energy is -33.7931 | electron energy -33.8034 + phonon energy 0.0103186 | electron momentum kIdx = 0
Nq = 	16	0.0890607	0.148582	0.0890607	0.0890607	0.148582	0.20268	0.148582	0.148582	0.20268	0.252746	0.20268	0.0890607	0.148582	0.20268	0.148582
Sq = 	-2.4077e-19	0.421975	0.636257	0.421975	0.421975	0.636257	0.890606	0.636257	0.636257	0.890606	4.62093	0.890606	0.421975	0.636257	0.890606	0.636257
35 rounds of non-Gaussian ED iteration : ground-state energy is -33.7935 | electron energy -33.8039 + phonon energy 0.0103178 | electron momentum kIdx = 0
Nq = 	16	0.0890607	0.148582	0.0890607	0.0890607	0.148582	0.20268	0.148582	0.148582	0.20268	0.252746	0.20268	0.0890607	0.148582	0.20268	0.148582
Sq = 	-9.76703e-19	0.421975	0.636257	0.421975	0.421975	0.636257	0.890606	0.636257	0.636257	0.890606	4.62093	0.890606	0.421975	0.636257	0.890606	0.636257
36 rounds of non-Gaussian ED iteration : ground-state energy is -33.7939 | electron energy -33.8042 + phonon energy 0.0103171 | electron momentum kIdx = 0
Nq = 	16	0.0890607	0.148582	0.0890607	0.0890607	0.148582	0.20268	0.148582	0.148582	0.20268	0.252746	0.20268	0.0890607	0.148582	0.20268	0.148582
Sq = 	-2.16862e-18	0.421975	0.636257	0.421975	0.421975	0.636257	0.890606	0.636257	0.636257	0.890606	4.62093	0.890606	0.421975	0.636257	0.890606	0.636257
37 rounds of non-Gaussian ED iteration : ground-state energy is -33.7942 | electron energy -33.8045 + phonon energy 0.0103166 | electron momentum kIdx = 0
Nq = 	16	0.0890607	0.148582	0.0890607	0.0890607	0.148582	0.20268	0.148582	0.148582	0.20268	0.252745	0.20268	0.0890607	0.148582	0.20268	0.148582
