TACC:  Starting up job 1743417 
TACC:  Starting parallel tasks... 
SNEDics v3.4 Non-Gaussian ED ground state program		Start at Sat Oct 10 15:37:12 2020

parallized on 16 MPI threads  * 7 OpenMP threads = 112 total threads.
********************************************************************************************************************
********************************************************************************************************************

********************************************************************************************************************
System parameters and configurations
********************************************************************************************************************
Special program options are enabled: splitted diagonal Hamiltonian
********************************************************************************************************************
Read input file "model_params.in"
	Hubbard-Holstein model parameters : 	t = 1    U = 8    g = 0.13    W = 0.2    
********************************************************************************************************************
Read input file "hilbertspace_params.in"
	Requested 16-site 2D lattice, with 14 electrons (7, 7)
	Boundary : Periodic		Hilbert space representation : momentum-space (restricted to kIdx = 0)
	Conservation: particle number[U(1)]      spin[U(1)]     momentum
********************************************************************************************************************

Cluster Positions:				Cluster symmetry group : D4
 x ... x ... x ... x .....                       x ... x ... x ... x .....
 |           |           :                       |           |           :
 |           |           :                       |           |           :
12    13    14    15     x                       1     5     6     5     x
 |           |           :                       |           |           :
 |           |           :                       |           |           :
 8 --- 9 ---10 ---11 --- x                       2 --- 6 ---10 --- 6 --- x
 |           |           :                       |           |           :
 |           |           :                       |           |           :
 4     5     6     7     x                       1     5     6     5     x
 |           |           :                       |           |           :
 |           |           :                       |           |           :
 0 --- 1 --- 2 --- 3 --- x                       0 --- 1 --- 2 --- 1 --- x
orbital number : 1
********************************************************************************************************************
Read input file "obs_params.in"
	Observable Type : Nq(All),   Sq(All),   N(All),   Delta[s](All),   Delta[d](All),   Delta[s+](All)
********************************************************************************************************************
** WARNING ** the input observables have non-local factors which have been reinterpreted. The total observable number is 96
********************************************************************************************************************


********************************************************************************************************************
Start calculating the non-Gaussian ED ground state
** WARNING ** Detected low phonon energy W < 10. The initial state will be prepared through a warm-up process.
********************************************************************************************************************
Start warm-up calculation for scaling factor 64
open output files: NGSEDWarmUpW12.8Obs.txt
********************************************************************************************************************
Start the 0 rounds of NGS-ED iteration
	effective electronic model is modified as: kinetic energy t = 1
	                                           effective interaction Vq = [0,0,0,0,0,0,0,0,0,0,0,0,0,0,0,0]
	first Hamiltonian is constructed, non-zero numbers = 2178478298
	PARPACK diagonalization completed after 165 matrix-vector product operations.
	iteration results: : total energy is -11.868836 | electron energy -11.868836 + phonon energy 0.000000 | electron momentum kIdx = 0
	Nq(0) = 12.25,	Nq(1) = 0.154193,	Nq(2) = 0.185311,	Nq(3) = 0.154193,	Nq(4) = 0.154193,	Nq(5) = 0.203281,	Nq(6) = 0.235634,	Nq(7) = 0.203281,	Nq(8) = 0.185311,	Nq(9) = 0.235634,	Nq(10) = 0.275446,	Nq(11) = 0.235634,	Nq(12) = 0.154193,	Nq(13) = 0.203281,	Nq(14) = 0.235634,	Nq(15) = 0.203281,	Sq(0) = 1.11096e-18,	Sq(1) = 0.474292,	Sq(2) = 0.766364,	Sq(3) = 0.474292,	Sq(4) = 0.474292,	Sq(5) = 0.630724,	Sq(6) = 1.05279,	Sq(7) = 0.630724,	Sq(8) = 0.766364,	Sq(9) = 1.05279,	Sq(10) = 2.56755,	Sq(11) = 1.05279,	Sq(12) = 0.474292,	Sq(13) = 0.630724,	Sq(14) = 1.05279,	Sq(15) = 0.630724,	N(0) = 1.75464,	N(1) = 1.59086,	N(2) = 0.323321,	N(3) = 1.59086,	N(4) = 1.59086,	N(5) = 0.999881,	N(6) = 0.267546,	N(7) = 0.999881,	N(8) = 0.323321,	N(9) = 0.267546,	N(10) = 0.165565,	N(11) = 0.267546,	N(12) = 1.59086,	N(13) = 0.999881,	N(14) = 0.267546,	N(15) = 0.999881,	Delta[s](0) = 0.0790532,	Delta[s](1) = 0.0591192,	Delta[s](2) = 0.0354281,	Delta[s](3) = 0.0591192,	Delta[s](4) = 0.0591192,	Delta[s](5) = 0.0422848,	Delta[s](6) = 0.0195936,	Delta[s](7) = 0.0422848,	Delta[s](8) = 0.0354281,	Delta[s](9) = 0.0195936,	Delta[s](10) = 0.000350537,	Delta[s](11) = 0.0195936,	Delta[s](12) = 0.0591192,	Delta[s](13) = 0.0422848,	Delta[s](14) = 0.0195936,	Delta[s](15) = 0.0422848,	Delta[d](0) = 0.27608,	Delta[d](1) = 0.189929,	Delta[d](2) = 0.199687,	Delta[d](3) = 0.189929,	Delta[d](4) = 0.189929,	Delta[d](5) = 0.176663,	Delta[d](6) = 0.132532,	Delta[d](7) = 0.176663,	Delta[d](8) = 0.199687,	Delta[d](9) = 0.132532,	Delta[d](10) = 0.0535531,	Delta[d](11) = 0.132532,	Delta[d](12) = 0.189929,	Delta[d](13) = 0.176663,	Delta[d](14) = 0.132532,	Delta[d](15) = 0.176663,	Delta[s+](0) = 0.559712,	Delta[s+](1) = 0.416779,	Delta[s+](2) = 0.199687,	Delta[s+](3) = 0.416779,	Delta[s+](4) = 0.416779,	Delta[s+](5) = 0.291341,	Delta[s+](6) = 0.126193,	Delta[s+](7) = 0.291341,	Delta[s+](8) = 0.199687,	Delta[s+](9) = 0.126193,	Delta[s+](10) = 0.0383216,	Delta[s+](11) = 0.126193,	Delta[s+](12) = 0.416779,	Delta[s+](13) = 0.291341,	Delta[s+](14) = 0.126193,	Delta[s+](15) = 0.291341
The 0-th iteration is completed.	|| time cost : 0h 6m 29.732s
********************************************************************************************************************
Start the 1 rounds of NGS-ED iteration
	effective electronic model is modified as: kinetic energy t = 0.997782
	                                           effective interaction Vq = [-0.0779677, -0.073126,-0.0698089, -0.073126, -0.073126,-0.0705431,-0.0683255,-0.0705431,-0.0698089,-0.0683255,-0.0669694,-0.0683255, -0.073126,-0.0705431,-0.0683255,-0.0705431]
	PARPACK diagonalization completed after 60 matrix-vector product operations.
	iteration results: : total energy is -12.998446 | electron energy -12.998449 + phonon energy 0.000004 | electron momentum kIdx = 0
The 1-th iteration is completed.	|| time cost : 0h 5m 15.893s
********************************************************************************************************************
Start the 2 rounds of NGS-ED iteration
	effective electronic model is modified as: kinetic energy t = 0.997026
	                                           effective interaction Vq = [ -0.083995,-0.0795593,-0.0755939,-0.0795593,-0.0795593,-0.0765109,-0.0737479,-0.0765109,-0.0755939,-0.0737479,-0.0720336,-0.0737479,-0.0795593,-0.0765109,-0.0737479,-0.0765109]
	PARPACK diagonalization completed after 45 matrix-vector product operations.
	iteration results: : total energy is -13.077014 | electron energy -13.077027 + phonon energy 0.000012 | electron momentum kIdx = 0
The 2-th iteration is completed.	|| time cost : 0h 0m 24.308s
********************************************************************************************************************
Start the 3 rounds of NGS-ED iteration
	effective electronic model is modified as: kinetic energy t = 0.996894
	                                           effective interaction Vq = [ -0.084461,-0.0805185,-0.0763781,-0.0805185,-0.0805185,-0.0773444,-0.0744359,-0.0773444,-0.0763781,-0.0744359,-0.0726335,-0.0744359,-0.0805185,-0.0773444,-0.0744359,-0.0773444]
	PARPACK diagonalization completed after 45 matrix-vector product operations.
	iteration results: : total energy is -13.082860 | electron energy -13.082875 + phonon energy 0.000015 | electron momentum kIdx = 0
The 3-th iteration is completed.	|| time cost : 0h 0m 24.306s
********************************************************************************************************************
Start the 4 rounds of NGS-ED iteration
	effective electronic model is modified as: kinetic energy t = 0.996872
	                                           effective interaction Vq = [ -0.084497,-0.0806959, -0.076499,-0.0806959,-0.0806959,-0.0774787,-0.0745328,-0.0774787, -0.076499,-0.0745328,-0.0727111,-0.0745328,-0.0806959,-0.0774787,-0.0745328,-0.0774787]
	PARPACK diagonalization completed after 30 matrix-vector product operations.
	iteration results: : total energy is -13.083305 | electron energy -13.083321 + phonon energy 0.000016 | electron momentum kIdx = 0
The 4-th iteration is completed.	|| time cost : 0h 0m 21.537s
********************************************************************************************************************
Start the 5 rounds of NGS-ED iteration
	effective electronic model is modified as: kinetic energy t = 0.996868
	                                           effective interaction Vq = [-0.0844998,-0.0807306, -0.076518,-0.0807306,-0.0807306, -0.077501,-0.0745467, -0.077501, -0.076518,-0.0745467,-0.0727212,-0.0745467,-0.0807306, -0.077501,-0.0745467, -0.077501]
	PARPACK diagonalization completed after 30 matrix-vector product operations.
	iteration results: : total energy is -13.083339 | electron energy -13.083355 + phonon energy 0.000016 | electron momentum kIdx = 0
	Nq(0) = 12.25,	Nq(1) = 0.155296,	Nq(2) = 0.187184,	Nq(3) = 0.155296,	Nq(4) = 0.155296,	Nq(5) = 0.205555,	Nq(6) = 0.23834,	Nq(7) = 0.205555,	Nq(8) = 0.187184,	Nq(9) = 0.23834,	Nq(10) = 0.278655,	Nq(11) = 0.23834,	Nq(12) = 0.155296,	Nq(13) = 0.205555,	Nq(14) = 0.23834,	Nq(15) = 0.205555,	Sq(0) = 1.62729e-18,	Sq(1) = 0.474419,	Sq(2) = 0.764223,	Sq(3) = 0.474419,	Sq(4) = 0.474419,	Sq(5) = 0.629471,	Sq(6) = 1.04779,	Sq(7) = 0.629471,	Sq(8) = 0.764223,	Sq(9) = 1.04779,	Sq(10) = 2.56503,	Sq(11) = 1.04779,	Sq(12) = 0.474419,	Sq(13) = 0.629471,	Sq(14) = 1.04779,	Sq(15) = 0.629471,	N(0) = 1.75985,	N(1) = 1.59785,	N(2) = 0.316849,	N(3) = 1.59785,	N(4) = 1.59785,	N(5) = 0.999846,	N(6) = 0.263415,	N(7) = 0.999846,	N(8) = 0.316849,	N(9) = 0.263415,	N(10) = 0.161986,	N(11) = 0.263415,	N(12) = 1.59785,	N(13) = 0.999846,	N(14) = 0.263415,	N(15) = 0.999846,	Delta[s](0) = 0.0807053,	Delta[s](1) = 0.0604336,	Delta[s](2) = 0.0363208,	Delta[s](3) = 0.0604336,	Delta[s](4) = 0.0604336,	Delta[s](5) = 0.0433608,	Delta[s](6) = 0.0202158,	Delta[s](7) = 0.0433608,	Delta[s](8) = 0.0363208,	Delta[s](9) = 0.0202158,	Delta[s](10) = 0.000506777,	Delta[s](11) = 0.0202158,	Delta[s](12) = 0.0604336,	Delta[s](13) = 0.0433608,	Delta[s](14) = 0.0202158,	Delta[s](15) = 0.0433608,	Delta[d](0) = 0.275259,	Delta[d](1) = 0.188889,	Delta[d](2) = 0.199177,	Delta[d](3) = 0.188889,	Delta[d](4) = 0.188889,	Delta[d](5) = 0.176007,	Delta[d](6) = 0.131889,	Delta[d](7) = 0.176007,	Delta[d](8) = 0.199177,	Delta[d](9) = 0.131889,	Delta[d](10) = 0.052873,	Delta[d](11) = 0.131889,	Delta[d](12) = 0.188889,	Delta[d](13) = 0.176007,	Delta[d](14) = 0.131889,	Delta[d](15) = 0.176007,	Delta[s+](0) = 0.560861,	Delta[s+](1) = 0.41754,	Delta[s+](2) = 0.199177,	Delta[s+](3) = 0.41754,	Delta[s+](4) = 0.41754,	Delta[s+](5) = 0.291638,	Delta[s+](6) = 0.125721,	Delta[s+](7) = 0.291638,	Delta[s+](8) = 0.199177,	Delta[s+](9) = 0.125721,	Delta[s+](10) = 0.0378732,	Delta[s+](11) = 0.125721,	Delta[s+](12) = 0.41754,	Delta[s+](13) = 0.291638,	Delta[s+](14) = 0.125721,	Delta[s+](15) = 0.291638
The 5-th iteration is completed.	|| time cost : 0h 3m 57.337s
********************************************************************************************************************
********************************************************************************************************************
Ground state is obtained after 6 iterations. The current ground-state energy is -13.0833, in which electron energy is -13.0834 and phonon energy is 1.60108e-05
final variational state is: 
	Gamma_x = [      1,1.00034,1.00053,1.00034,1.00034,1.00056,1.00071,1.00056,1.00053,1.00071,1.00086,1.00071,1.00034,1.00056,1.00071,1.00056]
	lambda_q = [0.0812125,0.0641049,0.0562829,0.0641049,0.0641049,0.0578725,0.0533672,0.0578725,0.0562829,0.0533672,0.0509167,0.0533672,0.0641049,0.0578725,0.0533672,0.0578725]
The effective e-e interactions mediated by phonons are: [   0.0845,0.0807374,0.0765211,0.0807374,0.0807374,0.0775047,0.0745487,0.0775047,0.0765211,0.0745487,0.0727226,0.0745487,0.0807374,0.0775047,0.0745487,0.0775047]
The real-space interactions mediated by phonons are: [    -1.24143,  -0.0187508, 0.000453743, -0.00194365,  -0.0241549,  -0.0086423, 0.000453743, -0.00257887,-0.000245971, -0.00257887, 0.000453743,  -0.0086423,  -0.0241549, -0.00194365, 0.000453743,  -0.0187508]
********************************************************************************************************************
o___o  ----------------------------------------
| L |	Time since last clock: 0h 0m 0s
A===A	Time since the beginning: 0h 16m 53.116s
***********************************************

********************************************************************************************************************
Start warm-up calculation for scaling factor 32
open output files: NGSEDWarmUpW6.4Obs.txt
********************************************************************************************************************
Start the 0 rounds of NGS-ED iteration
	effective electronic model is modified as: kinetic energy t = 0.996868
	                                           effective interaction Vq = [-0.0772349, -0.067984,-0.0625062, -0.067984, -0.067984,-0.0636828, -0.060264,-0.0636828,-0.0625062, -0.060264,-0.0582953, -0.060264, -0.067984,-0.0636828, -0.060264,-0.0636828]
	PARPACK diagonalization completed after 60 matrix-vector product operations.
	iteration results: : total energy is -12.952228 | electron energy -12.952236 + phonon energy 0.000008 | electron momentum kIdx = 0
	Nq(0) = 12.25,	Nq(1) = 0.155078,	Nq(2) = 0.186766,	Nq(3) = 0.155078,	Nq(4) = 0.155078,	Nq(5) = 0.205051,	Nq(6) = 0.237726,	Nq(7) = 0.205051,	Nq(8) = 0.186766,	Nq(9) = 0.237726,	Nq(10) = 0.27792,	Nq(11) = 0.237726,	Nq(12) = 0.155078,	Nq(13) = 0.205051,	Nq(14) = 0.237726,	Nq(15) = 0.205051,	Sq(0) = 3.42421e-18,	Sq(1) = 0.474364,	Sq(2) = 0.76469,	Sq(3) = 0.474364,	Sq(4) = 0.474364,	Sq(5) = 0.629738,	Sq(6) = 1.04893,	Sq(7) = 0.629738,	Sq(8) = 0.76469,	Sq(9) = 1.04893,	Sq(10) = 2.56563,	Sq(11) = 1.04893,	Sq(12) = 0.474364,	Sq(13) = 0.629738,	Sq(14) = 1.04893,	Sq(15) = 0.629738,	N(0) = 1.75871,	N(1) = 1.59633,	N(2) = 0.318262,	N(3) = 1.59633,	N(4) = 1.59633,	N(5) = 0.999846,	N(6) = 0.264324,	N(7) = 0.999846,	N(8) = 0.318262,	N(9) = 0.264324,	N(10) = 0.162786,	N(11) = 0.264324,	N(12) = 1.59633,	N(13) = 0.999846,	N(14) = 0.264324,	N(15) = 0.999846,	Delta[s](0) = 0.0802494,	Delta[s](1) = 0.0600985,	Delta[s](2) = 0.0361348,	Delta[s](3) = 0.0600985,	Delta[s](4) = 0.0600985,	Delta[s](5) = 0.0431153,	Delta[s](6) = 0.0201244,	Delta[s](7) = 0.0431153,	Delta[s](8) = 0.0361348,	Delta[s](9) = 0.0201244,	Delta[s](10) = 0.000563719,	Delta[s](11) = 0.0201244,	Delta[s](12) = 0.0600985,	Delta[s](13) = 0.0431153,	Delta[s](14) = 0.0201244,	Delta[s](15) = 0.0431153,	Delta[d](0) = 0.275759,	Delta[d](1) = 0.18944,	Delta[d](2) = 0.19957,	Delta[d](3) = 0.18944,	Delta[d](4) = 0.18944,	Delta[d](5) = 0.176434,	Delta[d](6) = 0.132255,	Delta[d](7) = 0.176434,	Delta[d](8) = 0.19957,	Delta[d](9) = 0.132255,	Delta[d](10) = 0.0531618,	Delta[d](11) = 0.132255,	Delta[d](12) = 0.18944,	Delta[d](13) = 0.176434,	Delta[d](14) = 0.132255,	Delta[d](15) = 0.176434,	Delta[s+](0) = 0.561173,	Delta[s+](1) = 0.417805,	Delta[s+](2) = 0.19957,	Delta[s+](3) = 0.417805,	Delta[s+](4) = 0.417805,	Delta[s+](5) = 0.291905,	Delta[s+](6) = 0.126035,	Delta[s+](7) = 0.291905,	Delta[s+](8) = 0.19957,	Delta[s+](9) = 0.126035,	Delta[s+](10) = 0.0380868,	Delta[s+](11) = 0.126035,	Delta[s+](12) = 0.417805,	Delta[s+](13) = 0.291905,	Delta[s+](14) = 0.126035,	Delta[s+](15) = 0.291905
The 0-th iteration is completed.	|| time cost : 0h 4m 3.579s
********************************************************************************************************************
Start the 1 rounds of NGS-ED iteration
	effective electronic model is modified as: kinetic energy t = 0.996495
	                                           effective interaction Vq = [  -0.08248,-0.0720785,-0.0648621,-0.0720785,-0.0720785,-0.0664292,-0.0618555,-0.0664292,-0.0648621,-0.0618555,-0.0592183,-0.0618555,-0.0720785,-0.0664292,-0.0618555,-0.0664292]
	PARPACK diagonalization completed after 45 matrix-vector product operations.
	iteration results: : total energy is -13.017561 | electron energy -13.017588 + phonon energy 0.000027 | electron momentum kIdx = 0
The 1-th iteration is completed.	|| time cost : 0h 0m 24.388s
********************************************************************************************************************
Start the 2 rounds of NGS-ED iteration
	effective electronic model is modified as: kinetic energy t = 0.996371
	                                           effective interaction Vq = [-0.0839384,-0.0734664,-0.0655464,-0.0734664,-0.0734664,-0.0672588,-0.0622835,-0.0672588,-0.0655464,-0.0622835,-0.0594509,-0.0622835,-0.0734664,-0.0672588,-0.0622835,-0.0672588]
	PARPACK diagonalization completed after 45 matrix-vector product operations.
	iteration results: : total energy is -13.035556 | electron energy -13.035593 + phonon energy 0.000037 | electron momentum kIdx = 0
The 2-th iteration is completed.	|| time cost : 0h 0m 24.305s
********************************************************************************************************************
Start the 3 rounds of NGS-ED iteration
	effective electronic model is modified as: kinetic energy t = 0.996329
	                                           effective interaction Vq = [-0.0843438,-0.0739667,-0.0657507,-0.0739667,-0.0739667,-0.0675178,-0.0624008,-0.0675178,-0.0657507,-0.0624008,-0.0595105,-0.0624008,-0.0739667,-0.0675178,-0.0624008,-0.0675178]
	PARPACK diagonalization completed after 30 matrix-vector product operations.
	iteration results: : total energy is -13.040540 | electron energy -13.040580 + phonon energy 0.000041 | electron momentum kIdx = 0
The 3-th iteration is completed.	|| time cost : 0h 0m 21.583s
********************************************************************************************************************
Start the 4 rounds of NGS-ED iteration
	effective electronic model is modified as: kinetic energy t = 0.996315
	                                           effective interaction Vq = [-0.0844566,-0.0741518,-0.0658122,-0.0741518,-0.0741518,-0.0675996,-0.0624332,-0.0675996,-0.0658122,-0.0624332,-0.0595259,-0.0624332,-0.0741518,-0.0675996,-0.0624332,-0.0675996]
	PARPACK diagonalization completed after 30 matrix-vector product operations.
	iteration results: : total energy is -13.041923 | electron energy -13.041965 + phonon energy 0.000042 | electron momentum kIdx = 0
The 4-th iteration is completed.	|| time cost : 0h 0m 21.561s
********************************************************************************************************************
Start the 5 rounds of NGS-ED iteration
	effective electronic model is modified as: kinetic energy t = 0.99631
	                                           effective interaction Vq = [-0.0844879,-0.0742209,-0.0658308,-0.0742209,-0.0742209,-0.0676255,-0.0624422,-0.0676255,-0.0658308,-0.0624422,  -0.05953,-0.0624422,-0.0742209,-0.0676255,-0.0624422,-0.0676255]
	PARPACK diagonalization completed after 30 matrix-vector product operations.
	iteration results: : total energy is -13.042307 | electron energy -13.042350 + phonon energy 0.000043 | electron momentum kIdx = 0
The 5-th iteration is completed.	|| time cost : 0h 0m 21.508s
********************************************************************************************************************
Start the 6 rounds of NGS-ED iteration
	effective electronic model is modified as: kinetic energy t = 0.996309
	                                           effective interaction Vq = [-0.0844966,-0.0742468,-0.0658365,-0.0742468,-0.0742468,-0.0676338,-0.0624447,-0.0676338,-0.0658365,-0.0624447, -0.059531,-0.0624447,-0.0742468,-0.0676338,-0.0624447,-0.0676338]
	PARPACK diagonalization completed after 30 matrix-vector product operations.
	iteration results: : total energy is -13.042414 | electron energy -13.042457 + phonon energy 0.000043 | electron momentum kIdx = 0
	Nq(0) = 12.25,	Nq(1) = 0.155133,	Nq(2) = 0.186794,	Nq(3) = 0.155133,	Nq(4) = 0.155133,	Nq(5) = 0.20509,	Nq(6) = 0.237748,	Nq(7) = 0.20509,	Nq(8) = 0.186794,	Nq(9) = 0.237748,	Nq(10) = 0.277932,	Nq(11) = 0.237748,	Nq(12) = 0.155133,	Nq(13) = 0.20509,	Nq(14) = 0.237748,	Nq(15) = 0.20509,	Sq(0) = -3.03518e-18,	Sq(1) = 0.474328,	Sq(2) = 0.764648,	Sq(3) = 0.474328,	Sq(4) = 0.474328,	Sq(5) = 0.629711,	Sq(6) = 1.04888,	Sq(7) = 0.629711,	Sq(8) = 0.764648,	Sq(9) = 1.04888,	Sq(10) = 2.56561,	Sq(11) = 1.04888,	Sq(12) = 0.474328,	Sq(13) = 0.629711,	Sq(14) = 1.04888,	Sq(15) = 0.629711,	N(0) = 1.7588,	N(1) = 1.59646,	N(2) = 0.318142,	N(3) = 1.59646,	N(4) = 1.59646,	N(5) = 0.999834,	N(6) = 0.264253,	N(7) = 0.999834,	N(8) = 0.318142,	N(9) = 0.264253,	N(10) = 0.162748,	N(11) = 0.264253,	N(12) = 1.59646,	N(13) = 0.999834,	N(14) = 0.264253,	N(15) = 0.999834,	Delta[s](0) = 0.0802504,	Delta[s](1) = 0.0601078,	Delta[s](2) = 0.0361528,	Delta[s](3) = 0.0601078,	Delta[s](4) = 0.0601078,	Delta[s](5) = 0.0431316,	Delta[s](6) = 0.0201487,	Delta[s](7) = 0.0431316,	Delta[s](8) = 0.0361528,	Delta[s](9) = 0.0201487,	Delta[s](10) = 0.000593919,	Delta[s](11) = 0.0201487,	Delta[s](12) = 0.0601078,	Delta[s](13) = 0.0431316,	Delta[s](14) = 0.0201487,	Delta[s](15) = 0.0431316,	Delta[d](0) = 0.276116,	Delta[d](1) = 0.189678,	Delta[d](2) = 0.199805,	Delta[d](3) = 0.189678,	Delta[d](4) = 0.189678,	Delta[d](5) = 0.17665,	Delta[d](6) = 0.132415,	Delta[d](7) = 0.17665,	Delta[d](8) = 0.199805,	Delta[d](9) = 0.132415,	Delta[d](10) = 0.0532399,	Delta[d](11) = 0.132415,	Delta[d](12) = 0.189678,	Delta[d](13) = 0.17665,	Delta[d](14) = 0.132415,	Delta[d](15) = 0.17665,	Delta[s+](0) = 0.561806,	Delta[s+](1) = 0.418276,	Delta[s+](2) = 0.199805,	Delta[s+](3) = 0.418276,	Delta[s+](4) = 0.418276,	Delta[s+](5) = 0.292236,	Delta[s+](6) = 0.126189,	Delta[s+](7) = 0.292236,	Delta[s+](8) = 0.199805,	Delta[s+](9) = 0.126189,	Delta[s+](10) = 0.0381452,	Delta[s+](11) = 0.126189,	Delta[s+](12) = 0.418276,	Delta[s+](13) = 0.292236,	Delta[s+](14) = 0.126189,	Delta[s+](15) = 0.292236
The 6-th iteration is completed.	|| time cost : 0h 3m 57.461s
********************************************************************************************************************
********************************************************************************************************************
Ground state is obtained after 7 iterations. The current ground-state energy is -13.0424, in which electron energy is -13.0425 and phonon energy is 4.27879e-05
final variational state is: 
	Gamma_x = [      1,1.00093,1.00123,1.00093,1.00093,1.00134,1.00157,1.00134,1.00123,1.00157,1.00182,1.00157,1.00093,1.00134,1.00157,1.00134]
	lambda_q = [ 0.114523,0.0748982,0.0609057,0.0748982,0.0748982,0.0635732,0.0562019,0.0635732,0.0609057,0.0562019, 0.052444,0.0562019,0.0748982,0.0635732,0.0562019,0.0635732]
The effective e-e interactions mediated by phonons are: [0.0844991,0.0742566,0.0658382,0.0742566,0.0742566,0.0676364,0.0624454,0.0676364,0.0658382,0.0624454,0.0595313,0.0624454,0.0742566,0.0676364,0.0624454,0.0676364]
The real-space interactions mediated by phonons are: [   -1.09306, -0.0385526, -0.0018241, -0.0078091, -0.0485902, -0.0205935, -0.0018241,-0.00768843,-0.00516118,-0.00768843, -0.0018241, -0.0205935, -0.0485902, -0.0078091, -0.0018241, -0.0385526]
********************************************************************************************************************
o___o  ----------------------------------------
| L |	Time since last clock: 0h 0m 0s
A===A	Time since the beginning: 0h 26m 47.505s
***********************************************

********************************************************************************************************************
Start warm-up calculation for scaling factor 16
open output files: NGSEDWarmUpW3.2Obs.txt
********************************************************************************************************************
Start the 0 rounds of NGS-ED iteration
	effective electronic model is modified as: kinetic energy t = 0.996308
	                                           effective interaction Vq = [-0.0771343,-0.0599429,-0.0514715,-0.0599429,-0.0599429,-0.0531832,-0.0483423,-0.0531832,-0.0514715,-0.0483423,-0.0457406,-0.0483423,-0.0599429,-0.0531832,-0.0483423,-0.0531832]
	PARPACK diagonalization completed after 60 matrix-vector product operations.
	iteration results: : total energy is -12.908945 | electron energy -12.908967 + phonon energy 0.000021 | electron momentum kIdx = 0
	Nq(0) = 12.25,	Nq(1) = 0.154896,	Nq(2) = 0.186371,	Nq(3) = 0.154896,	Nq(4) = 0.154896,	Nq(5) = 0.204577,	Nq(6) = 0.237134,	Nq(7) = 0.204577,	Nq(8) = 0.186371,	Nq(9) = 0.237134,	Nq(10) = 0.277205,	Nq(11) = 0.237134,	Nq(12) = 0.154896,	Nq(13) = 0.204577,	Nq(14) = 0.237134,	Nq(15) = 0.204577,	Sq(0) = 6.02083e-18,	Sq(1) = 0.474288,	Sq(2) = 0.765126,	Sq(3) = 0.474288,	Sq(4) = 0.474288,	Sq(5) = 0.629987,	Sq(6) = 1.05002,	Sq(7) = 0.629987,	Sq(8) = 0.765126,	Sq(9) = 1.05002,	Sq(10) = 2.56619,	Sq(11) = 1.05002,	Sq(12) = 0.474288,	Sq(13) = 0.629987,	Sq(14) = 1.05002,	Sq(15) = 0.629987,	N(0) = 1.75763,	N(1) = 1.59489,	N(2) = 0.319591,	N(3) = 1.59489,	N(4) = 1.59489,	N(5) = 0.999839,	N(6) = 0.265179,	N(7) = 0.999839,	N(8) = 0.319591,	N(9) = 0.265179,	N(10) = 0.163555,	N(11) = 0.265179,	N(12) = 1.59489,	N(13) = 0.999839,	N(14) = 0.265179,	N(15) = 0.999839,	Delta[s](0) = 0.0798708,	Delta[s](1) = 0.0598085,	Delta[s](2) = 0.0359547,	Delta[s](3) = 0.0598085,	Delta[s](4) = 0.0598085,	Delta[s](5) = 0.042888,	Delta[s](6) = 0.0200134,	Delta[s](7) = 0.042888,	Delta[s](8) = 0.0359547,	Delta[s](9) = 0.0200134,	Delta[s](10) = 0.00056757,	Delta[s](11) = 0.0200134,	Delta[s](12) = 0.0598085,	Delta[s](13) = 0.042888,	Delta[s](14) = 0.0200134,	Delta[s](15) = 0.042888,	Delta[d](0) = 0.276663,	Delta[d](1) = 0.190195,	Delta[d](2) = 0.200197,	Delta[d](3) = 0.190195,	Delta[d](4) = 0.190195,	Delta[d](5) = 0.177053,	Delta[d](6) = 0.132754,	Delta[d](7) = 0.177053,	Delta[d](8) = 0.200197,	Delta[d](9) = 0.132754,	Delta[d](10) = 0.0534798,	Delta[d](11) = 0.132754,	Delta[d](12) = 0.190195,	Delta[d](13) = 0.177053,	Delta[d](14) = 0.132754,	Delta[d](15) = 0.177053,	Delta[s+](0) = 0.562282,	Delta[s+](1) = 0.418653,	Delta[s+](2) = 0.200197,	Delta[s+](3) = 0.418653,	Delta[s+](4) = 0.418653,	Delta[s+](5) = 0.292558,	Delta[s+](6) = 0.126477,	Delta[s+](7) = 0.292558,	Delta[s+](8) = 0.200197,	Delta[s+](9) = 0.126477,	Delta[s+](10) = 0.0383115,	Delta[s+](11) = 0.126477,	Delta[s+](12) = 0.418653,	Delta[s+](13) = 0.292558,	Delta[s+](14) = 0.126477,	Delta[s+](15) = 0.292558
The 0-th iteration is completed.	|| time cost : 0h 4m 6.182s
********************************************************************************************************************
Start the 1 rounds of NGS-ED iteration
	effective electronic model is modified as: kinetic energy t = 0.996453
	                                           effective interaction Vq = [-0.0806161, -0.060937,-0.0505763, -0.060937, -0.060937,-0.0526603,-0.0467784,-0.0526603,-0.0505763,-0.0467784,-0.0436539,-0.0467784, -0.060937,-0.0526603,-0.0467784,-0.0526603]
	PARPACK diagonalization completed after 45 matrix-vector product operations.
	iteration results: : total energy is -12.951838 | electron energy -12.951882 + phonon energy 0.000045 | electron momentum kIdx = 0
The 1-th iteration is completed.	|| time cost : 0h 0m 24.373s
********************************************************************************************************************
Start the 2 rounds of NGS-ED iteration
	effective electronic model is modified as: kinetic energy t = 0.996501
	                                           effective interaction Vq = [-0.0824521,-0.0614461,-0.0502084,-0.0614461,-0.0614461,-0.0524372,-0.0461932,-0.0524372,-0.0502084,-0.0461932,-0.0429403,-0.0461932,-0.0614461,-0.0524372,-0.0461932,-0.0524372]
	PARPACK diagonalization completed after 45 matrix-vector product operations.
	iteration results: : total energy is -12.974367 | electron energy -12.974425 + phonon energy 0.000058 | electron momentum kIdx = 0
The 2-th iteration is completed.	|| time cost : 0h 0m 24.291s
********************************************************************************************************************
Start the 3 rounds of NGS-ED iteration
	effective electronic model is modified as: kinetic energy t = 0.996516
	                                           effective interaction Vq = [-0.0834201,-0.0617091,-0.0500585,-0.0617091,-0.0617091,-0.0523428,-0.0459767,-0.0523428,-0.0500585,-0.0459767,-0.0426997,-0.0459767,-0.0617091,-0.0523428,-0.0459767,-0.0523428]
	PARPACK diagonalization completed after 45 matrix-vector product operations.
	iteration results: : total energy is -12.986233 | electron energy -12.986299 + phonon energy 0.000066 | electron momentum kIdx = 0
The 3-th iteration is completed.	|| time cost : 0h 0m 24.331s
********************************************************************************************************************
Start the 4 rounds of NGS-ED iteration
	effective electronic model is modified as: kinetic energy t = 0.99652
	                                           effective interaction Vq = [-0.0839306,-0.0618456,-0.0499978,-0.0618456,-0.0618456,-0.0523032, -0.045897,-0.0523032,-0.0499978, -0.045897,-0.0426191, -0.045897,-0.0618456,-0.0523032, -0.045897,-0.0523032]
	PARPACK diagonalization completed after 30 matrix-vector product operations.
	iteration results: : total energy is -12.992488 | electron energy -12.992557 + phonon energy 0.000070 | electron momentum kIdx = 0
The 4-th iteration is completed.	|| time cost : 0h 0m 21.563s
********************************************************************************************************************
Start the 5 rounds of NGS-ED iteration
	effective electronic model is modified as: kinetic energy t = 0.996521
	                                           effective interaction Vq = [-0.0841998,-0.0619167,-0.0499733,-0.0619167,-0.0619167,-0.0522867,-0.0458679,-0.0522867,-0.0499733,-0.0458679,-0.0425922,-0.0458679,-0.0619167,-0.0522867,-0.0458679,-0.0522867]
	PARPACK diagonalization completed after 30 matrix-vector product operations.
	iteration results: : total energy is -12.995785 | electron energy -12.995857 + phonon energy 0.000072 | electron momentum kIdx = 0
The 5-th iteration is completed.	|| time cost : 0h 0m 21.549s
********************************************************************************************************************
Start the 6 rounds of NGS-ED iteration
	effective electronic model is modified as: kinetic energy t = 0.996521
	                                           effective interaction Vq = [-0.0843417,-0.0619538,-0.0499635,-0.0619538,-0.0619538,-0.0522799,-0.0458573,-0.0522799,-0.0499635,-0.0458573,-0.0425834,-0.0458573,-0.0619538,-0.0522799,-0.0458573,-0.0522799]
	PARPACK diagonalization completed after 30 matrix-vector product operations.
	iteration results: : total energy is -12.997524 | electron energy -12.997597 + phonon energy 0.000073 | electron momentum kIdx = 0
The 6-th iteration is completed.	|| time cost : 0h 0m 21.568s
********************************************************************************************************************
Start the 7 rounds of NGS-ED iteration
	effective electronic model is modified as: kinetic energy t = 0.996521
	                                           effective interaction Vq = [-0.0844165,-0.0619731,-0.0499596,-0.0619731,-0.0619731,-0.0522771,-0.0458535,-0.0522771,-0.0499596,-0.0458535,-0.0425805,-0.0458535,-0.0619731,-0.0522771,-0.0458535,-0.0522771]
	PARPACK diagonalization completed after 30 matrix-vector product operations.
	iteration results: : total energy is -12.998441 | electron energy -12.998514 + phonon energy 0.000073 | electron momentum kIdx = 0
The 7-th iteration is completed.	|| time cost : 0h 0m 21.572s
********************************************************************************************************************
Start the 8 rounds of NGS-ED iteration
	effective electronic model is modified as: kinetic energy t = 0.996521
	                                           effective interaction Vq = [ -0.084456,-0.0619833,-0.0499581,-0.0619833,-0.0619833, -0.052276,-0.0458522, -0.052276,-0.0499581,-0.0458522,-0.0425796,-0.0458522,-0.0619833, -0.052276,-0.0458522, -0.052276]
	PARPACK diagonalization completed after 30 matrix-vector product operations.
	iteration results: : total energy is -12.998924 | electron energy -12.998998 + phonon energy 0.000074 | electron momentum kIdx = 0
The 8-th iteration is completed.	|| time cost : 0h 0m 21.499s
********************************************************************************************************************
Start the 9 rounds of NGS-ED iteration
	effective electronic model is modified as: kinetic energy t = 0.996521
	                                           effective interaction Vq = [-0.0844768,-0.0619886,-0.0499575,-0.0619886,-0.0619886,-0.0522756,-0.0458517,-0.0522756,-0.0499575,-0.0458517,-0.0425793,-0.0458517,-0.0619886,-0.0522756,-0.0458517,-0.0522756]
	PARPACK diagonalization completed after 30 matrix-vector product operations.
	iteration results: : total energy is -12.999179 | electron energy -12.999253 + phonon energy 0.000074 | electron momentum kIdx = 0
The 9-th iteration is completed.	|| time cost : 0h 0m 21.574s
********************************************************************************************************************
Start the 10 rounds of NGS-ED iteration
	effective electronic model is modified as: kinetic energy t = 0.996521
	                                           effective interaction Vq = [-0.0844878,-0.0619914,-0.0499573,-0.0619914,-0.0619914,-0.0522754,-0.0458515,-0.0522754,-0.0499573,-0.0458515,-0.0425792,-0.0458515,-0.0619914,-0.0522754,-0.0458515,-0.0522754]
	PARPACK diagonalization completed after 30 matrix-vector product operations.
	iteration results: : total energy is -12.999314 | electron energy -12.999387 + phonon energy 0.000074 | electron momentum kIdx = 0
	Nq(0) = 12.25,	Nq(1) = 0.154931,	Nq(2) = 0.186348,	Nq(3) = 0.154931,	Nq(4) = 0.154931,	Nq(5) = 0.204554,	Nq(6) = 0.237085,	Nq(7) = 0.204554,	Nq(8) = 0.186348,	Nq(9) = 0.237085,	Nq(10) = 0.27714,	Nq(11) = 0.237085,	Nq(12) = 0.154931,	Nq(13) = 0.204554,	Nq(14) = 0.237085,	Nq(15) = 0.204554,	Sq(0) = -1.00017e-17,	Sq(1) = 0.47424,	Sq(2) = 0.765137,	Sq(3) = 0.47424,	Sq(4) = 0.47424,	Sq(5) = 0.629989,	Sq(6) = 1.05012,	Sq(7) = 0.629989,	Sq(8) = 0.765137,	Sq(9) = 1.05012,	Sq(10) = 2.56622,	Sq(11) = 1.05012,	Sq(12) = 0.47424,	Sq(13) = 0.629989,	Sq(14) = 1.05012,	Sq(15) = 0.629989,	N(0) = 1.75758,	N(1) = 1.59484,	N(2) = 0.319642,	N(3) = 1.59484,	N(4) = 1.59484,	N(5) = 0.999825,	N(6) = 0.265211,	N(7) = 0.999825,	N(8) = 0.319642,	N(9) = 0.265211,	N(10) = 0.163611,	N(11) = 0.265211,	N(12) = 1.59484,	N(13) = 0.999825,	N(14) = 0.265211,	N(15) = 0.999825,	Delta[s](0) = 0.079867,	Delta[s](1) = 0.0598027,	Delta[s](2) = 0.0359456,	Delta[s](3) = 0.0598027,	Delta[s](4) = 0.0598027,	Delta[s](5) = 0.0428798,	Delta[s](6) = 0.0200029,	Delta[s](7) = 0.0428798,	Delta[s](8) = 0.0359456,	Delta[s](9) = 0.0200029,	Delta[s](10) = 0.000556698,	Delta[s](11) = 0.0200029,	Delta[s](12) = 0.0598027,	Delta[s](13) = 0.0428798,	Delta[s](14) = 0.0200029,	Delta[s](15) = 0.0428798,	Delta[d](0) = 0.277507,	Delta[d](1) = 0.19073,	Delta[d](2) = 0.200743,	Delta[d](3) = 0.19073,	Delta[d](4) = 0.19073,	Delta[d](5) = 0.177538,	Delta[d](6) = 0.133114,	Delta[d](7) = 0.177538,	Delta[d](8) = 0.200743,	Delta[d](9) = 0.133114,	Delta[d](10) = 0.053634,	Delta[d](11) = 0.133114,	Delta[d](12) = 0.19073,	Delta[d](13) = 0.177538,	Delta[d](14) = 0.133114,	Delta[d](15) = 0.177538,	Delta[s+](0) = 0.563803,	Delta[s+](1) = 0.419783,	Delta[s+](2) = 0.200743,	Delta[s+](3) = 0.419783,	Delta[s+](4) = 0.419783,	Delta[s+](5) = 0.293343,	Delta[s+](6) = 0.126817,	Delta[s+](7) = 0.293343,	Delta[s+](8) = 0.200743,	Delta[s+](9) = 0.126817,	Delta[s+](10) = 0.038416,	Delta[s+](11) = 0.126817,	Delta[s+](12) = 0.419783,	Delta[s+](13) = 0.293343,	Delta[s+](14) = 0.126817,	Delta[s+](15) = 0.293343
The 10-th iteration is completed.	|| time cost : 0h 4m 0.442s
********************************************************************************************************************
********************************************************************************************************************
Ground state is obtained after 11 iterations. The current ground-state energy is -12.9993, in which electron energy is -12.9994 and phonon energy is 7.38084e-05
final variational state is: 
	Gamma_x = [      1,1.00204,1.00227,1.00204,1.00204,1.00255,1.00274,1.00255,1.00227,1.00274,1.00305,1.00274,1.00204,1.00255,1.00274,1.00255]
	lambda_q = [  0.16108,0.0786341,0.0586028,0.0786341,0.0786341,0.0621496,0.0526016,0.0621496,0.0586028,0.0526016,0.0480436,0.0526016,0.0786341,0.0621496,0.0526016,0.0621496]
The effective e-e interactions mediated by phonons are: [0.0844935,0.0619928,0.0499572,0.0619928,0.0619928,0.0522754,0.0458515,0.0522754,0.0499572,0.0458515,0.0425792,0.0458515,0.0619928,0.0522754,0.0458515,0.0522754]
The real-space interactions mediated by phonons are: [ -0.867466,-0.0608431, -0.010465,-0.0205837,-0.0741971, -0.038055, -0.010465,-0.0186637,-0.0178857,-0.0186637, -0.010465, -0.038055,-0.0741971,-0.0205837, -0.010465,-0.0608431]
********************************************************************************************************************
o___o  ----------------------------------------
| L |	Time since last clock: 0h 0m 0s
A===A	Time since the beginning: 0h 38m 16.455s
***********************************************

********************************************************************************************************************
Start warm-up calculation for scaling factor 8
open output files: NGSEDWarmUpW1.6Obs.txt
********************************************************************************************************************
Start the 0 rounds of NGS-ED iteration
	effective electronic model is modified as: kinetic energy t = 0.996521
	                                           effective interaction Vq = [-0.0769419,-0.0479335,-0.0376011,-0.0479335,-0.0479335,-0.0395241,-0.0342557,-0.0395241,-0.0376011,-0.0342557,-0.0316378,-0.0342557,-0.0479335,-0.0395241,-0.0342557,-0.0395241]
	PARPACK diagonalization completed after 60 matrix-vector product operations.
	iteration results: : total energy is -12.869171 | electron energy -12.869208 + phonon energy 0.000037 | electron momentum kIdx = 0
