SNEDics v3.4 Non-Gaussian ED ground state program		Start at Fri Sep 27 16:42:23 2019

parallized on 16 MPI threads  * 8 OpenMP threads = 128 total threads.
********************************************************************************************************************
********************************************************************************************************************

********************************************************************************************************************
System parameters and configurations
********************************************************************************************************************
Special program options are enabled: splitted diagonal Hamiltonian
********************************************************************************************************************
Read input file "model_params.in"
	Hubbard-Holstein model parameters : 	t = 1    U = 9    g = 4.4721    W = 5    
********************************************************************************************************************
Read input file "hilbertspace_params.in"
	Requested 16-site 2D lattice, with 12 electrons (6, 6)
	Boundary : Periodic		Hilbert space representation : momentum-space (restricted to kIdx = 10)
	Conservation: particle number[U(1)]      spin[U(1)]     momentum
********************************************************************************************************************

Cluster Positions:				Cluster symmetry group : D4
 x ... x ... x ... x .....                       x ... x ... x ... x .....
 |           |           :                       |           |           :
 |           |           :                       |           |           :
12    13    14    15     x                       1     5     6     5     x
 |           |           :                       |           |           :
 |           |           :                       |           |           :
 8 --- 9 ---10 ---11 --- x                       2 --- 6 ---10 --- 6 --- x
 |           |           :                       |           |           :
 |           |           :                       |           |           :
 4     5     6     7     x                       1     5     6     5     x
 |           |           :                       |           |           :
 |           |           :                       |           |           :
 0 --- 1 --- 2 --- 3 --- x                       0 --- 1 --- 2 --- 1 --- x
orbital number : 1
********************************************************************************************************************
Read input file "obs_params.in"
	Observable Type : Nq(All),   Sq(All),   N(All),   Delta[s](All),   Delta[d](All),   Delta[s+](All)
********************************************************************************************************************
** WARNING ** the input observables have non-local factors which have been reinterpreted. The total observable number is 96
********************************************************************************************************************


********************************************************************************************************************
Start calculating the non-Gaussian ED ground state
** WARNING ** Detected low phonon energy W < 10. The initial state will be prepared through a warm-up process.
********************************************************************************************************************
Start warm-up calculation for scaling factor 2
open output files: NGSEDWarmUpW10Obs.txt
********************************************************************************************************************
Start the 0 rounds of NGS-ED iteration
	effective electronic model is modified as: kinetic energy t = 1
	                                           effective interaction Vq = [-0,-0,-0,-0,-0,-0,-0,-0,-0,-0,-0,-0,-0,-0,-0,-0]
	first Hamiltonian is constructed, non-zero numbers = 969134084
	PARPACK diagonalization completed after 165 matrix-vector product operations.
	iteration results: : total energy is -14.511237 | electron energy -14.511237 + phonon energy 0.000000 | electron momentum kIdx = 10
	Nq(0) = 9,	Nq(1) = 0.184053,	Nq(2) = 0.230821,	Nq(3) = 0.184053,	Nq(4) = 0.184053,	Nq(5) = 0.251288,	Nq(6) = 0.300745,	Nq(7) = 0.251288,	Nq(8) = 0.230821,	Nq(9) = 0.300745,	Nq(10) = 0.349569,	Nq(11) = 0.300745,	Nq(12) = 0.184053,	Nq(13) = 0.251288,	Nq(14) = 0.300745,	Nq(15) = 0.251288,	Sq(0) = 1.28836e-18,	Sq(1) = 0.563352,	Sq(2) = 0.935498,	Sq(3) = 0.563352,	Sq(4) = 0.563352,	Sq(5) = 0.553202,	Sq(6) = 1.03094,	Sq(7) = 0.553202,	Sq(8) = 0.935498,	Sq(9) = 1.03094,	Sq(10) = 0.783477,	Sq(11) = 1.03094,	Sq(12) = 0.563352,	Sq(13) = 0.553202,	Sq(14) = 1.03094,	Sq(15) = 0.553202,	N(0) = 1.73352,	N(1) = 1.58528,	N(2) = 0.304655,	N(3) = 1.58528,	N(4) = 1.58528,	N(5) = 0.642128,	N(6) = 0.160619,	N(7) = 0.642128,	N(8) = 0.304655,	N(9) = 0.160619,	N(10) = 0.105041,	N(11) = 0.160619,	N(12) = 1.58528,	N(13) = 0.642128,	N(14) = 0.160619,	N(15) = 0.642128,	Delta[s](0) = 0.0441808,	Delta[s](1) = 0.0330458,	Delta[s](2) = 0.0222243,	Delta[s](3) = 0.0330458,	Delta[s](4) = 0.0330458,	Delta[s](5) = 0.0239304,	Delta[s](6) = 0.0132284,	Delta[s](7) = 0.0239304,	Delta[s](8) = 0.0222243,	Delta[s](9) = 0.0132284,	Delta[s](10) = 0.0083303,	Delta[s](11) = 0.0132284,	Delta[s](12) = 0.0330458,	Delta[s](13) = 0.0239304,	Delta[s](14) = 0.0132284,	Delta[s](15) = 0.0239304,	Delta[d](0) = 0.189372,	Delta[d](1) = 0.138802,	Delta[d](2) = 0.167479,	Delta[d](3) = 0.138802,	Delta[d](4) = 0.138802,	Delta[d](5) = 0.125634,	Delta[d](6) = 0.10181,	Delta[d](7) = 0.125634,	Delta[d](8) = 0.167479,	Delta[d](9) = 0.10181,	Delta[d](10) = 0.0555703,	Delta[d](11) = 0.10181,	Delta[d](12) = 0.138802,	Delta[d](13) = 0.125634,	Delta[d](14) = 0.10181,	Delta[d](15) = 0.125634,	Delta[s+](0) = 0.501705,	Delta[s+](1) = 0.345367,	Delta[s+](2) = 0.167479,	Delta[s+](3) = 0.345367,	Delta[s+](4) = 0.345367,	Delta[s+](5) = 0.206028,	Delta[s+](6) = 0.0758735,	Delta[s+](7) = 0.206028,	Delta[s+](8) = 0.167479,	Delta[s+](9) = 0.0758735,	Delta[s+](10) = 0.026566,	Delta[s+](11) = 0.0758735,	Delta[s+](12) = 0.345367,	Delta[s+](13) = 0.206028,	Delta[s+](14) = 0.0758735,	Delta[s+](15) = 0.206028
The 0-th iteration is completed.	|| time cost : 0h 2m 57.083s
********************************************************************************************************************
Start the 1 rounds of NGS-ED iteration
	effective electronic model is modified as: kinetic energy t = 0.895915
	                                           effective interaction Vq = [ -3.4586, -3.2412,-3.11503, -3.2412, -3.2412,-3.14304,-3.06661,-3.14304,-3.11503,-3.06661,-3.01271,-3.06661, -3.2412,-3.14304,-3.06661,-3.14304]
	PARPACK diagonalization completed after 45 matrix-vector product operations.
	iteration results: : total energy is -57.298452 | electron energy -57.305842 + phonon energy 0.007390 | electron momentum kIdx = 10
The 1-th iteration is completed.	|| time cost : 0h 2m 30.091s
********************************************************************************************************************
Start the 2 rounds of NGS-ED iteration
	effective electronic model is modified as: kinetic energy t = 0.834017
	                                           effective interaction Vq = [-3.92667,-3.75061,-3.58851,-3.75061,-3.75061,-3.62445,-3.57188,-3.62445,-3.58851,-3.57188,-3.54961,-3.57188,-3.75061,-3.62445,-3.57188,-3.62445]
	PARPACK diagonalization completed after 30 matrix-vector product operations.
	iteration results: : total energy is -62.917200 | electron energy -62.976803 + phonon energy 0.059603 | electron momentum kIdx = 10
The 2-th iteration is completed.	|| time cost : 0h 0m 8.923s
********************************************************************************************************************
Start the 3 rounds of NGS-ED iteration
	effective electronic model is modified as: kinetic energy t = 0.810796
	                                           effective interaction Vq = [-3.99002,-3.86637, -3.7042,-3.86637,-3.86637,-3.74298, -3.7055,-3.74298, -3.7042, -3.7055,-3.70062, -3.7055,-3.86637,-3.74298, -3.7055,-3.74298]
	PARPACK diagonalization completed after 30 matrix-vector product operations.
	iteration results: : total energy is -63.672276 | electron energy -63.774741 + phonon energy 0.102464 | electron momentum kIdx = 10
The 3-th iteration is completed.	|| time cost : 0h 0m 8.966s
********************************************************************************************************************
Start the 4 rounds of NGS-ED iteration
	effective electronic model is modified as: kinetic energy t = 0.802566
	                                           effective interaction Vq = [-3.99859,-3.89838, -3.7381,-3.89838,-3.89838,-3.77801,-3.74699,-3.77801, -3.7381,-3.74699,-3.74971,-3.74699,-3.89838,-3.77801,-3.74699,-3.77801]
	PARPACK diagonalization completed after 30 matrix-vector product operations.
	iteration results: : total energy is -63.772489 | electron energy -63.894256 + phonon energy 0.121767 | electron momentum kIdx = 10
The 4-th iteration is completed.	|| time cost : 0h 0m 8.963s
********************************************************************************************************************
Start the 5 rounds of NGS-ED iteration
	effective electronic model is modified as: kinetic energy t = 0.799701
	                                           effective interaction Vq = [-3.99975,-3.90834,-3.74882,-3.90834,-3.90834,-3.78921,-3.76084,-3.78921,-3.74882,-3.76084,-3.76682,-3.76084,-3.90834,-3.78921,-3.76084,-3.78921]
	PARPACK diagonalization completed after 30 matrix-vector product operations.
	iteration results: : total energy is -63.785728 | electron energy -63.914798 + phonon energy 0.129070 | electron momentum kIdx = 10
The 5-th iteration is completed.	|| time cost : 0h 0m 8.97s
********************************************************************************************************************
Start the 6 rounds of NGS-ED iteration
	effective electronic model is modified as: kinetic energy t = 0.798711
	                                           effective interaction Vq = [-3.99991,-3.91161,-3.75229,-3.91161,-3.91161, -3.7929,-3.76559, -3.7929,-3.75229,-3.76559,-3.77298,-3.76559,-3.91161, -3.7929,-3.76559, -3.7929]
	PARPACK diagonalization completed after 30 matrix-vector product operations.
	iteration results: : total energy is -63.787478 | electron energy -63.919163 + phonon energy 0.131685 | electron momentum kIdx = 10
The 6-th iteration is completed.	|| time cost : 0h 0m 8.998s
********************************************************************************************************************
Start the 7 rounds of NGS-ED iteration
	effective electronic model is modified as: kinetic energy t = 0.798369
	                                           effective interaction Vq = [-3.99993, -3.9127,-3.75343, -3.9127, -3.9127,-3.79413,-3.76723,-3.79413,-3.75343,-3.76723,-3.77523,-3.76723, -3.9127,-3.79413,-3.76723,-3.79413]
	PARPACK diagonalization completed after 30 matrix-vector product operations.
	iteration results: : total energy is -63.787710 | electron energy -63.920315 + phonon energy 0.132605 | electron momentum kIdx = 10
The 7-th iteration is completed.	|| time cost : 0h 0m 9.067s
********************************************************************************************************************
Start the 8 rounds of NGS-ED iteration
	effective electronic model is modified as: kinetic energy t = 0.798251
	                                           effective interaction Vq = [-3.99994,-3.91307,-3.75381,-3.91307,-3.91307,-3.79453,-3.76781,-3.79453,-3.75381,-3.76781,-3.77605,-3.76781,-3.91307,-3.79453,-3.76781,-3.79453]
	PARPACK diagonalization completed after 30 matrix-vector product operations.
	iteration results: : total energy is -63.787741 | electron energy -63.920668 + phonon energy 0.132927 | electron momentum kIdx = 10
	Nq(0) = 9,	Nq(1) = 0.328833,	Nq(2) = 0.338353,	Nq(3) = 0.328833,	Nq(4) = 0.328833,	Nq(5) = 0.379942,	Nq(6) = 0.514845,	Nq(7) = 0.379942,	Nq(8) = 0.338353,	Nq(9) = 0.514845,	Nq(10) = 0.686744,	Nq(11) = 0.514845,	Nq(12) = 0.328833,	Nq(13) = 0.379942,	Nq(14) = 0.514845,	Nq(15) = 0.379942,	Sq(0) = -1.63319e-17,	Sq(1) = 0.431342,	Sq(2) = 0.725994,	Sq(3) = 0.431342,	Sq(4) = 0.431342,	Sq(5) = 0.481012,	Sq(6) = 0.736305,	Sq(7) = 0.481012,	Sq(8) = 0.725994,	Sq(9) = 0.736305,	Sq(10) = 0.695445,	Sq(11) = 0.736305,	Sq(12) = 0.431342,	Sq(13) = 0.481012,	Sq(14) = 0.736305,	Sq(15) = 0.481012,	N(0) = 1.98074,	N(1) = 1.9681,	N(2) = 0.0238358,	N(3) = 1.9681,	N(4) = 1.9681,	N(5) = 0.5084,	N(6) = 0.014425,	N(7) = 0.5084,	N(8) = 0.0238358,	N(9) = 0.014425,	N(10) = 0.00791185,	N(11) = 0.014425,	N(12) = 1.9681,	N(13) = 0.5084,	N(14) = 0.014425,	N(15) = 0.5084,	Delta[s](0) = 0.151652,	Delta[s](1) = 0.119348,	Delta[s](2) = 0.0995845,	Delta[s](3) = 0.119348,	Delta[s](4) = 0.119348,	Delta[s](5) = 0.10682,	Delta[s](6) = 0.0782742,	Delta[s](7) = 0.10682,	Delta[s](8) = 0.0995845,	Delta[s](9) = 0.0782742,	Delta[s](10) = 0.060373,	Delta[s](11) = 0.0782742,	Delta[s](12) = 0.119348,	Delta[s](13) = 0.10682,	Delta[s](14) = 0.0782742,	Delta[s](15) = 0.10682,	Delta[d](0) = 0.211715,	Delta[d](1) = 0.119646,	Delta[d](2) = 0.154951,	Delta[d](3) = 0.119646,	Delta[d](4) = 0.119646,	Delta[d](5) = 0.132996,	Delta[d](6) = 0.0770825,	Delta[d](7) = 0.132996,	Delta[d](8) = 0.154951,	Delta[d](9) = 0.0770825,	Delta[d](10) = 0.0403513,	Delta[d](11) = 0.0770825,	Delta[d](12) = 0.119646,	Delta[d](13) = 0.132996,	Delta[d](14) = 0.0770825,	Delta[d](15) = 0.132996,	Delta[s+](0) = 0.503262,	Delta[s+](1) = 0.348114,	Delta[s+](2) = 0.154951,	Delta[s+](3) = 0.348114,	Delta[s+](4) = 0.348114,	Delta[s+](5) = 0.204049,	Delta[s+](6) = 0.0657417,	Delta[s+](7) = 0.204049,	Delta[s+](8) = 0.154951,	Delta[s+](9) = 0.0657417,	Delta[s+](10) = 0.0229711,	Delta[s+](11) = 0.0657417,	Delta[s+](12) = 0.348114,	Delta[s+](13) = 0.204049,	Delta[s+](14) = 0.0657417,	Delta[s+](15) = 0.204049
The 8-th iteration is completed.	|| time cost : 0h 1m 28.082s
********************************************************************************************************************
********************************************************************************************************************
Ground state is obtained after 9 iterations. The current ground-state energy is -63.7877, in which electron energy is -63.9207 and phonon energy is 0.132927
final variational state is: 
	Gamma_x = [      1,1.03356,1.05174,1.03356,1.03356,1.05466, 1.0781,1.05466,1.05174, 1.0781,1.10403, 1.0781,1.03356,1.05466, 1.0781,1.05466]
	lambda_q = [0.632372,0.539316,0.475606,0.539316,0.539316,0.489179,0.480159,0.489179,0.475606,0.480159,0.482925,0.480159,0.539316,0.489179,0.480159,0.489179]
********************************************************************************************************************
o___o  ----------------------------------------
| L |	Time since last clock: 0h 0m 0s
A===A	Time since the beginning: 0h 7m 49.147s
***********************************************


********************************************************************************************************************
Warm up runs have been completed. Start calculating W = 5 phonon.
open output files: NGSEDIterationObs.txt
********************************************************************************************************************
Start the 0 rounds of NGS-ED iteration
	effective electronic model is modified as: kinetic energy t = 0.79821
	                                           effective interaction Vq = [-3.65659,-3.36944,-3.12291,-3.36944,-3.36944,-3.17884,-3.14187,-3.17884,-3.12291,-3.14187, -3.1533,-3.14187,-3.36944,-3.17884,-3.14187,-3.17884]
	PARPACK diagonalization completed after 30 matrix-vector product operations.
	iteration results: : total energy is -57.230484 | electron energy -57.297004 + phonon energy 0.066520 | electron momentum kIdx = 10
	Nq(0) = 9,	Nq(1) = 0.283922,	Nq(2) = 0.305561,	Nq(3) = 0.283922,	Nq(4) = 0.283922,	Nq(5) = 0.336667,	Nq(6) = 0.440359,	Nq(7) = 0.336667,	Nq(8) = 0.305561,	Nq(9) = 0.440359,	Nq(10) = 0.564059,	Nq(11) = 0.440359,	Nq(12) = 0.283922,	Nq(13) = 0.336667,	Nq(14) = 0.440359,	Nq(15) = 0.336667,	Sq(0) = -5.78836e-18,	Sq(1) = 0.474307,	Sq(2) = 0.796948,	Sq(3) = 0.474307,	Sq(4) = 0.474307,	Sq(5) = 0.507475,	Sq(6) = 0.82928,	Sq(7) = 0.507475,	Sq(8) = 0.796948,	Sq(9) = 0.82928,	Sq(10) = 0.74288,	Sq(11) = 0.82928,	Sq(12) = 0.474307,	Sq(13) = 0.507475,	Sq(14) = 0.82928,	Sq(15) = 0.507475,	N(0) = 1.94014,	N(1) = 1.89678,	N(2) = 0.0760428,	N(3) = 1.89678,	N(4) = 1.89678,	N(5) = 0.529771,	N(6) = 0.0440093,	N(7) = 0.529771,	N(8) = 0.0760428,	N(9) = 0.0440093,	N(10) = 0.0255265,	N(11) = 0.0440093,	N(12) = 1.89678,	N(13) = 0.529771,	N(14) = 0.0440093,	N(15) = 0.529771,	Delta[s](0) = 0.108547,	Delta[s](1) = 0.0887364,	Delta[s](2) = 0.0743013,	Delta[s](3) = 0.0887364,	Delta[s](4) = 0.0887364,	Delta[s](5) = 0.0784058,	Delta[s](6) = 0.0590156,	Delta[s](7) = 0.0784058,	Delta[s](8) = 0.0743013,	Delta[s](9) = 0.0590156,	Delta[s](10) = 0.0477068,	Delta[s](11) = 0.0590156,	Delta[s](12) = 0.0887364,	Delta[s](13) = 0.0784058,	Delta[s](14) = 0.0590156,	Delta[s](15) = 0.0784058,	Delta[d](0) = 0.214782,	Delta[d](1) = 0.136089,	Delta[d](2) = 0.173166,	Delta[d](3) = 0.136089,	Delta[d](4) = 0.136089,	Delta[d](5) = 0.140195,	Delta[d](6) = 0.0942267,	Delta[d](7) = 0.140195,	Delta[d](8) = 0.173166,	Delta[d](9) = 0.0942267,	Delta[d](10) = 0.0513618,	Delta[d](11) = 0.0942267,	Delta[d](12) = 0.136089,	Delta[d](13) = 0.140195,	Delta[d](14) = 0.0942267,	Delta[d](15) = 0.140195,	Delta[s+](0) = 0.535595,	Delta[s+](1) = 0.370275,	Delta[s+](2) = 0.173166,	Delta[s+](3) = 0.370275,	Delta[s+](4) = 0.370275,	Delta[s+](5) = 0.220053,	Delta[s+](6) = 0.0783516,	Delta[s+](7) = 0.220053,	Delta[s+](8) = 0.173166,	Delta[s+](9) = 0.0783516,	Delta[s+](10) = 0.0298563,	Delta[s+](11) = 0.0783516,	Delta[s+](12) = 0.370275,	Delta[s+](13) = 0.220053,	Delta[s+](14) = 0.0783516,	Delta[s+](15) = 0.220053
The 0-th iteration is completed.	|| time cost : 0h 1m 23.928s
********************************************************************************************************************
Start the 1 rounds of NGS-ED iteration
	effective electronic model is modified as: kinetic energy t = 0.777864
	                                           effective interaction Vq = [-3.87363,-3.55829,-3.26314,-3.55829,-3.55829,-3.32835,-3.27009,-3.32835,-3.26314,-3.27009, -3.2729,-3.27009,-3.55829,-3.32835,-3.27009,-3.32835]
	PARPACK diagonalization completed after 30 matrix-vector product operations.
	iteration results: : total energy is -59.419741 | electron energy -59.596927 + phonon energy 0.177186 | electron momentum kIdx = 10
The 1-th iteration is completed.	|| time cost : 0h 0m 8.952s
********************************************************************************************************************
Start the 2 rounds of NGS-ED iteration
	effective electronic model is modified as: kinetic energy t = 0.764222
	                                           effective interaction Vq = [-3.95347,-3.65597,-3.34091,-3.65597,-3.65597,-3.41115,-3.34851,-3.41115,-3.34091,-3.34851, -3.3525,-3.34851,-3.65597,-3.41115,-3.34851,-3.41115]
	PARPACK diagonalization completed after 30 matrix-vector product operations.
	iteration results: : total energy is -60.221583 | electron energy -60.474740 + phonon energy 0.253157 | electron momentum kIdx = 10
The 2-th iteration is completed.	|| time cost : 0h 0m 9.075s
********************************************************************************************************************
Start the 3 rounds of NGS-ED iteration
	effective electronic model is modified as: kinetic energy t = 0.755656
	                                           effective interaction Vq = [-3.98284,-3.70847,-3.38453,-3.70847,-3.70847,-3.45763, -3.3952,-3.45763,-3.38453, -3.3952,-3.40221, -3.3952,-3.70847,-3.45763, -3.3952,-3.45763]
	PARPACK diagonalization completed after 30 matrix-vector product operations.
	iteration results: : total energy is -60.515436 | electron energy -60.815343 + phonon energy 0.299906 | electron momentum kIdx = 10
The 3-th iteration is completed.	|| time cost : 0h 0m 8.974s
********************************************************************************************************************
Start the 4 rounds of NGS-ED iteration
	effective electronic model is modified as: kinetic energy t = 0.750434
	                                           effective interaction Vq = [-3.99365,-3.73752,-3.40923,-3.73752,-3.73752,-3.48403,-3.42286,-3.48403,-3.40923,-3.42286,-3.43276,-3.42286,-3.73752,-3.48403,-3.42286,-3.48403]
	PARPACK diagonalization completed after 30 matrix-vector product operations.
	iteration results: : total energy is -60.623089 | electron energy -60.951112 + phonon energy 0.328022 | electron momentum kIdx = 10
The 4-th iteration is completed.	|| time cost : 0h 0m 9.072s
********************************************************************************************************************
Start the 5 rounds of NGS-ED iteration
	effective electronic model is modified as: kinetic energy t = 0.747298
	                                           effective interaction Vq = [-3.99762,-3.75391,-3.42333,-3.75391,-3.75391,-3.49914,-3.43925,-3.49914,-3.42333,-3.43925,-3.45151,-3.43925,-3.75391,-3.49914,-3.43925,-3.49914]
	PARPACK diagonalization completed after 30 matrix-vector product operations.
	iteration results: : total energy is -60.662519 | electron energy -61.007348 + phonon energy 0.344829 | electron momentum kIdx = 10
The 5-th iteration is completed.	|| time cost : 0h 0m 8.958s
********************************************************************************************************************
Start the 6 rounds of NGS-ED iteration
	effective electronic model is modified as: kinetic energy t = 0.745429
	                                           effective interaction Vq = [-3.99908,-3.76329,-3.43141,-3.76329,-3.76329,-3.50784,-3.44899,-3.50784,-3.43141,-3.44899,-3.46303,-3.44899,-3.76329,-3.50784,-3.44899,-3.50784]
	PARPACK diagonalization completed after 30 matrix-vector product operations.
	iteration results: : total energy is -60.676960 | electron energy -61.031814 + phonon energy 0.354854 | electron momentum kIdx = 10
The 6-th iteration is completed.	|| time cost : 0h 0m 8.975s
********************************************************************************************************************
Start the 7 rounds of NGS-ED iteration
	effective electronic model is modified as: kinetic energy t = 0.744319
	                                           effective interaction Vq = [-3.99962,-3.76869,-3.43606,-3.76869,-3.76869,-3.51286,-3.45479,-3.51286,-3.43606,-3.45479,-3.47013,-3.45479,-3.76869,-3.51286,-3.45479,-3.51286]
	PARPACK diagonalization completed after 30 matrix-vector product operations.
	iteration results: : total energy is -60.682250 | electron energy -61.043078 + phonon energy 0.360828 | electron momentum kIdx = 10
The 7-th iteration is completed.	|| time cost : 0h 0m 9.084s
********************************************************************************************************************
Start the 8 rounds of NGS-ED iteration
	effective electronic model is modified as: kinetic energy t = 0.743661
	                                           effective interaction Vq = [-3.99982,-3.77182,-3.43874,-3.77182,-3.77182,-3.51576,-3.45824,-3.51576,-3.43874,-3.45824,-3.47452,-3.45824,-3.77182,-3.51576,-3.45824,-3.51576]
	PARPACK diagonalization completed after 30 matrix-vector product operations.
	iteration results: : total energy is -60.684188 | electron energy -61.048574 + phonon energy 0.364386 | electron momentum kIdx = 10
The 8-th iteration is completed.	|| time cost : 0h 0m 8.99s
********************************************************************************************************************
Start the 9 rounds of NGS-ED iteration
	effective electronic model is modified as: kinetic energy t = 0.743272
	                                           effective interaction Vq = [-3.99989,-3.77363,-3.44028,-3.77363,-3.77363,-3.51744,-3.46029,-3.51744,-3.44028,-3.46029,-3.47724,-3.46029,-3.77363,-3.51744,-3.46029,-3.51744]
	PARPACK diagonalization completed after 30 matrix-vector product operations.
	iteration results: : total energy is -60.684899 | electron energy -61.051404 + phonon energy 0.366505 | electron momentum kIdx = 10
The 9-th iteration is completed.	|| time cost : 0h 0m 8.984s
********************************************************************************************************************
Start the 10 rounds of NGS-ED iteration
	effective electronic model is modified as: kinetic energy t = 0.743041
	                                           effective interaction Vq = [-3.99992,-3.77469,-3.44117,-3.77469,-3.77469,-3.51841,-3.46152,-3.51841,-3.44117,-3.46152,-3.47892,-3.46152,-3.77469,-3.51841,-3.46152,-3.51841]
	PARPACK diagonalization completed after 30 matrix-vector product operations.
	iteration results: : total energy is -60.685159 | electron energy -61.052927 + phonon energy 0.367768 | electron momentum kIdx = 10
	Nq(0) = 9,	Nq(1) = 0.314605,	Nq(2) = 0.318209,	Nq(3) = 0.314605,	Nq(4) = 0.314605,	Nq(5) = 0.354301,	Nq(6) = 0.466285,	Nq(7) = 0.354301,	Nq(8) = 0.318209,	Nq(9) = 0.466285,	Nq(10) = 0.607536,	Nq(11) = 0.466285,	Nq(12) = 0.314605,	Nq(13) = 0.354301,	Nq(14) = 0.466285,	Nq(15) = 0.354301,	Sq(0) = 1.56877e-17,	Sq(1) = 0.454003,	Sq(2) = 0.765784,	Sq(3) = 0.454003,	Sq(4) = 0.454003,	Sq(5) = 0.49682,	Sq(6) = 0.788422,	Sq(7) = 0.49682,	Sq(8) = 0.765784,	Sq(9) = 0.788422,	Sq(10) = 0.726736,	Sq(11) = 0.788422,	Sq(12) = 0.454003,	Sq(13) = 0.49682,	Sq(14) = 0.788422,	Sq(15) = 0.49682,	N(0) = 1.95951,	N(1) = 1.9338,	N(2) = 0.0485029,	N(3) = 1.9338,	N(4) = 1.9338,	N(5) = 0.517665,	N(6) = 0.0300317,	N(7) = 0.517665,	N(8) = 0.0485029,	N(9) = 0.0300317,	N(10) = 0.0174988,	N(11) = 0.0300317,	N(12) = 1.9338,	N(13) = 0.517665,	N(14) = 0.0300317,	N(15) = 0.517665,	Delta[s](0) = 0.118374,	Delta[s](1) = 0.0990697,	Delta[s](2) = 0.0857459,	Delta[s](3) = 0.0990697,	Delta[s](4) = 0.0990697,	Delta[s](5) = 0.0898322,	Delta[s](6) = 0.0716397,	Delta[s](7) = 0.0898322,	Delta[s](8) = 0.0857459,	Delta[s](9) = 0.0716397,	Delta[s](10) = 0.0603264,	Delta[s](11) = 0.0716397,	Delta[s](12) = 0.0990697,	Delta[s](13) = 0.0898322,	Delta[s](14) = 0.0716397,	Delta[s](15) = 0.0898322,	Delta[d](0) = 0.227272,	Delta[d](1) = 0.147239,	Delta[d](2) = 0.184214,	Delta[d](3) = 0.147239,	Delta[d](4) = 0.147239,	Delta[d](5) = 0.152857,	Delta[d](6) = 0.103731,	Delta[d](7) = 0.152857,	Delta[d](8) = 0.184214,	Delta[d](9) = 0.103731,	Delta[d](10) = 0.0595214,	Delta[d](11) = 0.103731,	Delta[d](12) = 0.147239,	Delta[d](13) = 0.152857,	Delta[d](14) = 0.103731,	Delta[d](15) = 0.152857,	Delta[s+](0) = 0.558866,	Delta[s+](1) = 0.38832,	Delta[s+](2) = 0.184214,	Delta[s+](3) = 0.38832,	Delta[s+](4) = 0.38832,	Delta[s+](5) = 0.233292,	Delta[s+](6) = 0.0866342,	Delta[s+](7) = 0.233292,	Delta[s+](8) = 0.184214,	Delta[s+](9) = 0.0866342,	Delta[s+](10) = 0.0352716,	Delta[s+](11) = 0.0866342,	Delta[s+](12) = 0.38832,	Delta[s+](13) = 0.233292,	Delta[s+](14) = 0.0866342,	Delta[s+](15) = 0.233292
The 10-th iteration is completed.	|| time cost : 0h 1m 24.466s
********************************************************************************************************************
Start the 11 rounds of NGS-ED iteration
	effective electronic model is modified as: kinetic energy t = 0.742904
	                                           effective interaction Vq = [-3.99993,-3.77531,-3.44169,-3.77531,-3.77531,-3.51898,-3.46225,-3.51898,-3.44169,-3.46225,-3.47997,-3.46225,-3.77531,-3.51898,-3.46225,-3.51898]
	PARPACK diagonalization completed after 30 matrix-vector product operations.
	iteration results: : total energy is -60.685254 | electron energy -61.053775 + phonon energy 0.368521 | electron momentum kIdx = 10
The 11-th iteration is completed.	|| time cost : 0h 0m 9.079s
********************************************************************************************************************
Start the 12 rounds of NGS-ED iteration
	effective electronic model is modified as: kinetic energy t = 0.742823
	                                           effective interaction Vq = [-3.99993,-3.77566,-3.44198,-3.77566,-3.77566, -3.5193,-3.46269, -3.5193,-3.44198,-3.46269,-3.48062,-3.46269,-3.77566, -3.5193,-3.46269, -3.5193]
	PARPACK diagonalization completed after 30 matrix-vector product operations.
	iteration results: : total energy is -60.685289 | electron energy -61.054259 + phonon energy 0.368970 | electron momentum kIdx = 10
The 12-th iteration is completed.	|| time cost : 0h 0m 9.084s
********************************************************************************************************************
Start the 13 rounds of NGS-ED iteration
	effective electronic model is modified as: kinetic energy t = 0.742776
	                                           effective interaction Vq = [-3.99993,-3.77587,-3.44215,-3.77587,-3.77587,-3.51949,-3.46295,-3.51949,-3.44215,-3.46295,-3.48103,-3.46295,-3.77587,-3.51949,-3.46295,-3.51949]
	PARPACK diagonalization completed after 30 matrix-vector product operations.
	iteration results: : total energy is -60.685302 | electron energy -61.054540 + phonon energy 0.369238 | electron momentum kIdx = 10
The 13-th iteration is completed.	|| time cost : 0h 0m 8.977s
********************************************************************************************************************
Start the 14 rounds of NGS-ED iteration
	effective electronic model is modified as: kinetic energy t = 0.742747
	                                           effective interaction Vq = [-3.99994,-3.77599,-3.44225,-3.77599,-3.77599, -3.5196,-3.46311, -3.5196,-3.44225,-3.46311,-3.48128,-3.46311,-3.77599, -3.5196,-3.46311, -3.5196]
	PARPACK diagonalization completed after 30 matrix-vector product operations.
	iteration results: : total energy is -60.685307 | electron energy -61.054705 + phonon energy 0.369398 | electron momentum kIdx = 10
The 14-th iteration is completed.	|| time cost : 0h 0m 8.984s
********************************************************************************************************************
Start the 15 rounds of NGS-ED iteration
	effective electronic model is modified as: kinetic energy t = 0.74273
	                                           effective interaction Vq = [-3.99994,-3.77606,-3.44231,-3.77606,-3.77606,-3.51966, -3.4632,-3.51966,-3.44231, -3.4632,-3.48144, -3.4632,-3.77606,-3.51966, -3.4632,-3.51966]
	PARPACK diagonalization completed after 30 matrix-vector product operations.
	iteration results: : total energy is -60.685309 | electron energy -61.054802 + phonon energy 0.369494 | electron momentum kIdx = 10
The 15-th iteration is completed.	|| time cost : 0h 0m 9.058s
********************************************************************************************************************
Start the 16 rounds of NGS-ED iteration
	effective electronic model is modified as: kinetic energy t = 0.74272
	                                           effective interaction Vq = [-3.99994, -3.7761,-3.44235, -3.7761, -3.7761, -3.5197,-3.46326, -3.5197,-3.44235,-3.46326,-3.48154,-3.46326, -3.7761, -3.5197,-3.46326, -3.5197]
	PARPACK diagonalization completed after 30 matrix-vector product operations.
	iteration results: : total energy is -60.685309 | electron energy -61.054860 + phonon energy 0.369551 | electron momentum kIdx = 10
The 16-th iteration is completed.	|| time cost : 0h 0m 9.08s
********************************************************************************************************************
Start the 17 rounds of NGS-ED iteration
	effective electronic model is modified as: kinetic energy t = 0.742714
	                                           effective interaction Vq = [-3.99994,-3.77613,-3.44236,-3.77613,-3.77613,-3.51972,-3.46329,-3.51972,-3.44236,-3.46329, -3.4816,-3.46329,-3.77613,-3.51972,-3.46329,-3.51972]
	PARPACK diagonalization completed after 30 matrix-vector product operations.
	iteration results: : total energy is -60.685310 | electron energy -61.054895 + phonon energy 0.369585 | electron momentum kIdx = 10
The 17-th iteration is completed.	|| time cost : 0h 0m 8.959s
********************************************************************************************************************
Start the 18 rounds of NGS-ED iteration
	effective electronic model is modified as: kinetic energy t = 0.742711
	                                           effective interaction Vq = [-3.99994,-3.77614,-3.44238,-3.77614,-3.77614,-3.51973,-3.46331,-3.51973,-3.44238,-3.46331,-3.48164,-3.46331,-3.77614,-3.51973,-3.46331,-3.51973]
	PARPACK diagonalization completed after 30 matrix-vector product operations.
	iteration results: : total energy is -60.685310 | electron energy -61.054915 + phonon energy 0.369606 | electron momentum kIdx = 10
The 18-th iteration is completed.	|| time cost : 0h 0m 8.974s
********************************************************************************************************************
Start the 19 rounds of NGS-ED iteration
	effective electronic model is modified as: kinetic energy t = 0.742709
	                                           effective interaction Vq = [-3.99994,-3.77615,-3.44238,-3.77615,-3.77615,-3.51974,-3.46332,-3.51974,-3.44238,-3.46332,-3.48166,-3.46332,-3.77615,-3.51974,-3.46332,-3.51974]
	PARPACK diagonalization completed after 30 matrix-vector product operations.
	iteration results: : total energy is -60.685310 | electron energy -61.054928 + phonon energy 0.369618 | electron momentum kIdx = 10
The 19-th iteration is completed.	|| time cost : 0h 0m 8.975s
********************************************************************************************************************
Start the 20 rounds of NGS-ED iteration
	effective electronic model is modified as: kinetic energy t = 0.742707
	                                           effective interaction Vq = [-3.99994,-3.77615,-3.44239,-3.77615,-3.77615,-3.51974,-3.46333,-3.51974,-3.44239,-3.46333,-3.48167,-3.46333,-3.77615,-3.51974,-3.46333,-3.51974]
	PARPACK diagonalization completed after 30 matrix-vector product operations.
	iteration results: : total energy is -60.685310 | electron energy -61.054935 + phonon energy 0.369625 | electron momentum kIdx = 10
	Nq(0) = 9,	Nq(1) = 0.314714,	Nq(2) = 0.318247,	Nq(3) = 0.314714,	Nq(4) = 0.314714,	Nq(5) = 0.354359,	Nq(6) = 0.466449,	Nq(7) = 0.354359,	Nq(8) = 0.318247,	Nq(9) = 0.466449,	Nq(10) = 0.608039,	Nq(11) = 0.466449,	Nq(12) = 0.314714,	Nq(13) = 0.354359,	Nq(14) = 0.466449,	Nq(15) = 0.354359,	Sq(0) = -1.26768e-17,	Sq(1) = 0.453893,	Sq(2) = 0.765642,	Sq(3) = 0.453893,	Sq(4) = 0.453893,	Sq(5) = 0.496761,	Sq(6) = 0.788207,	Sq(7) = 0.496761,	Sq(8) = 0.765642,	Sq(9) = 0.788207,	Sq(10) = 0.726648,	Sq(11) = 0.788207,	Sq(12) = 0.453893,	Sq(13) = 0.496761,	Sq(14) = 0.788207,	Sq(15) = 0.496761,	N(0) = 1.9596,	N(1) = 1.93397,	N(2) = 0.0483925,	N(3) = 1.93397,	N(4) = 1.93397,	N(5) = 0.517612,	N(6) = 0.0299595,	N(7) = 0.517612,	N(8) = 0.0483925,	N(9) = 0.0299595,	N(10) = 0.0174542,	N(11) = 0.0299595,	N(12) = 1.93397,	N(13) = 0.517612,	N(14) = 0.0299595,	N(15) = 0.517612,	Delta[s](0) = 0.11842,	Delta[s](1) = 0.0991223,	Delta[s](2) = 0.0858054,	Delta[s](3) = 0.0991223,	Delta[s](4) = 0.0991223,	Delta[s](5) = 0.0898907,	Delta[s](6) = 0.071708,	Delta[s](7) = 0.0898907,	Delta[s](8) = 0.0858054,	Delta[s](9) = 0.071708,	Delta[s](10) = 0.0603961,	Delta[s](11) = 0.071708,	Delta[s](12) = 0.0991223,	Delta[s](13) = 0.0898907,	Delta[s](14) = 0.071708,	Delta[s](15) = 0.0898907,	Delta[d](0) = 0.227338,	Delta[d](1) = 0.147305,	Delta[d](2) = 0.184281,	Delta[d](3) = 0.147305,	Delta[d](4) = 0.147305,	Delta[d](5) = 0.152926,	Delta[d](6) = 0.103787,	Delta[d](7) = 0.152926,	Delta[d](8) = 0.184281,	Delta[d](9) = 0.103787,	Delta[d](10) = 0.0595683,	Delta[d](11) = 0.103787,	Delta[d](12) = 0.147305,	Delta[d](13) = 0.152926,	Delta[d](14) = 0.103787,	Delta[d](15) = 0.152926,	Delta[s+](0) = 0.559006,	Delta[s+](1) = 0.388426,	Delta[s+](2) = 0.184281,	Delta[s+](3) = 0.388426,	Delta[s+](4) = 0.388426,	Delta[s+](5) = 0.233369,	Delta[s+](6) = 0.0866815,	Delta[s+](7) = 0.233369,	Delta[s+](8) = 0.184281,	Delta[s+](9) = 0.0866815,	Delta[s+](10) = 0.0353033,	Delta[s+](11) = 0.0866815,	Delta[s+](12) = 0.388426,	Delta[s+](13) = 0.233369,	Delta[s+](14) = 0.0866815,	Delta[s+](15) = 0.233369
The 20-th iteration is completed.	|| time cost : 0h 1m 24.157s
********************************************************************************************************************
Start the 21 rounds of NGS-ED iteration
	effective electronic model is modified as: kinetic energy t = 0.742707
	                                           effective interaction Vq = [-3.99994,-3.77616,-3.44239,-3.77616,-3.77616,-3.51974,-3.46333,-3.51974,-3.44239,-3.46333,-3.48168,-3.46333,-3.77616,-3.51974,-3.46333,-3.51974]
	PARPACK diagonalization completed after 30 matrix-vector product operations.
	iteration results: : total energy is -60.685310 | electron energy -61.054940 + phonon energy 0.369630 | electron momentum kIdx = 10
The 21-th iteration is completed.	|| time cost : 0h 0m 8.961s
********************************************************************************************************************
Start the 22 rounds of NGS-ED iteration
	effective electronic model is modified as: kinetic energy t = 0.742706
	                                           effective interaction Vq = [-3.99994,-3.77616,-3.44239,-3.77616,-3.77616,-3.51975,-3.46333,-3.51975,-3.44239,-3.46333,-3.48169,-3.46333,-3.77616,-3.51975,-3.46333,-3.51975]
	PARPACK diagonalization completed after 30 matrix-vector product operations.
	iteration results: : total energy is -60.685310 | electron energy -61.054942 + phonon energy 0.369632 | electron momentum kIdx = 10
The 22-th iteration is completed.	|| time cost : 0h 0m 8.975s
********************************************************************************************************************
Start the 23 rounds of NGS-ED iteration
	effective electronic model is modified as: kinetic energy t = 0.742706
	                                           effective interaction Vq = [-3.99994,-3.77616,-3.44239,-3.77616,-3.77616,-3.51975,-3.46334,-3.51975,-3.44239,-3.46334,-3.48169,-3.46334,-3.77616,-3.51975,-3.46334,-3.51975]
	PARPACK diagonalization completed after 30 matrix-vector product operations.
	iteration results: : total energy is -60.685310 | electron energy -61.054944 + phonon energy 0.369634 | electron momentum kIdx = 10
The 23-th iteration is completed.	|| time cost : 0h 0m 8.967s
********************************************************************************************************************
Start the 24 rounds of NGS-ED iteration
	effective electronic model is modified as: kinetic energy t = 0.742706
	                                           effective interaction Vq = [-3.99994,-3.77616,-3.44239,-3.77616,-3.77616,-3.51975,-3.46334,-3.51975,-3.44239,-3.46334, -3.4817,-3.46334,-3.77616,-3.51975,-3.46334,-3.51975]
	PARPACK diagonalization completed after 30 matrix-vector product operations.
	iteration results: : total energy is -60.685310 | electron energy -61.054945 + phonon energy 0.369635 | electron momentum kIdx = 10
The 24-th iteration is completed.	|| time cost : 0h 0m 9.076s
********************************************************************************************************************
Start the 25 rounds of NGS-ED iteration
	effective electronic model is modified as: kinetic energy t = 0.742706
	                                           effective interaction Vq = [-3.99994,-3.77616,-3.44239,-3.77616,-3.77616,-3.51975,-3.46334,-3.51975,-3.44239,-3.46334, -3.4817,-3.46334,-3.77616,-3.51975,-3.46334,-3.51975]
