SNEDics v3.4 Non-Gaussian ED ground state program		Start at Tue Oct  1 12:11:16 2019

parallized on 16 MPI threads  * 8 OpenMP threads = 128 total threads.
********************************************************************************************************************
********************************************************************************************************************

********************************************************************************************************************
System parameters and configurations
********************************************************************************************************************
Special program options are enabled: splitted diagonal Hamiltonian
********************************************************************************************************************
Read input file "model_params.in"
	Hubbard-Holstein model parameters : 	t = 1    U = 4.2    g = 3.8078    W = 5    
********************************************************************************************************************
Read input file "hilbertspace_params.in"
	Requested 16-site 2D lattice, with 16 electrons (8, 8)
	Boundary : Periodic		Hilbert space representation : momentum-space (restricted to kIdx = 0)
	Conservation: particle number[U(1)]      spin[U(1)]     momentum
********************************************************************************************************************

Cluster Positions:				Cluster symmetry group : D4
 x ... x ... x ... x .....                       x ... x ... x ... x .....
 |           |           :                       |           |           :
 |           |           :                       |           |           :
12    13    14    15     x                       1     5     6     5     x
 |           |           :                       |           |           :
 |           |           :                       |           |           :
 8 --- 9 ---10 ---11 --- x                       2 --- 6 ---10 --- 6 --- x
 |           |           :                       |           |           :
 |           |           :                       |           |           :
 4     5     6     7     x                       1     5     6     5     x
 |           |           :                       |           |           :
 |           |           :                       |           |           :
 0 --- 1 --- 2 --- 3 --- x                       0 --- 1 --- 2 --- 1 --- x
orbital number : 1
********************************************************************************************************************
Read input file "obs_params.in"
	Observable Type : Nq(All),   Sq(All),   N(All),   Delta[s](All),   Delta[d](All),   Delta[s+](All)
********************************************************************************************************************
** WARNING ** the input observables have non-local factors which have been reinterpreted. The total observable number is 96
********************************************************************************************************************


********************************************************************************************************************
Start calculating the non-Gaussian ED ground state
** WARNING ** Detected low phonon energy W < 10. The initial state will be prepared through a warm-up process.
********************************************************************************************************************
Start warm-up calculation for scaling factor 2
open output files: NGSEDWarmUpW10Obs.txt
********************************************************************************************************************
Start the 0 rounds of NGS-ED iteration
	effective electronic model is modified as: kinetic energy t = 1
	                                           effective interaction Vq = [-0,-0,-0,-0,-0,-0,-0,-0,-0,-0,-0,-0,-0,-0,-0,-0]
	first Hamiltonian is constructed, non-zero numbers = 2845383612
	PARPACK diagonalization completed after 90 matrix-vector product operations.
	iteration results: : total energy is -13.260088 | electron energy -13.260088 + phonon energy 0.000000 | electron momentum kIdx = 0
	Nq(0) = 16,	Nq(1) = 0.1504,	Nq(2) = 0.225336,	Nq(3) = 0.1504,	Nq(4) = 0.1504,	Nq(5) = 0.225336,	Nq(6) = 0.306298,	Nq(7) = 0.225336,	Nq(8) = 0.225336,	Nq(9) = 0.306298,	Nq(10) = 0.372996,	Nq(11) = 0.306298,	Nq(12) = 0.1504,	Nq(13) = 0.225336,	Nq(14) = 0.306298,	Nq(15) = 0.225336,	Sq(0) = 2.26948e-18,	Sq(1) = 0.427334,	Sq(2) = 0.625304,	Sq(3) = 0.427334,	Sq(4) = 0.427334,	Sq(5) = 0.625304,	Sq(6) = 0.811944,	Sq(7) = 0.625304,	Sq(8) = 0.625304,	Sq(9) = 0.811944,	Sq(10) = 3.73926,	Sq(11) = 0.811944,	Sq(12) = 0.427334,	Sq(13) = 0.625304,	Sq(14) = 0.811944,	Sq(15) = 0.625304,	N(0) = 1.92449,	N(1) = 1.83269,	N(2) = 1,	N(3) = 1.83269,	N(4) = 1.83269,	N(5) = 1,	N(6) = 0.167314,	N(7) = 1,	N(8) = 1,	N(9) = 0.167314,	N(10) = 0.0755115,	N(11) = 0.167314,	N(12) = 1.83269,	N(13) = 1,	N(14) = 0.167314,	N(15) = 1,	Delta[s](0) = 0.167251,	Delta[s](1) = 0.142367,	Delta[s](2) = 0.112241,	Delta[s](3) = 0.142367,	Delta[s](4) = 0.142367,	Delta[s](5) = 0.112241,	Delta[s](6) = 0.084289,	Delta[s](7) = 0.112241,	Delta[s](8) = 0.112241,	Delta[s](9) = 0.084289,	Delta[s](10) = 0.0285841,	Delta[s](11) = 0.084289,	Delta[s](12) = 0.142367,	Delta[s](13) = 0.112241,	Delta[s](14) = 0.084289,	Delta[s](15) = 0.112241,	Delta[d](0) = 0.558686,	Delta[d](1) = 0.384749,	Delta[d](2) = 0.308226,	Delta[d](3) = 0.384749,	Delta[d](4) = 0.384749,	Delta[d](5) = 0.326429,	Delta[d](6) = 0.235818,	Delta[d](7) = 0.326429,	Delta[d](8) = 0.308226,	Delta[d](9) = 0.235818,	Delta[d](10) = 0.104899,	Delta[d](11) = 0.235818,	Delta[d](12) = 0.384749,	Delta[d](13) = 0.326429,	Delta[d](14) = 0.235818,	Delta[d](15) = 0.326429,	Delta[s+](0) = 0.589643,	Delta[s+](1) = 0.468049,	Delta[s+](2) = 0.308226,	Delta[s+](3) = 0.468049,	Delta[s+](4) = 0.468049,	Delta[s+](5) = 0.308226,	Delta[s+](6) = 0.155486,	Delta[s+](7) = 0.308226,	Delta[s+](8) = 0.308226,	Delta[s+](9) = 0.155486,	Delta[s+](10) = 0.0392584,	Delta[s+](11) = 0.155486,	Delta[s+](12) = 0.468049,	Delta[s+](13) = 0.308226,	Delta[s+](14) = 0.155486,	Delta[s+](15) = 0.308226
The 0-th iteration is completed.	|| time cost : 0h 8m 42.522s
********************************************************************************************************************
Start the 1 rounds of NGS-ED iteration
	effective electronic model is modified as: kinetic energy t = 0.92881
	                                           effective interaction Vq = [-2.50741,-2.27834,-2.20491,-2.27834,-2.27834,-2.20491,-2.17627,-2.20491,-2.20491,-2.17627,-2.14761,-2.17627,-2.27834,-2.20491,-2.17627,-2.20491]
	PARPACK diagonalization completed after 75 matrix-vector product operations.
	iteration results: : total energy is -63.363232 | electron energy -63.368128 + phonon energy 0.004896 | electron momentum kIdx = 0
The 1-th iteration is completed.	|| time cost : 0h 7m 56.299s
********************************************************************************************************************
Start the 2 rounds of NGS-ED iteration
	effective electronic model is modified as: kinetic energy t = 0.863437
	                                           effective interaction Vq = [-2.84676,-2.73198,-2.71402,-2.73198,-2.73198,-2.71402, -2.6345,-2.71402,-2.71402, -2.6345,-2.63938, -2.6345,-2.73198,-2.71402, -2.6345,-2.71402]
	PARPACK diagonalization completed after 60 matrix-vector product operations.
	iteration results: : total energy is -71.928520 | electron energy -71.972233 + phonon energy 0.043713 | electron momentum kIdx = 0
The 2-th iteration is completed.	|| time cost : 0h 0m 36.782s
********************************************************************************************************************
Start the 3 rounds of NGS-ED iteration
	effective electronic model is modified as: kinetic energy t = 0.836467
	                                           effective interaction Vq = [-2.89268,-2.82482,-2.81731,-2.82482,-2.82482,-2.81731,-2.74535,-2.81731,-2.81731,-2.74535,-2.76881,-2.74535,-2.82482,-2.81731,-2.74535,-2.81731]
	PARPACK diagonalization completed after 45 matrix-vector product operations.
	iteration results: : total energy is -73.098833 | electron energy -73.178020 + phonon energy 0.079187 | electron momentum kIdx = 0
The 3-th iteration is completed.	|| time cost : 0h 0m 32.102s
********************************************************************************************************************
Start the 4 rounds of NGS-ED iteration
	effective electronic model is modified as: kinetic energy t = 0.826293
	                                           effective interaction Vq = [ -2.8989,-2.84878,-2.84145,-2.84878,-2.84878,-2.84145,-2.77844,-2.84145,-2.84145,-2.77844,-2.82074,-2.77844,-2.84878,-2.84145,-2.77844,-2.84145]
	PARPACK diagonalization completed after 45 matrix-vector product operations.
	iteration results: : total energy is -73.266247 | electron energy -73.362856 + phonon energy 0.096609 | electron momentum kIdx = 0
The 4-th iteration is completed.	|| time cost : 0h 0m 32.081s
********************************************************************************************************************
Start the 5 rounds of NGS-ED iteration
	effective electronic model is modified as: kinetic energy t = 0.823027
	                                           effective interaction Vq = [-2.89974,  -2.855,-2.84139,  -2.855,  -2.855,-2.84139,-2.78786,-2.84139,-2.84139,-2.78786, -2.8578,-2.78786,  -2.855,-2.84139,-2.78786,-2.84139]
	PARPACK diagonalization completed after 45 matrix-vector product operations.
	iteration results: : total energy is -73.336361 | electron energy -73.440543 + phonon energy 0.104182 | electron momentum kIdx = 0
The 5-th iteration is completed.	|| time cost : 0h 0m 32.377s
********************************************************************************************************************
Start the 6 rounds of NGS-ED iteration
	effective electronic model is modified as: kinetic energy t = 0.827542
	                                           effective interaction Vq = [-2.89985,-2.85027,-2.80564,-2.85027,-2.85027,-2.80564,-2.78067,-2.80564,-2.80564,-2.78067,-2.88319,-2.78067,-2.85027,-2.80564,-2.78067,-2.80564]
	PARPACK diagonalization completed after 45 matrix-vector product operations.
	iteration results: : total energy is -73.435480 | electron energy -73.540356 + phonon energy 0.104876 | electron momentum kIdx = 0
The 6-th iteration is completed.	|| time cost : 0h 0m 32.337s
********************************************************************************************************************
Start the 7 rounds of NGS-ED iteration
	effective electronic model is modified as: kinetic energy t = 0.833368
	                                           effective interaction Vq = [-2.89987,-2.84172,-2.76352,-2.84172,-2.84172,-2.76352,-2.76841,-2.76352,-2.76352,-2.76841,-2.89106,-2.76841,-2.84172,-2.76352,-2.76841,-2.76352]
	PARPACK diagonalization completed after 45 matrix-vector product operations.
	iteration results: : total energy is -73.472766 | electron energy -73.574914 + phonon energy 0.102148 | electron momentum kIdx = 0
The 7-th iteration is completed.	|| time cost : 0h 0m 32.032s
********************************************************************************************************************
Start the 8 rounds of NGS-ED iteration
	effective electronic model is modified as: kinetic energy t = 0.836071
	                                           effective interaction Vq = [-2.89987,-2.83627,-2.74361,-2.83627,-2.83627,-2.74361,-2.76094,-2.74361,-2.74361,-2.76094,-2.89335,-2.76094,-2.83627,-2.74361,-2.76094,-2.74361]
	PARPACK diagonalization completed after 30 matrix-vector product operations.
	iteration results: : total energy is -73.479141 | electron energy -73.579043 + phonon energy 0.099901 | electron momentum kIdx = 0
The 8-th iteration is completed.	|| time cost : 0h 0m 27.367s
********************************************************************************************************************
Start the 9 rounds of NGS-ED iteration
	effective electronic model is modified as: kinetic energy t = 0.837201
	                                           effective interaction Vq = [-2.89987, -2.8335,-2.73571, -2.8335, -2.8335,-2.73571,-2.75722,-2.73571,-2.73571,-2.75722, -2.8941,-2.75722, -2.8335,-2.73571,-2.75722,-2.73571]
	PARPACK diagonalization completed after 30 matrix-vector product operations.
	iteration results: : total energy is -73.480129 | electron energy -73.578865 + phonon energy 0.098736 | electron momentum kIdx = 0
The 9-th iteration is completed.	|| time cost : 0h 0m 27.399s
********************************************************************************************************************
Start the 10 rounds of NGS-ED iteration
	effective electronic model is modified as: kinetic energy t = 0.837667
	                                           effective interaction Vq = [-2.89987, -2.8322,-2.73269, -2.8322, -2.8322,-2.73269, -2.7555,-2.73269,-2.73269, -2.7555,-2.89436, -2.7555, -2.8322,-2.73269, -2.7555,-2.73269]
	PARPACK diagonalization completed after 30 matrix-vector product operations.
	iteration results: : total energy is -73.480282 | electron energy -73.578485 + phonon energy 0.098202 | electron momentum kIdx = 0
	Nq(0) = 16,	Nq(1) = 0.326448,	Nq(2) = 0.367609,	Nq(3) = 0.326448,	Nq(4) = 0.326448,	Nq(5) = 0.367609,	Nq(6) = 0.594953,	Nq(7) = 0.367609,	Nq(8) = 0.367609,	Nq(9) = 0.594953,	Nq(10) = 4.8201,	Nq(11) = 0.594953,	Nq(12) = 0.326448,	Nq(13) = 0.367609,	Nq(14) = 0.594953,	Nq(15) = 0.367609,	Sq(0) = -4.87738e-18,	Sq(1) = 0.253695,	Sq(2) = 0.31665,	Sq(3) = 0.253695,	Sq(4) = 0.253695,	Sq(5) = 0.31665,	Sq(6) = 0.461712,	Sq(7) = 0.31665,	Sq(8) = 0.31665,	Sq(9) = 0.461712,	Sq(10) = 0.527112,	Sq(11) = 0.461712,	Sq(12) = 0.253695,	Sq(13) = 0.31665,	Sq(14) = 0.461712,	Sq(15) = 0.31665,	N(0) = 1.98436,	N(1) = 1.95828,	N(2) = 1,	N(3) = 1.95828,	N(4) = 1.95828,	N(5) = 1,	N(6) = 0.0417152,	N(7) = 1,	N(8) = 1,	N(9) = 0.0417152,	N(10) = 0.0156398,	N(11) = 0.0417152,	N(12) = 1.95828,	N(13) = 1,	N(14) = 0.0417152,	N(15) = 1,	Delta[s](0) = 0.493097,	Delta[s](1) = 0.35754,	Delta[s](2) = 0.341792,	Delta[s](3) = 0.35754,	Delta[s](4) = 0.35754,	Delta[s](5) = 0.341792,	Delta[s](6) = 0.283243,	Delta[s](7) = 0.341792,	Delta[s](8) = 0.341792,	Delta[s](9) = 0.283243,	Delta[s](10) = 0.248701,	Delta[s](11) = 0.283243,	Delta[s](12) = 0.35754,	Delta[s](13) = 0.341792,	Delta[s](14) = 0.283243,	Delta[s](15) = 0.341792,	Delta[d](0) = 0.223719,	Delta[d](1) = 0.216747,	Delta[d](2) = 0.21538,	Delta[d](3) = 0.216747,	Delta[d](4) = 0.216747,	Delta[d](5) = 0.140127,	Delta[d](6) = 0.174903,	Delta[d](7) = 0.140127,	Delta[d](8) = 0.21538,	Delta[d](9) = 0.174903,	Delta[d](10) = 0.056511,	Delta[d](11) = 0.174903,	Delta[d](12) = 0.216747,	Delta[d](13) = 0.140127,	Delta[d](14) = 0.174903,	Delta[d](15) = 0.140127,	Delta[s+](0) = 0.417181,	Delta[s+](1) = 0.332679,	Delta[s+](2) = 0.21538,	Delta[s+](3) = 0.332679,	Delta[s+](4) = 0.332679,	Delta[s+](5) = 0.21538,	Delta[s+](6) = 0.0956174,	Delta[s+](7) = 0.21538,	Delta[s+](8) = 0.21538,	Delta[s+](9) = 0.0956174,	Delta[s+](10) = 0.0309138,	Delta[s+](11) = 0.0956174,	Delta[s+](12) = 0.332679,	Delta[s+](13) = 0.21538,	Delta[s+](14) = 0.0956174,	Delta[s+](15) = 0.21538
The 10-th iteration is completed.	|| time cost : 0h 4m 40.145s
********************************************************************************************************************
Start the 11 rounds of NGS-ED iteration
	effective electronic model is modified as: kinetic energy t = 0.837859
	                                           effective interaction Vq = [-2.89987,-2.83162,-2.73154,-2.83162,-2.83162,-2.73154,-2.75473,-2.73154,-2.73154,-2.75473,-2.89446,-2.75473,-2.83162,-2.73154,-2.75473,-2.73154]
	PARPACK diagonalization completed after 30 matrix-vector product operations.
	iteration results: : total energy is -73.480307 | electron energy -73.578276 + phonon energy 0.097969 | electron momentum kIdx = 0
The 11-th iteration is completed.	|| time cost : 0h 0m 29.76s
********************************************************************************************************************
Start the 12 rounds of NGS-ED iteration
	effective electronic model is modified as: kinetic energy t = 0.837938
	                                           effective interaction Vq = [-2.89987,-2.83137, -2.7311,-2.83137,-2.83137, -2.7311, -2.7544, -2.7311, -2.7311, -2.7544,-2.89449, -2.7544,-2.83137, -2.7311, -2.7544, -2.7311]
	PARPACK diagonalization completed after 30 matrix-vector product operations.
	iteration results: : total energy is -73.480311 | electron energy -73.578180 + phonon energy 0.097869 | electron momentum kIdx = 0
	Nq(0) = 16,	Nq(1) = 0.326063,	Nq(2) = 0.367306,	Nq(3) = 0.326063,	Nq(4) = 0.326063,	Nq(5) = 0.367306,	Nq(6) = 0.594398,	Nq(7) = 0.367306,	Nq(8) = 0.367306,	Nq(9) = 0.594398,	Nq(10) = 4.82602,	Nq(11) = 0.594398,	Nq(12) = 0.326063,	Nq(13) = 0.367306,	Nq(14) = 0.594398,	Nq(15) = 0.367306,	Sq(0) = -1.82343e-18,	Sq(1) = 0.253641,	Sq(2) = 0.316629,	Sq(3) = 0.253641,	Sq(4) = 0.253641,	Sq(5) = 0.316629,	Sq(6) = 0.461702,	Sq(7) = 0.316629,	Sq(8) = 0.316629,	Sq(9) = 0.461702,	Sq(10) = 0.527153,	Sq(11) = 0.461702,	Sq(12) = 0.253641,	Sq(13) = 0.316629,	Sq(14) = 0.461702,	Sq(15) = 0.316629,	N(0) = 1.98435,	N(1) = 1.95822,	N(2) = 1,	N(3) = 1.95822,	N(4) = 1.95822,	N(5) = 1,	N(6) = 0.0417828,	N(7) = 1,	N(8) = 1,	N(9) = 0.0417828,	N(10) = 0.01565,	N(11) = 0.0417828,	N(12) = 1.95822,	N(13) = 1,	N(14) = 0.0417828,	N(15) = 1,	Delta[s](0) = 0.49261,	Delta[s](1) = 0.357579,	Delta[s](2) = 0.341809,	Delta[s](3) = 0.357579,	Delta[s](4) = 0.357579,	Delta[s](5) = 0.341809,	Delta[s](6) = 0.283291,	Delta[s](7) = 0.341809,	Delta[s](8) = 0.341809,	Delta[s](9) = 0.283291,	Delta[s](10) = 0.248909,	Delta[s](11) = 0.283291,	Delta[s](12) = 0.357579,	Delta[s](13) = 0.341809,	Delta[s](14) = 0.283291,	Delta[s](15) = 0.341809,	Delta[d](0) = 0.223621,	Delta[d](1) = 0.216631,	Delta[d](2) = 0.215318,	Delta[d](3) = 0.216631,	Delta[d](4) = 0.216631,	Delta[d](5) = 0.140021,	Delta[d](6) = 0.174776,	Delta[d](7) = 0.140021,	Delta[d](8) = 0.215318,	Delta[d](9) = 0.174776,	Delta[d](10) = 0.0563972,	Delta[d](11) = 0.174776,	Delta[d](12) = 0.216631,	Delta[d](13) = 0.140021,	Delta[d](14) = 0.174776,	Delta[d](15) = 0.140021,	Delta[s+](0) = 0.417202,	Delta[s+](1) = 0.332639,	Delta[s+](2) = 0.215318,	Delta[s+](3) = 0.332639,	Delta[s+](4) = 0.332639,	Delta[s+](5) = 0.215318,	Delta[s+](6) = 0.0955338,	Delta[s+](7) = 0.215318,	Delta[s+](8) = 0.215318,	Delta[s+](9) = 0.0955338,	Delta[s+](10) = 0.0308593,	Delta[s+](11) = 0.0955338,	Delta[s+](12) = 0.332639,	Delta[s+](13) = 0.215318,	Delta[s+](14) = 0.0955338,	Delta[s+](15) = 0.215318
The 12-th iteration is completed.	|| time cost : 0h 4m 36.057s
********************************************************************************************************************
********************************************************************************************************************
Ground state is obtained after 13 iterations. The current ground-state energy is -73.4803, in which electron energy is -73.5782 and phonon energy is 0.097869
final variational state is: 
	Gamma_x = [      1,1.02493,1.03978,1.02493,1.02493,1.03978,1.06176,1.03978,1.03978,1.06176, 1.1217,1.06176,1.02493,1.03978,1.06176,1.03978]
	lambda_q = [0.538503,0.455678,0.408529,0.455678,0.455678,0.408529,0.417833,0.408529,0.408529,0.417833, 0.51535,0.417833,0.455678,0.408529,0.417833,0.408529]
********************************************************************************************************************
o___o  ----------------------------------------
| L |	Time since last clock: 0h 0m 0s
A===A	Time since the beginning: 0h 30m 37.267s
***********************************************


********************************************************************************************************************
Warm up runs have been completed. Start calculating W = 5 phonon.
open output files: NGSEDIterationObs.txt
********************************************************************************************************************
Start the 0 rounds of NGS-ED iteration
	effective electronic model is modified as: kinetic energy t = 0.83797
	                                           effective interaction Vq = [ -2.6511,-2.43205,-2.27671,-2.43205,-2.43205,-2.27671,-2.30913,-2.27671,-2.27671,-2.30913,-2.59677,-2.30913,-2.43205,-2.27671,-2.30913,-2.27671]
	PARPACK diagonalization completed after 45 matrix-vector product operations.
	iteration results: : total energy is -65.633635 | electron energy -65.682549 + phonon energy 0.048913 | electron momentum kIdx = 0
	Nq(0) = 16,	Nq(1) = 0.318338,	Nq(2) = 0.35256,	Nq(3) = 0.318338,	Nq(4) = 0.318338,	Nq(5) = 0.35256,	Nq(6) = 0.558724,	Nq(7) = 0.35256,	Nq(8) = 0.35256,	Nq(9) = 0.558724,	Nq(10) = 4.5449,	Nq(11) = 0.558724,	Nq(12) = 0.318338,	Nq(13) = 0.35256,	Nq(14) = 0.558724,	Nq(15) = 0.35256,	Sq(0) = -2.30647e-18,	Sq(1) = 0.286367,	Sq(2) = 0.339879,	Sq(3) = 0.286367,	Sq(4) = 0.286367,	Sq(5) = 0.339879,	Sq(6) = 0.517376,	Sq(7) = 0.339879,	Sq(8) = 0.339879,	Sq(9) = 0.517376,	Sq(10) = 0.577249,	Sq(11) = 0.517376,	Sq(12) = 0.286367,	Sq(13) = 0.339879,	Sq(14) = 0.517376,	Sq(15) = 0.339879,	N(0) = 1.99237,	N(1) = 1.97636,	N(2) = 1,	N(3) = 1.97636,	N(4) = 1.97636,	N(5) = 1,	N(6) = 0.0236358,	N(7) = 1,	N(8) = 1,	N(9) = 0.0236358,	N(10) = 0.00763069,	N(11) = 0.0236358,	N(12) = 1.97636,	N(13) = 1,	N(14) = 0.0236358,	N(15) = 1,	Delta[s](0) = 0.41516,	Delta[s](1) = 0.336549,	Delta[s](2) = 0.324766,	Delta[s](3) = 0.336549,	Delta[s](4) = 0.336549,	Delta[s](5) = 0.324766,	Delta[s](6) = 0.277963,	Delta[s](7) = 0.324766,	Delta[s](8) = 0.324766,	Delta[s](9) = 0.277963,	Delta[s](10) = 0.262449,	Delta[s](11) = 0.277963,	Delta[s](12) = 0.336549,	Delta[s](13) = 0.324766,	Delta[s](14) = 0.277963,	Delta[s](15) = 0.324766,	Delta[d](0) = 0.230845,	Delta[d](1) = 0.229056,	Delta[d](2) = 0.229667,	Delta[d](3) = 0.229056,	Delta[d](4) = 0.229056,	Delta[d](5) = 0.146797,	Delta[d](6) = 0.185751,	Delta[d](7) = 0.146797,	Delta[d](8) = 0.229667,	Delta[d](9) = 0.185751,	Delta[d](10) = 0.0627101,	Delta[d](11) = 0.185751,	Delta[d](12) = 0.229056,	Delta[d](13) = 0.146797,	Delta[d](14) = 0.185751,	Delta[d](15) = 0.146797,	Delta[s+](0) = 0.452719,	Delta[s+](1) = 0.355464,	Delta[s+](2) = 0.229667,	Delta[s+](3) = 0.355464,	Delta[s+](4) = 0.355464,	Delta[s+](5) = 0.229667,	Delta[s+](6) = 0.102727,	Delta[s+](7) = 0.229667,	Delta[s+](8) = 0.229667,	Delta[s+](9) = 0.102727,	Delta[s+](10) = 0.0344709,	Delta[s+](11) = 0.102727,	Delta[s+](12) = 0.355464,	Delta[s+](13) = 0.229667,	Delta[s+](14) = 0.102727,	Delta[s+](15) = 0.229667
The 0-th iteration is completed.	|| time cost : 0h 4m 50.68s
********************************************************************************************************************
Start the 1 rounds of NGS-ED iteration
	effective electronic model is modified as: kinetic energy t = 0.815158
	                                           effective interaction Vq = [-2.80835,-2.57601,-2.38086,-2.57601,-2.57601,-2.38086, -2.4212,-2.38086,-2.38086, -2.4212,-2.77316, -2.4212,-2.57601,-2.38086, -2.4212,-2.38086]
	PARPACK diagonalization completed after 30 matrix-vector product operations.
	iteration results: : total energy is -69.021424 | electron energy -69.173391 + phonon energy 0.151967 | electron momentum kIdx = 0
The 1-th iteration is completed.	|| time cost : 0h 0m 27.727s
********************************************************************************************************************
Start the 2 rounds of NGS-ED iteration
	effective electronic model is modified as: kinetic energy t = 0.803893
	                                           effective interaction Vq = [ -2.8662,-2.62926,-2.42595,-2.62926,-2.62926,-2.42595,-2.46622,-2.42595,-2.42595,-2.46622,-2.84507,-2.46622,-2.62926,-2.42595,-2.46622,-2.42595]
	PARPACK diagonalization completed after 30 matrix-vector product operations.
	iteration results: : total energy is -70.261882 | electron energy -70.485420 + phonon energy 0.223539 | electron momentum kIdx = 0
The 2-th iteration is completed.	|| time cost : 0h 0m 27.35s
********************************************************************************************************************
Start the 3 rounds of NGS-ED iteration
	effective electronic model is modified as: kinetic energy t = 0.798781
	                                           effective interaction Vq = [-2.88748,-2.64814,-2.44479,-2.64814,-2.64814,-2.44479,-2.48298,-2.44479,-2.44479,-2.48298,-2.87292,-2.48298,-2.64814,-2.44479,-2.48298,-2.44479]
	PARPACK diagonalization completed after 30 matrix-vector product operations.
	iteration results: : total energy is -70.701329 | electron energy -70.964739 + phonon energy 0.263410 | electron momentum kIdx = 0
The 3-th iteration is completed.	|| time cost : 0h 0m 27.381s
********************************************************************************************************************
Start the 4 rounds of NGS-ED iteration
	effective electronic model is modified as: kinetic energy t = 0.796521
	                                           effective interaction Vq = [-2.89531,-2.65456,-2.45269,-2.65456,-2.65456,-2.45269,-2.48892,-2.45269,-2.45269,-2.48892,-2.88395,-2.48892,-2.65456,-2.45269,-2.48892,-2.45269]
	PARPACK diagonalization completed after 30 matrix-vector product operations.
	iteration results: : total energy is -70.855055 | electron energy -71.139194 + phonon energy 0.284139 | electron momentum kIdx = 0
The 4-th iteration is completed.	|| time cost : 0h 0m 27.433s
********************************************************************************************************************
Start the 5 rounds of NGS-ED iteration
	effective electronic model is modified as: kinetic energy t = 0.795537
	                                           effective interaction Vq = [-2.89819, -2.6565,-2.45601, -2.6565, -2.6565,-2.45601,-2.49082,-2.45601,-2.45601,-2.49082, -2.8886,-2.49082, -2.6565,-2.45601,-2.49082,-2.45601]
	PARPACK diagonalization completed after 30 matrix-vector product operations.
	iteration results: : total energy is -70.908926 | electron energy -71.203524 + phonon energy 0.294598 | electron momentum kIdx = 0
The 5-th iteration is completed.	|| time cost : 0h 0m 27.399s
********************************************************************************************************************
Start the 6 rounds of NGS-ED iteration
	effective electronic model is modified as: kinetic energy t = 0.795123
	                                           effective interaction Vq = [-2.89925,-2.65685,-2.45737,-2.65685,-2.65685,-2.45737,-2.49123,-2.45737,-2.45737,-2.49123, -2.8907,-2.49123,-2.65685,-2.45737,-2.49123,-2.45737]
	PARPACK diagonalization completed after 30 matrix-vector product operations.
	iteration results: : total energy is -70.927957 | electron energy -71.227716 + phonon energy 0.299759 | electron momentum kIdx = 0
The 6-th iteration is completed.	|| time cost : 0h 0m 27.698s
********************************************************************************************************************
Start the 7 rounds of NGS-ED iteration
	effective electronic model is modified as: kinetic energy t = 0.794963
	                                           effective interaction Vq = [-2.89964,-2.65668,-2.45787,-2.65668,-2.65668,-2.45787,-2.49111,-2.45787,-2.45787,-2.49111,-2.89169,-2.49111,-2.65668,-2.45787,-2.49111,-2.45787]
	PARPACK diagonalization completed after 30 matrix-vector product operations.
	iteration results: : total energy is -70.934742 | electron energy -71.236990 + phonon energy 0.302248 | electron momentum kIdx = 0
The 7-th iteration is completed.	|| time cost : 0h 0m 27.733s
********************************************************************************************************************
Start the 8 rounds of NGS-ED iteration
	effective electronic model is modified as: kinetic energy t = 0.794913
	                                           effective interaction Vq = [-2.89978,-2.65639,-2.45801,-2.65639,-2.65639,-2.45801,-2.49084,-2.45801,-2.45801,-2.49084,-2.89218,-2.49084,-2.65639,-2.45801,-2.49084,-2.45801]
	PARPACK diagonalization completed after 30 matrix-vector product operations.
	iteration results: : total energy is -70.937182 | electron energy -71.240597 + phonon energy 0.303415 | electron momentum kIdx = 0
The 8-th iteration is completed.	|| time cost : 0h 0m 27.334s
********************************************************************************************************************
Start the 9 rounds of NGS-ED iteration
	effective electronic model is modified as: kinetic energy t = 0.794907
	                                           effective interaction Vq = [-2.89984,-2.65611,-2.45801,-2.65611,-2.65611,-2.45801,-2.49058,-2.45801,-2.45801,-2.49058,-2.89242,-2.49058,-2.65611,-2.45801,-2.49058,-2.45801]
	PARPACK diagonalization completed after 30 matrix-vector product operations.
	iteration results: : total energy is -70.938065 | electron energy -71.242008 + phonon energy 0.303943 | electron momentum kIdx = 0
The 9-th iteration is completed.	|| time cost : 0h 0m 27.7s
********************************************************************************************************************
Start the 10 rounds of NGS-ED iteration
	effective electronic model is modified as: kinetic energy t = 0.794918
	                                           effective interaction Vq = [-2.89986,-2.65589,-2.45796,-2.65589,-2.65589,-2.45796,-2.49036,-2.45796,-2.45796,-2.49036,-2.89255,-2.49036,-2.65589,-2.45796,-2.49036,-2.45796]
	PARPACK diagonalization completed after 30 matrix-vector product operations.
	iteration results: : total energy is -70.938386 | electron energy -71.242554 + phonon energy 0.304168 | electron momentum kIdx = 0
	Nq(0) = 16,	Nq(1) = 0.257921,	Nq(2) = 0.320659,	Nq(3) = 0.257921,	Nq(4) = 0.257921,	Nq(5) = 0.320659,	Nq(6) = 0.48922,	Nq(7) = 0.320659,	Nq(8) = 0.320659,	Nq(9) = 0.48922,	Nq(10) = 6.14529,	Nq(11) = 0.48922,	Nq(12) = 0.257921,	Nq(13) = 0.320659,	Nq(14) = 0.48922,	Nq(15) = 0.320659,	Sq(0) = -4.10556e-18,	Sq(1) = 0.22501,	Sq(2) = 0.299026,	Sq(3) = 0.22501,	Sq(4) = 0.22501,	Sq(5) = 0.299026,	Sq(6) = 0.434086,	Sq(7) = 0.299026,	Sq(8) = 0.299026,	Sq(9) = 0.434086,	Sq(10) = 0.511655,	Sq(11) = 0.434086,	Sq(12) = 0.22501,	Sq(13) = 0.299026,	Sq(14) = 0.434086,	Sq(15) = 0.299026,	N(0) = 1.97497,	N(1) = 1.9237,	N(2) = 1,	N(3) = 1.9237,	N(4) = 1.9237,	N(5) = 1,	N(6) = 0.0763047,	N(7) = 1,	N(8) = 1,	N(9) = 0.0763047,	N(10) = 0.0250327,	N(11) = 0.0763047,	N(12) = 1.9237,	N(13) = 1,	N(14) = 0.0763047,	N(15) = 1,	Delta[s](0) = 0.431414,	Delta[s](1) = 0.365901,	Delta[s](2) = 0.348834,	Delta[s](3) = 0.365901,	Delta[s](4) = 0.365901,	Delta[s](5) = 0.348834,	Delta[s](6) = 0.312329,	Delta[s](7) = 0.348834,	Delta[s](8) = 0.348834,	Delta[s](9) = 0.312329,	Delta[s](10) = 0.291564,	Delta[s](11) = 0.312329,	Delta[s](12) = 0.365901,	Delta[s](13) = 0.348834,	Delta[s](14) = 0.312329,	Delta[s](15) = 0.348834,	Delta[d](0) = 0.208905,	Delta[d](1) = 0.196938,	Delta[d](2) = 0.208345,	Delta[d](3) = 0.196938,	Delta[d](4) = 0.196938,	Delta[d](5) = 0.134234,	Delta[d](6) = 0.157244,	Delta[d](7) = 0.134234,	Delta[d](8) = 0.208345,	Delta[d](9) = 0.157244,	Delta[d](10) = 0.0594734,	Delta[d](11) = 0.157244,	Delta[d](12) = 0.196938,	Delta[d](13) = 0.134234,	Delta[d](14) = 0.157244,	Delta[d](15) = 0.134234,	Delta[s+](0) = 0.420356,	Delta[s+](1) = 0.324863,	Delta[s+](2) = 0.208345,	Delta[s+](3) = 0.324863,	Delta[s+](4) = 0.324863,	Delta[s+](5) = 0.208345,	Delta[s+](6) = 0.0911851,	Delta[s+](7) = 0.208345,	Delta[s+](8) = 0.208345,	Delta[s+](9) = 0.0911851,	Delta[s+](10) = 0.033558,	Delta[s+](11) = 0.0911851,	Delta[s+](12) = 0.324863,	Delta[s+](13) = 0.208345,	Delta[s+](14) = 0.0911851,	Delta[s+](15) = 0.208345
The 10-th iteration is completed.	|| time cost : 0h 4m 32.303s
********************************************************************************************************************
Start the 11 rounds of NGS-ED iteration
	effective electronic model is modified as: kinetic energy t = 0.794931
	                                           effective interaction Vq = [-2.89986,-2.65573, -2.4579,-2.65573,-2.65573, -2.4579,-2.49019, -2.4579, -2.4579,-2.49019,-2.89261,-2.49019,-2.65573, -2.4579,-2.49019, -2.4579]
	PARPACK diagonalization completed after 30 matrix-vector product operations.
	iteration results: : total energy is -70.938503 | electron energy -71.242757 + phonon energy 0.304254 | electron momentum kIdx = 0
The 11-th iteration is completed.	|| time cost : 0h 0m 27.659s
********************************************************************************************************************
Start the 12 rounds of NGS-ED iteration
	effective electronic model is modified as: kinetic energy t = 0.794944
	                                           effective interaction Vq = [-2.89987,-2.65561,-2.45785,-2.65561,-2.65561,-2.45785,-2.49007,-2.45785,-2.45785,-2.49007,-2.89264,-2.49007,-2.65561,-2.45785,-2.49007,-2.45785]
	PARPACK diagonalization completed after 30 matrix-vector product operations.
	iteration results: : total energy is -70.938546 | electron energy -71.242825 + phonon energy 0.304279 | electron momentum kIdx = 0
The 12-th iteration is completed.	|| time cost : 0h 0m 27.344s
********************************************************************************************************************
Start the 13 rounds of NGS-ED iteration
	effective electronic model is modified as: kinetic energy t = 0.794954
	                                           effective interaction Vq = [-2.89987,-2.65553, -2.4578,-2.65553,-2.65553, -2.4578,-2.48999, -2.4578, -2.4578,-2.48999,-2.89266,-2.48999,-2.65553, -2.4578,-2.48999, -2.4578]
	PARPACK diagonalization completed after 30 matrix-vector product operations.
	iteration results: : total energy is -70.938562 | electron energy -71.242841 + phonon energy 0.304280 | electron momentum kIdx = 0
The 13-th iteration is completed.	|| time cost : 0h 0m 27.663s
********************************************************************************************************************
Start the 14 rounds of NGS-ED iteration
	effective electronic model is modified as: kinetic energy t = 0.794961
	                                           effective interaction Vq = [-2.89987,-2.65547,-2.45777,-2.65547,-2.65547,-2.45777,-2.48993,-2.45777,-2.45777,-2.48993,-2.89267,-2.48993,-2.65547,-2.45777,-2.48993,-2.45777]
	PARPACK diagonalization completed after 30 matrix-vector product operations.
	iteration results: : total energy is -70.938568 | electron energy -71.242840 + phonon energy 0.304272 | electron momentum kIdx = 0
The 14-th iteration is completed.	|| time cost : 0h 0m 27.735s
********************************************************************************************************************
Start the 15 rounds of NGS-ED iteration
	effective electronic model is modified as: kinetic energy t = 0.794967
	                                           effective interaction Vq = [-2.89987,-2.65543,-2.45775,-2.65543,-2.65543,-2.45775,-2.48989,-2.45775,-2.45775,-2.48989,-2.89267,-2.48989,-2.65543,-2.45775,-2.48989,-2.45775]
	PARPACK diagonalization completed after 30 matrix-vector product operations.
	iteration results: : total energy is -70.938570 | electron energy -71.242833 + phonon energy 0.304263 | electron momentum kIdx = 0
The 15-th iteration is completed.	|| time cost : 0h 0m 27.297s
********************************************************************************************************************
Start the 16 rounds of NGS-ED iteration
	effective electronic model is modified as: kinetic energy t = 0.79497
	                                           effective interaction Vq = [-2.89987,-2.65541,-2.45774,-2.65541,-2.65541,-2.45774,-2.48986,-2.45774,-2.45774,-2.48986,-2.89268,-2.48986,-2.65541,-2.45774,-2.48986,-2.45774]
	PARPACK diagonalization completed after 30 matrix-vector product operations.
	iteration results: : total energy is -70.938570 | electron energy -71.242826 + phonon energy 0.304255 | electron momentum kIdx = 0
The 16-th iteration is completed.	|| time cost : 0h 0m 27.381s
********************************************************************************************************************
Start the 17 rounds of NGS-ED iteration
	effective electronic model is modified as: kinetic energy t = 0.794973
	                                           effective interaction Vq = [-2.89987,-2.65539,-2.45773,-2.65539,-2.65539,-2.45773,-2.48984,-2.45773,-2.45773,-2.48984,-2.89268,-2.48984,-2.65539,-2.45773,-2.48984,-2.45773]
	PARPACK diagonalization completed after 30 matrix-vector product operations.
	iteration results: : total energy is -70.938571 | electron energy -71.242820 + phonon energy 0.304249 | electron momentum kIdx = 0
The 17-th iteration is completed.	|| time cost : 0h 0m 27.692s
********************************************************************************************************************
Start the 18 rounds of NGS-ED iteration
	effective electronic model is modified as: kinetic energy t = 0.794975
	                                           effective interaction Vq = [-2.89987,-2.65538,-2.45772,-2.65538,-2.65538,-2.45772,-2.48983,-2.45772,-2.45772,-2.48983,-2.89268,-2.48983,-2.65538,-2.45772,-2.48983,-2.45772]
	PARPACK diagonalization completed after 30 matrix-vector product operations.
	iteration results: : total energy is -70.938571 | electron energy -71.242815 + phonon energy 0.304244 | electron momentum kIdx = 0
The 18-th iteration is completed.	|| time cost : 0h 0m 27.681s
********************************************************************************************************************
Start the 19 rounds of NGS-ED iteration
	effective electronic model is modified as: kinetic energy t = 0.794976
	                                           effective interaction Vq = [-2.89987,-2.65537,-2.45772,-2.65537,-2.65537,-2.45772,-2.48982,-2.45772,-2.45772,-2.48982,-2.89268,-2.48982,-2.65537,-2.45772,-2.48982,-2.45772]
	PARPACK diagonalization completed after 30 matrix-vector product operations.
	iteration results: : total energy is -70.938571 | electron energy -71.242812 + phonon energy 0.304241 | electron momentum kIdx = 0
The 19-th iteration is completed.	|| time cost : 0h 0m 27.756s
********************************************************************************************************************
Start the 20 rounds of NGS-ED iteration
	effective electronic model is modified as: kinetic energy t = 0.794977
	                                           effective interaction Vq = [-2.89987,-2.65537,-2.45771,-2.65537,-2.65537,-2.45771,-2.48981,-2.45771,-2.45771,-2.48981,-2.89268,-2.48981,-2.65537,-2.45771,-2.48981,-2.45771]
	PARPACK diagonalization completed after 30 matrix-vector product operations.
	iteration results: : total energy is -70.938571 | electron energy -71.242810 + phonon energy 0.304239 | electron momentum kIdx = 0
