SNEDics v3.4 Non-Gaussian ED ground state program		Start at Mon Oct  7 03:20:19 2019

parallized on 16 MPI threads  * 8 OpenMP threads = 128 total threads.
********************************************************************************************************************
********************************************************************************************************************

********************************************************************************************************************
System parameters and configurations
********************************************************************************************************************
Special program options are enabled: splitted diagonal Hamiltonian
********************************************************************************************************************
Read input file "model_params.in"
	Hubbard-Holstein model parameters : 	t = 1    U = 8    g = 0.2    W = 0.2    
********************************************************************************************************************
Read input file "hilbertspace_params.in"
	Requested 16-site 2D lattice, with 14 electrons (7, 7)
	Boundary : Periodic		Hilbert space representation : momentum-space (restricted to kIdx = 0)
	Conservation: particle number[U(1)]      spin[U(1)]     momentum
********************************************************************************************************************

Cluster Positions:				Cluster symmetry group : D4
 x ... x ... x ... x .....                       x ... x ... x ... x .....
 |           |           :                       |           |           :
 |           |           :                       |           |           :
12    13    14    15     x                       1     5     6     5     x
 |           |           :                       |           |           :
 |           |           :                       |           |           :
 8 --- 9 ---10 ---11 --- x                       2 --- 6 ---10 --- 6 --- x
 |           |           :                       |           |           :
 |           |           :                       |           |           :
 4     5     6     7     x                       1     5     6     5     x
 |           |           :                       |           |           :
 |           |           :                       |           |           :
 0 --- 1 --- 2 --- 3 --- x                       0 --- 1 --- 2 --- 1 --- x
orbital number : 1
********************************************************************************************************************
Read input file "obs_params.in"
	Observable Type : Nq(All),   Sq(All),   N(All),   Delta[s](All),   Delta[d](All),   Delta[s+](All)
********************************************************************************************************************
** WARNING ** the input observables have non-local factors which have been reinterpreted. The total observable number is 96
********************************************************************************************************************


********************************************************************************************************************
Start calculating the non-Gaussian ED ground state
** WARNING ** Detected low phonon energy W < 10. The initial state will be prepared through a warm-up process.
********************************************************************************************************************
Start warm-up calculation for scaling factor 64
open output files: NGSEDWarmUpW12Obs.txt
********************************************************************************************************************
Start the 0 rounds of NGS-ED iteration
	effective electronic model is modified as: kinetic energy t = 1
	                                           effective interaction Vq = [-0,-0,-0,-0,-0,-0,-0,-0,-0,-0,-0,-0,-0,-0,-0,-0]
	first Hamiltonian is constructed, non-zero numbers = 2178478298
	PARPACK diagonalization completed after 165 matrix-vector product operations.
	iteration results: : total energy is -11.868836 | electron energy -11.868836 + phonon energy 0.000000 | electron momentum kIdx = 0
	Nq(0) = 12.25,	Nq(1) = 0.154193,	Nq(2) = 0.185311,	Nq(3) = 0.154193,	Nq(4) = 0.154193,	Nq(5) = 0.203281,	Nq(6) = 0.235634,	Nq(7) = 0.203281,	Nq(8) = 0.185311,	Nq(9) = 0.235634,	Nq(10) = 0.275446,	Nq(11) = 0.235634,	Nq(12) = 0.154193,	Nq(13) = 0.203281,	Nq(14) = 0.235634,	Nq(15) = 0.203281,	Sq(0) = 3.79533e-20,	Sq(1) = 0.474292,	Sq(2) = 0.766364,	Sq(3) = 0.474292,	Sq(4) = 0.474292,	Sq(5) = 0.630724,	Sq(6) = 1.05279,	Sq(7) = 0.630724,	Sq(8) = 0.766364,	Sq(9) = 1.05279,	Sq(10) = 2.56755,	Sq(11) = 1.05279,	Sq(12) = 0.474292,	Sq(13) = 0.630724,	Sq(14) = 1.05279,	Sq(15) = 0.630724,	N(0) = 1.75464,	N(1) = 1.59086,	N(2) = 0.323321,	N(3) = 1.59086,	N(4) = 1.59086,	N(5) = 0.999881,	N(6) = 0.267546,	N(7) = 0.999881,	N(8) = 0.323321,	N(9) = 0.267546,	N(10) = 0.165565,	N(11) = 0.267546,	N(12) = 1.59086,	N(13) = 0.999881,	N(14) = 0.267546,	N(15) = 0.999881,	Delta[s](0) = 0.0785773,	Delta[s](1) = 0.0588841,	Delta[s](2) = 0.0354816,	Delta[s](3) = 0.0588841,	Delta[s](4) = 0.0588841,	Delta[s](5) = 0.042251,	Delta[s](6) = 0.019836,	Delta[s](7) = 0.042251,	Delta[s](8) = 0.0354816,	Delta[s](9) = 0.019836,	Delta[s](10) = 0.000825264,	Delta[s](11) = 0.019836,	Delta[s](12) = 0.0588841,	Delta[s](13) = 0.042251,	Delta[s](14) = 0.019836,	Delta[s](15) = 0.042251,	Delta[d](0) = 0.276045,	Delta[d](1) = 0.190422,	Delta[d](2) = 0.199997,	Delta[d](3) = 0.190422,	Delta[d](4) = 0.190422,	Delta[d](5) = 0.177083,	Delta[d](6) = 0.132912,	Delta[d](7) = 0.177083,	Delta[d](8) = 0.199997,	Delta[d](9) = 0.132912,	Delta[d](10) = 0.0539174,	Delta[d](11) = 0.132912,	Delta[d](12) = 0.190422,	Delta[d](13) = 0.177083,	Delta[d](14) = 0.132912,	Delta[d](15) = 0.177083,	Delta[s+](0) = 0.559544,	Delta[s+](1) = 0.416719,	Delta[s+](2) = 0.199997,	Delta[s+](3) = 0.416719,	Delta[s+](4) = 0.416719,	Delta[s+](5) = 0.291452,	Delta[s+](6) = 0.12655,	Delta[s+](7) = 0.291452,	Delta[s+](8) = 0.199997,	Delta[s+](9) = 0.12655,	Delta[s+](10) = 0.0386648,	Delta[s+](11) = 0.12655,	Delta[s+](12) = 0.416719,	Delta[s+](13) = 0.291452,	Delta[s+](14) = 0.12655,	Delta[s+](15) = 0.291452
The 0-th iteration is completed.	|| time cost : 0h 6m 33.9s
********************************************************************************************************************
Start the 1 rounds of NGS-ED iteration
	effective electronic model is modified as: kinetic energy t = 0.994755
	                                           effective interaction Vq = [-0.184539, -0.17311, -0.16528, -0.17311, -0.17311,-0.167014,-0.161781,-0.167014, -0.16528,-0.161781,-0.158583,-0.161781, -0.17311,-0.167014,-0.161781,-0.167014]
	PARPACK diagonalization completed after 60 matrix-vector product operations.
	iteration results: : total energy is -14.545691 | electron energy -14.545711 + phonon energy 0.000020 | electron momentum kIdx = 0
The 1-th iteration is completed.	|| time cost : 0h 5m 39.636s
********************************************************************************************************************
Start the 2 rounds of NGS-ED iteration
	effective electronic model is modified as: kinetic energy t = 0.992947
	                                           effective interaction Vq = [-0.198805,-0.188361,-0.179109,-0.188361,-0.188361, -0.18129,-0.174831, -0.18129,-0.179109,-0.174831,-0.170824,-0.174831,-0.188361, -0.18129,-0.174831, -0.18129]
	PARPACK diagonalization completed after 45 matrix-vector product operations.
	iteration results: : total energy is -14.732060 | electron energy -14.732130 + phonon energy 0.000070 | electron momentum kIdx = 0
The 2-th iteration is completed.	|| time cost : 0h 0m 24.302s
********************************************************************************************************************
Start the 3 rounds of NGS-ED iteration
	effective electronic model is modified as: kinetic energy t = 0.992627
	                                           effective interaction Vq = [-0.199908, -0.19064,-0.181002, -0.19064, -0.19064,-0.183301,-0.176512,-0.183301,-0.181002,-0.176512,-0.172303,-0.176512, -0.19064,-0.183301,-0.176512,-0.183301]
	PARPACK diagonalization completed after 45 matrix-vector product operations.
	iteration results: : total energy is -14.745912 | electron energy -14.746000 + phonon energy 0.000088 | electron momentum kIdx = 0
The 3-th iteration is completed.	|| time cost : 0h 0m 24.309s
********************************************************************************************************************
Start the 4 rounds of NGS-ED iteration
	effective electronic model is modified as: kinetic energy t = 0.992573
	                                           effective interaction Vq = [-0.199993,-0.191063,-0.181297,-0.191063,-0.191063,-0.183629,-0.176753,-0.183629,-0.181297,-0.176753,-0.172499,-0.176753,-0.191063,-0.183629,-0.176753,-0.183629]
	PARPACK diagonalization completed after 30 matrix-vector product operations.
	iteration results: : total energy is -14.746967 | electron energy -14.747058 + phonon energy 0.000091 | electron momentum kIdx = 0
The 4-th iteration is completed.	|| time cost : 0h 0m 20.666s
********************************************************************************************************************
Start the 5 rounds of NGS-ED iteration
	effective electronic model is modified as: kinetic energy t = 0.992564
	                                           effective interaction Vq = [-0.199999,-0.191146,-0.181344,-0.191146,-0.191146,-0.183684,-0.176788,-0.183684,-0.181344,-0.176788,-0.172525,-0.176788,-0.191146,-0.183684,-0.176788,-0.183684]
	PARPACK diagonalization completed after 30 matrix-vector product operations.
	iteration results: : total energy is -14.747048 | electron energy -14.747140 + phonon energy 0.000092 | electron momentum kIdx = 0
	Nq(0) = 12.25,	Nq(1) = 0.156888,	Nq(2) = 0.18986,	Nq(3) = 0.156888,	Nq(4) = 0.156888,	Nq(5) = 0.208813,	Nq(6) = 0.242209,	Nq(7) = 0.208813,	Nq(8) = 0.18986,	Nq(9) = 0.242209,	Nq(10) = 0.283223,	Nq(11) = 0.242209,	Nq(12) = 0.156888,	Nq(13) = 0.208813,	Nq(14) = 0.242209,	Nq(15) = 0.208813,	Sq(0) = 1.78599e-18,	Sq(1) = 0.474569,	Sq(2) = 0.761194,	Sq(3) = 0.474569,	Sq(4) = 0.474569,	Sq(5) = 0.627762,	Sq(6) = 1.04075,	Sq(7) = 0.627762,	Sq(8) = 0.761194,	Sq(9) = 1.04075,	Sq(10) = 2.56072,	Sq(11) = 1.04075,	Sq(12) = 0.474569,	Sq(13) = 0.627762,	Sq(14) = 1.04075,	Sq(15) = 0.627762,	N(0) = 1.76709,	N(1) = 1.60769,	N(2) = 0.307836,	N(3) = 1.60769,	N(4) = 1.60769,	N(5) = 0.999788,	N(6) = 0.257575,	N(7) = 0.999788,	N(8) = 0.307836,	N(9) = 0.257575,	N(10) = 0.157005,	N(11) = 0.257575,	N(12) = 1.60769,	N(13) = 0.999788,	N(14) = 0.257575,	N(15) = 0.999788,	Delta[s](0) = 0.0825621,	Delta[s](1) = 0.0620628,	Delta[s](2) = 0.0376546,	Delta[s](3) = 0.0620628,	Delta[s](4) = 0.0620628,	Delta[s](5) = 0.0448652,	Delta[s](6) = 0.0213678,	Delta[s](7) = 0.0448652,	Delta[s](8) = 0.0376546,	Delta[s](9) = 0.0213678,	Delta[s](10) = 0.00123715,	Delta[s](11) = 0.0213678,	Delta[s](12) = 0.0620628,	Delta[s](13) = 0.0448652,	Delta[s](14) = 0.0213678,	Delta[s](15) = 0.0448652,	Delta[d](0) = 0.274047,	Delta[d](1) = 0.187909,	Delta[d](2) = 0.198749,	Delta[d](3) = 0.187909,	Delta[d](4) = 0.187909,	Delta[d](5) = 0.175496,	Delta[d](6) = 0.131363,	Delta[d](7) = 0.175496,	Delta[d](8) = 0.198749,	Delta[d](9) = 0.131363,	Delta[d](10) = 0.0522932,	Delta[d](11) = 0.131363,	Delta[d](12) = 0.187909,	Delta[d](13) = 0.175496,	Delta[d](14) = 0.131363,	Delta[d](15) = 0.175496,	Delta[s+](0) = 0.562225,	Delta[s+](1) = 0.41849,	Delta[s+](2) = 0.198749,	Delta[s+](3) = 0.41849,	Delta[s+](4) = 0.41849,	Delta[s+](5) = 0.292123,	Delta[s+](6) = 0.125398,	Delta[s+](7) = 0.292123,	Delta[s+](8) = 0.198749,	Delta[s+](9) = 0.125398,	Delta[s+](10) = 0.0375829,	Delta[s+](11) = 0.125398,	Delta[s+](12) = 0.41849,	Delta[s+](13) = 0.292123,	Delta[s+](14) = 0.125398,	Delta[s+](15) = 0.292123
The 5-th iteration is completed.	|| time cost : 0h 3m 29.868s
********************************************************************************************************************
********************************************************************************************************************
Ground state is obtained after 6 iterations. The current ground-state energy is -14.747, in which electron energy is -14.7471 and phonon energy is 9.17989e-05
final variational state is: 
	Gamma_x = [      1,1.00081,1.00126,1.00081,1.00081,1.00133, 1.0017,1.00133,1.00126, 1.0017,1.00207, 1.0017,1.00081,1.00133, 1.0017,1.00133]
	lambda_q = [ 0.124942,0.0987233,0.0868306,0.0987233,0.0987233, 0.089307,  0.08242, 0.089307,0.0868306,  0.08242,0.0786729,  0.08242,0.0987233, 0.089307,  0.08242, 0.089307]
********************************************************************************************************************
o___o  ----------------------------------------
| L |	Time since last clock: 0h 0m 0s
A===A	Time since the beginning: 0h 16m 52.684s
***********************************************

********************************************************************************************************************
Start warm-up calculation for scaling factor 32
open output files: NGSEDWarmUpW6Obs.txt
********************************************************************************************************************
Start the 0 rounds of NGS-ED iteration
	effective electronic model is modified as: kinetic energy t = 0.992563
	                                           effective interaction Vq = [-0.182804,-0.161009,-0.148222,-0.161009,-0.161009,-0.151034, -0.14302,-0.151034,-0.148222, -0.14302,-0.138404, -0.14302,-0.161009,-0.151034, -0.14302,-0.151034]
	PARPACK diagonalization completed after 60 matrix-vector product operations.
	iteration results: : total energy is -14.435570 | electron energy -14.435616 + phonon energy 0.000046 | electron momentum kIdx = 0
	Nq(0) = 12.25,	Nq(1) = 0.156344,	Nq(2) = 0.188833,	Nq(3) = 0.156344,	Nq(4) = 0.156344,	Nq(5) = 0.20757,	Nq(6) = 0.240697,	Nq(7) = 0.20757,	Nq(8) = 0.188833,	Nq(9) = 0.240697,	Nq(10) = 0.281422,	Nq(11) = 0.240697,	Nq(12) = 0.156344,	Nq(13) = 0.20757,	Nq(14) = 0.240697,	Nq(15) = 0.20757,	Sq(0) = -1.85719e-18,	Sq(1) = 0.474451,	Sq(2) = 0.762334,	Sq(3) = 0.474451,	Sq(4) = 0.474451,	Sq(5) = 0.62839,	Sq(6) = 1.04349,	Sq(7) = 0.62839,	Sq(8) = 0.762334,	Sq(9) = 1.04349,	Sq(10) = 2.56248,	Sq(11) = 1.04349,	Sq(12) = 0.474451,	Sq(13) = 0.62839,	Sq(14) = 1.04349,	Sq(15) = 0.62839,	N(0) = 1.76436,	N(1) = 1.60399,	N(2) = 0.31122,	N(3) = 1.60399,	N(4) = 1.60399,	N(5) = 0.999792,	N(6) = 0.259787,	N(7) = 0.999792,	N(8) = 0.31122,	N(9) = 0.259787,	N(10) = 0.15892,	N(11) = 0.259787,	N(12) = 1.60399,	N(13) = 0.999792,	N(14) = 0.259787,	N(15) = 0.999792,	Delta[s](0) = 0.0814516,	Delta[s](1) = 0.0612439,	Delta[s](2) = 0.0371952,	Delta[s](3) = 0.0612439,	Delta[s](4) = 0.0612439,	Delta[s](5) = 0.0442604,	Delta[s](6) = 0.0211349,	Delta[s](7) = 0.0442604,	Delta[s](8) = 0.0371952,	Delta[s](9) = 0.0211349,	Delta[s](10) = 0.00136614,	Delta[s](11) = 0.0211349,	Delta[s](12) = 0.0612439,	Delta[s](13) = 0.0442604,	Delta[s](14) = 0.0211349,	Delta[s](15) = 0.0442604,	Delta[d](0) = 0.275235,	Delta[d](1) = 0.189227,	Delta[d](2) = 0.199692,	Delta[d](3) = 0.189227,	Delta[d](4) = 0.189227,	Delta[d](5) = 0.176518,	Delta[d](6) = 0.132239,	Delta[d](7) = 0.176518,	Delta[d](8) = 0.199692,	Delta[d](9) = 0.132239,	Delta[d](10) = 0.0529837,	Delta[d](11) = 0.132239,	Delta[d](12) = 0.189227,	Delta[d](13) = 0.176518,	Delta[d](14) = 0.132239,	Delta[d](15) = 0.176518,	Delta[s+](0) = 0.56297,	Delta[s+](1) = 0.419121,	Delta[s+](2) = 0.199692,	Delta[s+](3) = 0.419121,	Delta[s+](4) = 0.419121,	Delta[s+](5) = 0.292764,	Delta[s+](6) = 0.126155,	Delta[s+](7) = 0.292764,	Delta[s+](8) = 0.199692,	Delta[s+](9) = 0.126155,	Delta[s+](10) = 0.0380978,	Delta[s+](11) = 0.126155,	Delta[s+](12) = 0.419121,	Delta[s+](13) = 0.292764,	Delta[s+](14) = 0.126155,	Delta[s+](15) = 0.292764
The 0-th iteration is completed.	|| time cost : 0h 3m 28.745s
********************************************************************************************************************
Start the 1 rounds of NGS-ED iteration
	effective electronic model is modified as: kinetic energy t = 0.991671
	                                           effective interaction Vq = [-0.195219,-0.170748,-0.153889,-0.170748,-0.170748,-0.157625,  -0.1469,-0.157625,-0.153889,  -0.1469,-0.140715,  -0.1469,-0.170748,-0.157625,  -0.1469,-0.157625]
	PARPACK diagonalization completed after 45 matrix-vector product operations.
	iteration results: : total energy is -14.590324 | electron energy -14.590477 + phonon energy 0.000153 | electron momentum kIdx = 0
The 1-th iteration is completed.	|| time cost : 0h 0m 24.289s
********************************************************************************************************************
Start the 2 rounds of NGS-ED iteration
	effective electronic model is modified as: kinetic energy t = 0.991368
	                                           effective interaction Vq = [-0.198671,-0.174066,-0.155562,-0.174066,-0.174066,-0.159645,-0.147974,-0.159645,-0.155562,-0.147974,-0.141328,-0.147974,-0.174066,-0.159645,-0.147974,-0.159645]
	PARPACK diagonalization completed after 45 matrix-vector product operations.
	iteration results: : total energy is -14.632936 | electron energy -14.633146 + phonon energy 0.000209 | electron momentum kIdx = 0
The 2-th iteration is completed.	|| time cost : 0h 0m 24.254s
********************************************************************************************************************
Start the 3 rounds of NGS-ED iteration
	effective electronic model is modified as: kinetic energy t = 0.991266
	                                           effective interaction Vq = [ -0.19963,-0.175269,-0.156071,-0.175269,-0.175269,-0.160286,-0.148278,-0.160286,-0.156071,-0.148278,-0.141494,-0.148278,-0.175269,-0.160286,-0.148278,-0.160286]
	PARPACK diagonalization completed after 45 matrix-vector product operations.
	iteration results: : total energy is -14.644735 | electron energy -14.644967 + phonon energy 0.000233 | electron momentum kIdx = 0
The 3-th iteration is completed.	|| time cost : 0h 0m 24.357s
********************************************************************************************************************
Start the 4 rounds of NGS-ED iteration
	effective electronic model is modified as: kinetic energy t = 0.991232
	                                           effective interaction Vq = [-0.199897,-0.175717,-0.156227,-0.175717,-0.175717,-0.160492,-0.148365,-0.160492,-0.156227,-0.148365, -0.14154,-0.148365,-0.175717,-0.160492,-0.148365,-0.160492]
	PARPACK diagonalization completed after 30 matrix-vector product operations.
	iteration results: : total energy is -14.648009 | electron energy -14.648250 + phonon energy 0.000241 | electron momentum kIdx = 0
The 4-th iteration is completed.	|| time cost : 0h 0m 20.671s
********************************************************************************************************************
Start the 5 rounds of NGS-ED iteration
	effective electronic model is modified as: kinetic energy t = 0.99122
	                                           effective interaction Vq = [-0.199971,-0.175885,-0.156275,-0.175885,-0.175885,-0.160558, -0.14839,-0.160558,-0.156275, -0.14839,-0.141553, -0.14839,-0.175885,-0.160558, -0.14839,-0.160558]
	PARPACK diagonalization completed after 30 matrix-vector product operations.
	iteration results: : total energy is -14.648919 | electron energy -14.649163 + phonon energy 0.000244 | electron momentum kIdx = 0
The 5-th iteration is completed.	|| time cost : 0h 0m 20.685s
********************************************************************************************************************
Start the 6 rounds of NGS-ED iteration
	effective electronic model is modified as: kinetic energy t = 0.991216
	                                           effective interaction Vq = [-0.199992,-0.175949, -0.15629,-0.175949,-0.175949, -0.16058,-0.148397, -0.16058, -0.15629,-0.148397,-0.141557,-0.148397,-0.175949, -0.16058,-0.148397, -0.16058]
	PARPACK diagonalization completed after 30 matrix-vector product operations.
	iteration results: : total energy is -14.649171 | electron energy -14.649417 + phonon energy 0.000245 | electron momentum kIdx = 0
The 6-th iteration is completed.	|| time cost : 0h 0m 20.958s
********************************************************************************************************************
Start the 7 rounds of NGS-ED iteration
	effective electronic model is modified as: kinetic energy t = 0.991215
	                                           effective interaction Vq = [-0.199998,-0.175973,-0.156295,-0.175973,-0.175973,-0.160587,  -0.1484,-0.160587,-0.156295,  -0.1484,-0.141558,  -0.1484,-0.175973,-0.160587,  -0.1484,-0.160587]
	PARPACK diagonalization completed after 30 matrix-vector product operations.
	iteration results: : total energy is -14.649242 | electron energy -14.649487 + phonon energy 0.000246 | electron momentum kIdx = 0
	Nq(0) = 12.25,	Nq(1) = 0.15648,	Nq(2) = 0.188909,	Nq(3) = 0.15648,	Nq(4) = 0.15648,	Nq(5) = 0.207675,	Nq(6) = 0.240761,	Nq(7) = 0.207675,	Nq(8) = 0.188909,	Nq(9) = 0.240761,	Nq(10) = 0.281464,	Nq(11) = 0.240761,	Nq(12) = 0.15648,	Nq(13) = 0.207675,	Nq(14) = 0.240761,	Nq(15) = 0.207675,	Sq(0) = 6.15604e-18,	Sq(1) = 0.474367,	Sq(2) = 0.762226,	Sq(3) = 0.474367,	Sq(4) = 0.474367,	Sq(5) = 0.628321,	Sq(6) = 1.04336,	Sq(7) = 0.628321,	Sq(8) = 0.762226,	Sq(9) = 1.04336,	Sq(10) = 2.56239,	Sq(11) = 1.04336,	Sq(12) = 0.474367,	Sq(13) = 0.628321,	Sq(14) = 1.04336,	Sq(15) = 0.628321,	N(0) = 1.76458,	N(1) = 1.60433,	N(2) = 0.310907,	N(3) = 1.60433,	N(4) = 1.60433,	N(5) = 0.999765,	N(6) = 0.259602,	N(7) = 0.999765,	N(8) = 0.310907,	N(9) = 0.259602,	N(10) = 0.158816,	N(11) = 0.259602,	N(12) = 1.60433,	N(13) = 0.999765,	N(14) = 0.259602,	N(15) = 0.999765,	Delta[s](0) = 0.081459,	Delta[s](1) = 0.0612707,	Delta[s](2) = 0.0372424,	Delta[s](3) = 0.0612707,	Delta[s](4) = 0.0612707,	Delta[s](5) = 0.0443042,	Delta[s](6) = 0.0211972,	Delta[s](7) = 0.0443042,	Delta[s](8) = 0.0372424,	Delta[s](9) = 0.0211972,	Delta[s](10) = 0.00144189,	Delta[s](11) = 0.0211972,	Delta[s](12) = 0.0612707,	Delta[s](13) = 0.0443042,	Delta[s](14) = 0.0211972,	Delta[s](15) = 0.0443042,	Delta[d](0) = 0.276078,	Delta[d](1) = 0.18979,	Delta[d](2) = 0.20025,	Delta[d](3) = 0.18979,	Delta[d](4) = 0.18979,	Delta[d](5) = 0.177031,	Delta[d](6) = 0.13262,	Delta[d](7) = 0.177031,	Delta[d](8) = 0.20025,	Delta[d](9) = 0.13262,	Delta[d](10) = 0.0531688,	Delta[d](11) = 0.13262,	Delta[d](12) = 0.18979,	Delta[d](13) = 0.177031,	Delta[d](14) = 0.13262,	Delta[d](15) = 0.177031,	Delta[s+](0) = 0.564487,	Delta[s+](1) = 0.42025,	Delta[s+](2) = 0.20025,	Delta[s+](3) = 0.42025,	Delta[s+](4) = 0.42025,	Delta[s+](5) = 0.293557,	Delta[s+](6) = 0.126521,	Delta[s+](7) = 0.293557,	Delta[s+](8) = 0.20025,	Delta[s+](9) = 0.126521,	Delta[s+](10) = 0.0382366,	Delta[s+](11) = 0.126521,	Delta[s+](12) = 0.42025,	Delta[s+](13) = 0.293557,	Delta[s+](14) = 0.126521,	Delta[s+](15) = 0.293557
The 7-th iteration is completed.	|| time cost : 0h 3m 20.315s
********************************************************************************************************************
********************************************************************************************************************
Ground state is obtained after 8 iterations. The current ground-state energy is -14.6492, in which electron energy is -14.6495 and phonon energy is 0.000245603
final variational state is: 
	Gamma_x = [      1,1.00222,1.00294,1.00222,1.00222,1.00321,1.00377,1.00321,1.00294,1.00377,1.00438,1.00377,1.00222,1.00321,1.00377,1.00321]
	lambda_q = [ 0.176467, 0.115516,0.0941408, 0.115516, 0.115516, 0.098304,0.0869854, 0.098304,0.0941408,0.0869854,0.0812174,0.0869854, 0.115516, 0.098304,0.0869854, 0.098304]
********************************************************************************************************************
o___o  ----------------------------------------
| L |	Time since last clock: 0h 0m 0s
A===A	Time since the beginning: 0h 25m 56.962s
***********************************************

********************************************************************************************************************
Start warm-up calculation for scaling factor 16
open output files: NGSEDWarmUpW3Obs.txt
********************************************************************************************************************
Start the 0 rounds of NGS-ED iteration
	effective electronic model is modified as: kinetic energy t = 0.991214
	                                           effective interaction Vq = [-0.182697,-0.142125,-0.122265,-0.142125,-0.142125,-0.126363,-0.114964,-0.126363,-0.122265,-0.114964, -0.10884,-0.114964,-0.142125,-0.126363,-0.114964,-0.126363]
	PARPACK diagonalization completed after 60 matrix-vector product operations.
	iteration results: : total energy is -14.333834 | electron energy -14.333957 + phonon energy 0.000123 | electron momentum kIdx = 0
	Nq(0) = 12.25,	Nq(1) = 0.155895,	Nq(2) = 0.187872,	Nq(3) = 0.155895,	Nq(4) = 0.155895,	Nq(5) = 0.206416,	Nq(6) = 0.239258,	Nq(7) = 0.206416,	Nq(8) = 0.187872,	Nq(9) = 0.239258,	Nq(10) = 0.27969,	Nq(11) = 0.239258,	Nq(12) = 0.155895,	Nq(13) = 0.206416,	Nq(14) = 0.239258,	Nq(15) = 0.206416,	Sq(0) = 3.01283e-18,	Sq(1) = 0.474278,	Sq(2) = 0.763387,	Sq(3) = 0.474278,	Sq(4) = 0.474278,	Sq(5) = 0.628974,	Sq(6) = 1.04612,	Sq(7) = 0.628974,	Sq(8) = 0.763387,	Sq(9) = 1.04612,	Sq(10) = 2.56404,	Sq(11) = 1.04612,	Sq(12) = 0.474278,	Sq(13) = 0.628974,	Sq(14) = 1.04612,	Sq(15) = 0.628974,	N(0) = 1.76179,	N(1) = 1.60055,	N(2) = 0.314385,	N(3) = 1.60055,	N(4) = 1.60055,	N(5) = 0.999777,	N(6) = 0.261849,	N(7) = 0.999777,	N(8) = 0.314385,	N(9) = 0.261849,	N(10) = 0.160751,	N(11) = 0.261849,	N(12) = 1.60055,	N(13) = 0.999777,	N(14) = 0.261849,	N(15) = 0.999777,	Delta[s](0) = 0.0805367,	Delta[s](1) = 0.0605413,	Delta[s](2) = 0.036756,	Delta[s](3) = 0.0605413,	Delta[s](4) = 0.0605413,	Delta[s](5) = 0.0437074,	Delta[s](6) = 0.0208603,	Delta[s](7) = 0.0437074,	Delta[s](8) = 0.036756,	Delta[s](9) = 0.0208603,	Delta[s](10) = 0.00136888,	Delta[s](11) = 0.0208603,	Delta[s](12) = 0.0605413,	Delta[s](13) = 0.0437074,	Delta[s](14) = 0.0208603,	Delta[s](15) = 0.0437074,	Delta[d](0) = 0.277388,	Delta[d](1) = 0.191034,	Delta[d](2) = 0.201194,	Delta[d](3) = 0.191034,	Delta[d](4) = 0.191034,	Delta[d](5) = 0.177998,	Delta[d](6) = 0.133433,	Delta[d](7) = 0.177998,	Delta[d](8) = 0.201194,	Delta[d](9) = 0.133433,	Delta[d](10) = 0.0537436,	Delta[d](11) = 0.133433,	Delta[d](12) = 0.191034,	Delta[d](13) = 0.177998,	Delta[d](14) = 0.133433,	Delta[d](15) = 0.177998,	Delta[s+](0) = 0.565625,	Delta[s+](1) = 0.421154,	Delta[s+](2) = 0.201194,	Delta[s+](3) = 0.421154,	Delta[s+](4) = 0.421154,	Delta[s+](5) = 0.29433,	Delta[s+](6) = 0.127216,	Delta[s+](7) = 0.29433,	Delta[s+](8) = 0.201194,	Delta[s+](9) = 0.127216,	Delta[s+](10) = 0.0386392,	Delta[s+](11) = 0.127216,	Delta[s+](12) = 0.421154,	Delta[s+](13) = 0.29433,	Delta[s+](14) = 0.127216,	Delta[s+](15) = 0.29433
The 0-th iteration is completed.	|| time cost : 0h 3m 25.276s
********************************************************************************************************************
Start the 1 rounds of NGS-ED iteration
	effective electronic model is modified as: kinetic energy t = 0.991553
	                                           effective interaction Vq = [-0.190876,-0.144536,-0.120217,-0.144536,-0.144536,-0.125199,-0.111334,-0.125199,-0.120217,-0.111334, -0.10397,-0.111334,-0.144536,-0.125199,-0.111334,-0.125199]
	PARPACK diagonalization completed after 45 matrix-vector product operations.
	iteration results: : total energy is -14.434635 | electron energy -14.434890 + phonon energy 0.000255 | electron momentum kIdx = 0
The 1-th iteration is completed.	|| time cost : 0h 0m 24.309s
********************************************************************************************************************
Start the 2 rounds of NGS-ED iteration
	effective electronic model is modified as: kinetic energy t = 0.991662
	                                           effective interaction Vq = [-0.195189,-0.145787,-0.119385,-0.145787,-0.145787,-0.124717,-0.109982,-0.124717,-0.119385,-0.109982,-0.102309,-0.109982,-0.145787,-0.124717,-0.109982,-0.124717]
	PARPACK diagonalization completed after 45 matrix-vector product operations.
	iteration results: : total energy is -14.487569 | electron energy -14.487903 + phonon energy 0.000334 | electron momentum kIdx = 0
The 2-th iteration is completed.	|| time cost : 0h 0m 24.34s
********************************************************************************************************************
Start the 3 rounds of NGS-ED iteration
	effective electronic model is modified as: kinetic energy t = 0.991696
	                                           effective interaction Vq = [-0.197463,-0.146442,-0.119052,-0.146442,-0.146442, -0.12452,-0.109487, -0.12452,-0.119052,-0.109487,-0.101752,-0.109487,-0.146442, -0.12452,-0.109487, -0.12452]
	PARPACK diagonalization completed after 45 matrix-vector product operations.
	iteration results: : total energy is -14.515447 | electron energy -14.515823 + phonon energy 0.000376 | electron momentum kIdx = 0
The 3-th iteration is completed.	|| time cost : 0h 0m 24.611s
********************************************************************************************************************
Start the 4 rounds of NGS-ED iteration
	effective electronic model is modified as: kinetic energy t = 0.991704
	                                           effective interaction Vq = [-0.198662,-0.146787, -0.11892,-0.146787,-0.146787,-0.124442,-0.109307,-0.124442, -0.11892,-0.109307,-0.101568,-0.109307,-0.146787,-0.124442,-0.109307,-0.124442]
	PARPACK diagonalization completed after 45 matrix-vector product operations.
	iteration results: : total energy is -14.530141 | electron energy -14.530539 + phonon energy 0.000398 | electron momentum kIdx = 0
The 4-th iteration is completed.	|| time cost : 0h 0m 24.584s
********************************************************************************************************************
Start the 5 rounds of NGS-ED iteration
	effective electronic model is modified as: kinetic energy t = 0.991706
	                                           effective interaction Vq = [-0.199295, -0.14697,-0.118868, -0.14697, -0.14697,-0.124411,-0.109242,-0.124411,-0.118868,-0.109242,-0.101508,-0.109242, -0.14697,-0.124411,-0.109242,-0.124411]
	PARPACK diagonalization completed after 30 matrix-vector product operations.
	iteration results: : total energy is -14.537887 | electron energy -14.538297 + phonon energy 0.000410 | electron momentum kIdx = 0
The 5-th iteration is completed.	|| time cost : 0h 0m 21.025s
********************************************************************************************************************
Start the 6 rounds of NGS-ED iteration
	effective electronic model is modified as: kinetic energy t = 0.991705
	                                           effective interaction Vq = [-0.199628,-0.147067,-0.118848,-0.147067,-0.147067,  -0.1244, -0.10922,  -0.1244,-0.118848, -0.10922,-0.101488, -0.10922,-0.147067,  -0.1244, -0.10922,  -0.1244]
	PARPACK diagonalization completed after 30 matrix-vector product operations.
	iteration results: : total energy is -14.541972 | electron energy -14.542388 + phonon energy 0.000416 | electron momentum kIdx = 0
The 6-th iteration is completed.	|| time cost : 0h 0m 20.674s
********************************************************************************************************************
Start the 7 rounds of NGS-ED iteration
	effective electronic model is modified as: kinetic energy t = 0.991704
	                                           effective interaction Vq = [-0.199804,-0.147118,-0.118841,-0.147118,-0.147118,-0.124396,-0.109212,-0.124396,-0.118841,-0.109212,-0.101483,-0.109212,-0.147118,-0.124396,-0.109212,-0.124396]
	PARPACK diagonalization completed after 30 matrix-vector product operations.
	iteration results: : total energy is -14.544125 | electron energy -14.544545 + phonon energy 0.000420 | electron momentum kIdx = 0
The 7-th iteration is completed.	|| time cost : 0h 0m 20.725s
********************************************************************************************************************
Start the 8 rounds of NGS-ED iteration
	effective electronic model is modified as: kinetic energy t = 0.991704
	                                           effective interaction Vq = [-0.199897,-0.147146,-0.118838,-0.147146,-0.147146,-0.124395,-0.109209,-0.124395,-0.118838,-0.109209,-0.101481,-0.109209,-0.147146,-0.124395,-0.109209,-0.124395]
	PARPACK diagonalization completed after 30 matrix-vector product operations.
	iteration results: : total energy is -14.545261 | electron energy -14.545682 + phonon energy 0.000421 | electron momentum kIdx = 0
The 8-th iteration is completed.	|| time cost : 0h 0m 20.645s
********************************************************************************************************************
Start the 9 rounds of NGS-ED iteration
	effective electronic model is modified as: kinetic energy t = 0.991703
	                                           effective interaction Vq = [-0.199945, -0.14716,-0.118837, -0.14716, -0.14716,-0.124395,-0.109209,-0.124395,-0.118837,-0.109209, -0.10148,-0.109209, -0.14716,-0.124395,-0.109209,-0.124395]
	PARPACK diagonalization completed after 30 matrix-vector product operations.
	iteration results: : total energy is -14.545860 | electron energy -14.546282 + phonon energy 0.000422 | electron momentum kIdx = 0
The 9-th iteration is completed.	|| time cost : 0h 0m 20.742s
********************************************************************************************************************
Start the 10 rounds of NGS-ED iteration
	effective electronic model is modified as: kinetic energy t = 0.991703
	                                           effective interaction Vq = [-0.199971,-0.147168,-0.118837,-0.147168,-0.147168,-0.124395,-0.109208,-0.124395,-0.118837,-0.109208, -0.10148,-0.109208,-0.147168,-0.124395,-0.109208,-0.124395]
	PARPACK diagonalization completed after 30 matrix-vector product operations.
	iteration results: : total energy is -14.546175 | electron energy -14.546598 + phonon energy 0.000423 | electron momentum kIdx = 0
The 10-th iteration is completed.	|| time cost : 0h 0m 20.729s
********************************************************************************************************************
Start the 11 rounds of NGS-ED iteration
	effective electronic model is modified as: kinetic energy t = 0.991703
	                                           effective interaction Vq = [-0.199985,-0.147172,-0.118837,-0.147172,-0.147172,-0.124395,-0.109208,-0.124395,-0.118837,-0.109208, -0.10148,-0.109208,-0.147172,-0.124395,-0.109208,-0.124395]
	PARPACK diagonalization completed after 30 matrix-vector product operations.
	iteration results: : total energy is -14.546342 | electron energy -14.546765 + phonon energy 0.000423 | electron momentum kIdx = 0
	Nq(0) = 12.25,	Nq(1) = 0.155978,	Nq(2) = 0.18782,	Nq(3) = 0.155978,	Nq(4) = 0.155978,	Nq(5) = 0.206363,	Nq(6) = 0.239144,	Nq(7) = 0.206363,	Nq(8) = 0.18782,	Nq(9) = 0.239144,	Nq(10) = 0.279536,	Nq(11) = 0.239144,	Nq(12) = 0.155978,	Nq(13) = 0.206363,	Nq(14) = 0.239144,	Nq(15) = 0.206363,	Sq(0) = 3.76308e-18,	Sq(1) = 0.474167,	Sq(2) = 0.763413,	Sq(3) = 0.474167,	Sq(4) = 0.474167,	Sq(5) = 0.628976,	Sq(6) = 1.04634,	Sq(7) = 0.628976,	Sq(8) = 0.763413,	Sq(9) = 1.04634,	Sq(10) = 2.56412,	Sq(11) = 1.04634,	Sq(12) = 0.474167,	Sq(13) = 0.628976,	Sq(14) = 1.04634,	Sq(15) = 0.628976,	N(0) = 1.76168,	N(1) = 1.60045,	N(2) = 0.314495,	N(3) = 1.60045,	N(4) = 1.60045,	N(5) = 0.999744,	N(6) = 0.261922,	N(7) = 0.999744,	N(8) = 0.314495,	N(9) = 0.261922,	N(10) = 0.160879,	N(11) = 0.261922,	N(12) = 1.60045,	N(13) = 0.999744,	N(14) = 0.261922,	N(15) = 0.999744,	Delta[s](0) = 0.080528,	Delta[s](1) = 0.0605284,	Delta[s](2) = 0.0367353,	Delta[s](3) = 0.0605284,	Delta[s](4) = 0.0605284,	Delta[s](5) = 0.0436888,	Delta[s](6) = 0.0208365,	Delta[s](7) = 0.0436888,	Delta[s](8) = 0.0367353,	Delta[s](9) = 0.0208365,	Delta[s](10) = 0.00134433,	Delta[s](11) = 0.0208365,	Delta[s](12) = 0.0605284,	Delta[s](13) = 0.0436888,	Delta[s](14) = 0.0208365,	Delta[s](15) = 0.0436888,	Delta[d](0) = 0.279413,	Delta[d](1) = 0.192322,	Delta[d](2) = 0.202508,	Delta[d](3) = 0.192322,	Delta[d](4) = 0.192322,	Delta[d](5) = 0.179168,	Delta[d](6) = 0.134301,	Delta[d](7) = 0.179168,	Delta[d](8) = 0.202508,	Delta[d](9) = 0.134301,	Delta[d](10) = 0.0541149,	Delta[d](11) = 0.134301,	Delta[d](12) = 0.192322,	Delta[d](13) = 0.179168,	Delta[d](14) = 0.134301,	Delta[d](15) = 0.179168,	Delta[s+](0) = 0.569292,	Delta[s+](1) = 0.423878,	Delta[s+](2) = 0.202508,	Delta[s+](3) = 0.423878,	Delta[s+](4) = 0.423878,	Delta[s+](5) = 0.296222,	Delta[s+](6) = 0.128038,	Delta[s+](7) = 0.296222,	Delta[s+](8) = 0.202508,	Delta[s+](9) = 0.128038,	Delta[s+](10) = 0.0388923,	Delta[s+](11) = 0.128038,	Delta[s+](12) = 0.423878,	Delta[s+](13) = 0.296222,	Delta[s+](14) = 0.128038,	Delta[s+](15) = 0.296222
The 11-th iteration is completed.	|| time cost : 0h 3m 18.484s
********************************************************************************************************************
********************************************************************************************************************
Ground state is obtained after 12 iterations. The current ground-state energy is -14.5463, in which electron energy is -14.5468 and phonon energy is 0.000423062
final variational state is: 
	Gamma_x = [      1,1.00488,1.00544,1.00488,1.00488,1.00613,1.00659,1.00613,1.00544,1.00659,1.00734,1.00659,1.00488,1.00613,1.00659,1.00613]
	lambda_q = [  0.24842, 0.121517,0.0907411, 0.121517, 0.121517,0.0962909, 0.081559,0.0962909,0.0907411, 0.081559,0.0745368, 0.081559, 0.121517,0.0962909, 0.081559,0.0962909]
********************************************************************************************************************
o___o  ----------------------------------------
| L |	Time since last clock: 0h 0m 0s
A===A	Time since the beginning: 0h 36m 23.115s
***********************************************

********************************************************************************************************************
Start warm-up calculation for scaling factor 8
open output files: NGSEDWarmUpW1Obs.txt
********************************************************************************************************************
Start the 0 rounds of NGS-ED iteration
	effective electronic model is modified as: kinetic energy t = 0.991703
	                                           effective interaction Vq = [ -0.182315, -0.113854,-0.0894875, -0.113854, -0.113854,-0.0941056,-0.0816305,-0.0941056,-0.0894875,-0.0816305,-0.0754396,-0.0816305, -0.113854,-0.0941056,-0.0816305,-0.0941056]
	PARPACK diagonalization completed after 60 matrix-vector product operations.
	iteration results: : total energy is -14.239837 | electron energy -14.240049 + phonon energy 0.000212 | electron momentum kIdx = 0
