TACC:  Starting up job 4382518 
TACC:  Starting parallel tasks... 
SNEDics v3.4 Non-Gaussian ED ground state program		Start at Mon Sep 23 01:01:02 2019

parallized on 32 MPI threads  * 6 OpenMP threads = 192 total threads.
********************************************************************************************************************
********************************************************************************************************************

********************************************************************************************************************
System parameters and configurations
********************************************************************************************************************
Special program options are enabled: splitted diagonal Hamiltonian
********************************************************************************************************************
Read input file "model_params.in"
	Hubbard-Holstein model parameters : 	t = 1    g = 4.1833    W = 5    
********************************************************************************************************************
Read input file "hilbertspace_params.in"
	Requested 16-site 2D lattice, with 16 electrons (8, 8)
	Boundary : Periodic		Hilbert space representation : momentum-space (restricted to kIdx = 0)
	Conservation: particle number[U(1)]      spin[U(1)]     momentum
********************************************************************************************************************

Cluster Positions:				Cluster symmetry group : D4
 x ... x ... x ... x .....                       x ... x ... x ... x .....
 |           |           :                       |           |           :
 |           |           :                       |           |           :
12    13    14    15     x                       1     5     6     5     x
 |           |           :                       |           |           :
 |           |           :                       |           |           :
 8 --- 9 ---10 ---11 --- x                       2 --- 6 ---10 --- 6 --- x
 |           |           :                       |           |           :
 |           |           :                       |           |           :
 4     5     6     7     x                       1     5     6     5     x
 |           |           :                       |           |           :
 |           |           :                       |           |           :
 0 --- 1 --- 2 --- 3 --- x                       0 --- 1 --- 2 --- 1 --- x
orbital number : 1
********************************************************************************************************************
Read input file "obs_params.in"
	Observable Type : Nq(All),   Sq(All),   N(All),   Delta[s](All),   Delta[d](All),   Delta[s+](All)
********************************************************************************************************************
** WARNING ** the input observables have non-local factors which have been reinterpreted. The total observable number is 96
********************************************************************************************************************


********************************************************************************************************************
Start calculating the non-Gaussian ED ground state
Input file varState.dat exists. Start iterations from it.
open output files: NGSEDIterationObs.txt
********************************************************************************************************************
Start the 0 rounds of NGS-ED iteration
	effective electronic model is modified as: kinetic energy t = 0.870326
	                                           effective interaction Vq = [    -3.5,-2.03626,-2.01017,-2.03626,-2.03626,-2.01017,-1.99609,-2.01017,-2.01017,-1.99609,-3.49944,-1.99609,-2.03626,-2.01017,-1.99609,-2.01017]
	first Hamiltonian is constructed, non-zero numbers = 9473058108
	PARPACK diagonalization completed after 45 matrix-vector product operations.
	iteration results: : total energy is -116.752401 | electron energy -116.835840 + phonon energy 0.083439 | electron momentum kIdx = 0
	Nq(0) = 16,	Nq(1) = 0.0315147,	Nq(2) = 0.0608945,	Nq(3) = 0.0315147,	Nq(4) = 0.0315147,	Nq(5) = 0.0608945,	Nq(6) = 0.0893096,	Nq(7) = 0.0608945,	Nq(8) = 0.0608945,	Nq(9) = 0.0893096,	Nq(10) = 14.2333,	Nq(11) = 0.0893096,	Nq(12) = 0.0315147,	Nq(13) = 0.0608945,	Nq(14) = 0.0893096,	Nq(15) = 0.0608945,	Sq(0) = 2.09907e-19,	Sq(1) = 0.0305892,	Sq(2) = 0.0582402,	Sq(3) = 0.0305892,	Sq(4) = 0.0305892,	Sq(5) = 0.0582402,	Sq(6) = 0.0842549,	Sq(7) = 0.0582402,	Sq(8) = 0.0582402,	Sq(9) = 0.0842549,	Sq(10) = 0.109214,	Sq(11) = 0.0842549,	Sq(12) = 0.0305892,	Sq(13) = 0.0582402,	Sq(14) = 0.0842549,	Sq(15) = 0.0582402,	N(0) = 1.61189,	N(1) = 1.36356,	N(2) = 1,	N(3) = 1.36356,	N(4) = 1.36356,	N(5) = 1,	N(6) = 0.636436,	N(7) = 1,	N(8) = 1,	N(9) = 0.636436,	N(10) = 0.388112,	N(11) = 0.636436,	N(12) = 1.36356,	N(13) = 1,	N(14) = 0.636436,	N(15) = 1,	Delta[s](0) = 0.500648,	Delta[s](1) = 0.484706,	Delta[s](2) = 0.470777,	Delta[s](3) = 0.484706,	Delta[s](4) = 0.484706,	Delta[s](5) = 0.470777,	Delta[s](6) = 0.457849,	Delta[s](7) = 0.470777,	Delta[s](8) = 0.470777,	Delta[s](9) = 0.457849,	Delta[s](10) = 0.445453,	Delta[s](11) = 0.457849,	Delta[s](12) = 0.484706,	Delta[s](13) = 0.470777,	Delta[s](14) = 0.457849,	Delta[s](15) = 0.470777,	Delta[d](0) = 0.0331286,	Delta[d](1) = 0.0308995,	Delta[d](2) = 0.0432617,	Delta[d](3) = 0.0308995,	Delta[d](4) = 0.0308995,	Delta[d](5) = 0.0185079,	Delta[d](6) = 0.0188078,	Delta[d](7) = 0.0185079,	Delta[d](8) = 0.0432617,	Delta[d](9) = 0.0188078,	Delta[d](10) = 0.00384517,	Delta[d](11) = 0.0188078,	Delta[d](12) = 0.0308995,	Delta[d](13) = 0.0185079,	Delta[d](14) = 0.0188078,	Delta[d](15) = 0.0185079,	Delta[s+](0) = 0.120072,	Delta[s+](1) = 0.0796651,	Delta[s+](2) = 0.0432617,	Delta[s+](3) = 0.0796651,	Delta[s+](4) = 0.0796651,	Delta[s+](5) = 0.0432617,	Delta[s+](6) = 0.0154828,	Delta[s+](7) = 0.0432617,	Delta[s+](8) = 0.0432617,	Delta[s+](9) = 0.0154828,	Delta[s+](10) = 0.00328969,	Delta[s+](11) = 0.0154828,	Delta[s+](12) = 0.0796651,	Delta[s+](13) = 0.0432617,	Delta[s+](14) = 0.0154828,	Delta[s+](15) = 0.0432617
The 0-th iteration is completed.	|| time cost : 0h 8m 9.113s
********************************************************************************************************************
Start the 1 rounds of NGS-ED iteration
	effective electronic model is modified as: kinetic energy t = 0.870326
	                                           effective interaction Vq = [    -3.5,-2.03626,-2.01017,-2.03626,-2.03626,-2.01017,-1.99608,-2.01017,-2.01017,-1.99608,-3.49944,-1.99608,-2.03626,-2.01017,-1.99608,-2.01017]
	PARPACK diagonalization completed after 30 matrix-vector product operations.
	iteration results: : total energy is -116.752401 | electron energy -116.835842 + phonon energy 0.083441 | electron momentum kIdx = 0
The 1-th iteration is completed.	|| time cost : 0h 0m 19.514s
********************************************************************************************************************
Start the 2 rounds of NGS-ED iteration
	effective electronic model is modified as: kinetic energy t = 0.870326
	                                           effective interaction Vq = [    -3.5,-2.03626,-2.01017,-2.03626,-2.03626,-2.01017,-1.99608,-2.01017,-2.01017,-1.99608,-3.49944,-1.99608,-2.03626,-2.01017,-1.99608,-2.01017]
	PARPACK diagonalization completed after 30 matrix-vector product operations.
	iteration results: : total energy is -116.752401 | electron energy -116.835843 + phonon energy 0.083442 | electron momentum kIdx = 0
The 2-th iteration is completed.	|| time cost : 0h 0m 19.465s
********************************************************************************************************************
Start the 3 rounds of NGS-ED iteration
	effective electronic model is modified as: kinetic energy t = 0.870326
	                                           effective interaction Vq = [    -3.5,-2.03626,-2.01017,-2.03626,-2.03626,-2.01017,-1.99608,-2.01017,-2.01017,-1.99608,-3.49944,-1.99608,-2.03626,-2.01017,-1.99608,-2.01017]
	PARPACK diagonalization completed after 30 matrix-vector product operations.
	iteration results: : total energy is -116.752401 | electron energy -116.835844 + phonon energy 0.083443 | electron momentum kIdx = 0
The 3-th iteration is completed.	|| time cost : 0h 0m 19.495s
********************************************************************************************************************
Start the 4 rounds of NGS-ED iteration
	effective electronic model is modified as: kinetic energy t = 0.870326
	                                           effective interaction Vq = [    -3.5,-2.03626,-2.01017,-2.03626,-2.03626,-2.01017,-1.99608,-2.01017,-2.01017,-1.99608,-3.49944,-1.99608,-2.03626,-2.01017,-1.99608,-2.01017]
	PARPACK diagonalization completed after 30 matrix-vector product operations.
	iteration results: : total energy is -116.752401 | electron energy -116.835844 + phonon energy 0.083443 | electron momentum kIdx = 0
The 4-th iteration is completed.	|| time cost : 0h 0m 19.465s
********************************************************************************************************************
Start the 5 rounds of NGS-ED iteration
	effective electronic model is modified as: kinetic energy t = 0.870326
	                                           effective interaction Vq = [    -3.5,-2.03626,-2.01017,-2.03626,-2.03626,-2.01017,-1.99608,-2.01017,-2.01017,-1.99608,-3.49944,-1.99608,-2.03626,-2.01017,-1.99608,-2.01017]
	PARPACK diagonalization completed after 30 matrix-vector product operations.
	iteration results: : total energy is -116.752401 | electron energy -116.835844 + phonon energy 0.083443 | electron momentum kIdx = 0
The 5-th iteration is completed.	|| time cost : 0h 0m 19.455s
********************************************************************************************************************
Start the 6 rounds of NGS-ED iteration
	effective electronic model is modified as: kinetic energy t = 0.870326
	                                           effective interaction Vq = [    -3.5,-2.03626,-2.01016,-2.03626,-2.03626,-2.01016,-1.99608,-2.01016,-2.01016,-1.99608,-3.49944,-1.99608,-2.03626,-2.01016,-1.99608,-2.01016]
	PARPACK diagonalization completed after 30 matrix-vector product operations.
	iteration results: : total energy is -116.752401 | electron energy -116.835844 + phonon energy 0.083443 | electron momentum kIdx = 0
The 6-th iteration is completed.	|| time cost : 0h 0m 19.509s
********************************************************************************************************************
Start the 7 rounds of NGS-ED iteration
	effective electronic model is modified as: kinetic energy t = 0.870326
	                                           effective interaction Vq = [    -3.5,-2.03626,-2.01016,-2.03626,-2.03626,-2.01016,-1.99608,-2.01016,-2.01016,-1.99608,-3.49944,-1.99608,-2.03626,-2.01016,-1.99608,-2.01016]
	PARPACK diagonalization completed after 30 matrix-vector product operations.
	iteration results: : total energy is -116.752401 | electron energy -116.835845 + phonon energy 0.083443 | electron momentum kIdx = 0
The 7-th iteration is completed.	|| time cost : 0h 0m 19.631s
********************************************************************************************************************
Start the 8 rounds of NGS-ED iteration
	effective electronic model is modified as: kinetic energy t = 0.870326
	                                           effective interaction Vq = [    -3.5,-2.03626,-2.01016,-2.03626,-2.03626,-2.01016,-1.99608,-2.01016,-2.01016,-1.99608,-3.49944,-1.99608,-2.03626,-2.01016,-1.99608,-2.01016]
	PARPACK diagonalization completed after 30 matrix-vector product operations.
	iteration results: : total energy is -116.752401 | electron energy -116.835845 + phonon energy 0.083443 | electron momentum kIdx = 0
	Nq(0) = 16,	Nq(1) = 0.0315146,	Nq(2) = 0.0608942,	Nq(3) = 0.0315146,	Nq(4) = 0.0315146,	Nq(5) = 0.0608942,	Nq(6) = 0.0893092,	Nq(7) = 0.0608942,	Nq(8) = 0.0608942,	Nq(9) = 0.0893092,	Nq(10) = 14.2333,	Nq(11) = 0.0893092,	Nq(12) = 0.0315146,	Nq(13) = 0.0608942,	Nq(14) = 0.0893092,	Nq(15) = 0.0608942,	Sq(0) = -9.54388e-19,	Sq(1) = 0.030589,	Sq(2) = 0.05824,	Sq(3) = 0.030589,	Sq(4) = 0.030589,	Sq(5) = 0.05824,	Sq(6) = 0.0842546,	Sq(7) = 0.05824,	Sq(8) = 0.05824,	Sq(9) = 0.0842546,	Sq(10) = 0.109214,	Sq(11) = 0.0842546,	Sq(12) = 0.030589,	Sq(13) = 0.05824,	Sq(14) = 0.0842546,	Sq(15) = 0.05824,	N(0) = 1.61189,	N(1) = 1.36356,	N(2) = 1,	N(3) = 1.36356,	N(4) = 1.36356,	N(5) = 1,	N(6) = 0.636437,	N(7) = 1,	N(8) = 1,	N(9) = 0.636437,	N(10) = 0.388113,	N(11) = 0.636437,	N(12) = 1.36356,	N(13) = 1,	N(14) = 0.636437,	N(15) = 1,	Delta[s](0) = 0.500648,	Delta[s](1) = 0.484706,	Delta[s](2) = 0.470777,	Delta[s](3) = 0.484706,	Delta[s](4) = 0.484706,	Delta[s](5) = 0.470777,	Delta[s](6) = 0.457849,	Delta[s](7) = 0.470777,	Delta[s](8) = 0.470777,	Delta[s](9) = 0.457849,	Delta[s](10) = 0.445453,	Delta[s](11) = 0.457849,	Delta[s](12) = 0.484706,	Delta[s](13) = 0.470777,	Delta[s](14) = 0.457849,	Delta[s](15) = 0.470777,	Delta[d](0) = 0.0331291,	Delta[d](1) = 0.0309,	Delta[d](2) = 0.0432623,	Delta[d](3) = 0.0309,	Delta[d](4) = 0.0309,	Delta[d](5) = 0.0185081,	Delta[d](6) = 0.0188081,	Delta[d](7) = 0.0185081,	Delta[d](8) = 0.0432623,	Delta[d](9) = 0.0188081,	Delta[d](10) = 0.0038452,	Delta[d](11) = 0.0188081,	Delta[d](12) = 0.0309,	Delta[d](13) = 0.0185081,	Delta[d](14) = 0.0188081,	Delta[d](15) = 0.0185081,	Delta[s+](0) = 0.120074,	Delta[s+](1) = 0.0796663,	Delta[s+](2) = 0.0432623,	Delta[s+](3) = 0.0796663,	Delta[s+](4) = 0.0796663,	Delta[s+](5) = 0.0432623,	Delta[s+](6) = 0.015483,	Delta[s+](7) = 0.0432623,	Delta[s+](8) = 0.0432623,	Delta[s+](9) = 0.015483,	Delta[s+](10) = 0.00328972,	Delta[s+](11) = 0.015483,	Delta[s+](12) = 0.0796663,	Delta[s+](13) = 0.0432623,	Delta[s+](14) = 0.015483,	Delta[s+](15) = 0.0432623
The 8-th iteration is completed.	|| time cost : 0h 3m 43.807s
********************************************************************************************************************
********************************************************************************************************************
Ground state is obtained after 9 iterations. The current ground-state energy is -116.752, in which electron energy is -116.836 and phonon energy is 0.0834435
final variational state is: 
	Gamma_x = [      1,1.01013,1.01952,1.01013,1.01013,1.01952,1.02863,1.01952,1.01952,1.02863,1.27915,1.02863,1.01013,1.01952,1.02863,1.01952]
	lambda_q = [0.836659,0.295597,0.290796,0.295597,0.295597,0.290796,0.288222,0.290796,0.290796,0.288222,0.826085,0.288222,0.295597,0.290796,0.288222,0.290796]
********************************************************************************************************************
o___o  ----------------------------------------
| L |	Time since last clock: 0h 0m 0s
A===A	Time since the beginning: 0h 14m 9.459s
***********************************************


Non-Gaussina ED ground state calculation is completed. The final ground-state energy is -116.752
********************************************************************************************************************
o___o  ----------------------------------------
| L |	Time since last clock: 0h 0m 0.001s
A===A	Time since the beginning: 0h 14m 9.46s
***********************************************



********************************************************************************************************************
All non-Gaussian ED ground state calculations have been completed. Exit now.
TACC:  Shutdown complete. Exiting. 
