SNEDics v3.4 Non-Gaussian ED ground state program		Start at Tue Oct  1 11:06:24 2019

parallized on 16 MPI threads  * 8 OpenMP threads = 128 total threads.
********************************************************************************************************************
********************************************************************************************************************

********************************************************************************************************************
System parameters and configurations
********************************************************************************************************************
Special program options are enabled: splitted diagonal Hamiltonian
********************************************************************************************************************
Read input file "model_params.in"
	Hubbard-Holstein model parameters : 	t = 1    U = 3.7    g = 3.8078    W = 5    
********************************************************************************************************************
Read input file "hilbertspace_params.in"
	Requested 16-site 2D lattice, with 16 electrons (8, 8)
	Boundary : Periodic		Hilbert space representation : momentum-space (restricted to kIdx = 0)
	Conservation: particle number[U(1)]      spin[U(1)]     momentum
********************************************************************************************************************

Cluster Positions:				Cluster symmetry group : D4
 x ... x ... x ... x .....                       x ... x ... x ... x .....
 |           |           :                       |           |           :
 |           |           :                       |           |           :
12    13    14    15     x                       1     5     6     5     x
 |           |           :                       |           |           :
 |           |           :                       |           |           :
 8 --- 9 ---10 ---11 --- x                       2 --- 6 ---10 --- 6 --- x
 |           |           :                       |           |           :
 |           |           :                       |           |           :
 4     5     6     7     x                       1     5     6     5     x
 |           |           :                       |           |           :
 |           |           :                       |           |           :
 0 --- 1 --- 2 --- 3 --- x                       0 --- 1 --- 2 --- 1 --- x
orbital number : 1
********************************************************************************************************************
Read input file "obs_params.in"
	Observable Type : Nq(All),   Sq(All),   N(All),   Delta[s](All),   Delta[d](All),   Delta[s+](All)
********************************************************************************************************************
** WARNING ** the input observables have non-local factors which have been reinterpreted. The total observable number is 96
********************************************************************************************************************


********************************************************************************************************************
Start calculating the non-Gaussian ED ground state
** WARNING ** Detected low phonon energy W < 10. The initial state will be prepared through a warm-up process.
********************************************************************************************************************
Start warm-up calculation for scaling factor 2
open output files: NGSEDWarmUpW10Obs.txt
********************************************************************************************************************
Start the 0 rounds of NGS-ED iteration
	effective electronic model is modified as: kinetic energy t = 1
	                                           effective interaction Vq = [-0,-0,-0,-0,-0,-0,-0,-0,-0,-0,-0,-0,-0,-0,-0,-0]
	first Hamiltonian is constructed, non-zero numbers = 2845383612
	PARPACK diagonalization completed after 90 matrix-vector product operations.
	iteration results: : total energy is -14.189658 | electron energy -14.189658 + phonon energy 0.000000 | electron momentum kIdx = 0
	Nq(0) = 16,	Nq(1) = 0.168757,	Nq(2) = 0.244931,	Nq(3) = 0.168757,	Nq(4) = 0.168757,	Nq(5) = 0.244931,	Nq(6) = 0.334746,	Nq(7) = 0.244931,	Nq(8) = 0.244931,	Nq(9) = 0.334746,	Nq(10) = 0.404135,	Nq(11) = 0.334746,	Nq(12) = 0.168757,	Nq(13) = 0.244931,	Nq(14) = 0.334746,	Nq(15) = 0.244931,	Sq(0) = 9.28566e-19,	Sq(1) = 0.426156,	Sq(2) = 0.621283,	Sq(3) = 0.426156,	Sq(4) = 0.426156,	Sq(5) = 0.621283,	Sq(6) = 0.79295,	Sq(7) = 0.621283,	Sq(8) = 0.621283,	Sq(9) = 0.79295,	Sq(10) = 3.50814,	Sq(11) = 0.79295,	Sq(12) = 0.426156,	Sq(13) = 0.621283,	Sq(14) = 0.79295,	Sq(15) = 0.621283,	N(0) = 1.94041,	N(1) = 1.86617,	N(2) = 1,	N(3) = 1.86617,	N(4) = 1.86617,	N(5) = 1,	N(6) = 0.133831,	N(7) = 1,	N(8) = 1,	N(9) = 0.133831,	N(10) = 0.0595915,	N(11) = 0.133831,	N(12) = 1.86617,	N(13) = 1,	N(14) = 0.133831,	N(15) = 1,	Delta[s](0) = 0.181121,	Delta[s](1) = 0.155393,	Delta[s](2) = 0.122224,	Delta[s](3) = 0.155393,	Delta[s](4) = 0.155393,	Delta[s](5) = 0.122224,	Delta[s](6) = 0.0939741,	Delta[s](7) = 0.122224,	Delta[s](8) = 0.122224,	Delta[s](9) = 0.0939741,	Delta[s](10) = 0.0319347,	Delta[s](11) = 0.0939741,	Delta[s](12) = 0.155393,	Delta[s](13) = 0.122224,	Delta[s](14) = 0.0939741,	Delta[s](15) = 0.122224,	Delta[d](0) = 0.555828,	Delta[d](1) = 0.372876,	Delta[d](2) = 0.302203,	Delta[d](3) = 0.372876,	Delta[d](4) = 0.372876,	Delta[d](5) = 0.324235,	Delta[d](6) = 0.235055,	Delta[d](7) = 0.324235,	Delta[d](8) = 0.302203,	Delta[d](9) = 0.235055,	Delta[d](10) = 0.101426,	Delta[d](11) = 0.235055,	Delta[d](12) = 0.372876,	Delta[d](13) = 0.324235,	Delta[d](14) = 0.235055,	Delta[d](15) = 0.324235,	Delta[s+](0) = 0.581732,	Delta[s+](1) = 0.462923,	Delta[s+](2) = 0.302203,	Delta[s+](3) = 0.462923,	Delta[s+](4) = 0.462923,	Delta[s+](5) = 0.302203,	Delta[s+](6) = 0.148927,	Delta[s+](7) = 0.302203,	Delta[s+](8) = 0.302203,	Delta[s+](9) = 0.148927,	Delta[s+](10) = 0.0349129,	Delta[s+](11) = 0.148927,	Delta[s+](12) = 0.462923,	Delta[s+](13) = 0.302203,	Delta[s+](14) = 0.148927,	Delta[s+](15) = 0.302203
The 0-th iteration is completed.	|| time cost : 0h 8m 28.741s
********************************************************************************************************************
Start the 1 rounds of NGS-ED iteration
	effective electronic model is modified as: kinetic energy t = 0.927199
	                                           effective interaction Vq = [-2.50741,-2.29691,-2.22037,-2.29691,-2.29691,-2.22037, -2.1949,-2.22037,-2.22037, -2.1949,-2.16493, -2.1949,-2.29691,-2.22037, -2.1949,-2.22037]
	PARPACK diagonalization completed after 75 matrix-vector product operations.
	iteration results: : total energy is -65.875575 | electron energy -65.880982 + phonon energy 0.005407 | electron momentum kIdx = 0
The 1-th iteration is completed.	|| time cost : 0h 8m 18.593s
********************************************************************************************************************
Start the 2 rounds of NGS-ED iteration
	effective electronic model is modified as: kinetic energy t = 0.860934
	                                           effective interaction Vq = [-2.84676,-2.74064,-2.72119,-2.74064,-2.74064,-2.72119,-2.64959,-2.72119,-2.72119,-2.64959,-2.66013,-2.64959,-2.74064,-2.72119,-2.64959,-2.72119]
	PARPACK diagonalization completed after 60 matrix-vector product operations.
	iteration results: : total energy is -74.611576 | electron energy -74.656636 + phonon energy 0.045060 | electron momentum kIdx = 0
The 2-th iteration is completed.	|| time cost : 0h 0m 36.797s
********************************************************************************************************************
Start the 3 rounds of NGS-ED iteration
	effective electronic model is modified as: kinetic energy t = 0.833146
	                                           effective interaction Vq = [-2.89268,-2.83085,-2.81994,-2.83085,-2.83085,-2.81994, -2.7595,-2.81994,-2.81994, -2.7595,-2.79976, -2.7595,-2.83085,-2.81994, -2.7595,-2.81994]
	PARPACK diagonalization completed after 45 matrix-vector product operations.
	iteration results: : total energy is -75.835232 | electron energy -75.915275 + phonon energy 0.080043 | electron momentum kIdx = 0
The 3-th iteration is completed.	|| time cost : 0h 0m 32.129s
********************************************************************************************************************
Start the 4 rounds of NGS-ED iteration
	effective electronic model is modified as: kinetic energy t = 0.823787
	                                           effective interaction Vq = [ -2.8989,-2.85168,-2.83451,-2.85168,-2.85168,-2.83451, -2.7887,-2.83451,-2.83451, -2.7887,-2.86117, -2.7887,-2.85168,-2.83451, -2.7887,-2.83451]
	PARPACK diagonalization completed after 45 matrix-vector product operations.
	iteration results: : total energy is -76.071996 | electron energy -76.168941 + phonon energy 0.096945 | electron momentum kIdx = 0
The 4-th iteration is completed.	|| time cost : 0h 0m 32.119s
********************************************************************************************************************
Start the 5 rounds of NGS-ED iteration
	effective electronic model is modified as: kinetic energy t = 0.826793
	                                           effective interaction Vq = [-2.89974,  -2.849,-2.80475,  -2.849,  -2.849,-2.80475,-2.78449,-2.80475,-2.80475,-2.78449,-2.88597,-2.78449,  -2.849,-2.80475,-2.78449,-2.80475]
	PARPACK diagonalization completed after 45 matrix-vector product operations.
	iteration results: : total energy is -76.177262 | electron energy -76.277984 + phonon energy 0.100722 | electron momentum kIdx = 0
The 5-th iteration is completed.	|| time cost : 0h 0m 32.08s
********************************************************************************************************************
Start the 6 rounds of NGS-ED iteration
	effective electronic model is modified as: kinetic energy t = 0.831982
	                                           effective interaction Vq = [-2.89985,-2.84021,-2.76932,-2.84021,-2.84021,-2.76932,-2.77207,-2.76932,-2.76932,-2.77207,-2.89283,-2.77207,-2.84021,-2.76932,-2.77207,-2.76932]
	PARPACK diagonalization completed after 45 matrix-vector product operations.
	iteration results: : total energy is -76.211889 | electron energy -76.310769 + phonon energy 0.098880 | electron momentum kIdx = 0
The 6-th iteration is completed.	|| time cost : 0h 0m 32.361s
********************************************************************************************************************
Start the 7 rounds of NGS-ED iteration
	effective electronic model is modified as: kinetic energy t = 0.834948
	                                           effective interaction Vq = [-2.89987,-2.83363,-2.74958,-2.83363,-2.83363,-2.74958,-2.76319,-2.74958,-2.74958,-2.76319,-2.89484,-2.76319,-2.83363,-2.74958,-2.76319,-2.74958]
	PARPACK diagonalization completed after 30 matrix-vector product operations.
	iteration results: : total energy is -76.219308 | electron energy -76.315987 + phonon energy 0.096679 | electron momentum kIdx = 0
The 7-th iteration is completed.	|| time cost : 0h 0m 27.647s
********************************************************************************************************************
Start the 8 rounds of NGS-ED iteration
	effective electronic model is modified as: kinetic energy t = 0.836381
	                                           effective interaction Vq = [-2.89987,-2.82986,-2.74056,-2.82986,-2.82986,-2.74056,-2.75821,-2.74056,-2.74056,-2.75821, -2.8955,-2.75821,-2.82986,-2.74056,-2.75821,-2.74056]
	PARPACK diagonalization completed after 30 matrix-vector product operations.
	iteration results: : total energy is -76.220745 | electron energy -76.316057 + phonon energy 0.095312 | electron momentum kIdx = 0
The 8-th iteration is completed.	|| time cost : 0h 0m 27.413s
********************************************************************************************************************
Start the 9 rounds of NGS-ED iteration
	effective electronic model is modified as: kinetic energy t = 0.837046
	                                           effective interaction Vq = [-2.89987,-2.82791,-2.73665,-2.82791,-2.82791,-2.73665,-2.75567,-2.73665,-2.73665,-2.75567,-2.89574,-2.75567,-2.82791,-2.73665,-2.75567,-2.73665]
	PARPACK diagonalization completed after 30 matrix-vector product operations.
	iteration results: : total energy is -76.221022 | electron energy -76.315620 + phonon energy 0.094598 | electron momentum kIdx = 0
The 9-th iteration is completed.	|| time cost : 0h 0m 27.714s
********************************************************************************************************************
Start the 10 rounds of NGS-ED iteration
	effective electronic model is modified as: kinetic energy t = 0.83735
	                                           effective interaction Vq = [-2.89987,-2.82696,-2.73497,-2.82696,-2.82696,-2.73497,-2.75443,-2.73497,-2.73497,-2.75443,-2.89584,-2.75443,-2.82696,-2.73497,-2.75443,-2.73497]
	PARPACK diagonalization completed after 30 matrix-vector product operations.
	iteration results: : total energy is -76.221076 | electron energy -76.315325 + phonon energy 0.094248 | electron momentum kIdx = 0
	Nq(0) = 16,	Nq(1) = 0.305379,	Nq(2) = 0.362713,	Nq(3) = 0.305379,	Nq(4) = 0.305379,	Nq(5) = 0.362713,	Nq(6) = 0.578781,	Nq(7) = 0.362713,	Nq(8) = 0.362713,	Nq(9) = 0.578781,	Nq(10) = 5.49924,	Nq(11) = 0.578781,	Nq(12) = 0.305379,	Nq(13) = 0.362713,	Nq(14) = 0.578781,	Nq(15) = 0.362713,	Sq(0) = -3.22952e-18,	Sq(1) = 0.221608,	Sq(2) = 0.292499,	Sq(3) = 0.221608,	Sq(4) = 0.221608,	Sq(5) = 0.292499,	Sq(6) = 0.415239,	Sq(7) = 0.292499,	Sq(8) = 0.292499,	Sq(9) = 0.415239,	Sq(10) = 0.485463,	Sq(11) = 0.415239,	Sq(12) = 0.221608,	Sq(13) = 0.292499,	Sq(14) = 0.415239,	Sq(15) = 0.292499,	N(0) = 1.97245,	N(1) = 1.92843,	N(2) = 1,	N(3) = 1.92843,	N(4) = 1.92843,	N(5) = 1,	N(6) = 0.0715709,	N(7) = 1,	N(8) = 1,	N(9) = 0.0715709,	N(10) = 0.0275532,	N(11) = 0.0715709,	N(12) = 1.92843,	N(13) = 1,	N(14) = 0.0715709,	N(15) = 1,	Delta[s](0) = 0.533717,	Delta[s](1) = 0.376239,	Delta[s](2) = 0.35446,	Delta[s](3) = 0.376239,	Delta[s](4) = 0.376239,	Delta[s](5) = 0.35446,	Delta[s](6) = 0.297171,	Delta[s](7) = 0.35446,	Delta[s](8) = 0.35446,	Delta[s](9) = 0.297171,	Delta[s](10) = 0.251964,	Delta[s](11) = 0.297171,	Delta[s](12) = 0.376239,	Delta[s](13) = 0.35446,	Delta[s](14) = 0.297171,	Delta[s](15) = 0.35446,	Delta[d](0) = 0.212068,	Delta[d](1) = 0.199347,	Delta[d](2) = 0.201737,	Delta[d](3) = 0.199347,	Delta[d](4) = 0.199347,	Delta[d](5) = 0.133627,	Delta[d](6) = 0.160012,	Delta[d](7) = 0.133627,	Delta[d](8) = 0.201737,	Delta[d](9) = 0.160012,	Delta[d](10) = 0.055255,	Delta[d](11) = 0.160012,	Delta[d](12) = 0.199347,	Delta[d](13) = 0.133627,	Delta[d](14) = 0.160012,	Delta[d](15) = 0.133627,	Delta[s+](0) = 0.3895,	Delta[s+](1) = 0.311195,	Delta[s+](2) = 0.201737,	Delta[s+](3) = 0.311195,	Delta[s+](4) = 0.311195,	Delta[s+](5) = 0.201737,	Delta[s+](6) = 0.0892836,	Delta[s+](7) = 0.201737,	Delta[s+](8) = 0.201737,	Delta[s+](9) = 0.0892836,	Delta[s+](10) = 0.0303326,	Delta[s+](11) = 0.0892836,	Delta[s+](12) = 0.311195,	Delta[s+](13) = 0.201737,	Delta[s+](14) = 0.0892836,	Delta[s+](15) = 0.201737
The 10-th iteration is completed.	|| time cost : 0h 4m 44.666s
********************************************************************************************************************
Start the 11 rounds of NGS-ED iteration
	effective electronic model is modified as: kinetic energy t = 0.837488
	                                           effective interaction Vq = [-2.89987,-2.82651,-2.73425,-2.82651,-2.82651,-2.73425,-2.75384,-2.73425,-2.73425,-2.75384,-2.89587,-2.75384,-2.82651,-2.73425,-2.75384,-2.73425]
	PARPACK diagonalization completed after 30 matrix-vector product operations.
	iteration results: : total energy is -76.221087 | electron energy -76.315170 + phonon energy 0.094083 | electron momentum kIdx = 0
The 11-th iteration is completed.	|| time cost : 0h 0m 27.73s
********************************************************************************************************************
Start the 12 rounds of NGS-ED iteration
	effective electronic model is modified as: kinetic energy t = 0.83755
	                                           effective interaction Vq = [-2.89987, -2.8263,-2.73394, -2.8263, -2.8263,-2.73394,-2.75357,-2.73394,-2.73394,-2.75357,-2.89589,-2.75357, -2.8263,-2.73394,-2.75357,-2.73394]
	PARPACK diagonalization completed after 30 matrix-vector product operations.
	iteration results: : total energy is -76.221089 | electron energy -76.315096 + phonon energy 0.094006 | electron momentum kIdx = 0
	Nq(0) = 16,	Nq(1) = 0.305029,	Nq(2) = 0.362416,	Nq(3) = 0.305029,	Nq(4) = 0.305029,	Nq(5) = 0.362416,	Nq(6) = 0.57826,	Nq(7) = 0.362416,	Nq(8) = 0.362416,	Nq(9) = 0.57826,	Nq(10) = 5.50476,	Nq(11) = 0.57826,	Nq(12) = 0.305029,	Nq(13) = 0.362416,	Nq(14) = 0.57826,	Nq(15) = 0.362416,	Sq(0) = -3.91898e-18,	Sq(1) = 0.221575,	Sq(2) = 0.292481,	Sq(3) = 0.221575,	Sq(4) = 0.221575,	Sq(5) = 0.292481,	Sq(6) = 0.415231,	Sq(7) = 0.292481,	Sq(8) = 0.292481,	Sq(9) = 0.415231,	Sq(10) = 0.485478,	Sq(11) = 0.415231,	Sq(12) = 0.221575,	Sq(13) = 0.292481,	Sq(14) = 0.415231,	Sq(15) = 0.292481,	N(0) = 1.97244,	N(1) = 1.92836,	N(2) = 1,	N(3) = 1.92836,	N(4) = 1.92836,	N(5) = 1,	N(6) = 0.0716389,	N(7) = 1,	N(8) = 1,	N(9) = 0.0716389,	N(10) = 0.0275588,	N(11) = 0.0716389,	N(12) = 1.92836,	N(13) = 1,	N(14) = 0.0716389,	N(15) = 1,	Delta[s](0) = 0.533201,	Delta[s](1) = 0.376275,	Delta[s](2) = 0.354482,	Delta[s](3) = 0.376275,	Delta[s](4) = 0.376275,	Delta[s](5) = 0.354482,	Delta[s](6) = 0.297215,	Delta[s](7) = 0.354482,	Delta[s](8) = 0.354482,	Delta[s](9) = 0.297215,	Delta[s](10) = 0.25215,	Delta[s](11) = 0.297215,	Delta[s](12) = 0.376275,	Delta[s](13) = 0.354482,	Delta[s](14) = 0.297215,	Delta[s](15) = 0.354482,	Delta[d](0) = 0.21197,	Delta[d](1) = 0.199245,	Delta[d](2) = 0.20168,	Delta[d](3) = 0.199245,	Delta[d](4) = 0.199245,	Delta[d](5) = 0.133526,	Delta[d](6) = 0.159902,	Delta[d](7) = 0.133526,	Delta[d](8) = 0.20168,	Delta[d](9) = 0.159902,	Delta[d](10) = 0.055149,	Delta[d](11) = 0.159902,	Delta[d](12) = 0.199245,	Delta[d](13) = 0.133526,	Delta[d](14) = 0.159902,	Delta[d](15) = 0.133526,	Delta[s+](0) = 0.389509,	Delta[s+](1) = 0.311155,	Delta[s+](2) = 0.20168,	Delta[s+](3) = 0.311155,	Delta[s+](4) = 0.311155,	Delta[s+](5) = 0.20168,	Delta[s+](6) = 0.0892123,	Delta[s+](7) = 0.20168,	Delta[s+](8) = 0.20168,	Delta[s+](9) = 0.0892123,	Delta[s+](10) = 0.0302849,	Delta[s+](11) = 0.0892123,	Delta[s+](12) = 0.311155,	Delta[s+](13) = 0.20168,	Delta[s+](14) = 0.0892123,	Delta[s+](15) = 0.20168
The 12-th iteration is completed.	|| time cost : 0h 4m 36.078s
********************************************************************************************************************
********************************************************************************************************************
Ground state is obtained after 13 iterations. The current ground-state energy is -76.2211, in which electron energy is -76.3151 and phonon energy is 0.0940064
final variational state is: 
	Gamma_x = [      1,1.02399,1.03901,1.02399,1.02399,1.03901,1.06015,1.03901,1.03901,1.06015,1.12022,1.06015,1.02399,1.03901,1.06015,1.03901]
	lambda_q = [0.538503,0.452677,0.409638,0.452677,0.452677,0.409638,0.417496,0.409638,0.409638,0.417496, 0.51857,0.417496,0.452677,0.409638,0.417496,0.409638]
********************************************************************************************************************
o___o  ----------------------------------------
| L |	Time since last clock: 0h 0m 0s
A===A	Time since the beginning: 0h 30m 44.073s
***********************************************


********************************************************************************************************************
Warm up runs have been completed. Start calculating W = 5 phonon.
open output files: NGSEDIterationObs.txt
********************************************************************************************************************
Start the 0 rounds of NGS-ED iteration
	effective electronic model is modified as: kinetic energy t = 0.837579
	                                           effective interaction Vq = [ -2.6511,-2.42282,-2.28062,-2.42282,-2.42282,-2.28062,-2.30797,-2.28062,-2.28062,-2.30797,-2.60465,-2.30797,-2.42282,-2.28062,-2.30797,-2.28062]
	PARPACK diagonalization completed after 45 matrix-vector product operations.
	iteration results: : total energy is -68.274148 | electron energy -68.321133 + phonon energy 0.046986 | electron momentum kIdx = 0
	Nq(0) = 16,	Nq(1) = 0.290551,	Nq(2) = 0.343291,	Nq(3) = 0.290551,	Nq(4) = 0.290551,	Nq(5) = 0.343291,	Nq(6) = 0.537468,	Nq(7) = 0.343291,	Nq(8) = 0.343291,	Nq(9) = 0.537468,	Nq(10) = 5.37389,	Nq(11) = 0.537468,	Nq(12) = 0.290551,	Nq(13) = 0.343291,	Nq(14) = 0.537468,	Nq(15) = 0.343291,	Sq(0) = 3.94801e-18,	Sq(1) = 0.247484,	Sq(2) = 0.314557,	Sq(3) = 0.247484,	Sq(4) = 0.247484,	Sq(5) = 0.314557,	Sq(6) = 0.461209,	Sq(7) = 0.314557,	Sq(8) = 0.314557,	Sq(9) = 0.461209,	Sq(10) = 0.532179,	Sq(11) = 0.461209,	Sq(12) = 0.247484,	Sq(13) = 0.314557,	Sq(14) = 0.461209,	Sq(15) = 0.314557,	N(0) = 1.9832,	N(1) = 1.94938,	N(2) = 1,	N(3) = 1.94938,	N(4) = 1.94938,	N(5) = 1,	N(6) = 0.0506203,	N(7) = 1,	N(8) = 1,	N(9) = 0.0506203,	N(10) = 0.0168025,	N(11) = 0.0506203,	N(12) = 1.94938,	N(13) = 1,	N(14) = 0.0506203,	N(15) = 1,	Delta[s](0) = 0.442437,	Delta[s](1) = 0.357344,	Delta[s](2) = 0.341044,	Delta[s](3) = 0.357344,	Delta[s](4) = 0.357344,	Delta[s](5) = 0.341044,	Delta[s](6) = 0.295487,	Delta[s](7) = 0.341044,	Delta[s](8) = 0.341044,	Delta[s](9) = 0.295487,	Delta[s](10) = 0.27283,	Delta[s](11) = 0.295487,	Delta[s](12) = 0.357344,	Delta[s](13) = 0.341044,	Delta[s](14) = 0.295487,	Delta[s](15) = 0.341044,	Delta[d](0) = 0.216599,	Delta[d](1) = 0.207779,	Delta[d](2) = 0.21326,	Delta[d](3) = 0.207779,	Delta[d](4) = 0.207779,	Delta[d](5) = 0.137254,	Delta[d](6) = 0.166833,	Delta[d](7) = 0.137254,	Delta[d](8) = 0.21326,	Delta[d](9) = 0.166833,	Delta[d](10) = 0.0578303,	Delta[d](11) = 0.166833,	Delta[d](12) = 0.207779,	Delta[d](13) = 0.137254,	Delta[d](14) = 0.166833,	Delta[d](15) = 0.137254,	Delta[s+](0) = 0.422731,	Delta[s+](1) = 0.331042,	Delta[s+](2) = 0.21326,	Delta[s+](3) = 0.331042,	Delta[s+](4) = 0.331042,	Delta[s+](5) = 0.21326,	Delta[s+](6) = 0.0936867,	Delta[s+](7) = 0.21326,	Delta[s+](8) = 0.21326,	Delta[s+](9) = 0.0936867,	Delta[s+](10) = 0.0322109,	Delta[s+](11) = 0.0936867,	Delta[s+](12) = 0.331042,	Delta[s+](13) = 0.21326,	Delta[s+](14) = 0.0936867,	Delta[s+](15) = 0.21326
The 0-th iteration is completed.	|| time cost : 0h 4m 38.211s
********************************************************************************************************************
Start the 1 rounds of NGS-ED iteration
	effective electronic model is modified as: kinetic energy t = 0.815491
	                                           effective interaction Vq = [-2.80835, -2.5596,-2.38035, -2.5596, -2.5596,-2.38035,-2.41486,-2.38035,-2.38035,-2.41486,-2.78168,-2.41486, -2.5596,-2.38035,-2.41486,-2.38035]
	PARPACK diagonalization completed after 30 matrix-vector product operations.
	iteration results: : total energy is -71.795700 | electron energy -71.942327 + phonon energy 0.146627 | electron momentum kIdx = 0
The 1-th iteration is completed.	|| time cost : 0h 0m 27.68s
********************************************************************************************************************
Start the 2 rounds of NGS-ED iteration
	effective electronic model is modified as: kinetic energy t = 0.805774
	                                           effective interaction Vq = [ -2.8662,-2.60264,-2.41769,-2.60264,-2.60264,-2.41769,-2.45045,-2.41769,-2.41769,-2.45045,-2.85153,-2.45045,-2.60264,-2.41769,-2.45045,-2.41769]
	PARPACK diagonalization completed after 30 matrix-vector product operations.
	iteration results: : total energy is -73.085637 | electron energy -73.297330 + phonon energy 0.211693 | electron momentum kIdx = 0
The 2-th iteration is completed.	|| time cost : 0h 0m 27.423s
********************************************************************************************************************
Start the 3 rounds of NGS-ED iteration
	effective electronic model is modified as: kinetic energy t = 0.802152
	                                           effective interaction Vq = [-2.88748,-2.61245,-2.42924,-2.61245,-2.61245,-2.42924,-2.45851,-2.42924,-2.42924,-2.45851,-2.87759,-2.45851,-2.61245,-2.42924,-2.45851,-2.42924]
	PARPACK diagonalization completed after 30 matrix-vector product operations.
	iteration results: : total energy is -73.540991 | electron energy -73.786272 + phonon energy 0.245281 | electron momentum kIdx = 0
The 3-th iteration is completed.	|| time cost : 0h 0m 27.442s
********************************************************************************************************************
Start the 4 rounds of NGS-ED iteration
	effective electronic model is modified as: kinetic energy t = 0.801028
	                                           effective interaction Vq = [-2.89531,-2.61201,-2.43156,-2.61201,-2.61201,-2.43156, -2.4578,-2.43156,-2.43156, -2.4578,-2.88753, -2.4578,-2.61201,-2.43156, -2.4578,-2.43156]
	PARPACK diagonalization completed after 30 matrix-vector product operations.
	iteration results: : total energy is -73.699622 | electron energy -73.961043 + phonon energy 0.261421 | electron momentum kIdx = 0
The 4-th iteration is completed.	|| time cost : 0h 0m 27.703s
********************************************************************************************************************
Start the 5 rounds of NGS-ED iteration
	effective electronic model is modified as: kinetic energy t = 0.800843
	                                           effective interaction Vq = [-2.89819, -2.6091,-2.43093, -2.6091, -2.6091,-2.43093,-2.45496,-2.43093,-2.43093,-2.45496, -2.8916,-2.45496, -2.6091,-2.43093,-2.45496,-2.43093]
	PARPACK diagonalization completed after 30 matrix-vector product operations.
	iteration results: : total energy is -73.755024 | electron energy -74.023870 + phonon energy 0.268846 | electron momentum kIdx = 0
The 5-th iteration is completed.	|| time cost : 0h 0m 27.662s
********************************************************************************************************************
Start the 6 rounds of NGS-ED iteration
	effective electronic model is modified as: kinetic energy t = 0.800973
	                                           effective interaction Vq = [-2.89925,-2.60612,-2.42958,-2.60612,-2.60612,-2.42958,-2.45206,-2.42958,-2.42958,-2.45206,-2.89339,-2.45206,-2.60612,-2.42958,-2.45206,-2.42958]
	PARPACK diagonalization completed after 30 matrix-vector product operations.
	iteration results: : total energy is -73.774556 | electron energy -74.046613 + phonon energy 0.272058 | electron momentum kIdx = 0
The 6-th iteration is completed.	|| time cost : 0h 0m 27.395s
********************************************************************************************************************
Start the 7 rounds of NGS-ED iteration
	effective electronic model is modified as: kinetic energy t = 0.801181
	                                           effective interaction Vq = [-2.89964,-2.60368,-2.42825,-2.60368,-2.60368,-2.42825,-2.44967,-2.42825,-2.42825,-2.44967,-2.89423,-2.44967,-2.60368,-2.42825,-2.44967,-2.42825]
	PARPACK diagonalization completed after 30 matrix-vector product operations.
	iteration results: : total energy is -73.781517 | electron energy -74.054813 + phonon energy 0.273296 | electron momentum kIdx = 0
The 7-th iteration is completed.	|| time cost : 0h 0m 27.364s
********************************************************************************************************************
Start the 8 rounds of NGS-ED iteration
	effective electronic model is modified as: kinetic energy t = 0.801378
	                                           effective interaction Vq = [-2.89978,-2.60186,-2.42715,-2.60186,-2.60186,-2.42715,-2.44786,-2.42715,-2.42715,-2.44786,-2.89464,-2.44786,-2.60186,-2.42715,-2.44786,-2.42715]
	PARPACK diagonalization completed after 30 matrix-vector product operations.
	iteration results: : total energy is -73.784022 | electron energy -74.057679 + phonon energy 0.273657 | electron momentum kIdx = 0
The 8-th iteration is completed.	|| time cost : 0h 0m 27.422s
********************************************************************************************************************
Start the 9 rounds of NGS-ED iteration
	effective electronic model is modified as: kinetic energy t = 0.801539
	                                           effective interaction Vq = [-2.89984,-2.60054,-2.42631,-2.60054,-2.60054,-2.42631,-2.44653,-2.42631,-2.42631,-2.44653,-2.89485,-2.44653,-2.60054,-2.42631,-2.44653,-2.42631]
	PARPACK diagonalization completed after 30 matrix-vector product operations.
	iteration results: : total energy is -73.784932 | electron energy -74.058590 + phonon energy 0.273658 | electron momentum kIdx = 0
The 9-th iteration is completed.	|| time cost : 0h 0m 27.435s
********************************************************************************************************************
Start the 10 rounds of NGS-ED iteration
	effective electronic model is modified as: kinetic energy t = 0.801661
	                                           effective interaction Vq = [-2.89986,-2.59962,-2.42569,-2.59962,-2.59962,-2.42569,-2.44559,-2.42569,-2.42569,-2.44559,-2.89495,-2.44559,-2.59962,-2.42569,-2.44559,-2.42569]
	PARPACK diagonalization completed after 30 matrix-vector product operations.
	iteration results: : total energy is -73.785264 | electron energy -74.058802 + phonon energy 0.273538 | electron momentum kIdx = 0
	Nq(0) = 16,	Nq(1) = 0.215025,	Nq(2) = 0.292914,	Nq(3) = 0.215025,	Nq(4) = 0.215025,	Nq(5) = 0.292914,	Nq(6) = 0.437438,	Nq(7) = 0.292914,	Nq(8) = 0.292914,	Nq(9) = 0.437438,	Nq(10) = 7.3449,	Nq(11) = 0.437438,	Nq(12) = 0.215025,	Nq(13) = 0.292914,	Nq(14) = 0.437438,	Nq(15) = 0.292914,	Sq(0) = 5.36623e-19,	Sq(1) = 0.185894,	Sq(2) = 0.264794,	Sq(3) = 0.185894,	Sq(4) = 0.185894,	Sq(5) = 0.264794,	Sq(6) = 0.375389,	Sq(7) = 0.264794,	Sq(8) = 0.264794,	Sq(9) = 0.375389,	Sq(10) = 0.453871,	Sq(11) = 0.375389,	Sq(12) = 0.185894,	Sq(13) = 0.264794,	Sq(14) = 0.375389,	Sq(15) = 0.264794,	N(0) = 1.956,	N(1) = 1.86978,	N(2) = 1,	N(3) = 1.86978,	N(4) = 1.86978,	N(5) = 1,	N(6) = 0.130224,	N(7) = 1,	N(8) = 1,	N(9) = 0.130224,	N(10) = 0.0439998,	N(11) = 0.130224,	N(12) = 1.86978,	N(13) = 1,	N(14) = 0.130224,	N(15) = 1,	Delta[s](0) = 0.453142,	Delta[s](1) = 0.388892,	Delta[s](2) = 0.367568,	Delta[s](3) = 0.388892,	Delta[s](4) = 0.388892,	Delta[s](5) = 0.367568,	Delta[s](6) = 0.33334,	Delta[s](7) = 0.367568,	Delta[s](8) = 0.367568,	Delta[s](9) = 0.33334,	Delta[s](10) = 0.308637,	Delta[s](11) = 0.33334,	Delta[s](12) = 0.388892,	Delta[s](13) = 0.367568,	Delta[s](14) = 0.33334,	Delta[s](15) = 0.367568,	Delta[d](0) = 0.183843,	Delta[d](1) = 0.168509,	Delta[d](2) = 0.184748,	Delta[d](3) = 0.168509,	Delta[d](4) = 0.168509,	Delta[d](5) = 0.116494,	Delta[d](6) = 0.131804,	Delta[d](7) = 0.116494,	Delta[d](8) = 0.184748,	Delta[d](9) = 0.131804,	Delta[d](10) = 0.049022,	Delta[d](11) = 0.131804,	Delta[d](12) = 0.168509,	Delta[d](13) = 0.116494,	Delta[d](14) = 0.131804,	Delta[d](15) = 0.116494,	Delta[s+](0) = 0.380709,	Delta[s+](1) = 0.291596,	Delta[s+](2) = 0.184748,	Delta[s+](3) = 0.291596,	Delta[s+](4) = 0.291596,	Delta[s+](5) = 0.184748,	Delta[s+](6) = 0.0781592,	Delta[s+](7) = 0.184748,	Delta[s+](8) = 0.184748,	Delta[s+](9) = 0.0781592,	Delta[s+](10) = 0.0285697,	Delta[s+](11) = 0.0781592,	Delta[s+](12) = 0.291596,	Delta[s+](13) = 0.184748,	Delta[s+](14) = 0.0781592,	Delta[s+](15) = 0.184748
The 10-th iteration is completed.	|| time cost : 0h 4m 28.828s
********************************************************************************************************************
Start the 11 rounds of NGS-ED iteration
	effective electronic model is modified as: kinetic energy t = 0.801751
	                                           effective interaction Vq = [-2.89986,-2.59898,-2.42526,-2.59898,-2.59898,-2.42526,-2.44494,-2.42526,-2.42526,-2.44494,-2.89501,-2.44494,-2.59898,-2.42526,-2.44494,-2.42526]
	PARPACK diagonalization completed after 30 matrix-vector product operations.
	iteration results: : total energy is -73.785386 | electron energy -74.058782 + phonon energy 0.273395 | electron momentum kIdx = 0
The 11-th iteration is completed.	|| time cost : 0h 0m 27.439s
********************************************************************************************************************
Start the 12 rounds of NGS-ED iteration
	effective electronic model is modified as: kinetic energy t = 0.801814
	                                           effective interaction Vq = [-2.89987,-2.59854,-2.42495,-2.59854,-2.59854,-2.42495,-2.44448,-2.42495,-2.42495,-2.44448,-2.89504,-2.44448,-2.59854,-2.42495,-2.44448,-2.42495]
	PARPACK diagonalization completed after 30 matrix-vector product operations.
	iteration results: : total energy is -73.785432 | electron energy -74.058700 + phonon energy 0.273268 | electron momentum kIdx = 0
The 12-th iteration is completed.	|| time cost : 0h 0m 27.407s
********************************************************************************************************************
Start the 13 rounds of NGS-ED iteration
	effective electronic model is modified as: kinetic energy t = 0.801859
	                                           effective interaction Vq = [-2.89987,-2.59825,-2.42474,-2.59825,-2.59825,-2.42474,-2.44417,-2.42474,-2.42474,-2.44417,-2.89505,-2.44417,-2.59825,-2.42474,-2.44417,-2.42474]
	PARPACK diagonalization completed after 30 matrix-vector product operations.
	iteration results: : total energy is -73.785448 | electron energy -74.058616 + phonon energy 0.273168 | electron momentum kIdx = 0
The 13-th iteration is completed.	|| time cost : 0h 0m 27.681s
********************************************************************************************************************
Start the 14 rounds of NGS-ED iteration
	effective electronic model is modified as: kinetic energy t = 0.80189
	                                           effective interaction Vq = [-2.89987,-2.59804,-2.42459,-2.59804,-2.59804,-2.42459,-2.44396,-2.42459,-2.42459,-2.44396,-2.89506,-2.44396,-2.59804,-2.42459,-2.44396,-2.42459]
	PARPACK diagonalization completed after 30 matrix-vector product operations.
	iteration results: : total energy is -73.785454 | electron energy -74.058546 + phonon energy 0.273092 | electron momentum kIdx = 0
The 14-th iteration is completed.	|| time cost : 0h 0m 27.396s
********************************************************************************************************************
Start the 15 rounds of NGS-ED iteration
	effective electronic model is modified as: kinetic energy t = 0.801911
	                                           effective interaction Vq = [-2.89987,-2.59791,-2.42449,-2.59791,-2.59791,-2.42449,-2.44381,-2.42449,-2.42449,-2.44381,-2.89507,-2.44381,-2.59791,-2.42449,-2.44381,-2.42449]
	PARPACK diagonalization completed after 30 matrix-vector product operations.
	iteration results: : total energy is -73.785457 | electron energy -74.058494 + phonon energy 0.273037 | electron momentum kIdx = 0
The 15-th iteration is completed.	|| time cost : 0h 0m 27.389s
********************************************************************************************************************
Start the 16 rounds of NGS-ED iteration
	effective electronic model is modified as: kinetic energy t = 0.801925
	                                           effective interaction Vq = [-2.89987,-2.59782,-2.42442,-2.59782,-2.59782,-2.42442,-2.44372,-2.42442,-2.42442,-2.44372,-2.89507,-2.44372,-2.59782,-2.42442,-2.44372,-2.42442]
	PARPACK diagonalization completed after 30 matrix-vector product operations.
	iteration results: : total energy is -73.785458 | electron energy -74.058456 + phonon energy 0.272999 | electron momentum kIdx = 0
The 16-th iteration is completed.	|| time cost : 0h 0m 27.354s
********************************************************************************************************************
Start the 17 rounds of NGS-ED iteration
	effective electronic model is modified as: kinetic energy t = 0.801935
	                                           effective interaction Vq = [-2.89987,-2.59775,-2.42438,-2.59775,-2.59775,-2.42438,-2.44365,-2.42438,-2.42438,-2.44365,-2.89507,-2.44365,-2.59775,-2.42438,-2.44365,-2.42438]
	PARPACK diagonalization completed after 30 matrix-vector product operations.
	iteration results: : total energy is -73.785458 | electron energy -74.058430 + phonon energy 0.272972 | electron momentum kIdx = 0
The 17-th iteration is completed.	|| time cost : 0h 0m 27.369s
********************************************************************************************************************
Start the 18 rounds of NGS-ED iteration
	effective electronic model is modified as: kinetic energy t = 0.801941
	                                           effective interaction Vq = [-2.89987,-2.59771,-2.42434,-2.59771,-2.59771,-2.42434, -2.4436,-2.42434,-2.42434, -2.4436,-2.89507, -2.4436,-2.59771,-2.42434, -2.4436,-2.42434]
	PARPACK diagonalization completed after 30 matrix-vector product operations.
	iteration results: : total energy is -73.785458 | electron energy -74.058411 + phonon energy 0.272953 | electron momentum kIdx = 0
The 18-th iteration is completed.	|| time cost : 0h 0m 27.376s
********************************************************************************************************************
Start the 19 rounds of NGS-ED iteration
	effective electronic model is modified as: kinetic energy t = 0.801946
	                                           effective interaction Vq = [-2.89987,-2.59769,-2.42432,-2.59769,-2.59769,-2.42432,-2.44357,-2.42432,-2.42432,-2.44357,-2.89507,-2.44357,-2.59769,-2.42432,-2.44357,-2.42432]
	PARPACK diagonalization completed after 30 matrix-vector product operations.
	iteration results: : total energy is -73.785458 | electron energy -74.058399 + phonon energy 0.272940 | electron momentum kIdx = 0
The 19-th iteration is completed.	|| time cost : 0h 0m 27.377s
********************************************************************************************************************
Start the 20 rounds of NGS-ED iteration
	effective electronic model is modified as: kinetic energy t = 0.801949
	                                           effective interaction Vq = [-2.89987,-2.59767,-2.42431,-2.59767,-2.59767,-2.42431,-2.44355,-2.42431,-2.42431,-2.44355,-2.89507,-2.44355,-2.59767,-2.42431,-2.44355,-2.42431]
	PARPACK diagonalization completed after 30 matrix-vector product operations.
	iteration results: : total energy is -73.785458 | electron energy -74.058390 + phonon energy 0.272932 | electron momentum kIdx = 0
