SNEDics v3.4 Non-Gaussian ED ground state program		Start at Wed Sep 25 00:40:53 2019

parallized on 16 MPI threads  * 8 OpenMP threads = 128 total threads.
********************************************************************************************************************
********************************************************************************************************************

********************************************************************************************************************
System parameters and configurations
********************************************************************************************************************
Special program options are enabled: splitted diagonal Hamiltonian
********************************************************************************************************************
Read input file "model_params.in"
	Hubbard-Holstein model parameters : 	t = 1    U = 5.7    g = 3.873    W = 5    
********************************************************************************************************************
Read input file "hilbertspace_params.in"
	Requested 16-site 2D lattice, with 14 electrons (7, 7)
	Boundary : Periodic		Hilbert space representation : momentum-space (restricted to kIdx = 0)
	Conservation: particle number[U(1)]      spin[U(1)]     momentum
********************************************************************************************************************

Cluster Positions:				Cluster symmetry group : D4
 x ... x ... x ... x .....                       x ... x ... x ... x .....
 |           |           :                       |           |           :
 |           |           :                       |           |           :
12    13    14    15     x                       1     5     6     5     x
 |           |           :                       |           |           :
 |           |           :                       |           |           :
 8 --- 9 ---10 ---11 --- x                       2 --- 6 ---10 --- 6 --- x
 |           |           :                       |           |           :
 |           |           :                       |           |           :
 4     5     6     7     x                       1     5     6     5     x
 |           |           :                       |           |           :
 |           |           :                       |           |           :
 0 --- 1 --- 2 --- 3 --- x                       0 --- 1 --- 2 --- 1 --- x
orbital number : 1
********************************************************************************************************************
Read input file "obs_params.in"
	Observable Type : Nq(All),   Sq(All),   N(All),   Delta[s](All),   Delta[d](All),   Delta[s+](All)
********************************************************************************************************************
** WARNING ** the input observables have non-local factors which have been reinterpreted. The total observable number is 96
********************************************************************************************************************


********************************************************************************************************************
Start calculating the non-Gaussian ED ground state
** WARNING ** Detected low phonon energy W < 10. The initial state will be prepared through a warm-up process.
********************************************************************************************************************
Start warm-up calculation for scaling factor 2
open output files: NGSEDWarmUpW10Obs.txt
********************************************************************************************************************
Start the 0 rounds of NGS-ED iteration
	effective electronic model is modified as: kinetic energy t = 1
	                                           effective interaction Vq = [-0,-0,-0,-0,-0,-0,-0,-0,-0,-0,-0,-0,-0,-0,-0,-0]
	first Hamiltonian is constructed, non-zero numbers = 2178478298
	PARPACK diagonalization completed after 150 matrix-vector product operations.
	iteration results: : total energy is -13.712590 | electron energy -13.712590 + phonon energy 0.000000 | electron momentum kIdx = 0
	Nq(0) = 12.25,	Nq(1) = 0.180944,	Nq(2) = 0.228224,	Nq(3) = 0.180944,	Nq(4) = 0.180944,	Nq(5) = 0.256571,	Nq(6) = 0.29918,	Nq(7) = 0.256571,	Nq(8) = 0.228224,	Nq(9) = 0.29918,	Nq(10) = 0.349066,	Nq(11) = 0.29918,	Nq(12) = 0.180944,	Nq(13) = 0.256571,	Nq(14) = 0.29918,	Nq(15) = 0.256571,	Sq(0) = 9.57605e-19,	Sq(1) = 0.473286,	Sq(2) = 0.721271,	Sq(3) = 0.473286,	Sq(4) = 0.473286,	Sq(5) = 0.609202,	Sq(6) = 0.948811,	Sq(7) = 0.609202,	Sq(8) = 0.721271,	Sq(9) = 0.948811,	Sq(10) = 2.42997,	Sq(11) = 0.948811,	Sq(12) = 0.473286,	Sq(13) = 0.609202,	Sq(14) = 0.948811,	Sq(15) = 0.609202,	N(0) = 1.85106,	N(1) = 1.73189,	N(2) = 0.202326,	N(3) = 1.73189,	N(4) = 1.73189,	N(5) = 0.998793,	N(6) = 0.180756,	N(7) = 0.998793,	N(8) = 0.202326,	N(9) = 0.180756,	N(10) = 0.0985421,	N(11) = 0.180756,	N(12) = 1.73189,	N(13) = 0.998793,	N(14) = 0.180756,	N(15) = 0.998793,	Delta[s](0) = 0.105025,	Delta[s](1) = 0.083451,	Delta[s](2) = 0.0576041,	Delta[s](3) = 0.083451,	Delta[s](4) = 0.083451,	Delta[s](5) = 0.0664619,	Delta[s](6) = 0.0410406,	Delta[s](7) = 0.0664619,	Delta[s](8) = 0.0576041,	Delta[s](9) = 0.0410406,	Delta[s](10) = 0.0170984,	Delta[s](11) = 0.0410406,	Delta[s](12) = 0.083451,	Delta[s](13) = 0.0664619,	Delta[s](14) = 0.0410406,	Delta[s](15) = 0.0664619,	Delta[d](0) = 0.253095,	Delta[d](1) = 0.175437,	Delta[d](2) = 0.190796,	Delta[d](3) = 0.175437,	Delta[d](4) = 0.175437,	Delta[d](5) = 0.168837,	Delta[d](6) = 0.12541,	Delta[d](7) = 0.168837,	Delta[d](8) = 0.190796,	Delta[d](9) = 0.12541,	Delta[d](10) = 0.0476706,	Delta[d](11) = 0.12541,	Delta[d](12) = 0.175437,	Delta[d](13) = 0.168837,	Delta[d](14) = 0.12541,	Delta[d](15) = 0.168837,	Delta[s+](0) = 0.563156,	Delta[s+](1) = 0.419266,	Delta[s+](2) = 0.190796,	Delta[s+](3) = 0.419266,	Delta[s+](4) = 0.419266,	Delta[s+](5) = 0.291453,	Delta[s+](6) = 0.120608,	Delta[s+](7) = 0.291453,	Delta[s+](8) = 0.190796,	Delta[s+](9) = 0.120608,	Delta[s+](10) = 0.0354256,	Delta[s+](11) = 0.120608,	Delta[s+](12) = 0.419266,	Delta[s+](13) = 0.291453,	Delta[s+](14) = 0.120608,	Delta[s+](15) = 0.291453
The 0-th iteration is completed.	|| time cost : 0h 6m 24.589s
********************************************************************************************************************
Start the 1 rounds of NGS-ED iteration
	effective electronic model is modified as: kinetic energy t = 0.923525
	                                           effective interaction Vq = [-2.59402,-2.40993,-2.30497,-2.40993,-2.40993,-2.33666,-2.26601,-2.33666,-2.30497,-2.26601,-2.22228,-2.26601,-2.40993,-2.33666,-2.26601,-2.33666]
	PARPACK diagonalization completed after 45 matrix-vector product operations.
	iteration results: : total energy is -55.228189 | electron energy -55.233008 + phonon energy 0.004818 | electron momentum kIdx = 0
The 1-th iteration is completed.	|| time cost : 0h 5m 43.335s
********************************************************************************************************************
Start the 2 rounds of NGS-ED iteration
	effective electronic model is modified as: kinetic energy t = 0.870436
	                                           effective interaction Vq = [-2.94508,-2.81417,-2.69145,-2.81417,-2.81417,-2.74895, -2.6887,-2.74895,-2.69145, -2.6887,-2.62228, -2.6887,-2.81417,-2.74895, -2.6887,-2.74895]
	PARPACK diagonalization completed after 45 matrix-vector product operations.
	iteration results: : total energy is -61.011613 | electron energy -61.052015 + phonon energy 0.040401 | electron momentum kIdx = 0
The 2-th iteration is completed.	|| time cost : 0h 0m 24.017s
********************************************************************************************************************
Start the 3 rounds of NGS-ED iteration
	effective electronic model is modified as: kinetic energy t = 0.849497
	                                           effective interaction Vq = [-2.99259,-2.90701,-2.78322,-2.90701,-2.90701,-2.84793,-2.80078,-2.84793,-2.78322,-2.80078,-2.72449,-2.80078,-2.90701,-2.84793,-2.80078,-2.84793]
	PARPACK diagonalization completed after 45 matrix-vector product operations.
	iteration results: : total energy is -61.797564 | electron energy -61.868173 + phonon energy 0.070609 | electron momentum kIdx = 0
The 3-th iteration is completed.	|| time cost : 0h 0m 24.059s
********************************************************************************************************************
Start the 4 rounds of NGS-ED iteration
	effective electronic model is modified as: kinetic energy t = 0.841932
	                                           effective interaction Vq = [-2.99902,-2.93285,-2.80945,-2.93285,-2.93285,-2.87639,-2.83573,-2.87639,-2.80945,-2.83573,-2.75513,-2.83573,-2.93285,-2.87639,-2.83573,-2.87639]
	PARPACK diagonalization completed after 45 matrix-vector product operations.
	iteration results: : total energy is -61.902469 | electron energy -61.987073 + phonon energy 0.084604 | electron momentum kIdx = 0
The 4-th iteration is completed.	|| time cost : 0h 0m 24.042s
********************************************************************************************************************
Start the 5 rounds of NGS-ED iteration
	effective electronic model is modified as: kinetic energy t = 0.839271
	                                           effective interaction Vq = [-2.99989,-2.94103,-2.81761,-2.94103,-2.94103,-2.88542,-2.84755,-2.88542,-2.81761,-2.84755,-2.76499,-2.84755,-2.94103,-2.88542,-2.84755,-2.88542]
	PARPACK diagonalization completed after 30 matrix-vector product operations.
	iteration results: : total energy is -61.916375 | electron energy -62.006367 + phonon energy 0.089993 | electron momentum kIdx = 0
The 5-th iteration is completed.	|| time cost : 0h 0m 20.51s
********************************************************************************************************************
Start the 6 rounds of NGS-ED iteration
	effective electronic model is modified as: kinetic energy t = 0.838342
	                                           effective interaction Vq = [-3.00001,-2.94378,-2.82023,-2.94378,-2.94378, -2.8884, -2.8517, -2.8884,-2.82023, -2.8517,-2.76824, -2.8517,-2.94378, -2.8884, -2.8517, -2.8884]
	PARPACK diagonalization completed after 30 matrix-vector product operations.
	iteration results: : total energy is -61.918216 | electron energy -62.010156 + phonon energy 0.091939 | electron momentum kIdx = 0
The 6-th iteration is completed.	|| time cost : 0h 0m 20.409s
********************************************************************************************************************
Start the 7 rounds of NGS-ED iteration
	effective electronic model is modified as: kinetic energy t = 0.838019
	                                           effective interaction Vq = [-3.00002,-2.94474,-2.82109,-2.94474,-2.94474, -2.8894,-2.85317, -2.8894,-2.82109,-2.85317,-2.76933,-2.85317,-2.94474, -2.8894,-2.85317, -2.8894]
	PARPACK diagonalization completed after 30 matrix-vector product operations.
	iteration results: : total energy is -61.918460 | electron energy -62.011087 + phonon energy 0.092627 | electron momentum kIdx = 0
The 7-th iteration is completed.	|| time cost : 0h 0m 20.4s
********************************************************************************************************************
Start the 8 rounds of NGS-ED iteration
	effective electronic model is modified as: kinetic energy t = 0.837906
	                                           effective interaction Vq = [-3.00003,-2.94507,-2.82137,-2.94507,-2.94507,-2.88974, -2.8537,-2.88974,-2.82137, -2.8537, -2.7697, -2.8537,-2.94507,-2.88974, -2.8537,-2.88974]
	PARPACK diagonalization completed after 30 matrix-vector product operations.
	iteration results: : total energy is -61.918493 | electron energy -62.011361 + phonon energy 0.092868 | electron momentum kIdx = 0
	Nq(0) = 12.25,	Nq(1) = 0.391216,	Nq(2) = 0.373664,	Nq(3) = 0.391216,	Nq(4) = 0.391216,	Nq(5) = 0.505835,	Nq(6) = 0.62422,	Nq(7) = 0.505835,	Nq(8) = 0.373664,	Nq(9) = 0.62422,	Nq(10) = 0.609694,	Nq(11) = 0.62422,	Nq(12) = 0.391216,	Nq(13) = 0.505835,	Nq(14) = 0.62422,	Nq(15) = 0.505835,	Sq(0) = -4.34467e-19,	Sq(1) = 0.371628,	Sq(2) = 0.539033,	Sq(3) = 0.371628,	Sq(4) = 0.371628,	Sq(5) = 0.497815,	Sq(6) = 0.620617,	Sq(7) = 0.497815,	Sq(8) = 0.539033,	Sq(9) = 0.620617,	Sq(10) = 1.26958,	Sq(11) = 0.620617,	Sq(12) = 0.371628,	Sq(13) = 0.497815,	Sq(14) = 0.620617,	Sq(15) = 0.497815,	N(0) = 1.99994,	N(1) = 1.99964,	N(2) = 0.000267567,	N(3) = 1.99964,	N(4) = 1.99964,	N(5) = 1,	N(6) = 0.000228593,	N(7) = 1,	N(8) = 0.000267567,	N(9) = 0.000228593,	N(10) = 3.44402e-05,	N(11) = 0.000228593,	N(12) = 1.99964,	N(13) = 1,	N(14) = 0.000228593,	N(15) = 1,	Delta[s](0) = 0.245363,	Delta[s](1) = 0.215043,	Delta[s](2) = 0.152958,	Delta[s](3) = 0.215043,	Delta[s](4) = 0.215043,	Delta[s](5) = 0.183171,	Delta[s](6) = 0.152618,	Delta[s](7) = 0.183171,	Delta[s](8) = 0.152958,	Delta[s](9) = 0.152618,	Delta[s](10) = 0.091446,	Delta[s](11) = 0.152618,	Delta[s](12) = 0.215043,	Delta[s](13) = 0.183171,	Delta[s](14) = 0.152618,	Delta[s](15) = 0.183171,	Delta[d](0) = 0.225448,	Delta[d](1) = 0.146799,	Delta[d](2) = 0.147625,	Delta[d](3) = 0.146799,	Delta[d](4) = 0.146799,	Delta[d](5) = 0.151505,	Delta[d](6) = 0.0987026,	Delta[d](7) = 0.151505,	Delta[d](8) = 0.147625,	Delta[d](9) = 0.0987026,	Delta[d](10) = 0.0379331,	Delta[d](11) = 0.0987026,	Delta[d](12) = 0.146799,	Delta[d](13) = 0.151505,	Delta[d](14) = 0.0987026,	Delta[d](15) = 0.151505,	Delta[s+](0) = 0.483204,	Delta[s+](1) = 0.366698,	Delta[s+](2) = 0.147625,	Delta[s+](3) = 0.366698,	Delta[s+](4) = 0.366698,	Delta[s+](5) = 0.258354,	Delta[s+](6) = 0.0928833,	Delta[s+](7) = 0.258354,	Delta[s+](8) = 0.147625,	Delta[s+](9) = 0.0928833,	Delta[s+](10) = 0.0282379,	Delta[s+](11) = 0.0928833,	Delta[s+](12) = 0.366698,	Delta[s+](13) = 0.258354,	Delta[s+](14) = 0.0928833,	Delta[s+](15) = 0.258354
The 8-th iteration is completed.	|| time cost : 0h 3m 21.756s
********************************************************************************************************************
********************************************************************************************************************
Ground state is obtained after 9 iterations. The current ground-state energy is -61.9185, in which electron energy is -62.0114 and phonon energy is 0.0928682
final variational state is: 
	Gamma_x = [      1, 1.0278, 1.0422, 1.0278, 1.0278, 1.0481,1.06646, 1.0481, 1.0422,1.06646,1.07593,1.06646, 1.0278, 1.0481,1.06646, 1.0481]
	lambda_q = [0.547657,0.473673,0.414096,0.473673,0.473673, 0.44276,0.426838, 0.44276,0.414096,0.426838,0.395999,0.426838,0.473673, 0.44276,0.426838, 0.44276]
********************************************************************************************************************
o___o  ----------------------------------------
| L |	Time since last clock: 0h 0m 0s
A===A	Time since the beginning: 0h 17m 43.12s
***********************************************


********************************************************************************************************************
Warm up runs have been completed. Start calculating W = 5 phonon.
open output files: NGSEDIterationObs.txt
********************************************************************************************************************
Start the 0 rounds of NGS-ED iteration
	effective electronic model is modified as: kinetic energy t = 0.837867
	                                           effective interaction Vq = [-2.74251,-2.54724,-2.35021,-2.54724,-2.54724,-2.44944,-2.39533,-2.44944,-2.35021,-2.39533,-2.28333,-2.39533,-2.54724,-2.44944,-2.39533,-2.44944]
	PARPACK diagonalization completed after 45 matrix-vector product operations.
	iteration results: : total energy is -55.695540 | electron energy -55.742016 + phonon energy 0.046476 | electron momentum kIdx = 0
	Nq(0) = 12.25,	Nq(1) = 0.335772,	Nq(2) = 0.351179,	Nq(3) = 0.335772,	Nq(4) = 0.335772,	Nq(5) = 0.45482,	Nq(6) = 0.53936,	Nq(7) = 0.45482,	Nq(8) = 0.351179,	Nq(9) = 0.53936,	Nq(10) = 0.558955,	Nq(11) = 0.53936,	Nq(12) = 0.335772,	Nq(13) = 0.45482,	Nq(14) = 0.53936,	Nq(15) = 0.45482,	Sq(0) = -3.53613e-17,	Sq(1) = 0.403011,	Sq(2) = 0.58744,	Sq(3) = 0.403011,	Sq(4) = 0.403011,	Sq(5) = 0.532659,	Sq(6) = 0.684249,	Sq(7) = 0.532659,	Sq(8) = 0.58744,	Sq(9) = 0.684249,	Sq(10) = 1.51432,	Sq(11) = 0.684249,	Sq(12) = 0.403011,	Sq(13) = 0.532659,	Sq(14) = 0.684249,	Sq(15) = 0.532659,	N(0) = 1.99342,	N(1) = 1.98885,	N(2) = 0.00823546,	N(3) = 1.98885,	N(4) = 1.98885,	N(5) = 0.999329,	N(6) = 0.00837082,	N(7) = 0.999329,	N(8) = 0.00823546,	N(9) = 0.00837082,	N(10) = 0.00390694,	N(11) = 0.00837082,	N(12) = 1.98885,	N(13) = 0.999329,	N(14) = 0.00837082,	N(15) = 0.999329,	Delta[s](0) = 0.205999,	Delta[s](1) = 0.178801,	Delta[s](2) = 0.135821,	Delta[s](3) = 0.178801,	Delta[s](4) = 0.178801,	Delta[s](5) = 0.156496,	Delta[s](6) = 0.128173,	Delta[s](7) = 0.156496,	Delta[s](8) = 0.135821,	Delta[s](9) = 0.128173,	Delta[s](10) = 0.0840378,	Delta[s](11) = 0.128173,	Delta[s](12) = 0.178801,	Delta[s](13) = 0.156496,	Delta[s](14) = 0.128173,	Delta[s](15) = 0.156496,	Delta[d](0) = 0.232636,	Delta[d](1) = 0.157678,	Delta[d](2) = 0.164976,	Delta[d](3) = 0.157678,	Delta[d](4) = 0.157678,	Delta[d](5) = 0.162185,	Delta[d](6) = 0.11229,	Delta[d](7) = 0.162185,	Delta[d](8) = 0.164976,	Delta[d](9) = 0.11229,	Delta[d](10) = 0.0447121,	Delta[d](11) = 0.11229,	Delta[d](12) = 0.157678,	Delta[d](13) = 0.162185,	Delta[d](14) = 0.11229,	Delta[d](15) = 0.162185,	Delta[s+](0) = 0.52557,	Delta[s+](1) = 0.396952,	Delta[s+](2) = 0.164976,	Delta[s+](3) = 0.396952,	Delta[s+](4) = 0.396952,	Delta[s+](5) = 0.278295,	Delta[s+](6) = 0.105366,	Delta[s+](7) = 0.278295,	Delta[s+](8) = 0.164976,	Delta[s+](9) = 0.105366,	Delta[s+](10) = 0.0331054,	Delta[s+](11) = 0.105366,	Delta[s+](12) = 0.396952,	Delta[s+](13) = 0.278295,	Delta[s+](14) = 0.105366,	Delta[s+](15) = 0.278295
The 0-th iteration is completed.	|| time cost : 0h 3m 17.743s
********************************************************************************************************************
Start the 1 rounds of NGS-ED iteration
	effective electronic model is modified as: kinetic energy t = 0.819576
	                                           effective interaction Vq = [-2.90529,-2.68551,-2.45642,-2.68551,-2.68551,-2.57332,-2.49377,-2.57332,-2.45642,-2.49377, -2.3668,-2.49377,-2.68551,-2.57332,-2.49377,-2.57332]
	PARPACK diagonalization completed after 45 matrix-vector product operations.
	iteration results: : total energy is -57.923676 | electron energy -58.056784 + phonon energy 0.133108 | electron momentum kIdx = 0
The 1-th iteration is completed.	|| time cost : 0h 0m 24.07s
********************************************************************************************************************
Start the 2 rounds of NGS-ED iteration
	effective electronic model is modified as: kinetic energy t = 0.807237
	                                           effective interaction Vq = [-2.96517,-2.75795,-2.51461,-2.75795,-2.75795,-2.64148,-2.55473,-2.64148,-2.51461,-2.55473,-2.42004,-2.55473,-2.75795,-2.64148,-2.55473,-2.64148]
	PARPACK diagonalization completed after 30 matrix-vector product operations.
	iteration results: : total energy is -58.742801 | electron energy -58.936672 + phonon energy 0.193871 | electron momentum kIdx = 0
The 2-th iteration is completed.	|| time cost : 0h 0m 20.554s
********************************************************************************************************************
Start the 3 rounds of NGS-ED iteration
	effective electronic model is modified as: kinetic energy t = 0.799416
	                                           effective interaction Vq = [ -2.9872,-2.79741, -2.5469,-2.79741,-2.79741, -2.6796,-2.59156, -2.6796, -2.5469,-2.59156,-2.45194,-2.59156,-2.79741, -2.6796,-2.59156, -2.6796]
	PARPACK diagonalization completed after 30 matrix-vector product operations.
	iteration results: : total energy is -59.043844 | electron energy -59.275460 + phonon energy 0.231616 | electron momentum kIdx = 0
The 3-th iteration is completed.	|| time cost : 0h 0m 20.432s
********************************************************************************************************************
Start the 4 rounds of NGS-ED iteration
	effective electronic model is modified as: kinetic energy t = 0.794602
	                                           effective interaction Vq = [-2.99531,-2.81956,-2.56504,-2.81956,-2.81956,-2.70124,-2.61374,-2.70124,-2.56504,-2.61374,-2.47071,-2.61374,-2.81956,-2.70124,-2.61374,-2.70124]
	PARPACK diagonalization completed after 30 matrix-vector product operations.
	iteration results: : total energy is -59.154394 | electron energy -59.408877 + phonon energy 0.254482 | electron momentum kIdx = 0
The 4-th iteration is completed.	|| time cost : 0h 0m 20.429s
********************************************************************************************************************
Start the 5 rounds of NGS-ED iteration
	effective electronic model is modified as: kinetic energy t = 0.791683
	                                           effective interaction Vq = [-2.99829,-2.83226,-2.57531,-2.83226,-2.83226,-2.71366,-2.62713,-2.71366,-2.57531,-2.62713, -2.4817,-2.62713,-2.83226,-2.71366,-2.62713,-2.71366]
	PARPACK diagonalization completed after 30 matrix-vector product operations.
	iteration results: : total energy is -59.194968 | electron energy -59.463212 + phonon energy 0.268244 | electron momentum kIdx = 0
The 5-th iteration is completed.	|| time cost : 0h 0m 20.44s
********************************************************************************************************************
Start the 6 rounds of NGS-ED iteration
	effective electronic model is modified as: kinetic energy t = 0.789927
	                                           effective interaction Vq = [-2.99939,-2.83965,-2.58117,-2.83965,-2.83965,-2.72085,-2.63524,-2.72085,-2.58117,-2.63524,-2.48814,-2.63524,-2.83965,-2.72085,-2.63524,-2.72085]
	PARPACK diagonalization completed after 30 matrix-vector product operations.
	iteration results: : total energy is -59.209855 | electron energy -59.486361 + phonon energy 0.276506 | electron momentum kIdx = 0
The 6-th iteration is completed.	|| time cost : 0h 0m 20.413s
********************************************************************************************************************
Start the 7 rounds of NGS-ED iteration
	effective electronic model is modified as: kinetic energy t = 0.788875
	                                           effective interaction Vq = [-2.99979,-2.84399,-2.58453,-2.84399,-2.84399,-2.72503,-2.64016,-2.72503,-2.58453,-2.64016,-2.49192,-2.64016,-2.84399,-2.72503,-2.64016,-2.72503]
	PARPACK diagonalization completed after 30 matrix-vector product operations.
	iteration results: : total energy is -59.215317 | electron energy -59.496776 + phonon energy 0.281459 | electron momentum kIdx = 0
The 7-th iteration is completed.	|| time cost : 0h 0m 20.416s
********************************************************************************************************************
Start the 8 rounds of NGS-ED iteration
	effective electronic model is modified as: kinetic energy t = 0.788245
	                                           effective interaction Vq = [-2.99994,-2.84656,-2.58646,-2.84656,-2.84656,-2.72746,-2.64315,-2.72746,-2.58646,-2.64315,-2.49413,-2.64315,-2.84656,-2.72746,-2.64315,-2.72746]
	PARPACK diagonalization completed after 30 matrix-vector product operations.
	iteration results: : total energy is -59.217321 | electron energy -59.501747 + phonon energy 0.284426 | electron momentum kIdx = 0
The 8-th iteration is completed.	|| time cost : 0h 0m 20.439s
********************************************************************************************************************
Start the 9 rounds of NGS-ED iteration
	effective electronic model is modified as: kinetic energy t = 0.787869
	                                           effective interaction Vq = [-2.99999,-2.84808,-2.58757,-2.84808,-2.84808,-2.72888,-2.64498,-2.72888,-2.58757,-2.64498,-2.49544,-2.64498,-2.84808,-2.72888,-2.64498,-2.72888]
	PARPACK diagonalization completed after 30 matrix-vector product operations.
	iteration results: : total energy is -59.218056 | electron energy -59.504258 + phonon energy 0.286202 | electron momentum kIdx = 0
The 9-th iteration is completed.	|| time cost : 0h 0m 20.423s
********************************************************************************************************************
Start the 10 rounds of NGS-ED iteration
	effective electronic model is modified as: kinetic energy t = 0.787645
	                                           effective interaction Vq = [-3.00001,-2.84898,-2.58822,-2.84898,-2.84898,-2.72971,-2.64608,-2.72971,-2.58822,-2.64608, -2.4962,-2.64608,-2.84898,-2.72971,-2.64608,-2.72971]
	PARPACK diagonalization completed after 30 matrix-vector product operations.
	iteration results: : total energy is -59.218326 | electron energy -59.505591 + phonon energy 0.287266 | electron momentum kIdx = 0
	Nq(0) = 12.25,	Nq(1) = 0.378584,	Nq(2) = 0.362634,	Nq(3) = 0.378584,	Nq(4) = 0.378584,	Nq(5) = 0.487718,	Nq(6) = 0.580063,	Nq(7) = 0.487718,	Nq(8) = 0.362634,	Nq(9) = 0.580063,	Nq(10) = 0.576045,	Nq(11) = 0.580063,	Nq(12) = 0.378584,	Nq(13) = 0.487718,	Nq(14) = 0.580063,	Nq(15) = 0.487718,	Sq(0) = 1.39937e-17,	Sq(1) = 0.38419,	Sq(2) = 0.5608,	Sq(3) = 0.38419,	Sq(4) = 0.38419,	Sq(5) = 0.51358,	Sq(6) = 0.646882,	Sq(7) = 0.51358,	Sq(8) = 0.5608,	Sq(9) = 0.646882,	Sq(10) = 1.36302,	Sq(11) = 0.646882,	Sq(12) = 0.38419,	Sq(13) = 0.51358,	Sq(14) = 0.646882,	Sq(15) = 0.51358,	N(0) = 1.99864,	N(1) = 1.99765,	N(2) = 0.00163132,	N(3) = 1.99765,	N(4) = 1.99765,	N(5) = 0.999963,	N(6) = 0.00170097,	N(7) = 0.999963,	N(8) = 0.00163132,	N(9) = 0.00170097,	N(10) = 0.000856992,	N(11) = 0.00170097,	N(12) = 1.99765,	N(13) = 0.999963,	N(14) = 0.00170097,	N(15) = 0.999963,	Delta[s](0) = 0.216955,	Delta[s](1) = 0.193413,	Delta[s](2) = 0.150784,	Delta[s](3) = 0.193413,	Delta[s](4) = 0.193413,	Delta[s](5) = 0.171054,	Delta[s](6) = 0.146861,	Delta[s](7) = 0.171054,	Delta[s](8) = 0.150784,	Delta[s](9) = 0.146861,	Delta[s](10) = 0.104549,	Delta[s](11) = 0.146861,	Delta[s](12) = 0.193413,	Delta[s](13) = 0.171054,	Delta[s](14) = 0.146861,	Delta[s](15) = 0.171054,	Delta[d](0) = 0.24038,	Delta[d](1) = 0.170322,	Delta[d](2) = 0.173469,	Delta[d](3) = 0.170322,	Delta[d](4) = 0.170322,	Delta[d](5) = 0.175751,	Delta[d](6) = 0.123246,	Delta[d](7) = 0.175751,	Delta[d](8) = 0.173469,	Delta[d](9) = 0.123246,	Delta[d](10) = 0.05547,	Delta[d](11) = 0.123246,	Delta[d](12) = 0.170322,	Delta[d](13) = 0.175751,	Delta[d](14) = 0.123246,	Delta[d](15) = 0.175751,	Delta[s+](0) = 0.531486,	Delta[s+](1) = 0.404071,	Delta[s+](2) = 0.173469,	Delta[s+](3) = 0.404071,	Delta[s+](4) = 0.404071,	Delta[s+](5) = 0.287868,	Delta[s+](6) = 0.114236,	Delta[s+](7) = 0.287868,	Delta[s+](8) = 0.173469,	Delta[s+](9) = 0.114236,	Delta[s+](10) = 0.0415363,	Delta[s+](11) = 0.114236,	Delta[s+](12) = 0.404071,	Delta[s+](13) = 0.287868,	Delta[s+](14) = 0.114236,	Delta[s+](15) = 0.287868
The 10-th iteration is completed.	|| time cost : 0h 3m 10.889s
********************************************************************************************************************
Start the 11 rounds of NGS-ED iteration
	effective electronic model is modified as: kinetic energy t = 0.787511
	                                           effective interaction Vq = [-3.00002,-2.84952,-2.58859,-2.84952,-2.84952,-2.73019,-2.64676,-2.73019,-2.58859,-2.64676,-2.49665,-2.64676,-2.84952,-2.73019,-2.64676,-2.73019]
	PARPACK diagonalization completed after 30 matrix-vector product operations.
	iteration results: : total energy is -59.218425 | electron energy -59.506327 + phonon energy 0.287902 | electron momentum kIdx = 0
The 11-th iteration is completed.	|| time cost : 0h 0m 20.48s
********************************************************************************************************************
Start the 12 rounds of NGS-ED iteration
	effective electronic model is modified as: kinetic energy t = 0.78743
	                                           effective interaction Vq = [-3.00002,-2.84984, -2.5888,-2.84984,-2.84984,-2.73048,-2.64717,-2.73048, -2.5888,-2.64717,-2.49692,-2.64717,-2.84984,-2.73048,-2.64717,-2.73048]
	PARPACK diagonalization completed after 30 matrix-vector product operations.
	iteration results: : total energy is -59.218461 | electron energy -59.506744 + phonon energy 0.288283 | electron momentum kIdx = 0
The 12-th iteration is completed.	|| time cost : 0h 0m 20.416s
********************************************************************************************************************
Start the 13 rounds of NGS-ED iteration
	effective electronic model is modified as: kinetic energy t = 0.787383
	                                           effective interaction Vq = [-3.00003,-2.85003,-2.58893,-2.85003,-2.85003,-2.73064,-2.64742,-2.73064,-2.58893,-2.64742,-2.49707,-2.64742,-2.85003,-2.73064,-2.64742,-2.73064]
	PARPACK diagonalization completed after 30 matrix-vector product operations.
	iteration results: : total energy is -59.218474 | electron energy -59.506986 + phonon energy 0.288512 | electron momentum kIdx = 0
The 13-th iteration is completed.	|| time cost : 0h 0m 20.427s
********************************************************************************************************************
Start the 14 rounds of NGS-ED iteration
	effective electronic model is modified as: kinetic energy t = 0.787354
	                                           effective interaction Vq = [-3.00003,-2.85015,  -2.589,-2.85015,-2.85015,-2.73074,-2.64758,-2.73074,  -2.589,-2.64758,-2.49717,-2.64758,-2.85015,-2.73074,-2.64758,-2.73074]
	PARPACK diagonalization completed after 30 matrix-vector product operations.
	iteration results: : total energy is -59.218479 | electron energy -59.507128 + phonon energy 0.288648 | electron momentum kIdx = 0
The 14-th iteration is completed.	|| time cost : 0h 0m 20.413s
********************************************************************************************************************
Start the 15 rounds of NGS-ED iteration
	effective electronic model is modified as: kinetic energy t = 0.787337
	                                           effective interaction Vq = [-3.00003,-2.85021,-2.58905,-2.85021,-2.85021, -2.7308,-2.64767, -2.7308,-2.58905,-2.64767,-2.49722,-2.64767,-2.85021, -2.7308,-2.64767, -2.7308]
	PARPACK diagonalization completed after 30 matrix-vector product operations.
	iteration results: : total energy is -59.218481 | electron energy -59.507211 + phonon energy 0.288730 | electron momentum kIdx = 0
The 15-th iteration is completed.	|| time cost : 0h 0m 20.4s
********************************************************************************************************************
Start the 16 rounds of NGS-ED iteration
	effective electronic model is modified as: kinetic energy t = 0.787327
	                                           effective interaction Vq = [-3.00003,-2.85025,-2.58907,-2.85025,-2.85025,-2.73083,-2.64773,-2.73083,-2.58907,-2.64773,-2.49725,-2.64773,-2.85025,-2.73083,-2.64773,-2.73083]
	PARPACK diagonalization completed after 30 matrix-vector product operations.
	iteration results: : total energy is -59.218482 | electron energy -59.507261 + phonon energy 0.288779 | electron momentum kIdx = 0
The 16-th iteration is completed.	|| time cost : 0h 0m 20.409s
********************************************************************************************************************
Start the 17 rounds of NGS-ED iteration
	effective electronic model is modified as: kinetic energy t = 0.78732
	                                           effective interaction Vq = [-3.00003,-2.85028,-2.58909,-2.85028,-2.85028,-2.73085,-2.64776,-2.73085,-2.58909,-2.64776,-2.49727,-2.64776,-2.85028,-2.73085,-2.64776,-2.73085]
	PARPACK diagonalization completed after 30 matrix-vector product operations.
	iteration results: : total energy is -59.218482 | electron energy -59.507291 + phonon energy 0.288809 | electron momentum kIdx = 0
The 17-th iteration is completed.	|| time cost : 0h 0m 20.436s
********************************************************************************************************************
Start the 18 rounds of NGS-ED iteration
	effective electronic model is modified as: kinetic energy t = 0.787317
	                                           effective interaction Vq = [-3.00003,-2.85029,-2.58909,-2.85029,-2.85029,-2.73086,-2.64778,-2.73086,-2.58909,-2.64778,-2.49728,-2.64778,-2.85029,-2.73086,-2.64778,-2.73086]
	PARPACK diagonalization completed after 30 matrix-vector product operations.
	iteration results: : total energy is -59.218482 | electron energy -59.507308 + phonon energy 0.288826 | electron momentum kIdx = 0
The 18-th iteration is completed.	|| time cost : 0h 0m 20.54s
********************************************************************************************************************
Start the 19 rounds of NGS-ED iteration
	effective electronic model is modified as: kinetic energy t = 0.787315
	                                           effective interaction Vq = [-3.00003, -2.8503, -2.5891, -2.8503, -2.8503,-2.73087,-2.64779,-2.73087, -2.5891,-2.64779,-2.49729,-2.64779, -2.8503,-2.73087,-2.64779,-2.73087]
	PARPACK diagonalization completed after 30 matrix-vector product operations.
	iteration results: : total energy is -59.218482 | electron energy -59.507319 + phonon energy 0.288837 | electron momentum kIdx = 0
The 19-th iteration is completed.	|| time cost : 0h 0m 20.459s
********************************************************************************************************************
Start the 20 rounds of NGS-ED iteration
	effective electronic model is modified as: kinetic energy t = 0.787313
	                                           effective interaction Vq = [-3.00003,-2.85031, -2.5891,-2.85031,-2.85031,-2.73087, -2.6478,-2.73087, -2.5891, -2.6478, -2.4973, -2.6478,-2.85031,-2.73087, -2.6478,-2.73087]
	PARPACK diagonalization completed after 30 matrix-vector product operations.
	iteration results: : total energy is -59.218482 | electron energy -59.507325 + phonon energy 0.288843 | electron momentum kIdx = 0
	Nq(0) = 12.25,	Nq(1) = 0.378807,	Nq(2) = 0.36266,	Nq(3) = 0.378807,	Nq(4) = 0.378807,	Nq(5) = 0.48784,	Nq(6) = 0.580399,	Nq(7) = 0.48784,	Nq(8) = 0.36266,	Nq(9) = 0.580399,	Nq(10) = 0.576126,	Nq(11) = 0.580399,	Nq(12) = 0.378807,	Nq(13) = 0.48784,	Nq(14) = 0.580399,	Nq(15) = 0.48784,	Sq(0) = -2.09061e-17,	Sq(1) = 0.38408,	Sq(2) = 0.560647,	Sq(3) = 0.38408,	Sq(4) = 0.38408,	Sq(5) = 0.513463,	Sq(6) = 0.646676,	Sq(7) = 0.513463,	Sq(8) = 0.560647,	Sq(9) = 0.646676,	Sq(10) = 1.36219,	Sq(11) = 0.646676,	Sq(12) = 0.38408,	Sq(13) = 0.513463,	Sq(14) = 0.646676,	Sq(15) = 0.513463,	N(0) = 1.99865,	N(1) = 1.99767,	N(2) = 0.00161264,	N(3) = 1.99767,	N(4) = 1.99767,	N(5) = 0.999964,	N(6) = 0.00168137,	N(7) = 0.999964,	N(8) = 0.00161264,	N(9) = 0.00168137,	N(10) = 0.000845836,	N(11) = 0.00168137,	N(12) = 1.99767,	N(13) = 0.999964,	N(14) = 0.00168137,	N(15) = 0.999964,	Delta[s](0) = 0.217011,	Delta[s](1) = 0.193492,	Delta[s](2) = 0.150872,	Delta[s](3) = 0.193492,	Delta[s](4) = 0.193492,	Delta[s](5) = 0.171136,	Delta[s](6) = 0.146969,	Delta[s](7) = 0.171136,	Delta[s](8) = 0.150872,	Delta[s](9) = 0.146969,	Delta[s](10) = 0.104672,	Delta[s](11) = 0.146969,	Delta[s](12) = 0.193492,	Delta[s](13) = 0.171136,	Delta[s](14) = 0.146969,	Delta[s](15) = 0.171136,	Delta[d](0) = 0.24042,	Delta[d](1) = 0.170404,	Delta[d](2) = 0.17353,	Delta[d](3) = 0.170404,	Delta[d](4) = 0.170404,	Delta[d](5) = 0.175837,	Delta[d](6) = 0.123318,	Delta[d](7) = 0.175837,	Delta[d](8) = 0.17353,	Delta[d](9) = 0.123318,	Delta[d](10) = 0.0555404,	Delta[d](11) = 0.123318,	Delta[d](12) = 0.170404,	Delta[d](13) = 0.175837,	Delta[d](14) = 0.123318,	Delta[d](15) = 0.175837,	Delta[s+](0) = 0.531541,	Delta[s+](1) = 0.404128,	Delta[s+](2) = 0.17353,	Delta[s+](3) = 0.404128,	Delta[s+](4) = 0.404128,	Delta[s+](5) = 0.287939,	Delta[s+](6) = 0.1143,	Delta[s+](7) = 0.287939,	Delta[s+](8) = 0.17353,	Delta[s+](9) = 0.1143,	Delta[s+](10) = 0.0415952,	Delta[s+](11) = 0.1143,	Delta[s+](12) = 0.404128,	Delta[s+](13) = 0.287939,	Delta[s+](14) = 0.1143,	Delta[s+](15) = 0.287939
The 20-th iteration is completed.	|| time cost : 0h 3m 11.76s
********************************************************************************************************************
Start the 21 rounds of NGS-ED iteration
	effective electronic model is modified as: kinetic energy t = 0.787312
	                                           effective interaction Vq = [-3.00003,-2.85031, -2.5891,-2.85031,-2.85031,-2.73087,-2.64781,-2.73087, -2.5891,-2.64781, -2.4973,-2.64781,-2.85031,-2.73087,-2.64781,-2.73087]
	PARPACK diagonalization completed after 30 matrix-vector product operations.
	iteration results: : total energy is -59.218482 | electron energy -59.507329 + phonon energy 0.288847 | electron momentum kIdx = 0
The 21-th iteration is completed.	|| time cost : 0h 0m 20.535s
********************************************************************************************************************
Start the 22 rounds of NGS-ED iteration
	effective electronic model is modified as: kinetic energy t = 0.787312
	                                           effective interaction Vq = [-3.00003,-2.85031, -2.5891,-2.85031,-2.85031,-2.73088,-2.64781,-2.73088, -2.5891,-2.64781, -2.4973,-2.64781,-2.85031,-2.73088,-2.64781,-2.73088]
	PARPACK diagonalization completed after 30 matrix-vector product operations.
	iteration results: : total energy is -59.218482 | electron energy -59.507332 + phonon energy 0.288849 | electron momentum kIdx = 0
The 22-th iteration is completed.	|| time cost : 0h 0m 20.449s
********************************************************************************************************************
Start the 23 rounds of NGS-ED iteration
	effective electronic model is modified as: kinetic energy t = 0.787312
	                                           effective interaction Vq = [-3.00003,-2.85031, -2.5891,-2.85031,-2.85031,-2.73088,-2.64781,-2.73088, -2.5891,-2.64781, -2.4973,-2.64781,-2.85031,-2.73088,-2.64781,-2.73088]
	PARPACK diagonalization completed after 30 matrix-vector product operations.
	iteration results: : total energy is -59.218482 | electron energy -59.507333 + phonon energy 0.288851 | electron momentum kIdx = 0
The 23-th iteration is completed.	|| time cost : 0h 0m 20.444s
********************************************************************************************************************
Start the 24 rounds of NGS-ED iteration
	effective electronic model is modified as: kinetic energy t = 0.787312
	                                           effective interaction Vq = [-3.00003,-2.85031,-2.58911,-2.85031,-2.85031,-2.73088,-2.64781,-2.73088,-2.58911,-2.64781, -2.4973,-2.64781,-2.85031,-2.73088,-2.64781,-2.73088]
	PARPACK diagonalization completed after 30 matrix-vector product operations.
	iteration results: : total energy is -59.218482 | electron energy -59.507334 + phonon energy 0.288852 | electron momentum kIdx = 0
The 24-th iteration is completed.	|| time cost : 0h 0m 20.435s
********************************************************************************************************************
Start the 25 rounds of NGS-ED iteration
	effective electronic model is modified as: kinetic energy t = 0.787311
	                                           effective interaction Vq = [-3.00003,-2.85031,-2.58911,-2.85031,-2.85031,-2.73088,-2.64781,-2.73088,-2.58911,-2.64781, -2.4973,-2.64781,-2.85031,-2.73088,-2.64781,-2.73088]
	PARPACK diagonalization completed after 30 matrix-vector product operations.
