SNEDics v3.22.2 Non-Gaussian ED ground state program		Start at Thu Jun 30 12:18:14 2022

Parallelization: 32 MPI threads  * 8 OpenMP threads = 256 total threads.
********************************************************************************************************************
********************************************************************************************************************

********************************************************************************************************************
System parameters and configurations
	special program options are enabled: splitted diagonal Hamiltonian | splitted Hamiltonian terms
********************************************************************************************************************
Read input file "model_params.in"
	Hubbard-Holstein model parameters : 	t = 1    t' = -0.3    U = 8    g = 0.95    W = 0.2    g' = 0.6    
********************************************************************************************************************
Read input file "hilbertspace_params.in"
	Requested 16-site 2D lattice, with 8 electrons (4, 4)
	Boundary : Periodic		Hilbert space representation : momentum-space (restricted to kIdx = 0)
	Conservation: particle number[U(1)]      spin[U(1)]     momentum
********************************************************************************************************************

Cluster Positions:				Cluster symmetry group : D4
 x ... x ... x ... x .....                       x ... x ... x ... x .....
 |           |           :                       |           |           :
 |           |           :                       |           |           :
12    13    14    15     x                       1     5     6     5     x
 |           |           :                       |           |           :
 |           |           :                       |           |           :
 8 --- 9 ---10 ---11 --- x                       2 --- 6 ---10 --- 6 --- x
 |           |           :                       |           |           :
 |           |           :                       |           |           :
 4     5     6     7     x                       1     5     6     5     x
 |           |           :                       |           |           :
 |           |           :                       |           |           :
 0 --- 1 --- 2 --- 3 --- x                       0 --- 1 --- 2 --- 1 --- x
orbital number : 1
********************************************************************************************************************
Read input file "obs_params.in"
	Observable Type : Nq(All),   Sq(All),   N(All-Orbital),   Delta[s](All),   Delta[d](All),   Delta[s+](All)
** WARNING ** the input observables have non-local factors which have been reinterpreted. The total observable number is 96
********************************************************************************************************************


********************************************************************************************************************
Start calculating the non-Gaussian ED ground state
Maximal iteration number is 1000; energy resolution is 1e-06. Phonon state relaxation time is 2000
W = 0.2 is relatively large. The non-Gaussian ED calculation starts directly.
open output files: NGSED_iteration_observables.txt
********************************************************************************************************************
Start the 0 rounds of NGS-ED iteration
	effective electronic model is modified as: kinetic energy t = 1, t' = -0.3
	                                           effective interaction Vq = [0,0,0,0,0,0,0,0,0,0,0,0,0,0,0,0]
	first Hamiltonian is constructed, size = 207184 and non-zero numbers = 32252562
	PARPACK diagonalization completed after 120 matrix-vector product operations.
	iteration results: : total energy is -14.600323 | electron energy -14.600323 + phonon energy 0.000000 | electron momentum kIdx = 0
	Nq(0) = 4,	Nq(1) = 0.197198,	Nq(2) = 0.25408,	Nq(3) = 0.197198,	Nq(4) = 0.197198,	Nq(5) = 0.267076,	
	Nq(6) = 0.353825,	Nq(7) = 0.267076,	Nq(8) = 0.25408,	Nq(9) = 0.353825,	Nq(10) = 0.466428,	
	Nq(11) = 0.353825,	Nq(12) = 0.197198,	Nq(13) = 0.267076,	Nq(14) = 0.353825,	Nq(15) = 0.267076;	
	Sq(0) = 8.19558e-19,	Sq(1) = 0.482052,	Sq(2) = 0.340779,	Sq(3) = 0.482052,	Sq(4) = 0.482052,	
	Sq(5) = 0.566062,	Sq(6) = 0.591821,	Sq(7) = 0.566062,	Sq(8) = 0.340779,	Sq(9) = 0.591821,	
	Sq(10) = 0.511715,	Sq(11) = 0.591821,	Sq(12) = 0.482052,	Sq(13) = 0.566062,	Sq(14) = 0.591821,	
	Sq(15) = 0.566062;	N(0) = 1.72489,	N(1) = 1.32099,	N(2) = 0.213478,	N(3) = 1.32099,	
	N(4) = 1.32099,	N(5) = 0.105651,	N(6) = 0.0323985,	N(7) = 0.105651,	N(8) = 0.213478,	
	N(9) = 0.0323985,	N(10) = 0.0120143,	N(11) = 0.0323985,	N(12) = 1.32099,	N(13) = 0.105651,	
	N(14) = 0.0323985,	N(15) = 0.105651;	Delta[s](0) = 0.00783871,	Delta[s](1) = 0.00777667,	Delta[s](2) = 0.00771937,	
	Delta[s](3) = 0.00777667,	Delta[s](4) = 0.00777667,	Delta[s](5) = 0.00771604,	Delta[s](6) = 0.00765984,	Delta[s](7) = 0.00771604,	
	Delta[s](8) = 0.00771937,	Delta[s](9) = 0.00765984,	Delta[s](10) = 0.00760515,	Delta[s](11) = 0.00765984,	Delta[s](12) = 0.00777667,	
	Delta[s](13) = 0.00771604,	Delta[s](14) = 0.00765984,	Delta[s](15) = 0.00771604;	Delta[d](0) = 0.0814639,	Delta[d](1) = 0.0711024,	
	Delta[d](2) = 0.0676043,	Delta[d](3) = 0.0711024,	Delta[d](4) = 0.0711024,	Delta[d](5) = 0.0579888,	Delta[d](6) = 0.0513363,	
	Delta[d](7) = 0.0579888,	Delta[d](8) = 0.0676043,	Delta[d](9) = 0.0513363,	Delta[d](10) = 0.0413536,	Delta[d](11) = 0.0513363,	
	Delta[d](12) = 0.0711024,	Delta[d](13) = 0.0579888,	Delta[d](14) = 0.0513363,	Delta[d](15) = 0.0579888;	Delta[s+](0) = 0.122028,	
	Delta[s+](1) = 0.0915992,	Delta[s+](2) = 0.0676043,	Delta[s+](3) = 0.0915992,	Delta[s+](4) = 0.0915992,	Delta[s+](5) = 0.0648764,	
	Delta[s+](6) = 0.0449706,	Delta[s+](7) = 0.0648764,	Delta[s+](8) = 0.0676043,	Delta[s+](9) = 0.0449706,	Delta[s+](10) = 0.0293973,	
	Delta[s+](11) = 0.0449706,	Delta[s+](12) = 0.0915992,	Delta[s+](13) = 0.0648764,	Delta[s+](14) = 0.0449706,	Delta[s+](15) = 0.0648764
	
The 0-th iteration is completed.	|| time cost : 0h 0m 5.282s
********************************************************************************************************************
Start the 1 rounds of NGS-ED iteration
	effective electronic model is modified as: kinetic energy t = 0.310551, t' = -0.0535146
	                                           effective interaction Vq = [  -56.1125,  -22.1589,  -3.39153,  -22.1589,  -22.1589,  -3.43548,-0.0834898,  -3.43548,  -3.39153,-0.0834898,  -9.74906,-0.0834898,  -22.1589,  -3.43548,-0.0834898,  -3.43548]
	PARPACK diagonalization completed after 75 matrix-vector product operations.
	iteration results: : total energy is -378.783770 | electron energy -383.512223 + phonon energy 4.728453 | electron momentum kIdx = 0
The 1-th iteration is completed.	|| time cost : 0h 0m 3.199s
********************************************************************************************************************
Start the 2 rounds of NGS-ED iteration
	effective electronic model is modified as: kinetic energy t = 8.79067e-14, t' = -7.26192e-19
	                                           effective interaction Vq = [-56.1125,-23.1125, -4.5125,-23.1125,-23.1125, -4.5125, -0.3125, -4.5125, -4.5125, -0.3125,-10.5125, -0.3125,-23.1125, -4.5125, -0.3125, -4.5125]
	PARPACK diagonalization completed after 30 matrix-vector product operations.
	iteration results: : total energy is -395.400000 | electron energy -395.400000 + phonon energy 0.000000 | electron momentum kIdx = 0
The 2-th iteration is completed.	|| time cost : 0h 0m 0.38s
********************************************************************************************************************
Start the 3 rounds of NGS-ED iteration
	effective electronic model is modified as: kinetic energy t = 8.79062e-14, t' = -7.26192e-19
	                                           effective interaction Vq = [-56.1125,-23.1125, -4.5125,-23.1125,-23.1125, -4.5125, -0.3125, -4.5125, -4.5125, -0.3125,-10.5125, -0.3125,-23.1125, -4.5125, -0.3125, -4.5125]
	PARPACK diagonalization completed after 30 matrix-vector product operations.
	iteration results: : total energy is -395.400000 | electron energy -395.400000 + phonon energy 0.000000 | electron momentum kIdx = 0
The 3-th iteration is completed.	|| time cost : 0h 0m 0.378s
********************************************************************************************************************
Start the 4 rounds of NGS-ED iteration
	effective electronic model is modified as: kinetic energy t = 8.79096e-14, t' = -7.26192e-19
	                                           effective interaction Vq = [-56.1125,-23.1125, -4.5125,-23.1125,-23.1125, -4.5125, -0.3125, -4.5125, -4.5125, -0.3125,-10.5125, -0.3125,-23.1125, -4.5125, -0.3125, -4.5125]
	PARPACK diagonalization completed after 30 matrix-vector product operations.
	iteration results: : total energy is -395.400000 | electron energy -395.400000 + phonon energy 0.000000 | electron momentum kIdx = 0
The 4-th iteration is completed.	|| time cost : 0h 0m 0.375s
********************************************************************************************************************
Start the 5 rounds of NGS-ED iteration
	effective electronic model is modified as: kinetic energy t = 8.79062e-14, t' = -7.26192e-19
	                                           effective interaction Vq = [-56.1125,-23.1125, -4.5125,-23.1125,-23.1125, -4.5125, -0.3125, -4.5125, -4.5125, -0.3125,-10.5125, -0.3125,-23.1125, -4.5125, -0.3125, -4.5125]
	PARPACK diagonalization completed after 30 matrix-vector product operations.
	iteration results: : total energy is -395.400000 | electron energy -395.400000 + phonon energy 0.000000 | electron momentum kIdx = 0
The 5-th iteration is completed.	|| time cost : 0h 0m 0.378s
********************************************************************************************************************
Start the 6 rounds of NGS-ED iteration
	effective electronic model is modified as: kinetic energy t = 8.79065e-14, t' = -7.26192e-19
	                                           effective interaction Vq = [-56.1125,-23.1125, -4.5125,-23.1125,-23.1125, -4.5125, -0.3125, -4.5125, -4.5125, -0.3125,-10.5125, -0.3125,-23.1125, -4.5125, -0.3125, -4.5125]
	PARPACK diagonalization completed after 30 matrix-vector product operations.
	iteration results: : total energy is -395.400000 | electron energy -395.400000 + phonon energy 0.000000 | electron momentum kIdx = 0
The 6-th iteration is completed.	|| time cost : 0h 0m 0.378s
********************************************************************************************************************
Start the 7 rounds of NGS-ED iteration
	effective electronic model is modified as: kinetic energy t = 8.79897e-14, t' = -7.26303e-19
	                                           effective interaction Vq = [-56.1125,-23.1125, -4.5125,-23.1125,-23.1125, -4.5125, -0.3125, -4.5125, -4.5125, -0.3125,-10.5125, -0.3125,-23.1125, -4.5125, -0.3125, -4.5125]
	PARPACK diagonalization completed after 30 matrix-vector product operations.
	iteration results: : total energy is -395.400000 | electron energy -395.400000 + phonon energy 0.000000 | electron momentum kIdx = 0
The 7-th iteration is completed.	|| time cost : 0h 0m 0.377s
********************************************************************************************************************
Start the 8 rounds of NGS-ED iteration
	effective electronic model is modified as: kinetic energy t = 8.79065e-14, t' = -7.26192e-19
	                                           effective interaction Vq = [-56.1125,-23.1125, -4.5125,-23.1125,-23.1125, -4.5125, -0.3125, -4.5125, -4.5125, -0.3125,-10.5125, -0.3125,-23.1125, -4.5125, -0.3125, -4.5125]
	PARPACK diagonalization completed after 30 matrix-vector product operations.
	iteration results: : total energy is -395.400000 | electron energy -395.400000 + phonon energy 0.000000 | electron momentum kIdx = 0
The 8-th iteration is completed.	|| time cost : 0h 0m 0.375s
********************************************************************************************************************
Start the 9 rounds of NGS-ED iteration
	effective electronic model is modified as: kinetic energy t = 8.80682e-14, t' = -7.26181e-19
	                                           effective interaction Vq = [-56.1125,-23.1125, -4.5125,-23.1125,-23.1125, -4.5125, -0.3125, -4.5125, -4.5125, -0.3125,-10.5125, -0.3125,-23.1125, -4.5125, -0.3125, -4.5125]
	PARPACK diagonalization completed after 30 matrix-vector product operations.
	iteration results: : total energy is -395.400000 | electron energy -395.400000 + phonon energy 0.000000 | electron momentum kIdx = 0
The 9-th iteration is completed.	|| time cost : 0h 0m 0.377s
********************************************************************************************************************
Start the 10 rounds of NGS-ED iteration
	effective electronic model is modified as: kinetic energy t = 8.79073e-14, t' = -7.26192e-19
	                                           effective interaction Vq = [-56.1125,-23.1125, -4.5125,-23.1125,-23.1125, -4.5125, -0.3125, -4.5125, -4.5125, -0.3125,-10.5125, -0.3125,-23.1125, -4.5125, -0.3125, -4.5125]
	PARPACK diagonalization completed after 30 matrix-vector product operations.
	iteration results: : total energy is -395.400000 | electron energy -395.400000 + phonon energy 0.000000 | electron momentum kIdx = 0
The 10-th iteration is completed.	|| time cost : 0h 0m 0.38s
********************************************************************************************************************
Start the 11 rounds of NGS-ED iteration
	effective electronic model is modified as: kinetic energy t = 8.79069e-14, t' = -7.26192e-19
	                                           effective interaction Vq = [-56.1125,-23.1125, -4.5125,-23.1125,-23.1125, -4.5125, -0.3125, -4.5125, -4.5125, -0.3125,-10.5125, -0.3125,-23.1125, -4.5125, -0.3125, -4.5125]
	PARPACK diagonalization completed after 30 matrix-vector product operations.
	iteration results: : total energy is -395.400000 | electron energy -395.400000 + phonon energy 0.000000 | electron momentum kIdx = 0
The 11-th iteration is completed.	|| time cost : 0h 0m 0.367s
********************************************************************************************************************
Start the 12 rounds of NGS-ED iteration
	effective electronic model is modified as: kinetic energy t = 8.79072e-14, t' = -7.26192e-19
	                                           effective interaction Vq = [-56.1125,-23.1125, -4.5125,-23.1125,-23.1125, -4.5125, -0.3125, -4.5125, -4.5125, -0.3125,-10.5125, -0.3125,-23.1125, -4.5125, -0.3125, -4.5125]
	PARPACK diagonalization completed after 30 matrix-vector product operations.
	iteration results: : total energy is -395.400000 | electron energy -395.400000 + phonon energy 0.000000 | electron momentum kIdx = 0
The 12-th iteration is completed.	|| time cost : 0h 0m 0.371s
********************************************************************************************************************
Start the 13 rounds of NGS-ED iteration
	effective electronic model is modified as: kinetic energy t = 8.79072e-14, t' = -7.26192e-19
	                                           effective interaction Vq = [-56.1125,-23.1125, -4.5125,-23.1125,-23.1125, -4.5125, -0.3125, -4.5125, -4.5125, -0.3125,-10.5125, -0.3125,-23.1125, -4.5125, -0.3125, -4.5125]
	PARPACK diagonalization completed after 30 matrix-vector product operations.
	iteration results: : total energy is -395.400000 | electron energy -395.400000 + phonon energy 0.000000 | electron momentum kIdx = 0
The 13-th iteration is completed.	|| time cost : 0h 0m 0.38s
********************************************************************************************************************
Start the 14 rounds of NGS-ED iteration
	effective electronic model is modified as: kinetic energy t = 8.79069e-14, t' = -7.26191e-19
	                                           effective interaction Vq = [-56.1125,-23.1125, -4.5125,-23.1125,-23.1125, -4.5125, -0.3125, -4.5125, -4.5125, -0.3125,-10.5125, -0.3125,-23.1125, -4.5125, -0.3125, -4.5125]
	PARPACK diagonalization completed after 30 matrix-vector product operations.
	iteration results: : total energy is -395.400000 | electron energy -395.400000 + phonon energy 0.000000 | electron momentum kIdx = 0
The 14-th iteration is completed.	|| time cost : 0h 0m 0.377s
********************************************************************************************************************
Start the 15 rounds of NGS-ED iteration
	effective electronic model is modified as: kinetic energy t = 8.79169e-14, t' = -7.26192e-19
	                                           effective interaction Vq = [-56.1125,-23.1125, -4.5125,-23.1125,-23.1125, -4.5125, -0.3125, -4.5125, -4.5125, -0.3125,-10.5125, -0.3125,-23.1125, -4.5125, -0.3125, -4.5125]
	PARPACK diagonalization completed after 30 matrix-vector product operations.
	iteration results: : total energy is -395.400000 | electron energy -395.400000 + phonon energy 0.000000 | electron momentum kIdx = 0
The 15-th iteration is completed.	|| time cost : 0h 0m 0.376s
********************************************************************************************************************
Start the 16 rounds of NGS-ED iteration
	effective electronic model is modified as: kinetic energy t = 8.79074e-14, t' = -7.26193e-19
	                                           effective interaction Vq = [-56.1125,-23.1125, -4.5125,-23.1125,-23.1125, -4.5125, -0.3125, -4.5125, -4.5125, -0.3125,-10.5125, -0.3125,-23.1125, -4.5125, -0.3125, -4.5125]
	PARPACK diagonalization completed after 30 matrix-vector product operations.
	iteration results: : total energy is -395.400000 | electron energy -395.400000 + phonon energy 0.000000 | electron momentum kIdx = 0
The 16-th iteration is completed.	|| time cost : 0h 0m 0.373s
********************************************************************************************************************
Start the 17 rounds of NGS-ED iteration
	effective electronic model is modified as: kinetic energy t = 8.79063e-14, t' = -7.26192e-19
	                                           effective interaction Vq = [-56.1125,-23.1125, -4.5125,-23.1125,-23.1125, -4.5125, -0.3125, -4.5125, -4.5125, -0.3125,-10.5125, -0.3125,-23.1125, -4.5125, -0.3125, -4.5125]
	PARPACK diagonalization completed after 30 matrix-vector product operations.
	iteration results: : total energy is -395.400000 | electron energy -395.400000 + phonon energy 0.000000 | electron momentum kIdx = 0
The 17-th iteration is completed.	|| time cost : 0h 0m 0.377s
********************************************************************************************************************
Start the 18 rounds of NGS-ED iteration
	effective electronic model is modified as: kinetic energy t = 8.79066e-14, t' = -7.26192e-19
	                                           effective interaction Vq = [-56.1125,-23.1125, -4.5125,-23.1125,-23.1125, -4.5125, -0.3125, -4.5125, -4.5125, -0.3125,-10.5125, -0.3125,-23.1125, -4.5125, -0.3125, -4.5125]
	PARPACK diagonalization completed after 30 matrix-vector product operations.
	iteration results: : total energy is -395.400000 | electron energy -395.400000 + phonon energy 0.000000 | electron momentum kIdx = 0
The 18-th iteration is completed.	|| time cost : 0h 0m 0.381s
********************************************************************************************************************
Start the 19 rounds of NGS-ED iteration
	effective electronic model is modified as: kinetic energy t = 8.7912e-14, t' = -7.26192e-19
	                                           effective interaction Vq = [-56.1125,-23.1125, -4.5125,-23.1125,-23.1125, -4.5125, -0.3125, -4.5125, -4.5125, -0.3125,-10.5125, -0.3125,-23.1125, -4.5125, -0.3125, -4.5125]
	PARPACK diagonalization completed after 30 matrix-vector product operations.
	iteration results: : total energy is -395.400000 | electron energy -395.400000 + phonon energy 0.000000 | electron momentum kIdx = 0
The 19-th iteration is completed.	|| time cost : 0h 0m 0.369s
********************************************************************************************************************
Start the 20 rounds of NGS-ED iteration
	effective electronic model is modified as: kinetic energy t = 8.79064e-14, t' = -7.26194e-19
	                                           effective interaction Vq = [-56.1125,-23.1125, -4.5125,-23.1125,-23.1125, -4.5125, -0.3125, -4.5125, -4.5125, -0.3125,-10.5125, -0.3125,-23.1125, -4.5125, -0.3125, -4.5125]
	PARPACK diagonalization completed after 30 matrix-vector product operations.
	iteration results: : total energy is -395.400000 | electron energy -395.400000 + phonon energy 0.000000 | electron momentum kIdx = 0
The 20-th iteration is completed.	|| time cost : 0h 0m 0.372s
********************************************************************************************************************
Start the 21 rounds of NGS-ED iteration
	effective electronic model is modified as: kinetic energy t = 8.79071e-14, t' = -7.26192e-19
	                                           effective interaction Vq = [-56.1125,-23.1125, -4.5125,-23.1125,-23.1125, -4.5125, -0.3125, -4.5125, -4.5125, -0.3125,-10.5125, -0.3125,-23.1125, -4.5125, -0.3125, -4.5125]
	PARPACK diagonalization completed after 30 matrix-vector product operations.
	iteration results: : total energy is -395.400000 | electron energy -395.400000 + phonon energy 0.000000 | electron momentum kIdx = 0
The 21-th iteration is completed.	|| time cost : 0h 0m 0.378s
********************************************************************************************************************
Start the 22 rounds of NGS-ED iteration
	effective electronic model is modified as: kinetic energy t = 8.79059e-14, t' = -7.26192e-19
	                                           effective interaction Vq = [-56.1125,-23.1125, -4.5125,-23.1125,-23.1125, -4.5125, -0.3125, -4.5125, -4.5125, -0.3125,-10.5125, -0.3125,-23.1125, -4.5125, -0.3125, -4.5125]
	PARPACK diagonalization completed after 30 matrix-vector product operations.
	iteration results: : total energy is -395.400000 | electron energy -395.400000 + phonon energy 0.000000 | electron momentum kIdx = 0
The 22-th iteration is completed.	|| time cost : 0h 0m 0.377s
********************************************************************************************************************
Start the 23 rounds of NGS-ED iteration
	effective electronic model is modified as: kinetic energy t = 8.79074e-14, t' = -7.26192e-19
	                                           effective interaction Vq = [-56.1125,-23.1125, -4.5125,-23.1125,-23.1125, -4.5125, -0.3125, -4.5125, -4.5125, -0.3125,-10.5125, -0.3125,-23.1125, -4.5125, -0.3125, -4.5125]
	PARPACK diagonalization completed after 30 matrix-vector product operations.
	iteration results: : total energy is -395.400000 | electron energy -395.400000 + phonon energy 0.000000 | electron momentum kIdx = 0
The 23-th iteration is completed.	|| time cost : 0h 0m 0.375s
********************************************************************************************************************
Start the 24 rounds of NGS-ED iteration
	effective electronic model is modified as: kinetic energy t = 8.79062e-14, t' = -7.26192e-19
	                                           effective interaction Vq = [-56.1125,-23.1125, -4.5125,-23.1125,-23.1125, -4.5125, -0.3125, -4.5125, -4.5125, -0.3125,-10.5125, -0.3125,-23.1125, -4.5125, -0.3125, -4.5125]
	PARPACK diagonalization completed after 30 matrix-vector product operations.
	iteration results: : total energy is -395.400000 | electron energy -395.400000 + phonon energy 0.000000 | electron momentum kIdx = 0
The 24-th iteration is completed.	|| time cost : 0h 0m 0.375s
********************************************************************************************************************
Start the 25 rounds of NGS-ED iteration
	effective electronic model is modified as: kinetic energy t = 8.83112e-14, t' = -7.2618e-19
	                                           effective interaction Vq = [-56.1125,-23.1125, -4.5125,-23.1125,-23.1125, -4.5125, -0.3125, -4.5125, -4.5125, -0.3125,-10.5125, -0.3125,-23.1125, -4.5125, -0.3125, -4.5125]
	PARPACK diagonalization completed after 30 matrix-vector product operations.
	iteration results: : total energy is -395.400000 | electron energy -395.400000 + phonon energy 0.000000 | electron momentum kIdx = 0
The 25-th iteration is completed.	|| time cost : 0h 0m 0.374s
********************************************************************************************************************
Start the 26 rounds of NGS-ED iteration
	effective electronic model is modified as: kinetic energy t = 8.79071e-14, t' = -7.26192e-19
	                                           effective interaction Vq = [-56.1125,-23.1125, -4.5125,-23.1125,-23.1125, -4.5125, -0.3125, -4.5125, -4.5125, -0.3125,-10.5125, -0.3125,-23.1125, -4.5125, -0.3125, -4.5125]
	PARPACK diagonalization completed after 30 matrix-vector product operations.
	iteration results: : total energy is -395.400000 | electron energy -395.400000 + phonon energy 0.000000 | electron momentum kIdx = 0
The 26-th iteration is completed.	|| time cost : 0h 0m 0.378s
********************************************************************************************************************
Start the 27 rounds of NGS-ED iteration
	effective electronic model is modified as: kinetic energy t = 8.7907e-14, t' = -7.26192e-19
	                                           effective interaction Vq = [-56.1125,-23.1125, -4.5125,-23.1125,-23.1125, -4.5125, -0.3125, -4.5125, -4.5125, -0.3125,-10.5125, -0.3125,-23.1125, -4.5125, -0.3125, -4.5125]
	PARPACK diagonalization completed after 30 matrix-vector product operations.
	iteration results: : total energy is -395.400000 | electron energy -395.400000 + phonon energy 0.000000 | electron momentum kIdx = 0
The 27-th iteration is completed.	|| time cost : 0h 0m 0.366s
********************************************************************************************************************
Start the 28 rounds of NGS-ED iteration
	effective electronic model is modified as: kinetic energy t = 8.79079e-14, t' = -7.26195e-19
	                                           effective interaction Vq = [-56.1125,-23.1125, -4.5125,-23.1125,-23.1125, -4.5125, -0.3125, -4.5125, -4.5125, -0.3125,-10.5125, -0.3125,-23.1125, -4.5125, -0.3125, -4.5125]
	PARPACK diagonalization completed after 30 matrix-vector product operations.
	iteration results: : total energy is -395.400000 | electron energy -395.400000 + phonon energy 0.000000 | electron momentum kIdx = 0
The 28-th iteration is completed.	|| time cost : 0h 0m 0.373s
********************************************************************************************************************
Start the 29 rounds of NGS-ED iteration
	effective electronic model is modified as: kinetic energy t = 8.79065e-14, t' = -7.26192e-19
	                                           effective interaction Vq = [-56.1125,-23.1125, -4.5125,-23.1125,-23.1125, -4.5125, -0.3125, -4.5125, -4.5125, -0.3125,-10.5125, -0.3125,-23.1125, -4.5125, -0.3125, -4.5125]
	PARPACK diagonalization completed after 30 matrix-vector product operations.
	iteration results: : total energy is -395.400000 | electron energy -395.400000 + phonon energy 0.000000 | electron momentum kIdx = 0
The 29-th iteration is completed.	|| time cost : 0h 0m 0.379s
********************************************************************************************************************
Start the 30 rounds of NGS-ED iteration
	effective electronic model is modified as: kinetic energy t = 8.7907e-14, t' = -7.26192e-19
	                                           effective interaction Vq = [-56.1125,-23.1125, -4.5125,-23.1125,-23.1125, -4.5125, -0.3125, -4.5125, -4.5125, -0.3125,-10.5125, -0.3125,-23.1125, -4.5125, -0.3125, -4.5125]
	PARPACK diagonalization completed after 30 matrix-vector product operations.
	iteration results: : total energy is -395.400000 | electron energy -395.400000 + phonon energy 0.000000 | electron momentum kIdx = 0
The 30-th iteration is completed.	|| time cost : 0h 0m 0.37s
********************************************************************************************************************
Start the 31 rounds of NGS-ED iteration
	effective electronic model is modified as: kinetic energy t = 8.79067e-14, t' = -7.26193e-19
	                                           effective interaction Vq = [-56.1125,-23.1125, -4.5125,-23.1125,-23.1125, -4.5125, -0.3125, -4.5125, -4.5125, -0.3125,-10.5125, -0.3125,-23.1125, -4.5125, -0.3125, -4.5125]
	PARPACK diagonalization completed after 30 matrix-vector product operations.
	iteration results: : total energy is -395.400000 | electron energy -395.400000 + phonon energy 0.000000 | electron momentum kIdx = 0
The 31-th iteration is completed.	|| time cost : 0h 0m 0.379s
********************************************************************************************************************
Start the 32 rounds of NGS-ED iteration
	effective electronic model is modified as: kinetic energy t = 8.79069e-14, t' = -7.26192e-19
	                                           effective interaction Vq = [-56.1125,-23.1125, -4.5125,-23.1125,-23.1125, -4.5125, -0.3125, -4.5125, -4.5125, -0.3125,-10.5125, -0.3125,-23.1125, -4.5125, -0.3125, -4.5125]
	PARPACK diagonalization completed after 30 matrix-vector product operations.
	iteration results: : total energy is -395.400000 | electron energy -395.400000 + phonon energy 0.000000 | electron momentum kIdx = 0
The 32-th iteration is completed.	|| time cost : 0h 0m 0.372s
********************************************************************************************************************
Start the 33 rounds of NGS-ED iteration
	effective electronic model is modified as: kinetic energy t = 8.7907e-14, t' = -7.26192e-19
	                                           effective interaction Vq = [-56.1125,-23.1125, -4.5125,-23.1125,-23.1125, -4.5125, -0.3125, -4.5125, -4.5125, -0.3125,-10.5125, -0.3125,-23.1125, -4.5125, -0.3125, -4.5125]
	PARPACK diagonalization completed after 30 matrix-vector product operations.
	iteration results: : total energy is -395.400000 | electron energy -395.400000 + phonon energy 0.000000 | electron momentum kIdx = 0
The 33-th iteration is completed.	|| time cost : 0h 0m 0.376s
********************************************************************************************************************
Start the 34 rounds of NGS-ED iteration
	effective electronic model is modified as: kinetic energy t = 8.79082e-14, t' = -7.26192e-19
	                                           effective interaction Vq = [-56.1125,-23.1125, -4.5125,-23.1125,-23.1125, -4.5125, -0.3125, -4.5125, -4.5125, -0.3125,-10.5125, -0.3125,-23.1125, -4.5125, -0.3125, -4.5125]
	PARPACK diagonalization completed after 30 matrix-vector product operations.
	iteration results: : total energy is -395.400000 | electron energy -395.400000 + phonon energy 0.000000 | electron momentum kIdx = 0
The 34-th iteration is completed.	|| time cost : 0h 0m 0.38s
********************************************************************************************************************
Start the 35 rounds of NGS-ED iteration
	effective electronic model is modified as: kinetic energy t = 8.79069e-14, t' = -7.26192e-19
	                                           effective interaction Vq = [-56.1125,-23.1125, -4.5125,-23.1125,-23.1125, -4.5125, -0.3125, -4.5125, -4.5125, -0.3125,-10.5125, -0.3125,-23.1125, -4.5125, -0.3125, -4.5125]
	PARPACK diagonalization completed after 30 matrix-vector product operations.
	iteration results: : total energy is -395.400000 | electron energy -395.400000 + phonon energy 0.000000 | electron momentum kIdx = 0
The 35-th iteration is completed.	|| time cost : 0h 0m 0.377s
********************************************************************************************************************
Start the 36 rounds of NGS-ED iteration
	effective electronic model is modified as: kinetic energy t = 8.79069e-14, t' = -7.26192e-19
	                                           effective interaction Vq = [-56.1125,-23.1125, -4.5125,-23.1125,-23.1125, -4.5125, -0.3125, -4.5125, -4.5125, -0.3125,-10.5125, -0.3125,-23.1125, -4.5125, -0.3125, -4.5125]
	PARPACK diagonalization completed after 30 matrix-vector product operations.
	iteration results: : total energy is -395.400000 | electron energy -395.400000 + phonon energy 0.000000 | electron momentum kIdx = 0
	Nq(0) = 4,	Nq(1) = 2,	Nq(2) = 4.2565e-06,	Nq(3) = 2,	Nq(4) = 2,	Nq(5) = 0.999999,	
	Nq(6) = -1.30026e-20,	Nq(7) = 0.999999,	Nq(8) = 5.26319e-08,	Nq(9) = 1.99795e-20,	Nq(10) = 1.86486e-20,	
	Nq(11) = -3.60916e-20,	Nq(12) = 2,	Nq(13) = 0.999999,	Nq(14) = -7.22131e-21,	Nq(15) = 0.999999;	
	Sq(0) = 5.5227e-21,	Sq(1) = 1.95131e-19,	Sq(2) = -3.38068e-20,	Sq(3) = 3.80727e-20,	Sq(4) = -2.01921e-19,	
	Sq(5) = 3.55659e-20,	Sq(6) = 1.90274e-20,	Sq(7) = -1.11392e-19,	Sq(8) = -1.78131e-20,	Sq(9) = -2.31858e-20,	
	Sq(10) = 4.52322e-21,	Sq(11) = 4.47501e-20,	Sq(12) = -5.00493e-20,	Sq(13) = -3.63036e-20,	Sq(14) = 1.81248e-20,	
	Sq(15) = 1.06153e-20;	N(0) = 0.5,	N(1) = 0.5,	N(2) = 0.5,	N(3) = 0.5,	
	N(4) = 0.5,	N(5) = 0.5,	N(6) = 0.5,	N(7) = 0.5,	N(8) = 0.5,	
	N(9) = 0.5,	N(10) = 0.5,	N(11) = 0.5,	N(12) = 0.5,	N(13) = 0.5,	
	N(14) = 0.5,	N(15) = 0.5;	Delta[s](0) = 0.25,	Delta[s](1) = 0.25,	Delta[s](2) = 0.25,	
	Delta[s](3) = 0.25,	Delta[s](4) = 0.25,	Delta[s](5) = 0.25,	Delta[s](6) = 0.25,	Delta[s](7) = 0.25,	
	Delta[s](8) = 0.25,	Delta[s](9) = 0.25,	Delta[s](10) = 0.25,	Delta[s](11) = 0.25,	Delta[s](12) = 0.25,	
	Delta[s](13) = 0.25,	Delta[s](14) = 0.25,	Delta[s](15) = 0.25;	Delta[d](0) = 0.125,	Delta[d](1) = 0.125,	
	Delta[d](2) = 0.125,	Delta[d](3) = 0.125,	Delta[d](4) = 0.125,	Delta[d](5) = 0.125,	Delta[d](6) = 0.125,	
	Delta[d](7) = 0.125,	Delta[d](8) = 0.125,	Delta[d](9) = 0.125,	Delta[d](10) = 0.125,	Delta[d](11) = 0.125,	
	Delta[d](12) = 0.125,	Delta[d](13) = 0.125,	Delta[d](14) = 0.125,	Delta[d](15) = 0.125;	Delta[s+](0) = 0.125,	
	Delta[s+](1) = 0.125,	Delta[s+](2) = 0.125,	Delta[s+](3) = 0.125,	Delta[s+](4) = 0.125,	Delta[s+](5) = 0.125,	
	Delta[s+](6) = 0.125,	Delta[s+](7) = 0.125,	Delta[s+](8) = 0.125,	Delta[s+](9) = 0.125,	Delta[s+](10) = 0.125,	
	Delta[s+](11) = 0.125,	Delta[s+](12) = 0.125,	Delta[s+](13) = 0.125,	Delta[s+](14) = 0.125,	Delta[s+](15) = 0.125
	
The 36-th iteration is completed.	|| time cost : 0h 0m 2.574s
********************************************************************************************************************
********************************************************************************************************************
Ground state is obtained after 37 iterations. The current ground-state energy is -395.4, in which electron energy is -395.4 and phonon energy is 0
Final variational state is: 
	Gamma_x = [1,1,1,1,1,1,1,1,1,1,1,1,1,1,1,1]
	lambda_q = [16.75,10.75, 4.75,10.75,10.75, 4.75,-1.25, 4.75, 4.75,-1.25,-7.25,-1.25,10.75, 4.75,-1.25, 4.75]
Effective e-e interactions mediated by phonons are:
	momentum-space Vq = [-56.1125,-23.1125, -4.5125,-23.1125,-23.1125, -4.5125, -0.3125, -4.5125, -4.5125, -0.3125,-10.5125, -0.3125,-23.1125, -4.5125, -0.3125, -4.5125]
	real-space Vr = [    -11.7125,        -5.7,        -3.6,        -5.7,        -5.7,        -3.6,-6.62151e-14,        -3.6,        -3.6,-6.28546e-14, 6.78346e-14,-3.83712e-14,        -5.7,        -3.6,-4.19779e-14,        -3.6]
********************************************************************************************************************
o___o  ----------------------------------------
| L |	Time since last clock: 0h 0m 0.015s
A===A	Time since the beginning: 0h 0m 23.858s
***********************************************


Non-Gaussina ED ground state calculation is completed. The final ground-state energy is -395.4
********************************************************************************************************************
o___o  ----------------------------------------
| L |	Time since last clock: 0h 0m 0.003s
A===A	Time since the beginning: 0h 0m 23.862s
***********************************************



********************************************************************************************************************
All non-Gaussian ED ground state calculations have been completed. Exit now.
