SNEDics v3.4 Non-Gaussian ED ground state program		Start at Thu Oct  3 09:00:28 2019

parallized on 16 MPI threads  * 8 OpenMP threads = 128 total threads.
********************************************************************************************************************
********************************************************************************************************************

********************************************************************************************************************
System parameters and configurations
********************************************************************************************************************
Special program options are enabled: splitted diagonal Hamiltonian
********************************************************************************************************************
Read input file "model_params.in"
	Hubbard-Holstein model parameters : 	t = 1    U = 3.8    g = 3.2404    W = 5    
********************************************************************************************************************
Read input file "hilbertspace_params.in"
	Requested 16-site 2D lattice, with 16 electrons (8, 8)
	Boundary : Periodic		Hilbert space representation : momentum-space (restricted to kIdx = 0)
	Conservation: particle number[U(1)]      spin[U(1)]     momentum
********************************************************************************************************************

Cluster Positions:				Cluster symmetry group : D4
 x ... x ... x ... x .....                       x ... x ... x ... x .....
 |           |           :                       |           |           :
 |           |           :                       |           |           :
12    13    14    15     x                       1     5     6     5     x
 |           |           :                       |           |           :
 |           |           :                       |           |           :
 8 --- 9 ---10 ---11 --- x                       2 --- 6 ---10 --- 6 --- x
 |           |           :                       |           |           :
 |           |           :                       |           |           :
 4     5     6     7     x                       1     5     6     5     x
 |           |           :                       |           |           :
 |           |           :                       |           |           :
 0 --- 1 --- 2 --- 3 --- x                       0 --- 1 --- 2 --- 1 --- x
orbital number : 1
********************************************************************************************************************
Read input file "obs_params.in"
	Observable Type : Nq(All),   Sq(All),   N(All),   Delta[s](All),   Delta[d](All),   Delta[s+](All)
********************************************************************************************************************
** WARNING ** the input observables have non-local factors which have been reinterpreted. The total observable number is 96
********************************************************************************************************************


********************************************************************************************************************
Start calculating the non-Gaussian ED ground state
** WARNING ** Detected low phonon energy W < 10. The initial state will be prepared through a warm-up process.
********************************************************************************************************************
Start warm-up calculation for scaling factor 2
open output files: NGSEDWarmUpW10Obs.txt
********************************************************************************************************************
Start the 0 rounds of NGS-ED iteration
	effective electronic model is modified as: kinetic energy t = 1
	                                           effective interaction Vq = [-0,-0,-0,-0,-0,-0,-0,-0,-0,-0,-0,-0,-0,-0,-0,-0]
	first Hamiltonian is constructed, non-zero numbers = 2845383612
	PARPACK diagonalization completed after 90 matrix-vector product operations.
	iteration results: : total energy is -13.996989 | electron energy -13.996989 + phonon energy 0.000000 | electron momentum kIdx = 0
	Nq(0) = 16,	Nq(1) = 0.164945,	Nq(2) = 0.240984,	Nq(3) = 0.164945,	Nq(4) = 0.164945,	Nq(5) = 0.240984,	Nq(6) = 0.328905,	Nq(7) = 0.240984,	Nq(8) = 0.240984,	Nq(9) = 0.328905,	Nq(10) = 0.397827,	Nq(11) = 0.328905,	Nq(12) = 0.164945,	Nq(13) = 0.240984,	Nq(14) = 0.328905,	Nq(15) = 0.240984,	Sq(0) = -6.78658e-18,	Sq(1) = 0.426481,	Sq(2) = 0.622163,	Sq(3) = 0.426481,	Sq(4) = 0.426481,	Sq(5) = 0.622163,	Sq(6) = 0.796792,	Sq(7) = 0.622163,	Sq(8) = 0.622163,	Sq(9) = 0.796792,	Sq(10) = 3.5548,	Sq(11) = 0.796792,	Sq(12) = 0.426481,	Sq(13) = 0.622163,	Sq(14) = 0.796792,	Sq(15) = 0.622163,	N(0) = 1.93735,	N(1) = 1.85966,	N(2) = 1,	N(3) = 1.85966,	N(4) = 1.85966,	N(5) = 1,	N(6) = 0.140339,	N(7) = 1,	N(8) = 1,	N(9) = 0.140339,	N(10) = 0.0626548,	N(11) = 0.140339,	N(12) = 1.85966,	N(13) = 1,	N(14) = 0.140339,	N(15) = 1,	Delta[s](0) = 0.18345,	Delta[s](1) = 0.155648,	Delta[s](2) = 0.120277,	Delta[s](3) = 0.155648,	Delta[s](4) = 0.155648,	Delta[s](5) = 0.120277,	Delta[s](6) = 0.0896005,	Delta[s](7) = 0.120277,	Delta[s](8) = 0.120277,	Delta[s](9) = 0.0896005,	Delta[s](10) = 0.0234618,	Delta[s](11) = 0.0896005,	Delta[s](12) = 0.155648,	Delta[s](13) = 0.120277,	Delta[s](14) = 0.0896005,	Delta[s](15) = 0.120277,	Delta[d](0) = 0.55937,	Delta[d](1) = 0.37365,	Delta[d](2) = 0.301728,	Delta[d](3) = 0.37365,	Delta[d](4) = 0.37365,	Delta[d](5) = 0.323648,	Delta[d](6) = 0.233314,	Delta[d](7) = 0.323648,	Delta[d](8) = 0.301728,	Delta[d](9) = 0.233314,	Delta[d](10) = 0.0974756,	Delta[d](11) = 0.233314,	Delta[d](12) = 0.37365,	Delta[d](13) = 0.323648,	Delta[d](14) = 0.233314,	Delta[d](15) = 0.323648,	Delta[s+](0) = 0.584267,	Delta[s+](1) = 0.464362,	Delta[s+](2) = 0.301728,	Delta[s+](3) = 0.464362,	Delta[s+](4) = 0.464362,	Delta[s+](5) = 0.301728,	Delta[s+](6) = 0.146849,	Delta[s+](7) = 0.301728,	Delta[s+](8) = 0.301728,	Delta[s+](9) = 0.146849,	Delta[s+](10) = 0.0323005,	Delta[s+](11) = 0.146849,	Delta[s+](12) = 0.464362,	Delta[s+](13) = 0.301728,	Delta[s+](14) = 0.146849,	Delta[s+](15) = 0.301728
The 0-th iteration is completed.	|| time cost : 0h 8m 38.708s
********************************************************************************************************************
Start the 1 rounds of NGS-ED iteration
	effective electronic model is modified as: kinetic energy t = 0.947192
	                                           effective interaction Vq = [-1.81583,-1.65812,-1.60197,-1.65812,-1.65812,-1.60197,-1.58236,-1.60197,-1.60197,-1.58236,-1.56018,-1.58236,-1.65812,-1.60197,-1.58236,-1.60197]
	PARPACK diagonalization completed after 60 matrix-vector product operations.
	iteration results: : total energy is -49.827690 | electron energy -49.830547 + phonon energy 0.002857 | electron momentum kIdx = 0
The 1-th iteration is completed.	|| time cost : 0h 7m 33.14s
********************************************************************************************************************
Start the 2 rounds of NGS-ED iteration
	effective electronic model is modified as: kinetic energy t = 0.909494
	                                           effective interaction Vq = [-2.06157,-1.96303,-1.87583,-1.96303,-1.96303,-1.87583,-1.88142,-1.87583,-1.87583,-1.88142,-1.83466,-1.88142,-1.96303,-1.87583,-1.88142,-1.87583]
	PARPACK diagonalization completed after 60 matrix-vector product operations.
	iteration results: : total energy is -54.746568 | electron energy -54.767722 + phonon energy 0.021154 | electron momentum kIdx = 0
The 2-th iteration is completed.	|| time cost : 0h 0m 36.725s
********************************************************************************************************************
Start the 3 rounds of NGS-ED iteration
	effective electronic model is modified as: kinetic energy t = 0.895145
	                                           effective interaction Vq = [-2.09483,-2.03203,-1.93902,-2.03203,-2.03203,-1.93902,-1.95811,-1.93902,-1.93902,-1.95811,-1.89974,-1.95811,-2.03203,-1.93902,-1.95811,-1.93902]
	PARPACK diagonalization completed after 75 matrix-vector product operations.
	iteration results: : total energy is -55.479355 | electron energy -55.516015 + phonon energy 0.036661 | electron momentum kIdx = 0
The 3-th iteration is completed.	|| time cost : 0h 0m 41.561s
********************************************************************************************************************
Start the 4 rounds of NGS-ED iteration
	effective electronic model is modified as: kinetic energy t = 0.881477
	                                           effective interaction Vq = [-2.09933,-2.05056,-2.02398,-2.05056,-2.05056,-2.02398,-1.98094,-2.02398,-2.02398,-1.98094,-1.97091,-1.98094,-2.05056,-2.02398,-1.98094,-2.02398]
	PARPACK diagonalization completed after 60 matrix-vector product operations.
	iteration results: : total energy is -55.727216 | electron energy -55.775044 + phonon energy 0.047828 | electron momentum kIdx = 0
The 4-th iteration is completed.	|| time cost : 0h 0m 36.774s
********************************************************************************************************************
Start the 5 rounds of NGS-ED iteration
	effective electronic model is modified as: kinetic energy t = 0.876905
	                                           effective interaction Vq = [-2.09994, -2.0555,-2.04562, -2.0555, -2.0555,-2.04562,-1.98696,-2.04562,-2.04562,-1.98696, -1.9919,-1.98696, -2.0555,-2.04562,-1.98696,-2.04562]
	PARPACK diagonalization completed after 45 matrix-vector product operations.
	iteration results: : total energy is -55.757201 | electron energy -55.811483 + phonon energy 0.054283 | electron momentum kIdx = 0
The 5-th iteration is completed.	|| time cost : 0h 0m 32.113s
********************************************************************************************************************
Start the 6 rounds of NGS-ED iteration
	effective electronic model is modified as: kinetic energy t = 0.8754
	                                           effective interaction Vq = [-2.10003,-2.05695,-2.05204,-2.05695,-2.05695,-2.05204,-1.98867,-2.05204,-2.05204,-1.98867,-1.99871,-1.98867,-2.05695,-2.05204,-1.98867,-2.05204]
	PARPACK diagonalization completed after 30 matrix-vector product operations.
	iteration results: : total energy is -55.760786 | electron energy -55.817652 + phonon energy 0.056867 | electron momentum kIdx = 0
The 6-th iteration is completed.	|| time cost : 0h 0m 27.701s
********************************************************************************************************************
Start the 7 rounds of NGS-ED iteration
	effective electronic model is modified as: kinetic energy t = 0.874907
	                                           effective interaction Vq = [-2.10004,-2.05739,-2.05408,-2.05739,-2.05739,-2.05408,-1.98917,-2.05408,-2.05408,-1.98917,-2.00101,-1.98917,-2.05739,-2.05408,-1.98917,-2.05408]
	PARPACK diagonalization completed after 30 matrix-vector product operations.
	iteration results: : total energy is -55.761215 | electron energy -55.818997 + phonon energy 0.057782 | electron momentum kIdx = 0
The 7-th iteration is completed.	|| time cost : 0h 0m 27.324s
********************************************************************************************************************
Start the 8 rounds of NGS-ED iteration
	effective electronic model is modified as: kinetic energy t = 0.874745
	                                           effective interaction Vq = [-2.10004,-2.05752,-2.05475,-2.05752,-2.05752,-2.05475,-1.98931,-2.05475,-2.05475,-1.98931, -2.0018,-1.98931,-2.05752,-2.05475,-1.98931,-2.05475]
	PARPACK diagonalization completed after 30 matrix-vector product operations.
	iteration results: : total energy is -55.761267 | electron energy -55.819358 + phonon energy 0.058091 | electron momentum kIdx = 0
The 8-th iteration is completed.	|| time cost : 0h 0m 27.356s
********************************************************************************************************************
Start the 9 rounds of NGS-ED iteration
	effective electronic model is modified as: kinetic energy t = 0.874692
	                                           effective interaction Vq = [-2.10004,-2.05756,-2.05497,-2.05756,-2.05756,-2.05497,-1.98935,-2.05497,-2.05497,-1.98935,-2.00207,-1.98935,-2.05756,-2.05497,-1.98935,-2.05497]
	PARPACK diagonalization completed after 30 matrix-vector product operations.
	iteration results: : total energy is -55.761273 | electron energy -55.819467 + phonon energy 0.058194 | electron momentum kIdx = 0
	Nq(0) = 16,	Nq(1) = 0.387639,	Nq(2) = 0.7358,	Nq(3) = 0.387639,	Nq(4) = 0.387639,	Nq(5) = 0.7358,	Nq(6) = 0.629749,	Nq(7) = 0.7358,	Nq(8) = 0.7358,	Nq(9) = 0.629749,	Nq(10) = 0.893834,	Nq(11) = 0.629749,	Nq(12) = 0.387639,	Nq(13) = 0.7358,	Nq(14) = 0.629749,	Nq(15) = 0.7358,	Sq(0) = -1.18439e-20,	Sq(1) = 0.354662,	Sq(2) = 0.36818,	Sq(3) = 0.354662,	Sq(4) = 0.354662,	Sq(5) = 0.36818,	Sq(6) = 0.595596,	Sq(7) = 0.36818,	Sq(8) = 0.36818,	Sq(9) = 0.595596,	Sq(10) = 0.611698,	Sq(11) = 0.595596,	Sq(12) = 0.354662,	Sq(13) = 0.36818,	Sq(14) = 0.595596,	Sq(15) = 0.36818,	N(0) = 1.99962,	N(1) = 1.99886,	N(2) = 1,	N(3) = 1.99886,	N(4) = 1.99886,	N(5) = 1,	N(6) = 0.00113567,	N(7) = 1,	N(8) = 1,	N(9) = 0.00113567,	N(10) = 0.000377267,	N(11) = 0.00113567,	N(12) = 1.99886,	N(13) = 1,	N(14) = 0.00113567,	N(15) = 1,	Delta[s](0) = 0.739488,	Delta[s](1) = 0.309714,	Delta[s](2) = 0.259099,	Delta[s](3) = 0.309714,	Delta[s](4) = 0.309714,	Delta[s](5) = 0.259099,	Delta[s](6) = 0.232641,	Delta[s](7) = 0.259099,	Delta[s](8) = 0.259099,	Delta[s](9) = 0.232641,	Delta[s](10) = 0.225592,	Delta[s](11) = 0.232641,	Delta[s](12) = 0.309714,	Delta[s](13) = 0.259099,	Delta[s](14) = 0.232641,	Delta[s](15) = 0.259099,	Delta[d](0) = 0.346797,	Delta[d](1) = 0.283744,	Delta[d](2) = 0.257182,	Delta[d](3) = 0.283744,	Delta[d](4) = 0.283744,	Delta[d](5) = 0.24841,	Delta[d](6) = 0.234124,	Delta[d](7) = 0.24841,	Delta[d](8) = 0.257182,	Delta[d](9) = 0.234124,	Delta[d](10) = 0.149892,	Delta[d](11) = 0.234124,	Delta[d](12) = 0.283744,	Delta[d](13) = 0.24841,	Delta[d](14) = 0.234124,	Delta[d](15) = 0.24841,	Delta[s+](0) = 0.48258,	Delta[s+](1) = 0.394113,	Delta[s+](2) = 0.257182,	Delta[s+](3) = 0.394113,	Delta[s+](4) = 0.394113,	Delta[s+](5) = 0.257182,	Delta[s+](6) = 0.117989,	Delta[s+](7) = 0.257182,	Delta[s+](8) = 0.257182,	Delta[s+](9) = 0.117989,	Delta[s+](10) = 0.029278,	Delta[s+](11) = 0.117989,	Delta[s+](12) = 0.394113,	Delta[s+](13) = 0.257182,	Delta[s+](14) = 0.117989,	Delta[s+](15) = 0.257182
The 9-th iteration is completed.	|| time cost : 0h 4m 40.735s
********************************************************************************************************************
********************************************************************************************************************
Ground state is obtained after 10 iterations. The current ground-state energy is -55.7613, in which electron energy is -55.8195 and phonon energy is 0.0581943
final variational state is: 
	Gamma_x = [      1,1.02005,1.03934,1.02005,1.02005,1.03934,1.04787,1.03934,1.03934,1.04787,1.06554,1.04787,1.02005,1.03934,1.04787,1.03934]
	lambda_q = [0.458241,0.393098,0.391182,0.393098,0.393098,0.391182,0.353059,0.391182,0.391182,0.353059,0.359328,0.353059,0.393098,0.391182,0.353059,0.391182]
********************************************************************************************************************
o___o  ----------------------------------------
| L |	Time since last clock: 0h 0m 0s
A===A	Time since the beginning: 0h 24m 42.141s
***********************************************


********************************************************************************************************************
Warm up runs have been completed. Start calculating W = 5 phonon.
open output files: NGSEDIterationObs.txt
********************************************************************************************************************
Start the 0 rounds of NGS-ED iteration
	effective electronic model is modified as: kinetic energy t = 0.874675
	                                           effective interaction Vq = [-1.91984,-1.77496,-1.77005,-1.77496,-1.77496,-1.77005,-1.66485,-1.77005,-1.77005,-1.66485,-1.68315,-1.66485,-1.77496,-1.77005,-1.66485,-1.77005]
	PARPACK diagonalization completed after 75 matrix-vector product operations.
	iteration results: : total energy is -50.515102 | electron energy -50.544217 + phonon energy 0.029114 | electron momentum kIdx = 0
	Nq(0) = 16,	Nq(1) = 0.349934,	Nq(2) = 0.368895,	Nq(3) = 0.349934,	Nq(4) = 0.349934,	Nq(5) = 0.368895,	Nq(6) = 0.570464,	Nq(7) = 0.368895,	Nq(8) = 0.368895,	Nq(9) = 0.570464,	Nq(10) = 0.598918,	Nq(11) = 0.570464,	Nq(12) = 0.349934,	Nq(13) = 0.368895,	Nq(14) = 0.570464,	Nq(15) = 0.368895,	Sq(0) = 5.319e-18,	Sq(1) = 0.386286,	Sq(2) = 0.557184,	Sq(3) = 0.386286,	Sq(4) = 0.386286,	Sq(5) = 0.557184,	Sq(6) = 0.646615,	Sq(7) = 0.557184,	Sq(8) = 0.557184,	Sq(9) = 0.646615,	Sq(10) = 2.03141,	Sq(11) = 0.646615,	Sq(12) = 0.386286,	Sq(13) = 0.557184,	Sq(14) = 0.646615,	Sq(15) = 0.557184,	N(0) = 1.99916,	N(1) = 1.99782,	N(2) = 1,	N(3) = 1.99782,	N(4) = 1.99782,	N(5) = 1,	N(6) = 0.00218021,	N(7) = 1,	N(8) = 1,	N(9) = 0.00218021,	N(10) = 0.000840955,	N(11) = 0.00218021,	N(12) = 1.99782,	N(13) = 1,	N(14) = 0.00218021,	N(15) = 1,	Delta[s](0) = 0.261263,	Delta[s](1) = 0.252176,	Delta[s](2) = 0.191971,	Delta[s](3) = 0.252176,	Delta[s](4) = 0.252176,	Delta[s](5) = 0.191971,	Delta[s](6) = 0.183988,	Delta[s](7) = 0.191971,	Delta[s](8) = 0.191971,	Delta[s](9) = 0.183988,	Delta[s](10) = 0.0891953,	Delta[s](11) = 0.183988,	Delta[s](12) = 0.252176,	Delta[s](13) = 0.191971,	Delta[s](14) = 0.183988,	Delta[s](15) = 0.191971,	Delta[d](0) = 0.556416,	Delta[d](1) = 0.316002,	Delta[d](2) = 0.275936,	Delta[d](3) = 0.316002,	Delta[d](4) = 0.316002,	Delta[d](5) = 0.329925,	Delta[d](6) = 0.242927,	Delta[d](7) = 0.329925,	Delta[d](8) = 0.275936,	Delta[d](9) = 0.242927,	Delta[d](10) = 0.106812,	Delta[d](11) = 0.242927,	Delta[d](12) = 0.316002,	Delta[d](13) = 0.329925,	Delta[d](14) = 0.242927,	Delta[d](15) = 0.329925,	Delta[s+](0) = 0.516744,	Delta[s+](1) = 0.423101,	Delta[s+](2) = 0.275936,	Delta[s+](3) = 0.423101,	Delta[s+](4) = 0.423101,	Delta[s+](5) = 0.275936,	Delta[s+](6) = 0.130149,	Delta[s+](7) = 0.275936,	Delta[s+](8) = 0.275936,	Delta[s+](9) = 0.130149,	Delta[s+](10) = 0.0314907,	Delta[s+](11) = 0.130149,	Delta[s+](12) = 0.423101,	Delta[s+](13) = 0.275936,	Delta[s+](14) = 0.130149,	Delta[s+](15) = 0.275936
The 0-th iteration is completed.	|| time cost : 0h 4m 37.416s
********************************************************************************************************************
Start the 1 rounds of NGS-ED iteration
	effective electronic model is modified as: kinetic energy t = 0.869172
	                                           effective interaction Vq = [-2.03375,-1.87249,-1.76523,-1.87249,-1.87249,-1.76523,-1.73389,-1.76523,-1.76523,-1.73389,-1.68538,-1.73389,-1.87249,-1.76523,-1.73389,-1.76523]
	PARPACK diagonalization completed after 45 matrix-vector product operations.
	iteration results: : total energy is -52.445395 | electron energy -52.525004 + phonon energy 0.079609 | electron momentum kIdx = 0
The 1-th iteration is completed.	|| time cost : 0h 0m 34.05s
********************************************************************************************************************
Start the 2 rounds of NGS-ED iteration
	effective electronic model is modified as: kinetic energy t = 0.86448
	                                           effective interaction Vq = [-2.07565,-1.92194,-1.76688,-1.92194,-1.92194,-1.76688,-1.77405,-1.76688,-1.76688,-1.77405,-1.69377,-1.77405,-1.92194,-1.76688,-1.77405,-1.76688]
	PARPACK diagonalization completed after 45 matrix-vector product operations.
	iteration results: : total energy is -53.150983 | electron energy -53.260228 + phonon energy 0.109245 | electron momentum kIdx = 0
The 2-th iteration is completed.	|| time cost : 0h 0m 32.37s
********************************************************************************************************************
Start the 3 rounds of NGS-ED iteration
	effective electronic model is modified as: kinetic energy t = 0.861276
	                                           effective interaction Vq = [-2.09107,-1.94822, -1.7693,-1.94822,-1.94822, -1.7693,-1.79734, -1.7693, -1.7693,-1.79734, -1.7005,-1.79734,-1.94822, -1.7693,-1.79734, -1.7693]
	PARPACK diagonalization completed after 45 matrix-vector product operations.
	iteration results: : total energy is -53.409737 | electron energy -53.535147 + phonon energy 0.125410 | electron momentum kIdx = 0
The 3-th iteration is completed.	|| time cost : 0h 0m 32.126s
********************************************************************************************************************
Start the 4 rounds of NGS-ED iteration
	effective electronic model is modified as: kinetic energy t = 0.859255
	                                           effective interaction Vq = [-2.09674,-1.96266,-1.77119,-1.96266,-1.96266,-1.77119,-1.81088,-1.77119,-1.77119,-1.81088,-1.70486,-1.81088,-1.96266,-1.77119,-1.81088,-1.77119]
	PARPACK diagonalization completed after 45 matrix-vector product operations.
	iteration results: : total energy is -53.504678 | electron energy -53.639117 + phonon energy 0.134439 | electron momentum kIdx = 0
The 4-th iteration is completed.	|| time cost : 0h 0m 32.064s
********************************************************************************************************************
Start the 5 rounds of NGS-ED iteration
	effective electronic model is modified as: kinetic energy t = 0.858025
	                                           effective interaction Vq = [-2.09882,-1.97077,-1.77246,-1.97077,-1.97077,-1.77246,-1.81879,-1.77246,-1.77246,-1.81879, -1.7075,-1.81879,-1.97077,-1.77246,-1.81879,-1.77246]
	PARPACK diagonalization completed after 45 matrix-vector product operations.
	iteration results: : total energy is -53.539515 | electron energy -53.679123 + phonon energy 0.139609 | electron momentum kIdx = 0
The 5-th iteration is completed.	|| time cost : 0h 0m 32.514s
********************************************************************************************************************
Start the 6 rounds of NGS-ED iteration
	effective electronic model is modified as: kinetic energy t = 0.857289
	                                           effective interaction Vq = [-2.09959, -1.9754,-1.77326, -1.9754, -1.9754,-1.77326,-1.82342,-1.77326,-1.77326,-1.82342,-1.70905,-1.82342, -1.9754,-1.77326,-1.82342,-1.77326]
	PARPACK diagonalization completed after 45 matrix-vector product operations.
	iteration results: : total energy is -53.552297 | electron energy -53.694910 + phonon energy 0.142613 | electron momentum kIdx = 0
The 6-th iteration is completed.	|| time cost : 0h 0m 32.421s
********************************************************************************************************************
Start the 7 rounds of NGS-ED iteration
	effective electronic model is modified as: kinetic energy t = 0.856853
	                                           effective interaction Vq = [-2.09987,-1.97806,-1.77375,-1.97806,-1.97806,-1.77375,-1.82614,-1.77375,-1.77375,-1.82614,-1.70995,-1.82614,-1.97806,-1.77375,-1.82614,-1.77375]
	PARPACK diagonalization completed after 45 matrix-vector product operations.
	iteration results: : total energy is -53.556988 | electron energy -53.701358 + phonon energy 0.144370 | electron momentum kIdx = 0
The 7-th iteration is completed.	|| time cost : 0h 0m 32.054s
********************************************************************************************************************
Start the 8 rounds of NGS-ED iteration
	effective electronic model is modified as: kinetic energy t = 0.856596
	                                           effective interaction Vq = [-2.09998, -1.9796,-1.77404, -1.9796, -1.9796,-1.77404,-1.82774,-1.77404,-1.77404,-1.82774,-1.71047,-1.82774, -1.9796,-1.77404,-1.82774,-1.77404]
	PARPACK diagonalization completed after 30 matrix-vector product operations.
	iteration results: : total energy is -53.558709 | electron energy -53.704112 + phonon energy 0.145402 | electron momentum kIdx = 0
The 8-th iteration is completed.	|| time cost : 0h 0m 27.359s
********************************************************************************************************************
Start the 9 rounds of NGS-ED iteration
	effective electronic model is modified as: kinetic energy t = 0.856444
	                                           effective interaction Vq = [-2.10002, -1.9805,-1.77422, -1.9805, -1.9805,-1.77422,-1.82868,-1.77422,-1.77422,-1.82868,-1.71077,-1.82868, -1.9805,-1.77422,-1.82868,-1.77422]
	PARPACK diagonalization completed after 30 matrix-vector product operations.
	iteration results: : total energy is -53.559341 | electron energy -53.705350 + phonon energy 0.146009 | electron momentum kIdx = 0
The 9-th iteration is completed.	|| time cost : 0h 0m 27.369s
********************************************************************************************************************
Start the 10 rounds of NGS-ED iteration
	effective electronic model is modified as: kinetic energy t = 0.856355
	                                           effective interaction Vq = [-2.10003,-1.98102,-1.77432,-1.98102,-1.98102,-1.77432,-1.82923,-1.77432,-1.77432,-1.82923,-1.71094,-1.82923,-1.98102,-1.77432,-1.82923,-1.77432]
	PARPACK diagonalization completed after 30 matrix-vector product operations.
	iteration results: : total energy is -53.559573 | electron energy -53.705938 + phonon energy 0.146365 | electron momentum kIdx = 0
	Nq(0) = 16,	Nq(1) = 0.388689,	Nq(2) = 0.367299,	Nq(3) = 0.388689,	Nq(4) = 0.388689,	Nq(5) = 0.367299,	Nq(6) = 0.612029,	Nq(7) = 0.367299,	Nq(8) = 0.367299,	Nq(9) = 0.612029,	Nq(10) = 0.600877,	Nq(11) = 0.612029,	Nq(12) = 0.388689,	Nq(13) = 0.367299,	Nq(14) = 0.612029,	Nq(15) = 0.367299,	Sq(0) = 1.47311e-17,	Sq(1) = 0.376052,	Sq(2) = 0.546275,	Sq(3) = 0.376052,	Sq(4) = 0.376052,	Sq(5) = 0.546275,	Sq(6) = 0.629619,	Sq(7) = 0.546275,	Sq(8) = 0.546275,	Sq(9) = 0.629619,	Sq(10) = 1.89212,	Sq(11) = 0.629619,	Sq(12) = 0.376052,	Sq(13) = 0.546275,	Sq(14) = 0.629619,	Sq(15) = 0.546275,	N(0) = 1.99966,	N(1) = 1.9995,	N(2) = 1,	N(3) = 1.9995,	N(4) = 1.9995,	N(5) = 1,	N(6) = 0.000503722,	N(7) = 1,	N(8) = 1,	N(9) = 0.000503722,	N(10) = 0.000338727,	N(11) = 0.000503722,	N(12) = 1.9995,	N(13) = 1,	N(14) = 0.000503722,	N(15) = 1,	Delta[s](0) = 0.265674,	Delta[s](1) = 0.262426,	Delta[s](2) = 0.199801,	Delta[s](3) = 0.262426,	Delta[s](4) = 0.262426,	Delta[s](5) = 0.199801,	Delta[s](6) = 0.196795,	Delta[s](7) = 0.199801,	Delta[s](8) = 0.199801,	Delta[s](9) = 0.196795,	Delta[s](10) = 0.102407,	Delta[s](11) = 0.196795,	Delta[s](12) = 0.262426,	Delta[s](13) = 0.199801,	Delta[s](14) = 0.196795,	Delta[s](15) = 0.199801,	Delta[d](0) = 0.573049,	Delta[d](1) = 0.324773,	Delta[d](2) = 0.286711,	Delta[d](3) = 0.324773,	Delta[d](4) = 0.324773,	Delta[d](5) = 0.342464,	Delta[d](6) = 0.254314,	Delta[d](7) = 0.342464,	Delta[d](8) = 0.286711,	Delta[d](9) = 0.254314,	Delta[d](10) = 0.118173,	Delta[d](11) = 0.254314,	Delta[d](12) = 0.324773,	Delta[d](13) = 0.342464,	Delta[d](14) = 0.254314,	Delta[d](15) = 0.342464,	Delta[s+](0) = 0.531645,	Delta[s+](1) = 0.434801,	Delta[s+](2) = 0.286711,	Delta[s+](3) = 0.434801,	Delta[s+](4) = 0.434801,	Delta[s+](5) = 0.286711,	Delta[s+](6) = 0.136465,	Delta[s+](7) = 0.286711,	Delta[s+](8) = 0.286711,	Delta[s+](9) = 0.136465,	Delta[s+](10) = 0.0368141,	Delta[s+](11) = 0.136465,	Delta[s+](12) = 0.434801,	Delta[s+](13) = 0.286711,	Delta[s+](14) = 0.136465,	Delta[s+](15) = 0.286711
The 10-th iteration is completed.	|| time cost : 0h 4m 20.865s
********************************************************************************************************************
Start the 11 rounds of NGS-ED iteration
	effective electronic model is modified as: kinetic energy t = 0.856303
	                                           effective interaction Vq = [-2.10004,-1.98132,-1.77438,-1.98132,-1.98132,-1.77438,-1.82956,-1.77438,-1.77438,-1.82956,-1.71104,-1.82956,-1.98132,-1.77438,-1.82956,-1.77438]
	PARPACK diagonalization completed after 30 matrix-vector product operations.
	iteration results: : total energy is -53.559658 | electron energy -53.706233 + phonon energy 0.146574 | electron momentum kIdx = 0
The 11-th iteration is completed.	|| time cost : 0h 0m 27.656s
********************************************************************************************************************
Start the 12 rounds of NGS-ED iteration
	effective electronic model is modified as: kinetic energy t = 0.856273
	                                           effective interaction Vq = [-2.10004, -1.9815,-1.77442, -1.9815, -1.9815,-1.77442,-1.82975,-1.77442,-1.77442,-1.82975,-1.71109,-1.82975, -1.9815,-1.77442,-1.82975,-1.77442]
	PARPACK diagonalization completed after 30 matrix-vector product operations.
	iteration results: : total energy is -53.559690 | electron energy -53.706387 + phonon energy 0.146697 | electron momentum kIdx = 0
The 12-th iteration is completed.	|| time cost : 0h 0m 27.403s
********************************************************************************************************************
Start the 13 rounds of NGS-ED iteration
	effective electronic model is modified as: kinetic energy t = 0.856255
	                                           effective interaction Vq = [-2.10004, -1.9816,-1.77444, -1.9816, -1.9816,-1.77444,-1.82986,-1.77444,-1.77444,-1.82986,-1.71113,-1.82986, -1.9816,-1.77444,-1.82986,-1.77444]
	PARPACK diagonalization completed after 30 matrix-vector product operations.
	iteration results: : total energy is -53.559701 | electron energy -53.706471 + phonon energy 0.146770 | electron momentum kIdx = 0
The 13-th iteration is completed.	|| time cost : 0h 0m 27.421s
********************************************************************************************************************
Start the 14 rounds of NGS-ED iteration
	effective electronic model is modified as: kinetic energy t = 0.856244
	                                           effective interaction Vq = [-2.10004,-1.98166,-1.77446,-1.98166,-1.98166,-1.77446,-1.82993,-1.77446,-1.77446,-1.82993,-1.71115,-1.82993,-1.98166,-1.77446,-1.82993,-1.77446]
	PARPACK diagonalization completed after 30 matrix-vector product operations.
	iteration results: : total energy is -53.559705 | electron energy -53.706517 + phonon energy 0.146812 | electron momentum kIdx = 0
The 14-th iteration is completed.	|| time cost : 0h 0m 27.325s
********************************************************************************************************************
Start the 15 rounds of NGS-ED iteration
	effective electronic model is modified as: kinetic energy t = 0.856238
	                                           effective interaction Vq = [-2.10004,-1.98169,-1.77446,-1.98169,-1.98169,-1.77446,-1.82997,-1.77446,-1.77446,-1.82997,-1.71116,-1.82997,-1.98169,-1.77446,-1.82997,-1.77446]
	PARPACK diagonalization completed after 30 matrix-vector product operations.
	iteration results: : total energy is -53.559707 | electron energy -53.706544 + phonon energy 0.146837 | electron momentum kIdx = 0
The 15-th iteration is completed.	|| time cost : 0h 0m 27.719s
********************************************************************************************************************
Start the 16 rounds of NGS-ED iteration
	effective electronic model is modified as: kinetic energy t = 0.856234
	                                           effective interaction Vq = [-2.10004,-1.98171,-1.77447,-1.98171,-1.98171,-1.77447,-1.82999,-1.77447,-1.77447,-1.82999,-1.71116,-1.82999,-1.98171,-1.77447,-1.82999,-1.77447]
	PARPACK diagonalization completed after 30 matrix-vector product operations.
	iteration results: : total energy is -53.559707 | electron energy -53.706559 + phonon energy 0.146852 | electron momentum kIdx = 0
The 16-th iteration is completed.	|| time cost : 0h 0m 27.349s
********************************************************************************************************************
Start the 17 rounds of NGS-ED iteration
	effective electronic model is modified as: kinetic energy t = 0.856232
	                                           effective interaction Vq = [-2.10004,-1.98173,-1.77447,-1.98173,-1.98173,-1.77447,-1.83001,-1.77447,-1.77447,-1.83001,-1.71117,-1.83001,-1.98173,-1.77447,-1.83001,-1.77447]
	PARPACK diagonalization completed after 30 matrix-vector product operations.
	iteration results: : total energy is -53.559708 | electron energy -53.706568 + phonon energy 0.146860 | electron momentum kIdx = 0
The 17-th iteration is completed.	|| time cost : 0h 0m 27.679s
********************************************************************************************************************
Start the 18 rounds of NGS-ED iteration
	effective electronic model is modified as: kinetic energy t = 0.856231
	                                           effective interaction Vq = [-2.10004,-1.98173,-1.77447,-1.98173,-1.98173,-1.77447,-1.83001,-1.77447,-1.77447,-1.83001,-1.71117,-1.83001,-1.98173,-1.77447,-1.83001,-1.77447]
	PARPACK diagonalization completed after 30 matrix-vector product operations.
	iteration results: : total energy is -53.559708 | electron energy -53.706573 + phonon energy 0.146865 | electron momentum kIdx = 0
The 18-th iteration is completed.	|| time cost : 0h 0m 27.661s
********************************************************************************************************************
Start the 19 rounds of NGS-ED iteration
	effective electronic model is modified as: kinetic energy t = 0.85623
	                                           effective interaction Vq = [-2.10004,-1.98174,-1.77447,-1.98174,-1.98174,-1.77447,-1.83002,-1.77447,-1.77447,-1.83002,-1.71117,-1.83002,-1.98174,-1.77447,-1.83002,-1.77447]
	PARPACK diagonalization completed after 30 matrix-vector product operations.
	iteration results: : total energy is -53.559708 | electron energy -53.706576 + phonon energy 0.146868 | electron momentum kIdx = 0
The 19-th iteration is completed.	|| time cost : 0h 0m 27.64s
********************************************************************************************************************
Start the 20 rounds of NGS-ED iteration
	effective electronic model is modified as: kinetic energy t = 0.85623
	                                           effective interaction Vq = [-2.10004,-1.98174,-1.77447,-1.98174,-1.98174,-1.77447,-1.83002,-1.77447,-1.77447,-1.83002,-1.71117,-1.83002,-1.98174,-1.77447,-1.83002,-1.77447]
	PARPACK diagonalization completed after 30 matrix-vector product operations.
	iteration results: : total energy is -53.559708 | electron energy -53.706578 + phonon energy 0.146870 | electron momentum kIdx = 0
	Nq(0) = 16,	Nq(1) = 0.388851,	Nq(2) = 0.367297,	Nq(3) = 0.388851,	Nq(4) = 0.388851,	Nq(5) = 0.367297,	Nq(6) = 0.61224,	Nq(7) = 0.367297,	Nq(8) = 0.367297,	Nq(9) = 0.61224,	Nq(10) = 0.600887,	Nq(11) = 0.61224,	Nq(12) = 0.388851,	Nq(13) = 0.367297,	Nq(14) = 0.61224,	Nq(15) = 0.367297,	Sq(0) = 7.64788e-18,	Sq(1) = 0.376003,	Sq(2) = 0.546219,	Sq(3) = 0.376003,	Sq(4) = 0.376003,	Sq(5) = 0.546219,	Sq(6) = 0.629537,	Sq(7) = 0.546219,	Sq(8) = 0.546219,	Sq(9) = 0.629537,	Sq(10) = 1.89149,	Sq(11) = 0.629537,	Sq(12) = 0.376003,	Sq(13) = 0.546219,	Sq(14) = 0.629537,	Sq(15) = 0.546219,	N(0) = 1.99966,	N(1) = 1.9995,	N(2) = 1,	N(3) = 1.9995,	N(4) = 1.9995,	N(5) = 1,	N(6) = 0.000503931,	N(7) = 1,	N(8) = 1,	N(9) = 0.000503931,	N(10) = 0.000337415,	N(11) = 0.000503931,	N(12) = 1.9995,	N(13) = 1,	N(14) = 0.000503931,	N(15) = 1,	Delta[s](0) = 0.265694,	Delta[s](1) = 0.262471,	Delta[s](2) = 0.199841,	Delta[s](3) = 0.262471,	Delta[s](4) = 0.262471,	Delta[s](5) = 0.199841,	Delta[s](6) = 0.196854,	Delta[s](7) = 0.199841,	Delta[s](8) = 0.199841,	Delta[s](9) = 0.196854,	Delta[s](10) = 0.102477,	Delta[s](11) = 0.196854,	Delta[s](12) = 0.262471,	Delta[s](13) = 0.199841,	Delta[s](14) = 0.196854,	Delta[s](15) = 0.199841,	Delta[d](0) = 0.573157,	Delta[d](1) = 0.324844,	Delta[d](2) = 0.286784,	Delta[d](3) = 0.324844,	Delta[d](4) = 0.324844,	Delta[d](5) = 0.34255,	Delta[d](6) = 0.254389,	Delta[d](7) = 0.34255,	Delta[d](8) = 0.286784,	Delta[d](9) = 0.254389,	Delta[d](10) = 0.118243,	Delta[d](11) = 0.254389,	Delta[d](12) = 0.324844,	Delta[d](13) = 0.34255,	Delta[d](14) = 0.254389,	Delta[d](15) = 0.34255,	Delta[s+](0) = 0.53175,	Delta[s+](1) = 0.434887,	Delta[s+](2) = 0.286784,	Delta[s+](3) = 0.434887,	Delta[s+](4) = 0.434887,	Delta[s+](5) = 0.286784,	Delta[s+](6) = 0.136511,	Delta[s+](7) = 0.286784,	Delta[s+](8) = 0.286784,	Delta[s+](9) = 0.136511,	Delta[s+](10) = 0.0368476,	Delta[s+](11) = 0.136511,	Delta[s+](12) = 0.434887,	Delta[s+](13) = 0.286784,	Delta[s+](14) = 0.136511,	Delta[s+](15) = 0.286784
The 20-th iteration is completed.	|| time cost : 0h 4m 24.18s
********************************************************************************************************************
Start the 21 rounds of NGS-ED iteration
	effective electronic model is modified as: kinetic energy t = 0.856229
	                                           effective interaction Vq = [-2.10004,-1.98174,-1.77447,-1.98174,-1.98174,-1.77447,-1.83002,-1.77447,-1.77447,-1.83002,-1.71117,-1.83002,-1.98174,-1.77447,-1.83002,-1.77447]
	PARPACK diagonalization completed after 30 matrix-vector product operations.
	iteration results: : total energy is -53.559708 | electron energy -53.706579 + phonon energy 0.146871 | electron momentum kIdx = 0
The 21-th iteration is completed.	|| time cost : 0h 0m 27.64s
********************************************************************************************************************
Start the 22 rounds of NGS-ED iteration
	effective electronic model is modified as: kinetic energy t = 0.856229
	                                           effective interaction Vq = [-2.10004,-1.98174,-1.77447,-1.98174,-1.98174,-1.77447,-1.83002,-1.77447,-1.77447,-1.83002,-1.71117,-1.83002,-1.98174,-1.77447,-1.83002,-1.77447]
	PARPACK diagonalization completed after 30 matrix-vector product operations.
	iteration results: : total energy is -53.559708 | electron energy -53.706579 + phonon energy 0.146871 | electron momentum kIdx = 0
The 22-th iteration is completed.	|| time cost : 0h 0m 27.349s
********************************************************************************************************************
Start the 23 rounds of NGS-ED iteration
	effective electronic model is modified as: kinetic energy t = 0.856229
	                                           effective interaction Vq = [-2.10004,-1.98174,-1.77447,-1.98174,-1.98174,-1.77447,-1.83002,-1.77447,-1.77447,-1.83002,-1.71117,-1.83002,-1.98174,-1.77447,-1.83002,-1.77447]
	PARPACK diagonalization completed after 30 matrix-vector product operations.
	iteration results: : total energy is -53.559708 | electron energy -53.706580 + phonon energy 0.146872 | electron momentum kIdx = 0
The 23-th iteration is completed.	|| time cost : 0h 0m 27.636s
********************************************************************************************************************
Start the 24 rounds of NGS-ED iteration
	effective electronic model is modified as: kinetic energy t = 0.856229
	                                           effective interaction Vq = [-2.10004,-1.98174,-1.77447,-1.98174,-1.98174,-1.77447,-1.83002,-1.77447,-1.77447,-1.83002,-1.71117,-1.83002,-1.98174,-1.77447,-1.83002,-1.77447]
	PARPACK diagonalization completed after 30 matrix-vector product operations.
	iteration results: : total energy is -53.559708 | electron energy -53.706580 + phonon energy 0.146872 | electron momentum kIdx = 0
