SNEDics v3.4 Non-Gaussian ED ground state program		Start at Tue Oct  1 21:32:56 2019

parallized on 16 MPI threads  * 8 OpenMP threads = 128 total threads.
********************************************************************************************************************
********************************************************************************************************************

********************************************************************************************************************
System parameters and configurations
********************************************************************************************************************
Special program options are enabled: splitted diagonal Hamiltonian
********************************************************************************************************************
Read input file "model_params.in"
	Hubbard-Holstein model parameters : 	t = 1    U = 3.7    g = 3.937    W = 5    
********************************************************************************************************************
Read input file "hilbertspace_params.in"
	Requested 16-site 2D lattice, with 16 electrons (8, 8)
	Boundary : Periodic		Hilbert space representation : momentum-space (restricted to kIdx = 10)
	Conservation: particle number[U(1)]      spin[U(1)]     momentum
********************************************************************************************************************

Cluster Positions:				Cluster symmetry group : D4
 x ... x ... x ... x .....                       x ... x ... x ... x .....
 |           |           :                       |           |           :
 |           |           :                       |           |           :
12    13    14    15     x                       1     5     6     5     x
 |           |           :                       |           |           :
 |           |           :                       |           |           :
 8 --- 9 ---10 ---11 --- x                       2 --- 6 ---10 --- 6 --- x
 |           |           :                       |           |           :
 |           |           :                       |           |           :
 4     5     6     7     x                       1     5     6     5     x
 |           |           :                       |           |           :
 |           |           :                       |           |           :
 0 --- 1 --- 2 --- 3 --- x                       0 --- 1 --- 2 --- 1 --- x
orbital number : 1
********************************************************************************************************************
Read input file "obs_params.in"
	Observable Type : Nq(All),   Sq(All),   N(All),   Delta[s](All),   Delta[d](All),   Delta[s+](All)
********************************************************************************************************************
** WARNING ** the input observables have non-local factors which have been reinterpreted. The total observable number is 96
********************************************************************************************************************


********************************************************************************************************************
Start calculating the non-Gaussian ED ground state
** WARNING ** Detected low phonon energy W < 10. The initial state will be prepared through a warm-up process.
********************************************************************************************************************
Start warm-up calculation for scaling factor 2
open output files: NGSEDWarmUpW10Obs.txt
********************************************************************************************************************
Start the 0 rounds of NGS-ED iteration
	effective electronic model is modified as: kinetic energy t = 1
	                                           effective interaction Vq = [-0,-0,-0,-0,-0,-0,-0,-0,-0,-0,-0,-0,-0,-0,-0,-0]
	first Hamiltonian is constructed, non-zero numbers = 2845334624
	PARPACK diagonalization completed after 90 matrix-vector product operations.
	iteration results: : total energy is -14.056387 | electron energy -14.056387 + phonon energy 0.000000 | electron momentum kIdx = 10
	Nq(0) = 16,	Nq(1) = 0.176896,	Nq(2) = 0.248849,	Nq(3) = 0.176896,	Nq(4) = 0.176896,	Nq(5) = 0.248849,	Nq(6) = 0.341593,	Nq(7) = 0.248849,	Nq(8) = 0.248849,	Nq(9) = 0.341593,	Nq(10) = 0.406747,	Nq(11) = 0.341593,	Nq(12) = 0.176896,	Nq(13) = 0.248849,	Nq(14) = 0.341593,	Nq(15) = 0.248849,	Sq(0) = -1.10861e-18,	Sq(1) = 0.324387,	Sq(2) = 0.423174,	Sq(3) = 0.324387,	Sq(4) = 0.324387,	Sq(5) = 0.423174,	Sq(6) = 0.642608,	Sq(7) = 0.423174,	Sq(8) = 0.423174,	Sq(9) = 0.642608,	Sq(10) = 5.61918,	Sq(11) = 0.642608,	Sq(12) = 0.324387,	Sq(13) = 0.423174,	Sq(14) = 0.642608,	Sq(15) = 0.423174,	N(0) = 1.94137,	N(1) = 1.86731,	N(2) = 1,	N(3) = 1.86731,	N(4) = 1.86731,	N(5) = 1,	N(6) = 0.132689,	N(7) = 1,	N(8) = 1,	N(9) = 0.132689,	N(10) = 0.0586326,	N(11) = 0.132689,	N(12) = 1.86731,	N(13) = 1,	N(14) = 0.132689,	N(15) = 1,	Delta[s](0) = 0.181447,	Delta[s](1) = 0.15781,	Delta[s](2) = 0.124383,	Delta[s](3) = 0.15781,	Delta[s](4) = 0.15781,	Delta[s](5) = 0.124383,	Delta[s](6) = 0.0982724,	Delta[s](7) = 0.124383,	Delta[s](8) = 0.124383,	Delta[s](9) = 0.0982724,	Delta[s](10) = 0.0348233,	Delta[s](11) = 0.0982724,	Delta[s](12) = 0.15781,	Delta[s](13) = 0.124383,	Delta[s](14) = 0.0982724,	Delta[s](15) = 0.124383,	Delta[d](0) = 0.512095,	Delta[d](1) = 0.376379,	Delta[d](2) = 0.320852,	Delta[d](3) = 0.376379,	Delta[d](4) = 0.376379,	Delta[d](5) = 0.372687,	Delta[d](6) = 0.299616,	Delta[d](7) = 0.372687,	Delta[d](8) = 0.320852,	Delta[d](9) = 0.299616,	Delta[d](10) = 0.243826,	Delta[d](11) = 0.299616,	Delta[d](12) = 0.376379,	Delta[d](13) = 0.372687,	Delta[d](14) = 0.299616,	Delta[d](15) = 0.372687,	Delta[s+](0) = 0.579184,	Delta[s+](1) = 0.474956,	Delta[s+](2) = 0.320852,	Delta[s+](3) = 0.474956,	Delta[s+](4) = 0.474956,	Delta[s+](5) = 0.320852,	Delta[s+](6) = 0.172291,	Delta[s+](7) = 0.320852,	Delta[s+](8) = 0.320852,	Delta[s+](9) = 0.172291,	Delta[s+](10) = 0.0581245,	Delta[s+](11) = 0.172291,	Delta[s+](12) = 0.474956,	Delta[s+](13) = 0.320852,	Delta[s+](14) = 0.172291,	Delta[s+](15) = 0.320852
The 0-th iteration is completed.	|| time cost : 0h 8m 34.294s
********************************************************************************************************************
Start the 1 rounds of NGS-ED iteration
	effective electronic model is modified as: kinetic energy t = 0.921753
	                                           effective interaction Vq = [-2.68046, -2.4665, -2.3795, -2.4665, -2.4665, -2.3795,-2.35432, -2.3795, -2.3795,-2.35432,-2.31823,-2.35432, -2.4665, -2.3795,-2.35432, -2.3795]
	PARPACK diagonalization completed after 165 matrix-vector product operations.
	iteration results: : total energy is -70.031599 | electron energy -70.037814 + phonon energy 0.006215 | electron momentum kIdx = 10
The 1-th iteration is completed.	|| time cost : 0h 8m 0.979s
********************************************************************************************************************
Start the 2 rounds of NGS-ED iteration
	effective electronic model is modified as: kinetic energy t = 0.851213
	                                           effective interaction Vq = [-3.04322,-2.92878,-2.91002,-2.92878,-2.92878,-2.91002,-2.83363,-2.91002,-2.91002,-2.83363,-2.88358,-2.83363,-2.92878,-2.91002,-2.83363,-2.91002]
	PARPACK diagonalization completed after 45 matrix-vector product operations.
	iteration results: : total energy is -79.548342 | electron energy -79.599513 + phonon energy 0.051172 | electron momentum kIdx = 10
The 2-th iteration is completed.	|| time cost : 0h 0m 31.976s
********************************************************************************************************************
Start the 3 rounds of NGS-ED iteration
	effective electronic model is modified as: kinetic energy t = 0.828638
	                                           effective interaction Vq = [-3.09231,-3.01337,-2.95938,-3.01337,-3.01337,-2.95938,-2.93696,-2.95938,-2.95938,-2.93696,-3.05671,-2.93696,-3.01337,-2.95938,-2.93696,-2.95938]
	PARPACK diagonalization completed after 45 matrix-vector product operations.
	iteration results: : total energy is -81.156244 | electron energy -81.242412 + phonon energy 0.086168 | electron momentum kIdx = 10
The 3-th iteration is completed.	|| time cost : 0h 0m 31.999s
********************************************************************************************************************
Start the 4 rounds of NGS-ED iteration
	effective electronic model is modified as: kinetic energy t = 0.826657
	                                           effective interaction Vq = [-3.09895,-3.02014,-2.94152,-3.02014,-3.02014,-2.94152,-2.94703,-2.94152,-2.94152,-2.94703,-3.08838,-2.94703,-3.02014,-2.94152,-2.94703,-2.94152]
	PARPACK diagonalization completed after 30 matrix-vector product operations.
	iteration results: : total energy is -81.389130 | electron energy -81.485740 + phonon energy 0.096609 | electron momentum kIdx = 10
The 4-th iteration is completed.	|| time cost : 0h 0m 27.296s
********************************************************************************************************************
Start the 5 rounds of NGS-ED iteration
	effective electronic model is modified as: kinetic energy t = 0.827228
	                                           effective interaction Vq = [-3.09985,-3.01738,-2.93017,-3.01738,-3.01738,-2.93017,-2.94429,-2.93017,-2.93017,-2.94429,-3.09469,-2.94429,-3.01738,-2.93017,-2.94429,-2.93017]
	PARPACK diagonalization completed after 30 matrix-vector product operations.
	iteration results: : total energy is -81.420051 | electron energy -81.518737 + phonon energy 0.098687 | electron momentum kIdx = 10
The 5-th iteration is completed.	|| time cost : 0h 0m 27.594s
********************************************************************************************************************
Start the 6 rounds of NGS-ED iteration
	effective electronic model is modified as: kinetic energy t = 0.827816
	                                           effective interaction Vq = [-3.09997,-3.01482,-2.92474,-3.01482,-3.01482,-2.92474,-2.94139,-2.92474,-2.92474,-2.94139,-3.09628,-2.94139,-3.01482,-2.92474,-2.94139,-2.92474]
	PARPACK diagonalization completed after 30 matrix-vector product operations.
	iteration results: : total energy is -81.424136 | electron energy -81.523027 + phonon energy 0.098891 | electron momentum kIdx = 10
The 6-th iteration is completed.	|| time cost : 0h 0m 27.594s
********************************************************************************************************************
Start the 7 rounds of NGS-ED iteration
	effective electronic model is modified as: kinetic energy t = 0.828172
	                                           effective interaction Vq = [-3.09999,-3.01331,-2.92228,-3.01331,-3.01331,-2.92228,-2.93961,-2.92228,-2.92228,-2.93961,-3.09675,-2.93961,-3.01331,-2.92228,-2.93961,-2.92228]
	PARPACK diagonalization completed after 30 matrix-vector product operations.
	iteration results: : total energy is -81.424696 | electron energy -81.523444 + phonon energy 0.098747 | electron momentum kIdx = 10
The 7-th iteration is completed.	|| time cost : 0h 0m 27.609s
********************************************************************************************************************
Start the 8 rounds of NGS-ED iteration
	effective electronic model is modified as: kinetic energy t = 0.828362
	                                           effective interaction Vq = [-3.09999,-3.01251,-2.92118,-3.01251,-3.01251,-2.92118,-2.93865,-2.92118,-2.92118,-2.93865,-3.09691,-2.93865,-3.01251,-2.92118,-2.93865,-2.92118]
	PARPACK diagonalization completed after 30 matrix-vector product operations.
	iteration results: : total energy is -81.424778 | electron energy -81.523381 + phonon energy 0.098603 | electron momentum kIdx = 10
The 8-th iteration is completed.	|| time cost : 0h 0m 27.572s
********************************************************************************************************************
Start the 9 rounds of NGS-ED iteration
	effective electronic model is modified as: kinetic energy t = 0.828457
	                                           effective interaction Vq = [-3.09999,-3.01212,-2.92068,-3.01212,-3.01212,-2.92068,-2.93817,-2.92068,-2.92068,-2.93817,-3.09696,-2.93817,-3.01212,-2.92068,-2.93817,-2.92068]
	PARPACK diagonalization completed after 30 matrix-vector product operations.
	iteration results: : total energy is -81.424791 | electron energy -81.523302 + phonon energy 0.098511 | electron momentum kIdx = 10
	Nq(0) = 16,	Nq(1) = 0.274065,	Nq(2) = 0.345352,	Nq(3) = 0.274065,	Nq(4) = 0.274065,	Nq(5) = 0.345352,	Nq(6) = 0.542774,	Nq(7) = 0.345352,	Nq(8) = 0.345352,	Nq(9) = 0.542774,	Nq(10) = 6.2974,	Nq(11) = 0.542774,	Nq(12) = 0.274065,	Nq(13) = 0.345352,	Nq(14) = 0.542774,	Nq(15) = 0.345352,	Sq(0) = -2.49226e-18,	Sq(1) = 0.196026,	Sq(2) = 0.270068,	Sq(3) = 0.196026,	Sq(4) = 0.196026,	Sq(5) = 0.270068,	Sq(6) = 0.377576,	Sq(7) = 0.270068,	Sq(8) = 0.270068,	Sq(9) = 0.377576,	Sq(10) = 0.448322,	Sq(11) = 0.377576,	Sq(12) = 0.196026,	Sq(13) = 0.270068,	Sq(14) = 0.377576,	Sq(15) = 0.270068,	N(0) = 1.9592,	N(1) = 1.89462,	N(2) = 1,	N(3) = 1.89462,	N(4) = 1.89462,	N(5) = 1,	N(6) = 0.105381,	N(7) = 1,	N(8) = 1,	N(9) = 0.105381,	N(10) = 0.0407953,	N(11) = 0.105381,	N(12) = 1.89462,	N(13) = 1,	N(14) = 0.105381,	N(15) = 1,	Delta[s](0) = 0.53134,	Delta[s](1) = 0.392112,	Delta[s](2) = 0.365727,	Delta[s](3) = 0.392112,	Delta[s](4) = 0.392112,	Delta[s](5) = 0.365727,	Delta[s](6) = 0.313006,	Delta[s](7) = 0.365727,	Delta[s](8) = 0.365727,	Delta[s](9) = 0.313006,	Delta[s](10) = 0.272255,	Delta[s](11) = 0.313006,	Delta[s](12) = 0.392112,	Delta[s](13) = 0.365727,	Delta[s](14) = 0.313006,	Delta[s](15) = 0.365727,	Delta[d](0) = 0.196324,	Delta[d](1) = 0.180857,	Delta[d](2) = 0.187634,	Delta[d](3) = 0.180857,	Delta[d](4) = 0.180857,	Delta[d](5) = 0.124751,	Delta[d](6) = 0.144562,	Delta[d](7) = 0.124751,	Delta[d](8) = 0.187634,	Delta[d](9) = 0.144562,	Delta[d](10) = 0.0532698,	Delta[d](11) = 0.144562,	Delta[d](12) = 0.180857,	Delta[d](13) = 0.124751,	Delta[d](14) = 0.144562,	Delta[d](15) = 0.124751,	Delta[s+](0) = 0.363129,	Delta[s+](1) = 0.289286,	Delta[s+](2) = 0.187634,	Delta[s+](3) = 0.289286,	Delta[s+](4) = 0.289286,	Delta[s+](5) = 0.187634,	Delta[s+](6) = 0.0832715,	Delta[s+](7) = 0.187634,	Delta[s+](8) = 0.187634,	Delta[s+](9) = 0.0832715,	Delta[s+](10) = 0.0301912,	Delta[s+](11) = 0.0832715,	Delta[s+](12) = 0.289286,	Delta[s+](13) = 0.187634,	Delta[s+](14) = 0.0832715,	Delta[s+](15) = 0.187634
The 9-th iteration is completed.	|| time cost : 0h 4m 35.282s
********************************************************************************************************************
********************************************************************************************************************
Ground state is obtained after 10 iterations. The current ground-state energy is -81.4248, in which electron energy is -81.5233 and phonon energy is 0.0985111
final variational state is: 
	Gamma_x = [      1,1.02411,1.03991,1.02411,1.02411,1.03991,1.06114,1.03991,1.03991,1.06114,1.12472,1.06114,1.02411,1.03991,1.06114,1.03991]
	lambda_q = [0.556751,0.462934,0.422784,0.462934,0.462934,0.422784,0.429474,0.422784,0.422784,0.429474,0.539409,0.429474,0.462934,0.422784,0.429474,0.422784]
********************************************************************************************************************
o___o  ----------------------------------------
| L |	Time since last clock: 0h 0m 0s
A===A	Time since the beginning: 0h 24m 32.199s
***********************************************


********************************************************************************************************************
Warm up runs have been completed. Start calculating W = 5 phonon.
open output files: NGSEDIterationObs.txt
********************************************************************************************************************
Start the 0 rounds of NGS-ED iteration
	effective electronic model is modified as: kinetic energy t = 0.828503
	                                           effective interaction Vq = [  -2.834, -2.5736,-2.43527, -2.5736, -2.5736,-2.43527,-2.45944,-2.43527,-2.43527,-2.45944, -2.7925,-2.45944, -2.5736,-2.43527,-2.45944,-2.43527]
	PARPACK diagonalization completed after 30 matrix-vector product operations.
	iteration results: : total energy is -72.871791 | electron energy -72.921021 + phonon energy 0.049230 | electron momentum kIdx = 10
	Nq(0) = 16,	Nq(1) = 0.258381,	Nq(2) = 0.32604,	Nq(3) = 0.258381,	Nq(4) = 0.258381,	Nq(5) = 0.32604,	Nq(6) = 0.501325,	Nq(7) = 0.32604,	Nq(8) = 0.32604,	Nq(9) = 0.501325,	Nq(10) = 6.23046,	Nq(11) = 0.501325,	Nq(12) = 0.258381,	Nq(13) = 0.32604,	Nq(14) = 0.501325,	Nq(15) = 0.32604,	Sq(0) = 3.59523e-19,	Sq(1) = 0.216661,	Sq(2) = 0.290958,	Sq(3) = 0.216661,	Sq(4) = 0.216661,	Sq(5) = 0.290958,	Sq(6) = 0.417292,	Sq(7) = 0.290958,	Sq(8) = 0.290958,	Sq(9) = 0.417292,	Sq(10) = 0.49292,	Sq(11) = 0.417292,	Sq(12) = 0.216661,	Sq(13) = 0.290958,	Sq(14) = 0.417292,	Sq(15) = 0.290958,	N(0) = 1.97187,	N(1) = 1.91644,	N(2) = 1,	N(3) = 1.91644,	N(4) = 1.91644,	N(5) = 1,	N(6) = 0.0835585,	N(7) = 1,	N(8) = 1,	N(9) = 0.0835585,	N(10) = 0.0281293,	N(11) = 0.0835585,	N(12) = 1.91644,	N(13) = 1,	N(14) = 0.0835585,	N(15) = 1,	Delta[s](0) = 0.452762,	Delta[s](1) = 0.373484,	Delta[s](2) = 0.354071,	Delta[s](3) = 0.373484,	Delta[s](4) = 0.373484,	Delta[s](5) = 0.354071,	Delta[s](6) = 0.313366,	Delta[s](7) = 0.354071,	Delta[s](8) = 0.354071,	Delta[s](9) = 0.313366,	Delta[s](10) = 0.288171,	Delta[s](11) = 0.313366,	Delta[s](12) = 0.373484,	Delta[s](13) = 0.354071,	Delta[s](14) = 0.313366,	Delta[s](15) = 0.354071,	Delta[d](0) = 0.200317,	Delta[d](1) = 0.18754,	Delta[d](2) = 0.197789,	Delta[d](3) = 0.18754,	Delta[d](4) = 0.18754,	Delta[d](5) = 0.127731,	Delta[d](6) = 0.149498,	Delta[d](7) = 0.127731,	Delta[d](8) = 0.197789,	Delta[d](9) = 0.149498,	Delta[d](10) = 0.055047,	Delta[d](11) = 0.149498,	Delta[d](12) = 0.18754,	Delta[d](13) = 0.127731,	Delta[d](14) = 0.149498,	Delta[d](15) = 0.127731,	Delta[s+](0) = 0.395493,	Delta[s+](1) = 0.307836,	Delta[s+](2) = 0.197789,	Delta[s+](3) = 0.307836,	Delta[s+](4) = 0.307836,	Delta[s+](5) = 0.197789,	Delta[s+](6) = 0.0864325,	Delta[s+](7) = 0.197789,	Delta[s+](8) = 0.197789,	Delta[s+](9) = 0.0864325,	Delta[s+](10) = 0.0313869,	Delta[s+](11) = 0.0864325,	Delta[s+](12) = 0.307836,	Delta[s+](13) = 0.197789,	Delta[s+](14) = 0.0864325,	Delta[s+](15) = 0.197789
The 0-th iteration is completed.	|| time cost : 0h 4m 26.49s
********************************************************************************************************************
Start the 1 rounds of NGS-ED iteration
	effective electronic model is modified as: kinetic energy t = 0.806135
	                                           effective interaction Vq = [-3.00214,-2.71341,-2.53959,-2.71341,-2.71341,-2.53959,-2.56889,-2.53959,-2.53959,-2.56889,-2.98229,-2.56889,-2.71341,-2.53959,-2.56889,-2.53959]
	PARPACK diagonalization completed after 30 matrix-vector product operations.
	iteration results: : total energy is -76.798294 | electron energy -76.951872 + phonon energy 0.153578 | electron momentum kIdx = 10
The 1-th iteration is completed.	|| time cost : 0h 0m 27.349s
********************************************************************************************************************
Start the 2 rounds of NGS-ED iteration
	effective electronic model is modified as: kinetic energy t = 0.797925
	                                           effective interaction Vq = [  -3.064,-2.74581,-2.56984,-2.74581,-2.74581,-2.56984,-2.59504,-2.56984,-2.56984,-2.59504,-3.05471,-2.59504,-2.74581,-2.56984,-2.59504,-2.56984]
	PARPACK diagonalization completed after 30 matrix-vector product operations.
	iteration results: : total energy is -78.238393 | electron energy -78.454048 + phonon energy 0.215655 | electron momentum kIdx = 10
The 2-th iteration is completed.	|| time cost : 0h 0m 27.569s
********************************************************************************************************************
Start the 3 rounds of NGS-ED iteration
	effective electronic model is modified as: kinetic energy t = 0.79609
	                                           effective interaction Vq = [-3.08675,-2.74308,-2.57191,-2.74308,-2.74308,-2.57191,-2.59184,-2.57191,-2.57191,-2.59184,-3.08056,-2.59184,-2.74308,-2.57191,-2.59184,-2.57191]
	PARPACK diagonalization completed after 30 matrix-vector product operations.
	iteration results: : total energy is -78.744882 | electron energy -78.988855 + phonon energy 0.243973 | electron momentum kIdx = 10
The 3-th iteration is completed.	|| time cost : 0h 0m 27.252s
********************************************************************************************************************
Start the 4 rounds of NGS-ED iteration
	effective electronic model is modified as: kinetic energy t = 0.796435
	                                           effective interaction Vq = [-3.09512,-2.73217,-2.56604,-2.73217,-2.73217,-2.56604,-2.58165,-2.56604,-2.56604,-2.58165,-3.08999,-2.58165,-2.73217,-2.56604,-2.58165,-2.56604]
	PARPACK diagonalization completed after 30 matrix-vector product operations.
	iteration results: : total energy is -78.920721 | electron energy -79.176399 + phonon energy 0.255678 | electron momentum kIdx = 10
The 4-th iteration is completed.	|| time cost : 0h 0m 27.328s
********************************************************************************************************************
Start the 5 rounds of NGS-ED iteration
	effective electronic model is modified as: kinetic energy t = 0.79733
	                                           effective interaction Vq = [ -3.0982,-2.72145,-2.55918,-2.72145,-2.72145,-2.55918,-2.57162,-2.55918,-2.55918,-2.57162,-3.09369,-2.57162,-2.72145,-2.55918,-2.57162,-2.55918]
	PARPACK diagonalization completed after 30 matrix-vector product operations.
	iteration results: : total energy is -78.982059 | electron energy -79.241997 + phonon energy 0.259938 | electron momentum kIdx = 10
The 5-th iteration is completed.	|| time cost : 0h 0m 27.568s
********************************************************************************************************************
Start the 6 rounds of NGS-ED iteration
	effective electronic model is modified as: kinetic energy t = 0.798226
	                                           effective interaction Vq = [-3.09933, -2.7129,-2.55332, -2.7129, -2.7129,-2.55332,-2.56351,-2.55332,-2.55332,-2.56351,-3.09527,-2.56351, -2.7129,-2.55332,-2.56351,-2.55332]
	PARPACK diagonalization completed after 30 matrix-vector product operations.
	iteration results: : total energy is -79.003722 | electron energy -79.264709 + phonon energy 0.260987 | electron momentum kIdx = 10
The 6-th iteration is completed.	|| time cost : 0h 0m 27.609s
********************************************************************************************************************
Start the 7 rounds of NGS-ED iteration
	effective electronic model is modified as: kinetic energy t = 0.798968
	                                           effective interaction Vq = [-3.09975,-2.70656, -2.5488,-2.70656,-2.70656, -2.5488,-2.55741, -2.5488, -2.5488,-2.55741,  -3.096,-2.55741,-2.70656, -2.5488,-2.55741, -2.5488]
	PARPACK diagonalization completed after 30 matrix-vector product operations.
	iteration results: : total energy is -79.011481 | electron energy -79.272243 + phonon energy 0.260762 | electron momentum kIdx = 10
The 7-th iteration is completed.	|| time cost : 0h 0m 27.446s
********************************************************************************************************************
Start the 8 rounds of NGS-ED iteration
	effective electronic model is modified as: kinetic energy t = 0.799534
	                                           effective interaction Vq = [ -3.0999,-2.70203,-2.54546,-2.70203,-2.70203,-2.54546,-2.55299,-2.54546,-2.54546,-2.55299,-3.09635,-2.55299,-2.70203,-2.54546,-2.55299,-2.54546]
	PARPACK diagonalization completed after 30 matrix-vector product operations.
	iteration results: : total energy is -79.014297 | electron energy -79.274427 + phonon energy 0.260130 | electron momentum kIdx = 10
The 8-th iteration is completed.	|| time cost : 0h 0m 27.309s
********************************************************************************************************************
Start the 9 rounds of NGS-ED iteration
	effective electronic model is modified as: kinetic energy t = 0.79995
	                                           effective interaction Vq = [-3.09996,-2.69884,-2.54307,-2.69884,-2.69884,-2.54307,-2.54984,-2.54307,-2.54307,-2.54984,-3.09652,-2.54984,-2.69884,-2.54307,-2.54984,-2.54307]
	PARPACK diagonalization completed after 30 matrix-vector product operations.
	iteration results: : total energy is -79.015332 | electron energy -79.274789 + phonon energy 0.259458 | electron momentum kIdx = 10
The 9-th iteration is completed.	|| time cost : 0h 0m 27.268s
********************************************************************************************************************
Start the 10 rounds of NGS-ED iteration
	effective electronic model is modified as: kinetic energy t = 0.800249
	                                           effective interaction Vq = [-3.09998,-2.69663,-2.54137,-2.69663,-2.69663,-2.54137,-2.54764,-2.54137,-2.54137,-2.54764,-3.09661,-2.54764,-2.69663,-2.54137,-2.54764,-2.54137]
	PARPACK diagonalization completed after 30 matrix-vector product operations.
	iteration results: : total energy is -79.015716 | electron energy -79.274593 + phonon energy 0.258878 | electron momentum kIdx = 10
	Nq(0) = 16,	Nq(1) = 0.170244,	Nq(2) = 0.253806,	Nq(3) = 0.170244,	Nq(4) = 0.170244,	Nq(5) = 0.253806,	Nq(6) = 0.370771,	Nq(7) = 0.253806,	Nq(8) = 0.253806,	Nq(9) = 0.370771,	Nq(10) = 8.65291,	Nq(11) = 0.370771,	Nq(12) = 0.170244,	Nq(13) = 0.253806,	Nq(14) = 0.370771,	Nq(15) = 0.253806,	Sq(0) = -7.12003e-18,	Sq(1) = 0.150781,	Sq(2) = 0.229186,	Sq(3) = 0.150781,	Sq(4) = 0.150781,	Sq(5) = 0.229186,	Sq(6) = 0.321363,	Sq(7) = 0.229186,	Sq(8) = 0.229186,	Sq(9) = 0.321363,	Sq(10) = 0.396506,	Sq(11) = 0.321363,	Sq(12) = 0.150781,	Sq(13) = 0.229186,	Sq(14) = 0.321363,	Sq(15) = 0.229186,	N(0) = 1.93018,	N(1) = 1.80202,	N(2) = 1,	N(3) = 1.80202,	N(4) = 1.80202,	N(5) = 1,	N(6) = 0.197981,	N(7) = 1,	N(8) = 1,	N(9) = 0.197981,	N(10) = 0.0698237,	N(11) = 0.197981,	N(12) = 1.80202,	N(13) = 1,	N(14) = 0.197981,	N(15) = 1,	Delta[s](0) = 0.461443,	Delta[s](1) = 0.408482,	Delta[s](2) = 0.385794,	Delta[s](3) = 0.408482,	Delta[s](4) = 0.408482,	Delta[s](5) = 0.385794,	Delta[s](6) = 0.356795,	Delta[s](7) = 0.385794,	Delta[s](8) = 0.385794,	Delta[s](9) = 0.356795,	Delta[s](10) = 0.332589,	Delta[s](11) = 0.356795,	Delta[s](12) = 0.408482,	Delta[s](13) = 0.385794,	Delta[s](14) = 0.356795,	Delta[s](15) = 0.385794,	Delta[d](0) = 0.155532,	Delta[d](1) = 0.140145,	Delta[d](2) = 0.160389,	Delta[d](3) = 0.140145,	Delta[d](4) = 0.140145,	Delta[d](5) = 0.0978294,	Delta[d](6) = 0.107148,	Delta[d](7) = 0.0978294,	Delta[d](8) = 0.160389,	Delta[d](9) = 0.107148,	Delta[d](10) = 0.039993,	Delta[d](11) = 0.107148,	Delta[d](12) = 0.140145,	Delta[d](13) = 0.0978294,	Delta[d](14) = 0.107148,	Delta[d](15) = 0.0978294,	Delta[s+](0) = 0.341252,	Delta[s+](1) = 0.257207,	Delta[s+](2) = 0.160389,	Delta[s+](3) = 0.257207,	Delta[s+](4) = 0.257207,	Delta[s+](5) = 0.160389,	Delta[s+](6) = 0.0661708,	Delta[s+](7) = 0.160389,	Delta[s+](8) = 0.160389,	Delta[s+](9) = 0.0661708,	Delta[s+](10) = 0.0244843,	Delta[s+](11) = 0.0661708,	Delta[s+](12) = 0.257207,	Delta[s+](13) = 0.160389,	Delta[s+](14) = 0.0661708,	Delta[s+](15) = 0.160389
The 10-th iteration is completed.	|| time cost : 0h 4m 23.621s
********************************************************************************************************************
Start the 11 rounds of NGS-ED iteration
	effective electronic model is modified as: kinetic energy t = 0.800459
	                                           effective interaction Vq = [-3.09999,-2.69511,-2.54019,-2.69511,-2.69511,-2.54019, -2.5461,-2.54019,-2.54019, -2.5461,-3.09666, -2.5461,-2.69511,-2.54019, -2.5461,-2.54019]
	PARPACK diagonalization completed after 30 matrix-vector product operations.
	iteration results: : total energy is -79.015860 | electron energy -79.274281 + phonon energy 0.258421 | electron momentum kIdx = 10
The 11-th iteration is completed.	|| time cost : 0h 0m 27.596s
********************************************************************************************************************
Start the 12 rounds of NGS-ED iteration
	effective electronic model is modified as: kinetic energy t = 0.800606
	                                           effective interaction Vq = [-3.09999,-2.69406,-2.53937,-2.69406,-2.69406,-2.53937,-2.54504,-2.53937,-2.53937,-2.54504,-3.09669,-2.54504,-2.69406,-2.53937,-2.54504,-2.53937]
	PARPACK diagonalization completed after 30 matrix-vector product operations.
	iteration results: : total energy is -79.015914 | electron energy -79.273994 + phonon energy 0.258080 | electron momentum kIdx = 10
The 12-th iteration is completed.	|| time cost : 0h 0m 28.046s
********************************************************************************************************************
Start the 13 rounds of NGS-ED iteration
	effective electronic model is modified as: kinetic energy t = 0.800708
	                                           effective interaction Vq = [-3.09999,-2.69335,-2.53881,-2.69335,-2.69335,-2.53881,-2.54431,-2.53881,-2.53881,-2.54431, -3.0967,-2.54431,-2.69335,-2.53881,-2.54431,-2.53881]
	PARPACK diagonalization completed after 30 matrix-vector product operations.
	iteration results: : total energy is -79.015935 | electron energy -79.273767 + phonon energy 0.257832 | electron momentum kIdx = 10
The 13-th iteration is completed.	|| time cost : 0h 0m 27.62s
********************************************************************************************************************
Start the 14 rounds of NGS-ED iteration
	effective electronic model is modified as: kinetic energy t = 0.800778
	                                           effective interaction Vq = [-3.09999,-2.69286,-2.53842,-2.69286,-2.69286,-2.53842, -2.5438,-2.53842,-2.53842, -2.5438,-3.09671, -2.5438,-2.69286,-2.53842, -2.5438,-2.53842]
	PARPACK diagonalization completed after 30 matrix-vector product operations.
	iteration results: : total energy is -79.015943 | electron energy -79.273598 + phonon energy 0.257656 | electron momentum kIdx = 10
The 14-th iteration is completed.	|| time cost : 0h 0m 27.611s
********************************************************************************************************************
Start the 15 rounds of NGS-ED iteration
	effective electronic model is modified as: kinetic energy t = 0.800827
	                                           effective interaction Vq = [-3.09999,-2.69252,-2.53815,-2.69252,-2.69252,-2.53815,-2.54346,-2.53815,-2.53815,-2.54346,-3.09671,-2.54346,-2.69252,-2.53815,-2.54346,-2.53815]
	PARPACK diagonalization completed after 30 matrix-vector product operations.
	iteration results: : total energy is -79.015946 | electron energy -79.273477 + phonon energy 0.257531 | electron momentum kIdx = 10
The 15-th iteration is completed.	|| time cost : 0h 0m 27.268s
********************************************************************************************************************
Start the 16 rounds of NGS-ED iteration
	effective electronic model is modified as: kinetic energy t = 0.80086
	                                           effective interaction Vq = [-3.09999, -2.6923,-2.53797, -2.6923, -2.6923,-2.53797,-2.54322,-2.53797,-2.53797,-2.54322,-3.09672,-2.54322, -2.6923,-2.53797,-2.54322,-2.53797]
	PARPACK diagonalization completed after 30 matrix-vector product operations.
	iteration results: : total energy is -79.015947 | electron energy -79.273392 + phonon energy 0.257445 | electron momentum kIdx = 10
The 16-th iteration is completed.	|| time cost : 0h 0m 27.562s
********************************************************************************************************************
Start the 17 rounds of NGS-ED iteration
	effective electronic model is modified as: kinetic energy t = 0.800882
	                                           effective interaction Vq = [-3.09999,-2.69214,-2.53784,-2.69214,-2.69214,-2.53784,-2.54306,-2.53784,-2.53784,-2.54306,-3.09672,-2.54306,-2.69214,-2.53784,-2.54306,-2.53784]
	PARPACK diagonalization completed after 30 matrix-vector product operations.
	iteration results: : total energy is -79.015948 | electron energy -79.273333 + phonon energy 0.257385 | electron momentum kIdx = 10
The 17-th iteration is completed.	|| time cost : 0h 0m 27.294s
********************************************************************************************************************
Start the 18 rounds of NGS-ED iteration
	effective electronic model is modified as: kinetic energy t = 0.800898
	                                           effective interaction Vq = [-3.09999,-2.69204,-2.53776,-2.69204,-2.69204,-2.53776,-2.54295,-2.53776,-2.53776,-2.54295,-3.09672,-2.54295,-2.69204,-2.53776,-2.54295,-2.53776]
	PARPACK diagonalization completed after 30 matrix-vector product operations.
	iteration results: : total energy is -79.015948 | electron energy -79.273292 + phonon energy 0.257344 | electron momentum kIdx = 10
The 18-th iteration is completed.	|| time cost : 0h 0m 27.616s
********************************************************************************************************************
Start the 19 rounds of NGS-ED iteration
	effective electronic model is modified as: kinetic energy t = 0.800908
	                                           effective interaction Vq = [-3.09999,-2.69196, -2.5377,-2.69196,-2.69196, -2.5377,-2.54288, -2.5377, -2.5377,-2.54288,-3.09672,-2.54288,-2.69196, -2.5377,-2.54288, -2.5377]
	PARPACK diagonalization completed after 30 matrix-vector product operations.
	iteration results: : total energy is -79.015948 | electron energy -79.273264 + phonon energy 0.257316 | electron momentum kIdx = 10
The 19-th iteration is completed.	|| time cost : 0h 0m 27.238s
********************************************************************************************************************
Start the 20 rounds of NGS-ED iteration
	effective electronic model is modified as: kinetic energy t = 0.800915
	                                           effective interaction Vq = [-3.09999,-2.69191,-2.53766,-2.69191,-2.69191,-2.53766,-2.54283,-2.53766,-2.53766,-2.54283,-3.09672,-2.54283,-2.69191,-2.53766,-2.54283,-2.53766]
	PARPACK diagonalization completed after 30 matrix-vector product operations.
	iteration results: : total energy is -79.015948 | electron energy -79.273245 + phonon energy 0.257297 | electron momentum kIdx = 10
	Nq(0) = 16,	Nq(1) = 0.169624,	Nq(2) = 0.253183,	Nq(3) = 0.169624,	Nq(4) = 0.169624,	Nq(5) = 0.253183,	Nq(6) = 0.369652,	Nq(7) = 0.253183,	Nq(8) = 0.253183,	Nq(9) = 0.369652,	Nq(10) = 8.66883,	Nq(11) = 0.369652,	Nq(12) = 0.169624,	Nq(13) = 0.253183,	Nq(14) = 0.369652,	Nq(15) = 0.253183,	Sq(0) = -3.75199e-18,	Sq(1) = 0.150464,	Sq(2) = 0.22887,	Sq(3) = 0.150464,	Sq(4) = 0.150464,	Sq(5) = 0.22887,	Sq(6) = 0.320949,	Sq(7) = 0.22887,	Sq(8) = 0.22887,	Sq(9) = 0.320949,	Sq(10) = 0.396097,	Sq(11) = 0.320949,	Sq(12) = 0.150464,	Sq(13) = 0.22887,	Sq(14) = 0.320949,	Sq(15) = 0.22887,	N(0) = 1.9299,	N(1) = 1.80121,	N(2) = 1,	N(3) = 1.80121,	N(4) = 1.80121,	N(5) = 1,	N(6) = 0.198785,	N(7) = 1,	N(8) = 1,	N(9) = 0.198785,	N(10) = 0.0701006,	N(11) = 0.198785,	N(12) = 1.80121,	N(13) = 1,	N(14) = 0.198785,	N(15) = 1,	Delta[s](0) = 0.461367,	Delta[s](1) = 0.408639,	Delta[s](2) = 0.385951,	Delta[s](3) = 0.408639,	Delta[s](4) = 0.408639,	Delta[s](5) = 0.385951,	Delta[s](6) = 0.357011,	Delta[s](7) = 0.385951,	Delta[s](8) = 0.385951,	Delta[s](9) = 0.357011,	Delta[s](10) = 0.332843,	Delta[s](11) = 0.357011,	Delta[s](12) = 0.408639,	Delta[s](13) = 0.385951,	Delta[s](14) = 0.357011,	Delta[s](15) = 0.385951,	Delta[d](0) = 0.155257,	Delta[d](1) = 0.139868,	Delta[d](2) = 0.160189,	Delta[d](3) = 0.139868,	Delta[d](4) = 0.139868,	Delta[d](5) = 0.0975803,	Delta[d](6) = 0.106856,	Delta[d](7) = 0.0975803,	Delta[d](8) = 0.160189,	Delta[d](9) = 0.106856,	Delta[d](10) = 0.0397712,	Delta[d](11) = 0.106856,	Delta[d](12) = 0.139868,	Delta[d](13) = 0.0975803,	Delta[d](14) = 0.106856,	Delta[d](15) = 0.0975803,	Delta[s+](0) = 0.34116,	Delta[s+](1) = 0.257023,	Delta[s+](2) = 0.160189,	Delta[s+](3) = 0.257023,	Delta[s+](4) = 0.257023,	Delta[s+](5) = 0.160189,	Delta[s+](6) = 0.0659873,	Delta[s+](7) = 0.160189,	Delta[s+](8) = 0.160189,	Delta[s+](9) = 0.0659873,	Delta[s+](10) = 0.0243607,	Delta[s+](11) = 0.0659873,	Delta[s+](12) = 0.257023,	Delta[s+](13) = 0.160189,	Delta[s+](14) = 0.0659873,	Delta[s+](15) = 0.160189
The 20-th iteration is completed.	|| time cost : 0h 4m 25.616s
********************************************************************************************************************
Start the 21 rounds of NGS-ED iteration
	effective electronic model is modified as: kinetic energy t = 0.80092
	                                           effective interaction Vq = [-3.09999,-2.69188,-2.53763,-2.69188,-2.69188,-2.53763,-2.54279,-2.53763,-2.53763,-2.54279,-3.09672,-2.54279,-2.69188,-2.53763,-2.54279,-2.53763]
	PARPACK diagonalization completed after 30 matrix-vector product operations.
	iteration results: : total energy is -79.015948 | electron energy -79.273231 + phonon energy 0.257283 | electron momentum kIdx = 10
The 21-th iteration is completed.	|| time cost : 0h 0m 27.6s
********************************************************************************************************************
Start the 22 rounds of NGS-ED iteration
	effective electronic model is modified as: kinetic energy t = 0.800924
	                                           effective interaction Vq = [-3.09999,-2.69186,-2.53761,-2.69186,-2.69186,-2.53761,-2.54277,-2.53761,-2.53761,-2.54277,-3.09672,-2.54277,-2.69186,-2.53761,-2.54277,-2.53761]
	PARPACK diagonalization completed after 30 matrix-vector product operations.
	iteration results: : total energy is -79.015948 | electron energy -79.273222 + phonon energy 0.257274 | electron momentum kIdx = 10
The 22-th iteration is completed.	|| time cost : 0h 0m 27.228s
********************************************************************************************************************
Start the 23 rounds of NGS-ED iteration
	effective electronic model is modified as: kinetic energy t = 0.800926
	                                           effective interaction Vq = [-3.09999,-2.69184, -2.5376,-2.69184,-2.69184, -2.5376,-2.54275, -2.5376, -2.5376,-2.54275,-3.09672,-2.54275,-2.69184, -2.5376,-2.54275, -2.5376]
	PARPACK diagonalization completed after 30 matrix-vector product operations.
	iteration results: : total energy is -79.015948 | electron energy -79.273216 + phonon energy 0.257268 | electron momentum kIdx = 10
The 23-th iteration is completed.	|| time cost : 0h 0m 27.279s
********************************************************************************************************************
Start the 24 rounds of NGS-ED iteration
	effective electronic model is modified as: kinetic energy t = 0.800928
	                                           effective interaction Vq = [-3.09999,-2.69183,-2.53759,-2.69183,-2.69183,-2.53759,-2.54274,-2.53759,-2.53759,-2.54274,-3.09672,-2.54274,-2.69183,-2.53759,-2.54274,-2.53759]
	PARPACK diagonalization completed after 30 matrix-vector product operations.
	iteration results: : total energy is -79.015948 | electron energy -79.273212 + phonon energy 0.257264 | electron momentum kIdx = 10
The 24-th iteration is completed.	|| time cost : 0h 0m 27.322s
