SNEDics v3.22.2 Non-Gaussian ED ground state program		Start at Sat Feb 19 21:42:57 2022

Parallelization: 32 MPI threads  * 8 OpenMP threads = 256 total threads.
********************************************************************************************************************
********************************************************************************************************************

********************************************************************************************************************
System parameters and configurations
	special program options are enabled: splitted diagonal Hamiltonian | splitted Hamiltonian terms
********************************************************************************************************************
Read input file "model_params.in"
	Hubbard-Holstein model parameters : 	t = 1    t' = -0.1    U = 8    g = 0.5    W = 0.2    
********************************************************************************************************************
Read input file "hilbertspace_params.in"
	Requested 16-site 2D lattice, with 12 electrons (6, 6)
	Boundary : Periodic		Hilbert space representation : momentum-space (restricted to kIdx = 0)
	Conservation: particle number[U(1)]      spin[U(1)]     momentum
********************************************************************************************************************

Cluster Positions:				Cluster symmetry group : D4
 x ... x ... x ... x .....                       x ... x ... x ... x .....
 |           |           :                       |           |           :
 |           |           :                       |           |           :
12    13    14    15     x                       1     5     6     5     x
 |           |           :                       |           |           :
 |           |           :                       |           |           :
 8 --- 9 ---10 ---11 --- x                       2 --- 6 ---10 --- 6 --- x
 |           |           :                       |           |           :
 |           |           :                       |           |           :
 4     5     6     7     x                       1     5     6     5     x
 |           |           :                       |           |           :
 |           |           :                       |           |           :
 0 --- 1 --- 2 --- 3 --- x                       0 --- 1 --- 2 --- 1 --- x
orbital number : 1
********************************************************************************************************************
Read input file "obs_params.in"
	Observable Type : Nq(All),   Sq(All),   N(All-Orbital),   Delta[s](All),   Delta[d](All),   Delta[s+](All)
** WARNING ** the input observables have non-local factors which have been reinterpreted. The total observable number is 96
********************************************************************************************************************


********************************************************************************************************************
Start calculating the non-Gaussian ED ground state
Maximal iteration number is 1000; energy resolution is 1e-06. Phonon state relaxation time is 2000
W = 0.2 is relatively large. The non-Gaussian ED calculation starts directly.
open output files: NGSED_iteration_observables.txt
********************************************************************************************************************
Start the 0 rounds of NGS-ED iteration
	effective electronic model is modified as: kinetic energy t = 1, t' = -0.1
	                                           effective interaction Vq = [0,0,0,0,0,0,0,0,0,0,0,0,0,0,0,0]
	first Hamiltonian is constructed, size = 4008592 and non-zero numbers = 969952250
	PARPACK diagonalization completed after 135 matrix-vector product operations.
	iteration results: : total energy is -14.906067 | electron energy -14.906067 + phonon energy 0.000000 | electron momentum kIdx = 0
	Nq(0) = 9,	Nq(1) = 0.190086,	Nq(2) = 0.251644,	Nq(3) = 0.190086,	Nq(4) = 0.190086,	Nq(5) = 0.266572,	
	Nq(6) = 0.309783,	Nq(7) = 0.266572,	Nq(8) = 0.251644,	Nq(9) = 0.309783,	Nq(10) = 0.3599,	
	Nq(11) = 0.309783,	Nq(12) = 0.190086,	Nq(13) = 0.266572,	Nq(14) = 0.309783,	Nq(15) = 0.266572;	
	Sq(0) = 5.70805e-18,	Sq(1) = 0.529894,	Sq(2) = 0.442775,	Sq(3) = 0.529894,	Sq(4) = 0.529894,	
	Sq(5) = 0.685332,	Sq(6) = 0.996153,	Sq(7) = 0.685332,	Sq(8) = 0.442775,	Sq(9) = 0.996153,	
	Sq(10) = 1.33998,	Sq(11) = 0.996153,	Sq(12) = 0.529894,	Sq(13) = 0.685332,	Sq(14) = 0.996153,	
	Sq(15) = 0.685332;	N(0) = 1.76585,	N(1) = 1.63678,	N(2) = 1.00104,	N(3) = 1.63678,	
	N(4) = 1.63678,	N(5) = 0.244754,	N(6) = 0.153753,	N(7) = 0.244754,	N(8) = 1.00104,	
	N(9) = 0.153753,	N(10) = 0.0909507,	N(11) = 0.153753,	N(12) = 1.63678,	N(13) = 0.244754,	
	N(14) = 0.153753,	N(15) = 0.244754;	Delta[s](0) = 0.0652755,	Delta[s](1) = 0.0446781,	Delta[s](2) = 0.0346901,	
	Delta[s](3) = 0.0446781,	Delta[s](4) = 0.0446781,	Delta[s](5) = 0.0261577,	Delta[s](6) = 0.0112582,	Delta[s](7) = 0.0261577,	
	Delta[s](8) = 0.0346901,	Delta[s](9) = 0.0112582,	Delta[s](10) = 0.00144451,	Delta[s](11) = 0.0112582,	Delta[s](12) = 0.0446781,	
	Delta[s](13) = 0.0261577,	Delta[s](14) = 0.0112582,	Delta[s](15) = 0.0261577;	Delta[d](0) = 0.51245,	Delta[d](1) = 0.250024,	
	Delta[d](2) = 0.26691,	Delta[d](3) = 0.250024,	Delta[d](4) = 0.250024,	Delta[d](5) = 0.141633,	Delta[d](6) = 0.154333,	
	Delta[d](7) = 0.141633,	Delta[d](8) = 0.26691,	Delta[d](9) = 0.154333,	Delta[d](10) = 0.0898154,	Delta[d](11) = 0.154333,	
	Delta[d](12) = 0.250024,	Delta[d](13) = 0.141633,	Delta[d](14) = 0.154333,	Delta[d](15) = 0.141633;	Delta[s+](0) = 0.536497,	
	Delta[s+](1) = 0.366303,	Delta[s+](2) = 0.26691,	Delta[s+](3) = 0.366303,	Delta[s+](4) = 0.366303,	Delta[s+](5) = 0.163123,	
	Delta[s+](6) = 0.066887,	Delta[s+](7) = 0.163123,	Delta[s+](8) = 0.26691,	Delta[s+](9) = 0.066887,	Delta[s+](10) = 0.0161992,	
	Delta[s+](11) = 0.066887,	Delta[s+](12) = 0.366303,	Delta[s+](13) = 0.163123,	Delta[s+](14) = 0.066887,	Delta[s+](15) = 0.163123
	
The 0-th iteration is completed.	|| time cost : 0h 2m 3.397s
********************************************************************************************************************
Start the 1 rounds of NGS-ED iteration
	effective electronic model is modified as: kinetic energy t = 0.987457, t' = -0.0984432
	                                           effective interaction Vq = [     -1.25, -0.172747, -0.117022, -0.172747, -0.172747, -0.126071,-0.0981432, -0.126071, -0.117022,-0.0981432, -0.086695,-0.0981432, -0.172747, -0.126071,-0.0981432, -0.126071]
	PARPACK diagonalization completed after 45 matrix-vector product operations.
	iteration results: : total energy is -26.382995 | electron energy -26.400907 + phonon energy 0.017912 | electron momentum kIdx = 0
The 1-th iteration is completed.	|| time cost : 0h 1m 18.345s
********************************************************************************************************************
Start the 2 rounds of NGS-ED iteration
	effective electronic model is modified as: kinetic energy t = 0.987395, t' = -0.0984312
	                                           effective interaction Vq = [     -1.25, -0.174591, -0.116631, -0.174591, -0.174591, -0.126526,-0.0980737, -0.126526, -0.116631,-0.0980737,-0.0865375,-0.0980737, -0.174591, -0.126526,-0.0980737, -0.126526]
	PARPACK diagonalization completed after 45 matrix-vector product operations.
	iteration results: : total energy is -26.383003 | electron energy -26.401297 + phonon energy 0.018294 | electron momentum kIdx = 0
The 2-th iteration is completed.	|| time cost : 0h 0m 11.615s
********************************************************************************************************************
Start the 3 rounds of NGS-ED iteration
	effective electronic model is modified as: kinetic energy t = 0.987394, t' = -0.0984309
	                                           effective interaction Vq = [     -1.25, -0.174636, -0.116611, -0.174636, -0.174636, -0.126528,-0.0980671, -0.126528, -0.116611,-0.0980671,-0.0865309,-0.0980671, -0.174636, -0.126528,-0.0980671, -0.126528]
	PARPACK diagonalization completed after 30 matrix-vector product operations.
	iteration results: : total energy is -26.383003 | electron energy -26.401300 + phonon energy 0.018297 | electron momentum kIdx = 0
The 3-th iteration is completed.	|| time cost : 0h 0m 9.613s
********************************************************************************************************************
Start the 4 rounds of NGS-ED iteration
	effective electronic model is modified as: kinetic energy t = 0.987394, t' = -0.0984309
	                                           effective interaction Vq = [     -1.25, -0.174637, -0.116611, -0.174637, -0.174637, -0.126528, -0.098067, -0.126528, -0.116611, -0.098067,-0.0865307, -0.098067, -0.174637, -0.126528, -0.098067, -0.126528]
	PARPACK diagonalization completed after 30 matrix-vector product operations.
	iteration results: : total energy is -26.383003 | electron energy -26.401300 + phonon energy 0.018297 | electron momentum kIdx = 0
The 4-th iteration is completed.	|| time cost : 0h 0m 9.609s
********************************************************************************************************************
Start the 5 rounds of NGS-ED iteration
	effective electronic model is modified as: kinetic energy t = 0.987394, t' = -0.0984309
	                                           effective interaction Vq = [     -1.25, -0.174637, -0.116611, -0.174637, -0.174637, -0.126528, -0.098067, -0.126528, -0.116611, -0.098067,-0.0865307, -0.098067, -0.174637, -0.126528, -0.098067, -0.126528]
	PARPACK diagonalization completed after 30 matrix-vector product operations.
	iteration results: : total energy is -26.383003 | electron energy -26.401300 + phonon energy 0.018297 | electron momentum kIdx = 0
	Nq(0) = 9,	Nq(1) = 0.192682,	Nq(2) = 0.252056,	Nq(3) = 0.192682,	Nq(4) = 0.192682,	Nq(5) = 0.268566,	
	Nq(6) = 0.31104,	Nq(7) = 0.268566,	Nq(8) = 0.252056,	Nq(9) = 0.31104,	Nq(10) = 0.361069,	
	Nq(11) = 0.31104,	Nq(12) = 0.192682,	Nq(13) = 0.268566,	Nq(14) = 0.31104,	Nq(15) = 0.268566;	
	Sq(0) = -2.62991e-19,	Sq(1) = 0.527628,	Sq(2) = 0.442463,	Sq(3) = 0.527628,	Sq(4) = 0.527628,	
	Sq(5) = 0.683033,	Sq(6) = 0.993757,	Sq(7) = 0.683033,	Sq(8) = 0.442463,	Sq(9) = 0.993757,	
	Sq(10) = 1.34307,	Sq(11) = 0.993757,	Sq(12) = 0.527628,	Sq(13) = 0.683033,	Sq(14) = 0.993757,	
	Sq(15) = 0.683033;	N(0) = 1.77119,	N(1) = 1.64412,	N(2) = 1.00038,	N(3) = 1.64412,	
	N(4) = 1.64412,	N(5) = 0.239021,	N(6) = 0.151347,	N(7) = 0.239021,	N(8) = 1.00038,	
	N(9) = 0.151347,	N(10) = 0.0901105,	N(11) = 0.151347,	N(12) = 1.64412,	N(13) = 0.239021,	
	N(14) = 0.151347,	N(15) = 0.239021;	Delta[s](0) = 0.0669839,	Delta[s](1) = 0.0458401,	Delta[s](2) = 0.0357126,	
	Delta[s](3) = 0.0458401,	Delta[s](4) = 0.0458401,	Delta[s](5) = 0.0269279,	Delta[s](6) = 0.0115509,	Delta[s](7) = 0.0269279,	
	Delta[s](8) = 0.0357126,	Delta[s](9) = 0.0115509,	Delta[s](10) = 0.00148034,	Delta[s](11) = 0.0115509,	Delta[s](12) = 0.0458401,	
	Delta[s](13) = 0.0269279,	Delta[s](14) = 0.0115509,	Delta[s](15) = 0.0269279;	Delta[d](0) = 0.517511,	Delta[d](1) = 0.250542,	
	Delta[d](2) = 0.267576,	Delta[d](3) = 0.250542,	Delta[d](4) = 0.250542,	Delta[d](5) = 0.141494,	Delta[d](6) = 0.154147,	
	Delta[d](7) = 0.141494,	Delta[d](8) = 0.267576,	Delta[d](9) = 0.154147,	Delta[d](10) = 0.088118,	Delta[d](11) = 0.154147,	
	Delta[d](12) = 0.250542,	Delta[d](13) = 0.141494,	Delta[d](14) = 0.154147,	Delta[d](15) = 0.141494;	Delta[s+](0) = 0.538354,	
	Delta[s+](1) = 0.367419,	Delta[s+](2) = 0.267576,	Delta[s+](3) = 0.367419,	Delta[s+](4) = 0.367419,	Delta[s+](5) = 0.163173,	
	Delta[s+](6) = 0.0665378,	Delta[s+](7) = 0.163173,	Delta[s+](8) = 0.267576,	Delta[s+](9) = 0.0665378,	Delta[s+](10) = 0.0160647,	
	Delta[s+](11) = 0.0665378,	Delta[s+](12) = 0.367419,	Delta[s+](13) = 0.163173,	Delta[s+](14) = 0.0665378,	Delta[s+](15) = 0.163173
	
The 5-th iteration is completed.	|| time cost : 0h 1m 21.134s
********************************************************************************************************************
********************************************************************************************************************
Ground state is obtained after 6 iterations. The current ground-state energy is -26.383, in which electron energy is -26.4013 and phonon energy is 0.0182968
Final variational state is: 
	Gamma_x = [      1,1.17495,1.15359,1.17495,1.17495,1.17896, 1.1605,1.17896,1.15359, 1.1605,1.16512, 1.1605,1.17495,1.17896, 1.1605,1.17896]
	lambda_q = [      2.5, 0.181204, 0.119465, 0.181204, 0.181204, 0.129903,  0.10007, 0.129903, 0.119465,  0.10007,0.0880824,  0.10007, 0.181204, 0.129903,  0.10007, 0.129903]
Effective e-e interactions mediated by phonons are:
	momentum-space Vq = [     -1.25, -0.174637, -0.116611, -0.174637, -0.174637, -0.126528, -0.098067, -0.126528, -0.116611, -0.098067,-0.0865307, -0.098067, -0.174637, -0.126528, -0.098067, -0.126528]
	real-space Vr = [ -0.197918,-0.0822881,-0.0664775,-0.0822881,-0.0822881,-0.0689568,-0.0631455,-0.0689568,-0.0664775,-0.0631455,-0.0615655,-0.0631455,-0.0822881,-0.0689568,-0.0631455,-0.0689568]
********************************************************************************************************************
o___o  ----------------------------------------
| L |	Time since last clock: 0h 0m 0.01s
A===A	Time since the beginning: 0h 5m 13.727s
***********************************************


Non-Gaussina ED ground state calculation is completed. The final ground-state energy is -26.383
********************************************************************************************************************
o___o  ----------------------------------------
| L |	Time since last clock: 0h 0m 0.004s
A===A	Time since the beginning: 0h 5m 13.731s
***********************************************



********************************************************************************************************************
All non-Gaussian ED ground state calculations have been completed. Exit now.
