SNEDics v3.22.2 Non-Gaussian ED ground state program		Start at Thu Jun  9 08:46:25 2022

Parallelization: 32 MPI threads  * 8 OpenMP threads = 256 total threads.
********************************************************************************************************************
********************************************************************************************************************

********************************************************************************************************************
System parameters and configurations
	special program options are enabled: splitted diagonal Hamiltonian | splitted Hamiltonian terms
********************************************************************************************************************
Read input file "model_params.in"
	Hubbard-Holstein model parameters : 	t = 1    U = 8    g = 0.65    W = 0.2    g' = 0.25    
********************************************************************************************************************
Read input file "hilbertspace_params.in"
	Requested 16-site 2D lattice, with 12 electrons (6, 6)
	Boundary : Periodic		Hilbert space representation : momentum-space (restricted to kIdx = 0)
	Conservation: particle number[U(1)]      spin[U(1)]     momentum
********************************************************************************************************************

Cluster Positions:				Cluster symmetry group : D4
 x ... x ... x ... x .....                       x ... x ... x ... x .....
 |           |           :                       |           |           :
 |           |           :                       |           |           :
12    13    14    15     x                       1     5     6     5     x
 |           |           :                       |           |           :
 |           |           :                       |           |           :
 8 --- 9 ---10 ---11 --- x                       2 --- 6 ---10 --- 6 --- x
 |           |           :                       |           |           :
 |           |           :                       |           |           :
 4     5     6     7     x                       1     5     6     5     x
 |           |           :                       |           |           :
 |           |           :                       |           |           :
 0 --- 1 --- 2 --- 3 --- x                       0 --- 1 --- 2 --- 1 --- x
orbital number : 1
********************************************************************************************************************
Read input file "obs_params.in"
	Observable Type : Nq(All),   Sq(All),   N(All-Orbital),   Delta[s](All),   Delta[d](All),   Delta[s+](All)
** WARNING ** the input observables have non-local factors which have been reinterpreted. The total observable number is 96
********************************************************************************************************************


********************************************************************************************************************
Start calculating the non-Gaussian ED ground state
Maximal iteration number is 1000; energy resolution is 1e-06. Phonon state relaxation time is 2000
W = 0.2 is relatively large. The non-Gaussian ED calculation starts directly.
open output files: NGSED_iteration_observables.txt
********************************************************************************************************************
Start the 0 rounds of NGS-ED iteration
	effective electronic model is modified as: kinetic energy t = 1
	                                           effective interaction Vq = [0,0,0,0,0,0,0,0,0,0,0,0,0,0,0,0]
	first Hamiltonian is constructed, size = 4008592 and non-zero numbers = 969134044
	PARPACK diagonalization completed after 150 matrix-vector product operations.
	iteration results: : total energy is -14.925310 | electron energy -14.925310 + phonon energy 0.000000 | electron momentum kIdx = 0
	Nq(0) = 9,	Nq(1) = 0.191675,	Nq(2) = 0.266183,	Nq(3) = 0.191675,	Nq(4) = 0.191675,	Nq(5) = 0.245517,	
	Nq(6) = 0.314107,	Nq(7) = 0.245517,	Nq(8) = 0.266183,	Nq(9) = 0.314107,	Nq(10) = 0.369338,	
	Nq(11) = 0.314107,	Nq(12) = 0.191675,	Nq(13) = 0.245517,	Nq(14) = 0.314107,	Nq(15) = 0.245517;	
	Sq(0) = 3.02743e-18,	Sq(1) = 0.554662,	Sq(2) = 0.424361,	Sq(3) = 0.554662,	Sq(4) = 0.554662,	
	Sq(5) = 0.79749,	Sq(6) = 1.01287,	Sq(7) = 0.79749,	Sq(8) = 0.424361,	Sq(9) = 1.01287,	
	Sq(10) = 0.784303,	Sq(11) = 1.01287,	Sq(12) = 0.554662,	Sq(13) = 0.79749,	Sq(14) = 1.01287,	
	Sq(15) = 0.79749;	N(0) = 1.76735,	N(1) = 1.6264,	N(2) = 0.74365,	N(3) = 1.6264,	
	N(4) = 1.6264,	N(5) = 0.392302,	N(6) = 0.144321,	N(7) = 0.392302,	N(8) = 0.74365,	
	N(9) = 0.144321,	N(10) = 0.0932732,	N(11) = 0.144321,	N(12) = 1.6264,	N(13) = 0.392302,	
	N(14) = 0.144321,	N(15) = 0.392302;	Delta[s](0) = 0.056397,	Delta[s](1) = 0.0414915,	Delta[s](2) = 0.0293782,	
	Delta[s](3) = 0.0414915,	Delta[s](4) = 0.0414915,	Delta[s](5) = 0.0273817,	Delta[s](6) = 0.0143609,	Delta[s](7) = 0.0273817,	
	Delta[s](8) = 0.0293782,	Delta[s](9) = 0.0143609,	Delta[s](10) = 0.00536001,	Delta[s](11) = 0.0143609,	Delta[s](12) = 0.0414915,	
	Delta[s](13) = 0.0273817,	Delta[s](14) = 0.0143609,	Delta[s](15) = 0.0273817;	Delta[d](0) = 0.217368,	Delta[d](1) = 0.177747,	
	Delta[d](2) = 0.214127,	Delta[d](3) = 0.177747,	Delta[d](4) = 0.177747,	Delta[d](5) = 0.128317,	Delta[d](6) = 0.148067,	
	Delta[d](7) = 0.128317,	Delta[d](8) = 0.214127,	Delta[d](9) = 0.148067,	Delta[d](10) = 0.098014,	Delta[d](11) = 0.148067,	
	Delta[d](12) = 0.177747,	Delta[d](13) = 0.128317,	Delta[d](14) = 0.148067,	Delta[d](15) = 0.128317;	Delta[s+](0) = 0.49409,	
	Delta[s+](1) = 0.339683,	Delta[s+](2) = 0.214127,	Delta[s+](3) = 0.339683,	Delta[s+](4) = 0.339683,	Delta[s+](5) = 0.174848,	
	Delta[s+](6) = 0.0715796,	Delta[s+](7) = 0.174848,	Delta[s+](8) = 0.214127,	Delta[s+](9) = 0.0715796,	Delta[s+](10) = 0.023028,	
	Delta[s+](11) = 0.0715796,	Delta[s+](12) = 0.339683,	Delta[s+](13) = 0.174848,	Delta[s+](14) = 0.0715796,	Delta[s+](15) = 0.174848
	
The 0-th iteration is completed.	|| time cost : 0h 2m 5.238s
********************************************************************************************************************
Start the 1 rounds of NGS-ED iteration
	effective electronic model is modified as: kinetic energy t = 0.933949
	                                           effective interaction Vq = [   -13.6125,   -3.06611,  -0.262011,   -3.06611,   -3.06611,  -0.230555,-0.00832145,  -0.230555,  -0.262011,-0.00832145, -0.0427646,-0.00832145,   -3.06611,  -0.230555,-0.00832145,  -0.230555]
	PARPACK diagonalization completed after 60 matrix-vector product operations.
	iteration results: : total energy is -138.892754 | electron energy -139.590246 + phonon energy 0.697491 | electron momentum kIdx = 0
The 1-th iteration is completed.	|| time cost : 0h 1m 19.879s
********************************************************************************************************************
Start the 2 rounds of NGS-ED iteration
	effective electronic model is modified as: kinetic energy t = 0.868293
	                                           effective interaction Vq = [   -13.6125,   -5.48347,  -0.240824,   -5.48347,   -5.48347,  -0.229895,-0.00812461,  -0.229895,  -0.240824,-0.00812461, -0.0425565,-0.00812461,   -5.48347,  -0.229895,-0.00812461,  -0.229895]
	PARPACK diagonalization completed after 75 matrix-vector product operations.
	iteration results: : total energy is -147.638432 | electron energy -149.456501 + phonon energy 1.818069 | electron momentum kIdx = 0
The 2-th iteration is completed.	|| time cost : 0h 0m 15.253s
********************************************************************************************************************
Start the 3 rounds of NGS-ED iteration
	effective electronic model is modified as: kinetic energy t = 0.66722
	                                           effective interaction Vq = [   -13.6125,   -6.60402,  -0.247459,   -6.60402,   -6.60402,  -0.644645,-0.00987141,  -0.644645,  -0.247459,-0.00987141, -0.0481325,-0.00987141,   -6.60402,  -0.644645,-0.00987141,  -0.644645]
	PARPACK diagonalization completed after 60 matrix-vector product operations.
	iteration results: : total energy is -157.241037 | electron energy -159.074446 + phonon energy 1.833408 | electron momentum kIdx = 0
The 3-th iteration is completed.	|| time cost : 0h 0m 13.288s
********************************************************************************************************************
Start the 4 rounds of NGS-ED iteration
	effective electronic model is modified as: kinetic energy t = 0.511241
	                                           effective interaction Vq = [  -13.6125,  -6.60858, -0.204145,  -6.60858,  -6.60858,  -1.40421,-0.0093279,  -1.40421, -0.204145,-0.0093279,-0.0449223,-0.0093279,  -6.60858,  -1.40421,-0.0093279,  -1.40421]
	PARPACK diagonalization completed after 60 matrix-vector product operations.
	iteration results: : total energy is -157.637689 | electron energy -159.068674 + phonon energy 1.430985 | electron momentum kIdx = 0
The 4-th iteration is completed.	|| time cost : 0h 0m 13.254s
********************************************************************************************************************
Start the 5 rounds of NGS-ED iteration
	effective electronic model is modified as: kinetic energy t = 0.349446
	                                           effective interaction Vq = [  -13.6125,  -6.61062, -0.199605,  -6.61062,  -6.61062,  -1.78536,-0.0101124,  -1.78536, -0.199605,-0.0101124,-0.0501406,-0.0101124,  -6.61062,  -1.78536,-0.0101124,  -1.78536]
	PARPACK diagonalization completed after 60 matrix-vector product operations.
	iteration results: : total energy is -157.886970 | electron energy -158.893185 + phonon energy 1.006215 | electron momentum kIdx = 0
The 5-th iteration is completed.	|| time cost : 0h 0m 12.891s
********************************************************************************************************************
Start the 6 rounds of NGS-ED iteration
	effective electronic model is modified as: kinetic energy t = 0.000186873
	                                           effective interaction Vq = [-13.6125, -6.6125,-2.11196, -6.6125, -6.6125, -2.1125,-0.11247, -2.1125,-2.11196,-0.11247,-0.61232,-0.11247, -6.6125, -2.1125,-0.11247, -2.1125]
	PARPACK diagonalization completed after 60 matrix-vector product operations.
	iteration results: : total energy is -158.749989 | electron energy -158.749999 + phonon energy 0.000010 | electron momentum kIdx = 0
The 6-th iteration is completed.	|| time cost : 0h 0m 15.467s
********************************************************************************************************************
Start the 7 rounds of NGS-ED iteration
	effective electronic model is modified as: kinetic energy t = 0.00114382
	                                           effective interaction Vq = [   -13.6125,    -6.6125, -0.0252759,    -6.6125,    -6.6125,    -2.1125,-0.00134605,    -2.1125, -0.0252759,-0.00134605,-0.00732851,-0.00134605,    -6.6125,    -2.1125,-0.00134605,    -2.1125]
	PARPACK diagonalization completed after 45 matrix-vector product operations.
	iteration results: : total energy is -158.750005 | electron energy -158.750005 + phonon energy 0.000000 | electron momentum kIdx = 0
The 7-th iteration is completed.	|| time cost : 0h 0m 11.381s
********************************************************************************************************************
Start the 8 rounds of NGS-ED iteration
	effective electronic model is modified as: kinetic energy t = 0.00114246
	                                           effective interaction Vq = [   -13.6125,    -6.6125,  -0.128249,    -6.6125,    -6.6125,    -2.1125,-0.00682984,    -2.1125,  -0.128249,-0.00682984, -0.0371847,-0.00682984,    -6.6125,    -2.1125,-0.00682984,    -2.1125]
	PARPACK diagonalization completed after 30 matrix-vector product operations.
	iteration results: : total energy is -158.750005 | electron energy -158.750005 + phonon energy 0.000000 | electron momentum kIdx = 0
The 8-th iteration is completed.	|| time cost : 0h 0m 9.434s
********************************************************************************************************************
Start the 9 rounds of NGS-ED iteration
	effective electronic model is modified as: kinetic energy t = 0.00114244
	                                           effective interaction Vq = [   -13.6125,    -6.6125,  -0.128952,    -6.6125,    -6.6125,    -2.1125,-0.00686726,    -2.1125,  -0.128952,-0.00686726, -0.0373884,-0.00686726,    -6.6125,    -2.1125,-0.00686726,    -2.1125]
	PARPACK diagonalization completed after 30 matrix-vector product operations.
	iteration results: : total energy is -158.750005 | electron energy -158.750005 + phonon energy 0.000000 | electron momentum kIdx = 0
The 9-th iteration is completed.	|| time cost : 0h 0m 9.446s
********************************************************************************************************************
Start the 10 rounds of NGS-ED iteration
	effective electronic model is modified as: kinetic energy t = 0.00114244
	                                           effective interaction Vq = [   -13.6125,    -6.6125,  -0.128956,    -6.6125,    -6.6125,    -2.1125,-0.00686746,    -2.1125,  -0.128956,-0.00686746, -0.0373895,-0.00686746,    -6.6125,    -2.1125,-0.00686746,    -2.1125]
	PARPACK diagonalization completed after 30 matrix-vector product operations.
	iteration results: : total energy is -158.750005 | electron energy -158.750005 + phonon energy 0.000000 | electron momentum kIdx = 0
The 10-th iteration is completed.	|| time cost : 0h 0m 9.435s
********************************************************************************************************************
Start the 11 rounds of NGS-ED iteration
	effective electronic model is modified as: kinetic energy t = 0.00114244
	                                           effective interaction Vq = [   -13.6125,    -6.6125,  -0.128956,    -6.6125,    -6.6125,    -2.1125,-0.00686746,    -2.1125,  -0.128956,-0.00686746, -0.0373895,-0.00686746,    -6.6125,    -2.1125,-0.00686746,    -2.1125]
	PARPACK diagonalization completed after 30 matrix-vector product operations.
	iteration results: : total energy is -158.750005 | electron energy -158.750005 + phonon energy 0.000000 | electron momentum kIdx = 0
	Nq(0) = 9,	Nq(1) = 2.5,	Nq(2) = 1.02841e-07,	Nq(3) = 2.5,	Nq(4) = 2.5,	Nq(5) = 0.25,	
	Nq(6) = 1.54262e-07,	Nq(7) = 0.25,	Nq(8) = 1.02841e-07,	Nq(9) = 1.54262e-07,	Nq(10) = 2.05683e-07,	
	Nq(11) = 1.54262e-07,	Nq(12) = 2.5,	Nq(13) = 0.25,	Nq(14) = 1.54262e-07,	Nq(15) = 0.25;	
	Sq(0) = 5.02793e-22,	Sq(1) = 0.0833333,	Sq(2) = 0.166667,	Sq(3) = 0.0833333,	Sq(4) = 0.0833333,	
	Sq(5) = 0.25,	Sq(6) = 0.416667,	Sq(7) = 0.25,	Sq(8) = 0.166667,	Sq(9) = 0.416667,	
	Sq(10) = 0.666666,	Sq(11) = 0.416667,	Sq(12) = 0.0833333,	Sq(13) = 0.25,	Sq(14) = 0.416667,	
	Sq(15) = 0.25;	N(0) = 0.750562,	N(1) = 0.750281,	N(2) = 0.75,	N(3) = 0.750281,	
	N(4) = 0.750281,	N(5) = 0.75,	N(6) = 0.749719,	N(7) = 0.75,	N(8) = 0.75,	
	N(9) = 0.749719,	N(10) = 0.749437,	N(11) = 0.749719,	N(12) = 0.750281,	N(13) = 0.75,	
	N(14) = 0.749719,	N(15) = 0.75;	Delta[s](0) = 0.25,	Delta[s](1) = 0.25,	Delta[s](2) = 0.25,	
	Delta[s](3) = 0.25,	Delta[s](4) = 0.25,	Delta[s](5) = 0.25,	Delta[s](6) = 0.25,	Delta[s](7) = 0.25,	
	Delta[s](8) = 0.25,	Delta[s](9) = 0.25,	Delta[s](10) = 0.25,	Delta[s](11) = 0.25,	Delta[s](12) = 0.25,	
	Delta[s](13) = 0.25,	Delta[s](14) = 0.25,	Delta[s](15) = 0.25;	Delta[d](0) = 0.28125,	Delta[d](1) = 0.260417,	
	Delta[d](2) = 0.239583,	Delta[d](3) = 0.260417,	Delta[d](4) = 0.260417,	Delta[d](5) = 0.239583,	Delta[d](6) = 0.21875,	
	Delta[d](7) = 0.239583,	Delta[d](8) = 0.239583,	Delta[d](9) = 0.21875,	Delta[d](10) = 0.197917,	Delta[d](11) = 0.21875,	
	Delta[d](12) = 0.260417,	Delta[d](13) = 0.239583,	Delta[d](14) = 0.21875,	Delta[d](15) = 0.239583;	Delta[s+](0) = 0.28125,	
	Delta[s+](1) = 0.260417,	Delta[s+](2) = 0.239583,	Delta[s+](3) = 0.260417,	Delta[s+](4) = 0.260417,	Delta[s+](5) = 0.239583,	
	Delta[s+](6) = 0.21875,	Delta[s+](7) = 0.239583,	Delta[s+](8) = 0.239583,	Delta[s+](9) = 0.21875,	Delta[s+](10) = 0.197917,	
	Delta[s+](11) = 0.21875,	Delta[s+](12) = 0.260417,	Delta[s+](13) = 0.239583,	Delta[s+](14) = 0.21875,	Delta[s+](15) = 0.239583
	
The 11-th iteration is completed.	|| time cost : 0h 1m 20.985s
********************************************************************************************************************
********************************************************************************************************************
Ground state is obtained after 12 iterations. The current ground-state energy is -158.75, in which electron energy is -158.75 and phonon energy is 3.18035e-09
Final variational state is: 
	Gamma_x = [      1,1.00011,      1,1.00011,1.00011,1.00007,      1,1.00007,      1,      1,      1,      1,1.00011,1.00007,      1,1.00007]
	lambda_q = [      8.25,      5.75,  0.100759,      5.75,      5.75,   3.24996,  0.023252,   3.24996,  0.100759,  0.023252,-0.0542546,  0.023252,      5.75,   3.24996,  0.023252,   3.24996]
Effective e-e interactions mediated by phonons are:
	momentum-space Vq = [   -13.6125,    -6.6125,  -0.128956,    -6.6125,    -6.6125,    -2.1125,-0.00686746,    -2.1125,  -0.128956,-0.00686746, -0.0373895,-0.00686746,    -6.6125,    -2.1125,-0.00686746,    -2.1125]
	real-space Vr = [   -3.0522,  -1.67415, -0.341113,  -1.67415,  -1.67415, -0.836999,-0.0227403, -0.836999, -0.341113,-0.0227403,  0.257479,-0.0227403,  -1.67415, -0.836999,-0.0227403, -0.836999]
********************************************************************************************************************
o___o  ----------------------------------------
| L |	Time since last clock: 0h 0m 0.007s
A===A	Time since the beginning: 0h 6m 35.963s
***********************************************


Non-Gaussina ED ground state calculation is completed. The final ground-state energy is -158.75
********************************************************************************************************************
o___o  ----------------------------------------
| L |	Time since last clock: 0h 0m 0.002s
A===A	Time since the beginning: 0h 6m 35.966s
***********************************************



********************************************************************************************************************
All non-Gaussian ED ground state calculations have been completed. Exit now.
