SNEDics v3.2 diagonalization test program		Start at Wed Apr 24 21:27:54 2019

parallized on 80 MPI threads  * 6 OpenMP threads = 480 total threads.
************************************************************************************
************************************************************************************

Input file "model_params.in"
Hubbard-Holstein model parameters : 	t = 1    U = 6    g = 4.7434    W = 5    
************************************************************************************
Input file "hilbertspace_params.in"

Cluster Positions:				Cluster symmetry group : D4
 x ... x ... x ... x .....                       x ... x ... x ... x .....
 |           |           :                       |           |           :
 |           |           :                       |           |           :
12    13    14    15     x                       1     5     6     5     x
 |           |           :                       |           |           :
 |           |           :                       |           |           :
 8 --- 9 ---10 ---11 --- x                       2 --- 6 ---10 --- 6 --- x
 |           |           :                       |           |           :
 |           |           :                       |           |           :
 4     5     6     7     x                       1     5     6     5     x
 |           |           :                       |           |           :
 |           |           :                       |           |           :
 0 --- 1 --- 2 --- 3 --- x                       0 --- 1 --- 2 --- 1 --- x
orbital number : 1
************************************************************************************
0 rounds of non-Gaussian ED iteration : ground-state energy is -10.5522 | electron energy -10.5522 + phonon energy 0 | electron momentum kIdx = 0
Nq = 	16	0.0982957	0.161432	0.0982957	0.0982957	0.161432	0.219761	0.161432	0.161432	0.219761	0.273324	0.219761	0.0982957	0.161432	0.219761	0.161432
Sq = 	-3.34797e-19	0.423896	0.634552	0.423896	0.423896	0.634552	0.876339	0.634552	0.634552	0.876339	4.47761	0.876339	0.423896	0.634552	0.876339	0.634552
1 rounds of non-Gaussian ED iteration : ground-state energy is -63.2081 | electron energy -63.211 + phonon energy 0.00288487 | electron momentum kIdx = 0
Nq = 	16	0.273826	0.327311	0.273826	0.273826	0.327311	0.474815	0.327311	0.327311	0.474815	0.532018	0.474815	0.273826	0.327311	0.474815	0.327311
Sq = 	-3.16701e-18	0.407613	0.590351	0.407613	0.407613	0.590351	0.704202	0.590351	0.590351	0.704202	2.52019	0.704202	0.407613	0.590351	0.704202	0.590351
2 rounds of non-Gaussian ED iteration : ground-state energy is -84.1762 | electron energy -84.2336 + phonon energy 0.0574135 | electron momentum kIdx = 0
Nq = 	16	0.442717	0.722281	0.442717	0.442717	0.722281	0.649176	0.722281	0.722281	0.649176	0.846858	0.649176	0.442717	0.722281	0.649176	0.722281
Sq = 	1.91509e-17	0.340996	0.364733	0.340996	0.340996	0.364733	0.57356	0.364733	0.364733	0.57356	0.605263	0.57356	0.340996	0.364733	0.57356	0.364733
3 rounds of non-Gaussian ED iteration : ground-state energy is -94.1591 | electron energy -94.3545 + phonon energy 0.195354 | electron momentum kIdx = 0
Nq = 	16	0.4988	0.830728	0.4988	0.4988	0.830728	0.711461	0.830728	0.830728	0.711461	1.02368	0.711461	0.4988	0.830728	0.711461	0.830728
Sq = 	8.45773e-18	0.248417	0.312298	0.248417	0.248417	0.312298	0.443724	0.312298	0.312298	0.443724	0.508557	0.443724	0.248417	0.312298	0.443724	0.312298
4 rounds of non-Gaussian ED iteration : ground-state energy is -98.2076 | electron energy -98.5559 + phonon energy 0.348339 | electron momentum kIdx = 0
Nq = 	16	0.523295	0.875974	0.523295	0.523295	0.875974	0.753475	0.875974	0.875974	0.753475	1.26636	0.753475	0.523295	0.875974	0.753475	0.875974
Sq = 	8.29393e-19	0.199459	0.272552	0.199459	0.199459	0.272552	0.373988	0.272552	0.272552	0.373988	0.441618	0.373988	0.199459	0.272552	0.373988	0.272552
5 rounds of non-Gaussian ED iteration : ground-state energy is -99.8554 | electron energy -100.313 + phonon energy 0.457501 | electron momentum kIdx = 0
Nq = 	16	0.51759	0.839573	0.51759	0.51759	0.839573	0.776442	0.839573	0.839573	0.776442	1.9197	0.776442	0.51759	0.839573	0.776442	0.839573
Sq = 	2.86512e-18	0.169309	0.244302	0.169309	0.169309	0.244302	0.331365	0.244302	0.244302	0.331365	0.398232	0.331365	0.169309	0.244302	0.331365	0.244302
6 rounds of non-Gaussian ED iteration : ground-state energy is -100.641 | electron energy -101.162 + phonon energy 0.521418 | electron momentum kIdx = 0
Nq = 	16	0.351473	0.501329	0.351473	0.351473	0.501329	0.625828	0.501329	0.501329	0.625828	5.62623	0.625828	0.351473	0.501329	0.625828	0.501329
Sq = 	-3.37936e-18	0.145179	0.21974	0.145179	0.145179	0.21974	0.2984	0.21974	0.21974	0.2984	0.363834	0.2984	0.145179	0.21974	0.2984	0.21974
7 rounds of non-Gaussian ED iteration : ground-state energy is -101.375 | electron energy -101.916 + phonon energy 0.540106 | electron momentum kIdx = 0
Nq = 	16	0.187567	0.282333	0.187567	0.187567	0.282333	0.411289	0.282333	0.282333	0.411289	8.84276	0.411289	0.187567	0.282333	0.411289	0.282333
Sq = 	-4.60134e-18	0.124633	0.195288	0.124633	0.124633	0.195288	0.267224	0.195288	0.195288	0.267224	0.328663	0.267224	0.124633	0.195288	0.267224	0.195288
8 rounds of non-Gaussian ED iteration : ground-state energy is -101.939 | electron energy -102.438 + phonon energy 0.499308 | electron momentum kIdx = 0
Nq = 	16	0.139814	0.225136	0.139814	0.139814	0.225136	0.327093	0.225136	0.225136	0.327093	9.9331	0.327093	0.139814	0.225136	0.327093	0.225136
Sq = 	1.37759e-18	0.112215	0.181261	0.112215	0.112215	0.181261	0.250197	0.181261	0.181261	0.250197	0.311248	0.250197	0.112215	0.181261	0.250197	0.181261
9 rounds of non-Gaussian ED iteration : ground-state energy is -102.26 | electron energy -102.701 + phonon energy 0.441351 | electron momentum kIdx = 0
Nq = 	16	0.117697	0.195913	0.117697	0.117697	0.195913	0.282876	0.195913	0.195913	0.282876	10.5343	0.282876	0.117697	0.195913	0.282876	0.195913
Sq = 	-1.37189e-18	0.103326	0.170901	0.103326	0.103326	0.170901	0.237695	0.170901	0.170901	0.237695	0.29842	0.237695	0.103326	0.170901	0.237695	0.170901
10 rounds of non-Gaussian ED iteration : ground-state energy is -102.429 | electron energy -102.817 + phonon energy 0.38793 | electron momentum kIdx = 0
Nq = 	16	0.104886	0.177921	0.104886	0.104886	0.177921	0.255711	0.177921	0.177921	0.255711	10.9335	0.255711	0.104886	0.177921	0.255711	0.177921
Sq = 	-1.45535e-19	0.0964745	0.162433	0.0964745	0.0964745	0.162433	0.227233	0.162433	0.162433	0.227233	0.287173	0.227233	0.0964745	0.162433	0.227233	0.162433
11 rounds of non-Gaussian ED iteration : ground-state energy is -102.513 | electron energy -102.859 + phonon energy 0.345614 | electron momentum kIdx = 0
Nq = 	16	0.0968283	0.166201	0.0968283	0.0968283	0.166201	0.238123	0.166201	0.166201	0.238123	11.2095	0.238123	0.0968283	0.166201	0.238123	0.166201
Sq = 	-6.2985e-19	0.0913585	0.155798	0.0913585	0.0913585	0.155798	0.218852	0.155798	0.155798	0.218852	0.27782	0.218852	0.0913585	0.155798	0.218852	0.155798
12 rounds of non-Gaussian ED iteration : ground-state energy is -102.554 | electron energy -102.869 + phonon energy 0.314714 | electron momentum kIdx = 0
Nq = 	16	0.0916031	0.158438	0.0916031	0.0916031	0.158438	0.226542	0.158438	0.158438	0.226542	11.4	0.226542	0.0916031	0.158438	0.226542	0.158438
Sq = 	-1.73133e-18	0.0876902	0.150875	0.0876902	0.0876902	0.150875	0.21254	0.150875	0.150875	0.21254	0.270604	0.21254	0.0876902	0.150875	0.21254	0.150875
13 rounds of non-Gaussian ED iteration : ground-state energy is -102.573 | electron energy -102.866 + phonon energy 0.293167 | electron momentum kIdx = 0
Nq = 	16	0.0881757	0.153278	0.0881757	0.0881757	0.153278	0.218879	0.153278	0.153278	0.218879	11.53	0.218879	0.0881757	0.153278	0.218879	0.153278
Sq = 	5.10945e-20	0.0851358	0.147368	0.0851358	0.0851358	0.147368	0.207998	0.147368	0.147368	0.207998	0.265334	0.207998	0.0851358	0.147368	0.207998	0.147368
14 rounds of non-Gaussian ED iteration : ground-state energy is -102.582 | electron energy -102.86 + phonon energy 0.278513 | electron momentum kIdx = 0
Nq = 	16	0.0859179	0.149849	0.0859179	0.0859179	0.149849	0.213804	0.149849	0.149849	0.213804	11.6179	0.213804	0.0859179	0.149849	0.213804	0.149849
Sq = 	-4.24539e-19	0.0833906	0.144935	0.0833906	0.0833906	0.144935	0.204827	0.144935	0.144935	0.204827	0.261619	0.204827	0.0833906	0.144935	0.204827	0.144935
15 rounds of non-Gaussian ED iteration : ground-state energy is -102.586 | electron energy -102.854 + phonon energy 0.268678 | electron momentum kIdx = 0
Nq = 	16	0.0844284	0.147574	0.0844284	0.0844284	0.147574	0.210444	0.147574	0.147574	0.210444	11.6769	0.210444	0.0844284	0.147574	0.210444	0.147574
Sq = 	-1.98247e-18	0.0822127	0.143276	0.0822127	0.0822127	0.143276	0.202656	0.143276	0.143276	0.202656	0.259062	0.202656	0.0822127	0.143276	0.202656	0.143276
16 rounds of non-Gaussian ED iteration : ground-state energy is -102.588 | electron energy -102.85 + phonon energy 0.262123 | electron momentum kIdx = 0
Nq = 	16	0.0834452	0.146067	0.0834452	0.0834452	0.146067	0.208222	0.146067	0.146067	0.208222	11.7162	0.208222	0.0834452	0.146067	0.208222	0.146067
Sq = 	-3.64896e-19	0.0814238	0.142157	0.0814238	0.0814238	0.142157	0.201188	0.142157	0.142157	0.201188	0.257326	0.201188	0.0814238	0.142157	0.201188	0.142157
17 rounds of non-Gaussian ED iteration : ground-state energy is -102.588 | electron energy -102.846 + phonon energy 0.257771 | electron momentum kIdx = 0
Nq = 	16	0.0827962	0.145069	0.0827962	0.0827962	0.145069	0.206752	0.145069	0.145069	0.206752	11.7424	0.206752	0.0827962	0.145069	0.206752	0.145069
Sq = 	6.67068e-19	0.0808982	0.141409	0.0808982	0.0808982	0.141409	0.200205	0.141409	0.141409	0.200205	0.25616	0.200205	0.0808982	0.141409	0.200205	0.141409
18 rounds of non-Gaussian ED iteration : ground-state energy is -102.589 | electron energy -102.844 + phonon energy 0.254886 | electron momentum kIdx = 0
Nq = 	16	0.0823677	0.14441	0.0823677	0.0823677	0.14441	0.205781	0.14441	0.14441	0.205781	11.7597	0.205781	0.0823677	0.14441	0.205781	0.14441
Sq = 	6.4682e-19	0.080549	0.14091	0.080549	0.080549	0.14091	0.199548	0.14091	0.14091	0.199548	0.255381	0.199548	0.080549	0.14091	0.199548	0.14091
19 rounds of non-Gaussian ED iteration : ground-state energy is -102.589 | electron energy -102.842 + phonon energy 0.252977 | electron momentum kIdx = 0
Nq = 	16	0.0820848	0.143974	0.0820848	0.0820848	0.143974	0.205139	0.143974	0.143974	0.205139	11.7712	0.205139	0.0820848	0.143974	0.205139	0.143974
Sq = 	-5.88713e-19	0.0803176	0.140579	0.0803176	0.0803176	0.140579	0.199112	0.140579	0.140579	0.199112	0.254863	0.199112	0.0803176	0.140579	0.199112	0.140579
20 rounds of non-Gaussian ED iteration : ground-state energy is -102.589 | electron energy -102.841 + phonon energy 0.251714 | electron momentum kIdx = 0
Nq = 	16	0.0818981	0.143686	0.0818981	0.0818981	0.143686	0.204715	0.143686	0.143686	0.204715	11.7788	0.204715	0.0818981	0.143686	0.204715	0.143686
Sq = 	-4.10132e-20	0.0801644	0.14036	0.0801644	0.0801644	0.14036	0.198823	0.14036	0.14036	0.198823	0.254519	0.198823	0.0801644	0.14036	0.198823	0.14036
21 rounds of non-Gaussian ED iteration : ground-state energy is -102.589 | electron energy -102.84 + phonon energy 0.250879 | electron momentum kIdx = 0
Nq = 	16	0.0817748	0.143495	0.0817748	0.0817748	0.143495	0.204435	0.143495	0.143495	0.204435	11.7838	0.204435	0.0817748	0.143495	0.204435	0.143495
Sq = 	-2.16453e-19	0.0800631	0.140214	0.0800631	0.0800631	0.140214	0.198632	0.140214	0.140214	0.198632	0.254291	0.198632	0.0800631	0.140214	0.198632	0.140214
22 rounds of non-Gaussian ED iteration : ground-state energy is -102.589 | electron energy -102.839 + phonon energy 0.250327 | electron momentum kIdx = 0
Nq = 	16	0.0816935	0.14337	0.0816935	0.0816935	0.14337	0.20425	0.14337	0.14337	0.20425	11.7871	0.20425	0.0816935	0.14337	0.20425	0.14337
Sq = 	-4.36631e-19	0.0799962	0.140118	0.0799962	0.0799962	0.140118	0.198505	0.140118	0.140118	0.198505	0.25414	0.198505	0.0799962	0.140118	0.198505	0.140118
23 rounds of non-Gaussian ED iteration : ground-state energy is -102.589 | electron energy -102.839 + phonon energy 0.249963 | electron momentum kIdx = 0
Nq = 	16	0.0816398	0.143287	0.0816398	0.0816398	0.143287	0.204128	0.143287	0.143287	0.204128	11.7893	0.204128	0.0816398	0.143287	0.204128	0.143287
Sq = 	-6.31763e-19	0.079952	0.140055	0.079952	0.079952	0.140055	0.198422	0.140055	0.140055	0.198422	0.254041	0.198422	0.079952	0.140055	0.198422	0.140055
24 rounds of non-Gaussian ED iteration : ground-state energy is -102.589 | electron energy -102.839 + phonon energy 0.249722 | electron momentum kIdx = 0
Nq = 	16	0.0816043	0.143232	0.0816043	0.0816043	0.143232	0.204048	0.143232	0.143232	0.204048	11.7908	0.204048	0.0816043	0.143232	0.204048	0.143232
Sq = 	8.57363e-19	0.0799228	0.140013	0.0799228	0.0799228	0.140013	0.198366	0.140013	0.140013	0.198366	0.253975	0.198366	0.0799228	0.140013	0.198366	0.140013
25 rounds of non-Gaussian ED iteration : ground-state energy is -102.589 | electron energy -102.838 + phonon energy 0.249563 | electron momentum kIdx = 0
Nq = 	16	0.0815809	0.143196	0.0815809	0.0815809	0.143196	0.203995	0.143196	0.143196	0.203995	11.7917	0.203995	0.0815809	0.143196	0.203995	0.143196
Sq = 	3.81261e-19	0.0799035	0.139985	0.0799035	0.0799035	0.139985	0.19833	0.139985	0.139985	0.19833	0.253932	0.19833	0.0799035	0.139985	0.19833	0.139985
Ground state is obtained after 26 iterations. The current ground-state energy is -102.589, in which electron energy is -102.838 and phonon energy is 0.249458
o___o  -------------------------------------
| L |	Time since last clock: 2h 11m 28.962s
A===A	Time since the beginning: 2h 11m 28.962s
********************************************

************************************************************************************
