SNEDics v3.22.2 Non-Gaussian ED ground state program		Start at Mon May 30 17:37:19 2022

Parallelization: 32 MPI threads  * 8 OpenMP threads = 256 total threads.
********************************************************************************************************************
********************************************************************************************************************

********************************************************************************************************************
System parameters and configurations
	special program options are enabled: splitted diagonal Hamiltonian | splitted Hamiltonian terms
********************************************************************************************************************
Read input file "model_params.in"
	Hubbard-Holstein model parameters : 	t = 1    U = 8    g = 0.45    W = 0.2    g' = 0.55    
********************************************************************************************************************
Read input file "hilbertspace_params.in"
	Requested 16-site 2D lattice, with 12 electrons (6, 6)
	Boundary : Periodic		Hilbert space representation : momentum-space (restricted to kIdx = 2)
	Conservation: particle number[U(1)]      spin[U(1)]     momentum
********************************************************************************************************************

Cluster Positions:				Cluster symmetry group : D4
 x ... x ... x ... x .....                       x ... x ... x ... x .....
 |           |           :                       |           |           :
 |           |           :                       |           |           :
12    13    14    15     x                       1     5     6     5     x
 |           |           :                       |           |           :
 |           |           :                       |           |           :
 8 --- 9 ---10 ---11 --- x                       2 --- 6 ---10 --- 6 --- x
 |           |           :                       |           |           :
 |           |           :                       |           |           :
 4     5     6     7     x                       1     5     6     5     x
 |           |           :                       |           |           :
 |           |           :                       |           |           :
 0 --- 1 --- 2 --- 3 --- x                       0 --- 1 --- 2 --- 1 --- x
orbital number : 1
********************************************************************************************************************
Read input file "obs_params.in"
	Observable Type : Nq(All),   Sq(All),   N(All-Orbital),   Delta[s](All),   Delta[d](All),   Delta[s+](All)
** WARNING ** the input observables have non-local factors which have been reinterpreted. The total observable number is 96
********************************************************************************************************************


********************************************************************************************************************
Start calculating the non-Gaussian ED ground state
Maximal iteration number is 1000; energy resolution is 1e-06. Phonon state relaxation time is 2000
W = 0.2 is relatively large. The non-Gaussian ED calculation starts directly.
open output files: NGSED_iteration_observables.txt
********************************************************************************************************************
Start the 0 rounds of NGS-ED iteration
	effective electronic model is modified as: kinetic energy t = 1
	                                           effective interaction Vq = [0,0,0,0,0,0,0,0,0,0,0,0,0,0,0,0]
	first Hamiltonian is constructed, size = 4008592 and non-zero numbers = 969134456
	PARPACK diagonalization completed after 135 matrix-vector product operations.
	iteration results: : total energy is -14.862808 | electron energy -14.862808 + phonon energy 0.000000 | electron momentum kIdx = 2
	Nq(0) = 9,	Nq(1) = 0.178215,	Nq(2) = 0.234368,	Nq(3) = 0.178215,	Nq(4) = 0.207997,	Nq(5) = 0.260137,	
	Nq(6) = 0.317165,	Nq(7) = 0.260137,	Nq(8) = 0.299983,	Nq(9) = 0.303292,	Nq(10) = 0.359907,	
	Nq(11) = 0.303292,	Nq(12) = 0.207997,	Nq(13) = 0.260137,	Nq(14) = 0.317165,	Nq(15) = 0.260137;	
	Sq(0) = 3.19077e-18,	Sq(1) = 0.505282,	Sq(2) = 0.905597,	Sq(3) = 0.505282,	Sq(4) = 0.544116,	
	Sq(5) = 0.561505,	Sq(6) = 1.04463,	Sq(7) = 0.561505,	Sq(8) = 0.460472,	Sq(9) = 0.954756,	
	Sq(10) = 1.34219,	Sq(11) = 0.954756,	Sq(12) = 0.544116,	Sq(13) = 0.561505,	Sq(14) = 1.04463,	
	Sq(15) = 0.561505;	N(0) = 1.78031,	N(1) = 1.63457,	N(2) = 0.252316,	N(3) = 1.63457,	
	N(4) = 1.65767,	N(5) = 0.608717,	N(6) = 0.159555,	N(7) = 0.608717,	N(8) = 0.230493,	
	N(9) = 0.149251,	N(10) = 0.0999047,	N(11) = 0.149251,	N(12) = 1.65767,	N(13) = 0.608717,	
	N(14) = 0.159555,	N(15) = 0.608717;	Delta[s](0) = 0.0422121,	Delta[s](1) = 0.0350212,	Delta[s](2) = 0.0277028,	
	Delta[s](3) = 0.0350212,	Delta[s](4) = 0.0359246,	Delta[s](5) = 0.029791,	Delta[s](6) = 0.0230742,	Delta[s](7) = 0.029791,	
	Delta[s](8) = 0.0297747,	Delta[s](9) = 0.0241151,	Delta[s](10) = 0.0189482,	Delta[s](11) = 0.0241151,	Delta[s](12) = 0.0359246,	
	Delta[s](13) = 0.029791,	Delta[s](14) = 0.0230742,	Delta[s](15) = 0.029791;	Delta[d](0) = 0.174094,	Delta[d](1) = 0.150317,	
	Delta[d](2) = 0.156507,	Delta[d](3) = 0.150317,	Delta[d](4) = 0.157833,	Delta[d](5) = 0.131546,	Delta[d](6) = 0.10391,	
	Delta[d](7) = 0.131546,	Delta[d](8) = 0.176168,	Delta[d](9) = 0.116059,	Delta[d](10) = 0.0597476,	Delta[d](11) = 0.116059,	
	Delta[d](12) = 0.157833,	Delta[d](13) = 0.131546,	Delta[d](14) = 0.10391,	Delta[d](15) = 0.131546;	Delta[s+](0) = 0.460445,	
	Delta[s+](1) = 0.319276,	Delta[s+](2) = 0.156507,	Delta[s+](3) = 0.319276,	Delta[s+](4) = 0.325226,	Delta[s+](5) = 0.201924,	
	Delta[s+](6) = 0.0831749,	Delta[s+](7) = 0.201924,	Delta[s+](8) = 0.176168,	Delta[s+](9) = 0.0924342,	Delta[s+](10) = 0.0344,	
	Delta[s+](11) = 0.0924342,	Delta[s+](12) = 0.325226,	Delta[s+](13) = 0.201924,	Delta[s+](14) = 0.0831749,	Delta[s+](15) = 0.201924
	
The 0-th iteration is completed.	|| time cost : 0h 2m 2.883s
********************************************************************************************************************
Start the 1 rounds of NGS-ED iteration
	effective electronic model is modified as: kinetic energy (tx,ty)=(0.768182, 0.745304)
	                                           effective interaction Vq = [ -35.1125, -8.52478,-0.110419, -8.52478,   -9.513,-0.126654,-0.273136,-0.126654,-0.153699,-0.254746, -11.9113,-0.254746,   -9.513,-0.126654,-0.273136,-0.126654]
	PARPACK diagonalization completed after 75 matrix-vector product operations.
	iteration results: : total energy is -398.849866 | electron energy -402.103561 + phonon energy 3.253695 | electron momentum kIdx = 2
The 1-th iteration is completed.	|| time cost : 0h 1m 21.334s
********************************************************************************************************************
Start the 2 rounds of NGS-ED iteration
	effective electronic model is modified as: kinetic energy t = 1.09237e-10
	                                           effective interaction Vq = [-35.1125,-12.0125, -1.0125,-12.0125,-12.0125, -1.0125, -2.1125, -1.0125, -1.0125, -2.1125,-15.3125, -2.1125,-12.0125, -1.0125, -2.1125, -1.0125]
	PARPACK diagonalization completed after 60 matrix-vector product operations.
	iteration results: : total energy is -436.100000 | electron energy -436.100000 + phonon energy 0.000000 | electron momentum kIdx = 2
The 2-th iteration is completed.	|| time cost : 0h 0m 12.744s
********************************************************************************************************************
Start the 3 rounds of NGS-ED iteration
	effective electronic model is modified as: kinetic energy (tx,ty)=(1.08827e-10, 1.09049e-10)
	                                           effective interaction Vq = [-35.1125,-12.0125,-1.01249,-12.0125,-12.0125, -1.0125, -2.1125, -1.0125, -1.0125, -2.1125,-15.3125, -2.1125,-12.0125, -1.0125, -2.1125, -1.0125]
	PARPACK diagonalization completed after 30 matrix-vector product operations.
	iteration results: : total energy is -436.100000 | electron energy -436.100000 + phonon energy 0.000000 | electron momentum kIdx = 2
The 3-th iteration is completed.	|| time cost : 0h 0m 8.901s
********************************************************************************************************************
Start the 4 rounds of NGS-ED iteration
	effective electronic model is modified as: kinetic energy t = 1.09373e-10
	                                           effective interaction Vq = [-35.1125,-12.0125, -1.0125,-12.0125,-12.0125, -1.0125, -2.1125, -1.0125, -1.0125, -2.1125,-15.3125, -2.1125,-12.0125, -1.0125, -2.1125, -1.0125]
	PARPACK diagonalization completed after 30 matrix-vector product operations.
	iteration results: : total energy is -436.100000 | electron energy -436.100000 + phonon energy 0.000000 | electron momentum kIdx = 2
The 4-th iteration is completed.	|| time cost : 0h 0m 8.883s
********************************************************************************************************************
Start the 5 rounds of NGS-ED iteration
	effective electronic model is modified as: kinetic energy t = 1.09373e-10
	                                           effective interaction Vq = [-35.1125,-12.0125, -1.0125,-12.0125,-12.0125, -1.0125, -2.1125, -1.0125, -1.0125, -2.1125,-15.3125, -2.1125,-12.0125, -1.0125, -2.1125, -1.0125]
	PARPACK diagonalization completed after 30 matrix-vector product operations.
	iteration results: : total energy is -436.100000 | electron energy -436.100000 + phonon energy 0.000000 | electron momentum kIdx = 2
The 5-th iteration is completed.	|| time cost : 0h 0m 8.896s
********************************************************************************************************************
Start the 6 rounds of NGS-ED iteration
	effective electronic model is modified as: kinetic energy t = 1.09374e-10
	                                           effective interaction Vq = [-35.1125,-12.0125, -1.0125,-12.0125,-12.0125, -1.0125, -2.1125, -1.0125, -1.0125, -2.1125,-15.3125, -2.1125,-12.0125, -1.0125, -2.1125, -1.0125]
	PARPACK diagonalization completed after 30 matrix-vector product operations.
	iteration results: : total energy is -436.100000 | electron energy -436.100000 + phonon energy 0.000000 | electron momentum kIdx = 2
The 6-th iteration is completed.	|| time cost : 0h 0m 8.892s
********************************************************************************************************************
Start the 7 rounds of NGS-ED iteration
	effective electronic model is modified as: kinetic energy t = 1.09374e-10
	                                           effective interaction Vq = [-35.1125,-12.0125, -1.0125,-12.0125,-12.0125, -1.0125, -2.1125, -1.0125, -1.0125, -2.1125,-15.3125, -2.1125,-12.0125, -1.0125, -2.1125, -1.0125]
	PARPACK diagonalization completed after 30 matrix-vector product operations.
	iteration results: : total energy is -436.100000 | electron energy -436.100000 + phonon energy 0.000000 | electron momentum kIdx = 2
The 7-th iteration is completed.	|| time cost : 0h 0m 8.881s
********************************************************************************************************************
Start the 8 rounds of NGS-ED iteration
	effective electronic model is modified as: kinetic energy t = 1.09373e-10
	                                           effective interaction Vq = [-35.1125,-12.0125, -1.0125,-12.0125,-12.0125, -1.0125, -2.1125, -1.0125, -1.0125, -2.1125,-15.3125, -2.1125,-12.0125, -1.0125, -2.1125, -1.0125]
	PARPACK diagonalization completed after 30 matrix-vector product operations.
	iteration results: : total energy is -436.100000 | electron energy -436.100000 + phonon energy 0.000000 | electron momentum kIdx = 2
The 8-th iteration is completed.	|| time cost : 0h 0m 8.895s
********************************************************************************************************************
Start the 9 rounds of NGS-ED iteration
	effective electronic model is modified as: kinetic energy t = 1.09374e-10
	                                           effective interaction Vq = [-35.1125,-12.0125, -1.0125,-12.0125,-12.0125, -1.0125, -2.1125, -1.0125, -1.0125, -2.1125,-15.3125, -2.1125,-12.0125, -1.0125, -2.1125, -1.0125]
	PARPACK diagonalization completed after 30 matrix-vector product operations.
	iteration results: : total energy is -436.100000 | electron energy -436.100000 + phonon energy 0.000000 | electron momentum kIdx = 2
The 9-th iteration is completed.	|| time cost : 0h 0m 8.886s
********************************************************************************************************************
Start the 10 rounds of NGS-ED iteration
	effective electronic model is modified as: kinetic energy t = 1.09374e-10
	                                           effective interaction Vq = [-35.1125,-12.0125, -1.0125,-12.0125,-12.0125, -1.0125, -2.1125, -1.0125, -1.0125, -2.1125,-15.3125, -2.1125,-12.0125, -1.0125, -2.1125, -1.0125]
	PARPACK diagonalization completed after 30 matrix-vector product operations.
	iteration results: : total energy is -436.100000 | electron energy -436.100000 + phonon energy 0.000000 | electron momentum kIdx = 2
The 10-th iteration is completed.	|| time cost : 0h 0m 8.875s
********************************************************************************************************************
Start the 11 rounds of NGS-ED iteration
	effective electronic model is modified as: kinetic energy t = 1.09374e-10
	                                           effective interaction Vq = [-35.1125,-12.0125, -1.0125,-12.0125,-12.0125, -1.0125, -2.1125, -1.0125, -1.0125, -2.1125,-15.3125, -2.1125,-12.0125, -1.0125, -2.1125, -1.0125]
	PARPACK diagonalization completed after 30 matrix-vector product operations.
	iteration results: : total energy is -436.100000 | electron energy -436.100000 + phonon energy 0.000000 | electron momentum kIdx = 2
The 11-th iteration is completed.	|| time cost : 0h 0m 8.879s
********************************************************************************************************************
Start the 12 rounds of NGS-ED iteration
	effective electronic model is modified as: kinetic energy t = 1.09373e-10
	                                           effective interaction Vq = [-35.1125,-12.0125, -1.0125,-12.0125,-12.0125, -1.0125, -2.1125, -1.0125, -1.0125, -2.1125,-15.3125, -2.1125,-12.0125, -1.0125, -2.1125, -1.0125]
	PARPACK diagonalization completed after 30 matrix-vector product operations.
	iteration results: : total energy is -436.100000 | electron energy -436.100000 + phonon energy 0.000000 | electron momentum kIdx = 2
The 12-th iteration is completed.	|| time cost : 0h 0m 8.899s
********************************************************************************************************************
Start the 13 rounds of NGS-ED iteration
	effective electronic model is modified as: kinetic energy t = 1.09374e-10
	                                           effective interaction Vq = [-35.1125,-12.0125, -1.0125,-12.0125,-12.0125, -1.0125, -2.1125, -1.0125, -1.0125, -2.1125,-15.3125, -2.1125,-12.0125, -1.0125, -2.1125, -1.0125]
	PARPACK diagonalization completed after 30 matrix-vector product operations.
	iteration results: : total energy is -436.100000 | electron energy -436.100000 + phonon energy 0.000000 | electron momentum kIdx = 2
The 13-th iteration is completed.	|| time cost : 0h 0m 8.876s
********************************************************************************************************************
Start the 14 rounds of NGS-ED iteration
	effective electronic model is modified as: kinetic energy t = 1.09374e-10
	                                           effective interaction Vq = [-35.1125,-12.0125, -1.0125,-12.0125,-12.0125, -1.0125, -2.1125, -1.0125, -1.0125, -2.1125,-15.3125, -2.1125,-12.0125, -1.0125, -2.1125, -1.0125]
	PARPACK diagonalization completed after 30 matrix-vector product operations.
	iteration results: : total energy is -436.100000 | electron energy -436.100000 + phonon energy 0.000000 | electron momentum kIdx = 2
The 14-th iteration is completed.	|| time cost : 0h 0m 8.887s
********************************************************************************************************************
Start the 15 rounds of NGS-ED iteration
	effective electronic model is modified as: kinetic energy t = 1.09374e-10
	                                           effective interaction Vq = [-35.1125,-12.0125, -1.0125,-12.0125,-12.0125, -1.0125, -2.1125, -1.0125, -1.0125, -2.1125,-15.3125, -2.1125,-12.0125, -1.0125, -2.1125, -1.0125]
	PARPACK diagonalization completed after 30 matrix-vector product operations.
	iteration results: : total energy is -436.100000 | electron energy -436.100000 + phonon energy 0.000000 | electron momentum kIdx = 2
The 15-th iteration is completed.	|| time cost : 0h 0m 8.892s
********************************************************************************************************************
Start the 16 rounds of NGS-ED iteration
	effective electronic model is modified as: kinetic energy t = 1.09374e-10
	                                           effective interaction Vq = [-35.1125,-12.0125, -1.0125,-12.0125,-12.0125, -1.0125, -2.1125, -1.0125, -1.0125, -2.1125,-15.3125, -2.1125,-12.0125, -1.0125, -2.1125, -1.0125]
	PARPACK diagonalization completed after 30 matrix-vector product operations.
	iteration results: : total energy is -436.100000 | electron energy -436.100000 + phonon energy 0.000000 | electron momentum kIdx = 2
The 16-th iteration is completed.	|| time cost : 0h 0m 8.912s
********************************************************************************************************************
Start the 17 rounds of NGS-ED iteration
	effective electronic model is modified as: kinetic energy t = 1.09374e-10
	                                           effective interaction Vq = [-35.1125,-12.0125, -1.0125,-12.0125,-12.0125, -1.0125, -2.1125, -1.0125, -1.0125, -2.1125,-15.3125, -2.1125,-12.0125, -1.0125, -2.1125, -1.0125]
	PARPACK diagonalization completed after 30 matrix-vector product operations.
	iteration results: : total energy is -436.100000 | electron energy -436.100000 + phonon energy 0.000000 | electron momentum kIdx = 2
The 17-th iteration is completed.	|| time cost : 0h 0m 8.874s
********************************************************************************************************************
Start the 18 rounds of NGS-ED iteration
	effective electronic model is modified as: kinetic energy t = 1.09374e-10
	                                           effective interaction Vq = [-35.1125,-12.0125, -1.0125,-12.0125,-12.0125, -1.0125, -2.1125, -1.0125, -1.0125, -2.1125,-15.3125, -2.1125,-12.0125, -1.0125, -2.1125, -1.0125]
	PARPACK diagonalization completed after 30 matrix-vector product operations.
	iteration results: : total energy is -436.100000 | electron energy -436.100000 + phonon energy 0.000000 | electron momentum kIdx = 2
The 18-th iteration is completed.	|| time cost : 0h 0m 8.874s
********************************************************************************************************************
Start the 19 rounds of NGS-ED iteration
	effective electronic model is modified as: kinetic energy t = 1.09374e-10
	                                           effective interaction Vq = [-35.1125,-12.0125, -1.0125,-12.0125,-12.0125, -1.0125, -2.1125, -1.0125, -1.0125, -2.1125,-15.3125, -2.1125,-12.0125, -1.0125, -2.1125, -1.0125]
	PARPACK diagonalization completed after 30 matrix-vector product operations.
	iteration results: : total energy is -436.100000 | electron energy -436.100000 + phonon energy 0.000000 | electron momentum kIdx = 2
The 19-th iteration is completed.	|| time cost : 0h 0m 8.892s
********************************************************************************************************************
Start the 20 rounds of NGS-ED iteration
	effective electronic model is modified as: kinetic energy t = 1.09374e-10
	                                           effective interaction Vq = [-35.1125,-12.0125, -1.0125,-12.0125,-12.0125, -1.0125, -2.1125, -1.0125, -1.0125, -2.1125,-15.3125, -2.1125,-12.0125, -1.0125, -2.1125, -1.0125]
	PARPACK diagonalization completed after 30 matrix-vector product operations.
	iteration results: : total energy is -436.100000 | electron energy -436.100000 + phonon energy 0.000000 | electron momentum kIdx = 2
The 20-th iteration is completed.	|| time cost : 0h 0m 8.901s
********************************************************************************************************************
Start the 21 rounds of NGS-ED iteration
	effective electronic model is modified as: kinetic energy t = 1.09374e-10
	                                           effective interaction Vq = [-35.1125,-12.0125, -1.0125,-12.0125,-12.0125, -1.0125, -2.1125, -1.0125, -1.0125, -2.1125,-15.3125, -2.1125,-12.0125, -1.0125, -2.1125, -1.0125]
	PARPACK diagonalization completed after 30 matrix-vector product operations.
	iteration results: : total energy is -436.100000 | electron energy -436.100000 + phonon energy 0.000000 | electron momentum kIdx = 2
The 21-th iteration is completed.	|| time cost : 0h 0m 8.893s
********************************************************************************************************************
Start the 22 rounds of NGS-ED iteration
	effective electronic model is modified as: kinetic energy t = 1.09374e-10
	                                           effective interaction Vq = [-35.1125,-12.0125, -1.0125,-12.0125,-12.0125, -1.0125, -2.1125, -1.0125, -1.0125, -2.1125,-15.3125, -2.1125,-12.0125, -1.0125, -2.1125, -1.0125]
	PARPACK diagonalization completed after 30 matrix-vector product operations.
	iteration results: : total energy is -436.100000 | electron energy -436.100000 + phonon energy 0.000000 | electron momentum kIdx = 2
The 22-th iteration is completed.	|| time cost : 0h 0m 8.897s
********************************************************************************************************************
Start the 23 rounds of NGS-ED iteration
	effective electronic model is modified as: kinetic energy t = 1.09374e-10
	                                           effective interaction Vq = [-35.1125,-12.0125, -1.0125,-12.0125,-12.0125, -1.0125, -2.1125, -1.0125, -1.0125, -2.1125,-15.3125, -2.1125,-12.0125, -1.0125, -2.1125, -1.0125]
	PARPACK diagonalization completed after 30 matrix-vector product operations.
	iteration results: : total energy is -436.100000 | electron energy -436.100000 + phonon energy 0.000000 | electron momentum kIdx = 2
The 23-th iteration is completed.	|| time cost : 0h 0m 8.893s
********************************************************************************************************************
Start the 24 rounds of NGS-ED iteration
	effective electronic model is modified as: kinetic energy t = 1.09374e-10
	                                           effective interaction Vq = [-35.1125,-12.0125, -1.0125,-12.0125,-12.0125, -1.0125, -2.1125, -1.0125, -1.0125, -2.1125,-15.3125, -2.1125,-12.0125, -1.0125, -2.1125, -1.0125]
	PARPACK diagonalization completed after 30 matrix-vector product operations.
	iteration results: : total energy is -436.100000 | electron energy -436.100000 + phonon energy 0.000000 | electron momentum kIdx = 2
The 24-th iteration is completed.	|| time cost : 0h 0m 8.881s
********************************************************************************************************************
Start the 25 rounds of NGS-ED iteration
	effective electronic model is modified as: kinetic energy t = 1.09374e-10
	                                           effective interaction Vq = [-35.1125,-12.0125, -1.0125,-12.0125,-12.0125, -1.0125, -2.1125, -1.0125, -1.0125, -2.1125,-15.3125, -2.1125,-12.0125, -1.0125, -2.1125, -1.0125]
	PARPACK diagonalization completed after 30 matrix-vector product operations.
	iteration results: : total energy is -436.100000 | electron energy -436.100000 + phonon energy 0.000000 | electron momentum kIdx = 2
The 25-th iteration is completed.	|| time cost : 0h 0m 8.875s
********************************************************************************************************************
Start the 26 rounds of NGS-ED iteration
	effective electronic model is modified as: kinetic energy t = 1.09374e-10
	                                           effective interaction Vq = [-35.1125,-12.0125, -1.0125,-12.0125,-12.0125, -1.0125, -2.1125, -1.0125, -1.0125, -2.1125,-15.3125, -2.1125,-12.0125, -1.0125, -2.1125, -1.0125]
	PARPACK diagonalization completed after 30 matrix-vector product operations.
	iteration results: : total energy is -436.100000 | electron energy -436.100000 + phonon energy 0.000000 | electron momentum kIdx = 2
The 26-th iteration is completed.	|| time cost : 0h 0m 8.898s
********************************************************************************************************************
Start the 27 rounds of NGS-ED iteration
	effective electronic model is modified as: kinetic energy t = 1.09374e-10
	                                           effective interaction Vq = [-35.1125,-12.0125, -1.0125,-12.0125,-12.0125, -1.0125, -2.1125, -1.0125, -1.0125, -2.1125,-15.3125, -2.1125,-12.0125, -1.0125, -2.1125, -1.0125]
	PARPACK diagonalization completed after 30 matrix-vector product operations.
	iteration results: : total energy is -436.100000 | electron energy -436.100000 + phonon energy 0.000000 | electron momentum kIdx = 2
The 27-th iteration is completed.	|| time cost : 0h 0m 8.887s
********************************************************************************************************************
Start the 28 rounds of NGS-ED iteration
	effective electronic model is modified as: kinetic energy t = 1.09374e-10
	                                           effective interaction Vq = [-35.1125,-12.0125, -1.0125,-12.0125,-12.0125, -1.0125, -2.1125, -1.0125, -1.0125, -2.1125,-15.3125, -2.1125,-12.0125, -1.0125, -2.1125, -1.0125]
	PARPACK diagonalization completed after 30 matrix-vector product operations.
	iteration results: : total energy is -436.100000 | electron energy -436.100000 + phonon energy 0.000000 | electron momentum kIdx = 2
The 28-th iteration is completed.	|| time cost : 0h 0m 8.912s
********************************************************************************************************************
Start the 29 rounds of NGS-ED iteration
	effective electronic model is modified as: kinetic energy t = 1.09374e-10
	                                           effective interaction Vq = [-35.1125,-12.0125, -1.0125,-12.0125,-12.0125, -1.0125, -2.1125, -1.0125, -1.0125, -2.1125,-15.3125, -2.1125,-12.0125, -1.0125, -2.1125, -1.0125]
	PARPACK diagonalization completed after 30 matrix-vector product operations.
	iteration results: : total energy is -436.100000 | electron energy -436.100000 + phonon energy 0.000000 | electron momentum kIdx = 2
The 29-th iteration is completed.	|| time cost : 0h 0m 8.896s
********************************************************************************************************************
Start the 30 rounds of NGS-ED iteration
	effective electronic model is modified as: kinetic energy t = 1.09374e-10
	                                           effective interaction Vq = [-35.1125,-12.0125, -1.0125,-12.0125,-12.0125, -1.0125, -2.1125, -1.0125, -1.0125, -2.1125,-15.3125, -2.1125,-12.0125, -1.0125, -2.1125, -1.0125]
	PARPACK diagonalization completed after 30 matrix-vector product operations.
	iteration results: : total energy is -436.100000 | electron energy -436.100000 + phonon energy 0.000000 | electron momentum kIdx = 2
The 30-th iteration is completed.	|| time cost : 0h 0m 8.89s
********************************************************************************************************************
Start the 31 rounds of NGS-ED iteration
	effective electronic model is modified as: kinetic energy t = 1.09374e-10
	                                           effective interaction Vq = [-35.1125,-12.0125, -1.0125,-12.0125,-12.0125, -1.0125, -2.1125, -1.0125, -1.0125, -2.1125,-15.3125, -2.1125,-12.0125, -1.0125, -2.1125, -1.0125]
	PARPACK diagonalization completed after 30 matrix-vector product operations.
	iteration results: : total energy is -436.100000 | electron energy -436.100000 + phonon energy 0.000000 | electron momentum kIdx = 2
The 31-th iteration is completed.	|| time cost : 0h 0m 8.875s
********************************************************************************************************************
Start the 32 rounds of NGS-ED iteration
	effective electronic model is modified as: kinetic energy t = 1.09374e-10
	                                           effective interaction Vq = [-35.1125,-12.0125, -1.0125,-12.0125,-12.0125, -1.0125, -2.1125, -1.0125, -1.0125, -2.1125,-15.3125, -2.1125,-12.0125, -1.0125, -2.1125, -1.0125]
	PARPACK diagonalization completed after 30 matrix-vector product operations.
	iteration results: : total energy is -436.100000 | electron energy -436.100000 + phonon energy 0.000000 | electron momentum kIdx = 2
The 32-th iteration is completed.	|| time cost : 0h 0m 8.914s
********************************************************************************************************************
Start the 33 rounds of NGS-ED iteration
	effective electronic model is modified as: kinetic energy t = 1.09375e-10
	                                           effective interaction Vq = [-35.1125,-12.0125, -1.0125,-12.0125,-12.0125, -1.0125, -2.1125, -1.0125, -1.0125, -2.1125,-15.3125, -2.1125,-12.0125, -1.0125, -2.1125, -1.0125]
	PARPACK diagonalization completed after 30 matrix-vector product operations.
	iteration results: : total energy is -436.100000 | electron energy -436.100000 + phonon energy 0.000000 | electron momentum kIdx = 2
The 33-th iteration is completed.	|| time cost : 0h 0m 8.885s
********************************************************************************************************************
Start the 34 rounds of NGS-ED iteration
	effective electronic model is modified as: kinetic energy t = 1.09374e-10
	                                           effective interaction Vq = [-35.1125,-12.0125, -1.0125,-12.0125,-12.0125, -1.0125, -2.1125, -1.0125, -1.0125, -2.1125,-15.3125, -2.1125,-12.0125, -1.0125, -2.1125, -1.0125]
	PARPACK diagonalization completed after 30 matrix-vector product operations.
	iteration results: : total energy is -436.100000 | electron energy -436.100000 + phonon energy 0.000000 | electron momentum kIdx = 2
The 34-th iteration is completed.	|| time cost : 0h 0m 8.885s
********************************************************************************************************************
Start the 35 rounds of NGS-ED iteration
	effective electronic model is modified as: kinetic energy t = 1.09374e-10
	                                           effective interaction Vq = [-35.1125,-12.0125, -1.0125,-12.0125,-12.0125, -1.0125, -2.1125, -1.0125, -1.0125, -2.1125,-15.3125, -2.1125,-12.0125, -1.0125, -2.1125, -1.0125]
	PARPACK diagonalization completed after 30 matrix-vector product operations.
	iteration results: : total energy is -436.100000 | electron energy -436.100000 + phonon energy 0.000000 | electron momentum kIdx = 2
The 35-th iteration is completed.	|| time cost : 0h 0m 8.87s
********************************************************************************************************************
Start the 36 rounds of NGS-ED iteration
	effective electronic model is modified as: kinetic energy t = 1.09374e-10
	                                           effective interaction Vq = [-35.1125,-12.0125, -1.0125,-12.0125,-12.0125, -1.0125, -2.1125, -1.0125, -1.0125, -2.1125,-15.3125, -2.1125,-12.0125, -1.0125, -2.1125, -1.0125]
	PARPACK diagonalization completed after 30 matrix-vector product operations.
	iteration results: : total energy is -436.100000 | electron energy -436.100000 + phonon energy 0.000000 | electron momentum kIdx = 2
The 36-th iteration is completed.	|| time cost : 0h 0m 8.885s
********************************************************************************************************************
Start the 37 rounds of NGS-ED iteration
	effective electronic model is modified as: kinetic energy t = 1.09375e-10
	                                           effective interaction Vq = [-35.1125,-12.0125, -1.0125,-12.0125,-12.0125, -1.0125, -2.1125, -1.0125, -1.0125, -2.1125,-15.3125, -2.1125,-12.0125, -1.0125, -2.1125, -1.0125]
	PARPACK diagonalization completed after 30 matrix-vector product operations.
	iteration results: : total energy is -436.100000 | electron energy -436.100000 + phonon energy 0.000000 | electron momentum kIdx = 2
The 37-th iteration is completed.	|| time cost : 0h 0m 8.885s
********************************************************************************************************************
Start the 38 rounds of NGS-ED iteration
	effective electronic model is modified as: kinetic energy t = 1.09374e-10
	                                           effective interaction Vq = [-35.1125,-12.0125, -1.0125,-12.0125,-12.0125, -1.0125, -2.1125, -1.0125, -1.0125, -2.1125,-15.3125, -2.1125,-12.0125, -1.0125, -2.1125, -1.0125]
	PARPACK diagonalization completed after 30 matrix-vector product operations.
	iteration results: : total energy is -436.100000 | electron energy -436.100000 + phonon energy 0.000000 | electron momentum kIdx = 2
The 38-th iteration is completed.	|| time cost : 0h 0m 8.881s
********************************************************************************************************************
Start the 39 rounds of NGS-ED iteration
	effective electronic model is modified as: kinetic energy t = 1.09375e-10
	                                           effective interaction Vq = [-35.1125,-12.0125, -1.0125,-12.0125,-12.0125, -1.0125, -2.1125, -1.0125, -1.0125, -2.1125,-15.3125, -2.1125,-12.0125, -1.0125, -2.1125, -1.0125]
	PARPACK diagonalization completed after 30 matrix-vector product operations.
	iteration results: : total energy is -436.100000 | electron energy -436.100000 + phonon energy 0.000000 | electron momentum kIdx = 2
The 39-th iteration is completed.	|| time cost : 0h 0m 8.909s
********************************************************************************************************************
Start the 40 rounds of NGS-ED iteration
	effective electronic model is modified as: kinetic energy t = 1.09374e-10
	                                           effective interaction Vq = [-35.1125,-12.0125, -1.0125,-12.0125,-12.0125, -1.0125, -2.1125, -1.0125, -1.0125, -2.1125,-15.3125, -2.1125,-12.0125, -1.0125, -2.1125, -1.0125]
	PARPACK diagonalization completed after 30 matrix-vector product operations.
	iteration results: : total energy is -436.100000 | electron energy -436.100000 + phonon energy 0.000000 | electron momentum kIdx = 2
The 40-th iteration is completed.	|| time cost : 0h 0m 8.894s
********************************************************************************************************************
Start the 41 rounds of NGS-ED iteration
	effective electronic model is modified as: kinetic energy t = 1.09375e-10
	                                           effective interaction Vq = [-35.1125,-12.0125, -1.0125,-12.0125,-12.0125, -1.0125, -2.1125, -1.0125, -1.0125, -2.1125,-15.3125, -2.1125,-12.0125, -1.0125, -2.1125, -1.0125]
	PARPACK diagonalization completed after 30 matrix-vector product operations.
	iteration results: : total energy is -436.100000 | electron energy -436.100000 + phonon energy 0.000000 | electron momentum kIdx = 2
The 41-th iteration is completed.	|| time cost : 0h 0m 8.884s
********************************************************************************************************************
Start the 42 rounds of NGS-ED iteration
	effective electronic model is modified as: kinetic energy t = 1.09375e-10
	                                           effective interaction Vq = [-35.1125,-12.0125, -1.0125,-12.0125,-12.0125, -1.0125, -2.1125, -1.0125, -1.0125, -2.1125,-15.3125, -2.1125,-12.0125, -1.0125, -2.1125, -1.0125]
	PARPACK diagonalization completed after 30 matrix-vector product operations.
	iteration results: : total energy is -436.100000 | electron energy -436.100000 + phonon energy 0.000000 | electron momentum kIdx = 2
The 42-th iteration is completed.	|| time cost : 0h 0m 8.901s
********************************************************************************************************************
Start the 43 rounds of NGS-ED iteration
	effective electronic model is modified as: kinetic energy t = 1.09375e-10
	                                           effective interaction Vq = [-35.1125,-12.0125, -1.0125,-12.0125,-12.0125, -1.0125, -2.1125, -1.0125, -1.0125, -2.1125,-15.3125, -2.1125,-12.0125, -1.0125, -2.1125, -1.0125]
	PARPACK diagonalization completed after 30 matrix-vector product operations.
	iteration results: : total energy is -436.100000 | electron energy -436.100000 + phonon energy 0.000000 | electron momentum kIdx = 2
The 43-th iteration is completed.	|| time cost : 0h 0m 8.887s
********************************************************************************************************************
Start the 44 rounds of NGS-ED iteration
	effective electronic model is modified as: kinetic energy t = 1.09375e-10
	                                           effective interaction Vq = [-35.1125,-12.0125, -1.0125,-12.0125,-12.0125, -1.0125, -2.1125, -1.0125, -1.0125, -2.1125,-15.3125, -2.1125,-12.0125, -1.0125, -2.1125, -1.0125]
	PARPACK diagonalization completed after 30 matrix-vector product operations.
	iteration results: : total energy is -436.100000 | electron energy -436.100000 + phonon energy 0.000000 | electron momentum kIdx = 2
The 44-th iteration is completed.	|| time cost : 0h 0m 8.878s
********************************************************************************************************************
Start the 45 rounds of NGS-ED iteration
	effective electronic model is modified as: kinetic energy t = 1.09375e-10
	                                           effective interaction Vq = [-35.1125,-12.0125, -1.0125,-12.0125,-12.0125, -1.0125, -2.1125, -1.0125, -1.0125, -2.1125,-15.3125, -2.1125,-12.0125, -1.0125, -2.1125, -1.0125]
	PARPACK diagonalization completed after 30 matrix-vector product operations.
	iteration results: : total energy is -436.100000 | electron energy -436.100000 + phonon energy 0.000000 | electron momentum kIdx = 2
The 45-th iteration is completed.	|| time cost : 0h 0m 8.884s
********************************************************************************************************************
Start the 46 rounds of NGS-ED iteration
	effective electronic model is modified as: kinetic energy t = 1.09375e-10
	                                           effective interaction Vq = [-35.1125,-12.0125, -1.0125,-12.0125,-12.0125, -1.0125, -2.1125, -1.0125, -1.0125, -2.1125,-15.3125, -2.1125,-12.0125, -1.0125, -2.1125, -1.0125]
	PARPACK diagonalization completed after 30 matrix-vector product operations.
	iteration results: : total energy is -436.100000 | electron energy -436.100000 + phonon energy 0.000000 | electron momentum kIdx = 2
The 46-th iteration is completed.	|| time cost : 0h 0m 8.888s
********************************************************************************************************************
Start the 47 rounds of NGS-ED iteration
	effective electronic model is modified as: kinetic energy t = 1.09375e-10
	                                           effective interaction Vq = [-35.1125,-12.0125, -1.0125,-12.0125,-12.0125, -1.0125, -2.1125, -1.0125, -1.0125, -2.1125,-15.3125, -2.1125,-12.0125, -1.0125, -2.1125, -1.0125]
	PARPACK diagonalization completed after 30 matrix-vector product operations.
