SNEDics v3.4 Non-Gaussian ED ground state program		Start at Tue Oct  1 15:42:09 2019

parallized on 16 MPI threads  * 8 OpenMP threads = 128 total threads.
********************************************************************************************************************
********************************************************************************************************************

********************************************************************************************************************
System parameters and configurations
********************************************************************************************************************
Special program options are enabled: splitted diagonal Hamiltonian
********************************************************************************************************************
Read input file "model_params.in"
	Hubbard-Holstein model parameters : 	t = 1    U = 9.09    g = 5    W = 5    
********************************************************************************************************************
Read input file "hilbertspace_params.in"
	Requested 16-site 2D lattice, with 16 electrons (8, 8)
	Boundary : Periodic		Hilbert space representation : momentum-space (restricted to kIdx = 0)
	Conservation: particle number[U(1)]      spin[U(1)]     momentum
********************************************************************************************************************

Cluster Positions:				Cluster symmetry group : D4
 x ... x ... x ... x .....                       x ... x ... x ... x .....
 |           |           :                       |           |           :
 |           |           :                       |           |           :
12    13    14    15     x                       1     5     6     5     x
 |           |           :                       |           |           :
 |           |           :                       |           |           :
 8 --- 9 ---10 ---11 --- x                       2 --- 6 ---10 --- 6 --- x
 |           |           :                       |           |           :
 |           |           :                       |           |           :
 4     5     6     7     x                       1     5     6     5     x
 |           |           :                       |           |           :
 |           |           :                       |           |           :
 0 --- 1 --- 2 --- 3 --- x                       0 --- 1 --- 2 --- 1 --- x
orbital number : 1
********************************************************************************************************************
Read input file "obs_params.in"
	Observable Type : Nq(All),   Sq(All),   N(All),   Delta[s](All),   Delta[d](All),   Delta[s+](All)
********************************************************************************************************************
** WARNING ** the input observables have non-local factors which have been reinterpreted. The total observable number is 96
********************************************************************************************************************


********************************************************************************************************************
Start calculating the non-Gaussian ED ground state
** WARNING ** Detected low phonon energy W < 10. The initial state will be prepared through a warm-up process.
********************************************************************************************************************
Start warm-up calculation for scaling factor 2
open output files: NGSEDWarmUpW10Obs.txt
********************************************************************************************************************
Start the 0 rounds of NGS-ED iteration
	effective electronic model is modified as: kinetic energy t = 1
	                                           effective interaction Vq = [-0,-0,-0,-0,-0,-0,-0,-0,-0,-0,-0,-0,-0,-0,-0,-0]
	first Hamiltonian is constructed, non-zero numbers = 2845383612
	PARPACK diagonalization completed after 120 matrix-vector product operations.
	iteration results: : total energy is -7.622393 | electron energy -7.622393 + phonon energy 0.000000 | electron momentum kIdx = 0
	Nq(0) = 16,	Nq(1) = 0.0499919,	Nq(2) = 0.0902018,	Nq(3) = 0.0499919,	Nq(4) = 0.0499919,	Nq(5) = 0.0902018,	Nq(6) = 0.126458,	Nq(7) = 0.0902018,	Nq(8) = 0.0902018,	Nq(9) = 0.126458,	Nq(10) = 0.160748,	Nq(11) = 0.126458,	Nq(12) = 0.0499919,	Nq(13) = 0.0902018,	Nq(14) = 0.126458,	Nq(15) = 0.0902018,	Sq(0) = -1.39333e-18,	Sq(1) = 0.406558,	Sq(2) = 0.644531,	Sq(3) = 0.406558,	Sq(4) = 0.406558,	Sq(5) = 0.644531,	Sq(6) = 0.967502,	Sq(7) = 0.644531,	Sq(8) = 0.644531,	Sq(9) = 0.967502,	Sq(10) = 5.22881,	Sq(11) = 0.967502,	Sq(12) = 0.406558,	Sq(13) = 0.644531,	Sq(14) = 0.967502,	Sq(15) = 0.644531,	N(0) = 1.73173,	N(1) = 1.51042,	N(2) = 1,	N(3) = 1.51042,	N(4) = 1.51042,	N(5) = 1,	N(6) = 0.489575,	N(7) = 1,	N(8) = 1,	N(9) = 0.489575,	N(10) = 0.268267,	N(11) = 0.489575,	N(12) = 1.51042,	N(13) = 1,	N(14) = 0.489575,	N(15) = 1,	Delta[s](0) = 0.0686087,	Delta[s](1) = 0.0570023,	Delta[s](2) = 0.0447352,	Delta[s](3) = 0.0570023,	Delta[s](4) = 0.0570023,	Delta[s](5) = 0.0447352,	Delta[s](6) = 0.0311433,	Delta[s](7) = 0.0447352,	Delta[s](8) = 0.0447352,	Delta[s](9) = 0.0311433,	Delta[s](10) = 0.0142776,	Delta[s](11) = 0.0311433,	Delta[s](12) = 0.0570023,	Delta[s](13) = 0.0447352,	Delta[s](14) = 0.0311433,	Delta[s](15) = 0.0447352,	Delta[d](0) = 0.599256,	Delta[d](1) = 0.46655,	Delta[d](2) = 0.351481,	Delta[d](3) = 0.46655,	Delta[d](4) = 0.46655,	Delta[d](5) = 0.357111,	Delta[d](6) = 0.246171,	Delta[d](7) = 0.357111,	Delta[d](8) = 0.351481,	Delta[d](9) = 0.246171,	Delta[d](10) = 0.128942,	Delta[d](11) = 0.246171,	Delta[d](12) = 0.46655,	Delta[d](13) = 0.357111,	Delta[d](14) = 0.246171,	Delta[d](15) = 0.357111,	Delta[s+](0) = 0.618138,	Delta[s+](1) = 0.490203,	Delta[s+](2) = 0.351481,	Delta[s+](3) = 0.490203,	Delta[s+](4) = 0.490203,	Delta[s+](5) = 0.351481,	Delta[s+](6) = 0.214023,	Delta[s+](7) = 0.351481,	Delta[s+](8) = 0.351481,	Delta[s+](9) = 0.214023,	Delta[s+](10) = 0.0873888,	Delta[s+](11) = 0.214023,	Delta[s+](12) = 0.490203,	Delta[s+](13) = 0.351481,	Delta[s+](14) = 0.214023,	Delta[s+](15) = 0.351481
The 0-th iteration is completed.	|| time cost : 0h 8m 42.811s
********************************************************************************************************************
Start the 1 rounds of NGS-ED iteration
	effective electronic model is modified as: kinetic energy t = 0.906801
	                                           effective interaction Vq = [-4.32332,-3.55229,-3.47873,-3.55229,-3.55229,-3.47873,-3.42822,-3.47873,-3.47873,-3.42822,-3.39188,-3.42822,-3.55229,-3.47873,-3.42822,-3.47873]
	PARPACK diagonalization completed after 45 matrix-vector product operations.
	iteration results: : total energy is -84.648764 | electron energy -84.652899 + phonon energy 0.004136 | electron momentum kIdx = 0
The 1-th iteration is completed.	|| time cost : 0h 7m 20.896s
********************************************************************************************************************
Start the 2 rounds of NGS-ED iteration
	effective electronic model is modified as: kinetic energy t = 0.815274
	                                           effective interaction Vq = [-4.90842,-4.55645,-4.40062,-4.55645,-4.55645,-4.40062,-4.37127,-4.40062,-4.40062,-4.37127,-4.30397,-4.37127,-4.55645,-4.40062,-4.37127,-4.40062]
	PARPACK diagonalization completed after 60 matrix-vector product operations.
	iteration results: : total energy is -97.162966 | electron energy -97.230290 + phonon energy 0.067324 | electron momentum kIdx = 0
The 2-th iteration is completed.	|| time cost : 0h 0m 36.694s
********************************************************************************************************************
Start the 3 rounds of NGS-ED iteration
	effective electronic model is modified as: kinetic energy t = 0.769427
	                                           effective interaction Vq = [-4.98761,-4.83252,-4.65676,-4.83252,-4.83252,-4.65676,-4.67932,-4.65676,-4.65676,-4.67932,-4.57958,-4.67932,-4.83252,-4.65676,-4.67932,-4.65676]
	PARPACK diagonalization completed after 75 matrix-vector product operations.
	iteration results: : total energy is -99.432426 | electron energy -99.576585 + phonon energy 0.144159 | electron momentum kIdx = 0
The 3-th iteration is completed.	|| time cost : 0h 0m 41.48s
********************************************************************************************************************
Start the 4 rounds of NGS-ED iteration
	effective electronic model is modified as: kinetic energy t = 0.734485
	                                           effective interaction Vq = [-4.99832,-4.91007,-4.85927,-4.91007,-4.91007,-4.85927, -4.7865,-4.85927,-4.85927, -4.7865,-4.76588, -4.7865,-4.91007,-4.85927, -4.7865,-4.85927]
	PARPACK diagonalization completed after 60 matrix-vector product operations.
	iteration results: : total energy is -100.186958 | electron energy -100.383686 + phonon energy 0.196727 | electron momentum kIdx = 0
The 4-th iteration is completed.	|| time cost : 0h 0m 37.754s
********************************************************************************************************************
Start the 5 rounds of NGS-ED iteration
	effective electronic model is modified as: kinetic energy t = 0.721284
	                                           effective interaction Vq = [-4.99977,-4.93043,-4.91319,-4.93043,-4.93043,-4.91319,-4.81946,-4.91319,-4.91319,-4.81946,-4.82998,-4.81946,-4.93043,-4.91319,-4.81946,-4.91319]
	PARPACK diagonalization completed after 45 matrix-vector product operations.
	iteration results: : total energy is -100.297086 | electron energy -100.521548 + phonon energy 0.224462 | electron momentum kIdx = 0
The 5-th iteration is completed.	|| time cost : 0h 0m 32.001s
********************************************************************************************************************
Start the 6 rounds of NGS-ED iteration
	effective electronic model is modified as: kinetic energy t = 0.716358
	                                           effective interaction Vq = [-4.99997,-4.93665,-4.92969,-4.93665,-4.93665,-4.92969,-4.83081,-4.92969,-4.92969,-4.83081,-4.85471,-4.83081,-4.93665,-4.92969,-4.83081,-4.92969]
	PARPACK diagonalization completed after 45 matrix-vector product operations.
	iteration results: : total energy is -100.312452 | electron energy -100.548357 + phonon energy 0.235905 | electron momentum kIdx = 0
The 6-th iteration is completed.	|| time cost : 0h 0m 31.98s
********************************************************************************************************************
Start the 7 rounds of NGS-ED iteration
	effective electronic model is modified as: kinetic energy t = 0.71452
	                                           effective interaction Vq = [      -5,-4.93869,-4.93515,-4.93869,-4.93869,-4.93515,-4.83493,-4.93515,-4.93515,-4.83493,-4.86509,-4.83493,-4.93869,-4.93515,-4.83493,-4.93515]
	PARPACK diagonalization completed after 45 matrix-vector product operations.
	iteration results: : total energy is -100.314592 | electron energy -100.554966 + phonon energy 0.240374 | electron momentum kIdx = 0
The 7-th iteration is completed.	|| time cost : 0h 0m 32.053s
********************************************************************************************************************
Start the 8 rounds of NGS-ED iteration
	effective electronic model is modified as: kinetic energy t = 0.713827
	                                           effective interaction Vq = [      -5,-4.93938,-4.93701,-4.93938,-4.93938,-4.93701,-4.83648,-4.93701,-4.93701,-4.83648,-4.86975,-4.83648,-4.93938,-4.93701,-4.83648,-4.93701]
	PARPACK diagonalization completed after 45 matrix-vector product operations.
	iteration results: : total energy is -100.314901 | electron energy -100.557013 + phonon energy 0.242113 | electron momentum kIdx = 0
The 8-th iteration is completed.	|| time cost : 0h 0m 32.046s
********************************************************************************************************************
Start the 9 rounds of NGS-ED iteration
	effective electronic model is modified as: kinetic energy t = 0.713562
	                                           effective interaction Vq = [      -5,-4.93962,-4.93763,-4.93962,-4.93962,-4.93763,-4.83706,-4.93763,-4.93763,-4.83706,-4.87195,-4.83706,-4.93962,-4.93763,-4.83706,-4.93763]
	PARPACK diagonalization completed after 30 matrix-vector product operations.
	iteration results: : total energy is -100.314949 | electron energy -100.557749 + phonon energy 0.242800 | electron momentum kIdx = 0
The 9-th iteration is completed.	|| time cost : 0h 0m 27.354s
********************************************************************************************************************
Start the 10 rounds of NGS-ED iteration
	effective electronic model is modified as: kinetic energy t = 0.713458
	                                           effective interaction Vq = [      -5, -4.9397,-4.93784, -4.9397, -4.9397,-4.93784,-4.83729,-4.93784,-4.93784,-4.83729,-4.87304,-4.83729, -4.9397,-4.93784,-4.83729,-4.93784]
	PARPACK diagonalization completed after 30 matrix-vector product operations.
	iteration results: : total energy is -100.314957 | electron energy -100.558036 + phonon energy 0.243079 | electron momentum kIdx = 0
	Nq(0) = 16,	Nq(1) = 0.41302,	Nq(2) = 0.782829,	Nq(3) = 0.41302,	Nq(4) = 0.41302,	Nq(5) = 0.782829,	Nq(6) = 0.656373,	Nq(7) = 0.782829,	Nq(8) = 0.782829,	Nq(9) = 0.656373,	Nq(10) = 0.984967,	Nq(11) = 0.656373,	Nq(12) = 0.41302,	Nq(13) = 0.782829,	Nq(14) = 0.656373,	Nq(15) = 0.782829,	Sq(0) = -3.26143e-18,	Sq(1) = 0.310356,	Sq(2) = 0.348815,	Sq(3) = 0.310356,	Sq(4) = 0.310356,	Sq(5) = 0.348815,	Sq(6) = 0.532766,	Sq(7) = 0.348815,	Sq(8) = 0.348815,	Sq(9) = 0.532766,	Sq(10) = 0.575106,	Sq(11) = 0.532766,	Sq(12) = 0.310356,	Sq(13) = 0.348815,	Sq(14) = 0.532766,	Sq(15) = 0.348815,	N(0) = 1.99577,	N(1) = 1.98874,	N(2) = 1,	N(3) = 1.98874,	N(4) = 1.98874,	N(5) = 1,	N(6) = 0.0112625,	N(7) = 1,	N(8) = 1,	N(9) = 0.0112625,	N(10) = 0.00422912,	N(11) = 0.0112625,	N(12) = 1.98874,	N(13) = 1,	N(14) = 0.0112625,	N(15) = 1,	Delta[s](0) = 0.547033,	Delta[s](1) = 0.318992,	Delta[s](2) = 0.294372,	Delta[s](3) = 0.318992,	Delta[s](4) = 0.318992,	Delta[s](5) = 0.294372,	Delta[s](6) = 0.280662,	Delta[s](7) = 0.294372,	Delta[s](8) = 0.294372,	Delta[s](9) = 0.280662,	Delta[s](10) = 0.267879,	Delta[s](11) = 0.280662,	Delta[s](12) = 0.318992,	Delta[s](13) = 0.294372,	Delta[s](14) = 0.280662,	Delta[s](15) = 0.294372,	Delta[d](0) = 0.330522,	Delta[d](1) = 0.286159,	Delta[d](2) = 0.263768,	Delta[d](3) = 0.286159,	Delta[d](4) = 0.286159,	Delta[d](5) = 0.262057,	Delta[d](6) = 0.250598,	Delta[d](7) = 0.262057,	Delta[d](8) = 0.263768,	Delta[d](9) = 0.250598,	Delta[d](10) = 0.19388,	Delta[d](11) = 0.250598,	Delta[d](12) = 0.286159,	Delta[d](13) = 0.262057,	Delta[d](14) = 0.250598,	Delta[d](15) = 0.262057,	Delta[s+](0) = 0.448187,	Delta[s+](1) = 0.372719,	Delta[s+](2) = 0.263768,	Delta[s+](3) = 0.372719,	Delta[s+](4) = 0.372719,	Delta[s+](5) = 0.263768,	Delta[s+](6) = 0.149764,	Delta[s+](7) = 0.263768,	Delta[s+](8) = 0.263768,	Delta[s+](9) = 0.149764,	Delta[s+](10) = 0.0701515,	Delta[s+](11) = 0.149764,	Delta[s+](12) = 0.372719,	Delta[s+](13) = 0.263768,	Delta[s+](14) = 0.149764,	Delta[s+](15) = 0.263768
The 10-th iteration is completed.	|| time cost : 0h 4m 31.322s
********************************************************************************************************************
********************************************************************************************************************
Ground state is obtained after 11 iterations. The current ground-state energy is -100.315, in which electron energy is -100.558 and phonon energy is 0.243079
final variational state is: 
	Gamma_x = [      1,1.04118,1.08049,1.04118,1.04118,1.08049, 1.1017,1.08049,1.08049, 1.1017,1.14016, 1.1017,1.04118,1.08049, 1.1017,1.08049]
	lambda_q = [0.707095,0.629472,0.628305,0.629472,0.629472,0.628305,0.579582,0.628305,0.628305,0.579582,0.594676,0.579582,0.629472,0.628305,0.579582,0.628305]
********************************************************************************************************************
o___o  ----------------------------------------
| L |	Time since last clock: 0h 0m 0.001s
A===A	Time since the beginning: 0h 25m 6.397s
***********************************************


********************************************************************************************************************
Warm up runs have been completed. Start calculating W = 5 phonon.
open output files: NGSEDIterationObs.txt
********************************************************************************************************************
Start the 0 rounds of NGS-ED iteration
	effective electronic model is modified as: kinetic energy t = 0.713416
	                                           effective interaction Vq = [-4.57103,-4.31355,-4.30921,-4.31355,-4.31355,-4.30921,-4.11624,-4.30921,-4.30921,-4.11624,-4.17856,-4.11624,-4.31355,-4.30921,-4.11624,-4.30921]
	PARPACK diagonalization completed after 75 matrix-vector product operations.
	iteration results: : total energy is -88.104970 | electron energy -88.226568 + phonon energy 0.121598 | electron momentum kIdx = 0
	Nq(0) = 16,	Nq(1) = 0.319911,	Nq(2) = 0.358344,	Nq(3) = 0.319911,	Nq(4) = 0.319911,	Nq(5) = 0.358344,	Nq(6) = 0.515502,	Nq(7) = 0.358344,	Nq(8) = 0.358344,	Nq(9) = 0.515502,	Nq(10) = 0.570441,	Nq(11) = 0.515502,	Nq(12) = 0.319911,	Nq(13) = 0.358344,	Nq(14) = 0.515502,	Nq(15) = 0.358344,	Sq(0) = -5.47576e-18,	Sq(1) = 0.39771,	Sq(2) = 0.573035,	Sq(3) = 0.39771,	Sq(4) = 0.39771,	Sq(5) = 0.573035,	Sq(6) = 0.671004,	Sq(7) = 0.573035,	Sq(8) = 0.573035,	Sq(9) = 0.671004,	Sq(10) = 2.22478,	Sq(11) = 0.671004,	Sq(12) = 0.39771,	Sq(13) = 0.573035,	Sq(14) = 0.671004,	Sq(15) = 0.573035,	N(0) = 1.99603,	N(1) = 1.9901,	N(2) = 1,	N(3) = 1.9901,	N(4) = 1.9901,	N(5) = 1,	N(6) = 0.00990026,	N(7) = 1,	N(8) = 1,	N(9) = 0.00990026,	N(10) = 0.00397431,	N(11) = 0.00990026,	N(12) = 1.9901,	N(13) = 1,	N(14) = 0.00990026,	N(15) = 1,	Delta[s](0) = 0.214613,	Delta[s](1) = 0.207763,	Delta[s](2) = 0.186515,	Delta[s](3) = 0.207763,	Delta[s](4) = 0.207763,	Delta[s](5) = 0.186515,	Delta[s](6) = 0.180245,	Delta[s](7) = 0.186515,	Delta[s](8) = 0.186515,	Delta[s](9) = 0.180245,	Delta[s](10) = 0.145344,	Delta[s](11) = 0.180245,	Delta[s](12) = 0.207763,	Delta[s](13) = 0.186515,	Delta[s](14) = 0.180245,	Delta[s](15) = 0.186515,	Delta[d](0) = 0.535635,	Delta[d](1) = 0.361549,	Delta[d](2) = 0.312309,	Delta[d](3) = 0.361549,	Delta[d](4) = 0.361549,	Delta[d](5) = 0.349113,	Delta[d](6) = 0.274124,	Delta[d](7) = 0.349113,	Delta[d](8) = 0.312309,	Delta[d](9) = 0.274124,	Delta[d](10) = 0.166763,	Delta[d](11) = 0.274124,	Delta[d](12) = 0.361549,	Delta[d](13) = 0.349113,	Delta[d](14) = 0.274124,	Delta[d](15) = 0.349113,	Delta[s+](0) = 0.5417,	Delta[s+](1) = 0.446699,	Delta[s+](2) = 0.312309,	Delta[s+](3) = 0.446699,	Delta[s+](4) = 0.446699,	Delta[s+](5) = 0.312309,	Delta[s+](6) = 0.179071,	Delta[s+](7) = 0.312309,	Delta[s+](8) = 0.312309,	Delta[s+](9) = 0.179071,	Delta[s+](10) = 0.0759005,	Delta[s+](11) = 0.179071,	Delta[s+](12) = 0.446699,	Delta[s+](13) = 0.312309,	Delta[s+](14) = 0.179071,	Delta[s+](15) = 0.312309
The 0-th iteration is completed.	|| time cost : 0h 4m 39.191s
********************************************************************************************************************
Start the 1 rounds of NGS-ED iteration
	effective electronic model is modified as: kinetic energy t = 0.701394
	                                           effective interaction Vq = [-4.84219, -4.5394,  -4.365, -4.5394, -4.5394,  -4.365,-4.28633,  -4.365,  -4.365,-4.28633,   -4.24,-4.28633, -4.5394,  -4.365,-4.28633,  -4.365]
	PARPACK diagonalization completed after 45 matrix-vector product operations.
	iteration results: : total energy is -92.777228 | electron energy -93.107496 + phonon energy 0.330267 | electron momentum kIdx = 0
The 1-th iteration is completed.	|| time cost : 0h 0m 32.359s
********************************************************************************************************************
Start the 2 rounds of NGS-ED iteration
	effective electronic model is modified as: kinetic energy t = 0.686439
	                                           effective interaction Vq = [-4.94195,-4.67352,-4.41434,-4.67352,-4.67352,-4.41434,-4.41389,-4.41434,-4.41434,-4.41389,-4.30499,-4.41389,-4.67352,-4.41434,-4.41389,-4.41434]
	PARPACK diagonalization completed after 60 matrix-vector product operations.
	iteration results: : total energy is -94.536069 | electron energy -94.990541 + phonon energy 0.454472 | electron momentum kIdx = 0
The 2-th iteration is completed.	|| time cost : 0h 0m 36.769s
********************************************************************************************************************
Start the 3 rounds of NGS-ED iteration
	effective electronic model is modified as: kinetic energy t = 0.673793
	                                           effective interaction Vq = [-4.97864,-4.75511,-4.45044,-4.75511,-4.75511,-4.45044,-4.50391,-4.45044,-4.45044,-4.50391,-4.35335,-4.50391,-4.75511,-4.45044,-4.50391,-4.45044]
	PARPACK diagonalization completed after 60 matrix-vector product operations.
	iteration results: : total energy is -95.210502 | electron energy -95.737379 + phonon energy 0.526877 | electron momentum kIdx = 0
The 3-th iteration is completed.	|| time cost : 0h 0m 36.746s
********************************************************************************************************************
Start the 4 rounds of NGS-ED iteration
	effective electronic model is modified as: kinetic energy t = 0.66415
	                                           effective interaction Vq = [-4.99214,-4.80567,-4.47542,-4.80567,-4.80567,-4.47542,-4.56649,-4.47542,-4.47542,-4.56649,-4.38619,-4.56649,-4.80567,-4.47542,-4.56649,-4.47542]
	PARPACK diagonalization completed after 60 matrix-vector product operations.
	iteration results: : total energy is -95.472875 | electron energy -96.044752 + phonon energy 0.571877 | electron momentum kIdx = 0
The 4-th iteration is completed.	|| time cost : 0h 0m 36.597s
********************************************************************************************************************
Start the 5 rounds of NGS-ED iteration
	effective electronic model is modified as: kinetic energy t = 0.657085
	                                           effective interaction Vq = [-4.99711,-4.83757, -4.4925,-4.83757,-4.83757, -4.4925,-4.60992, -4.4925, -4.4925,-4.60992,-4.40782,-4.60992,-4.83757, -4.4925,-4.60992, -4.4925]
	PARPACK diagonalization completed after 60 matrix-vector product operations.
	iteration results: : total energy is -95.576458 | electron energy -96.177710 + phonon energy 0.601252 | electron momentum kIdx = 0
The 5-th iteration is completed.	|| time cost : 0h 0m 36.637s
********************************************************************************************************************
Start the 6 rounds of NGS-ED iteration
	effective electronic model is modified as: kinetic energy t = 0.652002
	                                           effective interaction Vq = [-4.99894,-4.85802,-4.50429,-4.85802,-4.85802,-4.50429,-4.64012,-4.50429,-4.50429,-4.64012,-4.42192,-4.64012,-4.85802,-4.50429,-4.64012,-4.50429]
	PARPACK diagonalization completed after 60 matrix-vector product operations.
	iteration results: : total energy is -95.618009 | electron energy -96.239002 + phonon energy 0.620993 | electron momentum kIdx = 0
The 6-th iteration is completed.	|| time cost : 0h 0m 36.743s
********************************************************************************************************************
Start the 7 rounds of NGS-ED iteration
	effective electronic model is modified as: kinetic energy t = 0.648376
	                                           effective interaction Vq = [-4.99961,-4.87133,-4.51253,-4.87133,-4.87133,-4.51253,-4.66116,-4.51253,-4.51253,-4.66116,-4.43109,-4.66116,-4.87133,-4.51253,-4.66116,-4.51253]
	PARPACK diagonalization completed after 60 matrix-vector product operations.
	iteration results: : total energy is -95.634968 | electron energy -96.269455 + phonon energy 0.634487 | electron momentum kIdx = 0
The 7-th iteration is completed.	|| time cost : 0h 0m 36.749s
********************************************************************************************************************
Start the 8 rounds of NGS-ED iteration
	effective electronic model is modified as: kinetic energy t = 0.645802
	                                           effective interaction Vq = [-4.99986,-4.88009,-4.51839,-4.88009,-4.88009,-4.51839,-4.67586,-4.51839,-4.51839,-4.67586,-4.43708,-4.67586,-4.88009,-4.51839,-4.67586,-4.51839]
	PARPACK diagonalization completed after 60 matrix-vector product operations.
	iteration results: : total energy is -95.642019 | electron energy -96.285828 + phonon energy 0.643809 | electron momentum kIdx = 0
The 8-th iteration is completed.	|| time cost : 0h 0m 36.766s
********************************************************************************************************************
Start the 9 rounds of NGS-ED iteration
	effective electronic model is modified as: kinetic energy t = 0.643979
	                                           effective interaction Vq = [-4.99995,-4.88592,-4.52262,-4.88592,-4.88592,-4.52262,-4.68615,-4.52262,-4.52262,-4.68615,-4.44098,-4.68615,-4.88592,-4.52262,-4.68615,-4.52262]
	PARPACK diagonalization completed after 60 matrix-vector product operations.
	iteration results: : total energy is -95.645008 | electron energy -96.295303 + phonon energy 0.650294 | electron momentum kIdx = 0
The 9-th iteration is completed.	|| time cost : 0h 0m 36.749s
********************************************************************************************************************
Start the 10 rounds of NGS-ED iteration
	effective electronic model is modified as: kinetic energy t = 0.642689
	                                           effective interaction Vq = [-4.99998,-4.88983, -4.5257,-4.88983,-4.88983, -4.5257,-4.69335, -4.5257, -4.5257,-4.69335,-4.44354,-4.69335,-4.88983, -4.5257,-4.69335, -4.5257]
	PARPACK diagonalization completed after 60 matrix-vector product operations.
	iteration results: : total energy is -95.646301 | electron energy -96.301128 + phonon energy 0.654828 | electron momentum kIdx = 0
	Nq(0) = 16,	Nq(1) = 0.499727,	Nq(2) = 0.369625,	Nq(3) = 0.499727,	Nq(4) = 0.499727,	Nq(5) = 0.369625,	Nq(6) = 0.691533,	Nq(7) = 0.369625,	Nq(8) = 0.369625,	Nq(9) = 0.691533,	Nq(10) = 0.591338,	Nq(11) = 0.691533,	Nq(12) = 0.499727,	Nq(13) = 0.369625,	Nq(14) = 0.691533,	Nq(15) = 0.369625,	Sq(0) = 2.20129e-18,	Sq(1) = 0.350669,	Sq(2) = 0.515403,	Sq(3) = 0.350669,	Sq(4) = 0.350669,	Sq(5) = 0.515403,	Sq(6) = 0.587513,	Sq(7) = 0.515403,	Sq(8) = 0.515403,	Sq(9) = 0.587513,	Sq(10) = 1.58073,	Sq(11) = 0.587513,	Sq(12) = 0.350669,	Sq(13) = 0.515403,	Sq(14) = 0.587513,	Sq(15) = 0.515403,	N(0) = 1.99916,	N(1) = 1.98876,	N(2) = 1,	N(3) = 1.98876,	N(4) = 1.98876,	N(5) = 1,	N(6) = 0.0112444,	N(7) = 1,	N(8) = 1,	N(9) = 0.0112444,	N(10) = 0.000837804,	N(11) = 0.0112444,	N(12) = 1.98876,	N(13) = 1,	N(14) = 0.0112444,	N(15) = 1,	Delta[s](0) = 0.252339,	Delta[s](1) = 0.254041,	Delta[s](2) = 0.231481,	Delta[s](3) = 0.254041,	Delta[s](4) = 0.254041,	Delta[s](5) = 0.231481,	Delta[s](6) = 0.232165,	Delta[s](7) = 0.231481,	Delta[s](8) = 0.231481,	Delta[s](9) = 0.232165,	Delta[s](10) = 0.201013,	Delta[s](11) = 0.232165,	Delta[s](12) = 0.254041,	Delta[s](13) = 0.231481,	Delta[s](14) = 0.232165,	Delta[s](15) = 0.231481,	Delta[d](0) = 0.558058,	Delta[d](1) = 0.374383,	Delta[d](2) = 0.333714,	Delta[d](3) = 0.374383,	Delta[d](4) = 0.374383,	Delta[d](5) = 0.372507,	Delta[d](6) = 0.306702,	Delta[d](7) = 0.372507,	Delta[d](8) = 0.333714,	Delta[d](9) = 0.306702,	Delta[d](10) = 0.210886,	Delta[d](11) = 0.306702,	Delta[d](12) = 0.374383,	Delta[d](13) = 0.372507,	Delta[d](14) = 0.306702,	Delta[d](15) = 0.372507,	Delta[s+](0) = 0.543496,	Delta[s+](1) = 0.454537,	Delta[s+](2) = 0.333714,	Delta[s+](3) = 0.454537,	Delta[s+](4) = 0.454537,	Delta[s+](5) = 0.333714,	Delta[s+](6) = 0.20519,	Delta[s+](7) = 0.333714,	Delta[s+](8) = 0.333714,	Delta[s+](9) = 0.20519,	Delta[s+](10) = 0.108075,	Delta[s+](11) = 0.20519,	Delta[s+](12) = 0.454537,	Delta[s+](13) = 0.333714,	Delta[s+](14) = 0.20519,	Delta[s+](15) = 0.333714
The 10-th iteration is completed.	|| time cost : 0h 4m 31.225s
********************************************************************************************************************
Start the 11 rounds of NGS-ED iteration
	effective electronic model is modified as: kinetic energy t = 0.641776
	                                           effective interaction Vq = [-4.99999,-4.89247,-4.52796,-4.89247,-4.89247,-4.52796, -4.6984,-4.52796,-4.52796, -4.6984,-4.44521, -4.6984,-4.89247,-4.52796, -4.6984,-4.52796]
	PARPACK diagonalization completed after 60 matrix-vector product operations.
	iteration results: : total energy is -95.646870 | electron energy -96.304878 + phonon energy 0.658008 | electron momentum kIdx = 0
The 11-th iteration is completed.	|| time cost : 0h 0m 36.756s
********************************************************************************************************************
Start the 12 rounds of NGS-ED iteration
	effective electronic model is modified as: kinetic energy t = 0.64113
	                                           effective interaction Vq = [      -5,-4.89426,-4.52966,-4.89426,-4.89426,-4.52966,-4.70193,-4.52966,-4.52966,-4.70193,-4.44631,-4.70193,-4.89426,-4.52966,-4.70193,-4.52966]
	PARPACK diagonalization completed after 60 matrix-vector product operations.
	iteration results: : total energy is -95.647126 | electron energy -96.307371 + phonon energy 0.660244 | electron momentum kIdx = 0
The 12-th iteration is completed.	|| time cost : 0h 0m 36.707s
********************************************************************************************************************
Start the 13 rounds of NGS-ED iteration
	effective electronic model is modified as: kinetic energy t = 0.64067
	                                           effective interaction Vq = [      -5,-4.89548,-4.53093,-4.89548,-4.89548,-4.53093,-4.70441,-4.53093,-4.53093,-4.70441,-4.44704,-4.70441,-4.89548,-4.53093,-4.70441,-4.53093]
	PARPACK diagonalization completed after 45 matrix-vector product operations.
	iteration results: : total energy is -95.647243 | electron energy -96.309064 + phonon energy 0.661820 | electron momentum kIdx = 0
The 13-th iteration is completed.	|| time cost : 0h 0m 31.99s
********************************************************************************************************************
Start the 14 rounds of NGS-ED iteration
	effective electronic model is modified as: kinetic energy t = 0.640343
	                                           effective interaction Vq = [      -5,-4.89632,-4.53191,-4.89632,-4.89632,-4.53191,-4.70613,-4.53191,-4.53191,-4.70613,-4.44752,-4.70613,-4.89632,-4.53191,-4.70613,-4.53191]
	PARPACK diagonalization completed after 60 matrix-vector product operations.
	iteration results: : total energy is -95.647298 | electron energy -96.310232 + phonon energy 0.662933 | electron momentum kIdx = 0
The 14-th iteration is completed.	|| time cost : 0h 0m 36.772s
********************************************************************************************************************
Start the 15 rounds of NGS-ED iteration
	effective electronic model is modified as: kinetic energy t = 0.640108
	                                           effective interaction Vq = [      -5, -4.8969,-4.53267, -4.8969, -4.8969,-4.53267,-4.70733,-4.53267,-4.53267,-4.70733,-4.44784,-4.70733, -4.8969,-4.53267,-4.70733,-4.53267]
	PARPACK diagonalization completed after 45 matrix-vector product operations.
	iteration results: : total energy is -95.647324 | electron energy -96.311045 + phonon energy 0.663721 | electron momentum kIdx = 0
The 15-th iteration is completed.	|| time cost : 0h 0m 32.002s
********************************************************************************************************************
Start the 16 rounds of NGS-ED iteration
	effective electronic model is modified as: kinetic energy t = 0.639939
	                                           effective interaction Vq = [      -5, -4.8973,-4.53327, -4.8973, -4.8973,-4.53327,-4.70817,-4.53327,-4.53327,-4.70817,-4.44805,-4.70817, -4.8973,-4.53327,-4.70817,-4.53327]
	PARPACK diagonalization completed after 45 matrix-vector product operations.
	iteration results: : total energy is -95.647336 | electron energy -96.311616 + phonon energy 0.664280 | electron momentum kIdx = 0
The 16-th iteration is completed.	|| time cost : 0h 0m 31.996s
********************************************************************************************************************
Start the 17 rounds of NGS-ED iteration
	effective electronic model is modified as: kinetic energy t = 0.639816
	                                           effective interaction Vq = [      -5,-4.89758,-4.53375,-4.89758,-4.89758,-4.53375,-4.70874,-4.53375,-4.53375,-4.70874, -4.4482,-4.70874,-4.89758,-4.53375,-4.70874,-4.53375]
	PARPACK diagonalization completed after 45 matrix-vector product operations.
	iteration results: : total energy is -95.647342 | electron energy -96.312020 + phonon energy 0.664677 | electron momentum kIdx = 0
The 17-th iteration is completed.	|| time cost : 0h 0m 32.048s
********************************************************************************************************************
Start the 18 rounds of NGS-ED iteration
	effective electronic model is modified as: kinetic energy t = 0.639726
	                                           effective interaction Vq = [      -5,-4.89778,-4.53414,-4.89778,-4.89778,-4.53414,-4.70913,-4.53414,-4.53414,-4.70913, -4.4483,-4.70913,-4.89778,-4.53414,-4.70913,-4.53414]
	PARPACK diagonalization completed after 45 matrix-vector product operations.
	iteration results: : total energy is -95.647346 | electron energy -96.312307 + phonon energy 0.664961 | electron momentum kIdx = 0
The 18-th iteration is completed.	|| time cost : 0h 0m 31.975s
********************************************************************************************************************
Start the 19 rounds of NGS-ED iteration
	effective electronic model is modified as: kinetic energy t = 0.639659
	                                           effective interaction Vq = [      -5,-4.89793,-4.53446,-4.89793,-4.89793,-4.53446, -4.7094,-4.53446,-4.53446, -4.7094,-4.44837, -4.7094,-4.89793,-4.53446, -4.7094,-4.53446]
	PARPACK diagonalization completed after 45 matrix-vector product operations.
	iteration results: : total energy is -95.647347 | electron energy -96.312512 + phonon energy 0.665164 | electron momentum kIdx = 0
The 19-th iteration is completed.	|| time cost : 0h 0m 31.986s
********************************************************************************************************************
Start the 20 rounds of NGS-ED iteration
	effective electronic model is modified as: kinetic energy t = 0.639609
	                                           effective interaction Vq = [      -5,-4.89803,-4.53473,-4.89803,-4.89803,-4.53473,-4.70957,-4.53473,-4.53473,-4.70957,-4.44842,-4.70957,-4.89803,-4.53473,-4.70957,-4.53473]
	PARPACK diagonalization completed after 45 matrix-vector product operations.
	iteration results: : total energy is -95.647348 | electron energy -96.312659 + phonon energy 0.665311 | electron momentum kIdx = 0
	Nq(0) = 16,	Nq(1) = 0.505198,	Nq(2) = 0.370849,	Nq(3) = 0.505198,	Nq(4) = 0.505198,	Nq(5) = 0.370849,	Nq(6) = 0.698319,	Nq(7) = 0.370849,	Nq(8) = 0.370849,	Nq(9) = 0.698319,	Nq(10) = 0.5905,	Nq(11) = 0.698319,	Nq(12) = 0.505198,	Nq(13) = 0.370849,	Nq(14) = 0.698319,	Nq(15) = 0.370849,	Sq(0) = -5.47892e-18,	Sq(1) = 0.348869,	Sq(2) = 0.512809,	Sq(3) = 0.348869,	Sq(4) = 0.348869,	Sq(5) = 0.512809,	Sq(6) = 0.584769,	Sq(7) = 0.512809,	Sq(8) = 0.512809,	Sq(9) = 0.584769,	Sq(10) = 1.55894,	Sq(11) = 0.584769,	Sq(12) = 0.348869,	Sq(13) = 0.512809,	Sq(14) = 0.584769,	Sq(15) = 0.512809,	N(0) = 1.99902,	N(1) = 1.98767,	N(2) = 1,	N(3) = 1.98767,	N(4) = 1.98767,	N(5) = 1,	N(6) = 0.0123276,	N(7) = 1,	N(8) = 1,	N(9) = 0.0123276,	N(10) = 0.000983828,	N(11) = 0.0123276,	N(12) = 1.98767,	N(13) = 1,	N(14) = 0.0123276,	N(15) = 1,	Delta[s](0) = 0.25378,	Delta[s](1) = 0.255676,	Delta[s](2) = 0.23324,	Delta[s](3) = 0.255676,	Delta[s](4) = 0.255676,	Delta[s](5) = 0.23324,	Delta[s](6) = 0.233962,	Delta[s](7) = 0.23324,	Delta[s](8) = 0.23324,	Delta[s](9) = 0.233962,	Delta[s](10) = 0.203057,	Delta[s](11) = 0.233962,	Delta[s](12) = 0.255676,	Delta[s](13) = 0.23324,	Delta[s](14) = 0.233962,	Delta[s](15) = 0.23324,	Delta[d](0) = 0.559072,	Delta[d](1) = 0.373855,	Delta[d](2) = 0.333512,	Delta[d](3) = 0.373855,	Delta[d](4) = 0.373855,	Delta[d](5) = 0.371595,	Delta[d](6) = 0.306926,	Delta[d](7) = 0.371595,	Delta[d](8) = 0.333512,	Delta[d](9) = 0.306926,	Delta[d](10) = 0.211112,	Delta[d](11) = 0.306926,	Delta[d](12) = 0.373855,	Delta[d](13) = 0.371595,	Delta[d](14) = 0.306926,	Delta[d](15) = 0.371595,	Delta[s+](0) = 0.541832,	Delta[s+](1) = 0.45345,	Delta[s+](2) = 0.333512,	Delta[s+](3) = 0.45345,	Delta[s+](4) = 0.45345,	Delta[s+](5) = 0.333512,	Delta[s+](6) = 0.205722,	Delta[s+](7) = 0.333512,	Delta[s+](8) = 0.333512,	Delta[s+](9) = 0.205722,	Delta[s+](10) = 0.109133,	Delta[s+](11) = 0.205722,	Delta[s+](12) = 0.45345,	Delta[s+](13) = 0.333512,	Delta[s+](14) = 0.205722,	Delta[s+](15) = 0.333512
The 20-th iteration is completed.	|| time cost : 0h 4m 26.001s
********************************************************************************************************************
Start the 21 rounds of NGS-ED iteration
	effective electronic model is modified as: kinetic energy t = 0.639571
	                                           effective interaction Vq = [      -5,-4.89811,-4.53497,-4.89811,-4.89811,-4.53497,-4.70969,-4.53497,-4.53497,-4.70969,-4.44846,-4.70969,-4.89811,-4.53497,-4.70969,-4.53497]
	PARPACK diagonalization completed after 45 matrix-vector product operations.
	iteration results: : total energy is -95.647349 | electron energy -96.312767 + phonon energy 0.665418 | electron momentum kIdx = 0
The 21-th iteration is completed.	|| time cost : 0h 0m 32.034s
********************************************************************************************************************
Start the 22 rounds of NGS-ED iteration
	effective electronic model is modified as: kinetic energy t = 0.63954
	                                           effective interaction Vq = [      -5,-4.89817,-4.53518,-4.89817,-4.89817,-4.53518,-4.70976,-4.53518,-4.53518,-4.70976,-4.44849,-4.70976,-4.89817,-4.53518,-4.70976,-4.53518]
	PARPACK diagonalization completed after 45 matrix-vector product operations.
	iteration results: : total energy is -95.647349 | electron energy -96.312845 + phonon energy 0.665496 | electron momentum kIdx = 0
The 22-th iteration is completed.	|| time cost : 0h 0m 31.952s
********************************************************************************************************************
Start the 23 rounds of NGS-ED iteration
	effective electronic model is modified as: kinetic energy t = 0.639516
	                                           effective interaction Vq = [      -5,-4.89821,-4.53536,-4.89821,-4.89821,-4.53536, -4.7098,-4.53536,-4.53536, -4.7098,-4.44851, -4.7098,-4.89821,-4.53536, -4.7098,-4.53536]
	PARPACK diagonalization completed after 45 matrix-vector product operations.
	iteration results: : total energy is -95.647349 | electron energy -96.312904 + phonon energy 0.665554 | electron momentum kIdx = 0
The 23-th iteration is completed.	|| time cost : 0h 0m 32.023s
