SNEDics v3.4 Non-Gaussian ED ground state program		Start at Mon Feb 24 10:26:13 2020

parallized on 16 MPI threads  * 8 OpenMP threads = 128 total threads.
********************************************************************************************************************
********************************************************************************************************************

********************************************************************************************************************
System parameters and configurations
********************************************************************************************************************
Special program options are enabled: splitted diagonal Hamiltonian
********************************************************************************************************************
Read input file "model_params.in"
	Hubbard-Holstein model parameters : 	t = 1    U = 8    g = 8.19756    W = 16    
********************************************************************************************************************
Read input file "hilbertspace_params.in"
	Requested 16-site 2D lattice, with 16 electrons (8, 8)
	Boundary : Periodic		Hilbert space representation : momentum-space (restricted to kIdx = 0)
	Conservation: particle number[U(1)]      spin[U(1)]     momentum
********************************************************************************************************************

Cluster Positions:				Cluster symmetry group : D4
 x ... x ... x ... x .....                       x ... x ... x ... x .....
 |           |           :                       |           |           :
 |           |           :                       |           |           :
12    13    14    15     x                       1     5     6     5     x
 |           |           :                       |           |           :
 |           |           :                       |           |           :
 8 --- 9 ---10 ---11 --- x                       2 --- 6 ---10 --- 6 --- x
 |           |           :                       |           |           :
 |           |           :                       |           |           :
 4     5     6     7     x                       1     5     6     5     x
 |           |           :                       |           |           :
 |           |           :                       |           |           :
 0 --- 1 --- 2 --- 3 --- x                       0 --- 1 --- 2 --- 1 --- x
orbital number : 1
********************************************************************************************************************
Read input file "obs_params.in"
	Observable Type : Nq(All),   Sq(All),   N(All),   Delta[s](All),   Delta[d](All),   Delta[s+](All)
********************************************************************************************************************
** WARNING ** the input observables have non-local factors which have been reinterpreted. The total observable number is 96
********************************************************************************************************************


********************************************************************************************************************
Start calculating the non-Gaussian ED ground state
W = 16 is relatively large. The non-Gaussian ED calculation starts directly.
open output files: NGSEDIterationObs.txt
********************************************************************************************************************
Start the 0 rounds of NGS-ED iteration
	effective electronic model is modified as: kinetic energy t = 1
	                                           effective interaction Vq = [-0,-0,-0,-0,-0,-0,-0,-0,-0,-0,-0,-0,-0,-0,-0,-0]
	first Hamiltonian is constructed, non-zero numbers = 2845383612
	PARPACK diagonalization completed after 105 matrix-vector product operations.
	iteration results: : total energy is -8.468875 | electron energy -8.468875 + phonon energy 0.000000 | electron momentum kIdx = 0
	Nq(0) = 16,	Nq(1) = 0.0625034,	Nq(2) = 0.109912,	Nq(3) = 0.0625034,	Nq(4) = 0.0625034,	Nq(5) = 0.109912,	Nq(6) = 0.152438,	Nq(7) = 0.109912,	Nq(8) = 0.109912,	Nq(9) = 0.152438,	Nq(10) = 0.1925,	Nq(11) = 0.152438,	Nq(12) = 0.0625034,	Nq(13) = 0.109912,	Nq(14) = 0.152438,	Nq(15) = 0.109912,	Sq(0) = 1.02167e-18,	Sq(1) = 0.412873,	Sq(2) = 0.641315,	Sq(3) = 0.412873,	Sq(4) = 0.412873,	Sq(5) = 0.641315,	Sq(6) = 0.93882,	Sq(7) = 0.641315,	Sq(8) = 0.641315,	Sq(9) = 0.93882,	Sq(10) = 5.0336,	Sq(11) = 0.93882,	Sq(12) = 0.412873,	Sq(13) = 0.641315,	Sq(14) = 0.93882,	Sq(15) = 0.641315,	N(0) = 1.77534,	N(1) = 1.56957,	N(2) = 1,	N(3) = 1.56957,	N(4) = 1.56957,	N(5) = 1,	N(6) = 0.430429,	N(7) = 1,	N(8) = 1,	N(9) = 0.430429,	N(10) = 0.224665,	N(11) = 0.430429,	N(12) = 1.56957,	N(13) = 1,	N(14) = 0.430429,	N(15) = 1,	Delta[s](0) = 0.0828616,	Delta[s](1) = 0.0690953,	Delta[s](2) = 0.0544885,	Delta[s](3) = 0.0690953,	Delta[s](4) = 0.0690953,	Delta[s](5) = 0.0544885,	Delta[s](6) = 0.0382189,	Delta[s](7) = 0.0544885,	Delta[s](8) = 0.0544885,	Delta[s](9) = 0.0382189,	Delta[s](10) = 0.0168182,	Delta[s](11) = 0.0382189,	Delta[s](12) = 0.0690953,	Delta[s](13) = 0.0544885,	Delta[s](14) = 0.0382189,	Delta[s](15) = 0.0544885,	Delta[d](0) = 0.588501,	Delta[d](1) = 0.453063,	Delta[d](2) = 0.343389,	Delta[d](3) = 0.453063,	Delta[d](4) = 0.453063,	Delta[d](5) = 0.349558,	Delta[d](6) = 0.242949,	Delta[d](7) = 0.349558,	Delta[d](8) = 0.343389,	Delta[d](9) = 0.242949,	Delta[d](10) = 0.125694,	Delta[d](11) = 0.242949,	Delta[d](12) = 0.453063,	Delta[d](13) = 0.349558,	Delta[d](14) = 0.242949,	Delta[d](15) = 0.349558,	Delta[s+](0) = 0.613163,	Delta[s+](1) = 0.485456,	Delta[s+](2) = 0.343389,	Delta[s+](3) = 0.485456,	Delta[s+](4) = 0.485456,	Delta[s+](5) = 0.343389,	Delta[s+](6) = 0.203452,	Delta[s+](7) = 0.343389,	Delta[s+](8) = 0.343389,	Delta[s+](9) = 0.203452,	Delta[s+](10) = 0.0782017,	Delta[s+](11) = 0.203452,	Delta[s+](12) = 0.485456,	Delta[s+](13) = 0.343389,	Delta[s+](14) = 0.203452,	Delta[s+](15) = 0.343389
The 0-th iteration is completed.	|| time cost : 0h 10m 1.332s
********************************************************************************************************************
Start the 1 rounds of NGS-ED iteration
	effective electronic model is modified as: kinetic energy t = 0.910214
	                                           effective interaction Vq = [ -4.0288,-3.60771,-3.54805,-3.60771,-3.60771,-3.54805,-3.50863,-3.54805,-3.54805,-3.50863,-3.48013,-3.50863,-3.60771,-3.54805,-3.50863,-3.54805]
	PARPACK diagonalization completed after 60 matrix-vector product operations.
	iteration results: : total energy is -83.352921 | electron energy -83.357716 + phonon energy 0.004795 | electron momentum kIdx = 0
The 1-th iteration is completed.	|| time cost : 0h 7m 34.445s
********************************************************************************************************************
Start the 2 rounds of NGS-ED iteration
	effective electronic model is modified as: kinetic energy t = 0.85238
	                                           effective interaction Vq = [-4.19302,-4.09729,-4.00883,-4.09729,-4.09729,-4.00883,-4.00962,-4.00883,-4.00883,-4.00962,-3.96019,-4.00962,-4.09729,-4.00883,-4.00962,-4.00883]
	PARPACK diagonalization completed after 75 matrix-vector product operations.
	iteration results: : total energy is -87.685589 | electron energy -87.727037 + phonon energy 0.041448 | electron momentum kIdx = 0
The 2-th iteration is completed.	|| time cost : 0h 1m 6.573s
********************************************************************************************************************
Start the 3 rounds of NGS-ED iteration
	effective electronic model is modified as: kinetic energy t = 0.830582
	                                           effective interaction Vq = [-4.19972,-4.15737,-4.13389,-4.15737,-4.15737,-4.13389,-4.09007,-4.13389,-4.13389,-4.09007,-4.03152,-4.09007,-4.15737,-4.13389,-4.09007,-4.13389]
	PARPACK diagonalization completed after 60 matrix-vector product operations.
	iteration results: : total energy is -88.142929 | electron energy -88.203435 + phonon energy 0.060506 | electron momentum kIdx = 0
The 3-th iteration is completed.	|| time cost : 0h 0m 57.829s
********************************************************************************************************************
Start the 4 rounds of NGS-ED iteration
	effective electronic model is modified as: kinetic energy t = 0.823142
	                                           effective interaction Vq = [-4.19999,-4.16559,-4.15955,-4.16559,-4.16559,-4.15955,-4.10438,-4.15955,-4.15955,-4.10438,-4.10119,-4.10438,-4.16559,-4.15955,-4.10438,-4.15955]
	PARPACK diagonalization completed after 45 matrix-vector product operations.
	iteration results: : total energy is -88.184739 | electron energy -88.252573 + phonon energy 0.067834 | electron momentum kIdx = 0
The 4-th iteration is completed.	|| time cost : 0h 0m 49.594s
********************************************************************************************************************
Start the 5 rounds of NGS-ED iteration
	effective electronic model is modified as: kinetic energy t = 0.821671
	                                           effective interaction Vq = [    -4.2,-4.16681,-4.16378,-4.16681,-4.16681,-4.16378,-4.10673,-4.16378,-4.16378,-4.10673,-4.11503,-4.10673,-4.16681,-4.16378,-4.10673,-4.16378]
	PARPACK diagonalization completed after 30 matrix-vector product operations.
	iteration results: : total energy is -88.186558 | electron energy -88.256449 + phonon energy 0.069891 | electron momentum kIdx = 0
The 5-th iteration is completed.	|| time cost : 0h 0m 40.678s
********************************************************************************************************************
Start the 6 rounds of NGS-ED iteration
	effective electronic model is modified as: kinetic energy t = 0.82138
	                                           effective interaction Vq = [    -4.2,-4.16699,-4.16456,-4.16699,-4.16699,-4.16456,-4.10712,-4.16456,-4.16456,-4.10712,-4.11808,-4.10712,-4.16699,-4.16456,-4.10712,-4.16456]
	PARPACK diagonalization completed after 30 matrix-vector product operations.
	iteration results: : total energy is -88.186637 | electron energy -88.256973 + phonon energy 0.070336 | electron momentum kIdx = 0
The 6-th iteration is completed.	|| time cost : 0h 0m 40.797s
********************************************************************************************************************
Start the 7 rounds of NGS-ED iteration
	effective electronic model is modified as: kinetic energy t = 0.821323
	                                           effective interaction Vq = [    -4.2,-4.16702, -4.1647,-4.16702,-4.16702, -4.1647,-4.10719, -4.1647, -4.1647,-4.10719,-4.11877,-4.10719,-4.16702, -4.1647,-4.10719, -4.1647]
	PARPACK diagonalization completed after 30 matrix-vector product operations.
	iteration results: : total energy is -88.186640 | electron energy -88.257068 + phonon energy 0.070428 | electron momentum kIdx = 0
The 7-th iteration is completed.	|| time cost : 0h 0m 40.733s
********************************************************************************************************************
Start the 8 rounds of NGS-ED iteration
	effective electronic model is modified as: kinetic energy t = 0.821311
	                                           effective interaction Vq = [    -4.2,-4.16702,-4.16473,-4.16702,-4.16702,-4.16473, -4.1072,-4.16473,-4.16473, -4.1072,-4.11893, -4.1072,-4.16702,-4.16473, -4.1072,-4.16473]
	PARPACK diagonalization completed after 30 matrix-vector product operations.
	iteration results: : total energy is -88.186641 | electron energy -88.257088 + phonon energy 0.070447 | electron momentum kIdx = 0
The 8-th iteration is completed.	|| time cost : 0h 0m 41.009s
********************************************************************************************************************
Start the 9 rounds of NGS-ED iteration
	effective electronic model is modified as: kinetic energy t = 0.821309
	                                           effective interaction Vq = [    -4.2,-4.16702,-4.16474,-4.16702,-4.16702,-4.16474, -4.1072,-4.16474,-4.16474, -4.1072,-4.11897, -4.1072,-4.16702,-4.16474, -4.1072,-4.16474]
	PARPACK diagonalization completed after 30 matrix-vector product operations.
	iteration results: : total energy is -88.186641 | electron energy -88.257092 + phonon energy 0.070451 | electron momentum kIdx = 0
The 9-th iteration is completed.	|| time cost : 0h 0m 40.878s
********************************************************************************************************************
Start the 10 rounds of NGS-ED iteration
	effective electronic model is modified as: kinetic energy t = 0.821308
	                                           effective interaction Vq = [    -4.2,-4.16702,-4.16474,-4.16702,-4.16702,-4.16474, -4.1072,-4.16474,-4.16474, -4.1072,-4.11898, -4.1072,-4.16702,-4.16474, -4.1072,-4.16474]
	PARPACK diagonalization completed after 30 matrix-vector product operations.
	iteration results: : total energy is -88.186641 | electron energy -88.257093 + phonon energy 0.070452 | electron momentum kIdx = 0
	Nq(0) = 16,	Nq(1) = 0.38905,	Nq(2) = 0.738238,	Nq(3) = 0.38905,	Nq(4) = 0.38905,	Nq(5) = 0.738238,	Nq(6) = 0.633503,	Nq(7) = 0.738238,	Nq(8) = 0.738238,	Nq(9) = 0.633503,	Nq(10) = 0.901231,	Nq(11) = 0.633503,	Nq(12) = 0.38905,	Nq(13) = 0.738238,	Nq(14) = 0.633503,	Nq(15) = 0.738238,	Sq(0) = -8.55484e-18,	Sq(1) = 0.351293,	Sq(2) = 0.366839,	Sq(3) = 0.351293,	Sq(4) = 0.351293,	Sq(5) = 0.366839,	Sq(6) = 0.590913,	Sq(7) = 0.366839,	Sq(8) = 0.366839,	Sq(9) = 0.590913,	Sq(10) = 0.609269,	Sq(11) = 0.590913,	Sq(12) = 0.351293,	Sq(13) = 0.366839,	Sq(14) = 0.590913,	Sq(15) = 0.366839,	N(0) = 1.99949,	N(1) = 1.99852,	N(2) = 1,	N(3) = 1.99852,	N(4) = 1.99852,	N(5) = 1,	N(6) = 0.0014798,	N(7) = 1,	N(8) = 1,	N(9) = 0.0014798,	N(10) = 0.000508969,	N(11) = 0.0014798,	N(12) = 1.99852,	N(13) = 1,	N(14) = 0.0014798,	N(15) = 1,	Delta[s](0) = 0.647337,	Delta[s](1) = 0.307299,	Delta[s](2) = 0.267663,	Delta[s](3) = 0.307299,	Delta[s](4) = 0.307299,	Delta[s](5) = 0.267663,	Delta[s](6) = 0.246979,	Delta[s](7) = 0.267663,	Delta[s](8) = 0.267663,	Delta[s](9) = 0.246979,	Delta[s](10) = 0.240011,	Delta[s](11) = 0.246979,	Delta[s](12) = 0.307299,	Delta[s](13) = 0.267663,	Delta[s](14) = 0.246979,	Delta[s](15) = 0.267663,	Delta[d](0) = 0.335402,	Delta[d](1) = 0.279613,	Delta[d](2) = 0.255832,	Delta[d](3) = 0.279613,	Delta[d](4) = 0.279613,	Delta[d](5) = 0.248349,	Delta[d](6) = 0.235488,	Delta[d](7) = 0.248349,	Delta[d](8) = 0.255832,	Delta[d](9) = 0.235488,	Delta[d](10) = 0.161234,	Delta[d](11) = 0.235488,	Delta[d](12) = 0.279613,	Delta[d](13) = 0.248349,	Delta[d](14) = 0.235488,	Delta[d](15) = 0.248349,	Delta[s+](0) = 0.468038,	Delta[s+](1) = 0.383201,	Delta[s+](2) = 0.255832,	Delta[s+](3) = 0.383201,	Delta[s+](4) = 0.383201,	Delta[s+](5) = 0.255832,	Delta[s+](6) = 0.126282,	Delta[s+](7) = 0.255832,	Delta[s+](8) = 0.255832,	Delta[s+](9) = 0.126282,	Delta[s+](10) = 0.0410845,	Delta[s+](11) = 0.126282,	Delta[s+](12) = 0.383201,	Delta[s+](13) = 0.255832,	Delta[s+](14) = 0.126282,	Delta[s+](15) = 0.255832
The 10-th iteration is completed.	|| time cost : 0h 6m 20.24s
********************************************************************************************************************
Start the 11 rounds of NGS-ED iteration
	effective electronic model is modified as: kinetic energy t = 0.821308
	                                           effective interaction Vq = [    -4.2,-4.16702,-4.16474,-4.16702,-4.16702,-4.16474, -4.1072,-4.16474,-4.16474, -4.1072,-4.11898, -4.1072,-4.16702,-4.16474, -4.1072,-4.16474]
	PARPACK diagonalization completed after 30 matrix-vector product operations.
	iteration results: : total energy is -88.186641 | electron energy -88.257093 + phonon energy 0.070452 | electron momentum kIdx = 0
	Nq(0) = 16,	Nq(1) = 0.38905,	Nq(2) = 0.738238,	Nq(3) = 0.38905,	Nq(4) = 0.38905,	Nq(5) = 0.738238,	Nq(6) = 0.633503,	Nq(7) = 0.738238,	Nq(8) = 0.738238,	Nq(9) = 0.633503,	Nq(10) = 0.901232,	Nq(11) = 0.633503,	Nq(12) = 0.38905,	Nq(13) = 0.738238,	Nq(14) = 0.633503,	Nq(15) = 0.738238,	Sq(0) = -5.41703e-19,	Sq(1) = 0.351293,	Sq(2) = 0.366839,	Sq(3) = 0.351293,	Sq(4) = 0.351293,	Sq(5) = 0.366839,	Sq(6) = 0.590913,	Sq(7) = 0.366839,	Sq(8) = 0.366839,	Sq(9) = 0.590913,	Sq(10) = 0.609269,	Sq(11) = 0.590913,	Sq(12) = 0.351293,	Sq(13) = 0.366839,	Sq(14) = 0.590913,	Sq(15) = 0.366839,	N(0) = 1.99949,	N(1) = 1.99852,	N(2) = 1,	N(3) = 1.99852,	N(4) = 1.99852,	N(5) = 1,	N(6) = 0.00147981,	N(7) = 1,	N(8) = 1,	N(9) = 0.00147981,	N(10) = 0.000508971,	N(11) = 0.00147981,	N(12) = 1.99852,	N(13) = 1,	N(14) = 0.00147981,	N(15) = 1,	Delta[s](0) = 0.647337,	Delta[s](1) = 0.307299,	Delta[s](2) = 0.267663,	Delta[s](3) = 0.307299,	Delta[s](4) = 0.307299,	Delta[s](5) = 0.267663,	Delta[s](6) = 0.246979,	Delta[s](7) = 0.267663,	Delta[s](8) = 0.267663,	Delta[s](9) = 0.246979,	Delta[s](10) = 0.240011,	Delta[s](11) = 0.246979,	Delta[s](12) = 0.307299,	Delta[s](13) = 0.267663,	Delta[s](14) = 0.246979,	Delta[s](15) = 0.267663,	Delta[d](0) = 0.335402,	Delta[d](1) = 0.279613,	Delta[d](2) = 0.255832,	Delta[d](3) = 0.279613,	Delta[d](4) = 0.279613,	Delta[d](5) = 0.248349,	Delta[d](6) = 0.235488,	Delta[d](7) = 0.248349,	Delta[d](8) = 0.255832,	Delta[d](9) = 0.235488,	Delta[d](10) = 0.161234,	Delta[d](11) = 0.235488,	Delta[d](12) = 0.279613,	Delta[d](13) = 0.248349,	Delta[d](14) = 0.235488,	Delta[d](15) = 0.248349,	Delta[s+](0) = 0.468038,	Delta[s+](1) = 0.383201,	Delta[s+](2) = 0.255832,	Delta[s+](3) = 0.383201,	Delta[s+](4) = 0.383201,	Delta[s+](5) = 0.255832,	Delta[s+](6) = 0.126282,	Delta[s+](7) = 0.255832,	Delta[s+](8) = 0.255832,	Delta[s+](9) = 0.126282,	Delta[s+](10) = 0.0410845,	Delta[s+](11) = 0.126282,	Delta[s+](12) = 0.383201,	Delta[s+](13) = 0.255832,	Delta[s+](14) = 0.126282,	Delta[s+](15) = 0.255832
The 11-th iteration is completed.	|| time cost : 0h 6m 15.868s
********************************************************************************************************************
********************************************************************************************************************
Ground state is obtained after 12 iterations. The current ground-state energy is -88.1866, in which electron energy is -88.2571 and phonon energy is 0.0704522
final variational state is: 
	Gamma_x = [      1,1.01663,1.03278,1.01663,1.01663,1.03278,1.04297,1.03278,1.03278,1.04297,1.05819,1.04297,1.01663,1.03278,1.04297,1.03278]
	lambda_q = [0.512348,0.466949,0.465402,0.466949,0.466949,0.465402,0.436189,0.465402,0.465402,0.436189,0.441188,0.436189,0.466949,0.465402,0.436189,0.465402]
********************************************************************************************************************
o___o  ----------------------------------------
| L |	Time since last clock: 0h 0m 0s
A===A	Time since the beginning: 0h 36m 29.983s
***********************************************


Non-Gaussina ED ground state calculation is completed. The final ground-state energy is -88.1866
********************************************************************************************************************
o___o  ----------------------------------------
| L |	Time since last clock: 0h 0m 0.008s
A===A	Time since the beginning: 0h 36m 29.991s
***********************************************



********************************************************************************************************************
All non-Gaussian ED ground state calculations have been completed. Exit now.
