SNEDics v3.22.2 Non-Gaussian ED ground state program		Start at Fri Jun  3 01:30:56 2022

Parallelization: 32 MPI threads  * 8 OpenMP threads = 256 total threads.
********************************************************************************************************************
********************************************************************************************************************

********************************************************************************************************************
System parameters and configurations
	special program options are enabled: splitted diagonal Hamiltonian | splitted Hamiltonian terms
********************************************************************************************************************
Read input file "model_params.in"
	Hubbard-Holstein model parameters : 	t = 1    t' = -0.3    U = 8    g = 0.55    W = 0.2    g' = 0.1    
********************************************************************************************************************
Read input file "hilbertspace_params.in"
	Requested 16-site 2D lattice, with 8 electrons (4, 4)
	Boundary : Periodic		Hilbert space representation : momentum-space (restricted to kIdx = 0)
	Conservation: particle number[U(1)]      spin[U(1)]     momentum
********************************************************************************************************************

Cluster Positions:				Cluster symmetry group : D4
 x ... x ... x ... x .....                       x ... x ... x ... x .....
 |           |           :                       |           |           :
 |           |           :                       |           |           :
12    13    14    15     x                       1     5     6     5     x
 |           |           :                       |           |           :
 |           |           :                       |           |           :
 8 --- 9 ---10 ---11 --- x                       2 --- 6 ---10 --- 6 --- x
 |           |           :                       |           |           :
 |           |           :                       |           |           :
 4     5     6     7     x                       1     5     6     5     x
 |           |           :                       |           |           :
 |           |           :                       |           |           :
 0 --- 1 --- 2 --- 3 --- x                       0 --- 1 --- 2 --- 1 --- x
orbital number : 1
********************************************************************************************************************
Read input file "obs_params.in"
	Observable Type : Nq(All),   Sq(All),   N(All-Orbital),   Delta[s](All),   Delta[d](All),   Delta[s+](All)
** WARNING ** the input observables have non-local factors which have been reinterpreted. The total observable number is 96
********************************************************************************************************************


********************************************************************************************************************
Start calculating the non-Gaussian ED ground state
Maximal iteration number is 1000; energy resolution is 1e-06. Phonon state relaxation time is 2000
W = 0.2 is relatively large. The non-Gaussian ED calculation starts directly.
open output files: NGSED_iteration_observables.txt
********************************************************************************************************************
Start the 0 rounds of NGS-ED iteration
	effective electronic model is modified as: kinetic energy t = 1, t' = -0.3
	                                           effective interaction Vq = [0,0,0,0,0,0,0,0,0,0,0,0,0,0,0,0]
	first Hamiltonian is constructed, size = 207184 and non-zero numbers = 32252562
	PARPACK diagonalization completed after 120 matrix-vector product operations.
	iteration results: : total energy is -14.600323 | electron energy -14.600323 + phonon energy 0.000000 | electron momentum kIdx = 0
	Nq(0) = 4,	Nq(1) = 0.197198,	Nq(2) = 0.25408,	Nq(3) = 0.197198,	Nq(4) = 0.197198,	Nq(5) = 0.267076,	
	Nq(6) = 0.353825,	Nq(7) = 0.267076,	Nq(8) = 0.25408,	Nq(9) = 0.353825,	Nq(10) = 0.466428,	
	Nq(11) = 0.353825,	Nq(12) = 0.197198,	Nq(13) = 0.267076,	Nq(14) = 0.353825,	Nq(15) = 0.267076;	
	Sq(0) = 8.19558e-19,	Sq(1) = 0.482052,	Sq(2) = 0.340779,	Sq(3) = 0.482052,	Sq(4) = 0.482052,	
	Sq(5) = 0.566062,	Sq(6) = 0.591821,	Sq(7) = 0.566062,	Sq(8) = 0.340779,	Sq(9) = 0.591821,	
	Sq(10) = 0.511715,	Sq(11) = 0.591821,	Sq(12) = 0.482052,	Sq(13) = 0.566062,	Sq(14) = 0.591821,	
	Sq(15) = 0.566062;	N(0) = 1.72489,	N(1) = 1.32099,	N(2) = 0.213478,	N(3) = 1.32099,	
	N(4) = 1.32099,	N(5) = 0.105651,	N(6) = 0.0323985,	N(7) = 0.105651,	N(8) = 0.213478,	
	N(9) = 0.0323985,	N(10) = 0.0120143,	N(11) = 0.0323985,	N(12) = 1.32099,	N(13) = 0.105651,	
	N(14) = 0.0323985,	N(15) = 0.105651;	Delta[s](0) = 0.0218488,	Delta[s](1) = 0.0126506,	Delta[s](2) = 0.00919223,	
	Delta[s](3) = 0.0126506,	Delta[s](4) = 0.0126506,	Delta[s](5) = 0.00660683,	Delta[s](6) = 0.00142,	Delta[s](7) = 0.00660683,	
	Delta[s](8) = 0.00919223,	Delta[s](9) = 0.00142,	Delta[s](10) = 0.000549918,	Delta[s](11) = 0.00142,	Delta[s](12) = 0.0126506,	
	Delta[s](13) = 0.00660683,	Delta[s](14) = 0.00142,	Delta[s](15) = 0.00660683;	Delta[d](0) = 0.18698,	Delta[d](1) = 0.0633191,	
	Delta[d](2) = 0.0831174,	Delta[d](3) = 0.0633191,	Delta[d](4) = 0.0633191,	Delta[d](5) = 0.0528261,	Delta[d](6) = 0.0284618,	
	Delta[d](7) = 0.0528261,	Delta[d](8) = 0.0831174,	Delta[d](9) = 0.0284618,	Delta[d](10) = 0.0128224,	Delta[d](11) = 0.0284618,	
	Delta[d](12) = 0.0633191,	Delta[d](13) = 0.0528261,	Delta[d](14) = 0.0284618,	Delta[d](15) = 0.0528261;	Delta[s+](0) = 0.338702,	
	Delta[s+](1) = 0.189423,	Delta[s+](2) = 0.0831174,	Delta[s+](3) = 0.189423,	Delta[s+](4) = 0.189423,	Delta[s+](5) = 0.063495,	
	Delta[s+](6) = 0.00571948,	Delta[s+](7) = 0.063495,	Delta[s+](8) = 0.0831174,	Delta[s+](9) = 0.00571948,	Delta[s+](10) = 0.000869621,	
	Delta[s+](11) = 0.00571948,	Delta[s+](12) = 0.189423,	Delta[s+](13) = 0.063495,	Delta[s+](14) = 0.00571948,	Delta[s+](15) = 0.063495
	
The 0-th iteration is completed.	|| time cost : 0h 0m 4.93s
********************************************************************************************************************
Start the 1 rounds of NGS-ED iteration
	effective electronic model is modified as: kinetic energy t = 0.966097, t' = -0.282997
	                                           effective interaction Vq = [    -4.5125,  -0.795782,  -0.208165,  -0.795782,  -0.795782,  -0.198626, -0.0609063,  -0.198626,  -0.208165, -0.0609063,-0.00968117, -0.0609063,  -0.795782,  -0.198626, -0.0609063,  -0.198626]
	PARPACK diagonalization completed after 45 matrix-vector product operations.
	iteration results: : total energy is -33.122855 | electron energy -33.237136 + phonon energy 0.114281 | electron momentum kIdx = 0
The 1-th iteration is completed.	|| time cost : 0h 0m 3.471s
********************************************************************************************************************
Start the 2 rounds of NGS-ED iteration
	effective electronic model is modified as: kinetic energy t = 0.955545, t' = -0.276775
	                                           effective interaction Vq = [    -4.5125,   -1.08706,  -0.210524,   -1.08706,   -1.08706,  -0.198628, -0.0586962,  -0.198628,  -0.210524, -0.0586962,-0.00895404, -0.0586962,   -1.08706,  -0.198628, -0.0586962,  -0.198628]
	PARPACK diagonalization completed after 45 matrix-vector product operations.
	iteration results: : total energy is -33.149441 | electron energy -33.361061 + phonon energy 0.211619 | electron momentum kIdx = 0
The 2-th iteration is completed.	|| time cost : 0h 0m 0.833s
********************************************************************************************************************
Start the 3 rounds of NGS-ED iteration
	effective electronic model is modified as: kinetic energy t = 0.949346, t' = -0.273145
	                                           effective interaction Vq = [    -4.5125,   -1.25263,  -0.209169,   -1.25263,   -1.25263,  -0.196673, -0.0579849,  -0.196673,  -0.209169, -0.0579849,-0.00875685, -0.0579849,   -1.25263,  -0.196673, -0.0579849,  -0.196673]
	PARPACK diagonalization completed after 45 matrix-vector product operations.
	iteration results: : total energy is -33.158363 | electron energy -33.434998 + phonon energy 0.276635 | electron momentum kIdx = 0
The 3-th iteration is completed.	|| time cost : 0h 0m 0.842s
********************************************************************************************************************
Start the 4 rounds of NGS-ED iteration
	effective electronic model is modified as: kinetic energy t = 0.9453, t' = -0.270791
	                                           effective interaction Vq = [    -4.5125,    -1.3565,  -0.208234,    -1.3565,    -1.3565,  -0.195451, -0.0575776,  -0.195451,  -0.208234, -0.0575776,-0.00864518, -0.0575776,    -1.3565,  -0.195451, -0.0575776,  -0.195451]
	PARPACK diagonalization completed after 45 matrix-vector product operations.
	iteration results: : total energy is -33.162081 | electron energy -33.482834 + phonon energy 0.320753 | electron momentum kIdx = 0
The 4-th iteration is completed.	|| time cost : 0h 0m 0.845s
********************************************************************************************************************
Start the 5 rounds of NGS-ED iteration
	effective electronic model is modified as: kinetic energy t = 0.94259, t' = -0.269222
	                                           effective interaction Vq = [    -4.5125,    -1.4241,  -0.207611,    -1.4241,    -1.4241,  -0.194654, -0.0573142,  -0.194654,  -0.207611, -0.0573142,-0.00857455, -0.0573142,    -1.4241,  -0.194654, -0.0573142,  -0.194654]
	PARPACK diagonalization completed after 45 matrix-vector product operations.
	iteration results: : total energy is -33.163733 | electron energy -33.514510 + phonon energy 0.350777 | electron momentum kIdx = 0
The 5-th iteration is completed.	|| time cost : 0h 0m 0.848s
********************************************************************************************************************
Start the 6 rounds of NGS-ED iteration
	effective electronic model is modified as: kinetic energy t = 0.940763, t' = -0.268167
	                                           effective interaction Vq = [    -4.5125,   -1.46879,  -0.207188,   -1.46879,   -1.46879,   -0.19412, -0.0571389,   -0.19412,  -0.207188, -0.0571389,-0.00852829, -0.0571389,   -1.46879,   -0.19412, -0.0571389,   -0.19412]
	PARPACK diagonalization completed after 45 matrix-vector product operations.
	iteration results: : total energy is -33.164481 | electron energy -33.535661 + phonon energy 0.371180 | electron momentum kIdx = 0
The 6-th iteration is completed.	|| time cost : 0h 0m 0.849s
********************************************************************************************************************
Start the 7 rounds of NGS-ED iteration
	effective electronic model is modified as: kinetic energy t = 0.939529, t' = -0.267455
	                                           effective interaction Vq = [    -4.5125,   -1.49854,  -0.206899,   -1.49854,   -1.49854,  -0.193758, -0.0570212,  -0.193758,  -0.206899, -0.0570212,-0.00849758, -0.0570212,   -1.49854,  -0.193758, -0.0570212,  -0.193758]
	PARPACK diagonalization completed after 45 matrix-vector product operations.
	iteration results: : total energy is -33.164821 | electron energy -33.549830 + phonon energy 0.385009 | electron momentum kIdx = 0
The 7-th iteration is completed.	|| time cost : 0h 0m 0.824s
********************************************************************************************************************
Start the 8 rounds of NGS-ED iteration
	effective electronic model is modified as: kinetic energy t = 0.938697, t' = -0.266976
	                                           effective interaction Vq = [    -4.5125,   -1.51842,  -0.206702,   -1.51842,   -1.51842,  -0.193514,  -0.056942,  -0.193514,  -0.206702,  -0.056942,-0.00847706,  -0.056942,   -1.51842,  -0.193514,  -0.056942,  -0.193514]
	PARPACK diagonalization completed after 45 matrix-vector product operations.
	iteration results: : total energy is -33.164975 | electron energy -33.559332 + phonon energy 0.394357 | electron momentum kIdx = 0
The 8-th iteration is completed.	|| time cost : 0h 0m 0.852s
********************************************************************************************************************
Start the 9 rounds of NGS-ED iteration
	effective electronic model is modified as: kinetic energy t = 0.938136, t' = -0.266653
	                                           effective interaction Vq = [    -4.5125,   -1.53173,  -0.206568,   -1.53173,   -1.53173,  -0.193348, -0.0568887,  -0.193348,  -0.206568, -0.0568887,-0.00846333, -0.0568887,   -1.53173,  -0.193348, -0.0568887,  -0.193348]
	PARPACK diagonalization completed after 45 matrix-vector product operations.
	iteration results: : total energy is -33.165045 | electron energy -33.565707 + phonon energy 0.400662 | electron momentum kIdx = 0
The 9-th iteration is completed.	|| time cost : 0h 0m 0.847s
********************************************************************************************************************
Start the 10 rounds of NGS-ED iteration
	effective electronic model is modified as: kinetic energy t = 0.937759, t' = -0.266436
	                                           effective interaction Vq = [    -4.5125,   -1.54064,  -0.206477,   -1.54064,   -1.54064,  -0.193237, -0.0568528,  -0.193237,  -0.206477, -0.0568528,-0.00845412, -0.0568528,   -1.54064,  -0.193237, -0.0568528,  -0.193237]
	PARPACK diagonalization completed after 45 matrix-vector product operations.
	iteration results: : total energy is -33.165077 | electron energy -33.569985 + phonon energy 0.404908 | electron momentum kIdx = 0
The 10-th iteration is completed.	|| time cost : 0h 0m 0.838s
********************************************************************************************************************
Start the 11 rounds of NGS-ED iteration
	effective electronic model is modified as: kinetic energy t = 0.937505, t' = -0.26629
	                                           effective interaction Vq = [    -4.5125,   -1.54662,  -0.206416,   -1.54662,   -1.54662,  -0.193161, -0.0568287,  -0.193161,  -0.206416, -0.0568287,-0.00844794, -0.0568287,   -1.54662,  -0.193161, -0.0568287,  -0.193161]
	PARPACK diagonalization completed after 45 matrix-vector product operations.
	iteration results: : total energy is -33.165091 | electron energy -33.572856 + phonon energy 0.407765 | electron momentum kIdx = 0
The 11-th iteration is completed.	|| time cost : 0h 0m 0.852s
********************************************************************************************************************
Start the 12 rounds of NGS-ED iteration
	effective electronic model is modified as: kinetic energy t = 0.937334, t' = -0.266192
	                                           effective interaction Vq = [   -4.5125,  -1.55063, -0.206375,  -1.55063,  -1.55063, -0.193111,-0.0568125, -0.193111, -0.206375,-0.0568125,-0.0084438,-0.0568125,  -1.55063, -0.193111,-0.0568125, -0.193111]
	PARPACK diagonalization completed after 30 matrix-vector product operations.
	iteration results: : total energy is -33.165098 | electron energy -33.574782 + phonon energy 0.409685 | electron momentum kIdx = 0
The 12-th iteration is completed.	|| time cost : 0h 0m 0.737s
********************************************************************************************************************
Start the 13 rounds of NGS-ED iteration
	effective electronic model is modified as: kinetic energy t = 0.93722, t' = -0.266126
	                                           effective interaction Vq = [    -4.5125,   -1.55332,  -0.206347,   -1.55332,   -1.55332,  -0.193077, -0.0568017,  -0.193077,  -0.206347, -0.0568017,-0.00844102, -0.0568017,   -1.55332,  -0.193077, -0.0568017,  -0.193077]
	PARPACK diagonalization completed after 30 matrix-vector product operations.
	iteration results: : total energy is -33.165101 | electron energy -33.576075 + phonon energy 0.410974 | electron momentum kIdx = 0
The 13-th iteration is completed.	|| time cost : 0h 0m 0.789s
********************************************************************************************************************
Start the 14 rounds of NGS-ED iteration
	effective electronic model is modified as: kinetic energy t = 0.937143, t' = -0.266082
	                                           effective interaction Vq = [    -4.5125,   -1.55512,  -0.206329,   -1.55512,   -1.55512,  -0.193054, -0.0567944,  -0.193054,  -0.206329, -0.0567944,-0.00843916, -0.0567944,   -1.55512,  -0.193054, -0.0567944,  -0.193054]
	PARPACK diagonalization completed after 30 matrix-vector product operations.
	iteration results: : total energy is -33.165102 | electron energy -33.576942 + phonon energy 0.411840 | electron momentum kIdx = 0
The 14-th iteration is completed.	|| time cost : 0h 0m 0.791s
********************************************************************************************************************
Start the 15 rounds of NGS-ED iteration
	effective electronic model is modified as: kinetic energy t = 0.937091, t' = -0.266052
	                                           effective interaction Vq = [    -4.5125,   -1.55633,  -0.206316,   -1.55633,   -1.55633,  -0.193039, -0.0567895,  -0.193039,  -0.206316, -0.0567895,-0.00843791, -0.0567895,   -1.55633,  -0.193039, -0.0567895,  -0.193039]
	PARPACK diagonalization completed after 30 matrix-vector product operations.
	iteration results: : total energy is -33.165103 | electron energy -33.577524 + phonon energy 0.412422 | electron momentum kIdx = 0
The 15-th iteration is completed.	|| time cost : 0h 0m 0.802s
********************************************************************************************************************
Start the 16 rounds of NGS-ED iteration
	effective electronic model is modified as: kinetic energy t = 0.937057, t' = -0.266033
	                                           effective interaction Vq = [    -4.5125,   -1.55714,  -0.206308,   -1.55714,   -1.55714,  -0.193028, -0.0567862,  -0.193028,  -0.206308, -0.0567862,-0.00843707, -0.0567862,   -1.55714,  -0.193028, -0.0567862,  -0.193028]
	PARPACK diagonalization completed after 30 matrix-vector product operations.
	iteration results: : total energy is -33.165103 | electron energy -33.577915 + phonon energy 0.412812 | electron momentum kIdx = 0
The 16-th iteration is completed.	|| time cost : 0h 0m 0.791s
********************************************************************************************************************
Start the 17 rounds of NGS-ED iteration
	effective electronic model is modified as: kinetic energy t = 0.937033, t' = -0.266019
	                                           effective interaction Vq = [   -4.5125,  -1.55769, -0.206302,  -1.55769,  -1.55769, -0.193021, -0.056784, -0.193021, -0.206302, -0.056784,-0.0084365, -0.056784,  -1.55769, -0.193021, -0.056784, -0.193021]
	PARPACK diagonalization completed after 30 matrix-vector product operations.
	iteration results: : total energy is -33.165103 | electron energy -33.578177 + phonon energy 0.413074 | electron momentum kIdx = 0
The 17-th iteration is completed.	|| time cost : 0h 0m 0.782s
********************************************************************************************************************
Start the 18 rounds of NGS-ED iteration
	effective electronic model is modified as: kinetic energy t = 0.937018, t' = -0.26601
	                                           effective interaction Vq = [    -4.5125,   -1.55805,  -0.206298,   -1.55805,   -1.55805,  -0.193017, -0.0567825,  -0.193017,  -0.206298, -0.0567825,-0.00843613, -0.0567825,   -1.55805,  -0.193017, -0.0567825,  -0.193017]
	PARPACK diagonalization completed after 30 matrix-vector product operations.
	iteration results: : total energy is -33.165103 | electron energy -33.578352 + phonon energy 0.413249 | electron momentum kIdx = 0
The 18-th iteration is completed.	|| time cost : 0h 0m 0.791s
********************************************************************************************************************
Start the 19 rounds of NGS-ED iteration
	effective electronic model is modified as: kinetic energy t = 0.937007, t' = -0.266004
	                                           effective interaction Vq = [    -4.5125,    -1.5583,  -0.206296,    -1.5583,    -1.5583,  -0.193014, -0.0567815,  -0.193014,  -0.206296, -0.0567815,-0.00843587, -0.0567815,    -1.5583,  -0.193014, -0.0567815,  -0.193014]
	PARPACK diagonalization completed after 30 matrix-vector product operations.
	iteration results: : total energy is -33.165103 | electron energy -33.578470 + phonon energy 0.413367 | electron momentum kIdx = 0
The 19-th iteration is completed.	|| time cost : 0h 0m 0.792s
********************************************************************************************************************
Start the 20 rounds of NGS-ED iteration
	effective electronic model is modified as: kinetic energy t = 0.937, t' = -0.266
	                                           effective interaction Vq = [   -4.5125,  -1.55846, -0.206294,  -1.55846,  -1.55846, -0.193012,-0.0567808, -0.193012, -0.206294,-0.0567808,-0.0084357,-0.0567808,  -1.55846, -0.193012,-0.0567808, -0.193012]
	PARPACK diagonalization completed after 30 matrix-vector product operations.
	iteration results: : total energy is -33.165103 | electron energy -33.578549 + phonon energy 0.413446 | electron momentum kIdx = 0
The 20-th iteration is completed.	|| time cost : 0h 0m 0.79s
********************************************************************************************************************
Start the 21 rounds of NGS-ED iteration
	effective electronic model is modified as: kinetic energy t = 0.936996, t' = -0.265997
	                                           effective interaction Vq = [    -4.5125,   -1.55857,  -0.206293,   -1.55857,   -1.55857,   -0.19301, -0.0567804,   -0.19301,  -0.206293, -0.0567804,-0.00843559, -0.0567804,   -1.55857,   -0.19301, -0.0567804,   -0.19301]
	PARPACK diagonalization completed after 30 matrix-vector product operations.
	iteration results: : total energy is -33.165103 | electron energy -33.578602 + phonon energy 0.413499 | electron momentum kIdx = 0
The 21-th iteration is completed.	|| time cost : 0h 0m 0.797s
********************************************************************************************************************
Start the 22 rounds of NGS-ED iteration
	effective electronic model is modified as: kinetic energy t = 0.936992, t' = -0.265996
	                                           effective interaction Vq = [    -4.5125,   -1.55865,  -0.206292,   -1.55865,   -1.55865,  -0.193009, -0.0567801,  -0.193009,  -0.206292, -0.0567801,-0.00843551, -0.0567801,   -1.55865,  -0.193009, -0.0567801,  -0.193009]
	PARPACK diagonalization completed after 30 matrix-vector product operations.
	iteration results: : total energy is -33.165103 | electron energy -33.578638 + phonon energy 0.413535 | electron momentum kIdx = 0
The 22-th iteration is completed.	|| time cost : 0h 0m 0.793s
********************************************************************************************************************
Start the 23 rounds of NGS-ED iteration
	effective electronic model is modified as: kinetic energy t = 0.93699, t' = -0.265994
	                                           effective interaction Vq = [    -4.5125,    -1.5587,  -0.206292,    -1.5587,    -1.5587,  -0.193009, -0.0567799,  -0.193009,  -0.206292, -0.0567799,-0.00843546, -0.0567799,    -1.5587,  -0.193009, -0.0567799,  -0.193009]
	PARPACK diagonalization completed after 30 matrix-vector product operations.
	iteration results: : total energy is -33.165103 | electron energy -33.578662 + phonon energy 0.413559 | electron momentum kIdx = 0
The 23-th iteration is completed.	|| time cost : 0h 0m 0.77s
********************************************************************************************************************
Start the 24 rounds of NGS-ED iteration
	effective electronic model is modified as: kinetic energy t = 0.936989, t' = -0.265994
	                                           effective interaction Vq = [    -4.5125,   -1.55873,  -0.206291,   -1.55873,   -1.55873,  -0.193008, -0.0567798,  -0.193008,  -0.206291, -0.0567798,-0.00843543, -0.0567798,   -1.55873,  -0.193008, -0.0567798,  -0.193008]
	PARPACK diagonalization completed after 30 matrix-vector product operations.
	iteration results: : total energy is -33.165103 | electron energy -33.578678 + phonon energy 0.413575 | electron momentum kIdx = 0
The 24-th iteration is completed.	|| time cost : 0h 0m 0.794s
********************************************************************************************************************
Start the 25 rounds of NGS-ED iteration
	effective electronic model is modified as: kinetic energy t = 0.936988, t' = -0.265993
	                                           effective interaction Vq = [   -4.5125,  -1.55875, -0.206291,  -1.55875,  -1.55875, -0.193008,-0.0567797, -0.193008, -0.206291,-0.0567797,-0.0084354,-0.0567797,  -1.55875, -0.193008,-0.0567797, -0.193008]
	PARPACK diagonalization completed after 30 matrix-vector product operations.
	iteration results: : total energy is -33.165103 | electron energy -33.578689 + phonon energy 0.413586 | electron momentum kIdx = 0
The 25-th iteration is completed.	|| time cost : 0h 0m 0.795s
********************************************************************************************************************
Start the 26 rounds of NGS-ED iteration
	effective electronic model is modified as: kinetic energy t = 0.936987, t' = -0.265993
	                                           effective interaction Vq = [    -4.5125,   -1.55877,  -0.206291,   -1.55877,   -1.55877,  -0.193008, -0.0567796,  -0.193008,  -0.206291, -0.0567796,-0.00843539, -0.0567796,   -1.55877,  -0.193008, -0.0567796,  -0.193008]
	PARPACK diagonalization completed after 30 matrix-vector product operations.
	iteration results: : total energy is -33.165103 | electron energy -33.578696 + phonon energy 0.413593 | electron momentum kIdx = 0
The 26-th iteration is completed.	|| time cost : 0h 0m 0.795s
********************************************************************************************************************
Start the 27 rounds of NGS-ED iteration
	effective electronic model is modified as: kinetic energy t = 0.936987, t' = -0.265992
	                                           effective interaction Vq = [    -4.5125,   -1.55878,  -0.206291,   -1.55878,   -1.55878,  -0.193008, -0.0567796,  -0.193008,  -0.206291, -0.0567796,-0.00843538, -0.0567796,   -1.55878,  -0.193008, -0.0567796,  -0.193008]
	PARPACK diagonalization completed after 30 matrix-vector product operations.
	iteration results: : total energy is -33.165103 | electron energy -33.578701 + phonon energy 0.413598 | electron momentum kIdx = 0
The 27-th iteration is completed.	|| time cost : 0h 0m 0.79s
********************************************************************************************************************
Start the 28 rounds of NGS-ED iteration
	effective electronic model is modified as: kinetic energy t = 0.936987, t' = -0.265992
	                                           effective interaction Vq = [    -4.5125,   -1.55878,  -0.206291,   -1.55878,   -1.55878,  -0.193007, -0.0567795,  -0.193007,  -0.206291, -0.0567795,-0.00843537, -0.0567795,   -1.55878,  -0.193007, -0.0567795,  -0.193007]
	PARPACK diagonalization completed after 30 matrix-vector product operations.
	iteration results: : total energy is -33.165103 | electron energy -33.578704 + phonon energy 0.413601 | electron momentum kIdx = 0
The 28-th iteration is completed.	|| time cost : 0h 0m 0.794s
********************************************************************************************************************
Start the 29 rounds of NGS-ED iteration
	effective electronic model is modified as: kinetic energy t = 0.936986, t' = -0.265992
	                                           effective interaction Vq = [    -4.5125,   -1.55879,  -0.206291,   -1.55879,   -1.55879,  -0.193007, -0.0567795,  -0.193007,  -0.206291, -0.0567795,-0.00843537, -0.0567795,   -1.55879,  -0.193007, -0.0567795,  -0.193007]
	PARPACK diagonalization completed after 30 matrix-vector product operations.
	iteration results: : total energy is -33.165103 | electron energy -33.578706 + phonon energy 0.413603 | electron momentum kIdx = 0
The 29-th iteration is completed.	|| time cost : 0h 0m 0.795s
********************************************************************************************************************
Start the 30 rounds of NGS-ED iteration
	effective electronic model is modified as: kinetic energy t = 0.936986, t' = -0.265992
	                                           effective interaction Vq = [    -4.5125,   -1.55879,  -0.206291,   -1.55879,   -1.55879,  -0.193007, -0.0567795,  -0.193007,  -0.206291, -0.0567795,-0.00843536, -0.0567795,   -1.55879,  -0.193007, -0.0567795,  -0.193007]
	PARPACK diagonalization completed after 30 matrix-vector product operations.
	iteration results: : total energy is -33.165103 | electron energy -33.578708 + phonon energy 0.413605 | electron momentum kIdx = 0
The 30-th iteration is completed.	|| time cost : 0h 0m 0.786s
********************************************************************************************************************
Start the 31 rounds of NGS-ED iteration
	effective electronic model is modified as: kinetic energy t = 0.936986, t' = -0.265992
	                                           effective interaction Vq = [    -4.5125,   -1.55879,  -0.206291,   -1.55879,   -1.55879,  -0.193007, -0.0567795,  -0.193007,  -0.206291, -0.0567795,-0.00843536, -0.0567795,   -1.55879,  -0.193007, -0.0567795,  -0.193007]
	PARPACK diagonalization completed after 30 matrix-vector product operations.
	iteration results: : total energy is -33.165103 | electron energy -33.578709 + phonon energy 0.413606 | electron momentum kIdx = 0
The 31-th iteration is completed.	|| time cost : 0h 0m 0.766s
********************************************************************************************************************
Start the 32 rounds of NGS-ED iteration
	effective electronic model is modified as: kinetic energy t = 0.936986, t' = -0.265992
	                                           effective interaction Vq = [    -4.5125,   -1.55879,  -0.206291,   -1.55879,   -1.55879,  -0.193007, -0.0567795,  -0.193007,  -0.206291, -0.0567795,-0.00843536, -0.0567795,   -1.55879,  -0.193007, -0.0567795,  -0.193007]
	PARPACK diagonalization completed after 30 matrix-vector product operations.
	iteration results: : total energy is -33.165103 | electron energy -33.578709 + phonon energy 0.413606 | electron momentum kIdx = 0
The 32-th iteration is completed.	|| time cost : 0h 0m 0.806s
********************************************************************************************************************
Start the 33 rounds of NGS-ED iteration
	effective electronic model is modified as: kinetic energy t = 0.936986, t' = -0.265992
	                                           effective interaction Vq = [    -4.5125,    -1.5588,  -0.206291,    -1.5588,    -1.5588,  -0.193007, -0.0567795,  -0.193007,  -0.206291, -0.0567795,-0.00843536, -0.0567795,    -1.5588,  -0.193007, -0.0567795,  -0.193007]
	PARPACK diagonalization completed after 30 matrix-vector product operations.
	iteration results: : total energy is -33.165103 | electron energy -33.578710 + phonon energy 0.413607 | electron momentum kIdx = 0
The 33-th iteration is completed.	|| time cost : 0h 0m 0.777s
********************************************************************************************************************
Start the 34 rounds of NGS-ED iteration
	effective electronic model is modified as: kinetic energy t = 0.936986, t' = -0.265992
	                                           effective interaction Vq = [    -4.5125,    -1.5588,  -0.206291,    -1.5588,    -1.5588,  -0.193007, -0.0567795,  -0.193007,  -0.206291, -0.0567795,-0.00843536, -0.0567795,    -1.5588,  -0.193007, -0.0567795,  -0.193007]
	PARPACK diagonalization completed after 30 matrix-vector product operations.
	iteration results: : total energy is -33.165103 | electron energy -33.578710 + phonon energy 0.413607 | electron momentum kIdx = 0
The 34-th iteration is completed.	|| time cost : 0h 0m 0.756s
********************************************************************************************************************
Start the 35 rounds of NGS-ED iteration
	effective electronic model is modified as: kinetic energy t = 0.936986, t' = -0.265992
	                                           effective interaction Vq = [    -4.5125,    -1.5588,  -0.206291,    -1.5588,    -1.5588,  -0.193007, -0.0567795,  -0.193007,  -0.206291, -0.0567795,-0.00843536, -0.0567795,    -1.5588,  -0.193007, -0.0567795,  -0.193007]
	PARPACK diagonalization completed after 30 matrix-vector product operations.
	iteration results: : total energy is -33.165103 | electron energy -33.578710 + phonon energy 0.413607 | electron momentum kIdx = 0
The 35-th iteration is completed.	|| time cost : 0h 0m 0.789s
********************************************************************************************************************
Start the 36 rounds of NGS-ED iteration
	effective electronic model is modified as: kinetic energy t = 0.936986, t' = -0.265992
	                                           effective interaction Vq = [    -4.5125,    -1.5588,  -0.206291,    -1.5588,    -1.5588,  -0.193007, -0.0567795,  -0.193007,  -0.206291, -0.0567795,-0.00843536, -0.0567795,    -1.5588,  -0.193007, -0.0567795,  -0.193007]
	PARPACK diagonalization completed after 30 matrix-vector product operations.
	iteration results: : total energy is -33.165103 | electron energy -33.578710 + phonon energy 0.413607 | electron momentum kIdx = 0
The 36-th iteration is completed.	|| time cost : 0h 0m 0.79s
********************************************************************************************************************
Start the 37 rounds of NGS-ED iteration
	effective electronic model is modified as: kinetic energy t = 0.936986, t' = -0.265992
	                                           effective interaction Vq = [    -4.5125,    -1.5588,  -0.206291,    -1.5588,    -1.5588,  -0.193007, -0.0567795,  -0.193007,  -0.206291, -0.0567795,-0.00843536, -0.0567795,    -1.5588,  -0.193007, -0.0567795,  -0.193007]
	PARPACK diagonalization completed after 30 matrix-vector product operations.
	iteration results: : total energy is -33.165103 | electron energy -33.578711 + phonon energy 0.413607 | electron momentum kIdx = 0
The 37-th iteration is completed.	|| time cost : 0h 0m 0.792s
********************************************************************************************************************
Start the 38 rounds of NGS-ED iteration
	effective electronic model is modified as: kinetic energy t = 0.936986, t' = -0.265992
	                                           effective interaction Vq = [    -4.5125,    -1.5588,  -0.206291,    -1.5588,    -1.5588,  -0.193007, -0.0567795,  -0.193007,  -0.206291, -0.0567795,-0.00843536, -0.0567795,    -1.5588,  -0.193007, -0.0567795,  -0.193007]
	PARPACK diagonalization completed after 30 matrix-vector product operations.
	iteration results: : total energy is -33.165103 | electron energy -33.578711 + phonon energy 0.413607 | electron momentum kIdx = 0
	Nq(0) = 4,	Nq(1) = 0.275201,	Nq(2) = 0.244889,	Nq(3) = 0.275201,	Nq(4) = 0.275201,	Nq(5) = 0.255632,	
	Nq(6) = 0.324275,	Nq(7) = 0.255632,	Nq(8) = 0.244889,	Nq(9) = 0.324275,	Nq(10) = 0.396263,	
	Nq(11) = 0.324275,	Nq(12) = 0.275201,	Nq(13) = 0.255632,	Nq(14) = 0.324275,	Nq(15) = 0.255632;	
	Sq(0) = 7.62193e-19,	Sq(1) = 0.448578,	Sq(2) = 0.348807,	Sq(3) = 0.448578,	Sq(4) = 0.448578,	
	Sq(5) = 0.576667,	Sq(6) = 0.586717,	Sq(7) = 0.576667,	Sq(8) = 0.348807,	Sq(9) = 0.586717,	
	Sq(10) = 0.548065,	Sq(11) = 0.586717,	Sq(12) = 0.448578,	Sq(13) = 0.576667,	Sq(14) = 0.586717,	
	Sq(15) = 0.576667;	N(0) = 1.76714,	N(1) = 1.33783,	N(2) = 0.163521,	N(3) = 1.33783,	
	N(4) = 1.33783,	N(5) = 0.0860604,	N(6) = 0.0472959,	N(7) = 0.0860604,	N(8) = 0.163521,	
	N(9) = 0.0472959,	N(10) = 0.0210627,	N(11) = 0.0472959,	N(12) = 1.33783,	N(13) = 0.0860604,	
	N(14) = 0.0472959,	N(15) = 0.0860604;	Delta[s](0) = 0.025159,	Delta[s](1) = 0.0152096,	Delta[s](2) = 0.00985848,	
	Delta[s](3) = 0.0152096,	Delta[s](4) = 0.0152096,	Delta[s](5) = 0.0086405,	Delta[s](6) = 0.0029813,	Delta[s](7) = 0.0086405,	
	Delta[s](8) = 0.00985848,	Delta[s](9) = 0.0029813,	Delta[s](10) = 0.00103558,	Delta[s](11) = 0.0029813,	Delta[s](12) = 0.0152096,	
	Delta[s](13) = 0.0086405,	Delta[s](14) = 0.0029813,	Delta[s](15) = 0.0086405;	Delta[d](0) = 0.204672,	Delta[d](1) = 0.0668472,	
	Delta[d](2) = 0.0833792,	Delta[d](3) = 0.0668472,	Delta[d](4) = 0.0668472,	Delta[d](5) = 0.059147,	Delta[d](6) = 0.0327923,	
	Delta[d](7) = 0.059147,	Delta[d](8) = 0.0833792,	Delta[d](9) = 0.0327923,	Delta[d](10) = 0.0181243,	Delta[d](11) = 0.0327923,	
	Delta[d](12) = 0.0668472,	Delta[d](13) = 0.059147,	Delta[d](14) = 0.0327923,	Delta[d](15) = 0.059147;	Delta[s+](0) = 0.350162,	
	Delta[s+](1) = 0.199605,	Delta[s+](2) = 0.0833792,	Delta[s+](3) = 0.199605,	Delta[s+](4) = 0.199605,	Delta[s+](5) = 0.0705732,	
	Delta[s+](6) = 0.0108708,	Delta[s+](7) = 0.0705732,	Delta[s+](8) = 0.0833792,	Delta[s+](9) = 0.0108708,	Delta[s+](10) = 0.00189228,	
	Delta[s+](11) = 0.0108708,	Delta[s+](12) = 0.199605,	Delta[s+](13) = 0.0705732,	Delta[s+](14) = 0.0108708,	Delta[s+](15) = 0.0705732
	
The 38-th iteration is completed.	|| time cost : 0h 0m 2.988s
********************************************************************************************************************
********************************************************************************************************************
Ground state is obtained after 39 iterations. The current ground-state energy is -33.1651, in which electron energy is -33.5787 and phonon energy is 0.413607
Final variational state is: 
	Gamma_x = [      1,3.70483,1.27252,3.70483,3.70483,1.26627,1.09385,1.26627,1.27252,1.09385,1.01652,1.09385,3.70483,1.26627,1.09385,1.26627]
	lambda_q = [     4.75,   1.2463, 0.194409,   1.2463,   1.2463, 0.181447,0.0830859, 0.181447, 0.194409,0.0830859,0.0286657,0.0830859,   1.2463, 0.181447,0.0830859, 0.181447]
Effective e-e interactions mediated by phonons are:
	momentum-space Vq = [    -4.5125,    -1.5588,  -0.206291,    -1.5588,    -1.5588,  -0.193007, -0.0567795,  -0.193007,  -0.206291, -0.0567795,-0.00843536, -0.0567795,    -1.5588,  -0.193007, -0.0567795,  -0.193007]
	real-space Vr = [ -0.760491, -0.469256, -0.260093, -0.469256, -0.469256, -0.256772,-0.0937519, -0.256772, -0.260093,-0.0937519, 0.0472975,-0.0937519, -0.469256, -0.256772,-0.0937519, -0.256772]
********************************************************************************************************************
o___o  ----------------------------------------
| L |	Time since last clock: 0h 0m 0.011s
A===A	Time since the beginning: 0h 0m 40.301s
***********************************************


Non-Gaussina ED ground state calculation is completed. The final ground-state energy is -33.1651
********************************************************************************************************************
o___o  ----------------------------------------
| L |	Time since last clock: 0h 0m 0.003s
A===A	Time since the beginning: 0h 0m 40.305s
***********************************************



********************************************************************************************************************
All non-Gaussian ED ground state calculations have been completed. Exit now.
