SNEDics v3.4 Non-Gaussian ED ground state program		Start at Tue Oct  1 07:54:10 2019

parallized on 16 MPI threads  * 8 OpenMP threads = 128 total threads.
********************************************************************************************************************
********************************************************************************************************************

********************************************************************************************************************
System parameters and configurations
********************************************************************************************************************
Special program options are enabled: splitted diagonal Hamiltonian
********************************************************************************************************************
Read input file "model_params.in"
	Hubbard-Holstein model parameters : 	t = 1    U = 3.5    g = 3.6056    W = 5    
********************************************************************************************************************
Read input file "hilbertspace_params.in"
	Requested 16-site 2D lattice, with 16 electrons (8, 8)
	Boundary : Periodic		Hilbert space representation : momentum-space (restricted to kIdx = 0)
	Conservation: particle number[U(1)]      spin[U(1)]     momentum
********************************************************************************************************************

Cluster Positions:				Cluster symmetry group : D4
 x ... x ... x ... x .....                       x ... x ... x ... x .....
 |           |           :                       |           |           :
 |           |           :                       |           |           :
12    13    14    15     x                       1     5     6     5     x
 |           |           :                       |           |           :
 |           |           :                       |           |           :
 8 --- 9 ---10 ---11 --- x                       2 --- 6 ---10 --- 6 --- x
 |           |           :                       |           |           :
 |           |           :                       |           |           :
 4     5     6     7     x                       1     5     6     5     x
 |           |           :                       |           |           :
 |           |           :                       |           |           :
 0 --- 1 --- 2 --- 3 --- x                       0 --- 1 --- 2 --- 1 --- x
orbital number : 1
********************************************************************************************************************
Read input file "obs_params.in"
	Observable Type : Nq(All),   Sq(All),   N(All),   Delta[s](All),   Delta[d](All),   Delta[s+](All)
********************************************************************************************************************
** WARNING ** the input observables have non-local factors which have been reinterpreted. The total observable number is 96
********************************************************************************************************************


********************************************************************************************************************
Start calculating the non-Gaussian ED ground state
** WARNING ** Detected low phonon energy W < 10. The initial state will be prepared through a warm-up process.
********************************************************************************************************************
Start warm-up calculation for scaling factor 2
open output files: NGSEDWarmUpW10Obs.txt
********************************************************************************************************************
Start the 0 rounds of NGS-ED iteration
	effective electronic model is modified as: kinetic energy t = 1
	                                           effective interaction Vq = [-0,-0,-0,-0,-0,-0,-0,-0,-0,-0,-0,-0,-0,-0,-0,-0]
	first Hamiltonian is constructed, non-zero numbers = 2845383612
	PARPACK diagonalization completed after 90 matrix-vector product operations.
	iteration results: : total energy is -14.585369 | electron energy -14.585369 + phonon energy 0.000000 | electron momentum kIdx = 0
	Nq(0) = 16,	Nq(1) = 0.176596,	Nq(2) = 0.252846,	Nq(3) = 0.176596,	Nq(4) = 0.176596,	Nq(5) = 0.252846,	Nq(6) = 0.346657,	Nq(7) = 0.252846,	Nq(8) = 0.252846,	Nq(9) = 0.346657,	Nq(10) = 0.416848,	Nq(11) = 0.346657,	Nq(12) = 0.176596,	Nq(13) = 0.252846,	Nq(14) = 0.346657,	Nq(15) = 0.252846,	Sq(0) = -1.10043e-18,	Sq(1) = 0.425367,	Sq(2) = 0.619396,	Sq(3) = 0.425367,	Sq(4) = 0.425367,	Sq(5) = 0.619396,	Sq(6) = 0.785198,	Sq(7) = 0.619396,	Sq(8) = 0.619396,	Sq(9) = 0.785198,	Sq(10) = 3.41443,	Sq(11) = 0.785198,	Sq(12) = 0.425367,	Sq(13) = 0.619396,	Sq(14) = 0.785198,	Sq(15) = 0.619396,	N(0) = 1.94634,	N(1) = 1.87886,	N(2) = 1,	N(3) = 1.87886,	N(4) = 1.87886,	N(5) = 1,	N(6) = 0.12114,	N(7) = 1,	N(8) = 1,	N(9) = 0.12114,	N(10) = 0.0536562,	N(11) = 0.12114,	N(12) = 1.87886,	N(13) = 1,	N(14) = 0.12114,	N(15) = 1,	Delta[s](0) = 0.188766,	Delta[s](1) = 0.161967,	Delta[s](2) = 0.126302,	Delta[s](3) = 0.161967,	Delta[s](4) = 0.161967,	Delta[s](5) = 0.126302,	Delta[s](6) = 0.0971786,	Delta[s](7) = 0.126302,	Delta[s](8) = 0.126302,	Delta[s](9) = 0.0971786,	Delta[s](10) = 0.0303076,	Delta[s](11) = 0.0971786,	Delta[s](12) = 0.161967,	Delta[s](13) = 0.126302,	Delta[s](14) = 0.0971786,	Delta[s](15) = 0.126302,	Delta[d](0) = 0.556174,	Delta[d](1) = 0.367438,	Delta[d](2) = 0.299087,	Delta[d](3) = 0.367438,	Delta[d](4) = 0.367438,	Delta[d](5) = 0.323122,	Delta[d](6) = 0.234016,	Delta[d](7) = 0.323122,	Delta[d](8) = 0.299087,	Delta[d](9) = 0.234016,	Delta[d](10) = 0.0981819,	Delta[d](11) = 0.234016,	Delta[d](12) = 0.367438,	Delta[d](13) = 0.323122,	Delta[d](14) = 0.234016,	Delta[d](15) = 0.323122,	Delta[s+](0) = 0.578557,	Delta[s+](1) = 0.460802,	Delta[s+](2) = 0.299087,	Delta[s+](3) = 0.460802,	Delta[s+](4) = 0.460802,	Delta[s+](5) = 0.299087,	Delta[s+](6) = 0.145041,	Delta[s+](7) = 0.299087,	Delta[s+](8) = 0.299087,	Delta[s+](9) = 0.145041,	Delta[s+](10) = 0.0319274,	Delta[s+](11) = 0.145041,	Delta[s+](12) = 0.460802,	Delta[s+](13) = 0.299087,	Delta[s+](14) = 0.145041,	Delta[s+](15) = 0.299087
The 0-th iteration is completed.	|| time cost : 0h 8m 36.194s
********************************************************************************************************************
Start the 1 rounds of NGS-ED iteration
	effective electronic model is modified as: kinetic energy t = 0.934006
	                                           effective interaction Vq = [-2.24819,-2.06461,-1.99429,-2.06461,-2.06461,-1.99429,-1.97248,-1.99429,-1.99429,-1.97248,-1.94472,-1.97248,-2.06461,-1.99429,-1.97248,-1.99429]
	PARPACK diagonalization completed after 90 matrix-vector product operations.
	iteration results: : total energy is -60.675566 | electron energy -60.680124 + phonon energy 0.004558 | electron momentum kIdx = 0
The 1-th iteration is completed.	|| time cost : 0h 7m 37.759s
********************************************************************************************************************
Start the 2 rounds of NGS-ED iteration
	effective electronic model is modified as: kinetic energy t = 0.875159
	                                           effective interaction Vq = [-2.55245,-2.45419,-2.43689,-2.45419,-2.45419,-2.43689,-2.36856,-2.43689,-2.43689,-2.36856,-2.37477,-2.36856,-2.45419,-2.43689,-2.36856,-2.43689]
	PARPACK diagonalization completed after 60 matrix-vector product operations.
	iteration results: : total energy is -68.298504 | electron energy -68.335703 + phonon energy 0.037199 | electron momentum kIdx = 0
The 2-th iteration is completed.	|| time cost : 0h 0m 36.727s
********************************************************************************************************************
Start the 3 rounds of NGS-ED iteration
	effective electronic model is modified as: kinetic energy t = 0.851119
	                                           effective interaction Vq = [-2.59363,-2.53355,-2.52517,-2.53355,-2.53355,-2.52517,-2.46308,-2.52517,-2.52517,-2.46308,-2.49104,-2.46308,-2.53355,-2.52517,-2.46308,-2.52517]
	PARPACK diagonalization completed after 45 matrix-vector product operations.
	iteration results: : total energy is -69.331233 | electron energy -69.397875 + phonon energy 0.066642 | electron momentum kIdx = 0
The 3-th iteration is completed.	|| time cost : 0h 0m 32.022s
********************************************************************************************************************
Start the 4 rounds of NGS-ED iteration
	effective electronic model is modified as: kinetic energy t = 0.842278
	                                           effective interaction Vq = [ -2.5992,-2.55362,-2.54365,-2.55362,-2.55362,-2.54365,-2.49036,-2.54365,-2.54365,-2.49036, -2.5425,-2.49036,-2.55362,-2.54365,-2.49036,-2.54365]
	PARPACK diagonalization completed after 45 matrix-vector product operations.
	iteration results: : total energy is -69.495666 | electron energy -69.576932 + phonon energy 0.081266 | electron momentum kIdx = 0
The 4-th iteration is completed.	|| time cost : 0h 0m 32.071s
********************************************************************************************************************
Start the 5 rounds of NGS-ED iteration
	effective electronic model is modified as: kinetic energy t = 0.841678
	                                           effective interaction Vq = [-2.59995,-2.55622,-2.53099,-2.55622,-2.55622,-2.53099,-2.49383,-2.53099,-2.53099,-2.49383,-2.57631,-2.49383,-2.55622,-2.53099,-2.49383,-2.53099]
	PARPACK diagonalization completed after 45 matrix-vector product operations.
	iteration results: : total energy is -69.591878 | electron energy -69.678566 + phonon energy 0.086688 | electron momentum kIdx = 0
The 5-th iteration is completed.	|| time cost : 0h 0m 32.071s
********************************************************************************************************************
Start the 6 rounds of NGS-ED iteration
	effective electronic model is modified as: kinetic energy t = 0.847238
	                                           effective interaction Vq = [-2.60005, -2.5495,-2.49051, -2.5495, -2.5495,-2.49051,-2.48381,-2.49051,-2.49051,-2.48381,-2.58947,-2.48381, -2.5495,-2.49051,-2.48381,-2.49051]
	PARPACK diagonalization completed after 45 matrix-vector product operations.
	iteration results: : total energy is -69.652299 | electron energy -69.738208 + phonon energy 0.085909 | electron momentum kIdx = 0
The 6-th iteration is completed.	|| time cost : 0h 0m 32.069s
********************************************************************************************************************
Start the 7 rounds of NGS-ED iteration
	effective electronic model is modified as: kinetic energy t = 0.85076
	                                           effective interaction Vq = [-2.60007,-2.54343,-2.46435,-2.54343,-2.54343,-2.46435,-2.47534,-2.46435,-2.46435,-2.47534,-2.59325,-2.47534,-2.54343,-2.46435,-2.47534,-2.46435]
	PARPACK diagonalization completed after 45 matrix-vector product operations.
	iteration results: : total energy is -69.665920 | electron energy -69.749815 + phonon energy 0.083895 | electron momentum kIdx = 0
The 7-th iteration is completed.	|| time cost : 0h 0m 32.027s
********************************************************************************************************************
Start the 8 rounds of NGS-ED iteration
	effective electronic model is modified as: kinetic energy t = 0.852315
	                                           effective interaction Vq = [-2.60007,-2.54002,-2.45309,-2.54002,-2.54002,-2.45309,-2.47074,-2.45309,-2.45309,-2.47074,-2.59444,-2.47074,-2.54002,-2.45309,-2.47074,-2.45309]
	PARPACK diagonalization completed after 30 matrix-vector product operations.
	iteration results: : total energy is -69.668146 | electron energy -69.750751 + phonon energy 0.082604 | electron momentum kIdx = 0
The 8-th iteration is completed.	|| time cost : 0h 0m 27.348s
********************************************************************************************************************
Start the 9 rounds of NGS-ED iteration
	effective electronic model is modified as: kinetic energy t = 0.852966
	                                           effective interaction Vq = [-2.60007,-2.53836,-2.44867,-2.53836,-2.53836,-2.44867,-2.46854,-2.44867,-2.44867,-2.46854,-2.59484,-2.46854,-2.53836,-2.44867,-2.46854,-2.44867]
	PARPACK diagonalization completed after 30 matrix-vector product operations.
	iteration results: : total energy is -69.668496 | electron energy -69.750465 + phonon energy 0.081969 | electron momentum kIdx = 0
The 9-th iteration is completed.	|| time cost : 0h 0m 27.333s
********************************************************************************************************************
Start the 10 rounds of NGS-ED iteration
	effective electronic model is modified as: kinetic energy t = 0.853235
	                                           effective interaction Vq = [-2.60007, -2.5376,-2.44696, -2.5376, -2.5376,-2.44696,-2.46754,-2.44696,-2.44696,-2.46754,-2.59499,-2.46754, -2.5376,-2.44696,-2.46754,-2.44696]
	PARPACK diagonalization completed after 30 matrix-vector product operations.
	iteration results: : total energy is -69.668551 | electron energy -69.750234 + phonon energy 0.081683 | electron momentum kIdx = 0
	Nq(0) = 16,	Nq(1) = 0.327581,	Nq(2) = 0.370478,	Nq(3) = 0.327581,	Nq(4) = 0.327581,	Nq(5) = 0.370478,	Nq(6) = 0.599629,	Nq(7) = 0.370478,	Nq(8) = 0.370478,	Nq(9) = 0.599629,	Nq(10) = 4.84495,	Nq(11) = 0.599629,	Nq(12) = 0.327581,	Nq(13) = 0.370478,	Nq(14) = 0.599629,	Nq(15) = 0.370478,	Sq(0) = -4.90283e-19,	Sq(1) = 0.249722,	Sq(2) = 0.313684,	Sq(3) = 0.249722,	Sq(4) = 0.249722,	Sq(5) = 0.313684,	Sq(6) = 0.455293,	Sq(7) = 0.313684,	Sq(8) = 0.313684,	Sq(9) = 0.455293,	Sq(10) = 0.521175,	Sq(11) = 0.455293,	Sq(12) = 0.249722,	Sq(13) = 0.313684,	Sq(14) = 0.455293,	Sq(15) = 0.313684,	N(0) = 1.98302,	N(1) = 1.9554,	N(2) = 1,	N(3) = 1.9554,	N(4) = 1.9554,	N(5) = 1,	N(6) = 0.044601,	N(7) = 1,	N(8) = 1,	N(9) = 0.044601,	N(10) = 0.0169795,	N(11) = 0.044601,	N(12) = 1.9554,	N(13) = 1,	N(14) = 0.044601,	N(15) = 1,	Delta[s](0) = 0.518289,	Delta[s](1) = 0.36141,	Delta[s](2) = 0.343954,	Delta[s](3) = 0.36141,	Delta[s](4) = 0.36141,	Delta[s](5) = 0.343954,	Delta[s](6) = 0.280362,	Delta[s](7) = 0.343954,	Delta[s](8) = 0.343954,	Delta[s](9) = 0.280362,	Delta[s](10) = 0.23923,	Delta[s](11) = 0.280362,	Delta[s](12) = 0.36141,	Delta[s](13) = 0.343954,	Delta[s](14) = 0.280362,	Delta[s](15) = 0.343954,	Delta[d](0) = 0.224151,	Delta[d](1) = 0.216112,	Delta[d](2) = 0.214087,	Delta[d](3) = 0.216112,	Delta[d](4) = 0.216112,	Delta[d](5) = 0.138341,	Delta[d](6) = 0.173348,	Delta[d](7) = 0.138341,	Delta[d](8) = 0.214087,	Delta[d](9) = 0.173348,	Delta[d](10) = 0.052536,	Delta[d](11) = 0.173348,	Delta[d](12) = 0.216112,	Delta[d](13) = 0.138341,	Delta[d](14) = 0.173348,	Delta[d](15) = 0.138341,	Delta[s+](0) = 0.415173,	Delta[s+](1) = 0.331889,	Delta[s+](2) = 0.214087,	Delta[s+](3) = 0.331889,	Delta[s+](4) = 0.331889,	Delta[s+](5) = 0.214087,	Delta[s+](6) = 0.0932747,	Delta[s+](7) = 0.214087,	Delta[s+](8) = 0.214087,	Delta[s+](9) = 0.0932747,	Delta[s+](10) = 0.0283522,	Delta[s+](11) = 0.0932747,	Delta[s+](12) = 0.331889,	Delta[s+](13) = 0.214087,	Delta[s+](14) = 0.0932747,	Delta[s+](15) = 0.214087
The 10-th iteration is completed.	|| time cost : 0h 4m 44.533s
********************************************************************************************************************
Start the 11 rounds of NGS-ED iteration
	effective electronic model is modified as: kinetic energy t = 0.853346
	                                           effective interaction Vq = [-2.60007,-2.53726,-2.44631,-2.53726,-2.53726,-2.44631, -2.4671,-2.44631,-2.44631, -2.4671,-2.59504, -2.4671,-2.53726,-2.44631, -2.4671,-2.44631]
	PARPACK diagonalization completed after 30 matrix-vector product operations.
	iteration results: : total energy is -69.668560 | electron energy -69.750118 + phonon energy 0.081559 | electron momentum kIdx = 0
	Nq(0) = 16,	Nq(1) = 0.327411,	Nq(2) = 0.370331,	Nq(3) = 0.327411,	Nq(4) = 0.327411,	Nq(5) = 0.370331,	Nq(6) = 0.599387,	Nq(7) = 0.370331,	Nq(8) = 0.370331,	Nq(9) = 0.599387,	Nq(10) = 4.84758,	Nq(11) = 0.599387,	Nq(12) = 0.327411,	Nq(13) = 0.370331,	Nq(14) = 0.599387,	Nq(15) = 0.370331,	Sq(0) = -6.9873e-18,	Sq(1) = 0.249704,	Sq(2) = 0.313677,	Sq(3) = 0.249704,	Sq(4) = 0.249704,	Sq(5) = 0.313677,	Sq(6) = 0.455293,	Sq(7) = 0.313677,	Sq(8) = 0.313677,	Sq(9) = 0.455293,	Sq(10) = 0.521193,	Sq(11) = 0.455293,	Sq(12) = 0.249704,	Sq(13) = 0.313677,	Sq(14) = 0.455293,	Sq(15) = 0.313677,	N(0) = 1.98302,	N(1) = 1.95537,	N(2) = 1,	N(3) = 1.95537,	N(4) = 1.95537,	N(5) = 1,	N(6) = 0.0446269,	N(7) = 1,	N(8) = 1,	N(9) = 0.0446269,	N(10) = 0.0169827,	N(11) = 0.0446269,	N(12) = 1.95537,	N(13) = 1,	N(14) = 0.0446269,	N(15) = 1,	Delta[s](0) = 0.518008,	Delta[s](1) = 0.361428,	Delta[s](2) = 0.343964,	Delta[s](3) = 0.361428,	Delta[s](4) = 0.361428,	Delta[s](5) = 0.343964,	Delta[s](6) = 0.280383,	Delta[s](7) = 0.343964,	Delta[s](8) = 0.343964,	Delta[s](9) = 0.280383,	Delta[s](10) = 0.239345,	Delta[s](11) = 0.280383,	Delta[s](12) = 0.361428,	Delta[s](13) = 0.343964,	Delta[s](14) = 0.280383,	Delta[s](15) = 0.343964,	Delta[d](0) = 0.224105,	Delta[d](1) = 0.216061,	Delta[d](2) = 0.214061,	Delta[d](3) = 0.216061,	Delta[d](4) = 0.216061,	Delta[d](5) = 0.138292,	Delta[d](6) = 0.173294,	Delta[d](7) = 0.138292,	Delta[d](8) = 0.214061,	Delta[d](9) = 0.173294,	Delta[d](10) = 0.0524836,	Delta[d](11) = 0.173294,	Delta[d](12) = 0.216061,	Delta[d](13) = 0.138292,	Delta[d](14) = 0.173294,	Delta[d](15) = 0.138292,	Delta[s+](0) = 0.415182,	Delta[s+](1) = 0.331872,	Delta[s+](2) = 0.214061,	Delta[s+](3) = 0.331872,	Delta[s+](4) = 0.331872,	Delta[s+](5) = 0.214061,	Delta[s+](6) = 0.093239,	Delta[s+](7) = 0.214061,	Delta[s+](8) = 0.214061,	Delta[s+](9) = 0.093239,	Delta[s+](10) = 0.0283292,	Delta[s+](11) = 0.093239,	Delta[s+](12) = 0.331872,	Delta[s+](13) = 0.214061,	Delta[s+](14) = 0.093239,	Delta[s+](15) = 0.214061
The 11-th iteration is completed.	|| time cost : 0h 4m 39.011s
********************************************************************************************************************
********************************************************************************************************************
Ground state is obtained after 12 iterations. The current ground-state energy is -69.6686, in which electron energy is -69.7501 and phonon energy is 0.0815585
final variational state is: 
	Gamma_x = [      1,1.02264,1.03611,1.02264,1.02264,1.03611,1.05609,1.03611,1.03611,1.05609, 1.1112,1.05609,1.02264,1.03611,1.05609,1.03611]
	lambda_q = [0.509906,0.430565,0.385806,0.430565,0.430565,0.385806,0.394516,0.385806,0.385806,0.394516,0.487536,0.394516,0.430565,0.385806,0.394516,0.385806]
********************************************************************************************************************
o___o  ----------------------------------------
| L |	Time since last clock: 0h 0m 0s
A===A	Time since the beginning: 0h 29m 49.17s
***********************************************


********************************************************************************************************************
Warm up runs have been completed. Start calculating W = 5 phonon.
open output files: NGSEDIterationObs.txt
********************************************************************************************************************
Start the 0 rounds of NGS-ED iteration
	effective electronic model is modified as: kinetic energy t = 0.853392
	                                           effective interaction Vq = [-2.37701,-2.17796,-2.03789,-2.17796,-2.17796,-2.03789,-2.06672,-2.03789,-2.03789,-2.06672,-2.32726,-2.06672,-2.17796,-2.03789,-2.06672,-2.03789]
	PARPACK diagonalization completed after 45 matrix-vector product operations.
	iteration results: : total energy is -62.588835 | electron energy -62.629588 + phonon energy 0.040753 | electron momentum kIdx = 0
	Nq(0) = 16,	Nq(1) = 0.3176,	Nq(2) = 0.354758,	Nq(3) = 0.3176,	Nq(4) = 0.3176,	Nq(5) = 0.354758,	Nq(6) = 0.564228,	Nq(7) = 0.354758,	Nq(8) = 0.354758,	Nq(9) = 0.564228,	Nq(10) = 4.64831,	Nq(11) = 0.564228,	Nq(12) = 0.3176,	Nq(13) = 0.354758,	Nq(14) = 0.564228,	Nq(15) = 0.354758,	Sq(0) = -3.4588e-18,	Sq(1) = 0.27791,	Sq(2) = 0.334317,	Sq(3) = 0.27791,	Sq(4) = 0.27791,	Sq(5) = 0.334317,	Sq(6) = 0.503264,	Sq(7) = 0.334317,	Sq(8) = 0.334317,	Sq(9) = 0.503264,	Sq(10) = 0.565236,	Sq(11) = 0.503264,	Sq(12) = 0.27791,	Sq(13) = 0.334317,	Sq(14) = 0.503264,	Sq(15) = 0.334317,	N(0) = 1.99093,	N(1) = 1.97241,	N(2) = 1,	N(3) = 1.97241,	N(4) = 1.97241,	N(5) = 1,	N(6) = 0.0275866,	N(7) = 1,	N(8) = 1,	N(9) = 0.0275866,	N(10) = 0.00907059,	N(11) = 0.0275866,	N(12) = 1.97241,	N(13) = 1,	N(14) = 0.0275866,	N(15) = 1,	Delta[s](0) = 0.434703,	Delta[s](1) = 0.342965,	Delta[s](2) = 0.329555,	Delta[s](3) = 0.342965,	Delta[s](4) = 0.342965,	Delta[s](5) = 0.329555,	Delta[s](6) = 0.277483,	Delta[s](7) = 0.329555,	Delta[s](8) = 0.329555,	Delta[s](9) = 0.277483,	Delta[s](10) = 0.25826,	Delta[s](11) = 0.277483,	Delta[s](12) = 0.342965,	Delta[s](13) = 0.329555,	Delta[s](14) = 0.277483,	Delta[s](15) = 0.329555,	Delta[d](0) = 0.229286,	Delta[d](1) = 0.225958,	Delta[d](2) = 0.2261,	Delta[d](3) = 0.225958,	Delta[d](4) = 0.225958,	Delta[d](5) = 0.143073,	Delta[d](6) = 0.181904,	Delta[d](7) = 0.143073,	Delta[d](8) = 0.2261,	Delta[d](9) = 0.181904,	Delta[d](10) = 0.0568023,	Delta[d](11) = 0.181904,	Delta[d](12) = 0.225958,	Delta[d](13) = 0.143073,	Delta[d](14) = 0.181904,	Delta[d](15) = 0.143073,	Delta[s+](0) = 0.446472,	Delta[s+](1) = 0.351502,	Delta[s+](2) = 0.2261,	Delta[s+](3) = 0.351502,	Delta[s+](4) = 0.351502,	Delta[s+](5) = 0.2261,	Delta[s+](6) = 0.0988224,	Delta[s+](7) = 0.2261,	Delta[s+](8) = 0.2261,	Delta[s+](9) = 0.0988224,	Delta[s+](10) = 0.0309955,	Delta[s+](11) = 0.0988224,	Delta[s+](12) = 0.351502,	Delta[s+](13) = 0.2261,	Delta[s+](14) = 0.0988224,	Delta[s+](15) = 0.2261
The 0-th iteration is completed.	|| time cost : 0h 4m 25.969s
********************************************************************************************************************
Start the 1 rounds of NGS-ED iteration
	effective electronic model is modified as: kinetic energy t = 0.832501
	                                           effective interaction Vq = [-2.51801,-2.30491,-2.12863,-2.30491,-2.30491,-2.12863,-2.16512,-2.12863,-2.12863,-2.16512,-2.48466,-2.16512,-2.30491,-2.12863,-2.16512,-2.12863]
	PARPACK diagonalization completed after 30 matrix-vector product operations.
	iteration results: : total energy is -65.620945 | electron energy -65.748006 + phonon energy 0.127060 | electron momentum kIdx = 0
The 1-th iteration is completed.	|| time cost : 0h 0m 27.639s
********************************************************************************************************************
Start the 2 rounds of NGS-ED iteration
	effective electronic model is modified as: kinetic energy t = 0.822217
	                                           effective interaction Vq = [-2.56988,-2.35242,-2.16765,-2.35242,-2.35242,-2.16765,-2.20454,-2.16765,-2.16765,-2.20454,-2.54897,-2.20454,-2.35242,-2.16765,-2.20454,-2.16765]
	PARPACK diagonalization completed after 30 matrix-vector product operations.
	iteration results: : total energy is -66.728028 | electron energy -66.916262 + phonon energy 0.188235 | electron momentum kIdx = 0
The 2-th iteration is completed.	|| time cost : 0h 0m 27.414s
********************************************************************************************************************
Start the 3 rounds of NGS-ED iteration
	effective electronic model is modified as: kinetic energy t = 0.817496
	                                           effective interaction Vq = [-2.58896,-2.36982,-2.18402,-2.36982,-2.36982,-2.18402,-2.21945,-2.18402,-2.18402,-2.21945,-2.57427,-2.21945,-2.36982,-2.18402,-2.21945,-2.18402]
	PARPACK diagonalization completed after 30 matrix-vector product operations.
	iteration results: : total energy is -67.120950 | electron energy -67.344116 + phonon energy 0.223166 | electron momentum kIdx = 0
The 3-th iteration is completed.	|| time cost : 0h 0m 27.352s
********************************************************************************************************************
Start the 4 rounds of NGS-ED iteration
	effective electronic model is modified as: kinetic energy t = 0.815371
	                                           effective interaction Vq = [-2.59598,-2.37607,-2.19093,-2.37607,-2.37607,-2.19093, -2.2249,-2.19093,-2.19093, -2.2249, -2.5845, -2.2249,-2.37607,-2.19093, -2.2249,-2.19093]
	PARPACK diagonalization completed after 30 matrix-vector product operations.
	iteration results: : total energy is -67.258866 | electron energy -67.500603 + phonon energy 0.241737 | electron momentum kIdx = 0
The 4-th iteration is completed.	|| time cost : 0h 0m 27.912s
********************************************************************************************************************
Start the 5 rounds of NGS-ED iteration
	effective electronic model is modified as: kinetic energy t = 0.814424
	                                           effective interaction Vq = [-2.59857,-2.37817,-2.19386,-2.37817,-2.37817,-2.19386,-2.22675,-2.19386,-2.19386,-2.22675, -2.5889,-2.22675,-2.37817,-2.19386,-2.22675,-2.19386]
	PARPACK diagonalization completed after 30 matrix-vector product operations.
	iteration results: : total energy is -67.307332 | electron energy -67.558625 + phonon energy 0.251293 | electron momentum kIdx = 0
The 5-th iteration is completed.	|| time cost : 0h 0m 27.665s
********************************************************************************************************************
Start the 6 rounds of NGS-ED iteration
	effective electronic model is modified as: kinetic energy t = 0.814012
	                                           effective interaction Vq = [-2.59952,-2.37872,-2.19507,-2.37872,-2.37872,-2.19507,-2.22722,-2.19507,-2.19507,-2.22722,-2.59091,-2.22722,-2.37872,-2.19507,-2.22722,-2.19507]
	PARPACK diagonalization completed after 30 matrix-vector product operations.
	iteration results: : total energy is -67.324481 | electron energy -67.580581 + phonon energy 0.256100 | electron momentum kIdx = 0
The 6-th iteration is completed.	|| time cost : 0h 0m 27.318s
********************************************************************************************************************
Start the 7 rounds of NGS-ED iteration
	effective electronic model is modified as: kinetic energy t = 0.813843
	                                           effective interaction Vq = [-2.59987,-2.37872,-2.19552,-2.37872,-2.37872,-2.19552,-2.22719,-2.19552,-2.19552,-2.22719,-2.59188,-2.22719,-2.37872,-2.19552,-2.22719,-2.19552]
	PARPACK diagonalization completed after 30 matrix-vector product operations.
	iteration results: : total energy is -67.330599 | electron energy -67.589068 + phonon energy 0.258469 | electron momentum kIdx = 0
The 7-th iteration is completed.	|| time cost : 0h 0m 27.366s
********************************************************************************************************************
Start the 8 rounds of NGS-ED iteration
	effective electronic model is modified as: kinetic energy t = 0.813783
	                                           effective interaction Vq = [    -2.6,-2.37855,-2.19566,-2.37855,-2.37855,-2.19566,-2.22702,-2.19566,-2.19566,-2.22702,-2.59236,-2.22702,-2.37855,-2.19566,-2.22702,-2.19566]
	PARPACK diagonalization completed after 30 matrix-vector product operations.
	iteration results: : total energy is -67.332798 | electron energy -67.592410 + phonon energy 0.259612 | electron momentum kIdx = 0
The 8-th iteration is completed.	|| time cost : 0h 0m 27.364s
********************************************************************************************************************
Start the 9 rounds of NGS-ED iteration
	effective electronic model is modified as: kinetic energy t = 0.813768
	                                           effective interaction Vq = [-2.60004,-2.37836,-2.19567,-2.37836,-2.37836,-2.19567,-2.22683,-2.19567,-2.19567,-2.22683,-2.59261,-2.22683,-2.37836,-2.19567,-2.22683,-2.19567]
	PARPACK diagonalization completed after 30 matrix-vector product operations.
	iteration results: : total energy is -67.333594 | electron energy -67.593742 + phonon energy 0.260149 | electron momentum kIdx = 0
The 9-th iteration is completed.	|| time cost : 0h 0m 27.624s
********************************************************************************************************************
Start the 10 rounds of NGS-ED iteration
	effective electronic model is modified as: kinetic energy t = 0.813771
	                                           effective interaction Vq = [-2.60006, -2.3782,-2.19564, -2.3782, -2.3782,-2.19564,-2.22666,-2.19564,-2.19564,-2.22666,-2.59273,-2.22666, -2.3782,-2.19564,-2.22666,-2.19564]
	PARPACK diagonalization completed after 30 matrix-vector product operations.
	iteration results: : total energy is -67.333883 | electron energy -67.594274 + phonon energy 0.260392 | electron momentum kIdx = 0
	Nq(0) = 16,	Nq(1) = 0.26306,	Nq(2) = 0.325597,	Nq(3) = 0.26306,	Nq(4) = 0.26306,	Nq(5) = 0.325597,	Nq(6) = 0.499966,	Nq(7) = 0.325597,	Nq(8) = 0.325597,	Nq(9) = 0.499966,	Nq(10) = 6.06925,	Nq(11) = 0.499966,	Nq(12) = 0.26306,	Nq(13) = 0.325597,	Nq(14) = 0.499966,	Nq(15) = 0.325597,	Sq(0) = 2.99438e-18,	Sq(1) = 0.224945,	Sq(2) = 0.298381,	Sq(3) = 0.224945,	Sq(4) = 0.224945,	Sq(5) = 0.298381,	Sq(6) = 0.431739,	Sq(7) = 0.298381,	Sq(8) = 0.298381,	Sq(9) = 0.431739,	Sq(10) = 0.508044,	Sq(11) = 0.431739,	Sq(12) = 0.224945,	Sq(13) = 0.298381,	Sq(14) = 0.431739,	Sq(15) = 0.298381,	N(0) = 1.97514,	N(1) = 1.92512,	N(2) = 1,	N(3) = 1.92512,	N(4) = 1.92512,	N(5) = 1,	N(6) = 0.0748769,	N(7) = 1,	N(8) = 1,	N(9) = 0.0748769,	N(10) = 0.0248645,	N(11) = 0.0748769,	N(12) = 1.92512,	N(13) = 1,	N(14) = 0.0748769,	N(15) = 1,	Delta[s](0) = 0.446168,	Delta[s](1) = 0.368737,	Delta[s](2) = 0.349861,	Delta[s](3) = 0.368737,	Delta[s](4) = 0.368737,	Delta[s](5) = 0.349861,	Delta[s](6) = 0.308221,	Delta[s](7) = 0.349861,	Delta[s](8) = 0.349861,	Delta[s](9) = 0.308221,	Delta[s](10) = 0.2843,	Delta[s](11) = 0.308221,	Delta[s](12) = 0.368737,	Delta[s](13) = 0.349861,	Delta[s](14) = 0.308221,	Delta[s](15) = 0.349861,	Delta[d](0) = 0.209916,	Delta[d](1) = 0.197399,	Delta[d](2) = 0.207521,	Delta[d](3) = 0.197399,	Delta[d](4) = 0.197399,	Delta[d](5) = 0.132443,	Delta[d](6) = 0.156667,	Delta[d](7) = 0.132443,	Delta[d](8) = 0.207521,	Delta[d](9) = 0.156667,	Delta[d](10) = 0.0548695,	Delta[d](11) = 0.156667,	Delta[d](12) = 0.197399,	Delta[d](13) = 0.132443,	Delta[d](14) = 0.156667,	Delta[d](15) = 0.132443,	Delta[s+](0) = 0.418294,	Delta[s+](1) = 0.324667,	Delta[s+](2) = 0.207521,	Delta[s+](3) = 0.324667,	Delta[s+](4) = 0.324667,	Delta[s+](5) = 0.207521,	Delta[s+](6) = 0.0889296,	Delta[s+](7) = 0.207521,	Delta[s+](8) = 0.207521,	Delta[s+](9) = 0.0889296,	Delta[s+](10) = 0.0306258,	Delta[s+](11) = 0.0889296,	Delta[s+](12) = 0.324667,	Delta[s+](13) = 0.207521,	Delta[s+](14) = 0.0889296,	Delta[s+](15) = 0.207521
The 10-th iteration is completed.	|| time cost : 0h 4m 24.41s
********************************************************************************************************************
Start the 11 rounds of NGS-ED iteration
	effective electronic model is modified as: kinetic energy t = 0.813779
	                                           effective interaction Vq = [-2.60007,-2.37808,-2.19559,-2.37808,-2.37808,-2.19559,-2.22653,-2.19559,-2.19559,-2.22653, -2.5928,-2.22653,-2.37808,-2.19559,-2.22653,-2.19559]
	PARPACK diagonalization completed after 30 matrix-vector product operations.
	iteration results: : total energy is -67.333988 | electron energy -67.594484 + phonon energy 0.260495 | electron momentum kIdx = 0
The 11-th iteration is completed.	|| time cost : 0h 0m 27.363s
********************************************************************************************************************
Start the 12 rounds of NGS-ED iteration
	effective electronic model is modified as: kinetic energy t = 0.813787
	                                           effective interaction Vq = [-2.60007,-2.37799,-2.19555,-2.37799,-2.37799,-2.19555,-2.22644,-2.19555,-2.19555,-2.22644,-2.59283,-2.22644,-2.37799,-2.19555,-2.22644,-2.19555]
	PARPACK diagonalization completed after 30 matrix-vector product operations.
	iteration results: : total energy is -67.334027 | electron energy -67.594562 + phonon energy 0.260535 | electron momentum kIdx = 0
The 12-th iteration is completed.	|| time cost : 0h 0m 27.339s
********************************************************************************************************************
Start the 13 rounds of NGS-ED iteration
	effective electronic model is modified as: kinetic energy t = 0.813794
	                                           effective interaction Vq = [-2.60007,-2.37793,-2.19552,-2.37793,-2.37793,-2.19552,-2.22637,-2.19552,-2.19552,-2.22637,-2.59285,-2.22637,-2.37793,-2.19552,-2.22637,-2.19552]
	PARPACK diagonalization completed after 30 matrix-vector product operations.
	iteration results: : total energy is -67.334041 | electron energy -67.594588 + phonon energy 0.260547 | electron momentum kIdx = 0
The 13-th iteration is completed.	|| time cost : 0h 0m 27.266s
********************************************************************************************************************
Start the 14 rounds of NGS-ED iteration
	effective electronic model is modified as: kinetic energy t = 0.8138
	                                           effective interaction Vq = [-2.60007,-2.37788, -2.1955,-2.37788,-2.37788, -2.1955,-2.22633, -2.1955, -2.1955,-2.22633,-2.59286,-2.22633,-2.37788, -2.1955,-2.22633, -2.1955]
	PARPACK diagonalization completed after 30 matrix-vector product operations.
	iteration results: : total energy is -67.334046 | electron energy -67.594594 + phonon energy 0.260548 | electron momentum kIdx = 0
The 14-th iteration is completed.	|| time cost : 0h 0m 27.401s
********************************************************************************************************************
Start the 15 rounds of NGS-ED iteration
	effective electronic model is modified as: kinetic energy t = 0.813804
	                                           effective interaction Vq = [-2.60007,-2.37786,-2.19549,-2.37786,-2.37786,-2.19549, -2.2263,-2.19549,-2.19549, -2.2263,-2.59286, -2.2263,-2.37786,-2.19549, -2.2263,-2.19549]
	PARPACK diagonalization completed after 30 matrix-vector product operations.
	iteration results: : total energy is -67.334048 | electron energy -67.594592 + phonon energy 0.260544 | electron momentum kIdx = 0
The 15-th iteration is completed.	|| time cost : 0h 0m 27.38s
********************************************************************************************************************
Start the 16 rounds of NGS-ED iteration
	effective electronic model is modified as: kinetic energy t = 0.813806
	                                           effective interaction Vq = [-2.60007,-2.37784,-2.19547,-2.37784,-2.37784,-2.19547,-2.22628,-2.19547,-2.19547,-2.22628,-2.59287,-2.22628,-2.37784,-2.19547,-2.22628,-2.19547]
	PARPACK diagonalization completed after 30 matrix-vector product operations.
	iteration results: : total energy is -67.334049 | electron energy -67.594589 + phonon energy 0.260540 | electron momentum kIdx = 0
The 16-th iteration is completed.	|| time cost : 0h 0m 27.333s
********************************************************************************************************************
Start the 17 rounds of NGS-ED iteration
	effective electronic model is modified as: kinetic energy t = 0.813808
	                                           effective interaction Vq = [-2.60007,-2.37782,-2.19547,-2.37782,-2.37782,-2.19547,-2.22626,-2.19547,-2.19547,-2.22626,-2.59287,-2.22626,-2.37782,-2.19547,-2.22626,-2.19547]
	PARPACK diagonalization completed after 30 matrix-vector product operations.
	iteration results: : total energy is -67.334049 | electron energy -67.594586 + phonon energy 0.260537 | electron momentum kIdx = 0
The 17-th iteration is completed.	|| time cost : 0h 0m 27.355s
********************************************************************************************************************
Start the 18 rounds of NGS-ED iteration
	effective electronic model is modified as: kinetic energy t = 0.813809
	                                           effective interaction Vq = [-2.60007,-2.37782,-2.19546,-2.37782,-2.37782,-2.19546,-2.22626,-2.19546,-2.19546,-2.22626,-2.59287,-2.22626,-2.37782,-2.19546,-2.22626,-2.19546]
	PARPACK diagonalization completed after 30 matrix-vector product operations.
	iteration results: : total energy is -67.334049 | electron energy -67.594583 + phonon energy 0.260534 | electron momentum kIdx = 0
The 18-th iteration is completed.	|| time cost : 0h 0m 27.665s
********************************************************************************************************************
Start the 19 rounds of NGS-ED iteration
	effective electronic model is modified as: kinetic energy t = 0.81381
	                                           effective interaction Vq = [-2.60007,-2.37781,-2.19546,-2.37781,-2.37781,-2.19546,-2.22625,-2.19546,-2.19546,-2.22625,-2.59287,-2.22625,-2.37781,-2.19546,-2.22625,-2.19546]
	PARPACK diagonalization completed after 30 matrix-vector product operations.
	iteration results: : total energy is -67.334049 | electron energy -67.594581 + phonon energy 0.260532 | electron momentum kIdx = 0
The 19-th iteration is completed.	|| time cost : 0h 0m 27.331s
********************************************************************************************************************
Start the 20 rounds of NGS-ED iteration
	effective electronic model is modified as: kinetic energy t = 0.813811
	                                           effective interaction Vq = [-2.60007,-2.37781,-2.19546,-2.37781,-2.37781,-2.19546,-2.22625,-2.19546,-2.19546,-2.22625,-2.59287,-2.22625,-2.37781,-2.19546,-2.22625,-2.19546]
	PARPACK diagonalization completed after 30 matrix-vector product operations.
	iteration results: : total energy is -67.334049 | electron energy -67.594580 + phonon energy 0.260531 | electron momentum kIdx = 0
