SNEDics v3.4 Non-Gaussian ED ground state program		Start at Tue Oct  1 13:04:15 2019

parallized on 16 MPI threads  * 8 OpenMP threads = 128 total threads.
********************************************************************************************************************
********************************************************************************************************************

********************************************************************************************************************
System parameters and configurations
********************************************************************************************************************
Special program options are enabled: splitted diagonal Hamiltonian
********************************************************************************************************************
Read input file "model_params.in"
	Hubbard-Holstein model parameters : 	t = 1    U = 5    g = 3.8078    W = 5    
********************************************************************************************************************
Read input file "hilbertspace_params.in"
	Requested 16-site 2D lattice, with 16 electrons (8, 8)
	Boundary : Periodic		Hilbert space representation : momentum-space (restricted to kIdx = 0)
	Conservation: particle number[U(1)]      spin[U(1)]     momentum
********************************************************************************************************************

Cluster Positions:				Cluster symmetry group : D4
 x ... x ... x ... x .....                       x ... x ... x ... x .....
 |           |           :                       |           |           :
 |           |           :                       |           |           :
12    13    14    15     x                       1     5     6     5     x
 |           |           :                       |           |           :
 |           |           :                       |           |           :
 8 --- 9 ---10 ---11 --- x                       2 --- 6 ---10 --- 6 --- x
 |           |           :                       |           |           :
 |           |           :                       |           |           :
 4     5     6     7     x                       1     5     6     5     x
 |           |           :                       |           |           :
 |           |           :                       |           |           :
 0 --- 1 --- 2 --- 3 --- x                       0 --- 1 --- 2 --- 1 --- x
orbital number : 1
********************************************************************************************************************
Read input file "obs_params.in"
	Observable Type : Nq(All),   Sq(All),   N(All),   Delta[s](All),   Delta[d](All),   Delta[s+](All)
********************************************************************************************************************
** WARNING ** the input observables have non-local factors which have been reinterpreted. The total observable number is 96
********************************************************************************************************************


********************************************************************************************************************
Start calculating the non-Gaussian ED ground state
** WARNING ** Detected low phonon energy W < 10. The initial state will be prepared through a warm-up process.
********************************************************************************************************************
Start warm-up calculation for scaling factor 2
open output files: NGSEDWarmUpW10Obs.txt
********************************************************************************************************************
Start the 0 rounds of NGS-ED iteration
	effective electronic model is modified as: kinetic energy t = 1
	                                           effective interaction Vq = [-0,-0,-0,-0,-0,-0,-0,-0,-0,-0,-0,-0,-0,-0,-0,-0]
	first Hamiltonian is constructed, non-zero numbers = 2845383612
	PARPACK diagonalization completed after 90 matrix-vector product operations.
	iteration results: : total energy is -11.940536 | electron energy -11.940536 + phonon energy 0.000000 | electron momentum kIdx = 0
	Nq(0) = 16,	Nq(1) = 0.12461,	Nq(2) = 0.195263,	Nq(3) = 0.12461,	Nq(4) = 0.12461,	Nq(5) = 0.195263,	Nq(6) = 0.26473,	Nq(7) = 0.195263,	Nq(8) = 0.195263,	Nq(9) = 0.26473,	Nq(10) = 0.325885,	Nq(11) = 0.26473,	Nq(12) = 0.12461,	Nq(13) = 0.195263,	Nq(14) = 0.26473,	Nq(15) = 0.195263,	Sq(0) = 9.95599e-19,	Sq(1) = 0.427088,	Sq(2) = 0.630149,	Sq(3) = 0.427088,	Sq(4) = 0.427088,	Sq(5) = 0.630149,	Sq(6) = 0.841324,	Sq(7) = 0.630149,	Sq(8) = 0.630149,	Sq(9) = 0.841324,	Sq(10) = 4.09063,	Sq(11) = 0.841324,	Sq(12) = 0.427088,	Sq(13) = 0.630149,	Sq(14) = 0.841324,	Sq(15) = 0.630149,	N(0) = 1.89623,	N(1) = 1.77549,	N(2) = 1,	N(3) = 1.77549,	N(4) = 1.77549,	N(5) = 1,	N(6) = 0.224512,	N(7) = 1,	N(8) = 1,	N(9) = 0.224512,	N(10) = 0.103775,	N(11) = 0.224512,	N(12) = 1.77549,	N(13) = 1,	N(14) = 0.224512,	N(15) = 1,	Delta[s](0) = 0.146317,	Delta[s](1) = 0.123252,	Delta[s](2) = 0.0970877,	Delta[s](3) = 0.123252,	Delta[s](4) = 0.123252,	Delta[s](5) = 0.0970877,	Delta[s](6) = 0.0704578,	Delta[s](7) = 0.0970877,	Delta[s](8) = 0.0970877,	Delta[s](9) = 0.0704578,	Delta[s](10) = 0.0237314,	Delta[s](11) = 0.0704578,	Delta[s](12) = 0.123252,	Delta[s](13) = 0.0970877,	Delta[s](14) = 0.0704578,	Delta[s](15) = 0.0970877,	Delta[d](0) = 0.564558,	Delta[d](1) = 0.402756,	Delta[d](2) = 0.317167,	Delta[d](3) = 0.402756,	Delta[d](4) = 0.402756,	Delta[d](5) = 0.330575,	Delta[d](6) = 0.236916,	Delta[d](7) = 0.330575,	Delta[d](8) = 0.317167,	Delta[d](9) = 0.236916,	Delta[d](10) = 0.110023,	Delta[d](11) = 0.236916,	Delta[d](12) = 0.402756,	Delta[d](13) = 0.330575,	Delta[d](14) = 0.236916,	Delta[d](15) = 0.330575,	Delta[s+](0) = 0.59942,	Delta[s+](1) = 0.474459,	Delta[s+](2) = 0.317167,	Delta[s+](3) = 0.474459,	Delta[s+](4) = 0.474459,	Delta[s+](5) = 0.317167,	Delta[s+](6) = 0.166041,	Delta[s+](7) = 0.317167,	Delta[s+](8) = 0.317167,	Delta[s+](9) = 0.166041,	Delta[s+](10) = 0.0467272,	Delta[s+](11) = 0.166041,	Delta[s+](12) = 0.474459,	Delta[s+](13) = 0.317167,	Delta[s+](14) = 0.166041,	Delta[s+](15) = 0.317167
The 0-th iteration is completed.	|| time cost : 0h 8m 23.743s
********************************************************************************************************************
Start the 1 rounds of NGS-ED iteration
	effective electronic model is modified as: kinetic energy t = 0.931502
	                                           effective interaction Vq = [-2.50741,-2.24596, -2.1774,-2.24596,-2.24596, -2.1774,-2.14527, -2.1774, -2.1774,-2.14527,-2.11809,-2.14527,-2.24596, -2.1774,-2.14527, -2.1774]
	PARPACK diagonalization completed after 60 matrix-vector product operations.
	iteration results: : total energy is -60.340986 | electron energy -60.345095 + phonon energy 0.004109 | electron momentum kIdx = 0
The 1-th iteration is completed.	|| time cost : 0h 7m 46.329s
********************************************************************************************************************
Start the 2 rounds of NGS-ED iteration
	effective electronic model is modified as: kinetic energy t = 0.877991
	                                           effective interaction Vq = [-2.84676,-2.70669,-2.59267,-2.70669,-2.70669,-2.59267,-2.59805,-2.59267,-2.59267,-2.59805,-2.53782,-2.59805,-2.70669,-2.59267,-2.59805,-2.59267]
	PARPACK diagonalization completed after 75 matrix-vector product operations.
	iteration results: : total energy is -67.581944 | electron energy -67.618275 + phonon energy 0.036331 | electron momentum kIdx = 0
The 2-th iteration is completed.	|| time cost : 0h 0m 42.955s
********************************************************************************************************************
Start the 3 rounds of NGS-ED iteration
	effective electronic model is modified as: kinetic energy t = 0.845235
	                                           effective interaction Vq = [-2.89268,-2.81346,-2.78349,-2.81346,-2.81346,-2.78349,-2.72131,-2.78349,-2.78349,-2.72131,-2.71425,-2.72131,-2.81346,-2.78349,-2.72131,-2.78349]
	PARPACK diagonalization completed after 60 matrix-vector product operations.
	iteration results: : total energy is -68.984772 | electron energy -69.055899 + phonon energy 0.071127 | electron momentum kIdx = 0
The 3-th iteration is completed.	|| time cost : 0h 0m 37.907s
********************************************************************************************************************
Start the 4 rounds of NGS-ED iteration
	effective electronic model is modified as: kinetic energy t = 0.833372
	                                           effective interaction Vq = [ -2.8989,-2.83975,-2.82932,-2.83975,-2.83975,-2.82932,-2.75555,-2.82932,-2.82932,-2.75555,-2.76598,-2.75555,-2.83975,-2.82932,-2.75555,-2.82932]
	PARPACK diagonalization completed after 45 matrix-vector product operations.
	iteration results: : total energy is -69.168571 | electron energy -69.259658 + phonon energy 0.091087 | electron momentum kIdx = 0
The 4-th iteration is completed.	|| time cost : 0h 0m 32.879s
********************************************************************************************************************
Start the 5 rounds of NGS-ED iteration
	effective electronic model is modified as: kinetic energy t = 0.829221
	                                           effective interaction Vq = [-2.89974,-2.84751,-2.84243,-2.84751,-2.84751,-2.84243,-2.76643,-2.84243,-2.84243,-2.76643,-2.78358,-2.76643,-2.84751,-2.84243,-2.76643,-2.84243]
	PARPACK diagonalization completed after 45 matrix-vector product operations.
	iteration results: : total energy is -69.192243 | electron energy -69.291590 + phonon energy 0.099347 | electron momentum kIdx = 0
The 5-th iteration is completed.	|| time cost : 0h 0m 32.931s
********************************************************************************************************************
Start the 6 rounds of NGS-ED iteration
	effective electronic model is modified as: kinetic energy t = 0.827778
	                                           effective interaction Vq = [-2.89985,-2.85001,-2.84655,-2.85001,-2.85001,-2.84655,-2.77009,-2.84655,-2.84655,-2.77009,-2.79014,-2.77009,-2.85001,-2.84655,-2.77009,-2.84655]
	PARPACK diagonalization completed after 45 matrix-vector product operations.
	iteration results: : total energy is -69.195291 | electron energy -69.297710 + phonon energy 0.102419 | electron momentum kIdx = 0
The 6-th iteration is completed.	|| time cost : 0h 0m 32.868s
********************************************************************************************************************
Start the 7 rounds of NGS-ED iteration
	effective electronic model is modified as: kinetic energy t = 0.827275
	                                           effective interaction Vq = [-2.89987,-2.85085,-2.84789,-2.85085,-2.85085,-2.84789,-2.77135,-2.84789,-2.84789,-2.77135,-2.79274,-2.77135,-2.85085,-2.84789,-2.77135,-2.84789]
	PARPACK diagonalization completed after 45 matrix-vector product operations.
	iteration results: : total energy is -69.195686 | electron energy -69.299211 + phonon energy 0.103525 | electron momentum kIdx = 0
The 7-th iteration is completed.	|| time cost : 0h 0m 32.972s
********************************************************************************************************************
Start the 8 rounds of NGS-ED iteration
	effective electronic model is modified as: kinetic energy t = 0.827098
	                                           effective interaction Vq = [-2.89987,-2.85113,-2.84833,-2.85113,-2.85113,-2.84833,-2.77178,-2.84833,-2.84833,-2.77178, -2.7938,-2.77178,-2.85113,-2.84833,-2.77178,-2.84833]
	PARPACK diagonalization completed after 30 matrix-vector product operations.
	iteration results: : total energy is -69.195738 | electron energy -69.299660 + phonon energy 0.103921 | electron momentum kIdx = 0
The 8-th iteration is completed.	|| time cost : 0h 0m 27.855s
********************************************************************************************************************
Start the 9 rounds of NGS-ED iteration
	effective electronic model is modified as: kinetic energy t = 0.827036
	                                           effective interaction Vq = [-2.89987,-2.85123,-2.84847,-2.85123,-2.85123,-2.84847,-2.77194,-2.84847,-2.84847,-2.77194,-2.79425,-2.77194,-2.85123,-2.84847,-2.77194,-2.84847]
	PARPACK diagonalization completed after 30 matrix-vector product operations.
	iteration results: : total energy is -69.195745 | electron energy -69.299810 + phonon energy 0.104064 | electron momentum kIdx = 0
	Nq(0) = 16,	Nq(1) = 0.40408,	Nq(2) = 0.763953,	Nq(3) = 0.40408,	Nq(4) = 0.40408,	Nq(5) = 0.763953,	Nq(6) = 0.653934,	Nq(7) = 0.763953,	Nq(8) = 0.763953,	Nq(9) = 0.653934,	Nq(10) = 0.961688,	Nq(11) = 0.653934,	Nq(12) = 0.40408,	Nq(13) = 0.763953,	Nq(14) = 0.653934,	Nq(15) = 0.763953,	Sq(0) = 6.22499e-18,	Sq(1) = 0.323808,	Sq(2) = 0.355181,	Sq(3) = 0.323808,	Sq(4) = 0.323808,	Sq(5) = 0.355181,	Sq(6) = 0.552177,	Sq(7) = 0.355181,	Sq(8) = 0.355181,	Sq(9) = 0.552177,	Sq(10) = 0.587511,	Sq(11) = 0.552177,	Sq(12) = 0.323808,	Sq(13) = 0.355181,	Sq(14) = 0.552177,	Sq(15) = 0.355181,	N(0) = 1.99747,	N(1) = 1.99324,	N(2) = 1,	N(3) = 1.99324,	N(4) = 1.99324,	N(5) = 1,	N(6) = 0.00676111,	N(7) = 1,	N(8) = 1,	N(9) = 0.00676111,	N(10) = 0.00253038,	N(11) = 0.00676111,	N(12) = 1.99324,	N(13) = 1,	N(14) = 0.00676111,	N(15) = 1,	Delta[s](0) = 0.716348,	Delta[s](1) = 0.318505,	Delta[s](2) = 0.275704,	Delta[s](3) = 0.318505,	Delta[s](4) = 0.318505,	Delta[s](5) = 0.275704,	Delta[s](6) = 0.252806,	Delta[s](7) = 0.275704,	Delta[s](8) = 0.275704,	Delta[s](9) = 0.252806,	Delta[s](10) = 0.232916,	Delta[s](11) = 0.252806,	Delta[s](12) = 0.318505,	Delta[s](13) = 0.275704,	Delta[s](14) = 0.252806,	Delta[s](15) = 0.275704,	Delta[d](0) = 0.339829,	Delta[d](1) = 0.282782,	Delta[d](2) = 0.256419,	Delta[d](3) = 0.282782,	Delta[d](4) = 0.282782,	Delta[d](5) = 0.251571,	Delta[d](6) = 0.238379,	Delta[d](7) = 0.251571,	Delta[d](8) = 0.256419,	Delta[d](9) = 0.238379,	Delta[d](10) = 0.163504,	Delta[d](11) = 0.238379,	Delta[d](12) = 0.282782,	Delta[d](13) = 0.251571,	Delta[d](14) = 0.238379,	Delta[d](15) = 0.251571,	Delta[s+](0) = 0.463841,	Delta[s+](1) = 0.381888,	Delta[s+](2) = 0.256419,	Delta[s+](3) = 0.381888,	Delta[s+](4) = 0.381888,	Delta[s+](5) = 0.256419,	Delta[s+](6) = 0.12621,	Delta[s+](7) = 0.256419,	Delta[s+](8) = 0.256419,	Delta[s+](9) = 0.12621,	Delta[s+](10) = 0.0413263,	Delta[s+](11) = 0.12621,	Delta[s+](12) = 0.381888,	Delta[s+](13) = 0.256419,	Delta[s+](14) = 0.12621,	Delta[s+](15) = 0.256419
The 9-th iteration is completed.	|| time cost : 0h 4m 34.858s
********************************************************************************************************************
********************************************************************************************************************
Ground state is obtained after 10 iterations. The current ground-state energy is -69.1957, in which electron energy is -69.2998 and phonon energy is 0.104064
final variational state is: 
	Gamma_x = [      1,1.02676,1.05241,1.02676,1.02676,1.05241,1.06489,1.05241,1.05241,1.06489,1.08971,1.06489,1.02676,1.05241,1.06489,1.05241]
	lambda_q = [ 0.53848,0.468784,0.466842,0.468784,0.468784,0.466842,0.425422,0.466842,0.466842,0.425422, 0.43583,0.425422,0.468784,0.466842,0.425422,0.466842]
********************************************************************************************************************
o___o  ----------------------------------------
| L |	Time since last clock: 0h 0m 0s
A===A	Time since the beginning: 0h 24m 45.302s
***********************************************


********************************************************************************************************************
Warm up runs have been completed. Start calculating W = 5 phonon.
open output files: NGSEDIterationObs.txt
********************************************************************************************************************
Start the 0 rounds of NGS-ED iteration
	effective electronic model is modified as: kinetic energy t = 0.827013
	                                           effective interaction Vq = [-2.65104,-2.47128,-2.46557,-2.47128,-2.47128,-2.46557,-2.33492,-2.46557,-2.46557,-2.33492,-2.36937,-2.33492,-2.47128,-2.46557,-2.33492,-2.46557]
	PARPACK diagonalization completed after 75 matrix-vector product operations.
	iteration results: : total energy is -61.613787 | electron energy -61.665846 + phonon energy 0.052058 | electron momentum kIdx = 0
	Nq(0) = 16,	Nq(1) = 0.366585,	Nq(2) = 0.375731,	Nq(3) = 0.366585,	Nq(4) = 0.366585,	Nq(5) = 0.375731,	Nq(6) = 0.583491,	Nq(7) = 0.375731,	Nq(8) = 0.375731,	Nq(9) = 0.583491,	Nq(10) = 0.60693,	Nq(11) = 0.583491,	Nq(12) = 0.366585,	Nq(13) = 0.375731,	Nq(14) = 0.583491,	Nq(15) = 0.375731,	Sq(0) = 6.56021e-18,	Sq(1) = 0.382254,	Sq(2) = 0.550822,	Sq(3) = 0.382254,	Sq(4) = 0.382254,	Sq(5) = 0.550822,	Sq(6) = 0.636807,	Sq(7) = 0.550822,	Sq(8) = 0.550822,	Sq(9) = 0.636807,	Sq(10) = 1.95721,	Sq(11) = 0.636807,	Sq(12) = 0.382254,	Sq(13) = 0.550822,	Sq(14) = 0.636807,	Sq(15) = 0.550822,	N(0) = 1.99961,	N(1) = 1.99907,	N(2) = 1,	N(3) = 1.99907,	N(4) = 1.99907,	N(5) = 1,	N(6) = 0.000930996,	N(7) = 1,	N(8) = 1,	N(9) = 0.000930996,	N(10) = 0.000389018,	N(11) = 0.000930996,	N(12) = 1.99907,	N(13) = 1,	N(14) = 0.000930996,	N(15) = 1,	Delta[s](0) = 0.254087,	Delta[s](1) = 0.24816,	Delta[s](2) = 0.198776,	Delta[s](3) = 0.24816,	Delta[s](4) = 0.24816,	Delta[s](5) = 0.198776,	Delta[s](6) = 0.193529,	Delta[s](7) = 0.198776,	Delta[s](8) = 0.198776,	Delta[s](9) = 0.193529,	Delta[s](10) = 0.117313,	Delta[s](11) = 0.193529,	Delta[s](12) = 0.24816,	Delta[s](13) = 0.198776,	Delta[s](14) = 0.193529,	Delta[s](15) = 0.198776,	Delta[d](0) = 0.5473,	Delta[d](1) = 0.322347,	Delta[d](2) = 0.281916,	Delta[d](3) = 0.322347,	Delta[d](4) = 0.322347,	Delta[d](5) = 0.333141,	Delta[d](6) = 0.25106,	Delta[d](7) = 0.333141,	Delta[d](8) = 0.281916,	Delta[d](9) = 0.25106,	Delta[d](10) = 0.125217,	Delta[d](11) = 0.25106,	Delta[d](12) = 0.322347,	Delta[d](13) = 0.333141,	Delta[d](14) = 0.25106,	Delta[d](15) = 0.333141,	Delta[s+](0) = 0.5123,	Delta[s+](1) = 0.421764,	Delta[s+](2) = 0.281916,	Delta[s+](3) = 0.421764,	Delta[s+](4) = 0.421764,	Delta[s+](5) = 0.281916,	Delta[s+](6) = 0.142221,	Delta[s+](7) = 0.281916,	Delta[s+](8) = 0.281916,	Delta[s+](9) = 0.142221,	Delta[s+](10) = 0.0445372,	Delta[s+](11) = 0.142221,	Delta[s+](12) = 0.421764,	Delta[s+](13) = 0.281916,	Delta[s+](14) = 0.142221,	Delta[s+](15) = 0.281916
The 0-th iteration is completed.	|| time cost : 0h 4m 38.512s
********************************************************************************************************************
Start the 1 rounds of NGS-ED iteration
	effective electronic model is modified as: kinetic energy t = 0.818126
	                                           effective interaction Vq = [-2.80833,-2.61257,-2.47588,-2.61257,-2.61257,-2.47588,-2.44055,-2.47588,-2.47588,-2.44055,-2.38344,-2.44055,-2.61257,-2.47588,-2.44055,-2.47588]
	PARPACK diagonalization completed after 60 matrix-vector product operations.
	iteration results: : total energy is -64.324664 | electron energy -64.468742 + phonon energy 0.144077 | electron momentum kIdx = 0
The 1-th iteration is completed.	|| time cost : 0h 0m 38.031s
********************************************************************************************************************
Start the 2 rounds of NGS-ED iteration
	effective electronic model is modified as: kinetic energy t = 0.809918
	                                           effective interaction Vq = [-2.86619,-2.68758,-2.48829,-2.68758,-2.68758,-2.48829,-2.50731,-2.48829,-2.48829,-2.50731,-2.40289,-2.50731,-2.68758,-2.48829,-2.50731,-2.48829]
	PARPACK diagonalization completed after 60 matrix-vector product operations.
	iteration results: : total energy is -65.325714 | electron energy -65.525210 + phonon energy 0.199496 | electron momentum kIdx = 0
The 2-th iteration is completed.	|| time cost : 0h 0m 37.936s
********************************************************************************************************************
Start the 3 rounds of NGS-ED iteration
	effective electronic model is modified as: kinetic energy t = 0.803823
	                                           effective interaction Vq = [-2.88748,-2.72922,-2.49894,-2.72922,-2.72922,-2.49894,-2.54872,-2.49894,-2.49894,-2.54872, -2.4173,-2.54872,-2.72922,-2.49894,-2.54872,-2.49894]
	PARPACK diagonalization completed after 75 matrix-vector product operations.
	iteration results: : total energy is -65.697434 | electron energy -65.928645 + phonon energy 0.231211 | electron momentum kIdx = 0
The 3-th iteration is completed.	|| time cost : 0h 0m 42.961s
********************************************************************************************************************
Start the 4 rounds of NGS-ED iteration
	effective electronic model is modified as: kinetic energy t = 0.79811
	                                           effective interaction Vq = [-2.89531,-2.75366,-2.52414,-2.75366,-2.75366,-2.52414,-2.57346,-2.52414,-2.52414,-2.57346,-2.42708,-2.57346,-2.75366,-2.52414,-2.57346,-2.52414]
	PARPACK diagonalization completed after 75 matrix-vector product operations.
	iteration results: : total energy is -65.863702 | electron energy -66.114879 + phonon energy 0.251178 | electron momentum kIdx = 0
The 4-th iteration is completed.	|| time cost : 0h 0m 43.122s
********************************************************************************************************************
Start the 5 rounds of NGS-ED iteration
	effective electronic model is modified as: kinetic energy t = 0.785508
	                                           effective interaction Vq = [-2.89819,-2.76649,-2.62833,-2.76649,-2.76649,-2.62833,-2.58525,-2.62833,-2.62833,-2.58525,-2.43735,-2.58525,-2.76649,-2.62833,-2.58525,-2.62833]
	PARPACK diagonalization completed after 60 matrix-vector product operations.
	iteration results: : total energy is -66.089618 | electron energy -66.360669 + phonon energy 0.271051 | electron momentum kIdx = 0
The 5-th iteration is completed.	|| time cost : 0h 0m 37.884s
********************************************************************************************************************
Start the 6 rounds of NGS-ED iteration
	effective electronic model is modified as: kinetic energy t = 0.7734
	                                           effective interaction Vq = [-2.89925,-2.77266, -2.6989,-2.77266,-2.77266, -2.6989,-2.59582, -2.6989, -2.6989,-2.59582,-2.52825,-2.59582,-2.77266, -2.6989,-2.59582, -2.6989]
	PARPACK diagonalization completed after 60 matrix-vector product operations.
	iteration results: : total energy is -66.215036 | electron energy -66.510763 + phonon energy 0.295728 | electron momentum kIdx = 0
The 6-th iteration is completed.	|| time cost : 0h 0m 37.995s
********************************************************************************************************************
Start the 7 rounds of NGS-ED iteration
	effective electronic model is modified as: kinetic energy t = 0.766646
	                                           effective interaction Vq = [-2.89964,-2.77502,-2.73558,-2.77502,-2.77502,-2.73557,-2.60025,-2.73557,-2.73557,-2.60025,-2.57921,-2.60025,-2.77502,-2.73557,-2.60025,-2.73557]
	PARPACK diagonalization completed after 45 matrix-vector product operations.
	iteration results: : total energy is -66.260624 | electron energy -66.579188 + phonon energy 0.318564 | electron momentum kIdx = 0
The 7-th iteration is completed.	|| time cost : 0h 0m 32.919s
********************************************************************************************************************
Start the 8 rounds of NGS-ED iteration
	effective electronic model is modified as: kinetic energy t = 0.762814
	                                           effective interaction Vq = [-2.89978,-2.77576,-2.75545,-2.77576,-2.77576,-2.75545,-2.60195,-2.75545,-2.75545,-2.60195,-2.60945,-2.60195,-2.77576,-2.75545,-2.60195,-2.75545]
	PARPACK diagonalization completed after 45 matrix-vector product operations.
	iteration results: : total energy is -66.277162 | electron energy -66.612262 + phonon energy 0.335101 | electron momentum kIdx = 0
The 8-th iteration is completed.	|| time cost : 0h 0m 32.871s
********************************************************************************************************************
Start the 9 rounds of NGS-ED iteration
	effective electronic model is modified as: kinetic energy t = 0.760618
	                                           effective interaction Vq = [-2.89984,-2.77583,-2.76653,-2.77583,-2.77583,-2.76653,-2.60243,-2.76653,-2.76653,-2.60243,-2.62789,-2.60243,-2.77583,-2.76653,-2.60243,-2.76653]
	PARPACK diagonalization completed after 45 matrix-vector product operations.
	iteration results: : total energy is -66.283130 | electron energy -66.629061 + phonon energy 0.345931 | electron momentum kIdx = 0
The 9-th iteration is completed.	|| time cost : 0h 0m 32.948s
********************************************************************************************************************
Start the 10 rounds of NGS-ED iteration
	effective electronic model is modified as: kinetic energy t = 0.759355
	                                           effective interaction Vq = [-2.89986,-2.77567, -2.7728,-2.77567,-2.77567, -2.7728, -2.6024, -2.7728, -2.7728, -2.6024,-2.63931, -2.6024,-2.77567, -2.7728, -2.6024, -2.7728]
	PARPACK diagonalization completed after 45 matrix-vector product operations.
	iteration results: : total energy is -66.285279 | electron energy -66.637957 + phonon energy 0.352678 | electron momentum kIdx = 0
	Nq(0) = 16,	Nq(1) = 0.401654,	Nq(2) = 0.770565,	Nq(3) = 0.401654,	Nq(4) = 0.401654,	Nq(5) = 0.770565,	Nq(6) = 0.617549,	Nq(7) = 0.770565,	Nq(8) = 0.770565,	Nq(9) = 0.617549,	Nq(10) = 0.891471,	Nq(11) = 0.617549,	Nq(12) = 0.401654,	Nq(13) = 0.770565,	Nq(14) = 0.617549,	Nq(15) = 0.770565,	Sq(0) = -3.64373e-18,	Sq(1) = 0.338077,	Sq(2) = 0.362302,	Sq(3) = 0.338077,	Sq(4) = 0.338077,	Sq(5) = 0.362302,	Sq(6) = 0.570821,	Sq(7) = 0.362302,	Sq(8) = 0.362302,	Sq(9) = 0.570821,	Sq(10) = 0.598923,	Sq(11) = 0.570821,	Sq(12) = 0.338077,	Sq(13) = 0.362302,	Sq(14) = 0.570821,	Sq(15) = 0.362302,	N(0) = 1.99851,	N(1) = 1.99535,	N(2) = 1,	N(3) = 1.99535,	N(4) = 1.99535,	N(5) = 1,	N(6) = 0.00465353,	N(7) = 1,	N(8) = 1,	N(9) = 0.00465353,	N(10) = 0.00148884,	N(11) = 0.00465353,	N(12) = 1.99535,	N(13) = 1,	N(14) = 0.00465353,	N(15) = 1,	Delta[s](0) = 0.556342,	Delta[s](1) = 0.310777,	Delta[s](2) = 0.280824,	Delta[s](3) = 0.310777,	Delta[s](4) = 0.310777,	Delta[s](5) = 0.280824,	Delta[s](6) = 0.263703,	Delta[s](7) = 0.280824,	Delta[s](8) = 0.280824,	Delta[s](9) = 0.263703,	Delta[s](10) = 0.25663,	Delta[s](11) = 0.263703,	Delta[s](12) = 0.310777,	Delta[s](13) = 0.280824,	Delta[s](14) = 0.263703,	Delta[s](15) = 0.280824,	Delta[d](0) = 0.359531,	Delta[d](1) = 0.307975,	Delta[d](2) = 0.283331,	Delta[d](3) = 0.307975,	Delta[d](4) = 0.307975,	Delta[d](5) = 0.278936,	Delta[d](6) = 0.265718,	Delta[d](7) = 0.278936,	Delta[d](8) = 0.283331,	Delta[d](9) = 0.265718,	Delta[d](10) = 0.197984,	Delta[d](11) = 0.265718,	Delta[d](12) = 0.307975,	Delta[d](13) = 0.278936,	Delta[d](14) = 0.265718,	Delta[d](15) = 0.278936,	Delta[s+](0) = 0.497374,	Delta[s+](1) = 0.410051,	Delta[s+](2) = 0.283331,	Delta[s+](3) = 0.410051,	Delta[s+](4) = 0.410051,	Delta[s+](5) = 0.283331,	Delta[s+](6) = 0.152335,	Delta[s+](7) = 0.283331,	Delta[s+](8) = 0.283331,	Delta[s+](9) = 0.152335,	Delta[s+](10) = 0.0635587,	Delta[s+](11) = 0.152335,	Delta[s+](12) = 0.410051,	Delta[s+](13) = 0.283331,	Delta[s+](14) = 0.152335,	Delta[s+](15) = 0.283331
The 10-th iteration is completed.	|| time cost : 0h 4m 31.614s
********************************************************************************************************************
Start the 11 rounds of NGS-ED iteration
	effective electronic model is modified as: kinetic energy t = 0.758627
	                                           effective interaction Vq = [-2.89986,-2.77545, -2.7764,-2.77545,-2.77545, -2.7764, -2.6022, -2.7764, -2.7764, -2.6022,-2.64643, -2.6022,-2.77545, -2.7764, -2.6022, -2.7764]
	PARPACK diagonalization completed after 45 matrix-vector product operations.
	iteration results: : total energy is -66.286054 | electron energy -66.642825 + phonon energy 0.356771 | electron momentum kIdx = 0
The 11-th iteration is completed.	|| time cost : 0h 0m 32.895s
********************************************************************************************************************
Start the 12 rounds of NGS-ED iteration
	effective electronic model is modified as: kinetic energy t = 0.758207
	                                           effective interaction Vq = [-2.89987,-2.77524,-2.77848,-2.77524,-2.77524,-2.77848,-2.60197,-2.77848,-2.77848,-2.60197,-2.65091,-2.60197,-2.77524,-2.77848,-2.60197,-2.77848]
	PARPACK diagonalization completed after 45 matrix-vector product operations.
	iteration results: : total energy is -66.286335 | electron energy -66.645553 + phonon energy 0.359218 | electron momentum kIdx = 0
The 12-th iteration is completed.	|| time cost : 0h 0m 32.871s
********************************************************************************************************************
Start the 13 rounds of NGS-ED iteration
	effective electronic model is modified as: kinetic energy t = 0.757964
	                                           effective interaction Vq = [-2.89987,-2.77508,-2.77968,-2.77508,-2.77508,-2.77968,-2.60176,-2.77968,-2.77968,-2.60176,-2.65373,-2.60176,-2.77508,-2.77968,-2.60176,-2.77968]
	PARPACK diagonalization completed after 45 matrix-vector product operations.
	iteration results: : total energy is -66.286437 | electron energy -66.647108 + phonon energy 0.360671 | electron momentum kIdx = 0
The 13-th iteration is completed.	|| time cost : 0h 0m 32.965s
********************************************************************************************************************
Start the 14 rounds of NGS-ED iteration
	effective electronic model is modified as: kinetic energy t = 0.757824
	                                           effective interaction Vq = [-2.89987,-2.77495,-2.78038,-2.77495,-2.77495,-2.78038,-2.60159,-2.78038,-2.78038,-2.60159,-2.65552,-2.60159,-2.77495,-2.78038,-2.60159,-2.78038]
	PARPACK diagonalization completed after 45 matrix-vector product operations.
	iteration results: : total energy is -66.286474 | electron energy -66.648005 + phonon energy 0.361530 | electron momentum kIdx = 0
The 14-th iteration is completed.	|| time cost : 0h 0m 32.878s
********************************************************************************************************************
Start the 15 rounds of NGS-ED iteration
	effective electronic model is modified as: kinetic energy t = 0.757744
	                                           effective interaction Vq = [-2.89987,-2.77486,-2.78079,-2.77486,-2.77486,-2.78079,-2.60147,-2.78079,-2.78079,-2.60147,-2.65665,-2.60147,-2.77486,-2.78079,-2.60147,-2.78079]
	PARPACK diagonalization completed after 30 matrix-vector product operations.
	iteration results: : total energy is -66.286488 | electron energy -66.648526 + phonon energy 0.362038 | electron momentum kIdx = 0
The 15-th iteration is completed.	|| time cost : 0h 0m 27.915s
********************************************************************************************************************
Start the 16 rounds of NGS-ED iteration
	effective electronic model is modified as: kinetic energy t = 0.757697
	                                           effective interaction Vq = [-2.89987,-2.77479,-2.78103,-2.77479,-2.77479,-2.78103,-2.60137,-2.78103,-2.78103,-2.60137,-2.65736,-2.60137,-2.77479,-2.78103,-2.60137,-2.78103]
	PARPACK diagonalization completed after 30 matrix-vector product operations.
	iteration results: : total energy is -66.286493 | electron energy -66.648830 + phonon energy 0.362337 | electron momentum kIdx = 0
The 16-th iteration is completed.	|| time cost : 0h 0m 27.77s
********************************************************************************************************************
Start the 17 rounds of NGS-ED iteration
	effective electronic model is modified as: kinetic energy t = 0.75767
	                                           effective interaction Vq = [-2.89987,-2.77475,-2.78116,-2.77475,-2.77475,-2.78116,-2.60131,-2.78116,-2.78116,-2.60131,-2.65782,-2.60131,-2.77475,-2.78116,-2.60131,-2.78116]
	PARPACK diagonalization completed after 30 matrix-vector product operations.
	iteration results: : total energy is -66.286495 | electron energy -66.649009 + phonon energy 0.362514 | electron momentum kIdx = 0
The 17-th iteration is completed.	|| time cost : 0h 0m 27.821s
********************************************************************************************************************
Start the 18 rounds of NGS-ED iteration
	effective electronic model is modified as: kinetic energy t = 0.757655
	                                           effective interaction Vq = [-2.89987,-2.77472,-2.78125,-2.77472,-2.77472,-2.78125,-2.60126,-2.78125,-2.78125,-2.60126,-2.65811,-2.60126,-2.77472,-2.78125,-2.60126,-2.78125]
	PARPACK diagonalization completed after 30 matrix-vector product operations.
	iteration results: : total energy is -66.286496 | electron energy -66.649114 + phonon energy 0.362619 | electron momentum kIdx = 0
The 18-th iteration is completed.	|| time cost : 0h 0m 27.767s
********************************************************************************************************************
Start the 19 rounds of NGS-ED iteration
	effective electronic model is modified as: kinetic energy t = 0.757646
	                                           effective interaction Vq = [-2.89987, -2.7747,-2.78129, -2.7747, -2.7747,-2.78129,-2.60123,-2.78129,-2.78129,-2.60123,-2.65829,-2.60123, -2.7747,-2.78129,-2.60123,-2.78129]
	PARPACK diagonalization completed after 30 matrix-vector product operations.
	iteration results: : total energy is -66.286496 | electron energy -66.649177 + phonon energy 0.362680 | electron momentum kIdx = 0
The 19-th iteration is completed.	|| time cost : 0h 0m 27.944s
********************************************************************************************************************
Start the 20 rounds of NGS-ED iteration
	effective electronic model is modified as: kinetic energy t = 0.75764
	                                           effective interaction Vq = [-2.89987,-2.77469,-2.78132,-2.77469,-2.77469,-2.78132,-2.60121,-2.78132,-2.78132,-2.60121,-2.65841,-2.60121,-2.77469,-2.78132,-2.60121,-2.78132]
	PARPACK diagonalization completed after 30 matrix-vector product operations.
	iteration results: : total energy is -66.286496 | electron energy -66.649213 + phonon energy 0.362717 | electron momentum kIdx = 0
	Nq(0) = 16,	Nq(1) = 0.399937,	Nq(2) = 0.773587,	Nq(3) = 0.399937,	Nq(4) = 0.399937,	Nq(5) = 0.773587,	Nq(6) = 0.615465,	Nq(7) = 0.773587,	Nq(8) = 0.773586,	Nq(9) = 0.615465,	Nq(10) = 0.902466,	Nq(11) = 0.615465,	Nq(12) = 0.399937,	Nq(13) = 0.773587,	Nq(14) = 0.615465,	Nq(15) = 0.773587,	Sq(0) = -7.69438e-18,	Sq(1) = 0.33708,	Sq(2) = 0.361747,	Sq(3) = 0.33708,	Sq(4) = 0.33708,	Sq(5) = 0.361747,	Sq(6) = 0.569459,	Sq(7) = 0.361747,	Sq(8) = 0.361747,	Sq(9) = 0.569459,	Sq(10) = 0.597768,	Sq(11) = 0.569459,	Sq(12) = 0.33708,	Sq(13) = 0.361747,	Sq(14) = 0.569459,	Sq(15) = 0.361747,	N(0) = 1.9984,	N(1) = 1.99508,	N(2) = 1,	N(3) = 1.99508,	N(4) = 1.99508,	N(5) = 1,	N(6) = 0.00491866,	N(7) = 1,	N(8) = 1,	N(9) = 0.00491866,	N(10) = 0.00160494,	N(11) = 0.00491866,	N(12) = 1.99508,	N(13) = 1,	N(14) = 0.00491866,	N(15) = 1,	Delta[s](0) = 0.555656,	Delta[s](1) = 0.311204,	Delta[s](2) = 0.281327,	Delta[s](3) = 0.311204,	Delta[s](4) = 0.311204,	Delta[s](5) = 0.281327,	Delta[s](6) = 0.264314,	Delta[s](7) = 0.281327,	Delta[s](8) = 0.281327,	Delta[s](9) = 0.264314,	Delta[s](10) = 0.25711,	Delta[s](11) = 0.264314,	Delta[s](12) = 0.311204,	Delta[s](13) = 0.281327,	Delta[s](14) = 0.264314,	Delta[s](15) = 0.281327,	Delta[d](0) = 0.358945,	Delta[d](1) = 0.307517,	Delta[d](2) = 0.282894,	Delta[d](3) = 0.307517,	Delta[d](4) = 0.307517,	Delta[d](5) = 0.278632,	Delta[d](6) = 0.265398,	Delta[d](7) = 0.278632,	Delta[d](8) = 0.282894,	Delta[d](9) = 0.265398,	Delta[d](10) = 0.198001,	Delta[d](11) = 0.265398,	Delta[d](12) = 0.307517,	Delta[d](13) = 0.278632,	Delta[d](14) = 0.265398,	Delta[d](15) = 0.278632,	Delta[s+](0) = 0.496182,	Delta[s+](1) = 0.409073,	Delta[s+](2) = 0.282894,	Delta[s+](3) = 0.409073,	Delta[s+](4) = 0.409073,	Delta[s+](5) = 0.282894,	Delta[s+](6) = 0.152167,	Delta[s+](7) = 0.282894,	Delta[s+](8) = 0.282894,	Delta[s+](9) = 0.152167,	Delta[s+](10) = 0.0636545,	Delta[s+](11) = 0.152167,	Delta[s+](12) = 0.409073,	Delta[s+](13) = 0.282894,	Delta[s+](14) = 0.152167,	Delta[s+](15) = 0.282894
The 20-th iteration is completed.	|| time cost : 0h 4m 20.84s
********************************************************************************************************************
Start the 21 rounds of NGS-ED iteration
	effective electronic model is modified as: kinetic energy t = 0.757637
	                                           effective interaction Vq = [-2.89987,-2.77468,-2.78134,-2.77468,-2.77468,-2.78134,-2.60119,-2.78134,-2.78134,-2.60119,-2.65848,-2.60119,-2.77468,-2.78134,-2.60119,-2.78134]
	PARPACK diagonalization completed after 30 matrix-vector product operations.
	iteration results: : total energy is -66.286496 | electron energy -66.649235 + phonon energy 0.362739 | electron momentum kIdx = 0
The 21-th iteration is completed.	|| time cost : 0h 0m 27.806s
********************************************************************************************************************
Start the 22 rounds of NGS-ED iteration
	effective electronic model is modified as: kinetic energy t = 0.757636
	                                           effective interaction Vq = [-2.89987,-2.77467,-2.78135,-2.77467,-2.77467,-2.78135,-2.60118,-2.78135,-2.78135,-2.60118,-2.65853,-2.60118,-2.77467,-2.78135,-2.60118,-2.78135]
	PARPACK diagonalization completed after 30 matrix-vector product operations.
	iteration results: : total energy is -66.286496 | electron energy -66.649248 + phonon energy 0.362752 | electron momentum kIdx = 0
The 22-th iteration is completed.	|| time cost : 0h 0m 27.846s
********************************************************************************************************************
Start the 23 rounds of NGS-ED iteration
	effective electronic model is modified as: kinetic energy t = 0.757635
	                                           effective interaction Vq = [-2.89987,-2.77467,-2.78135,-2.77467,-2.77467,-2.78135,-2.60118,-2.78135,-2.78135,-2.60118,-2.65856,-2.60118,-2.77467,-2.78135,-2.60118,-2.78135]
	PARPACK diagonalization completed after 30 matrix-vector product operations.
	iteration results: : total energy is -66.286496 | electron energy -66.649256 + phonon energy 0.362760 | electron momentum kIdx = 0
The 23-th iteration is completed.	|| time cost : 0h 0m 27.77s
********************************************************************************************************************
Start the 24 rounds of NGS-ED iteration
	effective electronic model is modified as: kinetic energy t = 0.757634
	                                           effective interaction Vq = [-2.89987,-2.77467,-2.78136,-2.77467,-2.77467,-2.78136,-2.60117,-2.78136,-2.78136,-2.60117,-2.65858,-2.60117,-2.77467,-2.78136,-2.60117,-2.78136]
	PARPACK diagonalization completed after 30 matrix-vector product operations.
	iteration results: : total energy is -66.286496 | electron energy -66.649261 + phonon energy 0.362764 | electron momentum kIdx = 0
The 24-th iteration is completed.	|| time cost : 0h 0m 27.794s
