SNEDics v3.22.2 Non-Gaussian ED ground state program		Start at Thu Feb  3 08:30:36 2022

Parallelization: 32 MPI threads  * 8 OpenMP threads = 256 total threads.
********************************************************************************************************************
********************************************************************************************************************

********************************************************************************************************************
System parameters and configurations
	special program options are enabled: splitted diagonal Hamiltonian | splitted Hamiltonian terms
********************************************************************************************************************
Read input file "model_params.in"
	Hubbard-Holstein model parameters : 	t = 1    t' = -0.2    U = 8    g = 1    W = 1    
********************************************************************************************************************
Read input file "hilbertspace_params.in"
	Requested 16-site 2D lattice, with 16 electrons (8, 8)
	Boundary : Periodic		Hilbert space representation : momentum-space (restricted to kIdx = 10)
	Conservation: particle number[U(1)]      spin[U(1)]     momentum
********************************************************************************************************************

Cluster Positions:				Cluster symmetry group : D4
 x ... x ... x ... x .....                       x ... x ... x ... x .....
 |           |           :                       |           |           :
 |           |           :                       |           |           :
12    13    14    15     x                       1     5     6     5     x
 |           |           :                       |           |           :
 |           |           :                       |           |           :
 8 --- 9 ---10 ---11 --- x                       2 --- 6 ---10 --- 6 --- x
 |           |           :                       |           |           :
 |           |           :                       |           |           :
 4     5     6     7     x                       1     5     6     5     x
 |           |           :                       |           |           :
 |           |           :                       |           |           :
 0 --- 1 --- 2 --- 3 --- x                       0 --- 1 --- 2 --- 1 --- x
orbital number : 1
********************************************************************************************************************
Read input file "obs_params.in"
	Observable Type : Nq(All),   Sq(All),   N(All-Orbital),   Delta[s](All),   Delta[d](All),   Delta[s+](All)
** WARNING ** the input observables have non-local factors which have been reinterpreted. The total observable number is 96
********************************************************************************************************************


********************************************************************************************************************
Start calculating the non-Gaussian ED ground state
Maximal iteration number is 1000; energy resolution is 1e-06. Phonon state relaxation time is 2000
W = 1 is relatively large. The non-Gaussian ED calculation starts directly.
open output files: NGSED_iteration_observables.txt
********************************************************************************************************************
Start the 0 rounds of NGS-ED iteration
	effective electronic model is modified as: kinetic energy t = 1, t' = -0.2
	                                           effective interaction Vq = [0,0,0,0,0,0,0,0,0,0,0,0,0,0,0,0]
	first Hamiltonian is constructed, size = 10353216 and non-zero numbers = 2847395136
	PARPACK diagonalization completed after 120 matrix-vector product operations.
	iteration results: : total energy is -8.293781 | electron energy -8.293781 + phonon energy 0.000000 | electron momentum kIdx = 10
	Nq(0) = 16,	Nq(1) = 0.0624375,	Nq(2) = 0.108816,	Nq(3) = 0.0624375,	Nq(4) = 0.0624375,	Nq(5) = 0.108902,	
	Nq(6) = 0.150724,	Nq(7) = 0.108902,	Nq(8) = 0.108816,	Nq(9) = 0.150724,	Nq(10) = 0.189535,	
	Nq(11) = 0.150724,	Nq(12) = 0.0624375,	Nq(13) = 0.108902,	Nq(14) = 0.150724,	Nq(15) = 0.108902;	
	Sq(0) = -6.56489e-19,	Sq(1) = 0.23506,	Sq(2) = 0.387066,	Sq(3) = 0.23506,	Sq(4) = 0.23506,	
	Sq(5) = 0.387062,	Sq(6) = 0.575697,	Sq(7) = 0.387062,	Sq(8) = 0.387066,	Sq(9) = 0.575697,	
	Sq(10) = 8.73917,	Sq(11) = 0.575697,	Sq(12) = 0.23506,	Sq(13) = 0.387062,	Sq(14) = 0.575697,	
	Sq(15) = 0.387062;	N(0) = 1.76468,	N(1) = 1.55595,	N(2) = 1.00557,	N(3) = 1.55595,	
	N(4) = 1.55595,	N(5) = 0.999792,	N(6) = 0.444431,	N(7) = 0.999792,	N(8) = 1.00557,	
	N(9) = 0.444431,	N(10) = 0.223462,	N(11) = 0.444431,	N(12) = 1.55595,	N(13) = 0.999792,	
	N(14) = 0.444431,	N(15) = 0.999792;	Delta[s](0) = 0.0930321,	Delta[s](1) = 0.0744333,	Delta[s](2) = 0.0543227,	
	Delta[s](3) = 0.0744333,	Delta[s](4) = 0.0744333,	Delta[s](5) = 0.0543827,	Delta[s](6) = 0.0321047,	Delta[s](7) = 0.0543827,	
	Delta[s](8) = 0.0543227,	Delta[s](9) = 0.0321047,	Delta[s](10) = 0.00235104,	Delta[s](11) = 0.0321047,	Delta[s](12) = 0.0744333,	
	Delta[s](13) = 0.0543827,	Delta[s](14) = 0.0321047,	Delta[s](15) = 0.0543827;	Delta[d](0) = 0.559543,	Delta[d](1) = 0.460518,	
	Delta[d](2) = 0.376717,	Delta[d](3) = 0.460518,	Delta[d](4) = 0.460518,	Delta[d](5) = 0.402472,	Delta[d](6) = 0.331925,	
	Delta[d](7) = 0.402472,	Delta[d](8) = 0.376717,	Delta[d](9) = 0.331925,	Delta[d](10) = 0.266653,	Delta[d](11) = 0.331925,	
	Delta[d](12) = 0.460518,	Delta[d](13) = 0.402472,	Delta[d](14) = 0.331925,	Delta[d](15) = 0.402472;	Delta[s+](0) = 0.594824,	
	Delta[s+](1) = 0.497581,	Delta[s+](2) = 0.376717,	Delta[s+](3) = 0.497581,	Delta[s+](4) = 0.497581,	Delta[s+](5) = 0.376083,	
	Delta[s+](6) = 0.253674,	Delta[s+](7) = 0.376083,	Delta[s+](8) = 0.376717,	Delta[s+](9) = 0.253674,	Delta[s+](10) = 0.1434,	
	Delta[s+](11) = 0.253674,	Delta[s+](12) = 0.497581,	Delta[s+](13) = 0.376083,	Delta[s+](14) = 0.253674,	Delta[s+](15) = 0.376083
	
The 0-th iteration is completed.	|| time cost : 0h 6m 18.269s
********************************************************************************************************************
Start the 1 rounds of NGS-ED iteration
	effective electronic model is modified as: kinetic energy t = 0.989407, t' = -0.197716
	                                           effective interaction Vq = [       -1,  -0.2245, -0.20141,  -0.2245,  -0.2245, -0.20176, -0.18953, -0.20176, -0.20141, -0.18953,-0.181247, -0.18953,  -0.2245, -0.20176, -0.18953, -0.20176]
	PARPACK diagonalization completed after 45 matrix-vector product operations.
	iteration results: : total energy is -24.476896 | electron energy -24.478710 + phonon energy 0.001815 | electron momentum kIdx = 10
The 1-th iteration is completed.	|| time cost : 0h 3m 51.926s
********************************************************************************************************************
Start the 2 rounds of NGS-ED iteration
	effective electronic model is modified as: kinetic energy t = 0.988719, t' = -0.197557
	                                           effective interaction Vq = [       -1, -0.23328,-0.207707, -0.23328, -0.23328,-0.208078,-0.194993,-0.208078,-0.207707,-0.194993,-0.186108,-0.194993, -0.23328,-0.208078,-0.194993,-0.208078]
	PARPACK diagonalization completed after 30 matrix-vector product operations.
	iteration results: : total energy is -24.477095 | electron energy -24.479258 + phonon energy 0.002163 | electron momentum kIdx = 10
The 2-th iteration is completed.	|| time cost : 0h 0m 29.132s
********************************************************************************************************************
Start the 3 rounds of NGS-ED iteration
	effective electronic model is modified as: kinetic energy t = 0.988702, t' = -0.197553
	                                           effective interaction Vq = [       -1,-0.233503, -0.20786,-0.233503,-0.233503,-0.208231,-0.195121,-0.208231, -0.20786,-0.195121,-0.186218,-0.195121,-0.233503,-0.208231,-0.195121,-0.208231]
	PARPACK diagonalization completed after 30 matrix-vector product operations.
	iteration results: : total energy is -24.477095 | electron energy -24.479267 + phonon energy 0.002172 | electron momentum kIdx = 10
The 3-th iteration is completed.	|| time cost : 0h 0m 29.137s
********************************************************************************************************************
Start the 4 rounds of NGS-ED iteration
	effective electronic model is modified as: kinetic energy t = 0.988702, t' = -0.197553
	                                           effective interaction Vq = [       -1,-0.233508,-0.207863,-0.233508,-0.233508,-0.208234,-0.195124,-0.208234,-0.207863,-0.195124, -0.18622,-0.195124,-0.233508,-0.208234,-0.195124,-0.208234]
	PARPACK diagonalization completed after 30 matrix-vector product operations.
	iteration results: : total energy is -24.477095 | electron energy -24.479268 + phonon energy 0.002172 | electron momentum kIdx = 10
The 4-th iteration is completed.	|| time cost : 0h 0m 29.135s
********************************************************************************************************************
Start the 5 rounds of NGS-ED iteration
	effective electronic model is modified as: kinetic energy t = 0.988702, t' = -0.197553
	                                           effective interaction Vq = [       -1,-0.233508,-0.207864,-0.233508,-0.233508,-0.208234,-0.195124,-0.208234,-0.207864,-0.195124, -0.18622,-0.195124,-0.233508,-0.208234,-0.195124,-0.208234]
	PARPACK diagonalization completed after 30 matrix-vector product operations.
	iteration results: : total energy is -24.477095 | electron energy -24.479268 + phonon energy 0.002172 | electron momentum kIdx = 10
	Nq(0) = 16,	Nq(1) = 0.0672021,	Nq(2) = 0.115853,	Nq(3) = 0.0672021,	Nq(4) = 0.0672021,	Nq(5) = 0.115956,	
	Nq(6) = 0.159877,	Nq(7) = 0.115956,	Nq(8) = 0.115853,	Nq(9) = 0.159877,	Nq(10) = 0.200456,	
	Nq(11) = 0.159877,	Nq(12) = 0.0672021,	Nq(13) = 0.115956,	Nq(14) = 0.159877,	Nq(15) = 0.115956;	
	Sq(0) = -1.74764e-19,	Sq(1) = 0.238958,	Sq(2) = 0.388855,	Sq(3) = 0.238958,	Sq(4) = 0.238958,	
	Sq(5) = 0.388819,	Sq(6) = 0.576641,	Sq(7) = 0.388819,	Sq(8) = 0.388855,	Sq(9) = 0.576641,	
	Sq(10) = 8.60031,	Sq(11) = 0.576641,	Sq(12) = 0.238958,	Sq(13) = 0.388819,	Sq(14) = 0.576641,	
	Sq(15) = 0.388819;	N(0) = 1.77824,	N(1) = 1.57589,	N(2) = 1.00546,	N(3) = 1.57589,	
	N(4) = 1.57589,	N(5) = 0.999756,	N(6) = 0.424585,	N(7) = 0.999756,	N(8) = 1.00546,	
	N(9) = 0.424585,	N(10) = 0.209905,	N(11) = 0.424585,	N(12) = 1.57589,	N(13) = 0.999756,	
	N(14) = 0.424585,	N(15) = 0.999756;	Delta[s](0) = 0.0983288,	Delta[s](1) = 0.0789093,	Delta[s](2) = 0.0578299,	
	Delta[s](3) = 0.0789093,	Delta[s](4) = 0.0789093,	Delta[s](5) = 0.0578897,	Delta[s](6) = 0.0345781,	Delta[s](7) = 0.0578897,	
	Delta[s](8) = 0.0578299,	Delta[s](9) = 0.0345781,	Delta[s](10) = 0.00265515,	Delta[s](11) = 0.0345781,	Delta[s](12) = 0.0789093,	
	Delta[s](13) = 0.0578897,	Delta[s](14) = 0.0345781,	Delta[s](15) = 0.0578897;	Delta[d](0) = 0.557173,	Delta[d](1) = 0.456476,	
	Delta[d](2) = 0.373596,	Delta[d](3) = 0.456476,	Delta[d](4) = 0.456476,	Delta[d](5) = 0.400515,	Delta[d](6) = 0.330579,	
	Delta[d](7) = 0.400515,	Delta[d](8) = 0.373596,	Delta[d](9) = 0.330579,	Delta[d](10) = 0.265555,	Delta[d](11) = 0.330579,	
	Delta[d](12) = 0.456476,	Delta[d](13) = 0.400515,	Delta[d](14) = 0.330579,	Delta[d](15) = 0.400515;	Delta[s+](0) = 0.59546,	
	Delta[s+](1) = 0.497256,	Delta[s+](2) = 0.373596,	Delta[s+](3) = 0.497256,	Delta[s+](4) = 0.497256,	Delta[s+](5) = 0.372972,	
	Delta[s+](6) = 0.248231,	Delta[s+](7) = 0.372972,	Delta[s+](8) = 0.373596,	Delta[s+](9) = 0.248231,	Delta[s+](10) = 0.137136,	
	Delta[s+](11) = 0.248231,	Delta[s+](12) = 0.497256,	Delta[s+](13) = 0.372972,	Delta[s+](14) = 0.248231,	Delta[s+](15) = 0.372972
	
The 5-th iteration is completed.	|| time cost : 0h 4m 23.685s
********************************************************************************************************************
********************************************************************************************************************
Ground state is obtained after 6 iterations. The current ground-state energy is -24.4771, in which electron energy is -24.4793 and phonon energy is 0.00217241
Final variational state is: 
	Gamma_x = [      1,1.01476,1.02294,1.01476,1.01476,  1.023,1.02994,  1.023,1.02294,1.02994,1.03603,1.02994,1.01476,  1.023,1.02994,  1.023]
	lambda_q = [        1, 0.124505,  0.10998, 0.124505, 0.124505, 0.110188, 0.102851, 0.110188,  0.10998, 0.102851,0.0979026, 0.102851, 0.124505, 0.110188, 0.102851, 0.110188]
Effective e-e interactions mediated by phonons are:
	momentum-space Vq = [       -1,-0.233508,-0.207864,-0.233508,-0.233508,-0.208234,-0.195124,-0.208234,-0.207864,-0.195124, -0.18622,-0.195124,-0.233508,-0.208234,-0.195124,-0.208234]
	real-space Vr = [ -0.259338,-0.0556593,-0.0480631,-0.0556593,-0.0556593,-0.0481558,-0.0460632,-0.0481558,-0.0480631,-0.0460632,-0.0450223,-0.0460632,-0.0556593,-0.0481558,-0.0460632,-0.0481558]
********************************************************************************************************************
o___o  ----------------------------------------
| L |	Time since last clock: 0h 0m 0.01s
A===A	Time since the beginning: 0h 16m 1.299s
***********************************************


Non-Gaussina ED ground state calculation is completed. The final ground-state energy is -24.4771
********************************************************************************************************************
o___o  ----------------------------------------
| L |	Time since last clock: 0h 0m 0.004s
A===A	Time since the beginning: 0h 16m 1.303s
***********************************************



********************************************************************************************************************
All non-Gaussian ED ground state calculations have been completed. Exit now.
