SNEDics v3.4 Non-Gaussian ED ground state program		Start at Sun Mar  1 11:25:53 2020

parallized on 16 MPI threads  * 8 OpenMP threads = 128 total threads.
********************************************************************************************************************
********************************************************************************************************************

********************************************************************************************************************
System parameters and configurations
********************************************************************************************************************
Special program options are enabled: splitted diagonal Hamiltonian
********************************************************************************************************************
Read input file "model_params.in"
	Hubbard-Holstein model parameters : 	t = 1    U = 8    g = 2.8636    W = 2    
********************************************************************************************************************
Read input file "hilbertspace_params.in"
	Requested 16-site 2D lattice, with 16 electrons (8, 8)
	Boundary : Periodic		Hilbert space representation : momentum-space (restricted to kIdx = 10)
	Conservation: particle number[U(1)]      spin[U(1)]     momentum
********************************************************************************************************************

Cluster Positions:				Cluster symmetry group : D4
 x ... x ... x ... x .....                       x ... x ... x ... x .....
 |           |           :                       |           |           :
 |           |           :                       |           |           :
12    13    14    15     x                       1     5     6     5     x
 |           |           :                       |           |           :
 |           |           :                       |           |           :
 8 --- 9 ---10 ---11 --- x                       2 --- 6 ---10 --- 6 --- x
 |           |           :                       |           |           :
 |           |           :                       |           |           :
 4     5     6     7     x                       1     5     6     5     x
 |           |           :                       |           |           :
 |           |           :                       |           |           :
 0 --- 1 --- 2 --- 3 --- x                       0 --- 1 --- 2 --- 1 --- x
orbital number : 1
********************************************************************************************************************
Read input file "obs_params.in"
	Observable Type : Nq(All),   Sq(All),   N(All),   Delta[s](All),   Delta[d](All),   Delta[s+](All)
********************************************************************************************************************
** WARNING ** the input observables have non-local factors which have been reinterpreted. The total observable number is 96
********************************************************************************************************************


********************************************************************************************************************
Start calculating the non-Gaussian ED ground state
** WARNING ** Detected low phonon energy W < 10. The initial state will be prepared through a warm-up process.
********************************************************************************************************************
Start warm-up calculation for scaling factor 8
open output files: NGSEDWarmUpW16Obs.txt
********************************************************************************************************************
Start the 0 rounds of NGS-ED iteration
	effective electronic model is modified as: kinetic energy t = 1
	                                           effective interaction Vq = [-0,-0,-0,-0,-0,-0,-0,-0,-0,-0,-0,-0,-0,-0,-0,-0]
	first Hamiltonian is constructed, non-zero numbers = 2845334624
	PARPACK diagonalization completed after 105 matrix-vector product operations.
	iteration results: : total energy is -8.284915 | electron energy -8.284915 + phonon energy 0.000000 | electron momentum kIdx = 10
	Nq(0) = 16,	Nq(1) = 0.0623747,	Nq(2) = 0.108897,	Nq(3) = 0.0623747,	Nq(4) = 0.0623747,	Nq(5) = 0.108897,	Nq(6) = 0.15084,	Nq(7) = 0.108897,	Nq(8) = 0.108897,	Nq(9) = 0.15084,	Nq(10) = 0.189673,	Nq(11) = 0.15084,	Nq(12) = 0.0623747,	Nq(13) = 0.108897,	Nq(14) = 0.15084,	Nq(15) = 0.108897,	Sq(0) = 3.91852e-19,	Sq(1) = 0.234593,	Sq(2) = 0.384437,	Sq(3) = 0.234593,	Sq(4) = 0.234593,	Sq(5) = 0.384437,	Sq(6) = 0.569544,	Sq(7) = 0.384437,	Sq(8) = 0.384437,	Sq(9) = 0.569544,	Sq(10) = 8.78091,	Sq(11) = 0.569544,	Sq(12) = 0.234593,	Sq(13) = 0.384437,	Sq(14) = 0.569544,	Sq(15) = 0.384437,	N(0) = 1.77141,	N(1) = 1.55608,	N(2) = 1,	N(3) = 1.55608,	N(4) = 1.55608,	N(5) = 1,	N(6) = 0.443921,	N(7) = 1,	N(8) = 1,	N(9) = 0.443921,	N(10) = 0.228587,	N(11) = 0.443921,	N(12) = 1.55608,	N(13) = 1,	N(14) = 0.443921,	N(15) = 1,	Delta[s](0) = 0.0819665,	Delta[s](1) = 0.0685142,	Delta[s](2) = 0.0539931,	Delta[s](3) = 0.0685142,	Delta[s](4) = 0.0685142,	Delta[s](5) = 0.0539931,	Delta[s](6) = 0.0378998,	Delta[s](7) = 0.0539931,	Delta[s](8) = 0.0539931,	Delta[s](9) = 0.0378998,	Delta[s](10) = 0.0163759,	Delta[s](11) = 0.0378998,	Delta[s](12) = 0.0685142,	Delta[s](13) = 0.0539931,	Delta[s](14) = 0.0378998,	Delta[s](15) = 0.0539931,	Delta[d](0) = 0.562074,	Delta[d](1) = 0.469277,	Delta[d](2) = 0.388057,	Delta[d](3) = 0.469277,	Delta[d](4) = 0.469277,	Delta[d](5) = 0.411408,	Delta[d](6) = 0.341709,	Delta[d](7) = 0.411408,	Delta[d](8) = 0.388057,	Delta[d](9) = 0.341709,	Delta[d](10) = 0.277051,	Delta[d](11) = 0.341709,	Delta[d](12) = 0.469277,	Delta[d](13) = 0.411408,	Delta[d](14) = 0.341709,	Delta[d](15) = 0.411408,	Delta[s+](0) = 0.602036,	Delta[s+](1) = 0.505816,	Delta[s+](2) = 0.388057,	Delta[s+](3) = 0.505816,	Delta[s+](4) = 0.505816,	Delta[s+](5) = 0.388057,	Delta[s+](6) = 0.268611,	Delta[s+](7) = 0.388057,	Delta[s+](8) = 0.388057,	Delta[s+](9) = 0.268611,	Delta[s+](10) = 0.159552,	Delta[s+](11) = 0.268611,	Delta[s+](12) = 0.505816,	Delta[s+](13) = 0.388057,	Delta[s+](14) = 0.268611,	Delta[s+](15) = 0.388057
The 0-th iteration is completed.	|| time cost : 0h 8m 12.375s
********************************************************************************************************************
Start the 1 rounds of NGS-ED iteration
	effective electronic model is modified as: kinetic energy t = 0.91202
	                                           effective interaction Vq = [-3.93297,-3.52733,-3.46618,-3.52733,-3.52733,-3.46618,-3.42715,-3.46618,-3.46618,-3.42715,-3.39695,-3.42715,-3.52733,-3.46618,-3.42715,-3.46618]
	PARPACK diagonalization completed after 45 matrix-vector product operations.
	iteration results: : total energy is -81.364327 | electron energy -81.368784 + phonon energy 0.004457 | electron momentum kIdx = 10
The 1-th iteration is completed.	|| time cost : 0h 7m 18.226s
********************************************************************************************************************
Start the 2 rounds of NGS-ED iteration
	effective electronic model is modified as: kinetic energy t = 0.856149
	                                           effective interaction Vq = [-4.09329,-3.99857,-3.91082,-3.99857,-3.99857,-3.91082,-3.91029,-3.91082,-3.91082,-3.91029,-3.86091,-3.91029,-3.99857,-3.91082,-3.91029,-3.91082]
	PARPACK diagonalization completed after 30 matrix-vector product operations.
	iteration results: : total energy is -85.492975 | electron energy -85.532295 + phonon energy 0.039321 | electron momentum kIdx = 10
The 2-th iteration is completed.	|| time cost : 0h 0m 27.384s
********************************************************************************************************************
Start the 3 rounds of NGS-ED iteration
	effective electronic model is modified as: kinetic energy t = 0.842057
	                                           effective interaction Vq = [-4.09982,-4.05494,-3.96967,-4.05494,-4.05494,-3.96967,-3.98605,-3.96967,-3.96967,-3.98605,-3.92868,-3.98605,-4.05494,-3.96967,-3.98605,-3.96967]
	PARPACK diagonalization completed after 30 matrix-vector product operations.
	iteration results: : total energy is -85.688267 | electron energy -85.742917 + phonon energy 0.054650 | electron momentum kIdx = 10
The 3-th iteration is completed.	|| time cost : 0h 0m 27.318s
********************************************************************************************************************
Start the 4 rounds of NGS-ED iteration
	effective electronic model is modified as: kinetic energy t = 0.839043
	                                           effective interaction Vq = [-4.10009,-4.06408,-3.97961,-4.06408,-4.06408,-3.97961,-4.00063,-3.97961,-3.97961,-4.00063,-3.94069,-4.00063,-4.06408,-3.97961,-4.00063,-3.97961]
	PARPACK diagonalization completed after 30 matrix-vector product operations.
	iteration results: : total energy is -85.696717 | electron energy -85.755047 + phonon energy 0.058330 | electron momentum kIdx = 10
The 4-th iteration is completed.	|| time cost : 0h 0m 27.361s
********************************************************************************************************************
Start the 5 rounds of NGS-ED iteration
	effective electronic model is modified as: kinetic energy t = 0.838422
	                                           effective interaction Vq = [ -4.1001,-4.06584,-3.98143,-4.06584,-4.06584,-3.98143,-4.00369,-3.98143,-3.98143,-4.00369,-3.94296,-4.00369,-4.06584,-3.98143,-4.00369,-3.98143]
	PARPACK diagonalization completed after 30 matrix-vector product operations.
	iteration results: : total energy is -85.697074 | electron energy -85.756193 + phonon energy 0.059119 | electron momentum kIdx = 10
The 5-th iteration is completed.	|| time cost : 0h 0m 27.348s
********************************************************************************************************************
Start the 6 rounds of NGS-ED iteration
	effective electronic model is modified as: kinetic energy t = 0.838295
	                                           effective interaction Vq = [ -4.1001,-4.06619,-3.98177,-4.06619,-4.06619,-3.98177,-4.00435,-3.98177,-3.98177,-4.00435, -3.9434,-4.00435,-4.06619,-3.98177,-4.00435,-3.98177]
	PARPACK diagonalization completed after 30 matrix-vector product operations.
	iteration results: : total energy is -85.697089 | electron energy -85.756373 + phonon energy 0.059284 | electron momentum kIdx = 10
	Nq(0) = 16,	Nq(1) = 0.386911,	Nq(2) = 0.373872,	Nq(3) = 0.386911,	Nq(4) = 0.386911,	Nq(5) = 0.373872,	Nq(6) = 0.627451,	Nq(7) = 0.373872,	Nq(8) = 0.373872,	Nq(9) = 0.627451,	Nq(10) = 0.615694,	Nq(11) = 0.627451,	Nq(12) = 0.386911,	Nq(13) = 0.373872,	Nq(14) = 0.627451,	Nq(15) = 0.373872,	Sq(0) = -1.02058e-18,	Sq(1) = 0.374531,	Sq(2) = 0.408464,	Sq(3) = 0.374531,	Sq(4) = 0.374531,	Sq(5) = 0.408464,	Sq(6) = 0.624886,	Sq(7) = 0.408464,	Sq(8) = 0.408464,	Sq(9) = 0.624886,	Sq(10) = 2.63517,	Sq(11) = 0.624886,	Sq(12) = 0.374531,	Sq(13) = 0.408464,	Sq(14) = 0.624886,	Sq(15) = 0.408464,	N(0) = 1.99998,	N(1) = 1.99986,	N(2) = 1,	N(3) = 1.99986,	N(4) = 1.99986,	N(5) = 1,	N(6) = 0.000137497,	N(7) = 1,	N(8) = 1,	N(9) = 0.000137497,	N(10) = 1.55605e-05,	N(11) = 0.000137497,	N(12) = 1.99986,	N(13) = 1,	N(14) = 0.000137497,	N(15) = 1,	Delta[s](0) = 0.264339,	Delta[s](1) = 0.264115,	Delta[s](2) = 0.202798,	Delta[s](3) = 0.264115,	Delta[s](4) = 0.264115,	Delta[s](5) = 0.202798,	Delta[s](6) = 0.202381,	Delta[s](7) = 0.202798,	Delta[s](8) = 0.202798,	Delta[s](9) = 0.202381,	Delta[s](10) = 0.111077,	Delta[s](11) = 0.202381,	Delta[s](12) = 0.264115,	Delta[s](13) = 0.202798,	Delta[s](14) = 0.202381,	Delta[s](15) = 0.202798,	Delta[d](0) = 0.480676,	Delta[d](1) = 0.297531,	Delta[d](2) = 0.267482,	Delta[d](3) = 0.297531,	Delta[d](4) = 0.297531,	Delta[d](5) = 0.355364,	Delta[d](6) = 0.246368,	Delta[d](7) = 0.355364,	Delta[d](8) = 0.267482,	Delta[d](9) = 0.246368,	Delta[d](10) = 0.231051,	Delta[d](11) = 0.246368,	Delta[d](12) = 0.297531,	Delta[d](13) = 0.355364,	Delta[d](14) = 0.246368,	Delta[d](15) = 0.355364,	Delta[s+](0) = 0.485039,	Delta[s+](1) = 0.400249,	Delta[s+](2) = 0.267482,	Delta[s+](3) = 0.400249,	Delta[s+](4) = 0.400249,	Delta[s+](5) = 0.267482,	Delta[s+](6) = 0.131275,	Delta[s+](7) = 0.267482,	Delta[s+](8) = 0.267482,	Delta[s+](9) = 0.131275,	Delta[s+](10) = 0.0383623,	Delta[s+](11) = 0.131275,	Delta[s+](12) = 0.400249,	Delta[s+](13) = 0.267482,	Delta[s+](14) = 0.131275,	Delta[s+](15) = 0.267482
The 6-th iteration is completed.	|| time cost : 0h 4m 36.334s
********************************************************************************************************************
********************************************************************************************************************
Ground state is obtained after 7 iterations. The current ground-state energy is -85.6971, in which electron energy is -85.7564 and phonon energy is 0.0592839
final variational state is: 
	Gamma_x = [      1,1.01651,1.02738,1.01651,1.01651,1.02738,1.04246,1.02738,1.02738,1.04246,1.05085,1.04246,1.01651,1.02738,1.04246,1.02738]
	lambda_q = [0.506211, 0.46023,0.420241, 0.46023, 0.46023,0.420241,0.428914,0.420241,0.420241,0.428914,0.407281,0.428914, 0.46023,0.420241,0.428914,0.420241]
********************************************************************************************************************
o___o  ----------------------------------------
| L |	Time since last clock: 0h 0m 0s
A===A	Time since the beginning: 0h 21m 56.348s
***********************************************

********************************************************************************************************************
Start warm-up calculation for scaling factor 4
open output files: NGSEDWarmUpW8Obs.txt
********************************************************************************************************************
Start the 0 rounds of NGS-ED iteration
	effective electronic model is modified as: kinetic energy t = 0.838269
	                                           effective interaction Vq = [-3.74835,-3.57717,-3.40079,-3.57717,-3.57717,-3.40079,-3.44122,-3.40079,-3.40079,-3.44122,-3.33814,-3.44122,-3.57717,-3.40079,-3.44122,-3.40079]
	PARPACK diagonalization completed after 30 matrix-vector product operations.
	iteration results: : total energy is -76.561616 | electron energy -76.591275 + phonon energy 0.029659 | electron momentum kIdx = 10
	Nq(0) = 16,	Nq(1) = 0.302302,	Nq(2) = 0.335888,	Nq(3) = 0.302302,	Nq(4) = 0.302302,	Nq(5) = 0.335888,	Nq(6) = 0.507802,	Nq(7) = 0.335888,	Nq(8) = 0.335888,	Nq(9) = 0.507802,	Nq(10) = 0.545813,	Nq(11) = 0.507802,	Nq(12) = 0.302302,	Nq(13) = 0.335888,	Nq(14) = 0.507802,	Nq(15) = 0.335888,	Sq(0) = 8.86156e-18,	Sq(1) = 0.373431,	Sq(2) = 0.425885,	Sq(3) = 0.373431,	Sq(4) = 0.373431,	Sq(5) = 0.425885,	Sq(6) = 0.660503,	Sq(7) = 0.425885,	Sq(8) = 0.425885,	Sq(9) = 0.660503,	Sq(10) = 3.5074,	Sq(11) = 0.660503,	Sq(12) = 0.373431,	Sq(13) = 0.425885,	Sq(14) = 0.660503,	Sq(15) = 0.425885,	N(0) = 1.99149,	N(1) = 1.98296,	N(2) = 1,	N(3) = 1.98296,	N(4) = 1.98296,	N(5) = 1,	N(6) = 0.0170355,	N(7) = 1,	N(8) = 1,	N(9) = 0.0170355,	N(10) = 0.00850901,	N(11) = 0.0170355,	N(12) = 1.98296,	N(13) = 1,	N(14) = 0.0170355,	N(15) = 1,	Delta[s](0) = 0.221991,	Delta[s](1) = 0.211408,	Delta[s](2) = 0.176582,	Delta[s](3) = 0.211408,	Delta[s](4) = 0.211408,	Delta[s](5) = 0.176582,	Delta[s](6) = 0.16651,	Delta[s](7) = 0.176582,	Delta[s](8) = 0.176582,	Delta[s](9) = 0.16651,	Delta[s](10) = 0.107622,	Delta[s](11) = 0.16651,	Delta[s](12) = 0.211408,	Delta[s](13) = 0.176582,	Delta[s](14) = 0.16651,	Delta[s](15) = 0.176582,	Delta[d](0) = 0.491983,	Delta[d](1) = 0.337625,	Delta[d](2) = 0.300523,	Delta[d](3) = 0.337625,	Delta[d](4) = 0.337625,	Delta[d](5) = 0.370398,	Delta[d](6) = 0.282575,	Delta[d](7) = 0.370398,	Delta[d](8) = 0.300523,	Delta[d](9) = 0.282575,	Delta[d](10) = 0.250673,	Delta[d](11) = 0.282575,	Delta[d](12) = 0.337625,	Delta[d](13) = 0.370398,	Delta[d](14) = 0.282575,	Delta[d](15) = 0.370398,	Delta[s+](0) = 0.536358,	Delta[s+](1) = 0.442175,	Delta[s+](2) = 0.300523,	Delta[s+](3) = 0.442175,	Delta[s+](4) = 0.442175,	Delta[s+](5) = 0.300523,	Delta[s+](6) = 0.15869,	Delta[s+](7) = 0.300523,	Delta[s+](8) = 0.300523,	Delta[s+](9) = 0.15869,	Delta[s+](10) = 0.0539233,	Delta[s+](11) = 0.15869,	Delta[s+](12) = 0.442175,	Delta[s+](13) = 0.300523,	Delta[s+](14) = 0.15869,	Delta[s+](15) = 0.300523
The 0-th iteration is completed.	|| time cost : 0h 4m 24.627s
********************************************************************************************************************
Start the 1 rounds of NGS-ED iteration
	effective electronic model is modified as: kinetic energy t = 0.802905
	                                           effective interaction Vq = [-4.02908,-3.83675,-3.64221,-3.83675,-3.83675,-3.64221,-3.66594,-3.64221,-3.64221,-3.66594,-3.56151,-3.66594,-3.83675,-3.64221,-3.66594,-3.64221]
	PARPACK diagonalization completed after 30 matrix-vector product operations.
	iteration results: : total energy is -81.558225 | electron energy -81.673927 + phonon energy 0.115702 | electron momentum kIdx = 10
The 1-th iteration is completed.	|| time cost : 0h 0m 27.404s
********************************************************************************************************************
Start the 2 rounds of NGS-ED iteration
	effective electronic model is modified as: kinetic energy t = 0.784654
	                                           effective interaction Vq = [-4.08576,-3.93313,-3.73535,-3.93313,-3.93313,-3.73535,-3.76575,-3.73535,-3.73535,-3.76575,-3.65603,-3.76575,-3.93313,-3.73535,-3.76575,-3.73535]
	PARPACK diagonalization completed after 30 matrix-vector product operations.
	iteration results: : total energy is -82.588824 | electron energy -82.756213 + phonon energy 0.167389 | electron momentum kIdx = 10
The 2-th iteration is completed.	|| time cost : 0h 0m 27.335s
********************************************************************************************************************
Start the 3 rounds of NGS-ED iteration
	effective electronic model is modified as: kinetic energy t = 0.77579
	                                           effective interaction Vq = [-4.09721,-3.97182,-3.77351,-3.97182,-3.97182,-3.77351,-3.81113,-3.77351,-3.77351,-3.81113, -3.6967,-3.81113,-3.97182,-3.77351,-3.81113,-3.77351]
	PARPACK diagonalization completed after 30 matrix-vector product operations.
	iteration results: : total energy is -82.800532 | electron energy -82.993818 + phonon energy 0.193286 | electron momentum kIdx = 10
The 3-th iteration is completed.	|| time cost : 0h 0m 27.386s
********************************************************************************************************************
Start the 4 rounds of NGS-ED iteration
	effective electronic model is modified as: kinetic energy t = 0.771594
	                                           effective interaction Vq = [-4.09952,-3.98834,-3.78975,-3.98834,-3.98834,-3.78975, -3.8323,-3.78975,-3.78975, -3.8323,-3.71456, -3.8323,-3.98834,-3.78975, -3.8323,-3.78975]
	PARPACK diagonalization completed after 30 matrix-vector product operations.
	iteration results: : total energy is -82.843920 | electron energy -83.049646 + phonon energy 0.205726 | electron momentum kIdx = 10
The 4-th iteration is completed.	|| time cost : 0h 0m 27.454s
********************************************************************************************************************
Start the 5 rounds of NGS-ED iteration
	effective electronic model is modified as: kinetic energy t = 0.76963
	                                           effective interaction Vq = [-4.09998,-3.99567,-3.79679,-3.99567,-3.99567,-3.79679,-3.84232,-3.79679,-3.79679,-3.84232, -3.7225,-3.84232,-3.99567,-3.79679,-3.84232,-3.79679]
	PARPACK diagonalization completed after 30 matrix-vector product operations.
	iteration results: : total energy is -82.852806 | electron energy -83.064419 + phonon energy 0.211613 | electron momentum kIdx = 10
The 5-th iteration is completed.	|| time cost : 0h 0m 27.353s
********************************************************************************************************************
Start the 6 rounds of NGS-ED iteration
	effective electronic model is modified as: kinetic energy t = 0.768714
	                                           effective interaction Vq = [-4.10008,-3.99899,-3.79989,-3.99899,-3.99899,-3.79989, -3.8471,-3.79989,-3.79989, -3.8471,-3.72607, -3.8471,-3.99899,-3.79989, -3.8471,-3.79989]
	PARPACK diagonalization completed after 30 matrix-vector product operations.
	iteration results: : total energy is -82.854626 | electron energy -83.069009 + phonon energy 0.214383 | electron momentum kIdx = 10
The 6-th iteration is completed.	|| time cost : 0h 0m 27.393s
********************************************************************************************************************
Start the 7 rounds of NGS-ED iteration
	effective electronic model is modified as: kinetic energy t = 0.768287
	                                           effective interaction Vq = [ -4.1001,-4.00052,-3.80126,-4.00052,-4.00052,-3.80126, -3.8494,-3.80126,-3.80126, -3.8494,-3.72768, -3.8494,-4.00052,-3.80126, -3.8494,-3.80126]
	PARPACK diagonalization completed after 30 matrix-vector product operations.
	iteration results: : total energy is -82.855000 | electron energy -83.070683 + phonon energy 0.215683 | electron momentum kIdx = 10
The 7-th iteration is completed.	|| time cost : 0h 0m 27.379s
********************************************************************************************************************
Start the 8 rounds of NGS-ED iteration
	effective electronic model is modified as: kinetic energy t = 0.768088
	                                           effective interaction Vq = [ -4.1001,-4.00122,-3.80186,-4.00122,-4.00122,-3.80186, -3.8505,-3.80186,-3.80186, -3.8505,-3.72841, -3.8505,-4.00122,-3.80186, -3.8505,-3.80186]
	PARPACK diagonalization completed after 30 matrix-vector product operations.
	iteration results: : total energy is -82.855077 | electron energy -83.071369 + phonon energy 0.216292 | electron momentum kIdx = 10
The 8-th iteration is completed.	|| time cost : 0h 0m 27.372s
********************************************************************************************************************
Start the 9 rounds of NGS-ED iteration
	effective electronic model is modified as: kinetic energy t = 0.767995
	                                           effective interaction Vq = [ -4.1001,-4.00154,-3.80213,-4.00154,-4.00154,-3.80213,-3.85103,-3.80213,-3.80213,-3.85103,-3.72874,-3.85103,-4.00154,-3.80213,-3.85103,-3.80213]
	PARPACK diagonalization completed after 30 matrix-vector product operations.
	iteration results: : total energy is -82.855092 | electron energy -83.071671 + phonon energy 0.216578 | electron momentum kIdx = 10
	Nq(0) = 16,	Nq(1) = 0.373306,	Nq(2) = 0.362366,	Nq(3) = 0.373306,	Nq(4) = 0.373306,	Nq(5) = 0.362366,	Nq(6) = 0.590214,	Nq(7) = 0.362366,	Nq(8) = 0.362366,	Nq(9) = 0.590214,	Nq(10) = 0.588887,	Nq(11) = 0.590214,	Nq(12) = 0.373306,	Nq(13) = 0.362366,	Nq(14) = 0.590214,	Nq(15) = 0.362366,	Sq(0) = 2.07718e-18,	Sq(1) = 0.376286,	Sq(2) = 0.415396,	Sq(3) = 0.376286,	Sq(4) = 0.376286,	Sq(5) = 0.415396,	Sq(6) = 0.638826,	Sq(7) = 0.415396,	Sq(8) = 0.415396,	Sq(9) = 0.638826,	Sq(10) = 2.83001,	Sq(11) = 0.638826,	Sq(12) = 0.376286,	Sq(13) = 0.415396,	Sq(14) = 0.638826,	Sq(15) = 0.415396,	N(0) = 1.99897,	N(1) = 1.99868,	N(2) = 1,	N(3) = 1.99868,	N(4) = 1.99868,	N(5) = 1,	N(6) = 0.00131723,	N(7) = 1,	N(8) = 1,	N(9) = 0.00131723,	N(10) = 0.00102777,	N(11) = 0.00131723,	N(12) = 1.99868,	N(13) = 1,	N(14) = 0.00131723,	N(15) = 1,	Delta[s](0) = 0.241353,	Delta[s](1) = 0.237347,	Delta[s](2) = 0.199549,	Delta[s](3) = 0.237347,	Delta[s](4) = 0.237347,	Delta[s](5) = 0.199549,	Delta[s](6) = 0.195733,	Delta[s](7) = 0.199549,	Delta[s](8) = 0.199549,	Delta[s](9) = 0.195733,	Delta[s](10) = 0.137619,	Delta[s](11) = 0.195733,	Delta[s](12) = 0.237347,	Delta[s](13) = 0.199549,	Delta[s](14) = 0.195733,	Delta[s](15) = 0.199549,	Delta[d](0) = 0.491148,	Delta[d](1) = 0.331123,	Delta[d](2) = 0.297916,	Delta[d](3) = 0.331123,	Delta[d](4) = 0.331123,	Delta[d](5) = 0.374682,	Delta[d](6) = 0.279924,	Delta[d](7) = 0.374682,	Delta[d](8) = 0.297916,	Delta[d](9) = 0.279924,	Delta[d](10) = 0.259603,	Delta[d](11) = 0.279924,	Delta[d](12) = 0.331123,	Delta[d](13) = 0.374682,	Delta[d](14) = 0.279924,	Delta[d](15) = 0.374682,	Delta[s+](0) = 0.519795,	Delta[s+](1) = 0.431278,	Delta[s+](2) = 0.297916,	Delta[s+](3) = 0.431278,	Delta[s+](4) = 0.431278,	Delta[s+](5) = 0.297916,	Delta[s+](6) = 0.160805,	Delta[s+](7) = 0.297916,	Delta[s+](8) = 0.297916,	Delta[s+](9) = 0.160805,	Delta[s+](10) = 0.0611484,	Delta[s+](11) = 0.160805,	Delta[s+](12) = 0.431278,	Delta[s+](13) = 0.297916,	Delta[s+](14) = 0.160805,	Delta[s+](15) = 0.297916
The 9-th iteration is completed.	|| time cost : 0h 4m 33.503s
********************************************************************************************************************
********************************************************************************************************************
Ground state is obtained after 10 iterations. The current ground-state energy is -82.8551, in which electron energy is -83.0717 and phonon energy is 0.216578
final variational state is: 
	Gamma_x = [      1,1.05131,1.07578,1.05131,1.05131,1.07578,1.11855,1.07578,1.07578,1.11855,1.13498,1.11855,1.05131,1.07578,1.11855,1.07578]
	lambda_q = [ 0.71583,0.604991,0.522946,0.604991,0.604991,0.522946, 0.53954,0.522946,0.522946, 0.53954,0.500489, 0.53954,0.604991,0.522946, 0.53954,0.522946]
********************************************************************************************************************
o___o  ----------------------------------------
| L |	Time since last clock: 0h 0m 0s
A===A	Time since the beginning: 0h 34m 33.559s
***********************************************

********************************************************************************************************************
Start warm-up calculation for scaling factor 2
open output files: NGSEDWarmUpW4Obs.txt
********************************************************************************************************************
Start the 0 rounds of NGS-ED iteration
	effective electronic model is modified as: kinetic energy t = 0.767952
	                                           effective interaction Vq = [ -3.7482,-3.43606, -3.1417,-3.43606,-3.43606, -3.1417,-3.20558, -3.1417, -3.1417,-3.20558,-3.05174,-3.20558,-3.43606, -3.1417,-3.20558, -3.1417]
	PARPACK diagonalization completed after 45 matrix-vector product operations.
	iteration results: : total energy is -73.562823 | electron energy -73.671180 + phonon energy 0.108356 | electron momentum kIdx = 10
	Nq(0) = 16,	Nq(1) = 0.268204,	Nq(2) = 0.311026,	Nq(3) = 0.268204,	Nq(4) = 0.268204,	Nq(5) = 0.311026,	Nq(6) = 0.45406,	Nq(7) = 0.311026,	Nq(8) = 0.311026,	Nq(9) = 0.45406,	Nq(10) = 0.499632,	Nq(11) = 0.45406,	Nq(12) = 0.268204,	Nq(13) = 0.311026,	Nq(14) = 0.45406,	Nq(15) = 0.311026,	Sq(0) = -3.94217e-18,	Sq(1) = 0.364944,	Sq(2) = 0.430512,	Sq(3) = 0.364944,	Sq(4) = 0.364944,	Sq(5) = 0.430512,	Sq(6) = 0.668927,	Sq(7) = 0.430512,	Sq(8) = 0.430512,	Sq(9) = 0.668927,	Sq(10) = 4.0266,	Sq(11) = 0.668927,	Sq(12) = 0.364944,	Sq(13) = 0.430512,	Sq(14) = 0.668927,	Sq(15) = 0.430512,	N(0) = 1.97977,	N(1) = 1.96067,	N(2) = 1,	N(3) = 1.96067,	N(4) = 1.96067,	N(5) = 1,	N(6) = 0.039332,	N(7) = 1,	N(8) = 1,	N(9) = 0.039332,	N(10) = 0.0202266,	N(11) = 0.039332,	N(12) = 1.96067,	N(13) = 1,	N(14) = 0.039332,	N(15) = 1,	Delta[s](0) = 0.195944,	Delta[s](1) = 0.185377,	Delta[s](2) = 0.162187,	Delta[s](3) = 0.185377,	Delta[s](4) = 0.185377,	Delta[s](5) = 0.162187,	Delta[s](6) = 0.151516,	Delta[s](7) = 0.162187,	Delta[s](8) = 0.162187,	Delta[s](9) = 0.151516,	Delta[s](10) = 0.110782,	Delta[s](11) = 0.151516,	Delta[s](12) = 0.185377,	Delta[s](13) = 0.162187,	Delta[s](14) = 0.151516,	Delta[s](15) = 0.162187,	Delta[d](0) = 0.528845,	Delta[d](1) = 0.388704,	Delta[d](2) = 0.344874,	Delta[d](3) = 0.388704,	Delta[d](4) = 0.388704,	Delta[d](5) = 0.405346,	Delta[d](6) = 0.32583,	Delta[d](7) = 0.405346,	Delta[d](8) = 0.344874,	Delta[d](9) = 0.32583,	Delta[d](10) = 0.285459,	Delta[d](11) = 0.32583,	Delta[d](12) = 0.388704,	Delta[d](13) = 0.405346,	Delta[d](14) = 0.32583,	Delta[d](15) = 0.405346,	Delta[s+](0) = 0.599747,	Delta[s+](1) = 0.495274,	Delta[s+](2) = 0.344874,	Delta[s+](3) = 0.495274,	Delta[s+](4) = 0.495274,	Delta[s+](5) = 0.344874,	Delta[s+](6) = 0.194715,	Delta[s+](7) = 0.344874,	Delta[s+](8) = 0.344874,	Delta[s+](9) = 0.194715,	Delta[s+](10) = 0.0781604,	Delta[s+](11) = 0.194715,	Delta[s+](12) = 0.495274,	Delta[s+](13) = 0.344874,	Delta[s+](14) = 0.194715,	Delta[s+](15) = 0.344874
The 0-th iteration is completed.	|| time cost : 0h 4m 27.505s
********************************************************************************************************************
Start the 1 rounds of NGS-ED iteration
	effective electronic model is modified as: kinetic energy t = 0.762681
	                                           effective interaction Vq = [-3.94198,-3.54917,-3.21877,-3.54917,-3.54917,-3.21877,-3.25993,-3.21877,-3.21877,-3.25993,-3.10385,-3.25993,-3.54917,-3.21877,-3.25993,-3.21877]
	PARPACK diagonalization completed after 30 matrix-vector product operations.
	iteration results: : total energy is -76.794888 | electron energy -77.045159 + phonon energy 0.250271 | electron momentum kIdx = 10
The 1-th iteration is completed.	|| time cost : 0h 0m 27.506s
********************************************************************************************************************
Start the 2 rounds of NGS-ED iteration
	effective electronic model is modified as: kinetic energy t = 0.754514
	                                           effective interaction Vq = [-4.02906,-3.62711,  -3.279,-3.62711,-3.62711,  -3.279,-3.31651,  -3.279,  -3.279,-3.31651,-3.16103,-3.31651,-3.62711,  -3.279,-3.31651,  -3.279]
	PARPACK diagonalization completed after 30 matrix-vector product operations.
	iteration results: : total energy is -78.245049 | electron energy -78.588591 + phonon energy 0.343542 | electron momentum kIdx = 10
The 2-th iteration is completed.	|| time cost : 0h 0m 27.39s
********************************************************************************************************************
Start the 3 rounds of NGS-ED iteration
	effective electronic model is modified as: kinetic energy t = 0.747066
	                                           effective interaction Vq = [-4.06818,-3.68121,-3.32289,-3.68121,-3.68121,-3.32289,-3.36319,-3.32289,-3.32289,-3.36319,-3.20736,-3.36319,-3.68121,-3.32289,-3.36319,-3.32289]
	PARPACK diagonalization completed after 30 matrix-vector product operations.
	iteration results: : total energy is -78.900139 | electron energy -79.303230 + phonon energy 0.403091 | electron momentum kIdx = 10
The 3-th iteration is completed.	|| time cost : 0h 0m 27.338s
********************************************************************************************************************
Start the 4 rounds of NGS-ED iteration
	effective electronic model is modified as: kinetic energy t = 0.741114
	                                           effective interaction Vq = [-4.08576,-3.71901,-3.35401,-3.71901,-3.71901,-3.35401,-3.39902,-3.35401,-3.35401,-3.39902,-3.24186,-3.39902,-3.71901,-3.35401,-3.39902,-3.35401]
	PARPACK diagonalization completed after 30 matrix-vector product operations.
	iteration results: : total energy is -79.196826 | electron energy -79.639587 + phonon energy 0.442761 | electron momentum kIdx = 10
The 4-th iteration is completed.	|| time cost : 0h 0m 27.366s
********************************************************************************************************************
Start the 5 rounds of NGS-ED iteration
	effective electronic model is modified as: kinetic energy t = 0.736598
	                                           effective interaction Vq = [-4.09366,-3.74556,-3.37585,-3.74556,-3.74556,-3.37585,-3.42582,-3.37585,-3.37585,-3.42582,-3.26681,-3.42582,-3.74556,-3.37585,-3.42582,-3.37585]
	PARPACK diagonalization completed after 30 matrix-vector product operations.
	iteration results: : total energy is -79.331410 | electron energy -79.801641 + phonon energy 0.470232 | electron momentum kIdx = 10
The 5-th iteration is completed.	|| time cost : 0h 0m 27.315s
********************************************************************************************************************
Start the 6 rounds of NGS-ED iteration
	effective electronic model is modified as: kinetic energy t = 0.733251
	                                           effective interaction Vq = [-4.09721,-3.76432,-3.39114,-3.76432,-3.76432,-3.39114,-3.44565,-3.39114,-3.39114,-3.44565,-3.28468,-3.44565,-3.76432,-3.39114,-3.44565,-3.39114]
	PARPACK diagonalization completed after 30 matrix-vector product operations.
	iteration results: : total energy is -79.392552 | electron energy -79.882268 + phonon energy 0.489716 | electron momentum kIdx = 10
The 6-th iteration is completed.	|| time cost : 0h 0m 27.411s
********************************************************************************************************************
Start the 7 rounds of NGS-ED iteration
	effective electronic model is modified as: kinetic energy t = 0.730798
	                                           effective interaction Vq = [ -4.0988,-3.77763,-3.40185,-3.77763,-3.77763,-3.40185,-3.46028,-3.40185,-3.40185,-3.46028,-3.29744,-3.46028,-3.77763,-3.40185,-3.46028,-3.40185]
	PARPACK diagonalization completed after 30 matrix-vector product operations.
	iteration results: : total energy is -79.420375 | electron energy -79.924089 + phonon energy 0.503714 | electron momentum kIdx = 10
The 7-th iteration is completed.	|| time cost : 0h 0m 27.38s
********************************************************************************************************************
Start the 8 rounds of NGS-ED iteration
	effective electronic model is modified as: kinetic energy t = 0.729011
	                                           effective interaction Vq = [-4.09952,-3.78711,-3.40936,-3.78711,-3.78711,-3.40936,-3.47103,-3.40936,-3.40936,-3.47103,-3.30655,-3.47103,-3.78711,-3.40936,-3.47103,-3.40936]
	PARPACK diagonalization completed after 30 matrix-vector product operations.
	iteration results: : total energy is -79.433061 | electron energy -79.946893 + phonon energy 0.513832 | electron momentum kIdx = 10
The 8-th iteration is completed.	|| time cost : 0h 0m 27.367s
********************************************************************************************************************
Start the 9 rounds of NGS-ED iteration
	effective electronic model is modified as: kinetic energy t = 0.727713
	                                           effective interaction Vq = [-4.09984,-3.79388,-3.41464,-3.79388,-3.79388,-3.41464,-3.47894,-3.41464,-3.41464,-3.47894,-3.31305,-3.47894,-3.79388,-3.41464,-3.47894,-3.41464]
	PARPACK diagonalization completed after 30 matrix-vector product operations.
	iteration results: : total energy is -79.438857 | electron energy -79.960022 + phonon energy 0.521166 | electron momentum kIdx = 10
The 9-th iteration is completed.	|| time cost : 0h 0m 27.409s
********************************************************************************************************************
Start the 10 rounds of NGS-ED iteration
	effective electronic model is modified as: kinetic energy t = 0.726772
	                                           effective interaction Vq = [-4.09998,-3.79873,-3.41836,-3.79873,-3.79873,-3.41836,-3.48475,-3.41836,-3.41836,-3.48475, -3.3177,-3.48475,-3.79873,-3.41836,-3.48475,-3.41836]
	PARPACK diagonalization completed after 30 matrix-vector product operations.
	iteration results: : total energy is -79.441511 | electron energy -79.967999 + phonon energy 0.526488 | electron momentum kIdx = 10
	Nq(0) = 16,	Nq(1) = 0.323231,	Nq(2) = 0.33337,	Nq(3) = 0.323231,	Nq(4) = 0.323231,	Nq(5) = 0.33337,	Nq(6) = 0.505839,	Nq(7) = 0.33337,	Nq(8) = 0.33337,	Nq(9) = 0.505839,	Nq(10) = 0.534874,	Nq(11) = 0.505839,	Nq(12) = 0.323231,	Nq(13) = 0.33337,	Nq(14) = 0.505839,	Nq(15) = 0.33337,	Sq(0) = -4.65454e-18,	Sq(1) = 0.374352,	Sq(2) = 0.427793,	Sq(3) = 0.374352,	Sq(4) = 0.374352,	Sq(5) = 0.427793,	Sq(6) = 0.664746,	Sq(7) = 0.427793,	Sq(8) = 0.427793,	Sq(9) = 0.664746,	Sq(10) = 3.42548,	Sq(11) = 0.664746,	Sq(12) = 0.374352,	Sq(13) = 0.427793,	Sq(14) = 0.664746,	Sq(15) = 0.427793,	N(0) = 1.9899,	N(1) = 1.98413,	N(2) = 1,	N(3) = 1.98413,	N(4) = 1.98413,	N(5) = 1,	N(6) = 0.0158654,	N(7) = 1,	N(8) = 1,	N(9) = 0.0158654,	N(10) = 0.010095,	N(11) = 0.0158654,	N(12) = 1.98413,	N(13) = 1,	N(14) = 0.0158654,	N(15) = 1,	Delta[s](0) = 0.210042,	Delta[s](1) = 0.202584,	Delta[s](2) = 0.179941,	Delta[s](3) = 0.202584,	Delta[s](4) = 0.202584,	Delta[s](5) = 0.179941,	Delta[s](6) = 0.172604,	Delta[s](7) = 0.179941,	Delta[s](8) = 0.179941,	Delta[s](9) = 0.172604,	Delta[s](10) = 0.135245,	Delta[s](11) = 0.172604,	Delta[s](12) = 0.202584,	Delta[s](13) = 0.179941,	Delta[s](14) = 0.172604,	Delta[s](15) = 0.179941,	Delta[d](0) = 0.567444,	Delta[d](1) = 0.414724,	Delta[d](2) = 0.371642,	Delta[d](3) = 0.414724,	Delta[d](4) = 0.414724,	Delta[d](5) = 0.440731,	Delta[d](6) = 0.352228,	Delta[d](7) = 0.440731,	Delta[d](8) = 0.371642,	Delta[d](9) = 0.352228,	Delta[d](10) = 0.316999,	Delta[d](11) = 0.352228,	Delta[d](12) = 0.414724,	Delta[d](13) = 0.440731,	Delta[d](14) = 0.352228,	Delta[d](15) = 0.440731,	Delta[s+](0) = 0.635779,	Delta[s+](1) = 0.527355,	Delta[s+](2) = 0.371642,	Delta[s+](3) = 0.527355,	Delta[s+](4) = 0.527355,	Delta[s+](5) = 0.371642,	Delta[s+](6) = 0.213421,	Delta[s+](7) = 0.371642,	Delta[s+](8) = 0.371642,	Delta[s+](9) = 0.213421,	Delta[s+](10) = 0.0916582,	Delta[s+](11) = 0.213421,	Delta[s+](12) = 0.527355,	Delta[s+](13) = 0.371642,	Delta[s+](14) = 0.213421,	Delta[s+](15) = 0.371642
The 10-th iteration is completed.	|| time cost : 0h 4m 23.44s
********************************************************************************************************************
Start the 11 rounds of NGS-ED iteration
	effective electronic model is modified as: kinetic energy t = 0.72609
	                                           effective interaction Vq = [-4.10005,-3.80222,-3.42099,-3.80222,-3.80222,-3.42099,-3.48902,-3.42099,-3.42099,-3.48902,-3.32103,-3.48902,-3.80222,-3.42099,-3.48902,-3.42099]
	PARPACK diagonalization completed after 30 matrix-vector product operations.
	iteration results: : total energy is -79.442731 | electron energy -79.973082 + phonon energy 0.530351 | electron momentum kIdx = 10
The 11-th iteration is completed.	|| time cost : 0h 0m 27.455s
********************************************************************************************************************
Start the 12 rounds of NGS-ED iteration
	effective electronic model is modified as: kinetic energy t = 0.725596
	                                           effective interaction Vq = [-4.10008,-3.80472,-3.42285,-3.80472,-3.80472,-3.42285,-3.49215,-3.42285,-3.42285,-3.49215,-3.32341,-3.49215,-3.80472,-3.42285,-3.49215,-3.42285]
	PARPACK diagonalization completed after 30 matrix-vector product operations.
	iteration results: : total energy is -79.443293 | electron energy -79.976449 + phonon energy 0.533156 | electron momentum kIdx = 10
The 12-th iteration is completed.	|| time cost : 0h 0m 27.418s
********************************************************************************************************************
Start the 13 rounds of NGS-ED iteration
	effective electronic model is modified as: kinetic energy t = 0.725238
