SNEDics v3.2 diagonalization test program		Start at Tue May  7 07:53:47 2019

parallized on 80 MPI threads  * 6 OpenMP threads = 480 total threads.
************************************************************************************
************************************************************************************

Input file "model_params.in"
Hubbard-Holstein model parameters : 	t = 1    U = 4.5    g = 4.4721    W = 5    
************************************************************************************
Input file "hilbertspace_params.in"

Cluster Positions:				Cluster symmetry group : D4
 x ... x ... x ... x .....                       x ... x ... x ... x .....
 |           |           :                       |           |           :
 |           |           :                       |           |           :
12    13    14    15     x                       1     5     6     5     x
 |           |           :                       |           |           :
 |           |           :                       |           |           :
 8 --- 9 ---10 ---11 --- x                       2 --- 6 ---10 --- 6 --- x
 |           |           :                       |           |           :
 |           |           :                       |           |           :
 4     5     6     7     x                       1     5     6     5     x
 |           |           :                       |           |           :
 |           |           :                       |           |           :
 0 --- 1 --- 2 --- 3 --- x                       0 --- 1 --- 2 --- 1 --- x
orbital number : 1
************************************************************************************
** NOTE ** Detected low phonon energy W < 10. The initial state will be prepared through a warm-up process.
starting warm-up calculation for scaling factor 2
0 rounds of non-Gaussian ED iteration : ground-state energy is -12.5789 | electron energy -12.5789 + phonon energy 0 | electron momentum kIdx = 10
Nq = 	16	0.146167	0.21675	0.146167	0.146167	0.21675	0.294726	0.21675	0.21675	0.294726	0.356303	0.294726	0.146167	0.21675	0.294726	0.21675
Sq = 	1.12795e-18	0.302315	0.415826	0.302315	0.302315	0.415826	0.6224	0.415826	0.415826	0.6224	6.38581	0.6224	0.302315	0.415826	0.6224	0.415826
1 rounds of non-Gaussian ED iteration : ground-state energy is -84.6757 | electron energy -84.6843 + phonon energy 0.00850677 | electron momentum kIdx = 10
Nq = 	16	0.415146	0.715496	0.415146	0.415146	0.715496	0.681351	0.715496	0.715496	0.681351	1.64776	0.681351	0.415146	0.715496	0.681351	0.715496
Sq = 	-3.30512e-18	0.289659	0.332632	0.289659	0.289659	0.332632	0.495167	0.332632	0.332632	0.495167	0.538181	0.495167	0.289659	0.332632	0.495167	0.332632
2 rounds of non-Gaussian ED iteration : ground-state energy is -98.1461 | electron energy -98.2229 + phonon energy 0.0767701 | electron momentum kIdx = 10
Nq = 	16	0.300196	0.393281	0.300196	0.300196	0.393281	0.583085	0.393281	0.393281	0.583085	6.19762	0.583085	0.300196	0.393281	0.583085	0.393281
Sq = 	-4.54843e-19	0.171951	0.245402	0.171951	0.171951	0.245402	0.336717	0.245402	0.245402	0.336717	0.402488	0.336717	0.171951	0.245402	0.336717	0.245402
3 rounds of non-Gaussian ED iteration : ground-state energy is -100.43 | electron energy -100.545 + phonon energy 0.115123 | electron momentum kIdx = 10
Nq = 	16	0.214773	0.307393	0.214773	0.214773	0.307393	0.463399	0.307393	0.307393	0.463399	8.09619	0.463399	0.214773	0.307393	0.463399	0.307393
Sq = 	1.21805e-19	0.13981	0.212139	0.13981	0.13981	0.212139	0.29016	0.212139	0.212139	0.29016	0.354049	0.29016	0.13981	0.212139	0.29016	0.212139
4 rounds of non-Gaussian ED iteration : ground-state energy is -100.754 | electron energy -100.872 + phonon energy 0.117783 | electron momentum kIdx = 10
Nq = 	16	0.192952	0.284686	0.192952	0.192952	0.284686	0.427351	0.284686	0.284686	0.427351	8.58558	0.427351	0.192952	0.284686	0.427351	0.284686
Sq = 	-1.21611e-18	0.132938	0.204689	0.132938	0.132938	0.204689	0.280356	0.204689	0.204689	0.280356	0.343771	0.280356	0.132938	0.204689	0.280356	0.204689
5 rounds of non-Gaussian ED iteration : ground-state energy is -100.8 | electron energy -100.915 + phonon energy 0.115318 | electron momentum kIdx = 10
Nq = 	16	0.184078	0.27516	0.184078	0.184078	0.27516	0.411722	0.27516	0.27516	0.411722	8.77838	0.411722	0.184078	0.27516	0.411722	0.27516
Sq = 	-1.92615e-18	0.130697	0.202342	0.130697	0.130697	0.202342	0.277438	0.202342	0.202342	0.277438	0.340863	0.277438	0.130697	0.202342	0.277438	0.202342
6 rounds of non-Gaussian ED iteration : ground-state energy is -100.808 | electron energy -100.921 + phonon energy 0.112935 | electron momentum kIdx = 10
Nq = 	16	0.179468	0.270174	0.179468	0.179468	0.270174	0.403366	0.270174	0.270174	0.403366	8.87762	0.403366	0.179468	0.270174	0.403366	0.270174
Sq = 	-2.0624e-18	0.12962	0.201242	0.12962	0.12962	0.201242	0.276119	0.201242	0.201242	0.276119	0.339596	0.276119	0.12962	0.201242	0.276119	0.201242
7 rounds of non-Gaussian ED iteration : ground-state energy is -100.809 | electron energy -100.921 + phonon energy 0.111204 | electron momentum kIdx = 10
Nq = 	16	0.1769	0.26739	0.1769	0.1769	0.26739	0.398643	0.26739	0.26739	0.398643	8.93299	0.398643	0.1769	0.26739	0.398643	0.26739
Sq = 	-1.67108e-18	0.129025	0.200641	0.129025	0.129025	0.200641	0.275409	0.200641	0.200641	0.275409	0.338924	0.275409	0.129025	0.200641	0.275409	0.200641
Ground state is obtained after 8 iterations. The current ground-state energy is -100.81, in which electron energy is -100.92 and phonon energy is 0.110073
final variational state is: 
Gamma_x =       1 1.02392 1.04191 1.02392 1.02392 1.04191 1.06269 1.04191 1.04191 1.06269 1.13866 1.06269 1.02392 1.04191 1.06269 1.04191
lambda_q = 0.632238 0.500376 0.470511 0.500376 0.500376 0.470511 0.472201 0.470511 0.470511 0.472201 0.620483 0.472201 0.500376 0.470511 0.472201 0.470511
o___o  -------------------------------------
| L |	Time since last clock: 0h 43m 9.856s
A===A	Time since the beginning: 0h 43m 9.856s
********************************************

************************************************************************************
Warm up completed
o___o  -------------------------------------
| L |	Time since last clock: 0h 0m 0.027s
A===A	Time since the beginning: 0h 43m 9.884s
********************************************

************************************************************************************
0 rounds of non-Gaussian ED iteration : ground-state energy is -89.678 | electron energy -89.7331 + phonon energy 0.0550364 | electron momentum kIdx = 10
Nq = 	16	0.158018	0.242697	0.158018	0.158018	0.242697	0.354241	0.242697	0.242697	0.354241	9.08611	0.354241	0.158018	0.242697	0.354241	0.242697
Sq = 	-5.93597e-18	0.13831	0.214593	0.13831	0.13831	0.214593	0.299275	0.214593	0.214593	0.299275	0.37077	0.299275	0.13831	0.214593	0.299275	0.214593
1 rounds of non-Gaussian ED iteration : ground-state energy is -95.4344 | electron energy -95.6017 + phonon energy 0.167315 | electron momentum kIdx = 10
Nq = 	16	0.111283	0.186583	0.111283	0.111283	0.186583	0.269034	0.186583	0.186583	0.269034	10.7082	0.269034	0.111283	0.186583	0.269034	0.186583
Sq = 	-5.03496e-19	0.101014	0.168385	0.101014	0.101014	0.168385	0.235092	0.168385	0.168385	0.235092	0.296324	0.235092	0.101014	0.168385	0.235092	0.168385
2 rounds of non-Gaussian ED iteration : ground-state energy is -97.5417 | electron energy -97.7524 + phonon energy 0.210696 | electron momentum kIdx = 10
Nq = 	16	0.0941248	0.162869	0.0941248	0.0941248	0.162869	0.23408	0.162869	0.162869	0.23408	11.3486	0.23408	0.0941248	0.162869	0.23408	0.162869
Sq = 	-1.49901e-18	0.0876562	0.150184	0.0876562	0.0876562	0.150184	0.210611	0.150184	0.150184	0.210611	0.267186	0.210611	0.0876562	0.150184	0.210611	0.150184
3 rounds of non-Gaussian ED iteration : ground-state energy is -98.2747 | electron energy -98.4945 + phonon energy 0.219794 | electron momentum kIdx = 10
Nq = 	16	0.0866776	0.15193	0.0866776	0.0866776	0.15193	0.218004	0.15193	0.15193	0.218004	11.6342	0.218004	0.0866776	0.15193	0.218004	0.15193
Sq = 	-5.58349e-20	0.0819604	0.142182	0.0819604	0.0819604	0.142182	0.200004	0.142182	0.142182	0.200004	0.254557	0.200004	0.0819604	0.142182	0.200004	0.142182
4 rounds of non-Gaussian ED iteration : ground-state energy is -98.5267 | electron energy -98.7454 + phonon energy 0.218666 | electron momentum kIdx = 10
Nq = 	16	0.0828283	0.146098	0.0828283	0.0828283	0.146098	0.209423	0.146098	0.146098	0.209423	11.784	0.209423	0.0828283	0.146098	0.209423	0.146098
Sq = 	1.7082e-19	0.0790313	0.138015	0.0790313	0.0790313	0.138015	0.194528	0.138015	0.138015	0.194528	0.248054	0.194528	0.0790313	0.138015	0.194528	0.138015
5 rounds of non-Gaussian ED iteration : ground-state energy is -98.6141 | electron energy -98.8294 + phonon energy 0.215254 | electron momentum kIdx = 10
Nq = 	16	0.0806231	0.142699	0.0806231	0.0806231	0.142699	0.204417	0.142699	0.142699	0.204417	11.8709	0.204417	0.0806231	0.142699	0.204417	0.142699
Sq = 	2.34566e-19	0.0773448	0.135598	0.0773448	0.0773448	0.135598	0.191363	0.135598	0.135598	0.191363	0.244301	0.191363	0.0773448	0.135598	0.191363	0.135598
6 rounds of non-Gaussian ED iteration : ground-state energy is -98.6448 | electron energy -98.8567 + phonon energy 0.211872 | electron momentum kIdx = 10
Nq = 	16	0.079295	0.140629	0.079295	0.079295	0.140629	0.201369	0.140629	0.140629	0.201369	11.9238	0.201369	0.079295	0.140629	0.201369	0.140629
Sq = 	-4.3667e-19	0.0763214	0.134124	0.0763214	0.0763214	0.134124	0.189436	0.134124	0.134124	0.189436	0.242016	0.189436	0.0763214	0.134124	0.189436	0.134124
7 rounds of non-Gaussian ED iteration : ground-state energy is -98.6558 | electron energy -98.8649 + phonon energy 0.209129 | electron momentum kIdx = 10
Nq = 	16	0.0784766	0.139346	0.0784766	0.0784766	0.139346	0.199478	0.139346	0.139346	0.199478	11.9566	0.199478	0.0784766	0.139346	0.199478	0.139346
Sq = 	2.36233e-19	0.0756865	0.133206	0.0756865	0.0756865	0.133206	0.188237	0.133206	0.133206	0.188237	0.240594	0.188237	0.0756865	0.133206	0.188237	0.133206
8 rounds of non-Gaussian ED iteration : ground-state energy is -98.6597 | electron energy -98.8668 + phonon energy 0.20709 | electron momentum kIdx = 10
Nq = 	16	0.0779671	0.138543	0.0779671	0.0779671	0.138543	0.198295	0.138543	0.138543	0.198295	11.9771	0.198295	0.0779671	0.138543	0.198295	0.138543
Sq = 	-6.62385e-19	0.0752894	0.132631	0.0752894	0.0752895	0.132631	0.187485	0.132631	0.132631	0.187485	0.239703	0.187485	0.0752895	0.132631	0.187485	0.132631
9 rounds of non-Gaussian ED iteration : ground-state energy is -98.6612 | electron energy -98.8668 + phonon energy 0.205648 | electron momentum kIdx = 10
Nq = 	16	0.0776483	0.138039	0.0776483	0.0776483	0.138039	0.197553	0.138039	0.138039	0.197553	11.99	0.197553	0.0776483	0.138039	0.197553	0.138039
Sq = 	1.06799e-18	0.0750402	0.13227	0.0750402	0.0750402	0.13227	0.187013	0.13227	0.13227	0.187013	0.239143	0.187013	0.0750402	0.13227	0.187013	0.13227
10 rounds of non-Gaussian ED iteration : ground-state energy is -98.6617 | electron energy -98.8664 + phonon energy 0.20466 | electron momentum kIdx = 10
Nq = 	16	0.0774483	0.137723	0.0774483	0.0774483	0.137723	0.197086	0.137723	0.137723	0.197086	11.9981	0.197086	0.0774483	0.137723	0.197086	0.137723
Sq = 	-8.31653e-20	0.0748836	0.132043	0.0748836	0.0748836	0.132043	0.186716	0.132043	0.132043	0.186716	0.238791	0.186716	0.0748836	0.132043	0.186716	0.132043
11 rounds of non-Gaussian ED iteration : ground-state energy is -98.6619 | electron energy -98.8659 + phonon energy 0.203999 | electron momentum kIdx = 10
Nq = 	16	0.0773226	0.137524	0.0773226	0.0773226	0.137524	0.196792	0.137524	0.137524	0.196792	12.0032	0.196792	0.0773226	0.137524	0.196792	0.137524
Sq = 	-2.13032e-19	0.0747852	0.1319	0.0747852	0.0747852	0.1319	0.18653	0.1319	0.1319	0.18653	0.238569	0.18653	0.0747852	0.1319	0.18653	0.1319
12 rounds of non-Gaussian ED iteration : ground-state energy is -98.662 | electron energy -98.8655 + phonon energy 0.203562 | electron momentum kIdx = 10
Nq = 	16	0.0772437	0.137398	0.0772437	0.0772437	0.137398	0.196608	0.137398	0.137398	0.196608	12.0064	0.196608	0.0772437	0.137398	0.196608	0.137398
Sq = 	1.74607e-19	0.0747233	0.13181	0.0747233	0.0747233	0.13181	0.186413	0.13181	0.13181	0.186413	0.23843	0.186413	0.0747233	0.13181	0.186413	0.13181
13 rounds of non-Gaussian ED iteration : ground-state energy is -98.662 | electron energy -98.8653 + phonon energy 0.203277 | electron momentum kIdx = 10
Nq = 	16	0.077194	0.13732	0.077194	0.077194	0.13732	0.196491	0.13732	0.13732	0.196491	12.0084	0.196491	0.077194	0.13732	0.196491	0.13732
Sq = 	-8.37428e-19	0.0746843	0.131753	0.0746843	0.0746843	0.131753	0.186339	0.131753	0.131753	0.186339	0.238343	0.186339	0.0746843	0.131753	0.186339	0.131753
14 rounds of non-Gaussian ED iteration : ground-state energy is -98.662 | electron energy -98.8651 + phonon energy 0.203092 | electron momentum kIdx = 10
Nq = 	16	0.0771628	0.13727	0.0771628	0.0771628	0.13727	0.196418	0.13727	0.13727	0.196418	12.0097	0.196418	0.0771628	0.13727	0.196418	0.13727
Sq = 	-4.03095e-20	0.0746598	0.131718	0.0746598	0.0746598	0.131718	0.186292	0.131718	0.131718	0.186292	0.238288	0.186292	0.0746598	0.131718	0.186292	0.131718
15 rounds of non-Gaussian ED iteration : ground-state energy is -98.662 | electron energy -98.865 + phonon energy 0.202974 | electron momentum kIdx = 10
Nq = 	16	0.0771431	0.137239	0.0771431	0.0771431	0.137239	0.196372	0.137239	0.137239	0.196372	12.0105	0.196372	0.0771431	0.137239	0.196372	0.137239
Sq = 	1.30349e-19	0.0746444	0.131695	0.0746444	0.0746444	0.131695	0.186263	0.131695	0.131695	0.186263	0.238253	0.186263	0.0746444	0.131695	0.186263	0.131695
16 rounds of non-Gaussian ED iteration : ground-state energy is -98.662 | electron energy -98.8649 + phonon energy 0.202898 | electron momentum kIdx = 10
Nq = 	16	0.0771307	0.137219	0.0771307	0.0771307	0.137219	0.196343	0.137219	0.137219	0.196343	12.011	0.196343	0.0771307	0.137219	0.196343	0.137219
Sq = 	5.64373e-19	0.0746347	0.131681	0.0746347	0.0746347	0.131681	0.186245	0.131681	0.131681	0.186245	0.238232	0.186245	0.0746347	0.131681	0.186245	0.131681
Ground state is obtained after 17 iterations. The current ground-state energy is -98.662, in which electron energy is -98.8649 and phonon energy is 0.20285
final variational state is: 
Gamma_x =       1 1.03134 1.05632 1.03134 1.03134 1.05632 1.08142 1.05632 1.05632 1.08142 1.40335 1.08142 1.03134 1.05632 1.08142 1.05632
lambda_q = 0.894367 0.449958 0.429137 0.449958 0.449958 0.429137 0.423851 0.429137 0.429137 0.423851 0.878041 0.423851 0.449958 0.429137 0.423851 0.429137
o___o  -------------------------------------
| L |	Time since last clock: 1h 26m 27.954s
A===A	Time since the beginning: 2h 9m 37.838s
********************************************

************************************************************************************
