TACC:  Starting up job 4328861 
TACC:  Starting parallel tasks... 
SNEDics v3.4 Non-Gaussian ED ground state program		Start at Sat Sep 14 23:25:01 2019

parallized on 32 MPI threads  * 6 OpenMP threads = 192 total threads.
********************************************************************************************************************
********************************************************************************************************************

********************************************************************************************************************
System parameters and configurations
********************************************************************************************************************
Special program options are enabled: splitted diagonal Hamiltonian
********************************************************************************************************************
Read input file "model_params.in"
	Hubbard-Holstein model parameters : 	t = 1    U = 8    g = 1.5811    W = 5    
********************************************************************************************************************
Read input file "hilbertspace_params.in"
	Requested 16-site 2D lattice, with 16 electrons (8, 8)
	Boundary : Periodic		Hilbert space representation : momentum-space (restricted to kIdx = 10)
	Conservation: particle number[U(1)]      spin[U(1)]     momentum
********************************************************************************************************************

Cluster Positions:				Cluster symmetry group : D4
 x ... x ... x ... x .....                       x ... x ... x ... x .....
 |           |           :                       |           |           :
 |           |           :                       |           |           :
12    13    14    15     x                       1     5     6     5     x
 |           |           :                       |           |           :
 |           |           :                       |           |           :
 8 --- 9 ---10 ---11 --- x                       2 --- 6 ---10 --- 6 --- x
 |           |           :                       |           |           :
 |           |           :                       |           |           :
 4     5     6     7     x                       1     5     6     5     x
 |           |           :                       |           |           :
 |           |           :                       |           |           :
 0 --- 1 --- 2 --- 3 --- x                       0 --- 1 --- 2 --- 1 --- x
orbital number : 1
********************************************************************************************************************
Read input file "obs_params.in"
	Observable Type : Nq(All),   Sq(All),   N(All),   Delta[s](All),   Delta[d](All),   Delta[s+](All)
********************************************************************************************************************
** WARNING ** the input observables have non-local factors which have been reinterpreted. The total observable number is 96
********************************************************************************************************************


********************************************************************************************************************
Start calculating the non-Gaussian ED ground state
** WARNING ** Detected low phonon energy W < 10. The initial state will be prepared through a warm-up process.
********************************************************************************************************************
Start warm-up calculation for scaling factor 2
open output files: NGSEDWarmUpW10Obs.txt
********************************************************************************************************************
Start the 0 rounds of NGS-ED iteration
	effective electronic model is modified as: kinetic energy t = 1
	                                           effective interaction Vq = [0,0,0,0,0,0,0,0,0,0,0,0,0,0,0,0]
	first Hamiltonian is constructed, non-zero numbers = 2845334624
	PARPACK diagonalization completed after 120 matrix-vector product operations.
	iteration results: : total energy is -8.284915 | electron energy -8.284915 + phonon energy 0.000000 | electron momentum kIdx = 10
	Nq(0) = 16,	Nq(1) = 0.0623747,	Nq(2) = 0.108897,	Nq(3) = 0.0623747,	Nq(4) = 0.0623747,	Nq(5) = 0.108897,	Nq(6) = 0.15084,	Nq(7) = 0.108897,	Nq(8) = 0.108897,	Nq(9) = 0.15084,	Nq(10) = 0.189673,	Nq(11) = 0.15084,	Nq(12) = 0.0623747,	Nq(13) = 0.108897,	Nq(14) = 0.15084,	Nq(15) = 0.108897,	Sq(0) = 7.07869e-20,	Sq(1) = 0.234593,	Sq(2) = 0.384437,	Sq(3) = 0.234593,	Sq(4) = 0.234593,	Sq(5) = 0.384437,	Sq(6) = 0.569544,	Sq(7) = 0.384437,	Sq(8) = 0.384437,	Sq(9) = 0.569544,	Sq(10) = 8.78091,	Sq(11) = 0.569544,	Sq(12) = 0.234593,	Sq(13) = 0.384437,	Sq(14) = 0.569544,	Sq(15) = 0.384437,	N(0) = 1.77141,	N(1) = 1.55608,	N(2) = 1,	N(3) = 1.55608,	N(4) = 1.55608,	N(5) = 1,	N(6) = 0.443921,	N(7) = 1,	N(8) = 1,	N(9) = 0.443921,	N(10) = 0.228587,	N(11) = 0.443921,	N(12) = 1.55608,	N(13) = 1,	N(14) = 0.443921,	N(15) = 1,	Delta[s](0) = 0.0931812,	Delta[s](1) = 0.0745316,	Delta[s](2) = 0.0543894,	Delta[s](3) = 0.0745316,	Delta[s](4) = 0.0745316,	Delta[s](5) = 0.0543894,	Delta[s](6) = 0.0320508,	Delta[s](7) = 0.0543894,	Delta[s](8) = 0.0543894,	Delta[s](9) = 0.0320508,	Delta[s](10) = 0.0021098,	Delta[s](11) = 0.0320508,	Delta[s](12) = 0.0745316,	Delta[s](13) = 0.0543894,	Delta[s](14) = 0.0320508,	Delta[s](15) = 0.0543894,	Delta[d](0) = 0.558544,	Delta[d](1) = 0.461307,	Delta[d](2) = 0.378479,	Delta[d](3) = 0.461307,	Delta[d](4) = 0.461307,	Delta[d](5) = 0.403687,	Delta[d](6) = 0.333263,	Delta[d](7) = 0.403687,	Delta[d](8) = 0.378479,	Delta[d](9) = 0.333263,	Delta[d](10) = 0.267734,	Delta[d](11) = 0.333263,	Delta[d](12) = 0.461307,	Delta[d](13) = 0.403687,	Delta[d](14) = 0.333263,	Delta[d](15) = 0.403687,	Delta[s+](0) = 0.598071,	Delta[s+](1) = 0.500293,	Delta[s+](2) = 0.378479,	Delta[s+](3) = 0.500293,	Delta[s+](4) = 0.500293,	Delta[s+](5) = 0.378479,	Delta[s+](6) = 0.255652,	Delta[s+](7) = 0.378479,	Delta[s+](8) = 0.378479,	Delta[s+](9) = 0.255652,	Delta[s+](10) = 0.145788,	Delta[s+](11) = 0.255652,	Delta[s+](12) = 0.500293,	Delta[s+](13) = 0.378479,	Delta[s+](14) = 0.255652,	Delta[s+](15) = 0.378479
The 0-th iteration is completed.	|| time cost : 0h 5m 38.062s
********************************************************************************************************************
Start the 1 rounds of NGS-ED iteration
	effective electronic model is modified as: kinetic energy t = 0.989935
	                                           effective interaction Vq = [-0.432311,-0.360764,-0.351121,-0.360764,-0.360764,-0.351121,-0.344989,-0.351121,-0.351121,-0.344989,-0.340245,-0.344989,-0.360764,-0.351121,-0.344989,-0.351121]
	PARPACK diagonalization completed after 45 matrix-vector product operations.
	iteration results: : total energy is -15.675066 | electron energy -15.675124 + phonon energy 0.000059 | electron momentum kIdx = 10
The 1-th iteration is completed.	|| time cost : 0h 3m 30.143s
********************************************************************************************************************
Start the 2 rounds of NGS-ED iteration
	effective electronic model is modified as: kinetic energy t = 0.985927
	                                           effective interaction Vq = [-0.490818,-0.408378,-0.394083,-0.408378,-0.408378,-0.394083, -0.38544,-0.394083,-0.394083, -0.38544,-0.378714, -0.38544,-0.408378,-0.394083, -0.38544,-0.394083]
	PARPACK diagonalization completed after 45 matrix-vector product operations.
	iteration results: : total energy is -16.628407 | electron energy -16.628683 + phonon energy 0.000276 | electron momentum kIdx = 10
The 2-th iteration is completed.	|| time cost : 0h 0m 24.181s
********************************************************************************************************************
Start the 3 rounds of NGS-ED iteration
	effective electronic model is modified as: kinetic energy t = 0.985124
	                                           effective interaction Vq = [-0.498736,-0.416949,-0.401256,-0.416949,-0.416949,-0.401256,-0.391905,-0.401256,-0.401256,-0.391905,-0.384641,-0.391905,-0.416949,-0.401256,-0.391905,-0.401256]
	PARPACK diagonalization completed after 30 matrix-vector product operations.
	iteration results: : total energy is -16.755697 | electron energy -16.756083 + phonon energy 0.000386 | electron momentum kIdx = 10
The 3-th iteration is completed.	|| time cost : 0h 0m 20.481s
********************************************************************************************************************
Start the 4 rounds of NGS-ED iteration
	effective electronic model is modified as: kinetic energy t = 0.984975
	                                           effective interaction Vq = [-0.499808, -0.41864,-0.402555, -0.41864, -0.41864,-0.402555,-0.393022,-0.402555,-0.402555,-0.393022,-0.385628,-0.393022, -0.41864,-0.402555,-0.393022,-0.402555]
	PARPACK diagonalization completed after 30 matrix-vector product operations.
	iteration results: : total energy is -16.772864 | electron energy -16.773280 + phonon energy 0.000416 | electron momentum kIdx = 10
The 4-th iteration is completed.	|| time cost : 0h 0m 23.687s
********************************************************************************************************************
Start the 5 rounds of NGS-ED iteration
	effective electronic model is modified as: kinetic energy t = 0.984947
	                                           effective interaction Vq = [-0.499953, -0.41898,-0.402795, -0.41898, -0.41898,-0.402795, -0.39322,-0.402795,-0.402795, -0.39322,-0.385797, -0.39322, -0.41898,-0.402795, -0.39322,-0.402795]
	PARPACK diagonalization completed after 30 matrix-vector product operations.
	iteration results: : total energy is -16.775185 | electron energy -16.775608 + phonon energy 0.000423 | electron momentum kIdx = 10
The 5-th iteration is completed.	|| time cost : 0h 0m 24.378s
********************************************************************************************************************
Start the 6 rounds of NGS-ED iteration
	effective electronic model is modified as: kinetic energy t = 0.984942
	                                           effective interaction Vq = [-0.499972,-0.419048, -0.40284,-0.419048,-0.419048, -0.40284,-0.393255, -0.40284, -0.40284,-0.393255,-0.385826,-0.393255,-0.419048, -0.40284,-0.393255, -0.40284]
	PARPACK diagonalization completed after 30 matrix-vector product operations.
	iteration results: : total energy is -16.775499 | electron energy -16.775924 + phonon energy 0.000424 | electron momentum kIdx = 10
	Nq(0) = 16,	Nq(1) = 0.0730297,	Nq(2) = 0.124567,	Nq(3) = 0.0730297,	Nq(4) = 0.0730297,	Nq(5) = 0.124567,	Nq(6) = 0.171285,	Nq(7) = 0.124567,	Nq(8) = 0.124567,	Nq(9) = 0.171285,	Nq(10) = 0.214099,	Nq(11) = 0.171285,	Nq(12) = 0.0730297,	Nq(13) = 0.124567,	Nq(14) = 0.171285,	Nq(15) = 0.124567,	Sq(0) = 2.74356e-19,	Sq(1) = 0.243284,	Sq(2) = 0.388731,	Sq(3) = 0.243284,	Sq(4) = 0.243284,	Sq(5) = 0.388731,	Sq(6) = 0.572893,	Sq(7) = 0.388731,	Sq(8) = 0.388731,	Sq(9) = 0.572893,	Sq(10) = 8.46415,	Sq(11) = 0.572893,	Sq(12) = 0.243284,	Sq(13) = 0.388731,	Sq(14) = 0.572893,	Sq(15) = 0.388731,	N(0) = 1.80062,	N(1) = 1.59949,	N(2) = 1,	N(3) = 1.59949,	N(4) = 1.59949,	N(5) = 1,	N(6) = 0.400511,	N(7) = 1,	N(8) = 1,	N(9) = 0.400511,	N(10) = 0.199384,	N(11) = 0.400511,	N(12) = 1.59949,	N(13) = 1,	N(14) = 0.400511,	N(15) = 1,	Delta[s](0) = 0.104368,	Delta[s](1) = 0.0841792,	Delta[s](2) = 0.0621708,	Delta[s](3) = 0.0841792,	Delta[s](4) = 0.0841792,	Delta[s](5) = 0.0621708,	Delta[s](6) = 0.0379189,	Delta[s](7) = 0.0621708,	Delta[s](8) = 0.0621708,	Delta[s](9) = 0.0379189,	Delta[s](10) = 0.00359352,	Delta[s](11) = 0.0379189,	Delta[s](12) = 0.0841792,	Delta[s](13) = 0.0621708,	Delta[s](14) = 0.0379189,	Delta[s](15) = 0.0621708,	Delta[d](0) = 0.556909,	Delta[d](1) = 0.455547,	Delta[d](2) = 0.374304,	Delta[d](3) = 0.455547,	Delta[d](4) = 0.455547,	Delta[d](5) = 0.402292,	Delta[d](6) = 0.332659,	Delta[d](7) = 0.402292,	Delta[d](8) = 0.374304,	Delta[d](9) = 0.332659,	Delta[d](10) = 0.267308,	Delta[d](11) = 0.332659,	Delta[d](12) = 0.455547,	Delta[d](13) = 0.402292,	Delta[d](14) = 0.332659,	Delta[d](15) = 0.402292,	Delta[s+](0) = 0.603067,	Delta[s+](1) = 0.502747,	Delta[s+](2) = 0.374304,	Delta[s+](3) = 0.502747,	Delta[s+](4) = 0.502747,	Delta[s+](5) = 0.374304,	Delta[s+](6) = 0.245798,	Delta[s+](7) = 0.374304,	Delta[s+](8) = 0.374304,	Delta[s+](9) = 0.245798,	Delta[s+](10) = 0.133471,	Delta[s+](11) = 0.245798,	Delta[s+](12) = 0.502747,	Delta[s+](13) = 0.374304,	Delta[s+](14) = 0.245798,	Delta[s+](15) = 0.374304
The 6-th iteration is completed.	|| time cost : 0h 3m 41.812s
********************************************************************************************************************
********************************************************************************************************************
Ground state is obtained after 7 iterations. The current ground-state energy is -16.7755, in which electron energy is -16.7759 and phonon energy is 0.000424462
final variational state is: 
	Gamma_x = [      1,1.00176,1.00307,1.00176,1.00176,1.00307,1.00427,1.00307,1.00307,1.00427,1.00536,1.00427,1.00176,1.00307,1.00427,1.00307]
	lambda_q = [0.223397,0.133649,0.125048,0.133649,0.133649,0.125048,0.120299,0.125048,0.125048,0.120299,0.116763,0.120299,0.133649,0.125048,0.120299,0.125048]
********************************************************************************************************************
o___o  ----------------------------------------
| L |	Time since last clock: 0h 0m 0s
A===A	Time since the beginning: 0h 14m 22.747s
***********************************************


********************************************************************************************************************
Warm up runs have been completed. Start calculating W = 5 phonon.
open output files: NGSEDIterationObs.txt
********************************************************************************************************************
Start the 0 rounds of NGS-ED iteration
	effective electronic model is modified as: kinetic energy t = 0.984941
	                                           effective interaction Vq = [-0.456895,-0.333315,-0.317242,-0.333315,-0.333315,-0.317242, -0.30805,-0.317242,-0.317242, -0.30805, -0.30106, -0.30805,-0.333315,-0.317242, -0.30805,-0.317242]
	PARPACK diagonalization completed after 45 matrix-vector product operations.
	iteration results: : total energy is -15.923710 | electron energy -15.923922 + phonon energy 0.000212 | electron momentum kIdx = 10
	Nq(0) = 16,	Nq(1) = 0.0701467,	Nq(2) = 0.120388,	Nq(3) = 0.0701467,	Nq(4) = 0.0701467,	Nq(5) = 0.120388,	Nq(6) = 0.165829,	Nq(7) = 0.120388,	Nq(8) = 0.120388,	Nq(9) = 0.165829,	Nq(10) = 0.207591,	Nq(11) = 0.165829,	Nq(12) = 0.0701467,	Nq(13) = 0.120388,	Nq(14) = 0.165829,	Nq(15) = 0.120388,	Sq(0) = 6.49289e-19,	Sq(1) = 0.240924,	Sq(2) = 0.387554,	Sq(3) = 0.240924,	Sq(4) = 0.240924,	Sq(5) = 0.387554,	Sq(6) = 0.571799,	Sq(7) = 0.387554,	Sq(8) = 0.387554,	Sq(9) = 0.571799,	Sq(10) = 8.54996,	Sq(11) = 0.571799,	Sq(12) = 0.240924,	Sq(13) = 0.387554,	Sq(14) = 0.571799,	Sq(15) = 0.387554,	N(0) = 1.79323,	N(1) = 1.58818,	N(2) = 1,	N(3) = 1.58818,	N(4) = 1.58818,	N(5) = 1,	N(6) = 0.411824,	N(7) = 1,	N(8) = 1,	N(9) = 0.411824,	N(10) = 0.206769,	N(11) = 0.411824,	N(12) = 1.58818,	N(13) = 1,	N(14) = 0.411824,	N(15) = 1,	Delta[s](0) = 0.101313,	Delta[s](1) = 0.0815616,	Delta[s](2) = 0.0600903,	Delta[s](3) = 0.0815616,	Delta[s](4) = 0.0815616,	Delta[s](5) = 0.0600903,	Delta[s](6) = 0.0363754,	Delta[s](7) = 0.0600903,	Delta[s](8) = 0.0600903,	Delta[s](9) = 0.0363754,	Delta[s](10) = 0.00330882,	Delta[s](11) = 0.0363754,	Delta[s](12) = 0.0815616,	Delta[s](13) = 0.0600903,	Delta[s](14) = 0.0363754,	Delta[s](15) = 0.0600903,	Delta[d](0) = 0.561217,	Delta[d](1) = 0.460356,	Delta[d](2) = 0.37811,	Delta[d](3) = 0.460356,	Delta[d](4) = 0.460356,	Delta[d](5) = 0.405511,	Delta[d](6) = 0.335226,	Delta[d](7) = 0.405511,	Delta[d](8) = 0.37811,	Delta[d](9) = 0.335226,	Delta[d](10) = 0.269402,	Delta[d](11) = 0.335226,	Delta[d](12) = 0.460356,	Delta[d](13) = 0.405511,	Delta[d](14) = 0.335226,	Delta[d](15) = 0.405511,	Delta[s+](0) = 0.605996,	Delta[s+](1) = 0.50565,	Delta[s+](2) = 0.37811,	Delta[s+](3) = 0.50565,	Delta[s+](4) = 0.50565,	Delta[s+](5) = 0.37811,	Delta[s+](6) = 0.250234,	Delta[s+](7) = 0.37811,	Delta[s+](8) = 0.37811,	Delta[s+](9) = 0.250234,	Delta[s+](10) = 0.137763,	Delta[s+](11) = 0.250234,	Delta[s+](12) = 0.50565,	Delta[s+](13) = 0.37811,	Delta[s+](14) = 0.250234,	Delta[s+](15) = 0.37811
The 0-th iteration is completed.	|| time cost : 0h 3m 50.343s
********************************************************************************************************************
Start the 1 rounds of NGS-ED iteration
	effective electronic model is modified as: kinetic energy t = 0.985694
	                                           effective interaction Vq = [-0.484127,-0.332311,-0.312079,-0.332311,-0.332311,-0.312079,-0.300476,-0.312079,-0.312079,-0.300476, -0.29175,-0.300476,-0.332311,-0.312079,-0.300476,-0.312079]
	PARPACK diagonalization completed after 30 matrix-vector product operations.
	iteration results: : total energy is -16.360023 | electron energy -16.360543 + phonon energy 0.000520 | electron momentum kIdx = 10
The 1-th iteration is completed.	|| time cost : 0h 0m 20.579s
********************************************************************************************************************
Start the 2 rounds of NGS-ED iteration
	effective electronic model is modified as: kinetic energy t = 0.985885
	                                           effective interaction Vq = [-0.494145,-0.331961, -0.31067,-0.331961,-0.331961, -0.31067,-0.298572, -0.31067, -0.31067,-0.298572,-0.289553,-0.298572,-0.331961, -0.31067,-0.298572, -0.31067]
	PARPACK diagonalization completed after 30 matrix-vector product operations.
	iteration results: : total energy is -16.520355 | electron energy -16.520997 + phonon energy 0.000643 | electron momentum kIdx = 10
The 2-th iteration is completed.	|| time cost : 0h 0m 20.56s
********************************************************************************************************************
Start the 3 rounds of NGS-ED iteration
	effective electronic model is modified as: kinetic energy t = 0.985933
	                                           effective interaction Vq = [-0.497831,-0.331849,-0.310294,-0.331849,-0.331849,-0.310294,-0.298105,-0.310294,-0.310294,-0.298105,-0.289049,-0.298105,-0.331849,-0.310294,-0.298105,-0.310294]
	PARPACK diagonalization completed after 30 matrix-vector product operations.
	iteration results: : total energy is -16.579325 | electron energy -16.580009 + phonon energy 0.000684 | electron momentum kIdx = 10
The 3-th iteration is completed.	|| time cost : 0h 0m 20.517s
********************************************************************************************************************
Start the 4 rounds of NGS-ED iteration
	effective electronic model is modified as: kinetic energy t = 0.985945
	                                           effective interaction Vq = [-0.499186,-0.331816,-0.310196,-0.331816,-0.331816,-0.310196,-0.297993,-0.310196,-0.310196,-0.297993,-0.288936,-0.297993,-0.331816,-0.310196,-0.297993,-0.310196]
	PARPACK diagonalization completed after 30 matrix-vector product operations.
	iteration results: : total energy is -16.601018 | electron energy -16.601716 + phonon energy 0.000699 | electron momentum kIdx = 10
The 4-th iteration is completed.	|| time cost : 0h 0m 21.161s
********************************************************************************************************************
Start the 5 rounds of NGS-ED iteration
	effective electronic model is modified as: kinetic energy t = 0.985948
	                                           effective interaction Vq = [-0.499685,-0.331807,-0.310172,-0.331807,-0.331807,-0.310172,-0.297967,-0.310172,-0.310172,-0.297967,-0.288913,-0.297967,-0.331807,-0.310172,-0.297967,-0.310172]
	PARPACK diagonalization completed after 30 matrix-vector product operations.
	iteration results: : total energy is -16.608998 | electron energy -16.609701 + phonon energy 0.000703 | electron momentum kIdx = 10
The 5-th iteration is completed.	|| time cost : 0h 0m 23.099s
********************************************************************************************************************
Start the 6 rounds of NGS-ED iteration
	effective electronic model is modified as: kinetic energy t = 0.985949
	                                           effective interaction Vq = [-0.499869,-0.331804,-0.310166,-0.331804,-0.331804,-0.310166,-0.297962,-0.310166,-0.310166,-0.297962,-0.288908,-0.297962,-0.331804,-0.310166,-0.297962,-0.310166]
	PARPACK diagonalization completed after 30 matrix-vector product operations.
	iteration results: : total energy is -16.611934 | electron energy -16.612639 + phonon energy 0.000705 | electron momentum kIdx = 10
The 6-th iteration is completed.	|| time cost : 0h 0m 20.705s
********************************************************************************************************************
Start the 7 rounds of NGS-ED iteration
	effective electronic model is modified as: kinetic energy t = 0.985949
	                                           effective interaction Vq = [-0.499936,-0.331804,-0.310165,-0.331804,-0.331804,-0.310165,-0.297961,-0.310165,-0.310165,-0.297961,-0.288908,-0.297961,-0.331804,-0.310165,-0.297961,-0.310165]
	PARPACK diagonalization completed after 30 matrix-vector product operations.
	iteration results: : total energy is -16.613014 | electron energy -16.613719 + phonon energy 0.000706 | electron momentum kIdx = 10
The 7-th iteration is completed.	|| time cost : 0h 0m 20.568s
********************************************************************************************************************
Start the 8 rounds of NGS-ED iteration
	effective electronic model is modified as: kinetic energy t = 0.985949
	                                           effective interaction Vq = [-0.499961,-0.331804,-0.310165,-0.331804,-0.331804,-0.310165,-0.297961,-0.310165,-0.310165,-0.297961,-0.288908,-0.297961,-0.331804,-0.310165,-0.297961,-0.310165]
	PARPACK diagonalization completed after 30 matrix-vector product operations.
	iteration results: : total energy is -16.613411 | electron energy -16.614117 + phonon energy 0.000706 | electron momentum kIdx = 10
The 8-th iteration is completed.	|| time cost : 0h 0m 20.54s
********************************************************************************************************************
Start the 9 rounds of NGS-ED iteration
	effective electronic model is modified as: kinetic energy t = 0.985949
	                                           effective interaction Vq = [ -0.49997,-0.331804,-0.310165,-0.331804,-0.331804,-0.310165,-0.297961,-0.310165,-0.310165,-0.297961,-0.288908,-0.297961,-0.331804,-0.310165,-0.297961,-0.310165]
	PARPACK diagonalization completed after 30 matrix-vector product operations.
	iteration results: : total energy is -16.613557 | electron energy -16.614263 + phonon energy 0.000706 | electron momentum kIdx = 10
The 9-th iteration is completed.	|| time cost : 0h 0m 20.588s
********************************************************************************************************************
Start the 10 rounds of NGS-ED iteration
	effective electronic model is modified as: kinetic energy t = 0.985949
	                                           effective interaction Vq = [-0.499973,-0.331804,-0.310165,-0.331804,-0.331804,-0.310165,-0.297961,-0.310165,-0.310165,-0.297961,-0.288908,-0.297961,-0.331804,-0.310165,-0.297961,-0.310165]
	PARPACK diagonalization completed after 30 matrix-vector product operations.
	iteration results: : total energy is -16.613611 | electron energy -16.614317 + phonon energy 0.000706 | electron momentum kIdx = 10
	Nq(0) = 16,	Nq(1) = 0.0700335,	Nq(2) = 0.12021,	Nq(3) = 0.0700335,	Nq(4) = 0.0700335,	Nq(5) = 0.12021,	Nq(6) = 0.165577,	Nq(7) = 0.12021,	Nq(8) = 0.12021,	Nq(9) = 0.165577,	Nq(10) = 0.207265,	Nq(11) = 0.165577,	Nq(12) = 0.0700335,	Nq(13) = 0.12021,	Nq(14) = 0.165577,	Nq(15) = 0.12021,	Sq(0) = 1.99635e-19,	Sq(1) = 0.240831,	Sq(2) = 0.387511,	Sq(3) = 0.240831,	Sq(4) = 0.240831,	Sq(5) = 0.387511,	Sq(6) = 0.571768,	Sq(7) = 0.387511,	Sq(8) = 0.387511,	Sq(9) = 0.571768,	Sq(10) = 8.55357,	Sq(11) = 0.571768,	Sq(12) = 0.240831,	Sq(13) = 0.387511,	Sq(14) = 0.571768,	Sq(15) = 0.387511,	N(0) = 1.79287,	N(1) = 1.58769,	N(2) = 1,	N(3) = 1.58769,	N(4) = 1.58769,	N(5) = 1,	N(6) = 0.41231,	N(7) = 1,	N(8) = 1,	N(9) = 0.41231,	N(10) = 0.207134,	N(11) = 0.41231,	N(12) = 1.58769,	N(13) = 1,	N(14) = 0.41231,	N(15) = 1,	Delta[s](0) = 0.10121,	Delta[s](1) = 0.0814644,	Delta[s](2) = 0.0600004,	Delta[s](3) = 0.0814644,	Delta[s](4) = 0.0814644,	Delta[s](5) = 0.0600004,	Delta[s](6) = 0.0362913,	Delta[s](7) = 0.0600004,	Delta[s](8) = 0.0600004,	Delta[s](9) = 0.0362913,	Delta[s](10) = 0.0032481,	Delta[s](11) = 0.0362913,	Delta[s](12) = 0.0814644,	Delta[s](13) = 0.0600004,	Delta[s](14) = 0.0362913,	Delta[s](15) = 0.0600004,	Delta[d](0) = 0.565956,	Delta[d](1) = 0.464271,	Delta[d](2) = 0.38132,	Delta[d](3) = 0.464271,	Delta[d](4) = 0.464271,	Delta[d](5) = 0.408916,	Delta[d](6) = 0.338034,	Delta[d](7) = 0.408916,	Delta[d](8) = 0.38132,	Delta[d](9) = 0.338034,	Delta[d](10) = 0.271647,	Delta[d](11) = 0.338034,	Delta[d](12) = 0.464271,	Delta[d](13) = 0.408916,	Delta[d](14) = 0.338034,	Delta[d](15) = 0.408916,	Delta[s+](0) = 0.611074,	Delta[s+](1) = 0.509889,	Delta[s+](2) = 0.38132,	Delta[s+](3) = 0.509889,	Delta[s+](4) = 0.509889,	Delta[s+](5) = 0.38132,	Delta[s+](6) = 0.25241,	Delta[s+](7) = 0.38132,	Delta[s+](8) = 0.38132,	Delta[s+](9) = 0.25241,	Delta[s+](10) = 0.139018,	Delta[s+](11) = 0.25241,	Delta[s+](12) = 0.509889,	Delta[s+](13) = 0.38132,	Delta[s+](14) = 0.25241,	Delta[s+](15) = 0.38132
The 10-th iteration is completed.	|| time cost : 0h 3m 42.725s
********************************************************************************************************************
Start the 11 rounds of NGS-ED iteration
	effective electronic model is modified as: kinetic energy t = 0.985949
	                                           effective interaction Vq = [-0.499975,-0.331804,-0.310165,-0.331804,-0.331804,-0.310165,-0.297961,-0.310165,-0.310165,-0.297961,-0.288908,-0.297961,-0.331804,-0.310165,-0.297961,-0.310165]
	PARPACK diagonalization completed after 30 matrix-vector product operations.
	iteration results: : total energy is -16.613631 | electron energy -16.614337 + phonon energy 0.000706 | electron momentum kIdx = 10
The 11-th iteration is completed.	|| time cost : 0h 0m 20.591s
********************************************************************************************************************
Start the 12 rounds of NGS-ED iteration
	effective electronic model is modified as: kinetic energy t = 0.985949
	                                           effective interaction Vq = [-0.499975,-0.331804,-0.310165,-0.331804,-0.331804,-0.310165,-0.297961,-0.310165,-0.310165,-0.297961,-0.288908,-0.297961,-0.331804,-0.310165,-0.297961,-0.310165]
	PARPACK diagonalization completed after 30 matrix-vector product operations.
	iteration results: : total energy is -16.613638 | electron energy -16.614344 + phonon energy 0.000706 | electron momentum kIdx = 10
The 12-th iteration is completed.	|| time cost : 0h 0m 20.542s
********************************************************************************************************************
Start the 13 rounds of NGS-ED iteration
	effective electronic model is modified as: kinetic energy t = 0.985949
	                                           effective interaction Vq = [-0.499975,-0.331804,-0.310165,-0.331804,-0.331804,-0.310165,-0.297961,-0.310165,-0.310165,-0.297961,-0.288908,-0.297961,-0.331804,-0.310165,-0.297961,-0.310165]
	PARPACK diagonalization completed after 30 matrix-vector product operations.
	iteration results: : total energy is -16.613641 | electron energy -16.614347 + phonon energy 0.000706 | electron momentum kIdx = 10
The 13-th iteration is completed.	|| time cost : 0h 0m 20.531s
********************************************************************************************************************
Start the 14 rounds of NGS-ED iteration
	effective electronic model is modified as: kinetic energy t = 0.985949
	                                           effective interaction Vq = [-0.499975,-0.331804,-0.310165,-0.331804,-0.331804,-0.310165,-0.297961,-0.310165,-0.310165,-0.297961,-0.288908,-0.297961,-0.331804,-0.310165,-0.297961,-0.310165]
	PARPACK diagonalization completed after 30 matrix-vector product operations.
	iteration results: : total energy is -16.613642 | electron energy -16.614348 + phonon energy 0.000706 | electron momentum kIdx = 10
The 14-th iteration is completed.	|| time cost : 0h 0m 20.541s
********************************************************************************************************************
Start the 15 rounds of NGS-ED iteration
	effective electronic model is modified as: kinetic energy t = 0.985949
	                                           effective interaction Vq = [-0.499975,-0.331804,-0.310165,-0.331804,-0.331804,-0.310165,-0.297961,-0.310165,-0.310165,-0.297961,-0.288908,-0.297961,-0.331804,-0.310165,-0.297961,-0.310165]
	PARPACK diagonalization completed after 30 matrix-vector product operations.
	iteration results: : total energy is -16.613642 | electron energy -16.614348 + phonon energy 0.000706 | electron momentum kIdx = 10
The 15-th iteration is completed.	|| time cost : 0h 0m 20.557s
********************************************************************************************************************
Start the 16 rounds of NGS-ED iteration
	effective electronic model is modified as: kinetic energy t = 0.985949
	                                           effective interaction Vq = [-0.499975,-0.331804,-0.310165,-0.331804,-0.331804,-0.310165,-0.297961,-0.310165,-0.310165,-0.297961,-0.288908,-0.297961,-0.331804,-0.310165,-0.297961,-0.310165]
	PARPACK diagonalization completed after 30 matrix-vector product operations.
	iteration results: : total energy is -16.613642 | electron energy -16.614348 + phonon energy 0.000706 | electron momentum kIdx = 10
The 16-th iteration is completed.	|| time cost : 0h 0m 20.549s
********************************************************************************************************************
Start the 17 rounds of NGS-ED iteration
	effective electronic model is modified as: kinetic energy t = 0.985949
	                                           effective interaction Vq = [-0.499975,-0.331804,-0.310165,-0.331804,-0.331804,-0.310165,-0.297961,-0.310165,-0.310165,-0.297961,-0.288908,-0.297961,-0.331804,-0.310165,-0.297961,-0.310165]
	PARPACK diagonalization completed after 30 matrix-vector product operations.
	iteration results: : total energy is -16.613642 | electron energy -16.614348 + phonon energy 0.000706 | electron momentum kIdx = 10
The 17-th iteration is completed.	|| time cost : 0h 0m 20.555s
********************************************************************************************************************
Start the 18 rounds of NGS-ED iteration
	effective electronic model is modified as: kinetic energy t = 0.985949
	                                           effective interaction Vq = [-0.499975,-0.331804,-0.310165,-0.331804,-0.331804,-0.310165,-0.297961,-0.310165,-0.310165,-0.297961,-0.288908,-0.297961,-0.331804,-0.310165,-0.297961,-0.310165]
	PARPACK diagonalization completed after 30 matrix-vector product operations.
	iteration results: : total energy is -16.613642 | electron energy -16.614348 + phonon energy 0.000706 | electron momentum kIdx = 10
The 18-th iteration is completed.	|| time cost : 0h 0m 20.495s
********************************************************************************************************************
Start the 19 rounds of NGS-ED iteration
	effective electronic model is modified as: kinetic energy t = 0.985949
	                                           effective interaction Vq = [-0.499975,-0.331804,-0.310165,-0.331804,-0.331804,-0.310165,-0.297961,-0.310165,-0.310165,-0.297961,-0.288908,-0.297961,-0.331804,-0.310165,-0.297961,-0.310165]
	PARPACK diagonalization completed after 30 matrix-vector product operations.
	iteration results: : total energy is -16.613642 | electron energy -16.614348 + phonon energy 0.000706 | electron momentum kIdx = 10
The 19-th iteration is completed.	|| time cost : 0h 0m 20.522s
********************************************************************************************************************
Start the 20 rounds of NGS-ED iteration
	effective electronic model is modified as: kinetic energy t = 0.985949
	                                           effective interaction Vq = [-0.499975,-0.331804,-0.310165,-0.331804,-0.331804,-0.310165,-0.297961,-0.310165,-0.310165,-0.297961,-0.288908,-0.297961,-0.331804,-0.310165,-0.297961,-0.310165]
	PARPACK diagonalization completed after 30 matrix-vector product operations.
	iteration results: : total energy is -16.613642 | electron energy -16.614348 + phonon energy 0.000706 | electron momentum kIdx = 10
	Nq(0) = 16,	Nq(1) = 0.0700335,	Nq(2) = 0.12021,	Nq(3) = 0.0700335,	Nq(4) = 0.0700335,	Nq(5) = 0.12021,	Nq(6) = 0.165577,	Nq(7) = 0.12021,	Nq(8) = 0.12021,	Nq(9) = 0.165577,	Nq(10) = 0.207265,	Nq(11) = 0.165577,	Nq(12) = 0.0700335,	Nq(13) = 0.12021,	Nq(14) = 0.165577,	Nq(15) = 0.12021,	Sq(0) = 4.40695e-19,	Sq(1) = 0.240831,	Sq(2) = 0.387511,	Sq(3) = 0.240831,	Sq(4) = 0.240831,	Sq(5) = 0.387511,	Sq(6) = 0.571768,	Sq(7) = 0.387511,	Sq(8) = 0.387511,	Sq(9) = 0.571768,	Sq(10) = 8.55357,	Sq(11) = 0.571768,	Sq(12) = 0.240831,	Sq(13) = 0.387511,	Sq(14) = 0.571768,	Sq(15) = 0.387511,	N(0) = 1.79287,	N(1) = 1.58769,	N(2) = 1,	N(3) = 1.58769,	N(4) = 1.58769,	N(5) = 1,	N(6) = 0.41231,	N(7) = 1,	N(8) = 1,	N(9) = 0.41231,	N(10) = 0.207134,	N(11) = 0.41231,	N(12) = 1.58769,	N(13) = 1,	N(14) = 0.41231,	N(15) = 1,	Delta[s](0) = 0.10121,	Delta[s](1) = 0.0814644,	Delta[s](2) = 0.0600004,	Delta[s](3) = 0.0814644,	Delta[s](4) = 0.0814644,	Delta[s](5) = 0.0600004,	Delta[s](6) = 0.0362913,	Delta[s](7) = 0.0600004,	Delta[s](8) = 0.0600004,	Delta[s](9) = 0.0362913,	Delta[s](10) = 0.0032481,	Delta[s](11) = 0.0362913,	Delta[s](12) = 0.0814644,	Delta[s](13) = 0.0600004,	Delta[s](14) = 0.0362913,	Delta[s](15) = 0.0600004,	Delta[d](0) = 0.56599,	Delta[d](1) = 0.464299,	Delta[d](2) = 0.381343,	Delta[d](3) = 0.464299,	Delta[d](4) = 0.464299,	Delta[d](5) = 0.40894,	Delta[d](6) = 0.338054,	Delta[d](7) = 0.40894,	Delta[d](8) = 0.381343,	Delta[d](9) = 0.338054,	Delta[d](10) = 0.271663,	Delta[d](11) = 0.338054,	Delta[d](12) = 0.464299,	Delta[d](13) = 0.40894,	Delta[d](14) = 0.338054,	Delta[d](15) = 0.40894,	Delta[s+](0) = 0.61111,	Delta[s+](1) = 0.50992,	Delta[s+](2) = 0.381343,	Delta[s+](3) = 0.50992,	Delta[s+](4) = 0.50992,	Delta[s+](5) = 0.381343,	Delta[s+](6) = 0.252425,	Delta[s+](7) = 0.381343,	Delta[s+](8) = 0.381343,	Delta[s+](9) = 0.252425,	Delta[s+](10) = 0.139027,	Delta[s+](11) = 0.252425,	Delta[s+](12) = 0.50992,	Delta[s+](13) = 0.381343,	Delta[s+](14) = 0.252425,	Delta[s+](15) = 0.381343
The 20-th iteration is completed.	|| time cost : 0h 3m 46.349s
********************************************************************************************************************
Start the 21 rounds of NGS-ED iteration
	effective electronic model is modified as: kinetic energy t = 0.985949
	                                           effective interaction Vq = [-0.499975,-0.331804,-0.310165,-0.331804,-0.331804,-0.310165,-0.297961,-0.310165,-0.310165,-0.297961,-0.288908,-0.297961,-0.331804,-0.310165,-0.297961,-0.310165]
	PARPACK diagonalization completed after 30 matrix-vector product operations.
	iteration results: : total energy is -16.613642 | electron energy -16.614348 + phonon energy 0.000706 | electron momentum kIdx = 10
The 21-th iteration is completed.	|| time cost : 0h 0m 20.659s
********************************************************************************************************************
Start the 22 rounds of NGS-ED iteration
	effective electronic model is modified as: kinetic energy t = 0.985949
	                                           effective interaction Vq = [-0.499975,-0.331804,-0.310165,-0.331804,-0.331804,-0.310165,-0.297961,-0.310165,-0.310165,-0.297961,-0.288908,-0.297961,-0.331804,-0.310165,-0.297961,-0.310165]
	PARPACK diagonalization completed after 30 matrix-vector product operations.
	iteration results: : total energy is -16.613642 | electron energy -16.614348 + phonon energy 0.000706 | electron momentum kIdx = 10
The 22-th iteration is completed.	|| time cost : 0h 0m 20.578s
********************************************************************************************************************
Start the 23 rounds of NGS-ED iteration
	effective electronic model is modified as: kinetic energy t = 0.985949
	                                           effective interaction Vq = [-0.499975,-0.331804,-0.310165,-0.331804,-0.331804,-0.310165,-0.297961,-0.310165,-0.310165,-0.297961,-0.288908,-0.297961,-0.331804,-0.310165,-0.297961,-0.310165]
	PARPACK diagonalization completed after 30 matrix-vector product operations.
	iteration results: : total energy is -16.613642 | electron energy -16.614348 + phonon energy 0.000706 | electron momentum kIdx = 10
	Nq(0) = 16,	Nq(1) = 0.0700335,	Nq(2) = 0.12021,	Nq(3) = 0.0700335,	Nq(4) = 0.0700335,	Nq(5) = 0.12021,	Nq(6) = 0.165577,	Nq(7) = 0.12021,	Nq(8) = 0.12021,	Nq(9) = 0.165577,	Nq(10) = 0.207265,	Nq(11) = 0.165577,	Nq(12) = 0.0700335,	Nq(13) = 0.12021,	Nq(14) = 0.165577,	Nq(15) = 0.12021,	Sq(0) = -1.12882e-18,	Sq(1) = 0.240831,	Sq(2) = 0.387511,	Sq(3) = 0.240831,	Sq(4) = 0.240831,	Sq(5) = 0.387511,	Sq(6) = 0.571768,	Sq(7) = 0.387511,	Sq(8) = 0.387511,	Sq(9) = 0.571768,	Sq(10) = 8.55357,	Sq(11) = 0.571768,	Sq(12) = 0.240831,	Sq(13) = 0.387511,	Sq(14) = 0.571768,	Sq(15) = 0.387511,	N(0) = 1.79287,	N(1) = 1.58769,	N(2) = 1,	N(3) = 1.58769,	N(4) = 1.58769,	N(5) = 1,	N(6) = 0.41231,	N(7) = 1,	N(8) = 1,	N(9) = 0.41231,	N(10) = 0.207134,	N(11) = 0.41231,	N(12) = 1.58769,	N(13) = 1,	N(14) = 0.41231,	N(15) = 1,	Delta[s](0) = 0.10121,	Delta[s](1) = 0.0814644,	Delta[s](2) = 0.0600004,	Delta[s](3) = 0.0814644,	Delta[s](4) = 0.0814644,	Delta[s](5) = 0.0600004,	Delta[s](6) = 0.0362913,	Delta[s](7) = 0.0600004,	Delta[s](8) = 0.0600004,	Delta[s](9) = 0.0362913,	Delta[s](10) = 0.0032481,	Delta[s](11) = 0.0362913,	Delta[s](12) = 0.0814644,	Delta[s](13) = 0.0600004,	Delta[s](14) = 0.0362913,	Delta[s](15) = 0.0600004,	Delta[d](0) = 0.56599,	Delta[d](1) = 0.464299,	Delta[d](2) = 0.381343,	Delta[d](3) = 0.464299,	Delta[d](4) = 0.464299,	Delta[d](5) = 0.40894,	Delta[d](6) = 0.338054,	Delta[d](7) = 0.40894,	Delta[d](8) = 0.381343,	Delta[d](9) = 0.338054,	Delta[d](10) = 0.271663,	Delta[d](11) = 0.338054,	Delta[d](12) = 0.464299,	Delta[d](13) = 0.40894,	Delta[d](14) = 0.338054,	Delta[d](15) = 0.40894,	Delta[s+](0) = 0.61111,	Delta[s+](1) = 0.50992,	Delta[s+](2) = 0.381343,	Delta[s+](3) = 0.50992,	Delta[s+](4) = 0.50992,	Delta[s+](5) = 0.381343,	Delta[s+](6) = 0.252425,	Delta[s+](7) = 0.381343,	Delta[s+](8) = 0.381343,	Delta[s+](9) = 0.252425,	Delta[s+](10) = 0.139027,	Delta[s+](11) = 0.252425,	Delta[s+](12) = 0.50992,	Delta[s+](13) = 0.381343,	Delta[s+](14) = 0.252425,	Delta[s+](15) = 0.381343
The 23-th iteration is completed.	|| time cost : 0h 3m 42.495s
********************************************************************************************************************
********************************************************************************************************************
