SNEDics v3.22.2 Non-Gaussian ED ground state program		Start at Tue Jun 28 04:32:47 2022

Parallelization: 32 MPI threads  * 8 OpenMP threads = 256 total threads.
********************************************************************************************************************
********************************************************************************************************************

********************************************************************************************************************
System parameters and configurations
	special program options are enabled: splitted diagonal Hamiltonian | splitted Hamiltonian terms
********************************************************************************************************************
Read input file "model_params.in"
	Hubbard-Holstein model parameters : 	t = 1    t' = -0.3    U = 8    g = 0.95    W = 0.2    g' = 0.2    
********************************************************************************************************************
Read input file "hilbertspace_params.in"
	Requested 16-site 2D lattice, with 12 electrons (6, 6)
	Boundary : Periodic		Hilbert space representation : momentum-space (restricted to kIdx = 0)
	Conservation: particle number[U(1)]      spin[U(1)]     momentum
********************************************************************************************************************

Cluster Positions:				Cluster symmetry group : D4
 x ... x ... x ... x .....                       x ... x ... x ... x .....
 |           |           :                       |           |           :
 |           |           :                       |           |           :
12    13    14    15     x                       1     5     6     5     x
 |           |           :                       |           |           :
 |           |           :                       |           |           :
 8 --- 9 ---10 ---11 --- x                       2 --- 6 ---10 --- 6 --- x
 |           |           :                       |           |           :
 |           |           :                       |           |           :
 4     5     6     7     x                       1     5     6     5     x
 |           |           :                       |           |           :
 |           |           :                       |           |           :
 0 --- 1 --- 2 --- 3 --- x                       0 --- 1 --- 2 --- 1 --- x
orbital number : 1
********************************************************************************************************************
Read input file "obs_params.in"
	Observable Type : Nq(All),   Sq(All),   N(All-Orbital),   Delta[s](All),   Delta[d](All),   Delta[s+](All)
** WARNING ** the input observables have non-local factors which have been reinterpreted. The total observable number is 96
********************************************************************************************************************


********************************************************************************************************************
Start calculating the non-Gaussian ED ground state
Maximal iteration number is 1000; energy resolution is 1e-06. Phonon state relaxation time is 2000
W = 0.2 is relatively large. The non-Gaussian ED calculation starts directly.
open output files: NGSED_iteration_observables.txt
********************************************************************************************************************
Start the 0 rounds of NGS-ED iteration
	effective electronic model is modified as: kinetic energy t = 1, t' = -0.3
	                                           effective interaction Vq = [0,0,0,0,0,0,0,0,0,0,0,0,0,0,0,0]
	first Hamiltonian is constructed, size = 4008592 and non-zero numbers = 969952250
	PARPACK diagonalization completed after 135 matrix-vector product operations.
	iteration results: : total energy is -15.091341 | electron energy -15.091341 + phonon energy 0.000000 | electron momentum kIdx = 0
	Nq(0) = 9,	Nq(1) = 0.182775,	Nq(2) = 0.248843,	Nq(3) = 0.182775,	Nq(4) = 0.182775,	Nq(5) = 0.263236,	
	Nq(6) = 0.307436,	Nq(7) = 0.263236,	Nq(8) = 0.248843,	Nq(9) = 0.307436,	Nq(10) = 0.356784,	
	Nq(11) = 0.307436,	Nq(12) = 0.182775,	Nq(13) = 0.263236,	Nq(14) = 0.307436,	Nq(15) = 0.263236;	
	Sq(0) = 2.57275e-18,	Sq(1) = 0.523525,	Sq(2) = 0.451304,	Sq(3) = 0.523525,	Sq(4) = 0.523525,	
	Sq(5) = 0.707557,	Sq(6) = 1.00669,	Sq(7) = 0.707557,	Sq(8) = 0.451304,	Sq(9) = 1.00669,	
	Sq(10) = 1.27807,	Sq(11) = 1.00669,	Sq(12) = 0.523525,	Sq(13) = 0.707557,	Sq(14) = 1.00669,	
	Sq(15) = 0.707557;	N(0) = 1.72657,	N(1) = 1.59708,	N(2) = 1.0703,	N(3) = 1.59708,	
	N(4) = 1.59708,	N(5) = 0.264255,	N(6) = 0.153085,	N(7) = 0.264255,	N(8) = 1.0703,	
	N(9) = 0.153085,	N(10) = 0.0751403,	N(11) = 0.153085,	N(12) = 1.59708,	N(13) = 0.264255,	
	N(14) = 0.153085,	N(15) = 0.264255;	Delta[s](0) = 0.0453402,	Delta[s](1) = 0.0351932,	Delta[s](2) = 0.0292388,	
	Delta[s](3) = 0.0351932,	Delta[s](4) = 0.0351932,	Delta[s](5) = 0.0255136,	Delta[s](6) = 0.0188368,	Delta[s](7) = 0.0255136,	
	Delta[s](8) = 0.0292388,	Delta[s](9) = 0.0188368,	Delta[s](10) = 0.0121359,	Delta[s](11) = 0.0188368,	Delta[s](12) = 0.0351932,	
	Delta[s](13) = 0.0255136,	Delta[s](14) = 0.0188368,	Delta[s](15) = 0.0255136;	Delta[d](0) = 0.411404,	Delta[d](1) = 0.246293,	
	Delta[d](2) = 0.24102,	Delta[d](3) = 0.246293,	Delta[d](4) = 0.246293,	Delta[d](5) = 0.151994,	Delta[d](6) = 0.155188,	
	Delta[d](7) = 0.151994,	Delta[d](8) = 0.24102,	Delta[d](9) = 0.155188,	Delta[d](10) = 0.127751,	Delta[d](11) = 0.155188,	
	Delta[d](12) = 0.246293,	Delta[d](13) = 0.151994,	Delta[d](14) = 0.155188,	Delta[d](15) = 0.151994;	Delta[s+](0) = 0.453894,	
	Delta[s+](1) = 0.318633,	Delta[s+](2) = 0.24102,	Delta[s+](3) = 0.318633,	Delta[s+](4) = 0.318633,	Delta[s+](5) = 0.15871,	
	Delta[s+](6) = 0.0821087,	Delta[s+](7) = 0.15871,	Delta[s+](8) = 0.24102,	Delta[s+](9) = 0.0821087,	Delta[s+](10) = 0.0277307,	
	Delta[s+](11) = 0.0821087,	Delta[s+](12) = 0.318633,	Delta[s+](13) = 0.15871,	Delta[s+](14) = 0.0821087,	Delta[s+](15) = 0.15871
	
The 0-th iteration is completed.	|| time cost : 0h 2m 3.165s
********************************************************************************************************************
Start the 1 rounds of NGS-ED iteration
	effective electronic model is modified as: kinetic energy t = 0.858518, t' = -0.231419
	                                           effective interaction Vq = [  -15.3125,  -5.38243, -0.989313,  -5.38243,  -5.38243,  -1.25073, -0.144434,  -1.25073, -0.989313, -0.144434,-0.0079111, -0.144434,  -5.38243,  -1.25073, -0.144434,  -1.25073]
	PARPACK diagonalization completed after 75 matrix-vector product operations.
	iteration results: : total energy is -163.526241 | electron energy -165.153042 + phonon energy 1.626801 | electron momentum kIdx = 0
The 1-th iteration is completed.	|| time cost : 0h 1m 21.809s
********************************************************************************************************************
Start the 2 rounds of NGS-ED iteration
	effective electronic model is modified as: kinetic energy t = 0.487624, t' = -0.0868876
	                                           effective interaction Vq = [  -15.3125,  -9.10557,  -1.90564,  -9.10557,  -9.10557,  -2.74311, -0.202041,  -2.74311,  -1.90564, -0.202041,-0.0110673, -0.202041,  -9.10557,  -2.74311, -0.202041,  -2.74311]
	PARPACK diagonalization completed after 75 matrix-vector product operations.
	iteration results: : total energy is -198.144180 | electron energy -200.702087 + phonon energy 2.557907 | electron momentum kIdx = 0
The 2-th iteration is completed.	|| time cost : 0h 0m 14.819s
********************************************************************************************************************
Start the 3 rounds of NGS-ED iteration
	effective electronic model is modified as: kinetic energy t = 3.88933e-08, t' = -6.45353e-12
	                                           effective interaction Vq = [-15.3125, -9.1125, -4.5125, -9.1125, -9.1125, -4.5125, -1.5125, -4.5125, -4.5125, -1.5125, -0.1125, -1.5125, -9.1125, -4.5125, -1.5125, -4.5125]
	PARPACK diagonalization completed after 45 matrix-vector product operations.
	iteration results: : total energy is -205.100000 | electron energy -205.100000 + phonon energy 0.000000 | electron momentum kIdx = 0
The 3-th iteration is completed.	|| time cost : 0h 0m 11.549s
********************************************************************************************************************
Start the 4 rounds of NGS-ED iteration
	effective electronic model is modified as: kinetic energy t = 4.17215e-08, t' = -6.45302e-12
	                                           effective interaction Vq = [   -15.3125,    -9.1125,    -4.5125,    -9.1125,    -9.1125,    -4.5125,    -1.5125,    -4.5125,    -4.5125,    -1.5125,-0.00652098,    -1.5125,    -9.1125,    -4.5125,    -1.5125,    -4.5125]
	PARPACK diagonalization completed after 30 matrix-vector product operations.
	iteration results: : total energy is -205.100000 | electron energy -205.100000 + phonon energy 0.000000 | electron momentum kIdx = 0
The 4-th iteration is completed.	|| time cost : 0h 0m 9.519s
********************************************************************************************************************
Start the 5 rounds of NGS-ED iteration
	effective electronic model is modified as: kinetic energy t = 4.17212e-08, t' = -6.45302e-12
	                                           effective interaction Vq = [  -15.3125,   -9.1125,   -4.5125,   -9.1125,   -9.1125,   -4.5125,   -1.5125,   -4.5125,   -4.5125,   -1.5125,-0.0069274,   -1.5125,   -9.1125,   -4.5125,   -1.5125,   -4.5125]
	PARPACK diagonalization completed after 30 matrix-vector product operations.
	iteration results: : total energy is -205.100000 | electron energy -205.100000 + phonon energy 0.000000 | electron momentum kIdx = 0
The 5-th iteration is completed.	|| time cost : 0h 0m 9.514s
********************************************************************************************************************
Start the 6 rounds of NGS-ED iteration
	effective electronic model is modified as: kinetic energy t = 4.17212e-08, t' = -6.45302e-12
	                                           effective interaction Vq = [   -15.3125,    -9.1125,    -4.5125,    -9.1125,    -9.1125,    -4.5125,    -1.5125,    -4.5125,    -4.5125,    -1.5125,-0.00692801,    -1.5125,    -9.1125,    -4.5125,    -1.5125,    -4.5125]
	PARPACK diagonalization completed after 30 matrix-vector product operations.
	iteration results: : total energy is -205.100000 | electron energy -205.100000 + phonon energy 0.000000 | electron momentum kIdx = 0
The 6-th iteration is completed.	|| time cost : 0h 0m 9.536s
********************************************************************************************************************
Start the 7 rounds of NGS-ED iteration
	effective electronic model is modified as: kinetic energy t = 4.17212e-08, t' = -6.45302e-12
	                                           effective interaction Vq = [   -15.3125,    -9.1125,    -4.5125,    -9.1125,    -9.1125,    -4.5125,    -1.5125,    -4.5125,    -4.5125,    -1.5125,-0.00692866,    -1.5125,    -9.1125,    -4.5125,    -1.5125,    -4.5125]
	PARPACK diagonalization completed after 30 matrix-vector product operations.
	iteration results: : total energy is -205.100000 | electron energy -205.100000 + phonon energy 0.000000 | electron momentum kIdx = 0
The 7-th iteration is completed.	|| time cost : 0h 0m 9.547s
********************************************************************************************************************
Start the 8 rounds of NGS-ED iteration
	effective electronic model is modified as: kinetic energy t = 4.17212e-08, t' = -6.45302e-12
	                                           effective interaction Vq = [   -15.3125,    -9.1125,    -4.5125,    -9.1125,    -9.1125,    -4.5125,    -1.5125,    -4.5125,    -4.5125,    -1.5125,-0.00692798,    -1.5125,    -9.1125,    -4.5125,    -1.5125,    -4.5125]
	PARPACK diagonalization completed after 30 matrix-vector product operations.
	iteration results: : total energy is -205.100000 | electron energy -205.100000 + phonon energy 0.000000 | electron momentum kIdx = 0
The 8-th iteration is completed.	|| time cost : 0h 0m 9.533s
********************************************************************************************************************
Start the 9 rounds of NGS-ED iteration
	effective electronic model is modified as: kinetic energy t = 4.17212e-08, t' = -6.45302e-12
	                                           effective interaction Vq = [   -15.3125,    -9.1125,    -4.5125,    -9.1125,    -9.1125,    -4.5125,    -1.5125,    -4.5125,    -4.5125,    -1.5125,-0.00692798,    -1.5125,    -9.1125,    -4.5125,    -1.5125,    -4.5125]
	PARPACK diagonalization completed after 30 matrix-vector product operations.
	iteration results: : total energy is -205.100000 | electron energy -205.100000 + phonon energy 0.000000 | electron momentum kIdx = 0
	Nq(0) = 9,	Nq(1) = 2.75,	Nq(2) = 0.5,	Nq(3) = 2.75,	Nq(4) = 2.75,	Nq(5) = 0.5,	
	Nq(6) = 0.25,	Nq(7) = 0.5,	Nq(8) = 0.5,	Nq(9) = 0.25,	Nq(10) = 1.69844e-16,	
	Nq(11) = 0.25,	Nq(12) = 2.75,	Nq(13) = 0.5,	Nq(14) = 0.25,	Nq(15) = 0.5;	
	Sq(0) = 1.86248e-20,	Sq(1) = 4.25407e-17,	Sq(2) = 8.49346e-17,	Sq(3) = 4.23932e-17,	Sq(4) = 4.24788e-17,	
	Sq(5) = 8.4926e-17,	Sq(6) = 1.27405e-16,	Sq(7) = 8.49323e-17,	Sq(8) = 8.49148e-17,	Sq(9) = 1.27404e-16,	
	Sq(10) = 1.69842e-16,	Sq(11) = 1.27412e-16,	Sq(12) = 4.24501e-17,	Sq(13) = 8.49231e-17,	Sq(14) = 1.27384e-16,	
	Sq(15) = 8.49482e-17;	N(0) = 0.75,	N(1) = 0.75,	N(2) = 0.75,	N(3) = 0.75,	
	N(4) = 0.75,	N(5) = 0.75,	N(6) = 0.75,	N(7) = 0.75,	N(8) = 0.75,	
	N(9) = 0.75,	N(10) = 0.75,	N(11) = 0.75,	N(12) = 0.75,	N(13) = 0.75,	
	N(14) = 0.75,	N(15) = 0.75;	Delta[s](0) = 0.375,	Delta[s](1) = 0.375,	Delta[s](2) = 0.375,	
	Delta[s](3) = 0.375,	Delta[s](4) = 0.375,	Delta[s](5) = 0.375,	Delta[s](6) = 0.375,	Delta[s](7) = 0.375,	
	Delta[s](8) = 0.375,	Delta[s](9) = 0.375,	Delta[s](10) = 0.375,	Delta[s](11) = 0.375,	Delta[s](12) = 0.375,	
	Delta[s](13) = 0.375,	Delta[s](14) = 0.375,	Delta[s](15) = 0.375;	Delta[d](0) = 0.21875,	Delta[d](1) = 0.21875,	
	Delta[d](2) = 0.21875,	Delta[d](3) = 0.21875,	Delta[d](4) = 0.21875,	Delta[d](5) = 0.21875,	Delta[d](6) = 0.21875,	
	Delta[d](7) = 0.21875,	Delta[d](8) = 0.21875,	Delta[d](9) = 0.21875,	Delta[d](10) = 0.21875,	Delta[d](11) = 0.21875,	
	Delta[d](12) = 0.21875,	Delta[d](13) = 0.21875,	Delta[d](14) = 0.21875,	Delta[d](15) = 0.21875;	Delta[s+](0) = 0.21875,	
	Delta[s+](1) = 0.21875,	Delta[s+](2) = 0.21875,	Delta[s+](3) = 0.21875,	Delta[s+](4) = 0.21875,	Delta[s+](5) = 0.21875,	
	Delta[s+](6) = 0.21875,	Delta[s+](7) = 0.21875,	Delta[s+](8) = 0.21875,	Delta[s+](9) = 0.21875,	Delta[s+](10) = 0.21875,	
	Delta[s+](11) = 0.21875,	Delta[s+](12) = 0.21875,	Delta[s+](13) = 0.21875,	Delta[s+](14) = 0.21875,	Delta[s+](15) = 0.21875
	
The 9-th iteration is completed.	|| time cost : 0h 1m 19.751s
********************************************************************************************************************
********************************************************************************************************************
Ground state is obtained after 10 iterations. The current ground-state energy is -205.1, in which electron energy is -205.1 and phonon energy is 0
Final variational state is: 
	Gamma_x = [1,1,1,1,1,1,1,1,1,1,1,1,1,1,1,1]
	lambda_q = [     8.75,     6.75,     4.75,     6.75,     6.75,     4.75,     2.75,     4.75,     4.75,     2.75,0.0234579,     2.75,     6.75,     4.75,     2.75,     4.75]
Effective e-e interactions mediated by phonons are:
	momentum-space Vq = [   -15.3125,    -9.1125,    -4.5125,    -9.1125,    -9.1125,    -4.5125,    -1.5125,    -4.5125,    -4.5125,    -1.5125,-0.00692732,    -1.5125,    -9.1125,    -4.5125,    -1.5125,    -4.5125]
	real-space Vr = [    -5.3059,    -1.9066,  -0.393402,    -1.9066,    -1.9066,  -0.393402,-0.00659829,  -0.393402,  -0.393402,-0.00659829, 0.00659829,-0.00659829,    -1.9066,  -0.393402,-0.00659829,  -0.393402]
********************************************************************************************************************
o___o  ----------------------------------------
| L |	Time since last clock: 0h 0m 0.003s
A===A	Time since the beginning: 0h 5m 58.751s
***********************************************


Non-Gaussina ED ground state calculation is completed. The final ground-state energy is -205.1
********************************************************************************************************************
o___o  ----------------------------------------
| L |	Time since last clock: 0h 0m 0.002s
A===A	Time since the beginning: 0h 5m 58.753s
***********************************************



********************************************************************************************************************
All non-Gaussian ED ground state calculations have been completed. Exit now.
