SNEDics v3.2 diagonalization test program		Start at Fri Apr 26 23:06:39 2019

parallized on 80 MPI threads  * 6 OpenMP threads = 480 total threads.
************************************************************************************
************************************************************************************

Input file "model_params.in"
Hubbard-Holstein model parameters : 	t = 1    U = 9    g = 1.7321    W = 1    
************************************************************************************
Input file "hilbertspace_params.in"

Cluster Positions:				Cluster symmetry group : D4
 x ... x ... x ... x .....                       x ... x ... x ... x .....
 |           |           :                       |           |           :
 |           |           :                       |           |           :
12    13    14    15     x                       1     5     6     5     x
 |           |           :                       |           |           :
 |           |           :                       |           |           :
 8 --- 9 ---10 ---11 --- x                       2 --- 6 ---10 --- 6 --- x
 |           |           :                       |           |           :
 |           |           :                       |           |           :
 4     5     6     7     x                       1     5     6     5     x
 |           |           :                       |           |           :
 |           |           :                       |           |           :
 0 --- 1 --- 2 --- 3 --- x                       0 --- 1 --- 2 --- 1 --- x
orbital number : 1
************************************************************************************
0 rounds of non-Gaussian ED iteration : ground-state energy is -7.68624 | electron energy -7.68624 + phonon energy 0 | electron momentum kIdx = 0
Nq = 	16	0.0508862	0.0916435	0.0508862	0.0508862	0.0916435	0.12837	0.0916435	0.0916435	0.12837	0.163095	0.12837	0.0508862	0.0916435	0.12837	0.0916435
Sq = 	-1.05549e-18	0.407061	0.644276	0.407061	0.407061	0.644276	0.965286	0.644276	0.644276	0.965286	5.21497	0.965286	0.407061	0.644276	0.965286	0.644276
1 rounds of non-Gaussian ED iteration : ground-state energy is -16.7646 | electron energy -16.7646 + phonon energy 1.222e-05 | electron momentum kIdx = 0
Nq = 	16	0.0577211	0.102474	0.0577211	0.0577211	0.102474	0.142629	0.102474	0.102474	0.142629	0.180492	0.142629	0.0577211	0.102474	0.142629	0.102474
Sq = 	-1.2518e-19	0.41066	0.642485	0.41066	0.41066	0.642485	0.949232	0.642485	0.642485	0.949232	5.10879	0.949232	0.41066	0.642485	0.949232	0.642485
2 rounds of non-Gaussian ED iteration : ground-state energy is -23.9537 | electron energy -23.954 + phonon energy 0.00023266 | electron momentum kIdx = 0
Nq = 	16	0.0600866	0.10613	0.0600866	0.0600866	0.10613	0.147376	0.10613	0.10613	0.147376	0.186207	0.147376	0.0600866	0.10613	0.147376	0.10613
Sq = 	9.50425e-19	0.411822	0.641939	0.411822	0.411822	0.641939	0.944022	0.641939	0.641939	0.944022	5.07215	0.944022	0.411822	0.641939	0.944022	0.641939
3 rounds of non-Gaussian ED iteration : ground-state energy is -29.8014 | electron energy -29.8023 + phonon energy 0.00092809 | electron momentum kIdx = 0
Nq = 	16	0.0610777	0.107641	0.0610777	0.0610777	0.107641	0.149319	0.107641	0.107641	0.149319	0.188527	0.149319	0.0610777	0.107641	0.149319	0.107641
Sq = 	-7.25147e-19	0.4123	0.641726	0.4123	0.4123	0.641726	0.941894	0.641726	0.641726	0.941894	5.0569	0.941894	0.4123	0.641726	0.941894	0.641726
4 rounds of non-Gaussian ED iteration : ground-state energy is -34.582 | electron energy -34.5841 + phonon energy 0.00208813 | electron momentum kIdx = 0
Nq = 	16	0.0615543	0.108362	0.0615543	0.0615543	0.108362	0.150244	0.108362	0.108362	0.150244	0.18963	0.150244	0.0615543	0.108362	0.150244	0.108362
Sq = 	8.77308e-19	0.412528	0.641627	0.412528	0.412528	0.641627	0.940884	0.641627	0.641627	0.940884	5.04959	0.940884	0.412528	0.641627	0.940884	0.641627
5 rounds of non-Gaussian ED iteration : ground-state energy is -38.4945 | electron energy -38.4981 + phonon energy 0.00354564 | electron momentum kIdx = 0
Nq = 	16	0.0618135	0.108754	0.0618135	0.0618135	0.108754	0.150748	0.108754	0.108754	0.150748	0.190235	0.150748	0.0618135	0.108754	0.150748	0.108754
Sq = 	-6.52201e-19	0.41265	0.641573	0.41265	0.41265	0.641573	0.940337	0.641573	0.641573	0.940337	5.04561	0.940337	0.41265	0.641573	0.940337	0.641573
6 rounds of non-Gaussian ED iteration : ground-state energy is -41.6974 | electron energy -41.7025 + phonon energy 0.00512907 | electron momentum kIdx = 0
Nq = 	16	0.0619723	0.108995	0.0619723	0.0619723	0.108995	0.15106	0.108995	0.108995	0.15106	0.190613	0.15106	0.0619723	0.108995	0.15106	0.108995
Sq = 	-1.23358e-18	0.412723	0.641539	0.412723	0.412723	0.641539	0.940003	0.641539	0.641539	0.940003	5.04315	0.940003	0.412723	0.641539	0.940003	0.641539
7 rounds of non-Gaussian ED iteration : ground-state energy is -44.3194 | electron energy -44.3261 + phonon energy 0.00671324 | electron momentum kIdx = 0
Nq = 	16	0.0620806	0.10916	0.0620806	0.0620806	0.10916	0.151276	0.10916	0.10916	0.151276	0.190877	0.151276	0.0620806	0.10916	0.151276	0.10916
Sq = 	4.37093e-19	0.412772	0.641514	0.412772	0.412772	0.641514	0.939775	0.641514	0.641514	0.939775	5.04147	0.939775	0.412772	0.641514	0.939775	0.641514
8 rounds of non-Gaussian ED iteration : ground-state energy is -46.4659 | electron energy -46.4742 + phonon energy 0.00822038 | electron momentum kIdx = 0
Nq = 	16	0.0621607	0.109282	0.0621607	0.0621607	0.109282	0.151438	0.109282	0.109282	0.151438	0.191076	0.151438	0.0621607	0.109282	0.151438	0.109282
Sq = 	-1.01904e-18	0.412807	0.641495	0.412807	0.412807	0.641495	0.939606	0.641495	0.641495	0.939606	5.04021	0.939606	0.412807	0.641495	0.939606	0.641495
9 rounds of non-Gaussian ED iteration : ground-state energy is -48.2233 | electron energy -48.2329 + phonon energy 0.00960822 | electron momentum kIdx = 0
Nq = 	16	0.0622232	0.109378	0.0622232	0.0622232	0.109378	0.151565	0.109378	0.109378	0.151565	0.191233	0.151565	0.0622232	0.109378	0.151565	0.109378
Sq = 	1.8913e-18	0.412835	0.64148	0.412835	0.412835	0.64148	0.939474	0.64148	0.64148	0.939474	5.03923	0.939474	0.412835	0.64148	0.939474	0.64148
10 rounds of non-Gaussian ED iteration : ground-state energy is -49.662 | electron energy -49.6729 + phonon energy 0.0108581 | electron momentum kIdx = 0
Nq = 	16	0.0622737	0.109456	0.0622737	0.0622737	0.109456	0.151668	0.109456	0.109456	0.151668	0.191362	0.151668	0.0622737	0.109456	0.151668	0.109456
Sq = 	1.20343e-18	0.412856	0.641468	0.412856	0.412856	0.641468	0.939367	0.641468	0.641468	0.939367	5.03843	0.939367	0.412856	0.641468	0.939367	0.641468
11 rounds of non-Gaussian ED iteration : ground-state energy is -50.8399 | electron energy -50.8519 + phonon energy 0.0119662 | electron momentum kIdx = 0
Nq = 	16	0.0623152	0.10952	0.0623152	0.0623152	0.10952	0.151754	0.10952	0.10952	0.151754	0.191468	0.151754	0.0623152	0.10952	0.151754	0.10952
Sq = 	-2.0599e-18	0.412874	0.641458	0.412874	0.412874	0.641458	0.939279	0.641458	0.641458	0.939279	5.03777	0.939279	0.412874	0.641458	0.939279	0.641458
12 rounds of non-Gaussian ED iteration : ground-state energy is -51.8043 | electron energy -51.8172 + phonon energy 0.0129372 | electron momentum kIdx = 0
Nq = 	16	0.0623497	0.109574	0.0623497	0.0623497	0.109574	0.151825	0.109574	0.109574	0.151825	0.191557	0.151825	0.0623497	0.109574	0.151825	0.109574
Sq = 	-8.27394e-19	0.412889	0.641449	0.412889	0.412889	0.641449	0.939206	0.641449	0.641449	0.939206	5.03723	0.939206	0.412889	0.641449	0.939206	0.641449
13 rounds of non-Gaussian ED iteration : ground-state energy is -52.5938 | electron energy -52.6076 + phonon energy 0.0137807 | electron momentum kIdx = 0
Nq = 	16	0.0623786	0.109618	0.0623786	0.0623786	0.109618	0.151884	0.109618	0.109618	0.151884	0.191631	0.151884	0.0623786	0.109618	0.151884	0.109618
Sq = 	-3.57723e-19	0.412901	0.641442	0.412901	0.412901	0.641442	0.939145	0.641442	0.641442	0.939145	5.03677	0.939145	0.412901	0.641442	0.939145	0.641442
14 rounds of non-Gaussian ED iteration : ground-state energy is -53.2402 | electron energy -53.2547 + phonon energy 0.0145086 | electron momentum kIdx = 0
Nq = 	16	0.0624027	0.109656	0.0624027	0.0624027	0.109656	0.151934	0.109656	0.109656	0.151934	0.191694	0.151934	0.0624027	0.109656	0.151934	0.109656
Sq = 	-6.60535e-19	0.412912	0.641436	0.412912	0.412912	0.641436	0.939095	0.641436	0.641436	0.939095	5.03639	0.939095	0.412912	0.641436	0.939095	0.641436
15 rounds of non-Gaussian ED iteration : ground-state energy is -53.7694 | electron energy -53.7845 + phonon energy 0.0151333 | electron momentum kIdx = 0
Nq = 	16	0.0624229	0.109687	0.0624229	0.0624229	0.109687	0.151976	0.109687	0.109687	0.151976	0.191746	0.151976	0.0624229	0.109687	0.151976	0.109687
Sq = 	-6.36317e-19	0.41292	0.641431	0.41292	0.41292	0.641431	0.939052	0.641431	0.641431	0.939052	5.03606	0.939052	0.41292	0.641431	0.939052	0.641431
16 rounds of non-Gaussian ED iteration : ground-state energy is -54.2027 | electron energy -54.2183 + phonon energy 0.0156673 | electron momentum kIdx = 0
Nq = 	16	0.0624398	0.109713	0.0624398	0.0624398	0.109713	0.152011	0.109713	0.109713	0.152011	0.19179	0.152011	0.0624398	0.109713	0.152011	0.109713
Sq = 	6.79085e-19	0.412927	0.641427	0.412927	0.412927	0.641427	0.939016	0.641427	0.641427	0.939016	5.0358	0.939016	0.412927	0.641427	0.939016	0.641427
17 rounds of non-Gaussian ED iteration : ground-state energy is -54.5574 | electron energy -54.5735 + phonon energy 0.0161222 | electron momentum kIdx = 0
Nq = 	16	0.0624541	0.109735	0.0624541	0.0624541	0.109735	0.152041	0.109735	0.109735	0.152041	0.191827	0.152041	0.0624541	0.109735	0.152041	0.109735
Sq = 	-6.22933e-19	0.412933	0.641423	0.412933	0.412933	0.641423	0.938986	0.641423	0.641423	0.938986	5.03557	0.938986	0.412933	0.641423	0.938986	0.641423
18 rounds of non-Gaussian ED iteration : ground-state energy is -54.8478 | electron energy -54.8643 + phonon energy 0.0165086 | electron momentum kIdx = 0
Nq = 	16	0.062466	0.109754	0.062466	0.062466	0.109754	0.152065	0.109754	0.109754	0.152065	0.191858	0.152065	0.062466	0.109754	0.152065	0.109754
Sq = 	1.30378e-18	0.412938	0.64142	0.412938	0.412938	0.64142	0.938961	0.64142	0.64142	0.938961	5.03538	0.938961	0.412938	0.64142	0.938961	0.64142
19 rounds of non-Gaussian ED iteration : ground-state energy is -55.0856 | electron energy -55.1024 + phonon energy 0.0168362 | electron momentum kIdx = 0
Nq = 	16	0.062476	0.109769	0.062476	0.062476	0.109769	0.152086	0.109769	0.109769	0.152086	0.191884	0.152086	0.062476	0.109769	0.152086	0.109769
Sq = 	-2.7509e-19	0.412943	0.641417	0.412943	0.412943	0.641417	0.93894	0.641417	0.641417	0.93894	5.03522	0.93894	0.412943	0.641417	0.93894	0.641417
20 rounds of non-Gaussian ED iteration : ground-state energy is -55.2802 | electron energy -55.2974 + phonon energy 0.0171134 | electron momentum kIdx = 0
Nq = 	16	0.0624844	0.109782	0.0624844	0.0624844	0.109782	0.152103	0.109782	0.109782	0.152103	0.191906	0.152103	0.0624844	0.109782	0.152103	0.109782
Sq = 	5.53629e-19	0.412946	0.641415	0.412946	0.412946	0.641415	0.938922	0.641415	0.641415	0.938922	5.03509	0.938922	0.412946	0.641415	0.938922	0.641415
21 rounds of non-Gaussian ED iteration : ground-state energy is -55.4396 | electron energy -55.457 + phonon energy 0.0173476 | electron momentum kIdx = 0
Nq = 	16	0.0624915	0.109793	0.0624915	0.0624915	0.109793	0.152118	0.109793	0.109793	0.152118	0.191924	0.152118	0.0624915	0.109793	0.152118	0.109793
Sq = 	7.4651e-19	0.412949	0.641413	0.412949	0.412949	0.641413	0.938907	0.641413	0.641413	0.938907	5.03497	0.938907	0.412949	0.641413	0.938907	0.641413
22 rounds of non-Gaussian ED iteration : ground-state energy is -55.5701 | electron energy -55.5877 + phonon energy 0.0175452 | electron momentum kIdx = 0
Nq = 	16	0.0624974	0.109802	0.0624974	0.0624974	0.109802	0.15213	0.109802	0.109802	0.15213	0.19194	0.15213	0.0624974	0.109802	0.15213	0.109802
Sq = 	1.40894e-18	0.412952	0.641412	0.412952	0.412952	0.641412	0.938895	0.641412	0.641412	0.938895	5.03488	0.938895	0.412952	0.641412	0.938895	0.641412
23 rounds of non-Gaussian ED iteration : ground-state energy is -55.6769 | electron energy -55.6947 + phonon energy 0.0177118 | electron momentum kIdx = 0
Nq = 	16	0.0625023	0.10981	0.0625023	0.0625023	0.10981	0.152141	0.10981	0.10981	0.152141	0.191953	0.152141	0.0625023	0.10981	0.152141	0.10981
Sq = 	-1.90023e-18	0.412954	0.641411	0.412954	0.412954	0.641411	0.938884	0.641411	0.641411	0.938884	5.0348	0.938884	0.412954	0.641411	0.938884	0.641411
24 rounds of non-Gaussian ED iteration : ground-state energy is -55.7644 | electron energy -55.7823 + phonon energy 0.0178522 | electron momentum kIdx = 0
Nq = 	16	0.0625065	0.109816	0.0625065	0.0625065	0.109816	0.152149	0.109816	0.109816	0.152149	0.191964	0.152149	0.0625065	0.109816	0.152149	0.109816
Sq = 	1.38795e-18	0.412955	0.64141	0.412955	0.412955	0.64141	0.938875	0.64141	0.64141	0.938875	5.03474	0.938875	0.412955	0.64141	0.938875	0.64141
25 rounds of non-Gaussian ED iteration : ground-state energy is -55.836 | electron energy -55.854 + phonon energy 0.0179703 | electron momentum kIdx = 0
Nq = 	16	0.06251	0.109822	0.06251	0.06251	0.109822	0.152156	0.109822	0.109822	0.152156	0.191973	0.152156	0.06251	0.109822	0.152156	0.109822
Sq = 	-1.09696e-18	0.412957	0.641409	0.412957	0.412957	0.641409	0.938868	0.641409	0.641409	0.938868	5.03468	0.938868	0.412957	0.641409	0.938868	0.641409
26 rounds of non-Gaussian ED iteration : ground-state energy is -55.8947 | electron energy -55.9127 + phonon energy 0.0180697 | electron momentum kIdx = 0
Nq = 	16	0.0625129	0.109826	0.0625129	0.0625129	0.109826	0.152162	0.109826	0.109826	0.152162	0.191981	0.152162	0.0625129	0.109826	0.152162	0.109826
Sq = 	1.12766e-18	0.412958	0.641408	0.412958	0.412958	0.641408	0.938862	0.641408	0.641408	0.938862	5.03463	0.938862	0.412958	0.641408	0.938862	0.641408
27 rounds of non-Gaussian ED iteration : ground-state energy is -55.9427 | electron energy -55.9608 + phonon energy 0.0181532 | electron momentum kIdx = 0
Nq = 	16	0.0625153	0.10983	0.0625153	0.0625153	0.10983	0.152168	0.10983	0.10983	0.152168	0.191987	0.152168	0.0625153	0.10983	0.152168	0.10983
Sq = 	-1.92798e-18	0.412959	0.641407	0.412959	0.412959	0.641407	0.938857	0.641407	0.641407	0.938857	5.03459	0.938857	0.412959	0.641407	0.938857	0.641407
28 rounds of non-Gaussian ED iteration : ground-state energy is -55.982 | electron energy -56.0002 + phonon energy 0.0182234 | electron momentum kIdx = 0
Nq = 	16	0.0625174	0.109833	0.0625174	0.0625174	0.109833	0.152172	0.109833	0.109833	0.152172	0.191992	0.152172	0.0625174	0.109833	0.152172	0.109833
Sq = 	-5.94371e-19	0.41296	0.641407	0.41296	0.41296	0.641407	0.938852	0.641407	0.641407	0.938852	5.03456	0.938852	0.41296	0.641407	0.938852	0.641407
29 rounds of non-Gaussian ED iteration : ground-state energy is -56.0141 | electron energy -56.0324 + phonon energy 0.0182824 | electron momentum kIdx = 0
Nq = 	16	0.0625191	0.109836	0.0625191	0.0625191	0.109836	0.152175	0.109836	0.109836	0.152175	0.191997	0.152175	0.0625191	0.109836	0.152175	0.109836
Sq = 	-2.30034e-18	0.412961	0.641406	0.412961	0.412961	0.641406	0.938849	0.641406	0.641406	0.938849	5.03453	0.938849	0.412961	0.641406	0.938849	0.641406
30 rounds of non-Gaussian ED iteration : ground-state energy is -56.0405 | electron energy -56.0588 + phonon energy 0.018332 | electron momentum kIdx = 0
Nq = 	16	0.0625205	0.109838	0.0625205	0.0625205	0.109838	0.152178	0.109838	0.109838	0.152178	0.192001	0.152178	0.0625205	0.109838	0.152178	0.109838
Sq = 	-2.84022e-19	0.412961	0.641406	0.412961	0.412961	0.641406	0.938846	0.641406	0.641406	0.938846	5.03451	0.938846	0.412961	0.641406	0.938846	0.641406
31 rounds of non-Gaussian ED iteration : ground-state energy is -56.0621 | electron energy -56.0804 + phonon energy 0.0183736 | electron momentum kIdx = 0
Nq = 	16	0.0625217	0.10984	0.0625217	0.0625217	0.10984	0.152181	0.10984	0.10984	0.152181	0.192004	0.152181	0.0625217	0.10984	0.152181	0.10984
Sq = 	8.81651e-19	0.412962	0.641406	0.412962	0.412962	0.641406	0.938843	0.641406	0.641406	0.938843	5.03449	0.938843	0.412962	0.641406	0.938843	0.641406
32 rounds of non-Gaussian ED iteration : ground-state energy is -56.0797 | electron energy -56.0981 + phonon energy 0.0184085 | electron momentum kIdx = 0
Nq = 	16	0.0625228	0.109841	0.0625228	0.0625228	0.109841	0.152183	0.109841	0.109841	0.152183	0.192007	0.152183	0.0625228	0.109841	0.152183	0.109841
Sq = 	-8.45145e-19	0.412962	0.641405	0.412962	0.412962	0.641405	0.938841	0.641405	0.641405	0.938841	5.03448	0.938841	0.412962	0.641405	0.938841	0.641405
33 rounds of non-Gaussian ED iteration : ground-state energy is -56.0942 | electron energy -56.1126 + phonon energy 0.0184379 | electron momentum kIdx = 0
Nq = 	16	0.0625236	0.109843	0.0625236	0.0625236	0.109843	0.152185	0.109843	0.109843	0.152185	0.192009	0.152185	0.0625236	0.109843	0.152185	0.109843
Sq = 	6.32344e-20	0.412963	0.641405	0.412963	0.412963	0.641405	0.938839	0.641405	0.641405	0.938839	5.03446	0.938839	0.412963	0.641405	0.938839	0.641405
34 rounds of non-Gaussian ED iteration : ground-state energy is -56.106 | electron energy -56.1245 + phonon energy 0.0184625 | electron momentum kIdx = 0
Nq = 	16	0.0625243	0.109844	0.0625243	0.0625243	0.109844	0.152186	0.109844	0.109844	0.152186	0.192011	0.152186	0.0625243	0.109844	0.152186	0.109844
Sq = 	3.07733e-20	0.412963	0.641405	0.412963	0.412963	0.641405	0.938838	0.641405	0.641405	0.938838	5.03445	0.938838	0.412963	0.641405	0.938838	0.641405
35 rounds of non-Gaussian ED iteration : ground-state energy is -56.1157 | electron energy -56.1342 + phonon energy 0.0184832 | electron momentum kIdx = 0
Nq = 	16	0.0625249	0.109845	0.0625249	0.0625249	0.109845	0.152188	0.109845	0.109845	0.152188	0.192012	0.152188	0.0625249	0.109845	0.152188	0.109845
Sq = 	-2.18738e-19	0.412963	0.641405	0.412963	0.412963	0.641405	0.938837	0.641405	0.641405	0.938837	5.03444	0.938837	0.412963	0.641405	0.938837	0.641405
36 rounds of non-Gaussian ED iteration : ground-state energy is -56.1236 | electron energy -56.1421 + phonon energy 0.0185005 | electron momentum kIdx = 0
Nq = 	16	0.0625254	0.109846	0.0625254	0.0625254	0.109846	0.152189	0.109846	0.109846	0.152189	0.192014	0.152189	0.0625254	0.109846	0.152189	0.109846
Sq = 	1.68592e-19	0.412963	0.641405	0.412963	0.412963	0.641405	0.938835	0.641405	0.641405	0.938835	5.03443	0.938835	0.412963	0.641405	0.938835	0.641405
37 rounds of non-Gaussian ED iteration : ground-state energy is -56.1301 | electron energy -56.1486 + phonon energy 0.0185151 | electron momentum kIdx = 0
Nq = 	16	0.0625258	0.109846	0.0625258	0.0625258	0.109846	0.152189	0.109846	0.109846	0.152189	0.192015	0.152189	0.0625258	0.109846	0.152189	0.109846
Sq = 	-1.35705e-18	0.412963	0.641405	0.412963	0.412963	0.641405	0.938835	0.641405	0.641405	0.938835	5.03443	0.938835	0.412963	0.641405	0.938835	0.641405
38 rounds of non-Gaussian ED iteration : ground-state energy is -56.1354 | electron energy -56.154 + phonon energy 0.0185273 | electron momentum kIdx = 0
Nq = 	16	0.0625262	0.109847	0.0625262	0.0625262	0.109847	0.15219	0.109847	0.109847	0.15219	0.192016	0.15219	0.0625262	0.109847	0.15219	0.109847
Sq = 	-8.06414e-20	0.412964	0.641405	0.412964	0.412964	0.641405	0.938834	0.641405	0.641405	0.938834	5.03442	0.938834	0.412964	0.641405	0.938834	0.641405
39 rounds of non-Gaussian ED iteration : ground-state energy is -56.1398 | electron energy -56.1583 + phonon energy 0.0185375 | electron momentum kIdx = 0
Nq = 	16	0.0625265	0.109847	0.0625265	0.0625265	0.109847	0.152191	0.109847	0.109847	0.152191	0.192017	0.152191	0.0625265	0.109847	0.152191	0.109847
Sq = 	-3.20236e-21	0.412964	0.641405	0.412964	0.412964	0.641405	0.938833	0.641405	0.641405	0.938833	5.03442	0.938833	0.412964	0.641405	0.938833	0.641405
40 rounds of non-Gaussian ED iteration : ground-state energy is -56.1434 | electron energy -56.1619 + phonon energy 0.0185461 | electron momentum kIdx = 0
Nq = 	16	0.0625267	0.109848	0.0625267	0.0625267	0.109848	0.152191	0.109848	0.109848	0.152191	0.192017	0.152191	0.0625267	0.109848	0.152191	0.109848
Sq = 	-3.3473e-19	0.412964	0.641404	0.412964	0.412964	0.641404	0.938833	0.641404	0.641404	0.938833	5.03441	0.938833	0.412964	0.641404	0.938833	0.641404
41 rounds of non-Gaussian ED iteration : ground-state energy is -56.1463 | electron energy -56.1648 + phonon energy 0.0185533 | electron momentum kIdx = 0
Nq = 	16	0.0625269	0.109848	0.0625269	0.0625269	0.109848	0.152192	0.109848	0.109848	0.152192	0.192018	0.152192	0.0625269	0.109848	0.152192	0.109848
Sq = 	-1.78558e-20	0.412964	0.641404	0.412964	0.412964	0.641404	0.938832	0.641404	0.641404	0.938832	5.03441	0.938832	0.412964	0.641404	0.938832	0.641404
42 rounds of non-Gaussian ED iteration : ground-state energy is -56.1487 | electron energy -56.1672 + phonon energy 0.0185594 | electron momentum kIdx = 0
Nq = 	16	0.0625271	0.109848	0.0625271	0.0625271	0.109848	0.152192	0.109848	0.109848	0.152192	0.192018	0.152192	0.0625271	0.109848	0.152192	0.109848
Sq = 	-9.76255e-19	0.412964	0.641404	0.412964	0.412964	0.641404	0.938832	0.641404	0.641404	0.938832	5.03441	0.938832	0.412964	0.641404	0.938832	0.641404
43 rounds of non-Gaussian ED iteration : ground-state energy is -56.1506 | electron energy -56.1692 + phonon energy 0.0185645 | electron momentum kIdx = 0
Nq = 	16	0.0625273	0.109848	0.0625273	0.0625273	0.109848	0.152192	0.109848	0.109848	0.152192	0.192019	0.152192	0.0625273	0.109848	0.152192	0.109848
Sq = 	-1.14527e-18	0.412964	0.641404	0.412964	0.412964	0.641404	0.938832	0.641404	0.641404	0.938832	5.0344	0.938832	0.412964	0.641404	0.938832	0.641404
44 rounds of non-Gaussian ED iteration : ground-state energy is -56.1522 | electron energy -56.1708 + phonon energy 0.0185687 | electron momentum kIdx = 0
Nq = 	16	0.0625274	0.109849	0.0625274	0.0625274	0.109849	0.152193	0.109849	0.109849	0.152193	0.192019	0.152193	0.0625274	0.109849	0.152193	0.109849
Sq = 	4.08793e-20	0.412964	0.641404	0.412964	0.412964	0.641404	0.938831	0.641404	0.641404	0.938831	5.0344	0.938831	0.412964	0.641404	0.938831	0.641404
45 rounds of non-Gaussian ED iteration : ground-state energy is -56.1535 | electron energy -56.1721 + phonon energy 0.0185723 | electron momentum kIdx = 0
Nq = 	16	0.0625275	0.109849	0.0625275	0.0625275	0.109849	0.152193	0.109849	0.109849	0.152193	0.192019	0.152193	0.0625275	0.109849	0.152193	0.109849
Sq = 	3.76597e-19	0.412964	0.641404	0.412964	0.412964	0.641404	0.938831	0.641404	0.641404	0.938831	5.0344	0.938831	0.412964	0.641404	0.938831	0.641404
46 rounds of non-Gaussian ED iteration : ground-state energy is -56.1546 | electron energy -56.1732 + phonon energy 0.0185753 | electron momentum kIdx = 0
Nq = 	16	0.0625276	0.109849	0.0625276	0.0625276	0.109849	0.152193	0.109849	0.109849	0.152193	0.192019	0.152193	0.0625276	0.109849	0.152193	0.109849
Sq = 	3.88257e-19	0.412964	0.641404	0.412964	0.412964	0.641404	0.938831	0.641404	0.641404	0.938831	5.0344	0.938831	0.412964	0.641404	0.938831	0.641404
47 rounds of non-Gaussian ED iteration : ground-state energy is -56.1555 | electron energy -56.1741 + phonon energy 0.0185778 | electron momentum kIdx = 0
Nq = 	16	0.0625277	0.109849	0.0625277	0.0625277	0.109849	0.152193	0.109849	0.109849	0.152193	0.19202	0.152193	0.0625277	0.109849	0.152193	0.109849
Sq = 	-6.6248e-19	0.412964	0.641404	0.412964	0.412964	0.641404	0.938831	0.641404	0.641404	0.938831	5.0344	0.938831	0.412964	0.641404	0.938831	0.641404
48 rounds of non-Gaussian ED iteration : ground-state energy is -56.1562 | electron energy -56.1748 + phonon energy 0.0185799 | electron momentum kIdx = 0
Nq = 	16	0.0625277	0.109849	0.0625277	0.0625277	0.109849	0.152193	0.109849	0.109849	0.152193	0.19202	0.152193	0.0625277	0.109849	0.152193	0.109849
Sq = 	7.94716e-19	0.412964	0.641404	0.412964	0.412964	0.641404	0.938831	0.641404	0.641404	0.938831	5.0344	0.938831	0.412964	0.641404	0.938831	0.641404
49 rounds of non-Gaussian ED iteration : ground-state energy is -56.1568 | electron energy -56.1754 + phonon energy 0.0185817 | electron momentum kIdx = 0
Nq = 	16	0.0625278	0.109849	0.0625278	0.0625278	0.109849	0.152193	0.109849	0.109849	0.152193	0.19202	0.152193	0.0625278	0.109849	0.152193	0.109849
Sq = 	-5.32273e-19	0.412964	0.641404	0.412964	0.412964	0.641404	0.938831	0.641404	0.641404	0.938831	5.0344	0.938831	0.412964	0.641404	0.938831	0.641404
50 rounds of non-Gaussian ED iteration : ground-state energy is -56.1573 | electron energy -56.1759 + phonon energy 0.0185832 | electron momentum kIdx = 0
Nq = 	16	0.0625278	0.109849	0.0625278	0.0625278	0.109849	0.152194	0.109849	0.109849	0.152194	0.19202	0.152194	0.0625278	0.109849	0.152194	0.109849
Sq = 	2.51716e-19	0.412964	0.641404	0.412964	0.412964	0.641404	0.93883	0.641404	0.641404	0.93883	5.0344	0.93883	0.412964	0.641404	0.93883	0.641404
51 rounds of non-Gaussian ED iteration : ground-state energy is -56.1577 | electron energy -56.1763 + phonon energy 0.0185844 | electron momentum kIdx = 0
Nq = 	16	0.0625278	0.109849	0.0625278	0.0625278	0.109849	0.152194	0.109849	0.109849	0.152194	0.19202	0.152194	0.0625278	0.109849	0.152194	0.109849
Sq = 	2.47793e-19	0.412964	0.641404	0.412964	0.412964	0.641404	0.93883	0.641404	0.641404	0.93883	5.03439	0.93883	0.412964	0.641404	0.93883	0.641404
52 rounds of non-Gaussian ED iteration : ground-state energy is -56.158 | electron energy -56.1766 + phonon energy 0.0185855 | electron momentum kIdx = 0
Nq = 	16	0.0625279	0.109849	0.0625279	0.0625279	0.109849	0.152194	0.109849	0.109849	0.152194	0.19202	0.152194	0.0625279	0.109849	0.152194	0.109849
Sq = 	1.63934e-18	0.412964	0.641404	0.412964	0.412964	0.641404	0.93883	0.641404	0.641404	0.93883	5.03439	0.93883	0.412964	0.641404	0.93883	0.641404
53 rounds of non-Gaussian ED iteration : ground-state energy is -56.1583 | electron energy -56.1769 + phonon energy 0.0185863 | electron momentum kIdx = 0
Nq = 	16	0.0625279	0.109849	0.0625279	0.0625279	0.109849	0.152194	0.109849	0.109849	0.152194	0.19202	0.152194	0.0625279	0.109849	0.152194	0.109849
Sq = 	-4.55123e-18	0.412964	0.641404	0.412964	0.412964	0.641404	0.93883	0.641404	0.641404	0.93883	5.03439	0.93883	0.412964	0.641404	0.93883	0.641404
54 rounds of non-Gaussian ED iteration : ground-state energy is -56.1585 | electron energy -56.1771 + phonon energy 0.0185871 | electron momentum kIdx = 0
Nq = 	16	0.0625279	0.109849	0.0625279	0.0625279	0.109849	0.152194	0.109849	0.109849	0.152194	0.19202	0.152194	0.0625279	0.109849	0.152194	0.109849
Sq = 	6.12695e-19	0.412964	0.641404	0.412964	0.412964	0.641404	0.93883	0.641404	0.641404	0.93883	5.03439	0.93883	0.412964	0.641404	0.93883	0.641404
55 rounds of non-Gaussian ED iteration : ground-state energy is -56.1587 | electron energy -56.1773 + phonon energy 0.0185877 | electron momentum kIdx = 0
Nq = 	16	0.0625279	0.109849	0.0625279	0.0625279	0.109849	0.152194	0.109849	0.109849	0.152194	0.19202	0.152194	0.0625279	0.109849	0.152194	0.109849
Sq = 	2.40491e-19	0.412964	0.641404	0.412964	0.412964	0.641404	0.93883	0.641404	0.641404	0.93883	5.03439	0.93883	0.412964	0.641404	0.93883	0.641404
56 rounds of non-Gaussian ED iteration : ground-state energy is -56.1588 | electron energy -56.1774 + phonon energy 0.0185882 | electron momentum kIdx = 0
Nq = 	16	0.0625279	0.109849	0.0625279	0.0625279	0.109849	0.152194	0.109849	0.109849	0.152194	0.19202	0.152194	0.0625279	0.109849	0.152194	0.109849
Sq = 	-1.30779e-18	0.412964	0.641404	0.412964	0.412964	0.641404	0.93883	0.641404	0.641404	0.93883	5.03439	0.93883	0.412964	0.641404	0.93883	0.641404
57 rounds of non-Gaussian ED iteration : ground-state energy is -56.1589 | electron energy -56.1775 + phonon energy 0.0185886 | electron momentum kIdx = 0
Nq = 	16	0.062528	0.109849	0.062528	0.062528	0.109849	0.152194	0.109849	0.109849	0.152194	0.19202	0.152194	0.062528	0.109849	0.152194	0.109849
Sq = 	5.03769e-19	0.412964	0.641404	0.412964	0.412964	0.641404	0.93883	0.641404	0.641404	0.93883	5.03439	0.93883	0.412964	0.641404	0.93883	0.641404
srun: Job step aborted: Waiting up to 32 seconds for job step to finish.
slurmstepd: error: *** STEP 13182212.0 ON nid02817 CANCELLED AT 2019-04-27T04:01:38 DUE TO TIME LIMIT ***
srun: got SIGCONT
srun: forcing job termination
