SNEDics v3.4 Non-Gaussian ED ground state program		Start at Thu Oct  3 15:41:47 2019

parallized on 16 MPI threads  * 8 OpenMP threads = 128 total threads.
********************************************************************************************************************
********************************************************************************************************************

********************************************************************************************************************
System parameters and configurations
********************************************************************************************************************
Special program options are enabled: splitted diagonal Hamiltonian
********************************************************************************************************************
Read input file "model_params.in"
	Hubbard-Holstein model parameters : 	t = 1    U = 3.5    g = 3.2404    W = 5    
********************************************************************************************************************
Read input file "hilbertspace_params.in"
	Requested 16-site 2D lattice, with 16 electrons (8, 8)
	Boundary : Periodic		Hilbert space representation : momentum-space (restricted to kIdx = 10)
	Conservation: particle number[U(1)]      spin[U(1)]     momentum
********************************************************************************************************************

Cluster Positions:				Cluster symmetry group : D4
 x ... x ... x ... x .....                       x ... x ... x ... x .....
 |           |           :                       |           |           :
 |           |           :                       |           |           :
12    13    14    15     x                       1     5     6     5     x
 |           |           :                       |           |           :
 |           |           :                       |           |           :
 8 --- 9 ---10 ---11 --- x                       2 --- 6 ---10 --- 6 --- x
 |           |           :                       |           |           :
 |           |           :                       |           |           :
 4     5     6     7     x                       1     5     6     5     x
 |           |           :                       |           |           :
 |           |           :                       |           |           :
 0 --- 1 --- 2 --- 3 --- x                       0 --- 1 --- 2 --- 1 --- x
orbital number : 1
********************************************************************************************************************
Read input file "obs_params.in"
	Observable Type : Nq(All),   Sq(All),   N(All),   Delta[s](All),   Delta[d](All),   Delta[s+](All)
********************************************************************************************************************
** WARNING ** the input observables have non-local factors which have been reinterpreted. The total observable number is 96
********************************************************************************************************************


********************************************************************************************************************
Start calculating the non-Gaussian ED ground state
** WARNING ** Detected low phonon energy W < 10. The initial state will be prepared through a warm-up process.
********************************************************************************************************************
Start warm-up calculation for scaling factor 2
open output files: NGSEDWarmUpW10Obs.txt
********************************************************************************************************************
Start the 0 rounds of NGS-ED iteration
	effective electronic model is modified as: kinetic energy t = 1
	                                           effective interaction Vq = [-0,-0,-0,-0,-0,-0,-0,-0,-0,-0,-0,-0,-0,-0,-0,-0]
	first Hamiltonian is constructed, non-zero numbers = 2845334624
	PARPACK diagonalization completed after 90 matrix-vector product operations.
	iteration results: : total energy is -14.460938 | electron energy -14.460938 + phonon energy 0.000000 | electron momentum kIdx = 10
	Nq(0) = 16,	Nq(1) = 0.185165,	Nq(2) = 0.256894,	Nq(3) = 0.185165,	Nq(4) = 0.185165,	Nq(5) = 0.256894,	Nq(6) = 0.353962,	Nq(7) = 0.256894,	Nq(8) = 0.256894,	Nq(9) = 0.353962,	Nq(10) = 0.419629,	Nq(11) = 0.353962,	Nq(12) = 0.185165,	Nq(13) = 0.256894,	Nq(14) = 0.353962,	Nq(15) = 0.256894,	Sq(0) = 1.75341e-19,	Sq(1) = 0.329811,	Sq(2) = 0.424619,	Sq(3) = 0.329811,	Sq(4) = 0.329811,	Sq(5) = 0.424619,	Sq(6) = 0.64706,	Sq(7) = 0.424619,	Sq(8) = 0.424619,	Sq(9) = 0.64706,	Sq(10) = 5.4273,	Sq(11) = 0.64706,	Sq(12) = 0.329811,	Sq(13) = 0.424619,	Sq(14) = 0.64706,	Sq(15) = 0.424619,	N(0) = 1.94734,	N(1) = 1.88049,	N(2) = 1,	N(3) = 1.88049,	N(4) = 1.88049,	N(5) = 1,	N(6) = 0.11951,	N(7) = 1,	N(8) = 1,	N(9) = 0.11951,	N(10) = 0.0526602,	N(11) = 0.11951,	N(12) = 1.88049,	N(13) = 1,	N(14) = 0.11951,	N(15) = 1,	Delta[s](0) = 0.19377,	Delta[s](1) = 0.167358,	Delta[s](2) = 0.128518,	Delta[s](3) = 0.167358,	Delta[s](4) = 0.167358,	Delta[s](5) = 0.128518,	Delta[s](6) = 0.0996588,	Delta[s](7) = 0.128518,	Delta[s](8) = 0.128518,	Delta[s](9) = 0.0996588,	Delta[s](10) = 0.0258039,	Delta[s](11) = 0.0996588,	Delta[s](12) = 0.167358,	Delta[s](13) = 0.128518,	Delta[s](14) = 0.0996588,	Delta[s](15) = 0.128518,	Delta[d](0) = 0.51371,	Delta[d](1) = 0.368736,	Delta[d](2) = 0.314256,	Delta[d](3) = 0.368736,	Delta[d](4) = 0.368736,	Delta[d](5) = 0.370322,	Delta[d](6) = 0.293389,	Delta[d](7) = 0.370322,	Delta[d](8) = 0.314256,	Delta[d](9) = 0.293389,	Delta[d](10) = 0.237086,	Delta[d](11) = 0.293389,	Delta[d](12) = 0.368736,	Delta[d](13) = 0.370322,	Delta[d](14) = 0.293389,	Delta[d](15) = 0.370322,	Delta[s+](0) = 0.577381,	Delta[s+](1) = 0.472378,	Delta[s+](2) = 0.314256,	Delta[s+](3) = 0.472378,	Delta[s+](4) = 0.472378,	Delta[s+](5) = 0.314256,	Delta[s+](6) = 0.162501,	Delta[s+](7) = 0.314256,	Delta[s+](8) = 0.314256,	Delta[s+](9) = 0.162501,	Delta[s+](10) = 0.0484672,	Delta[s+](11) = 0.162501,	Delta[s+](12) = 0.472378,	Delta[s+](13) = 0.314256,	Delta[s+](14) = 0.162501,	Delta[s+](15) = 0.314256
The 0-th iteration is completed.	|| time cost : 0h 8m 31.75s
********************************************************************************************************************
Start the 1 rounds of NGS-ED iteration
	effective electronic model is modified as: kinetic energy t = 0.946112
	                                           effective interaction Vq = [-1.81583,-1.67267,-1.61134,-1.67267,-1.67267,-1.61134,-1.59464,-1.61134,-1.61134,-1.59464,-1.56878,-1.59464,-1.67267,-1.61134,-1.59464,-1.61134]
	PARPACK diagonalization completed after 45 matrix-vector product operations.
	iteration results: : total energy is -50.843825 | electron energy -50.846891 + phonon energy 0.003066 | electron momentum kIdx = 10
The 1-th iteration is completed.	|| time cost : 0h 7m 21.38s
********************************************************************************************************************
Start the 2 rounds of NGS-ED iteration
	effective electronic model is modified as: kinetic energy t = 0.907817
	                                           effective interaction Vq = [-2.06157, -1.9722,-1.88212, -1.9722, -1.9722,-1.88212,-1.89326,-1.88212,-1.88212,-1.89326,-1.84177,-1.89326, -1.9722,-1.88212,-1.89326,-1.88212]
	PARPACK diagonalization completed after 45 matrix-vector product operations.
	iteration results: : total energy is -56.014894 | electron energy -56.036970 + phonon energy 0.022076 | electron momentum kIdx = 10
The 2-th iteration is completed.	|| time cost : 0h 0m 32.098s
********************************************************************************************************************
Start the 3 rounds of NGS-ED iteration
	effective electronic model is modified as: kinetic energy t = 0.887698
	                                           effective interaction Vq = [-2.09483,-2.03603,-2.00402,-2.03603,-2.03603,-2.00402,-1.96584,-2.00402,-2.00402,-1.96584,-1.90724,-1.96584,-2.03603,-2.00402,-1.96584,-2.00402]
	PARPACK diagonalization completed after 30 matrix-vector product operations.
	iteration results: : total energy is -56.852284 | electron energy -56.892277 + phonon energy 0.039993 | electron momentum kIdx = 10
The 3-th iteration is completed.	|| time cost : 0h 0m 27.66s
********************************************************************************************************************
Start the 4 rounds of NGS-ED iteration
	effective electronic model is modified as: kinetic energy t = 0.880811
	                                           effective interaction Vq = [-2.09933,-2.05209,-2.03431,-2.05209,-2.05209,-2.03431,-1.98555,-2.03431,-2.03431,-1.98555,-1.92535,-1.98555,-2.05209,-2.03431,-1.98555,-2.03431]
	PARPACK diagonalization completed after 30 matrix-vector product operations.
	iteration results: : total energy is -56.958947 | electron energy -57.008305 + phonon energy 0.049358 | electron momentum kIdx = 10
The 4-th iteration is completed.	|| time cost : 0h 0m 27.318s
********************************************************************************************************************
Start the 5 rounds of NGS-ED iteration
	effective electronic model is modified as: kinetic energy t = 0.878531
	                                           effective interaction Vq = [-2.09994,-2.05682,-2.04317,-2.05682,-2.05682,-2.04317,-1.99152,-2.04317,-2.04317,-1.99152,-1.93083,-1.99152,-2.05682,-2.04317,-1.99152,-2.04317]
	PARPACK diagonalization completed after 105 matrix-vector product operations.
	iteration results: : total energy is -57.148381 | electron energy -57.201381 + phonon energy 0.053000 | electron momentum kIdx = 10
The 5-th iteration is completed.	|| time cost : 0h 0m 51.258s
********************************************************************************************************************
Start the 6 rounds of NGS-ED iteration
	effective electronic model is modified as: kinetic energy t = 0.875493
	                                           effective interaction Vq = [-2.10003,-2.05659,-2.05282,-2.05659,-2.05659,-2.05282,-1.99068,-2.05282,-2.05282,-1.99068,-1.98562,-1.99068,-2.05659,-2.05282,-1.99068,-2.05282]
	PARPACK diagonalization completed after 45 matrix-vector product operations.
	iteration results: : total energy is -57.165471 | electron energy -57.221374 + phonon energy 0.055903 | electron momentum kIdx = 10
The 6-th iteration is completed.	|| time cost : 0h 0m 32.12s
********************************************************************************************************************
Start the 7 rounds of NGS-ED iteration
	effective electronic model is modified as: kinetic energy t = 0.874458
	                                           effective interaction Vq = [-2.10004,-2.05644,-2.05575,-2.05644,-2.05644,-2.05575,-1.99028,-2.05575,-2.05575,-1.99028,-2.00321,-1.99028,-2.05644,-2.05575,-1.99028,-2.05575]
	PARPACK diagonalization completed after 30 matrix-vector product operations.
	iteration results: : total energy is -57.167761 | electron energy -57.225466 + phonon energy 0.057705 | electron momentum kIdx = 10
The 7-th iteration is completed.	|| time cost : 0h 0m 27.391s
********************************************************************************************************************
Start the 8 rounds of NGS-ED iteration
	effective electronic model is modified as: kinetic energy t = 0.874089
	                                           effective interaction Vq = [-2.10004, -2.0564,-2.05663, -2.0564, -2.0564,-2.05663,-1.99016,-2.05663,-2.05663,-1.99016,-2.00985,-1.99016, -2.0564,-2.05663,-1.99016,-2.05663]
	PARPACK diagonalization completed after 30 matrix-vector product operations.
	iteration results: : total energy is -57.168105 | electron energy -57.226578 + phonon energy 0.058473 | electron momentum kIdx = 10
The 8-th iteration is completed.	|| time cost : 0h 0m 27.409s
********************************************************************************************************************
Start the 9 rounds of NGS-ED iteration
	effective electronic model is modified as: kinetic energy t = 0.873948
	                                           effective interaction Vq = [-2.10004, -2.0564,-2.05686, -2.0564, -2.0564,-2.05686,-1.99013,-2.05686,-2.05686,-1.99013,-2.01271,-1.99013, -2.0564,-2.05686,-1.99013,-2.05686]
	PARPACK diagonalization completed after 30 matrix-vector product operations.
	iteration results: : total energy is -57.168166 | electron energy -57.226948 + phonon energy 0.058782 | electron momentum kIdx = 10
The 9-th iteration is completed.	|| time cost : 0h 0m 27.425s
********************************************************************************************************************
Start the 10 rounds of NGS-ED iteration
	effective electronic model is modified as: kinetic energy t = 0.87389
	                                           effective interaction Vq = [-2.10004,-2.05641, -2.0569,-2.05641,-2.05641, -2.0569,-1.99014, -2.0569, -2.0569,-1.99014,-2.01406,-1.99014,-2.05641, -2.0569,-1.99014, -2.0569]
	PARPACK diagonalization completed after 30 matrix-vector product operations.
	iteration results: : total energy is -57.168180 | electron energy -57.227089 + phonon energy 0.058909 | electron momentum kIdx = 10
	Nq(0) = 16,	Nq(1) = 0.380556,	Nq(2) = 0.751413,	Nq(3) = 0.380556,	Nq(4) = 0.380556,	Nq(5) = 0.751413,	Nq(6) = 0.630873,	Nq(7) = 0.751413,	Nq(8) = 0.751413,	Nq(9) = 0.630873,	Nq(10) = 0.971833,	Nq(11) = 0.630873,	Nq(12) = 0.380556,	Nq(13) = 0.751413,	Nq(14) = 0.630873,	Nq(15) = 0.751413,	Sq(0) = -5.64822e-18,	Sq(1) = 0.346483,	Sq(2) = 0.362667,	Sq(3) = 0.346483,	Sq(4) = 0.346483,	Sq(5) = 0.362667,	Sq(6) = 0.579143,	Sq(7) = 0.362667,	Sq(8) = 0.362667,	Sq(9) = 0.579143,	Sq(10) = 0.595466,	Sq(11) = 0.579143,	Sq(12) = 0.346483,	Sq(13) = 0.362667,	Sq(14) = 0.579143,	Sq(15) = 0.362667,	N(0) = 1.99867,	N(1) = 1.9964,	N(2) = 1,	N(3) = 1.9964,	N(4) = 1.9964,	N(5) = 1,	N(6) = 0.00359595,	N(7) = 1,	N(8) = 1,	N(9) = 0.00359595,	N(10) = 0.00132605,	N(11) = 0.00359595,	N(12) = 1.9964,	N(13) = 1,	N(14) = 0.00359595,	N(15) = 1,	Delta[s](0) = 0.469594,	Delta[s](1) = 0.315937,	Delta[s](2) = 0.264543,	Delta[s](3) = 0.315937,	Delta[s](4) = 0.315937,	Delta[s](5) = 0.264543,	Delta[s](6) = 0.237669,	Delta[s](7) = 0.264543,	Delta[s](8) = 0.264543,	Delta[s](9) = 0.237669,	Delta[s](10) = 0.491741,	Delta[s](11) = 0.237669,	Delta[s](12) = 0.315937,	Delta[s](13) = 0.264543,	Delta[s](14) = 0.237669,	Delta[s](15) = 0.264543,	Delta[d](0) = 0.344279,	Delta[d](1) = 0.281689,	Delta[d](2) = 0.253671,	Delta[d](3) = 0.281689,	Delta[d](4) = 0.281689,	Delta[d](5) = 0.24655,	Delta[d](6) = 0.233332,	Delta[d](7) = 0.24655,	Delta[d](8) = 0.253671,	Delta[d](9) = 0.233332,	Delta[d](10) = 0.148983,	Delta[d](11) = 0.233332,	Delta[d](12) = 0.281689,	Delta[d](13) = 0.24655,	Delta[d](14) = 0.233332,	Delta[d](15) = 0.24655,	Delta[s+](0) = 0.471634,	Delta[s+](1) = 0.386062,	Delta[s+](2) = 0.253671,	Delta[s+](3) = 0.386062,	Delta[s+](4) = 0.386062,	Delta[s+](5) = 0.253671,	Delta[s+](6) = 0.116823,	Delta[s+](7) = 0.253671,	Delta[s+](8) = 0.253671,	Delta[s+](9) = 0.116823,	Delta[s+](10) = 0.0293495,	Delta[s+](11) = 0.116823,	Delta[s+](12) = 0.386062,	Delta[s+](13) = 0.253671,	Delta[s+](14) = 0.116823,	Delta[s+](15) = 0.253671
The 10-th iteration is completed.	|| time cost : 0h 4m 30.463s
********************************************************************************************************************
********************************************************************************************************************
Ground state is obtained after 11 iterations. The current ground-state energy is -57.1682, in which electron energy is -57.2271 and phonon energy is 0.0589094
final variational state is: 
	Gamma_x = [      1,1.01991,1.03951,1.01991,1.01991,1.03951,1.04784,1.03951,1.03951,1.04784,1.06765,1.04784,1.01991,1.03951,1.04784,1.03951]
	lambda_q = [0.458254,0.392216,0.392572,0.392216,0.392216,0.392572,0.353434,0.392572,0.392572,0.353434,0.365903,0.353434,0.392216,0.392572,0.353434,0.392572]
********************************************************************************************************************
o___o  ----------------------------------------
| L |	Time since last clock: 0h 0m 0s
A===A	Time since the beginning: 0h 24m 36.277s
***********************************************


********************************************************************************************************************
Warm up runs have been completed. Start calculating W = 5 phonon.
open output files: NGSEDIterationObs.txt
********************************************************************************************************************
Start the 0 rounds of NGS-ED iteration
	effective electronic model is modified as: kinetic energy t = 0.873865
	                                           effective interaction Vq = [-1.91987,-1.77271,-1.77362,-1.77271,-1.77271,-1.77362,-1.66596,-1.77362,-1.77362,-1.66596,-1.70192,-1.66596,-1.77271,-1.77362,-1.66596,-1.77362]
	PARPACK diagonalization completed after 45 matrix-vector product operations.
	iteration results: : total energy is -51.548564 | electron energy -51.578047 + phonon energy 0.029483 | electron momentum kIdx = 10
	Nq(0) = 16,	Nq(1) = 0.381147,	Nq(2) = 0.719297,	Nq(3) = 0.381147,	Nq(4) = 0.381147,	Nq(5) = 0.719297,	Nq(6) = 0.603808,	Nq(7) = 0.719297,	Nq(8) = 0.719297,	Nq(9) = 0.603808,	Nq(10) = 0.855867,	Nq(11) = 0.603808,	Nq(12) = 0.381147,	Nq(13) = 0.719297,	Nq(14) = 0.603808,	Nq(15) = 0.719297,	Sq(0) = -1.22888e-18,	Sq(1) = 0.37412,	Sq(2) = 0.376685,	Sq(3) = 0.37412,	Sq(4) = 0.37412,	Sq(5) = 0.376685,	Sq(6) = 0.626356,	Sq(7) = 0.376685,	Sq(8) = 0.376685,	Sq(9) = 0.626356,	Sq(10) = 0.626517,	Sq(11) = 0.626356,	Sq(12) = 0.37412,	Sq(13) = 0.376685,	Sq(14) = 0.626356,	Sq(15) = 0.376685,	N(0) = 1.99987,	N(1) = 1.9997,	N(2) = 1,	N(3) = 1.9997,	N(4) = 1.9997,	N(5) = 1,	N(6) = 0.000296074,	N(7) = 1,	N(8) = 1,	N(9) = 0.000296074,	N(10) = 0.000126602,	N(11) = 0.000296074,	N(12) = 1.9997,	N(13) = 1,	N(14) = 0.000296074,	N(15) = 1,	Delta[s](0) = 0.393158,	Delta[s](1) = 0.299276,	Delta[s](2) = 0.256684,	Delta[s](3) = 0.299276,	Delta[s](4) = 0.299276,	Delta[s](5) = 0.256684,	Delta[s](6) = 0.23429,	Delta[s](7) = 0.256684,	Delta[s](8) = 0.256684,	Delta[s](9) = 0.23429,	Delta[s](10) = 0.48821,	Delta[s](11) = 0.23429,	Delta[s](12) = 0.299276,	Delta[s](13) = 0.256684,	Delta[s](14) = 0.23429,	Delta[s](15) = 0.256684,	Delta[d](0) = 0.350523,	Delta[d](1) = 0.290326,	Delta[d](2) = 0.26604,	Delta[d](3) = 0.290326,	Delta[d](4) = 0.290326,	Delta[d](5) = 0.255264,	Delta[d](6) = 0.242027,	Delta[d](7) = 0.255264,	Delta[d](8) = 0.26604,	Delta[d](9) = 0.242027,	Delta[d](10) = 0.159162,	Delta[d](11) = 0.242027,	Delta[d](12) = 0.290326,	Delta[d](13) = 0.255264,	Delta[d](14) = 0.242027,	Delta[d](15) = 0.255264,	Delta[s+](0) = 0.497869,	Delta[s+](1) = 0.404799,	Delta[s+](2) = 0.26604,	Delta[s+](3) = 0.404799,	Delta[s+](4) = 0.404799,	Delta[s+](5) = 0.26604,	Delta[s+](6) = 0.126743,	Delta[s+](7) = 0.26604,	Delta[s+](8) = 0.26604,	Delta[s+](9) = 0.126743,	Delta[s+](10) = 0.0354755,	Delta[s+](11) = 0.126743,	Delta[s+](12) = 0.404799,	Delta[s+](13) = 0.26604,	Delta[s+](14) = 0.126743,	Delta[s+](15) = 0.26604
The 0-th iteration is completed.	|| time cost : 0h 4m 28.834s
********************************************************************************************************************
Start the 1 rounds of NGS-ED iteration
	effective electronic model is modified as: kinetic energy t = 0.852945
	                                           effective interaction Vq = [-2.03376,-1.88244,-1.88133,-1.88244,-1.88244,-1.88133,-1.74921,-1.88133,-1.88133,-1.74921,-1.78225,-1.74921,-1.88244,-1.88133,-1.74921,-1.88133]
	PARPACK diagonalization completed after 30 matrix-vector product operations.
	iteration results: : total energy is -53.717146 | electron energy -53.807254 + phonon energy 0.090107 | electron momentum kIdx = 10
The 1-th iteration is completed.	|| time cost : 0h 0m 27.378s
********************************************************************************************************************
Start the 2 rounds of NGS-ED iteration
	effective electronic model is modified as: kinetic energy t = 0.840577
	                                           effective interaction Vq = [-2.07566,-1.93343,-1.93415,-1.93343,-1.93343,-1.93415,-1.79159,-1.93415,-1.93415,-1.79159,-1.82755,-1.79159,-1.93343,-1.93415,-1.79159,-1.93415]
	PARPACK diagonalization completed after 30 matrix-vector product operations.
	iteration results: : total energy is -54.499623 | electron energy -54.636584 + phonon energy 0.136961 | electron momentum kIdx = 10
The 2-th iteration is completed.	|| time cost : 0h 0m 27.378s
********************************************************************************************************************
Start the 3 rounds of NGS-ED iteration
	effective electronic model is modified as: kinetic energy t = 0.833461
	                                           effective interaction Vq = [-2.09107,-1.95854,-1.96119,-1.95854,-1.95854,-1.96119,-1.81376,-1.96119,-1.96119,-1.81376,-1.85326,-1.81376,-1.95854,-1.96119,-1.81376,-1.96119]
	PARPACK diagonalization completed after 30 matrix-vector product operations.
	iteration results: : total energy is -54.782103 | electron energy -54.949211 + phonon energy 0.167108 | electron momentum kIdx = 10
The 3-th iteration is completed.	|| time cost : 0h 0m 27.387s
********************************************************************************************************************
Start the 4 rounds of NGS-ED iteration
	effective electronic model is modified as: kinetic energy t = 0.829425
	                                           effective interaction Vq = [-2.09674,-1.97143,-1.97552,-1.97143,-1.97143,-1.97552,-1.82558,-1.97552,-1.97552,-1.82558,-1.86801,-1.82558,-1.97143,-1.97552,-1.82558,-1.97552]
	PARPACK diagonalization completed after 30 matrix-vector product operations.
	iteration results: : total energy is -54.884211 | electron energy -55.069447 + phonon energy 0.185237 | electron momentum kIdx = 10
The 4-th iteration is completed.	|| time cost : 0h 0m 27.41s
********************************************************************************************************************
Start the 5 rounds of NGS-ED iteration
	effective electronic model is modified as: kinetic energy t = 0.827151
	                                           effective interaction Vq = [-2.09882,-1.97821,-1.98328,-1.97821,-1.97821,-1.98328,-1.83194,-1.98328,-1.98328,-1.83194,-1.87656,-1.83194,-1.97821,-1.98328,-1.83194,-1.98328]
	PARPACK diagonalization completed after 30 matrix-vector product operations.
	iteration results: : total energy is -54.921184 | electron energy -55.116981 + phonon energy 0.195797 | electron momentum kIdx = 10
The 5-th iteration is completed.	|| time cost : 0h 0m 27.439s
********************************************************************************************************************
Start the 6 rounds of NGS-ED iteration
	effective electronic model is modified as: kinetic energy t = 0.825875
	                                           effective interaction Vq = [-2.09959,-1.98184,-1.98755,-1.98184,-1.98184,-1.98755,-1.83538,-1.98755,-1.98755,-1.83538,-1.88154,-1.83538,-1.98184,-1.98755,-1.83538,-1.98755]
	PARPACK diagonalization completed after 30 matrix-vector product operations.
	iteration results: : total energy is -54.934596 | electron energy -55.136446 + phonon energy 0.201850 | electron momentum kIdx = 10
The 6-th iteration is completed.	|| time cost : 0h 0m 27.324s
********************************************************************************************************************
Start the 7 rounds of NGS-ED iteration
	effective electronic model is modified as: kinetic energy t = 0.82516
	                                           effective interaction Vq = [-2.09987,-1.98379,-1.98992,-1.98379,-1.98379,-1.98992,-1.83725,-1.98992,-1.98992,-1.83725,-1.88447,-1.83725,-1.98379,-1.98992,-1.83725,-1.98992]
	PARPACK diagonalization completed after 30 matrix-vector product operations.
	iteration results: : total energy is -54.939471 | electron energy -55.144759 + phonon energy 0.205288 | electron momentum kIdx = 10
The 7-th iteration is completed.	|| time cost : 0h 0m 27.387s
********************************************************************************************************************
Start the 8 rounds of NGS-ED iteration
	effective electronic model is modified as: kinetic energy t = 0.824759
	                                           effective interaction Vq = [-2.09998,-1.98485,-1.99124,-1.98485,-1.98485,-1.99124,-1.83827,-1.99124,-1.99124,-1.83827,-1.88619,-1.83827,-1.98485,-1.99124,-1.83827,-1.99124]
	PARPACK diagonalization completed after 30 matrix-vector product operations.
	iteration results: : total energy is -54.941245 | electron energy -55.148477 + phonon energy 0.207232 | electron momentum kIdx = 10
The 8-th iteration is completed.	|| time cost : 0h 0m 27.396s
********************************************************************************************************************
Start the 9 rounds of NGS-ED iteration
	effective electronic model is modified as: kinetic energy t = 0.824535
	                                           effective interaction Vq = [-2.10002,-1.98543,-1.99198,-1.98543,-1.98543,-1.99198,-1.83882,-1.99198,-1.99198,-1.83882, -1.8872,-1.83882,-1.98543,-1.99198,-1.83882,-1.99198]
	PARPACK diagonalization completed after 30 matrix-vector product operations.
	iteration results: : total energy is -54.941892 | electron energy -55.150221 + phonon energy 0.208329 | electron momentum kIdx = 10
The 9-th iteration is completed.	|| time cost : 0h 0m 27.311s
********************************************************************************************************************
Start the 10 rounds of NGS-ED iteration
	effective electronic model is modified as: kinetic energy t = 0.82441
	                                           effective interaction Vq = [-2.10003,-1.98574, -1.9924,-1.98574,-1.98574, -1.9924,-1.83912, -1.9924, -1.9924,-1.83912, -1.8878,-1.83912,-1.98574, -1.9924,-1.83912, -1.9924]
	PARPACK diagonalization completed after 30 matrix-vector product operations.
	iteration results: : total energy is -54.942128 | electron energy -55.151075 + phonon energy 0.208947 | electron momentum kIdx = 10
	Nq(0) = 16,	Nq(1) = 0.383674,	Nq(2) = 0.757035,	Nq(3) = 0.383674,	Nq(4) = 0.383674,	Nq(5) = 0.757035,	Nq(6) = 0.606246,	Nq(7) = 0.757035,	Nq(8) = 0.757034,	Nq(9) = 0.606246,	Nq(10) = 0.901717,	Nq(11) = 0.606246,	Nq(12) = 0.383674,	Nq(13) = 0.757035,	Nq(14) = 0.606246,	Nq(15) = 0.757035,	Sq(0) = -3.01926e-18,	Sq(1) = 0.353627,	Sq(2) = 0.367891,	Sq(3) = 0.353627,	Sq(4) = 0.353627,	Sq(5) = 0.367891,	Sq(6) = 0.592522,	Sq(7) = 0.367891,	Sq(8) = 0.367891,	Sq(9) = 0.592522,	Sq(10) = 0.604455,	Sq(11) = 0.592522,	Sq(12) = 0.353627,	Sq(13) = 0.367891,	Sq(14) = 0.592522,	Sq(15) = 0.367891,	N(0) = 1.99936,	N(1) = 1.99741,	N(2) = 1,	N(3) = 1.99741,	N(4) = 1.99741,	N(5) = 1,	N(6) = 0.00259307,	N(7) = 1,	N(8) = 1,	N(9) = 0.00259307,	N(10) = 0.000640361,	N(11) = 0.00259307,	N(12) = 1.99741,	N(13) = 1,	N(14) = 0.00259307,	N(15) = 1,	Delta[s](0) = 0.401635,	Delta[s](1) = 0.308114,	Delta[s](2) = 0.269024,	Delta[s](3) = 0.308114,	Delta[s](4) = 0.308114,	Delta[s](5) = 0.269024,	Delta[s](6) = 0.248322,	Delta[s](7) = 0.269024,	Delta[s](8) = 0.269024,	Delta[s](9) = 0.248322,	Delta[s](10) = 0.460282,	Delta[s](11) = 0.248322,	Delta[s](12) = 0.308114,	Delta[s](13) = 0.269024,	Delta[s](14) = 0.248322,	Delta[s](15) = 0.269024,	Delta[d](0) = 0.358394,	Delta[d](1) = 0.299445,	Delta[d](2) = 0.272949,	Delta[d](3) = 0.299445,	Delta[d](4) = 0.299445,	Delta[d](5) = 0.266463,	Delta[d](6) = 0.253382,	Delta[d](7) = 0.266463,	Delta[d](8) = 0.272949,	Delta[d](9) = 0.253382,	Delta[d](10) = 0.17451,	Delta[d](11) = 0.253382,	Delta[d](12) = 0.299445,	Delta[d](13) = 0.266463,	Delta[d](14) = 0.253382,	Delta[d](15) = 0.266463,	Delta[s+](0) = 0.49698,	Delta[s+](1) = 0.406391,	Delta[s+](2) = 0.272949,	Delta[s+](3) = 0.406391,	Delta[s+](4) = 0.406391,	Delta[s+](5) = 0.272949,	Delta[s+](6) = 0.135471,	Delta[s+](7) = 0.272949,	Delta[s+](8) = 0.272949,	Delta[s+](9) = 0.135471,	Delta[s+](10) = 0.0442758,	Delta[s+](11) = 0.135471,	Delta[s+](12) = 0.406391,	Delta[s+](13) = 0.272949,	Delta[s+](14) = 0.135471,	Delta[s+](15) = 0.272949
The 10-th iteration is completed.	|| time cost : 0h 4m 21.267s
********************************************************************************************************************
Start the 11 rounds of NGS-ED iteration
	effective electronic model is modified as: kinetic energy t = 0.82434
	                                           effective interaction Vq = [-2.10004,-1.98591,-1.99263,-1.98591,-1.98591,-1.99263,-1.83928,-1.99263,-1.99263,-1.83928,-1.88816,-1.83928,-1.98591,-1.99263,-1.83928,-1.99263]
	PARPACK diagonalization completed after 30 matrix-vector product operations.
	iteration results: : total energy is -54.942215 | electron energy -55.151509 + phonon energy 0.209295 | electron momentum kIdx = 10
The 11-th iteration is completed.	|| time cost : 0h 0m 27.637s
********************************************************************************************************************
Start the 12 rounds of NGS-ED iteration
	effective electronic model is modified as: kinetic energy t = 0.8243
	                                           effective interaction Vq = [-2.10004,  -1.986,-1.99276,  -1.986,  -1.986,-1.99276,-1.83937,-1.99276,-1.99276,-1.83937,-1.88837,-1.83937,  -1.986,-1.99276,-1.83937,-1.99276]
	PARPACK diagonalization completed after 30 matrix-vector product operations.
	iteration results: : total energy is -54.942246 | electron energy -55.151737 + phonon energy 0.209491 | electron momentum kIdx = 10
The 12-th iteration is completed.	|| time cost : 0h 0m 27.397s
********************************************************************************************************************
Start the 13 rounds of NGS-ED iteration
	effective electronic model is modified as: kinetic energy t = 0.824278
	                                           effective interaction Vq = [-2.10004,-1.98605,-1.99284,-1.98605,-1.98605,-1.99284,-1.83942,-1.99284,-1.99284,-1.83942,-1.88849,-1.83942,-1.98605,-1.99284,-1.83942,-1.99284]
	PARPACK diagonalization completed after 30 matrix-vector product operations.
	iteration results: : total energy is -54.942258 | electron energy -55.151859 + phonon energy 0.209601 | electron momentum kIdx = 10
The 13-th iteration is completed.	|| time cost : 0h 0m 27.381s
********************************************************************************************************************
Start the 14 rounds of NGS-ED iteration
	effective electronic model is modified as: kinetic energy t = 0.824266
	                                           effective interaction Vq = [-2.10004,-1.98607,-1.99288,-1.98607,-1.98607,-1.99288,-1.83944,-1.99288,-1.99288,-1.83944,-1.88857,-1.83944,-1.98607,-1.99288,-1.83944,-1.99288]
	PARPACK diagonalization completed after 30 matrix-vector product operations.
	iteration results: : total energy is -54.942262 | electron energy -55.151926 + phonon energy 0.209664 | electron momentum kIdx = 10
The 14-th iteration is completed.	|| time cost : 0h 0m 27.277s
********************************************************************************************************************
Start the 15 rounds of NGS-ED iteration
	effective electronic model is modified as: kinetic energy t = 0.824259
	                                           effective interaction Vq = [-2.10004,-1.98609, -1.9929,-1.98609,-1.98609, -1.9929,-1.83946, -1.9929, -1.9929,-1.83946,-1.88861,-1.83946,-1.98609, -1.9929,-1.83946, -1.9929]
	PARPACK diagonalization completed after 30 matrix-vector product operations.
	iteration results: : total energy is -54.942263 | electron energy -55.151962 + phonon energy 0.209699 | electron momentum kIdx = 10
The 15-th iteration is completed.	|| time cost : 0h 0m 27.37s
********************************************************************************************************************
Start the 16 rounds of NGS-ED iteration
	effective electronic model is modified as: kinetic energy t = 0.824255
	                                           effective interaction Vq = [-2.10004, -1.9861,-1.99292, -1.9861, -1.9861,-1.99292,-1.83946,-1.99292,-1.99292,-1.83946,-1.88864,-1.83946, -1.9861,-1.99292,-1.83946,-1.99292]
	PARPACK diagonalization completed after 30 matrix-vector product operations.
	iteration results: : total energy is -54.942264 | electron energy -55.151983 + phonon energy 0.209719 | electron momentum kIdx = 10
The 16-th iteration is completed.	|| time cost : 0h 0m 27.358s
********************************************************************************************************************
Start the 17 rounds of NGS-ED iteration
	effective electronic model is modified as: kinetic energy t = 0.824253
	                                           effective interaction Vq = [-2.10004, -1.9861,-1.99292, -1.9861, -1.9861,-1.99292,-1.83947,-1.99292,-1.99292,-1.83947,-1.88865,-1.83947, -1.9861,-1.99292,-1.83947,-1.99292]
	PARPACK diagonalization completed after 30 matrix-vector product operations.
	iteration results: : total energy is -54.942264 | electron energy -55.151994 + phonon energy 0.209730 | electron momentum kIdx = 10
The 17-th iteration is completed.	|| time cost : 0h 0m 27.342s
********************************************************************************************************************
Start the 18 rounds of NGS-ED iteration
	effective electronic model is modified as: kinetic energy t = 0.824252
	                                           effective interaction Vq = [-2.10004, -1.9861,-1.99293, -1.9861, -1.9861,-1.99293,-1.83947,-1.99293,-1.99293,-1.83947,-1.88866,-1.83947, -1.9861,-1.99293,-1.83947,-1.99293]
	PARPACK diagonalization completed after 30 matrix-vector product operations.
	iteration results: : total energy is -54.942264 | electron energy -55.152001 + phonon energy 0.209736 | electron momentum kIdx = 10
The 18-th iteration is completed.	|| time cost : 0h 0m 27.498s
********************************************************************************************************************
Start the 19 rounds of NGS-ED iteration
	effective electronic model is modified as: kinetic energy t = 0.824251
	                                           effective interaction Vq = [-2.10004, -1.9861,-1.99293, -1.9861, -1.9861,-1.99293,-1.83947,-1.99293,-1.99293,-1.83947,-1.88867,-1.83947, -1.9861,-1.99293,-1.83947,-1.99293]
	PARPACK diagonalization completed after 30 matrix-vector product operations.
	iteration results: : total energy is -54.942264 | electron energy -55.152004 + phonon energy 0.209740 | electron momentum kIdx = 10
The 19-th iteration is completed.	|| time cost : 0h 0m 27.418s
********************************************************************************************************************
Start the 20 rounds of NGS-ED iteration
	effective electronic model is modified as: kinetic energy t = 0.824251
	                                           effective interaction Vq = [-2.10004,-1.98611,-1.99293,-1.98611,-1.98611,-1.99293,-1.83947,-1.99293,-1.99293,-1.83947,-1.88867,-1.83947,-1.98611,-1.99293,-1.83947,-1.99293]
	PARPACK diagonalization completed after 30 matrix-vector product operations.
	iteration results: : total energy is -54.942264 | electron energy -55.152006 + phonon energy 0.209742 | electron momentum kIdx = 10
	Nq(0) = 16,	Nq(1) = 0.383653,	Nq(2) = 0.757143,	Nq(3) = 0.383653,	Nq(4) = 0.383653,	Nq(5) = 0.757143,	Nq(6) = 0.606231,	Nq(7) = 0.757143,	Nq(8) = 0.757143,	Nq(9) = 0.606231,	Nq(10) = 0.902103,	Nq(11) = 0.606231,	Nq(12) = 0.383653,	Nq(13) = 0.757143,	Nq(14) = 0.606231,	Nq(15) = 0.757143,	Sq(0) = -1.06672e-20,	Sq(1) = 0.353563,	Sq(2) = 0.367862,	Sq(3) = 0.353563,	Sq(4) = 0.353563,	Sq(5) = 0.367862,	Sq(6) = 0.592424,	Sq(7) = 0.367862,	Sq(8) = 0.367862,	Sq(9) = 0.592424,	Sq(10) = 0.604386,	Sq(11) = 0.592424,	Sq(12) = 0.353563,	Sq(13) = 0.367862,	Sq(14) = 0.592424,	Sq(15) = 0.367862,	N(0) = 1.99936,	N(1) = 1.99739,	N(2) = 1,	N(3) = 1.99739,	N(4) = 1.99739,	N(5) = 1,	N(6) = 0.00260535,	N(7) = 1,	N(8) = 1,	N(9) = 0.00260535,	N(10) = 0.00064397,	N(11) = 0.00260535,	N(12) = 1.99739,	N(13) = 1,	N(14) = 0.00260535,	N(15) = 1,	Delta[s](0) = 0.401667,	Delta[s](1) = 0.308139,	Delta[s](2) = 0.269061,	Delta[s](3) = 0.308139,	Delta[s](4) = 0.308139,	Delta[s](5) = 0.269061,	Delta[s](6) = 0.248365,	Delta[s](7) = 0.269061,	Delta[s](8) = 0.269061,	Delta[s](9) = 0.248365,	Delta[s](10) = 0.460199,	Delta[s](11) = 0.248365,	Delta[s](12) = 0.308139,	Delta[s](13) = 0.269061,	Delta[s](14) = 0.248365,	Delta[s](15) = 0.269061,	Delta[d](0) = 0.358455,	Delta[d](1) = 0.299504,	Delta[d](2) = 0.273001,	Delta[d](3) = 0.299504,	Delta[d](4) = 0.299504,	Delta[d](5) = 0.266525,	Delta[d](6) = 0.253442,	Delta[d](7) = 0.266525,	Delta[d](8) = 0.273001,	Delta[d](9) = 0.253442,	Delta[d](10) = 0.174575,	Delta[d](11) = 0.253442,	Delta[d](12) = 0.299504,	Delta[d](13) = 0.266525,	Delta[d](14) = 0.253442,	Delta[d](15) = 0.266525,	Delta[s+](0) = 0.497038,	Delta[s+](1) = 0.406444,	Delta[s+](2) = 0.273001,	Delta[s+](3) = 0.406444,	Delta[s+](4) = 0.406444,	Delta[s+](5) = 0.273001,	Delta[s+](6) = 0.135511,	Delta[s+](7) = 0.273001,	Delta[s+](8) = 0.273001,	Delta[s+](9) = 0.135511,	Delta[s+](10) = 0.044307,	Delta[s+](11) = 0.135511,	Delta[s+](12) = 0.406444,	Delta[s+](13) = 0.273001,	Delta[s+](14) = 0.135511,	Delta[s+](15) = 0.273001
The 20-th iteration is completed.	|| time cost : 0h 4m 22.261s
********************************************************************************************************************
Start the 21 rounds of NGS-ED iteration
	effective electronic model is modified as: kinetic energy t = 0.82425
	                                           effective interaction Vq = [-2.10004,-1.98611,-1.99293,-1.98611,-1.98611,-1.99293,-1.83947,-1.99293,-1.99293,-1.83947,-1.88867,-1.83947,-1.98611,-1.99293,-1.83947,-1.99293]
	PARPACK diagonalization completed after 30 matrix-vector product operations.
	iteration results: : total energy is -54.942264 | electron energy -55.152007 + phonon energy 0.209743 | electron momentum kIdx = 10
The 21-th iteration is completed.	|| time cost : 0h 0m 27.672s
********************************************************************************************************************
Start the 22 rounds of NGS-ED iteration
	effective electronic model is modified as: kinetic energy t = 0.82425
	                                           effective interaction Vq = [-2.10004,-1.98611,-1.99293,-1.98611,-1.98611,-1.99293,-1.83947,-1.99293,-1.99293,-1.83947,-1.88868,-1.83947,-1.98611,-1.99293,-1.83947,-1.99293]
	PARPACK diagonalization completed after 30 matrix-vector product operations.
	iteration results: : total energy is -54.942264 | electron energy -55.152008 + phonon energy 0.209744 | electron momentum kIdx = 10
The 22-th iteration is completed.	|| time cost : 0h 0m 27.382s
********************************************************************************************************************
Start the 23 rounds of NGS-ED iteration
	effective electronic model is modified as: kinetic energy t = 0.82425
	                                           effective interaction Vq = [-2.10004,-1.98611,-1.99293,-1.98611,-1.98611,-1.99293,-1.83947,-1.99293,-1.99293,-1.83947,-1.88868,-1.83947,-1.98611,-1.99293,-1.83947,-1.99293]
	PARPACK diagonalization completed after 30 matrix-vector product operations.
	iteration results: : total energy is -54.942264 | electron energy -55.152009 + phonon energy 0.209744 | electron momentum kIdx = 10
The 23-th iteration is completed.	|| time cost : 0h 0m 27.416s
