TACC:  Starting up job 4355438 
TACC:  Starting parallel tasks... 
SNEDics v3.4 Non-Gaussian ED ground state program		Start at Fri Sep 20 06:23:24 2019

parallized on 32 MPI threads  * 6 OpenMP threads = 192 total threads.
********************************************************************************************************************
********************************************************************************************************************

********************************************************************************************************************
System parameters and configurations
********************************************************************************************************************
Special program options are enabled: splitted diagonal Hamiltonian
********************************************************************************************************************
Read input file "model_params.in"
	Hubbard-Holstein model parameters : 	t = 1    U = 0.7    g = 2.2361    W = 5    
********************************************************************************************************************
Read input file "hilbertspace_params.in"
	Requested 16-site 2D lattice, with 16 electrons (8, 8)
	Boundary : Periodic		Hilbert space representation : momentum-space (restricted to kIdx = 10)
	Conservation: particle number[U(1)]      spin[U(1)]     momentum
********************************************************************************************************************

Cluster Positions:				Cluster symmetry group : D4
 x ... x ... x ... x .....                       x ... x ... x ... x .....
 |           |           :                       |           |           :
 |           |           :                       |           |           :
12    13    14    15     x                       1     5     6     5     x
 |           |           :                       |           |           :
 |           |           :                       |           |           :
 8 --- 9 ---10 ---11 --- x                       2 --- 6 ---10 --- 6 --- x
 |           |           :                       |           |           :
 |           |           :                       |           |           :
 4     5     6     7     x                       1     5     6     5     x
 |           |           :                       |           |           :
 |           |           :                       |           |           :
 0 --- 1 --- 2 --- 3 --- x                       0 --- 1 --- 2 --- 1 --- x
orbital number : 1
********************************************************************************************************************
Read input file "obs_params.in"
	Observable Type : Nq(All),   Sq(All),   N(All),   Delta[s](All),   Delta[d](All),   Delta[s+](All)
********************************************************************************************************************
** WARNING ** the input observables have non-local factors which have been reinterpreted. The total observable number is 96
********************************************************************************************************************


********************************************************************************************************************
Start calculating the non-Gaussian ED ground state
** WARNING ** Detected low phonon energy W < 10. The initial state will be prepared through a warm-up process.
********************************************************************************************************************
Start warm-up calculation for scaling factor 2
open output files: NGSEDWarmUpW10Obs.txt
********************************************************************************************************************
Start the 0 rounds of NGS-ED iteration
	effective electronic model is modified as: kinetic energy t = 1
	                                           effective interaction Vq = [0,0,0,0,0,0,0,0,0,0,0,0,0,0,0,0]
	first Hamiltonian is constructed, non-zero numbers = 2845334624
	PARPACK diagonalization completed after 165 matrix-vector product operations.
	iteration results: : total energy is -21.700621 | electron energy -21.700621 + phonon energy 0.000000 | electron momentum kIdx = 10
	Nq(0) = 16,	Nq(1) = 0.327128,	Nq(2) = 0.356412,	Nq(3) = 0.327128,	Nq(4) = 0.327128,	Nq(5) = 0.356412,	Nq(6) = 0.558329,	Nq(7) = 0.356412,	Nq(8) = 0.356412,	Nq(9) = 0.558329,	Nq(10) = 0.591342,	Nq(11) = 0.558329,	Nq(12) = 0.327128,	Nq(13) = 0.356412,	Nq(14) = 0.558329,	Nq(15) = 0.356412,	Sq(0) = -3.13307e-18,	Sq(1) = 0.376573,	Sq(2) = 0.418623,	Sq(3) = 0.376573,	Sq(4) = 0.376573,	Sq(5) = 0.418623,	Sq(6) = 0.646035,	Sq(7) = 0.418623,	Sq(8) = 0.418623,	Sq(9) = 0.646035,	Sq(10) = 3.12619,	Sq(11) = 0.646035,	Sq(12) = 0.376573,	Sq(13) = 0.418623,	Sq(14) = 0.646035,	Sq(15) = 0.418623,	N(0) = 1.99782,	N(1) = 1.99457,	N(2) = 1,	N(3) = 1.99457,	N(4) = 1.99457,	N(5) = 1,	N(6) = 0.00542987,	N(7) = 1,	N(8) = 1,	N(9) = 0.00542987,	N(10) = 0.00217828,	N(11) = 0.00542987,	N(12) = 1.99457,	N(13) = 1,	N(14) = 0.00542987,	N(15) = 1,	Delta[s](0) = 0.284888,	Delta[s](1) = 0.269868,	Delta[s](2) = 0.18032,	Delta[s](3) = 0.269868,	Delta[s](4) = 0.269868,	Delta[s](5) = 0.18032,	Delta[s](6) = 0.166921,	Delta[s](7) = 0.18032,	Delta[s](8) = 0.18032,	Delta[s](9) = 0.166921,	Delta[s](10) = 0.0218553,	Delta[s](11) = 0.166921,	Delta[s](12) = 0.269868,	Delta[s](13) = 0.18032,	Delta[s](14) = 0.166921,	Delta[s](15) = 0.18032,	Delta[d](0) = 0.51694,	Delta[d](1) = 0.297649,	Delta[d](2) = 0.262392,	Delta[d](3) = 0.297649,	Delta[d](4) = 0.297649,	Delta[d](5) = 0.361743,	Delta[d](6) = 0.237115,	Delta[d](7) = 0.361743,	Delta[d](8) = 0.262392,	Delta[d](9) = 0.237115,	Delta[d](10) = 0.207037,	Delta[d](11) = 0.237115,	Delta[d](12) = 0.297649,	Delta[d](13) = 0.361743,	Delta[d](14) = 0.237115,	Delta[d](15) = 0.361743,	Delta[s+](0) = 0.515705,	Delta[s+](1) = 0.420158,	Delta[s+](2) = 0.262392,	Delta[s+](3) = 0.420158,	Delta[s+](4) = 0.420158,	Delta[s+](5) = 0.262392,	Delta[s+](6) = 0.107268,	Delta[s+](7) = 0.262392,	Delta[s+](8) = 0.262392,	Delta[s+](9) = 0.107268,	Delta[s+](10) = 0.00789776,	Delta[s+](11) = 0.107268,	Delta[s+](12) = 0.420158,	Delta[s+](13) = 0.262392,	Delta[s+](14) = 0.107268,	Delta[s+](15) = 0.262392
The 0-th iteration is completed.	|| time cost : 0h 6m 54.234s
********************************************************************************************************************
Start the 1 rounds of NGS-ED iteration
	effective electronic model is modified as: kinetic energy t = 0.971292
	                                           effective interaction Vq = [-0.864689,-0.821201,-0.785205,-0.821201,-0.821201,-0.785205,-0.788836,-0.785205,-0.785205,-0.788836, -0.76966,-0.788836,-0.821201,-0.785205,-0.788836,-0.785205]
	PARPACK diagonalization completed after 180 matrix-vector product operations.
	iteration results: : total energy is -41.304452 | electron energy -41.305497 + phonon energy 0.001045 | electron momentum kIdx = 10
The 1-th iteration is completed.	|| time cost : 0h 4m 20.688s
********************************************************************************************************************
Start the 2 rounds of NGS-ED iteration
	effective electronic model is modified as: kinetic energy t = 0.949436
	                                           effective interaction Vq = [-0.981712,-0.944371,-0.921352,-0.944371,-0.944371,-0.921352,-0.910525,-0.921352,-0.921352,-0.910525,-0.949869,-0.910525,-0.944371,-0.921352,-0.910525,-0.921352]
	PARPACK diagonalization completed after 45 matrix-vector product operations.
	iteration results: : total energy is -44.105637 | electron energy -44.112620 + phonon energy 0.006983 | electron momentum kIdx = 10
The 2-th iteration is completed.	|| time cost : 0h 0m 24.243s
********************************************************************************************************************
Start the 3 rounds of NGS-ED iteration
	effective electronic model is modified as: kinetic energy t = 0.943769
	                                           effective interaction Vq = [ -0.99755,-0.966762,-0.930153,-0.966762,-0.966762,-0.930153,-0.933683,-0.930153,-0.930153,-0.933683,-0.985913,-0.933683,-0.966762,-0.930153,-0.933683,-0.930153]
	PARPACK diagonalization completed after 45 matrix-vector product operations.
	iteration results: : total energy is -44.471474 | electron energy -44.483391 + phonon energy 0.011916 | electron momentum kIdx = 10
The 3-th iteration is completed.	|| time cost : 0h 0m 24.221s
********************************************************************************************************************
Start the 4 rounds of NGS-ED iteration
	effective electronic model is modified as: kinetic energy t = 0.942168
	                                           effective interaction Vq = [-0.999693,-0.972042,-0.931146,-0.972042,-0.972042,-0.931146,-0.939059,-0.931146,-0.931146,-0.939059,-0.993353,-0.939059,-0.972042,-0.931146,-0.939059,-0.931146]
	PARPACK diagonalization completed after 30 matrix-vector product operations.
	iteration results: : total energy is -44.518805 | electron energy -44.532830 + phonon energy 0.014025 | electron momentum kIdx = 10
The 4-th iteration is completed.	|| time cost : 0h 0m 20.535s
********************************************************************************************************************
Start the 5 rounds of NGS-ED iteration
	effective electronic model is modified as: kinetic energy t = 0.941693
	                                           effective interaction Vq = [-0.999983,-0.973491,-0.931247,-0.973491,-0.973491,-0.931247,-0.940452,-0.931247,-0.931247,-0.940452,-0.995269,-0.940452,-0.973491,-0.931247,-0.940452,-0.931247]
	PARPACK diagonalization completed after 30 matrix-vector product operations.
	iteration results: : total energy is -44.524923 | electron energy -44.539699 + phonon energy 0.014775 | electron momentum kIdx = 10
The 5-th iteration is completed.	|| time cost : 0h 0m 20.533s
********************************************************************************************************************
Start the 6 rounds of NGS-ED iteration
	effective electronic model is modified as: kinetic energy t = 0.941549
	                                           effective interaction Vq = [ -1.00002,-0.973908,-0.931234,-0.973908,-0.973908,-0.931234,-0.940823,-0.931234,-0.931234,-0.940823,-0.995846,-0.940823,-0.973908,-0.931234,-0.940823,-0.931234]
	PARPACK diagonalization completed after 30 matrix-vector product operations.
	iteration results: : total energy is -44.525718 | electron energy -44.540743 + phonon energy 0.015025 | electron momentum kIdx = 10
The 6-th iteration is completed.	|| time cost : 0h 0m 20.476s
********************************************************************************************************************
Start the 7 rounds of NGS-ED iteration
	effective electronic model is modified as: kinetic energy t = 0.941506
	                                           effective interaction Vq = [ -1.00003,-0.974029,-0.931217,-0.974029,-0.974029,-0.931217,-0.940921,-0.931217,-0.931217,-0.940921,-0.996032,-0.940921,-0.974029,-0.931217,-0.940921,-0.931217]
	PARPACK diagonalization completed after 30 matrix-vector product operations.
	iteration results: : total energy is -44.525822 | electron energy -44.540928 + phonon energy 0.015106 | electron momentum kIdx = 10
	Nq(0) = 16,	Nq(1) = 0.358342,	Nq(2) = 0.384942,	Nq(3) = 0.358342,	Nq(4) = 0.358342,	Nq(5) = 0.384942,	Nq(6) = 0.634177,	Nq(7) = 0.384942,	Nq(8) = 0.384942,	Nq(9) = 0.634177,	Nq(10) = 3.98038,	Nq(11) = 0.634177,	Nq(12) = 0.358342,	Nq(13) = 0.384942,	Nq(14) = 0.634177,	Nq(15) = 0.384942,	Sq(0) = -1.29568e-17,	Sq(1) = 0.287047,	Sq(2) = 0.3363,	Sq(3) = 0.287047,	Sq(4) = 0.287047,	Sq(5) = 0.3363,	Sq(6) = 0.50422,	Sq(7) = 0.3363,	Sq(8) = 0.3363,	Sq(9) = 0.50422,	Sq(10) = 0.557024,	Sq(11) = 0.50422,	Sq(12) = 0.287047,	Sq(13) = 0.3363,	Sq(14) = 0.50422,	Sq(15) = 0.3363,	N(0) = 1.99206,	N(1) = 1.97987,	N(2) = 1,	N(3) = 1.97987,	N(4) = 1.97987,	N(5) = 1,	N(6) = 0.020125,	N(7) = 1,	N(8) = 1,	N(9) = 0.020125,	N(10) = 0.00794095,	N(11) = 0.020125,	N(12) = 1.97987,	N(13) = 1,	N(14) = 0.020125,	N(15) = 1,	Delta[s](0) = 0.581298,	Delta[s](1) = 0.350293,	Delta[s](2) = 0.336079,	Delta[s](3) = 0.350293,	Delta[s](4) = 0.350293,	Delta[s](5) = 0.336079,	Delta[s](6) = 0.236063,	Delta[s](7) = 0.336079,	Delta[s](8) = 0.336079,	Delta[s](9) = 0.236063,	Delta[s](10) = 0.186855,	Delta[s](11) = 0.236063,	Delta[s](12) = 0.350293,	Delta[s](13) = 0.336079,	Delta[s](14) = 0.236063,	Delta[s](15) = 0.336079,	Delta[d](0) = 0.241513,	Delta[d](1) = 0.242156,	Delta[d](2) = 0.228167,	Delta[d](3) = 0.242156,	Delta[d](4) = 0.242156,	Delta[d](5) = 0.13387,	Delta[d](6) = 0.189265,	Delta[d](7) = 0.13387,	Delta[d](8) = 0.228167,	Delta[d](9) = 0.189265,	Delta[d](10) = 0.0262209,	Delta[d](11) = 0.189265,	Delta[d](12) = 0.242156,	Delta[d](13) = 0.13387,	Delta[d](14) = 0.189265,	Delta[d](15) = 0.13387,	Delta[s+](0) = 0.449213,	Delta[s+](1) = 0.36264,	Delta[s+](2) = 0.228167,	Delta[s+](3) = 0.36264,	Delta[s+](4) = 0.36264,	Delta[s+](5) = 0.228167,	Delta[s+](6) = 0.0895604,	Delta[s+](7) = 0.228167,	Delta[s+](8) = 0.228167,	Delta[s+](9) = 0.0895604,	Delta[s+](10) = 0.0129021,	Delta[s+](11) = 0.0895604,	Delta[s+](12) = 0.36264,	Delta[s+](13) = 0.228167,	Delta[s+](14) = 0.0895604,	Delta[s+](15) = 0.228167
The 7-th iteration is completed.	|| time cost : 0h 3m 56.68s
********************************************************************************************************************
********************************************************************************************************************
Ground state is obtained after 8 iterations. The current ground-state energy is -44.5258, in which electron energy is -44.5409 and phonon energy is 0.0151062
final variational state is: 
	Gamma_x = [      1,1.00973,1.01501,1.00973,1.00973,1.01501, 1.0236,1.01501,1.01501, 1.0236,1.04767, 1.0236,1.00973,1.01501, 1.0236,1.01501]
	lambda_q = [0.316126,0.265277,0.233273,0.265277,0.265277,0.233273,0.239367,0.233273,0.233273,0.239367,0.296398,0.239367,0.265277,0.233273,0.239367,0.233273]
********************************************************************************************************************
o___o  ----------------------------------------
| L |	Time since last clock: 0h 0m 0s
A===A	Time since the beginning: 0h 17m 1.615s
***********************************************


********************************************************************************************************************
Warm up runs have been completed. Start calculating W = 5 phonon.
open output files: NGSEDIterationObs.txt
********************************************************************************************************************
Start the 0 rounds of NGS-ED iteration
	effective electronic model is modified as: kinetic energy t = 0.941493
	                                           effective interaction Vq = [-0.914101,-0.834512,-0.771163,-0.834512,-0.834512,-0.771163,-0.784014,-0.771163,-0.771163,-0.784014,-0.886292,-0.784014,-0.834512,-0.771163,-0.784014,-0.771163]
	PARPACK diagonalization completed after 45 matrix-vector product operations.
	iteration results: : total energy is -41.767890 | electron energy -41.775456 + phonon energy 0.007566 | electron momentum kIdx = 10
	Nq(0) = 16,	Nq(1) = 0.353296,	Nq(2) = 0.375476,	Nq(3) = 0.353296,	Nq(4) = 0.353296,	Nq(5) = 0.375476,	Nq(6) = 0.617896,	Nq(7) = 0.375476,	Nq(8) = 0.375476,	Nq(9) = 0.617896,	Nq(10) = 3.92925,	Nq(11) = 0.617896,	Nq(12) = 0.353296,	Nq(13) = 0.375476,	Nq(14) = 0.617896,	Nq(15) = 0.375476,	Sq(0) = -4.2909e-18,	Sq(1) = 0.299566,	Sq(2) = 0.344058,	Sq(3) = 0.299566,	Sq(4) = 0.299566,	Sq(5) = 0.344058,	Sq(6) = 0.524325,	Sq(7) = 0.344058,	Sq(8) = 0.344058,	Sq(9) = 0.524325,	Sq(10) = 0.573224,	Sq(11) = 0.524325,	Sq(12) = 0.299566,	Sq(13) = 0.344058,	Sq(14) = 0.524325,	Sq(15) = 0.344058,	N(0) = 1.99466,	N(1) = 1.98545,	N(2) = 1,	N(3) = 1.98545,	N(4) = 1.98545,	N(5) = 1,	N(6) = 0.0145529,	N(7) = 1,	N(8) = 1,	N(9) = 0.0145529,	N(10) = 0.0053379,	N(11) = 0.0145529,	N(12) = 1.98545,	N(13) = 1,	N(14) = 0.0145529,	N(15) = 1,	Delta[s](0) = 0.523533,	Delta[s](1) = 0.342955,	Delta[s](2) = 0.330537,	Delta[s](3) = 0.342955,	Delta[s](4) = 0.342955,	Delta[s](5) = 0.330537,	Delta[s](6) = 0.237355,	Delta[s](7) = 0.330537,	Delta[s](8) = 0.330537,	Delta[s](9) = 0.237355,	Delta[s](10) = 0.205441,	Delta[s](11) = 0.237355,	Delta[s](12) = 0.342955,	Delta[s](13) = 0.330537,	Delta[s](14) = 0.237355,	Delta[s](15) = 0.330537,	Delta[d](0) = 0.241824,	Delta[d](1) = 0.245635,	Delta[d](2) = 0.232575,	Delta[d](3) = 0.245635,	Delta[d](4) = 0.245635,	Delta[d](5) = 0.134507,	Delta[d](6) = 0.192443,	Delta[d](7) = 0.134507,	Delta[d](8) = 0.232575,	Delta[d](9) = 0.192443,	Delta[d](10) = 0.0271475,	Delta[d](11) = 0.192443,	Delta[d](12) = 0.245635,	Delta[d](13) = 0.134507,	Delta[d](14) = 0.192443,	Delta[d](15) = 0.134507,	Delta[s+](0) = 0.460815,	Delta[s+](1) = 0.369901,	Delta[s+](2) = 0.232575,	Delta[s+](3) = 0.369901,	Delta[s+](4) = 0.369901,	Delta[s+](5) = 0.232575,	Delta[s+](6) = 0.0916079,	Delta[s+](7) = 0.232575,	Delta[s+](8) = 0.232575,	Delta[s+](9) = 0.0916079,	Delta[s+](10) = 0.0138645,	Delta[s+](11) = 0.0916079,	Delta[s+](12) = 0.369901,	Delta[s+](13) = 0.232575,	Delta[s+](14) = 0.0916079,	Delta[s+](15) = 0.232575
The 0-th iteration is completed.	|| time cost : 0h 4m 2.682s
********************************************************************************************************************
Start the 1 rounds of NGS-ED iteration
	effective electronic model is modified as: kinetic energy t = 0.931973
	                                           effective interaction Vq = [-0.968418,-0.882855,-0.802891,-0.882855,-0.882855,-0.802891,-0.819992,-0.802891,-0.802891,-0.819992,-0.943889,-0.819992,-0.882855,-0.802891,-0.819992,-0.802891]
	PARPACK diagonalization completed after 30 matrix-vector product operations.
	iteration results: : total energy is -42.853947 | electron energy -42.877929 + phonon energy 0.023983 | electron momentum kIdx = 10
The 1-th iteration is completed.	|| time cost : 0h 0m 22.726s
********************************************************************************************************************
Start the 2 rounds of NGS-ED iteration
	effective electronic model is modified as: kinetic energy t = 0.927024
	                                           effective interaction Vq = [  -0.9884,-0.903707,-0.816707,-0.903707,-0.903707,-0.816707,-0.835638,-0.816707,-0.816707,-0.835638,-0.968598,-0.835638,-0.903707,-0.816707,-0.835638,-0.816707]
	PARPACK diagonalization completed after 30 matrix-vector product operations.
	iteration results: : total energy is -43.243647 | electron energy -43.281133 + phonon energy 0.037485 | electron momentum kIdx = 10
The 2-th iteration is completed.	|| time cost : 0h 0m 20.559s
********************************************************************************************************************
Start the 3 rounds of NGS-ED iteration
	effective electronic model is modified as: kinetic energy t = 0.924493
	                                           effective interaction Vq = [-0.995751, -0.91327,-0.822948, -0.91327, -0.91327,-0.822948,-0.842705,-0.822948,-0.822948,-0.842705,-0.979641,-0.842705, -0.91327,-0.822948,-0.842705,-0.822948]
	PARPACK diagonalization completed after 30 matrix-vector product operations.
	iteration results: : total energy is -43.383328 | electron energy -43.429742 + phonon energy 0.046414 | electron momentum kIdx = 10
The 3-th iteration is completed.	|| time cost : 0h 0m 20.508s
********************************************************************************************************************
Start the 4 rounds of NGS-ED iteration
	effective electronic model is modified as: kinetic energy t = 0.923201
	                                           effective interaction Vq = [-0.998455, -0.91783, -0.82583, -0.91783, -0.91783, -0.82583,-0.845974, -0.82583, -0.82583,-0.845974,-0.984847,-0.845974, -0.91783, -0.82583,-0.845974, -0.82583]
	PARPACK diagonalization completed after 30 matrix-vector product operations.
	iteration results: : total energy is -43.433431 | electron energy -43.485219 + phonon energy 0.051788 | electron momentum kIdx = 10
The 4-th iteration is completed.	|| time cost : 0h 0m 20.531s
********************************************************************************************************************
Start the 5 rounds of NGS-ED iteration
	effective electronic model is modified as: kinetic energy t = 0.922541
	                                           effective interaction Vq = [ -0.99945,-0.920053,-0.827178,-0.920053,-0.920053,-0.827178,-0.847502,-0.827178,-0.827178,-0.847502,-0.987431,-0.847502,-0.920053,-0.827178,-0.847502,-0.827178]
	PARPACK diagonalization completed after 30 matrix-vector product operations.
	iteration results: : total energy is -43.451441 | electron energy -43.506307 + phonon energy 0.054866 | electron momentum kIdx = 10
The 5-th iteration is completed.	|| time cost : 0h 0m 20.547s
********************************************************************************************************************
Start the 6 rounds of NGS-ED iteration
	effective electronic model is modified as: kinetic energy t = 0.922203
	                                           effective interaction Vq = [-0.999816,-0.921145, -0.82781,-0.921145,-0.921145, -0.82781,-0.848216, -0.82781, -0.82781,-0.848216,-0.988766,-0.848216,-0.921145, -0.82781,-0.848216, -0.82781]
	PARPACK diagonalization completed after 30 matrix-vector product operations.
	iteration results: : total energy is -43.457934 | electron energy -43.514513 + phonon energy 0.056579 | electron momentum kIdx = 10
The 6-th iteration is completed.	|| time cost : 0h 0m 20.496s
********************************************************************************************************************
Start the 7 rounds of NGS-ED iteration
	effective electronic model is modified as: kinetic energy t = 0.92203
	                                           effective interaction Vq = [ -0.99995,-0.921681,-0.828106,-0.921681,-0.921681,-0.828106,-0.848546,-0.828106,-0.828106,-0.848546,-0.989474,-0.848546,-0.921681,-0.828106,-0.848546,-0.828106]
	PARPACK diagonalization completed after 30 matrix-vector product operations.
	iteration results: : total energy is -43.460281 | electron energy -43.517799 + phonon energy 0.057518 | electron momentum kIdx = 10
The 7-th iteration is completed.	|| time cost : 0h 0m 20.498s
********************************************************************************************************************
Start the 8 rounds of NGS-ED iteration
	effective electronic model is modified as: kinetic energy t = 0.921941
	                                           effective interaction Vq = [       -1,-0.921943,-0.828243,-0.921943,-0.921943,-0.828243,-0.848695,-0.828243,-0.828243,-0.848695,-0.989856,-0.848695,-0.921943,-0.828243,-0.848695,-0.828243]
	PARPACK diagonalization completed after 30 matrix-vector product operations.
	iteration results: : total energy is -43.461132 | electron energy -43.519159 + phonon energy 0.058027 | electron momentum kIdx = 10
The 8-th iteration is completed.	|| time cost : 0h 0m 20.518s
********************************************************************************************************************
Start the 9 rounds of NGS-ED iteration
	effective electronic model is modified as: kinetic energy t = 0.921896
	                                           effective interaction Vq = [ -1.00002, -0.92207,-0.828306, -0.92207, -0.92207,-0.828306,-0.848761,-0.828306,-0.828306,-0.848761,-0.990065,-0.848761, -0.92207,-0.828306,-0.848761,-0.828306]
	PARPACK diagonalization completed after 30 matrix-vector product operations.
	iteration results: : total energy is -43.461441 | electron energy -43.519743 + phonon energy 0.058301 | electron momentum kIdx = 10
The 9-th iteration is completed.	|| time cost : 0h 0m 20.485s
********************************************************************************************************************
Start the 10 rounds of NGS-ED iteration
	effective electronic model is modified as: kinetic energy t = 0.921873
	                                           effective interaction Vq = [ -1.00002, -0.92213,-0.828334, -0.92213, -0.92213,-0.828334,-0.848788,-0.828334,-0.828334,-0.848788, -0.99018,-0.848788, -0.92213,-0.828334,-0.848788,-0.828334]
	PARPACK diagonalization completed after 30 matrix-vector product operations.
	iteration results: : total energy is -43.461554 | electron energy -43.520003 + phonon energy 0.058449 | electron momentum kIdx = 10
	Nq(0) = 16,	Nq(1) = 0.341511,	Nq(2) = 0.370449,	Nq(3) = 0.341511,	Nq(4) = 0.341511,	Nq(5) = 0.370449,	Nq(6) = 0.604656,	Nq(7) = 0.370449,	Nq(8) = 0.370449,	Nq(9) = 0.604656,	Nq(10) = 4.27257,	Nq(11) = 0.604656,	Nq(12) = 0.341511,	Nq(13) = 0.370449,	Nq(14) = 0.604656,	Nq(15) = 0.370449,	Sq(0) = -4.69531e-18,	Sq(1) = 0.283339,	Sq(2) = 0.335482,	Sq(3) = 0.283339,	Sq(4) = 0.283339,	Sq(5) = 0.335482,	Sq(6) = 0.503482,	Sq(7) = 0.335482,	Sq(8) = 0.335482,	Sq(9) = 0.503482,	Sq(10) = 0.559892,	Sq(11) = 0.503482,	Sq(12) = 0.283339,	Sq(13) = 0.335482,	Sq(14) = 0.503482,	Sq(15) = 0.335482,	N(0) = 1.99184,	N(1) = 1.97753,	N(2) = 1,	N(3) = 1.97753,	N(4) = 1.97753,	N(5) = 1,	N(6) = 0.0224727,	N(7) = 1,	N(8) = 1,	N(9) = 0.0224727,	N(10) = 0.00816274,	N(11) = 0.0224727,	N(12) = 1.97753,	N(13) = 1,	N(14) = 0.0224727,	N(15) = 1,	Delta[s](0) = 0.522109,	Delta[s](1) = 0.350772,	Delta[s](2) = 0.334892,	Delta[s](3) = 0.350772,	Delta[s](4) = 0.350772,	Delta[s](5) = 0.334892,	Delta[s](6) = 0.247758,	Delta[s](7) = 0.334892,	Delta[s](8) = 0.334892,	Delta[s](9) = 0.247758,	Delta[s](10) = 0.214382,	Delta[s](11) = 0.247758,	Delta[s](12) = 0.350772,	Delta[s](13) = 0.334892,	Delta[s](14) = 0.247758,	Delta[s](15) = 0.334892,	Delta[d](0) = 0.239904,	Delta[d](1) = 0.238548,	Delta[d](2) = 0.229509,	Delta[d](3) = 0.238548,	Delta[d](4) = 0.238548,	Delta[d](5) = 0.135127,	Delta[d](6) = 0.186425,	Delta[d](7) = 0.135127,	Delta[d](8) = 0.229509,	Delta[d](9) = 0.186425,	Delta[d](10) = 0.0302956,	Delta[d](11) = 0.186425,	Delta[d](12) = 0.238548,	Delta[d](13) = 0.135127,	Delta[d](14) = 0.186425,	Delta[d](15) = 0.135127,	Delta[s+](0) = 0.456001,	Delta[s+](1) = 0.364647,	Delta[s+](2) = 0.229509,	Delta[s+](3) = 0.364647,	Delta[s+](4) = 0.364647,	Delta[s+](5) = 0.229509,	Delta[s+](6) = 0.0901445,	Delta[s+](7) = 0.229509,	Delta[s+](8) = 0.229509,	Delta[s+](9) = 0.0901445,	Delta[s+](10) = 0.0153776,	Delta[s+](11) = 0.0901445,	Delta[s+](12) = 0.364647,	Delta[s+](13) = 0.229509,	Delta[s+](14) = 0.0901445,	Delta[s+](15) = 0.229509
The 10-th iteration is completed.	|| time cost : 0h 4m 51.598s
********************************************************************************************************************
Start the 11 rounds of NGS-ED iteration
	effective electronic model is modified as: kinetic energy t = 0.921861
	                                           effective interaction Vq = [ -1.00003,-0.922158,-0.828346,-0.922158,-0.922158,-0.828346,-0.848798,-0.828346,-0.828346,-0.848798,-0.990243,-0.848798,-0.922158,-0.828346,-0.848798,-0.828346]
	PARPACK diagonalization completed after 30 matrix-vector product operations.
	iteration results: : total energy is -43.461595 | electron energy -43.520124 + phonon energy 0.058529 | electron momentum kIdx = 10
The 11-th iteration is completed.	|| time cost : 0h 0m 23.59s
********************************************************************************************************************
Start the 12 rounds of NGS-ED iteration
	effective electronic model is modified as: kinetic energy t = 0.921855
	                                           effective interaction Vq = [ -1.00003, -0.92217,-0.828351, -0.92217, -0.92217,-0.828351,-0.848801,-0.828351,-0.828351,-0.848801,-0.990278,-0.848801, -0.92217,-0.828351,-0.848801,-0.828351]
	PARPACK diagonalization completed after 30 matrix-vector product operations.
	iteration results: : total energy is -43.461610 | electron energy -43.520182 + phonon energy 0.058572 | electron momentum kIdx = 10
The 12-th iteration is completed.	|| time cost : 0h 0m 20.483s
********************************************************************************************************************
Start the 13 rounds of NGS-ED iteration
	effective electronic model is modified as: kinetic energy t = 0.921852
	                                           effective interaction Vq = [ -1.00003,-0.922176,-0.828353,-0.922176,-0.922176,-0.828353,-0.848801,-0.828353,-0.828353,-0.848801,-0.990297,-0.848801,-0.922176,-0.828353,-0.848801,-0.828353]
	PARPACK diagonalization completed after 30 matrix-vector product operations.
	iteration results: : total energy is -43.461616 | electron energy -43.520210 + phonon energy 0.058595 | electron momentum kIdx = 10
The 13-th iteration is completed.	|| time cost : 0h 0m 22.207s
********************************************************************************************************************
Start the 14 rounds of NGS-ED iteration
	effective electronic model is modified as: kinetic energy t = 0.92185
	                                           effective interaction Vq = [ -1.00003,-0.922178,-0.828353,-0.922178,-0.922178,-0.828353,-0.848801,-0.828353,-0.828353,-0.848801,-0.990308,-0.848801,-0.922178,-0.828353,-0.848801,-0.828353]
	PARPACK diagonalization completed after 30 matrix-vector product operations.
	iteration results: : total energy is -43.461618 | electron energy -43.520225 + phonon energy 0.058607 | electron momentum kIdx = 10
The 14-th iteration is completed.	|| time cost : 0h 0m 23.706s
********************************************************************************************************************
Start the 15 rounds of NGS-ED iteration
	effective electronic model is modified as: kinetic energy t = 0.92185
	                                           effective interaction Vq = [ -1.00003,-0.922179,-0.828353,-0.922179,-0.922179,-0.828353,  -0.8488,-0.828353,-0.828353,  -0.8488,-0.990314,  -0.8488,-0.922179,-0.828353,  -0.8488,-0.828353]
	PARPACK diagonalization completed after 30 matrix-vector product operations.
	iteration results: : total energy is -43.461618 | electron energy -43.520232 + phonon energy 0.058614 | electron momentum kIdx = 10
The 15-th iteration is completed.	|| time cost : 0h 0m 23.066s
********************************************************************************************************************
Start the 16 rounds of NGS-ED iteration
	effective electronic model is modified as: kinetic energy t = 0.921849
	                                           effective interaction Vq = [ -1.00003,-0.922179,-0.828353,-0.922179,-0.922179,-0.828353,-0.848799,-0.828353,-0.828353,-0.848799,-0.990317,-0.848799,-0.922179,-0.828353,-0.848799,-0.828353]
	PARPACK diagonalization completed after 30 matrix-vector product operations.
	iteration results: : total energy is -43.461619 | electron energy -43.520236 + phonon energy 0.058617 | electron momentum kIdx = 10
The 16-th iteration is completed.	|| time cost : 0h 0m 20.504s
********************************************************************************************************************
Start the 17 rounds of NGS-ED iteration
	effective electronic model is modified as: kinetic energy t = 0.921849
	                                           effective interaction Vq = [ -1.00003,-0.922179,-0.828353,-0.922179,-0.922179,-0.828353,-0.848799,-0.828353,-0.828353,-0.848799,-0.990319,-0.848799,-0.922179,-0.828353,-0.848799,-0.828353]
	PARPACK diagonalization completed after 30 matrix-vector product operations.
	iteration results: : total energy is -43.461619 | electron energy -43.520238 + phonon energy 0.058619 | electron momentum kIdx = 10
The 17-th iteration is completed.	|| time cost : 0h 0m 20.496s
********************************************************************************************************************
Start the 18 rounds of NGS-ED iteration
	effective electronic model is modified as: kinetic energy t = 0.921849
	                                           effective interaction Vq = [ -1.00003,-0.922178,-0.828353,-0.922178,-0.922178,-0.828353,-0.848798,-0.828353,-0.828353,-0.848798, -0.99032,-0.848798,-0.922178,-0.828353,-0.848798,-0.828353]
	PARPACK diagonalization completed after 30 matrix-vector product operations.
	iteration results: : total energy is -43.461619 | electron energy -43.520239 + phonon energy 0.058620 | electron momentum kIdx = 10
The 18-th iteration is completed.	|| time cost : 0h 0m 20.537s
********************************************************************************************************************
Start the 19 rounds of NGS-ED iteration
	effective electronic model is modified as: kinetic energy t = 0.921849
	                                           effective interaction Vq = [ -1.00003,-0.922178,-0.828353,-0.922178,-0.922178,-0.828353,-0.848798,-0.828353,-0.828353,-0.848798, -0.99032,-0.848798,-0.922178,-0.828353,-0.848798,-0.828353]
	PARPACK diagonalization completed after 30 matrix-vector product operations.
	iteration results: : total energy is -43.461619 | electron energy -43.520240 + phonon energy 0.058621 | electron momentum kIdx = 10
The 19-th iteration is completed.	|| time cost : 0h 0m 20.503s
********************************************************************************************************************
Start the 20 rounds of NGS-ED iteration
	effective electronic model is modified as: kinetic energy t = 0.921849
	                                           effective interaction Vq = [ -1.00003,-0.922178,-0.828353,-0.922178,-0.922178,-0.828353,-0.848798,-0.828353,-0.828353,-0.848798,-0.990321,-0.848798,-0.922178,-0.828353,-0.848798,-0.828353]
	PARPACK diagonalization completed after 30 matrix-vector product operations.
	iteration results: : total energy is -43.461619 | electron energy -43.520240 + phonon energy 0.058621 | electron momentum kIdx = 10
	Nq(0) = 16,	Nq(1) = 0.341476,	Nq(2) = 0.370433,	Nq(3) = 0.341476,	Nq(4) = 0.341476,	Nq(5) = 0.370433,	Nq(6) = 0.604611,	Nq(7) = 0.370433,	Nq(8) = 0.370433,	Nq(9) = 0.604611,	Nq(10) = 4.27331,	Nq(11) = 0.604611,	Nq(12) = 0.341476,	Nq(13) = 0.370433,	Nq(14) = 0.604611,	Nq(15) = 0.370433,	Sq(0) = 2.21256e-18,	Sq(1) = 0.283314,	Sq(2) = 0.335469,	Sq(3) = 0.283314,	Sq(4) = 0.283314,	Sq(5) = 0.335469,	Sq(6) = 0.503452,	Sq(7) = 0.335469,	Sq(8) = 0.335469,	Sq(9) = 0.503452,	Sq(10) = 0.559874,	Sq(11) = 0.503452,	Sq(12) = 0.283314,	Sq(13) = 0.335469,	Sq(14) = 0.503452,	Sq(15) = 0.335469,	N(0) = 1.99183,	N(1) = 1.97751,	N(2) = 1,	N(3) = 1.97751,	N(4) = 1.97751,	N(5) = 1,	N(6) = 0.0224878,	N(7) = 1,	N(8) = 1,	N(9) = 0.0224878,	N(10) = 0.00816731,	N(11) = 0.0224878,	N(12) = 1.97751,	N(13) = 1,	N(14) = 0.0224878,	N(15) = 1,	Delta[s](0) = 0.522089,	Delta[s](1) = 0.350785,	Delta[s](2) = 0.334898,	Delta[s](3) = 0.350785,	Delta[s](4) = 0.350785,	Delta[s](5) = 0.334898,	Delta[s](6) = 0.247776,	Delta[s](7) = 0.334898,	Delta[s](8) = 0.334898,	Delta[s](9) = 0.247776,	Delta[s](10) = 0.214404,	Delta[s](11) = 0.247776,	Delta[s](12) = 0.350785,	Delta[s](13) = 0.334898,	Delta[s](14) = 0.247776,	Delta[s](15) = 0.334898,	Delta[d](0) = 0.239918,	Delta[d](1) = 0.238553,	Delta[d](2) = 0.229522,	Delta[d](3) = 0.238553,	Delta[d](4) = 0.238553,	Delta[d](5) = 0.135135,	Delta[d](6) = 0.186426,	Delta[d](7) = 0.135135,	Delta[d](8) = 0.229522,	Delta[d](9) = 0.186426,	Delta[d](10) = 0.0302974,	Delta[d](11) = 0.186426,	Delta[d](12) = 0.238553,	Delta[d](13) = 0.135135,	Delta[d](14) = 0.186426,	Delta[d](15) = 0.135135,	Delta[s+](0) = 0.456034,	Delta[s+](1) = 0.36467,	Delta[s+](2) = 0.229522,	Delta[s+](3) = 0.36467,	Delta[s+](4) = 0.36467,	Delta[s+](5) = 0.229522,	Delta[s+](6) = 0.0901463,	Delta[s+](7) = 0.229522,	Delta[s+](8) = 0.229522,	Delta[s+](9) = 0.0901463,	Delta[s+](10) = 0.0153785,	Delta[s+](11) = 0.0901463,	Delta[s+](12) = 0.36467,	Delta[s+](13) = 0.229522,	Delta[s+](14) = 0.0901463,	Delta[s+](15) = 0.229522
The 20-th iteration is completed.	|| time cost : 0h 3m 41.282s
********************************************************************************************************************
Start the 21 rounds of NGS-ED iteration
	effective electronic model is modified as: kinetic energy t = 0.921849
	                                           effective interaction Vq = [ -1.00003,-0.922178,-0.828353,-0.922178,-0.922178,-0.828353,-0.848798,-0.828353,-0.828353,-0.848798,-0.990321,-0.848798,-0.922178,-0.828353,-0.848798,-0.828353]
	PARPACK diagonalization completed after 30 matrix-vector product operations.
	iteration results: : total energy is -43.461619 | electron energy -43.520240 + phonon energy 0.058621 | electron momentum kIdx = 10
The 21-th iteration is completed.	|| time cost : 0h 0m 20.548s
********************************************************************************************************************
Start the 22 rounds of NGS-ED iteration
	effective electronic model is modified as: kinetic energy t = 0.921849
	                                           effective interaction Vq = [ -1.00003,-0.922178,-0.828353,-0.922178,-0.922178,-0.828353,-0.848798,-0.828353,-0.828353,-0.848798,-0.990321,-0.848798,-0.922178,-0.828353,-0.848798,-0.828353]
	PARPACK diagonalization completed after 30 matrix-vector product operations.
	iteration results: : total energy is -43.461619 | electron energy -43.520240 + phonon energy 0.058621 | electron momentum kIdx = 10
The 22-th iteration is completed.	|| time cost : 0h 0m 20.494s
********************************************************************************************************************
Start the 23 rounds of NGS-ED iteration
	effective electronic model is modified as: kinetic energy t = 0.921849
	                                           effective interaction Vq = [ -1.00003,-0.922178,-0.828353,-0.922178,-0.922178,-0.828353,-0.848798,-0.828353,-0.828353,-0.848798,-0.990321,-0.848798,-0.922178,-0.828353,-0.848798,-0.828353]
	PARPACK diagonalization completed after 30 matrix-vector product operations.
	iteration results: : total energy is -43.461619 | electron energy -43.520240 + phonon energy 0.058621 | electron momentum kIdx = 10
