SNEDics v3.22.2 Non-Gaussian ED ground state program		Start at Tue Apr 19 05:56:54 2022

Parallelization: 32 MPI threads  * 8 OpenMP threads = 256 total threads.
********************************************************************************************************************
********************************************************************************************************************

********************************************************************************************************************
System parameters and configurations
	special program options are enabled: splitted diagonal Hamiltonian | splitted Hamiltonian terms
********************************************************************************************************************
Read input file "model_params.in"
	Hubbard-Holstein model parameters : 	t = 1    U = 8    g = 0.15    W = 0.2    g' = 0.05    
********************************************************************************************************************
Read input file "hilbertspace_params.in"
	Requested 16-site 2D lattice, with 8 electrons (4, 4)
	Boundary : Periodic		Hilbert space representation : momentum-space (restricted to kIdx = 0)
	Conservation: particle number[U(1)]      spin[U(1)]     momentum
********************************************************************************************************************

Cluster Positions:				Cluster symmetry group : D4
 x ... x ... x ... x .....                       x ... x ... x ... x .....
 |           |           :                       |           |           :
 |           |           :                       |           |           :
12    13    14    15     x                       1     5     6     5     x
 |           |           :                       |           |           :
 |           |           :                       |           |           :
 8 --- 9 ---10 ---11 --- x                       2 --- 6 ---10 --- 6 --- x
 |           |           :                       |           |           :
 |           |           :                       |           |           :
 4     5     6     7     x                       1     5     6     5     x
 |           |           :                       |           |           :
 |           |           :                       |           |           :
 0 --- 1 --- 2 --- 3 --- x                       0 --- 1 --- 2 --- 1 --- x
orbital number : 1
********************************************************************************************************************
Read input file "obs_params.in"
	Observable Type : Nq(All),   Sq(All),   N(All-Orbital),   Delta[s](All),   Delta[d](All),   Delta[s+](All)
** WARNING ** the input observables have non-local factors which have been reinterpreted. The total observable number is 96
********************************************************************************************************************


********************************************************************************************************************
Start calculating the non-Gaussian ED ground state
Maximal iteration number is 1000; energy resolution is 1e-06. Phonon state relaxation time is 2000
W = 0.2 is relatively large. The non-Gaussian ED calculation starts directly.
open output files: NGSED_iteration_observables.txt
********************************************************************************************************************
Start the 0 rounds of NGS-ED iteration
	effective electronic model is modified as: kinetic energy t = 1
	                                           effective interaction Vq = [0,0,0,0,0,0,0,0,0,0,0,0,0,0,0,0]
	first Hamiltonian is constructed, size = 207184 and non-zero numbers = 32207050
	PARPACK diagonalization completed after 75 matrix-vector product operations.
	iteration results: : total energy is -16.460627 | electron energy -16.460627 + phonon energy 0.000000 | electron momentum kIdx = 0
	Nq(0) = 4,	Nq(1) = 0.217892,	Nq(2) = 0.275693,	Nq(3) = 0.217892,	Nq(4) = 0.217892,	Nq(5) = 0.260941,	
	Nq(6) = 0.370592,	Nq(7) = 0.260941,	Nq(8) = 0.275693,	Nq(9) = 0.370592,	Nq(10) = 0.4202,	
	Nq(11) = 0.370592,	Nq(12) = 0.217892,	Nq(13) = 0.260941,	Nq(14) = 0.370592,	Nq(15) = 0.260941;	
	Sq(0) = 2.57535e-18,	Sq(1) = 0.41044,	Sq(2) = 0.343979,	Sq(3) = 0.41044,	Sq(4) = 0.41044,	
	Sq(5) = 0.572101,	Sq(6) = 0.615629,	Sq(7) = 0.572101,	Sq(8) = 0.343979,	Sq(9) = 0.615629,	
	Sq(10) = 0.550078,	Sq(11) = 0.615629,	Sq(12) = 0.41044,	Sq(13) = 0.572101,	Sq(14) = 0.615629,	
	Sq(15) = 0.572101;	N(0) = 1.82882,	N(1) = 1.37933,	N(2) = 0.0780726,	N(3) = 1.37933,	
	N(4) = 1.37933,	N(5) = 0.0780398,	N(6) = 0.0412646,	N(7) = 0.0780398,	N(8) = 0.0780726,	
	N(9) = 0.0412646,	N(10) = 0.0205069,	N(11) = 0.0412646,	N(12) = 1.37933,	N(13) = 0.0780398,	
	N(14) = 0.0412646,	N(15) = 0.0780398;	Delta[s](0) = 0.0396134,	Delta[s](1) = 0.0211784,	Delta[s](2) = 0.00980746,	
	Delta[s](3) = 0.0211784,	Delta[s](4) = 0.0211784,	Delta[s](5) = 0.00998691,	Delta[s](6) = 0.000182734,	Delta[s](7) = 0.00998691,	
	Delta[s](8) = 0.00980746,	Delta[s](9) = 0.000182734,	Delta[s](10) = 2.16972e-05,	Delta[s](11) = 0.000182734,	Delta[s](12) = 0.0211784,	
	Delta[s](13) = 0.00998691,	Delta[s](14) = 0.000182734,	Delta[s](15) = 0.00998691;	Delta[d](0) = 0.278786,	Delta[d](1) = 0.0573136,	
	Delta[d](2) = 0.0791641,	Delta[d](3) = 0.0573136,	Delta[d](4) = 0.0573136,	Delta[d](5) = 0.0568371,	Delta[d](6) = 0.011227,	
	Delta[d](7) = 0.0568371,	Delta[d](8) = 0.0791641,	Delta[d](9) = 0.011227,	Delta[d](10) = 0.00778128,	Delta[d](11) = 0.011227,	
	Delta[d](12) = 0.0573136,	Delta[d](13) = 0.0568371,	Delta[d](14) = 0.011227,	Delta[d](15) = 0.0568371;	Delta[s+](0) = 0.404417,	
	Delta[s+](1) = 0.228764,	Delta[s+](2) = 0.0791641,	Delta[s+](3) = 0.228764,	Delta[s+](4) = 0.228764,	Delta[s+](5) = 0.0744495,	
	Delta[s+](6) = 0.00298886,	Delta[s+](7) = 0.0744495,	Delta[s+](8) = 0.0791641,	Delta[s+](9) = 0.00298886,	Delta[s+](10) = 0.000747848,	
	Delta[s+](11) = 0.00298886,	Delta[s+](12) = 0.228764,	Delta[s+](13) = 0.0744495,	Delta[s+](14) = 0.00298886,	Delta[s+](15) = 0.0744495
	
The 0-th iteration is completed.	|| time cost : 0h 0m 4.833s
********************************************************************************************************************
Start the 1 rounds of NGS-ED iteration
	effective electronic model is modified as: kinetic energy t = 0.998448
	                                           effective interaction Vq = [     -0.6125,  -0.0453984,  -0.0104506,  -0.0453984,  -0.0453984, -0.00991587,  -0.0010364, -0.00991587,  -0.0104506,  -0.0010364,-0.000889698,  -0.0010364,  -0.0453984, -0.00991587,  -0.0010364, -0.00991587]
	PARPACK diagonalization completed after 30 matrix-vector product operations.
	iteration results: : total energy is -18.940007 | electron energy -18.940511 + phonon energy 0.000504 | electron momentum kIdx = 0
The 1-th iteration is completed.	|| time cost : 0h 0m 3.438s
********************************************************************************************************************
Start the 2 rounds of NGS-ED iteration
	effective electronic model is modified as: kinetic energy t = 0.998436
	                                           effective interaction Vq = [     -0.6125,    -0.04568,  -0.0104475,    -0.04568,    -0.04568, -0.00991408, -0.00103389, -0.00991408,  -0.0104475, -0.00103389,-0.000887155, -0.00103389,    -0.04568, -0.00991408, -0.00103389, -0.00991408]
	PARPACK diagonalization completed after 30 matrix-vector product operations.
	iteration results: : total energy is -18.940008 | electron energy -18.940523 + phonon energy 0.000515 | electron momentum kIdx = 0
The 2-th iteration is completed.	|| time cost : 0h 0m 0.786s
********************************************************************************************************************
Start the 3 rounds of NGS-ED iteration
	effective electronic model is modified as: kinetic energy t = 0.998436
	                                           effective interaction Vq = [     -0.6125,  -0.0456819,  -0.0104474,  -0.0456819,  -0.0456819, -0.00991403, -0.00103388, -0.00991403,  -0.0104474, -0.00103388,-0.000887142, -0.00103388,  -0.0456819, -0.00991403, -0.00103388, -0.00991403]
	PARPACK diagonalization completed after 30 matrix-vector product operations.
	iteration results: : total energy is -18.940008 | electron energy -18.940523 + phonon energy 0.000515 | electron momentum kIdx = 0
The 3-th iteration is completed.	|| time cost : 0h 0m 0.786s
********************************************************************************************************************
Start the 4 rounds of NGS-ED iteration
	effective electronic model is modified as: kinetic energy t = 0.998436
	                                           effective interaction Vq = [     -0.6125,  -0.0456819,  -0.0104474,  -0.0456819,  -0.0456819, -0.00991403, -0.00103388, -0.00991403,  -0.0104474, -0.00103388,-0.000887142, -0.00103388,  -0.0456819, -0.00991403, -0.00103388, -0.00991403]
	PARPACK diagonalization completed after 30 matrix-vector product operations.
	iteration results: : total energy is -18.940008 | electron energy -18.940523 + phonon energy 0.000515 | electron momentum kIdx = 0
	Nq(0) = 4,	Nq(1) = 0.219347,	Nq(2) = 0.275672,	Nq(3) = 0.219347,	Nq(4) = 0.219347,	Nq(5) = 0.260954,	
	Nq(6) = 0.369725,	Nq(7) = 0.260954,	Nq(8) = 0.275672,	Nq(9) = 0.369725,	Nq(10) = 0.419031,	
	Nq(11) = 0.369725,	Nq(12) = 0.219347,	Nq(13) = 0.260954,	Nq(14) = 0.369725,	Nq(15) = 0.260954;	
	Sq(0) = -3.06731e-18,	Sq(1) = 0.410078,	Sq(2) = 0.344065,	Sq(3) = 0.410078,	Sq(4) = 0.410078,	
	Sq(5) = 0.572216,	Sq(6) = 0.615354,	Sq(7) = 0.572216,	Sq(8) = 0.344065,	Sq(9) = 0.615354,	
	Sq(10) = 0.5508,	Sq(11) = 0.615354,	Sq(12) = 0.410078,	Sq(13) = 0.572216,	Sq(14) = 0.615354,	
	Sq(15) = 0.572216;	N(0) = 1.82956,	N(1) = 1.37983,	N(2) = 0.0774728,	N(3) = 1.37983,	
	N(4) = 1.37983,	N(5) = 0.0774224,	N(6) = 0.0414344,	N(7) = 0.0774224,	N(8) = 0.0774728,	
	N(9) = 0.0414344,	N(10) = 0.0207477,	N(11) = 0.0414344,	N(12) = 1.37983,	N(13) = 0.0774224,	
	N(14) = 0.0414344,	N(15) = 0.0774224;	Delta[s](0) = 0.0397565,	Delta[s](1) = 0.0212472,	Delta[s](2) = 0.00982723,	
	Delta[s](3) = 0.0212472,	Delta[s](4) = 0.0212472,	Delta[s](5) = 0.0100212,	Delta[s](6) = 0.000183028,	Delta[s](7) = 0.0100212,	
	Delta[s](8) = 0.00982723,	Delta[s](9) = 0.000183028,	Delta[s](10) = 2.17531e-05,	Delta[s](11) = 0.000183028,	Delta[s](12) = 0.0212472,	
	Delta[s](13) = 0.0100212,	Delta[s](14) = 0.000183028,	Delta[s](15) = 0.0100212;	Delta[d](0) = 0.279718,	Delta[d](1) = 0.0571871,	
	Delta[d](2) = 0.079193,	Delta[d](3) = 0.0571871,	Delta[d](4) = 0.0571871,	Delta[d](5) = 0.0570895,	Delta[d](6) = 0.0111833,	
	Delta[d](7) = 0.0570895,	Delta[d](8) = 0.079193,	Delta[d](9) = 0.0111833,	Delta[d](10) = 0.00784067,	Delta[d](11) = 0.0111833,	
	Delta[d](12) = 0.0571871,	Delta[d](13) = 0.0570895,	Delta[d](14) = 0.0111833,	Delta[d](15) = 0.0570895;	Delta[s+](0) = 0.405047,	
	Delta[s+](1) = 0.229109,	Delta[s+](2) = 0.079193,	Delta[s+](3) = 0.229109,	Delta[s+](4) = 0.229109,	Delta[s+](5) = 0.0745235,	
	Delta[s+](6) = 0.00300899,	Delta[s+](7) = 0.0745235,	Delta[s+](8) = 0.079193,	Delta[s+](9) = 0.00300899,	Delta[s+](10) = 0.000764149,	
	Delta[s+](11) = 0.00300899,	Delta[s+](12) = 0.229109,	Delta[s+](13) = 0.0745235,	Delta[s+](14) = 0.00300899,	Delta[s+](15) = 0.0745235
	
The 4-th iteration is completed.	|| time cost : 0h 0m 2.988s
********************************************************************************************************************
********************************************************************************************************************
Ground state is obtained after 5 iterations. The current ground-state energy is -18.94, in which electron energy is -18.9405 and phonon energy is 0.00051543
Final variational state is: 
	Gamma_x = [      1,1.04928,1.01415,1.04928,1.04928,1.01272,1.00187,1.01272,1.01415,1.00187,1.00183,1.00187,1.04928,1.01272,1.00187,1.01272]
	lambda_q = [       1.75,  0.0949717,  0.0356731,  0.0949717,  0.0949717,  0.0338088,  0.0105619,  0.0338088,  0.0356731,  0.0105619,-0.00903467,  0.0105619,  0.0949717,  0.0338088,  0.0105619,  0.0338088]
Effective e-e interactions mediated by phonons are:
	momentum-space Vq = [     -0.6125,  -0.0456819,  -0.0104474,  -0.0456819,  -0.0456819, -0.00991403, -0.00103388, -0.00991403,  -0.0104474, -0.00103388,-0.000887142, -0.00103388,  -0.0456819, -0.00991403, -0.00103388, -0.00991403]
	real-space Vr = [-0.0538001,-0.0438068,-0.0371641,-0.0438068,-0.0438068,-0.0370308,-0.0326448,-0.0370308,-0.0371641,-0.0326448,-0.0304422,-0.0326448,-0.0438068,-0.0370308,-0.0326448,-0.0370308]
********************************************************************************************************************
o___o  ----------------------------------------
| L |	Time since last clock: 0h 0m 0.009s
A===A	Time since the beginning: 0h 0m 12.842s
***********************************************


Non-Gaussina ED ground state calculation is completed. The final ground-state energy is -18.94
********************************************************************************************************************
o___o  ----------------------------------------
| L |	Time since last clock: 0h 0m 0.002s
A===A	Time since the beginning: 0h 0m 12.844s
***********************************************



********************************************************************************************************************
All non-Gaussian ED ground state calculations have been completed. Exit now.
