SNEDics v3.2 diagonalization test program		Start at Wed Apr 24 21:28:02 2019

parallized on 80 MPI threads  * 6 OpenMP threads = 480 total threads.
************************************************************************************
************************************************************************************

Input file "model_params.in"
Hubbard-Holstein model parameters : 	t = 1    U = 5    g = 4.1833    W = 5    
************************************************************************************
Input file "hilbertspace_params.in"

Cluster Positions:				Cluster symmetry group : D4
 x ... x ... x ... x .....                       x ... x ... x ... x .....
 |           |           :                       |           |           :
 |           |           :                       |           |           :
12    13    14    15     x                       1     5     6     5     x
 |           |           :                       |           |           :
 |           |           :                       |           |           :
 8 --- 9 ---10 ---11 --- x                       2 --- 6 ---10 --- 6 --- x
 |           |           :                       |           |           :
 |           |           :                       |           |           :
 4     5     6     7     x                       1     5     6     5     x
 |           |           :                       |           |           :
 |           |           :                       |           |           :
 0 --- 1 --- 2 --- 3 --- x                       0 --- 1 --- 2 --- 1 --- x
orbital number : 1
************************************************************************************
0 rounds of non-Gaussian ED iteration : ground-state energy is -11.9405 | electron energy -11.9405 + phonon energy 0 | electron momentum kIdx = 0
Nq = 	16	0.12461	0.195263	0.12461	0.12461	0.195263	0.26473	0.195263	0.195263	0.26473	0.325885	0.26473	0.12461	0.195263	0.26473	0.195263
Sq = 	-6.83509e-19	0.427088	0.630149	0.427088	0.427088	0.630149	0.841324	0.630149	0.630149	0.841324	4.09063	0.841324	0.427088	0.630149	0.841324	0.630149
1 rounds of non-Gaussian ED iteration : ground-state energy is -53.598 | electron energy -53.6002 + phonon energy 0.00227711 | electron momentum kIdx = 0
Nq = 	16	0.278818	0.330485	0.278818	0.278818	0.330485	0.483347	0.330485	0.330485	0.483347	0.539352	0.483347	0.278818	0.330485	0.483347	0.330485
Sq = 	3.38815e-18	0.406044	0.587953	0.406044	0.406044	0.587953	0.699688	0.587953	0.587953	0.699688	2.47843	0.699688	0.406044	0.587953	0.699688	0.587953
2 rounds of non-Gaussian ED iteration : ground-state energy is -69.2379 | electron energy -69.2772 + phonon energy 0.0393177 | electron momentum kIdx = 0
Nq = 	16	0.406253	0.375173	0.406253	0.406252	0.375173	0.619257	0.375173	0.375173	0.619257	0.607371	0.619257	0.406252	0.375173	0.619257	0.375173
Sq = 	4.05011e-18	0.372473	0.539899	0.372473	0.372473	0.5399	0.620756	0.5399	0.5399	0.620756	1.82724	0.620756	0.372473	0.5399	0.620756	0.5399
3 rounds of non-Gaussian ED iteration : ground-state energy is -75.8476 | electron energy -75.9698 + phonon energy 0.122142 | electron momentum kIdx = 0
Nq = 	16	0.466946	0.722514	0.466946	0.466945	0.722514	0.686453	0.722514	0.722514	0.686453	0.882813	0.686453	0.466945	0.722514	0.686453	0.722514
Sq = 	1.04665e-17	0.31917	0.354923	0.31917	0.31917	0.354923	0.54362	0.354923	0.354923	0.54362	0.587813	0.54362	0.31917	0.354923	0.54362	0.354923
4 rounds of non-Gaussian ED iteration : ground-state energy is -78.9054 | electron energy -79.1295 + phonon energy 0.224143 | electron momentum kIdx = 0
Nq = 	16	0.471674	0.786392	0.471674	0.471674	0.786392	0.701088	0.786392	0.786392	0.701088	0.982625	0.701088	0.471674	0.786392	0.701088	0.786392
Sq = 	6.96126e-18	0.279031	0.332487	0.279031	0.279031	0.332487	0.487784	0.332487	0.332487	0.487784	0.545792	0.487784	0.279031	0.332487	0.487784	0.332487
5 rounds of non-Gaussian ED iteration : ground-state energy is -80.072 | electron energy -80.3898 + phonon energy 0.317824 | electron momentum kIdx = 0
Nq = 	16	0.470887	0.817779	0.470887	0.470887	0.817779	0.709346	0.817779	0.817779	0.709346	1.08267	0.709346	0.470887	0.817779	0.709346	0.817779
Sq = 	-2.04069e-17	0.257447	0.318269	0.257447	0.257447	0.318269	0.45758	0.318269	0.318269	0.45758	0.52	0.45758	0.257447	0.318269	0.45758	0.318269
6 rounds of non-Gaussian ED iteration : ground-state energy is -80.5146 | electron energy -80.9013 + phonon energy 0.386646 | electron momentum kIdx = 0
Nq = 	16	0.468976	0.825948	0.468976	0.468976	0.825948	0.714901	0.825948	0.825948	0.714901	1.21212	0.714901	0.468976	0.825948	0.714901	0.825948
Sq = 	2.04997e-18	0.244551	0.309153	0.244551	0.244551	0.309153	0.439804	0.309153	0.309153	0.439804	0.504344	0.439804	0.244551	0.309153	0.439804	0.309153
7 rounds of non-Gaussian ED iteration : ground-state energy is -80.6855 | electron energy -81.1181 + phonon energy 0.432628 | electron momentum kIdx = 0
Nq = 	16	0.464783	0.806462	0.464783	0.464783	0.806462	0.716845	0.806462	0.806462	0.716845	1.47017	0.716845	0.464783	0.806462	0.716845	0.806462
Sq = 	6.49748e-18	0.235434	0.302755	0.235434	0.235434	0.302755	0.427968	0.302755	0.302755	0.427968	0.494406	0.427968	0.235434	0.302755	0.427968	0.302755
8 rounds of non-Gaussian ED iteration : ground-state energy is -80.7729 | electron energy -81.2356 + phonon energy 0.462703 | electron momentum kIdx = 0
Nq = 	16	0.434174	0.672081	0.434174	0.434174	0.672081	0.692918	0.672081	0.672081	0.692918	2.62764	0.692918	0.434174	0.672081	0.692918	0.672081
Sq = 	-8.74726e-18	0.225177	0.29627	0.225177	0.225177	0.29627	0.416703	0.29627	0.29627	0.416703	0.486373	0.416703	0.225177	0.29627	0.416703	0.29627
9 rounds of non-Gaussian ED iteration : ground-state energy is -80.9915 | electron energy -81.4727 + phonon energy 0.481203 | electron momentum kIdx = 0
Nq = 	16	0.316565	0.388441	0.316565	0.316564	0.388441	0.574683	0.388441	0.388441	0.574683	5.43265	0.574683	0.316564	0.388441	0.574683	0.388441
Sq = 	2.29027e-18	0.2142	0.287194	0.2142	0.2142	0.287194	0.404431	0.287194	0.287194	0.404431	0.474017	0.404431	0.2142	0.287194	0.404431	0.287194
10 rounds of non-Gaussian ED iteration : ground-state energy is -81.3386 | electron energy -81.8117 + phonon energy 0.473123 | electron momentum kIdx = 0
Nq = 	16	0.263562	0.335255	0.263562	0.263562	0.335255	0.508637	0.335255	0.335255	0.508637	6.39002	0.508637	0.263562	0.335255	0.508637	0.335255
Sq = 	-2.502e-19	0.202435	0.27782	0.202435	0.202435	0.27782	0.392021	0.27782	0.27782	0.392021	0.464909	0.392021	0.202435	0.27782	0.392021	0.27782
11 rounds of non-Gaussian ED iteration : ground-state energy is -81.5127 | electron energy -81.9595 + phonon energy 0.446824 | electron momentum kIdx = 0
Nq = 	16	0.238064	0.31292	0.238064	0.238064	0.31292	0.472144	0.31292	0.31292	0.472144	6.89105	0.472144	0.238064	0.31292	0.472144	0.31292
Sq = 	2.76622e-19	0.19368	0.27093	0.19368	0.19368	0.27093	0.382909	0.27093	0.27093	0.382909	0.458666	0.382909	0.19368	0.27093	0.382909	0.27093
12 rounds of non-Gaussian ED iteration : ground-state energy is -81.5903 | electron energy -82.0097 + phonon energy 0.419383 | electron momentum kIdx = 0
Nq = 	16	0.222759	0.299289	0.222759	0.222759	0.299289	0.448794	0.299289	0.299289	0.448794	7.21201	0.448794	0.222759	0.299289	0.448794	0.299289
Sq = 	-2.53483e-18	0.187625	0.266005	0.187625	0.187625	0.266005	0.376408	0.266005	0.266005	0.376408	0.453889	0.376408	0.187625	0.266005	0.376408	0.266005
13 rounds of non-Gaussian ED iteration : ground-state energy is -81.6254 | electron energy -82.022 + phonon energy 0.396619 | electron momentum kIdx = 0
Nq = 	16	0.212881	0.290421	0.212881	0.212881	0.290421	0.433165	0.290421	0.290421	0.433165	7.42828	0.433165	0.212881	0.290421	0.433165	0.290421
Sq = 	-8.18212e-19	0.183367	0.262439	0.183367	0.183367	0.262439	0.371683	0.262439	0.262439	0.371683	0.450178	0.371683	0.183367	0.262439	0.371683	0.262439
14 rounds of non-Gaussian ED iteration : ground-state energy is -81.6417 | electron energy -82.0209 + phonon energy 0.379209 | electron momentum kIdx = 0
Nq = 	16	0.206291	0.28449	0.206291	0.206291	0.28449	0.422493	0.28449	0.28449	0.422493	7.57703	0.422493	0.206291	0.28449	0.422493	0.28449
Sq = 	-4.98774e-19	0.180353	0.259858	0.180353	0.180353	0.259858	0.368246	0.259858	0.259858	0.368246	0.447341	0.368246	0.180353	0.259858	0.368246	0.259858
15 rounds of non-Gaussian ED iteration : ground-state energy is -81.6493 | electron energy -82.0157 + phonon energy 0.366392 | electron momentum kIdx = 0
Nq = 	16	0.20182	0.280466	0.20182	0.20182	0.280466	0.41514	0.280466	0.280466	0.41514	7.68014	0.41514	0.20182	0.280466	0.41514	0.280466
Sq = 	2.08131e-18	0.178224	0.258005	0.178224	0.178224	0.258005	0.365769	0.258005	0.258005	0.365769	0.445223	0.365769	0.178224	0.258005	0.365769	0.258005
16 rounds of non-Gaussian ED iteration : ground-state energy is -81.6529 | electron energy -82.0101 + phonon energy 0.357152 | electron momentum kIdx = 0
Nq = 	16	0.19876	0.277713	0.19876	0.19876	0.277713	0.410051	0.277713	0.277713	0.410051	7.7518	0.410051	0.19876	0.277713	0.410051	0.277713
Sq = 	-1.07686e-18	0.176725	0.256685	0.176725	0.176725	0.256685	0.363999	0.256685	0.256685	0.363999	0.443674	0.363999	0.176725	0.256685	0.363999	0.256685
17 rounds of non-Gaussian ED iteration : ground-state energy is -81.6547 | electron energy -82.0053 + phonon energy 0.350573 | electron momentum kIdx = 0
Nq = 	16	0.196654	0.275822	0.196654	0.196654	0.275822	0.406521	0.275822	0.275822	0.406521	7.80163	0.406521	0.196654	0.275822	0.406521	0.275822
Sq = 	-7.42825e-19	0.175673	0.255752	0.175673	0.175673	0.255752	0.362744	0.255752	0.255752	0.362744	0.442557	0.362744	0.175673	0.255752	0.362744	0.255752
18 rounds of non-Gaussian ED iteration : ground-state energy is -81.6555 | electron energy -82.0015 + phonon energy 0.345927 | electron momentum kIdx = 0
Nq = 	16	0.1952	0.274518	0.1952	0.1952	0.274518	0.40407	0.274518	0.274518	0.40407	7.83629	0.40407	0.1952	0.274518	0.40407	0.274518
Sq = 	1.59214e-18	0.174938	0.255096	0.174938	0.174938	0.255096	0.361861	0.255096	0.255096	0.361861	0.44176	0.361861	0.174938	0.255096	0.361861	0.255096
19 rounds of non-Gaussian ED iteration : ground-state energy is -81.6559 | electron energy -81.9986 + phonon energy 0.342661 | electron momentum kIdx = 0
Nq = 	16	0.194194	0.273618	0.194194	0.194194	0.273618	0.402366	0.273618	0.273618	0.402366	7.86038	0.402366	0.194194	0.273618	0.402366	0.273618
Sq = 	-2.05654e-18	0.174424	0.254636	0.174424	0.174424	0.254636	0.361241	0.254636	0.254636	0.361241	0.441197	0.361241	0.174424	0.254636	0.361241	0.254636
20 rounds of non-Gaussian ED iteration : ground-state energy is -81.6561 | electron energy -81.9965 + phonon energy 0.340374 | electron momentum kIdx = 0
Nq = 	16	0.193497	0.272995	0.193497	0.193497	0.272995	0.401182	0.272995	0.272995	0.401182	7.87714	0.401182	0.193497	0.272995	0.401182	0.272995
Sq = 	-5.52906e-19	0.174066	0.254314	0.174066	0.174066	0.254314	0.360807	0.254314	0.254314	0.360807	0.440801	0.360807	0.174066	0.254314	0.360807	0.254314
21 rounds of non-Gaussian ED iteration : ground-state energy is -81.6562 | electron energy -81.995 + phonon energy 0.338776 | electron momentum kIdx = 0
Nq = 	16	0.193014	0.272563	0.193014	0.193014	0.272563	0.400359	0.272563	0.272563	0.400359	7.88879	0.400359	0.193014	0.272563	0.400359	0.272563
Sq = 	1.79104e-18	0.173816	0.25409	0.173816	0.173816	0.25409	0.360504	0.25409	0.25409	0.360504	0.440523	0.360504	0.173816	0.25409	0.360504	0.25409
22 rounds of non-Gaussian ED iteration : ground-state energy is -81.6563 | electron energy -81.9939 + phonon energy 0.337661 | electron momentum kIdx = 0
Nq = 	16	0.192678	0.272264	0.192678	0.192678	0.272264	0.399787	0.272264	0.272264	0.399787	7.89688	0.399787	0.192678	0.272264	0.399787	0.272264
Sq = 	-3.03168e-19	0.173643	0.253933	0.173643	0.173643	0.253933	0.360293	0.253933	0.253933	0.360293	0.440329	0.360293	0.173643	0.253933	0.360293	0.253933
23 rounds of non-Gaussian ED iteration : ground-state energy is -81.6563 | electron energy -81.9932 + phonon energy 0.336884 | electron momentum kIdx = 0
Nq = 	16	0.192446	0.272057	0.192446	0.192446	0.272057	0.399389	0.272057	0.272057	0.399389	7.90251	0.399389	0.192446	0.272057	0.399389	0.272057
Sq = 	-1.12661e-18	0.173522	0.253824	0.173522	0.173522	0.253824	0.360146	0.253824	0.253824	0.360146	0.440193	0.360146	0.173522	0.253824	0.360146	0.253824
24 rounds of non-Gaussian ED iteration : ground-state energy is -81.6563 | electron energy -81.9927 + phonon energy 0.336343 | electron momentum kIdx = 0
Nq = 	16	0.192284	0.271913	0.192284	0.192284	0.271913	0.399112	0.271913	0.271913	0.399112	7.90642	0.399112	0.192284	0.271913	0.399112	0.271913
Sq = 	3.74526e-19	0.173438	0.253749	0.173438	0.173438	0.253749	0.360044	0.253749	0.253749	0.360044	0.440099	0.360044	0.173438	0.253749	0.360044	0.253749
25 rounds of non-Gaussian ED iteration : ground-state energy is -81.6563 | electron energy -81.9923 + phonon energy 0.335967 | electron momentum kIdx = 0
Nq = 	16	0.192172	0.271813	0.192172	0.192172	0.271813	0.398919	0.271813	0.271813	0.398919	7.90914	0.398919	0.192172	0.271813	0.398919	0.271813
Sq = 	4.15245e-20	0.173379	0.253696	0.173379	0.173379	0.253696	0.359973	0.253696	0.253696	0.359973	0.440033	0.359973	0.173379	0.253696	0.359973	0.253696
26 rounds of non-Gaussian ED iteration : ground-state energy is -81.6563 | electron energy -81.992 + phonon energy 0.335705 | electron momentum kIdx = 0
Nq = 	16	0.192094	0.271743	0.192094	0.192094	0.271743	0.398786	0.271743	0.271743	0.398786	7.91103	0.398786	0.192094	0.271743	0.398786	0.271743
Sq = 	1.29751e-18	0.173339	0.253659	0.173339	0.173339	0.253659	0.359924	0.253659	0.253659	0.359924	0.439987	0.359924	0.173339	0.253659	0.359924	0.253659
27 rounds of non-Gaussian ED iteration : ground-state energy is -81.6563 | electron energy -81.9918 + phonon energy 0.335522 | electron momentum kIdx = 0
Nq = 	16	0.192039	0.271695	0.192039	0.192039	0.271695	0.398693	0.271695	0.271695	0.398693	7.91234	0.398693	0.192039	0.271695	0.398693	0.271695
Sq = 	-1.32438e-18	0.173311	0.253634	0.173311	0.173311	0.253634	0.359889	0.253634	0.253634	0.359889	0.439955	0.359889	0.173311	0.253634	0.359889	0.253634
Ground state is obtained after 28 iterations. The current ground-state energy is -81.6563, in which electron energy is -81.9917 and phonon energy is 0.335396
o___o  -------------------------------------
| L |	Time since last clock: 2h 22m 39.847s
A===A	Time since the beginning: 2h 22m 39.847s
********************************************

************************************************************************************
