TACC:  Starting up job 1813871 
TACC:  Starting parallel tasks... 
SNEDics v3.4 Non-Gaussian ED ground state program		Start at Fri Oct 23 17:03:40 2020

parallized on 16 MPI threads  * 7 OpenMP threads = 112 total threads.
********************************************************************************************************************
********************************************************************************************************************

********************************************************************************************************************
System parameters and configurations
********************************************************************************************************************
Special program options are enabled: splitted diagonal Hamiltonian
********************************************************************************************************************
Read input file "model_params.in"
	Hubbard-Holstein model parameters : 	t = 1    g = 2.2361    W = 1    
********************************************************************************************************************
Read input file "hilbertspace_params.in"
	Requested 16-site 2D lattice, with 14 electrons (7, 7)
	Boundary : Periodic		Hilbert space representation : momentum-space (restricted to kIdx = 0)
	Conservation: particle number[U(1)]      spin[U(1)]     momentum
********************************************************************************************************************

Cluster Positions:				Cluster symmetry group : D4
 x ... x ... x ... x .....                       x ... x ... x ... x .....
 |           |           :                       |           |           :
 |           |           :                       |           |           :
12    13    14    15     x                       1     5     6     5     x
 |           |           :                       |           |           :
 |           |           :                       |           |           :
 8 --- 9 ---10 ---11 --- x                       2 --- 6 ---10 --- 6 --- x
 |           |           :                       |           |           :
 |           |           :                       |           |           :
 4     5     6     7     x                       1     5     6     5     x
 |           |           :                       |           |           :
 |           |           :                       |           |           :
 0 --- 1 --- 2 --- 3 --- x                       0 --- 1 --- 2 --- 1 --- x
orbital number : 1
********************************************************************************************************************
Read input file "obs_params.in"
	Observable Type : Nq(All),   Sq(All),   N(All),   Delta[s](All),   Delta[d](All),   Delta[s+](All)
********************************************************************************************************************
** WARNING ** the input observables have non-local factors which have been reinterpreted. The total observable number is 96
********************************************************************************************************************


********************************************************************************************************************
Start calculating the non-Gaussian ED ground state
** WARNING ** Detected low phonon energy W < 10. The initial state will be prepared through a warm-up process.
********************************************************************************************************************
Start warm-up calculation for scaling factor 16
open output files: NGSEDWarmUpW16Obs.txt
********************************************************************************************************************
Start the 0 rounds of NGS-ED iteration
	effective electronic model is modified as: kinetic energy t = 1
	                                           effective interaction Vq = [0,0,0,0,0,0,0,0,0,0,0,0,0,0,0,0]
	first Hamiltonian is constructed, non-zero numbers = 5976538
	PARPACK diagonalization completed after 30 matrix-vector product operations.
	iteration results: : total energy is -24.000000 | electron energy -24.000000 + phonon energy 0.000000 | electron momentum kIdx = 0
	Nq(0) = 12.25,	Nq(1) = 0.376654,	Nq(2) = 0.534116,	Nq(3) = 0.376654,	Nq(4) = 0.373346,	Nq(5) = 0.525503,	Nq(6) = 0.626654,	Nq(7) = 0.508088,	Nq(8) = 0.556401,	Nq(9) = 0.623346,	Nq(10) = 0.784407,	Nq(11) = 0.623346,	Nq(12) = 0.373346,	Nq(13) = 0.508088,	Nq(14) = 0.626654,	Nq(15) = 0.525503,	Sq(0) = -1.14562e-17,	Sq(1) = 0.376654,	Sq(2) = 0.492094,	Sq(3) = 0.376654,	Sq(4) = 0.373346,	Sq(5) = 0.480378,	Sq(6) = 0.626654,	Sq(7) = 0.497064,	Sq(8) = 0.519244,	Sq(9) = 0.623346,	Sq(10) = 0.841672,	Sq(11) = 0.623346,	Sq(12) = 0.373346,	Sq(13) = 0.497064,	Sq(14) = 0.626654,	Sq(15) = 0.480378,	N(0) = 2,	N(1) = 2,	N(2) = 0.334696,	N(3) = 2,	N(4) = 2,	N(5) = 0.739773,	N(6) = 5.91222e-27,	N(7) = 0.747219,	N(8) = 0.361167,	N(9) = 5.87019e-27,	N(10) = 2.13495e-27,	N(11) = 5.79903e-27,	N(12) = 2,	N(13) = 0.81328,	N(14) = 5.86168e-27,	N(15) = 1.00386,	Delta[s](0) = 0.285029,	Delta[s](1) = 0.219658,	Delta[s](2) = 0.197533,	Delta[s](3) = 0.226154,	Delta[s](4) = 0.218469,	Delta[s](5) = 0.185889,	Delta[s](6) = 0.151541,	Delta[s](7) = 0.194934,	Delta[s](8) = 0.212778,	Delta[s](9) = 0.154637,	Delta[s](10) = 0.110182,	Delta[s](11) = 0.161133,	Delta[s](12) = 0.229251,	Delta[s](13) = 0.193423,	Delta[s](14) = 0.162323,	Delta[s](15) = 0.193118,	Delta[d](0) = 0.243912,	Delta[d](1) = 0.178289,	Delta[d](2) = 0.183186,	Delta[d](3) = 0.176294,	Delta[d](4) = 0.170255,	Delta[d](5) = 0.15244,	Delta[d](6) = 0.132721,	Delta[d](7) = 0.148004,	Delta[d](8) = 0.169084,	Delta[d](9) = 0.122268,	Delta[d](10) = 0.0913786,	Delta[d](11) = 0.122124,	Delta[d](12) = 0.166494,	Delta[d](13) = 0.153327,	Delta[d](14) = 0.129564,	Delta[d](15) = 0.151823,	Delta[s+](0) = 0.467331,	Delta[s+](1) = 0.349903,	Delta[s+](2) = 0.166513,	Delta[s+](3) = 0.350896,	Delta[s+](4) = 0.357643,	Delta[s+](5) = 0.247864,	Delta[s+](6) = 0.0847382,	Delta[s+](7) = 0.214018,	Delta[s+](8) = 0.186014,	Delta[s+](9) = 0.088381,	Delta[s+](10) = 0.023995,	Delta[s+](11) = 0.0876936,	Delta[s+](12) = 0.354002,	Delta[s+](13) = 0.206791,	Delta[s+](14) = 0.0805483,	Delta[s+](15) = 0.241258
The 0-th iteration is completed.	|| time cost : 0h 5m 9.312s
********************************************************************************************************************
Start the 1 rounds of NGS-ED iteration
	effective electronic model is modified as: kinetic energy (tx,ty)=(0.851783, 0.851639)
	                                           effective interaction Vq = [-4.79633, -4.6859,-4.63967, -4.6859,-4.68588,-4.63758,-4.59522,-4.63154,-4.64802,-4.59466,-4.58465,-4.59466,-4.68588,-4.63154,-4.59522,-4.63758]
	PARPACK diagonalization completed after 90 matrix-vector product operations.
	iteration results: : total energy is -136.958934 | electron energy -136.987046 + phonon energy 0.028112 | electron momentum kIdx = 0
The 1-th iteration is completed.	|| time cost : 0h 5m 20.038s
********************************************************************************************************************
Start the 2 rounds of NGS-ED iteration
	effective electronic model is modified as: kinetic energy (tx,ty)=(0.772883, 0.772822)
	                                           effective interaction Vq = [-4.99184,  -4.975,-4.96705,  -4.975,-4.97499,-4.96685,-4.96219,-4.96612,-4.96806,-4.96213, -4.9694,-4.96213,-4.97499,-4.96612,-4.96219,-4.96685]
	PARPACK diagonalization completed after 75 matrix-vector product operations.
	iteration results: : total energy is -143.599495 | electron energy -143.624406 + phonon energy 0.024912 | electron momentum kIdx = 0
The 2-th iteration is completed.	|| time cost : 0h 0m 27.676s
********************************************************************************************************************
Start the 3 rounds of NGS-ED iteration
	effective electronic model is modified as: kinetic energy (tx,ty)=(0.755394, 0.755378)
	                                           effective interaction Vq = [ -4.9998,-4.99312,-4.98985,-4.99312,-4.99312,-4.98983,-4.98983,-4.98972,   -4.99,-4.98983,-4.99599,-4.98983,-4.99312,-4.98972,-4.98983,-4.98983]
	PARPACK diagonalization completed after 60 matrix-vector product operations.
	iteration results: : total energy is -143.887809 | electron energy -143.911371 + phonon energy 0.023562 | electron momentum kIdx = 0
The 3-th iteration is completed.	|| time cost : 0h 0m 25.315s
********************************************************************************************************************
Start the 4 rounds of NGS-ED iteration
	effective electronic model is modified as: kinetic energy (tx,ty)=(0.751803, 0.751799)
	                                           effective interaction Vq = [-5.00013,-4.99536,-4.99284,-4.99536,-4.99536,-4.99284,-4.99341,-4.99282,-4.99287,-4.99341, -4.9984,-4.99341,-4.99536,-4.99282,-4.99341,-4.99284]
	PARPACK diagonalization completed after 45 matrix-vector product operations.
	iteration results: : total energy is -143.899749 | electron energy -143.923136 + phonon energy 0.023387 | electron momentum kIdx = 0
The 4-th iteration is completed.	|| time cost : 0h 0m 22.998s
********************************************************************************************************************
Start the 5 rounds of NGS-ED iteration
	effective electronic model is modified as: kinetic energy t = 0.751037
	                                           effective interaction Vq = [-5.00014,-4.99578,-4.99343,-4.99578,-4.99578,-4.99343, -4.9941,-4.99342,-4.99343, -4.9941,-4.99872, -4.9941,-4.99578,-4.99342, -4.9941,-4.99343]
	PARPACK diagonalization completed after 45 matrix-vector product operations.
	iteration results: : total energy is -143.900260 | electron energy -143.923631 + phonon energy 0.023371 | electron momentum kIdx = 0
The 5-th iteration is completed.	|| time cost : 0h 0m 22.82s
********************************************************************************************************************
Start the 6 rounds of NGS-ED iteration
	effective electronic model is modified as: kinetic energy t = 0.75087
	                                           effective interaction Vq = [-5.00014,-4.99586,-4.99356,-4.99586,-4.99586,-4.99356,-4.99425,-4.99356,-4.99356,-4.99425,-4.99878,-4.99425,-4.99586,-4.99356,-4.99425,-4.99356]
	PARPACK diagonalization completed after 45 matrix-vector product operations.
	iteration results: : total energy is -143.900279 | electron energy -143.923648 + phonon energy 0.023369 | electron momentum kIdx = 0
	Nq(0) = 12.25,	Nq(1) = 0.492122,	Nq(2) = 0.780959,	Nq(3) = 0.492122,	Nq(4) = 0.492122,	Nq(5) = 0.780959,	Nq(6) = 1.23194,	Nq(7) = 0.780957,	Nq(8) = 0.780962,	Nq(9) = 1.23194,	Nq(10) = 3.43913,	Nq(11) = 1.23194,	Nq(12) = 0.492122,	Nq(13) = 0.780957,	Nq(14) = 1.23194,	Nq(15) = 0.780959,	Sq(0) = 3.84878e-19,	Sq(1) = 0.0243514,	Sq(2) = 0.0463215,	Sq(3) = 0.0243514,	Sq(4) = 0.0243515,	Sq(5) = 0.0463216,	Sq(6) = 0.066809,	Sq(7) = 0.0463216,	Sq(8) = 0.0463216,	Sq(9) = 0.066809,	Sq(10) = 0.0862925,	Sq(11) = 0.066809,	Sq(12) = 0.0243515,	Sq(13) = 0.0463216,	Sq(14) = 0.066809,	Sq(15) = 0.0463216,	N(0) = 1.50357,	N(1) = 1.22681,	N(2) = 0.850995,	N(3) = 1.22681,	N(4) = 1.22681,	N(5) = 0.850994,	N(6) = 0.534393,	N(7) = 0.850995,	N(8) = 0.850994,	N(9) = 0.534392,	N(10) = 0.345658,	N(11) = 0.534392,	N(12) = 1.22681,	N(13) = 0.850995,	N(14) = 0.534393,	N(15) = 0.850994,	Delta[s](0) = 1.28973,	Delta[s](1) = 0.410925,	Delta[s](2) = 0.356828,	Delta[s](3) = 0.410925,	Delta[s](4) = 0.410924,	Delta[s](5) = 0.356828,	Delta[s](6) = 0.319245,	Delta[s](7) = 0.356828,	Delta[s](8) = 0.356828,	Delta[s](9) = 0.319245,	Delta[s](10) = 0.284198,	Delta[s](11) = 0.319245,	Delta[s](12) = 0.410924,	Delta[s](13) = 0.356828,	Delta[s](14) = 0.319245,	Delta[s](15) = 0.356828,	Delta[d](0) = 0.123015,	Delta[d](1) = 0.119824,	Delta[d](2) = 0.122308,	Delta[d](3) = 0.119824,	Delta[d](4) = 0.119824,	Delta[d](5) = 0.114775,	Delta[d](6) = 0.113741,	Delta[d](7) = 0.114775,	Delta[d](8) = 0.122308,	Delta[d](9) = 0.113741,	Delta[d](10) = 0.106293,	Delta[d](11) = 0.113741,	Delta[d](12) = 0.119824,	Delta[d](13) = 0.114775,	Delta[d](14) = 0.113741,	Delta[d](15) = 0.114775,	Delta[s+](0) = 0.159993,	Delta[s+](1) = 0.141857,	Delta[s+](2) = 0.122308,	Delta[s+](3) = 0.141857,	Delta[s+](4) = 0.141857,	Delta[s+](5) = 0.122308,	Delta[s+](6) = 0.104039,	Delta[s+](7) = 0.122308,	Delta[s+](8) = 0.122308,	Delta[s+](9) = 0.104039,	Delta[s+](10) = 0.0913294,	Delta[s+](11) = 0.104039,	Delta[s+](12) = 0.141857,	Delta[s+](13) = 0.122308,	Delta[s+](14) = 0.104039,	Delta[s+](15) = 0.122308
The 6-th iteration is completed.	|| time cost : 0h 3m 58.835s
********************************************************************************************************************
********************************************************************************************************************
Ground state is obtained after 7 iterations. The current ground-state energy is -143.9, in which electron energy is -143.924 and phonon energy is 0.0233691
final variational state is: 
	Gamma_x = [      1,1.00875,1.01717,1.00875,1.00875,1.01717,1.02575,1.01717,1.01717,1.02575,1.03544,1.02575,1.00875,1.01717,1.02575,1.01717]
	lambda_q = [0.559017, 0.54271,0.538781, 0.54271, 0.54271,0.538781,0.539894,0.538781,0.538782,0.539894,0.549807,0.539894, 0.54271,0.538781,0.539894,0.538781]
The effective e-e interactions mediated by phonons are: [5.00014,4.99588,4.99359,4.99588,4.99588,4.99359,4.99429,4.99359,4.99359,4.99429,4.99878,4.99429,4.99588,4.99359,4.99429,4.99359]
The real-space interactions mediated by phonons are: [    -79.9211, -0.00496798, -0.00196132, -0.00936799,  -0.0045534,  -0.0110959, -0.00196132,-0.000795067,  -0.0117553,-0.000795067, -0.00196132,  -0.0110959,  -0.0045534, -0.00936799, -0.00196132, -0.00496798]
********************************************************************************************************************
o___o  ----------------------------------------
| L |	Time since last clock: 0h 0m 0s
A===A	Time since the beginning: 0h 16m 6.998s
***********************************************

********************************************************************************************************************
Start warm-up calculation for scaling factor 8
open output files: NGSEDWarmUpW8Obs.txt
********************************************************************************************************************
Start the 0 rounds of NGS-ED iteration
	effective electronic model is modified as: kinetic energy t = 0.750833
	                                           effective interaction Vq = [-4.57117,-4.50862,-4.49292,-4.50862,-4.50862,-4.49292,-4.49739,-4.49292,-4.49292,-4.49739,-4.53637,-4.49739,-4.50862,-4.49292,-4.49739,-4.49292]
	PARPACK diagonalization completed after 60 matrix-vector product operations.
	iteration results: : total energy is -131.375942 | electron energy -131.387626 + phonon energy 0.011684 | electron momentum kIdx = 0
	Nq(0) = 12.25,	Nq(1) = 0.436523,	Nq(2) = 0.652948,	Nq(3) = 0.436523,	Nq(4) = 0.436523,	Nq(5) = 0.652948,	Nq(6) = 0.994021,	Nq(7) = 0.652946,	Nq(8) = 0.652951,	Nq(9) = 0.994021,	Nq(10) = 5.24845,	Nq(11) = 0.994021,	Nq(12) = 0.436523,	Nq(13) = 0.652946,	Nq(14) = 0.994021,	Nq(15) = 0.652948,	Sq(0) = -3.01029e-19,	Sq(1) = 0.0292173,	Sq(2) = 0.0549115,	Sq(3) = 0.0292173,	Sq(4) = 0.0292173,	Sq(5) = 0.0549115,	Sq(6) = 0.0785968,	Sq(7) = 0.0549115,	Sq(8) = 0.0549115,	Sq(9) = 0.0785968,	Sq(10) = 0.100959,	Sq(11) = 0.0785968,	Sq(12) = 0.0292173,	Sq(13) = 0.0549115,	Sq(14) = 0.0785968,	Sq(15) = 0.0549115,	N(0) = 1.54635,	N(1) = 1.25956,	N(2) = 0.846228,	N(3) = 1.25956,	N(4) = 1.25956,	N(5) = 0.846228,	N(6) = 0.505701,	N(7) = 0.846228,	N(8) = 0.846228,	N(9) = 0.505701,	N(10) = 0.315254,	N(11) = 0.505701,	N(12) = 1.25956,	N(13) = 0.846228,	N(14) = 0.505701,	N(15) = 0.846228,	Delta[s](0) = 0.850126,	Delta[s](1) = 0.413572,	Delta[s](2) = 0.381648,	Delta[s](3) = 0.413572,	Delta[s](4) = 0.413572,	Delta[s](5) = 0.381648,	Delta[s](6) = 0.358393,	Delta[s](7) = 0.381648,	Delta[s](8) = 0.381648,	Delta[s](9) = 0.358393,	Delta[s](10) = 0.34128,	Delta[s](11) = 0.358393,	Delta[s](12) = 0.413572,	Delta[s](13) = 0.381648,	Delta[s](14) = 0.358393,	Delta[s](15) = 0.381648,	Delta[d](0) = 0.100909,	Delta[d](1) = 0.0981927,	Delta[d](2) = 0.102183,	Delta[d](3) = 0.0981927,	Delta[d](4) = 0.0981927,	Delta[d](5) = 0.0926419,	Delta[d](6) = 0.0921354,	Delta[d](7) = 0.0926419,	Delta[d](8) = 0.102183,	Delta[d](9) = 0.0921354,	Delta[d](10) = 0.0843543,	Delta[d](11) = 0.0921354,	Delta[d](12) = 0.0981927,	Delta[d](13) = 0.0926419,	Delta[d](14) = 0.0921354,	Delta[d](15) = 0.0926419,	Delta[s+](0) = 0.145141,	Delta[s+](1) = 0.123094,	Delta[s+](2) = 0.102183,	Delta[s+](3) = 0.123094,	Delta[s+](4) = 0.123094,	Delta[s+](5) = 0.102183,	Delta[s+](6) = 0.0837482,	Delta[s+](7) = 0.102183,	Delta[s+](8) = 0.102183,	Delta[s+](9) = 0.0837482,	Delta[s+](10) = 0.0719981,	Delta[s+](11) = 0.0837482,	Delta[s+](12) = 0.123094,	Delta[s+](13) = 0.102183,	Delta[s+](14) = 0.0837482,	Delta[s+](15) = 0.102183
The 0-th iteration is completed.	|| time cost : 0h 4m 1.509s
********************************************************************************************************************
Start the 1 rounds of NGS-ED iteration
	effective electronic model is modified as: kinetic energy t = 0.663926
	                                           effective interaction Vq = [-4.91354,-4.85866,-4.84177,-4.85866,-4.85866,-4.84177,-4.84692,-4.84177,-4.84177,-4.84692,-4.90219,-4.84692,-4.85866,-4.84177,-4.84692,-4.84177]
	PARPACK diagonalization completed after 60 matrix-vector product operations.
	iteration results: : total energy is -140.012216 | electron energy -140.070866 + phonon energy 0.058649 | electron momentum kIdx = 0
The 1-th iteration is completed.	|| time cost : 0h 0m 25.326s
********************************************************************************************************************
Start the 2 rounds of NGS-ED iteration
	effective electronic model is modified as: kinetic energy t = 0.623834
	                                           effective interaction Vq = [-4.98266,-4.94617,-4.93018,-4.94617,-4.94617,-4.93018,-4.93195,-4.93018,-4.93018,-4.93195,-4.97937,-4.93195,-4.94617,-4.93018,-4.93195,-4.93018]
	PARPACK diagonalization completed after 60 matrix-vector product operations.
	iteration results: : total energy is -141.752068 | electron energy -141.815996 + phonon energy 0.063928 | electron momentum kIdx = 0
The 2-th iteration is completed.	|| time cost : 0h 0m 25.359s
********************************************************************************************************************
Start the 3 rounds of NGS-ED iteration
	effective electronic model is modified as: kinetic energy t = 0.604093
	                                           effective interaction Vq = [-4.99661,-4.97336,-4.96075,-4.97336,-4.97336,-4.96075,-4.96142,-4.96075,-4.96075,-4.96142,-4.99487,-4.96142,-4.97336,-4.96075,-4.96142,-4.96075]
	PARPACK diagonalization completed after 60 matrix-vector product operations.
	iteration results: : total energy is -142.110953 | electron energy -142.174105 + phonon energy 0.063152 | electron momentum kIdx = 0
The 3-th iteration is completed.	|| time cost : 0h 0m 25.213s
********************************************************************************************************************
Start the 4 rounds of NGS-ED iteration
	effective electronic model is modified as: kinetic energy t = 0.592728
	                                           effective interaction Vq = [-4.99943,-4.98401,-4.97506,-4.98401,-4.98401,-4.97506,-4.97602,-4.97506,-4.97506,-4.97602,-4.99817,-4.97602,-4.98401,-4.97506,-4.97602,-4.97506]
	PARPACK diagonalization completed after 60 matrix-vector product operations.
	iteration results: : total energy is -142.199919 | electron energy -142.263583 + phonon energy 0.063664 | electron momentum kIdx = 0
The 4-th iteration is completed.	|| time cost : 0h 0m 25.334s
********************************************************************************************************************
Start the 5 rounds of NGS-ED iteration
	effective electronic model is modified as: kinetic energy t = 0.585857
	                                           effective interaction Vq = [      -5,-4.98885,-4.98246,-4.98885,-4.98885,-4.98246,-4.98378,-4.98246,-4.98246,-4.98378,-4.99889,-4.98378,-4.98885,-4.98246,-4.98378,-4.98246]
	PARPACK diagonalization completed after 60 matrix-vector product operations.
	iteration results: : total energy is -142.226789 | electron energy -142.291051 + phonon energy 0.064262 | electron momentum kIdx = 0
The 5-th iteration is completed.	|| time cost : 0h 0m 25.186s
********************************************************************************************************************
Start the 6 rounds of NGS-ED iteration
	effective electronic model is modified as: kinetic energy t = 0.581845
	                                           effective interaction Vq = [-5.00011,-4.99119,-4.98629,-4.99119,-4.99119,-4.98629,-4.98778,-4.98629,-4.98629,-4.98778,-4.99901,-4.98778,-4.99119,-4.98629,-4.98778,-4.98629]
	PARPACK diagonalization completed after 60 matrix-vector product operations.
	iteration results: : total energy is -142.235312 | electron energy -142.299717 + phonon energy 0.064405 | electron momentum kIdx = 0
The 6-th iteration is completed.	|| time cost : 0h 0m 25.17s
********************************************************************************************************************
Start the 7 rounds of NGS-ED iteration
	effective electronic model is modified as: kinetic energy t = 0.579596
	                                           effective interaction Vq = [-5.00014,-4.99235,-4.98827,-4.99235,-4.99235,-4.98827,-4.98983,-4.98827,-4.98827,-4.98983,-4.99896,-4.98983,-4.99235,-4.98827,-4.98983,-4.98827]
	PARPACK diagonalization completed after 60 matrix-vector product operations.
	iteration results: : total energy is -142.237956 | electron energy -142.302273 + phonon energy 0.064318 | electron momentum kIdx = 0
The 7-th iteration is completed.	|| time cost : 0h 0m 25.18s
********************************************************************************************************************
Start the 8 rounds of NGS-ED iteration
	effective electronic model is modified as: kinetic energy t = 0.578366
	                                           effective interaction Vq = [-5.00014,-4.99295,-4.98931,-4.99295,-4.99295,-4.98931,-4.99088,-4.98931,-4.98931,-4.99088,-4.99889,-4.99088,-4.99295,-4.98931,-4.99088,-4.98931]
	PARPACK diagonalization completed after 45 matrix-vector product operations.
	iteration results: : total energy is -142.238758 | electron energy -142.302954 + phonon energy 0.064196 | electron momentum kIdx = 0
The 8-th iteration is completed.	|| time cost : 0h 0m 22.883s
********************************************************************************************************************
Start the 9 rounds of NGS-ED iteration
	effective electronic model is modified as: kinetic energy t = 0.5777
	                                           effective interaction Vq = [-5.00014,-4.99327,-4.98986,-4.99327,-4.99327,-4.98986,-4.99144,-4.98986,-4.98986,-4.99144,-4.99882,-4.99144,-4.99327,-4.98986,-4.99144,-4.98986]
	PARPACK diagonalization completed after 45 matrix-vector product operations.
	iteration results: : total energy is -142.238999 | electron energy -142.303102 + phonon energy 0.064103 | electron momentum kIdx = 0
The 9-th iteration is completed.	|| time cost : 0h 0m 22.902s
********************************************************************************************************************
Start the 10 rounds of NGS-ED iteration
	effective electronic model is modified as: kinetic energy t = 0.577342
	                                           effective interaction Vq = [-5.00014,-4.99343,-4.99015,-4.99343,-4.99343,-4.99015,-4.99173,-4.99015,-4.99015,-4.99173,-4.99877,-4.99173,-4.99343,-4.99015,-4.99173,-4.99015]
	PARPACK diagonalization completed after 45 matrix-vector product operations.
	iteration results: : total energy is -142.239071 | electron energy -142.303116 + phonon energy 0.064045 | electron momentum kIdx = 0
The 10-th iteration is completed.	|| time cost : 0h 0m 22.903s
********************************************************************************************************************
Start the 11 rounds of NGS-ED iteration
	effective electronic model is modified as: kinetic energy t = 0.577149
	                                           effective interaction Vq = [-5.00014,-4.99352,-4.99031,-4.99352,-4.99352,-4.99031,-4.99189,-4.99031,-4.99031,-4.99189,-4.99874,-4.99189,-4.99352,-4.99031,-4.99189,-4.99031]
	PARPACK diagonalization completed after 45 matrix-vector product operations.
	iteration results: : total energy is -142.239092 | electron energy -142.303103 + phonon energy 0.064010 | electron momentum kIdx = 0
The 11-th iteration is completed.	|| time cost : 0h 0m 22.88s
********************************************************************************************************************
Start the 12 rounds of NGS-ED iteration
	effective electronic model is modified as: kinetic energy t = 0.577045
	                                           effective interaction Vq = [-5.00014,-4.99357, -4.9904,-4.99357,-4.99357, -4.9904,-4.99197, -4.9904, -4.9904,-4.99197,-4.99873,-4.99197,-4.99357, -4.9904,-4.99197, -4.9904]
	PARPACK diagonalization completed after 45 matrix-vector product operations.
	iteration results: : total energy is -142.239099 | electron energy -142.303090 + phonon energy 0.063991 | electron momentum kIdx = 0
	Nq(0) = 12.25,	Nq(1) = 0.476415,	Nq(2) = 0.761802,	Nq(3) = 0.476415,	Nq(4) = 0.476415,	Nq(5) = 0.761802,	Nq(6) = 1.2297,	Nq(7) = 0.761802,	Nq(8) = 0.761802,	Nq(9) = 1.2297,	Nq(10) = 3.90153,	Nq(11) = 1.2297,	Nq(12) = 0.476415,	Nq(13) = 0.761802,	Nq(14) = 1.2297,	Nq(15) = 0.761802,	Sq(0) = 4.73854e-19,	Sq(1) = 0.0147442,	Sq(2) = 0.0286443,	Sq(3) = 0.0147442,	Sq(4) = 0.0147442,	Sq(5) = 0.0286443,	Sq(6) = 0.0419124,	Sq(7) = 0.0286443,	Sq(8) = 0.0286443,	Sq(9) = 0.0419124,	Sq(10) = 0.0546945,	Sq(11) = 0.0419124,	Sq(12) = 0.0147442,	Sq(13) = 0.0286443,	Sq(14) = 0.0419124,	Sq(15) = 0.0286443,	N(0) = 1.38598,	N(1) = 1.14446,	N(2) = 0.860601,	N(3) = 1.14446,	N(4) = 1.14446,	N(5) = 0.860601,	N(6) = 0.609983,	N(7) = 0.860601,	N(8) = 0.860601,	N(9) = 0.609983,	N(10) = 0.432623,	N(11) = 0.609983,	N(12) = 1.14446,	N(13) = 0.860601,	N(14) = 0.609983,	N(15) = 0.860601,	Delta[s](0) = 0.725057,	Delta[s](1) = 0.42407,	Delta[s](2) = 0.403167,	Delta[s](3) = 0.42407,	Delta[s](4) = 0.42407,	Delta[s](5) = 0.403167,	Delta[s](6) = 0.388941,	Delta[s](7) = 0.403167,	Delta[s](8) = 0.403167,	Delta[s](9) = 0.388941,	Delta[s](10) = 0.377304,	Delta[s](11) = 0.388941,	Delta[s](12) = 0.42407,	Delta[s](13) = 0.403167,	Delta[s](14) = 0.388941,	Delta[s](15) = 0.403167,	Delta[d](0) = 0.113326,	Delta[d](1) = 0.11242,	Delta[d](2) = 0.11416,	Delta[d](3) = 0.11242,	Delta[d](4) = 0.11242,	Delta[d](5) = 0.10992,	Delta[d](6) = 0.109596,	Delta[d](7) = 0.10992,	Delta[d](8) = 0.11416,	Delta[d](9) = 0.109596,	Delta[d](10) = 0.106325,	Delta[d](11) = 0.109596,	Delta[d](12) = 0.11242,	Delta[d](13) = 0.10992,	Delta[d](14) = 0.109596,	Delta[d](15) = 0.10992,	Delta[s+](0) = 0.134485,	Delta[s+](1) = 0.12402,	Delta[s+](2) = 0.11416,	Delta[s+](3) = 0.12402,	Delta[s+](4) = 0.12402,	Delta[s+](5) = 0.11416,	Delta[s+](6) = 0.105412,	Delta[s+](7) = 0.11416,	Delta[s+](8) = 0.11416,	Delta[s+](9) = 0.105412,	Delta[s+](10) = 0.0990366,	Delta[s+](11) = 0.105412,	Delta[s+](12) = 0.12402,	Delta[s+](13) = 0.11416,	Delta[s+](14) = 0.105412,	Delta[s+](15) = 0.11416
The 12-th iteration is completed.	|| time cost : 0h 3m 59.547s
********************************************************************************************************************
********************************************************************************************************************
Ground state is obtained after 13 iterations. The current ground-state energy is -142.239, in which electron energy is -142.303 and phonon energy is 0.0639911
final variational state is: 
	Gamma_x = [      1,1.02095,1.04082,1.02095,1.02095,1.04082, 1.0611,1.04082,1.04082, 1.0611,1.08455, 1.0611,1.02095,1.04082, 1.0611,1.04082]
	lambda_q = [0.790574,0.761974, 0.75576,0.761974,0.761974, 0.75576, 0.75871, 0.75576, 0.75576, 0.75871,0.777222, 0.75871,0.761974, 0.75576, 0.75871, 0.75576]
The effective e-e interactions mediated by phonons are: [5.00014, 4.9936,4.99044, 4.9936, 4.9936,4.99044,4.99202,4.99044,4.99044,4.99202,4.99872,4.99202, 4.9936,4.99044,4.99202,4.99044]
The real-space interactions mediated by phonons are: [    -79.884,-0.00591388,-0.00339365, -0.0146947,-0.00458606,  -0.016404,-0.00339365,-0.00178723, -0.0179723,-0.00178723,-0.00339365,  -0.016404,-0.00458606, -0.0146947,-0.00339365,-0.00591388]
********************************************************************************************************************
o___o  ----------------------------------------
| L |	Time since last clock: 0h 0m 0s
A===A	Time since the beginning: 0h 28m 36.397s
***********************************************

********************************************************************************************************************
Start warm-up calculation for scaling factor 4
open output files: NGSEDWarmUpW4Obs.txt
********************************************************************************************************************
Start the 0 rounds of NGS-ED iteration
	effective electronic model is modified as: kinetic energy t = 0.576988
	                                           effective interaction Vq = [-4.57118,-4.49298,-4.47513,-4.49298,-4.49298,-4.47513,-4.48364,-4.47513,-4.47513,-4.48364,-4.53549,-4.48364,-4.49298,-4.47513,-4.48364,-4.47513]
	PARPACK diagonalization completed after 60 matrix-vector product operations.
	iteration results: : total energy is -129.527464 | electron energy -129.559455 + phonon energy 0.031990 | electron momentum kIdx = 0
	Nq(0) = 12.25,	Nq(1) = 0.341617,	Nq(2) = 0.469634,	Nq(3) = 0.341617,	Nq(4) = 0.341617,	Nq(5) = 0.469634,	Nq(6) = 0.675909,	Nq(7) = 0.469634,	Nq(8) = 0.469634,	Nq(9) = 0.675909,	Nq(10) = 8.34457,	Nq(11) = 0.675909,	Nq(12) = 0.341617,	Nq(13) = 0.469634,	Nq(14) = 0.675909,	Nq(15) = 0.469634,	Sq(0) = -1.80232e-19,	Sq(1) = 0.0170267,	Sq(2) = 0.0328066,	Sq(3) = 0.0170267,	Sq(4) = 0.0170267,	Sq(5) = 0.0328066,	Sq(6) = 0.04768,	Sq(7) = 0.0328066,	Sq(8) = 0.0328066,	Sq(9) = 0.04768,	Sq(10) = 0.0618518,	Sq(11) = 0.04768,	Sq(12) = 0.0170267,	Sq(13) = 0.0328066,	Sq(14) = 0.04768,	Sq(15) = 0.0328066,	N(0) = 1.40845,	N(1) = 1.15461,	N(2) = 0.858802,	N(3) = 1.15461,	N(4) = 1.15461,	N(5) = 0.858802,	N(6) = 0.600737,	N(7) = 0.858802,	N(8) = 0.858802,	N(9) = 0.600737,	N(10) = 0.417332,	N(11) = 0.600737,	N(12) = 1.15461,	N(13) = 0.858802,	N(14) = 0.600737,	N(15) = 0.858802,	Delta[s](0) = 0.529413,	Delta[s](1) = 0.424936,	Delta[s](2) = 0.413706,	Delta[s](3) = 0.424936,	Delta[s](4) = 0.424936,	Delta[s](5) = 0.413706,	Delta[s](6) = 0.405485,	Delta[s](7) = 0.413706,	Delta[s](8) = 0.413706,	Delta[s](9) = 0.405485,	Delta[s](10) = 0.407909,	Delta[s](11) = 0.405485,	Delta[s](12) = 0.424936,	Delta[s](13) = 0.413706,	Delta[s](14) = 0.405485,	Delta[s](15) = 0.413706,	Delta[d](0) = 0.0557977,	Delta[d](1) = 0.0554646,	Delta[d](2) = 0.0588718,	Delta[d](3) = 0.0554646,	Delta[d](4) = 0.0554646,	Delta[d](5) = 0.0523128,	Delta[d](6) = 0.0524995,	Delta[d](7) = 0.0523128,	Delta[d](8) = 0.0588718,	Delta[d](9) = 0.0524995,	Delta[d](10) = 0.0487988,	Delta[d](11) = 0.0524995,	Delta[d](12) = 0.0554646,	Delta[d](13) = 0.0523128,	Delta[d](14) = 0.0524995,	Delta[d](15) = 0.0523128,	Delta[s+](0) = 0.0846247,	Delta[s+](1) = 0.0696973,	Delta[s+](2) = 0.0588718,	Delta[s+](3) = 0.0696973,	Delta[s+](4) = 0.0696973,	Delta[s+](5) = 0.0588718,	Delta[s+](6) = 0.0504788,	Delta[s+](7) = 0.0588718,	Delta[s+](8) = 0.0588718,	Delta[s+](9) = 0.0504788,	Delta[s+](10) = 0.0456044,	Delta[s+](11) = 0.0504788,	Delta[s+](12) = 0.0696973,	Delta[s+](13) = 0.0588718,	Delta[s+](14) = 0.0504788,	Delta[s+](15) = 0.0588718
The 0-th iteration is completed.	|| time cost : 0h 4m 1.314s
********************************************************************************************************************
Start the 1 rounds of NGS-ED iteration
	effective electronic model is modified as: kinetic energy t = 0.513573
	                                           effective interaction Vq = [ -4.8074,-4.72208,-4.69309,-4.72208,-4.72208,-4.69309, -4.6996,-4.69309,-4.69309, -4.6996,-4.80195, -4.6996,-4.72208,-4.69309, -4.6996,-4.69309]
	PARPACK diagonalization completed after 60 matrix-vector product operations.
	iteration results: : total energy is -135.720421 | electron energy -135.807381 + phonon energy 0.086960 | electron momentum kIdx = 0
The 1-th iteration is completed.	|| time cost : 0h 0m 25.25s
********************************************************************************************************************
Start the 2 rounds of NGS-ED iteration
	effective electronic model is modified as: kinetic energy t = 0.472626
	                                           effective interaction Vq = [-4.91354,  -4.839,-4.79728,  -4.839,  -4.839,-4.79728,-4.78576,-4.79728,-4.79728,-4.78576,-4.91807,-4.78576,  -4.839,-4.79728,-4.78576,-4.79728]
	PARPACK diagonalization completed after 45 matrix-vector product operations.
	iteration results: : total energy is -138.486479 | electron energy -138.582693 + phonon energy 0.096214 | electron momentum kIdx = 0
The 2-th iteration is completed.	|| time cost : 0h 0m 22.927s
********************************************************************************************************************
Start the 3 rounds of NGS-ED iteration
	effective electronic model is modified as: kinetic energy t = 0.443354
	                                           effective interaction Vq = [-4.96123,-4.90241,-4.85808,-4.90241,-4.90241,-4.85808, -4.8344,-4.85808,-4.85808, -4.8344,-4.96589, -4.8344,-4.90241,-4.85808, -4.8344,-4.85808]
	PARPACK diagonalization completed after 45 matrix-vector product operations.
	iteration results: : total energy is -139.694917 | electron energy -139.784505 + phonon energy 0.089588 | electron momentum kIdx = 0
The 3-th iteration is completed.	|| time cost : 0h 0m 22.905s
********************************************************************************************************************
Start the 4 rounds of NGS-ED iteration
	effective electronic model is modified as: kinetic energy t = 0.42197
	                                           effective interaction Vq = [-4.98266,-4.93758, -4.8959,-4.93758,-4.93758, -4.8959,-4.86744, -4.8959, -4.8959,-4.86744,-4.98551,-4.86744,-4.93758, -4.8959,-4.86744, -4.8959]
	PARPACK diagonalization completed after 45 matrix-vector product operations.
	iteration results: : total energy is -140.223663 | electron energy -140.304801 + phonon energy 0.081138 | electron momentum kIdx = 0
The 4-th iteration is completed.	|| time cost : 0h 0m 22.953s
********************************************************************************************************************
Start the 5 rounds of NGS-ED iteration
	effective electronic model is modified as: kinetic energy t = 0.406236
	                                           effective interaction Vq = [-4.99229,-4.95767,-4.92031,-4.95767,-4.95767,-4.92031,-4.89134,-4.92031,-4.92031,-4.89134,-4.99368,-4.89134,-4.95767,-4.92031,-4.89134,-4.92031]
	PARPACK diagonalization completed after 60 matrix-vector product operations.
	iteration results: : total energy is -140.457825 | electron energy -140.532069 + phonon energy 0.074244 | electron momentum kIdx = 0
The 5-th iteration is completed.	|| time cost : 0h 0m 25.248s
********************************************************************************************************************
Start the 6 rounds of NGS-ED iteration
	effective electronic model is modified as: kinetic energy t = 0.394508
	                                           effective interaction Vq = [-4.99661,-4.96954,-4.93663,-4.96954,-4.96954,-4.93663,-4.90926,-4.93663,-4.93663,-4.90926,-4.99715,-4.90926,-4.96954,-4.93663,-4.90926,-4.93663]
	PARPACK diagonalization completed after 60 matrix-vector product operations.
	iteration results: : total energy is -140.563678 | electron energy -140.632921 + phonon energy 0.069243 | electron momentum kIdx = 0
The 6-th iteration is completed.	|| time cost : 0h 0m 25.201s
********************************************************************************************************************
Start the 7 rounds of NGS-ED iteration
	effective electronic model is modified as: kinetic energy t = 0.385593
	                                           effective interaction Vq = [-4.99856,-4.97683,-4.94794,-4.97683,-4.97683,-4.94794,-4.92311,-4.94794,-4.94794,-4.92311,-4.99866,-4.92311,-4.97683,-4.94794,-4.92311,-4.94794]
	PARPACK diagonalization completed after 60 matrix-vector product operations.
	iteration results: : total energy is -140.613093 | electron energy -140.678878 + phonon energy 0.065785 | electron momentum kIdx = 0
The 7-th iteration is completed.	|| time cost : 0h 0m 25.175s
********************************************************************************************************************
Start the 8 rounds of NGS-ED iteration
	effective electronic model is modified as: kinetic energy t = 0.378646
	                                           effective interaction Vq = [-4.99943,-4.98148,-4.95609,-4.98148,-4.98148,-4.95609,-4.93412,-4.95609,-4.95609,-4.93412,-4.99935,-4.93412,-4.98148,-4.95609,-4.93412,-4.95609]
	PARPACK diagonalization completed after 60 matrix-vector product operations.
	iteration results: : total energy is -140.637351 | electron energy -140.700809 + phonon energy 0.063458 | electron momentum kIdx = 0
The 8-th iteration is completed.	|| time cost : 0h 0m 25.187s
********************************************************************************************************************
Start the 9 rounds of NGS-ED iteration
	effective electronic model is modified as: kinetic energy t = 0.373076
	                                           effective interaction Vq = [-4.99982,-4.98456,-4.96219,-4.98456,-4.98456,-4.96219, -4.9431,-4.96219,-4.96219, -4.9431,-4.99968, -4.9431,-4.98456,-4.96219, -4.9431,-4.96219]
	PARPACK diagonalization completed after 60 matrix-vector product operations.
	iteration results: : total energy is -140.650207 | electron energy -140.712138 + phonon energy 0.061930 | electron momentum kIdx = 0
The 9-th iteration is completed.	|| time cost : 0h 0m 25.174s
********************************************************************************************************************
Start the 10 rounds of NGS-ED iteration
	effective electronic model is modified as: kinetic energy t = 0.368469
	                                           effective interaction Vq = [      -5, -4.9867,-4.96694, -4.9867, -4.9867,-4.96694,-4.95061,-4.96694,-4.96694,-4.95061,-4.99984,-4.95061, -4.9867,-4.96694,-4.95061,-4.96694]
	PARPACK diagonalization completed after 60 matrix-vector product operations.
	iteration results: : total energy is -140.657795 | electron energy -140.718758 + phonon energy 0.060964 | electron momentum kIdx = 0
The 10-th iteration is completed.	|| time cost : 0h 0m 25.234s
********************************************************************************************************************
Start the 11 rounds of NGS-ED iteration
	effective electronic model is modified as: kinetic energy t = 0.364536
	                                           effective interaction Vq = [-5.00008,-4.98825,-4.97078,-4.98825,-4.98825,-4.97078,-4.95703,-4.97078,-4.97078,-4.95703,-4.99993,-4.95703,-4.98825,-4.97078,-4.95703,-4.97078]
