SNEDics v3.21.4 Non-Gaussian ED ground state program		Start at Wed Jul 28 02:27:40 2021

parallized on 32 MPI threads  * 8 OpenMP threads = 256 total threads.
********************************************************************************************************************
********************************************************************************************************************

********************************************************************************************************************
System parameters and configurations
	special program options are enabled: splitted diagonal Hamiltonian | splitted Hamiltonian terms
********************************************************************************************************************
Read input file "model_params.in"
	Hubbard-Holstein model parameters : 	t = 1    U = 8    g = 0.15    W = 0.2    g' = 0.04    
********************************************************************************************************************
Read input file "hilbertspace_params.in"
	Requested 16-site 2D lattice, with 14 electrons (7, 7)
	Boundary : Periodic		Hilbert space representation : momentum-space (restricted to kIdx = 0)
	Conservation: particle number[U(1)]      spin[U(1)]     momentum
********************************************************************************************************************

Cluster Positions:				Cluster symmetry group : D4
 x ... x ... x ... x .....                       x ... x ... x ... x .....
 |           |           :                       |           |           :
 |           |           :                       |           |           :
12    13    14    15     x                       1     5     6     5     x
 |           |           :                       |           |           :
 |           |           :                       |           |           :
 8 --- 9 ---10 ---11 --- x                       2 --- 6 ---10 --- 6 --- x
 |           |           :                       |           |           :
 |           |           :                       |           |           :
 4     5     6     7     x                       1     5     6     5     x
 |           |           :                       |           |           :
 |           |           :                       |           |           :
 0 --- 1 --- 2 --- 3 --- x                       0 --- 1 --- 2 --- 1 --- x
orbital number : 1
********************************************************************************************************************
Read input file "obs_params.in"
	Observable Type : Nq(All),   Sq(All),   N(All),   Delta[s](All),   Delta[d](All),   Delta[s+](All)
** WARNING ** the input observables have non-local factors which have been reinterpreted. The total observable number is 96
********************************************************************************************************************


********************************************************************************************************************
Start calculating the non-Gaussian ED ground state
Maximal iteration number is 1000; energy resolution is 1e-06. Phonon state relaxation time is 2000
W = 0.2 is relatively large. The non-Gaussian ED calculation starts directly.
open output files: NGSED_iteration_obserbles.txt
********************************************************************************************************************
Start the 0 rounds of NGS-ED iteration
	effective electronic model is modified as: kinetic energy t = 1
	                                           effective interaction Vq = [0,0,0,0,0,0,0,0,0,0,0,0,0,0,0,0]
	first Hamiltonian is constructed, size = 8179600 and non-zero numbers = 2178478298
	PARPACK diagonalization completed after 180 matrix-vector product operations.
	iteration results: : total energy is -11.868836 | electron energy -11.868836 + phonon energy 0.000000 | electron momentum kIdx = 0
	Nq(0) = 12.25,	Nq(1) = 0.154193,	Nq(2) = 0.185311,	Nq(3) = 0.154193,	Nq(4) = 0.154193,	Nq(5) = 0.203281,	
	Nq(6) = 0.235634,	Nq(7) = 0.203281,	Nq(8) = 0.185311,	Nq(9) = 0.235634,	Nq(10) = 0.275446,	
	Nq(11) = 0.235634,	Nq(12) = 0.154193,	Nq(13) = 0.203281,	Nq(14) = 0.235634,	Nq(15) = 0.203281;	
	Sq(0) = -1.83137e-18,	Sq(1) = 0.474292,	Sq(2) = 0.766364,	Sq(3) = 0.474292,	Sq(4) = 0.474292,	
	Sq(5) = 0.630724,	Sq(6) = 1.05279,	Sq(7) = 0.630724,	Sq(8) = 0.766364,	Sq(9) = 1.05279,	
	Sq(10) = 2.56755,	Sq(11) = 1.05279,	Sq(12) = 0.474292,	Sq(13) = 0.630724,	Sq(14) = 1.05279,	
	Sq(15) = 0.630724;	N(0) = 1.75464,	N(1) = 1.59086,	N(2) = 0.323321,	N(3) = 1.59086,	
	N(4) = 1.59086,	N(5) = 0.999881,	N(6) = 0.267546,	N(7) = 0.999881,	N(8) = 0.323321,	
	N(9) = 0.267546,	N(10) = 0.165565,	N(11) = 0.267546,	N(12) = 1.59086,	N(13) = 0.999881,	
	N(14) = 0.267546,	N(15) = 0.999881;	Delta[s](0) = 0.0792733,	Delta[s](1) = 0.0592293,	Delta[s](2) = 0.0354119,	
	Delta[s](3) = 0.0592293,	Delta[s](4) = 0.0592293,	Delta[s](5) = 0.0422937,	Delta[s](6) = 0.0194828,	Delta[s](7) = 0.0422937,	
	Delta[s](8) = 0.0354119,	Delta[s](9) = 0.0194828,	Delta[s](10) = 0.000129595,	Delta[s](11) = 0.0194828,	Delta[s](12) = 0.0592293,	
	Delta[s](13) = 0.0422937,	Delta[s](14) = 0.0194828,	Delta[s](15) = 0.0422937;	Delta[d](0) = 0.275837,	Delta[d](1) = 0.189753,	
	Delta[d](2) = 0.199512,	Delta[d](3) = 0.189753,	Delta[d](4) = 0.189753,	Delta[d](5) = 0.176472,	Delta[d](6) = 0.13238,	
	Delta[d](7) = 0.176472,	Delta[d](8) = 0.199512,	Delta[d](9) = 0.13238,	Delta[d](10) = 0.0533905,	Delta[d](11) = 0.13238,	
	Delta[d](12) = 0.189753,	Delta[d](13) = 0.176472,	Delta[d](14) = 0.13238,	Delta[d](15) = 0.176472;	Delta[s+](0) = 0.559565,	
	Delta[s+](1) = 0.416651,	Delta[s+](2) = 0.199512,	Delta[s+](3) = 0.416651,	Delta[s+](4) = 0.416651,	Delta[s+](5) = 0.291196,	
	Delta[s+](6) = 0.126024,	Delta[s+](7) = 0.291196,	Delta[s+](8) = 0.199512,	Delta[s+](9) = 0.126024,	Delta[s+](10) = 0.0381862,	
	Delta[s+](11) = 0.126024,	Delta[s+](12) = 0.416651,	Delta[s+](13) = 0.291196,	Delta[s+](14) = 0.126024,	Delta[s+](15) = 0.291196
	
The 0-th iteration is completed.	|| time cost : 0h 4m 43.33s
********************************************************************************************************************
Start the 1 rounds of NGS-ED iteration
	effective electronic model is modified as: kinetic energy t = 0.999176
	                                           effective interaction Vq = [     -0.4805,   -0.028904, -0.00753479,   -0.028904,   -0.028904,  -0.0082354, -0.00139483,  -0.0082354, -0.00753479, -0.00139483,-2.50516e-05, -0.00139483,   -0.028904,  -0.0082354, -0.00139483,  -0.0082354]
	PARPACK diagonalization completed after 60 matrix-vector product operations.
	iteration results: : total energy is -17.769535 | electron energy -17.769647 + phonon energy 0.000112 | electron momentum kIdx = 0
The 1-th iteration is completed.	|| time cost : 0h 2m 59.826s
********************************************************************************************************************
Start the 2 rounds of NGS-ED iteration
	effective electronic model is modified as: kinetic energy t = 0.999174
	                                           effective interaction Vq = [     -0.4805,  -0.0289515, -0.00753468,  -0.0289515,  -0.0289515, -0.00823491,  -0.0013944, -0.00823491, -0.00753468,  -0.0013944,-2.50449e-05,  -0.0013944,  -0.0289515, -0.00823491,  -0.0013944, -0.00823491]
	PARPACK diagonalization completed after 30 matrix-vector product operations.
	iteration results: : total energy is -17.769535 | electron energy -17.769648 + phonon energy 0.000113 | electron momentum kIdx = 0
The 2-th iteration is completed.	|| time cost : 0h 0m 21.869s
********************************************************************************************************************
Start the 3 rounds of NGS-ED iteration
	effective electronic model is modified as: kinetic energy t = 0.999174
	                                           effective interaction Vq = [     -0.4805,  -0.0289516, -0.00753467,  -0.0289516,  -0.0289516,  -0.0082349,  -0.0013944,  -0.0082349, -0.00753467,  -0.0013944,-2.50449e-05,  -0.0013944,  -0.0289516,  -0.0082349,  -0.0013944,  -0.0082349]
	PARPACK diagonalization completed after 30 matrix-vector product operations.
	iteration results: : total energy is -17.769535 | electron energy -17.769648 + phonon energy 0.000113 | electron momentum kIdx = 0
	Nq(0) = 12.25,	Nq(1) = 0.154533,	Nq(2) = 0.185399,	Nq(3) = 0.154533,	Nq(4) = 0.154533,	Nq(5) = 0.203368,	
	Nq(6) = 0.235674,	Nq(7) = 0.203368,	Nq(8) = 0.185399,	Nq(9) = 0.235674,	Nq(10) = 0.275505,	
	Nq(11) = 0.235674,	Nq(12) = 0.154533,	Nq(13) = 0.203368,	Nq(14) = 0.235674,	Nq(15) = 0.203368;	
	Sq(0) = -2.82177e-18,	Sq(1) = 0.474019,	Sq(2) = 0.766163,	Sq(3) = 0.474019,	Sq(4) = 0.474019,	
	Sq(5) = 0.630582,	Sq(6) = 1.05284,	Sq(7) = 0.630582,	Sq(8) = 0.766163,	Sq(9) = 1.05284,	
	Sq(10) = 2.5673,	Sq(11) = 1.05284,	Sq(12) = 0.474019,	Sq(13) = 0.630582,	Sq(14) = 1.05284,	
	Sq(15) = 0.630582;	N(0) = 1.75498,	N(1) = 1.5914,	N(2) = 0.322934,	N(3) = 1.5914,	
	N(4) = 1.5914,	N(5) = 0.99978,	N(6) = 0.26724,	N(7) = 0.99978,	N(8) = 0.322934,	
	N(9) = 0.26724,	N(10) = 0.165484,	N(11) = 0.26724,	N(12) = 1.5914,	N(13) = 0.99978,	
	N(14) = 0.26724,	N(15) = 0.99978;	Delta[s](0) = 0.0793989,	Delta[s](1) = 0.0593255,	Delta[s](2) = 0.0354627,	
	Delta[s](3) = 0.0593255,	Delta[s](4) = 0.0593255,	Delta[s](5) = 0.042371,	Delta[s](6) = 0.0195153,	Delta[s](7) = 0.042371,	
	Delta[s](8) = 0.0354627,	Delta[s](9) = 0.0195153,	Delta[s](10) = 0.00013015,	Delta[s](11) = 0.0195153,	Delta[s](12) = 0.0593255,	
	Delta[s](13) = 0.042371,	Delta[s](14) = 0.0195153,	Delta[s](15) = 0.042371;	Delta[d](0) = 0.276447,	Delta[d](1) = 0.189738,	
	Delta[d](2) = 0.199495,	Delta[d](3) = 0.189738,	Delta[d](4) = 0.189738,	Delta[d](5) = 0.176449,	Delta[d](6) = 0.13231,	
	Delta[d](7) = 0.176449,	Delta[d](8) = 0.199495,	Delta[d](9) = 0.13231,	Delta[d](10) = 0.0533971,	Delta[d](11) = 0.13231,	
	Delta[d](12) = 0.189738,	Delta[d](13) = 0.176449,	Delta[d](14) = 0.13231,	Delta[d](15) = 0.176449;	Delta[s+](0) = 0.55972,	
	Delta[s+](1) = 0.416744,	Delta[s+](2) = 0.199495,	Delta[s+](3) = 0.416744,	Delta[s+](4) = 0.416744,	Delta[s+](5) = 0.29121,	
	Delta[s+](6) = 0.125977,	Delta[s+](7) = 0.29121,	Delta[s+](8) = 0.199495,	Delta[s+](9) = 0.125977,	Delta[s+](10) = 0.03815,	
	Delta[s+](11) = 0.125977,	Delta[s+](12) = 0.416744,	Delta[s+](13) = 0.29121,	Delta[s+](14) = 0.125977,	Delta[s+](15) = 0.29121
	
The 3-th iteration is completed.	|| time cost : 0h 3m 6.694s
********************************************************************************************************************
********************************************************************************************************************
Ground state is obtained after 4 iterations. The current ground-state energy is -17.7695, in which electron energy is -17.7696 and phonon energy is 0.000113086
Final variational state is: 
	Gamma_x = [      1,1.02196,1.00689,1.02196,1.02196,1.00825,1.00162,1.00825,1.00689,1.00162,1.00003,1.00162,1.02196,1.00825,1.00162,1.00825]
	lambda_q = [       1.55,  0.0647617,  0.0255508,  0.0647617,  0.0647617,  0.0279712,  0.0101059,  0.0279712,  0.0255508,  0.0101059,-0.00126833,  0.0101059,  0.0647617,  0.0279712,  0.0101059,  0.0279712]
Effective e-e interactions mediated by phonons are:
	momentum-space Vq = [     -0.4805,  -0.0289516, -0.00753467,  -0.0289516,  -0.0289516,  -0.0082349,  -0.0013944,  -0.0082349, -0.00753467,  -0.0013944,-2.50449e-05,  -0.0013944,  -0.0289516,  -0.0082349,  -0.0013944,  -0.0082349]
	real-space Vr = [-0.0406199,-0.0334743,-0.0289159,-0.0334743,-0.0334743, -0.029091, -0.026585, -0.029091,-0.0289159, -0.026585,-0.0254469, -0.026585,-0.0334743, -0.029091, -0.026585, -0.029091]
********************************************************************************************************************
o___o  ----------------------------------------
| L |	Time since last clock: 0h 0m 0.01s
A===A	Time since the beginning: 0h 11m 11.731s
***********************************************


Non-Gaussina ED ground state calculation is completed. The final ground-state energy is -17.7695
********************************************************************************************************************
o___o  ----------------------------------------
| L |	Time since last clock: 0h 0m 0.005s
A===A	Time since the beginning: 0h 11m 11.737s
***********************************************



********************************************************************************************************************
All non-Gaussian ED ground state calculations have been completed. Exit now.
