SNEDics v3.21.4 Non-Gaussian ED ground state program		Start at Mon Jul 26 07:31:04 2021

parallized on 32 MPI threads  * 8 OpenMP threads = 256 total threads.
********************************************************************************************************************
********************************************************************************************************************

********************************************************************************************************************
System parameters and configurations
	special program options are enabled: splitted diagonal Hamiltonian | splitted Hamiltonian terms
********************************************************************************************************************
Read input file "model_params.in"
	Hubbard-Holstein model parameters : 	t = 1    U = 8    g = 0.03    W = 0.2    g' = 0.01    
********************************************************************************************************************
Read input file "hilbertspace_params.in"
	Requested 16-site 2D lattice, with 12 electrons (6, 6)
	Boundary : Periodic		Hilbert space representation : momentum-space (restricted to kIdx = 0)
	Conservation: particle number[U(1)]      spin[U(1)]     momentum
********************************************************************************************************************

Cluster Positions:				Cluster symmetry group : D4
 x ... x ... x ... x .....                       x ... x ... x ... x .....
 |           |           :                       |           |           :
 |           |           :                       |           |           :
12    13    14    15     x                       1     5     6     5     x
 |           |           :                       |           |           :
 |           |           :                       |           |           :
 8 --- 9 ---10 ---11 --- x                       2 --- 6 ---10 --- 6 --- x
 |           |           :                       |           |           :
 |           |           :                       |           |           :
 4     5     6     7     x                       1     5     6     5     x
 |           |           :                       |           |           :
 |           |           :                       |           |           :
 0 --- 1 --- 2 --- 3 --- x                       0 --- 1 --- 2 --- 1 --- x
orbital number : 1
********************************************************************************************************************
Read input file "obs_params.in"
	Observable Type : Nq(All),   Sq(All),   N(All),   Delta[s](All),   Delta[d](All),   Delta[s+](All)
** WARNING ** the input observables have non-local factors which have been reinterpreted. The total observable number is 96
********************************************************************************************************************


********************************************************************************************************************
Start calculating the non-Gaussian ED ground state
Maximal iteration number is 1000; energy resolution is 1e-06. Phonon state relaxation time is 2000
W = 0.2 is relatively large. The non-Gaussian ED calculation starts directly.
open output files: NGSED_iteration_obserbles.txt
********************************************************************************************************************
Start the 0 rounds of NGS-ED iteration
	effective electronic model is modified as: kinetic energy t = 1
	                                           effective interaction Vq = [0,0,0,0,0,0,0,0,0,0,0,0,0,0,0,0]
	first Hamiltonian is constructed, size = 4008592 and non-zero numbers = 969134044
	PARPACK diagonalization completed after 150 matrix-vector product operations.
	iteration results: : total energy is -14.925310 | electron energy -14.925310 + phonon energy 0.000000 | electron momentum kIdx = 0
	Nq(0) = 9,	Nq(1) = 0.191675,	Nq(2) = 0.266183,	Nq(3) = 0.191675,	Nq(4) = 0.191675,	Nq(5) = 0.245517,	
	Nq(6) = 0.314107,	Nq(7) = 0.245517,	Nq(8) = 0.266183,	Nq(9) = 0.314107,	Nq(10) = 0.369338,	
	Nq(11) = 0.314107,	Nq(12) = 0.191675,	Nq(13) = 0.245517,	Nq(14) = 0.314107,	Nq(15) = 0.245517;	
	Sq(0) = 3.02743e-18,	Sq(1) = 0.554662,	Sq(2) = 0.424361,	Sq(3) = 0.554662,	Sq(4) = 0.554662,	
	Sq(5) = 0.79749,	Sq(6) = 1.01287,	Sq(7) = 0.79749,	Sq(8) = 0.424361,	Sq(9) = 1.01287,	
	Sq(10) = 0.784303,	Sq(11) = 1.01287,	Sq(12) = 0.554662,	Sq(13) = 0.79749,	Sq(14) = 1.01287,	
	Sq(15) = 0.79749;	N(0) = 1.76735,	N(1) = 1.6264,	N(2) = 0.74365,	N(3) = 1.6264,	
	N(4) = 1.6264,	N(5) = 0.392302,	N(6) = 0.144321,	N(7) = 0.392302,	N(8) = 0.74365,	
	N(9) = 0.144321,	N(10) = 0.0932732,	N(11) = 0.144321,	N(12) = 1.6264,	N(13) = 0.392302,	
	N(14) = 0.144321,	N(15) = 0.392302;	Delta[s](0) = 0.0658414,	Delta[s](1) = 0.0454356,	Delta[s](2) = 0.0304098,	
	Delta[s](3) = 0.0454356,	Delta[s](4) = 0.0454356,	Delta[s](5) = 0.0270921,	Delta[s](6) = 0.00916854,	Delta[s](7) = 0.0270921,	
	Delta[s](8) = 0.0304098,	Delta[s](9) = 0.00916854,	Delta[s](10) = 4.04932e-06,	Delta[s](11) = 0.00916854,	Delta[s](12) = 0.0454356,	
	Delta[s](13) = 0.0270921,	Delta[s](14) = 0.00916854,	Delta[s](15) = 0.0270921;	Delta[d](0) = 0.229592,	Delta[d](1) = 0.180094,	
	Delta[d](2) = 0.222338,	Delta[d](3) = 0.180094,	Delta[d](4) = 0.180094,	Delta[d](5) = 0.122926,	Delta[d](6) = 0.150489,	
	Delta[d](7) = 0.122926,	Delta[d](8) = 0.222338,	Delta[d](9) = 0.150489,	Delta[d](10) = 0.076503,	Delta[d](11) = 0.150489,	
	Delta[d](12) = 0.180094,	Delta[d](13) = 0.122926,	Delta[d](14) = 0.150489,	Delta[d](15) = 0.122926;	Delta[s+](0) = 0.530055,	
	Delta[s+](1) = 0.361446,	Delta[s+](2) = 0.222338,	Delta[s+](3) = 0.361446,	Delta[s+](4) = 0.361446,	Delta[s+](5) = 0.17716,	
	Delta[s+](6) = 0.0625332,	Delta[s+](7) = 0.17716,	Delta[s+](8) = 0.222338,	Delta[s+](9) = 0.0625332,	Delta[s+](10) = 0.0155952,	
	Delta[s+](11) = 0.0625332,	Delta[s+](12) = 0.361446,	Delta[s+](13) = 0.17716,	Delta[s+](14) = 0.0625332,	Delta[s+](15) = 0.17716
	
The 0-th iteration is completed.	|| time cost : 0h 2m 1.619s
********************************************************************************************************************
Start the 1 rounds of NGS-ED iteration
	effective electronic model is modified as: kinetic energy t = 0.999954
	                                           effective interaction Vq = [     -0.0245, -0.00150437,-0.000386591, -0.00150437, -0.00150437, -0.00035837,-3.42546e-05, -0.00035837,-0.000386591,-3.42546e-05, -3.0395e-05,-3.42546e-05, -0.00150437, -0.00035837,-3.42546e-05, -0.00035837]
	PARPACK diagonalization completed after 30 matrix-vector product operations.
	iteration results: : total energy is -15.146717 | electron energy -15.146718 + phonon energy 0.000000 | electron momentum kIdx = 0
The 1-th iteration is completed.	|| time cost : 0h 1m 16.27s
********************************************************************************************************************
Start the 2 rounds of NGS-ED iteration
	effective electronic model is modified as: kinetic energy t = 0.999954
	                                           effective interaction Vq = [     -0.0245, -0.00150457,-0.000386582, -0.00150457, -0.00150457,-0.000358366,-3.42531e-05,-0.000358366,-0.000386582,-3.42531e-05,-3.03939e-05,-3.42531e-05, -0.00150457,-0.000358366,-3.42531e-05,-0.000358366]
	PARPACK diagonalization completed after 30 matrix-vector product operations.
	iteration results: : total energy is -15.146717 | electron energy -15.146718 + phonon energy 0.000000 | electron momentum kIdx = 0
The 2-th iteration is completed.	|| time cost : 0h 0m 9.722s
********************************************************************************************************************
Start the 3 rounds of NGS-ED iteration
	effective electronic model is modified as: kinetic energy t = 0.999954
	                                           effective interaction Vq = [     -0.0245, -0.00150457,-0.000386582, -0.00150457, -0.00150457,-0.000358366,-3.42531e-05,-0.000358366,-0.000386582,-3.42531e-05,-3.03939e-05,-3.42531e-05, -0.00150457,-0.000358366,-3.42531e-05,-0.000358366]
	PARPACK diagonalization completed after 30 matrix-vector product operations.
	iteration results: : total energy is -15.146717 | electron energy -15.146718 + phonon energy 0.000000 | electron momentum kIdx = 0
	Nq(0) = 9,	Nq(1) = 0.191706,	Nq(2) = 0.266182,	Nq(3) = 0.191706,	Nq(4) = 0.191706,	Nq(5) = 0.245519,	
	Nq(6) = 0.314097,	Nq(7) = 0.245519,	Nq(8) = 0.266182,	Nq(9) = 0.314097,	Nq(10) = 0.369332,	
	Nq(11) = 0.314097,	Nq(12) = 0.191706,	Nq(13) = 0.245519,	Nq(14) = 0.314097,	Nq(15) = 0.245519;	
	Sq(0) = -2.29753e-18,	Sq(1) = 0.554647,	Sq(2) = 0.424365,	Sq(3) = 0.554647,	Sq(4) = 0.554647,	
	Sq(5) = 0.797477,	Sq(6) = 1.01286,	Sq(7) = 0.797477,	Sq(8) = 0.424365,	Sq(9) = 1.01286,	
	Sq(10) = 0.784338,	Sq(11) = 1.01286,	Sq(12) = 0.554647,	Sq(13) = 0.797477,	Sq(14) = 1.01286,	
	Sq(15) = 0.797477;	N(0) = 1.76737,	N(1) = 1.62643,	N(2) = 0.743634,	N(3) = 1.62643,	
	N(4) = 1.62643,	N(5) = 0.392273,	N(6) = 0.144317,	N(7) = 0.392273,	N(8) = 0.743634,	
	N(9) = 0.144317,	N(10) = 0.0932819,	N(11) = 0.144317,	N(12) = 1.62643,	N(13) = 0.392273,	
	N(14) = 0.144317,	N(15) = 0.392273;	Delta[s](0) = 0.0658476,	Delta[s](1) = 0.0454397,	Delta[s](2) = 0.0304133,	
	Delta[s](3) = 0.0454397,	Delta[s](4) = 0.0454397,	Delta[s](5) = 0.027095,	Delta[s](6) = 0.00916897,	Delta[s](7) = 0.027095,	
	Delta[s](8) = 0.0304133,	Delta[s](9) = 0.00916897,	Delta[s](10) = 4.05035e-06,	Delta[s](11) = 0.00916897,	Delta[s](12) = 0.0454397,	
	Delta[s](13) = 0.027095,	Delta[s](14) = 0.00916897,	Delta[s](15) = 0.027095;	Delta[d](0) = 0.229601,	Delta[d](1) = 0.1801,	
	Delta[d](2) = 0.222343,	Delta[d](3) = 0.1801,	Delta[d](4) = 0.1801,	Delta[d](5) = 0.122927,	Delta[d](6) = 0.150491,	
	Delta[d](7) = 0.122927,	Delta[d](8) = 0.222343,	Delta[d](9) = 0.150491,	Delta[d](10) = 0.0764914,	Delta[d](11) = 0.150491,	
	Delta[d](12) = 0.1801,	Delta[d](13) = 0.122927,	Delta[d](14) = 0.150491,	Delta[d](15) = 0.122927;	Delta[s+](0) = 0.530072,	
	Delta[s+](1) = 0.361456,	Delta[s+](2) = 0.222343,	Delta[s+](3) = 0.361456,	Delta[s+](4) = 0.361456,	Delta[s+](5) = 0.177163,	
	Delta[s+](6) = 0.0625326,	Delta[s+](7) = 0.177163,	Delta[s+](8) = 0.222343,	Delta[s+](9) = 0.0625326,	Delta[s+](10) = 0.0155957,	
	Delta[s+](11) = 0.0625326,	Delta[s+](12) = 0.361456,	Delta[s+](13) = 0.177163,	Delta[s+](14) = 0.0625326,	Delta[s+](15) = 0.177163
	
The 3-th iteration is completed.	|| time cost : 0h 1m 18.9s
********************************************************************************************************************
********************************************************************************************************************
Ground state is obtained after 4 iterations. The current ground-state energy is -15.1467, in which electron energy is -15.1467 and phonon energy is 4.52864e-07
Final variational state is: 
	Gamma_x = [      1, 1.0014, 1.0005, 1.0014, 1.0014,1.00043,1.00005,1.00043, 1.0005,1.00005,1.00006,1.00005, 1.0014,1.00043,1.00005,1.00043]
	lambda_q = [       0.35,  0.0155279, 0.00658769,  0.0155279,  0.0155279, 0.00609667, 0.00174304, 0.00609667, 0.00658769, 0.00174304,-0.00154352, 0.00174304,  0.0155279, 0.00609667, 0.00174304, 0.00609667]
Effective e-e interactions mediated by phonons are:
	momentum-space Vq = [     -0.0245, -0.00150457,-0.000386582, -0.00150457, -0.00150457,-0.000358366,-3.42531e-05,-0.000358366,-0.000386582,-3.42531e-05,-3.03939e-05,-3.42531e-05, -0.00150457,-0.000358366,-3.42531e-05,-0.000358366]
	real-space Vr = [-0.00205577,-0.00171314,-0.00149188,-0.00171314,-0.00171314,-0.00148483,-0.00134556,-0.00148483,-0.00149188,-0.00134556,-0.00128636,-0.00134556,-0.00171314,-0.00148483,-0.00134556,-0.00148483]
********************************************************************************************************************
o___o  ----------------------------------------
| L |	Time since last clock: 0h 0m 0.011s
A===A	Time since the beginning: 0h 4m 46.524s
***********************************************


Non-Gaussina ED ground state calculation is completed. The final ground-state energy is -15.1467
********************************************************************************************************************
o___o  ----------------------------------------
| L |	Time since last clock: 0h 0m 0.004s
A===A	Time since the beginning: 0h 4m 46.528s
***********************************************



********************************************************************************************************************
All non-Gaussian ED ground state calculations have been completed. Exit now.
