SNEDics v3.4 Non-Gaussian ED ground state program		Start at Sun Sep 22 02:58:05 2019

parallized on 16 MPI threads  * 8 OpenMP threads = 128 total threads.
********************************************************************************************************************
********************************************************************************************************************

********************************************************************************************************************
System parameters and configurations
********************************************************************************************************************
Special program options are enabled: splitted diagonal Hamiltonian
********************************************************************************************************************
Read input file "model_params.in"
	Hubbard-Holstein model parameters : 	t = 1    U = 8    g = 4.7434    W = 5    
********************************************************************************************************************
Read input file "hilbertspace_params.in"
	Requested 16-site 2D lattice, with 16 electrons (8, 8)
	Boundary : Periodic		Hilbert space representation : momentum-space (restricted to kIdx = 10)
	Conservation: particle number[U(1)]      spin[U(1)]     momentum
********************************************************************************************************************

Cluster Positions:				Cluster symmetry group : D4
 x ... x ... x ... x .....                       x ... x ... x ... x .....
 |           |           :                       |           |           :
 |           |           :                       |           |           :
12    13    14    15     x                       1     5     6     5     x
 |           |           :                       |           |           :
 |           |           :                       |           |           :
 8 --- 9 ---10 ---11 --- x                       2 --- 6 ---10 --- 6 --- x
 |           |           :                       |           |           :
 |           |           :                       |           |           :
 4     5     6     7     x                       1     5     6     5     x
 |           |           :                       |           |           :
 |           |           :                       |           |           :
 0 --- 1 --- 2 --- 3 --- x                       0 --- 1 --- 2 --- 1 --- x
orbital number : 1
********************************************************************************************************************
Read input file "obs_params.in"
	Observable Type : Nq(All),   Sq(All),   N(All),   Delta[s](All),   Delta[d](All),   Delta[s+](All)
********************************************************************************************************************
** WARNING ** the input observables have non-local factors which have been reinterpreted. The total observable number is 96
********************************************************************************************************************


********************************************************************************************************************
Start calculating the non-Gaussian ED ground state
** WARNING ** Detected low phonon energy W < 10. The initial state will be prepared through a warm-up process.
********************************************************************************************************************
Start warm-up calculation for scaling factor 2
open output files: NGSEDWarmUpW10Obs.txt
********************************************************************************************************************
Start the 0 rounds of NGS-ED iteration
	effective electronic model is modified as: kinetic energy t = 1
	                                           effective interaction Vq = [-0,-0,-0,-0,-0,-0,-0,-0,-0,-0,-0,-0,-0,-0,-0,-0]
	first Hamiltonian is constructed, non-zero numbers = 2845334624
	PARPACK diagonalization completed after 105 matrix-vector product operations.
	iteration results: : total energy is -8.284915 | electron energy -8.284915 + phonon energy 0.000000 | electron momentum kIdx = 10
	Nq(0) = 16,	Nq(1) = 0.0623747,	Nq(2) = 0.108897,	Nq(3) = 0.0623747,	Nq(4) = 0.0623747,	Nq(5) = 0.108897,	Nq(6) = 0.15084,	Nq(7) = 0.108897,	Nq(8) = 0.108897,	Nq(9) = 0.15084,	Nq(10) = 0.189673,	Nq(11) = 0.15084,	Nq(12) = 0.0623747,	Nq(13) = 0.108897,	Nq(14) = 0.15084,	Nq(15) = 0.108897,	Sq(0) = 3.91852e-19,	Sq(1) = 0.234593,	Sq(2) = 0.384437,	Sq(3) = 0.234593,	Sq(4) = 0.234593,	Sq(5) = 0.384437,	Sq(6) = 0.569544,	Sq(7) = 0.384437,	Sq(8) = 0.384437,	Sq(9) = 0.569544,	Sq(10) = 8.78091,	Sq(11) = 0.569544,	Sq(12) = 0.234593,	Sq(13) = 0.384437,	Sq(14) = 0.569544,	Sq(15) = 0.384437,	N(0) = 1.77141,	N(1) = 1.55608,	N(2) = 1,	N(3) = 1.55608,	N(4) = 1.55608,	N(5) = 1,	N(6) = 0.443921,	N(7) = 1,	N(8) = 1,	N(9) = 0.443921,	N(10) = 0.228587,	N(11) = 0.443921,	N(12) = 1.55608,	N(13) = 1,	N(14) = 0.443921,	N(15) = 1,	Delta[s](0) = 0.0817329,	Delta[s](1) = 0.0683877,	Delta[s](2) = 0.0539837,	Delta[s](3) = 0.0683877,	Delta[s](4) = 0.0683877,	Delta[s](5) = 0.0539837,	Delta[s](6) = 0.0380221,	Delta[s](7) = 0.0539837,	Delta[s](8) = 0.0539837,	Delta[s](9) = 0.0380221,	Delta[s](10) = 0.0166825,	Delta[s](11) = 0.0380221,	Delta[s](12) = 0.0683877,	Delta[s](13) = 0.0539837,	Delta[s](14) = 0.0380221,	Delta[s](15) = 0.0539837,	Delta[d](0) = 0.56448,	Delta[d](1) = 0.471428,	Delta[d](2) = 0.389915,	Delta[d](3) = 0.471428,	Delta[d](4) = 0.471428,	Delta[d](5) = 0.413308,	Delta[d](6) = 0.343341,	Delta[d](7) = 0.413308,	Delta[d](8) = 0.389915,	Delta[d](9) = 0.343341,	Delta[d](10) = 0.278441,	Delta[d](11) = 0.343341,	Delta[d](12) = 0.471428,	Delta[d](13) = 0.413308,	Delta[d](14) = 0.343341,	Delta[d](15) = 0.413308,	Delta[s+](0) = 0.604622,	Delta[s+](1) = 0.508047,	Delta[s+](2) = 0.389915,	Delta[s+](3) = 0.508047,	Delta[s+](4) = 0.508047,	Delta[s+](5) = 0.389915,	Delta[s+](6) = 0.270069,	Delta[s+](7) = 0.389915,	Delta[s+](8) = 0.389915,	Delta[s+](9) = 0.270069,	Delta[s+](10) = 0.160583,	Delta[s+](11) = 0.270069,	Delta[s+](12) = 0.508047,	Delta[s+](13) = 0.389915,	Delta[s+](14) = 0.270069,	Delta[s+](15) = 0.389915
The 0-th iteration is completed.	|| time cost : 0h 10m 52.11s
********************************************************************************************************************
Start the 1 rounds of NGS-ED iteration
	effective electronic model is modified as: kinetic energy t = 0.910149
	                                           effective interaction Vq = [-3.89096,-3.28617,-3.20664,-3.28617,-3.28617,-3.20664,-3.15695,-3.20664,-3.20664,-3.15695,-3.11905,-3.15695,-3.28617,-3.20664,-3.15695,-3.20664]
	PARPACK diagonalization completed after 45 matrix-vector product operations.
	iteration results: : total energy is -79.170839 | electron energy -79.175187 + phonon energy 0.004348 | electron momentum kIdx = 10
The 1-th iteration is completed.	|| time cost : 0h 9m 12.106s
********************************************************************************************************************
Start the 2 rounds of NGS-ED iteration
	effective electronic model is modified as: kinetic energy t = 0.826155
	                                           effective interaction Vq = [-4.41755,-4.14562,-3.99081,-4.14562,-4.14562,-3.99081,-3.97744,-3.99081,-3.99081,-3.97744,-3.90306,-3.97744,-4.14562,-3.99081,-3.97744,-3.99081]
	PARPACK diagonalization completed after 45 matrix-vector product operations.
	iteration results: : total energy is -90.534466 | electron energy -90.598190 + phonon energy 0.063725 | electron momentum kIdx = 10
The 2-th iteration is completed.	|| time cost : 0h 0m 43.028s
********************************************************************************************************************
Start the 3 rounds of NGS-ED iteration
	effective electronic model is modified as: kinetic energy t = 0.786496
	                                           effective interaction Vq = [-4.48881, -4.3641,-4.19743, -4.3641, -4.3641,-4.19743, -4.2284,-4.19743,-4.19743, -4.2284,-4.12621, -4.2284, -4.3641,-4.19743, -4.2284,-4.19743]
	PARPACK diagonalization completed after 45 matrix-vector product operations.
	iteration results: : total energy is -92.563239 | electron energy -92.691351 + phonon energy 0.128112 | electron momentum kIdx = 10
The 3-th iteration is completed.	|| time cost : 0h 0m 43.093s
********************************************************************************************************************
Start the 4 rounds of NGS-ED iteration
	effective electronic model is modified as: kinetic energy t = 0.760874
	                                           effective interaction Vq = [-4.49846,-4.41824, -4.3582,-4.41824,-4.41824, -4.3582,-4.30548, -4.3582, -4.3582,-4.30548,-4.20158,-4.30548,-4.41824, -4.3582,-4.30548, -4.3582]
	PARPACK diagonalization completed after 30 matrix-vector product operations.
	iteration results: : total energy is -93.048390 | electron energy -93.215351 + phonon energy 0.166961 | electron momentum kIdx = 10
The 4-th iteration is completed.	|| time cost : 0h 0m 36.076s
********************************************************************************************************************
Start the 5 rounds of NGS-ED iteration
	effective electronic model is modified as: kinetic energy t = 0.751361
	                                           effective interaction Vq = [-4.49976,-4.43306,-4.40384,-4.43306,-4.43306,-4.40384,-4.32955,-4.40384,-4.40384,-4.32955,-4.22678,-4.32955,-4.43306,-4.40384,-4.32955,-4.40384]
	PARPACK diagonalization completed after 30 matrix-vector product operations.
	iteration results: : total energy is -93.117062 | electron energy -93.302794 + phonon energy 0.185732 | electron momentum kIdx = 10
The 5-th iteration is completed.	|| time cost : 0h 0m 35.962s
********************************************************************************************************************
Start the 6 rounds of NGS-ED iteration
	effective electronic model is modified as: kinetic energy t = 0.747889
	                                           effective interaction Vq = [-4.49994,-4.43765,-4.41851,-4.43765,-4.43765,-4.41851,-4.33778,-4.41851,-4.41851,-4.33778, -4.2358,-4.33778,-4.43765,-4.41851,-4.33778,-4.41851]
	PARPACK diagonalization completed after 30 matrix-vector product operations.
	iteration results: : total energy is -93.126380 | electron energy -93.319582 + phonon energy 0.193203 | electron momentum kIdx = 10
The 6-th iteration is completed.	|| time cost : 0h 0m 36.472s
********************************************************************************************************************
Start the 7 rounds of NGS-ED iteration
	effective electronic model is modified as: kinetic energy t = 0.746632
	                                           effective interaction Vq = [-4.49996,-4.43915,-4.42356,-4.43915,-4.43915,-4.42356,-4.34071,-4.42356,-4.42356,-4.34071,-4.23913,-4.34071,-4.43915,-4.42356,-4.34071,-4.42356]
	PARPACK diagonalization completed after 30 matrix-vector product operations.
	iteration results: : total energy is -93.127620 | electron energy -93.323624 + phonon energy 0.196003 | electron momentum kIdx = 10
The 7-th iteration is completed.	|| time cost : 0h 0m 36.003s
********************************************************************************************************************
Start the 8 rounds of NGS-ED iteration
	effective electronic model is modified as: kinetic energy t = 0.746178
	                                           effective interaction Vq = [-4.49997,-4.43964,-4.42535,-4.43964,-4.43964,-4.42535,-4.34177,-4.42535,-4.42535,-4.34177,-4.24037,-4.34177,-4.43964,-4.42535,-4.34177,-4.42535]
	PARPACK diagonalization completed after 30 matrix-vector product operations.
	iteration results: : total energy is -93.127784 | electron energy -93.324816 + phonon energy 0.197032 | electron momentum kIdx = 10
The 8-th iteration is completed.	|| time cost : 0h 0m 36.147s
********************************************************************************************************************
Start the 9 rounds of NGS-ED iteration
	effective electronic model is modified as: kinetic energy t = 0.746014
	                                           effective interaction Vq = [-4.49997,-4.43981,-4.42599,-4.43981,-4.43981,-4.42599,-4.34215,-4.42599,-4.42599,-4.34215,-4.24083,-4.34215,-4.43981,-4.42599,-4.34215,-4.42599]
	PARPACK diagonalization completed after 30 matrix-vector product operations.
	iteration results: : total energy is -93.127806 | electron energy -93.325212 + phonon energy 0.197406 | electron momentum kIdx = 10
The 9-th iteration is completed.	|| time cost : 0h 0m 37.861s
********************************************************************************************************************
Start the 10 rounds of NGS-ED iteration
	effective electronic model is modified as: kinetic energy t = 0.745955
	                                           effective interaction Vq = [-4.49997,-4.43986,-4.42622,-4.43986,-4.43986,-4.42622,-4.34229,-4.42622,-4.42622,-4.34229,  -4.241,-4.34229,-4.43986,-4.42622,-4.34229,-4.42622]
	PARPACK diagonalization completed after 90 matrix-vector product operations.
	iteration results: : total energy is -93.365429 | electron energy -93.562971 + phonon energy 0.197543 | electron momentum kIdx = 10
	Nq(0) = 16,	Nq(1) = 0.387764,	Nq(2) = 0.787329,	Nq(3) = 0.387764,	Nq(4) = 0.387764,	Nq(5) = 0.787329,	Nq(6) = 0.637362,	Nq(7) = 0.787329,	Nq(8) = 0.787329,	Nq(9) = 0.637362,	Nq(10) = 0.906788,	Nq(11) = 0.637362,	Nq(12) = 0.387764,	Nq(13) = 0.787329,	Nq(14) = 0.637362,	Nq(15) = 0.787329,	Sq(0) = 4.36754e-18,	Sq(1) = 0.332811,	Sq(2) = 0.35621,	Sq(3) = 0.332811,	Sq(4) = 0.332811,	Sq(5) = 0.35621,	Sq(6) = 0.555539,	Sq(7) = 0.35621,	Sq(8) = 0.35621,	Sq(9) = 0.555539,	Sq(10) = 0.578074,	Sq(11) = 0.555539,	Sq(12) = 0.332811,	Sq(13) = 0.35621,	Sq(14) = 0.555539,	Sq(15) = 0.35621,	N(0) = 1.99663,	N(1) = 1.9911,	N(2) = 1,	N(3) = 1.9911,	N(4) = 1.9911,	N(5) = 1,	N(6) = 0.008903,	N(7) = 1,	N(8) = 1,	N(9) = 0.008903,	N(10) = 0.00336676,	N(11) = 0.008903,	N(12) = 1.9911,	N(13) = 1,	N(14) = 0.008903,	N(15) = 1,	Delta[s](0) = 0.391233,	Delta[s](1) = 0.31446,	Delta[s](2) = 0.286924,	Delta[s](3) = 0.31446,	Delta[s](4) = 0.31446,	Delta[s](5) = 0.286924,	Delta[s](6) = 0.272041,	Delta[s](7) = 0.286924,	Delta[s](8) = 0.286924,	Delta[s](9) = 0.272041,	Delta[s](10) = 0.40685,	Delta[s](11) = 0.272041,	Delta[s](12) = 0.31446,	Delta[s](13) = 0.286924,	Delta[s](14) = 0.272041,	Delta[s](15) = 0.286924,	Delta[d](0) = 0.335676,	Delta[d](1) = 0.287758,	Delta[d](2) = 0.263212,	Delta[d](3) = 0.287758,	Delta[d](4) = 0.287758,	Delta[d](5) = 0.261778,	Delta[d](6) = 0.250703,	Delta[d](7) = 0.261778,	Delta[d](8) = 0.263212,	Delta[d](9) = 0.250703,	Delta[d](10) = 0.188317,	Delta[d](11) = 0.250703,	Delta[d](12) = 0.287758,	Delta[d](13) = 0.261778,	Delta[d](14) = 0.250703,	Delta[d](15) = 0.261778,	Delta[s+](0) = 0.452956,	Delta[s+](1) = 0.375466,	Delta[s+](2) = 0.263212,	Delta[s+](3) = 0.375466,	Delta[s+](4) = 0.375466,	Delta[s+](5) = 0.263212,	Delta[s+](6) = 0.14531,	Delta[s+](7) = 0.263212,	Delta[s+](8) = 0.263212,	Delta[s+](9) = 0.14531,	Delta[s+](10) = 0.0628499,	Delta[s+](11) = 0.14531,	Delta[s+](12) = 0.375466,	Delta[s+](13) = 0.263212,	Delta[s+](14) = 0.14531,	Delta[s+](15) = 0.263212
The 10-th iteration is completed.	|| time cost : 0h 6m 20.508s
********************************************************************************************************************
Start the 11 rounds of NGS-ED iteration
	effective electronic model is modified as: kinetic energy t = 0.742751
	                                           effective interaction Vq = [-4.49997,-4.43593,-4.43574,-4.43593,-4.43593,-4.43574,-4.33568,-4.43574,-4.43574,-4.33568,-4.32832,-4.33568,-4.43593,-4.43574,-4.33568,-4.43574]
	PARPACK diagonalization completed after 45 matrix-vector product operations.
	iteration results: : total energy is -93.389000 | electron energy -93.590843 + phonon energy 0.201843 | electron momentum kIdx = 10
The 11-th iteration is completed.	|| time cost : 0h 0m 46.584s
********************************************************************************************************************
Start the 12 rounds of NGS-ED iteration
	effective electronic model is modified as: kinetic energy t = 0.741448
	                                           effective interaction Vq = [-4.49997,-4.43444,-4.43879,-4.43444,-4.43444,-4.43879,-4.33294,-4.43879,-4.43879,-4.33294,-4.36262,-4.33294,-4.43444,-4.43879,-4.33294,-4.43879]
	PARPACK diagonalization completed after 30 matrix-vector product operations.
	iteration results: : total energy is -93.394085 | electron energy -93.599312 + phonon energy 0.205227 | electron momentum kIdx = 10
The 12-th iteration is completed.	|| time cost : 0h 0m 36.211s
********************************************************************************************************************
Start the 13 rounds of NGS-ED iteration
	effective electronic model is modified as: kinetic energy t = 0.74083
	                                           effective interaction Vq = [-4.49997,-4.43402,-4.43953,-4.43402,-4.43402,-4.43953,-4.33204,-4.43953,-4.43953,-4.33204, -4.3793,-4.33204,-4.43402,-4.43953,-4.33204,-4.43953]
	PARPACK diagonalization completed after 45 matrix-vector product operations.
	iteration results: : total energy is -93.395631 | electron energy -93.602662 + phonon energy 0.207031 | electron momentum kIdx = 10
The 13-th iteration is completed.	|| time cost : 0h 0m 43.081s
********************************************************************************************************************
Start the 14 rounds of NGS-ED iteration
	effective electronic model is modified as: kinetic energy t = 0.740443
	                                           effective interaction Vq = [-4.49997,-4.43404,-4.43925,-4.43404,-4.43404,-4.43925,-4.33197,-4.43925,-4.43925,-4.33197,-4.39077,-4.33197,-4.43404,-4.43925,-4.33197,-4.43925]
	PARPACK diagonalization completed after 30 matrix-vector product operations.
	iteration results: : total energy is -93.396698 | electron energy -93.604814 + phonon energy 0.208117 | electron momentum kIdx = 10
The 14-th iteration is completed.	|| time cost : 0h 0m 36.182s
********************************************************************************************************************
Start the 15 rounds of NGS-ED iteration
	effective electronic model is modified as: kinetic energy t = 0.740073
	                                           effective interaction Vq = [-4.49997,-4.43429,-4.43803,-4.43429,-4.43429,-4.43803,-4.33239,-4.43803,-4.43803,-4.33239,-4.40363,-4.33239,-4.43429,-4.43803,-4.33239,-4.43803]
	PARPACK diagonalization completed after 45 matrix-vector product operations.
	iteration results: : total energy is -93.399573 | electron energy -93.608673 + phonon energy 0.209100 | electron momentum kIdx = 10
The 15-th iteration is completed.	|| time cost : 0h 0m 42.956s
********************************************************************************************************************
Start the 16 rounds of NGS-ED iteration
	effective electronic model is modified as: kinetic energy t = 0.73961
	                                           effective interaction Vq = [-4.49997,-4.43479,-4.43203,-4.43479,-4.43479,-4.43203,-4.33347,-4.43203,-4.43203,-4.33347,-4.43272,-4.33347,-4.43479,-4.43203,-4.33347,-4.43203]
	PARPACK diagonalization completed after 45 matrix-vector product operations.
	iteration results: : total energy is -93.454186 | electron energy -93.665032 + phonon energy 0.210846 | electron momentum kIdx = 10
The 16-th iteration is completed.	|| time cost : 0h 0m 43.083s
********************************************************************************************************************
Start the 17 rounds of NGS-ED iteration
	effective electronic model is modified as: kinetic energy t = 0.748742
	                                           effective interaction Vq = [-4.49997,-4.43004,-4.35194,-4.43004,-4.43004,-4.35194,-4.32709,-4.35194,-4.35194,-4.32709,-4.47715,-4.32709,-4.43004,-4.35194,-4.32709,-4.35194]
	PARPACK diagonalization completed after 30 matrix-vector product operations.
	iteration results: : total energy is -93.645992 | electron energy -93.853520 + phonon energy 0.207528 | electron momentum kIdx = 10
The 17-th iteration is completed.	|| time cost : 0h 0m 36.047s
********************************************************************************************************************
Start the 18 rounds of NGS-ED iteration
	effective electronic model is modified as: kinetic energy t = 0.754359
	                                           effective interaction Vq = [-4.49997,-4.42197,-4.30178,-4.42197,-4.42197,-4.30178,-4.31601,-4.30178,-4.30178,-4.31601,-4.48788,-4.31601,-4.42197,-4.30178,-4.31601,-4.30178]
	PARPACK diagonalization completed after 30 matrix-vector product operations.
	iteration results: : total energy is -93.680916 | electron energy -93.884051 + phonon energy 0.203134 | electron momentum kIdx = 10
The 18-th iteration is completed.	|| time cost : 0h 0m 36.734s
********************************************************************************************************************
Start the 19 rounds of NGS-ED iteration
	effective electronic model is modified as: kinetic energy t = 0.75675
	                                           effective interaction Vq = [-4.49997,-4.41697, -4.2814,-4.41697,-4.41697, -4.2814,-4.30923, -4.2814, -4.2814,-4.30923,-4.49081,-4.30923,-4.41697, -4.2814,-4.30923, -4.2814]
	PARPACK diagonalization completed after 30 matrix-vector product operations.
	iteration results: : total energy is -93.685847 | electron energy -93.886288 + phonon energy 0.200440 | electron momentum kIdx = 10
The 19-th iteration is completed.	|| time cost : 0h 0m 36.305s
********************************************************************************************************************
Start the 20 rounds of NGS-ED iteration
	effective electronic model is modified as: kinetic energy t = 0.757767
	                                           effective interaction Vq = [-4.49997, -4.4144,-4.27352, -4.4144, -4.4144,-4.27352,-4.30573,-4.27352,-4.27352,-4.30573,-4.49173,-4.30573, -4.4144,-4.27352,-4.30573,-4.27352]
	PARPACK diagonalization completed after 30 matrix-vector product operations.
	iteration results: : total energy is -93.686571 | electron energy -93.885662 + phonon energy 0.199091 | electron momentum kIdx = 10
	Nq(0) = 16,	Nq(1) = 0.332952,	Nq(2) = 0.360706,	Nq(3) = 0.332952,	Nq(4) = 0.332952,	Nq(5) = 0.360706,	Nq(6) = 0.5817,	Nq(7) = 0.360706,	Nq(8) = 0.360706,	Nq(9) = 0.5817,	Nq(10) = 4.39902,	Nq(11) = 0.5817,	Nq(12) = 0.332952,	Nq(13) = 0.360706,	Nq(14) = 0.5817,	Nq(15) = 0.360706,	Sq(0) = 9.65736e-18,	Sq(1) = 0.284983,	Sq(2) = 0.337821,	Sq(3) = 0.284983,	Sq(4) = 0.284983,	Sq(5) = 0.337821,	Sq(6) = 0.510584,	Sq(7) = 0.337821,	Sq(8) = 0.337821,	Sq(9) = 0.510584,	Sq(10) = 0.568943,	Sq(11) = 0.510584,	Sq(12) = 0.284983,	Sq(13) = 0.337821,	Sq(14) = 0.510584,	Sq(15) = 0.337821,	N(0) = 1.99224,	N(1) = 1.9776,	N(2) = 1,	N(3) = 1.9776,	N(4) = 1.9776,	N(5) = 1,	N(6) = 0.0223998,	N(7) = 1,	N(8) = 1,	N(9) = 0.0223998,	N(10) = 0.00775923,	N(11) = 0.0223998,	N(12) = 1.9776,	N(13) = 1,	N(14) = 0.0223998,	N(15) = 1,	Delta[s](0) = 0.400539,	Delta[s](1) = 0.33349,	Delta[s](2) = 0.325162,	Delta[s](3) = 0.33349,	Delta[s](4) = 0.33349,	Delta[s](5) = 0.325162,	Delta[s](6) = 0.287696,	Delta[s](7) = 0.325162,	Delta[s](8) = 0.325162,	Delta[s](9) = 0.287696,	Delta[s](10) = 0.274674,	Delta[s](11) = 0.287696,	Delta[s](12) = 0.33349,	Delta[s](13) = 0.325162,	Delta[s](14) = 0.287696,	Delta[s](15) = 0.325162,	Delta[d](0) = 0.228325,	Delta[d](1) = 0.227525,	Delta[d](2) = 0.227453,	Delta[d](3) = 0.227525,	Delta[d](4) = 0.227525,	Delta[d](5) = 0.154729,	Delta[d](6) = 0.189563,	Delta[d](7) = 0.154729,	Delta[d](8) = 0.227453,	Delta[d](9) = 0.189563,	Delta[d](10) = 0.0810772,	Delta[d](11) = 0.189563,	Delta[d](12) = 0.227525,	Delta[d](13) = 0.154729,	Delta[d](14) = 0.189563,	Delta[d](15) = 0.154729,	Delta[s+](0) = 0.434279,	Delta[s+](1) = 0.34356,	Delta[s+](2) = 0.227453,	Delta[s+](3) = 0.34356,	Delta[s+](4) = 0.34356,	Delta[s+](5) = 0.227453,	Delta[s+](6) = 0.111845,	Delta[s+](7) = 0.227453,	Delta[s+](8) = 0.227453,	Delta[s+](9) = 0.111845,	Delta[s+](10) = 0.0463282,	Delta[s+](11) = 0.111845,	Delta[s+](12) = 0.34356,	Delta[s+](13) = 0.227453,	Delta[s+](14) = 0.111845,	Delta[s+](15) = 0.227453
The 20-th iteration is completed.	|| time cost : 0h 5m 39.386s
********************************************************************************************************************
Start the 21 rounds of NGS-ED iteration
	effective electronic model is modified as: kinetic energy t = 0.758198
	                                           effective interaction Vq = [-4.49997,-4.41318, -4.2705,-4.41318,-4.41318, -4.2705,-4.30404, -4.2705, -4.2705,-4.30404,-4.49205,-4.30404,-4.41318, -4.2705,-4.30404, -4.2705]
	PARPACK diagonalization completed after 30 matrix-vector product operations.
	iteration results: : total energy is -93.686683 | electron energy -93.885139 + phonon energy 0.198456 | electron momentum kIdx = 10
The 21-th iteration is completed.	|| time cost : 0h 0m 36.228s
********************************************************************************************************************
Start the 22 rounds of NGS-ED iteration
	effective electronic model is modified as: kinetic energy t = 0.758381
	                                           effective interaction Vq = [-4.49997,-4.41263,-4.26935,-4.41263,-4.41263,-4.26935,-4.30325,-4.26935,-4.26935,-4.30325,-4.49216,-4.30325,-4.41263,-4.26935,-4.30325,-4.26935]
	PARPACK diagonalization completed after 30 matrix-vector product operations.
	iteration results: : total energy is -93.686701 | electron energy -93.884868 + phonon energy 0.198168 | electron momentum kIdx = 10
The 22-th iteration is completed.	|| time cost : 0h 0m 36.253s
********************************************************************************************************************
Start the 23 rounds of NGS-ED iteration
	effective electronic model is modified as: kinetic energy t = 0.758458
	                                           effective interaction Vq = [-4.49997,-4.41238, -4.2689,-4.41238,-4.41238, -4.2689,-4.30289, -4.2689, -4.2689,-4.30289, -4.4922,-4.30289,-4.41238, -4.2689,-4.30289, -4.2689]
	PARPACK diagonalization completed after 30 matrix-vector product operations.
	iteration results: : total energy is -93.686704 | electron energy -93.884743 + phonon energy 0.198039 | electron momentum kIdx = 10
	Nq(0) = 16,	Nq(1) = 0.33217,	Nq(2) = 0.360146,	Nq(3) = 0.33217,	Nq(4) = 0.33217,	Nq(5) = 0.360146,	Nq(6) = 0.580591,	Nq(7) = 0.360146,	Nq(8) = 0.360146,	Nq(9) = 0.580591,	Nq(10) = 4.41172,	Nq(11) = 0.580591,	Nq(12) = 0.33217,	Nq(13) = 0.360146,	Nq(14) = 0.580591,	Nq(15) = 0.360146,	Sq(0) = 1.82418e-18,	Sq(1) = 0.284738,	Sq(2) = 0.337736,	Sq(3) = 0.284738,	Sq(4) = 0.284738,	Sq(5) = 0.337736,	Sq(6) = 0.510479,	Sq(7) = 0.337736,	Sq(8) = 0.337736,	Sq(9) = 0.510479,	Sq(10) = 0.569075,	Sq(11) = 0.510479,	Sq(12) = 0.284738,	Sq(13) = 0.337736,	Sq(14) = 0.510479,	Sq(15) = 0.337736,	N(0) = 1.99218,	N(1) = 1.97741,	N(2) = 1,	N(3) = 1.97741,	N(4) = 1.97741,	N(5) = 1,	N(6) = 0.022592,	N(7) = 1,	N(8) = 1,	N(9) = 0.022592,	N(10) = 0.00781918,	N(11) = 0.022592,	N(12) = 1.97741,	N(13) = 1,	N(14) = 0.022592,	N(15) = 1,	Delta[s](0) = 0.400348,	Delta[s](1) = 0.333579,	Delta[s](2) = 0.325202,	Delta[s](3) = 0.333579,	Delta[s](4) = 0.333579,	Delta[s](5) = 0.325202,	Delta[s](6) = 0.287788,	Delta[s](7) = 0.325202,	Delta[s](8) = 0.325202,	Delta[s](9) = 0.287788,	Delta[s](10) = 0.274788,	Delta[s](11) = 0.287788,	Delta[s](12) = 0.333579,	Delta[s](13) = 0.325202,	Delta[s](14) = 0.287788,	Delta[s](15) = 0.325202,	Delta[d](0) = 0.228128,	Delta[d](1) = 0.227259,	Delta[d](2) = 0.227299,	Delta[d](3) = 0.227259,	Delta[d](4) = 0.227259,	Delta[d](5) = 0.154512,	Delta[d](6) = 0.189273,	Delta[d](7) = 0.154512,	Delta[d](8) = 0.227299,	Delta[d](9) = 0.189273,	Delta[d](10) = 0.0808398,	Delta[d](11) = 0.189273,	Delta[d](12) = 0.227259,	Delta[d](13) = 0.154512,	Delta[d](14) = 0.189273,	Delta[d](15) = 0.154512,	Delta[s+](0) = 0.434326,	Delta[s+](1) = 0.343463,	Delta[s+](2) = 0.227299,	Delta[s+](3) = 0.343463,	Delta[s+](4) = 0.343463,	Delta[s+](5) = 0.227299,	Delta[s+](6) = 0.111638,	Delta[s+](7) = 0.227299,	Delta[s+](8) = 0.227299,	Delta[s+](9) = 0.111638,	Delta[s+](10) = 0.0461865,	Delta[s+](11) = 0.111638,	Delta[s+](12) = 0.343463,	Delta[s+](13) = 0.227299,	Delta[s+](14) = 0.111638,	Delta[s+](15) = 0.227299
The 23-th iteration is completed.	|| time cost : 0h 5m 38.853s
********************************************************************************************************************
********************************************************************************************************************
Ground state is obtained after 24 iterations. The current ground-state energy is -93.6867, in which electron energy is -93.8847 and phonon energy is 0.198039
final variational state is: 
	Gamma_x = [      1,1.03657,1.05845,1.03657,1.03657,1.05845,1.09025,1.05845,1.05845,1.09025,1.17031,1.09025,1.03657,1.05845,1.09025,1.05845]
	lambda_q = [0.670818,0.577174,0.518752,0.577174,0.577174,0.518752,0.530377,0.518752,0.518752,0.530377, 0.64297,0.530377,0.577174,0.518752,0.530377,0.518752]
********************************************************************************************************************
o___o  ----------------------------------------
| L |	Time since last clock: 0h 0m 0s
A===A	Time since the beginning: 0h 49m 57.282s
***********************************************


********************************************************************************************************************
Warm up runs have been completed. Start calculating W = 5 phonon.
open output files: NGSEDIterationObs.txt
********************************************************************************************************************
Start the 0 rounds of NGS-ED iteration
	effective electronic model is modified as: kinetic energy t = 0.758491
	                                           effective interaction Vq = [-4.11393,-3.80989,-3.57578,-3.80989,-3.80989,-3.57578,-3.62508,-3.57578,-3.57578,-3.62508,-4.03268,-3.62508,-3.80989,-3.57578,-3.62508,-3.57578]
	PARPACK diagonalization completed after 45 matrix-vector product operations.
	iteration results: : total energy is -81.984384 | electron energy -82.083376 + phonon energy 0.098992 | electron momentum kIdx = 10
	Nq(0) = 16,	Nq(1) = 0.333369,	Nq(2) = 0.342509,	Nq(3) = 0.333369,	Nq(4) = 0.333369,	Nq(5) = 0.342509,	Nq(6) = 0.534858,	Nq(7) = 0.342509,	Nq(8) = 0.342509,	Nq(9) = 0.534858,	Nq(10) = 3.59245,	Nq(11) = 0.534858,	Nq(12) = 0.333369,	Nq(13) = 0.342509,	Nq(14) = 0.534858,	Nq(15) = 0.342509,	Sq(0) = -2.38438e-18,	Sq(1) = 0.360105,	Sq(2) = 0.376158,	Sq(3) = 0.360105,	Sq(4) = 0.360105,	Sq(5) = 0.376158,	Sq(6) = 0.632544,	Sq(7) = 0.376158,	Sq(8) = 0.376158,	Sq(9) = 0.632544,	Sq(10) = 0.652048,	Sq(11) = 0.632544,	Sq(12) = 0.360105,	Sq(13) = 0.376158,	Sq(14) = 0.632544,	Sq(15) = 0.376158,	N(0) = 1.99515,	N(1) = 1.99144,	N(2) = 1,	N(3) = 1.99144,	N(4) = 1.99144,	N(5) = 1,	N(6) = 0.00855738,	N(7) = 1,	N(8) = 1,	N(9) = 0.00855738,	N(10) = 0.0048497,	N(11) = 0.00855738,	N(12) = 1.99144,	N(13) = 1,	N(14) = 0.00855738,	N(15) = 1,	Delta[s](0) = 0.33189,	Delta[s](1) = 0.294926,	Delta[s](2) = 0.289633,	Delta[s](3) = 0.294926,	Delta[s](4) = 0.294926,	Delta[s](5) = 0.289633,	Delta[s](6) = 0.263152,	Delta[s](7) = 0.289633,	Delta[s](8) = 0.289633,	Delta[s](9) = 0.263152,	Delta[s](10) = 0.258203,	Delta[s](11) = 0.263152,	Delta[s](12) = 0.294926,	Delta[s](13) = 0.289633,	Delta[s](14) = 0.263152,	Delta[s](15) = 0.289633,	Delta[d](0) = 0.248936,	Delta[d](1) = 0.25775,	Delta[d](2) = 0.257206,	Delta[d](3) = 0.25775,	Delta[d](4) = 0.25775,	Delta[d](5) = 0.175151,	Delta[d](6) = 0.217154,	Delta[d](7) = 0.175151,	Delta[d](8) = 0.257206,	Delta[d](9) = 0.217154,	Delta[d](10) = 0.101366,	Delta[d](11) = 0.217154,	Delta[d](12) = 0.25775,	Delta[d](13) = 0.175151,	Delta[d](14) = 0.217154,	Delta[d](15) = 0.175151,	Delta[s+](0) = 0.493958,	Delta[s+](1) = 0.386186,	Delta[s+](2) = 0.257206,	Delta[s+](3) = 0.386186,	Delta[s+](4) = 0.386186,	Delta[s+](5) = 0.257206,	Delta[s+](6) = 0.131471,	Delta[s+](7) = 0.257206,	Delta[s+](8) = 0.257206,	Delta[s+](9) = 0.131471,	Delta[s+](10) = 0.0580831,	Delta[s+](11) = 0.131471,	Delta[s+](12) = 0.386186,	Delta[s+](13) = 0.257206,	Delta[s+](14) = 0.131471,	Delta[s+](15) = 0.257206
The 0-th iteration is completed.	|| time cost : 0h 5m 44.544s
********************************************************************************************************************
Start the 1 rounds of NGS-ED iteration
	effective electronic model is modified as: kinetic energy t = 0.726338
	                                           effective interaction Vq = [-4.35795,-4.05305,-3.75798,-4.05305,-4.05305,-3.75798,-3.81747,-3.75798,-3.75798,-3.81747,-4.30882,-3.81747,-4.05305,-3.75798,-3.81747,-3.75798]
	PARPACK diagonalization completed after 30 matrix-vector product operations.
	iteration results: : total energy is -87.158734 | electron energy -87.456811 + phonon energy 0.298076 | electron momentum kIdx = 10
The 1-th iteration is completed.	|| time cost : 0h 0m 36.164s
********************************************************************************************************************
Start the 2 rounds of NGS-ED iteration
	effective electronic model is modified as: kinetic energy t = 0.708954
	                                           effective interaction Vq = [-4.44772,-4.14584,-3.84447,-4.14584,-4.14584,-3.84447,-3.90332,-3.84447,-3.84447,-3.90332,-4.42374,-3.90332,-4.14584,-3.84447,-3.90332,-3.84447]
	PARPACK diagonalization completed after 30 matrix-vector product operations.
	iteration results: : total energy is -89.095881 | electron energy -89.525701 + phonon energy 0.429820 | electron momentum kIdx = 10
The 2-th iteration is completed.	|| time cost : 0h 0m 35.989s
********************************************************************************************************************
Start the 3 rounds of NGS-ED iteration
	effective electronic model is modified as: kinetic energy t = 0.700764
	                                           effective interaction Vq = [-4.48075, -4.1778,-3.88298, -4.1778, -4.1778,-3.88298,-3.93742,-3.88298,-3.88298,-3.93742,-4.46605,-3.93742, -4.1778,-3.88298,-3.93742,-3.88298]
	PARPACK diagonalization completed after 30 matrix-vector product operations.
	iteration results: : total energy is -89.780315 | electron energy -90.277465 + phonon energy 0.497150 | electron momentum kIdx = 10
The 3-th iteration is completed.	|| time cost : 0h 0m 36.234s
********************************************************************************************************************
Start the 4 rounds of NGS-ED iteration
	effective electronic model is modified as: kinetic energy t = 0.697039
	                                           effective interaction Vq = [ -4.4929,-4.18832,-3.90047,-4.18832,-4.18832,-3.90047,-3.95086,-3.90047,-3.90047,-3.95086,-4.48153,-3.95086,-4.18832,-3.90047,-3.95086,-3.90047]
	PARPACK diagonalization completed after 30 matrix-vector product operations.
	iteration results: : total energy is -90.016835 | electron energy -90.546314 + phonon energy 0.529480 | electron momentum kIdx = 10
The 4-th iteration is completed.	|| time cost : 0h 0m 36.084s
********************************************************************************************************************
Start the 5 rounds of NGS-ED iteration
	effective electronic model is modified as: kinetic energy t = 0.695334
	                                           effective interaction Vq = [-4.49737,-4.19161,-3.90882,-4.19161,-4.19161,-3.90882,-3.95634,-3.90882,-3.90882,-3.95634,-4.48756,-3.95634,-4.19161,-3.90882,-3.95634,-3.90882]
	PARPACK diagonalization completed after 30 matrix-vector product operations.
	iteration results: : total energy is -90.098898 | electron energy -90.643877 + phonon energy 0.544979 | electron momentum kIdx = 10
The 5-th iteration is completed.	|| time cost : 0h 0m 36.155s
********************************************************************************************************************
Start the 6 rounds of NGS-ED iteration
	effective electronic model is modified as: kinetic energy t = 0.694547
	                                           effective interaction Vq = [-4.49901,-4.19246,-3.91297,-4.19246,-4.19246,-3.91297,-3.95862,-3.91297,-3.91297,-3.95862,-4.49009,-3.95862,-4.19246,-3.91297,-3.95862,-3.91297]
	PARPACK diagonalization completed after 30 matrix-vector product operations.
	iteration results: : total energy is -90.127751 | electron energy -90.680171 + phonon energy 0.552420 | electron momentum kIdx = 10
The 6-th iteration is completed.	|| time cost : 0h 0m 36.041s
********************************************************************************************************************
Start the 7 rounds of NGS-ED iteration
	effective electronic model is modified as: kinetic energy t = 0.694184
	                                           effective interaction Vq = [-4.49962,-4.19251,-3.91508,-4.19251,-4.19251,-3.91508,-3.95954,-3.91508,-3.91508,-3.95954,-4.49121,-3.95954,-4.19251,-3.91508,-3.95954,-3.91508]
	PARPACK diagonalization completed after 30 matrix-vector product operations.
	iteration results: : total energy is -90.138032 | electron energy -90.694009 + phonon energy 0.555977 | electron momentum kIdx = 10
The 7-th iteration is completed.	|| time cost : 0h 0m 35.931s
********************************************************************************************************************
Start the 8 rounds of NGS-ED iteration
	effective electronic model is modified as: kinetic energy t = 0.694019
	                                           effective interaction Vq = [-4.49984,-4.19233,-3.91616,-4.19233,-4.19233,-3.91616,-3.95989,-3.91616,-3.91616,-3.95989,-4.49174,-3.95989,-4.19233,-3.91616,-3.95989,-3.91616]
	PARPACK diagonalization completed after 30 matrix-vector product operations.
	iteration results: : total energy is -90.141735 | electron energy -90.699395 + phonon energy 0.557661 | electron momentum kIdx = 10
The 8-th iteration is completed.	|| time cost : 0h 0m 36.199s
********************************************************************************************************************
Start the 9 rounds of NGS-ED iteration
	effective electronic model is modified as: kinetic energy t = 0.693946
	                                           effective interaction Vq = [-4.49992,-4.19213, -3.9167,-4.19213,-4.19213, -3.9167,-3.95999, -3.9167, -3.9167,-3.95999,-4.49198,-3.95999,-4.19213, -3.9167,-3.95999, -3.9167]
	PARPACK diagonalization completed after 30 matrix-vector product operations.
	iteration results: : total energy is -90.143078 | electron energy -90.701525 + phonon energy 0.558447 | electron momentum kIdx = 10
The 9-th iteration is completed.	|| time cost : 0h 0m 36.362s
********************************************************************************************************************
Start the 10 rounds of NGS-ED iteration
	effective electronic model is modified as: kinetic energy t = 0.693917
	                                           effective interaction Vq = [-4.49995,-4.19195,-3.91698,-4.19195,-4.19195,-3.91698,-3.95999,-3.91698,-3.91698,-3.95999, -4.4921,-3.95999,-4.19195,-3.91698,-3.95999,-3.91698]
	PARPACK diagonalization completed after 30 matrix-vector product operations.
	iteration results: : total energy is -90.143568 | electron energy -90.702375 + phonon energy 0.558807 | electron momentum kIdx = 10
