SNEDics v3.4 Non-Gaussian ED ground state program		Start at Fri Sep 27 00:08:47 2019

parallized on 16 MPI threads  * 8 OpenMP threads = 128 total threads.
********************************************************************************************************************
********************************************************************************************************************

********************************************************************************************************************
System parameters and configurations
********************************************************************************************************************
Special program options are enabled: splitted diagonal Hamiltonian
********************************************************************************************************************
Read input file "model_params.in"
	Hubbard-Holstein model parameters : 	t = 1    U = 7    g = 2.7386    W = 5    
********************************************************************************************************************
Read input file "hilbertspace_params.in"
	Requested 16-site 2D lattice, with 12 electrons (6, 6)
	Boundary : Periodic		Hilbert space representation : momentum-space (restricted to kIdx = 0)
	Conservation: particle number[U(1)]      spin[U(1)]     momentum
********************************************************************************************************************

Cluster Positions:				Cluster symmetry group : D4
 x ... x ... x ... x .....                       x ... x ... x ... x .....
 |           |           :                       |           |           :
 |           |           :                       |           |           :
12    13    14    15     x                       1     5     6     5     x
 |           |           :                       |           |           :
 |           |           :                       |           |           :
 8 --- 9 ---10 ---11 --- x                       2 --- 6 ---10 --- 6 --- x
 |           |           :                       |           |           :
 |           |           :                       |           |           :
 4     5     6     7     x                       1     5     6     5     x
 |           |           :                       |           |           :
 |           |           :                       |           |           :
 0 --- 1 --- 2 --- 3 --- x                       0 --- 1 --- 2 --- 1 --- x
orbital number : 1
********************************************************************************************************************
Read input file "obs_params.in"
	Observable Type : Nq(All),   Sq(All),   N(All),   Delta[s](All),   Delta[d](All),   Delta[s+](All)
********************************************************************************************************************
** WARNING ** the input observables have non-local factors which have been reinterpreted. The total observable number is 96
********************************************************************************************************************


********************************************************************************************************************
Start calculating the non-Gaussian ED ground state
** WARNING ** Detected low phonon energy W < 10. The initial state will be prepared through a warm-up process.
********************************************************************************************************************
Start warm-up calculation for scaling factor 2
open output files: NGSEDWarmUpW10Obs.txt
********************************************************************************************************************
Start the 0 rounds of NGS-ED iteration
	effective electronic model is modified as: kinetic energy t = 1
	                                           effective interaction Vq = [-0,-0,-0,-0,-0,-0,-0,-0,-0,-0,-0,-0,-0,-0,-0,-0]
	first Hamiltonian is constructed, non-zero numbers = 969134044
	PARPACK diagonalization completed after 150 matrix-vector product operations.
	iteration results: : total energy is -15.425223 | electron energy -15.425223 + phonon energy 0.000000 | electron momentum kIdx = 0
	Nq(0) = 9,	Nq(1) = 0.201482,	Nq(2) = 0.276615,	Nq(3) = 0.201482,	Nq(4) = 0.201482,	Nq(5) = 0.255504,	Nq(6) = 0.331249,	Nq(7) = 0.255504,	Nq(8) = 0.276615,	Nq(9) = 0.331249,	Nq(10) = 0.394673,	Nq(11) = 0.331249,	Nq(12) = 0.201482,	Nq(13) = 0.255504,	Nq(14) = 0.331249,	Nq(15) = 0.255504,	Sq(0) = -1.69079e-18,	Sq(1) = 0.544222,	Sq(2) = 0.422607,	Sq(3) = 0.544222,	Sq(4) = 0.544222,	Sq(5) = 0.784586,	Sq(6) = 0.988954,	Sq(7) = 0.784586,	Sq(8) = 0.422607,	Sq(9) = 0.988954,	Sq(10) = 0.782889,	Sq(11) = 0.988954,	Sq(12) = 0.544222,	Sq(13) = 0.784586,	Sq(14) = 0.988954,	Sq(15) = 0.784586,	N(0) = 1.8036,	N(1) = 1.6739,	N(2) = 0.731522,	N(3) = 1.6739,	N(4) = 1.6739,	N(5) = 0.363501,	N(6) = 0.125952,	N(7) = 0.363501,	N(8) = 0.731522,	N(9) = 0.125952,	N(10) = 0.0799487,	N(11) = 0.125952,	N(12) = 1.6739,	N(13) = 0.363501,	N(14) = 0.125952,	N(15) = 0.363501,	Delta[s](0) = 0.0721073,	Delta[s](1) = 0.0514259,	Delta[s](2) = 0.0369728,	Delta[s](3) = 0.0514259,	Delta[s](4) = 0.0514259,	Delta[s](5) = 0.0334423,	Delta[s](6) = 0.0149355,	Delta[s](7) = 0.0334423,	Delta[s](8) = 0.0369728,	Delta[s](9) = 0.0149355,	Delta[s](10) = 0.00515562,	Delta[s](11) = 0.0149355,	Delta[s](12) = 0.0514259,	Delta[s](13) = 0.0334423,	Delta[s](14) = 0.0149355,	Delta[s](15) = 0.0334423,	Delta[d](0) = 0.227607,	Delta[d](1) = 0.179716,	Delta[d](2) = 0.223058,	Delta[d](3) = 0.179716,	Delta[d](4) = 0.179716,	Delta[d](5) = 0.125009,	Delta[d](6) = 0.150718,	Delta[d](7) = 0.125009,	Delta[d](8) = 0.223058,	Delta[d](9) = 0.150718,	Delta[d](10) = 0.0749288,	Delta[d](11) = 0.150718,	Delta[d](12) = 0.179716,	Delta[d](13) = 0.125009,	Delta[d](14) = 0.150718,	Delta[d](15) = 0.125009,	Delta[s+](0) = 0.528629,	Delta[s+](1) = 0.361122,	Delta[s+](2) = 0.223058,	Delta[s+](3) = 0.361122,	Delta[s+](4) = 0.361122,	Delta[s+](5) = 0.177869,	Delta[s+](6) = 0.0641774,	Delta[s+](7) = 0.177869,	Delta[s+](8) = 0.223058,	Delta[s+](9) = 0.0641774,	Delta[s+](10) = 0.0174782,	Delta[s+](11) = 0.0641774,	Delta[s+](12) = 0.361122,	Delta[s+](13) = 0.177869,	Delta[s+](14) = 0.0641774,	Delta[s+](15) = 0.177869
The 0-th iteration is completed.	|| time cost : 0h 2m 59.828s
********************************************************************************************************************
Start the 1 rounds of NGS-ED iteration
	effective electronic model is modified as: kinetic energy t = 0.959886
	                                           effective interaction Vq = [-1.29698,-1.21226,-1.17429,-1.21226,-1.21226,-1.16426, -1.1443,-1.16426,-1.17429, -1.1443,-1.12706, -1.1443,-1.21226,-1.16426, -1.1443,-1.16426]
	PARPACK diagonalization completed after 45 matrix-vector product operations.
	iteration results: : total energy is -31.388902 | electron energy -31.390235 + phonon energy 0.001332 | electron momentum kIdx = 0
The 1-th iteration is completed.	|| time cost : 0h 2m 32.482s
********************************************************************************************************************
Start the 2 rounds of NGS-ED iteration
	effective electronic model is modified as: kinetic energy t = 0.937981
	                                           effective interaction Vq = [-1.47251,-1.38852,-1.33839,-1.38852,-1.38852,-1.32521,-1.30559,-1.32521,-1.33839,-1.30559,-1.28997,-1.30559,-1.38852,-1.32521,-1.30559,-1.32521]
	PARPACK diagonalization completed after 45 matrix-vector product operations.
	iteration results: : total energy is -33.281966 | electron energy -33.290227 + phonon energy 0.008260 | electron momentum kIdx = 0
The 2-th iteration is completed.	|| time cost : 0h 0m 10.466s
********************************************************************************************************************
Start the 3 rounds of NGS-ED iteration
	effective electronic model is modified as: kinetic energy t = 0.931505
	                                           effective interaction Vq = [-1.49627,-1.42542,-1.37278,-1.42542,-1.42542,-1.35867,-1.33961,-1.35867,-1.37278,-1.33961,-1.32492,-1.33961,-1.42542,-1.35867,-1.33961,-1.35867]
	PARPACK diagonalization completed after 30 matrix-vector product operations.
	iteration results: : total energy is -33.519565 | electron energy -33.532626 + phonon energy 0.013061 | electron momentum kIdx = 0
The 3-th iteration is completed.	|| time cost : 0h 0m 8.968s
********************************************************************************************************************
Start the 4 rounds of NGS-ED iteration
	effective electronic model is modified as: kinetic energy t = 0.929722
	                                           effective interaction Vq = [-1.49948,  -1.435,-1.38137,  -1.435,  -1.435,-1.36689,-1.34798,-1.36689,-1.38137,-1.34798,-1.33358,-1.34798,  -1.435,-1.36689,-1.34798,-1.36689]
	PARPACK diagonalization completed after 30 matrix-vector product operations.
	iteration results: : total energy is -33.550332 | electron energy -33.565169 + phonon energy 0.014837 | electron momentum kIdx = 0
The 4-th iteration is completed.	|| time cost : 0h 0m 8.959s
********************************************************************************************************************
Start the 5 rounds of NGS-ED iteration
	effective electronic model is modified as: kinetic energy t = 0.929236
	                                           effective interaction Vq = [-1.49992,-1.43773,-1.38364,-1.43773,-1.43773,-1.36902,-1.35014,-1.36902,-1.38364,-1.35014,-1.33583,-1.35014,-1.43773,-1.36902,-1.35014,-1.36902]
	PARPACK diagonalization completed after 30 matrix-vector product operations.
	iteration results: : total energy is -33.554390 | electron energy -33.569764 + phonon energy 0.015374 | electron momentum kIdx = 0
The 5-th iteration is completed.	|| time cost : 0h 0m 8.993s
********************************************************************************************************************
Start the 6 rounds of NGS-ED iteration
	effective electronic model is modified as: kinetic energy t = 0.929103
	                                           effective interaction Vq = [-1.49998,-1.43853,-1.38425,-1.43853,-1.43853,-1.36958, -1.3507,-1.36958,-1.38425, -1.3507,-1.33642, -1.3507,-1.43853,-1.36958, -1.3507,-1.36958]
	PARPACK diagonalization completed after 30 matrix-vector product operations.
	iteration results: : total energy is -33.554931 | electron energy -33.570457 + phonon energy 0.015526 | electron momentum kIdx = 0
The 6-th iteration is completed.	|| time cost : 0h 0m 8.954s
********************************************************************************************************************
Start the 7 rounds of NGS-ED iteration
	effective electronic model is modified as: kinetic energy t = 0.929067
	                                           effective interaction Vq = [-1.49998,-1.43877,-1.38442,-1.43877,-1.43877,-1.36973,-1.35085,-1.36973,-1.38442,-1.35085,-1.33658,-1.35085,-1.43877,-1.36973,-1.35085,-1.36973]
	PARPACK diagonalization completed after 30 matrix-vector product operations.
	iteration results: : total energy is -33.555004 | electron energy -33.570571 + phonon energy 0.015567 | electron momentum kIdx = 0
	Nq(0) = 9,	Nq(1) = 0.242112,	Nq(2) = 0.316522,	Nq(3) = 0.242112,	Nq(4) = 0.242112,	Nq(5) = 0.291306,	Nq(6) = 0.393527,	Nq(7) = 0.291306,	Nq(8) = 0.316522,	Nq(9) = 0.393527,	Nq(10) = 0.487126,	Nq(11) = 0.393527,	Nq(12) = 0.242112,	Nq(13) = 0.291306,	Nq(14) = 0.393527,	Nq(15) = 0.291306,	Sq(0) = 7.81247e-18,	Sq(1) = 0.506556,	Sq(2) = 0.416461,	Sq(3) = 0.506556,	Sq(4) = 0.506556,	Sq(5) = 0.738227,	Sq(6) = 0.898905,	Sq(7) = 0.738227,	Sq(8) = 0.416461,	Sq(9) = 0.898905,	Sq(10) = 0.764373,	Sq(11) = 0.898905,	Sq(12) = 0.506556,	Sq(13) = 0.738227,	Sq(14) = 0.898905,	Sq(15) = 0.738227,	N(0) = 1.89598,	N(1) = 1.81491,	N(2) = 0.697669,	N(3) = 1.81491,	N(4) = 1.81491,	N(5) = 0.277698,	N(6) = 0.0736038,	N(7) = 0.277698,	N(8) = 0.697669,	N(9) = 0.0736038,	N(10) = 0.0438556,	N(11) = 0.0736038,	N(12) = 1.81491,	N(13) = 0.277698,	N(14) = 0.0736038,	N(15) = 0.277698,	Delta[s](0) = 0.109025,	Delta[s](1) = 0.0790874,	Delta[s](2) = 0.0627756,	Delta[s](3) = 0.0790874,	Delta[s](4) = 0.0790874,	Delta[s](5) = 0.0568829,	Delta[s](6) = 0.03027,	Delta[s](7) = 0.0568829,	Delta[s](8) = 0.0627756,	Delta[s](9) = 0.03027,	Delta[s](10) = 0.0144389,	Delta[s](11) = 0.03027,	Delta[s](12) = 0.0790874,	Delta[s](13) = 0.0568829,	Delta[s](14) = 0.03027,	Delta[s](15) = 0.0568829,	Delta[d](0) = 0.23157,	Delta[d](1) = 0.179658,	Delta[d](2) = 0.228376,	Delta[d](3) = 0.179658,	Delta[d](4) = 0.179658,	Delta[d](5) = 0.128065,	Delta[d](6) = 0.149552,	Delta[d](7) = 0.128065,	Delta[d](8) = 0.228376,	Delta[d](9) = 0.149552,	Delta[d](10) = 0.058196,	Delta[d](11) = 0.149552,	Delta[d](12) = 0.179658,	Delta[d](13) = 0.128065,	Delta[d](14) = 0.149552,	Delta[d](15) = 0.128065,	Delta[s+](0) = 0.544212,	Delta[s+](1) = 0.37174,	Delta[s+](2) = 0.228376,	Delta[s+](3) = 0.37174,	Delta[s+](4) = 0.37174,	Delta[s+](5) = 0.177922,	Delta[s+](6) = 0.06025,	Delta[s+](7) = 0.177922,	Delta[s+](8) = 0.228376,	Delta[s+](9) = 0.06025,	Delta[s+](10) = 0.0152878,	Delta[s+](11) = 0.06025,	Delta[s+](12) = 0.37174,	Delta[s+](13) = 0.177922,	Delta[s+](14) = 0.06025,	Delta[s+](15) = 0.177922
The 7-th iteration is completed.	|| time cost : 0h 1m 26.661s
********************************************************************************************************************
********************************************************************************************************************
Ground state is obtained after 8 iterations. The current ground-state energy is -33.555, in which electron energy is -33.5706 and phonon energy is 0.0155674
final variational state is: 
	Gamma_x = [      1,1.01177,1.01922,1.01177,1.01177,1.01832,1.02581,1.01832,1.01922,1.02581,1.03283,1.02581,1.01177,1.01832,1.02581,1.01832]
	lambda_q = [0.387167,0.309099,0.279815,0.309099,0.309099,0.273182,0.265192,0.273182,0.279815,0.265192,0.259481,0.265192,0.309099,0.273182,0.265192,0.273182]
********************************************************************************************************************
o___o  ----------------------------------------
| L |	Time since last clock: 0h 0m 0s
A===A	Time since the beginning: 0h 7m 45.315s
***********************************************


********************************************************************************************************************
Warm up runs have been completed. Start calculating W = 5 phonon.
open output files: NGSEDIterationObs.txt
********************************************************************************************************************
Start the 0 rounds of NGS-ED iteration
	effective electronic model is modified as: kinetic energy t = 0.929057
	                                           effective interaction Vq = [ -1.3711,-1.21529,-1.14112,-1.21529,-1.21529,-1.12313,-1.10088,-1.12313,-1.14112,-1.10088,-1.08458,-1.10088,-1.21529,-1.12313,-1.10088,-1.12313]
	PARPACK diagonalization completed after 45 matrix-vector product operations.
	iteration results: : total energy is -31.252653 | electron energy -31.260443 + phonon energy 0.007789 | electron momentum kIdx = 0
	Nq(0) = 9,	Nq(1) = 0.232398,	Nq(2) = 0.305802,	Nq(3) = 0.232398,	Nq(4) = 0.232398,	Nq(5) = 0.281805,	Nq(6) = 0.376184,	Nq(7) = 0.281805,	Nq(8) = 0.305802,	Nq(9) = 0.376184,	Nq(10) = 0.460752,	Nq(11) = 0.376184,	Nq(12) = 0.232398,	Nq(13) = 0.281805,	Nq(14) = 0.376184,	Nq(15) = 0.281805,	Sq(0) = -5.60464e-18,	Sq(1) = 0.516202,	Sq(2) = 0.418245,	Sq(3) = 0.516202,	Sq(4) = 0.516202,	Sq(5) = 0.750304,	Sq(6) = 0.922876,	Sq(7) = 0.750304,	Sq(8) = 0.418245,	Sq(9) = 0.922876,	Sq(10) = 0.772078,	Sq(11) = 0.922876,	Sq(12) = 0.516202,	Sq(13) = 0.750304,	Sq(14) = 0.922876,	Sq(15) = 0.750304,	N(0) = 1.87607,	N(1) = 1.7827,	N(2) = 0.704527,	N(3) = 1.7827,	N(4) = 1.7827,	N(5) = 0.297096,	N(6) = 0.0858551,	N(7) = 0.297096,	N(8) = 0.704527,	N(9) = 0.0858551,	N(10) = 0.0522824,	N(11) = 0.0858551,	N(12) = 1.7827,	N(13) = 0.297096,	N(14) = 0.0858551,	N(15) = 0.297096,	Delta[s](0) = 0.0965329,	Delta[s](1) = 0.0707392,	Delta[s](2) = 0.0555444,	Delta[s](3) = 0.0707392,	Delta[s](4) = 0.0707392,	Delta[s](5) = 0.0506493,	Delta[s](6) = 0.0274521,	Delta[s](7) = 0.0506493,	Delta[s](8) = 0.0555444,	Delta[s](9) = 0.0274521,	Delta[s](10) = 0.0139675,	Delta[s](11) = 0.0274521,	Delta[s](12) = 0.0707392,	Delta[s](13) = 0.0506493,	Delta[s](14) = 0.0274521,	Delta[s](15) = 0.0506493,	Delta[d](0) = 0.234259,	Delta[d](1) = 0.183937,	Delta[d](2) = 0.231837,	Delta[d](3) = 0.183937,	Delta[d](4) = 0.183937,	Delta[d](5) = 0.130996,	Delta[d](6) = 0.15389,	Delta[d](7) = 0.130996,	Delta[d](8) = 0.231837,	Delta[d](9) = 0.15389,	Delta[d](10) = 0.0667475,	Delta[d](11) = 0.15389,	Delta[d](12) = 0.183937,	Delta[d](13) = 0.130996,	Delta[d](14) = 0.15389,	Delta[d](15) = 0.130996,	Delta[s+](0) = 0.549653,	Delta[s+](1) = 0.375756,	Delta[s+](2) = 0.231837,	Delta[s+](3) = 0.375756,	Delta[s+](4) = 0.375756,	Delta[s+](5) = 0.182525,	Delta[s+](6) = 0.0644041,	Delta[s+](7) = 0.182525,	Delta[s+](8) = 0.231837,	Delta[s+](9) = 0.0644041,	Delta[s+](10) = 0.0176677,	Delta[s+](11) = 0.0644041,	Delta[s+](12) = 0.375756,	Delta[s+](13) = 0.182525,	Delta[s+](14) = 0.0644041,	Delta[s+](15) = 0.182525
The 0-th iteration is completed.	|| time cost : 0h 1m 28.057s
********************************************************************************************************************
Start the 1 rounds of NGS-ED iteration
	effective electronic model is modified as: kinetic energy t = 0.922097
	                                           effective interaction Vq = [-1.45257,-1.27967,-1.18756,-1.27967,-1.27967,-1.16456,-1.13401,-1.16456,-1.18756,-1.13401,  -1.111,-1.13401,-1.27967,-1.16456,-1.13401,-1.16456]
	PARPACK diagonalization completed after 30 matrix-vector product operations.
	iteration results: : total energy is -32.023999 | electron energy -32.045727 + phonon energy 0.021729 | electron momentum kIdx = 0
The 1-th iteration is completed.	|| time cost : 0h 0m 8.954s
********************************************************************************************************************
Start the 2 rounds of NGS-ED iteration
	effective electronic model is modified as: kinetic energy t = 0.918609
	                                           effective interaction Vq = [-1.48254,-1.30906,-1.20849,-1.30906,-1.30906,-1.18308,-1.14963,-1.18308,-1.20849,-1.14963,-1.12446,-1.14963,-1.30906,-1.18308,-1.14963,-1.18308]
	PARPACK diagonalization completed after 30 matrix-vector product operations.
	iteration results: : total energy is -32.302853 | electron energy -32.333711 + phonon energy 0.030858 | electron momentum kIdx = 0
The 2-th iteration is completed.	|| time cost : 0h 0m 8.918s
********************************************************************************************************************
Start the 3 rounds of NGS-ED iteration
	effective electronic model is modified as: kinetic energy t = 0.916893
	                                           effective interaction Vq = [-1.49357, -1.3231, -1.2182, -1.3231, -1.3231,-1.19158,-1.15704,-1.19158, -1.2182,-1.15704,-1.13113,-1.15704, -1.3231,-1.19158,-1.15704,-1.19158]
	PARPACK diagonalization completed after 30 matrix-vector product operations.
	iteration results: : total energy is -32.404278 | electron energy -32.440105 + phonon energy 0.035826 | electron momentum kIdx = 0
The 3-th iteration is completed.	|| time cost : 0h 0m 8.956s
********************************************************************************************************************
Start the 4 rounds of NGS-ED iteration
	effective electronic model is modified as: kinetic energy t = 0.916055
	                                           effective interaction Vq = [-1.49763,-1.32999,-1.22276,-1.32999,-1.32999,-1.19553,-1.16056,-1.19553,-1.22276,-1.16056, -1.1344,-1.16056,-1.32999,-1.19553,-1.16056,-1.19553]
	PARPACK diagonalization completed after 30 matrix-vector product operations.
	iteration results: : total energy is -32.441314 | electron energy -32.479675 + phonon energy 0.038361 | electron momentum kIdx = 0
The 4-th iteration is completed.	|| time cost : 0h 0m 8.965s
********************************************************************************************************************
Start the 5 rounds of NGS-ED iteration
	effective electronic model is modified as: kinetic energy t = 0.915648
	                                           effective interaction Vq = [-1.49912,-1.33342,-1.22493,-1.33342,-1.33342,-1.19737,-1.16224,-1.19737,-1.22493,-1.16224,-1.13598,-1.16224,-1.33342,-1.19737,-1.16224,-1.19737]
	PARPACK diagonalization completed after 30 matrix-vector product operations.
	iteration results: : total energy is -32.454873 | electron energy -32.494490 + phonon energy 0.039618 | electron momentum kIdx = 0
The 5-th iteration is completed.	|| time cost : 0h 0m 8.928s
********************************************************************************************************************
Start the 6 rounds of NGS-ED iteration
	effective electronic model is modified as: kinetic energy t = 0.915449
	                                           effective interaction Vq = [-1.49967,-1.33514,-1.22596,-1.33514,-1.33514,-1.19824,-1.16304,-1.19824,-1.22596,-1.16304,-1.13674,-1.16304,-1.33514,-1.19824,-1.16304,-1.19824]
	PARPACK diagonalization completed after 30 matrix-vector product operations.
	iteration results: : total energy is -32.459845 | electron energy -32.500078 + phonon energy 0.040233 | electron momentum kIdx = 0
The 6-th iteration is completed.	|| time cost : 0h 0m 8.983s
********************************************************************************************************************
Start the 7 rounds of NGS-ED iteration
	effective electronic model is modified as: kinetic energy t = 0.915353
	                                           effective interaction Vq = [-1.49987,-1.33601,-1.22645,-1.33601,-1.33601,-1.19865,-1.16341,-1.19865,-1.22645,-1.16341,-1.13711,-1.16341,-1.33601,-1.19865,-1.16341,-1.19865]
	PARPACK diagonalization completed after 30 matrix-vector product operations.
	iteration results: : total energy is -32.461670 | electron energy -32.502202 + phonon energy 0.040532 | electron momentum kIdx = 0
The 7-th iteration is completed.	|| time cost : 0h 0m 8.957s
********************************************************************************************************************
Start the 8 rounds of NGS-ED iteration
	effective electronic model is modified as: kinetic energy t = 0.915306
	                                           effective interaction Vq = [-1.49994,-1.33645,-1.22669,-1.33645,-1.33645,-1.19884,-1.16359,-1.19884,-1.22669,-1.16359,-1.13729,-1.16359,-1.33645,-1.19884,-1.16359,-1.19884]
	PARPACK diagonalization completed after 30 matrix-vector product operations.
	iteration results: : total energy is -32.462340 | electron energy -32.503018 + phonon energy 0.040678 | electron momentum kIdx = 0
The 8-th iteration is completed.	|| time cost : 0h 0m 8.952s
********************************************************************************************************************
Start the 9 rounds of NGS-ED iteration
	effective electronic model is modified as: kinetic energy t = 0.915283
	                                           effective interaction Vq = [-1.49997,-1.33667, -1.2268,-1.33667,-1.33667,-1.19893,-1.16368,-1.19893, -1.2268,-1.16368,-1.13737,-1.16368,-1.33667,-1.19893,-1.16368,-1.19893]
	PARPACK diagonalization completed after 30 matrix-vector product operations.
	iteration results: : total energy is -32.462587 | electron energy -32.503335 + phonon energy 0.040748 | electron momentum kIdx = 0
The 9-th iteration is completed.	|| time cost : 0h 0m 8.933s
********************************************************************************************************************
Start the 10 rounds of NGS-ED iteration
	effective electronic model is modified as: kinetic energy t = 0.915272
	                                           effective interaction Vq = [-1.49998,-1.33678,-1.22686,-1.33678,-1.33678,-1.19898,-1.16372,-1.19898,-1.22686,-1.16372,-1.13741,-1.16372,-1.33678,-1.19898,-1.16372,-1.19898]
	PARPACK diagonalization completed after 30 matrix-vector product operations.
	iteration results: : total energy is -32.462677 | electron energy -32.503459 + phonon energy 0.040782 | electron momentum kIdx = 0
	Nq(0) = 9,	Nq(1) = 0.23615,	Nq(2) = 0.30791,	Nq(3) = 0.23615,	Nq(4) = 0.23615,	Nq(5) = 0.283311,	Nq(6) = 0.377975,	Nq(7) = 0.283311,	Nq(8) = 0.30791,	Nq(9) = 0.377975,	Nq(10) = 0.462621,	Nq(11) = 0.377975,	Nq(12) = 0.23615,	Nq(13) = 0.283311,	Nq(14) = 0.377975,	Nq(15) = 0.283311,	Sq(0) = -1.87858e-17,	Sq(1) = 0.514083,	Sq(2) = 0.418111,	Sq(3) = 0.514083,	Sq(4) = 0.514083,	Sq(5) = 0.747914,	Sq(6) = 0.918886,	Sq(7) = 0.747914,	Sq(8) = 0.418111,	Sq(9) = 0.918886,	Sq(10) = 0.772058,	Sq(11) = 0.918886,	Sq(12) = 0.514083,	Sq(13) = 0.747914,	Sq(14) = 0.918886,	Sq(15) = 0.747914,	N(0) = 1.87962,	N(1) = 1.78914,	N(2) = 0.702297,	N(3) = 1.78914,	N(4) = 1.78914,	N(5) = 0.29309,	N(6) = 0.0838956,	N(7) = 0.29309,	N(8) = 0.702297,	N(9) = 0.0838956,	N(10) = 0.0513022,	N(11) = 0.0838956,	N(12) = 1.78914,	N(13) = 0.29309,	N(14) = 0.0838956,	N(15) = 0.29309,	Delta[s](0) = 0.0970777,	Delta[s](1) = 0.0715397,	Delta[s](2) = 0.0566218,	Delta[s](3) = 0.0715397,	Delta[s](4) = 0.0715397,	Delta[s](5) = 0.0517639,	Delta[s](6) = 0.0288106,	Delta[s](7) = 0.0517639,	Delta[s](8) = 0.0566218,	Delta[s](9) = 0.0288106,	Delta[s](10) = 0.0153152,	Delta[s](11) = 0.0288106,	Delta[s](12) = 0.0715397,	Delta[s](13) = 0.0517639,	Delta[s](14) = 0.0288106,	Delta[s](15) = 0.0517639,	Delta[d](0) = 0.240803,	Delta[d](1) = 0.189532,	Delta[d](2) = 0.238355,	Delta[d](3) = 0.189532,	Delta[d](4) = 0.189532,	Delta[d](5) = 0.135399,	Delta[d](6) = 0.158449,	Delta[d](7) = 0.135399,	Delta[d](8) = 0.238355,	Delta[d](9) = 0.158449,	Delta[d](10) = 0.0693542,	Delta[d](11) = 0.158449,	Delta[d](12) = 0.189532,	Delta[d](13) = 0.135399,	Delta[d](14) = 0.158449,	Delta[d](15) = 0.135399,	Delta[s+](0) = 0.564275,	Delta[s+](1) = 0.385924,	Delta[s+](2) = 0.238355,	Delta[s+](3) = 0.385924,	Delta[s+](4) = 0.385924,	Delta[s+](5) = 0.187874,	Delta[s+](6) = 0.0668616,	Delta[s+](7) = 0.187874,	Delta[s+](8) = 0.238355,	Delta[s+](9) = 0.0668616,	Delta[s+](10) = 0.0187312,	Delta[s+](11) = 0.0668616,	Delta[s+](12) = 0.385924,	Delta[s+](13) = 0.187874,	Delta[s+](14) = 0.0668616,	Delta[s+](15) = 0.187874
The 10-th iteration is completed.	|| time cost : 0h 1m 27.398s
********************************************************************************************************************
Start the 11 rounds of NGS-ED iteration
	effective electronic model is modified as: kinetic energy t = 0.915266
	                                           effective interaction Vq = [-1.49998,-1.33684,-1.22688,-1.33684,-1.33684,  -1.199,-1.16374,  -1.199,-1.22688,-1.16374,-1.13743,-1.16374,-1.33684,  -1.199,-1.16374,  -1.199]
	PARPACK diagonalization completed after 30 matrix-vector product operations.
	iteration results: : total energy is -32.462711 | electron energy -32.503509 + phonon energy 0.040798 | electron momentum kIdx = 0
The 11-th iteration is completed.	|| time cost : 0h 0m 8.933s
********************************************************************************************************************
Start the 12 rounds of NGS-ED iteration
	effective electronic model is modified as: kinetic energy t = 0.915264
	                                           effective interaction Vq = [-1.49999,-1.33687, -1.2269,-1.33687,-1.33687,-1.19901,-1.16375,-1.19901, -1.2269,-1.16375,-1.13744,-1.16375,-1.33687,-1.19901,-1.16375,-1.19901]
	PARPACK diagonalization completed after 30 matrix-vector product operations.
	iteration results: : total energy is -32.462723 | electron energy -32.503529 + phonon energy 0.040806 | electron momentum kIdx = 0
The 12-th iteration is completed.	|| time cost : 0h 0m 8.968s
********************************************************************************************************************
Start the 13 rounds of NGS-ED iteration
	effective electronic model is modified as: kinetic energy t = 0.915262
	                                           effective interaction Vq = [-1.49999,-1.33688, -1.2269,-1.33688,-1.33688,-1.19901,-1.16375,-1.19901, -1.2269,-1.16375,-1.13744,-1.16375,-1.33688,-1.19901,-1.16375,-1.19901]
	PARPACK diagonalization completed after 30 matrix-vector product operations.
	iteration results: : total energy is -32.462728 | electron energy -32.503538 + phonon energy 0.040810 | electron momentum kIdx = 0
The 13-th iteration is completed.	|| time cost : 0h 0m 8.925s
********************************************************************************************************************
Start the 14 rounds of NGS-ED iteration
	effective electronic model is modified as: kinetic energy t = 0.915262
	                                           effective interaction Vq = [-1.49999,-1.33689, -1.2269,-1.33689,-1.33689,-1.19901,-1.16375,-1.19901, -1.2269,-1.16375,-1.13745,-1.16375,-1.33689,-1.19901,-1.16375,-1.19901]
	PARPACK diagonalization completed after 30 matrix-vector product operations.
	iteration results: : total energy is -32.462729 | electron energy -32.503541 + phonon energy 0.040812 | electron momentum kIdx = 0
The 14-th iteration is completed.	|| time cost : 0h 0m 8.951s
********************************************************************************************************************
Start the 15 rounds of NGS-ED iteration
	effective electronic model is modified as: kinetic energy t = 0.915261
	                                           effective interaction Vq = [-1.49999,-1.33689,-1.22691,-1.33689,-1.33689,-1.19901,-1.16376,-1.19901,-1.22691,-1.16376,-1.13745,-1.16376,-1.33689,-1.19901,-1.16376,-1.19901]
	PARPACK diagonalization completed after 30 matrix-vector product operations.
	iteration results: : total energy is -32.462730 | electron energy -32.503543 + phonon energy 0.040813 | electron momentum kIdx = 0
The 15-th iteration is completed.	|| time cost : 0h 0m 8.921s
********************************************************************************************************************
Start the 16 rounds of NGS-ED iteration
	effective electronic model is modified as: kinetic energy t = 0.915261
	                                           effective interaction Vq = [-1.49999,-1.33689,-1.22691,-1.33689,-1.33689,-1.19901,-1.16376,-1.19901,-1.22691,-1.16376,-1.13745,-1.16376,-1.33689,-1.19901,-1.16376,-1.19901]
	PARPACK diagonalization completed after 30 matrix-vector product operations.
	iteration results: : total energy is -32.462730 | electron energy -32.503544 + phonon energy 0.040814 | electron momentum kIdx = 0
The 16-th iteration is completed.	|| time cost : 0h 0m 8.966s
********************************************************************************************************************
Start the 17 rounds of NGS-ED iteration
	effective electronic model is modified as: kinetic energy t = 0.915261
	                                           effective interaction Vq = [-1.49999, -1.3369,-1.22691, -1.3369, -1.3369,-1.19901,-1.16376,-1.19901,-1.22691,-1.16376,-1.13745,-1.16376, -1.3369,-1.19901,-1.16376,-1.19901]
	PARPACK diagonalization completed after 30 matrix-vector product operations.
	iteration results: : total energy is -32.462730 | electron energy -32.503544 + phonon energy 0.040814 | electron momentum kIdx = 0
The 17-th iteration is completed.	|| time cost : 0h 0m 8.936s
********************************************************************************************************************
Start the 18 rounds of NGS-ED iteration
	effective electronic model is modified as: kinetic energy t = 0.915261
	                                           effective interaction Vq = [-1.49999, -1.3369,-1.22691, -1.3369, -1.3369,-1.19901,-1.16376,-1.19901,-1.22691,-1.16376,-1.13745,-1.16376, -1.3369,-1.19901,-1.16376,-1.19901]
	PARPACK diagonalization completed after 30 matrix-vector product operations.
	iteration results: : total energy is -32.462730 | electron energy -32.503544 + phonon energy 0.040814 | electron momentum kIdx = 0
The 18-th iteration is completed.	|| time cost : 0h 0m 8.957s
********************************************************************************************************************
Start the 19 rounds of NGS-ED iteration
	effective electronic model is modified as: kinetic energy t = 0.915261
	                                           effective interaction Vq = [-1.49999, -1.3369,-1.22691, -1.3369, -1.3369,-1.19901,-1.16376,-1.19901,-1.22691,-1.16376,-1.13745,-1.16376, -1.3369,-1.19901,-1.16376,-1.19901]
	PARPACK diagonalization completed after 30 matrix-vector product operations.
	iteration results: : total energy is -32.462730 | electron energy -32.503544 + phonon energy 0.040814 | electron momentum kIdx = 0
The 19-th iteration is completed.	|| time cost : 0h 0m 8.913s
********************************************************************************************************************
Start the 20 rounds of NGS-ED iteration
	effective electronic model is modified as: kinetic energy t = 0.915261
	                                           effective interaction Vq = [-1.49999, -1.3369,-1.22691, -1.3369, -1.3369,-1.19901,-1.16376,-1.19901,-1.22691,-1.16376,-1.13745,-1.16376, -1.3369,-1.19901,-1.16376,-1.19901]
	PARPACK diagonalization completed after 30 matrix-vector product operations.
	iteration results: : total energy is -32.462730 | electron energy -32.503544 + phonon energy 0.040814 | electron momentum kIdx = 0
	Nq(0) = 9,	Nq(1) = 0.236154,	Nq(2) = 0.30791,	Nq(3) = 0.236154,	Nq(4) = 0.236154,	Nq(5) = 0.283312,	Nq(6) = 0.377976,	Nq(7) = 0.283312,	Nq(8) = 0.30791,	Nq(9) = 0.377976,	Nq(10) = 0.462622,	Nq(11) = 0.377976,	Nq(12) = 0.236154,	Nq(13) = 0.283312,	Nq(14) = 0.377976,	Nq(15) = 0.283312,	Sq(0) = -1.18276e-17,	Sq(1) = 0.514081,	Sq(2) = 0.418111,	Sq(3) = 0.514081,	Sq(4) = 0.514081,	Sq(5) = 0.747913,	Sq(6) = 0.918884,	Sq(7) = 0.747913,	Sq(8) = 0.418111,	Sq(9) = 0.918884,	Sq(10) = 0.772059,	Sq(11) = 0.918884,	Sq(12) = 0.514081,	Sq(13) = 0.747913,	Sq(14) = 0.918884,	Sq(15) = 0.747913,	N(0) = 1.87962,	N(1) = 1.78914,	N(2) = 0.702295,	N(3) = 1.78914,	N(4) = 1.78914,	N(5) = 0.293087,	N(6) = 0.0838945,	N(7) = 0.293087,	N(8) = 0.702295,	N(9) = 0.0838945,	N(10) = 0.0513019,	N(11) = 0.0838945,	N(12) = 1.78914,	N(13) = 0.293087,	N(14) = 0.0838945,	N(15) = 0.293087,	Delta[s](0) = 0.0970779,	Delta[s](1) = 0.0715402,	Delta[s](2) = 0.0566225,	Delta[s](3) = 0.0715402,	Delta[s](4) = 0.0715402,	Delta[s](5) = 0.0517646,	Delta[s](6) = 0.0288116,	Delta[s](7) = 0.0517646,	Delta[s](8) = 0.0566225,	Delta[s](9) = 0.0288116,	Delta[s](10) = 0.0153161,	Delta[s](11) = 0.0288116,	Delta[s](12) = 0.0715402,	Delta[s](13) = 0.0517646,	Delta[s](14) = 0.0288116,	Delta[s](15) = 0.0517646,	Delta[d](0) = 0.240847,	Delta[d](1) = 0.189567,	Delta[d](2) = 0.238399,	Delta[d](3) = 0.189567,	Delta[d](4) = 0.189567,	Delta[d](5) = 0.135424,	Delta[d](6) = 0.158479,	Delta[d](7) = 0.135424,	Delta[d](8) = 0.238399,	Delta[d](9) = 0.158479,	Delta[d](10) = 0.0693678,	Delta[d](11) = 0.158479,	Delta[d](12) = 0.189567,	Delta[d](13) = 0.135424,	Delta[d](14) = 0.158479,	Delta[d](15) = 0.135424,	Delta[s+](0) = 0.564379,	Delta[s+](1) = 0.385995,	Delta[s+](2) = 0.238399,	Delta[s+](3) = 0.385995,	Delta[s+](4) = 0.385995,	Delta[s+](5) = 0.187909,	Delta[s+](6) = 0.0668746,	Delta[s+](7) = 0.187909,	Delta[s+](8) = 0.238399,	Delta[s+](9) = 0.0668746,	Delta[s+](10) = 0.0187352,	Delta[s+](11) = 0.0668746,	Delta[s+](12) = 0.385995,	Delta[s+](13) = 0.187909,	Delta[s+](14) = 0.0668746,	Delta[s+](15) = 0.187909
The 20-th iteration is completed.	|| time cost : 0h 1m 24.95s
********************************************************************************************************************
Start the 21 rounds of NGS-ED iteration
	effective electronic model is modified as: kinetic energy t = 0.915261
	                                           effective interaction Vq = [-1.49999, -1.3369,-1.22691, -1.3369, -1.3369,-1.19901,-1.16376,-1.19901,-1.22691,-1.16376,-1.13745,-1.16376, -1.3369,-1.19901,-1.16376,-1.19901]
	PARPACK diagonalization completed after 30 matrix-vector product operations.
	iteration results: : total energy is -32.462730 | electron energy -32.503544 + phonon energy 0.040814 | electron momentum kIdx = 0
The 21-th iteration is completed.	|| time cost : 0h 0m 8.932s
********************************************************************************************************************
Start the 22 rounds of NGS-ED iteration
	effective electronic model is modified as: kinetic energy t = 0.915261
	                                           effective interaction Vq = [-1.49999, -1.3369,-1.22691, -1.3369, -1.3369,-1.19901,-1.16376,-1.19901,-1.22691,-1.16376,-1.13745,-1.16376, -1.3369,-1.19901,-1.16376,-1.19901]
	PARPACK diagonalization completed after 30 matrix-vector product operations.
	iteration results: : total energy is -32.462730 | electron energy -32.503544 + phonon energy 0.040814 | electron momentum kIdx = 0
The 22-th iteration is completed.	|| time cost : 0h 0m 8.911s
********************************************************************************************************************
Start the 23 rounds of NGS-ED iteration
	effective electronic model is modified as: kinetic energy t = 0.915261
	                                           effective interaction Vq = [-1.49999, -1.3369,-1.22691, -1.3369, -1.3369,-1.19901,-1.16376,-1.19901,-1.22691,-1.16376,-1.13745,-1.16376, -1.3369,-1.19901,-1.16376,-1.19901]
	PARPACK diagonalization completed after 30 matrix-vector product operations.
	iteration results: : total energy is -32.462730 | electron energy -32.503544 + phonon energy 0.040814 | electron momentum kIdx = 0
The 23-th iteration is completed.	|| time cost : 0h 0m 8.947s
********************************************************************************************************************
Start the 24 rounds of NGS-ED iteration
	effective electronic model is modified as: kinetic energy t = 0.915261
	                                           effective interaction Vq = [-1.49999, -1.3369,-1.22691, -1.3369, -1.3369,-1.19901,-1.16376,-1.19901,-1.22691,-1.16376,-1.13745,-1.16376, -1.3369,-1.19901,-1.16376,-1.19901]
	PARPACK diagonalization completed after 30 matrix-vector product operations.
	iteration results: : total energy is -32.462730 | electron energy -32.503544 + phonon energy 0.040814 | electron momentum kIdx = 0
