SNEDics v3.4 Non-Gaussian ED ground state program		Start at Tue Oct  1 13:54:08 2019

parallized on 16 MPI threads  * 8 OpenMP threads = 128 total threads.
********************************************************************************************************************
********************************************************************************************************************

********************************************************************************************************************
System parameters and configurations
********************************************************************************************************************
Special program options are enabled: splitted diagonal Hamiltonian
********************************************************************************************************************
Read input file "model_params.in"
	Hubbard-Holstein model parameters : 	t = 1    U = 5.7    g = 3.6056    W = 5    
********************************************************************************************************************
Read input file "hilbertspace_params.in"
	Requested 16-site 2D lattice, with 16 electrons (8, 8)
	Boundary : Periodic		Hilbert space representation : momentum-space (restricted to kIdx = 0)
	Conservation: particle number[U(1)]      spin[U(1)]     momentum
********************************************************************************************************************

Cluster Positions:				Cluster symmetry group : D4
 x ... x ... x ... x .....                       x ... x ... x ... x .....
 |           |           :                       |           |           :
 |           |           :                       |           |           :
12    13    14    15     x                       1     5     6     5     x
 |           |           :                       |           |           :
 |           |           :                       |           |           :
 8 --- 9 ---10 ---11 --- x                       2 --- 6 ---10 --- 6 --- x
 |           |           :                       |           |           :
 |           |           :                       |           |           :
 4     5     6     7     x                       1     5     6     5     x
 |           |           :                       |           |           :
 |           |           :                       |           |           :
 0 --- 1 --- 2 --- 3 --- x                       0 --- 1 --- 2 --- 1 --- x
orbital number : 1
********************************************************************************************************************
Read input file "obs_params.in"
	Observable Type : Nq(All),   Sq(All),   N(All),   Delta[s](All),   Delta[d](All),   Delta[s+](All)
********************************************************************************************************************
** WARNING ** the input observables have non-local factors which have been reinterpreted. The total observable number is 96
********************************************************************************************************************


********************************************************************************************************************
Start calculating the non-Gaussian ED ground state
** WARNING ** Detected low phonon energy W < 10. The initial state will be prepared through a warm-up process.
********************************************************************************************************************
Start warm-up calculation for scaling factor 2
open output files: NGSEDWarmUpW10Obs.txt
********************************************************************************************************************
Start the 0 rounds of NGS-ED iteration
	effective electronic model is modified as: kinetic energy t = 1
	                                           effective interaction Vq = [-0,-0,-0,-0,-0,-0,-0,-0,-0,-0,-0,-0,-0,-0,-0,-0]
	first Hamiltonian is constructed, non-zero numbers = 2845383612
	PARPACK diagonalization completed after 90 matrix-vector product operations.
	iteration results: : total energy is -10.940651 | electron energy -10.940651 + phonon energy 0.000000 | electron momentum kIdx = 0
	Nq(0) = 16,	Nq(1) = 0.105527,	Nq(2) = 0.171054,	Nq(3) = 0.105527,	Nq(4) = 0.105527,	Nq(5) = 0.171054,	Nq(6) = 0.232427,	Nq(7) = 0.171054,	Nq(8) = 0.171054,	Nq(9) = 0.232427,	Nq(10) = 0.288265,	Nq(11) = 0.232427,	Nq(12) = 0.105527,	Nq(13) = 0.171054,	Nq(14) = 0.232427,	Nq(15) = 0.171054,	Sq(0) = 1.57674e-18,	Sq(1) = 0.42512,	Sq(2) = 0.633356,	Sq(3) = 0.42512,	Sq(4) = 0.42512,	Sq(5) = 0.633356,	Sq(6) = 0.866049,	Sq(7) = 0.633356,	Sq(8) = 0.633356,	Sq(9) = 0.866049,	Sq(10) = 4.36877,	Sq(11) = 0.866049,	Sq(12) = 0.42512,	Sq(13) = 0.633356,	Sq(14) = 0.866049,	Sq(15) = 0.633356,	N(0) = 1.86933,	N(1) = 1.72408,	N(2) = 1,	N(3) = 1.72408,	N(4) = 1.72408,	N(5) = 1,	N(6) = 0.27592,	N(7) = 1,	N(8) = 1,	N(9) = 0.27592,	N(10) = 0.13067,	N(11) = 0.27592,	N(12) = 1.72408,	N(13) = 1,	N(14) = 0.27592,	N(15) = 1,	Delta[s](0) = 0.130976,	Delta[s](1) = 0.109084,	Delta[s](2) = 0.0850396,	Delta[s](3) = 0.109084,	Delta[s](4) = 0.109084,	Delta[s](5) = 0.0850396,	Delta[s](6) = 0.0593698,	Delta[s](7) = 0.0850396,	Delta[s](8) = 0.0850396,	Delta[s](9) = 0.0593698,	Delta[s](10) = 0.0181755,	Delta[s](11) = 0.0593698,	Delta[s](12) = 0.109084,	Delta[s](13) = 0.0850396,	Delta[s](14) = 0.0593698,	Delta[s](15) = 0.0850396,	Delta[d](0) = 0.570749,	Delta[d](1) = 0.41638,	Delta[d](2) = 0.32347,	Delta[d](3) = 0.41638,	Delta[d](4) = 0.41638,	Delta[d](5) = 0.334063,	Delta[d](6) = 0.23713,	Delta[d](7) = 0.334063,	Delta[d](8) = 0.32347,	Delta[d](9) = 0.23713,	Delta[d](10) = 0.112699,	Delta[d](11) = 0.23713,	Delta[d](12) = 0.41638,	Delta[d](13) = 0.334063,	Delta[d](14) = 0.23713,	Delta[d](15) = 0.334063,	Delta[s+](0) = 0.605195,	Delta[s+](1) = 0.478235,	Delta[s+](2) = 0.32347,	Delta[s+](3) = 0.478235,	Delta[s+](4) = 0.478235,	Delta[s+](5) = 0.32347,	Delta[s+](6) = 0.173993,	Delta[s+](7) = 0.32347,	Delta[s+](8) = 0.32347,	Delta[s+](9) = 0.173993,	Delta[s+](10) = 0.0525111,	Delta[s+](11) = 0.173993,	Delta[s+](12) = 0.478235,	Delta[s+](13) = 0.32347,	Delta[s+](14) = 0.173993,	Delta[s+](15) = 0.32347
The 0-th iteration is completed.	|| time cost : 0h 8m 40.233s
********************************************************************************************************************
Start the 1 rounds of NGS-ED iteration
	effective electronic model is modified as: kinetic energy t = 0.940688
	                                           effective interaction Vq = [-2.24819,-1.98462,-1.92651,-1.98462,-1.98462,-1.92651,-1.89591,-1.92651,-1.92651,-1.89591,-1.87213,-1.89591,-1.98462,-1.92651,-1.89591,-1.92651]
	PARPACK diagonalization completed after 45 matrix-vector product operations.
	iteration results: : total energy is -52.980883 | electron energy -52.983702 + phonon energy 0.002819 | electron momentum kIdx = 0
The 1-th iteration is completed.	|| time cost : 0h 7m 38.896s
********************************************************************************************************************
Start the 2 rounds of NGS-ED iteration
	effective electronic model is modified as: kinetic energy t = 0.896547
	                                           effective interaction Vq = [-2.55245,-2.38844,-2.29238,-2.38844,-2.38844,-2.29238,-2.27844,-2.29238,-2.29238,-2.27844,-2.23508,-2.27844,-2.38844,-2.29238,-2.27844,-2.29238]
	PARPACK diagonalization completed after 45 matrix-vector product operations.
	iteration results: : total energy is -58.867095 | electron energy -58.892371 + phonon energy 0.025276 | electron momentum kIdx = 0
The 2-th iteration is completed.	|| time cost : 0h 0m 32.028s
********************************************************************************************************************
Start the 3 rounds of NGS-ED iteration
	effective electronic model is modified as: kinetic energy t = 0.87938
	                                           effective interaction Vq = [-2.59363,-2.48603, -2.3811,-2.48603,-2.48603, -2.3811,-2.38067, -2.3811, -2.3811,-2.38067,-2.32732,-2.38067,-2.48603, -2.3811,-2.38067, -2.3811]
	PARPACK diagonalization completed after 45 matrix-vector product operations.
	iteration results: : total energy is -59.660281 | electron energy -59.706175 + phonon energy 0.045894 | electron momentum kIdx = 0
The 3-th iteration is completed.	|| time cost : 0h 0m 32.194s
********************************************************************************************************************
Start the 4 rounds of NGS-ED iteration
	effective electronic model is modified as: kinetic energy t = 0.873371
	                                           effective interaction Vq = [ -2.5992,-2.51397,-2.40641,-2.51397,-2.51397,-2.40641,-2.41221,-2.40641,-2.40641,-2.41221,-2.35436,-2.41221,-2.51397,-2.40641,-2.41221,-2.40641]
	PARPACK diagonalization completed after 30 matrix-vector product operations.
	iteration results: : total energy is -59.765809 | electron energy -59.821441 + phonon energy 0.055632 | electron momentum kIdx = 0
The 4-th iteration is completed.	|| time cost : 0h 0m 27.453s
********************************************************************************************************************
Start the 5 rounds of NGS-ED iteration
	effective electronic model is modified as: kinetic energy t = 0.871327
	                                           effective interaction Vq = [-2.59995,-2.52291,-2.41419,-2.52291,-2.52291,-2.41419,-2.42263,-2.41419,-2.41419,-2.42263,-2.36279,-2.42263,-2.52291,-2.41419,-2.42263,-2.41419]
	PARPACK diagonalization completed after 30 matrix-vector product operations.
	iteration results: : total energy is -59.779806 | electron energy -59.839137 + phonon energy 0.059331 | electron momentum kIdx = 0
The 5-th iteration is completed.	|| time cost : 0h 0m 27.329s
********************************************************************************************************************
Start the 6 rounds of NGS-ED iteration
	effective electronic model is modified as: kinetic energy t = 0.870637
	                                           effective interaction Vq = [-2.60005,-2.52592,-2.41664,-2.52592,-2.52592,-2.41664,-2.42616,-2.41664,-2.41664,-2.42616,-2.36549,-2.42616,-2.52592,-2.41664,-2.42616,-2.41664]
	PARPACK diagonalization completed after 30 matrix-vector product operations.
	iteration results: : total energy is -59.781664 | electron energy -59.842297 + phonon energy 0.060633 | electron momentum kIdx = 0
The 6-th iteration is completed.	|| time cost : 0h 0m 27.357s
********************************************************************************************************************
Start the 7 rounds of NGS-ED iteration
	effective electronic model is modified as: kinetic energy t = 0.870404
	                                           effective interaction Vq = [-2.60007,-2.52696,-2.41743,-2.52696,-2.52696,-2.41743,-2.42737,-2.41743,-2.41743,-2.42737,-2.36636,-2.42737,-2.52696,-2.41743,-2.42737,-2.41743]
	PARPACK diagonalization completed after 30 matrix-vector product operations.
	iteration results: : total energy is -59.781911 | electron energy -59.842989 + phonon energy 0.061078 | electron momentum kIdx = 0
The 7-th iteration is completed.	|| time cost : 0h 0m 27.512s
********************************************************************************************************************
Start the 8 rounds of NGS-ED iteration
	effective electronic model is modified as: kinetic energy t = 0.870325
	                                           effective interaction Vq = [-2.60007,-2.52732,-2.41768,-2.52732,-2.52732,-2.41768,-2.42778,-2.41768,-2.41768,-2.42778,-2.36665,-2.42778,-2.52732,-2.41768,-2.42778,-2.41768]
	PARPACK diagonalization completed after 30 matrix-vector product operations.
	iteration results: : total energy is -59.781944 | electron energy -59.843173 + phonon energy 0.061229 | electron momentum kIdx = 0
	Nq(0) = 16,	Nq(1) = 0.315567,	Nq(2) = 0.347234,	Nq(3) = 0.315567,	Nq(4) = 0.315567,	Nq(5) = 0.347234,	Nq(6) = 0.532013,	Nq(7) = 0.347234,	Nq(8) = 0.347234,	Nq(9) = 0.532013,	Nq(10) = 0.569277,	Nq(11) = 0.532013,	Nq(12) = 0.315567,	Nq(13) = 0.347234,	Nq(14) = 0.532013,	Nq(15) = 0.347234,	Sq(0) = -7.26706e-18,	Sq(1) = 0.395913,	Sq(2) = 0.573613,	Sq(3) = 0.395913,	Sq(4) = 0.395913,	Sq(5) = 0.573613,	Sq(6) = 0.673165,	Sq(7) = 0.573613,	Sq(8) = 0.573613,	Sq(9) = 0.673165,	Sq(10) = 2.23901,	Sq(11) = 0.673165,	Sq(12) = 0.395913,	Sq(13) = 0.573613,	Sq(14) = 0.673165,	Sq(15) = 0.573613,	N(0) = 1.99549,	N(1) = 1.99047,	N(2) = 1,	N(3) = 1.99047,	N(4) = 1.99047,	N(5) = 1,	N(6) = 0.00952756,	N(7) = 1,	N(8) = 1,	N(9) = 0.00952756,	N(10) = 0.00451133,	N(11) = 0.00952756,	N(12) = 1.99047,	N(13) = 1,	N(14) = 0.00952756,	N(15) = 1,	Delta[s](0) = 0.246543,	Delta[s](1) = 0.233266,	Delta[s](2) = 0.180798,	Delta[s](3) = 0.233266,	Delta[s](4) = 0.233266,	Delta[s](5) = 0.180798,	Delta[s](6) = 0.168747,	Delta[s](7) = 0.180798,	Delta[s](8) = 0.180798,	Delta[s](9) = 0.168747,	Delta[s](10) = 0.0821224,	Delta[s](11) = 0.168747,	Delta[s](12) = 0.233266,	Delta[s](13) = 0.180798,	Delta[s](14) = 0.168747,	Delta[s](15) = 0.180798,	Delta[d](0) = 0.551604,	Delta[d](1) = 0.321779,	Delta[d](2) = 0.279351,	Delta[d](3) = 0.321779,	Delta[d](4) = 0.321779,	Delta[d](5) = 0.326843,	Delta[d](6) = 0.240979,	Delta[d](7) = 0.326843,	Delta[d](8) = 0.279351,	Delta[d](9) = 0.240979,	Delta[d](10) = 0.104964,	Delta[d](11) = 0.240979,	Delta[d](12) = 0.321779,	Delta[d](13) = 0.326843,	Delta[d](14) = 0.240979,	Delta[d](15) = 0.326843,	Delta[s+](0) = 0.527775,	Delta[s+](1) = 0.429202,	Delta[s+](2) = 0.279351,	Delta[s+](3) = 0.429202,	Delta[s+](4) = 0.429202,	Delta[s+](5) = 0.279351,	Delta[s+](6) = 0.131761,	Delta[s+](7) = 0.279351,	Delta[s+](8) = 0.279351,	Delta[s+](9) = 0.131761,	Delta[s+](10) = 0.0311271,	Delta[s+](11) = 0.131761,	Delta[s+](12) = 0.429202,	Delta[s+](13) = 0.279351,	Delta[s+](14) = 0.131761,	Delta[s+](15) = 0.279351
The 8-th iteration is completed.	|| time cost : 0h 4m 41.804s
********************************************************************************************************************
********************************************************************************************************************
Ground state is obtained after 9 iterations. The current ground-state energy is -59.7819, in which electron energy is -59.8432 and phonon energy is 0.0612289
final variational state is: 
	Gamma_x = [      1,1.02309,1.03576,1.02309,1.02309,1.03576,1.05425,1.03576,1.03576,1.05425,1.06403,1.05425,1.02309,1.03576,1.05425,1.03576]
	lambda_q = [0.509846,0.424686,0.374888,0.424686,0.424686,0.374888,0.378705,0.374888,0.374888,0.378705,0.357157,0.378705,0.424686,0.374888,0.378705,0.374888]
********************************************************************************************************************
o___o  ----------------------------------------
| L |	Time since last clock: 0h 0m 0s
A===A	Time since the beginning: 0h 23m 54.811s
***********************************************


********************************************************************************************************************
Warm up runs have been completed. Start calculating W = 5 phonon.
open output files: NGSEDIterationObs.txt
********************************************************************************************************************
Start the 0 rounds of NGS-ED iteration
	effective electronic model is modified as: kinetic energy t = 0.870299
	                                           effective interaction Vq = [-2.37689, -2.1607,-2.00069, -2.1607, -2.1607,-2.00069,-2.01383,-2.00069,-2.00069,-2.01383,-1.93773,-2.01383, -2.1607,-2.00069,-2.01383,-2.00069]
	PARPACK diagonalization completed after 45 matrix-vector product operations.
	iteration results: : total energy is -53.942289 | electron energy -53.972929 + phonon energy 0.030640 | electron momentum kIdx = 0
	Nq(0) = 16,	Nq(1) = 0.259611,	Nq(2) = 0.315147,	Nq(3) = 0.259611,	Nq(4) = 0.259611,	Nq(5) = 0.315147,	Nq(6) = 0.455866,	Nq(7) = 0.315147,	Nq(8) = 0.315147,	Nq(9) = 0.455866,	Nq(10) = 0.513673,	Nq(11) = 0.455866,	Nq(12) = 0.259611,	Nq(13) = 0.315147,	Nq(14) = 0.455866,	Nq(15) = 0.315147,	Sq(0) = 4.53329e-18,	Sq(1) = 0.411076,	Sq(2) = 0.596535,	Sq(3) = 0.411076,	Sq(4) = 0.411076,	Sq(5) = 0.596535,	Sq(6) = 0.717027,	Sq(7) = 0.596535,	Sq(8) = 0.596535,	Sq(9) = 0.717027,	Sq(10) = 2.64191,	Sq(11) = 0.717027,	Sq(12) = 0.411076,	Sq(13) = 0.596535,	Sq(14) = 0.717027,	Sq(15) = 0.596535,	N(0) = 1.98297,	N(1) = 1.96332,	N(2) = 1,	N(3) = 1.96332,	N(4) = 1.96332,	N(5) = 1,	N(6) = 0.0366789,	N(7) = 1,	N(8) = 1,	N(9) = 0.0366789,	N(10) = 0.0170335,	N(11) = 0.0366789,	N(12) = 1.96332,	N(13) = 1,	N(14) = 0.0366789,	N(15) = 1,	Delta[s](0) = 0.21744,	Delta[s](1) = 0.199398,	Delta[s](2) = 0.161264,	Delta[s](3) = 0.199398,	Delta[s](4) = 0.199398,	Delta[s](5) = 0.161264,	Delta[s](6) = 0.143626,	Delta[s](7) = 0.161264,	Delta[s](8) = 0.161264,	Delta[s](9) = 0.143626,	Delta[s](10) = 0.07611,	Delta[s](11) = 0.143626,	Delta[s](12) = 0.199398,	Delta[s](13) = 0.161264,	Delta[s](14) = 0.143626,	Delta[s](15) = 0.161264,	Delta[d](0) = 0.565299,	Delta[d](1) = 0.353633,	Delta[d](2) = 0.300784,	Delta[d](3) = 0.353633,	Delta[d](4) = 0.353633,	Delta[d](5) = 0.337993,	Delta[d](6) = 0.251356,	Delta[d](7) = 0.337993,	Delta[d](8) = 0.300784,	Delta[d](9) = 0.251356,	Delta[d](10) = 0.115258,	Delta[d](11) = 0.251356,	Delta[d](12) = 0.353633,	Delta[d](13) = 0.337993,	Delta[d](14) = 0.251356,	Delta[d](15) = 0.337993,	Delta[s+](0) = 0.568995,	Delta[s+](1) = 0.45929,	Delta[s+](2) = 0.300784,	Delta[s+](3) = 0.45929,	Delta[s+](4) = 0.45929,	Delta[s+](5) = 0.300784,	Delta[s+](6) = 0.147139,	Delta[s+](7) = 0.300784,	Delta[s+](8) = 0.300784,	Delta[s+](9) = 0.147139,	Delta[s+](10) = 0.0378735,	Delta[s+](11) = 0.147139,	Delta[s+](12) = 0.45929,	Delta[s+](13) = 0.300784,	Delta[s+](14) = 0.147139,	Delta[s+](15) = 0.300784
The 0-th iteration is completed.	|| time cost : 0h 4m 52.722s
********************************************************************************************************************
Start the 1 rounds of NGS-ED iteration
	effective electronic model is modified as: kinetic energy t = 0.860141
	                                           effective interaction Vq = [-2.51797,-2.25902,-2.07179,-2.25902,-2.25902,-2.07179, -2.0737,-2.07179,-2.07179, -2.0737,-1.99068, -2.0737,-2.25902,-2.07179, -2.0737,-2.07179]
	PARPACK diagonalization completed after 45 matrix-vector product operations.
	iteration results: : total energy is -56.287082 | electron energy -56.370684 + phonon energy 0.083601 | electron momentum kIdx = 0
The 1-th iteration is completed.	|| time cost : 0h 0m 32.15s
********************************************************************************************************************
Start the 2 rounds of NGS-ED iteration
	effective electronic model is modified as: kinetic energy t = 0.853204
	                                           effective interaction Vq = [-2.56987, -2.3119,-2.11139, -2.3119, -2.3119,-2.11139,-2.11261,-2.11139,-2.11139,-2.11261,-2.02596,-2.11261, -2.3119,-2.11139,-2.11261,-2.11139]
	PARPACK diagonalization completed after 30 matrix-vector product operations.
	iteration results: : total energy is -57.146562 | electron energy -57.264452 + phonon energy 0.117890 | electron momentum kIdx = 0
The 2-th iteration is completed.	|| time cost : 0h 0m 27.619s
********************************************************************************************************************
Start the 3 rounds of NGS-ED iteration
	effective electronic model is modified as: kinetic energy t = 0.848858
	                                           effective interaction Vq = [-2.58896,-2.34128,-2.13341,-2.34128,-2.34128,-2.13341,-2.13641,-2.13341,-2.13341,-2.13641,-2.04723,-2.13641,-2.34128,-2.13341,-2.13641,-2.13341]
	PARPACK diagonalization completed after 30 matrix-vector product operations.
	iteration results: : total energy is -57.461963 | electron energy -57.599842 + phonon energy 0.137878 | electron momentum kIdx = 0
The 3-th iteration is completed.	|| time cost : 0h 0m 27.377s
********************************************************************************************************************
Start the 4 rounds of NGS-ED iteration
	effective electronic model is modified as: kinetic energy t = 0.846238
	                                           effective interaction Vq = [-2.59598,-2.35795,-2.14569,-2.35795,-2.35795,-2.14569,-2.15064,-2.14569,-2.14569,-2.15064,-2.05965,-2.15064,-2.35795,-2.14569,-2.15064,-2.14569]
	PARPACK diagonalization completed after 30 matrix-vector product operations.
	iteration results: : total energy is -57.577737 | electron energy -57.727148 + phonon energy 0.149410 | electron momentum kIdx = 0
The 4-th iteration is completed.	|| time cost : 0h 0m 27.362s
********************************************************************************************************************
Start the 5 rounds of NGS-ED iteration
	effective electronic model is modified as: kinetic energy t = 0.844687
	                                           effective interaction Vq = [-2.59857,-2.36754,-2.15256,-2.36754,-2.36754,-2.15256, -2.1591,-2.15256,-2.15256, -2.1591,-2.06681, -2.1591,-2.36754,-2.15256, -2.1591,-2.15256]
	PARPACK diagonalization completed after 30 matrix-vector product operations.
	iteration results: : total energy is -57.620240 | electron energy -57.776326 + phonon energy 0.156085 | electron momentum kIdx = 0
The 5-th iteration is completed.	|| time cost : 0h 0m 27.636s
********************************************************************************************************************
Start the 6 rounds of NGS-ED iteration
	effective electronic model is modified as: kinetic energy t = 0.843776
	                                           effective interaction Vq = [-2.59952, -2.3731,-2.15643, -2.3731, -2.3731,-2.15643,-2.16411,-2.15643,-2.15643,-2.16411,-2.07092,-2.16411, -2.3731,-2.15643,-2.16411,-2.15643]
	PARPACK diagonalization completed after 30 matrix-vector product operations.
	iteration results: : total energy is -57.635846 | electron energy -57.795808 + phonon energy 0.159961 | electron momentum kIdx = 0
The 6-th iteration is completed.	|| time cost : 0h 0m 27.347s
********************************************************************************************************************
Start the 7 rounds of NGS-ED iteration
	effective electronic model is modified as: kinetic energy t = 0.843244
	                                           effective interaction Vq = [-2.59987,-2.37635, -2.1586,-2.37635,-2.37635, -2.1586,-2.16707, -2.1586, -2.1586,-2.16707,-2.07329,-2.16707,-2.37635, -2.1586,-2.16707, -2.1586]
	PARPACK diagonalization completed after 30 matrix-vector product operations.
	iteration results: : total energy is -57.641577 | electron energy -57.803794 + phonon energy 0.162217 | electron momentum kIdx = 0
The 7-th iteration is completed.	|| time cost : 0h 0m 27.383s
********************************************************************************************************************
Start the 8 rounds of NGS-ED iteration
	effective electronic model is modified as: kinetic energy t = 0.842933
	                                           effective interaction Vq = [    -2.6,-2.37825,-2.15983,-2.37825,-2.37825,-2.15983,-2.16882,-2.15983,-2.15983,-2.16882,-2.07465,-2.16882,-2.37825,-2.15983,-2.16882,-2.15983]
	PARPACK diagonalization completed after 30 matrix-vector product operations.
	iteration results: : total energy is -57.643682 | electron energy -57.807212 + phonon energy 0.163530 | electron momentum kIdx = 0
The 8-th iteration is completed.	|| time cost : 0h 0m 27.472s
********************************************************************************************************************
Start the 9 rounds of NGS-ED iteration
	effective electronic model is modified as: kinetic energy t = 0.842752
	                                           effective interaction Vq = [-2.60004,-2.37936,-2.16052,-2.37936,-2.37936,-2.16052,-2.16985,-2.16052,-2.16052,-2.16985,-2.07544,-2.16985,-2.37936,-2.16052,-2.16985,-2.16052]
	PARPACK diagonalization completed after 30 matrix-vector product operations.
	iteration results: : total energy is -57.644455 | electron energy -57.808750 + phonon energy 0.164295 | electron momentum kIdx = 0
The 9-th iteration is completed.	|| time cost : 0h 0m 27.367s
********************************************************************************************************************
Start the 10 rounds of NGS-ED iteration
	effective electronic model is modified as: kinetic energy t = 0.842647
	                                           effective interaction Vq = [-2.60006,-2.38001,-2.16092,-2.38001,-2.38001,-2.16092,-2.17046,-2.16092,-2.16092,-2.17046,-2.07589,-2.17046,-2.38001,-2.16092,-2.17046,-2.16092]
	PARPACK diagonalization completed after 30 matrix-vector product operations.
	iteration results: : total energy is -57.644739 | electron energy -57.809480 + phonon energy 0.164742 | electron momentum kIdx = 0
	Nq(0) = 16,	Nq(1) = 0.284698,	Nq(2) = 0.32723,	Nq(3) = 0.284698,	Nq(4) = 0.284698,	Nq(5) = 0.32723,	Nq(6) = 0.481543,	Nq(7) = 0.32723,	Nq(8) = 0.32723,	Nq(9) = 0.481543,	Nq(10) = 0.530961,	Nq(11) = 0.481543,	Nq(12) = 0.284698,	Nq(13) = 0.32723,	Nq(14) = 0.481543,	Nq(15) = 0.32723,	Sq(0) = 1.88926e-18,	Sq(1) = 0.405882,	Sq(2) = 0.589331,	Sq(3) = 0.405882,	Sq(4) = 0.405882,	Sq(5) = 0.589331,	Sq(6) = 0.700791,	Sq(7) = 0.589331,	Sq(8) = 0.589331,	Sq(9) = 0.700791,	Sq(10) = 2.47802,	Sq(11) = 0.700791,	Sq(12) = 0.405882,	Sq(13) = 0.589331,	Sq(14) = 0.700791,	Sq(15) = 0.589331,	N(0) = 1.98796,	N(1) = 1.97584,	N(2) = 1,	N(3) = 1.97584,	N(4) = 1.97584,	N(5) = 1,	N(6) = 0.0241638,	N(7) = 1,	N(8) = 1,	N(9) = 0.0241638,	N(10) = 0.0120375,	N(11) = 0.0241638,	N(12) = 1.97584,	N(13) = 1,	N(14) = 0.0241638,	N(15) = 1,	Delta[s](0) = 0.223334,	Delta[s](1) = 0.207955,	Delta[s](2) = 0.169459,	Delta[s](3) = 0.207955,	Delta[s](4) = 0.207955,	Delta[s](5) = 0.169459,	Delta[s](6) = 0.154801,	Delta[s](7) = 0.169459,	Delta[s](8) = 0.169459,	Delta[s](9) = 0.154801,	Delta[s](10) = 0.0885391,	Delta[s](11) = 0.154801,	Delta[s](12) = 0.207955,	Delta[s](13) = 0.169459,	Delta[s](14) = 0.154801,	Delta[s](15) = 0.169459,	Delta[d](0) = 0.585792,	Delta[d](1) = 0.364037,	Delta[d](2) = 0.312312,	Delta[d](3) = 0.364037,	Delta[d](4) = 0.364037,	Delta[d](5) = 0.353235,	Delta[d](6) = 0.2647,	Delta[d](7) = 0.353235,	Delta[d](8) = 0.312312,	Delta[d](9) = 0.2647,	Delta[d](10) = 0.126287,	Delta[d](11) = 0.2647,	Delta[d](12) = 0.364037,	Delta[d](13) = 0.353235,	Delta[d](14) = 0.2647,	Delta[d](15) = 0.353235,	Delta[s+](0) = 0.585147,	Delta[s+](1) = 0.473866,	Delta[s+](2) = 0.312312,	Delta[s+](3) = 0.473866,	Delta[s+](4) = 0.473866,	Delta[s+](5) = 0.312312,	Delta[s+](6) = 0.154433,	Delta[s+](7) = 0.312312,	Delta[s+](8) = 0.312312,	Delta[s+](9) = 0.154433,	Delta[s+](10) = 0.0427275,	Delta[s+](11) = 0.154433,	Delta[s+](12) = 0.473866,	Delta[s+](13) = 0.312312,	Delta[s+](14) = 0.154433,	Delta[s+](15) = 0.312312
The 10-th iteration is completed.	|| time cost : 0h 4m 22.469s
********************************************************************************************************************
Start the 11 rounds of NGS-ED iteration
	effective electronic model is modified as: kinetic energy t = 0.842585
	                                           effective interaction Vq = [-2.60007,-2.38039,-2.16114,-2.38039,-2.38039,-2.16114,-2.17082,-2.16114,-2.16114,-2.17082,-2.07615,-2.17082,-2.38039,-2.16114,-2.17082,-2.16114]
	PARPACK diagonalization completed after 30 matrix-vector product operations.
	iteration results: : total energy is -57.644843 | electron energy -57.809845 + phonon energy 0.165002 | electron momentum kIdx = 0
The 11-th iteration is completed.	|| time cost : 0h 0m 27.608s
********************************************************************************************************************
Start the 12 rounds of NGS-ED iteration
	effective electronic model is modified as: kinetic energy t = 0.84255
	                                           effective interaction Vq = [-2.60007,-2.38062,-2.16127,-2.38062,-2.38062,-2.16127,-2.17103,-2.16127,-2.16127,-2.17103, -2.0763,-2.17103,-2.38062,-2.16127,-2.17103,-2.16127]
	PARPACK diagonalization completed after 30 matrix-vector product operations.
	iteration results: : total energy is -57.644881 | electron energy -57.810035 + phonon energy 0.165154 | electron momentum kIdx = 0
The 12-th iteration is completed.	|| time cost : 0h 0m 27.343s
********************************************************************************************************************
Start the 13 rounds of NGS-ED iteration
	effective electronic model is modified as: kinetic energy t = 0.842529
	                                           effective interaction Vq = [-2.60007,-2.38075,-2.16135,-2.38075,-2.38075,-2.16135,-2.17116,-2.16135,-2.16135,-2.17116,-2.07639,-2.17116,-2.38075,-2.16135,-2.17116,-2.16135]
	PARPACK diagonalization completed after 30 matrix-vector product operations.
	iteration results: : total energy is -57.644895 | electron energy -57.810138 + phonon energy 0.165242 | electron momentum kIdx = 0
The 13-th iteration is completed.	|| time cost : 0h 0m 27.42s
********************************************************************************************************************
Start the 14 rounds of NGS-ED iteration
	effective electronic model is modified as: kinetic energy t = 0.842516
	                                           effective interaction Vq = [-2.60007,-2.38082,-2.16139,-2.38082,-2.38082,-2.16139,-2.17123,-2.16139,-2.16139,-2.17123,-2.07644,-2.17123,-2.38082,-2.16139,-2.17123,-2.16139]
	PARPACK diagonalization completed after 30 matrix-vector product operations.
	iteration results: : total energy is -57.644901 | electron energy -57.810195 + phonon energy 0.165294 | electron momentum kIdx = 0
The 14-th iteration is completed.	|| time cost : 0h 0m 27.367s
********************************************************************************************************************
Start the 15 rounds of NGS-ED iteration
	effective electronic model is modified as: kinetic energy t = 0.842509
	                                           effective interaction Vq = [-2.60007,-2.38087,-2.16141,-2.38087,-2.38087,-2.16141,-2.17127,-2.16141,-2.16141,-2.17127,-2.07647,-2.17127,-2.38087,-2.16141,-2.17127,-2.16141]
	PARPACK diagonalization completed after 30 matrix-vector product operations.
	iteration results: : total energy is -57.644903 | electron energy -57.810227 + phonon energy 0.165324 | electron momentum kIdx = 0
The 15-th iteration is completed.	|| time cost : 0h 0m 27.499s
********************************************************************************************************************
Start the 16 rounds of NGS-ED iteration
	effective electronic model is modified as: kinetic energy t = 0.842505
	                                           effective interaction Vq = [-2.60007,-2.38089,-2.16143,-2.38089,-2.38089,-2.16143, -2.1713,-2.16143,-2.16143, -2.1713,-2.07648, -2.1713,-2.38089,-2.16143, -2.1713,-2.16143]
	PARPACK diagonalization completed after 30 matrix-vector product operations.
	iteration results: : total energy is -57.644903 | electron energy -57.810245 + phonon energy 0.165342 | electron momentum kIdx = 0
The 16-th iteration is completed.	|| time cost : 0h 0m 27.396s
********************************************************************************************************************
Start the 17 rounds of NGS-ED iteration
	effective electronic model is modified as: kinetic energy t = 0.842503
	                                           effective interaction Vq = [-2.60007,-2.38091,-2.16143,-2.38091,-2.38091,-2.16143,-2.17132,-2.16143,-2.16143,-2.17132,-2.07649,-2.17132,-2.38091,-2.16143,-2.17132,-2.16143]
	PARPACK diagonalization completed after 30 matrix-vector product operations.
	iteration results: : total energy is -57.644904 | electron energy -57.810256 + phonon energy 0.165352 | electron momentum kIdx = 0
The 17-th iteration is completed.	|| time cost : 0h 0m 27.643s
********************************************************************************************************************
Start the 18 rounds of NGS-ED iteration
	effective electronic model is modified as: kinetic energy t = 0.842501
	                                           effective interaction Vq = [-2.60007,-2.38092,-2.16144,-2.38092,-2.38092,-2.16144,-2.17132,-2.16144,-2.16144,-2.17132, -2.0765,-2.17132,-2.38092,-2.16144,-2.17132,-2.16144]
	PARPACK diagonalization completed after 30 matrix-vector product operations.
	iteration results: : total energy is -57.644904 | electron energy -57.810262 + phonon energy 0.165358 | electron momentum kIdx = 0
The 18-th iteration is completed.	|| time cost : 0h 0m 27.675s
********************************************************************************************************************
Start the 19 rounds of NGS-ED iteration
	effective electronic model is modified as: kinetic energy t = 0.8425
	                                           effective interaction Vq = [-2.60007,-2.38092,-2.16144,-2.38092,-2.38092,-2.16144,-2.17133,-2.16144,-2.16144,-2.17133, -2.0765,-2.17133,-2.38092,-2.16144,-2.17133,-2.16144]
	PARPACK diagonalization completed after 30 matrix-vector product operations.
	iteration results: : total energy is -57.644904 | electron energy -57.810265 + phonon energy 0.165362 | electron momentum kIdx = 0
The 19-th iteration is completed.	|| time cost : 0h 0m 27.463s
********************************************************************************************************************
Start the 20 rounds of NGS-ED iteration
	effective electronic model is modified as: kinetic energy t = 0.8425
	                                           effective interaction Vq = [-2.60007,-2.38093,-2.16144,-2.38093,-2.38093,-2.16144,-2.17133,-2.16144,-2.16144,-2.17133, -2.0765,-2.17133,-2.38093,-2.16144,-2.17133,-2.16144]
	PARPACK diagonalization completed after 30 matrix-vector product operations.
	iteration results: : total energy is -57.644904 | electron energy -57.810267 + phonon energy 0.165364 | electron momentum kIdx = 0
	Nq(0) = 16,	Nq(1) = 0.284815,	Nq(2) = 0.32727,	Nq(3) = 0.284815,	Nq(4) = 0.284815,	Nq(5) = 0.32727,	Nq(6) = 0.481682,	Nq(7) = 0.32727,	Nq(8) = 0.32727,	Nq(9) = 0.481682,	Nq(10) = 0.531039,	Nq(11) = 0.481682,	Nq(12) = 0.284815,	Nq(13) = 0.32727,	Nq(14) = 0.481682,	Nq(15) = 0.32727,	Sq(0) = 2.21893e-18,	Sq(1) = 0.405854,	Sq(2) = 0.589295,	Sq(3) = 0.405854,	Sq(4) = 0.405854,	Sq(5) = 0.589295,	Sq(6) = 0.700717,	Sq(7) = 0.589295,	Sq(8) = 0.589295,	Sq(9) = 0.700717,	Sq(10) = 2.4773,	Sq(11) = 0.700717,	Sq(12) = 0.405854,	Sq(13) = 0.589295,	Sq(14) = 0.700717,	Sq(15) = 0.589295,	N(0) = 1.98798,	N(1) = 1.97589,	N(2) = 1,	N(3) = 1.97589,	N(4) = 1.97589,	N(5) = 1,	N(6) = 0.024112,	N(7) = 1,	N(8) = 1,	N(9) = 0.024112,	N(10) = 0.0120184,	N(11) = 0.024112,	N(12) = 1.97589,	N(13) = 1,	N(14) = 0.024112,	N(15) = 1,	Delta[s](0) = 0.223359,	Delta[s](1) = 0.207993,	Delta[s](2) = 0.169497,	Delta[s](3) = 0.207993,	Delta[s](4) = 0.207993,	Delta[s](5) = 0.169497,	Delta[s](6) = 0.154852,	Delta[s](7) = 0.169497,	Delta[s](8) = 0.169497,	Delta[s](9) = 0.154852,	Delta[s](10) = 0.0885996,	Delta[s](11) = 0.154852,	Delta[s](12) = 0.207993,	Delta[s](13) = 0.169497,	Delta[s](14) = 0.154852,	Delta[s](15) = 0.169497,	Delta[d](0) = 0.585947,	Delta[d](1) = 0.36413,	Delta[d](2) = 0.312403,	Delta[d](3) = 0.36413,	Delta[d](4) = 0.36413,	Delta[d](5) = 0.353346,	Delta[d](6) = 0.264793,	Delta[d](7) = 0.353346,	Delta[d](8) = 0.312403,	Delta[d](9) = 0.264793,	Delta[d](10) = 0.126357,	Delta[d](11) = 0.264793,	Delta[d](12) = 0.36413,	Delta[d](13) = 0.353346,	Delta[d](14) = 0.264793,	Delta[d](15) = 0.353346,	Delta[s+](0) = 0.58529,	Delta[s+](1) = 0.473987,	Delta[s+](2) = 0.312403,	Delta[s+](3) = 0.473987,	Delta[s+](4) = 0.473987,	Delta[s+](5) = 0.312403,	Delta[s+](6) = 0.154487,	Delta[s+](7) = 0.312403,	Delta[s+](8) = 0.312403,	Delta[s+](9) = 0.154487,	Delta[s+](10) = 0.0427582,	Delta[s+](11) = 0.154487,	Delta[s+](12) = 0.473987,	Delta[s+](13) = 0.312403,	Delta[s+](14) = 0.154487,	Delta[s+](15) = 0.312403
The 20-th iteration is completed.	|| time cost : 0h 4m 22.99s
********************************************************************************************************************
Start the 21 rounds of NGS-ED iteration
	effective electronic model is modified as: kinetic energy t = 0.8425
	                                           effective interaction Vq = [-2.60007,-2.38093,-2.16144,-2.38093,-2.38093,-2.16144,-2.17133,-2.16144,-2.16144,-2.17133,-2.07651,-2.17133,-2.38093,-2.16144,-2.17133,-2.16144]
	PARPACK diagonalization completed after 30 matrix-vector product operations.
	iteration results: : total energy is -57.644904 | electron energy -57.810269 + phonon energy 0.165365 | electron momentum kIdx = 0
The 21-th iteration is completed.	|| time cost : 0h 0m 27.408s
********************************************************************************************************************
Start the 22 rounds of NGS-ED iteration
	effective electronic model is modified as: kinetic energy t = 0.8425
	                                           effective interaction Vq = [-2.60007,-2.38093,-2.16144,-2.38093,-2.38093,-2.16144,-2.17134,-2.16144,-2.16144,-2.17134,-2.07651,-2.17134,-2.38093,-2.16144,-2.17134,-2.16144]
	PARPACK diagonalization completed after 30 matrix-vector product operations.
	iteration results: : total energy is -57.644904 | electron energy -57.810269 + phonon energy 0.165366 | electron momentum kIdx = 0
The 22-th iteration is completed.	|| time cost : 0h 0m 27.401s
********************************************************************************************************************
Start the 23 rounds of NGS-ED iteration
	effective electronic model is modified as: kinetic energy t = 0.842499
	                                           effective interaction Vq = [-2.60007,-2.38093,-2.16145,-2.38093,-2.38093,-2.16145,-2.17134,-2.16145,-2.16145,-2.17134,-2.07651,-2.17134,-2.38093,-2.16145,-2.17134,-2.16145]
	PARPACK diagonalization completed after 30 matrix-vector product operations.
	iteration results: : total energy is -57.644904 | electron energy -57.810270 + phonon energy 0.165366 | electron momentum kIdx = 0
The 23-th iteration is completed.	|| time cost : 0h 0m 27.36s
********************************************************************************************************************
Start the 24 rounds of NGS-ED iteration
	effective electronic model is modified as: kinetic energy t = 0.842499
	                                           effective interaction Vq = [-2.60007,-2.38093,-2.16145,-2.38093,-2.38093,-2.16145,-2.17134,-2.16145,-2.16145,-2.17134,-2.07651,-2.17134,-2.38093,-2.16145,-2.17134,-2.16145]
	PARPACK diagonalization completed after 30 matrix-vector product operations.
	iteration results: : total energy is -57.644904 | electron energy -57.810270 + phonon energy 0.165366 | electron momentum kIdx = 0
The 24-th iteration is completed.	|| time cost : 0h 0m 27.381s
********************************************************************************************************************
Start the 25 rounds of NGS-ED iteration
	effective electronic model is modified as: kinetic energy t = 0.842499
	                                           effective interaction Vq = [-2.60007,-2.38093,-2.16145,-2.38093,-2.38093,-2.16145,-2.17134,-2.16145,-2.16145,-2.17134,-2.07651,-2.17134,-2.38093,-2.16145,-2.17134,-2.16145]
	PARPACK diagonalization completed after 30 matrix-vector product operations.
	iteration results: : total energy is -57.644904 | electron energy -57.810270 + phonon energy 0.165366 | electron momentum kIdx = 0
