SNEDics v3.4 Non-Gaussian ED ground state program		Start at Tue Oct 15 16:01:43 2019

parallized on 32 MPI threads  * 6 OpenMP threads = 192 total threads.
********************************************************************************************************************
********************************************************************************************************************

********************************************************************************************************************
System parameters and configurations
********************************************************************************************************************
Special program options are enabled: splitted diagonal Hamiltonian
********************************************************************************************************************
Read input file "model_params.in"
	Hubbard-Holstein model parameters : 	t = 1    g = 0.5477    W = 0.2    
********************************************************************************************************************
Read input file "hilbertspace_params.in"
	Requested 16-site 2D lattice, with 14 electrons (7, 7)
	Boundary : Periodic		Hilbert space representation : momentum-space (restricted to kIdx = 0)
	Conservation: particle number[U(1)]      spin[U(1)]     momentum
********************************************************************************************************************

Cluster Positions:				Cluster symmetry group : D4
 x ... x ... x ... x .....                       x ... x ... x ... x .....
 |           |           :                       |           |           :
 |           |           :                       |           |           :
12    13    14    15     x                       1     5     6     5     x
 |           |           :                       |           |           :
 |           |           :                       |           |           :
 8 --- 9 ---10 ---11 --- x                       2 --- 6 ---10 --- 6 --- x
 |           |           :                       |           |           :
 |           |           :                       |           |           :
 4     5     6     7     x                       1     5     6     5     x
 |           |           :                       |           |           :
 |           |           :                       |           |           :
 0 --- 1 --- 2 --- 3 --- x                       0 --- 1 --- 2 --- 1 --- x
orbital number : 1
********************************************************************************************************************
Read input file "obs_params.in"
	Observable Type : Nq(All),   Sq(All),   N(All),   Delta[s](All),   Delta[d](All),   Delta[s+](All)
********************************************************************************************************************
** WARNING ** the input observables have non-local factors which have been reinterpreted. The total observable number is 96
********************************************************************************************************************


********************************************************************************************************************
Start calculating the non-Gaussian ED ground state
Input file varState.dat exists. Start iterations from it.
open output files: NGSEDIterationObs.txt
********************************************************************************************************************
Start the 0 rounds of NGS-ED iteration
	effective electronic model is modified as: kinetic energy t = 0.422591
	                                           effective interaction Vq = [ -1.4998,-1.49912,-1.49906,-1.49912,-1.49912,-1.49971,-1.49981,-1.49971,-1.49906,-1.49981,-1.49988,-1.49981,-1.49912,-1.49971,-1.49981,-1.49971]
	first Hamiltonian is constructed, non-zero numbers = 7240039946
	PARPACK diagonalization completed after 90 matrix-vector product operations.
	iteration results: : total energy is -41.161433 | electron energy -45.846021 + phonon energy 4.684588 | electron momentum kIdx = 0
	Nq(0) = 12.25,	Nq(1) = 0.506624,	Nq(2) = 0.761593,	Nq(3) = 0.506624,	Nq(4) = 0.506624,	Nq(5) = 0.763075,	Nq(6) = 1.08305,	Nq(7) = 0.763075,	Nq(8) = 0.761593,	Nq(9) = 1.08305,	Nq(10) = 2.79451,	Nq(11) = 1.08305,	Nq(12) = 0.506624,	Nq(13) = 0.763075,	Nq(14) = 1.08305,	Nq(15) = 0.763075,	Sq(0) = 2.23058e-18,	Sq(1) = 0.0766864,	Sq(2) = 0.129845,	Sq(3) = 0.0766864,	Sq(4) = 0.0766864,	Sq(5) = 0.129841,	Sq(6) = 0.178255,	Sq(7) = 0.129841,	Sq(8) = 0.129845,	Sq(9) = 0.178255,	Sq(10) = 0.222499,	Sq(11) = 0.178255,	Sq(12) = 0.0766864,	Sq(13) = 0.129841,	Sq(14) = 0.178255,	Sq(15) = 0.129841,	N(0) = 1.77551,	N(1) = 1.52535,	N(2) = 0.795667,	N(3) = 1.52535,	N(4) = 1.52535,	N(5) = 0.795624,	N(6) = 0.298282,	N(7) = 0.795624,	N(8) = 0.795667,	N(9) = 0.298282,	N(10) = 0.156132,	N(11) = 0.298282,	N(12) = 1.52535,	N(13) = 0.795624,	N(14) = 0.298282,	N(15) = 0.795624,	Delta[s](0) = 0.453979,	Delta[s](1) = 0.380497,	Delta[s](2) = 0.368778,	Delta[s](3) = 0.380497,	Delta[s](4) = 0.380497,	Delta[s](5) = 0.369079,	Delta[s](6) = 0.361266,	Delta[s](7) = 0.369079,	Delta[s](8) = 0.368778,	Delta[s](9) = 0.361266,	Delta[s](10) = 0.354435,	Delta[s](11) = 0.361266,	Delta[s](12) = 0.380497,	Delta[s](13) = 0.369079,	Delta[s](14) = 0.361266,	Delta[s](15) = 0.369079,	Delta[d](0) = 1.00353,	Delta[d](1) = 0.963041,	Delta[d](2) = 0.962741,	Delta[d](3) = 0.963041,	Delta[d](4) = 0.963041,	Delta[d](5) = 0.920405,	Delta[d](6) = 0.90149,	Delta[d](7) = 0.920405,	Delta[d](8) = 0.962741,	Delta[d](9) = 0.90149,	Delta[d](10) = 0.839168,	Delta[d](11) = 0.90149,	Delta[d](12) = 0.963041,	Delta[d](13) = 0.920405,	Delta[d](14) = 0.90149,	Delta[d](15) = 0.920405,	Delta[s+](0) = 1.33462,	Delta[s+](1) = 1.1568,	Delta[s+](2) = 0.962741,	Delta[s+](3) = 1.1568,	Delta[s+](4) = 1.1568,	Delta[s+](5) = 0.962773,	Delta[s+](6) = 0.781767,	Delta[s+](7) = 0.962773,	Delta[s+](8) = 0.962741,	Delta[s+](9) = 0.781767,	Delta[s+](10) = 0.648417,	Delta[s+](11) = 0.781767,	Delta[s+](12) = 1.1568,	Delta[s+](13) = 0.962773,	Delta[s+](14) = 0.781767,	Delta[s+](15) = 0.962773
The 0-th iteration is completed.	|| time cost : 0h 5m 20.727s
********************************************************************************************************************
Start the 1 rounds of NGS-ED iteration
	effective electronic model is modified as: kinetic energy t = 0.456747
	                                           effective interaction Vq = [ -1.4998,-1.49447,-1.49218,-1.49447,-1.49447,-1.49426,-1.49448,-1.49426,-1.49218,-1.49448,-1.49867,-1.49448,-1.49447,-1.49426,-1.49448,-1.49426]
	PARPACK diagonalization completed after 45 matrix-vector product operations.
	iteration results: : total energy is -41.683404 | electron energy -46.354305 + phonon energy 4.670901 | electron momentum kIdx = 0
The 1-th iteration is completed.	|| time cost : 0h 0m 15.91s
********************************************************************************************************************
Start the 2 rounds of NGS-ED iteration
	effective electronic model is modified as: kinetic energy t = 0.491588
	                                           effective interaction Vq = [-1.49981,-1.48559,-1.47901,-1.48559,-1.48559,-1.48196,-1.48175,-1.48196,-1.47901,-1.48175,-1.49563,-1.48175,-1.48559,-1.48196,-1.48175,-1.48196]
	PARPACK diagonalization completed after 45 matrix-vector product operations.
	iteration results: : total energy is -42.146468 | electron energy -46.829618 + phonon energy 4.683150 | electron momentum kIdx = 0
The 2-th iteration is completed.	|| time cost : 0h 0m 15.898s
********************************************************************************************************************
Start the 3 rounds of NGS-ED iteration
	effective electronic model is modified as: kinetic energy t = 0.526436
	                                           effective interaction Vq = [-1.49981,-1.47243,-1.46008,-1.47243,-1.47243,-1.46356,-1.46237,-1.46356,-1.46008,-1.46237,-1.49165,-1.46237,-1.47243,-1.46356,-1.46237,-1.46356]
	PARPACK diagonalization completed after 45 matrix-vector product operations.
	iteration results: : total energy is -42.566118 | electron energy -47.272242 + phonon energy 4.706125 | electron momentum kIdx = 0
The 3-th iteration is completed.	|| time cost : 0h 0m 15.909s
********************************************************************************************************************
Start the 4 rounds of NGS-ED iteration
	effective electronic model is modified as: kinetic energy t = 0.560563
	                                           effective interaction Vq = [-1.49981,-1.45488,-1.43573,-1.45488,-1.45488,-1.43953,-1.43659,-1.43953,-1.43573,-1.43659,-1.48759,-1.43659,-1.45488,-1.43953,-1.43659,-1.43953]
	PARPACK diagonalization completed after 45 matrix-vector product operations.
	iteration results: : total energy is -42.950513 | electron energy -47.676333 + phonon energy 4.725819 | electron momentum kIdx = 0
The 4-th iteration is completed.	|| time cost : 0h 0m 16.021s
********************************************************************************************************************
Start the 5 rounds of NGS-ED iteration
	effective electronic model is modified as: kinetic energy t = 0.593388
	                                           effective interaction Vq = [-1.49981,-1.43274,-1.40624,-1.43274,-1.43274,-1.41023,-1.40439,-1.41023,-1.40624,-1.40439,-1.48411,-1.40439,-1.43274,-1.41023,-1.40439,-1.41023]
	PARPACK diagonalization completed after 45 matrix-vector product operations.
	iteration results: : total energy is -43.305357 | electron energy -48.035857 + phonon energy 4.730500 | electron momentum kIdx = 0
The 5-th iteration is completed.	|| time cost : 0h 0m 16.029s
********************************************************************************************************************
Start the 6 rounds of NGS-ED iteration
	effective electronic model is modified as: kinetic energy t = 0.624526
	                                           effective interaction Vq = [-1.49982,-1.40581,-1.37193,-1.40581,-1.40581,-1.37603, -1.3657,-1.37603,-1.37193, -1.3657,-1.48162, -1.3657,-1.40581,-1.37603, -1.3657,-1.37603]
	PARPACK diagonalization completed after 45 matrix-vector product operations.
	iteration results: : total energy is -43.635327 | electron energy -48.346998 + phonon energy 4.711671 | electron momentum kIdx = 0
The 6-th iteration is completed.	|| time cost : 0h 0m 15.912s
********************************************************************************************************************
Start the 7 rounds of NGS-ED iteration
	effective electronic model is modified as: kinetic energy t = 0.653679
	                                           effective interaction Vq = [-1.49982,-1.37401,-1.33344,-1.37401,-1.37401,-1.33757,-1.32071,-1.33757,-1.33344,-1.32071,-1.48016,-1.32071,-1.37401,-1.33757,-1.32071,-1.33757]
	PARPACK diagonalization completed after 45 matrix-vector product operations.
	iteration results: : total energy is -43.942588 | electron energy -48.607293 + phonon energy 4.664705 | electron momentum kIdx = 0
The 7-th iteration is completed.	|| time cost : 0h 0m 15.918s
********************************************************************************************************************
Start the 8 rounds of NGS-ED iteration
	effective electronic model is modified as: kinetic energy t = 0.68049
	                                           effective interaction Vq = [-1.49982,-1.33772,-1.29189,-1.33772,-1.33772,  -1.296,-1.27037,  -1.296,-1.29189,-1.27037,-1.47952,-1.27037,-1.33772,  -1.296,-1.27037,  -1.296]
	PARPACK diagonalization completed after 45 matrix-vector product operations.
	iteration results: : total energy is -44.225542 | electron energy -48.814624 + phonon energy 4.589082 | electron momentum kIdx = 0
The 8-th iteration is completed.	|| time cost : 0h 0m 15.947s
********************************************************************************************************************
Start the 9 rounds of NGS-ED iteration
	effective electronic model is modified as: kinetic energy t = 0.704587
	                                           effective interaction Vq = [-1.49982,-1.29798,-1.24886,-1.29798,-1.29798, -1.2529, -1.2165, -1.2529,-1.24886, -1.2165,-1.47943, -1.2165,-1.29798, -1.2529, -1.2165, -1.2529]
	PARPACK diagonalization completed after 45 matrix-vector product operations.
	iteration results: : total energy is -44.480782 | electron energy -48.968677 + phonon energy 4.487896 | electron momentum kIdx = 0
The 9-th iteration is completed.	|| time cost : 0h 0m 15.889s
********************************************************************************************************************
Start the 10 rounds of NGS-ED iteration
	effective electronic model is modified as: kinetic energy t = 0.725754
	                                           effective interaction Vq = [-1.49983,-1.25623,-1.20593,-1.25623,-1.25623,-1.20988,-1.16134,-1.20988,-1.20593,-1.16134,-1.47965,-1.16134,-1.25623,-1.20988,-1.16134,-1.20988]
	PARPACK diagonalization completed after 30 matrix-vector product operations.
	iteration results: : total energy is -44.706394 | electron energy -49.072989 + phonon energy 4.366595 | electron momentum kIdx = 0
The 10-th iteration is completed.	|| time cost : 0h 0m 13.462s
********************************************************************************************************************
Start the 11 rounds of NGS-ED iteration
	effective electronic model is modified as: kinetic energy t = 0.744027
	                                           effective interaction Vq = [-1.49983,-1.21396,-1.16434,-1.21396,-1.21396,-1.16817,-1.10693,-1.16817,-1.16434,-1.10693,-1.48005,-1.10693,-1.21396,-1.16817,-1.10693,-1.16817]
	PARPACK diagonalization completed after 30 matrix-vector product operations.
	iteration results: : total energy is -44.903252 | electron energy -49.134721 + phonon energy 4.231469 | electron momentum kIdx = 0
The 11-th iteration is completed.	|| time cost : 0h 0m 13.429s
********************************************************************************************************************
Start the 12 rounds of NGS-ED iteration
	effective electronic model is modified as: kinetic energy t = 0.759647
	                                           effective interaction Vq = [-1.49983,-1.17236,-1.12485,-1.17236,-1.17236,-1.12854,-1.05468,-1.12854,-1.12485,-1.05468,-1.48051,-1.05468,-1.17236,-1.12854,-1.05468,-1.12854]
	PARPACK diagonalization completed after 30 matrix-vector product operations.
	iteration results: : total energy is -45.074216 | electron energy -49.162677 + phonon energy 4.088461 | electron momentum kIdx = 0
The 12-th iteration is completed.	|| time cost : 0h 0m 13.496s
********************************************************************************************************************
Start the 13 rounds of NGS-ED iteration
	effective electronic model is modified as: kinetic energy t = 0.772956
	                                           effective interaction Vq = [-1.49983,-1.13224,-1.08783,-1.13224,-1.13224,-1.09139,-1.00543,-1.09139,-1.08783,-1.00543,  -1.481,-1.00543,-1.13224,-1.09139,-1.00543,-1.09139]
	PARPACK diagonalization completed after 45 matrix-vector product operations.
	iteration results: : total energy is -45.222883 | electron energy -49.165407 + phonon energy 3.942524 | electron momentum kIdx = 0
The 13-th iteration is completed.	|| time cost : 0h 0m 16.075s
********************************************************************************************************************
Start the 14 rounds of NGS-ED iteration
	effective electronic model is modified as: kinetic energy t = 0.784319
	                                           effective interaction Vq = [ -1.49983,  -1.0941, -1.05338,  -1.0941,  -1.0941,  -1.0568,-0.959522,  -1.0568, -1.05338,-0.959522, -1.48148,-0.959522,  -1.0941,  -1.0568,-0.959522,  -1.0568]
	PARPACK diagonalization completed after 45 matrix-vector product operations.
	iteration results: : total energy is -45.352760 | electron energy -49.150184 + phonon energy 3.797424 | electron momentum kIdx = 0
The 14-th iteration is completed.	|| time cost : 0h 0m 15.943s
********************************************************************************************************************
Start the 15 rounds of NGS-ED iteration
	effective electronic model is modified as: kinetic energy t = 0.794073
	                                           effective interaction Vq = [ -1.49983, -1.05814, -1.02142, -1.05814, -1.05814, -1.02471,-0.916987, -1.02471, -1.02142,-0.916987, -1.48194,-0.916987, -1.05814, -1.02471,-0.916987, -1.02471]
	PARPACK diagonalization completed after 45 matrix-vector product operations.
	iteration results: : total energy is -45.466905 | electron energy -49.122717 + phonon energy 3.655812 | electron momentum kIdx = 0
The 15-th iteration is completed.	|| time cost : 0h 0m 16.012s
********************************************************************************************************************
Start the 16 rounds of NGS-ED iteration
	effective electronic model is modified as: kinetic energy t = 0.802511
	                                           effective interaction Vq = [ -1.49984, -1.02441,-0.991797, -1.02441, -1.02441,-0.994956,-0.877684,-0.994956,-0.991797,-0.877684, -1.48236,-0.877684, -1.02441,-0.994956,-0.877684,-0.994956]
	PARPACK diagonalization completed after 30 matrix-vector product operations.
	iteration results: : total energy is -45.567856 | electron energy -49.087272 + phonon energy 3.519416 | electron momentum kIdx = 0
The 16-th iteration is completed.	|| time cost : 0h 0m 13.452s
********************************************************************************************************************
Start the 17 rounds of NGS-ED iteration
	effective electronic model is modified as: kinetic energy t = 0.809875
	                                           effective interaction Vq = [ -1.49984, -0.99284,-0.964309, -0.99284, -0.99284,-0.967342,-0.841386,-0.967342,-0.964309,-0.841386, -1.48275,-0.841386, -0.99284,-0.967342,-0.841386,-0.967342]
	PARPACK diagonalization completed after 45 matrix-vector product operations.
	iteration results: : total energy is -45.657674 | electron energy -49.046933 + phonon energy 3.389260 | electron momentum kIdx = 0
The 17-th iteration is completed.	|| time cost : 0h 0m 16.018s
********************************************************************************************************************
Start the 18 rounds of NGS-ED iteration
	effective electronic model is modified as: kinetic energy t = 0.81636
	                                           effective interaction Vq = [ -1.49984,-0.963313,-0.938752,-0.963313,-0.963313,-0.941666,-0.807833,-0.941666,-0.938752,-0.807833, -1.48311,-0.807833,-0.963313,-0.941666,-0.807833,-0.941666]
	PARPACK diagonalization completed after 30 matrix-vector product operations.
	iteration results: : total energy is -45.738027 | electron energy -49.003879 + phonon energy 3.265852 | electron momentum kIdx = 0
The 18-th iteration is completed.	|| time cost : 0h 0m 13.448s
********************************************************************************************************************
Start the 19 rounds of NGS-ED iteration
	effective electronic model is modified as: kinetic energy t = 0.822124
	                                           effective interaction Vq = [ -1.49984,-0.935674,-0.914933,-0.935674,-0.935674,-0.917732,-0.776768,-0.917732,-0.914933,-0.776768, -1.48343,-0.776768,-0.935674,-0.917732,-0.776768,-0.917732]
	PARPACK diagonalization completed after 30 matrix-vector product operations.
	iteration results: : total energy is -45.810270 | electron energy -48.959618 + phonon energy 3.149348 | electron momentum kIdx = 0
The 19-th iteration is completed.	|| time cost : 0h 0m 13.444s
********************************************************************************************************************
Start the 20 rounds of NGS-ED iteration
	effective electronic model is modified as: kinetic energy t = 0.827289
	                                           effective interaction Vq = [ -1.49984,-0.909766,-0.892672,-0.909766,-0.909766,-0.895365,-0.747946,-0.895365,-0.892672,-0.747946, -1.48372,-0.747946,-0.909766,-0.895365,-0.747946,-0.895365]
	PARPACK diagonalization completed after 30 matrix-vector product operations.
	iteration results: : total energy is -45.875512 | electron energy -48.915182 + phonon energy 3.039670 | electron momentum kIdx = 0
The 20-th iteration is completed.	|| time cost : 0h 0m 13.436s
********************************************************************************************************************
Start the 21 rounds of NGS-ED iteration
	effective electronic model is modified as: kinetic energy t = 0.831955
	                                           effective interaction Vq = [ -1.49984,-0.885435,-0.871814,-0.885435,-0.885435,-0.874405,-0.721148,-0.874405,-0.871814,-0.721148, -1.48398,-0.721148,-0.885435,-0.874405,-0.721148,-0.874405]
	PARPACK diagonalization completed after 30 matrix-vector product operations.
	iteration results: : total energy is -45.934668 | electron energy -48.871258 + phonon energy 2.936590 | electron momentum kIdx = 0
The 21-th iteration is completed.	|| time cost : 0h 0m 13.456s
********************************************************************************************************************
Start the 22 rounds of NGS-ED iteration
	effective electronic model is modified as: kinetic energy t = 0.8362
	                                           effective interaction Vq = [ -1.49984,-0.862536, -0.85222,-0.862536,-0.862536,-0.854715,-0.696177,-0.854715, -0.85222,-0.696177, -1.48421,-0.696177,-0.862536,-0.854715,-0.696177,-0.854715]
	PARPACK diagonalization completed after 30 matrix-vector product operations.
	iteration results: : total energy is -45.988500 | electron energy -48.828295 + phonon energy 2.839796 | electron momentum kIdx = 0
The 22-th iteration is completed.	|| time cost : 0h 0m 13.463s
********************************************************************************************************************
Start the 23 rounds of NGS-ED iteration
	effective electronic model is modified as: kinetic energy t = 0.840086
	                                           effective interaction Vq = [ -1.49985,-0.840942,-0.833767,-0.840942,-0.840942,-0.836172,-0.672858,-0.836172,-0.833767,-0.672858, -1.48442,-0.672858,-0.840942,-0.836172,-0.672858,-0.836172]
	PARPACK diagonalization completed after 30 matrix-vector product operations.
	iteration results: : total energy is -46.037648 | electron energy -48.786576 + phonon energy 2.748928 | electron momentum kIdx = 0
The 23-th iteration is completed.	|| time cost : 0h 0m 13.443s
********************************************************************************************************************
Start the 24 rounds of NGS-ED iteration
	effective electronic model is modified as: kinetic energy t = 0.843663
	                                           effective interaction Vq = [ -1.49985,-0.820535,-0.816353,-0.820535,-0.820535,-0.818672,-0.651039,-0.818672,-0.816353,-0.651039, -1.48461,-0.651039,-0.820535,-0.818672,-0.651039,-0.818672]
	PARPACK diagonalization completed after 30 matrix-vector product operations.
	iteration results: : total energy is -46.082656 | electron energy -48.746268 + phonon energy 2.663612 | electron momentum kIdx = 0
The 24-th iteration is completed.	|| time cost : 0h 0m 13.456s
********************************************************************************************************************
Start the 25 rounds of NGS-ED iteration
	effective electronic model is modified as: kinetic energy t = 0.846973
	                                           effective interaction Vq = [ -1.49985,-0.801212,-0.799883,-0.801212,-0.801212,-0.802123,-0.630585,-0.802123,-0.799883,-0.630585, -1.48478,-0.630585,-0.801212,-0.802123,-0.630585,-0.802123]
	PARPACK diagonalization completed after 30 matrix-vector product operations.
	iteration results: : total energy is -46.123984 | electron energy -48.707457 + phonon energy 2.583473 | electron momentum kIdx = 0
The 25-th iteration is completed.	|| time cost : 0h 0m 13.543s
********************************************************************************************************************
Start the 26 rounds of NGS-ED iteration
	effective electronic model is modified as: kinetic energy t = 0.850047
	                                           effective interaction Vq = [ -1.49985,-0.782883,-0.784279,-0.782883,-0.782883,-0.786443,-0.611377,-0.786443,-0.784279,-0.611377, -1.48493,-0.611377,-0.782883,-0.786443,-0.611377,-0.786443]
	PARPACK diagonalization completed after 30 matrix-vector product operations.
	iteration results: : total energy is -46.162030 | electron energy -48.670176 + phonon energy 2.508146 | electron momentum kIdx = 0
The 26-th iteration is completed.	|| time cost : 0h 0m 13.446s
********************************************************************************************************************
Start the 27 rounds of NGS-ED iteration
	effective electronic model is modified as: kinetic energy t = 0.852914
	                                           effective interaction Vq = [ -1.49985,-0.765467,-0.769469,-0.765467,-0.765467,-0.771562, -0.59331,-0.771562,-0.769469, -0.59331, -1.48507, -0.59331,-0.765467,-0.771562, -0.59331,-0.771562]
	PARPACK diagonalization completed after 30 matrix-vector product operations.
	iteration results: : total energy is -46.197135 | electron energy -48.634422 + phonon energy 2.437287 | electron momentum kIdx = 0
The 27-th iteration is completed.	|| time cost : 0h 0m 13.438s
********************************************************************************************************************
Start the 28 rounds of NGS-ED iteration
	effective electronic model is modified as: kinetic energy t = 0.855596
	                                           effective interaction Vq = [ -1.49985,-0.748894,-0.755392,-0.748894,-0.748894,-0.757417,-0.576291,-0.757417,-0.755392,-0.576291,  -1.4852,-0.576291,-0.748894,-0.757417,-0.576291,-0.757417]
	PARPACK diagonalization completed after 30 matrix-vector product operations.
	iteration results: : total energy is -46.229597 | electron energy -48.600167 + phonon energy 2.370571 | electron momentum kIdx = 0
The 28-th iteration is completed.	|| time cost : 0h 0m 13.455s
********************************************************************************************************************
Start the 29 rounds of NGS-ED iteration
	effective electronic model is modified as: kinetic energy t = 0.858113
	                                           effective interaction Vq = [ -1.49985,-0.733101,-0.741993,-0.733101,-0.733101,-0.743954,-0.560236,-0.743954,-0.741993,-0.560236, -1.48531,-0.560236,-0.733101,-0.743954,-0.560236,-0.743954]
	PARPACK diagonalization completed after 30 matrix-vector product operations.
	iteration results: : total energy is -46.259673 | electron energy -48.567369 + phonon energy 2.307696 | electron momentum kIdx = 0
The 29-th iteration is completed.	|| time cost : 0h 0m 13.447s
********************************************************************************************************************
Start the 30 rounds of NGS-ED iteration
	effective electronic model is modified as: kinetic energy t = 0.86048
	                                           effective interaction Vq = [ -1.49985,-0.718034,-0.729222,-0.718034,-0.718034,-0.731123,-0.545072,-0.731123,-0.729222,-0.545072, -1.48542,-0.545072,-0.718034,-0.731123,-0.545072,-0.731123]
	PARPACK diagonalization completed after 30 matrix-vector product operations.
	iteration results: : total energy is -46.287590 | electron energy -48.535975 + phonon energy 2.248385 | electron momentum kIdx = 0
The 30-th iteration is completed.	|| time cost : 0h 0m 13.528s
********************************************************************************************************************
Start the 31 rounds of NGS-ED iteration
	effective electronic model is modified as: kinetic energy t = 0.862711
	                                           effective interaction Vq = [ -1.49985,-0.703642,-0.717036,-0.703642,-0.703642,-0.718879,-0.530731,-0.718879,-0.717036,-0.530731, -1.48551,-0.530731,-0.703642,-0.718879,-0.530731,-0.718879]
	PARPACK diagonalization completed after 30 matrix-vector product operations.
	iteration results: : total energy is -46.313547 | electron energy -48.505927 + phonon energy 2.192380 | electron momentum kIdx = 0
The 31-th iteration is completed.	|| time cost : 0h 0m 13.547s
********************************************************************************************************************
Start the 32 rounds of NGS-ED iteration
	effective electronic model is modified as: kinetic energy t = 0.864818
	                                           effective interaction Vq = [ -1.49986,-0.689883,-0.705395,-0.689883,-0.689883,-0.707184,-0.517154,-0.707184,-0.705395,-0.517154,  -1.4856,-0.517154,-0.689883,-0.707184,-0.517154,-0.707184]
	PARPACK diagonalization completed after 30 matrix-vector product operations.
	iteration results: : total energy is -46.337719 | electron energy -48.477165 + phonon energy 2.139446 | electron momentum kIdx = 0
The 32-th iteration is completed.	|| time cost : 0h 0m 13.497s
********************************************************************************************************************
Start the 33 rounds of NGS-ED iteration
	effective electronic model is modified as: kinetic energy t = 0.866812
	                                           effective interaction Vq = [ -1.49986,-0.676716,-0.694264,-0.676716,-0.676716,-0.696001,-0.504285,-0.696001,-0.694264,-0.504285, -1.48568,-0.504285,-0.676716,-0.696001,-0.504285,-0.696001]
	PARPACK diagonalization completed after 30 matrix-vector product operations.
	iteration results: : total energy is -46.360263 | electron energy -48.449629 + phonon energy 2.089366 | electron momentum kIdx = 0
The 33-th iteration is completed.	|| time cost : 0h 0m 13.476s
********************************************************************************************************************
Start the 34 rounds of NGS-ED iteration
	effective electronic model is modified as: kinetic energy t = 0.868701
	                                           effective interaction Vq = [ -1.49986,-0.664105,-0.683609,-0.664105,-0.664105,-0.685298,-0.492077,-0.685298,-0.683609,-0.492077, -1.48576,-0.492077,-0.664105,-0.685298,-0.492077,-0.685298]
	PARPACK diagonalization completed after 30 matrix-vector product operations.
	iteration results: : total energy is -46.381317 | electron energy -48.423258 + phonon energy 2.041942 | electron momentum kIdx = 0
The 34-th iteration is completed.	|| time cost : 0h 0m 13.484s
********************************************************************************************************************
Start the 35 rounds of NGS-ED iteration
	effective electronic model is modified as: kinetic energy t = 0.870494
	                                           effective interaction Vq = [ -1.49986,-0.652018,-0.673403,-0.652018,-0.652018,-0.675045,-0.480484,-0.675045,-0.673403,-0.480484, -1.48583,-0.480484,-0.652018,-0.675045,-0.480484,-0.675045]
	PARPACK diagonalization completed after 30 matrix-vector product operations.
	iteration results: : total energy is -46.401004 | electron energy -48.397995 + phonon energy 1.996992 | electron momentum kIdx = 0
The 35-th iteration is completed.	|| time cost : 0h 0m 13.437s
********************************************************************************************************************
Start the 36 rounds of NGS-ED iteration
	effective electronic model is modified as: kinetic energy t = 0.872198
	                                           effective interaction Vq = [ -1.49986,-0.640426,-0.663617,-0.640426,-0.640426,-0.665215,-0.469464,-0.665215,-0.663617,-0.469464, -1.48589,-0.469464,-0.640426,-0.665215,-0.469464,-0.665215]
	PARPACK diagonalization completed after 30 matrix-vector product operations.
	iteration results: : total energy is -46.419434 | electron energy -48.373784 + phonon energy 1.954349 | electron momentum kIdx = 0
The 36-th iteration is completed.	|| time cost : 0h 0m 13.441s
********************************************************************************************************************
Start the 37 rounds of NGS-ED iteration
	effective electronic model is modified as: kinetic energy t = 0.87382
	                                           effective interaction Vq = [ -1.49986,-0.629302,-0.654228,-0.629302,-0.629302,-0.655783,-0.458982,-0.655783,-0.654228,-0.458982, -1.48595,-0.458982,-0.629302,-0.655783,-0.458982,-0.655783]
	PARPACK diagonalization completed after 30 matrix-vector product operations.
	iteration results: : total energy is -46.436708 | electron energy -48.350570 + phonon energy 1.913862 | electron momentum kIdx = 0
The 37-th iteration is completed.	|| time cost : 0h 0m 13.447s
********************************************************************************************************************
Start the 38 rounds of NGS-ED iteration
	effective electronic model is modified as: kinetic energy t = 0.875364
	                                           effective interaction Vq = [ -1.49986,-0.618619,-0.645212,-0.618619,-0.618619,-0.646727,-0.449002,-0.646727,-0.645212,-0.449002, -1.48601,-0.449002,-0.618619,-0.646727,-0.449002,-0.646727]
	PARPACK diagonalization completed after 30 matrix-vector product operations.
	iteration results: : total energy is -46.452914 | electron energy -48.328302 + phonon energy 1.875389 | electron momentum kIdx = 0
The 38-th iteration is completed.	|| time cost : 0h 0m 13.799s
********************************************************************************************************************
Start the 39 rounds of NGS-ED iteration
	effective electronic model is modified as: kinetic energy t = 0.876836
	                                           effective interaction Vq = [ -1.49986,-0.608356,-0.636549,-0.608356,-0.608356,-0.638025,-0.439493,-0.638025,-0.636549,-0.439493, -1.48606,-0.439493,-0.608356,-0.638025,-0.439493,-0.638025]
	PARPACK diagonalization completed after 30 matrix-vector product operations.
	iteration results: : total energy is -46.468132 | electron energy -48.306933 + phonon energy 1.838801 | electron momentum kIdx = 0
The 39-th iteration is completed.	|| time cost : 0h 0m 13.45s
********************************************************************************************************************
Start the 40 rounds of NGS-ED iteration
	effective electronic model is modified as: kinetic energy t = 0.878241
	                                           effective interaction Vq = [ -1.49986,-0.598492,-0.628219,-0.598492,-0.598492,-0.629658,-0.430427,-0.629658,-0.628219,-0.430427, -1.48611,-0.430427,-0.598492,-0.629658,-0.430427,-0.629658]
	PARPACK diagonalization completed after 30 matrix-vector product operations.
	iteration results: : total energy is -46.482437 | electron energy -48.286417 + phonon energy 1.803980 | electron momentum kIdx = 0
The 40-th iteration is completed.	|| time cost : 0h 0m 13.412s
********************************************************************************************************************
Start the 41 rounds of NGS-ED iteration
	effective electronic model is modified as: kinetic energy t = 0.879583
	                                           effective interaction Vq = [ -1.49986,-0.589006,-0.620205,-0.589006,-0.589006,-0.621609,-0.421776,-0.621609,-0.620205,-0.421776, -1.48616,-0.421776,-0.589006,-0.621609,-0.421776,-0.621609]
	PARPACK diagonalization completed after 30 matrix-vector product operations.
	iteration results: : total energy is -46.495893 | electron energy -48.266710 + phonon energy 1.770817 | electron momentum kIdx = 0
The 41-th iteration is completed.	|| time cost : 0h 0m 13.439s
********************************************************************************************************************
Start the 42 rounds of NGS-ED iteration
	effective electronic model is modified as: kinetic energy t = 0.880866
	                                           effective interaction Vq = [ -1.49986, -0.57988, -0.61249, -0.57988, -0.57988, -0.61386,-0.413516, -0.61386, -0.61249,-0.413516, -1.48621,-0.413516, -0.57988, -0.61386,-0.413516, -0.61386]
	PARPACK diagonalization completed after 30 matrix-vector product operations.
	iteration results: : total energy is -46.508562 | electron energy -48.247772 + phonon energy 1.739210 | electron momentum kIdx = 0
The 42-th iteration is completed.	|| time cost : 0h 0m 14.771s
********************************************************************************************************************
Start the 43 rounds of NGS-ED iteration
	effective electronic model is modified as: kinetic energy t = 0.882094
	                                           effective interaction Vq = [ -1.49986,-0.571096,-0.605058,-0.571096,-0.571096,-0.606396,-0.405624,-0.606396,-0.605058,-0.405624, -1.48625,-0.405624,-0.571096,-0.606396,-0.405624,-0.606396]
	PARPACK diagonalization completed after 30 matrix-vector product operations.
	iteration results: : total energy is -46.520499 | electron energy -48.229565 + phonon energy 1.709066 | electron momentum kIdx = 0
The 43-th iteration is completed.	|| time cost : 0h 0m 13.507s
********************************************************************************************************************
Start the 44 rounds of NGS-ED iteration
	effective electronic model is modified as: kinetic energy t = 0.883269
	                                           effective interaction Vq = [ -1.49986, -0.56264,-0.597896, -0.56264, -0.56264,-0.599202,-0.398079,-0.599202,-0.597896,-0.398079, -1.48629,-0.398079, -0.56264,-0.599202,-0.398079,-0.599202]
	PARPACK diagonalization completed after 30 matrix-vector product operations.
	iteration results: : total energy is -46.531752 | electron energy -48.212052 + phonon energy 1.680300 | electron momentum kIdx = 0
The 44-th iteration is completed.	|| time cost : 0h 0m 13.436s
********************************************************************************************************************
Start the 45 rounds of NGS-ED iteration
	effective electronic model is modified as: kinetic energy t = 0.884395
	                                           effective interaction Vq = [ -1.49986,-0.554495, -0.59099,-0.554495,-0.554495,-0.592266,-0.390861,-0.592266, -0.59099,-0.390861, -1.48633,-0.390861,-0.554495,-0.592266,-0.390861,-0.592266]
	PARPACK diagonalization completed after 30 matrix-vector product operations.
	iteration results: : total energy is -46.542369 | electron energy -48.195200 + phonon energy 1.652830 | electron momentum kIdx = 0
The 45-th iteration is completed.	|| time cost : 0h 0m 13.436s
********************************************************************************************************************
Start the 46 rounds of NGS-ED iteration
	effective electronic model is modified as: kinetic energy t = 0.885474
	                                           effective interaction Vq = [ -1.49986,-0.546647,-0.584328,-0.546647,-0.546647,-0.585575,-0.383953,-0.585575,-0.584328,-0.383953, -1.48636,-0.383953,-0.546647,-0.585575,-0.383953,-0.585575]
	PARPACK diagonalization completed after 30 matrix-vector product operations.
	iteration results: : total energy is -46.552392 | electron energy -48.178976 + phonon energy 1.626585 | electron momentum kIdx = 0
The 46-th iteration is completed.	|| time cost : 0h 0m 13.457s
********************************************************************************************************************
Start the 47 rounds of NGS-ED iteration
	effective electronic model is modified as: kinetic energy t = 0.88651
