SNEDics v3.4 Non-Gaussian ED ground state program		Start at Tue Oct  1 14:39:25 2019

parallized on 16 MPI threads  * 8 OpenMP threads = 128 total threads.
********************************************************************************************************************
********************************************************************************************************************

********************************************************************************************************************
System parameters and configurations
********************************************************************************************************************
Special program options are enabled: splitted diagonal Hamiltonian
********************************************************************************************************************
Read input file "model_params.in"
	Hubbard-Holstein model parameters : 	t = 1    U = 5.24    g = 3.873    W = 5    
********************************************************************************************************************
Read input file "hilbertspace_params.in"
	Requested 16-site 2D lattice, with 16 electrons (8, 8)
	Boundary : Periodic		Hilbert space representation : momentum-space (restricted to kIdx = 0)
	Conservation: particle number[U(1)]      spin[U(1)]     momentum
********************************************************************************************************************

Cluster Positions:				Cluster symmetry group : D4
 x ... x ... x ... x .....                       x ... x ... x ... x .....
 |           |           :                       |           |           :
 |           |           :                       |           |           :
12    13    14    15     x                       1     5     6     5     x
 |           |           :                       |           |           :
 |           |           :                       |           |           :
 8 --- 9 ---10 ---11 --- x                       2 --- 6 ---10 --- 6 --- x
 |           |           :                       |           |           :
 |           |           :                       |           |           :
 4     5     6     7     x                       1     5     6     5     x
 |           |           :                       |           |           :
 |           |           :                       |           |           :
 0 --- 1 --- 2 --- 3 --- x                       0 --- 1 --- 2 --- 1 --- x
orbital number : 1
********************************************************************************************************************
Read input file "obs_params.in"
	Observable Type : Nq(All),   Sq(All),   N(All),   Delta[s](All),   Delta[d](All),   Delta[s+](All)
********************************************************************************************************************
** WARNING ** the input observables have non-local factors which have been reinterpreted. The total observable number is 96
********************************************************************************************************************


********************************************************************************************************************
Start calculating the non-Gaussian ED ground state
** WARNING ** Detected low phonon energy W < 10. The initial state will be prepared through a warm-up process.
********************************************************************************************************************
Start warm-up calculation for scaling factor 2
open output files: NGSEDWarmUpW10Obs.txt
********************************************************************************************************************
Start the 0 rounds of NGS-ED iteration
	effective electronic model is modified as: kinetic energy t = 1
	                                           effective interaction Vq = [-0,-0,-0,-0,-0,-0,-0,-0,-0,-0,-0,-0,-0,-0,-0,-0]
	first Hamiltonian is constructed, non-zero numbers = 2845383612
	PARPACK diagonalization completed after 90 matrix-vector product operations.
	iteration results: : total energy is -11.582307 | electron energy -11.582307 + phonon energy 0.000000 | electron momentum kIdx = 0
	Nq(0) = 16,	Nq(1) = 0.11771,	Nq(2) = 0.186705,	Nq(3) = 0.11771,	Nq(4) = 0.11771,	Nq(5) = 0.186705,	Nq(6) = 0.253222,	Nq(7) = 0.186705,	Nq(8) = 0.186705,	Nq(9) = 0.253222,	Nq(10) = 0.31257,	Nq(11) = 0.253222,	Nq(12) = 0.11771,	Nq(13) = 0.186705,	Nq(14) = 0.253222,	Nq(15) = 0.186705,	Sq(0) = -4.04023e-18,	Sq(1) = 0.426573,	Sq(2) = 0.63133,	Sq(3) = 0.426573,	Sq(4) = 0.426573,	Sq(5) = 0.63133,	Sq(6) = 0.849908,	Sq(7) = 0.63133,	Sq(8) = 0.63133,	Sq(9) = 0.849908,	Sq(10) = 4.18957,	Sq(11) = 0.849908,	Sq(12) = 0.426573,	Sq(13) = 0.63133,	Sq(14) = 0.849908,	Sq(15) = 0.63133,	N(0) = 1.88719,	N(1) = 1.75788,	N(2) = 1,	N(3) = 1.75788,	N(4) = 1.75788,	N(5) = 1,	N(6) = 0.242121,	N(7) = 1,	N(8) = 1,	N(9) = 0.242121,	N(10) = 0.112807,	N(11) = 0.242121,	N(12) = 1.75788,	N(13) = 1,	N(14) = 0.242121,	N(15) = 1,	Delta[s](0) = 0.139926,	Delta[s](1) = 0.117685,	Delta[s](2) = 0.092786,	Delta[s](3) = 0.117685,	Delta[s](4) = 0.117685,	Delta[s](5) = 0.092786,	Delta[s](6) = 0.0669498,	Delta[s](7) = 0.092786,	Delta[s](8) = 0.092786,	Delta[s](9) = 0.0669498,	Delta[s](10) = 0.0230841,	Delta[s](11) = 0.0669498,	Delta[s](12) = 0.117685,	Delta[s](13) = 0.092786,	Delta[s](14) = 0.0669498,	Delta[s](15) = 0.092786,	Delta[d](0) = 0.566393,	Delta[d](1) = 0.408025,	Delta[d](2) = 0.319869,	Delta[d](3) = 0.408025,	Delta[d](4) = 0.408025,	Delta[d](5) = 0.332107,	Delta[d](6) = 0.237453,	Delta[d](7) = 0.332107,	Delta[d](8) = 0.319869,	Delta[d](9) = 0.237453,	Delta[d](10) = 0.111846,	Delta[d](11) = 0.237453,	Delta[d](12) = 0.408025,	Delta[d](13) = 0.332107,	Delta[d](14) = 0.237453,	Delta[d](15) = 0.332107,	Delta[s+](0) = 0.601699,	Delta[s+](1) = 0.476027,	Delta[s+](2) = 0.319869,	Delta[s+](3) = 0.476027,	Delta[s+](4) = 0.476027,	Delta[s+](5) = 0.319869,	Delta[s+](6) = 0.169522,	Delta[s+](7) = 0.319869,	Delta[s+](8) = 0.319869,	Delta[s+](9) = 0.169522,	Delta[s+](10) = 0.0494023,	Delta[s+](11) = 0.169522,	Delta[s+](12) = 0.476027,	Delta[s+](13) = 0.319869,	Delta[s+](14) = 0.169522,	Delta[s+](15) = 0.319869
The 0-th iteration is completed.	|| time cost : 0h 8m 24.271s
********************************************************************************************************************
Start the 1 rounds of NGS-ED iteration
	effective electronic model is modified as: kinetic energy t = 0.930035
	                                           effective interaction Vq = [-2.59402,-2.31339,-2.24413,-2.31339,-2.31339,-2.24413,-2.21028,-2.24413,-2.24413,-2.21028,-2.18263,-2.21028,-2.31339,-2.24413,-2.21028,-2.24413]
	PARPACK diagonalization completed after 60 matrix-vector product operations.
	iteration results: : total energy is -61.357524 | electron energy -61.361669 + phonon energy 0.004146 | electron momentum kIdx = 0
The 1-th iteration is completed.	|| time cost : 0h 7m 47.384s
********************************************************************************************************************
Start the 2 rounds of NGS-ED iteration
	effective electronic model is modified as: kinetic energy t = 0.874798
	                                           effective interaction Vq = [-2.94508,-2.79605,-2.67968,-2.79605,-2.79605,-2.67968,-2.68301,-2.67968,-2.67968,-2.68301,-2.62261,-2.68301,-2.79605,-2.67968,-2.68301,-2.67968]
	PARPACK diagonalization completed after 75 matrix-vector product operations.
	iteration results: : total energy is -68.766850 | electron energy -68.804740 + phonon energy 0.037890 | electron momentum kIdx = 0
The 2-th iteration is completed.	|| time cost : 0h 0m 41.425s
********************************************************************************************************************
Start the 3 rounds of NGS-ED iteration
	effective electronic model is modified as: kinetic energy t = 0.840762
	                                           effective interaction Vq = [-2.99259,-2.90976,-2.87917,-2.90976,-2.90976,-2.87917,-2.81399,-2.87917,-2.87917,-2.81399,-2.80678,-2.81399,-2.90976,-2.87917,-2.81399,-2.87917]
	PARPACK diagonalization completed after 60 matrix-vector product operations.
	iteration results: : total energy is -70.228989 | electron energy -70.303774 + phonon energy 0.074785 | electron momentum kIdx = 0
The 3-th iteration is completed.	|| time cost : 0h 0m 36.747s
********************************************************************************************************************
Start the 4 rounds of NGS-ED iteration
	effective electronic model is modified as: kinetic energy t = 0.828388
	                                           effective interaction Vq = [-2.99902,-2.93773,-2.92718,-2.93773,-2.93773,-2.92718, -2.8505,-2.92718,-2.92718, -2.8505,-2.86086, -2.8505,-2.93773,-2.92718, -2.8505,-2.92718]
	PARPACK diagonalization completed after 45 matrix-vector product operations.
	iteration results: : total energy is -70.421318 | electron energy -70.517347 + phonon energy 0.096029 | electron momentum kIdx = 0
The 4-th iteration is completed.	|| time cost : 0h 0m 32.195s
********************************************************************************************************************
Start the 5 rounds of NGS-ED iteration
	effective electronic model is modified as: kinetic energy t = 0.824045
	                                           effective interaction Vq = [-2.99989,-2.94598,-2.94095,-2.94598,-2.94598,-2.94095,-2.86213,-2.94095,-2.94095,-2.86213,-2.87917,-2.86213,-2.94598,-2.94095,-2.86213,-2.94095]
	PARPACK diagonalization completed after 45 matrix-vector product operations.
	iteration results: : total energy is -70.446133 | electron energy -70.550966 + phonon energy 0.104833 | electron momentum kIdx = 0
The 5-th iteration is completed.	|| time cost : 0h 0m 32.076s
********************************************************************************************************************
Start the 6 rounds of NGS-ED iteration
	effective electronic model is modified as: kinetic energy t = 0.822533
	                                           effective interaction Vq = [-3.00001,-2.94864,-2.94529,-2.94864,-2.94864,-2.94529,-2.86606,-2.94529,-2.94529,-2.86606,-2.88591,-2.86606,-2.94864,-2.94529,-2.86606,-2.94529]
	PARPACK diagonalization completed after 45 matrix-vector product operations.
	iteration results: : total energy is -70.449327 | electron energy -70.557436 + phonon energy 0.108109 | electron momentum kIdx = 0
The 6-th iteration is completed.	|| time cost : 0h 0m 32.132s
********************************************************************************************************************
Start the 7 rounds of NGS-ED iteration
	effective electronic model is modified as: kinetic energy t = 0.822007
	                                           effective interaction Vq = [-3.00002,-2.94953,-2.94671,-2.94953,-2.94953,-2.94671,-2.86742,-2.94671,-2.94671,-2.86742,-2.88851,-2.86742,-2.94953,-2.94671,-2.86742,-2.94671]
	PARPACK diagonalization completed after 45 matrix-vector product operations.
	iteration results: : total energy is -70.449741 | electron energy -70.559027 + phonon energy 0.109286 | electron momentum kIdx = 0
The 7-th iteration is completed.	|| time cost : 0h 0m 32.086s
********************************************************************************************************************
Start the 8 rounds of NGS-ED iteration
	effective electronic model is modified as: kinetic energy t = 0.821822
	                                           effective interaction Vq = [-3.00003,-2.94983,-2.94718,-2.94983,-2.94983,-2.94718,-2.86789,-2.94718,-2.94718,-2.86789,-2.88954,-2.86789,-2.94983,-2.94718,-2.86789,-2.94718]
	PARPACK diagonalization completed after 30 matrix-vector product operations.
	iteration results: : total energy is -70.449795 | electron energy -70.559501 + phonon energy 0.109706 | electron momentum kIdx = 0
The 8-th iteration is completed.	|| time cost : 0h 0m 27.362s
********************************************************************************************************************
Start the 9 rounds of NGS-ED iteration
	effective electronic model is modified as: kinetic energy t = 0.821757
	                                           effective interaction Vq = [-3.00003,-2.94993,-2.94734,-2.94993,-2.94993,-2.94734,-2.86806,-2.94734,-2.94734,-2.86806,-2.88996,-2.86806,-2.94993,-2.94734,-2.86806,-2.94734]
	PARPACK diagonalization completed after 30 matrix-vector product operations.
	iteration results: : total energy is -70.449802 | electron energy -70.559659 + phonon energy 0.109857 | electron momentum kIdx = 0
	Nq(0) = 16,	Nq(1) = 0.402484,	Nq(2) = 0.762526,	Nq(3) = 0.402484,	Nq(4) = 0.402484,	Nq(5) = 0.762526,	Nq(6) = 0.650238,	Nq(7) = 0.762526,	Nq(8) = 0.762526,	Nq(9) = 0.650238,	Nq(10) = 0.94959,	Nq(11) = 0.650238,	Nq(12) = 0.402484,	Nq(13) = 0.762526,	Nq(14) = 0.650238,	Nq(15) = 0.762526,	Sq(0) = 7.44519e-19,	Sq(1) = 0.326996,	Sq(2) = 0.356662,	Sq(3) = 0.326996,	Sq(4) = 0.326996,	Sq(5) = 0.356662,	Sq(6) = 0.556566,	Sq(7) = 0.356662,	Sq(8) = 0.356662,	Sq(9) = 0.556566,	Sq(10) = 0.590143,	Sq(11) = 0.556566,	Sq(12) = 0.326996,	Sq(13) = 0.356662,	Sq(14) = 0.556566,	Sq(15) = 0.356662,	N(0) = 1.99779,	N(1) = 1.99401,	N(2) = 1,	N(3) = 1.99401,	N(4) = 1.99401,	N(5) = 1,	N(6) = 0.00598512,	N(7) = 1,	N(8) = 1,	N(9) = 0.00598512,	N(10) = 0.00221393,	N(11) = 0.00598512,	N(12) = 1.99401,	N(13) = 1,	N(14) = 0.00598512,	N(15) = 1,	Delta[s](0) = 0.6973,	Delta[s](1) = 0.317033,	Delta[s](2) = 0.275478,	Delta[s](3) = 0.317033,	Delta[s](4) = 0.317033,	Delta[s](5) = 0.275478,	Delta[s](6) = 0.253296,	Delta[s](7) = 0.275478,	Delta[s](8) = 0.275478,	Delta[s](9) = 0.253296,	Delta[s](10) = 0.236334,	Delta[s](11) = 0.253296,	Delta[s](12) = 0.317033,	Delta[s](13) = 0.275478,	Delta[s](14) = 0.253296,	Delta[s](15) = 0.275478,	Delta[d](0) = 0.339882,	Delta[d](1) = 0.283347,	Delta[d](2) = 0.257381,	Delta[d](3) = 0.283347,	Delta[d](4) = 0.283347,	Delta[d](5) = 0.252442,	Delta[d](6) = 0.239247,	Delta[d](7) = 0.252442,	Delta[d](8) = 0.257381,	Delta[d](9) = 0.239247,	Delta[d](10) = 0.165147,	Delta[d](11) = 0.239247,	Delta[d](12) = 0.283347,	Delta[d](13) = 0.252442,	Delta[d](14) = 0.239247,	Delta[d](15) = 0.252442,	Delta[s+](0) = 0.465125,	Delta[s+](1) = 0.382769,	Delta[s+](2) = 0.257381,	Delta[s+](3) = 0.382769,	Delta[s+](4) = 0.382769,	Delta[s+](5) = 0.257381,	Delta[s+](6) = 0.127507,	Delta[s+](7) = 0.257381,	Delta[s+](8) = 0.257381,	Delta[s+](9) = 0.127507,	Delta[s+](10) = 0.0425417,	Delta[s+](11) = 0.127507,	Delta[s+](12) = 0.382769,	Delta[s+](13) = 0.257381,	Delta[s+](14) = 0.127507,	Delta[s+](15) = 0.257381
The 9-th iteration is completed.	|| time cost : 0h 4m 51.211s
********************************************************************************************************************
********************************************************************************************************************
Ground state is obtained after 10 iterations. The current ground-state energy is -70.4498, in which electron energy is -70.5597 and phonon energy is 0.109857
final variational state is: 
	Gamma_x = [      1,1.02753,1.05394,1.02753,1.02753,1.05394,1.06673,1.05394,1.05394,1.06673,1.09201,1.06673,1.02753,1.05394,1.06673,1.05394]
	lambda_q = [  0.5477,0.476969,0.475172,0.476969,0.476969,0.475172,0.432873,0.475172,0.475172,0.432873,0.442894,0.432873,0.476969,0.475172,0.432873,0.475172]
********************************************************************************************************************
o___o  ----------------------------------------
| L |	Time since last clock: 0h 0m 0s
A===A	Time since the beginning: 0h 24m 56.894s
***********************************************


********************************************************************************************************************
Warm up runs have been completed. Start calculating W = 5 phonon.
open output files: NGSEDIterationObs.txt
********************************************************************************************************************
Start the 0 rounds of NGS-ED iteration
	effective electronic model is modified as: kinetic energy t = 0.821734
	                                           effective interaction Vq = [-2.74261, -2.5571,-2.55174, -2.5571, -2.5571,-2.55174,-2.41614,-2.55174,-2.55174,-2.41614,-2.44988,-2.41614, -2.5571,-2.55174,-2.41614,-2.55174]
	PARPACK diagonalization completed after 75 matrix-vector product operations.
	iteration results: : total energy is -62.709981 | electron energy -62.764937 + phonon energy 0.054955 | electron momentum kIdx = 0
	Nq(0) = 16,	Nq(1) = 0.359595,	Nq(2) = 0.37339,	Nq(3) = 0.359595,	Nq(4) = 0.359595,	Nq(5) = 0.37339,	Nq(6) = 0.574452,	Nq(7) = 0.37339,	Nq(8) = 0.37339,	Nq(9) = 0.574452,	Nq(10) = 0.602176,	Nq(11) = 0.574452,	Nq(12) = 0.359595,	Nq(13) = 0.37339,	Nq(14) = 0.574452,	Nq(15) = 0.37339,	Sq(0) = -1.30364e-18,	Sq(1) = 0.384487,	Sq(2) = 0.554084,	Sq(3) = 0.384487,	Sq(4) = 0.384487,	Sq(5) = 0.554084,	Sq(6) = 0.641569,	Sq(7) = 0.554084,	Sq(8) = 0.554084,	Sq(9) = 0.641569,	Sq(10) = 1.99257,	Sq(11) = 0.641569,	Sq(12) = 0.384487,	Sq(13) = 0.554084,	Sq(14) = 0.641569,	Sq(15) = 0.554084,	N(0) = 1.99939,	N(1) = 1.99847,	N(2) = 1,	N(3) = 1.99847,	N(4) = 1.99847,	N(5) = 1,	N(6) = 0.00153008,	N(7) = 1,	N(8) = 1,	N(9) = 0.00153008,	N(10) = 0.000614155,	N(11) = 0.00153008,	N(12) = 1.99847,	N(13) = 1,	N(14) = 0.00153008,	N(15) = 1,	Delta[s](0) = 0.250503,	Delta[s](1) = 0.243725,	Delta[s](2) = 0.196976,	Delta[s](3) = 0.243725,	Delta[s](4) = 0.243725,	Delta[s](5) = 0.196976,	Delta[s](6) = 0.190988,	Delta[s](7) = 0.196976,	Delta[s](8) = 0.196976,	Delta[s](9) = 0.190988,	Delta[s](10) = 0.118141,	Delta[s](11) = 0.190988,	Delta[s](12) = 0.243725,	Delta[s](13) = 0.196976,	Delta[s](14) = 0.190988,	Delta[s](15) = 0.196976,	Delta[d](0) = 0.545973,	Delta[d](1) = 0.325365,	Delta[d](2) = 0.28407,	Delta[d](3) = 0.325365,	Delta[d](4) = 0.325365,	Delta[d](5) = 0.334269,	Delta[d](6) = 0.252343,	Delta[d](7) = 0.334269,	Delta[d](8) = 0.28407,	Delta[d](9) = 0.252343,	Delta[d](10) = 0.127507,	Delta[d](11) = 0.252343,	Delta[d](12) = 0.325365,	Delta[d](13) = 0.334269,	Delta[d](14) = 0.252343,	Delta[d](15) = 0.334269,	Delta[s+](0) = 0.515649,	Delta[s+](1) = 0.424338,	Delta[s+](2) = 0.28407,	Delta[s+](3) = 0.424338,	Delta[s+](4) = 0.424338,	Delta[s+](5) = 0.28407,	Delta[s+](6) = 0.144276,	Delta[s+](7) = 0.28407,	Delta[s+](8) = 0.28407,	Delta[s+](9) = 0.144276,	Delta[s+](10) = 0.0458545,	Delta[s+](11) = 0.144276,	Delta[s+](12) = 0.424338,	Delta[s+](13) = 0.28407,	Delta[s+](14) = 0.144276,	Delta[s+](15) = 0.28407
The 0-th iteration is completed.	|| time cost : 0h 4m 39.899s
********************************************************************************************************************
Start the 1 rounds of NGS-ED iteration
	effective electronic model is modified as: kinetic energy t = 0.812938
	                                           effective interaction Vq = [-2.90533,-2.70137,-2.56262,-2.70137,-2.70137,-2.56262, -2.5233,-2.56262,-2.56262, -2.5233,  -2.466, -2.5233,-2.70137,-2.56262, -2.5233,-2.56262]
	PARPACK diagonalization completed after 60 matrix-vector product operations.
	iteration results: : total energy is -65.507872 | electron energy -65.659425 + phonon energy 0.151553 | electron momentum kIdx = 0
The 1-th iteration is completed.	|| time cost : 0h 0m 36.773s
********************************************************************************************************************
Start the 2 rounds of NGS-ED iteration
	effective electronic model is modified as: kinetic energy t = 0.804633
	                                           effective interaction Vq = [-2.96519,-2.77841,-2.57563,-2.77841,-2.77841,-2.57563,-2.59182,-2.57563,-2.57563,-2.59182,-2.48737,-2.59182,-2.77841,-2.57563,-2.59182,-2.57563]
	PARPACK diagonalization completed after 60 matrix-vector product operations.
	iteration results: : total energy is -66.541068 | electron energy -66.750541 + phonon energy 0.209473 | electron momentum kIdx = 0
The 2-th iteration is completed.	|| time cost : 0h 0m 36.724s
********************************************************************************************************************
Start the 3 rounds of NGS-ED iteration
	effective electronic model is modified as: kinetic energy t = 0.798516
	                                           effective interaction Vq = [-2.98721,-2.82128,-2.58554,-2.82128,-2.82128,-2.58554,-2.63479,-2.58554,-2.58554,-2.63479,-2.50313,-2.63479,-2.82128,-2.58554,-2.63479,-2.58554]
	PARPACK diagonalization completed after 60 matrix-vector product operations.
	iteration results: : total energy is -66.924385 | electron energy -67.166882 + phonon energy 0.242497 | electron momentum kIdx = 0
The 3-th iteration is completed.	|| time cost : 0h 0m 36.843s
********************************************************************************************************************
Start the 4 rounds of NGS-ED iteration
	effective electronic model is modified as: kinetic energy t = 0.794365
	                                           effective interaction Vq = [-2.99531,-2.84591,-2.59228,-2.84591,-2.84591,-2.59228,-2.66172,-2.59228,-2.59228,-2.66172,-2.51333,-2.66172,-2.84591,-2.59228,-2.66172,-2.59228]
	PARPACK diagonalization completed after 60 matrix-vector product operations.
	iteration results: : total energy is -67.066703 | electron energy -67.328829 + phonon energy 0.262126 | electron momentum kIdx = 0
The 4-th iteration is completed.	|| time cost : 0h 0m 36.778s
********************************************************************************************************************
Start the 5 rounds of NGS-ED iteration
	effective electronic model is modified as: kinetic energy t = 0.791646
	                                           effective interaction Vq = [-2.99829,-2.86042,-2.59672,-2.86042,-2.86042,-2.59672,-2.67865,-2.59672,-2.59672,-2.67865,-2.51963,-2.67865,-2.86042,-2.59672,-2.67865,-2.59672]
	PARPACK diagonalization completed after 60 matrix-vector product operations.
	iteration results: : total energy is -67.119543 | electron energy -67.393752 + phonon energy 0.274209 | electron momentum kIdx = 0
The 5-th iteration is completed.	|| time cost : 0h 0m 36.717s
********************************************************************************************************************
Start the 6 rounds of NGS-ED iteration
	effective electronic model is modified as: kinetic energy t = 0.789892
	                                           effective interaction Vq = [-2.99939,-2.86911,-2.59961,-2.86911,-2.86911,-2.59961,-2.68934,-2.59961,-2.59961,-2.68934,-2.52347,-2.68934,-2.86911,-2.59961,-2.68934,-2.59961]
	PARPACK diagonalization completed after 60 matrix-vector product operations.
	iteration results: : total energy is -67.139163 | electron energy -67.420952 + phonon energy 0.281789 | electron momentum kIdx = 0
The 6-th iteration is completed.	|| time cost : 0h 0m 36.716s
********************************************************************************************************************
Start the 7 rounds of NGS-ED iteration
	effective electronic model is modified as: kinetic energy t = 0.788769
	                                           effective interaction Vq = [-2.99979,-2.87439,-2.60151,-2.87439,-2.87439,-2.60151,-2.69611,-2.60151,-2.60151,-2.69611, -2.5258,-2.69611,-2.87439,-2.60151,-2.69611,-2.60151]
	PARPACK diagonalization completed after 45 matrix-vector product operations.
	iteration results: : total energy is -67.146450 | electron energy -67.433038 + phonon energy 0.286588 | electron momentum kIdx = 0
The 7-th iteration is completed.	|| time cost : 0h 0m 32.027s
********************************************************************************************************************
Start the 8 rounds of NGS-ED iteration
	effective electronic model is modified as: kinetic energy t = 0.788052
	                                           effective interaction Vq = [-2.99994,-2.87762,-2.60276,-2.87762,-2.87762,-2.60276, -2.7004,-2.60276,-2.60276, -2.7004,-2.52721, -2.7004,-2.87762,-2.60276, -2.7004,-2.60276]
	PARPACK diagonalization completed after 60 matrix-vector product operations.
	iteration results: : total energy is -67.149157 | electron energy -67.438794 + phonon energy 0.289637 | electron momentum kIdx = 0
The 8-th iteration is completed.	|| time cost : 0h 0m 36.725s
********************************************************************************************************************
Start the 9 rounds of NGS-ED iteration
	effective electronic model is modified as: kinetic energy t = 0.787596
	                                           effective interaction Vq = [-2.99999,-2.87962,-2.60359,-2.87962,-2.87962,-2.60359,-2.70312,-2.60359,-2.60359,-2.70312,-2.52806,-2.70312,-2.87962,-2.60359,-2.70312,-2.60359]
	PARPACK diagonalization completed after 60 matrix-vector product operations.
	iteration results: : total energy is -67.150164 | electron energy -67.441741 + phonon energy 0.291577 | electron momentum kIdx = 0
The 9-th iteration is completed.	|| time cost : 0h 0m 37.062s
********************************************************************************************************************
Start the 10 rounds of NGS-ED iteration
	effective electronic model is modified as: kinetic energy t = 0.787305
	                                           effective interaction Vq = [-3.00001,-2.88085,-2.60413,-2.88085,-2.88085,-2.60413,-2.70485,-2.60413,-2.60413,-2.70485,-2.52858,-2.70485,-2.88085,-2.60413,-2.70485,-2.60413]
	PARPACK diagonalization completed after 60 matrix-vector product operations.
	iteration results: : total energy is -67.150538 | electron energy -67.443350 + phonon energy 0.292812 | electron momentum kIdx = 0
	Nq(0) = 16,	Nq(1) = 0.439081,	Nq(2) = 0.372967,	Nq(3) = 0.439081,	Nq(4) = 0.439081,	Nq(5) = 0.372967,	Nq(6) = 0.656853,	Nq(7) = 0.372967,	Nq(8) = 0.372967,	Nq(9) = 0.656853,	Nq(10) = 0.604349,	Nq(11) = 0.656853,	Nq(12) = 0.439081,	Nq(13) = 0.372967,	Nq(14) = 0.656853,	Nq(15) = 0.372967,	Sq(0) = 4.17729e-18,	Sq(1) = 0.36307,	Sq(2) = 0.529389,	Sq(3) = 0.36307,	Sq(4) = 0.36307,	Sq(5) = 0.529389,	Sq(6) = 0.606339,	Sq(7) = 0.529389,	Sq(8) = 0.529389,	Sq(9) = 0.606339,	Sq(10) = 1.72015,	Sq(11) = 0.606339,	Sq(12) = 0.36307,	Sq(13) = 0.529389,	Sq(14) = 0.606339,	Sq(15) = 0.529389,	N(0) = 1.9998,	N(1) = 1.99672,	N(2) = 1,	N(3) = 1.99672,	N(4) = 1.99672,	N(5) = 1,	N(6) = 0.00327548,	N(7) = 1,	N(8) = 1,	N(9) = 0.00327548,	N(10) = 0.000200644,	N(11) = 0.00327548,	N(12) = 1.99672,	N(13) = 1,	N(14) = 0.00327548,	N(15) = 1,	Delta[s](0) = 0.262199,	Delta[s](1) = 0.264189,	Delta[s](2) = 0.214634,	Delta[s](3) = 0.264189,	Delta[s](4) = 0.264189,	Delta[s](5) = 0.214634,	Delta[s](6) = 0.215464,	Delta[s](7) = 0.214634,	Delta[s](8) = 0.214634,	Delta[s](9) = 0.215464,	Delta[s](10) = 0.144329,	Delta[s](11) = 0.215464,	Delta[s](12) = 0.264189,	Delta[s](13) = 0.214634,	Delta[s](14) = 0.215464,	Delta[s](15) = 0.214634,	Delta[d](0) = 0.575445,	Delta[d](1) = 0.336381,	Delta[d](2) = 0.29884,	Delta[d](3) = 0.336381,	Delta[d](4) = 0.336381,	Delta[d](5) = 0.348981,	Delta[d](6) = 0.269971,	Delta[d](7) = 0.348981,	Delta[d](8) = 0.29884,	Delta[d](9) = 0.269971,	Delta[d](10) = 0.145515,	Delta[d](11) = 0.269971,	Delta[d](12) = 0.336381,	Delta[d](13) = 0.348981,	Delta[d](14) = 0.269971,	Delta[d](15) = 0.348981,	Delta[s+](0) = 0.529733,	Delta[s+](1) = 0.436367,	Delta[s+](2) = 0.29884,	Delta[s+](3) = 0.436367,	Delta[s+](4) = 0.436367,	Delta[s+](5) = 0.29884,	Delta[s+](6) = 0.155989,	Delta[s+](7) = 0.29884,	Delta[s+](8) = 0.29884,	Delta[s+](9) = 0.155989,	Delta[s+](10) = 0.0580848,	Delta[s+](11) = 0.155989,	Delta[s+](12) = 0.436367,	Delta[s+](13) = 0.29884,	Delta[s+](14) = 0.155989,	Delta[s+](15) = 0.29884
The 10-th iteration is completed.	|| time cost : 0h 4m 30.995s
********************************************************************************************************************
Start the 11 rounds of NGS-ED iteration
	effective electronic model is modified as: kinetic energy t = 0.78712
	                                           effective interaction Vq = [-3.00002,-2.88162, -2.6045,-2.88162,-2.88162, -2.6045,-2.70595, -2.6045, -2.6045,-2.70595,-2.52889,-2.70595,-2.88162, -2.6045,-2.70595, -2.6045]
	PARPACK diagonalization completed after 45 matrix-vector product operations.
	iteration results: : total energy is -67.150678 | electron energy -67.444275 + phonon energy 0.293598 | electron momentum kIdx = 0
The 11-th iteration is completed.	|| time cost : 0h 0m 32.164s
********************************************************************************************************************
Start the 12 rounds of NGS-ED iteration
	effective electronic model is modified as: kinetic energy t = 0.787003
	                                           effective interaction Vq = [-3.00002,-2.88209,-2.60474,-2.88209,-2.88209,-2.60474,-2.70665,-2.60474,-2.60474,-2.70665,-2.52908,-2.70665,-2.88209,-2.60474,-2.70665,-2.60474]
	PARPACK diagonalization completed after 45 matrix-vector product operations.
	iteration results: : total energy is -67.150730 | electron energy -67.444828 + phonon energy 0.294098 | electron momentum kIdx = 0
The 12-th iteration is completed.	|| time cost : 0h 0m 32.032s
********************************************************************************************************************
Start the 13 rounds of NGS-ED iteration
	effective electronic model is modified as: kinetic energy t = 0.786928
	                                           effective interaction Vq = [-3.00003,-2.88239, -2.6049,-2.88239,-2.88239, -2.6049,-2.70709, -2.6049, -2.6049,-2.70709,-2.52919,-2.70709,-2.88239, -2.6049,-2.70709, -2.6049]
	PARPACK diagonalization completed after 45 matrix-vector product operations.
	iteration results: : total energy is -67.150749 | electron energy -67.445165 + phonon energy 0.294416 | electron momentum kIdx = 0
The 13-th iteration is completed.	|| time cost : 0h 0m 32.06s
********************************************************************************************************************
Start the 14 rounds of NGS-ED iteration
	effective electronic model is modified as: kinetic energy t = 0.78688
	                                           effective interaction Vq = [-3.00003,-2.88258,-2.60501,-2.88258,-2.88258,-2.60501,-2.70737,-2.60501,-2.60501,-2.70737,-2.52926,-2.70737,-2.88258,-2.60501,-2.70737,-2.60501]
	PARPACK diagonalization completed after 45 matrix-vector product operations.
	iteration results: : total energy is -67.150756 | electron energy -67.445375 + phonon energy 0.294619 | electron momentum kIdx = 0
The 14-th iteration is completed.	|| time cost : 0h 0m 32.062s
********************************************************************************************************************
Start the 15 rounds of NGS-ED iteration
	effective electronic model is modified as: kinetic energy t = 0.786849
	                                           effective interaction Vq = [-3.00003,-2.88269,-2.60508,-2.88269,-2.88269,-2.60508,-2.70755,-2.60508,-2.60508,-2.70755, -2.5293,-2.70755,-2.88269,-2.60508,-2.70755,-2.60508]
	PARPACK diagonalization completed after 30 matrix-vector product operations.
	iteration results: : total energy is -67.150759 | electron energy -67.445507 + phonon energy 0.294748 | electron momentum kIdx = 0
The 15-th iteration is completed.	|| time cost : 0h 0m 27.356s
********************************************************************************************************************
Start the 16 rounds of NGS-ED iteration
	effective electronic model is modified as: kinetic energy t = 0.78683
	                                           effective interaction Vq = [-3.00003,-2.88276,-2.60512,-2.88276,-2.88276,-2.60512,-2.70767,-2.60512,-2.60512,-2.70767,-2.52933,-2.70767,-2.88276,-2.60512,-2.70767,-2.60512]
	PARPACK diagonalization completed after 30 matrix-vector product operations.
	iteration results: : total energy is -67.150760 | electron energy -67.445590 + phonon energy 0.294830 | electron momentum kIdx = 0
The 16-th iteration is completed.	|| time cost : 0h 0m 27.374s
********************************************************************************************************************
Start the 17 rounds of NGS-ED iteration
	effective electronic model is modified as: kinetic energy t = 0.786818
	                                           effective interaction Vq = [-3.00003,-2.88281,-2.60516,-2.88281,-2.88281,-2.60516,-2.70774,-2.60516,-2.60516,-2.70774,-2.52934,-2.70774,-2.88281,-2.60516,-2.70774,-2.60516]
	PARPACK diagonalization completed after 30 matrix-vector product operations.
	iteration results: : total energy is -67.150760 | electron energy -67.445643 + phonon energy 0.294882 | electron momentum kIdx = 0
The 17-th iteration is completed.	|| time cost : 0h 0m 27.309s
********************************************************************************************************************
Start the 18 rounds of NGS-ED iteration
	effective electronic model is modified as: kinetic energy t = 0.78681
	                                           effective interaction Vq = [-3.00003,-2.88284,-2.60518,-2.88284,-2.88284,-2.60518,-2.70778,-2.60518,-2.60518,-2.70778,-2.52935,-2.70778,-2.88284,-2.60518,-2.70778,-2.60518]
	PARPACK diagonalization completed after 30 matrix-vector product operations.
	iteration results: : total energy is -67.150761 | electron energy -67.445676 + phonon energy 0.294916 | electron momentum kIdx = 0
The 18-th iteration is completed.	|| time cost : 0h 0m 27.349s
********************************************************************************************************************
Start the 19 rounds of NGS-ED iteration
	effective electronic model is modified as: kinetic energy t = 0.786805
	                                           effective interaction Vq = [-3.00003,-2.88286,-2.60519,-2.88286,-2.88286,-2.60519,-2.70781,-2.60519,-2.60519,-2.70781,-2.52936,-2.70781,-2.88286,-2.60519,-2.70781,-2.60519]
	PARPACK diagonalization completed after 30 matrix-vector product operations.
	iteration results: : total energy is -67.150761 | electron energy -67.445697 + phonon energy 0.294937 | electron momentum kIdx = 0
The 19-th iteration is completed.	|| time cost : 0h 0m 27.644s
********************************************************************************************************************
Start the 20 rounds of NGS-ED iteration
	effective electronic model is modified as: kinetic energy t = 0.786802
	                                           effective interaction Vq = [-3.00003,-2.88287, -2.6052,-2.88287,-2.88287, -2.6052,-2.70783, -2.6052, -2.6052,-2.70783,-2.52936,-2.70783,-2.88287, -2.6052,-2.70783, -2.6052]
	PARPACK diagonalization completed after 30 matrix-vector product operations.
	iteration results: : total energy is -67.150761 | electron energy -67.445711 + phonon energy 0.294950 | electron momentum kIdx = 0
	Nq(0) = 16,	Nq(1) = 0.439793,	Nq(2) = 0.373058,	Nq(3) = 0.439793,	Nq(4) = 0.439793,	Nq(5) = 0.373058,	Nq(6) = 0.657819,	Nq(7) = 0.373058,	Nq(8) = 0.373058,	Nq(9) = 0.657819,	Nq(10) = 0.604278,	Nq(11) = 0.657819,	Nq(12) = 0.439793,	Nq(13) = 0.373058,	Nq(14) = 0.657819,	Nq(15) = 0.373058,	Sq(0) = 6.38666e-18,	Sq(1) = 0.362831,	Sq(2) = 0.529077,	Sq(3) = 0.362831,	Sq(4) = 0.362831,	Sq(5) = 0.529077,	Sq(6) = 0.605972,	Sq(7) = 0.529077,	Sq(8) = 0.529077,	Sq(9) = 0.605972,	Sq(10) = 1.71725,	Sq(11) = 0.605972,	Sq(12) = 0.362831,	Sq(13) = 0.529077,	Sq(14) = 0.605972,	Sq(15) = 0.529077,	N(0) = 1.99979,	N(1) = 1.99664,	N(2) = 1,	N(3) = 1.99664,	N(4) = 1.99664,	N(5) = 1,	N(6) = 0.00335635,	N(7) = 1,	N(8) = 1,	N(9) = 0.00335635,	N(10) = 0.00020999,	N(11) = 0.00335635,	N(12) = 1.99664,	N(13) = 1,	N(14) = 0.00335635,	N(15) = 1,	Delta[s](0) = 0.262328,	Delta[s](1) = 0.2644,	Delta[s](2) = 0.214852,	Delta[s](3) = 0.2644,	Delta[s](4) = 0.2644,	Delta[s](5) = 0.214852,	Delta[s](6) = 0.215716,	Delta[s](7) = 0.214852,	Delta[s](8) = 0.214852,	Delta[s](9) = 0.215716,	Delta[s](10) = 0.144632,	Delta[s](11) = 0.215716,	Delta[s](12) = 0.2644,	Delta[s](13) = 0.214852,	Delta[s](14) = 0.215716,	Delta[s](15) = 0.214852,	Delta[d](0) = 0.576023,	Delta[d](1) = 0.336432,	Delta[d](2) = 0.298923,	Delta[d](3) = 0.336432,	Delta[d](4) = 0.336432,	Delta[d](5) = 0.348951,	Delta[d](6) = 0.270091,	Delta[d](7) = 0.348951,	Delta[d](8) = 0.298923,	Delta[d](9) = 0.270091,	Delta[d](10) = 0.145537,	Delta[d](11) = 0.270091,	Delta[d](12) = 0.336432,	Delta[d](13) = 0.348951,	Delta[d](14) = 0.270091,	Delta[d](15) = 0.348951,	Delta[s+](0) = 0.52972,	Delta[s+](1) = 0.436374,	Delta[s+](2) = 0.298923,	Delta[s+](3) = 0.436374,	Delta[s+](4) = 0.436374,	Delta[s+](5) = 0.298923,	Delta[s+](6) = 0.156102,	Delta[s+](7) = 0.298923,	Delta[s+](8) = 0.298923,	Delta[s+](9) = 0.156102,	Delta[s+](10) = 0.0582281,	Delta[s+](11) = 0.156102,	Delta[s+](12) = 0.436374,	Delta[s+](13) = 0.298923,	Delta[s+](14) = 0.156102,	Delta[s+](15) = 0.298923
The 20-th iteration is completed.	|| time cost : 0h 4m 25.683s
********************************************************************************************************************
Start the 21 rounds of NGS-ED iteration
	effective electronic model is modified as: kinetic energy t = 0.7868
	                                           effective interaction Vq = [-3.00003,-2.88288, -2.6052,-2.88288,-2.88288, -2.6052,-2.70784, -2.6052, -2.6052,-2.70784,-2.52936,-2.70784,-2.88288, -2.6052,-2.70784, -2.6052]
	PARPACK diagonalization completed after 30 matrix-vector product operations.
	iteration results: : total energy is -67.150761 | electron energy -67.445719 + phonon energy 0.294959 | electron momentum kIdx = 0
The 21-th iteration is completed.	|| time cost : 0h 0m 27.434s
********************************************************************************************************************
Start the 22 rounds of NGS-ED iteration
	effective electronic model is modified as: kinetic energy t = 0.786798
	                                           effective interaction Vq = [-3.00003,-2.88288,-2.60521,-2.88288,-2.88288,-2.60521,-2.70785,-2.60521,-2.60521,-2.70785,-2.52936,-2.70785,-2.88288,-2.60521,-2.70785,-2.60521]
	PARPACK diagonalization completed after 30 matrix-vector product operations.
	iteration results: : total energy is -67.150761 | electron energy -67.445725 + phonon energy 0.294964 | electron momentum kIdx = 0
The 22-th iteration is completed.	|| time cost : 0h 0m 27.364s
********************************************************************************************************************
Start the 23 rounds of NGS-ED iteration
	effective electronic model is modified as: kinetic energy t = 0.786797
	                                           effective interaction Vq = [-3.00003,-2.88288,-2.60521,-2.88288,-2.88288,-2.60521,-2.70785,-2.60521,-2.60521,-2.70785,-2.52937,-2.70785,-2.88288,-2.60521,-2.70785,-2.60521]
	PARPACK diagonalization completed after 30 matrix-vector product operations.
	iteration results: : total energy is -67.150761 | electron energy -67.445728 + phonon energy 0.294968 | electron momentum kIdx = 0
The 23-th iteration is completed.	|| time cost : 0h 0m 27.45s
********************************************************************************************************************
Start the 24 rounds of NGS-ED iteration
	effective electronic model is modified as: kinetic energy t = 0.786797
	                                           effective interaction Vq = [-3.00003,-2.88288,-2.60521,-2.88288,-2.88288,-2.60521,-2.70786,-2.60521,-2.60521,-2.70786,-2.52937,-2.70786,-2.88288,-2.60521,-2.70786,-2.60521]
	PARPACK diagonalization completed after 30 matrix-vector product operations.
	iteration results: : total energy is -67.150761 | electron energy -67.445730 + phonon energy 0.294970 | electron momentum kIdx = 0
The 24-th iteration is completed.	|| time cost : 0h 0m 27.45s
