SNEDics v3.22.2 Non-Gaussian ED ground state program		Start at Sun May 15 17:13:49 2022

Parallelization: 32 MPI threads  * 8 OpenMP threads = 256 total threads.
********************************************************************************************************************
********************************************************************************************************************

********************************************************************************************************************
System parameters and configurations
	special program options are enabled: splitted diagonal Hamiltonian | splitted Hamiltonian terms
********************************************************************************************************************
Read input file "model_params.in"
	Hubbard-Holstein model parameters : 	t = 1    U = 8    g = 0.35    W = 0.2    g' = 0.05    
********************************************************************************************************************
Read input file "hilbertspace_params.in"
	Requested 16-site 2D lattice, with 8 electrons (4, 4)
	Boundary : Periodic		Hilbert space representation : momentum-space (restricted to kIdx = 0)
	Conservation: particle number[U(1)]      spin[U(1)]     momentum
********************************************************************************************************************

Cluster Positions:				Cluster symmetry group : D4
 x ... x ... x ... x .....                       x ... x ... x ... x .....
 |           |           :                       |           |           :
 |           |           :                       |           |           :
12    13    14    15     x                       1     5     6     5     x
 |           |           :                       |           |           :
 |           |           :                       |           |           :
 8 --- 9 ---10 ---11 --- x                       2 --- 6 ---10 --- 6 --- x
 |           |           :                       |           |           :
 |           |           :                       |           |           :
 4     5     6     7     x                       1     5     6     5     x
 |           |           :                       |           |           :
 |           |           :                       |           |           :
 0 --- 1 --- 2 --- 3 --- x                       0 --- 1 --- 2 --- 1 --- x
orbital number : 1
********************************************************************************************************************
Read input file "obs_params.in"
	Observable Type : Nq(All),   Sq(All),   N(All-Orbital),   Delta[s](All),   Delta[d](All),   Delta[s+](All)
** WARNING ** the input observables have non-local factors which have been reinterpreted. The total observable number is 96
********************************************************************************************************************


********************************************************************************************************************
Start calculating the non-Gaussian ED ground state
Maximal iteration number is 1000; energy resolution is 1e-06. Phonon state relaxation time is 2000
W = 0.2 is relatively large. The non-Gaussian ED calculation starts directly.
open output files: NGSED_iteration_observables.txt
********************************************************************************************************************
Start the 0 rounds of NGS-ED iteration
	effective electronic model is modified as: kinetic energy t = 1
	                                           effective interaction Vq = [0,0,0,0,0,0,0,0,0,0,0,0,0,0,0,0]
	first Hamiltonian is constructed, size = 207184 and non-zero numbers = 32207050
	PARPACK diagonalization completed after 75 matrix-vector product operations.
	iteration results: : total energy is -16.460627 | electron energy -16.460627 + phonon energy 0.000000 | electron momentum kIdx = 0
	Nq(0) = 4,	Nq(1) = 0.217892,	Nq(2) = 0.275693,	Nq(3) = 0.217892,	Nq(4) = 0.217892,	Nq(5) = 0.260941,	
	Nq(6) = 0.370592,	Nq(7) = 0.260941,	Nq(8) = 0.275693,	Nq(9) = 0.370592,	Nq(10) = 0.4202,	
	Nq(11) = 0.370592,	Nq(12) = 0.217892,	Nq(13) = 0.260941,	Nq(14) = 0.370592,	Nq(15) = 0.260941;	
	Sq(0) = 2.57535e-18,	Sq(1) = 0.41044,	Sq(2) = 0.343979,	Sq(3) = 0.41044,	Sq(4) = 0.41044,	
	Sq(5) = 0.572101,	Sq(6) = 0.615629,	Sq(7) = 0.572101,	Sq(8) = 0.343979,	Sq(9) = 0.615629,	
	Sq(10) = 0.550078,	Sq(11) = 0.615629,	Sq(12) = 0.41044,	Sq(13) = 0.572101,	Sq(14) = 0.615629,	
	Sq(15) = 0.572101;	N(0) = 1.82882,	N(1) = 1.37933,	N(2) = 0.0780726,	N(3) = 1.37933,	
	N(4) = 1.37933,	N(5) = 0.0780398,	N(6) = 0.0412646,	N(7) = 0.0780398,	N(8) = 0.0780726,	
	N(9) = 0.0412646,	N(10) = 0.0205069,	N(11) = 0.0412646,	N(12) = 1.37933,	N(13) = 0.0780398,	
	N(14) = 0.0412646,	N(15) = 0.0780398;	Delta[s](0) = 0.0388417,	Delta[s](1) = 0.0209633,	Delta[s](2) = 0.00986024,	
	Delta[s](3) = 0.0209633,	Delta[s](4) = 0.0209633,	Delta[s](5) = 0.0100302,	Delta[s](6) = 0.00048237,	Delta[s](7) = 0.0100302,	
	Delta[s](8) = 0.00986024,	Delta[s](9) = 0.00048237,	Delta[s](10) = 0.000176736,	Delta[s](11) = 0.00048237,	Delta[s](12) = 0.0209633,	
	Delta[s](13) = 0.0100302,	Delta[s](14) = 0.00048237,	Delta[s](15) = 0.0100302;	Delta[d](0) = 0.2739,	Delta[d](1) = 0.0580858,	
	Delta[d](2) = 0.0793071,	Delta[d](3) = 0.0580858,	Delta[d](4) = 0.0580858,	Delta[d](5) = 0.0563845,	Delta[d](6) = 0.0122245,	
	Delta[d](7) = 0.0563845,	Delta[d](8) = 0.0793071,	Delta[d](9) = 0.0122245,	Delta[d](10) = 0.00818982,	Delta[d](11) = 0.0122245,	
	Delta[d](12) = 0.0580858,	Delta[d](13) = 0.0563845,	Delta[d](14) = 0.0122245,	Delta[d](15) = 0.0563845;	Delta[s+](0) = 0.400959,	
	Delta[s+](1) = 0.227173,	Delta[s+](2) = 0.0793071,	Delta[s+](3) = 0.227173,	Delta[s+](4) = 0.227173,	Delta[s+](5) = 0.0745533,	
	Delta[s+](6) = 0.00358741,	Delta[s+](7) = 0.0745533,	Delta[s+](8) = 0.0793071,	Delta[s+](9) = 0.00358741,	Delta[s+](10) = 0.000855791,	
	Delta[s+](11) = 0.00358741,	Delta[s+](12) = 0.227173,	Delta[s+](13) = 0.0745533,	Delta[s+](14) = 0.00358741,	Delta[s+](15) = 0.0745533
	
The 0-th iteration is completed.	|| time cost : 0h 0m 4.854s
********************************************************************************************************************
Start the 1 rounds of NGS-ED iteration
	effective electronic model is modified as: kinetic energy t = 0.992409
	                                           effective interaction Vq = [    -1.5125,  -0.164856, -0.0609193,  -0.164856,  -0.164856, -0.0574308, -0.0272392, -0.0574308, -0.0609193, -0.0272392,-0.00816839, -0.0272392,  -0.164856, -0.0574308, -0.0272392, -0.0574308]
	PARPACK diagonalization completed after 30 matrix-vector product operations.
	iteration results: : total energy is -22.648762 | electron energy -22.656846 + phonon energy 0.008084 | electron momentum kIdx = 0
The 1-th iteration is completed.	|| time cost : 0h 0m 3.441s
********************************************************************************************************************
Start the 2 rounds of NGS-ED iteration
	effective electronic model is modified as: kinetic energy t = 0.992255
	                                           effective interaction Vq = [   -1.5125, -0.168999,-0.0609281, -0.168999, -0.168999,-0.0574253,-0.0270235,-0.0574253,-0.0609281,-0.0270235,-0.0080667,-0.0270235, -0.168999,-0.0574253,-0.0270235,-0.0574253]
	PARPACK diagonalization completed after 30 matrix-vector product operations.
	iteration results: : total energy is -22.648803 | electron energy -22.657423 + phonon energy 0.008620 | electron momentum kIdx = 0
The 2-th iteration is completed.	|| time cost : 0h 0m 0.792s
********************************************************************************************************************
Start the 3 rounds of NGS-ED iteration
	effective electronic model is modified as: kinetic energy t = 0.992251
	                                           effective interaction Vq = [   -1.5125, -0.169136,-0.0609201, -0.169136, -0.169136,-0.0574208,-0.0270175,-0.0574208,-0.0609201,-0.0270175,-0.0080649,-0.0270175, -0.169136,-0.0574208,-0.0270175,-0.0574208]
	PARPACK diagonalization completed after 30 matrix-vector product operations.
	iteration results: : total energy is -22.648803 | electron energy -22.657440 + phonon energy 0.008638 | electron momentum kIdx = 0
The 3-th iteration is completed.	|| time cost : 0h 0m 0.79s
********************************************************************************************************************
Start the 4 rounds of NGS-ED iteration
	effective electronic model is modified as: kinetic energy t = 0.99225
	                                           effective interaction Vq = [    -1.5125,  -0.169141, -0.0609197,  -0.169141,  -0.169141, -0.0574206, -0.0270173, -0.0574206, -0.0609197, -0.0270173,-0.00806484, -0.0270173,  -0.169141, -0.0574206, -0.0270173, -0.0574206]
	PARPACK diagonalization completed after 30 matrix-vector product operations.
	iteration results: : total energy is -22.648803 | electron energy -22.657441 + phonon energy 0.008638 | electron momentum kIdx = 0
The 4-th iteration is completed.	|| time cost : 0h 0m 0.79s
********************************************************************************************************************
Start the 5 rounds of NGS-ED iteration
	effective electronic model is modified as: kinetic energy t = 0.99225
	                                           effective interaction Vq = [    -1.5125,  -0.169141, -0.0609197,  -0.169141,  -0.169141, -0.0574206, -0.0270173, -0.0574206, -0.0609197, -0.0270173,-0.00806484, -0.0270173,  -0.169141, -0.0574206, -0.0270173, -0.0574206]
	PARPACK diagonalization completed after 30 matrix-vector product operations.
	iteration results: : total energy is -22.648803 | electron energy -22.657441 + phonon energy 0.008638 | electron momentum kIdx = 0
	Nq(0) = 4,	Nq(1) = 0.222808,	Nq(2) = 0.275945,	Nq(3) = 0.222808,	Nq(4) = 0.222808,	Nq(5) = 0.261136,	
	Nq(6) = 0.367991,	Nq(7) = 0.261136,	Nq(8) = 0.275945,	Nq(9) = 0.367991,	Nq(10) = 0.415143,	
	Nq(11) = 0.367991,	Nq(12) = 0.222808,	Nq(13) = 0.261136,	Nq(14) = 0.367991,	Nq(15) = 0.261136;	
	Sq(0) = -1.80285e-19,	Sq(1) = 0.408986,	Sq(2) = 0.344335,	Sq(3) = 0.408986,	Sq(4) = 0.408986,	
	Sq(5) = 0.572315,	Sq(6) = 0.614671,	Sq(7) = 0.572315,	Sq(8) = 0.344335,	Sq(9) = 0.614671,	
	Sq(10) = 0.55267,	Sq(11) = 0.614671,	Sq(12) = 0.408986,	Sq(13) = 0.572315,	Sq(14) = 0.614671,	
	Sq(15) = 0.572315;	N(0) = 1.83188,	N(1) = 1.38126,	N(2) = 0.0757982,	N(3) = 1.38126,	
	N(4) = 1.38126,	N(5) = 0.0757805,	N(6) = 0.0417637,	N(7) = 0.0757805,	N(8) = 0.0757982,	
	N(9) = 0.0417637,	N(10) = 0.0213107,	N(11) = 0.0417637,	N(12) = 1.38126,	N(13) = 0.0757805,	
	N(14) = 0.0417637,	N(15) = 0.0757805;	Delta[s](0) = 0.0394404,	Delta[s](1) = 0.0212713,	Delta[s](2) = 0.00996784,	
	Delta[s](3) = 0.0212713,	Delta[s](4) = 0.0212713,	Delta[s](5) = 0.0101904,	Delta[s](6) = 0.000495992,	Delta[s](7) = 0.0101904,	
	Delta[s](8) = 0.00996784,	Delta[s](9) = 0.000495992,	Delta[s](10) = 0.000178582,	Delta[s](11) = 0.000495992,	Delta[s](12) = 0.0212713,	
	Delta[s](13) = 0.0101904,	Delta[s](14) = 0.000495992,	Delta[s](15) = 0.0101904;	Delta[d](0) = 0.277054,	Delta[d](1) = 0.0577541,	
	Delta[d](2) = 0.0794138,	Delta[d](3) = 0.0577541,	Delta[d](4) = 0.0577541,	Delta[d](5) = 0.0571896,	Delta[d](6) = 0.0121069,	
	Delta[d](7) = 0.0571896,	Delta[d](8) = 0.0794138,	Delta[d](9) = 0.0121069,	Delta[d](10) = 0.00836615,	Delta[d](11) = 0.0121069,	
	Delta[d](12) = 0.0577541,	Delta[d](13) = 0.0571896,	Delta[d](14) = 0.0121069,	Delta[d](15) = 0.0571896;	Delta[s+](0) = 0.403066,	
	Delta[s+](1) = 0.22839,	Delta[s+](2) = 0.0794138,	Delta[s+](3) = 0.22839,	Delta[s+](4) = 0.22839,	Delta[s+](5) = 0.0748343,	
	Delta[s+](6) = 0.00366958,	Delta[s+](7) = 0.0748343,	Delta[s+](8) = 0.0794138,	Delta[s+](9) = 0.00366958,	Delta[s+](10) = 0.000909129,	
	Delta[s+](11) = 0.00366958,	Delta[s+](12) = 0.22839,	Delta[s+](13) = 0.0748343,	Delta[s+](14) = 0.00366958,	Delta[s+](15) = 0.0748343
	
The 5-th iteration is completed.	|| time cost : 0h 0m 2.974s
********************************************************************************************************************
********************************************************************************************************************
Ground state is obtained after 6 iterations. The current ground-state energy is -22.6488, in which electron energy is -22.6574 and phonon energy is 0.00863826
Final variational state is: 
	Gamma_x = [      1,1.19586, 1.0852,1.19586,1.19586, 1.0758,1.04977, 1.0758, 1.0852,1.04977,1.01656,1.04977,1.19586, 1.0758,1.04977, 1.0758]
	lambda_q = [     2.75, 0.196516, 0.089307, 0.196516, 0.196516,0.0840477,0.0552559,0.0840477, 0.089307,0.0552559,0.0273827,0.0552559, 0.196516,0.0840477,0.0552559,0.0840477]
Effective e-e interactions mediated by phonons are:
	momentum-space Vq = [    -1.5125,  -0.169141, -0.0609197,  -0.169141,  -0.169141, -0.0574206, -0.0270173, -0.0574206, -0.0609197, -0.0270173,-0.00806484, -0.0270173,  -0.169141, -0.0574206, -0.0270173, -0.0574206]
	real-space Vr = [ -0.166045, -0.111793,-0.0882951, -0.111793, -0.111793,-0.0874203,-0.0762618,-0.0874203,-0.0882951,-0.0762618,-0.0679659,-0.0762618, -0.111793,-0.0874203,-0.0762618,-0.0874203]
********************************************************************************************************************
o___o  ----------------------------------------
| L |	Time since last clock: 0h 0m 0.01s
A===A	Time since the beginning: 0h 0m 13.653s
***********************************************


Non-Gaussina ED ground state calculation is completed. The final ground-state energy is -22.6488
********************************************************************************************************************
o___o  ----------------------------------------
| L |	Time since last clock: 0h 0m 0.003s
A===A	Time since the beginning: 0h 0m 13.657s
***********************************************



********************************************************************************************************************
All non-Gaussian ED ground state calculations have been completed. Exit now.
