SNEDics v3.4 Non-Gaussian ED ground state program		Start at Mon Feb 24 10:30:05 2020

parallized on 16 MPI threads  * 8 OpenMP threads = 128 total threads.
********************************************************************************************************************
********************************************************************************************************************

********************************************************************************************************************
System parameters and configurations
********************************************************************************************************************
Special program options are enabled: splitted diagonal Hamiltonian
********************************************************************************************************************
Read input file "model_params.in"
	Hubbard-Holstein model parameters : 	t = 1    U = 8    g = 8.39047    W = 16    
********************************************************************************************************************
Read input file "hilbertspace_params.in"
	Requested 16-site 2D lattice, with 16 electrons (8, 8)
	Boundary : Periodic		Hilbert space representation : momentum-space (restricted to kIdx = 0)
	Conservation: particle number[U(1)]      spin[U(1)]     momentum
********************************************************************************************************************

Cluster Positions:				Cluster symmetry group : D4
 x ... x ... x ... x .....                       x ... x ... x ... x .....
 |           |           :                       |           |           :
 |           |           :                       |           |           :
12    13    14    15     x                       1     5     6     5     x
 |           |           :                       |           |           :
 |           |           :                       |           |           :
 8 --- 9 ---10 ---11 --- x                       2 --- 6 ---10 --- 6 --- x
 |           |           :                       |           |           :
 |           |           :                       |           |           :
 4     5     6     7     x                       1     5     6     5     x
 |           |           :                       |           |           :
 |           |           :                       |           |           :
 0 --- 1 --- 2 --- 3 --- x                       0 --- 1 --- 2 --- 1 --- x
orbital number : 1
********************************************************************************************************************
Read input file "obs_params.in"
	Observable Type : Nq(All),   Sq(All),   N(All),   Delta[s](All),   Delta[d](All),   Delta[s+](All)
********************************************************************************************************************
** WARNING ** the input observables have non-local factors which have been reinterpreted. The total observable number is 96
********************************************************************************************************************


********************************************************************************************************************
Start calculating the non-Gaussian ED ground state
W = 16 is relatively large. The non-Gaussian ED calculation starts directly.
open output files: NGSEDIterationObs.txt
********************************************************************************************************************
Start the 0 rounds of NGS-ED iteration
	effective electronic model is modified as: kinetic energy t = 1
	                                           effective interaction Vq = [-0,-0,-0,-0,-0,-0,-0,-0,-0,-0,-0,-0,-0,-0,-0,-0]
	first Hamiltonian is constructed, non-zero numbers = 2845383612
	PARPACK diagonalization completed after 105 matrix-vector product operations.
	iteration results: : total energy is -8.468875 | electron energy -8.468875 + phonon energy 0.000000 | electron momentum kIdx = 0
	Nq(0) = 16,	Nq(1) = 0.0625034,	Nq(2) = 0.109912,	Nq(3) = 0.0625034,	Nq(4) = 0.0625034,	Nq(5) = 0.109912,	Nq(6) = 0.152438,	Nq(7) = 0.109912,	Nq(8) = 0.109912,	Nq(9) = 0.152438,	Nq(10) = 0.1925,	Nq(11) = 0.152438,	Nq(12) = 0.0625034,	Nq(13) = 0.109912,	Nq(14) = 0.152438,	Nq(15) = 0.109912,	Sq(0) = 1.02167e-18,	Sq(1) = 0.412873,	Sq(2) = 0.641315,	Sq(3) = 0.412873,	Sq(4) = 0.412873,	Sq(5) = 0.641315,	Sq(6) = 0.93882,	Sq(7) = 0.641315,	Sq(8) = 0.641315,	Sq(9) = 0.93882,	Sq(10) = 5.0336,	Sq(11) = 0.93882,	Sq(12) = 0.412873,	Sq(13) = 0.641315,	Sq(14) = 0.93882,	Sq(15) = 0.641315,	N(0) = 1.77534,	N(1) = 1.56957,	N(2) = 1,	N(3) = 1.56957,	N(4) = 1.56957,	N(5) = 1,	N(6) = 0.430429,	N(7) = 1,	N(8) = 1,	N(9) = 0.430429,	N(10) = 0.224665,	N(11) = 0.430429,	N(12) = 1.56957,	N(13) = 1,	N(14) = 0.430429,	N(15) = 1,	Delta[s](0) = 0.0823213,	Delta[s](1) = 0.068808,	Delta[s](2) = 0.0544697,	Delta[s](3) = 0.068808,	Delta[s](4) = 0.068808,	Delta[s](5) = 0.0544697,	Delta[s](6) = 0.0385,	Delta[s](7) = 0.0544697,	Delta[s](8) = 0.0544697,	Delta[s](9) = 0.0385,	Delta[s](10) = 0.017496,	Delta[s](11) = 0.0385,	Delta[s](12) = 0.068808,	Delta[s](13) = 0.0544697,	Delta[s](14) = 0.0385,	Delta[s](15) = 0.0544697,	Delta[d](0) = 0.588662,	Delta[d](1) = 0.453469,	Delta[d](2) = 0.343809,	Delta[d](3) = 0.453469,	Delta[d](4) = 0.453469,	Delta[d](5) = 0.349949,	Delta[d](6) = 0.243341,	Delta[d](7) = 0.349949,	Delta[d](8) = 0.343809,	Delta[d](9) = 0.243341,	Delta[d](10) = 0.126189,	Delta[d](11) = 0.243341,	Delta[d](12) = 0.453469,	Delta[d](13) = 0.349949,	Delta[d](14) = 0.243341,	Delta[d](15) = 0.349949,	Delta[s+](0) = 0.613408,	Delta[s+](1) = 0.485734,	Delta[s+](2) = 0.343809,	Delta[s+](3) = 0.485734,	Delta[s+](4) = 0.485734,	Delta[s+](5) = 0.343809,	Delta[s+](6) = 0.203986,	Delta[s+](7) = 0.343809,	Delta[s+](8) = 0.343809,	Delta[s+](9) = 0.203986,	Delta[s+](10) = 0.0787142,	Delta[s+](11) = 0.203986,	Delta[s+](12) = 0.485734,	Delta[s+](13) = 0.343809,	Delta[s+](14) = 0.203986,	Delta[s+](15) = 0.343809
The 0-th iteration is completed.	|| time cost : 0h 8m 6.72s
********************************************************************************************************************
Start the 1 rounds of NGS-ED iteration
	effective electronic model is modified as: kinetic energy t = 0.905991
	                                           effective interaction Vq = [-4.22065,-3.78132,-3.71917,-3.78132,-3.78132,-3.71917,-3.67813,-3.71917,-3.71917,-3.67813,-3.64849,-3.67813,-3.78132,-3.71917,-3.67813,-3.71917]
	PARPACK diagonalization completed after 60 matrix-vector product operations.
	iteration results: : total energy is -87.368932 | electron energy -87.374166 + phonon energy 0.005234 | electron momentum kIdx = 0
The 1-th iteration is completed.	|| time cost : 0h 7m 16.301s
********************************************************************************************************************
Start the 2 rounds of NGS-ED iteration
	effective electronic model is modified as: kinetic energy t = 0.843955
	                                           effective interaction Vq = [-4.39269, -4.3011,-4.20825, -4.3011, -4.3011,-4.20825,-4.21484,-4.20825,-4.20825,-4.21484,   -4.16,-4.21484, -4.3011,-4.20825,-4.21484,-4.20825]
	PARPACK diagonalization completed after 75 matrix-vector product operations.
	iteration results: : total energy is -92.557799 | electron energy -92.604085 + phonon energy 0.046285 | electron momentum kIdx = 0
The 2-th iteration is completed.	|| time cost : 0h 0m 41.487s
********************************************************************************************************************
Start the 3 rounds of NGS-ED iteration
	effective electronic model is modified as: kinetic energy t = 0.818058
	                                           effective interaction Vq = [ -4.3997,-4.35982,-4.34505,-4.35982,-4.35982,-4.34505, -4.2973,-4.34505,-4.34505, -4.2973,-4.29731, -4.2973,-4.35982,-4.34505, -4.2973,-4.34505]
	PARPACK diagonalization completed after 60 matrix-vector product operations.
	iteration results: : total energy is -93.082273 | electron energy -93.150947 + phonon energy 0.068673 | electron momentum kIdx = 0
The 3-th iteration is completed.	|| time cost : 0h 0m 36.785s
********************************************************************************************************************
Start the 4 rounds of NGS-ED iteration
	effective electronic model is modified as: kinetic energy t = 0.81267
	                                           effective interaction Vq = [-4.39999,-4.36751,-4.36268,-4.36751,-4.36751,-4.36268,-4.31031,-4.36268,-4.36268,-4.31031,-4.32311,-4.31031,-4.36751,-4.36268,-4.31031,-4.36268]
	PARPACK diagonalization completed after 45 matrix-vector product operations.
	iteration results: : total energy is -93.104555 | electron energy -93.179732 + phonon energy 0.075177 | electron momentum kIdx = 0
The 4-th iteration is completed.	|| time cost : 0h 0m 32.084s
********************************************************************************************************************
Start the 5 rounds of NGS-ED iteration
	effective electronic model is modified as: kinetic energy t = 0.811551
	                                           effective interaction Vq = [    -4.4,-4.36883,-4.36552,-4.36883,-4.36883,-4.36552,-4.31281,-4.36552,-4.36552,-4.31281, -4.3303,-4.31281,-4.36883,-4.36552,-4.31281,-4.36552]
	PARPACK diagonalization completed after 45 matrix-vector product operations.
	iteration results: : total energy is -93.105551 | electron energy -93.182215 + phonon energy 0.076664 | electron momentum kIdx = 0
The 5-th iteration is completed.	|| time cost : 0h 0m 31.981s
********************************************************************************************************************
Start the 6 rounds of NGS-ED iteration
	effective electronic model is modified as: kinetic energy t = 0.811295
	                                           effective interaction Vq = [    -4.4,-4.36908,-4.36591,-4.36908,-4.36908,-4.36591,-4.31334,-4.36591,-4.36591,-4.31334,-4.33318,-4.31334,-4.36908,-4.36591,-4.31334,-4.36591]
	PARPACK diagonalization completed after 30 matrix-vector product operations.
	iteration results: : total energy is -93.105633 | electron energy -93.182659 + phonon energy 0.077026 | electron momentum kIdx = 0
The 6-th iteration is completed.	|| time cost : 0h 0m 27.42s
********************************************************************************************************************
Start the 7 rounds of NGS-ED iteration
	effective electronic model is modified as: kinetic energy t = 0.811221
	                                           effective interaction Vq = [    -4.4,-4.36914,-4.36589,-4.36914,-4.36914,-4.36589,-4.31346,-4.36589,-4.36589,-4.31346,-4.33473,-4.31346,-4.36914,-4.36589,-4.31346,-4.36589]
	PARPACK diagonalization completed after 30 matrix-vector product operations.
	iteration results: : total energy is -93.105654 | electron energy -93.182794 + phonon energy 0.077140 | electron momentum kIdx = 0
The 7-th iteration is completed.	|| time cost : 0h 0m 27.468s
********************************************************************************************************************
Start the 8 rounds of NGS-ED iteration
	effective electronic model is modified as: kinetic energy t = 0.811189
	                                           effective interaction Vq = [    -4.4,-4.36915,-4.36581,-4.36915,-4.36915,-4.36581, -4.3135,-4.36581,-4.36581, -4.3135,-4.33574, -4.3135,-4.36915,-4.36581, -4.3135,-4.36581]
	PARPACK diagonalization completed after 30 matrix-vector product operations.
	iteration results: : total energy is -93.105664 | electron energy -93.182856 + phonon energy 0.077192 | electron momentum kIdx = 0
The 8-th iteration is completed.	|| time cost : 0h 0m 27.277s
********************************************************************************************************************
Start the 9 rounds of NGS-ED iteration
	effective electronic model is modified as: kinetic energy t = 0.811171
	                                           effective interaction Vq = [    -4.4,-4.36916,-4.36574,-4.36916,-4.36916,-4.36574,-4.31351,-4.36574,-4.36574,-4.31351,-4.33647,-4.31351,-4.36916,-4.36574,-4.31351,-4.36574]
	PARPACK diagonalization completed after 30 matrix-vector product operations.
	iteration results: : total energy is -93.105669 | electron energy -93.182894 + phonon energy 0.077225 | electron momentum kIdx = 0
The 9-th iteration is completed.	|| time cost : 0h 0m 27.406s
********************************************************************************************************************
Start the 10 rounds of NGS-ED iteration
	effective electronic model is modified as: kinetic energy t = 0.811157
	                                           effective interaction Vq = [    -4.4,-4.36916,-4.36568,-4.36916,-4.36916,-4.36568,-4.31352,-4.36568,-4.36568,-4.31352,-4.33703,-4.31352,-4.36916,-4.36568,-4.31352,-4.36568]
	PARPACK diagonalization completed after 30 matrix-vector product operations.
	iteration results: : total energy is -93.105672 | electron energy -93.182921 + phonon energy 0.077248 | electron momentum kIdx = 0
	Nq(0) = 16,	Nq(1) = 0.406451,	Nq(2) = 0.753502,	Nq(3) = 0.406451,	Nq(4) = 0.406451,	Nq(5) = 0.753502,	Nq(6) = 0.6651,	Nq(7) = 0.753502,	Nq(8) = 0.753502,	Nq(9) = 0.6651,	Nq(10) = 1.05159,	Nq(11) = 0.6651,	Nq(12) = 0.406451,	Nq(13) = 0.753502,	Nq(14) = 0.6651,	Nq(15) = 0.753502,	Sq(0) = -7.27004e-18,	Sq(1) = 0.317352,	Sq(2) = 0.352178,	Sq(3) = 0.317352,	Sq(4) = 0.317352,	Sq(5) = 0.352178,	Sq(6) = 0.543954,	Sq(7) = 0.352178,	Sq(8) = 0.352178,	Sq(9) = 0.543954,	Sq(10) = 0.582894,	Sq(11) = 0.543954,	Sq(12) = 0.317352,	Sq(13) = 0.352178,	Sq(14) = 0.543954,	Sq(15) = 0.352178,	N(0) = 1.99684,	N(1) = 1.99181,	N(2) = 1,	N(3) = 1.99181,	N(4) = 1.99181,	N(5) = 1,	N(6) = 0.00818965,	N(7) = 1,	N(8) = 1,	N(9) = 0.00818965,	N(10) = 0.00315701,	N(11) = 0.00818965,	N(12) = 1.99181,	N(13) = 1,	N(14) = 0.00818965,	N(15) = 1,	Delta[s](0) = 0.71073,	Delta[s](1) = 0.319435,	Delta[s](2) = 0.280436,	Delta[s](3) = 0.319435,	Delta[s](4) = 0.319435,	Delta[s](5) = 0.280436,	Delta[s](6) = 0.258434,	Delta[s](7) = 0.280436,	Delta[s](8) = 0.280436,	Delta[s](9) = 0.258434,	Delta[s](10) = 0.224585,	Delta[s](11) = 0.258434,	Delta[s](12) = 0.319435,	Delta[s](13) = 0.280436,	Delta[s](14) = 0.258434,	Delta[s](15) = 0.280436,	Delta[d](0) = 0.32848,	Delta[d](1) = 0.275839,	Delta[d](2) = 0.250983,	Delta[d](3) = 0.275839,	Delta[d](4) = 0.275839,	Delta[d](5) = 0.244571,	Delta[d](6) = 0.233749,	Delta[d](7) = 0.244571,	Delta[d](8) = 0.250983,	Delta[d](9) = 0.233749,	Delta[d](10) = 0.160911,	Delta[d](11) = 0.233749,	Delta[d](12) = 0.275839,	Delta[d](13) = 0.244571,	Delta[d](14) = 0.233749,	Delta[d](15) = 0.244571,	Delta[s+](0) = 0.450649,	Delta[s+](1) = 0.371457,	Delta[s+](2) = 0.250983,	Delta[s+](3) = 0.371457,	Delta[s+](4) = 0.371457,	Delta[s+](5) = 0.250983,	Delta[s+](6) = 0.126032,	Delta[s+](7) = 0.250983,	Delta[s+](8) = 0.250983,	Delta[s+](9) = 0.126032,	Delta[s+](10) = 0.0438764,	Delta[s+](11) = 0.126032,	Delta[s+](12) = 0.371457,	Delta[s+](13) = 0.250983,	Delta[s+](14) = 0.126032,	Delta[s+](15) = 0.250983
The 10-th iteration is completed.	|| time cost : 0h 4m 32.269s
********************************************************************************************************************
Start the 11 rounds of NGS-ED iteration
	effective electronic model is modified as: kinetic energy t = 0.811146
	                                           effective interaction Vq = [    -4.4,-4.36917,-4.36563,-4.36917,-4.36917,-4.36563,-4.31353,-4.36563,-4.36563,-4.31353,-4.33748,-4.31353,-4.36917,-4.36563,-4.31353,-4.36563]
	PARPACK diagonalization completed after 30 matrix-vector product operations.
	iteration results: : total energy is -93.105675 | electron energy -93.182942 + phonon energy 0.077267 | electron momentum kIdx = 0
The 11-th iteration is completed.	|| time cost : 0h 0m 27.36s
********************************************************************************************************************
Start the 12 rounds of NGS-ED iteration
	effective electronic model is modified as: kinetic energy t = 0.811138
	                                           effective interaction Vq = [    -4.4,-4.36917,-4.36558,-4.36917,-4.36917,-4.36558,-4.31354,-4.36558,-4.36558,-4.31354,-4.33786,-4.31354,-4.36917,-4.36558,-4.31354,-4.36558]
	PARPACK diagonalization completed after 30 matrix-vector product operations.
	iteration results: : total energy is -93.105676 | electron energy -93.182959 + phonon energy 0.077282 | electron momentum kIdx = 0
The 12-th iteration is completed.	|| time cost : 0h 0m 27.367s
********************************************************************************************************************
Start the 13 rounds of NGS-ED iteration
	effective electronic model is modified as: kinetic energy t = 0.81113
	                                           effective interaction Vq = [    -4.4,-4.36917,-4.36555,-4.36917,-4.36917,-4.36555,-4.31354,-4.36555,-4.36555,-4.31354,-4.33819,-4.31354,-4.36917,-4.36555,-4.31354,-4.36555]
	PARPACK diagonalization completed after 30 matrix-vector product operations.
	iteration results: : total energy is -93.105678 | electron energy -93.182973 + phonon energy 0.077296 | electron momentum kIdx = 0
The 13-th iteration is completed.	|| time cost : 0h 0m 28.156s
********************************************************************************************************************
Start the 14 rounds of NGS-ED iteration
	effective electronic model is modified as: kinetic energy t = 0.811124
	                                           effective interaction Vq = [    -4.4,-4.36917,-4.36551,-4.36917,-4.36917,-4.36551,-4.31355,-4.36551,-4.36551,-4.31355,-4.33847,-4.31355,-4.36917,-4.36551,-4.31355,-4.36551]
	PARPACK diagonalization completed after 30 matrix-vector product operations.
	iteration results: : total energy is -93.105679 | electron energy -93.182986 + phonon energy 0.077307 | electron momentum kIdx = 0
The 14-th iteration is completed.	|| time cost : 0h 0m 27.384s
********************************************************************************************************************
Start the 15 rounds of NGS-ED iteration
	effective electronic model is modified as: kinetic energy t = 0.811118
	                                           effective interaction Vq = [    -4.4,-4.36917,-4.36548,-4.36917,-4.36917,-4.36548,-4.31355,-4.36548,-4.36548,-4.31355,-4.33873,-4.31355,-4.36917,-4.36548,-4.31355,-4.36548]
	PARPACK diagonalization completed after 30 matrix-vector product operations.
	iteration results: : total energy is -93.105679 | electron energy -93.182997 + phonon energy 0.077318 | electron momentum kIdx = 0
The 15-th iteration is completed.	|| time cost : 0h 0m 27.403s
********************************************************************************************************************
Start the 16 rounds of NGS-ED iteration
	effective electronic model is modified as: kinetic energy t = 0.811112
	                                           effective interaction Vq = [    -4.4,-4.36918,-4.36546,-4.36918,-4.36918,-4.36546,-4.31355,-4.36546,-4.36546,-4.31355,-4.33897,-4.31355,-4.36918,-4.36546,-4.31355,-4.36546]
	PARPACK diagonalization completed after 30 matrix-vector product operations.
	iteration results: : total energy is -93.105680 | electron energy -93.183007 + phonon energy 0.077327 | electron momentum kIdx = 0
The 16-th iteration is completed.	|| time cost : 0h 0m 27.412s
********************************************************************************************************************
Start the 17 rounds of NGS-ED iteration
	effective electronic model is modified as: kinetic energy t = 0.811107
	                                           effective interaction Vq = [    -4.4,-4.36918,-4.36543,-4.36918,-4.36918,-4.36543,-4.31355,-4.36543,-4.36543,-4.31355,-4.33919,-4.31355,-4.36918,-4.36543,-4.31355,-4.36543]
	PARPACK diagonalization completed after 30 matrix-vector product operations.
	iteration results: : total energy is -93.105681 | electron energy -93.183017 + phonon energy 0.077336 | electron momentum kIdx = 0
The 17-th iteration is completed.	|| time cost : 0h 0m 27.322s
********************************************************************************************************************
Start the 18 rounds of NGS-ED iteration
	effective electronic model is modified as: kinetic energy t = 0.811103
	                                           effective interaction Vq = [    -4.4,-4.36918, -4.3654,-4.36918,-4.36918, -4.3654,-4.31356, -4.3654, -4.3654,-4.31356, -4.3394,-4.31356,-4.36918, -4.3654,-4.31356, -4.3654]
	PARPACK diagonalization completed after 30 matrix-vector product operations.
	iteration results: : total energy is -93.105681 | electron energy -93.183025 + phonon energy 0.077344 | electron momentum kIdx = 0
The 18-th iteration is completed.	|| time cost : 0h 0m 27.358s
********************************************************************************************************************
Start the 19 rounds of NGS-ED iteration
	effective electronic model is modified as: kinetic energy t = 0.811098
	                                           effective interaction Vq = [    -4.4,-4.36918,-4.36538,-4.36918,-4.36918,-4.36538,-4.31356,-4.36538,-4.36538,-4.31356, -4.3396,-4.31356,-4.36918,-4.36538,-4.31356,-4.36538]
	PARPACK diagonalization completed after 30 matrix-vector product operations.
	iteration results: : total energy is -93.105682 | electron energy -93.183034 + phonon energy 0.077352 | electron momentum kIdx = 0
The 19-th iteration is completed.	|| time cost : 0h 0m 27.392s
********************************************************************************************************************
Start the 20 rounds of NGS-ED iteration
	effective electronic model is modified as: kinetic energy t = 0.811094
	                                           effective interaction Vq = [    -4.4,-4.36918,-4.36536,-4.36918,-4.36918,-4.36536,-4.31356,-4.36536,-4.36536,-4.31356, -4.3398,-4.31356,-4.36918,-4.36536,-4.31356,-4.36536]
	PARPACK diagonalization completed after 30 matrix-vector product operations.
	iteration results: : total energy is -93.105682 | electron energy -93.183043 + phonon energy 0.077360 | electron momentum kIdx = 0
	Nq(0) = 16,	Nq(1) = 0.40651,	Nq(2) = 0.750007,	Nq(3) = 0.40651,	Nq(4) = 0.40651,	Nq(5) = 0.750007,	Nq(6) = 0.665178,	Nq(7) = 0.750007,	Nq(8) = 0.750007,	Nq(9) = 0.665178,	Nq(10) = 1.07548,	Nq(11) = 0.665178,	Nq(12) = 0.40651,	Nq(13) = 0.750007,	Nq(14) = 0.665178,	Nq(15) = 0.750007,	Sq(0) = -4.74412e-18,	Sq(1) = 0.31702,	Sq(2) = 0.352062,	Sq(3) = 0.31702,	Sq(4) = 0.31702,	Sq(5) = 0.352062,	Sq(6) = 0.543616,	Sq(7) = 0.352062,	Sq(8) = 0.352062,	Sq(9) = 0.543616,	Sq(10) = 0.582811,	Sq(11) = 0.543616,	Sq(12) = 0.31702,	Sq(13) = 0.352062,	Sq(14) = 0.543616,	Sq(15) = 0.352062,	N(0) = 1.99683,	N(1) = 1.99177,	N(2) = 1,	N(3) = 1.99177,	N(4) = 1.99177,	N(5) = 1,	N(6) = 0.00822996,	N(7) = 1,	N(8) = 1,	N(9) = 0.00822996,	N(10) = 0.00316968,	N(11) = 0.00822996,	N(12) = 1.99177,	N(13) = 1,	N(14) = 0.00822996,	N(15) = 1,	Delta[s](0) = 0.712456,	Delta[s](1) = 0.319525,	Delta[s](2) = 0.280828,	Delta[s](3) = 0.319525,	Delta[s](4) = 0.319525,	Delta[s](5) = 0.280828,	Delta[s](6) = 0.258521,	Delta[s](7) = 0.280828,	Delta[s](8) = 0.280828,	Delta[s](9) = 0.258521,	Delta[s](10) = 0.221528,	Delta[s](11) = 0.258521,	Delta[s](12) = 0.319525,	Delta[s](13) = 0.280828,	Delta[s](14) = 0.258521,	Delta[s](15) = 0.280828,	Delta[d](0) = 0.327548,	Delta[d](1) = 0.27548,	Delta[d](2) = 0.250766,	Delta[d](3) = 0.27548,	Delta[d](4) = 0.27548,	Delta[d](5) = 0.24367,	Delta[d](6) = 0.233397,	Delta[d](7) = 0.24367,	Delta[d](8) = 0.250766,	Delta[d](9) = 0.233397,	Delta[d](10) = 0.160038,	Delta[d](11) = 0.233397,	Delta[d](12) = 0.27548,	Delta[d](13) = 0.24367,	Delta[d](14) = 0.233397,	Delta[d](15) = 0.24367,	Delta[s+](0) = 0.450471,	Delta[s+](1) = 0.371241,	Delta[s+](2) = 0.250766,	Delta[s+](3) = 0.371241,	Delta[s+](4) = 0.371241,	Delta[s+](5) = 0.250766,	Delta[s+](6) = 0.125877,	Delta[s+](7) = 0.250766,	Delta[s+](8) = 0.250766,	Delta[s+](9) = 0.125877,	Delta[s+](10) = 0.0438275,	Delta[s+](11) = 0.125877,	Delta[s+](12) = 0.371241,	Delta[s+](13) = 0.250766,	Delta[s+](14) = 0.125877,	Delta[s+](15) = 0.250766
The 20-th iteration is completed.	|| time cost : 0h 4m 31.873s
********************************************************************************************************************
Start the 21 rounds of NGS-ED iteration
	effective electronic model is modified as: kinetic energy t = 0.811089
	                                           effective interaction Vq = [    -4.4,-4.36918,-4.36533,-4.36918,-4.36918,-4.36533,-4.31356,-4.36533,-4.36533,-4.31356,   -4.34,-4.31356,-4.36918,-4.36533,-4.31356,-4.36533]
	PARPACK diagonalization completed after 30 matrix-vector product operations.
	iteration results: : total energy is -93.105683 | electron energy -93.183051 + phonon energy 0.077368 | electron momentum kIdx = 0
The 21-th iteration is completed.	|| time cost : 0h 0m 27.37s
********************************************************************************************************************
Start the 22 rounds of NGS-ED iteration
	effective electronic model is modified as: kinetic energy t = 0.811085
	                                           effective interaction Vq = [    -4.4,-4.36918,-4.36531,-4.36918,-4.36918,-4.36531,-4.31357,-4.36531,-4.36531,-4.31357, -4.3402,-4.31357,-4.36918,-4.36531,-4.31357,-4.36531]
	PARPACK diagonalization completed after 30 matrix-vector product operations.
	iteration results: : total energy is -93.105683 | electron energy -93.183059 + phonon energy 0.077376 | electron momentum kIdx = 0
The 22-th iteration is completed.	|| time cost : 0h 0m 28.791s
********************************************************************************************************************
Start the 23 rounds of NGS-ED iteration
	effective electronic model is modified as: kinetic energy t = 0.81108
	                                           effective interaction Vq = [    -4.4,-4.36918,-4.36528,-4.36918,-4.36918,-4.36528,-4.31357,-4.36528,-4.36528,-4.31357, -4.3404,-4.31357,-4.36918,-4.36528,-4.31357,-4.36528]
	PARPACK diagonalization completed after 30 matrix-vector product operations.
	iteration results: : total energy is -93.105684 | electron energy -93.183068 + phonon energy 0.077384 | electron momentum kIdx = 0
The 23-th iteration is completed.	|| time cost : 0h 0m 27.477s
********************************************************************************************************************
Start the 24 rounds of NGS-ED iteration
	effective electronic model is modified as: kinetic energy t = 0.811076
	                                           effective interaction Vq = [    -4.4,-4.36918,-4.36526,-4.36918,-4.36918,-4.36526,-4.31357,-4.36526,-4.36526,-4.31357,-4.34062,-4.31357,-4.36918,-4.36526,-4.31357,-4.36526]
	PARPACK diagonalization completed after 30 matrix-vector product operations.
	iteration results: : total energy is -93.105684 | electron energy -93.183077 + phonon energy 0.077393 | electron momentum kIdx = 0
The 24-th iteration is completed.	|| time cost : 0h 0m 27.393s
********************************************************************************************************************
Start the 25 rounds of NGS-ED iteration
	effective electronic model is modified as: kinetic energy t = 0.811071
	                                           effective interaction Vq = [    -4.4,-4.36918,-4.36523,-4.36918,-4.36918,-4.36523,-4.31357,-4.36523,-4.36523,-4.31357,-4.34085,-4.31357,-4.36918,-4.36523,-4.31357,-4.36523]
	PARPACK diagonalization completed after 30 matrix-vector product operations.
	iteration results: : total energy is -93.105685 | electron energy -93.183087 + phonon energy 0.077402 | electron momentum kIdx = 0
The 25-th iteration is completed.	|| time cost : 0h 0m 27.392s
********************************************************************************************************************
Start the 26 rounds of NGS-ED iteration
	effective electronic model is modified as: kinetic energy t = 0.811065
	                                           effective interaction Vq = [    -4.4,-4.36919, -4.3652,-4.36919,-4.36919, -4.3652,-4.31358, -4.3652, -4.3652,-4.31358,-4.34109,-4.31358,-4.36919, -4.3652,-4.31358, -4.3652]
	PARPACK diagonalization completed after 30 matrix-vector product operations.
	iteration results: : total energy is -93.105686 | electron energy -93.183097 + phonon energy 0.077411 | electron momentum kIdx = 0
The 26-th iteration is completed.	|| time cost : 0h 0m 27.377s
********************************************************************************************************************
Start the 27 rounds of NGS-ED iteration
	effective electronic model is modified as: kinetic energy t = 0.81106
	                                           effective interaction Vq = [    -4.4,-4.36919,-4.36516,-4.36919,-4.36919,-4.36516,-4.31358,-4.36516,-4.36516,-4.31358,-4.34136,-4.31358,-4.36919,-4.36516,-4.31358,-4.36516]
	PARPACK diagonalization completed after 30 matrix-vector product operations.
	iteration results: : total energy is -93.105687 | electron energy -93.183109 + phonon energy 0.077422 | electron momentum kIdx = 0
The 27-th iteration is completed.	|| time cost : 0h 0m 27.371s
********************************************************************************************************************
Start the 28 rounds of NGS-ED iteration
	effective electronic model is modified as: kinetic energy t = 0.811053
	                                           effective interaction Vq = [    -4.4,-4.36919,-4.36512,-4.36919,-4.36919,-4.36512,-4.31358,-4.36512,-4.36512,-4.31358,-4.34167,-4.31358,-4.36919,-4.36512,-4.31358,-4.36512]
	PARPACK diagonalization completed after 30 matrix-vector product operations.
	iteration results: : total energy is -93.105688 | electron energy -93.183122 + phonon energy 0.077434 | electron momentum kIdx = 0
The 28-th iteration is completed.	|| time cost : 0h 0m 27.37s
********************************************************************************************************************
Start the 29 rounds of NGS-ED iteration
	effective electronic model is modified as: kinetic energy t = 0.811046
	                                           effective interaction Vq = [    -4.4,-4.36919,-4.36508,-4.36919,-4.36919,-4.36508,-4.31358,-4.36508,-4.36508,-4.31358,-4.34202,-4.31358,-4.36919,-4.36508,-4.31358,-4.36508]
	PARPACK diagonalization completed after 30 matrix-vector product operations.
	iteration results: : total energy is -93.105690 | electron energy -93.183138 + phonon energy 0.077447 | electron momentum kIdx = 0
The 29-th iteration is completed.	|| time cost : 0h 0m 27.39s
********************************************************************************************************************
Start the 30 rounds of NGS-ED iteration
	effective electronic model is modified as: kinetic energy t = 0.811037
	                                           effective interaction Vq = [    -4.4,-4.36919,-4.36502,-4.36919,-4.36919,-4.36502,-4.31359,-4.36502,-4.36502,-4.31359,-4.34243,-4.31359,-4.36919,-4.36502,-4.31359,-4.36502]
	PARPACK diagonalization completed after 30 matrix-vector product operations.
	iteration results: : total energy is -93.105693 | electron energy -93.183156 + phonon energy 0.077463 | electron momentum kIdx = 0
	Nq(0) = 16,	Nq(1) = 0.406541,	Nq(2) = 0.745437,	Nq(3) = 0.406541,	Nq(4) = 0.406541,	Nq(5) = 0.745437,	Nq(6) = 0.665233,	Nq(7) = 0.745437,	Nq(8) = 0.745437,	Nq(9) = 0.665233,	Nq(10) = 1.10647,	Nq(11) = 0.665233,	Nq(12) = 0.406541,	Nq(13) = 0.745437,	Nq(14) = 0.665233,	Nq(15) = 0.745437,	Sq(0) = 4.29293e-18,	Sq(1) = 0.316638,	Sq(2) = 0.351934,	Sq(3) = 0.316638,	Sq(4) = 0.316638,	Sq(5) = 0.351934,	Sq(6) = 0.543232,	Sq(7) = 0.351934,	Sq(8) = 0.351934,	Sq(9) = 0.543232,	Sq(10) = 0.582727,	Sq(11) = 0.543232,	Sq(12) = 0.316638,	Sq(13) = 0.351934,	Sq(14) = 0.543232,	Sq(15) = 0.351934,	N(0) = 1.99682,	N(1) = 1.99172,	N(2) = 1,	N(3) = 1.99172,	N(4) = 1.99172,	N(5) = 1,	N(6) = 0.00827504,	N(7) = 1,	N(8) = 1,	N(9) = 0.00827504,	N(10) = 0.00318357,	N(11) = 0.00827504,	N(12) = 1.99172,	N(13) = 1,	N(14) = 0.00827504,	N(15) = 1,	Delta[s](0) = 0.7141,	Delta[s](1) = 0.319631,	Delta[s](2) = 0.281333,	Delta[s](3) = 0.319631,	Delta[s](4) = 0.319631,	Delta[s](5) = 0.281333,	Delta[s](6) = 0.258624,	Delta[s](7) = 0.281333,	Delta[s](8) = 0.281333,	Delta[s](9) = 0.258624,	Delta[s](10) = 0.217972,	Delta[s](11) = 0.258624,	Delta[s](12) = 0.319631,	Delta[s](13) = 0.281333,	Delta[s](14) = 0.258624,	Delta[s](15) = 0.281333,	Delta[d](0) = 0.32634,	Delta[d](1) = 0.275027,	Delta[d](2) = 0.250498,	Delta[d](3) = 0.275027,	Delta[d](4) = 0.275027,	Delta[d](5) = 0.242496,	Delta[d](6) = 0.232953,	Delta[d](7) = 0.242496,	Delta[d](8) = 0.250498,	Delta[d](9) = 0.232953,	Delta[d](10) = 0.158893,	Delta[d](11) = 0.232953,	Delta[d](12) = 0.275027,	Delta[d](13) = 0.242496,	Delta[d](14) = 0.232953,	Delta[d](15) = 0.242496,	Delta[s+](0) = 0.450265,	Delta[s+](1) = 0.37098,	Delta[s+](2) = 0.250498,	Delta[s+](3) = 0.37098,	Delta[s+](4) = 0.37098,	Delta[s+](5) = 0.250498,	Delta[s+](6) = 0.125681,	Delta[s+](7) = 0.250498,	Delta[s+](8) = 0.250498,	Delta[s+](9) = 0.125681,	Delta[s+](10) = 0.0437645,	Delta[s+](11) = 0.125681,	Delta[s+](12) = 0.37098,	Delta[s+](13) = 0.250498,	Delta[s+](14) = 0.125681,	Delta[s+](15) = 0.250498
The 30-th iteration is completed.	|| time cost : 0h 4m 33.911s
********************************************************************************************************************
Start the 31 rounds of NGS-ED iteration
	effective electronic model is modified as: kinetic energy t = 0.811027
	                                           effective interaction Vq = [    -4.4,-4.36919,-4.36496,-4.36919,-4.36919,-4.36496,-4.31359,-4.36496,-4.36496,-4.31359,-4.34293,-4.31359,-4.36919,-4.36496,-4.31359,-4.36496]
	PARPACK diagonalization completed after 30 matrix-vector product operations.
	iteration results: : total energy is -93.105697 | electron energy -93.183180 + phonon energy 0.077483 | electron momentum kIdx = 0
The 31-th iteration is completed.	|| time cost : 0h 0m 27.419s
********************************************************************************************************************
Start the 32 rounds of NGS-ED iteration
	effective electronic model is modified as: kinetic energy t = 0.811014
	                                           effective interaction Vq = [    -4.4,-4.36919,-4.36487,-4.36919,-4.36919,-4.36487, -4.3136,-4.36487,-4.36487, -4.3136,-4.34357, -4.3136,-4.36919,-4.36487, -4.3136,-4.36487]
	PARPACK diagonalization completed after 30 matrix-vector product operations.
	iteration results: : total energy is -93.105704 | electron energy -93.183211 + phonon energy 0.077507 | electron momentum kIdx = 0
The 32-th iteration is completed.	|| time cost : 0h 0m 27.369s
********************************************************************************************************************
Start the 33 rounds of NGS-ED iteration
	effective electronic model is modified as: kinetic energy t = 0.810997
	                                           effective interaction Vq = [    -4.4,-4.36919,-4.36475,-4.36919,-4.36919,-4.36475, -4.3136,-4.36475,-4.36475, -4.3136,-4.34441, -4.3136,-4.36919,-4.36475, -4.3136,-4.36475]
	PARPACK diagonalization completed after 30 matrix-vector product operations.
	iteration results: : total energy is -93.105717 | electron energy -93.183256 + phonon energy 0.077539 | electron momentum kIdx = 0
The 33-th iteration is completed.	|| time cost : 0h 0m 27.32s
********************************************************************************************************************
Start the 34 rounds of NGS-ED iteration
	effective electronic model is modified as: kinetic energy t = 0.810974
	                                           effective interaction Vq = [    -4.4,-4.36919,-4.36458,-4.36919,-4.36919,-4.36458,-4.31361,-4.36458,-4.36458,-4.31361, -4.3456,-4.31361,-4.36919,-4.36458,-4.31361,-4.36458]
	PARPACK diagonalization completed after 30 matrix-vector product operations.
	iteration results: : total energy is -93.105744 | electron energy -93.183329 + phonon energy 0.077584 | electron momentum kIdx = 0
The 34-th iteration is completed.	|| time cost : 0h 0m 27.428s
********************************************************************************************************************
Start the 35 rounds of NGS-ED iteration
	effective electronic model is modified as: kinetic energy t = 0.81094
	                                           effective interaction Vq = [    -4.4,-4.36919, -4.3643,-4.36919,-4.36919, -4.3643,-4.31361, -4.3643, -4.3643,-4.31361,-4.34745,-4.31361,-4.36919, -4.3643,-4.31361, -4.3643]
	PARPACK diagonalization completed after 45 matrix-vector product operations.
	iteration results: : total energy is -93.105822 | electron energy -93.183475 + phonon energy 0.077653 | electron momentum kIdx = 0
The 35-th iteration is completed.	|| time cost : 0h 0m 32.055s
********************************************************************************************************************
Start the 36 rounds of NGS-ED iteration
	effective electronic model is modified as: kinetic energy t = 0.810886
	                                           effective interaction Vq = [    -4.4,-4.36918,-4.36375,-4.36918,-4.36918,-4.36375,-4.31361,-4.36375,-4.36375,-4.31361,-4.35072,-4.31361,-4.36918,-4.36375,-4.31361,-4.36375]
	PARPACK diagonalization completed after 45 matrix-vector product operations.
	iteration results: : total energy is -93.106142 | electron energy -93.183916 + phonon energy 0.077774 | electron momentum kIdx = 0
The 36-th iteration is completed.	|| time cost : 0h 0m 32.08s
********************************************************************************************************************
Start the 37 rounds of NGS-ED iteration
	effective electronic model is modified as: kinetic energy t = 0.810808
	                                           effective interaction Vq = [    -4.4,-4.36913,-4.36223,-4.36913,-4.36913,-4.36223,-4.31353,-4.36223,-4.36223,-4.31353,-4.35792,-4.31353,-4.36913,-4.36223,-4.31353,-4.36223]
	PARPACK diagonalization completed after 45 matrix-vector product operations.
	iteration results: : total energy is -93.109195 | electron energy -93.187225 + phonon energy 0.078031 | electron momentum kIdx = 0
The 37-th iteration is completed.	|| time cost : 0h 0m 32.055s
********************************************************************************************************************
Start the 38 rounds of NGS-ED iteration
	effective electronic model is modified as: kinetic energy t = 0.811456
	                                           effective interaction Vq = [    -4.4,-4.36835,-4.35204,-4.36835,-4.36835,-4.35204,-4.31229,-4.35204,-4.35204,-4.31229,-4.37775,-4.31229,-4.36835,-4.35204,-4.31229,-4.35204]
	PARPACK diagonalization completed after 45 matrix-vector product operations.
	iteration results: : total energy is -93.154061 | electron energy -93.232535 + phonon energy 0.078474 | electron momentum kIdx = 0
The 38-th iteration is completed.	|| time cost : 0h 0m 32.058s
********************************************************************************************************************
Start the 39 rounds of NGS-ED iteration
	effective electronic model is modified as: kinetic energy t = 0.817643
	                                           effective interaction Vq = [    -4.4,-4.36383,-4.30065,-4.36383,-4.36383,-4.30065,-4.30492,-4.30065,-4.30065,-4.30492,-4.39156,-4.30492,-4.36383,-4.30065,-4.30492,-4.30065]
	PARPACK diagonalization completed after 45 matrix-vector product operations.
