SNEDics v3.22.2 Non-Gaussian ED ground state program		Start at Tue Apr 19 06:44:05 2022

Parallelization: 32 MPI threads  * 8 OpenMP threads = 256 total threads.
********************************************************************************************************************
********************************************************************************************************************

********************************************************************************************************************
System parameters and configurations
	special program options are enabled: splitted diagonal Hamiltonian | splitted Hamiltonian terms
********************************************************************************************************************
Read input file "model_params.in"
	Hubbard-Holstein model parameters : 	t = 1    U = 8    g = 0.15    W = 0.2    g' = 0.25    
********************************************************************************************************************
Read input file "hilbertspace_params.in"
	Requested 16-site 2D lattice, with 8 electrons (4, 4)
	Boundary : Periodic		Hilbert space representation : momentum-space (restricted to kIdx = 0)
	Conservation: particle number[U(1)]      spin[U(1)]     momentum
********************************************************************************************************************

Cluster Positions:				Cluster symmetry group : D4
 x ... x ... x ... x .....                       x ... x ... x ... x .....
 |           |           :                       |           |           :
 |           |           :                       |           |           :
12    13    14    15     x                       1     5     6     5     x
 |           |           :                       |           |           :
 |           |           :                       |           |           :
 8 --- 9 ---10 ---11 --- x                       2 --- 6 ---10 --- 6 --- x
 |           |           :                       |           |           :
 |           |           :                       |           |           :
 4     5     6     7     x                       1     5     6     5     x
 |           |           :                       |           |           :
 |           |           :                       |           |           :
 0 --- 1 --- 2 --- 3 --- x                       0 --- 1 --- 2 --- 1 --- x
orbital number : 1
********************************************************************************************************************
Read input file "obs_params.in"
	Observable Type : Nq(All),   Sq(All),   N(All-Orbital),   Delta[s](All),   Delta[d](All),   Delta[s+](All)
** WARNING ** the input observables have non-local factors which have been reinterpreted. The total observable number is 96
********************************************************************************************************************


********************************************************************************************************************
Start calculating the non-Gaussian ED ground state
Maximal iteration number is 1000; energy resolution is 1e-06. Phonon state relaxation time is 2000
W = 0.2 is relatively large. The non-Gaussian ED calculation starts directly.
open output files: NGSED_iteration_observables.txt
********************************************************************************************************************
Start the 0 rounds of NGS-ED iteration
	effective electronic model is modified as: kinetic energy t = 1
	                                           effective interaction Vq = [0,0,0,0,0,0,0,0,0,0,0,0,0,0,0,0]
	first Hamiltonian is constructed, size = 207184 and non-zero numbers = 32207050
	PARPACK diagonalization completed after 75 matrix-vector product operations.
	iteration results: : total energy is -16.460627 | electron energy -16.460627 + phonon energy 0.000000 | electron momentum kIdx = 0
	Nq(0) = 4,	Nq(1) = 0.217892,	Nq(2) = 0.275693,	Nq(3) = 0.217892,	Nq(4) = 0.217892,	Nq(5) = 0.260941,	
	Nq(6) = 0.370592,	Nq(7) = 0.260941,	Nq(8) = 0.275693,	Nq(9) = 0.370592,	Nq(10) = 0.4202,	
	Nq(11) = 0.370592,	Nq(12) = 0.217892,	Nq(13) = 0.260941,	Nq(14) = 0.370592,	Nq(15) = 0.260941;	
	Sq(0) = 2.57535e-18,	Sq(1) = 0.41044,	Sq(2) = 0.343979,	Sq(3) = 0.41044,	Sq(4) = 0.41044,	
	Sq(5) = 0.572101,	Sq(6) = 0.615629,	Sq(7) = 0.572101,	Sq(8) = 0.343979,	Sq(9) = 0.615629,	
	Sq(10) = 0.550078,	Sq(11) = 0.615629,	Sq(12) = 0.41044,	Sq(13) = 0.572101,	Sq(14) = 0.615629,	
	Sq(15) = 0.572101;	N(0) = 1.82882,	N(1) = 1.37933,	N(2) = 0.0780726,	N(3) = 1.37933,	
	N(4) = 1.37933,	N(5) = 0.0780398,	N(6) = 0.0412646,	N(7) = 0.0780398,	N(8) = 0.0780726,	
	N(9) = 0.0412646,	N(10) = 0.0205069,	N(11) = 0.0412646,	N(12) = 1.37933,	N(13) = 0.0780398,	
	N(14) = 0.0412646,	N(15) = 0.0780398;	Delta[s](0) = 0.0374192,	Delta[s](1) = 0.020471,	Delta[s](2) = 0.00987927,	
	Delta[s](3) = 0.020471,	Delta[s](4) = 0.020471,	Delta[s](5) = 0.010045,	Delta[s](6) = 0.00114227,	Delta[s](7) = 0.010045,	
	Delta[s](8) = 0.00987927,	Delta[s](9) = 0.00114227,	Delta[s](10) = 0.000831334,	Delta[s](11) = 0.00114227,	Delta[s](12) = 0.020471,	
	Delta[s](13) = 0.010045,	Delta[s](14) = 0.00114227,	Delta[s](15) = 0.010045;	Delta[d](0) = 0.266313,	Delta[d](1) = 0.0599054,	
	Delta[d](2) = 0.0793259,	Delta[d](3) = 0.0599054,	Delta[d](4) = 0.0599054,	Delta[d](5) = 0.0551361,	Delta[d](6) = 0.013812,	
	Delta[d](7) = 0.0551361,	Delta[d](8) = 0.0793259,	Delta[d](9) = 0.013812,	Delta[d](10) = 0.00823509,	Delta[d](11) = 0.013812,	
	Delta[d](12) = 0.0599054,	Delta[d](13) = 0.0551361,	Delta[d](14) = 0.013812,	Delta[d](15) = 0.0551361;	Delta[s+](0) = 0.397037,	
	Delta[s+](1) = 0.225473,	Delta[s+](2) = 0.0793259,	Delta[s+](3) = 0.225473,	Delta[s+](4) = 0.225473,	Delta[s+](5) = 0.0746196,	
	Delta[s+](6) = 0.00423851,	Delta[s+](7) = 0.0746196,	Delta[s+](8) = 0.0793259,	Delta[s+](9) = 0.00423851,	Delta[s+](10) = 0.000950516,	
	Delta[s+](11) = 0.00423851,	Delta[s+](12) = 0.225473,	Delta[s+](13) = 0.0746196,	Delta[s+](14) = 0.00423851,	Delta[s+](15) = 0.0746196
	
The 0-th iteration is completed.	|| time cost : 0h 0m 4.935s
********************************************************************************************************************
Start the 1 rounds of NGS-ED iteration
	effective electronic model is modified as: kinetic energy t = 0.978466
	                                           effective interaction Vq = [   -6.6125, -0.436364,-0.0106512, -0.436364, -0.436364,-0.0101068,-0.0568504,-0.0101068,-0.0106512,-0.0568504, -0.779275,-0.0568504, -0.436364,-0.0101068,-0.0568504,-0.0101068]
	PARPACK diagonalization completed after 30 matrix-vector product operations.
	iteration results: : total energy is -43.235188 | electron energy -43.359088 + phonon energy 0.123901 | electron momentum kIdx = 0
The 1-th iteration is completed.	|| time cost : 0h 0m 3.592s
********************************************************************************************************************
Start the 2 rounds of NGS-ED iteration
	effective electronic model is modified as: kinetic energy t = 0.970775
	                                           effective interaction Vq = [    -6.6125,  -0.474138, -0.0104598,  -0.474138,  -0.474138,-0.00995169, -0.0554257,-0.00995169, -0.0104598, -0.0554257,   -1.26905, -0.0554257,  -0.474138,-0.00995169, -0.0554257,-0.00995169]
	PARPACK diagonalization completed after 30 matrix-vector product operations.
	iteration results: : total energy is -43.262989 | electron energy -43.499357 + phonon energy 0.236368 | electron momentum kIdx = 0
The 2-th iteration is completed.	|| time cost : 0h 0m 0.965s
********************************************************************************************************************
Start the 3 rounds of NGS-ED iteration
	effective electronic model is modified as: kinetic energy t = 0.963869
	                                           effective interaction Vq = [   -6.6125, -0.464716,-0.0104347, -0.464716, -0.464716,-0.0099189,-0.0549118,-0.0099189,-0.0104347,-0.0549118,  -1.76564,-0.0549118, -0.464716,-0.0099189,-0.0549118,-0.0099189]
	PARPACK diagonalization completed after 30 matrix-vector product operations.
	iteration results: : total energy is -43.303062 | electron energy -43.656508 + phonon energy 0.353446 | electron momentum kIdx = 0
The 3-th iteration is completed.	|| time cost : 0h 0m 1.029s
********************************************************************************************************************
Start the 4 rounds of NGS-ED iteration
	effective electronic model is modified as: kinetic energy t = 0.955218
	                                           effective interaction Vq = [    -6.6125,    -0.4409, -0.0104033,    -0.4409,    -0.4409,-0.00987455, -0.0543255,-0.00987455, -0.0104033, -0.0543255,   -2.32223, -0.0543255,    -0.4409,-0.00987455, -0.0543255,-0.00987455]
	PARPACK diagonalization completed after 45 matrix-vector product operations.
	iteration results: : total energy is -43.392125 | electron energy -43.894050 + phonon energy 0.501924 | electron momentum kIdx = 0
The 4-th iteration is completed.	|| time cost : 0h 0m 1.128s
********************************************************************************************************************
Start the 5 rounds of NGS-ED iteration
	effective electronic model is modified as: kinetic energy t = 0.942979
	                                           effective interaction Vq = [    -6.6125,  -0.394679, -0.0102736,  -0.394679,  -0.394679,-0.00974029, -0.0529812,-0.00974029, -0.0102736, -0.0529812,   -2.93585, -0.0529812,  -0.394679,-0.00974029, -0.0529812,-0.00974029]
	PARPACK diagonalization completed after 45 matrix-vector product operations.
	iteration results: : total energy is -43.658576 | electron energy -44.356828 + phonon energy 0.698251 | electron momentum kIdx = 0
The 5-th iteration is completed.	|| time cost : 0h 0m 1.133s
********************************************************************************************************************
Start the 6 rounds of NGS-ED iteration
	effective electronic model is modified as: kinetic energy t = 0.925886
	                                           effective interaction Vq = [    -6.6125,  -0.298639,-0.00963416,  -0.298639,  -0.298639, -0.0091673, -0.0486242, -0.0091673,-0.00963416, -0.0486242,   -3.42012, -0.0486242,  -0.298639, -0.0091673, -0.0486242, -0.0091673]
	PARPACK diagonalization completed after 30 matrix-vector product operations.
	iteration results: : total energy is -44.138651 | electron energy -45.017622 + phonon energy 0.878971 | electron momentum kIdx = 0
The 6-th iteration is completed.	|| time cost : 0h 0m 1s
********************************************************************************************************************
Start the 7 rounds of NGS-ED iteration
	effective electronic model is modified as: kinetic energy t = 0.910591
	                                           effective interaction Vq = [    -6.6125,  -0.206104,-0.00831083,  -0.206104,  -0.206104,-0.00801421, -0.0415169,-0.00801421,-0.00831083, -0.0415169,   -3.55198, -0.0415169,  -0.206104,-0.00801421, -0.0415169,-0.00801421]
	PARPACK diagonalization completed after 30 matrix-vector product operations.
	iteration results: : total energy is -44.275335 | electron energy -45.140718 + phonon energy 0.865384 | electron momentum kIdx = 0
The 7-th iteration is completed.	|| time cost : 0h 0m 0.965s
********************************************************************************************************************
Start the 8 rounds of NGS-ED iteration
	effective electronic model is modified as: kinetic energy t = 0.905336
	                                           effective interaction Vq = [    -6.6125,  -0.180939, -0.0077674,  -0.180939,  -0.180939,-0.00753721, -0.0388917,-0.00753721, -0.0077674, -0.0388917,   -3.56799, -0.0388917,  -0.180939,-0.00753721, -0.0388917,-0.00753721]
	PARPACK diagonalization completed after 30 matrix-vector product operations.
	iteration results: : total energy is -44.282320 | electron energy -45.118621 + phonon energy 0.836301 | electron momentum kIdx = 0
The 8-th iteration is completed.	|| time cost : 0h 0m 0.964s
********************************************************************************************************************
Start the 9 rounds of NGS-ED iteration
	effective electronic model is modified as: kinetic energy t = 0.904306
	                                           effective interaction Vq = [    -6.6125,  -0.176471,-0.00766019,  -0.176471,  -0.176471,-0.00744251, -0.0383868,-0.00744251,-0.00766019, -0.0383868,   -3.57035, -0.0383868,  -0.176471,-0.00744251, -0.0383868,-0.00744251]
	PARPACK diagonalization completed after 30 matrix-vector product operations.
	iteration results: : total energy is -44.282540 | electron energy -45.112584 + phonon energy 0.830044 | electron momentum kIdx = 0
The 9-th iteration is completed.	|| time cost : 0h 0m 0.959s
********************************************************************************************************************
Start the 10 rounds of NGS-ED iteration
	effective electronic model is modified as: kinetic energy t = 0.904126
	                                           effective interaction Vq = [    -6.6125,  -0.175705,-0.00764142,  -0.175705,  -0.175705,-0.00742589, -0.0382988,-0.00742589,-0.00764142, -0.0382988,   -3.57074, -0.0382988,  -0.175705,-0.00742589, -0.0382988,-0.00742589]
	PARPACK diagonalization completed after 30 matrix-vector product operations.
	iteration results: : total energy is -44.282546 | electron energy -45.111483 + phonon energy 0.828936 | electron momentum kIdx = 0
The 10-th iteration is completed.	|| time cost : 0h 0m 0.956s
********************************************************************************************************************
Start the 11 rounds of NGS-ED iteration
	effective electronic model is modified as: kinetic energy t = 0.904095
	                                           effective interaction Vq = [    -6.6125,  -0.175574,-0.00763819,  -0.175574,  -0.175574,-0.00742304, -0.0382837,-0.00742304,-0.00763819, -0.0382837,   -3.57081, -0.0382837,  -0.175574,-0.00742304, -0.0382837,-0.00742304]
	PARPACK diagonalization completed after 30 matrix-vector product operations.
	iteration results: : total energy is -44.282546 | electron energy -45.111292 + phonon energy 0.828746 | electron momentum kIdx = 0
The 11-th iteration is completed.	|| time cost : 0h 0m 0.966s
********************************************************************************************************************
Start the 12 rounds of NGS-ED iteration
	effective electronic model is modified as: kinetic energy t = 0.904089
	                                           effective interaction Vq = [    -6.6125,  -0.175551,-0.00763764,  -0.175551,  -0.175551,-0.00742255, -0.0382811,-0.00742255,-0.00763764, -0.0382811,   -3.57082, -0.0382811,  -0.175551,-0.00742255, -0.0382811,-0.00742255]
	PARPACK diagonalization completed after 30 matrix-vector product operations.
	iteration results: : total energy is -44.282546 | electron energy -45.111259 + phonon energy 0.828713 | electron momentum kIdx = 0
The 12-th iteration is completed.	|| time cost : 0h 0m 0.959s
********************************************************************************************************************
Start the 13 rounds of NGS-ED iteration
	effective electronic model is modified as: kinetic energy t = 0.904089
	                                           effective interaction Vq = [    -6.6125,  -0.175548,-0.00763754,  -0.175548,  -0.175548,-0.00742247, -0.0382806,-0.00742247,-0.00763754, -0.0382806,   -3.57082, -0.0382806,  -0.175548,-0.00742247, -0.0382806,-0.00742247]
	PARPACK diagonalization completed after 30 matrix-vector product operations.
	iteration results: : total energy is -44.282546 | electron energy -45.111254 + phonon energy 0.828707 | electron momentum kIdx = 0
The 13-th iteration is completed.	|| time cost : 0h 0m 0.94s
********************************************************************************************************************
Start the 14 rounds of NGS-ED iteration
	effective electronic model is modified as: kinetic energy t = 0.904088
	                                           effective interaction Vq = [    -6.6125,  -0.175547,-0.00763753,  -0.175547,  -0.175547,-0.00742245, -0.0382806,-0.00742245,-0.00763753, -0.0382806,   -3.57082, -0.0382806,  -0.175547,-0.00742245, -0.0382806,-0.00742245]
	PARPACK diagonalization completed after 30 matrix-vector product operations.
	iteration results: : total energy is -44.282546 | electron energy -45.111253 + phonon energy 0.828706 | electron momentum kIdx = 0
The 14-th iteration is completed.	|| time cost : 0h 0m 0.97s
********************************************************************************************************************
Start the 15 rounds of NGS-ED iteration
	effective electronic model is modified as: kinetic energy t = 0.904088
	                                           effective interaction Vq = [    -6.6125,  -0.175547,-0.00763753,  -0.175547,  -0.175547,-0.00742245, -0.0382805,-0.00742245,-0.00763753, -0.0382805,   -3.57082, -0.0382805,  -0.175547,-0.00742245, -0.0382805,-0.00742245]
	PARPACK diagonalization completed after 30 matrix-vector product operations.
	iteration results: : total energy is -44.282546 | electron energy -45.111253 + phonon energy 0.828706 | electron momentum kIdx = 0
The 15-th iteration is completed.	|| time cost : 0h 0m 0.947s
********************************************************************************************************************
Start the 16 rounds of NGS-ED iteration
	effective electronic model is modified as: kinetic energy t = 0.904088
	                                           effective interaction Vq = [    -6.6125,  -0.175547,-0.00763753,  -0.175547,  -0.175547,-0.00742245, -0.0382805,-0.00742245,-0.00763753, -0.0382805,   -3.57082, -0.0382805,  -0.175547,-0.00742245, -0.0382805,-0.00742245]
	PARPACK diagonalization completed after 30 matrix-vector product operations.
	iteration results: : total energy is -44.282546 | electron energy -45.111253 + phonon energy 0.828706 | electron momentum kIdx = 0
	Nq(0) = 4,	Nq(1) = 0.0623207,	Nq(2) = 0.105694,	Nq(3) = 0.0623207,	Nq(4) = 0.0623207,	Nq(5) = 0.102584,	
	Nq(6) = 0.142054,	Nq(7) = 0.102584,	Nq(8) = 0.105694,	Nq(9) = 0.142054,	Nq(10) = 2.66375,	
	Nq(11) = 0.142054,	Nq(12) = 0.0623207,	Nq(13) = 0.102584,	Nq(14) = 0.142054,	Nq(15) = 0.102584;	
	Sq(0) = 1.25375e-19,	Sq(1) = 0.61574,	Sq(2) = 0.111956,	Sq(3) = 0.61574,	Sq(4) = 0.61574,	
	Sq(5) = 0.615964,	Sq(6) = 0.639556,	Sq(7) = 0.615964,	Sq(8) = 0.111956,	Sq(9) = 0.639556,	
	Sq(10) = 0.188078,	Sq(11) = 0.639556,	Sq(12) = 0.61574,	Sq(13) = 0.615964,	Sq(14) = 0.639556,	
	Sq(15) = 0.615964;	N(0) = 1.33431,	N(1) = 0.888887,	N(2) = 0.431985,	N(3) = 0.888887,	
	N(4) = 0.888887,	N(5) = 0.34233,	N(6) = 0.194643,	N(7) = 0.34233,	N(8) = 0.431985,	
	N(9) = 0.194643,	N(10) = 0.098278,	N(11) = 0.194643,	N(12) = 0.888887,	N(13) = 0.34233,	
	N(14) = 0.194643,	N(15) = 0.34233;	Delta[s](0) = 0.00913793,	Delta[s](1) = 0.0048083,	Delta[s](2) = 0.00323067,	
	Delta[s](3) = 0.0048083,	Delta[s](4) = 0.0048083,	Delta[s](5) = 0.00215079,	Delta[s](6) = 0.00139354,	Delta[s](7) = 0.00215079,	
	Delta[s](8) = 0.00323067,	Delta[s](9) = 0.00139354,	Delta[s](10) = 0.00247559,	Delta[s](11) = 0.00139354,	Delta[s](12) = 0.0048083,	
	Delta[s](13) = 0.00215079,	Delta[s](14) = 0.00139354,	Delta[s](15) = 0.00215079;	Delta[d](0) = 0.0636619,	Delta[d](1) = 0.0297413,	
	Delta[d](2) = 0.0347026,	Delta[d](3) = 0.0297413,	Delta[d](4) = 0.0297413,	Delta[d](5) = 0.0136095,	Delta[d](6) = 0.00808939,	
	Delta[d](7) = 0.0136095,	Delta[d](8) = 0.0347026,	Delta[d](9) = 0.00808939,	Delta[d](10) = 0.000869379,	Delta[d](11) = 0.00808939,	
	Delta[d](12) = 0.0297413,	Delta[d](13) = 0.0136095,	Delta[d](14) = 0.00808939,	Delta[d](15) = 0.0136095;	Delta[s+](0) = 0.129664,	
	Delta[s+](1) = 0.0706302,	Delta[s+](2) = 0.0347026,	Delta[s+](3) = 0.0706302,	Delta[s+](4) = 0.0706302,	Delta[s+](5) = 0.0222601,	
	Delta[s+](6) = 0.00390526,	Delta[s+](7) = 0.0222601,	Delta[s+](8) = 0.0347026,	Delta[s+](9) = 0.00390526,	Delta[s+](10) = 0.000180124,	
	Delta[s+](11) = 0.00390526,	Delta[s+](12) = 0.0706302,	Delta[s+](13) = 0.0222601,	Delta[s+](14) = 0.00390526,	Delta[s+](15) = 0.0222601
	
The 16-th iteration is completed.	|| time cost : 0h 0m 3.127s
********************************************************************************************************************
********************************************************************************************************************
Ground state is obtained after 17 iterations. The current ground-state energy is -44.2825, in which electron energy is -45.1113 and phonon energy is 0.828706
Final variational state is: 
	Gamma_x = [      1,1.05495,1.00397,1.05495,1.05495,1.00375,1.02711,1.00375,1.00397,1.02711,18.5057,1.02711,1.05495,1.00375,1.02711,1.00375]
	lambda_q = [      5.75,  0.137964, 0.0259058,  0.137964,  0.137964, 0.0251636,-0.0555687, 0.0251636, 0.0259058,-0.0555687,   -3.7935,-0.0555687,  0.137964, 0.0251636,-0.0555687, 0.0251636]
Effective e-e interactions mediated by phonons are:
	momentum-space Vq = [    -6.6125,  -0.175547,-0.00763752,  -0.175547,  -0.175547,-0.00742245, -0.0382805,-0.00742245,-0.00763752, -0.0382805,   -3.57082, -0.0382805,  -0.175547,-0.00742245, -0.0382805,-0.00742245]
	real-space Vr = [-0.692725,-0.207263,-0.635557,-0.207263,-0.207263,-0.635503,-0.172947,-0.635503,-0.635557,-0.172947,-0.585811,-0.172947,-0.207263,-0.635503,-0.172947,-0.635503]
********************************************************************************************************************
o___o  ----------------------------------------
| L |	Time since last clock: 0h 0m 0.015s
A===A	Time since the beginning: 0h 0m 25.557s
***********************************************


Non-Gaussina ED ground state calculation is completed. The final ground-state energy is -44.2825
********************************************************************************************************************
o___o  ----------------------------------------
| L |	Time since last clock: 0h 0m 0.002s
A===A	Time since the beginning: 0h 0m 25.56s
***********************************************



********************************************************************************************************************
All non-Gaussian ED ground state calculations have been completed. Exit now.
