TACC:  Starting up job 1743436 
TACC:  Starting parallel tasks... 
SNEDics v3.4 Non-Gaussian ED ground state program		Start at Sat Oct 10 15:37:39 2020

parallized on 16 MPI threads  * 7 OpenMP threads = 112 total threads.
********************************************************************************************************************
********************************************************************************************************************

********************************************************************************************************************
System parameters and configurations
********************************************************************************************************************
Special program options are enabled: splitted diagonal Hamiltonian
********************************************************************************************************************
Read input file "model_params.in"
	Hubbard-Holstein model parameters : 	t = 1    U = 8    g = 0.12    W = 0.2    g' = 0.03    
********************************************************************************************************************
Read input file "hilbertspace_params.in"
	Requested 16-site 2D lattice, with 14 electrons (7, 7)
	Boundary : Periodic		Hilbert space representation : momentum-space (restricted to kIdx = 0)
	Conservation: particle number[U(1)]      spin[U(1)]     momentum
********************************************************************************************************************

Cluster Positions:				Cluster symmetry group : D4
 x ... x ... x ... x .....                       x ... x ... x ... x .....
 |           |           :                       |           |           :
 |           |           :                       |           |           :
12    13    14    15     x                       1     5     6     5     x
 |           |           :                       |           |           :
 |           |           :                       |           |           :
 8 --- 9 ---10 ---11 --- x                       2 --- 6 ---10 --- 6 --- x
 |           |           :                       |           |           :
 |           |           :                       |           |           :
 4     5     6     7     x                       1     5     6     5     x
 |           |           :                       |           |           :
 |           |           :                       |           |           :
 0 --- 1 --- 2 --- 3 --- x                       0 --- 1 --- 2 --- 1 --- x
orbital number : 1
********************************************************************************************************************
Read input file "obs_params.in"
	Observable Type : Nq(All),   Sq(All),   N(All),   Delta[s](All),   Delta[d](All),   Delta[s+](All)
********************************************************************************************************************
** WARNING ** the input observables have non-local factors which have been reinterpreted. The total observable number is 96
********************************************************************************************************************


********************************************************************************************************************
Start calculating the non-Gaussian ED ground state
** WARNING ** Detected low phonon energy W < 10. The initial state will be prepared through a warm-up process.
********************************************************************************************************************
Start warm-up calculation for scaling factor 64
open output files: NGSEDWarmUpW12.8Obs.txt
********************************************************************************************************************
Start the 0 rounds of NGS-ED iteration
	effective electronic model is modified as: kinetic energy t = 1
	                                           effective interaction Vq = [0,0,0,0,0,0,0,0,0,0,0,0,0,0,0,0]
	first Hamiltonian is constructed, non-zero numbers = 2178478298
	PARPACK diagonalization completed after 165 matrix-vector product operations.
	iteration results: : total energy is -11.868836 | electron energy -11.868836 + phonon energy 0.000000 | electron momentum kIdx = 0
	Nq(0) = 12.25,	Nq(1) = 0.154193,	Nq(2) = 0.185311,	Nq(3) = 0.154193,	Nq(4) = 0.154193,	Nq(5) = 0.203281,	Nq(6) = 0.235634,	Nq(7) = 0.203281,	Nq(8) = 0.185311,	Nq(9) = 0.235634,	Nq(10) = 0.275446,	Nq(11) = 0.235634,	Nq(12) = 0.154193,	Nq(13) = 0.203281,	Nq(14) = 0.235634,	Nq(15) = 0.203281,	Sq(0) = 1.11096e-18,	Sq(1) = 0.474292,	Sq(2) = 0.766364,	Sq(3) = 0.474292,	Sq(4) = 0.474292,	Sq(5) = 0.630724,	Sq(6) = 1.05279,	Sq(7) = 0.630724,	Sq(8) = 0.766364,	Sq(9) = 1.05279,	Sq(10) = 2.56755,	Sq(11) = 1.05279,	Sq(12) = 0.474292,	Sq(13) = 0.630724,	Sq(14) = 1.05279,	Sq(15) = 0.630724,	N(0) = 1.75464,	N(1) = 1.59086,	N(2) = 0.323321,	N(3) = 1.59086,	N(4) = 1.59086,	N(5) = 0.999881,	N(6) = 0.267546,	N(7) = 0.999881,	N(8) = 0.323321,	N(9) = 0.267546,	N(10) = 0.165565,	N(11) = 0.267546,	N(12) = 1.59086,	N(13) = 0.999881,	N(14) = 0.267546,	N(15) = 0.999881,	Delta[s](0) = 0.0791611,	Delta[s](1) = 0.0591737,	Delta[s](2) = 0.0354281,	Delta[s](3) = 0.0591737,	Delta[s](4) = 0.0591737,	Delta[s](5) = 0.0422841,	Delta[s](6) = 0.0195399,	Delta[s](7) = 0.0422841,	Delta[s](8) = 0.0354281,	Delta[s](9) = 0.0195399,	Delta[s](10) = 0.000241729,	Delta[s](11) = 0.0195399,	Delta[s](12) = 0.0591737,	Delta[s](13) = 0.0422841,	Delta[s](14) = 0.0195399,	Delta[s](15) = 0.0422841,	Delta[d](0) = 0.277199,	Delta[d](1) = 0.190847,	Delta[d](2) = 0.200603,	Delta[d](3) = 0.190847,	Delta[d](4) = 0.190847,	Delta[d](5) = 0.177482,	Delta[d](6) = 0.133151,	Delta[d](7) = 0.177482,	Delta[d](8) = 0.200603,	Delta[d](9) = 0.133151,	Delta[d](10) = 0.0537645,	Delta[d](11) = 0.133151,	Delta[d](12) = 0.190847,	Delta[d](13) = 0.177482,	Delta[d](14) = 0.133151,	Delta[d](15) = 0.177482,	Delta[s+](0) = 0.562313,	Delta[s+](1) = 0.418713,	Delta[s+](2) = 0.200603,	Delta[s+](3) = 0.418713,	Delta[s+](4) = 0.418713,	Delta[s+](5) = 0.292684,	Delta[s+](6) = 0.126758,	Delta[s+](7) = 0.292684,	Delta[s+](8) = 0.200603,	Delta[s+](9) = 0.126758,	Delta[s+](10) = 0.0384729,	Delta[s+](11) = 0.126758,	Delta[s+](12) = 0.418713,	Delta[s+](13) = 0.292684,	Delta[s+](14) = 0.126758,	Delta[s+](15) = 0.292684
The 0-th iteration is completed.	|| time cost : 0h 6m 31.962s
********************************************************************************************************************
Start the 1 rounds of NGS-ED iteration
	effective electronic model is modified as: kinetic energy t = 0.998466
	                                           effective interaction Vq = [ -0.265736, -0.140191,-0.0594781, -0.140191, -0.140191,-0.0601041,-0.0145528,-0.0601041,-0.0594781,-0.0145528,         0,-0.0145528, -0.140191,-0.0601041,-0.0145528,-0.0601041]
	PARPACK diagonalization completed after 60 matrix-vector product operations.
	iteration results: : total energy is -15.269935 | electron energy -15.269937 + phonon energy 0.000002 | electron momentum kIdx = 0
The 1-th iteration is completed.	|| time cost : 0h 5m 3.019s
********************************************************************************************************************
Start the 2 rounds of NGS-ED iteration
	effective electronic model is modified as: kinetic energy t = 0.99788
	                                           effective interaction Vq = [ -0.286279, -0.152593,-0.0643973, -0.152593, -0.152593,-0.0651735,-0.0156961,-0.0651735,-0.0643973,-0.0156961,         0,-0.0156961, -0.152593,-0.0651735,-0.0156961,-0.0651735]
	PARPACK diagonalization completed after 45 matrix-vector product operations.
	iteration results: : total energy is -15.526412 | electron energy -15.526419 + phonon energy 0.000007 | electron momentum kIdx = 0
The 2-th iteration is completed.	|| time cost : 0h 0m 28.807s
********************************************************************************************************************
Start the 3 rounds of NGS-ED iteration
	effective electronic model is modified as: kinetic energy t = 0.997766
	                                           effective interaction Vq = [ -0.287867, -0.154446,-0.0650629, -0.154446, -0.154446,-0.0658799,-0.0158398,-0.0658799,-0.0650629,-0.0158398,         0,-0.0158398, -0.154446,-0.0658799,-0.0158398,-0.0658799]
	PARPACK diagonalization completed after 45 matrix-vector product operations.
	iteration results: : total energy is -15.546032 | electron energy -15.546041 + phonon energy 0.000009 | electron momentum kIdx = 0
The 3-th iteration is completed.	|| time cost : 0h 0m 28.793s
********************************************************************************************************************
Start the 4 rounds of NGS-ED iteration
	effective electronic model is modified as: kinetic energy t = 0.997745
	                                           effective interaction Vq = [  -0.28799,  -0.15479,-0.0651654,  -0.15479,  -0.15479,-0.0659935,-0.0158599,-0.0659935,-0.0651654,-0.0158599,         0,-0.0158599,  -0.15479,-0.0659935,-0.0158599,-0.0659935]
	PARPACK diagonalization completed after 30 matrix-vector product operations.
	iteration results: : total energy is -15.547542 | electron energy -15.547551 + phonon energy 0.000010 | electron momentum kIdx = 0
The 4-th iteration is completed.	|| time cost : 0h 0m 26.051s
********************************************************************************************************************
Start the 5 rounds of NGS-ED iteration
	effective electronic model is modified as: kinetic energy t = 0.997741
	                                           effective interaction Vq = [ -0.287999, -0.154858,-0.0651815, -0.154858, -0.154858,-0.0660122,-0.0158627,-0.0660122,-0.0651815,-0.0158627,         0,-0.0158627, -0.154858,-0.0660122,-0.0158627,-0.0660122]
	PARPACK diagonalization completed after 30 matrix-vector product operations.
	iteration results: : total energy is -15.547658 | electron energy -15.547668 + phonon energy 0.000010 | electron momentum kIdx = 0
	Nq(0) = 12.25,	Nq(1) = 0.156199,	Nq(2) = 0.1866,	Nq(3) = 0.156199,	Nq(4) = 0.156199,	Nq(5) = 0.20471,	Nq(6) = 0.2367,	Nq(7) = 0.20471,	Nq(8) = 0.1866,	Nq(9) = 0.2367,	Nq(10) = 0.276587,	Nq(11) = 0.2367,	Nq(12) = 0.156199,	Nq(13) = 0.20471,	Nq(14) = 0.2367,	Nq(15) = 0.20471,	Sq(0) = -6.83091e-18,	Sq(1) = 0.473089,	Sq(2) = 0.764564,	Sq(3) = 0.473089,	Sq(4) = 0.473089,	Sq(5) = 0.629639,	Sq(6) = 1.05094,	Sq(7) = 0.629639,	Sq(8) = 0.764564,	Sq(9) = 1.05094,	Sq(10) = 2.56597,	Sq(11) = 1.05094,	Sq(12) = 0.473089,	Sq(13) = 0.629639,	Sq(14) = 1.05094,	Sq(15) = 0.629639,	N(0) = 1.75823,	N(1) = 1.59605,	N(2) = 0.318773,	N(3) = 1.59605,	N(4) = 1.59605,	N(5) = 0.999426,	N(6) = 0.264597,	N(7) = 0.999426,	N(8) = 0.318773,	N(9) = 0.264597,	N(10) = 0.163916,	N(11) = 0.264597,	N(12) = 1.59605,	N(13) = 0.999426,	N(14) = 0.264597,	N(15) = 0.999426,	Delta[s](0) = 0.0803122,	Delta[s](1) = 0.0600934,	Delta[s](2) = 0.0360113,	Delta[s](3) = 0.0600934,	Delta[s](4) = 0.0600934,	Delta[s](5) = 0.0430503,	Delta[s](6) = 0.0199596,	Delta[s](7) = 0.0430503,	Delta[s](8) = 0.0360113,	Delta[s](9) = 0.0199596,	Delta[s](10) = 0.000364323,	Delta[s](11) = 0.0199596,	Delta[s](12) = 0.0600934,	Delta[s](13) = 0.0430503,	Delta[s](14) = 0.0199596,	Delta[s](15) = 0.0430503,	Delta[d](0) = 0.280603,	Delta[d](1) = 0.191124,	Delta[d](2) = 0.201086,	Delta[d](3) = 0.191124,	Delta[d](4) = 0.191124,	Delta[d](5) = 0.1778,	Delta[d](6) = 0.133118,	Delta[d](7) = 0.1778,	Delta[d](8) = 0.201086,	Delta[d](9) = 0.133118,	Delta[d](10) = 0.0537678,	Delta[d](11) = 0.133118,	Delta[d](12) = 0.191124,	Delta[d](13) = 0.1778,	Delta[d](14) = 0.133118,	Delta[d](15) = 0.1778,	Delta[s+](0) = 0.565528,	Delta[s+](1) = 0.42096,	Delta[s+](2) = 0.201086,	Delta[s+](3) = 0.42096,	Delta[s+](4) = 0.42096,	Delta[s+](5) = 0.293941,	Delta[s+](6) = 0.12686,	Delta[s+](7) = 0.293941,	Delta[s+](8) = 0.201086,	Delta[s+](9) = 0.12686,	Delta[s+](10) = 0.0383308,	Delta[s+](11) = 0.12686,	Delta[s+](12) = 0.42096,	Delta[s+](13) = 0.293941,	Delta[s+](14) = 0.12686,	Delta[s+](15) = 0.293941
The 5-th iteration is completed.	|| time cost : 0h 4m 2.982s
********************************************************************************************************************
********************************************************************************************************************
Ground state is obtained after 6 iterations. The current ground-state energy is -15.5477, in which electron energy is -15.5477 and phonon energy is 9.89885e-06
final variational state is: 
	Gamma_x = [      1,1.00066,1.00045,1.00066,1.00066,1.00047,1.00015,1.00047,1.00045,1.00015,      1,1.00015,1.00066,1.00047,1.00015,1.00047]
	lambda_q = [ 0.149931,0.0889001,0.0519241,0.0889001,0.0889001, 0.053377,0.0245794, 0.053377,0.0519241,0.0245794,        0,0.0245794,0.0889001, 0.053377,0.0245794, 0.053377]
The effective e-e interactions mediated by phonons are: [    0.288, 0.154871, 0.065184, 0.154871, 0.154871,0.0660153,0.0158631,0.0660153, 0.065184,0.0158631,        0,0.0158631, 0.154871,0.0660153,0.0158631,0.0660153]
The real-space interactions mediated by phonons are: [  -1.36537,  -0.45053, -0.043442, -0.101493, -0.566016, -0.251954, -0.043442,-0.0872855, -0.154307,-0.0872855, -0.043442, -0.251954, -0.566016, -0.101493, -0.043442,  -0.45053]
********************************************************************************************************************
o___o  ----------------------------------------
| L |	Time since last clock: 0h 0m 0s
A===A	Time since the beginning: 0h 17m 1.617s
***********************************************

********************************************************************************************************************
Start warm-up calculation for scaling factor 32
open output files: NGSEDWarmUpW6.4Obs.txt
********************************************************************************************************************
Start the 0 rounds of NGS-ED iteration
	effective electronic model is modified as: kinetic energy t = 0.99774
	                                           effective interaction Vq = [ -0.263238, -0.130461,-0.0532394, -0.130461, -0.130461,-0.0542328,-0.0128185,-0.0542328,-0.0532394,-0.0128185,         0,-0.0128185, -0.130461,-0.0542328,-0.0128185,-0.0542328]
	PARPACK diagonalization completed after 60 matrix-vector product operations.
	iteration results: : total energy is -15.212133 | electron energy -15.212138 + phonon energy 0.000005 | electron momentum kIdx = 0
	Nq(0) = 12.25,	Nq(1) = 0.155853,	Nq(2) = 0.186315,	Nq(3) = 0.155853,	Nq(4) = 0.155853,	Nq(5) = 0.204389,	Nq(6) = 0.236438,	Nq(7) = 0.204389,	Nq(8) = 0.186315,	Nq(9) = 0.236438,	Nq(10) = 0.276308,	Nq(11) = 0.236438,	Nq(12) = 0.155853,	Nq(13) = 0.204389,	Nq(14) = 0.236438,	Nq(15) = 0.204389,	Sq(0) = 3.1335e-18,	Sq(1) = 0.473258,	Sq(2) = 0.764925,	Sq(3) = 0.473258,	Sq(4) = 0.473258,	Sq(5) = 0.629847,	Sq(6) = 1.05145,	Sq(7) = 0.629847,	Sq(8) = 0.764925,	Sq(9) = 1.05145,	Sq(10) = 2.56629,	Sq(11) = 1.05145,	Sq(12) = 0.473258,	Sq(13) = 0.629847,	Sq(14) = 1.05145,	Sq(15) = 0.629847,	N(0) = 1.75747,	N(1) = 1.59499,	N(2) = 0.319741,	N(3) = 1.59499,	N(4) = 1.59499,	N(5) = 0.999494,	N(6) = 0.265206,	N(7) = 0.999494,	N(8) = 0.319741,	N(9) = 0.265206,	N(10) = 0.164304,	N(11) = 0.265206,	N(12) = 1.59499,	N(13) = 0.999494,	N(14) = 0.265206,	N(15) = 0.999494,	Delta[s](0) = 0.0799882,	Delta[s](1) = 0.0598604,	Delta[s](2) = 0.0359012,	Delta[s](3) = 0.0598604,	Delta[s](4) = 0.0598604,	Delta[s](5) = 0.0428803,	Delta[s](6) = 0.0199135,	Delta[s](7) = 0.0428803,	Delta[s](8) = 0.0359012,	Delta[s](9) = 0.0199135,	Delta[s](10) = 0.000421563,	Delta[s](11) = 0.0199135,	Delta[s](12) = 0.0598604,	Delta[s](13) = 0.0428803,	Delta[s](14) = 0.0199135,	Delta[s](15) = 0.0428803,	Delta[d](0) = 0.281074,	Delta[d](1) = 0.191989,	Delta[d](2) = 0.201856,	Delta[d](3) = 0.191989,	Delta[d](4) = 0.191989,	Delta[d](5) = 0.178552,	Delta[d](6) = 0.13375,	Delta[d](7) = 0.178552,	Delta[d](8) = 0.201856,	Delta[d](9) = 0.13375,	Delta[d](10) = 0.0540748,	Delta[d](11) = 0.13375,	Delta[d](12) = 0.191989,	Delta[d](13) = 0.178552,	Delta[d](14) = 0.13375,	Delta[d](15) = 0.178552,	Delta[s+](0) = 0.56704,	Delta[s+](1) = 0.422129,	Delta[s+](2) = 0.201856,	Delta[s+](3) = 0.422129,	Delta[s+](4) = 0.422129,	Delta[s+](5) = 0.294851,	Delta[s+](6) = 0.127421,	Delta[s+](7) = 0.294851,	Delta[s+](8) = 0.201856,	Delta[s+](9) = 0.127421,	Delta[s+](10) = 0.0385933,	Delta[s+](11) = 0.127421,	Delta[s+](12) = 0.422129,	Delta[s+](13) = 0.294851,	Delta[s+](14) = 0.127421,	Delta[s+](15) = 0.294851
The 0-th iteration is completed.	|| time cost : 0h 4m 7.42s
********************************************************************************************************************
Start the 1 rounds of NGS-ED iteration
	effective electronic model is modified as: kinetic energy t = 0.997367
	                                           effective interaction Vq = [ -0.281115,  -0.13833, -0.055241,  -0.13833,  -0.13833,-0.0565662,-0.0131531,-0.0565662, -0.055241,-0.0131531,         0,-0.0131531,  -0.13833,-0.0565662,-0.0131531,-0.0565662]
	PARPACK diagonalization completed after 45 matrix-vector product operations.
	iteration results: : total energy is -15.432641 | electron energy -15.432659 + phonon energy 0.000018 | electron momentum kIdx = 0
The 1-th iteration is completed.	|| time cost : 0h 0m 28.748s
********************************************************************************************************************
Start the 2 rounds of NGS-ED iteration
	effective electronic model is modified as: kinetic energy t = 0.997229
	                                           effective interaction Vq = [ -0.286086, -0.141009,-0.0558212, -0.141009, -0.141009, -0.057269,-0.0132417, -0.057269,-0.0558212,-0.0132417,         0,-0.0132417, -0.141009, -0.057269,-0.0132417, -0.057269]
	PARPACK diagonalization completed after 45 matrix-vector product operations.
	iteration results: : total energy is -15.493731 | electron energy -15.493757 + phonon energy 0.000026 | electron momentum kIdx = 0
The 2-th iteration is completed.	|| time cost : 0h 0m 28.775s
********************************************************************************************************************
Start the 3 rounds of NGS-ED iteration
	effective electronic model is modified as: kinetic energy t = 0.99718
	                                           effective interaction Vq = [ -0.287468, -0.141979,-0.0559939, -0.141979, -0.141979,-0.0574877,-0.0132655,-0.0574877,-0.0559939,-0.0132655,         0,-0.0132655, -0.141979,-0.0574877,-0.0132655,-0.0574877]
	PARPACK diagonalization completed after 45 matrix-vector product operations.
	iteration results: : total energy is -15.510687 | electron energy -15.510717 + phonon energy 0.000030 | electron momentum kIdx = 0
The 3-th iteration is completed.	|| time cost : 0h 0m 28.786s
********************************************************************************************************************
Start the 4 rounds of NGS-ED iteration
	effective electronic model is modified as: kinetic energy t = 0.997162
	                                           effective interaction Vq = [ -0.287852, -0.142339,-0.0560458, -0.142339, -0.142339,-0.0575565, -0.013272,-0.0575565,-0.0560458, -0.013272,         0, -0.013272, -0.142339,-0.0575565, -0.013272,-0.0575565]
	PARPACK diagonalization completed after 30 matrix-vector product operations.
	iteration results: : total energy is -15.515398 | electron energy -15.515430 + phonon energy 0.000032 | electron momentum kIdx = 0
The 4-th iteration is completed.	|| time cost : 0h 0m 26.04s
********************************************************************************************************************
Start the 5 rounds of NGS-ED iteration
	effective electronic model is modified as: kinetic energy t = 0.997156
	                                           effective interaction Vq = [ -0.287959, -0.142475,-0.0560615, -0.142475, -0.142475,-0.0575783,-0.0132738,-0.0575783,-0.0560615,-0.0132738,         0,-0.0132738, -0.142475,-0.0575783,-0.0132738,-0.0575783]
	PARPACK diagonalization completed after 30 matrix-vector product operations.
	iteration results: : total energy is -15.516707 | electron energy -15.516740 + phonon energy 0.000033 | electron momentum kIdx = 0
The 5-th iteration is completed.	|| time cost : 0h 0m 26.069s
********************************************************************************************************************
Start the 6 rounds of NGS-ED iteration
	effective electronic model is modified as: kinetic energy t = 0.997154
	                                           effective interaction Vq = [ -0.287989, -0.142526,-0.0560662, -0.142526, -0.142526,-0.0575852,-0.0132742,-0.0575852,-0.0560662,-0.0132742,         0,-0.0132742, -0.142526,-0.0575852,-0.0132742,-0.0575852]
	PARPACK diagonalization completed after 30 matrix-vector product operations.
	iteration results: : total energy is -15.517071 | electron energy -15.517104 + phonon energy 0.000033 | electron momentum kIdx = 0
The 6-th iteration is completed.	|| time cost : 0h 0m 26.077s
********************************************************************************************************************
Start the 7 rounds of NGS-ED iteration
	effective electronic model is modified as: kinetic energy t = 0.997153
	                                           effective interaction Vq = [ -0.287997, -0.142545,-0.0560676, -0.142545, -0.142545,-0.0575873,-0.0132744,-0.0575873,-0.0560676,-0.0132744,         0,-0.0132744, -0.142545,-0.0575873,-0.0132744,-0.0575873]
	PARPACK diagonalization completed after 30 matrix-vector product operations.
	iteration results: : total energy is -15.517172 | electron energy -15.517205 + phonon energy 0.000033 | electron momentum kIdx = 0
	Nq(0) = 12.25,	Nq(1) = 0.155983,	Nq(2) = 0.18632,	Nq(3) = 0.155983,	Nq(4) = 0.155983,	Nq(5) = 0.20439,	Nq(6) = 0.23641,	Nq(7) = 0.20439,	Nq(8) = 0.18632,	Nq(9) = 0.23641,	Nq(10) = 0.276281,	Nq(11) = 0.23641,	Nq(12) = 0.155983,	Nq(13) = 0.20439,	Nq(14) = 0.23641,	Nq(15) = 0.20439,	Sq(0) = 6.07669e-19,	Sq(1) = 0.473138,	Sq(2) = 0.764874,	Sq(3) = 0.473138,	Sq(4) = 0.473138,	Sq(5) = 0.629808,	Sq(6) = 1.05155,	Sq(7) = 0.629808,	Sq(8) = 0.764874,	Sq(9) = 1.05155,	Sq(10) = 2.56622,	Sq(11) = 1.05155,	Sq(12) = 0.473138,	Sq(13) = 0.629808,	Sq(14) = 1.05155,	Sq(15) = 0.629808,	N(0) = 1.75753,	N(1) = 1.5951,	N(2) = 0.319685,	N(3) = 1.5951,	N(4) = 1.5951,	N(5) = 0.999449,	N(6) = 0.265145,	N(7) = 0.999449,	N(8) = 0.319685,	N(9) = 0.265145,	N(10) = 0.16433,	N(11) = 0.265145,	N(12) = 1.5951,	N(13) = 0.999449,	N(14) = 0.265145,	N(15) = 0.999449,	Delta[s](0) = 0.0799779,	Delta[s](1) = 0.0598623,	Delta[s](2) = 0.0359149,	Delta[s](3) = 0.0598623,	Delta[s](4) = 0.0598623,	Delta[s](5) = 0.0428915,	Delta[s](6) = 0.0199366,	Delta[s](7) = 0.0428915,	Delta[s](8) = 0.0359149,	Delta[s](9) = 0.0199366,	Delta[s](10) = 0.000455927,	Delta[s](11) = 0.0199366,	Delta[s](12) = 0.0598623,	Delta[s](13) = 0.0428915,	Delta[s](14) = 0.0199366,	Delta[s](15) = 0.0428915,	Delta[d](0) = 0.282334,	Delta[d](1) = 0.192775,	Delta[d](2) = 0.202631,	Delta[d](3) = 0.192775,	Delta[d](4) = 0.192775,	Delta[d](5) = 0.179257,	Delta[d](6) = 0.134269,	Delta[d](7) = 0.179257,	Delta[d](8) = 0.202631,	Delta[d](9) = 0.134269,	Delta[d](10) = 0.0543221,	Delta[d](11) = 0.134269,	Delta[d](12) = 0.192775,	Delta[d](13) = 0.179257,	Delta[d](14) = 0.134269,	Delta[d](15) = 0.179257,	Delta[s+](0) = 0.569142,	Delta[s+](1) = 0.423694,	Delta[s+](2) = 0.202631,	Delta[s+](3) = 0.423694,	Delta[s+](4) = 0.423694,	Delta[s+](5) = 0.295942,	Delta[s+](6) = 0.127914,	Delta[s+](7) = 0.295942,	Delta[s+](8) = 0.202631,	Delta[s+](9) = 0.127914,	Delta[s+](10) = 0.0387632,	Delta[s+](11) = 0.127914,	Delta[s+](12) = 0.423694,	Delta[s+](13) = 0.295942,	Delta[s+](14) = 0.127914,	Delta[s+](15) = 0.295942
The 7-th iteration is completed.	|| time cost : 0h 4m 3.054s
********************************************************************************************************************
********************************************************************************************************************
Ground state is obtained after 8 iterations. The current ground-state energy is -15.5172, in which electron energy is -15.5172 and phonon energy is 3.28695e-05
final variational state is: 
	Gamma_x = [      1,1.00179,1.00104,1.00179,1.00179,1.00114,1.00033,1.00114,1.00104,1.00033,      1,1.00033,1.00179,1.00114,1.00033,1.00114]
	lambda_q = [  0.21176, 0.103974,0.0561725, 0.103974, 0.103974,0.0586121,  0.02586,0.0586121,0.0561725,  0.02586,        0,  0.02586, 0.103974,0.0586121,  0.02586,0.0586121]
The effective e-e interactions mediated by phonons are: [ 0.287999, 0.142552,0.0560681, 0.142552, 0.142552, 0.057588,0.0132744, 0.057588,0.0560681,0.0132744,        0,0.0132744, 0.142552, 0.057588,0.0132744, 0.057588]
The real-space interactions mediated by phonons are: [  -1.25379, -0.440487,-0.0589627,  -0.12232, -0.546555,  -0.26225,-0.0589627, -0.102668, -0.169783, -0.102668,-0.0589627,  -0.26225, -0.546555,  -0.12232,-0.0589627, -0.440487]
********************************************************************************************************************
o___o  ----------------------------------------
| L |	Time since last clock: 0h 0m 0s
A===A	Time since the beginning: 0h 27m 56.589s
***********************************************

********************************************************************************************************************
Start warm-up calculation for scaling factor 16
open output files: NGSEDWarmUpW3.2Obs.txt
********************************************************************************************************************
Start the 0 rounds of NGS-ED iteration
	effective electronic model is modified as: kinetic energy t = 0.997153
	                                           effective interaction Vq = [ -0.263084, -0.115129,-0.0438285, -0.115129, -0.115129,-0.0452744,-0.0102728,-0.0452744,-0.0438285,-0.0102728,         0,-0.0102728, -0.115129,-0.0452744,-0.0102728,-0.0452744]
	PARPACK diagonalization completed after 60 matrix-vector product operations.
	iteration results: : total energy is -15.177465 | electron energy -15.177481 + phonon energy 0.000016 | electron momentum kIdx = 0
	Nq(0) = 12.25,	Nq(1) = 0.155597,	Nq(2) = 0.186026,	Nq(3) = 0.155597,	Nq(4) = 0.155597,	Nq(5) = 0.204059,	Nq(6) = 0.236139,	Nq(7) = 0.204059,	Nq(8) = 0.186026,	Nq(9) = 0.236139,	Nq(10) = 0.275986,	Nq(11) = 0.236139,	Nq(12) = 0.155597,	Nq(13) = 0.204059,	Nq(14) = 0.236139,	Nq(15) = 0.204059,	Sq(0) = -1.44955e-20,	Sq(1) = 0.47334,	Sq(2) = 0.76526,	Sq(3) = 0.47334,	Sq(4) = 0.47334,	Sq(5) = 0.630036,	Sq(6) = 1.05205,	Sq(7) = 0.630036,	Sq(8) = 0.76526,	Sq(9) = 1.05205,	Sq(10) = 2.56657,	Sq(11) = 1.05205,	Sq(12) = 0.47334,	Sq(13) = 0.630036,	Sq(14) = 1.05205,	Sq(15) = 0.630036,	N(0) = 1.75673,	N(1) = 1.59396,	N(2) = 0.3207,	N(3) = 1.59396,	N(4) = 1.59396,	N(5) = 0.999529,	N(6) = 0.265793,	N(7) = 0.999529,	N(8) = 0.3207,	N(9) = 0.265793,	N(10) = 0.164733,	N(11) = 0.265793,	N(12) = 1.59396,	N(13) = 0.999529,	N(14) = 0.265793,	N(15) = 0.999529,	Delta[s](0) = 0.0796973,	Delta[s](1) = 0.0596461,	Delta[s](2) = 0.0357884,	Delta[s](3) = 0.0596461,	Delta[s](4) = 0.0596461,	Delta[s](5) = 0.0427183,	Delta[s](6) = 0.0198558,	Delta[s](7) = 0.0427183,	Delta[s](8) = 0.0357884,	Delta[s](9) = 0.0198558,	Delta[s](10) = 0.000453989,	Delta[s](11) = 0.0198558,	Delta[s](12) = 0.0596461,	Delta[s](13) = 0.0427183,	Delta[s](14) = 0.0198558,	Delta[s](15) = 0.0427183,	Delta[d](0) = 0.28275,	Delta[d](1) = 0.193525,	Delta[d](2) = 0.203329,	Delta[d](3) = 0.193525,	Delta[d](4) = 0.193525,	Delta[d](5) = 0.179917,	Delta[d](6) = 0.134825,	Delta[d](7) = 0.179917,	Delta[d](8) = 0.203329,	Delta[d](9) = 0.134825,	Delta[d](10) = 0.0545678,	Delta[d](11) = 0.134825,	Delta[d](12) = 0.193525,	Delta[d](13) = 0.179917,	Delta[d](14) = 0.134825,	Delta[d](15) = 0.179917,	Delta[s+](0) = 0.5706,	Delta[s+](1) = 0.424816,	Delta[s+](2) = 0.203329,	Delta[s+](3) = 0.424816,	Delta[s+](4) = 0.424816,	Delta[s+](5) = 0.2968,	Delta[s+](6) = 0.128409,	Delta[s+](7) = 0.2968,	Delta[s+](8) = 0.203329,	Delta[s+](9) = 0.128409,	Delta[s+](10) = 0.0389722,	Delta[s+](11) = 0.128409,	Delta[s+](12) = 0.424816,	Delta[s+](13) = 0.2968,	Delta[s+](14) = 0.128409,	Delta[s+](15) = 0.2968
The 0-th iteration is completed.	|| time cost : 0h 4m 7.636s
********************************************************************************************************************
Start the 1 rounds of NGS-ED iteration
	effective electronic model is modified as: kinetic energy t = 0.997148
	                                           effective interaction Vq = [  -0.274862,  -0.117055, -0.0430621,  -0.117055,  -0.117055, -0.0448243,-0.00993718, -0.0448243, -0.0430621,-0.00993718,          0,-0.00993718,  -0.117055, -0.0448243,-0.00993718, -0.0448243]
	PARPACK diagonalization completed after 45 matrix-vector product operations.
	iteration results: : total energy is -15.321884 | electron energy -15.321920 + phonon energy 0.000036 | electron momentum kIdx = 0
The 1-th iteration is completed.	|| time cost : 0h 0m 28.784s
********************************************************************************************************************
Start the 2 rounds of NGS-ED iteration
	effective electronic model is modified as: kinetic energy t = 0.997138
	                                           effective interaction Vq = [ -0.281072, -0.118051,-0.0427473, -0.118051, -0.118051,-0.0446322,-0.0098112,-0.0446322,-0.0427473,-0.0098112,         0,-0.0098112, -0.118051,-0.0446322,-0.0098112,-0.0446322]
	PARPACK diagonalization completed after 45 matrix-vector product operations.
	iteration results: : total energy is -15.397995 | electron energy -15.398046 + phonon energy 0.000050 | electron momentum kIdx = 0
The 2-th iteration is completed.	|| time cost : 0h 0m 28.842s
********************************************************************************************************************
Start the 3 rounds of NGS-ED iteration
	effective electronic model is modified as: kinetic energy t = 0.997129
	                                           effective interaction Vq = [  -0.284347,  -0.118571, -0.0426191,  -0.118571,  -0.118571, -0.0445507,-0.00976437, -0.0445507, -0.0426191,-0.00976437,          0,-0.00976437,  -0.118571, -0.0445507,-0.00976437, -0.0445507]
	PARPACK diagonalization completed after 45 matrix-vector product operations.
	iteration results: : total energy is -15.438119 | electron energy -15.438178 + phonon energy 0.000059 | electron momentum kIdx = 0
The 3-th iteration is completed.	|| time cost : 0h 0m 28.795s
********************************************************************************************************************
Start the 4 rounds of NGS-ED iteration
	effective electronic model is modified as: kinetic energy t = 0.997123
	                                           effective interaction Vq = [  -0.286074,  -0.118844, -0.0425671,  -0.118844,  -0.118844, -0.0445164,-0.00974703, -0.0445164, -0.0425671,-0.00974703,          0,-0.00974703,  -0.118844, -0.0445164,-0.00974703, -0.0445164]
	PARPACK diagonalization completed after 45 matrix-vector product operations.
	iteration results: : total energy is -15.459274 | electron energy -15.459338 + phonon energy 0.000065 | electron momentum kIdx = 0
The 4-th iteration is completed.	|| time cost : 0h 0m 28.814s
********************************************************************************************************************
Start the 5 rounds of NGS-ED iteration
	effective electronic model is modified as: kinetic energy t = 0.99712
	                                           effective interaction Vq = [  -0.286984,  -0.118988, -0.0425461,  -0.118988,  -0.118988, -0.0445021,-0.00974063, -0.0445021, -0.0425461,-0.00974063,          0,-0.00974063,  -0.118988, -0.0445021,-0.00974063, -0.0445021]
	PARPACK diagonalization completed after 30 matrix-vector product operations.
	iteration results: : total energy is -15.470428 | electron energy -15.470496 + phonon energy 0.000068 | electron momentum kIdx = 0
The 5-th iteration is completed.	|| time cost : 0h 0m 26.069s
********************************************************************************************************************
Start the 6 rounds of NGS-ED iteration
	effective electronic model is modified as: kinetic energy t = 0.997118
	                                           effective interaction Vq = [  -0.287464,  -0.119064, -0.0425377,  -0.119064,  -0.119064, -0.0444961,-0.00973827, -0.0444961, -0.0425377,-0.00973827,          0,-0.00973827,  -0.119064, -0.0444961,-0.00973827, -0.0444961]
	PARPACK diagonalization completed after 30 matrix-vector product operations.
	iteration results: : total energy is -15.476309 | electron energy -15.476379 + phonon energy 0.000069 | electron momentum kIdx = 0
The 6-th iteration is completed.	|| time cost : 0h 0m 26.037s
********************************************************************************************************************
Start the 7 rounds of NGS-ED iteration
	effective electronic model is modified as: kinetic energy t = 0.997117
	                                           effective interaction Vq = [ -0.287718, -0.119104,-0.0425343, -0.119104, -0.119104,-0.0444937,-0.0097374,-0.0444937,-0.0425343,-0.0097374,         0,-0.0097374, -0.119104,-0.0444937,-0.0097374,-0.0444937]
	PARPACK diagonalization completed after 30 matrix-vector product operations.
	iteration results: : total energy is -15.479410 | electron energy -15.479481 + phonon energy 0.000070 | electron momentum kIdx = 0
The 7-th iteration is completed.	|| time cost : 0h 0m 26.023s
********************************************************************************************************************
Start the 8 rounds of NGS-ED iteration
	effective electronic model is modified as: kinetic energy t = 0.997116
	                                           effective interaction Vq = [  -0.287851,  -0.119125,  -0.042533,  -0.119125,  -0.119125, -0.0444927,-0.00973708, -0.0444927,  -0.042533,-0.00973708,          0,-0.00973708,  -0.119125, -0.0444927,-0.00973708, -0.0444927]
	PARPACK diagonalization completed after 30 matrix-vector product operations.
	iteration results: : total energy is -15.481046 | electron energy -15.481117 + phonon energy 0.000071 | electron momentum kIdx = 0
The 8-th iteration is completed.	|| time cost : 0h 0m 26.045s
********************************************************************************************************************
Start the 9 rounds of NGS-ED iteration
	effective electronic model is modified as: kinetic energy t = 0.997116
	                                           effective interaction Vq = [  -0.287921,  -0.119136, -0.0425325,  -0.119136,  -0.119136, -0.0444923,-0.00973697, -0.0444923, -0.0425325,-0.00973697,          0,-0.00973697,  -0.119136, -0.0444923,-0.00973697, -0.0444923]
	PARPACK diagonalization completed after 30 matrix-vector product operations.
	iteration results: : total energy is -15.481908 | electron energy -15.481979 + phonon energy 0.000071 | electron momentum kIdx = 0
The 9-th iteration is completed.	|| time cost : 0h 0m 26.101s
********************************************************************************************************************
Start the 10 rounds of NGS-ED iteration
	effective electronic model is modified as: kinetic energy t = 0.997115
	                                           effective interaction Vq = [  -0.287959,  -0.119142, -0.0425323,  -0.119142,  -0.119142, -0.0444922,-0.00973693, -0.0444922, -0.0425323,-0.00973693,          0,-0.00973693,  -0.119142, -0.0444922,-0.00973693, -0.0444922]
	PARPACK diagonalization completed after 30 matrix-vector product operations.
	iteration results: : total energy is -15.482363 | electron energy -15.482434 + phonon energy 0.000071 | electron momentum kIdx = 0
The 10-th iteration is completed.	|| time cost : 0h 0m 26.045s
********************************************************************************************************************
Start the 11 rounds of NGS-ED iteration
	effective electronic model is modified as: kinetic energy t = 0.997115
	                                           effective interaction Vq = [  -0.287978,  -0.119146, -0.0425322,  -0.119146,  -0.119146, -0.0444921,-0.00973691, -0.0444921, -0.0425322,-0.00973691,          0,-0.00973691,  -0.119146, -0.0444921,-0.00973691, -0.0444921]
	PARPACK diagonalization completed after 30 matrix-vector product operations.
	iteration results: : total energy is -15.482602 | electron energy -15.482674 + phonon energy 0.000072 | electron momentum kIdx = 0
	Nq(0) = 12.25,	Nq(1) = 0.155649,	Nq(2) = 0.185998,	Nq(3) = 0.155649,	Nq(4) = 0.155649,	Nq(5) = 0.204026,	Nq(6) = 0.236116,	Nq(7) = 0.204026,	Nq(8) = 0.185998,	Nq(9) = 0.236116,	Nq(10) = 0.275976,	Nq(11) = 0.236116,	Nq(12) = 0.155649,	Nq(13) = 0.204026,	Nq(14) = 0.236116,	Nq(15) = 0.204026,	Sq(0) = 1.49387e-18,	Sq(1) = 0.473282,	Sq(2) = 0.765259,	Sq(3) = 0.473282,	Sq(4) = 0.473282,	Sq(5) = 0.630024,	Sq(6) = 1.05215,	Sq(7) = 0.630024,	Sq(8) = 0.765259,	Sq(9) = 1.05215,	Sq(10) = 2.56651,	Sq(11) = 1.05215,	Sq(12) = 0.473282,	Sq(13) = 0.630024,	Sq(14) = 1.05215,	Sq(15) = 0.630024,	N(0) = 1.7567,	N(1) = 1.59395,	N(2) = 0.320755,	N(3) = 1.59395,	N(4) = 1.59395,	N(5) = 0.999505,	N(6) = 0.265797,	N(7) = 0.999505,	N(8) = 0.320755,	N(9) = 0.265797,	N(10) = 0.164767,	N(11) = 0.265797,	N(12) = 1.59395,	N(13) = 0.999505,	N(14) = 0.265797,	N(15) = 0.999505,	Delta[s](0) = 0.079688,	Delta[s](1) = 0.0596405,	Delta[s](2) = 0.0357865,	Delta[s](3) = 0.0596405,	Delta[s](4) = 0.0596405,	Delta[s](5) = 0.0427146,	Delta[s](6) = 0.0198567,	Delta[s](7) = 0.0427146,	Delta[s](8) = 0.0357865,	Delta[s](9) = 0.0198567,	Delta[s](10) = 0.000459132,	Delta[s](11) = 0.0198567,	Delta[s](12) = 0.0596405,	Delta[s](13) = 0.0427146,	Delta[s](14) = 0.0198567,	Delta[s](15) = 0.0427146,	Delta[d](0) = 0.285303,	Delta[d](1) = 0.195241,	Delta[d](2) = 0.2051,	Delta[d](3) = 0.195241,	Delta[d](4) = 0.195241,	Delta[d](5) = 0.181495,	Delta[d](6) = 0.136003,	Delta[d](7) = 0.181495,	Delta[d](8) = 0.2051,	Delta[d](9) = 0.136003,	Delta[d](10) = 0.0550604,	Delta[d](11) = 0.136003,	Delta[d](12) = 0.195241,	Delta[d](13) = 0.181495,	Delta[d](14) = 0.136003,	Delta[d](15) = 0.181495,	Delta[s+](0) = 0.575523,	Delta[s+](1) = 0.428482,	Delta[s+](2) = 0.2051,	Delta[s+](3) = 0.428482,	Delta[s+](4) = 0.428482,	Delta[s+](5) = 0.29936,	Delta[s+](6) = 0.129527,	Delta[s+](7) = 0.29936,	Delta[s+](8) = 0.2051,	Delta[s+](9) = 0.129527,	Delta[s+](10) = 0.0393188,	Delta[s+](11) = 0.129527,	Delta[s+](12) = 0.428482,	Delta[s+](13) = 0.29936,	Delta[s+](14) = 0.129527,	Delta[s+](15) = 0.29936
The 11-th iteration is completed.	|| time cost : 0h 4m 2.84s
********************************************************************************************************************
********************************************************************************************************************
Ground state is obtained after 12 iterations. The current ground-state energy is -15.4826, in which electron energy is -15.4827 and phonon energy is 7.15343e-05
final variational state is: 
	Gamma_x = [      1,1.00394,1.00193,1.00394,1.00394,1.00217,1.00058,1.00217,1.00193,1.00058,      1,1.00058,1.00394,1.00217,1.00058,1.00217]
	lambda_q = [ 0.298103, 0.109279,0.0540381, 0.109279, 0.109279,0.0572842,0.0241845,0.0572842,0.0540381,0.0241845,        0,0.0241845, 0.109279,0.0572842,0.0241845,0.0572842]
The effective e-e interactions mediated by phonons are: [ 0.287988, 0.119147,0.0425322, 0.119147, 0.119147,0.0444921,0.0097369,0.0444921,0.0425322,0.0097369,        0,0.0097369, 0.119147,0.0444921,0.0097369,0.0444921]
