TACC:  Starting up job 2110708 
TACC:  Starting parallel tasks... 
SNEDics v3.20.11 Non-Gaussian ED ground state program		Start at Sat Nov 28 14:27:21 2020

parallized on 32 MPI threads  * 7 OpenMP threads = 224 total threads.
********************************************************************************************************************
********************************************************************************************************************

********************************************************************************************************************
System parameters and configurations
********************************************************************************************************************
Special program options are enabled: splitted diagonal Hamiltonian | splitted Hamiltonian terms
********************************************************************************************************************
Read input file "model_params.in"
	Hubbard-Holstein model parameters : 	t = 1    U = 8    g = 0.01    W = 0.2    g' = 0.05    
********************************************************************************************************************
Read input file "hilbertspace_params.in"
	Requested 16-site 2D lattice, with 12 electrons (6, 6)
	Boundary : Periodic		Hilbert space representation : momentum-space (restricted to kIdx = 0)
	Conservation: particle number[U(1)]      spin[U(1)]     momentum
********************************************************************************************************************

Cluster Positions:				Cluster symmetry group : D4
 x ... x ... x ... x .....                       x ... x ... x ... x .....
 |           |           :                       |           |           :
 |           |           :                       |           |           :
12    13    14    15     x                       1     5     6     5     x
 |           |           :                       |           |           :
 |           |           :                       |           |           :
 8 --- 9 ---10 ---11 --- x                       2 --- 6 ---10 --- 6 --- x
 |           |           :                       |           |           :
 |           |           :                       |           |           :
 4     5     6     7     x                       1     5     6     5     x
 |           |           :                       |           |           :
 |           |           :                       |           |           :
 0 --- 1 --- 2 --- 3 --- x                       0 --- 1 --- 2 --- 1 --- x
orbital number : 1
********************************************************************************************************************
Read input file "obs_params.in"
	Observable Type : Nq(All),   Sq(All),   N(All),   Delta[s](All),   Delta[d](All),   Delta[s+](All)
********************************************************************************************************************
** WARNING ** the input observables have non-local factors which have been reinterpreted. The total observable number is 96
********************************************************************************************************************


********************************************************************************************************************
Start calculating the non-Gaussian ED ground state
Maximal iteration number is 1000; energy resolution is 1e-06. Phonon state relaxation time is 2000
Input file varState.dat exists. Start iterations from it.
open output files: NGSEDIterationObs.txt
********************************************************************************************************************
Start the 0 rounds of NGS-ED iteration
	effective electronic model is modified as: kinetic energy t = 0.999747
	                                           effective interaction Vq = [     -0.2205, -0.00650916,-3.32485e-05, -0.00650916, -0.00650931,-3.62941e-05, -0.00230695,-3.62941e-05,-3.32485e-05, -0.00230694, -0.00915239, -0.00230694, -0.00650931,-3.62941e-05, -0.00230695,-3.62941e-05]
	first Hamiltonian is constructed, non-zero numbers = 4168871660
	PARPACK diagonalization completed after 150 matrix-vector product operations.
	iteration results: : total energy is -16.916427 | electron energy -16.916441 + phonon energy 0.000014 | electron momentum kIdx = 0
	Nq(0) = 9,	Nq(1) = 0.191815,	Nq(2) = 0.26611,	Nq(3) = 0.191815,	Nq(4) = 0.191815,	Nq(5) = 0.245471,	
	Nq(6) = 0.314147,	Nq(7) = 0.245471,	Nq(8) = 0.26611,	Nq(9) = 0.314147,	Nq(10) = 0.369739,	
	Nq(11) = 0.314147,	Nq(12) = 0.191815,	Nq(13) = 0.245471,	Nq(14) = 0.314147,	Nq(15) = 0.245471;	
	Sq(0) = 4.46432e-18,	Sq(1) = 0.55456,	Sq(2) = 0.424349,	Sq(3) = 0.55456,	Sq(4) = 0.55456,	
	Sq(5) = 0.797429,	Sq(6) = 1.01279,	Sq(7) = 0.797429,	Sq(8) = 0.42435,	Sq(9) = 1.01279,	
	Sq(10) = 0.784503,	Sq(11) = 1.01279,	Sq(12) = 0.55456,	Sq(13) = 0.797429,	Sq(14) = 1.01279,	
	Sq(15) = 0.797429;	N(0) = 1.76744,	N(1) = 1.62668,	N(2) = 0.743507,	N(3) = 1.62668,	
	N(4) = 1.62668,	N(5) = 0.392135,	N(6) = 0.14426,	N(7) = 0.392135,	N(8) = 0.743507,	
	N(9) = 0.144261,	N(10) = 0.0932539,	N(11) = 0.144261,	N(12) = 1.62668,	N(13) = 0.392135,	
	N(14) = 0.14426,	N(15) = 0.392135;	Delta[s](0) = 0.0658465,	Delta[s](1) = 0.0454512,	Delta[s](2) = 0.0304357,	
	Delta[s](3) = 0.0454512,	Delta[s](4) = 0.0454512,	Delta[s](5) = 0.0271194,	Delta[s](6) = 0.00920253,	Delta[s](7) = 0.0271194,	
	Delta[s](8) = 0.0304357,	Delta[s](9) = 0.00920252,	Delta[s](10) = 3.6644e-05,	Delta[s](11) = 0.00920252,	Delta[s](12) = 0.0454512,	
	Delta[s](13) = 0.0271194,	Delta[s](14) = 0.00920253,	Delta[s](15) = 0.0271194;	Delta[d](0) = 0.302489,	Delta[d](1) = 0.2373,	
	Delta[d](2) = 0.29296,	Delta[d](3) = 0.2373,	Delta[d](4) = 0.2373,	Delta[d](5) = 0.161986,	Delta[d](6) = 0.19828,	
	Delta[d](7) = 0.161986,	Delta[d](8) = 0.29296,	Delta[d](9) = 0.19828,	Delta[d](10) = 0.100796,	Delta[d](11) = 0.19828,	
	Delta[d](12) = 0.2373,	Delta[d](13) = 0.161986,	Delta[d](14) = 0.19828,	Delta[d](15) = 0.161986;	Delta[s+](0) = 0.698406,	
	Delta[s+](1) = 0.476249,	Delta[s+](2) = 0.29296,	Delta[s+](3) = 0.476249,	Delta[s+](4) = 0.476249,	Delta[s+](5) = 0.233446,	
	Delta[s+](6) = 0.0824206,	Delta[s+](7) = 0.233446,	Delta[s+](8) = 0.29296,	Delta[s+](9) = 0.0824206,	Delta[s+](10) = 0.0205769,	
	Delta[s+](11) = 0.0824206,	Delta[s+](12) = 0.476249,	Delta[s+](13) = 0.233446,	Delta[s+](14) = 0.0824206,	Delta[s+](15) = 0.233446
	
The 0-th iteration is completed.	|| time cost : 0h 2m 44.489s
********************************************************************************************************************
Start the 1 rounds of NGS-ED iteration
	effective electronic model is modified as: kinetic energy t = 0.999649
	                                           effective interaction Vq = [     -0.2205, -0.00732269,-4.29309e-05, -0.00732269, -0.00732269,-3.98026e-05,  -0.0027865,-3.98026e-05,-4.29309e-05,  -0.0027865,  -0.0112002,  -0.0027865, -0.00732269,-3.98026e-05,  -0.0027865,-3.98026e-05]
	PARPACK diagonalization completed after 30 matrix-vector product operations.
	iteration results: : total energy is -16.916589 | electron energy -16.916623 + phonon energy 0.000034 | electron momentum kIdx = 0
The 1-th iteration is completed.	|| time cost : 0h 0m 24.361s
********************************************************************************************************************
Start the 2 rounds of NGS-ED iteration
	effective electronic model is modified as: kinetic energy t = 0.999649
	                                           effective interaction Vq = [     -0.2205, -0.00732304, -4.2928e-05, -0.00732304, -0.00732304,-3.98003e-05,  -0.0027865,-3.98003e-05, -4.2928e-05,  -0.0027865,  -0.0112025,  -0.0027865, -0.00732304,-3.98003e-05,  -0.0027865,-3.98003e-05]
	PARPACK diagonalization completed after 30 matrix-vector product operations.
	iteration results: : total energy is -16.916589 | electron energy -16.916623 + phonon energy 0.000034 | electron momentum kIdx = 0
The 2-th iteration is completed.	|| time cost : 0h 0m 26.941s
********************************************************************************************************************
Start the 3 rounds of NGS-ED iteration
	effective electronic model is modified as: kinetic energy t = 0.999649
	                                           effective interaction Vq = [     -0.2205, -0.00732304, -4.2928e-05, -0.00732304, -0.00732304,-3.98003e-05,  -0.0027865,-3.98003e-05, -4.2928e-05,  -0.0027865,  -0.0112025,  -0.0027865, -0.00732304,-3.98003e-05,  -0.0027865,-3.98003e-05]
	PARPACK diagonalization completed after 30 matrix-vector product operations.
	iteration results: : total energy is -16.916589 | electron energy -16.916623 + phonon energy 0.000034 | electron momentum kIdx = 0
	Nq(0) = 9,	Nq(1) = 0.191828,	Nq(2) = 0.266095,	Nq(3) = 0.191828,	Nq(4) = 0.191828,	Nq(5) = 0.24546,	
	Nq(6) = 0.314151,	Nq(7) = 0.24546,	Nq(8) = 0.266095,	Nq(9) = 0.314151,	Nq(10) = 0.369821,	
	Nq(11) = 0.314151,	Nq(12) = 0.191828,	Nq(13) = 0.24546,	Nq(14) = 0.314151,	Nq(15) = 0.24546;	
	Sq(0) = 2.89478e-18,	Sq(1) = 0.554548,	Sq(2) = 0.424346,	Sq(3) = 0.554548,	Sq(4) = 0.554548,	
	Sq(5) = 0.797425,	Sq(6) = 1.01278,	Sq(7) = 0.797425,	Sq(8) = 0.424346,	Sq(9) = 1.01278,	
	Sq(10) = 0.784528,	Sq(11) = 1.01278,	Sq(12) = 0.554548,	Sq(13) = 0.797425,	Sq(14) = 1.01278,	
	Sq(15) = 0.797425;	N(0) = 1.76744,	N(1) = 1.62671,	N(2) = 0.743488,	N(3) = 1.62671,	
	N(4) = 1.62671,	N(5) = 0.392122,	N(6) = 0.144255,	N(7) = 0.392122,	N(8) = 0.743488,	
	N(9) = 0.144255,	N(10) = 0.0932513,	N(11) = 0.144255,	N(12) = 1.62671,	N(13) = 0.392122,	
	N(14) = 0.144255,	N(15) = 0.392122;	Delta[s](0) = 0.0658506,	Delta[s](1) = 0.0454543,	Delta[s](2) = 0.0304383,	
	Delta[s](3) = 0.0454543,	Delta[s](4) = 0.0454543,	Delta[s](5) = 0.027122,	Delta[s](6) = 0.00920354,	Delta[s](7) = 0.027122,	
	Delta[s](8) = 0.0304383,	Delta[s](9) = 0.00920354,	Delta[s](10) = 3.66569e-05,	Delta[s](11) = 0.00920354,	Delta[s](12) = 0.0454543,	
	Delta[s](13) = 0.027122,	Delta[s](14) = 0.00920354,	Delta[s](15) = 0.027122;	Delta[d](0) = 0.302485,	Delta[d](1) = 0.237297,	
	Delta[d](2) = 0.292959,	Delta[d](3) = 0.237297,	Delta[d](4) = 0.237297,	Delta[d](5) = 0.161985,	Delta[d](6) = 0.198277,	
	Delta[d](7) = 0.161985,	Delta[d](8) = 0.292959,	Delta[d](9) = 0.198277,	Delta[d](10) = 0.100789,	Delta[d](11) = 0.198277,	
	Delta[d](12) = 0.237297,	Delta[d](13) = 0.161985,	Delta[d](14) = 0.198277,	Delta[d](15) = 0.161985;	Delta[s+](0) = 0.698411,	
	Delta[s+](1) = 0.476251,	Delta[s+](2) = 0.292959,	Delta[s+](3) = 0.476251,	Delta[s+](4) = 0.476251,	Delta[s+](5) = 0.233448,	
	Delta[s+](6) = 0.0824208,	Delta[s+](7) = 0.233448,	Delta[s+](8) = 0.292959,	Delta[s+](9) = 0.0824208,	Delta[s+](10) = 0.0205777,	
	Delta[s+](11) = 0.0824208,	Delta[s+](12) = 0.476251,	Delta[s+](13) = 0.233448,	Delta[s+](14) = 0.0824208,	Delta[s+](15) = 0.233448
	
The 3-th iteration is completed.	|| time cost : 0h 1m 13.852s
********************************************************************************************************************
********************************************************************************************************************
Ground state is obtained after 4 iterations. The current ground-state energy is -16.9166, in which electron energy is -16.9166 and phonon energy is 3.37084e-05
Final variational state is: 
	Gamma_x = [      1,1.00682,1.00006,1.00682,1.00682,1.00005,1.00431,1.00005,1.00006,1.00431,1.02059,1.00431,1.00682,1.00005,1.00431,1.00005]
	lambda_q = [      1.05, 0.0343598,0.00219456, 0.0343598, 0.0343598,0.00203127,-0.0157564,0.00203127,0.00219456,-0.0157564,-0.0299524,-0.0157564, 0.0343598,0.00203127,-0.0157564,0.00203127]
Effective e-e interactions mediated by phonons are:
	momentum-space Vq = [     -0.2205, -0.00732304, -4.2928e-05, -0.00732304, -0.00732304,-3.98003e-05,  -0.0027865,-3.98003e-05, -4.2928e-05,  -0.0027865,  -0.0112025,  -0.0027865, -0.00732304,-3.98003e-05,  -0.0027865,-3.98003e-05]
	real-space Vr = [-0.272386,-0.218371,-0.231629,-0.218371,-0.218371,-0.231617,-0.200224,-0.231617,-0.231629,-0.200224,-0.191509,-0.200224,-0.218371,-0.231617,-0.200224,-0.231617]
********************************************************************************************************************
o___o  ----------------------------------------
| L |	Time since last clock: 0h 0m 0s
A===A	Time since the beginning: 0h 4m 49.645s
***********************************************


Non-Gaussina ED ground state calculation is completed. The final ground-state energy is -16.9166
********************************************************************************************************************
o___o  ----------------------------------------
| L |	Time since last clock: 0h 0m 0s
A===A	Time since the beginning: 0h 4m 49.646s
***********************************************



********************************************************************************************************************
All non-Gaussian ED ground state calculations have been completed. Exit now.
TACC:  Shutdown complete. Exiting. 
