SNEDics v3.4 Non-Gaussian ED ground state program		Start at Fri Sep 27 16:44:38 2019

parallized on 16 MPI threads  * 8 OpenMP threads = 128 total threads.
********************************************************************************************************************
********************************************************************************************************************

********************************************************************************************************************
System parameters and configurations
********************************************************************************************************************
Special program options are enabled: splitted diagonal Hamiltonian
********************************************************************************************************************
Read input file "model_params.in"
	Hubbard-Holstein model parameters : 	t = 1    U = 9    g = 5    W = 5    
********************************************************************************************************************
Read input file "hilbertspace_params.in"
	Requested 16-site 2D lattice, with 12 electrons (6, 6)
	Boundary : Periodic		Hilbert space representation : momentum-space (restricted to kIdx = 10)
	Conservation: particle number[U(1)]      spin[U(1)]     momentum
********************************************************************************************************************

Cluster Positions:				Cluster symmetry group : D4
 x ... x ... x ... x .....                       x ... x ... x ... x .....
 |           |           :                       |           |           :
 |           |           :                       |           |           :
12    13    14    15     x                       1     5     6     5     x
 |           |           :                       |           |           :
 |           |           :                       |           |           :
 8 --- 9 ---10 ---11 --- x                       2 --- 6 ---10 --- 6 --- x
 |           |           :                       |           |           :
 |           |           :                       |           |           :
 4     5     6     7     x                       1     5     6     5     x
 |           |           :                       |           |           :
 |           |           :                       |           |           :
 0 --- 1 --- 2 --- 3 --- x                       0 --- 1 --- 2 --- 1 --- x
orbital number : 1
********************************************************************************************************************
Read input file "obs_params.in"
	Observable Type : Nq(All),   Sq(All),   N(All),   Delta[s](All),   Delta[d](All),   Delta[s+](All)
********************************************************************************************************************
** WARNING ** the input observables have non-local factors which have been reinterpreted. The total observable number is 96
********************************************************************************************************************


********************************************************************************************************************
Start calculating the non-Gaussian ED ground state
** WARNING ** Detected low phonon energy W < 10. The initial state will be prepared through a warm-up process.
********************************************************************************************************************
Start warm-up calculation for scaling factor 2
open output files: NGSEDWarmUpW10Obs.txt
********************************************************************************************************************
Start the 0 rounds of NGS-ED iteration
	effective electronic model is modified as: kinetic energy t = 1
	                                           effective interaction Vq = [-0,-0,-0,-0,-0,-0,-0,-0,-0,-0,-0,-0,-0,-0,-0,-0]
	first Hamiltonian is constructed, non-zero numbers = 969134084
	PARPACK diagonalization completed after 165 matrix-vector product operations.
	iteration results: : total energy is -14.511237 | electron energy -14.511237 + phonon energy 0.000000 | electron momentum kIdx = 10
	Nq(0) = 9,	Nq(1) = 0.184053,	Nq(2) = 0.230821,	Nq(3) = 0.184053,	Nq(4) = 0.184053,	Nq(5) = 0.251288,	Nq(6) = 0.300745,	Nq(7) = 0.251288,	Nq(8) = 0.230821,	Nq(9) = 0.300745,	Nq(10) = 0.349569,	Nq(11) = 0.300745,	Nq(12) = 0.184053,	Nq(13) = 0.251288,	Nq(14) = 0.300745,	Nq(15) = 0.251288,	Sq(0) = 1.28836e-18,	Sq(1) = 0.563352,	Sq(2) = 0.935498,	Sq(3) = 0.563352,	Sq(4) = 0.563352,	Sq(5) = 0.553202,	Sq(6) = 1.03094,	Sq(7) = 0.553202,	Sq(8) = 0.935498,	Sq(9) = 1.03094,	Sq(10) = 0.783477,	Sq(11) = 1.03094,	Sq(12) = 0.563352,	Sq(13) = 0.553202,	Sq(14) = 1.03094,	Sq(15) = 0.553202,	N(0) = 1.73352,	N(1) = 1.58528,	N(2) = 0.304655,	N(3) = 1.58528,	N(4) = 1.58528,	N(5) = 0.642128,	N(6) = 0.160619,	N(7) = 0.642128,	N(8) = 0.304655,	N(9) = 0.160619,	N(10) = 0.105041,	N(11) = 0.160619,	N(12) = 1.58528,	N(13) = 0.642128,	N(14) = 0.160619,	N(15) = 0.642128,	Delta[s](0) = 0.0419831,	Delta[s](1) = 0.0320407,	Delta[s](2) = 0.0223763,	Delta[s](3) = 0.0320407,	Delta[s](4) = 0.0320407,	Delta[s](5) = 0.0238947,	Delta[s](6) = 0.0143393,	Delta[s](7) = 0.0238947,	Delta[s](8) = 0.0223763,	Delta[s](9) = 0.0143393,	Delta[s](10) = 0.00994383,	Delta[s](11) = 0.0143393,	Delta[s](12) = 0.0320407,	Delta[s](13) = 0.0238947,	Delta[s](14) = 0.0143393,	Delta[s](15) = 0.0238947,	Delta[d](0) = 0.188469,	Delta[d](1) = 0.140823,	Delta[d](2) = 0.168611,	Delta[d](3) = 0.140823,	Delta[d](4) = 0.140823,	Delta[d](5) = 0.12734,	Delta[d](6) = 0.104196,	Delta[d](7) = 0.12734,	Delta[d](8) = 0.168611,	Delta[d](9) = 0.104196,	Delta[d](10) = 0.0585573,	Delta[d](11) = 0.104196,	Delta[d](12) = 0.140823,	Delta[d](13) = 0.12734,	Delta[d](14) = 0.104196,	Delta[d](15) = 0.12734,	Delta[s+](0) = 0.496461,	Delta[s+](1) = 0.342574,	Delta[s+](2) = 0.168611,	Delta[s+](3) = 0.342574,	Delta[s+](4) = 0.342574,	Delta[s+](5) = 0.205996,	Delta[s+](6) = 0.0785164,	Delta[s+](7) = 0.205996,	Delta[s+](8) = 0.168611,	Delta[s+](9) = 0.0785164,	Delta[s+](10) = 0.0289342,	Delta[s+](11) = 0.0785164,	Delta[s+](12) = 0.342574,	Delta[s+](13) = 0.205996,	Delta[s+](14) = 0.0785164,	Delta[s+](15) = 0.205996
The 0-th iteration is completed.	|| time cost : 0h 2m 57.926s
********************************************************************************************************************
Start the 1 rounds of NGS-ED iteration
	effective electronic model is modified as: kinetic energy t = 0.871032
	                                           effective interaction Vq = [-4.32332,-4.05762, -3.9038,-4.05762,-4.05762,-3.93817,-3.84533,-3.93817, -3.9038,-3.84533,-3.78009,-3.84533,-4.05762,-3.93817,-3.84533,-3.93817]
	PARPACK diagonalization completed after 30 matrix-vector product operations.
	iteration results: : total energy is -69.225497 | electron energy -69.236634 + phonon energy 0.011138 | electron momentum kIdx = 10
The 1-th iteration is completed.	|| time cost : 0h 2m 34.405s
********************************************************************************************************************
Start the 2 rounds of NGS-ED iteration
	effective electronic model is modified as: kinetic energy t = 0.788106
	                                           effective interaction Vq = [-4.90842,-4.72909,-4.53632,-4.72909,-4.72909,-4.58538,-4.54058,-4.58538,-4.53632,-4.54058,-4.53079,-4.54058,-4.72909,-4.58538,-4.54058,-4.58538]
	PARPACK diagonalization completed after 30 matrix-vector product operations.
	iteration results: : total energy is -77.157722 | electron energy -77.257586 + phonon energy 0.099864 | electron momentum kIdx = 10
The 2-th iteration is completed.	|| time cost : 0h 0m 8.994s
********************************************************************************************************************
Start the 3 rounds of NGS-ED iteration
	effective electronic model is modified as: kinetic energy t = 0.752396
	                                           effective interaction Vq = [-4.98761,-4.88255,-4.70127,-4.88255,-4.88255,-4.75764,-4.73729,-4.75764,-4.70127,-4.73729,-4.75385,-4.73729,-4.88255,-4.75764,-4.73729,-4.75764]
	PARPACK diagonalization completed after 30 matrix-vector product operations.
	iteration results: : total energy is -78.342064 | electron energy -78.513929 + phonon energy 0.171865 | electron momentum kIdx = 10
The 3-th iteration is completed.	|| time cost : 0h 0m 9.147s
********************************************************************************************************************
Start the 4 rounds of NGS-ED iteration
	effective electronic model is modified as: kinetic energy t = 0.737906
	                                           effective interaction Vq = [-4.99832, -4.9237,-4.75291, -4.9237, -4.9237,-4.81248,-4.80199,-4.81248,-4.75291,-4.80199, -4.8285,-4.80199, -4.9237,-4.81248,-4.80199,-4.81248]
	PARPACK diagonalization completed after 30 matrix-vector product operations.
	iteration results: : total energy is -78.514521 | electron energy -78.719584 + phonon energy 0.205063 | electron momentum kIdx = 10
The 4-th iteration is completed.	|| time cost : 0h 0m 9.102s
********************************************************************************************************************
Start the 5 rounds of NGS-ED iteration
	effective electronic model is modified as: kinetic energy t = 0.7322
	                                           effective interaction Vq = [-4.99977,-4.93637,-4.77065,-4.93637,-4.93637,-4.83178, -4.8254,-4.83178,-4.77065, -4.8254,-4.85569, -4.8254,-4.93637,-4.83178, -4.8254,-4.83178]
	PARPACK diagonalization completed after 30 matrix-vector product operations.
	iteration results: : total energy is -78.539265 | electron energy -78.757865 + phonon energy 0.218600 | electron momentum kIdx = 10
The 5-th iteration is completed.	|| time cost : 0h 0m 9.148s
********************************************************************************************************************
Start the 6 rounds of NGS-ED iteration
	effective electronic model is modified as: kinetic energy t = 0.729984
	                                           effective interaction Vq = [-4.99997,-4.94058,-4.77701,-4.94058,-4.94058, -4.8389,-4.83431, -4.8389,-4.77701,-4.83431,-4.86611,-4.83431,-4.94058, -4.8389,-4.83431, -4.8389]
	PARPACK diagonalization completed after 30 matrix-vector product operations.
	iteration results: : total energy is -78.542799 | electron energy -78.766767 + phonon energy 0.223968 | electron momentum kIdx = 10
The 6-th iteration is completed.	|| time cost : 0h 0m 9.13s
********************************************************************************************************************
Start the 7 rounds of NGS-ED iteration
	effective electronic model is modified as: kinetic energy t = 0.729127
	                                           effective interaction Vq = [      -5,-4.94202,-4.77933,-4.94202,-4.94202,-4.84158,-4.83778,-4.84158,-4.77933,-4.83778,-4.87021,-4.83778,-4.94202,-4.84158,-4.83778,-4.84158]
	PARPACK diagonalization completed after 30 matrix-vector product operations.
	iteration results: : total energy is -78.543305 | electron energy -78.769386 + phonon energy 0.226081 | electron momentum kIdx = 10
The 7-th iteration is completed.	|| time cost : 0h 0m 9.173s
********************************************************************************************************************
Start the 8 rounds of NGS-ED iteration
	effective electronic model is modified as: kinetic energy t = 0.728796
	                                           effective interaction Vq = [      -5,-4.94251,-4.78018,-4.94251,-4.94251,-4.84259,-4.83915,-4.84259,-4.78018,-4.83915,-4.87184,-4.83915,-4.94251,-4.84259,-4.83915,-4.84259]
	PARPACK diagonalization completed after 30 matrix-vector product operations.
	iteration results: : total energy is -78.543377 | electron energy -78.770290 + phonon energy 0.226912 | electron momentum kIdx = 10
The 8-th iteration is completed.	|| time cost : 0h 0m 9.11s
********************************************************************************************************************
Start the 9 rounds of NGS-ED iteration
	effective electronic model is modified as: kinetic energy t = 0.728668
	                                           effective interaction Vq = [      -5,-4.94268,-4.78049,-4.94268,-4.94268,-4.84298,-4.83969,-4.84298,-4.78049,-4.83969, -4.8725,-4.83969,-4.94268,-4.84298,-4.83969,-4.84298]
	PARPACK diagonalization completed after 75 matrix-vector product operations.
	iteration results: : total energy is -78.747681 | electron energy -78.974920 + phonon energy 0.227239 | electron momentum kIdx = 10
The 9-th iteration is completed.	|| time cost : 0h 0m 13.816s
********************************************************************************************************************
Start the 10 rounds of NGS-ED iteration
	effective electronic model is modified as: kinetic energy t = 0.72411
	                                           effective interaction Vq = [      -5,-4.93786,-4.84965,-4.93786,-4.93786,-4.87907,-4.83413,-4.87907,-4.84965,-4.83413,-4.87563,-4.83413,-4.93786,-4.87907,-4.83413,-4.87907]
	PARPACK diagonalization completed after 30 matrix-vector product operations.
	iteration results: : total energy is -78.776870 | electron energy -79.007796 + phonon energy 0.230926 | electron momentum kIdx = 10
	Nq(0) = 9,	Nq(1) = 0.403066,	Nq(2) = 0.56359,	Nq(3) = 0.403066,	Nq(4) = 0.403066,	Nq(5) = 0.588241,	Nq(6) = 0.650195,	Nq(7) = 0.588241,	Nq(8) = 0.56359,	Nq(9) = 0.650195,	Nq(10) = 1.01295,	Nq(11) = 0.650195,	Nq(12) = 0.403066,	Nq(13) = 0.588241,	Nq(14) = 0.650195,	Nq(15) = 0.588241,	Sq(0) = 5.83808e-18,	Sq(1) = 0.336647,	Sq(2) = 0.355914,	Sq(3) = 0.336647,	Sq(4) = 0.336647,	Sq(5) = 0.355663,	Sq(6) = 0.558611,	Sq(7) = 0.355663,	Sq(8) = 0.355914,	Sq(9) = 0.558611,	Sq(10) = 0.578348,	Sq(11) = 0.558611,	Sq(12) = 0.336647,	Sq(13) = 0.355663,	Sq(14) = 0.558611,	Sq(15) = 0.355663,	N(0) = 1.996,	N(1) = 1.98791,	N(2) = 0.370856,	N(3) = 1.98791,	N(4) = 1.98791,	N(5) = 0.32295,	N(6) = 0.00412333,	N(7) = 0.32295,	N(8) = 0.370856,	N(9) = 0.00412333,	N(10) = 0.00236058,	N(11) = 0.00412333,	N(12) = 1.98791,	N(13) = 0.32295,	N(14) = 0.00412333,	N(15) = 0.32295,	Delta[s](0) = 0.232296,	Delta[s](1) = 0.186861,	Delta[s](2) = 0.175429,	Delta[s](3) = 0.186861,	Delta[s](4) = 0.186861,	Delta[s](5) = 0.17452,	Delta[s](6) = 0.14921,	Delta[s](7) = 0.17452,	Delta[s](8) = 0.175429,	Delta[s](9) = 0.14921,	Delta[s](10) = 0.22755,	Delta[s](11) = 0.14921,	Delta[s](12) = 0.186861,	Delta[s](13) = 0.17452,	Delta[s](14) = 0.14921,	Delta[s](15) = 0.17452,	Delta[d](0) = 0.206243,	Delta[d](1) = 0.145904,	Delta[d](2) = 0.167837,	Delta[d](3) = 0.145904,	Delta[d](4) = 0.145904,	Delta[d](5) = 0.134243,	Delta[d](6) = 0.110187,	Delta[d](7) = 0.134243,	Delta[d](8) = 0.167837,	Delta[d](9) = 0.110187,	Delta[d](10) = 0.0646522,	Delta[d](11) = 0.110187,	Delta[d](12) = 0.145904,	Delta[d](13) = 0.134243,	Delta[d](14) = 0.110187,	Delta[d](15) = 0.134243,	Delta[s+](0) = 0.412493,	Delta[s+](1) = 0.291668,	Delta[s+](2) = 0.167837,	Delta[s+](3) = 0.291668,	Delta[s+](4) = 0.291668,	Delta[s+](5) = 0.16366,	Delta[s+](6) = 0.0660275,	Delta[s+](7) = 0.16366,	Delta[s+](8) = 0.167837,	Delta[s+](9) = 0.0660275,	Delta[s+](10) = 0.028808,	Delta[s+](11) = 0.0660275,	Delta[s+](12) = 0.291668,	Delta[s+](13) = 0.16366,	Delta[s+](14) = 0.0660275,	Delta[s+](15) = 0.16366
The 10-th iteration is completed.	|| time cost : 0h 1m 25.188s
********************************************************************************************************************
Start the 11 rounds of NGS-ED iteration
	effective electronic model is modified as: kinetic energy t = 0.722445
	                                           effective interaction Vq = [      -5,-4.93613,-4.87576,-4.93613,-4.93613,-4.88978,-4.83172,-4.88978,-4.87576,-4.83172,-4.87655,-4.83172,-4.93613,-4.88978,-4.83172,-4.88978]
	PARPACK diagonalization completed after 30 matrix-vector product operations.
	iteration results: : total energy is -78.781512 | electron energy -79.014927 + phonon energy 0.233416 | electron momentum kIdx = 10
The 11-th iteration is completed.	|| time cost : 0h 0m 9.109s
********************************************************************************************************************
Start the 12 rounds of NGS-ED iteration
	effective electronic model is modified as: kinetic energy t = 0.721842
	                                           effective interaction Vq = [      -5,-4.93553, -4.8862,-4.93553,-4.93553,-4.89296, -4.8307,-4.89296, -4.8862, -4.8307,-4.87683, -4.8307,-4.93553,-4.89296, -4.8307,-4.89296]
	PARPACK diagonalization completed after 30 matrix-vector product operations.
	iteration results: : total energy is -78.782259 | electron energy -79.016742 + phonon energy 0.234483 | electron momentum kIdx = 10
The 12-th iteration is completed.	|| time cost : 0h 0m 9.146s
********************************************************************************************************************
Start the 13 rounds of NGS-ED iteration
	effective electronic model is modified as: kinetic energy t = 0.721624
	                                           effective interaction Vq = [      -5,-4.93533,-4.89053,-4.93533,-4.93533,-4.89382,-4.83027,-4.89382,-4.89053,-4.83027, -4.8769,-4.83027,-4.93533,-4.89382,-4.83027,-4.89382]
	PARPACK diagonalization completed after 30 matrix-vector product operations.
	iteration results: : total energy is -78.782385 | electron energy -79.017271 + phonon energy 0.234886 | electron momentum kIdx = 10
The 13-th iteration is completed.	|| time cost : 0h 0m 9.115s
********************************************************************************************************************
Start the 14 rounds of NGS-ED iteration
	effective electronic model is modified as: kinetic energy t = 0.721546
	                                           effective interaction Vq = [      -5,-4.93526,-4.89239,-4.93526,-4.93526,-4.89399,-4.83009,-4.89399,-4.89239,-4.83009,-4.87692,-4.83009,-4.93526,-4.89399,-4.83009,-4.89399]
	PARPACK diagonalization completed after 30 matrix-vector product operations.
	iteration results: : total energy is -78.782407 | electron energy -79.017439 + phonon energy 0.235032 | electron momentum kIdx = 10
The 14-th iteration is completed.	|| time cost : 0h 0m 9.011s
********************************************************************************************************************
Start the 15 rounds of NGS-ED iteration
	effective electronic model is modified as: kinetic energy t = 0.721518
	                                           effective interaction Vq = [      -5,-4.93524,-4.89321,-4.93524,-4.93524,-4.89399,-4.83002,-4.89399,-4.89321,-4.83002,-4.87693,-4.83002,-4.93524,-4.89399,-4.83002,-4.89399]
	PARPACK diagonalization completed after 30 matrix-vector product operations.
	iteration results: : total energy is -78.782412 | electron energy -79.017495 + phonon energy 0.235083 | electron momentum kIdx = 10
	Nq(0) = 9,	Nq(1) = 0.401836,	Nq(2) = 0.585539,	Nq(3) = 0.401836,	Nq(4) = 0.401836,	Nq(5) = 0.58621,	Nq(6) = 0.647081,	Nq(7) = 0.58621,	Nq(8) = 0.585539,	Nq(9) = 0.647081,	Nq(10) = 1.01104,	Nq(11) = 0.647081,	Nq(12) = 0.401836,	Nq(13) = 0.58621,	Nq(14) = 0.647081,	Nq(15) = 0.58621,	Sq(0) = 3.62064e-17,	Sq(1) = 0.335514,	Sq(2) = 0.355295,	Sq(3) = 0.335514,	Sq(4) = 0.335514,	Sq(5) = 0.355284,	Sq(6) = 0.556755,	Sq(7) = 0.355284,	Sq(8) = 0.355295,	Sq(9) = 0.556755,	Sq(10) = 0.576574,	Sq(11) = 0.556755,	Sq(12) = 0.335514,	Sq(13) = 0.355284,	Sq(14) = 0.556755,	Sq(15) = 0.355284,	N(0) = 1.99579,	N(1) = 1.98747,	N(2) = 0.339715,	N(3) = 1.98747,	N(4) = 1.98747,	N(5) = 0.338496,	N(6) = 0.00464091,	N(7) = 0.338496,	N(8) = 0.339715,	N(9) = 0.00464091,	N(10) = 0.00236547,	N(11) = 0.00464091,	N(12) = 1.98747,	N(13) = 0.338496,	N(14) = 0.00464091,	N(15) = 0.338496,	Delta[s](0) = 0.232659,	Delta[s](1) = 0.187406,	Delta[s](2) = 0.175346,	Delta[s](3) = 0.187406,	Delta[s](4) = 0.187406,	Delta[s](5) = 0.175324,	Delta[s](6) = 0.149814,	Delta[s](7) = 0.175324,	Delta[s](8) = 0.175346,	Delta[s](9) = 0.149814,	Delta[s](10) = 0.227785,	Delta[s](11) = 0.149814,	Delta[s](12) = 0.187406,	Delta[s](13) = 0.175324,	Delta[s](14) = 0.149814,	Delta[s](15) = 0.175324,	Delta[d](0) = 0.205093,	Delta[d](1) = 0.143258,	Delta[d](2) = 0.165027,	Delta[d](3) = 0.143258,	Delta[d](4) = 0.143258,	Delta[d](5) = 0.134125,	Delta[d](6) = 0.107612,	Delta[d](7) = 0.134125,	Delta[d](8) = 0.165027,	Delta[d](9) = 0.107612,	Delta[d](10) = 0.0637041,	Delta[d](11) = 0.107612,	Delta[d](12) = 0.143258,	Delta[d](13) = 0.134125,	Delta[d](14) = 0.107612,	Delta[d](15) = 0.134125,	Delta[s+](0) = 0.411272,	Delta[s+](1) = 0.290947,	Delta[s+](2) = 0.165027,	Delta[s+](3) = 0.290947,	Delta[s+](4) = 0.290947,	Delta[s+](5) = 0.164921,	Delta[s+](6) = 0.0660543,	Delta[s+](7) = 0.164921,	Delta[s+](8) = 0.165027,	Delta[s+](9) = 0.0660543,	Delta[s+](10) = 0.0289153,	Delta[s+](11) = 0.0660543,	Delta[s+](12) = 0.290947,	Delta[s+](13) = 0.164921,	Delta[s+](14) = 0.0660543,	Delta[s+](15) = 0.164921
The 15-th iteration is completed.	|| time cost : 0h 1m 25.735s
********************************************************************************************************************
********************************************************************************************************************
Ground state is obtained after 16 iterations. The current ground-state energy is -78.7824, in which electron energy is -79.0175 and phonon energy is 0.235083
final variational state is: 
	Gamma_x = [      1,1.04135,1.07554,1.04135,1.04135, 1.0756,1.10205, 1.0756,1.07554,1.10205,1.14264,1.10205,1.04135, 1.0756,1.10205, 1.0756]
	lambda_q = [0.707107,0.626628,0.603943,0.626628,0.626628,0.604127,0.576718,0.604127,0.603943,0.576718,0.596169,0.576718,0.626628,0.604127,0.576718,0.604127]
********************************************************************************************************************
o___o  ----------------------------------------
| L |	Time since last clock: 0h 0m 0s
A===A	Time since the beginning: 0h 10m 17.261s
***********************************************


********************************************************************************************************************
Warm up runs have been completed. Start calculating W = 5 phonon.
open output files: NGSEDIterationObs.txt
********************************************************************************************************************
Start the 0 rounds of NGS-ED iteration
	effective electronic model is modified as: kinetic energy t = 0.721508
	                                           effective interaction Vq = [-4.57107,-4.30297,-4.21569,-4.30297,-4.30297,-4.21642,-4.10416,-4.21642,-4.21569,-4.10416, -4.1846,-4.10416,-4.30297,-4.21642,-4.10416,-4.21642]
	PARPACK diagonalization completed after 45 matrix-vector product operations.
	iteration results: : total energy is -69.666032 | electron energy -69.783582 + phonon energy 0.117550 | electron momentum kIdx = 10
	Nq(0) = 9,	Nq(1) = 0.362774,	Nq(2) = 0.42974,	Nq(3) = 0.362774,	Nq(4) = 0.362774,	Nq(5) = 0.379202,	Nq(6) = 0.550918,	Nq(7) = 0.379202,	Nq(8) = 0.42974,	Nq(9) = 0.550918,	Nq(10) = 0.777553,	Nq(11) = 0.550918,	Nq(12) = 0.362774,	Nq(13) = 0.379202,	Nq(14) = 0.550918,	Nq(15) = 0.379202,	Sq(0) = 1.00188e-20,	Sq(1) = 0.406795,	Sq(2) = 0.389761,	Sq(3) = 0.406795,	Sq(4) = 0.406795,	Sq(5) = 0.604692,	Sq(6) = 0.676265,	Sq(7) = 0.604692,	Sq(8) = 0.389761,	Sq(9) = 0.676265,	Sq(10) = 0.660859,	Sq(11) = 0.676265,	Sq(12) = 0.406795,	Sq(13) = 0.604692,	Sq(14) = 0.676265,	Sq(15) = 0.604692,	N(0) = 1.9949,	N(1) = 1.99124,	N(2) = 0.668305,	N(3) = 1.99124,	N(4) = 1.99124,	N(5) = 0.171499,	N(6) = 0.00373449,	N(7) = 0.171499,	N(8) = 0.668305,	N(9) = 0.00373449,	N(10) = 0.00258551,	N(11) = 0.00373449,	N(12) = 1.99124,	N(13) = 0.171499,	N(14) = 0.00373449,	N(15) = 0.171499,	Delta[s](0) = 0.153028,	Delta[s](1) = 0.130319,	Delta[s](2) = 0.124161,	Delta[s](3) = 0.130319,	Delta[s](4) = 0.130319,	Delta[s](5) = 0.11888,	Delta[s](6) = 0.103736,	Delta[s](7) = 0.11888,	Delta[s](8) = 0.124161,	Delta[s](9) = 0.103736,	Delta[s](10) = 0.0912168,	Delta[s](11) = 0.103736,	Delta[s](12) = 0.130319,	Delta[s](13) = 0.11888,	Delta[s](14) = 0.103736,	Delta[s](15) = 0.11888,	Delta[d](0) = 0.230664,	Delta[d](1) = 0.186622,	Delta[d](2) = 0.219893,	Delta[d](3) = 0.186622,	Delta[d](4) = 0.186622,	Delta[d](5) = 0.14953,	Delta[d](6) = 0.153599,	Delta[d](7) = 0.14953,	Delta[d](8) = 0.219893,	Delta[d](9) = 0.153599,	Delta[d](10) = 0.0897311,	Delta[d](11) = 0.153599,	Delta[d](12) = 0.186622,	Delta[d](13) = 0.14953,	Delta[d](14) = 0.153599,	Delta[d](15) = 0.14953,	Delta[s+](0) = 0.476856,	Delta[s+](1) = 0.335005,	Delta[s+](2) = 0.219893,	Delta[s+](3) = 0.335005,	Delta[s+](4) = 0.335005,	Delta[s+](5) = 0.175807,	Delta[s+](6) = 0.0795617,	Delta[s+](7) = 0.175807,	Delta[s+](8) = 0.219893,	Delta[s+](9) = 0.0795617,	Delta[s+](10) = 0.0355904,	Delta[s+](11) = 0.0795617,	Delta[s+](12) = 0.335005,	Delta[s+](13) = 0.175807,	Delta[s+](14) = 0.0795617,	Delta[s+](15) = 0.175807
The 0-th iteration is completed.	|| time cost : 0h 1m 29.177s
********************************************************************************************************************
Start the 1 rounds of NGS-ED iteration
	effective electronic model is modified as: kinetic energy t = 0.695017
	                                           effective interaction Vq = [ -4.8422, -4.5633,-4.39923, -4.5633, -4.5633,-4.34931,-4.31173,-4.34931,-4.39923,-4.31173,-4.39205,-4.31173, -4.5633,-4.34931,-4.31173,-4.34931]
	PARPACK diagonalization completed after 30 matrix-vector product operations.
	iteration results: : total energy is -72.652849 | electron energy -72.986504 + phonon energy 0.333655 | electron momentum kIdx = 10
The 1-th iteration is completed.	|| time cost : 0h 0m 9.152s
********************************************************************************************************************
Start the 2 rounds of NGS-ED iteration
	effective electronic model is modified as: kinetic energy t = 0.673602
	                                           effective interaction Vq = [-4.94195,-4.70056,-4.52794,-4.70056,-4.70056,-4.42628,-4.44615,-4.42628,-4.52794,-4.44615,-4.53173,-4.44615,-4.70056,-4.42628,-4.44615,-4.42628]
	PARPACK diagonalization completed after 30 matrix-vector product operations.
	iteration results: : total energy is -73.800076 | electron energy -74.277780 + phonon energy 0.477704 | electron momentum kIdx = 10
The 2-th iteration is completed.	|| time cost : 0h 0m 9.127s
********************************************************************************************************************
Start the 3 rounds of NGS-ED iteration
	effective electronic model is modified as: kinetic energy t = 0.657113
	                                           effective interaction Vq = [-4.97864,-4.77461,-4.64793,-4.77461,-4.77461,-4.46935,-4.53002,-4.46935,-4.64793,-4.53002,-4.62113,-4.53002,-4.77461,-4.46935,-4.53002,-4.46935]
	PARPACK diagonalization completed after 30 matrix-vector product operations.
	iteration results: : total energy is -74.271113 | electron energy -74.837531 + phonon energy 0.566418 | electron momentum kIdx = 10
The 3-th iteration is completed.	|| time cost : 0h 0m 9.136s
********************************************************************************************************************
Start the 4 rounds of NGS-ED iteration
	effective electronic model is modified as: kinetic energy t = 0.64342
	                                           effective interaction Vq = [-4.99214,-4.81489,-4.73523,-4.81489,-4.81489,-4.52962,-4.58056,-4.52962,-4.73523,-4.58056,-4.67895,-4.58056,-4.81489,-4.52962,-4.58056,-4.52962]
	PARPACK diagonalization completed after 30 matrix-vector product operations.
	iteration results: : total energy is -74.473735 | electron energy -75.097322 + phonon energy 0.623587 | electron momentum kIdx = 10
The 4-th iteration is completed.	|| time cost : 0h 0m 9.015s
********************************************************************************************************************
Start the 5 rounds of NGS-ED iteration
	effective electronic model is modified as: kinetic energy t = 0.633349
	                                           effective interaction Vq = [-4.99711,-4.83707,-4.78581,-4.83707,-4.83707,-4.58665,-4.61085,-4.58665,-4.78581,-4.61085,-4.71639,-4.61085,-4.83707,-4.58665,-4.61085,-4.58665]
	PARPACK diagonalization completed after 30 matrix-vector product operations.
	iteration results: : total energy is -74.560038 | electron energy -75.222049 + phonon energy 0.662011 | electron momentum kIdx = 10
The 5-th iteration is completed.	|| time cost : 0h 0m 9.133s
********************************************************************************************************************
Start the 6 rounds of NGS-ED iteration
	effective electronic model is modified as: kinetic energy t = 0.626311
	                                           effective interaction Vq = [-4.99894,-4.84952,-4.81311,-4.84952,-4.84952,-4.63289,-4.62912,-4.63289,-4.81311,-4.62912, -4.7406,-4.62912,-4.84952,-4.63289,-4.62912,-4.63289]
	PARPACK diagonalization completed after 30 matrix-vector product operations.
	iteration results: : total energy is -74.597380 | electron energy -75.285413 + phonon energy 0.688034 | electron momentum kIdx = 10
The 6-th iteration is completed.	|| time cost : 0h 0m 9.115s
********************************************************************************************************************
Start the 7 rounds of NGS-ED iteration
	effective electronic model is modified as: kinetic energy t = 0.621478
	                                           effective interaction Vq = [-4.99961,-4.85663,-4.82665,-4.85663,-4.85663,-4.66871,-4.64024,-4.66871,-4.82665,-4.64024,-4.75623,-4.64024,-4.85663,-4.66871,-4.64024,-4.66871]
	PARPACK diagonalization completed after 30 matrix-vector product operations.
	iteration results: : total energy is -74.614326 | electron energy -75.319954 + phonon energy 0.705628 | electron momentum kIdx = 10
The 7-th iteration is completed.	|| time cost : 0h 0m 9.125s
********************************************************************************************************************
Start the 8 rounds of NGS-ED iteration
	effective electronic model is modified as: kinetic energy t = 0.618178
	                                           effective interaction Vq = [-4.99986,-4.86074,-4.83211,-4.86074,-4.86074,-4.69609,-4.64703,-4.69609,-4.83211,-4.64703,-4.76631,-4.64703,-4.86074,-4.69609,-4.64703,-4.69609]
	PARPACK diagonalization completed after 30 matrix-vector product operations.
	iteration results: : total energy is -74.622612 | electron energy -75.340111 + phonon energy 0.717499 | electron momentum kIdx = 10
The 8-th iteration is completed.	|| time cost : 0h 0m 9.029s
********************************************************************************************************************
Start the 9 rounds of NGS-ED iteration
	effective electronic model is modified as: kinetic energy t = 0.615929
	                                           effective interaction Vq = [-4.99995,-4.86314,-4.83286,-4.86314,-4.86314,-4.71695, -4.6512,-4.71695,-4.83286, -4.6512,-4.77278, -4.6512,-4.86314,-4.71695, -4.6512,-4.71695]
	PARPACK diagonalization completed after 30 matrix-vector product operations.
	iteration results: : total energy is -74.627034 | electron energy -75.352534 + phonon energy 0.725500 | electron momentum kIdx = 10
The 9-th iteration is completed.	|| time cost : 0h 0m 9.169s
********************************************************************************************************************
Start the 10 rounds of NGS-ED iteration
	effective electronic model is modified as: kinetic energy t = 0.614398
	                                           effective interaction Vq = [-4.99998,-4.86455,-4.83094,-4.86455,-4.86455,-4.73285,-4.65375,-4.73285,-4.83094,-4.65375,-4.77692,-4.65375,-4.86455,-4.73285,-4.65375,-4.73285]
	PARPACK diagonalization completed after 30 matrix-vector product operations.
	iteration results: : total energy is -74.629593 | electron energy -75.360484 + phonon energy 0.730891 | electron momentum kIdx = 10
	Nq(0) = 9,	Nq(1) = 0.417844,	Nq(2) = 0.651288,	Nq(3) = 0.417844,	Nq(4) = 0.417844,	Nq(5) = 0.538804,	Nq(6) = 0.611841,	Nq(7) = 0.538804,	Nq(8) = 0.651288,	Nq(9) = 0.611841,	Nq(10) = 1.00199,	Nq(11) = 0.611841,	Nq(12) = 0.417844,	Nq(13) = 0.538804,	Nq(14) = 0.611841,	Nq(15) = 0.538804,	Sq(0) = -1.2311e-17,	Sq(1) = 0.343438,	Sq(2) = 0.359479,	Sq(3) = 0.343438,	Sq(4) = 0.343438,	Sq(5) = 0.364539,	Sq(6) = 0.570632,	Sq(7) = 0.364539,	Sq(8) = 0.359479,	Sq(9) = 0.570632,	Sq(10) = 0.588079,	Sq(11) = 0.570632,	Sq(12) = 0.343438,	Sq(13) = 0.364539,	Sq(14) = 0.570632,	Sq(15) = 0.364539,	N(0) = 1.99664,	N(1) = 1.98946,	N(2) = 0.201589,	N(3) = 1.98946,	N(4) = 1.98946,	N(5) = 0.406635,	N(6) = 0.00366942,	N(7) = 0.406635,	N(8) = 0.201589,	N(9) = 0.00366942,	N(10) = 0.00112794,	N(11) = 0.00366942,	N(12) = 1.98946,	N(13) = 0.406635,	N(14) = 0.00366942,	N(15) = 0.406635,	Delta[s](0) = 0.199907,	Delta[s](1) = 0.179013,	Delta[s](2) = 0.171551,	Delta[s](3) = 0.179013,	Delta[s](4) = 0.179013,	Delta[s](5) = 0.173123,	Delta[s](6) = 0.16044,	Delta[s](7) = 0.173123,	Delta[s](8) = 0.171551,	Delta[s](9) = 0.16044,	Delta[s](10) = 0.19595,	Delta[s](11) = 0.16044,	Delta[s](12) = 0.179013,	Delta[s](13) = 0.173123,	Delta[s](14) = 0.16044,	Delta[s](15) = 0.173123,	Delta[d](0) = 0.21304,	Delta[d](1) = 0.159287,	Delta[d](2) = 0.17981,	Delta[d](3) = 0.159287,	Delta[d](4) = 0.159287,	Delta[d](5) = 0.1559,	Delta[d](6) = 0.125423,	Delta[d](7) = 0.1559,	Delta[d](8) = 0.17981,	Delta[d](9) = 0.125423,	Delta[d](10) = 0.0877746,	Delta[d](11) = 0.125423,	Delta[d](12) = 0.159287,	Delta[d](13) = 0.1559,	Delta[d](14) = 0.125423,	Delta[d](15) = 0.1559,	Delta[s+](0) = 0.438762,	Delta[s+](1) = 0.315222,	Delta[s+](2) = 0.17981,	Delta[s+](3) = 0.315222,	Delta[s+](4) = 0.315222,	Delta[s+](5) = 0.196195,	Delta[s+](6) = 0.0923256,	Delta[s+](7) = 0.196195,	Delta[s+](8) = 0.17981,	Delta[s+](9) = 0.0923256,	Delta[s+](10) = 0.0479272,	Delta[s+](11) = 0.0923256,	Delta[s+](12) = 0.315222,	Delta[s+](13) = 0.196195,	Delta[s+](14) = 0.0923256,	Delta[s+](15) = 0.196195
The 10-th iteration is completed.	|| time cost : 0h 1m 23.66s
********************************************************************************************************************
Start the 11 rounds of NGS-ED iteration
	effective electronic model is modified as: kinetic energy t = 0.613356
	                                           effective interaction Vq = [-4.99999,-4.86538,-4.82761,-4.86538,-4.86538,-4.74502,-4.65531,-4.74502,-4.82761,-4.65531,-4.77956,-4.65531,-4.86538,-4.74502,-4.65531,-4.74502]
	PARPACK diagonalization completed after 30 matrix-vector product operations.
	iteration results: : total energy is -74.631171 | electron energy -75.365694 + phonon energy 0.734523 | electron momentum kIdx = 10
The 11-th iteration is completed.	|| time cost : 0h 0m 9.095s
********************************************************************************************************************
Start the 12 rounds of NGS-ED iteration
	effective electronic model is modified as: kinetic energy t = 0.612647
	                                           effective interaction Vq = [      -5,-4.86588,-4.82365,-4.86588,-4.86588,-4.75435,-4.65626,-4.75435,-4.82365,-4.65626,-4.78123,-4.65626,-4.86588,-4.75435,-4.65626,-4.75435]
	PARPACK diagonalization completed after 30 matrix-vector product operations.
	iteration results: : total energy is -74.632187 | electron energy -75.369158 + phonon energy 0.736970 | electron momentum kIdx = 10
The 12-th iteration is completed.	|| time cost : 0h 0m 9.144s
********************************************************************************************************************
Start the 13 rounds of NGS-ED iteration
	effective electronic model is modified as: kinetic energy t = 0.612165
	                                           effective interaction Vq = [      -5,-4.86617,-4.81952,-4.86617,-4.86617,-4.76155,-4.65684,-4.76155,-4.81952,-4.65684,-4.78227,-4.65684,-4.86617,-4.76155,-4.65684,-4.76155]
	PARPACK diagonalization completed after 30 matrix-vector product operations.
	iteration results: : total energy is -74.632859 | electron energy -75.371478 + phonon energy 0.738619 | electron momentum kIdx = 10
The 13-th iteration is completed.	|| time cost : 0h 0m 9.114s
********************************************************************************************************************
Start the 14 rounds of NGS-ED iteration
	effective electronic model is modified as: kinetic energy t = 0.611837
	                                           effective interaction Vq = [      -5,-4.86635,-4.81552,-4.86635,-4.86635,-4.76714,-4.65719,-4.76714,-4.81552,-4.65719,-4.78292,-4.65719,-4.86635,-4.76714,-4.65719,-4.76714]
	PARPACK diagonalization completed after 30 matrix-vector product operations.
	iteration results: : total energy is -74.633311 | electron energy -75.373039 + phonon energy 0.739728 | electron momentum kIdx = 10
The 14-th iteration is completed.	|| time cost : 0h 0m 9.162s
********************************************************************************************************************
Start the 15 rounds of NGS-ED iteration
	effective electronic model is modified as: kinetic energy t = 0.611615
	                                           effective interaction Vq = [      -5,-4.86646, -4.8118,-4.86646,-4.86646,-4.77149, -4.6574,-4.77149, -4.8118, -4.6574,-4.78332, -4.6574,-4.86646,-4.77149, -4.6574,-4.77149]
	PARPACK diagonalization completed after 30 matrix-vector product operations.
	iteration results: : total energy is -74.633617 | electron energy -75.374092 + phonon energy 0.740475 | electron momentum kIdx = 10
The 15-th iteration is completed.	|| time cost : 0h 0m 9.175s
********************************************************************************************************************
Start the 16 rounds of NGS-ED iteration
	effective electronic model is modified as: kinetic energy t = 0.611463
	                                           effective interaction Vq = [      -5,-4.86653,-4.80843,-4.86653,-4.86653,-4.77491,-4.65753,-4.77491,-4.80843,-4.65753,-4.78357,-4.65753,-4.86653,-4.77491,-4.65753,-4.77491]
	PARPACK diagonalization completed after 30 matrix-vector product operations.
	iteration results: : total energy is -74.633826 | electron energy -75.374803 + phonon energy 0.740978 | electron momentum kIdx = 10
The 16-th iteration is completed.	|| time cost : 0h 0m 9.011s
********************************************************************************************************************
Start the 17 rounds of NGS-ED iteration
	effective electronic model is modified as: kinetic energy t = 0.61136
	                                           effective interaction Vq = [      -5,-4.86657,-4.80545,-4.86657,-4.86657, -4.7776, -4.6576, -4.7776,-4.80545, -4.6576,-4.78371, -4.6576,-4.86657, -4.7776, -4.6576, -4.7776]
	PARPACK diagonalization completed after 30 matrix-vector product operations.
	iteration results: : total energy is -74.633968 | electron energy -75.375284 + phonon energy 0.741316 | electron momentum kIdx = 10
The 17-th iteration is completed.	|| time cost : 0h 0m 9.116s
********************************************************************************************************************
Start the 18 rounds of NGS-ED iteration
	effective electronic model is modified as: kinetic energy t = 0.611291
	                                           effective interaction Vq = [      -5, -4.8666,-4.80285, -4.8666, -4.8666,-4.77973,-4.65764,-4.77973,-4.80285,-4.65764,-4.78379,-4.65764, -4.8666,-4.77973,-4.65764,-4.77973]
	PARPACK diagonalization completed after 30 matrix-vector product operations.
