SNEDics v3.4 Non-Gaussian ED ground state program		Start at Fri Sep 27 16:38:31 2019

parallized on 16 MPI threads  * 8 OpenMP threads = 128 total threads.
********************************************************************************************************************
********************************************************************************************************************

********************************************************************************************************************
System parameters and configurations
********************************************************************************************************************
Special program options are enabled: splitted diagonal Hamiltonian
********************************************************************************************************************
Read input file "model_params.in"
	Hubbard-Holstein model parameters : 	t = 1    U = 9    g = 2.7386    W = 5    
********************************************************************************************************************
Read input file "hilbertspace_params.in"
	Requested 16-site 2D lattice, with 12 electrons (6, 6)
	Boundary : Periodic		Hilbert space representation : momentum-space (restricted to kIdx = 10)
	Conservation: particle number[U(1)]      spin[U(1)]     momentum
********************************************************************************************************************

Cluster Positions:				Cluster symmetry group : D4
 x ... x ... x ... x .....                       x ... x ... x ... x .....
 |           |           :                       |           |           :
 |           |           :                       |           |           :
12    13    14    15     x                       1     5     6     5     x
 |           |           :                       |           |           :
 |           |           :                       |           |           :
 8 --- 9 ---10 ---11 --- x                       2 --- 6 ---10 --- 6 --- x
 |           |           :                       |           |           :
 |           |           :                       |           |           :
 4     5     6     7     x                       1     5     6     5     x
 |           |           :                       |           |           :
 |           |           :                       |           |           :
 0 --- 1 --- 2 --- 3 --- x                       0 --- 1 --- 2 --- 1 --- x
orbital number : 1
********************************************************************************************************************
Read input file "obs_params.in"
	Observable Type : Nq(All),   Sq(All),   N(All),   Delta[s](All),   Delta[d](All),   Delta[s+](All)
********************************************************************************************************************
** WARNING ** the input observables have non-local factors which have been reinterpreted. The total observable number is 96
********************************************************************************************************************


********************************************************************************************************************
Start calculating the non-Gaussian ED ground state
** WARNING ** Detected low phonon energy W < 10. The initial state will be prepared through a warm-up process.
********************************************************************************************************************
Start warm-up calculation for scaling factor 2
open output files: NGSEDWarmUpW10Obs.txt
********************************************************************************************************************
Start the 0 rounds of NGS-ED iteration
	effective electronic model is modified as: kinetic energy t = 1
	                                           effective interaction Vq = [-0,-0,-0,-0,-0,-0,-0,-0,-0,-0,-0,-0,-0,-0,-0,-0]
	first Hamiltonian is constructed, non-zero numbers = 969134084
	PARPACK diagonalization completed after 165 matrix-vector product operations.
	iteration results: : total energy is -14.511237 | electron energy -14.511237 + phonon energy 0.000000 | electron momentum kIdx = 10
	Nq(0) = 9,	Nq(1) = 0.184053,	Nq(2) = 0.230821,	Nq(3) = 0.184053,	Nq(4) = 0.184053,	Nq(5) = 0.251288,	Nq(6) = 0.300745,	Nq(7) = 0.251288,	Nq(8) = 0.230821,	Nq(9) = 0.300745,	Nq(10) = 0.349569,	Nq(11) = 0.300745,	Nq(12) = 0.184053,	Nq(13) = 0.251288,	Nq(14) = 0.300745,	Nq(15) = 0.251288,	Sq(0) = 1.28836e-18,	Sq(1) = 0.563352,	Sq(2) = 0.935498,	Sq(3) = 0.563352,	Sq(4) = 0.563352,	Sq(5) = 0.553202,	Sq(6) = 1.03094,	Sq(7) = 0.553202,	Sq(8) = 0.935498,	Sq(9) = 1.03094,	Sq(10) = 0.783477,	Sq(11) = 1.03094,	Sq(12) = 0.563352,	Sq(13) = 0.553202,	Sq(14) = 1.03094,	Sq(15) = 0.553202,	N(0) = 1.73352,	N(1) = 1.58528,	N(2) = 0.304655,	N(3) = 1.58528,	N(4) = 1.58528,	N(5) = 0.642128,	N(6) = 0.160619,	N(7) = 0.642128,	N(8) = 0.304655,	N(9) = 0.160619,	N(10) = 0.105041,	N(11) = 0.160619,	N(12) = 1.58528,	N(13) = 0.642128,	N(14) = 0.160619,	N(15) = 0.642128,	Delta[s](0) = 0.0507641,	Delta[s](1) = 0.0360543,	Delta[s](2) = 0.021766,	Delta[s](3) = 0.0360543,	Delta[s](4) = 0.0360543,	Delta[s](5) = 0.0240388,	Delta[s](6) = 0.00989932,	Delta[s](7) = 0.0240388,	Delta[s](8) = 0.021766,	Delta[s](9) = 0.00989932,	Delta[s](10) = 0.00351251,	Delta[s](11) = 0.00989932,	Delta[s](12) = 0.0360543,	Delta[s](13) = 0.0240388,	Delta[s](14) = 0.00989932,	Delta[s](15) = 0.0240388,	Delta[d](0) = 0.192443,	Delta[d](1) = 0.13375,	Delta[d](2) = 0.164532,	Delta[d](3) = 0.13375,	Delta[d](4) = 0.13375,	Delta[d](5) = 0.12134,	Delta[d](6) = 0.0955377,	Delta[d](7) = 0.12134,	Delta[d](8) = 0.164532,	Delta[d](9) = 0.0955377,	Delta[d](10) = 0.0476947,	Delta[d](11) = 0.0955377,	Delta[d](12) = 0.13375,	Delta[d](13) = 0.12134,	Delta[d](14) = 0.0955377,	Delta[d](15) = 0.12134,	Delta[s+](0) = 0.514941,	Delta[s+](1) = 0.352508,	Delta[s+](2) = 0.164532,	Delta[s+](3) = 0.352508,	Delta[s+](4) = 0.352508,	Delta[s+](5) = 0.206099,	Delta[s+](6) = 0.0690531,	Delta[s+](7) = 0.206099,	Delta[s+](8) = 0.164532,	Delta[s+](9) = 0.0690531,	Delta[s+](10) = 0.0206131,	Delta[s+](11) = 0.0690531,	Delta[s+](12) = 0.352508,	Delta[s+](13) = 0.206099,	Delta[s+](14) = 0.0690531,	Delta[s+](15) = 0.206099
The 0-th iteration is completed.	|| time cost : 0h 2m 59.797s
********************************************************************************************************************
Start the 1 rounds of NGS-ED iteration
	effective electronic model is modified as: kinetic energy t = 0.960117
	                                           effective interaction Vq = [-1.29698,-1.21077,-1.16044,-1.21077,-1.21077,-1.17143,-1.14068,-1.17143,-1.16044,-1.14068, -1.1188,-1.14068,-1.21077,-1.17143,-1.14068,-1.17143]
	PARPACK diagonalization completed after 45 matrix-vector product operations.
	iteration results: : total energy is -29.996152 | electron energy -29.997288 + phonon energy 0.001136 | electron momentum kIdx = 10
The 1-th iteration is completed.	|| time cost : 0h 2m 31.445s
********************************************************************************************************************
Start the 2 rounds of NGS-ED iteration
	effective electronic model is modified as: kinetic energy t = 0.939375
	                                           effective interaction Vq = [-1.47251,-1.38307,-1.31637,-1.38307,-1.38307,-1.33051,-1.29405,-1.33051,-1.31637,-1.29405,-1.26996,-1.29405,-1.38307,-1.33051,-1.29405,-1.33051]
	PARPACK diagonalization completed after 45 matrix-vector product operations.
	iteration results: : total energy is -31.824032 | electron energy -31.830699 + phonon energy 0.006667 | electron momentum kIdx = 10
The 2-th iteration is completed.	|| time cost : 0h 0m 10.307s
********************************************************************************************************************
Start the 3 rounds of NGS-ED iteration
	effective electronic model is modified as: kinetic energy t = 0.933529
	                                           effective interaction Vq = [-1.49627,-1.41879,-1.34804,-1.41879,-1.41879, -1.3631,-1.32514, -1.3631,-1.34804,-1.32514,-1.30052,-1.32514,-1.41879, -1.3631,-1.32514, -1.3631]
	PARPACK diagonalization completed after 30 matrix-vector product operations.
	iteration results: : total energy is -32.055150 | electron energy -32.065433 + phonon energy 0.010284 | electron momentum kIdx = 10
The 3-th iteration is completed.	|| time cost : 0h 0m 8.993s
********************************************************************************************************************
Start the 4 rounds of NGS-ED iteration
	effective electronic model is modified as: kinetic energy t = 0.931982
	                                           effective interaction Vq = [-1.49948,-1.42796,-1.35561,-1.42796,-1.42796,-1.37102,-1.33246,-1.37102,-1.35561,-1.33246,-1.30761,-1.33246,-1.42796,-1.37102,-1.33246,-1.37102]
	PARPACK diagonalization completed after 30 matrix-vector product operations.
	iteration results: : total energy is -32.085330 | electron energy -32.096890 + phonon energy 0.011559 | electron momentum kIdx = 10
The 4-th iteration is completed.	|| time cost : 0h 0m 8.885s
********************************************************************************************************************
Start the 5 rounds of NGS-ED iteration
	effective electronic model is modified as: kinetic energy t = 0.931575
	                                           effective interaction Vq = [-1.49992,-1.43052,-1.35752,-1.43052,-1.43052,-1.37306,-1.33426,-1.37306,-1.35752,-1.33426,-1.30932,-1.33426,-1.43052,-1.37306,-1.33426,-1.37306]
	PARPACK diagonalization completed after 30 matrix-vector product operations.
	iteration results: : total energy is -32.089337 | electron energy -32.101267 + phonon energy 0.011929 | electron momentum kIdx = 10
The 5-th iteration is completed.	|| time cost : 0h 0m 8.994s
********************************************************************************************************************
Start the 6 rounds of NGS-ED iteration
	effective electronic model is modified as: kinetic energy t = 0.931468
	                                           effective interaction Vq = [-1.49998,-1.43125,  -1.358,-1.43125,-1.43125,-1.37359,-1.33471,-1.37359,  -1.358,-1.33471,-1.30974,-1.33471,-1.43125,-1.37359,-1.33471,-1.37359]
	PARPACK diagonalization completed after 30 matrix-vector product operations.
	iteration results: : total energy is -32.089874 | electron energy -32.101904 + phonon energy 0.012030 | electron momentum kIdx = 10
The 6-th iteration is completed.	|| time cost : 0h 0m 8.972s
********************************************************************************************************************
Start the 7 rounds of NGS-ED iteration
	effective electronic model is modified as: kinetic energy t = 0.931439
	                                           effective interaction Vq = [-1.49998,-1.43146,-1.35813,-1.43146,-1.43146,-1.37373,-1.33482,-1.37373,-1.35813,-1.33482,-1.30984,-1.33482,-1.43146,-1.37373,-1.33482,-1.37373]
	PARPACK diagonalization completed after 30 matrix-vector product operations.
	iteration results: : total energy is -32.089946 | electron energy -32.102003 + phonon energy 0.012056 | electron momentum kIdx = 10
	Nq(0) = 9,	Nq(1) = 0.20661,	Nq(2) = 0.251364,	Nq(3) = 0.20661,	Nq(4) = 0.20661,	Nq(5) = 0.272931,	Nq(6) = 0.335055,	Nq(7) = 0.272931,	Nq(8) = 0.251364,	Nq(9) = 0.335055,	Nq(10) = 0.399199,	Nq(11) = 0.335055,	Nq(12) = 0.20661,	Nq(13) = 0.272931,	Nq(14) = 0.335055,	Nq(15) = 0.272931,	Sq(0) = -1.09871e-19,	Sq(1) = 0.540516,	Sq(2) = 0.899621,	Sq(3) = 0.540516,	Sq(4) = 0.540516,	Sq(5) = 0.541654,	Sq(6) = 0.981974,	Sq(7) = 0.541654,	Sq(8) = 0.899621,	Sq(9) = 0.981974,	Sq(10) = 0.783871,	Sq(11) = 0.981974,	Sq(12) = 0.540516,	Sq(13) = 0.541654,	Sq(14) = 0.981974,	Sq(15) = 0.541654,	N(0) = 1.81351,	N(1) = 1.6882,	N(2) = 0.229565,	N(3) = 1.6882,	N(4) = 1.6882,	N(5) = 0.603212,	N(6) = 0.121128,	N(7) = 0.603212,	N(8) = 0.229565,	N(9) = 0.121128,	N(10) = 0.0771901,	N(11) = 0.121128,	N(12) = 1.6882,	N(13) = 0.603212,	N(14) = 0.121128,	N(15) = 0.603212,	Delta[s](0) = 0.0712648,	Delta[s](1) = 0.0520201,	Delta[s](2) = 0.0343441,	Delta[s](3) = 0.0520201,	Delta[s](4) = 0.0520201,	Delta[s](5) = 0.0376707,	Delta[s](6) = 0.0181471,	Delta[s](7) = 0.0376707,	Delta[s](8) = 0.0343441,	Delta[s](9) = 0.0181471,	Delta[s](10) = 0.00885037,	Delta[s](11) = 0.0181471,	Delta[s](12) = 0.0520201,	Delta[s](13) = 0.0376707,	Delta[s](14) = 0.0181471,	Delta[s](15) = 0.0376707,	Delta[d](0) = 0.204994,	Delta[d](1) = 0.131645,	Delta[d](2) = 0.166962,	Delta[d](3) = 0.131645,	Delta[d](4) = 0.131645,	Delta[d](5) = 0.1244,	Delta[d](6) = 0.0900771,	Delta[d](7) = 0.1244,	Delta[d](8) = 0.166962,	Delta[d](9) = 0.0900771,	Delta[d](10) = 0.0416997,	Delta[d](11) = 0.0900771,	Delta[d](12) = 0.131645,	Delta[d](13) = 0.1244,	Delta[d](14) = 0.0900771,	Delta[d](15) = 0.1244,	Delta[s+](0) = 0.534462,	Delta[s+](1) = 0.365717,	Delta[s+](2) = 0.166962,	Delta[s+](3) = 0.365717,	Delta[s+](4) = 0.365717,	Delta[s+](5) = 0.212104,	Delta[s+](6) = 0.0679941,	Delta[s+](7) = 0.212104,	Delta[s+](8) = 0.166962,	Delta[s+](9) = 0.0679941,	Delta[s+](10) = 0.020137,	Delta[s+](11) = 0.0679941,	Delta[s+](12) = 0.365717,	Delta[s+](13) = 0.212104,	Delta[s+](14) = 0.0679941,	Delta[s+](15) = 0.212104
The 7-th iteration is completed.	|| time cost : 0h 1m 27.965s
********************************************************************************************************************
********************************************************************************************************************
Ground state is obtained after 8 iterations. The current ground-state energy is -32.0899, in which electron energy is -32.102 and phonon energy is 0.0120563
final variational state is: 
	Gamma_x = [      1,1.01046,1.01618,1.01046,1.01046,  1.017,1.02253,  1.017,1.01618,1.02253,1.02783,1.02253,1.01046,  1.017,1.02253,  1.017]
	lambda_q = [0.387167,0.304555,0.268206,0.304555,0.304555,0.274948, 0.25879,0.274948,0.268206, 0.25879,0.249413, 0.25879,0.304555,0.274948, 0.25879,0.274948]
********************************************************************************************************************
o___o  ----------------------------------------
| L |	Time since last clock: 0h 0m 0s
A===A	Time since the beginning: 0h 7m 45.361s
***********************************************


********************************************************************************************************************
Warm up runs have been completed. Start calculating W = 5 phonon.
open output files: NGSEDIterationObs.txt
********************************************************************************************************************
Start the 0 rounds of NGS-ED iteration
	effective electronic model is modified as: kinetic energy t = 0.931432
	                                           effective interaction Vq = [ -1.3711,-1.20434,-1.10935,-1.20434,-1.20434,-1.12796,-1.08258,-1.12796,-1.10935,-1.08258,-1.05505,-1.08258,-1.20434,-1.12796,-1.08258,-1.12796]
	PARPACK diagonalization completed after 45 matrix-vector product operations.
	iteration results: : total energy is -29.929569 | electron energy -29.935601 + phonon energy 0.006032 | electron momentum kIdx = 10
	Nq(0) = 9,	Nq(1) = 0.201151,	Nq(2) = 0.245466,	Nq(3) = 0.201151,	Nq(4) = 0.201151,	Nq(5) = 0.266685,	Nq(6) = 0.324592,	Nq(7) = 0.266685,	Nq(8) = 0.245466,	Nq(9) = 0.324592,	Nq(10) = 0.383901,	Nq(11) = 0.324592,	Nq(12) = 0.201151,	Nq(13) = 0.266685,	Nq(14) = 0.324592,	Nq(15) = 0.266685,	Sq(0) = -2.26246e-18,	Sq(1) = 0.546371,	Sq(2) = 0.909175,	Sq(3) = 0.546371,	Sq(4) = 0.546371,	Sq(5) = 0.544854,	Sq(6) = 0.996524,	Sq(7) = 0.544854,	Sq(8) = 0.909175,	Sq(9) = 0.996524,	Sq(10) = 0.786114,	Sq(11) = 0.996524,	Sq(12) = 0.546371,	Sq(13) = 0.544854,	Sq(14) = 0.996524,	Sq(15) = 0.544854,	N(0) = 1.79382,	N(1) = 1.66162,	N(2) = 0.248707,	N(3) = 1.66162,	N(4) = 1.66162,	N(5) = 0.61286,	N(6) = 0.131486,	N(7) = 0.61286,	N(8) = 0.248707,	N(9) = 0.131486,	N(10) = 0.0849087,	N(11) = 0.131486,	N(12) = 1.66162,	N(13) = 0.61286,	N(14) = 0.131486,	N(15) = 0.61286,	Delta[s](0) = 0.0636792,	Delta[s](1) = 0.0467291,	Delta[s](2) = 0.0308545,	Delta[s](3) = 0.0467291,	Delta[s](4) = 0.0467291,	Delta[s](5) = 0.0336836,	Delta[s](6) = 0.0166606,	Delta[s](7) = 0.0336836,	Delta[s](8) = 0.0308545,	Delta[s](9) = 0.0166606,	Delta[s](10) = 0.00859028,	Delta[s](11) = 0.0166606,	Delta[s](12) = 0.0467291,	Delta[s](13) = 0.0336836,	Delta[s](14) = 0.0166606,	Delta[s](15) = 0.0336836,	Delta[d](0) = 0.205149,	Delta[d](1) = 0.136682,	Delta[d](2) = 0.17095,	Delta[d](3) = 0.136682,	Delta[d](4) = 0.136682,	Delta[d](5) = 0.127265,	Delta[d](6) = 0.0953983,	Delta[d](7) = 0.127265,	Delta[d](8) = 0.17095,	Delta[d](9) = 0.0953983,	Delta[d](10) = 0.0462616,	Delta[d](11) = 0.0953983,	Delta[d](12) = 0.136682,	Delta[d](13) = 0.127265,	Delta[d](14) = 0.0953983,	Delta[d](15) = 0.127265,	Delta[s+](0) = 0.538267,	Delta[s+](1) = 0.368756,	Delta[s+](2) = 0.17095,	Delta[s+](3) = 0.368756,	Delta[s+](4) = 0.368756,	Delta[s+](5) = 0.215319,	Delta[s+](6) = 0.0716016,	Delta[s+](7) = 0.215319,	Delta[s+](8) = 0.17095,	Delta[s+](9) = 0.0716016,	Delta[s+](10) = 0.0222442,	Delta[s+](11) = 0.0716016,	Delta[s+](12) = 0.368756,	Delta[s+](13) = 0.215319,	Delta[s+](14) = 0.0716016,	Delta[s+](15) = 0.215319
The 0-th iteration is completed.	|| time cost : 0h 1m 25.063s
********************************************************************************************************************
Start the 1 rounds of NGS-ED iteration
	effective electronic model is modified as: kinetic energy t = 0.924961
	                                           effective interaction Vq = [-1.45257,-1.26754,-1.14818,-1.26754,-1.26754,-1.17232,-1.11255,-1.17232,-1.14818,-1.11255,-1.07549,-1.11255,-1.26754,-1.17232,-1.11255,-1.17232]
	PARPACK diagonalization completed after 30 matrix-vector product operations.
	iteration results: : total energy is -30.692713 | electron energy -30.709514 + phonon energy 0.016802 | electron momentum kIdx = 10
The 1-th iteration is completed.	|| time cost : 0h 0m 8.91s
********************************************************************************************************************
Start the 2 rounds of NGS-ED iteration
	effective electronic model is modified as: kinetic energy t = 0.921819
	                                           effective interaction Vq = [-1.48254,-1.29591,-1.16513,-1.29591,-1.29591,-1.19177,-1.12618,-1.19177,-1.16513,-1.12618,-1.08577,-1.12618,-1.29591,-1.19177,-1.12618,-1.19177]
	PARPACK diagonalization completed after 30 matrix-vector product operations.
	iteration results: : total energy is -30.969246 | electron energy -30.992977 + phonon energy 0.023731 | electron momentum kIdx = 10
The 2-th iteration is completed.	|| time cost : 0h 0m 8.976s
********************************************************************************************************************
Start the 3 rounds of NGS-ED iteration
	effective electronic model is modified as: kinetic energy t = 0.920317
	                                           effective interaction Vq = [-1.49357,-1.30923,-1.17272,-1.30923,-1.30923,-1.20055,-1.13243,-1.20055,-1.17272,-1.13243,-1.09073,-1.13243,-1.30923,-1.20055,-1.13243,-1.20055]
	PARPACK diagonalization completed after 30 matrix-vector product operations.
	iteration results: : total energy is -31.070036 | electron energy -31.097455 + phonon energy 0.027420 | electron momentum kIdx = 10
The 3-th iteration is completed.	|| time cost : 0h 0m 8.882s
********************************************************************************************************************
Start the 4 rounds of NGS-ED iteration
	effective electronic model is modified as: kinetic energy t = 0.919604
	                                           effective interaction Vq = [-1.49763,-1.31564,-1.17616,-1.31564,-1.31564,-1.20458, -1.1353,-1.20458,-1.17616, -1.1353,-1.09308, -1.1353,-1.31564,-1.20458, -1.1353,-1.20458]
	PARPACK diagonalization completed after 30 matrix-vector product operations.
	iteration results: : total energy is -31.106901 | electron energy -31.136157 + phonon energy 0.029256 | electron momentum kIdx = 10
The 4-th iteration is completed.	|| time cost : 0h 0m 8.873s
********************************************************************************************************************
Start the 5 rounds of NGS-ED iteration
	effective electronic model is modified as: kinetic energy t = 0.919266
	                                           effective interaction Vq = [-1.49912,-1.31878,-1.17773,-1.31878,-1.31878,-1.20644,-1.13662,-1.20644,-1.17773,-1.13662,-1.09418,-1.13662,-1.31878,-1.20644,-1.13662,-1.20644]
	PARPACK diagonalization completed after 30 matrix-vector product operations.
	iteration results: : total energy is -31.120414 | electron energy -31.150558 + phonon energy 0.030144 | electron momentum kIdx = 10
The 5-th iteration is completed.	|| time cost : 0h 0m 9.006s
********************************************************************************************************************
Start the 6 rounds of NGS-ED iteration
	effective electronic model is modified as: kinetic energy t = 0.919105
	                                           effective interaction Vq = [-1.49967,-1.32032,-1.17844,-1.32032,-1.32032, -1.2073,-1.13722, -1.2073,-1.17844,-1.13722,-1.09468,-1.13722,-1.32032, -1.2073,-1.13722, -1.2073]
	PARPACK diagonalization completed after 30 matrix-vector product operations.
	iteration results: : total energy is -31.125374 | electron energy -31.155942 + phonon energy 0.030568 | electron momentum kIdx = 10
The 6-th iteration is completed.	|| time cost : 0h 0m 9.003s
********************************************************************************************************************
Start the 7 rounds of NGS-ED iteration
	effective electronic model is modified as: kinetic energy t = 0.919029
	                                           effective interaction Vq = [-1.49987,-1.32108,-1.17878,-1.32108,-1.32108, -1.2077, -1.1375, -1.2077,-1.17878, -1.1375,-1.09492, -1.1375,-1.32108, -1.2077, -1.1375, -1.2077]
	PARPACK diagonalization completed after 30 matrix-vector product operations.
	iteration results: : total energy is -31.127196 | electron energy -31.157965 + phonon energy 0.030769 | electron momentum kIdx = 10
The 7-th iteration is completed.	|| time cost : 0h 0m 8.894s
********************************************************************************************************************
Start the 8 rounds of NGS-ED iteration
	effective electronic model is modified as: kinetic energy t = 0.918993
	                                           effective interaction Vq = [-1.49994,-1.32146,-1.17893,-1.32146,-1.32146,-1.20789,-1.13763,-1.20789,-1.17893,-1.13763,-1.09503,-1.13763,-1.32146,-1.20789,-1.13763,-1.20789]
	PARPACK diagonalization completed after 30 matrix-vector product operations.
	iteration results: : total energy is -31.127866 | electron energy -31.158730 + phonon energy 0.030865 | electron momentum kIdx = 10
The 8-th iteration is completed.	|| time cost : 0h 0m 8.984s
********************************************************************************************************************
Start the 9 rounds of NGS-ED iteration
	effective electronic model is modified as: kinetic energy t = 0.918976
	                                           effective interaction Vq = [-1.49997,-1.32164,  -1.179,-1.32164,-1.32164,-1.20797,-1.13769,-1.20797,  -1.179,-1.13769,-1.09508,-1.13769,-1.32164,-1.20797,-1.13769,-1.20797]
	PARPACK diagonalization completed after 30 matrix-vector product operations.
	iteration results: : total energy is -31.128112 | electron energy -31.159021 + phonon energy 0.030909 | electron momentum kIdx = 10
The 9-th iteration is completed.	|| time cost : 0h 0m 8.869s
********************************************************************************************************************
Start the 10 rounds of NGS-ED iteration
	effective electronic model is modified as: kinetic energy t = 0.918968
	                                           effective interaction Vq = [-1.49998,-1.32173,-1.17903,-1.32173,-1.32173,-1.20801,-1.13771,-1.20801,-1.17903,-1.13771, -1.0951,-1.13771,-1.32173,-1.20801,-1.13771,-1.20801]
	PARPACK diagonalization completed after 30 matrix-vector product operations.
	iteration results: : total energy is -31.128202 | electron energy -31.159133 + phonon energy 0.030931 | electron momentum kIdx = 10
	Nq(0) = 9,	Nq(1) = 0.203165,	Nq(2) = 0.246015,	Nq(3) = 0.203165,	Nq(4) = 0.203165,	Nq(5) = 0.267438,	Nq(6) = 0.324758,	Nq(7) = 0.267438,	Nq(8) = 0.246015,	Nq(9) = 0.324758,	Nq(10) = 0.383588,	Nq(11) = 0.324758,	Nq(12) = 0.203165,	Nq(13) = 0.267438,	Nq(14) = 0.324758,	Nq(15) = 0.267438,	Sq(0) = 2.32164e-18,	Sq(1) = 0.545272,	Sq(2) = 0.907677,	Sq(3) = 0.545272,	Sq(4) = 0.545272,	Sq(5) = 0.544517,	Sq(6) = 0.995277,	Sq(7) = 0.544517,	Sq(8) = 0.907677,	Sq(9) = 0.995277,	Sq(10) = 0.787321,	Sq(11) = 0.995277,	Sq(12) = 0.545272,	Sq(13) = 0.544517,	Sq(14) = 0.995277,	Sq(15) = 0.544517,	N(0) = 1.79608,	N(1) = 1.66507,	N(2) = 0.245641,	N(3) = 1.66507,	N(4) = 1.66507,	N(5) = 0.611298,	N(6) = 0.130599,	N(7) = 0.611298,	N(8) = 0.245641,	N(9) = 0.130599,	N(10) = 0.0847712,	N(11) = 0.130599,	N(12) = 1.66507,	N(13) = 0.611298,	N(14) = 0.130599,	N(15) = 0.611298,	Delta[s](0) = 0.0635863,	Delta[s](1) = 0.0469014,	Delta[s](2) = 0.0312893,	Delta[s](3) = 0.0469014,	Delta[s](4) = 0.0469014,	Delta[s](5) = 0.0340802,	Delta[s](6) = 0.0172925,	Delta[s](7) = 0.0340802,	Delta[s](8) = 0.0312893,	Delta[s](9) = 0.0172925,	Delta[s](10) = 0.00927015,	Delta[s](11) = 0.0172925,	Delta[s](12) = 0.0469014,	Delta[s](13) = 0.0340802,	Delta[s](14) = 0.0172925,	Delta[s](15) = 0.0340802,	Delta[d](0) = 0.211079,	Delta[d](1) = 0.14115,	Delta[d](2) = 0.176196,	Delta[d](3) = 0.14115,	Delta[d](4) = 0.14115,	Delta[d](5) = 0.131464,	Delta[d](6) = 0.0987121,	Delta[d](7) = 0.131464,	Delta[d](8) = 0.176196,	Delta[d](9) = 0.0987121,	Delta[d](10) = 0.0483054,	Delta[d](11) = 0.0987121,	Delta[d](12) = 0.14115,	Delta[d](13) = 0.131464,	Delta[d](14) = 0.0987121,	Delta[d](15) = 0.131464,	Delta[s+](0) = 0.552994,	Delta[s+](1) = 0.378989,	Delta[s+](2) = 0.176196,	Delta[s+](3) = 0.378989,	Delta[s+](4) = 0.378989,	Delta[s+](5) = 0.221655,	Delta[s+](6) = 0.0743542,	Delta[s+](7) = 0.221655,	Delta[s+](8) = 0.176196,	Delta[s+](9) = 0.0743542,	Delta[s+](10) = 0.023502,	Delta[s+](11) = 0.0743542,	Delta[s+](12) = 0.378989,	Delta[s+](13) = 0.221655,	Delta[s+](14) = 0.0743542,	Delta[s+](15) = 0.221655
The 10-th iteration is completed.	|| time cost : 0h 1m 24.875s
********************************************************************************************************************
Start the 11 rounds of NGS-ED iteration
	effective electronic model is modified as: kinetic energy t = 0.918964
	                                           effective interaction Vq = [-1.49998,-1.32178,-1.17904,-1.32178,-1.32178,-1.20803,-1.13773,-1.20803,-1.17904,-1.13773,-1.09511,-1.13773,-1.32178,-1.20803,-1.13773,-1.20803]
	PARPACK diagonalization completed after 30 matrix-vector product operations.
	iteration results: : total energy is -31.128236 | electron energy -31.159176 + phonon energy 0.030941 | electron momentum kIdx = 10
The 11-th iteration is completed.	|| time cost : 0h 0m 8.988s
********************************************************************************************************************
Start the 12 rounds of NGS-ED iteration
	effective electronic model is modified as: kinetic energy t = 0.918962
	                                           effective interaction Vq = [-1.49999, -1.3218,-1.17905, -1.3218, -1.3218,-1.20804,-1.13773,-1.20804,-1.17905,-1.13773,-1.09512,-1.13773, -1.3218,-1.20804,-1.13773,-1.20804]
	PARPACK diagonalization completed after 30 matrix-vector product operations.
	iteration results: : total energy is -31.128248 | electron energy -31.159193 + phonon energy 0.030945 | electron momentum kIdx = 10
The 12-th iteration is completed.	|| time cost : 0h 0m 8.973s
********************************************************************************************************************
Start the 13 rounds of NGS-ED iteration
	effective electronic model is modified as: kinetic energy t = 0.918961
	                                           effective interaction Vq = [-1.49999,-1.32182,-1.17905,-1.32182,-1.32182,-1.20804,-1.13773,-1.20804,-1.17905,-1.13773,-1.09512,-1.13773,-1.32182,-1.20804,-1.13773,-1.20804]
	PARPACK diagonalization completed after 30 matrix-vector product operations.
	iteration results: : total energy is -31.128253 | electron energy -31.159200 + phonon energy 0.030948 | electron momentum kIdx = 10
The 13-th iteration is completed.	|| time cost : 0h 0m 9.01s
********************************************************************************************************************
Start the 14 rounds of NGS-ED iteration
	effective electronic model is modified as: kinetic energy t = 0.91896
	                                           effective interaction Vq = [-1.49999,-1.32182,-1.17906,-1.32182,-1.32182,-1.20805,-1.13774,-1.20805,-1.17906,-1.13774,-1.09512,-1.13774,-1.32182,-1.20805,-1.13774,-1.20805]
	PARPACK diagonalization completed after 30 matrix-vector product operations.
	iteration results: : total energy is -31.128254 | electron energy -31.159203 + phonon energy 0.030949 | electron momentum kIdx = 10
The 14-th iteration is completed.	|| time cost : 0h 0m 8.967s
********************************************************************************************************************
Start the 15 rounds of NGS-ED iteration
	effective electronic model is modified as: kinetic energy t = 0.91896
	                                           effective interaction Vq = [-1.49999,-1.32182,-1.17906,-1.32182,-1.32182,-1.20805,-1.13774,-1.20805,-1.17906,-1.13774,-1.09512,-1.13774,-1.32182,-1.20805,-1.13774,-1.20805]
	PARPACK diagonalization completed after 30 matrix-vector product operations.
	iteration results: : total energy is -31.128255 | electron energy -31.159204 + phonon energy 0.030949 | electron momentum kIdx = 10
The 15-th iteration is completed.	|| time cost : 0h 0m 8.993s
********************************************************************************************************************
Start the 16 rounds of NGS-ED iteration
	effective electronic model is modified as: kinetic energy t = 0.91896
	                                           effective interaction Vq = [-1.49999,-1.32183,-1.17906,-1.32183,-1.32183,-1.20805,-1.13774,-1.20805,-1.17906,-1.13774,-1.09512,-1.13774,-1.32183,-1.20805,-1.13774,-1.20805]
	PARPACK diagonalization completed after 30 matrix-vector product operations.
	iteration results: : total energy is -31.128255 | electron energy -31.159204 + phonon energy 0.030949 | electron momentum kIdx = 10
The 16-th iteration is completed.	|| time cost : 0h 0m 8.973s
********************************************************************************************************************
Start the 17 rounds of NGS-ED iteration
	effective electronic model is modified as: kinetic energy t = 0.91896
	                                           effective interaction Vq = [-1.49999,-1.32183,-1.17906,-1.32183,-1.32183,-1.20805,-1.13774,-1.20805,-1.17906,-1.13774,-1.09512,-1.13774,-1.32183,-1.20805,-1.13774,-1.20805]
	PARPACK diagonalization completed after 30 matrix-vector product operations.
	iteration results: : total energy is -31.128255 | electron energy -31.159205 + phonon energy 0.030949 | electron momentum kIdx = 10
The 17-th iteration is completed.	|| time cost : 0h 0m 8.967s
********************************************************************************************************************
Start the 18 rounds of NGS-ED iteration
	effective electronic model is modified as: kinetic energy t = 0.91896
	                                           effective interaction Vq = [-1.49999,-1.32183,-1.17906,-1.32183,-1.32183,-1.20805,-1.13774,-1.20805,-1.17906,-1.13774,-1.09512,-1.13774,-1.32183,-1.20805,-1.13774,-1.20805]
	PARPACK diagonalization completed after 30 matrix-vector product operations.
	iteration results: : total energy is -31.128255 | electron energy -31.159205 + phonon energy 0.030950 | electron momentum kIdx = 10
The 18-th iteration is completed.	|| time cost : 0h 0m 8.974s
********************************************************************************************************************
Start the 19 rounds of NGS-ED iteration
	effective electronic model is modified as: kinetic energy t = 0.91896
	                                           effective interaction Vq = [-1.49999,-1.32183,-1.17906,-1.32183,-1.32183,-1.20805,-1.13774,-1.20805,-1.17906,-1.13774,-1.09512,-1.13774,-1.32183,-1.20805,-1.13774,-1.20805]
	PARPACK diagonalization completed after 30 matrix-vector product operations.
	iteration results: : total energy is -31.128255 | electron energy -31.159205 + phonon energy 0.030950 | electron momentum kIdx = 10
The 19-th iteration is completed.	|| time cost : 0h 0m 8.981s
********************************************************************************************************************
Start the 20 rounds of NGS-ED iteration
	effective electronic model is modified as: kinetic energy t = 0.91896
	                                           effective interaction Vq = [-1.49999,-1.32183,-1.17906,-1.32183,-1.32183,-1.20805,-1.13774,-1.20805,-1.17906,-1.13774,-1.09512,-1.13774,-1.32183,-1.20805,-1.13774,-1.20805]
	PARPACK diagonalization completed after 30 matrix-vector product operations.
	iteration results: : total energy is -31.128255 | electron energy -31.159205 + phonon energy 0.030950 | electron momentum kIdx = 10
	Nq(0) = 9,	Nq(1) = 0.203167,	Nq(2) = 0.246015,	Nq(3) = 0.203167,	Nq(4) = 0.203167,	Nq(5) = 0.267438,	Nq(6) = 0.324758,	Nq(7) = 0.267438,	Nq(8) = 0.246015,	Nq(9) = 0.324758,	Nq(10) = 0.383587,	Nq(11) = 0.324758,	Nq(12) = 0.203167,	Nq(13) = 0.267438,	Nq(14) = 0.324758,	Nq(15) = 0.267438,	Sq(0) = -2.26996e-18,	Sq(1) = 0.545271,	Sq(2) = 0.907676,	Sq(3) = 0.545271,	Sq(4) = 0.545271,	Sq(5) = 0.544517,	Sq(6) = 0.995277,	Sq(7) = 0.544517,	Sq(8) = 0.907676,	Sq(9) = 0.995277,	Sq(10) = 0.787322,	Sq(11) = 0.995277,	Sq(12) = 0.545271,	Sq(13) = 0.544517,	Sq(14) = 0.995277,	Sq(15) = 0.544517,	N(0) = 1.79608,	N(1) = 1.66507,	N(2) = 0.245639,	N(3) = 1.66507,	N(4) = 1.66507,	N(5) = 0.611297,	N(6) = 0.130598,	N(7) = 0.611297,	N(8) = 0.245639,	N(9) = 0.130598,	N(10) = 0.0847716,	N(11) = 0.130598,	N(12) = 1.66507,	N(13) = 0.611297,	N(14) = 0.130598,	N(15) = 0.611297,	Delta[s](0) = 0.0635861,	Delta[s](1) = 0.0469014,	Delta[s](2) = 0.0312896,	Delta[s](3) = 0.0469014,	Delta[s](4) = 0.0469014,	Delta[s](5) = 0.0340803,	Delta[s](6) = 0.0172929,	Delta[s](7) = 0.0340803,	Delta[s](8) = 0.0312896,	Delta[s](9) = 0.0172929,	Delta[s](10) = 0.00927052,	Delta[s](11) = 0.0172929,	Delta[s](12) = 0.0469014,	Delta[s](13) = 0.0340803,	Delta[s](14) = 0.0172929,	Delta[s](15) = 0.0340803,	Delta[d](0) = 0.211117,	Delta[d](1) = 0.141177,	Delta[d](2) = 0.176229,	Delta[d](3) = 0.141177,	Delta[d](4) = 0.141177,	Delta[d](5) = 0.131488,	Delta[d](6) = 0.0987307,	Delta[d](7) = 0.131488,	Delta[d](8) = 0.176229,	Delta[d](9) = 0.0987307,	Delta[d](10) = 0.0483148,	Delta[d](11) = 0.0987307,	Delta[d](12) = 0.141177,	Delta[d](13) = 0.131488,	Delta[d](14) = 0.0987307,	Delta[d](15) = 0.131488,	Delta[s+](0) = 0.553095,	Delta[s+](1) = 0.379058,	Delta[s+](2) = 0.176229,	Delta[s+](3) = 0.379058,	Delta[s+](4) = 0.379058,	Delta[s+](5) = 0.221696,	Delta[s+](6) = 0.0743683,	Delta[s+](7) = 0.221696,	Delta[s+](8) = 0.176229,	Delta[s+](9) = 0.0743683,	Delta[s+](10) = 0.0235068,	Delta[s+](11) = 0.0743683,	Delta[s+](12) = 0.379058,	Delta[s+](13) = 0.221696,	Delta[s+](14) = 0.0743683,	Delta[s+](15) = 0.221696
The 20-th iteration is completed.	|| time cost : 0h 1m 24.406s
********************************************************************************************************************
Start the 21 rounds of NGS-ED iteration
	effective electronic model is modified as: kinetic energy t = 0.91896
	                                           effective interaction Vq = [-1.49999,-1.32183,-1.17906,-1.32183,-1.32183,-1.20805,-1.13774,-1.20805,-1.17906,-1.13774,-1.09512,-1.13774,-1.32183,-1.20805,-1.13774,-1.20805]
	PARPACK diagonalization completed after 30 matrix-vector product operations.
	iteration results: : total energy is -31.128255 | electron energy -31.159205 + phonon energy 0.030950 | electron momentum kIdx = 10
The 21-th iteration is completed.	|| time cost : 0h 0m 8.987s
********************************************************************************************************************
Start the 22 rounds of NGS-ED iteration
	effective electronic model is modified as: kinetic energy t = 0.91896
	                                           effective interaction Vq = [-1.49999,-1.32183,-1.17906,-1.32183,-1.32183,-1.20805,-1.13774,-1.20805,-1.17906,-1.13774,-1.09512,-1.13774,-1.32183,-1.20805,-1.13774,-1.20805]
	PARPACK diagonalization completed after 30 matrix-vector product operations.
	iteration results: : total energy is -31.128255 | electron energy -31.159205 + phonon energy 0.030950 | electron momentum kIdx = 10
The 22-th iteration is completed.	|| time cost : 0h 0m 8.89s
********************************************************************************************************************
Start the 23 rounds of NGS-ED iteration
	effective electronic model is modified as: kinetic energy t = 0.91896
	                                           effective interaction Vq = [-1.49999,-1.32183,-1.17906,-1.32183,-1.32183,-1.20805,-1.13774,-1.20805,-1.17906,-1.13774,-1.09512,-1.13774,-1.32183,-1.20805,-1.13774,-1.20805]
	PARPACK diagonalization completed after 30 matrix-vector product operations.
	iteration results: : total energy is -31.128255 | electron energy -31.159205 + phonon energy 0.030950 | electron momentum kIdx = 10
The 23-th iteration is completed.	|| time cost : 0h 0m 8.895s
********************************************************************************************************************
Start the 24 rounds of NGS-ED iteration
	effective electronic model is modified as: kinetic energy t = 0.91896
	                                           effective interaction Vq = [-1.49999,-1.32183,-1.17906,-1.32183,-1.32183,-1.20805,-1.13774,-1.20805,-1.17906,-1.13774,-1.09512,-1.13774,-1.32183,-1.20805,-1.13774,-1.20805]
	PARPACK diagonalization completed after 30 matrix-vector product operations.
	iteration results: : total energy is -31.128255 | electron energy -31.159205 + phonon energy 0.030950 | electron momentum kIdx = 10
