TACC:  Starting up job 1743443 
TACC:  Starting parallel tasks... 
SNEDics v3.4 Non-Gaussian ED ground state program		Start at Sat Oct 10 15:37:44 2020

parallized on 16 MPI threads  * 7 OpenMP threads = 112 total threads.
********************************************************************************************************************
********************************************************************************************************************

********************************************************************************************************************
System parameters and configurations
********************************************************************************************************************
Special program options are enabled: splitted diagonal Hamiltonian
********************************************************************************************************************
Read input file "model_params.in"
	Hubbard-Holstein model parameters : 	t = 1    U = 8    g = 0.12    W = 0.2    g' = 0.1    
********************************************************************************************************************
Read input file "hilbertspace_params.in"
	Requested 16-site 2D lattice, with 14 electrons (7, 7)
	Boundary : Periodic		Hilbert space representation : momentum-space (restricted to kIdx = 0)
	Conservation: particle number[U(1)]      spin[U(1)]     momentum
********************************************************************************************************************

Cluster Positions:				Cluster symmetry group : D4
 x ... x ... x ... x .....                       x ... x ... x ... x .....
 |           |           :                       |           |           :
 |           |           :                       |           |           :
12    13    14    15     x                       1     5     6     5     x
 |           |           :                       |           |           :
 |           |           :                       |           |           :
 8 --- 9 ---10 ---11 --- x                       2 --- 6 ---10 --- 6 --- x
 |           |           :                       |           |           :
 |           |           :                       |           |           :
 4     5     6     7     x                       1     5     6     5     x
 |           |           :                       |           |           :
 |           |           :                       |           |           :
 0 --- 1 --- 2 --- 3 --- x                       0 --- 1 --- 2 --- 1 --- x
orbital number : 1
********************************************************************************************************************
Read input file "obs_params.in"
	Observable Type : Nq(All),   Sq(All),   N(All),   Delta[s](All),   Delta[d](All),   Delta[s+](All)
********************************************************************************************************************
** WARNING ** the input observables have non-local factors which have been reinterpreted. The total observable number is 96
********************************************************************************************************************


********************************************************************************************************************
Start calculating the non-Gaussian ED ground state
** WARNING ** Detected low phonon energy W < 10. The initial state will be prepared through a warm-up process.
********************************************************************************************************************
Start warm-up calculation for scaling factor 64
open output files: NGSEDWarmUpW12.8Obs.txt
********************************************************************************************************************
Start the 0 rounds of NGS-ED iteration
	effective electronic model is modified as: kinetic energy t = 1
	                                           effective interaction Vq = [0,0,0,0,0,0,0,0,0,0,0,0,0,0,0,0]
	first Hamiltonian is constructed, non-zero numbers = 2178478298
	PARPACK diagonalization completed after 165 matrix-vector product operations.
	iteration results: : total energy is -11.868836 | electron energy -11.868836 + phonon energy 0.000000 | electron momentum kIdx = 0
	Nq(0) = 12.25,	Nq(1) = 0.154193,	Nq(2) = 0.185311,	Nq(3) = 0.154193,	Nq(4) = 0.154193,	Nq(5) = 0.203281,	Nq(6) = 0.235634,	Nq(7) = 0.203281,	Nq(8) = 0.185311,	Nq(9) = 0.235634,	Nq(10) = 0.275446,	Nq(11) = 0.235634,	Nq(12) = 0.154193,	Nq(13) = 0.203281,	Nq(14) = 0.235634,	Nq(15) = 0.203281,	Sq(0) = 1.11096e-18,	Sq(1) = 0.474292,	Sq(2) = 0.766364,	Sq(3) = 0.474292,	Sq(4) = 0.474292,	Sq(5) = 0.630724,	Sq(6) = 1.05279,	Sq(7) = 0.630724,	Sq(8) = 0.766364,	Sq(9) = 1.05279,	Sq(10) = 2.56755,	Sq(11) = 1.05279,	Sq(12) = 0.474292,	Sq(13) = 0.630724,	Sq(14) = 1.05279,	Sq(15) = 0.630724,	N(0) = 1.75464,	N(1) = 1.59086,	N(2) = 0.323321,	N(3) = 1.59086,	N(4) = 1.59086,	N(5) = 0.999881,	N(6) = 0.267546,	N(7) = 0.999881,	N(8) = 0.323321,	N(9) = 0.267546,	N(10) = 0.165565,	N(11) = 0.267546,	N(12) = 1.59086,	N(13) = 0.999881,	N(14) = 0.267546,	N(15) = 0.999881,	Delta[s](0) = 0.0787445,	Delta[s](1) = 0.0589718,	Delta[s](2) = 0.0354723,	Delta[s](3) = 0.0589718,	Delta[s](4) = 0.0589718,	Delta[s](5) = 0.0422512,	Delta[s](6) = 0.0197545,	Delta[s](7) = 0.0422512,	Delta[s](8) = 0.0354723,	Delta[s](9) = 0.0197545,	Delta[s](10) = 0.000650713,	Delta[s](11) = 0.0197545,	Delta[s](12) = 0.0589718,	Delta[s](13) = 0.0422512,	Delta[s](14) = 0.0197545,	Delta[s](15) = 0.0422512,	Delta[d](0) = 0.280406,	Delta[d](1) = 0.193932,	Delta[d](2) = 0.203496,	Delta[d](3) = 0.193932,	Delta[d](4) = 0.193932,	Delta[d](5) = 0.180183,	Delta[d](6) = 0.135282,	Delta[d](7) = 0.180183,	Delta[d](8) = 0.203496,	Delta[d](9) = 0.135282,	Delta[d](10) = 0.0546814,	Delta[d](11) = 0.135282,	Delta[d](12) = 0.193932,	Delta[d](13) = 0.180183,	Delta[d](14) = 0.135282,	Delta[d](15) = 0.180183,	Delta[s+](0) = 0.569629,	Delta[s+](1) = 0.424227,	Delta[s+](2) = 0.203496,	Delta[s+](3) = 0.424227,	Delta[s+](4) = 0.424227,	Delta[s+](5) = 0.296638,	Delta[s+](6) = 0.128705,	Delta[s+](7) = 0.296638,	Delta[s+](8) = 0.203496,	Delta[s+](9) = 0.128705,	Delta[s+](10) = 0.0392332,	Delta[s+](11) = 0.128705,	Delta[s+](12) = 0.424227,	Delta[s+](13) = 0.296638,	Delta[s+](14) = 0.128705,	Delta[s+](15) = 0.296638
The 0-th iteration is completed.	|| time cost : 0h 6m 27.517s
********************************************************************************************************************
Start the 1 rounds of NGS-ED iteration
	effective electronic model is modified as: kinetic energy t = 0.995839
	                                           effective interaction Vq = [  -1.24748, -0.443162,-0.0594919, -0.443162, -0.443162,-0.0601166,-0.0258791,-0.0601166,-0.0594919,-0.0258791, -0.310833,-0.0258791, -0.443162,-0.0601166,-0.0258791,-0.0601166]
	PARPACK diagonalization completed after 60 matrix-vector product operations.
	iteration results: : total energy is -27.541260 | electron energy -27.541283 + phonon energy 0.000023 | electron momentum kIdx = 0
The 1-th iteration is completed.	|| time cost : 0h 5m 18.002s
********************************************************************************************************************
Start the 2 rounds of NGS-ED iteration
	effective electronic model is modified as: kinetic energy t = 0.994269
	                                           effective interaction Vq = [  -1.34392, -0.483039,-0.0643916, -0.483039, -0.483039,-0.0651559,-0.0279122,-0.0651559,-0.0643916,-0.0279122, -0.335516,-0.0279122, -0.483039,-0.0651559,-0.0279122,-0.0651559]
	PARPACK diagonalization completed after 60 matrix-vector product operations.
	iteration results: : total energy is -28.736202 | electron energy -28.736287 + phonon energy 0.000084 | electron momentum kIdx = 0
The 2-th iteration is completed.	|| time cost : 0h 0m 27.135s
********************************************************************************************************************
Start the 3 rounds of NGS-ED iteration
	effective electronic model is modified as: kinetic energy t = 0.993961
	                                           effective interaction Vq = [  -1.35138, -0.489056, -0.065054, -0.489056, -0.489056,-0.0658557,-0.0281682,-0.0658557, -0.065054,-0.0281682, -0.338579,-0.0281682, -0.489056,-0.0658557,-0.0281682,-0.0658557]
	PARPACK diagonalization completed after 45 matrix-vector product operations.
	iteration results: : total energy is -28.828027 | electron energy -28.828135 + phonon energy 0.000108 | electron momentum kIdx = 0
The 3-th iteration is completed.	|| time cost : 0h 0m 24.314s
********************************************************************************************************************
Start the 4 rounds of NGS-ED iteration
	effective electronic model is modified as: kinetic energy t = 0.993903
	                                           effective interaction Vq = [  -1.35195, -0.490189,-0.0651558, -0.490189, -0.490189,-0.0659677, -0.028204,-0.0659677,-0.0651558, -0.028204, -0.338997, -0.028204, -0.490189,-0.0659677, -0.028204,-0.0659677]
	PARPACK diagonalization completed after 45 matrix-vector product operations.
	iteration results: : total energy is -28.835106 | electron energy -28.835219 + phonon energy 0.000113 | electron momentum kIdx = 0
The 4-th iteration is completed.	|| time cost : 0h 0m 24.328s
********************************************************************************************************************
Start the 5 rounds of NGS-ED iteration
	effective electronic model is modified as: kinetic energy t = 0.993892
	                                           effective interaction Vq = [    -1.352, -0.490414,-0.0651719, -0.490414, -0.490414,-0.0659861,-0.0282091,-0.0659861,-0.0651719,-0.0282091, -0.339055,-0.0282091, -0.490414,-0.0659861,-0.0282091,-0.0659861]
	PARPACK diagonalization completed after 30 matrix-vector product operations.
	iteration results: : total energy is -28.835652 | electron energy -28.835767 + phonon energy 0.000114 | electron momentum kIdx = 0
The 5-th iteration is completed.	|| time cost : 0h 0m 21.537s
********************************************************************************************************************
Start the 6 rounds of NGS-ED iteration
	effective electronic model is modified as: kinetic energy t = 0.99389
	                                           effective interaction Vq = [    -1.352,  -0.49046,-0.0651744,  -0.49046,  -0.49046,-0.0659892,-0.0282098,-0.0659892,-0.0651744,-0.0282098, -0.339063,-0.0282098,  -0.49046,-0.0659892,-0.0282098,-0.0659892]
	PARPACK diagonalization completed after 30 matrix-vector product operations.
	iteration results: : total energy is -28.835695 | electron energy -28.835809 + phonon energy 0.000114 | electron momentum kIdx = 0
	Nq(0) = 12.25,	Nq(1) = 0.161157,	Nq(2) = 0.187206,	Nq(3) = 0.161157,	Nq(4) = 0.161157,	Nq(5) = 0.204955,	Nq(6) = 0.238098,	Nq(7) = 0.204955,	Nq(8) = 0.187206,	Nq(9) = 0.238098,	Nq(10) = 0.285651,	Nq(11) = 0.238098,	Nq(12) = 0.161157,	Nq(13) = 0.204955,	Nq(14) = 0.238098,	Nq(15) = 0.204955,	Sq(0) = -7.31578e-18,	Sq(1) = 0.469547,	Sq(2) = 0.761276,	Sq(3) = 0.469547,	Sq(4) = 0.469547,	Sq(5) = 0.627151,	Sq(6) = 1.05214,	Sq(7) = 0.627151,	Sq(8) = 0.761276,	Sq(9) = 1.05214,	Sq(10) = 2.55518,	Sq(11) = 1.05214,	Sq(12) = 0.469547,	Sq(13) = 0.627151,	Sq(14) = 1.05214,	Sq(15) = 0.627151,	N(0) = 1.76298,	N(1) = 1.60427,	N(2) = 0.316204,	N(3) = 1.60427,	N(4) = 1.60427,	N(5) = 0.997564,	N(6) = 0.258872,	N(7) = 0.997564,	N(8) = 0.316204,	N(9) = 0.258872,	N(10) = 0.161791,	N(11) = 0.258872,	N(12) = 1.60427,	N(13) = 0.997564,	N(14) = 0.258872,	N(15) = 0.997564,	Delta[s](0) = 0.081836,	Delta[s](1) = 0.0614511,	Delta[s](2) = 0.037099,	Delta[s](3) = 0.0614511,	Delta[s](4) = 0.0614511,	Delta[s](5) = 0.0442595,	Delta[s](6) = 0.0208868,	Delta[s](7) = 0.0442595,	Delta[s](8) = 0.037099,	Delta[s](9) = 0.0208868,	Delta[s](10) = 0.00102845,	Delta[s](11) = 0.0208868,	Delta[s](12) = 0.0614511,	Delta[s](13) = 0.0442595,	Delta[s](14) = 0.0208868,	Delta[s](15) = 0.0442595,	Delta[d](0) = 0.294802,	Delta[d](1) = 0.196917,	Delta[d](2) = 0.206184,	Delta[d](3) = 0.196917,	Delta[d](4) = 0.196917,	Delta[d](5) = 0.182791,	Delta[d](6) = 0.13616,	Delta[d](7) = 0.182791,	Delta[d](8) = 0.206184,	Delta[d](9) = 0.13616,	Delta[d](10) = 0.0556956,	Delta[d](11) = 0.13616,	Delta[d](12) = 0.196917,	Delta[d](13) = 0.182791,	Delta[d](14) = 0.13616,	Delta[d](15) = 0.182791,	Delta[s+](0) = 0.580201,	Delta[s+](1) = 0.431954,	Delta[s+](2) = 0.206184,	Delta[s+](3) = 0.431954,	Delta[s+](4) = 0.431954,	Delta[s+](5) = 0.301213,	Delta[s+](6) = 0.129824,	Delta[s+](7) = 0.301213,	Delta[s+](8) = 0.206184,	Delta[s+](9) = 0.129824,	Delta[s+](10) = 0.0392229,	Delta[s+](11) = 0.129824,	Delta[s+](12) = 0.431954,	Delta[s+](13) = 0.301213,	Delta[s+](14) = 0.129824,	Delta[s+](15) = 0.301213
The 6-th iteration is completed.	|| time cost : 0h 3m 57.462s
********************************************************************************************************************
********************************************************************************************************************
Ground state is obtained after 7 iterations. The current ground-state energy is -28.8357, in which electron energy is -28.8358 and phonon energy is 0.000114493
final variational state is: 
	Gamma_x = [      1, 1.0021,1.00045, 1.0021, 1.0021,1.00047,1.00027,1.00047,1.00045,1.00027,1.00407,1.00027, 1.0021,1.00047,1.00027,1.00047]
	lambda_q = [  0.324958,  0.158987, 0.0519085,  0.158987,  0.158987, 0.0533307,-0.0327924, 0.0533307, 0.0519085,-0.0327924, -0.110691,-0.0327924,  0.158987, 0.0533307,-0.0327924, 0.0533307]
The effective e-e interactions mediated by phonons are: [    1.352, 0.490469,0.0651748, 0.490469, 0.490469,0.0659897,0.0282099,0.0659897,0.0651748,0.0282099, 0.339064,0.0282099, 0.490469,0.0659897,0.0282099,0.0659897]
The real-space interactions mediated by phonons are: [ -4.16009, -1.69713,-0.436236, -1.23032, -1.93745, -1.73067,-0.436236,-0.489185, -1.55746,-0.489185,-0.436236, -1.73067, -1.93745, -1.23032,-0.436236, -1.69713]
********************************************************************************************************************
o___o  ----------------------------------------
| L |	Time since last clock: 0h 0m 0s
A===A	Time since the beginning: 0h 17m 20.298s
***********************************************

********************************************************************************************************************
Start warm-up calculation for scaling factor 32
open output files: NGSEDWarmUpW6.4Obs.txt
********************************************************************************************************************
Start the 0 rounds of NGS-ED iteration
	effective electronic model is modified as: kinetic energy t = 0.99389
	                                           effective interaction Vq = [  -1.23594, -0.413822,-0.0532285, -0.413822, -0.413822,-0.0542015,-0.0227981,-0.0542015,-0.0532285,-0.0227981, -0.272236,-0.0227981, -0.413822,-0.0542015,-0.0227981,-0.0542015]
	PARPACK diagonalization completed after 60 matrix-vector product operations.
	iteration results: : total energy is -27.326578 | electron energy -27.326635 + phonon energy 0.000057 | electron momentum kIdx = 0
	Nq(0) = 12.25,	Nq(1) = 0.159937,	Nq(2) = 0.186696,	Nq(3) = 0.159937,	Nq(4) = 0.159937,	Nq(5) = 0.204453,	Nq(6) = 0.23744,	Nq(7) = 0.204453,	Nq(8) = 0.186696,	Nq(9) = 0.23744,	Nq(10) = 0.28339,	Nq(11) = 0.23744,	Nq(12) = 0.159937,	Nq(13) = 0.204453,	Nq(14) = 0.23744,	Nq(15) = 0.204453,	Sq(0) = -1.08351e-18,	Sq(1) = 0.470224,	Sq(2) = 0.762311,	Sq(3) = 0.470224,	Sq(4) = 0.470224,	Sq(5) = 0.627836,	Sq(6) = 1.05286,	Sq(7) = 0.627836,	Sq(8) = 0.762311,	Sq(9) = 1.05286,	Sq(10) = 2.5576,	Sq(11) = 1.05286,	Sq(12) = 0.470224,	Sq(13) = 0.627836,	Sq(14) = 1.05286,	Sq(15) = 0.627836,	N(0) = 1.76117,	N(1) = 1.60143,	N(2) = 0.317914,	N(3) = 1.60143,	N(4) = 1.60143,	N(5) = 0.997952,	N(6) = 0.260683,	N(7) = 0.997952,	N(8) = 0.317914,	N(9) = 0.260683,	N(10) = 0.162759,	N(11) = 0.260683,	N(12) = 1.60143,	N(13) = 0.997952,	N(14) = 0.260683,	N(15) = 0.997952,	Delta[s](0) = 0.0809497,	Delta[s](1) = 0.0608077,	Delta[s](2) = 0.0367721,	Delta[s](3) = 0.0608077,	Delta[s](4) = 0.0608077,	Delta[s](5) = 0.0437958,	Delta[s](6) = 0.0207463,	Delta[s](7) = 0.0437958,	Delta[s](8) = 0.0367721,	Delta[s](9) = 0.0207463,	Delta[s](10) = 0.00115827,	Delta[s](11) = 0.0207463,	Delta[s](12) = 0.0608077,	Delta[s](13) = 0.0437958,	Delta[s](14) = 0.0207463,	Delta[s](15) = 0.0437958,	Delta[d](0) = 0.297087,	Delta[d](1) = 0.20018,	Delta[d](2) = 0.209357,	Delta[d](3) = 0.20018,	Delta[d](4) = 0.20018,	Delta[d](5) = 0.185688,	Delta[d](6) = 0.138585,	Delta[d](7) = 0.185688,	Delta[d](8) = 0.209357,	Delta[d](9) = 0.138585,	Delta[d](10) = 0.0566817,	Delta[d](11) = 0.138585,	Delta[d](12) = 0.20018,	Delta[d](13) = 0.185688,	Delta[d](14) = 0.138585,	Delta[d](15) = 0.185688,	Delta[s+](0) = 0.587749,	Delta[s+](1) = 0.437648,	Delta[s+](2) = 0.209357,	Delta[s+](3) = 0.437648,	Delta[s+](4) = 0.437648,	Delta[s+](5) = 0.305422,	Delta[s+](6) = 0.132022,	Delta[s+](7) = 0.305422,	Delta[s+](8) = 0.209357,	Delta[s+](9) = 0.132022,	Delta[s+](10) = 0.0401074,	Delta[s+](11) = 0.132022,	Delta[s+](12) = 0.437648,	Delta[s+](13) = 0.305422,	Delta[s+](14) = 0.132022,	Delta[s+](15) = 0.305422
The 0-th iteration is completed.	|| time cost : 0h 4m 3.2s
********************************************************************************************************************
Start the 1 rounds of NGS-ED iteration
	effective electronic model is modified as: kinetic energy t = 0.99295
	                                           effective interaction Vq = [  -1.31973, -0.439013,-0.0552372, -0.439013, -0.439013,-0.0565376,-0.0233994,-0.0565376,-0.0552372,-0.0233994, -0.276982,-0.0233994, -0.439013,-0.0565376,-0.0233994,-0.0565376]
	PARPACK diagonalization completed after 45 matrix-vector product operations.
	iteration results: : total energy is -28.357446 | electron energy -28.357642 + phonon energy 0.000197 | electron momentum kIdx = 0
The 1-th iteration is completed.	|| time cost : 0h 0m 24.315s
********************************************************************************************************************
Start the 2 rounds of NGS-ED iteration
	effective electronic model is modified as: kinetic energy t = 0.992588
	                                           effective interaction Vq = [  -1.34303,  -0.44774,-0.0558202,  -0.44774,  -0.44774,-0.0572396,-0.0235596,-0.0572396,-0.0558202,-0.0235596, -0.278323,-0.0235596,  -0.44774,-0.0572396,-0.0235596,-0.0572396]
	PARPACK diagonalization completed after 45 matrix-vector product operations.
	iteration results: : total energy is -28.643469 | electron energy -28.643749 + phonon energy 0.000280 | electron momentum kIdx = 0
The 2-th iteration is completed.	|| time cost : 0h 0m 24.359s
********************************************************************************************************************
Start the 3 rounds of NGS-ED iteration
	effective electronic model is modified as: kinetic energy t = 0.992452
	                                           effective interaction Vq = [  -1.34951, -0.450962,-0.0559943, -0.450962, -0.450962,-0.0574576,-0.0236032,-0.0574576,-0.0559943,-0.0236032, -0.278711,-0.0236032, -0.450962,-0.0574576,-0.0236032,-0.0574576]
	PARPACK diagonalization completed after 45 matrix-vector product operations.
	iteration results: : total energy is -28.722909 | electron energy -28.723227 + phonon energy 0.000318 | electron momentum kIdx = 0
The 3-th iteration is completed.	|| time cost : 0h 0m 24.322s
********************************************************************************************************************
Start the 4 rounds of NGS-ED iteration
	effective electronic model is modified as: kinetic energy t = 0.992401
	                                           effective interaction Vq = [  -1.35131, -0.452186,-0.0560468, -0.452186, -0.452186,-0.0575261,-0.0236151,-0.0575261,-0.0560468,-0.0236151, -0.278826,-0.0236151, -0.452186,-0.0575261,-0.0236151,-0.0575261]
	PARPACK diagonalization completed after 45 matrix-vector product operations.
	iteration results: : total energy is -28.744984 | electron energy -28.745319 + phonon energy 0.000335 | electron momentum kIdx = 0
The 4-th iteration is completed.	|| time cost : 0h 0m 24.323s
********************************************************************************************************************
Start the 5 rounds of NGS-ED iteration
	effective electronic model is modified as: kinetic energy t = 0.992382
	                                           effective interaction Vq = [  -1.35181, -0.452655,-0.0560627, -0.452655, -0.452655,-0.0575477,-0.0236184,-0.0575477,-0.0560627,-0.0236184,  -0.27886,-0.0236184, -0.452655,-0.0575477,-0.0236184,-0.0575477]
	PARPACK diagonalization completed after 30 matrix-vector product operations.
	iteration results: : total energy is -28.751120 | electron energy -28.751461 + phonon energy 0.000341 | electron momentum kIdx = 0
The 5-th iteration is completed.	|| time cost : 0h 0m 21.56s
********************************************************************************************************************
Start the 6 rounds of NGS-ED iteration
	effective electronic model is modified as: kinetic energy t = 0.992375
	                                           effective interaction Vq = [  -1.35195, -0.452837,-0.0560676, -0.452837, -0.452837,-0.0575545,-0.0236193,-0.0575545,-0.0560676,-0.0236193,  -0.27887,-0.0236193, -0.452837,-0.0575545,-0.0236193,-0.0575545]
	PARPACK diagonalization completed after 30 matrix-vector product operations.
	iteration results: : total energy is -28.752826 | electron energy -28.753169 + phonon energy 0.000344 | electron momentum kIdx = 0
The 6-th iteration is completed.	|| time cost : 0h 0m 21.527s
********************************************************************************************************************
Start the 7 rounds of NGS-ED iteration
	effective electronic model is modified as: kinetic energy t = 0.992372
	                                           effective interaction Vq = [  -1.35199, -0.452907, -0.056069, -0.452907, -0.452907,-0.0575566,-0.0236195,-0.0575566, -0.056069,-0.0236195, -0.278873,-0.0236195, -0.452907,-0.0575566,-0.0236195,-0.0575566]
	PARPACK diagonalization completed after 30 matrix-vector product operations.
	iteration results: : total energy is -28.753300 | electron energy -28.753645 + phonon energy 0.000345 | electron momentum kIdx = 0
The 7-th iteration is completed.	|| time cost : 0h 0m 21.537s
********************************************************************************************************************
Start the 8 rounds of NGS-ED iteration
	effective electronic model is modified as: kinetic energy t = 0.992371
	                                           effective interaction Vq = [    -1.352, -0.452934,-0.0560695, -0.452934, -0.452934,-0.0575573,-0.0236196,-0.0575573,-0.0560695,-0.0236196, -0.278874,-0.0236196, -0.452934,-0.0575573,-0.0236196,-0.0575573]
	PARPACK diagonalization completed after 30 matrix-vector product operations.
	iteration results: : total energy is -28.753432 | electron energy -28.753777 + phonon energy 0.000345 | electron momentum kIdx = 0
	Nq(0) = 12.25,	Nq(1) = 0.160418,	Nq(2) = 0.186645,	Nq(3) = 0.160418,	Nq(4) = 0.160418,	Nq(5) = 0.204336,	Nq(6) = 0.237341,	Nq(7) = 0.204336,	Nq(8) = 0.186645,	Nq(9) = 0.237341,	Nq(10) = 0.283457,	Nq(11) = 0.237341,	Nq(12) = 0.160418,	Nq(13) = 0.204336,	Nq(14) = 0.237341,	Nq(15) = 0.204336,	Sq(0) = -1.59222e-18,	Sq(1) = 0.469788,	Sq(2) = 0.762146,	Sq(3) = 0.469788,	Sq(4) = 0.469788,	Sq(5) = 0.6277,	Sq(6) = 1.05338,	Sq(7) = 0.6277,	Sq(8) = 0.762146,	Sq(9) = 1.05338,	Sq(10) = 2.55713,	Sq(11) = 1.05338,	Sq(12) = 0.469788,	Sq(13) = 0.6277,	Sq(14) = 1.05338,	Sq(15) = 0.6277,	N(0) = 1.76124,	N(1) = 1.60171,	N(2) = 0.31801,	N(3) = 1.60171,	N(4) = 1.60171,	N(5) = 0.997734,	N(6) = 0.26052,	N(7) = 0.997734,	N(8) = 0.31801,	N(9) = 0.26052,	N(10) = 0.162895,	N(11) = 0.26052,	N(12) = 1.60171,	N(13) = 0.997734,	N(14) = 0.26052,	N(15) = 0.997734,	Delta[s](0) = 0.080918,	Delta[s](1) = 0.0608111,	Delta[s](2) = 0.0368094,	Delta[s](3) = 0.0608111,	Delta[s](4) = 0.0608111,	Delta[s](5) = 0.0438228,	Delta[s](6) = 0.0208089,	Delta[s](7) = 0.0438228,	Delta[s](8) = 0.0368094,	Delta[s](9) = 0.0208089,	Delta[s](10) = 0.00125517,	Delta[s](11) = 0.0208089,	Delta[s](12) = 0.0608111,	Delta[s](13) = 0.0438228,	Delta[s](14) = 0.0208089,	Delta[s](15) = 0.0438228,	Delta[d](0) = 0.302956,	Delta[d](1) = 0.20385,	Delta[d](2) = 0.212983,	Delta[d](3) = 0.20385,	Delta[d](4) = 0.20385,	Delta[d](5) = 0.188988,	Delta[d](6) = 0.141005,	Delta[d](7) = 0.188988,	Delta[d](8) = 0.212983,	Delta[d](9) = 0.141005,	Delta[d](10) = 0.0578118,	Delta[d](11) = 0.141005,	Delta[d](12) = 0.20385,	Delta[d](13) = 0.188988,	Delta[d](14) = 0.141005,	Delta[d](15) = 0.188988,	Delta[s+](0) = 0.597612,	Delta[s+](1) = 0.444999,	Delta[s+](2) = 0.212983,	Delta[s+](3) = 0.444999,	Delta[s+](4) = 0.444999,	Delta[s+](5) = 0.310538,	Delta[s+](6) = 0.134313,	Delta[s+](7) = 0.310538,	Delta[s+](8) = 0.212983,	Delta[s+](9) = 0.134313,	Delta[s+](10) = 0.04087,	Delta[s+](11) = 0.134313,	Delta[s+](12) = 0.444999,	Delta[s+](13) = 0.310538,	Delta[s+](14) = 0.134313,	Delta[s+](15) = 0.310538
The 8-th iteration is completed.	|| time cost : 0h 3m 57.806s
********************************************************************************************************************
********************************************************************************************************************
Ground state is obtained after 9 iterations. The current ground-state energy is -28.7534, in which electron energy is -28.7538 and phonon energy is 0.000345088
final variational state is: 
	Gamma_x = [      1,1.00577,1.00105,1.00577,1.00577,1.00114,1.00059,1.00114,1.00105,1.00059,1.00867,1.00059,1.00577,1.00114,1.00059,1.00114]
	lambda_q = [  0.459195,  0.186783, 0.0561749,  0.186783,  0.186783, 0.0585619,-0.0345246, 0.0585619, 0.0561749,-0.0345246, -0.114537,-0.0345246,  0.186783, 0.0585619,-0.0345246, 0.0585619]
The effective e-e interactions mediated by phonons are: [    1.352, 0.452944,0.0560696, 0.452944, 0.452944,0.0575575,0.0236196,0.0575575,0.0560696,0.0236196, 0.278874,0.0236196, 0.452944,0.0575575,0.0236196,0.0575575]
The real-space interactions mediated by phonons are: [  -3.8795, -1.69932, -0.50218, -1.22113, -1.93177, -1.68582, -0.50218,-0.577443, -1.51278,-0.577443, -0.50218, -1.68582, -1.93177, -1.22113, -0.50218, -1.69932]
********************************************************************************************************************
o___o  ----------------------------------------
| L |	Time since last clock: 0h 0m 0s
A===A	Time since the beginning: 0h 28m 3.251s
***********************************************

********************************************************************************************************************
Start warm-up calculation for scaling factor 16
open output files: NGSEDWarmUpW3.2Obs.txt
********************************************************************************************************************
Start the 0 rounds of NGS-ED iteration
	effective electronic model is modified as: kinetic energy t = 0.99237
	                                           effective interaction Vq = [   -1.2355, -0.366523,-0.0438299, -0.366523, -0.366523, -0.045245,-0.0182815, -0.045245,-0.0438299,-0.0182815, -0.214583,-0.0182815, -0.366523, -0.045245,-0.0182815, -0.045245]
	PARPACK diagonalization completed after 60 matrix-vector product operations.
	iteration results: : total energy is -27.233471 | electron energy -27.233644 + phonon energy 0.000173 | electron momentum kIdx = 0
	Nq(0) = 12.25,	Nq(1) = 0.159074,	Nq(2) = 0.186131,	Nq(3) = 0.159074,	Nq(4) = 0.159074,	Nq(5) = 0.203838,	Nq(6) = 0.236676,	Nq(7) = 0.203838,	Nq(8) = 0.186131,	Nq(9) = 0.236676,	Nq(10) = 0.281256,	Nq(11) = 0.236676,	Nq(12) = 0.159074,	Nq(13) = 0.203838,	Nq(14) = 0.236676,	Nq(15) = 0.203838,	Sq(0) = 3.54122e-18,	Sq(1) = 0.470583,	Sq(2) = 0.763243,	Sq(3) = 0.470583,	Sq(4) = 0.470583,	Sq(5) = 0.628433,	Sq(6) = 1.054,	Sq(7) = 0.628433,	Sq(8) = 0.763243,	Sq(9) = 1.054,	Sq(10) = 2.55959,	Sq(11) = 1.054,	Sq(12) = 0.470583,	Sq(13) = 0.628433,	Sq(14) = 1.054,	Sq(15) = 0.628433,	N(0) = 1.75934,	N(1) = 1.59872,	N(2) = 0.319794,	N(3) = 1.59872,	N(4) = 1.59872,	N(5) = 0.998173,	N(6) = 0.262406,	N(7) = 0.998173,	N(8) = 0.319794,	N(9) = 0.262406,	N(10) = 0.163869,	N(11) = 0.262406,	N(12) = 1.59872,	N(13) = 0.998173,	N(14) = 0.262406,	N(15) = 0.998173,	Delta[s](0) = 0.0801624,	Delta[s](1) = 0.0602236,	Delta[s](2) = 0.0364513,	Delta[s](3) = 0.0602236,	Delta[s](4) = 0.0602236,	Delta[s](5) = 0.0433571,	Delta[s](6) = 0.0205797,	Delta[s](7) = 0.0433571,	Delta[s](8) = 0.0364513,	Delta[s](9) = 0.0205797,	Delta[s](10) = 0.00122643,	Delta[s](11) = 0.0205797,	Delta[s](12) = 0.0602236,	Delta[s](13) = 0.0433571,	Delta[s](14) = 0.0205797,	Delta[s](15) = 0.0433571,	Delta[d](0) = 0.305306,	Delta[d](1) = 0.20701,	Delta[d](2) = 0.216193,	Delta[d](3) = 0.20701,	Delta[d](4) = 0.20701,	Delta[d](5) = 0.191857,	Delta[d](6) = 0.143394,	Delta[d](7) = 0.191857,	Delta[d](8) = 0.216193,	Delta[d](9) = 0.143394,	Delta[d](10) = 0.0587255,	Delta[d](11) = 0.143394,	Delta[d](12) = 0.20701,	Delta[d](13) = 0.191857,	Delta[d](14) = 0.143394,	Delta[d](15) = 0.191857,	Delta[s+](0) = 0.605554,	Delta[s+](1) = 0.450969,	Delta[s+](2) = 0.216193,	Delta[s+](3) = 0.450969,	Delta[s+](4) = 0.450969,	Delta[s+](5) = 0.314913,	Delta[s+](6) = 0.136499,	Delta[s+](7) = 0.314913,	Delta[s+](8) = 0.216193,	Delta[s+](9) = 0.136499,	Delta[s+](10) = 0.0416836,	Delta[s+](11) = 0.136499,	Delta[s+](12) = 0.450969,	Delta[s+](13) = 0.314913,	Delta[s+](14) = 0.136499,	Delta[s+](15) = 0.314913
The 0-th iteration is completed.	|| time cost : 0h 4m 2.986s
********************************************************************************************************************
Start the 1 rounds of NGS-ED iteration
	effective electronic model is modified as: kinetic energy t = 0.992407
	                                           effective interaction Vq = [  -1.29057, -0.373028,-0.0430715, -0.373028, -0.373028,   -0.0448,-0.0176898,   -0.0448,-0.0430715,-0.0176898, -0.205171,-0.0176898, -0.373028,   -0.0448,-0.0176898,   -0.0448]
	PARPACK diagonalization completed after 45 matrix-vector product operations.
	iteration results: : total energy is -27.908811 | electron energy -27.909181 + phonon energy 0.000370 | electron momentum kIdx = 0
The 1-th iteration is completed.	|| time cost : 0h 0m 24.316s
********************************************************************************************************************
Start the 2 rounds of NGS-ED iteration
	effective electronic model is modified as: kinetic energy t = 0.992375
	                                           effective interaction Vq = [  -1.31961, -0.376524,  -0.04276, -0.376524, -0.376524,-0.0446095,-0.0174676,-0.0446095,  -0.04276,-0.0174676, -0.202009,-0.0174676, -0.376524,-0.0446095,-0.0174676,-0.0446095]
	PARPACK diagonalization completed after 45 matrix-vector product operations.
	iteration results: : total energy is -28.264693 | electron energy -28.265199 + phonon energy 0.000506 | electron momentum kIdx = 0
The 2-th iteration is completed.	|| time cost : 0h 0m 24.34s
********************************************************************************************************************
Start the 3 rounds of NGS-ED iteration
	effective electronic model is modified as: kinetic energy t = 0.992339
	                                           effective interaction Vq = [  -1.33492, -0.378424,-0.0426332, -0.378424, -0.378424,-0.0445286, -0.017385,-0.0445286,-0.0426332, -0.017385, -0.200973, -0.017385, -0.378424,-0.0445286, -0.017385,-0.0445286]
	PARPACK diagonalization completed after 45 matrix-vector product operations.
	iteration results: : total energy is -28.452305 | electron energy -28.452895 + phonon energy 0.000590 | electron momentum kIdx = 0
The 3-th iteration is completed.	|| time cost : 0h 0m 24.328s
********************************************************************************************************************
Start the 4 rounds of NGS-ED iteration
	effective electronic model is modified as: kinetic energy t = 0.992314
	                                           effective interaction Vq = [  -1.34299, -0.379464,-0.0425819, -0.379464, -0.379464,-0.0444945,-0.0173545,-0.0444945,-0.0425819,-0.0173545, -0.200641,-0.0173545, -0.379464,-0.0444945,-0.0173545,-0.0444945]
	PARPACK diagonalization completed after 45 matrix-vector product operations.
	iteration results: : total energy is -28.551221 | electron energy -28.551862 + phonon energy 0.000641 | electron momentum kIdx = 0
The 4-th iteration is completed.	|| time cost : 0h 0m 24.331s
********************************************************************************************************************
Start the 5 rounds of NGS-ED iteration
	effective electronic model is modified as: kinetic energy t = 0.992298
	                                           effective interaction Vq = [  -1.34725, -0.380037,-0.0425613, -0.380037, -0.380037,-0.0444802,-0.0173433,-0.0444802,-0.0425613,-0.0173433, -0.200539,-0.0173433, -0.380037,-0.0444802,-0.0173433,-0.0444802]
	PARPACK diagonalization completed after 30 matrix-vector product operations.
	iteration results: : total energy is -28.603376 | electron energy -28.604047 + phonon energy 0.000671 | electron momentum kIdx = 0
The 5-th iteration is completed.	|| time cost : 0h 0m 21.537s
********************************************************************************************************************
Start the 6 rounds of NGS-ED iteration
	effective electronic model is modified as: kinetic energy t = 0.992289
	                                           effective interaction Vq = [   -1.3495, -0.380353,-0.0425531, -0.380353, -0.380353,-0.0444743,-0.0173392,-0.0444743,-0.0425531,-0.0173392,  -0.20051,-0.0173392, -0.380353,-0.0444743,-0.0173392,-0.0444743]
	PARPACK diagonalization completed after 30 matrix-vector product operations.
	iteration results: : total energy is -28.630876 | electron energy -28.631564 + phonon energy 0.000688 | electron momentum kIdx = 0
The 6-th iteration is completed.	|| time cost : 0h 0m 21.516s
********************************************************************************************************************
Start the 7 rounds of NGS-ED iteration
	effective electronic model is modified as: kinetic energy t = 0.992283
	                                           effective interaction Vq = [  -1.35068, -0.380528,-0.0425498, -0.380528, -0.380528,-0.0444719,-0.0173377,-0.0444719,-0.0425498,-0.0173377, -0.200503,-0.0173377, -0.380528,-0.0444719,-0.0173377,-0.0444719]
	PARPACK diagonalization completed after 30 matrix-vector product operations.
	iteration results: : total energy is -28.645377 | electron energy -28.646075 + phonon energy 0.000698 | electron momentum kIdx = 0
The 7-th iteration is completed.	|| time cost : 0h 0m 21.533s
********************************************************************************************************************
Start the 8 rounds of NGS-ED iteration
	effective electronic model is modified as: kinetic energy t = 0.99228
	                                           effective interaction Vq = [   -1.3513, -0.380625,-0.0425486, -0.380625, -0.380625,-0.0444709,-0.0173371,-0.0444709,-0.0425486,-0.0173371, -0.200502,-0.0173371, -0.380625,-0.0444709,-0.0173371,-0.0444709]
	PARPACK diagonalization completed after 30 matrix-vector product operations.
	iteration results: : total energy is -28.653023 | electron energy -28.653726 + phonon energy 0.000704 | electron momentum kIdx = 0
The 8-th iteration is completed.	|| time cost : 0h 0m 21.568s
********************************************************************************************************************
Start the 9 rounds of NGS-ED iteration
	effective electronic model is modified as: kinetic energy t = 0.992278
	                                           effective interaction Vq = [  -1.35163, -0.380679,-0.0425481, -0.380679, -0.380679,-0.0444705,-0.0173369,-0.0444705,-0.0425481,-0.0173369, -0.200502,-0.0173369, -0.380679,-0.0444705,-0.0173369,-0.0444705]
	PARPACK diagonalization completed after 30 matrix-vector product operations.
	iteration results: : total energy is -28.657054 | electron energy -28.657761 + phonon energy 0.000707 | electron momentum kIdx = 0
The 9-th iteration is completed.	|| time cost : 0h 0m 21.561s
********************************************************************************************************************
Start the 10 rounds of NGS-ED iteration
	effective electronic model is modified as: kinetic energy t = 0.992277
	                                           effective interaction Vq = [  -1.35181, -0.380709,-0.0425479, -0.380709, -0.380709,-0.0444703,-0.0173369,-0.0444703,-0.0425479,-0.0173369, -0.200503,-0.0173369, -0.380709,-0.0444703,-0.0173369,-0.0444703]
	PARPACK diagonalization completed after 30 matrix-vector product operations.
	iteration results: : total energy is -28.659180 | electron energy -28.659889 + phonon energy 0.000709 | electron momentum kIdx = 0
The 10-th iteration is completed.	|| time cost : 0h 0m 21.552s
********************************************************************************************************************
Start the 11 rounds of NGS-ED iteration
	effective electronic model is modified as: kinetic energy t = 0.992277
	                                           effective interaction Vq = [   -1.3519, -0.380726,-0.0425478, -0.380726, -0.380726,-0.0444703,-0.0173369,-0.0444703,-0.0425478,-0.0173369, -0.200503,-0.0173369, -0.380726,-0.0444703,-0.0173369,-0.0444703]
	PARPACK diagonalization completed after 30 matrix-vector product operations.
	iteration results: : total energy is -28.660301 | electron energy -28.661011 + phonon energy 0.000710 | electron momentum kIdx = 0
The 11-th iteration is completed.	|| time cost : 0h 0m 21.548s
********************************************************************************************************************
Start the 12 rounds of NGS-ED iteration
	effective electronic model is modified as: kinetic energy t = 0.992276
	                                           effective interaction Vq = [  -1.35195, -0.380736,-0.0425478, -0.380736, -0.380736,-0.0444703,-0.0173369,-0.0444703,-0.0425478,-0.0173369, -0.200504,-0.0173369, -0.380736,-0.0444703,-0.0173369,-0.0444703]
	PARPACK diagonalization completed after 30 matrix-vector product operations.
	iteration results: : total energy is -28.660892 | electron energy -28.661603 + phonon energy 0.000711 | electron momentum kIdx = 0
The 12-th iteration is completed.	|| time cost : 0h 0m 21.548s
********************************************************************************************************************
Start the 13 rounds of NGS-ED iteration
	effective electronic model is modified as: kinetic energy t = 0.992276
	                                           effective interaction Vq = [  -1.35197, -0.380741,-0.0425478, -0.380741, -0.380741,-0.0444703,-0.0173369,-0.0444703,-0.0425478,-0.0173369, -0.200504,-0.0173369, -0.380741,-0.0444703,-0.0173369,-0.0444703]
	PARPACK diagonalization completed after 30 matrix-vector product operations.
	iteration results: : total energy is -28.661204 | electron energy -28.661915 + phonon energy 0.000711 | electron momentum kIdx = 0
The 13-th iteration is completed.	|| time cost : 0h 0m 21.564s
********************************************************************************************************************
Start the 14 rounds of NGS-ED iteration
	effective electronic model is modified as: kinetic energy t = 0.992276
