SNEDics v3.4 Non-Gaussian ED ground state program		Start at Tue Oct  1 07:54:10 2019

parallized on 16 MPI threads  * 8 OpenMP threads = 128 total threads.
********************************************************************************************************************
********************************************************************************************************************

********************************************************************************************************************
System parameters and configurations
********************************************************************************************************************
Special program options are enabled: splitted diagonal Hamiltonian
********************************************************************************************************************
Read input file "model_params.in"
	Hubbard-Holstein model parameters : 	t = 1    U = 3.6    g = 3.6742    W = 5    
********************************************************************************************************************
Read input file "hilbertspace_params.in"
	Requested 16-site 2D lattice, with 16 electrons (8, 8)
	Boundary : Periodic		Hilbert space representation : momentum-space (restricted to kIdx = 0)
	Conservation: particle number[U(1)]      spin[U(1)]     momentum
********************************************************************************************************************

Cluster Positions:				Cluster symmetry group : D4
 x ... x ... x ... x .....                       x ... x ... x ... x .....
 |           |           :                       |           |           :
 |           |           :                       |           |           :
12    13    14    15     x                       1     5     6     5     x
 |           |           :                       |           |           :
 |           |           :                       |           |           :
 8 --- 9 ---10 ---11 --- x                       2 --- 6 ---10 --- 6 --- x
 |           |           :                       |           |           :
 |           |           :                       |           |           :
 4     5     6     7     x                       1     5     6     5     x
 |           |           :                       |           |           :
 |           |           :                       |           |           :
 0 --- 1 --- 2 --- 3 --- x                       0 --- 1 --- 2 --- 1 --- x
orbital number : 1
********************************************************************************************************************
Read input file "obs_params.in"
	Observable Type : Nq(All),   Sq(All),   N(All),   Delta[s](All),   Delta[d](All),   Delta[s+](All)
********************************************************************************************************************
** WARNING ** the input observables have non-local factors which have been reinterpreted. The total observable number is 96
********************************************************************************************************************


********************************************************************************************************************
Start calculating the non-Gaussian ED ground state
** WARNING ** Detected low phonon energy W < 10. The initial state will be prepared through a warm-up process.
********************************************************************************************************************
Start warm-up calculation for scaling factor 2
open output files: NGSEDWarmUpW10Obs.txt
********************************************************************************************************************
Start the 0 rounds of NGS-ED iteration
	effective electronic model is modified as: kinetic energy t = 1
	                                           effective interaction Vq = [-0,-0,-0,-0,-0,-0,-0,-0,-0,-0,-0,-0,-0,-0,-0,-0]
	first Hamiltonian is constructed, non-zero numbers = 2845383612
	PARPACK diagonalization completed after 90 matrix-vector product operations.
	iteration results: : total energy is -14.385773 | electron energy -14.385773 + phonon energy 0.000000 | electron momentum kIdx = 0
	Nq(0) = 16,	Nq(1) = 0.172641,	Nq(2) = 0.248886,	Nq(3) = 0.172641,	Nq(4) = 0.172641,	Nq(5) = 0.248886,	Nq(6) = 0.340663,	Nq(7) = 0.248886,	Nq(8) = 0.248886,	Nq(9) = 0.340663,	Nq(10) = 0.410476,	Nq(11) = 0.340663,	Nq(12) = 0.172641,	Nq(13) = 0.248886,	Nq(14) = 0.340663,	Nq(15) = 0.248886,	Sq(0) = 2.37865e-18,	Sq(1) = 0.425785,	Sq(2) = 0.620361,	Sq(3) = 0.425785,	Sq(4) = 0.425785,	Sq(5) = 0.620361,	Sq(6) = 0.789086,	Sq(7) = 0.620361,	Sq(8) = 0.620361,	Sq(9) = 0.789086,	Sq(10) = 3.46134,	Sq(11) = 0.789086,	Sq(12) = 0.425785,	Sq(13) = 0.620361,	Sq(14) = 0.789086,	Sq(15) = 0.620361,	N(0) = 1.94341,	N(1) = 1.87257,	N(2) = 1,	N(3) = 1.87257,	N(4) = 1.87257,	N(5) = 1,	N(6) = 0.12743,	N(7) = 1,	N(8) = 1,	N(9) = 0.12743,	N(10) = 0.0565915,	N(11) = 0.12743,	N(12) = 1.87257,	N(13) = 1,	N(14) = 0.12743,	N(15) = 1,	Delta[s](0) = 0.185239,	Delta[s](1) = 0.158835,	Delta[s](2) = 0.124264,	Delta[s](3) = 0.158835,	Delta[s](4) = 0.158835,	Delta[s](5) = 0.124264,	Delta[s](6) = 0.0954193,	Delta[s](7) = 0.124264,	Delta[s](8) = 0.124264,	Delta[s](9) = 0.0954193,	Delta[s](10) = 0.0306616,	Delta[s](11) = 0.0954193,	Delta[s](12) = 0.158835,	Delta[s](13) = 0.124264,	Delta[s](14) = 0.0954193,	Delta[s](15) = 0.124264,	Delta[d](0) = 0.55616,	Delta[d](1) = 0.37006,	Delta[d](2) = 0.300544,	Delta[d](3) = 0.37006,	Delta[d](4) = 0.37006,	Delta[d](5) = 0.323606,	Delta[d](6) = 0.23442,	Delta[d](7) = 0.323606,	Delta[d](8) = 0.300544,	Delta[d](9) = 0.23442,	Delta[d](10) = 0.0995243,	Delta[d](11) = 0.23442,	Delta[d](12) = 0.37006,	Delta[d](13) = 0.323606,	Delta[d](14) = 0.23442,	Delta[d](15) = 0.323606,	Delta[s+](0) = 0.58022,	Delta[s+](1) = 0.461898,	Delta[s+](2) = 0.300544,	Delta[s+](3) = 0.461898,	Delta[s+](4) = 0.461898,	Delta[s+](5) = 0.300544,	Delta[s+](6) = 0.146773,	Delta[s+](7) = 0.300544,	Delta[s+](8) = 0.300544,	Delta[s+](9) = 0.146773,	Delta[s+](10) = 0.0332003,	Delta[s+](11) = 0.146773,	Delta[s+](12) = 0.461898,	Delta[s+](13) = 0.300544,	Delta[s+](14) = 0.146773,	Delta[s+](15) = 0.300544
The 0-th iteration is completed.	|| time cost : 0h 8m 28.441s
********************************************************************************************************************
Start the 1 rounds of NGS-ED iteration
	effective electronic model is modified as: kinetic energy t = 0.931818
	                                           effective interaction Vq = [-2.33455,-2.14105,-2.06882,-2.14105,-2.14105,-2.06882,-2.04556,-2.06882,-2.06882,-2.04556,-2.01716,-2.04556,-2.14105,-2.06882,-2.04556,-2.06882]
	PARPACK diagonalization completed after 90 matrix-vector product operations.
	iteration results: : total energy is -62.237405 | electron energy -62.242214 + phonon energy 0.004809 | electron momentum kIdx = 0
The 1-th iteration is completed.	|| time cost : 0h 7m 37.498s
********************************************************************************************************************
Start the 2 rounds of NGS-ED iteration
	effective electronic model is modified as: kinetic energy t = 0.870573
	                                           effective interaction Vq = [ -2.6505,-2.54901,-2.53117,-2.54901,-2.54901,-2.53117,-2.46107,-2.53117,-2.53117,-2.46107,-2.46805,-2.46107,-2.54901,-2.53117,-2.46107,-2.53117]
	PARPACK diagonalization completed after 60 matrix-vector product operations.
	iteration results: : total energy is -70.213897 | electron energy -70.253589 + phonon energy 0.039692 | electron momentum kIdx = 0
The 2-th iteration is completed.	|| time cost : 0h 0m 36.756s
********************************************************************************************************************
Start the 3 rounds of NGS-ED iteration
	effective electronic model is modified as: kinetic energy t = 0.845349
	                                           effective interaction Vq = [-2.69326,-2.63215,-2.62325,-2.63215,-2.63215,-2.62325,-2.56074,-2.62325,-2.62325,-2.56074, -2.5914,-2.56074,-2.63215,-2.62325,-2.56074,-2.62325]
	PARPACK diagonalization completed after 45 matrix-vector product operations.
	iteration results: : total energy is -71.303597 | electron energy -71.374626 + phonon energy 0.071029 | electron momentum kIdx = 0
The 3-th iteration is completed.	|| time cost : 0h 0m 32.454s
********************************************************************************************************************
Start the 4 rounds of NGS-ED iteration
	effective electronic model is modified as: kinetic energy t = 0.836124
	                                           effective interaction Vq = [-2.69904, -2.6529,-2.64156, -2.6529, -2.6529,-2.64156,-2.58926,-2.64156,-2.64156,-2.58926,-2.64665,-2.58926, -2.6529,-2.64156,-2.58926,-2.64156]
	PARPACK diagonalization completed after 45 matrix-vector product operations.
	iteration results: : total energy is -71.486442 | electron energy -71.573023 + phonon energy 0.086581 | electron momentum kIdx = 0
The 4-th iteration is completed.	|| time cost : 0h 0m 32.173s
********************************************************************************************************************
Start the 5 rounds of NGS-ED iteration
	effective electronic model is modified as: kinetic energy t = 0.836458
	                                           effective interaction Vq = [-2.69983,-2.65433,-2.62393,-2.65433,-2.65433,-2.62393,-2.59103,-2.62393,-2.62393,-2.59103,-2.67932,-2.59103,-2.65433,-2.62393,-2.59103,-2.62393]
	PARPACK diagonalization completed after 45 matrix-vector product operations.
	iteration results: : total energy is -71.591137 | electron energy -71.682924 + phonon energy 0.091787 | electron momentum kIdx = 0
The 5-th iteration is completed.	|| time cost : 0h 0m 32.067s
********************************************************************************************************************
Start the 6 rounds of NGS-ED iteration
	effective electronic model is modified as: kinetic energy t = 0.842085
	                                           effective interaction Vq = [-2.69993,-2.64686,-2.58368,-2.64686,-2.64686,-2.58368,-2.58007,-2.58368,-2.58368,-2.58007,-2.69045,-2.58007,-2.64686,-2.58368,-2.58007,-2.58368]
	PARPACK diagonalization completed after 45 matrix-vector product operations.
	iteration results: : total energy is -71.644148 | electron energy -71.734832 + phonon energy 0.090684 | electron momentum kIdx = 0
The 6-th iteration is completed.	|| time cost : 0h 0m 32.465s
********************************************************************************************************************
Start the 7 rounds of NGS-ED iteration
	effective electronic model is modified as: kinetic energy t = 0.84545
	                                           effective interaction Vq = [-2.69995,-2.64061,-2.55934,-2.64061,-2.64061,-2.55934,-2.57142,-2.55934,-2.55934,-2.57142,-2.69364,-2.57142,-2.64061,-2.55934,-2.57142,-2.55934]
	PARPACK diagonalization completed after 45 matrix-vector product operations.
	iteration results: : total energy is -71.655615 | electron energy -71.744191 + phonon energy 0.088576 | electron momentum kIdx = 0
The 7-th iteration is completed.	|| time cost : 0h 0m 32.235s
********************************************************************************************************************
Start the 8 rounds of NGS-ED iteration
	effective electronic model is modified as: kinetic energy t = 0.846969
	                                           effective interaction Vq = [-2.69995, -2.6371,-2.54875, -2.6371, -2.6371,-2.54875,-2.56671,-2.54875,-2.54875,-2.56671,-2.69465,-2.56671, -2.6371,-2.54875,-2.56671,-2.54875]
	PARPACK diagonalization completed after 30 matrix-vector product operations.
	iteration results: : total energy is -71.657565 | electron energy -71.744813 + phonon energy 0.087249 | electron momentum kIdx = 0
The 8-th iteration is completed.	|| time cost : 0h 0m 27.344s
********************************************************************************************************************
Start the 9 rounds of NGS-ED iteration
	effective electronic model is modified as: kinetic energy t = 0.847622
	                                           effective interaction Vq = [-2.69995,-2.63536,-2.54449,-2.63536,-2.63536,-2.54449,-2.56442,-2.54449,-2.54449,-2.56442,-2.69501,-2.56442,-2.63536,-2.54449,-2.56442,-2.54449]
	PARPACK diagonalization completed after 30 matrix-vector product operations.
	iteration results: : total energy is -71.657887 | electron energy -71.744473 + phonon energy 0.086586 | electron momentum kIdx = 0
The 9-th iteration is completed.	|| time cost : 0h 0m 27.54s
********************************************************************************************************************
Start the 10 rounds of NGS-ED iteration
	effective electronic model is modified as: kinetic energy t = 0.8479
	                                           effective interaction Vq = [-2.69995,-2.63455, -2.5428,-2.63455,-2.63455, -2.5428,-2.56336, -2.5428, -2.5428,-2.56336,-2.69514,-2.56336,-2.63455, -2.5428,-2.56336, -2.5428]
	PARPACK diagonalization completed after 30 matrix-vector product operations.
	iteration results: : total energy is -71.657941 | electron energy -71.744222 + phonon energy 0.086281 | electron momentum kIdx = 0
	Nq(0) = 16,	Nq(1) = 0.322099,	Nq(2) = 0.368719,	Nq(3) = 0.322099,	Nq(4) = 0.322099,	Nq(5) = 0.368719,	Nq(6) = 0.594704,	Nq(7) = 0.368719,	Nq(8) = 0.368719,	Nq(9) = 0.594704,	Nq(10) = 5.00774,	Nq(11) = 0.594704,	Nq(12) = 0.322099,	Nq(13) = 0.368719,	Nq(14) = 0.594704,	Nq(15) = 0.368719,	Sq(0) = 2.46868e-19,	Sq(1) = 0.242406,	Sq(2) = 0.308469,	Sq(3) = 0.242406,	Sq(4) = 0.242406,	Sq(5) = 0.308469,	Sq(6) = 0.444986,	Sq(7) = 0.308469,	Sq(8) = 0.308469,	Sq(9) = 0.444986,	Sq(10) = 0.512353,	Sq(11) = 0.444986,	Sq(12) = 0.242406,	Sq(13) = 0.308469,	Sq(14) = 0.444986,	Sq(15) = 0.308469,	N(0) = 1.98059,	N(1) = 1.94914,	N(2) = 1,	N(3) = 1.94914,	N(4) = 1.94914,	N(5) = 1,	N(6) = 0.050857,	N(7) = 1,	N(8) = 1,	N(9) = 0.050857,	N(10) = 0.01941,	N(11) = 0.050857,	N(12) = 1.94914,	N(13) = 1,	N(14) = 0.050857,	N(15) = 1,	Delta[s](0) = 0.521144,	Delta[s](1) = 0.365051,	Delta[s](2) = 0.346561,	Delta[s](3) = 0.365051,	Delta[s](4) = 0.365051,	Delta[s](5) = 0.346561,	Delta[s](6) = 0.284994,	Delta[s](7) = 0.346561,	Delta[s](8) = 0.346561,	Delta[s](9) = 0.284994,	Delta[s](10) = 0.242945,	Delta[s](11) = 0.284994,	Delta[s](12) = 0.365051,	Delta[s](13) = 0.346561,	Delta[s](14) = 0.284994,	Delta[s](15) = 0.346561,	Delta[d](0) = 0.221202,	Delta[d](1) = 0.211816,	Delta[d](2) = 0.211031,	Delta[d](3) = 0.211816,	Delta[d](4) = 0.211816,	Delta[d](5) = 0.137438,	Delta[d](6) = 0.170012,	Delta[d](7) = 0.137438,	Delta[d](8) = 0.211031,	Delta[d](9) = 0.170012,	Delta[d](10) = 0.053692,	Delta[d](11) = 0.170012,	Delta[d](12) = 0.211816,	Delta[d](13) = 0.137438,	Delta[d](14) = 0.170012,	Delta[d](15) = 0.137438,	Delta[s+](0) = 0.408684,	Delta[s+](1) = 0.326609,	Delta[s+](2) = 0.211031,	Delta[s+](3) = 0.326609,	Delta[s+](4) = 0.326609,	Delta[s+](5) = 0.211031,	Delta[s+](6) = 0.0924407,	Delta[s+](7) = 0.211031,	Delta[s+](8) = 0.211031,	Delta[s+](9) = 0.0924407,	Delta[s+](10) = 0.0291134,	Delta[s+](11) = 0.0924407,	Delta[s+](12) = 0.326609,	Delta[s+](13) = 0.211031,	Delta[s+](14) = 0.0924407,	Delta[s+](15) = 0.211031
The 10-th iteration is completed.	|| time cost : 0h 4m 40.255s
********************************************************************************************************************
Start the 11 rounds of NGS-ED iteration
	effective electronic model is modified as: kinetic energy t = 0.848017
	                                           effective interaction Vq = [-2.69995,-2.63419,-2.54214,-2.63419,-2.63419,-2.54214,-2.56288,-2.54214,-2.54214,-2.56288,-2.69518,-2.56288,-2.63419,-2.54214,-2.56288,-2.54214]
	PARPACK diagonalization completed after 30 matrix-vector product operations.
	iteration results: : total energy is -71.657950 | electron energy -71.744096 + phonon energy 0.086146 | electron momentum kIdx = 0
	Nq(0) = 16,	Nq(1) = 0.321913,	Nq(2) = 0.36856,	Nq(3) = 0.321913,	Nq(4) = 0.321913,	Nq(5) = 0.36856,	Nq(6) = 0.594436,	Nq(7) = 0.36856,	Nq(8) = 0.36856,	Nq(9) = 0.594436,	Nq(10) = 5.01062,	Nq(11) = 0.594436,	Nq(12) = 0.321913,	Nq(13) = 0.36856,	Nq(14) = 0.594436,	Nq(15) = 0.36856,	Sq(0) = -5.72284e-18,	Sq(1) = 0.242387,	Sq(2) = 0.308461,	Sq(3) = 0.242387,	Sq(4) = 0.242387,	Sq(5) = 0.308461,	Sq(6) = 0.444985,	Sq(7) = 0.308461,	Sq(8) = 0.308461,	Sq(9) = 0.444985,	Sq(10) = 0.51237,	Sq(11) = 0.444985,	Sq(12) = 0.242387,	Sq(13) = 0.308461,	Sq(14) = 0.444985,	Sq(15) = 0.308461,	N(0) = 1.98059,	N(1) = 1.94911,	N(2) = 1,	N(3) = 1.94911,	N(4) = 1.94911,	N(5) = 1,	N(6) = 0.0508873,	N(7) = 1,	N(8) = 1,	N(9) = 0.0508873,	N(10) = 0.0194133,	N(11) = 0.0508873,	N(12) = 1.94911,	N(13) = 1,	N(14) = 0.0508873,	N(15) = 1,	Delta[s](0) = 0.52085,	Delta[s](1) = 0.36507,	Delta[s](2) = 0.346571,	Delta[s](3) = 0.36507,	Delta[s](4) = 0.36507,	Delta[s](5) = 0.346571,	Delta[s](6) = 0.285018,	Delta[s](7) = 0.346571,	Delta[s](8) = 0.346571,	Delta[s](9) = 0.285018,	Delta[s](10) = 0.243061,	Delta[s](11) = 0.285018,	Delta[s](12) = 0.36507,	Delta[s](13) = 0.346571,	Delta[s](14) = 0.285018,	Delta[s](15) = 0.346571,	Delta[d](0) = 0.221152,	Delta[d](1) = 0.211761,	Delta[d](2) = 0.211002,	Delta[d](3) = 0.211761,	Delta[d](4) = 0.211761,	Delta[d](5) = 0.137384,	Delta[d](6) = 0.169953,	Delta[d](7) = 0.137384,	Delta[d](8) = 0.211002,	Delta[d](9) = 0.169953,	Delta[d](10) = 0.0536351,	Delta[d](11) = 0.169953,	Delta[d](12) = 0.211761,	Delta[d](13) = 0.137384,	Delta[d](14) = 0.169953,	Delta[d](15) = 0.137384,	Delta[s+](0) = 0.408693,	Delta[s+](1) = 0.32659,	Delta[s+](2) = 0.211002,	Delta[s+](3) = 0.32659,	Delta[s+](4) = 0.32659,	Delta[s+](5) = 0.211002,	Delta[s+](6) = 0.0924021,	Delta[s+](7) = 0.211002,	Delta[s+](8) = 0.211002,	Delta[s+](9) = 0.0924021,	Delta[s+](10) = 0.0290881,	Delta[s+](11) = 0.0924021,	Delta[s+](12) = 0.32659,	Delta[s+](13) = 0.211002,	Delta[s+](14) = 0.0924021,	Delta[s+](15) = 0.211002
The 11-th iteration is completed.	|| time cost : 0h 4m 38.723s
********************************************************************************************************************
********************************************************************************************************************
Ground state is obtained after 12 iterations. The current ground-state energy is -71.658, in which electron energy is -71.7441 and phonon energy is 0.0861457
final variational state is: 
	Gamma_x = [      1, 1.0232,1.03719, 1.0232, 1.0232,1.03719,1.05766,1.03719,1.03719,1.05766,1.11445,1.05766, 1.0232,1.03719,1.05766,1.03719]
	lambda_q = [0.519607, 0.43842,0.393882, 0.43842, 0.43842,0.393882,0.402445,0.393882,0.393882,0.402445,0.497825,0.402445, 0.43842,0.393882,0.402445,0.393882]
********************************************************************************************************************
o___o  ----------------------------------------
| L |	Time since last clock: 0h 0m 0s
A===A	Time since the beginning: 0h 29m 37.955s
***********************************************


********************************************************************************************************************
Warm up runs have been completed. Start calculating W = 5 phonon.
open output files: NGSEDIterationObs.txt
********************************************************************************************************************
Start the 0 rounds of NGS-ED iteration
	effective electronic model is modified as: kinetic energy t = 0.848067
	                                           effective interaction Vq = [-2.46832,-2.26063,-2.11869,-2.26063,-2.26063,-2.11869,-2.14752,-2.11869,-2.11869,-2.14752,-2.41907,-2.14752,-2.26063,-2.11869,-2.14752,-2.11869]
	PARPACK diagonalization completed after 45 matrix-vector product operations.
	iteration results: : total energy is -64.296094 | electron energy -64.339137 + phonon energy 0.043043 | electron momentum kIdx = 0
	Nq(0) = 16,	Nq(1) = 0.311069,	Nq(2) = 0.35213,	Nq(3) = 0.311069,	Nq(4) = 0.311069,	Nq(5) = 0.35213,	Nq(6) = 0.557801,	Nq(7) = 0.35213,	Nq(8) = 0.35213,	Nq(9) = 0.557801,	Nq(10) = 4.82124,	Nq(11) = 0.557801,	Nq(12) = 0.311069,	Nq(13) = 0.35213,	Nq(14) = 0.557801,	Nq(15) = 0.35213,	Sq(0) = 2.53387e-19,	Sq(1) = 0.270398,	Sq(2) = 0.329784,	Sq(3) = 0.270398,	Sq(4) = 0.270398,	Sq(5) = 0.329784,	Sq(6) = 0.493106,	Sq(7) = 0.329784,	Sq(8) = 0.329784,	Sq(9) = 0.493106,	Sq(10) = 0.557781,	Sq(11) = 0.493106,	Sq(12) = 0.270398,	Sq(13) = 0.329784,	Sq(14) = 0.493106,	Sq(15) = 0.329784,	N(0) = 1.98929,	N(1) = 1.96746,	N(2) = 1,	N(3) = 1.96746,	N(4) = 1.96746,	N(5) = 1,	N(6) = 0.0325374,	N(7) = 1,	N(8) = 1,	N(9) = 0.0325374,	N(10) = 0.0107082,	N(11) = 0.0325374,	N(12) = 1.96746,	N(13) = 1,	N(14) = 0.0325374,	N(15) = 1,	Delta[s](0) = 0.435478,	Delta[s](1) = 0.34626,	Delta[s](2) = 0.332189,	Delta[s](3) = 0.34626,	Delta[s](4) = 0.34626,	Delta[s](5) = 0.332189,	Delta[s](6) = 0.282219,	Delta[s](7) = 0.332189,	Delta[s](8) = 0.332189,	Delta[s](9) = 0.282219,	Delta[s](10) = 0.262222,	Delta[s](11) = 0.282219,	Delta[s](12) = 0.34626,	Delta[s](13) = 0.332189,	Delta[s](14) = 0.282219,	Delta[s](15) = 0.332189,	Delta[d](0) = 0.226377,	Delta[d](1) = 0.22154,	Delta[d](2) = 0.223155,	Delta[d](3) = 0.22154,	Delta[d](4) = 0.22154,	Delta[d](5) = 0.142053,	Delta[d](6) = 0.178344,	Delta[d](7) = 0.142053,	Delta[d](8) = 0.223155,	Delta[d](9) = 0.178344,	Delta[d](10) = 0.0576657,	Delta[d](11) = 0.178344,	Delta[d](12) = 0.22154,	Delta[d](13) = 0.142053,	Delta[d](14) = 0.178344,	Delta[d](15) = 0.142053,	Delta[s+](0) = 0.440928,	Delta[s+](1) = 0.346612,	Delta[s+](2) = 0.223155,	Delta[s+](3) = 0.346612,	Delta[s+](4) = 0.346612,	Delta[s+](5) = 0.223155,	Delta[s+](6) = 0.0978379,	Delta[s+](7) = 0.223155,	Delta[s+](8) = 0.223155,	Delta[s+](9) = 0.0978379,	Delta[s+](10) = 0.0316388,	Delta[s+](11) = 0.0978379,	Delta[s+](12) = 0.346612,	Delta[s+](13) = 0.223155,	Delta[s+](14) = 0.0978379,	Delta[s+](15) = 0.223155
The 0-th iteration is completed.	|| time cost : 0h 4m 27.26s
********************************************************************************************************************
Start the 1 rounds of NGS-ED iteration
	effective electronic model is modified as: kinetic energy t = 0.826674
	                                           effective interaction Vq = [-2.61474, -2.3916,-2.21286, -2.3916, -2.3916,-2.21286,-2.24934,-2.21286,-2.21286,-2.24934,-2.58299,-2.24934, -2.3916,-2.21286,-2.24934,-2.21286]
	PARPACK diagonalization completed after 30 matrix-vector product operations.
	iteration results: : total energy is -67.477889 | electron energy -67.612117 + phonon energy 0.134227 | electron momentum kIdx = 0
The 1-th iteration is completed.	|| time cost : 0h 0m 27.395s
********************************************************************************************************************
Start the 2 rounds of NGS-ED iteration
	effective electronic model is modified as: kinetic energy t = 0.816385
	                                           effective interaction Vq = [ -2.6686,-2.43886,-2.25228,-2.43886,-2.43886,-2.25228,-2.28862,-2.25228,-2.25228,-2.28862,-2.64935,-2.28862,-2.43886,-2.25228,-2.28862,-2.25228]
	PARPACK diagonalization completed after 30 matrix-vector product operations.
	iteration results: : total energy is -68.640845 | electron energy -68.838401 + phonon energy 0.197556 | electron momentum kIdx = 0
The 2-th iteration is completed.	|| time cost : 0h 0m 27.397s
********************************************************************************************************************
Start the 3 rounds of NGS-ED iteration
	effective electronic model is modified as: kinetic energy t = 0.811845
	                                           effective interaction Vq = [-2.68842,-2.45491,-2.26801,-2.45491,-2.45491,-2.26801,-2.30235,-2.26801,-2.26801,-2.30235,-2.67507,-2.30235,-2.45491,-2.26801,-2.30235,-2.26801]
	PARPACK diagonalization completed after 30 matrix-vector product operations.
	iteration results: : total energy is -69.052923 | electron energy -69.285775 + phonon energy 0.232852 | electron momentum kIdx = 0
The 3-th iteration is completed.	|| time cost : 0h 0m 27.651s
********************************************************************************************************************
Start the 4 rounds of NGS-ED iteration
	effective electronic model is modified as: kinetic energy t = 0.80991
	                                           effective interaction Vq = [-2.69571,-2.45985,-2.27416,-2.45985,-2.45985,-2.27416,-2.30662,-2.27416,-2.27416,-2.30662,-2.68529,-2.30662,-2.45985,-2.27416,-2.30662,-2.27416]
	PARPACK diagonalization completed after 30 matrix-vector product operations.
	iteration results: : total energy is -69.197207 | electron energy -69.448402 + phonon energy 0.251195 | electron momentum kIdx = 0
The 4-th iteration is completed.	|| time cost : 0h 0m 28.043s
********************************************************************************************************************
Start the 5 rounds of NGS-ED iteration
	effective electronic model is modified as: kinetic energy t = 0.809112
	                                           effective interaction Vq = [-2.69839,-2.46096,-2.27647,-2.46096,-2.46096,-2.27647,-2.30755,-2.27647,-2.27647,-2.30755,-2.68962,-2.30755,-2.46096,-2.27647,-2.30755,-2.27647]
	PARPACK diagonalization completed after 30 matrix-vector product operations.
	iteration results: : total energy is -69.247801 | electron energy -69.508224 + phonon energy 0.260424 | electron momentum kIdx = 0
The 5-th iteration is completed.	|| time cost : 0h 0m 27.382s
********************************************************************************************************************
Start the 6 rounds of NGS-ED iteration
	effective electronic model is modified as: kinetic energy t = 0.808809
	                                           effective interaction Vq = [-2.69937,-2.46081,-2.27722,-2.46081,-2.46081,-2.27722,-2.30737,-2.27722,-2.27722,-2.30737,-2.69158,-2.30737,-2.46081,-2.27722,-2.30737,-2.27722]
	PARPACK diagonalization completed after 30 matrix-vector product operations.
	iteration results: : total energy is -69.265675 | electron energy -69.530623 + phonon energy 0.264948 | electron momentum kIdx = 0
The 6-th iteration is completed.	|| time cost : 0h 0m 27.412s
********************************************************************************************************************
Start the 7 rounds of NGS-ED iteration
	effective electronic model is modified as: kinetic energy t = 0.808715
	                                           effective interaction Vq = [-2.69974,-2.46034,-2.27736,-2.46034,-2.46034,-2.27736,-2.30689,-2.27736,-2.27736,-2.30689,-2.69252,-2.30689,-2.46034,-2.27736,-2.30689,-2.27736]
	PARPACK diagonalization completed after 30 matrix-vector product operations.
	iteration results: : total energy is -69.272047 | electron energy -69.539150 + phonon energy 0.267103 | electron momentum kIdx = 0
The 7-th iteration is completed.	|| time cost : 0h 0m 27.481s
********************************************************************************************************************
Start the 8 rounds of NGS-ED iteration
	effective electronic model is modified as: kinetic energy t = 0.808705
	                                           effective interaction Vq = [-2.69987,-2.45985,-2.27729,-2.45985,-2.45985,-2.27729, -2.3064,-2.27729,-2.27729, -2.3064,-2.69298, -2.3064,-2.45985,-2.27729, -2.3064,-2.27729]
	PARPACK diagonalization completed after 30 matrix-vector product operations.
	iteration results: : total energy is -69.274336 | electron energy -69.542430 + phonon energy 0.268093 | electron momentum kIdx = 0
The 8-th iteration is completed.	|| time cost : 0h 0m 27.399s
********************************************************************************************************************
Start the 9 rounds of NGS-ED iteration
	effective electronic model is modified as: kinetic energy t = 0.808724
	                                           effective interaction Vq = [-2.69992,-2.45945,-2.27715,-2.45945,-2.45945,-2.27715,-2.30599,-2.27715,-2.27715,-2.30599,-2.69322,-2.30599,-2.45945,-2.27715,-2.30599,-2.27715]
	PARPACK diagonalization completed after 30 matrix-vector product operations.
	iteration results: : total energy is -69.275165 | electron energy -69.543689 + phonon energy 0.268525 | electron momentum kIdx = 0
The 9-th iteration is completed.	|| time cost : 0h 0m 27.66s
********************************************************************************************************************
Start the 10 rounds of NGS-ED iteration
	effective electronic model is modified as: kinetic energy t = 0.808749
	                                           effective interaction Vq = [-2.69994,-2.45915,-2.27701,-2.45915,-2.45915,-2.27701,-2.30569,-2.27701,-2.27701,-2.30569,-2.69334,-2.30569,-2.45915,-2.27701,-2.30569,-2.27701]
	PARPACK diagonalization completed after 30 matrix-vector product operations.
	iteration results: : total energy is -69.275466 | electron energy -69.544162 + phonon energy 0.268696 | electron momentum kIdx = 0
	Nq(0) = 16,	Nq(1) = 0.250532,	Nq(2) = 0.317839,	Nq(3) = 0.250532,	Nq(4) = 0.250532,	Nq(5) = 0.317839,	Nq(6) = 0.484333,	Nq(7) = 0.317839,	Nq(8) = 0.317839,	Nq(9) = 0.484333,	Nq(10) = 6.39099,	Nq(11) = 0.484333,	Nq(12) = 0.250532,	Nq(13) = 0.317839,	Nq(14) = 0.484333,	Nq(15) = 0.317839,	Sq(0) = 4.59197e-18,	Sq(1) = 0.2146,	Sq(2) = 0.290096,	Sq(3) = 0.2146,	Sq(4) = 0.2146,	Sq(5) = 0.290096,	Sq(6) = 0.417197,	Sq(7) = 0.290096,	Sq(8) = 0.290096,	Sq(9) = 0.417197,	Sq(10) = 0.494754,	Sq(11) = 0.417197,	Sq(12) = 0.2146,	Sq(13) = 0.290096,	Sq(14) = 0.417197,	Sq(15) = 0.290096,	N(0) = 1.97082,	N(1) = 1.91227,	N(2) = 1,	N(3) = 1.91227,	N(4) = 1.91227,	N(5) = 1,	N(6) = 0.0877304,	N(7) = 1,	N(8) = 1,	N(9) = 0.0877304,	N(10) = 0.029185,	N(11) = 0.0877304,	N(12) = 1.91227,	N(13) = 1,	N(14) = 0.0877304,	N(15) = 1,	Delta[s](0) = 0.447148,	Delta[s](1) = 0.373787,	Delta[s](2) = 0.354266,	Delta[s](3) = 0.373787,	Delta[s](4) = 0.373787,	Delta[s](5) = 0.354266,	Delta[s](6) = 0.314995,	Delta[s](7) = 0.354266,	Delta[s](8) = 0.354266,	Delta[s](9) = 0.314995,	Delta[s](10) = 0.290864,	Delta[s](11) = 0.314995,	Delta[s](12) = 0.373787,	Delta[s](13) = 0.354266,	Delta[s](14) = 0.314995,	Delta[s](15) = 0.354266,	Delta[d](0) = 0.203561,	Delta[d](1) = 0.190029,	Delta[d](2) = 0.201962,	Delta[d](3) = 0.190029,	Delta[d](4) = 0.190029,	Delta[d](5) = 0.128842,	Delta[d](6) = 0.150412,	Delta[d](7) = 0.128842,	Delta[d](8) = 0.201962,	Delta[d](9) = 0.150412,	Delta[d](10) = 0.0540176,	Delta[d](11) = 0.150412,	Delta[d](12) = 0.190029,	Delta[d](13) = 0.128842,	Delta[d](14) = 0.150412,	Delta[d](15) = 0.128842,	Delta[s+](0) = 0.409013,	Delta[s+](1) = 0.31641,	Delta[s+](2) = 0.201962,	Delta[s+](3) = 0.31641,	Delta[s+](4) = 0.31641,	Delta[s+](5) = 0.201962,	Delta[s+](6) = 0.0864609,	Delta[s+](7) = 0.201962,	Delta[s+](8) = 0.201962,	Delta[s+](9) = 0.0864609,	Delta[s+](10) = 0.0304827,	Delta[s+](11) = 0.0864609,	Delta[s+](12) = 0.31641,	Delta[s+](13) = 0.201962,	Delta[s+](14) = 0.0864609,	Delta[s+](15) = 0.201962
The 10-th iteration is completed.	|| time cost : 0h 4m 25.464s
********************************************************************************************************************
Start the 11 rounds of NGS-ED iteration
	effective electronic model is modified as: kinetic energy t = 0.808773
	                                           effective interaction Vq = [-2.69995,-2.45894, -2.2769,-2.45894,-2.45894, -2.2769,-2.30546, -2.2769, -2.2769,-2.30546, -2.6934,-2.30546,-2.45894, -2.2769,-2.30546, -2.2769]
	PARPACK diagonalization completed after 30 matrix-vector product operations.
	iteration results: : total energy is -69.275576 | electron energy -69.544327 + phonon energy 0.268751 | electron momentum kIdx = 0
The 11-th iteration is completed.	|| time cost : 0h 0m 27.514s
********************************************************************************************************************
Start the 12 rounds of NGS-ED iteration
	effective electronic model is modified as: kinetic energy t = 0.808791
	                                           effective interaction Vq = [-2.69995,-2.45879,-2.27682,-2.45879,-2.45879,-2.27682, -2.3053,-2.27682,-2.27682, -2.3053,-2.69343, -2.3053,-2.45879,-2.27682, -2.3053,-2.27682]
	PARPACK diagonalization completed after 30 matrix-vector product operations.
	iteration results: : total energy is -69.275616 | electron energy -69.544375 + phonon energy 0.268759 | electron momentum kIdx = 0
The 12-th iteration is completed.	|| time cost : 0h 0m 27.653s
********************************************************************************************************************
Start the 13 rounds of NGS-ED iteration
	effective electronic model is modified as: kinetic energy t = 0.808805
	                                           effective interaction Vq = [-2.69995,-2.45868,-2.27676,-2.45868,-2.45868,-2.27676, -2.3052,-2.27676,-2.27676, -2.3052,-2.69345, -2.3052,-2.45868,-2.27676, -2.3052,-2.27676]
	PARPACK diagonalization completed after 30 matrix-vector product operations.
	iteration results: : total energy is -69.275631 | electron energy -69.544380 + phonon energy 0.268749 | electron momentum kIdx = 0
The 13-th iteration is completed.	|| time cost : 0h 0m 27.489s
********************************************************************************************************************
Start the 14 rounds of NGS-ED iteration
	effective electronic model is modified as: kinetic energy t = 0.808815
	                                           effective interaction Vq = [-2.69995,-2.45861,-2.27672,-2.45861,-2.45861,-2.27672,-2.30512,-2.27672,-2.27672,-2.30512,-2.69346,-2.30512,-2.45861,-2.27672,-2.30512,-2.27672]
	PARPACK diagonalization completed after 30 matrix-vector product operations.
	iteration results: : total energy is -69.275636 | electron energy -69.544371 + phonon energy 0.268735 | electron momentum kIdx = 0
The 14-th iteration is completed.	|| time cost : 0h 0m 27.339s
********************************************************************************************************************
Start the 15 rounds of NGS-ED iteration
	effective electronic model is modified as: kinetic energy t = 0.808822
	                                           effective interaction Vq = [-2.69995,-2.45857,-2.27669,-2.45857,-2.45857,-2.27669,-2.30507,-2.27669,-2.27669,-2.30507,-2.69346,-2.30507,-2.45857,-2.27669,-2.30507,-2.27669]
	PARPACK diagonalization completed after 30 matrix-vector product operations.
	iteration results: : total energy is -69.275638 | electron energy -69.544361 + phonon energy 0.268722 | electron momentum kIdx = 0
The 15-th iteration is completed.	|| time cost : 0h 0m 27.485s
********************************************************************************************************************
Start the 16 rounds of NGS-ED iteration
	effective electronic model is modified as: kinetic energy t = 0.808827
	                                           effective interaction Vq = [-2.69995,-2.45854,-2.27667,-2.45854,-2.45854,-2.27667,-2.30504,-2.27667,-2.27667,-2.30504,-2.69346,-2.30504,-2.45854,-2.27667,-2.30504,-2.27667]
	PARPACK diagonalization completed after 30 matrix-vector product operations.
	iteration results: : total energy is -69.275639 | electron energy -69.544351 + phonon energy 0.268712 | electron momentum kIdx = 0
The 16-th iteration is completed.	|| time cost : 0h 0m 27.359s
********************************************************************************************************************
Start the 17 rounds of NGS-ED iteration
	effective electronic model is modified as: kinetic energy t = 0.80883
	                                           effective interaction Vq = [-2.69995,-2.45852,-2.27666,-2.45852,-2.45852,-2.27666,-2.30502,-2.27666,-2.27666,-2.30502,-2.69346,-2.30502,-2.45852,-2.27666,-2.30502,-2.27666]
	PARPACK diagonalization completed after 30 matrix-vector product operations.
	iteration results: : total energy is -69.275639 | electron energy -69.544344 + phonon energy 0.268704 | electron momentum kIdx = 0
The 17-th iteration is completed.	|| time cost : 0h 0m 27.367s
********************************************************************************************************************
Start the 18 rounds of NGS-ED iteration
	effective electronic model is modified as: kinetic energy t = 0.808832
	                                           effective interaction Vq = [-2.69995, -2.4585,-2.27665, -2.4585, -2.4585,-2.27665,  -2.305,-2.27665,-2.27665,  -2.305,-2.69347,  -2.305, -2.4585,-2.27665,  -2.305,-2.27665]
	PARPACK diagonalization completed after 30 matrix-vector product operations.
	iteration results: : total energy is -69.275639 | electron energy -69.544338 + phonon energy 0.268699 | electron momentum kIdx = 0
The 18-th iteration is completed.	|| time cost : 0h 0m 27.44s
********************************************************************************************************************
Start the 19 rounds of NGS-ED iteration
	effective electronic model is modified as: kinetic energy t = 0.808834
	                                           effective interaction Vq = [-2.69995,-2.45849,-2.27664,-2.45849,-2.45849,-2.27664,-2.30499,-2.27664,-2.27664,-2.30499,-2.69347,-2.30499,-2.45849,-2.27664,-2.30499,-2.27664]
	PARPACK diagonalization completed after 30 matrix-vector product operations.
	iteration results: : total energy is -69.275639 | electron energy -69.544334 + phonon energy 0.268695 | electron momentum kIdx = 0
The 19-th iteration is completed.	|| time cost : 0h 0m 27.669s
********************************************************************************************************************
Start the 20 rounds of NGS-ED iteration
	effective electronic model is modified as: kinetic energy t = 0.808835
	                                           effective interaction Vq = [-2.69995,-2.45849,-2.27664,-2.45849,-2.45849,-2.27664,-2.30499,-2.27664,-2.27664,-2.30499,-2.69347,-2.30499,-2.45849,-2.27664,-2.30499,-2.27664]
	PARPACK diagonalization completed after 30 matrix-vector product operations.
	iteration results: : total energy is -69.275639 | electron energy -69.544332 + phonon energy 0.268692 | electron momentum kIdx = 0
