SNEDics v3.22.2 Non-Gaussian ED ground state program		Start at Thu Jun  9 20:23:06 2022

Parallelization: 32 MPI threads  * 8 OpenMP threads = 256 total threads.
********************************************************************************************************************
********************************************************************************************************************

********************************************************************************************************************
System parameters and configurations
	special program options are enabled: splitted diagonal Hamiltonian | splitted Hamiltonian terms
********************************************************************************************************************
Read input file "model_params.in"
	Hubbard-Holstein model parameters : 	t = 1    t' = -0.3    U = 8    g = 0.7    W = 0.2    g' = 0.25    
********************************************************************************************************************
Read input file "hilbertspace_params.in"
	Requested 16-site 2D lattice, with 12 electrons (6, 6)
	Boundary : Periodic		Hilbert space representation : momentum-space (restricted to kIdx = 10)
	Conservation: particle number[U(1)]      spin[U(1)]     momentum
********************************************************************************************************************

Cluster Positions:				Cluster symmetry group : D4
 x ... x ... x ... x .....                       x ... x ... x ... x .....
 |           |           :                       |           |           :
 |           |           :                       |           |           :
12    13    14    15     x                       1     5     6     5     x
 |           |           :                       |           |           :
 |           |           :                       |           |           :
 8 --- 9 ---10 ---11 --- x                       2 --- 6 ---10 --- 6 --- x
 |           |           :                       |           |           :
 |           |           :                       |           |           :
 4     5     6     7     x                       1     5     6     5     x
 |           |           :                       |           |           :
 |           |           :                       |           |           :
 0 --- 1 --- 2 --- 3 --- x                       0 --- 1 --- 2 --- 1 --- x
orbital number : 1
********************************************************************************************************************
Read input file "obs_params.in"
	Observable Type : Nq(All),   Sq(All),   N(All-Orbital),   Delta[s](All),   Delta[d](All),   Delta[s+](All)
** WARNING ** the input observables have non-local factors which have been reinterpreted. The total observable number is 96
********************************************************************************************************************


********************************************************************************************************************
Start calculating the non-Gaussian ED ground state
Maximal iteration number is 1000; energy resolution is 1e-06. Phonon state relaxation time is 2000
W = 0.2 is relatively large. The non-Gaussian ED calculation starts directly.
open output files: NGSED_iteration_observables.txt
********************************************************************************************************************
Start the 0 rounds of NGS-ED iteration
	effective electronic model is modified as: kinetic energy t = 1, t' = -0.3
	                                           effective interaction Vq = [0,0,0,0,0,0,0,0,0,0,0,0,0,0,0,0]
	first Hamiltonian is constructed, size = 4008592 and non-zero numbers = 969952276
	PARPACK diagonalization completed after 120 matrix-vector product operations.
	iteration results: : total energy is -14.904199 | electron energy -14.904199 + phonon energy 0.000000 | electron momentum kIdx = 10
	Nq(0) = 9,	Nq(1) = 0.183693,	Nq(2) = 0.250775,	Nq(3) = 0.183693,	Nq(4) = 0.183693,	Nq(5) = 0.258947,	
	Nq(6) = 0.308855,	Nq(7) = 0.258947,	Nq(8) = 0.250775,	Nq(9) = 0.308855,	Nq(10) = 0.355902,	
	Nq(11) = 0.308855,	Nq(12) = 0.183693,	Nq(13) = 0.258947,	Nq(14) = 0.308855,	Nq(15) = 0.258947;	
	Sq(0) = 3.45099e-18,	Sq(1) = 0.504384,	Sq(2) = 0.469115,	Sq(3) = 0.504384,	Sq(4) = 0.504384,	
	Sq(5) = 0.735911,	Sq(6) = 0.943053,	Sq(7) = 0.735911,	Sq(8) = 0.469115,	Sq(9) = 0.943053,	
	Sq(10) = 1.46495,	Sq(11) = 0.943053,	Sq(12) = 0.504384,	Sq(13) = 0.735911,	Sq(14) = 0.943053,	
	Sq(15) = 0.735911;	N(0) = 1.70338,	N(1) = 1.58882,	N(2) = 1.04187,	N(3) = 1.58882,	
	N(4) = 1.58882,	N(5) = 0.289608,	N(6) = 0.157281,	N(7) = 0.289608,	N(8) = 1.04187,	
	N(9) = 0.157281,	N(10) = 0.0700575,	N(11) = 0.157281,	N(12) = 1.58882,	N(13) = 0.289608,	
	N(14) = 0.157281,	N(15) = 0.289608;	Delta[s](0) = 0.0517821,	Delta[s](1) = 0.0380634,	Delta[s](2) = 0.0302571,	
	Delta[s](3) = 0.0380634,	Delta[s](4) = 0.0380634,	Delta[s](5) = 0.0242061,	Delta[s](6) = 0.0158078,	Delta[s](7) = 0.0242061,	
	Delta[s](8) = 0.0302571,	Delta[s](9) = 0.0158078,	Delta[s](10) = 0.00711155,	Delta[s](11) = 0.0158078,	Delta[s](12) = 0.0380634,	
	Delta[s](13) = 0.0242061,	Delta[s](14) = 0.0158078,	Delta[s](15) = 0.0242061;	Delta[d](0) = 0.260457,	Delta[d](1) = 0.211709,	
	Delta[d](2) = 0.250316,	Delta[d](3) = 0.211709,	Delta[d](4) = 0.211709,	Delta[d](5) = 0.152401,	Delta[d](6) = 0.198594,	
	Delta[d](7) = 0.152401,	Delta[d](8) = 0.250316,	Delta[d](9) = 0.198594,	Delta[d](10) = 0.294122,	Delta[d](11) = 0.198594,	
	Delta[d](12) = 0.211709,	Delta[d](13) = 0.152401,	Delta[d](14) = 0.198594,	Delta[d](15) = 0.152401;	Delta[s+](0) = 0.467705,	
	Delta[s+](1) = 0.329353,	Delta[s+](2) = 0.250316,	Delta[s+](3) = 0.329353,	Delta[s+](4) = 0.329353,	Delta[s+](5) = 0.15938,	
	Delta[s+](6) = 0.0816977,	Delta[s+](7) = 0.15938,	Delta[s+](8) = 0.250316,	Delta[s+](9) = 0.0816977,	Delta[s+](10) = 0.0323716,	
	Delta[s+](11) = 0.0816977,	Delta[s+](12) = 0.329353,	Delta[s+](13) = 0.15938,	Delta[s+](14) = 0.0816977,	Delta[s+](15) = 0.15938
	
The 0-th iteration is completed.	|| time cost : 0h 2m 3.37s
********************************************************************************************************************
Start the 1 rounds of NGS-ED iteration
	effective electronic model is modified as: kinetic energy t = 0.928907, t' = -0.261631
	                                           effective interaction Vq = [    -14.45,  -3.32177, -0.291637,  -3.32177,  -3.32177, -0.316263,-0.0150282, -0.316263, -0.291637,-0.0150282,-0.0307004,-0.0150282,  -3.32177, -0.316263,-0.0150282, -0.316263]
	PARPACK diagonalization completed after 60 matrix-vector product operations.
	iteration results: : total energy is -146.558849 | electron energy -147.309222 + phonon energy 0.750373 | electron momentum kIdx = 10
The 1-th iteration is completed.	|| time cost : 0h 1m 20.187s
********************************************************************************************************************
Start the 2 rounds of NGS-ED iteration
	effective electronic model is modified as: kinetic energy t = 0.85186, t' = -0.220232
	                                           effective interaction Vq = [    -14.45,  -6.16453, -0.273364,  -6.16453,  -6.16453, -0.334685,-0.0147412, -0.334685, -0.273364,-0.0147412,-0.0301156,-0.0147412,  -6.16453, -0.334685,-0.0147412, -0.334685]
	PARPACK diagonalization completed after 75 matrix-vector product operations.
	iteration results: : total energy is -160.981282 | electron energy -163.023910 + phonon energy 2.042629 | electron momentum kIdx = 10
The 2-th iteration is completed.	|| time cost : 0h 0m 15.31s
********************************************************************************************************************
Start the 3 rounds of NGS-ED iteration
	effective electronic model is modified as: kinetic energy t = 0.564107, t' = -0.107348
	                                           effective interaction Vq = [    -14.45,  -7.19431, -0.410713,  -7.19431,  -7.19431,  -1.30442,-0.0197725,  -1.30442, -0.410713,-0.0197725,-0.0383055,-0.0197725,  -7.19431,  -1.30442,-0.0197725,  -1.30442]
	PARPACK diagonalization completed after 45 matrix-vector product operations.
	iteration results: : total energy is -170.632554 | electron energy -172.369630 + phonon energy 1.737077 | electron momentum kIdx = 10
The 3-th iteration is completed.	|| time cost : 0h 0m 11.063s
********************************************************************************************************************
Start the 4 rounds of NGS-ED iteration
	effective electronic model is modified as: kinetic energy t = 6.03062e-05, t' = -6.64966e-08
	                                           effective interaction Vq = [   -14.45,     -7.2, -2.44999,     -7.2,     -7.2,    -2.45,-0.199998,    -2.45, -2.44999,-0.199998,-0.449994,-0.199998,     -7.2,    -2.45,-0.199998,    -2.45]
	PARPACK diagonalization completed after 45 matrix-vector product operations.
	iteration results: : total energy is -172.499997 | electron energy -172.500000 + phonon energy 0.000002 | electron momentum kIdx = 10
The 4-th iteration is completed.	|| time cost : 0h 0m 14.712s
********************************************************************************************************************
Start the 5 rounds of NGS-ED iteration
	effective electronic model is modified as: kinetic energy t = 0.000519563, t' = -1.73153e-06
	                                           effective interaction Vq = [     -14.45,       -7.2, -0.0211692,       -7.2,       -7.2,      -2.45, -0.0017281,      -2.45, -0.0211692, -0.0017281,-0.00388824, -0.0017281,       -7.2,      -2.45, -0.0017281,      -2.45]
	PARPACK diagonalization completed after 30 matrix-vector product operations.
	iteration results: : total energy is -172.500001 | electron energy -172.500001 + phonon energy 0.000000 | electron momentum kIdx = 10
The 5-th iteration is completed.	|| time cost : 0h 0m 9.609s
********************************************************************************************************************
Start the 6 rounds of NGS-ED iteration
	effective electronic model is modified as: kinetic energy t = 0.000518611, t' = -1.72675e-06
	                                           effective interaction Vq = [    -14.45,      -7.2, -0.145698,      -7.2,      -7.2,     -2.45,-0.0118937,     -2.45, -0.145698,-0.0118937,-0.0267609,-0.0118937,      -7.2,     -2.45,-0.0118937,     -2.45]
	PARPACK diagonalization completed after 30 matrix-vector product operations.
	iteration results: : total energy is -172.500001 | electron energy -172.500001 + phonon energy 0.000000 | electron momentum kIdx = 10
The 6-th iteration is completed.	|| time cost : 0h 0m 9.622s
********************************************************************************************************************
Start the 7 rounds of NGS-ED iteration
	effective electronic model is modified as: kinetic energy t = 0.000518597, t' = -1.72668e-06
	                                           effective interaction Vq = [    -14.45,      -7.2, -0.146659,      -7.2,      -7.2,     -2.45,-0.0119722,     -2.45, -0.146659,-0.0119722,-0.0269374,-0.0119722,      -7.2,     -2.45,-0.0119722,     -2.45]
	PARPACK diagonalization completed after 30 matrix-vector product operations.
	iteration results: : total energy is -172.500001 | electron energy -172.500001 + phonon energy 0.000000 | electron momentum kIdx = 10
The 7-th iteration is completed.	|| time cost : 0h 0m 9.65s
********************************************************************************************************************
Start the 8 rounds of NGS-ED iteration
	effective electronic model is modified as: kinetic energy t = 0.000518597, t' = -1.72668e-06
	                                           effective interaction Vq = [    -14.45,      -7.2, -0.146664,      -7.2,      -7.2,     -2.45,-0.0119726,     -2.45, -0.146664,-0.0119726,-0.0269384,-0.0119726,      -7.2,     -2.45,-0.0119726,     -2.45]
	PARPACK diagonalization completed after 30 matrix-vector product operations.
	iteration results: : total energy is -172.500001 | electron energy -172.500001 + phonon energy 0.000000 | electron momentum kIdx = 10
The 8-th iteration is completed.	|| time cost : 0h 0m 9.61s
********************************************************************************************************************
Start the 9 rounds of NGS-ED iteration
	effective electronic model is modified as: kinetic energy t = 0.000518597, t' = -1.72668e-06
	                                           effective interaction Vq = [    -14.45,      -7.2, -0.146664,      -7.2,      -7.2,     -2.45,-0.0119726,     -2.45, -0.146664,-0.0119726,-0.0269384,-0.0119726,      -7.2,     -2.45,-0.0119726,     -2.45]
	PARPACK diagonalization completed after 30 matrix-vector product operations.
	iteration results: : total energy is -172.500001 | electron energy -172.500001 + phonon energy 0.000000 | electron momentum kIdx = 10
	Nq(0) = 9,	Nq(1) = 2.5,	Nq(2) = 1.63303e-08,	Nq(3) = 2.5,	Nq(4) = 2.5,	Nq(5) = 0.25,	
	Nq(6) = 2.44952e-08,	Nq(7) = 0.25,	Nq(8) = 1.63303e-08,	Nq(9) = 2.44952e-08,	Nq(10) = 3.26601e-08,	
	Nq(11) = 2.44952e-08,	Nq(12) = 2.5,	Nq(13) = 0.25,	Nq(14) = 2.44952e-08,	Nq(15) = 0.25;	
	Sq(0) = 3.37395e-20,	Sq(1) = 8.16516e-09,	Sq(2) = 1.63303e-08,	Sq(3) = 8.16516e-09,	Sq(4) = 8.16516e-09,	
	Sq(5) = 0.25,	Sq(6) = 0.5,	Sq(7) = 0.25,	Sq(8) = 1.63303e-08,	Sq(9) = 0.5,	
	Sq(10) = 1,	Sq(11) = 0.5,	Sq(12) = 8.16516e-09,	Sq(13) = 0.25,	Sq(14) = 0.5,	
	Sq(15) = 0.25;	N(0) = 0.7502,	N(1) = 0.7501,	N(2) = 0.750001,	N(3) = 0.7501,	
	N(4) = 0.7501,	N(5) = 0.75,	N(6) = 0.7499,	N(7) = 0.75,	N(8) = 0.750001,	
	N(9) = 0.7499,	N(10) = 0.749798,	N(11) = 0.7499,	N(12) = 0.7501,	N(13) = 0.75,	
	N(14) = 0.7499,	N(15) = 0.75;	Delta[s](0) = 0.25,	Delta[s](1) = 0.25,	Delta[s](2) = 0.25,	
	Delta[s](3) = 0.25,	Delta[s](4) = 0.25,	Delta[s](5) = 0.25,	Delta[s](6) = 0.25,	Delta[s](7) = 0.25,	
	Delta[s](8) = 0.25,	Delta[s](9) = 0.25,	Delta[s](10) = 0.25,	Delta[s](11) = 0.25,	Delta[s](12) = 0.25,	
	Delta[s](13) = 0.25,	Delta[s](14) = 0.25,	Delta[s](15) = 0.25;	Delta[d](0) = 0.25,	Delta[d](1) = 0.25,	
	Delta[d](2) = 0.25,	Delta[d](3) = 0.25,	Delta[d](4) = 0.25,	Delta[d](5) = 0.25,	Delta[d](6) = 0.25,	
	Delta[d](7) = 0.25,	Delta[d](8) = 0.25,	Delta[d](9) = 0.25,	Delta[d](10) = 0.25,	Delta[d](11) = 0.25,	
	Delta[d](12) = 0.25,	Delta[d](13) = 0.25,	Delta[d](14) = 0.25,	Delta[d](15) = 0.25;	Delta[s+](0) = 0.25,	
	Delta[s+](1) = 0.25,	Delta[s+](2) = 0.25,	Delta[s+](3) = 0.25,	Delta[s+](4) = 0.25,	Delta[s+](5) = 0.25,	
	Delta[s+](6) = 0.25,	Delta[s+](7) = 0.25,	Delta[s+](8) = 0.25,	Delta[s+](9) = 0.25,	Delta[s+](10) = 0.25,	
	Delta[s+](11) = 0.25,	Delta[s+](12) = 0.25,	Delta[s+](13) = 0.25,	Delta[s+](14) = 0.25,	Delta[s+](15) = 0.25
	
The 9-th iteration is completed.	|| time cost : 0h 1m 21.274s
********************************************************************************************************************
********************************************************************************************************************
Ground state is obtained after 10 iterations. The current ground-state energy is -172.5, in which electron energy is -172.5 and phonon energy is 1.02927e-10
Final variational state is: 
	Gamma_x = [      1,1.00002,      1,1.00002,1.00002,1.00001,      1,1.00001,      1,      1,      1,      1,1.00002,1.00001,      1,1.00001]
	lambda_q = [       8.5,         6,  0.106377,         6,         6,   3.49999, 0.0303935,   3.49999,  0.106377, 0.0303935,-0.0455902, 0.0303935,         6,   3.49999, 0.0303935,   3.49999]
Effective e-e interactions mediated by phonons are:
	momentum-space Vq = [    -14.45,      -7.2, -0.146664,      -7.2,      -7.2,     -2.45,-0.0119726,     -2.45, -0.146664,-0.0119726,-0.0269384,-0.0119726,      -7.2,     -2.45,-0.0119726,     -2.45]
	real-space Vr = [   -3.33863,   -1.79994,  -0.310642,   -1.79994,   -1.79994,  -0.886476,-0.00293793,  -0.886476,  -0.310642,-0.00293793,   0.267351,-0.00293793,   -1.79994,  -0.886476,-0.00293793,  -0.886476]
********************************************************************************************************************
o___o  ----------------------------------------
| L |	Time since last clock: 0h 0m 0.007s
A===A	Time since the beginning: 0h 6m 4.419s
***********************************************


Non-Gaussina ED ground state calculation is completed. The final ground-state energy is -172.5
********************************************************************************************************************
o___o  ----------------------------------------
| L |	Time since last clock: 0h 0m 0.002s
A===A	Time since the beginning: 0h 6m 4.422s
***********************************************



********************************************************************************************************************
All non-Gaussian ED ground state calculations have been completed. Exit now.
