SNEDics v3.22.2 Non-Gaussian ED ground state program		Start at Thu Feb  3 08:25:09 2022

Parallelization: 32 MPI threads  * 8 OpenMP threads = 256 total threads.
********************************************************************************************************************
********************************************************************************************************************

********************************************************************************************************************
System parameters and configurations
	special program options are enabled: splitted diagonal Hamiltonian | splitted Hamiltonian terms
********************************************************************************************************************
Read input file "model_params.in"
	Hubbard-Holstein model parameters : 	t = 1    t' = -0.1    U = 8    g = 1    W = 1    
********************************************************************************************************************
Read input file "hilbertspace_params.in"
	Requested 16-site 2D lattice, with 8 electrons (4, 4)
	Boundary : Periodic		Hilbert space representation : momentum-space (restricted to kIdx = 10)
	Conservation: particle number[U(1)]      spin[U(1)]     momentum
********************************************************************************************************************

Cluster Positions:				Cluster symmetry group : D4
 x ... x ... x ... x .....                       x ... x ... x ... x .....
 |           |           :                       |           |           :
 |           |           :                       |           |           :
12    13    14    15     x                       1     5     6     5     x
 |           |           :                       |           |           :
 |           |           :                       |           |           :
 8 --- 9 ---10 ---11 --- x                       2 --- 6 ---10 --- 6 --- x
 |           |           :                       |           |           :
 |           |           :                       |           |           :
 4     5     6     7     x                       1     5     6     5     x
 |           |           :                       |           |           :
 |           |           :                       |           |           :
 0 --- 1 --- 2 --- 3 --- x                       0 --- 1 --- 2 --- 1 --- x
orbital number : 1
********************************************************************************************************************
Read input file "obs_params.in"
	Observable Type : Nq(All),   Sq(All),   N(All-Orbital),   Delta[s](All),   Delta[d](All),   Delta[s+](All)
** WARNING ** the input observables have non-local factors which have been reinterpreted. The total observable number is 96
********************************************************************************************************************


********************************************************************************************************************
Start calculating the non-Gaussian ED ground state
Maximal iteration number is 1000; energy resolution is 1e-06. Phonon state relaxation time is 2000
W = 1 is relatively large. The non-Gaussian ED calculation starts directly.
open output files: NGSED_iteration_observables.txt
********************************************************************************************************************
Start the 0 rounds of NGS-ED iteration
	effective electronic model is modified as: kinetic energy t = 1, t' = -0.1
	                                           effective interaction Vq = [0,0,0,0,0,0,0,0,0,0,0,0,0,0,0,0]
	first Hamiltonian is constructed, size = 207168 and non-zero numbers = 32240256
	PARPACK diagonalization completed after 120 matrix-vector product operations.
	iteration results: : total energy is -14.272059 | electron energy -14.272059 + phonon energy 0.000000 | electron momentum kIdx = 10
	Nq(0) = 4,	Nq(1) = 0.196728,	Nq(2) = 0.234506,	Nq(3) = 0.196728,	Nq(4) = 0.196728,	Nq(5) = 0.309534,	
	Nq(6) = 0.332207,	Nq(7) = 0.309534,	Nq(8) = 0.234506,	Nq(9) = 0.332207,	Nq(10) = 0.355196,	
	Nq(11) = 0.332207,	Nq(12) = 0.196728,	Nq(13) = 0.309534,	Nq(14) = 0.332207,	Nq(15) = 0.309534;	
	Sq(0) = 1.38758e-18,	Sq(1) = 0.389327,	Sq(2) = 0.399178,	Sq(3) = 0.389327,	Sq(4) = 0.389327,	
	Sq(5) = 0.654587,	Sq(6) = 0.575543,	Sq(7) = 0.654587,	Sq(8) = 0.399178,	Sq(9) = 0.575543,	
	Sq(10) = 0.545731,	Sq(11) = 0.575543,	Sq(12) = 0.389327,	Sq(13) = 0.654587,	Sq(14) = 0.575543,	
	Sq(15) = 0.654587;	N(0) = 1.78742,	N(1) = 0.993113,	N(2) = 0.970911,	N(3) = 0.993113,	
	N(4) = 0.993113,	N(5) = 0.0551334,	N(6) = 0.0177303,	N(7) = 0.0551334,	N(8) = 0.970911,	
	N(9) = 0.0177303,	N(10) = 0.0068477,	N(11) = 0.0177303,	N(12) = 0.993113,	N(13) = 0.0551334,	
	N(14) = 0.0177303,	N(15) = 0.0551334;	Delta[s](0) = 0.0150782,	Delta[s](1) = 0.0113467,	Delta[s](2) = 0.00856325,	
	Delta[s](3) = 0.0113467,	Delta[s](4) = 0.0113467,	Delta[s](5) = 0.00148763,	Delta[s](6) = 0.00115923,	Delta[s](7) = 0.00148763,	
	Delta[s](8) = 0.00856325,	Delta[s](9) = 0.00115923,	Delta[s](10) = 0.00086244,	Delta[s](11) = 0.00115923,	Delta[s](12) = 0.0113467,	
	Delta[s](13) = 0.00148763,	Delta[s](14) = 0.00115923,	Delta[s](15) = 0.00148763;	Delta[d](0) = 0.0167873,	Delta[d](1) = 0.0594489,	
	Delta[d](2) = 0.125504,	Delta[d](3) = 0.0594489,	Delta[d](4) = 0.0594489,	Delta[d](5) = 0.0785312,	Delta[d](6) = 0.158175,	
	Delta[d](7) = 0.0785312,	Delta[d](8) = 0.125504,	Delta[d](9) = 0.158175,	Delta[d](10) = 0.271513,	Delta[d](11) = 0.158175,	
	Delta[d](12) = 0.0594489,	Delta[d](13) = 0.0785312,	Delta[d](14) = 0.158175,	Delta[d](15) = 0.0785312;	Delta[s+](0) = 0.223932,	
	Delta[s+](1) = 0.155173,	Delta[s+](2) = 0.125504,	Delta[s+](3) = 0.155173,	Delta[s+](4) = 0.155173,	Delta[s+](5) = 0.0130337,	
	Delta[s+](6) = 0.0241559,	Delta[s+](7) = 0.0130337,	Delta[s+](8) = 0.125504,	Delta[s+](9) = 0.0241559,	Delta[s+](10) = 0.00666067,	
	Delta[s+](11) = 0.0241559,	Delta[s+](12) = 0.155173,	Delta[s+](13) = 0.0130337,	Delta[s+](14) = 0.0241559,	Delta[s+](15) = 0.0130337
	
The 0-th iteration is completed.	|| time cost : 0h 0m 5.028s
********************************************************************************************************************
Start the 1 rounds of NGS-ED iteration
	effective electronic model is modified as: kinetic energy t = 0.946116, t' = -0.0937896
	                                           effective interaction Vq = [       -1,-0.544807,-0.395223,-0.544807,-0.544807,-0.486906,-0.389966,-0.486906,-0.395223,-0.389966, -0.33221,-0.389966,-0.544807,-0.486906,-0.389966,-0.486906]
	PARPACK diagonalization completed after 30 matrix-vector product operations.
	iteration results: : total energy is -19.279051 | electron energy -19.321218 + phonon energy 0.042167 | electron momentum kIdx = 10
The 1-th iteration is completed.	|| time cost : 0h 0m 3.59s
********************************************************************************************************************
Start the 2 rounds of NGS-ED iteration
	effective electronic model is modified as: kinetic energy t = 0.946062, t' = -0.0937412
	                                           effective interaction Vq = [       -1,-0.550969,-0.392435,-0.550969,-0.550969,-0.490357,-0.386567,-0.490357,-0.392435,-0.386567,-0.326234,-0.386567,-0.550969,-0.490357,-0.386567,-0.490357]
	PARPACK diagonalization completed after 30 matrix-vector product operations.
	iteration results: : total energy is -19.279177 | electron energy -19.321810 + phonon energy 0.042633 | electron momentum kIdx = 10
The 2-th iteration is completed.	|| time cost : 0h 0m 0.913s
********************************************************************************************************************
Start the 3 rounds of NGS-ED iteration
	effective electronic model is modified as: kinetic energy t = 0.946058, t' = -0.0937384
	                                           effective interaction Vq = [       -1,-0.551277,-0.392331,-0.551277,-0.551277,-0.490569,-0.386344,-0.490569,-0.392331,-0.386344,-0.325964,-0.386344,-0.551277,-0.490569,-0.386344,-0.490569]
	PARPACK diagonalization completed after 30 matrix-vector product operations.
	iteration results: : total energy is -19.279178 | electron energy -19.321821 + phonon energy 0.042643 | electron momentum kIdx = 10
The 3-th iteration is completed.	|| time cost : 0h 0m 0.945s
********************************************************************************************************************
Start the 4 rounds of NGS-ED iteration
	effective electronic model is modified as: kinetic energy t = 0.946058, t' = -0.0937383
	                                           effective interaction Vq = [       -1,-0.551292,-0.392327,-0.551292,-0.551292,-0.490582,-0.386329,-0.490582,-0.392327,-0.386329,-0.325952,-0.386329,-0.551292,-0.490582,-0.386329,-0.490582]
	PARPACK diagonalization completed after 30 matrix-vector product operations.
	iteration results: : total energy is -19.279178 | electron energy -19.321821 + phonon energy 0.042644 | electron momentum kIdx = 10
The 4-th iteration is completed.	|| time cost : 0h 0m 0.916s
********************************************************************************************************************
Start the 5 rounds of NGS-ED iteration
	effective electronic model is modified as: kinetic energy t = 0.946058, t' = -0.0937383
	                                           effective interaction Vq = [       -1,-0.551293,-0.392327,-0.551293,-0.551293,-0.490583,-0.386328,-0.490583,-0.392327,-0.386328,-0.325951,-0.386328,-0.551293,-0.490583,-0.386328,-0.490583]
	PARPACK diagonalization completed after 30 matrix-vector product operations.
	iteration results: : total energy is -19.279178 | electron energy -19.321821 + phonon energy 0.042644 | electron momentum kIdx = 10
The 5-th iteration is completed.	|| time cost : 0h 0m 0.851s
********************************************************************************************************************
Start the 6 rounds of NGS-ED iteration
	effective electronic model is modified as: kinetic energy t = 0.946058, t' = -0.0937383
	                                           effective interaction Vq = [       -1,-0.551293,-0.392327,-0.551293,-0.551293,-0.490583,-0.386328,-0.490583,-0.392327,-0.386328,-0.325951,-0.386328,-0.551293,-0.490583,-0.386328,-0.490583]
	PARPACK diagonalization completed after 30 matrix-vector product operations.
	iteration results: : total energy is -19.279178 | electron energy -19.321821 + phonon energy 0.042644 | electron momentum kIdx = 10
	Nq(0) = 4,	Nq(1) = 0.201373,	Nq(2) = 0.233172,	Nq(3) = 0.201373,	Nq(4) = 0.201373,	Nq(5) = 0.314091,	
	Nq(6) = 0.329783,	Nq(7) = 0.314091,	Nq(8) = 0.233172,	Nq(9) = 0.329783,	Nq(10) = 0.349078,	
	Nq(11) = 0.329783,	Nq(12) = 0.201373,	Nq(13) = 0.314091,	Nq(14) = 0.329783,	Nq(15) = 0.314091;	
	Sq(0) = -2.02569e-18,	Sq(1) = 0.389672,	Sq(2) = 0.398442,	Sq(3) = 0.389672,	Sq(4) = 0.389672,	
	Sq(5) = 0.647231,	Sq(6) = 0.577241,	Sq(7) = 0.647231,	Sq(8) = 0.398442,	Sq(9) = 0.577241,	
	Sq(10) = 0.550127,	Sq(11) = 0.577241,	Sq(12) = 0.389672,	Sq(13) = 0.647231,	Sq(14) = 0.577241,	
	Sq(15) = 0.647231;	N(0) = 1.8055,	N(1) = 0.993004,	N(2) = 0.973377,	N(3) = 0.993004,	
	N(4) = 0.993004,	N(5) = 0.0499491,	N(6) = 0.0171654,	N(7) = 0.0499491,	N(8) = 0.973377,	
	N(9) = 0.0171654,	N(10) = 0.00727939,	N(11) = 0.0171654,	N(12) = 0.993004,	N(13) = 0.0499491,	
	N(14) = 0.0171654,	N(15) = 0.0499491;	Delta[s](0) = 0.0164032,	Delta[s](1) = 0.0125394,	Delta[s](2) = 0.00956815,	
	Delta[s](3) = 0.0125394,	Delta[s](4) = 0.0125394,	Delta[s](5) = 0.0016247,	Delta[s](6) = 0.00126877,	Delta[s](7) = 0.0016247,	
	Delta[s](8) = 0.00956815,	Delta[s](9) = 0.00126877,	Delta[s](10) = 0.000934598,	Delta[s](11) = 0.00126877,	Delta[s](12) = 0.0125394,	
	Delta[s](13) = 0.0016247,	Delta[s](14) = 0.00126877,	Delta[s](15) = 0.0016247;	Delta[d](0) = 0.0159061,	Delta[d](1) = 0.0593245,	
	Delta[d](2) = 0.126523,	Delta[d](3) = 0.0593245,	Delta[d](4) = 0.0593245,	Delta[d](5) = 0.0786418,	Delta[d](6) = 0.15909,	
	Delta[d](7) = 0.0786418,	Delta[d](8) = 0.126523,	Delta[d](9) = 0.15909,	Delta[d](10) = 0.272404,	Delta[d](11) = 0.15909,	
	Delta[d](12) = 0.0593245,	Delta[d](13) = 0.0786418,	Delta[d](14) = 0.15909,	Delta[d](15) = 0.0786418;	Delta[s+](0) = 0.227812,	
	Delta[s+](1) = 0.15812,	Delta[s+](2) = 0.126523,	Delta[s+](3) = 0.15812,	Delta[s+](4) = 0.15812,	Delta[s+](5) = 0.01273,	
	Delta[s+](6) = 0.0240416,	Delta[s+](7) = 0.01273,	Delta[s+](8) = 0.126523,	Delta[s+](9) = 0.0240416,	Delta[s+](10) = 0.00664456,	
	Delta[s+](11) = 0.0240416,	Delta[s+](12) = 0.15812,	Delta[s+](13) = 0.01273,	Delta[s+](14) = 0.0240416,	Delta[s+](15) = 0.01273
	
The 6-th iteration is completed.	|| time cost : 0h 0m 3.131s
********************************************************************************************************************
********************************************************************************************************************
Ground state is obtained after 7 iterations. The current ground-state energy is -19.2792, in which electron energy is -19.3218 and phonon energy is 0.0426436
Final variational state is: 
	Gamma_x = [      1,1.09303,1.08335,1.09303,1.09303,1.13655,1.11817,1.13655,1.08335,1.11817,1.10785,1.11817,1.09303,1.13655,1.11817,1.13655]
	lambda_q = [       1,0.330144,0.220466,0.330144,0.330144,0.286266,0.216628,0.286266,0.220466,0.216628,0.178995,0.216628,0.330144,0.286266,0.216628,0.286266]
Effective e-e interactions mediated by phonons are:
	momentum-space Vq = [       -1,-0.551293,-0.392327,-0.551293,-0.551293,-0.490583,-0.386328,-0.490583,-0.392327,-0.386328,-0.325951,-0.386328,-0.551293,-0.490583,-0.386328,-0.490583]
	real-space Vr = [  -0.488964, -0.0627486,-0.00926691, -0.0627486, -0.0627486, -0.0338311, -0.0215075, -0.0338311,-0.00926691, -0.0215075, -0.0201534, -0.0215075, -0.0627486, -0.0338311, -0.0215075, -0.0338311]
********************************************************************************************************************
o___o  ----------------------------------------
| L |	Time since last clock: 0h 0m 0.009s
A===A	Time since the beginning: 0h 0m 15.388s
***********************************************


Non-Gaussina ED ground state calculation is completed. The final ground-state energy is -19.2792
********************************************************************************************************************
o___o  ----------------------------------------
| L |	Time since last clock: 0h 0m 0.002s
A===A	Time since the beginning: 0h 0m 15.391s
***********************************************



********************************************************************************************************************
All non-Gaussian ED ground state calculations have been completed. Exit now.
