SNEDics v3.4 Non-Gaussian ED ground state program		Start at Tue Oct  1 23:13:01 2019

parallized on 16 MPI threads  * 8 OpenMP threads = 128 total threads.
********************************************************************************************************************
********************************************************************************************************************

********************************************************************************************************************
System parameters and configurations
********************************************************************************************************************
Special program options are enabled: splitted diagonal Hamiltonian
********************************************************************************************************************
Read input file "model_params.in"
	Hubbard-Holstein model parameters : 	t = 1    U = 4.4    g = 3.6742    W = 5    
********************************************************************************************************************
Read input file "hilbertspace_params.in"
	Requested 16-site 2D lattice, with 16 electrons (8, 8)
	Boundary : Periodic		Hilbert space representation : momentum-space (restricted to kIdx = 10)
	Conservation: particle number[U(1)]      spin[U(1)]     momentum
********************************************************************************************************************

Cluster Positions:				Cluster symmetry group : D4
 x ... x ... x ... x .....                       x ... x ... x ... x .....
 |           |           :                       |           |           :
 |           |           :                       |           |           :
12    13    14    15     x                       1     5     6     5     x
 |           |           :                       |           |           :
 |           |           :                       |           |           :
 8 --- 9 ---10 ---11 --- x                       2 --- 6 ---10 --- 6 --- x
 |           |           :                       |           |           :
 |           |           :                       |           |           :
 4     5     6     7     x                       1     5     6     5     x
 |           |           :                       |           |           :
 |           |           :                       |           |           :
 0 --- 1 --- 2 --- 3 --- x                       0 --- 1 --- 2 --- 1 --- x
orbital number : 1
********************************************************************************************************************
Read input file "obs_params.in"
	Observable Type : Nq(All),   Sq(All),   N(All),   Delta[s](All),   Delta[d](All),   Delta[s+](All)
********************************************************************************************************************
** WARNING ** the input observables have non-local factors which have been reinterpreted. The total observable number is 96
********************************************************************************************************************


********************************************************************************************************************
Start calculating the non-Gaussian ED ground state
** WARNING ** Detected low phonon energy W < 10. The initial state will be prepared through a warm-up process.
********************************************************************************************************************
Start warm-up calculation for scaling factor 2
open output files: NGSEDWarmUpW10Obs.txt
********************************************************************************************************************
Start the 0 rounds of NGS-ED iteration
	effective electronic model is modified as: kinetic energy t = 1
	                                           effective interaction Vq = [-0,-0,-0,-0,-0,-0,-0,-0,-0,-0,-0,-0,-0,-0,-0,-0]
	first Hamiltonian is constructed, non-zero numbers = 2845334624
	PARPACK diagonalization completed after 90 matrix-vector product operations.
	iteration results: : total energy is -12.751540 | electron energy -12.751540 + phonon energy 0.000000 | electron momentum kIdx = 10
	Nq(0) = 16,	Nq(1) = 0.149789,	Nq(2) = 0.220717,	Nq(3) = 0.149789,	Nq(4) = 0.149789,	Nq(5) = 0.220717,	Nq(6) = 0.30034,	Nq(7) = 0.220717,	Nq(8) = 0.220717,	Nq(9) = 0.30034,	Nq(10) = 0.36247,	Nq(11) = 0.30034,	Nq(12) = 0.149789,	Nq(13) = 0.220717,	Nq(14) = 0.30034,	Nq(15) = 0.220717,	Sq(0) = 3.30073e-20,	Sq(1) = 0.305051,	Sq(2) = 0.416848,	Sq(3) = 0.305051,	Sq(4) = 0.305051,	Sq(5) = 0.416848,	Sq(6) = 0.62502,	Sq(7) = 0.416848,	Sq(8) = 0.416848,	Sq(9) = 0.62502,	Sq(10) = 6.29134,	Sq(11) = 0.62502,	Sq(12) = 0.305051,	Sq(13) = 0.416848,	Sq(14) = 0.62502,	Sq(15) = 0.416848,	N(0) = 1.91834,	N(1) = 1.8173,	N(2) = 1,	N(3) = 1.8173,	N(4) = 1.8173,	N(5) = 1,	N(6) = 0.182697,	N(7) = 1,	N(8) = 1,	N(9) = 0.182697,	N(10) = 0.0816587,	N(11) = 0.182697,	N(12) = 1.8173,	N(13) = 1,	N(14) = 0.182697,	N(15) = 1,	Delta[s](0) = 0.163979,	Delta[s](1) = 0.140289,	Delta[s](2) = 0.110033,	Delta[s](3) = 0.140289,	Delta[s](4) = 0.140289,	Delta[s](5) = 0.110033,	Delta[s](6) = 0.0829966,	Delta[s](7) = 0.110033,	Delta[s](8) = 0.110033,	Delta[s](9) = 0.0829966,	Delta[s](10) = 0.0263288,	Delta[s](11) = 0.0829966,	Delta[s](12) = 0.140289,	Delta[s](13) = 0.110033,	Delta[s](14) = 0.0829966,	Delta[s](15) = 0.110033,	Delta[d](0) = 0.520686,	Delta[d](1) = 0.394876,	Delta[d](2) = 0.333159,	Delta[d](3) = 0.394876,	Delta[d](4) = 0.394876,	Delta[d](5) = 0.378449,	Delta[d](6) = 0.309049,	Delta[d](7) = 0.378449,	Delta[d](8) = 0.333159,	Delta[d](9) = 0.309049,	Delta[d](10) = 0.249926,	Delta[d](11) = 0.309049,	Delta[d](12) = 0.394876,	Delta[d](13) = 0.378449,	Delta[d](14) = 0.309049,	Delta[d](15) = 0.378449,	Delta[s+](0) = 0.589079,	Delta[s+](1) = 0.484268,	Delta[s+](2) = 0.333159,	Delta[s+](3) = 0.484268,	Delta[s+](4) = 0.484268,	Delta[s+](5) = 0.333159,	Delta[s+](6) = 0.186964,	Delta[s+](7) = 0.333159,	Delta[s+](8) = 0.333159,	Delta[s+](9) = 0.186964,	Delta[s+](10) = 0.0717276,	Delta[s+](11) = 0.186964,	Delta[s+](12) = 0.484268,	Delta[s+](13) = 0.333159,	Delta[s+](14) = 0.186964,	Delta[s+](15) = 0.333159
The 0-th iteration is completed.	|| time cost : 0h 8m 22.802s
********************************************************************************************************************
Start the 1 rounds of NGS-ED iteration
	effective electronic model is modified as: kinetic energy t = 0.933763
	                                           effective interaction Vq = [-2.33455,-2.12252,-2.04982,-2.12252,-2.12252,-2.04982,-2.02308,-2.04982,-2.04982,-2.02308,-1.99305,-2.02308,-2.12252,-2.04982,-2.02308,-2.04982]
	PARPACK diagonalization completed after 45 matrix-vector product operations.
	iteration results: : total energy is -58.753989 | electron energy -58.758121 + phonon energy 0.004132 | electron momentum kIdx = 10
The 1-th iteration is completed.	|| time cost : 0h 7m 28.961s
********************************************************************************************************************
Start the 2 rounds of NGS-ED iteration
	effective electronic model is modified as: kinetic energy t = 0.883531
	                                           effective interaction Vq = [ -2.6505, -2.5337,-2.42225, -2.5337, -2.5337,-2.42225,-2.43466,-2.42225,-2.42225,-2.43466,-2.37162,-2.43466, -2.5337,-2.42225,-2.43466,-2.42225]
	PARPACK diagonalization completed after 45 matrix-vector product operations.
	iteration results: : total energy is -65.658615 | electron energy -65.692410 + phonon energy 0.033795 | electron momentum kIdx = 10
The 2-th iteration is completed.	|| time cost : 0h 0m 32.328s
********************************************************************************************************************
Start the 3 rounds of NGS-ED iteration
	effective electronic model is modified as: kinetic energy t = 0.85678
	                                           effective interaction Vq = [-2.69326,-2.62189,-2.58329,-2.62189,-2.62189,-2.58329,-2.53803,-2.58329,-2.58329,-2.53803,-2.46689,-2.53803,-2.62189,-2.58329,-2.53803,-2.58329]
	PARPACK diagonalization completed after 30 matrix-vector product operations.
	iteration results: : total energy is -66.794178 | electron energy -66.856497 + phonon energy 0.062319 | electron momentum kIdx = 10
The 3-th iteration is completed.	|| time cost : 0h 0m 27.649s
********************************************************************************************************************
Start the 4 rounds of NGS-ED iteration
	effective electronic model is modified as: kinetic energy t = 0.847275
	                                           effective interaction Vq = [-2.69904, -2.6439,-2.62387, -2.6439, -2.6439,-2.62387,-2.56685,-2.62387,-2.62387,-2.56685,-2.49454,-2.56685, -2.6439,-2.62387,-2.56685,-2.62387]
	PARPACK diagonalization completed after 30 matrix-vector product operations.
	iteration results: : total energy is -66.942135 | electron energy -67.019417 + phonon energy 0.077282 | electron momentum kIdx = 10
The 4-th iteration is completed.	|| time cost : 0h 0m 27.398s
********************************************************************************************************************
Start the 5 rounds of NGS-ED iteration
	effective electronic model is modified as: kinetic energy t = 0.844011
	                                           effective interaction Vq = [-2.69983,-2.65041,-2.63589,-2.65041,-2.65041,-2.63589,-2.57591,-2.63589,-2.63589,-2.57591,-2.50338,-2.57591,-2.65041,-2.63589,-2.57591,-2.63589]
	PARPACK diagonalization completed after 30 matrix-vector product operations.
	iteration results: : total energy is -66.961189 | electron energy -67.044412 + phonon energy 0.083222 | electron momentum kIdx = 10
The 5-th iteration is completed.	|| time cost : 0h 0m 27.379s
********************************************************************************************************************
Start the 6 rounds of NGS-ED iteration
	effective electronic model is modified as: kinetic energy t = 0.842902
	                                           effective interaction Vq = [-2.69993,-2.65248,-2.63976,-2.65248,-2.65248,-2.63976, -2.5789,-2.63976,-2.63976, -2.5789,-2.50632, -2.5789,-2.65248,-2.63976, -2.5789,-2.63976]
	PARPACK diagonalization completed after 105 matrix-vector product operations.
	iteration results: : total energy is -67.225652 | electron energy -67.311010 + phonon energy 0.085358 | electron momentum kIdx = 10
The 6-th iteration is completed.	|| time cost : 0h 0m 51.093s
********************************************************************************************************************
Start the 7 rounds of NGS-ED iteration
	effective electronic model is modified as: kinetic energy t = 0.840026
	                                           effective interaction Vq = [-2.69995,-2.65016,-2.64832,-2.65016,-2.65016,-2.64832, -2.5751,-2.64832,-2.64832, -2.5751,-2.57303, -2.5751,-2.65016,-2.64832, -2.5751,-2.64832]
	PARPACK diagonalization completed after 45 matrix-vector product operations.
	iteration results: : total energy is -67.245596 | electron energy -67.334058 + phonon energy 0.088462 | electron momentum kIdx = 10
The 7-th iteration is completed.	|| time cost : 0h 0m 32.045s
********************************************************************************************************************
Start the 8 rounds of NGS-ED iteration
	effective electronic model is modified as: kinetic energy t = 0.838892
	                                           effective interaction Vq = [-2.69995,-2.64947,-2.65069,-2.64947,-2.64947,-2.65069, -2.5739,-2.65069,-2.65069, -2.5739,-2.59852, -2.5739,-2.64947,-2.65069, -2.5739,-2.65069]
	PARPACK diagonalization completed after 45 matrix-vector product operations.
	iteration results: : total energy is -67.249964 | electron energy -67.340704 + phonon energy 0.090739 | electron momentum kIdx = 10
The 8-th iteration is completed.	|| time cost : 0h 0m 32.116s
********************************************************************************************************************
Start the 9 rounds of NGS-ED iteration
	effective electronic model is modified as: kinetic energy t = 0.838283
	                                           effective interaction Vq = [-2.69995,-2.64946,-2.65054,-2.64946,-2.64946,-2.65054,-2.57385,-2.65054,-2.65054,-2.57385,-2.61502,-2.57385,-2.64946,-2.65054,-2.57385,-2.65054]
	PARPACK diagonalization completed after 45 matrix-vector product operations.
	iteration results: : total energy is -67.253588 | electron energy -67.345657 + phonon energy 0.092068 | electron momentum kIdx = 10
The 9-th iteration is completed.	|| time cost : 0h 0m 32.092s
********************************************************************************************************************
Start the 10 rounds of NGS-ED iteration
	effective electronic model is modified as: kinetic energy t = 0.837756
	                                           effective interaction Vq = [-2.69995,-2.64984,-2.64674,-2.64984,-2.64984,-2.64674,-2.57452,-2.64674,-2.64674,-2.57452,-2.63937,-2.57452,-2.64984,-2.64674,-2.57452,-2.64674]
	PARPACK diagonalization completed after 45 matrix-vector product operations.
	iteration results: : total energy is -67.287697 | electron energy -67.381066 + phonon energy 0.093369 | electron momentum kIdx = 10
	Nq(0) = 16,	Nq(1) = 0.375887,	Nq(2) = 0.436049,	Nq(3) = 0.375887,	Nq(4) = 0.375887,	Nq(5) = 0.436049,	Nq(6) = 0.633954,	Nq(7) = 0.436049,	Nq(8) = 0.436049,	Nq(9) = 0.633954,	Nq(10) = 3.34772,	Nq(11) = 0.633954,	Nq(12) = 0.375887,	Nq(13) = 0.436049,	Nq(14) = 0.633954,	Nq(15) = 0.436049,	Sq(0) = 5.64063e-19,	Sq(1) = 0.305753,	Sq(2) = 0.346905,	Sq(3) = 0.305753,	Sq(4) = 0.305753,	Sq(5) = 0.346905,	Sq(6) = 0.529701,	Sq(7) = 0.346905,	Sq(8) = 0.346905,	Sq(9) = 0.529701,	Sq(10) = 0.573377,	Sq(11) = 0.529701,	Sq(12) = 0.305753,	Sq(13) = 0.346905,	Sq(14) = 0.529701,	Sq(15) = 0.346905,	N(0) = 1.9956,	N(1) = 1.98802,	N(2) = 1,	N(3) = 1.98802,	N(4) = 1.98802,	N(5) = 1,	N(6) = 0.0119754,	N(7) = 1,	N(8) = 1,	N(9) = 0.0119754,	N(10) = 0.00440393,	N(11) = 0.0119754,	N(12) = 1.98802,	N(13) = 1,	N(14) = 0.0119754,	N(15) = 1,	Delta[s](0) = 0.523769,	Delta[s](1) = 0.330227,	Delta[s](2) = 0.317472,	Delta[s](3) = 0.330227,	Delta[s](4) = 0.330227,	Delta[s](5) = 0.317472,	Delta[s](6) = 0.258083,	Delta[s](7) = 0.317472,	Delta[s](8) = 0.317472,	Delta[s](9) = 0.258083,	Delta[s](10) = 0.219843,	Delta[s](11) = 0.258083,	Delta[s](12) = 0.330227,	Delta[s](13) = 0.317472,	Delta[s](14) = 0.258083,	Delta[s](15) = 0.317472,	Delta[d](0) = 0.25276,	Delta[d](1) = 0.250907,	Delta[d](2) = 0.237973,	Delta[d](3) = 0.250907,	Delta[d](4) = 0.250907,	Delta[d](5) = 0.162752,	Delta[d](6) = 0.205912,	Delta[d](7) = 0.162752,	Delta[d](8) = 0.237973,	Delta[d](9) = 0.205912,	Delta[d](10) = 0.0727147,	Delta[d](11) = 0.205912,	Delta[d](12) = 0.250907,	Delta[d](13) = 0.162752,	Delta[d](14) = 0.205912,	Delta[d](15) = 0.162752,	Delta[s+](0) = 0.450895,	Delta[s+](1) = 0.364341,	Delta[s+](2) = 0.237973,	Delta[s+](3) = 0.364341,	Delta[s+](4) = 0.364341,	Delta[s+](5) = 0.237973,	Delta[s+](6) = 0.109736,	Delta[s+](7) = 0.237973,	Delta[s+](8) = 0.237973,	Delta[s+](9) = 0.109736,	Delta[s+](10) = 0.0335761,	Delta[s+](11) = 0.109736,	Delta[s+](12) = 0.364341,	Delta[s+](13) = 0.237973,	Delta[s+](14) = 0.109736,	Delta[s+](15) = 0.237973
The 10-th iteration is completed.	|| time cost : 0h 4m 28.373s
********************************************************************************************************************
Start the 11 rounds of NGS-ED iteration
	effective electronic model is modified as: kinetic energy t = 0.842821
	                                           effective interaction Vq = [-2.69995, -2.6481, -2.5969, -2.6481, -2.6481, -2.5969,-2.57227, -2.5969, -2.5969,-2.57227,-2.67787,-2.57227, -2.6481, -2.5969,-2.57227, -2.5969]
	PARPACK diagonalization completed after 30 matrix-vector product operations.
	iteration results: : total energy is -67.427693 | electron energy -67.520199 + phonon energy 0.092506 | electron momentum kIdx = 10
The 11-th iteration is completed.	|| time cost : 0h 0m 27.703s
********************************************************************************************************************
Start the 12 rounds of NGS-ED iteration
	effective electronic model is modified as: kinetic energy t = 0.84692
	                                           effective interaction Vq = [-2.69995,-2.64387,-2.55747,-2.64387,-2.64387,-2.55747,-2.56643,-2.55747,-2.55747,-2.56643,-2.68823,-2.56643,-2.64387,-2.55747,-2.56643,-2.55747]
	PARPACK diagonalization completed after 30 matrix-vector product operations.
	iteration results: : total energy is -67.458437 | electron energy -67.549311 + phonon energy 0.090873 | electron momentum kIdx = 10
The 12-th iteration is completed.	|| time cost : 0h 0m 27.638s
********************************************************************************************************************
Start the 13 rounds of NGS-ED iteration
	effective electronic model is modified as: kinetic energy t = 0.848397
	                                           effective interaction Vq = [-2.69995,-2.64139,  -2.543,-2.64139,-2.64139,  -2.543,-2.56316,  -2.543,  -2.543,-2.56316,-2.69108,-2.56316,-2.64139,  -2.543,-2.56316,  -2.543]
	PARPACK diagonalization completed after 30 matrix-vector product operations.
	iteration results: : total energy is -67.462133 | electron energy -67.552028 + phonon energy 0.089895 | electron momentum kIdx = 10
The 13-th iteration is completed.	|| time cost : 0h 0m 27.38s
********************************************************************************************************************
Start the 14 rounds of NGS-ED iteration
	effective electronic model is modified as: kinetic energy t = 0.848935
	                                           effective interaction Vq = [-2.69995,-2.64021,-2.53805,-2.64021,-2.64021,-2.53805,-2.56164,-2.53805,-2.53805,-2.56164,-2.69197,-2.56164,-2.64021,-2.53805,-2.56164,-2.53805]
	PARPACK diagonalization completed after 30 matrix-vector product operations.
	iteration results: : total energy is -67.462577 | electron energy -67.552050 + phonon energy 0.089473 | electron momentum kIdx = 10
The 14-th iteration is completed.	|| time cost : 0h 0m 27.646s
********************************************************************************************************************
Start the 15 rounds of NGS-ED iteration
	effective electronic model is modified as: kinetic energy t = 0.849133
	                                           effective interaction Vq = [-2.69995, -2.6397,-2.53638, -2.6397, -2.6397,-2.53638,-2.56098,-2.53638,-2.53638,-2.56098,-2.69226,-2.56098, -2.6397,-2.53638,-2.56098,-2.53638]
	PARPACK diagonalization completed after 30 matrix-vector product operations.
	iteration results: : total energy is -67.462631 | electron energy -67.551932 + phonon energy 0.089300 | electron momentum kIdx = 10
The 15-th iteration is completed.	|| time cost : 0h 0m 27.658s
********************************************************************************************************************
Start the 16 rounds of NGS-ED iteration
	effective electronic model is modified as: kinetic energy t = 0.849206
	                                           effective interaction Vq = [-2.69995,-2.63949,-2.53582,-2.63949,-2.63949,-2.53582,-2.56071,-2.53582,-2.53582,-2.56071,-2.69237,-2.56071,-2.63949,-2.53582,-2.56071,-2.53582]
	PARPACK diagonalization completed after 30 matrix-vector product operations.
	iteration results: : total energy is -67.462638 | electron energy -67.551869 + phonon energy 0.089231 | electron momentum kIdx = 10
	Nq(0) = 16,	Nq(1) = 0.348549,	Nq(2) = 0.370039,	Nq(3) = 0.348549,	Nq(4) = 0.348549,	Nq(5) = 0.370039,	Nq(6) = 0.605987,	Nq(7) = 0.370039,	Nq(8) = 0.370039,	Nq(9) = 0.605987,	Nq(10) = 4.04572,	Nq(11) = 0.605987,	Nq(12) = 0.348549,	Nq(13) = 0.370039,	Nq(14) = 0.605987,	Nq(15) = 0.370039,	Sq(0) = 6.70979e-18,	Sq(1) = 0.29704,	Sq(2) = 0.343392,	Sq(3) = 0.29704,	Sq(4) = 0.29704,	Sq(5) = 0.343392,	Sq(6) = 0.523216,	Sq(7) = 0.343392,	Sq(8) = 0.343392,	Sq(9) = 0.523216,	Sq(10) = 0.574534,	Sq(11) = 0.523216,	Sq(12) = 0.29704,	Sq(13) = 0.343392,	Sq(14) = 0.523216,	Sq(15) = 0.343392,	N(0) = 1.99434,	N(1) = 1.98422,	N(2) = 1,	N(3) = 1.98422,	N(4) = 1.98422,	N(5) = 1,	N(6) = 0.0157817,	N(7) = 1,	N(8) = 1,	N(9) = 0.0157817,	N(10) = 0.00566379,	N(11) = 0.0157817,	N(12) = 1.98422,	N(13) = 1,	N(14) = 0.0157817,	N(15) = 1,	Delta[s](0) = 0.451001,	Delta[s](1) = 0.335472,	Delta[s](2) = 0.325614,	Delta[s](3) = 0.335472,	Delta[s](4) = 0.335472,	Delta[s](5) = 0.325614,	Delta[s](6) = 0.263069,	Delta[s](7) = 0.325614,	Delta[s](8) = 0.325614,	Delta[s](9) = 0.263069,	Delta[s](10) = 0.243198,	Delta[s](11) = 0.263069,	Delta[s](12) = 0.335472,	Delta[s](13) = 0.325614,	Delta[s](14) = 0.263069,	Delta[s](15) = 0.325614,	Delta[d](0) = 0.235553,	Delta[d](1) = 0.238082,	Delta[d](2) = 0.231017,	Delta[d](3) = 0.238082,	Delta[d](4) = 0.238082,	Delta[d](5) = 0.145153,	Delta[d](6) = 0.192725,	Delta[d](7) = 0.145153,	Delta[d](8) = 0.231017,	Delta[d](9) = 0.192725,	Delta[d](10) = 0.0547021,	Delta[d](11) = 0.192725,	Delta[d](12) = 0.238082,	Delta[d](13) = 0.145153,	Delta[d](14) = 0.192725,	Delta[d](15) = 0.145153,	Delta[s+](0) = 0.449616,	Delta[s+](1) = 0.358467,	Delta[s+](2) = 0.231017,	Delta[s+](3) = 0.358467,	Delta[s+](4) = 0.358467,	Delta[s+](5) = 0.231017,	Delta[s+](6) = 0.102148,	Delta[s+](7) = 0.231017,	Delta[s+](8) = 0.231017,	Delta[s+](9) = 0.102148,	Delta[s+](10) = 0.0297261,	Delta[s+](11) = 0.102148,	Delta[s+](12) = 0.358467,	Delta[s+](13) = 0.231017,	Delta[s+](14) = 0.102148,	Delta[s+](15) = 0.231017
The 16-th iteration is completed.	|| time cost : 0h 4m 24.739s
********************************************************************************************************************
********************************************************************************************************************
Ground state is obtained after 17 iterations. The current ground-state energy is -67.4626, in which electron energy is -67.5519 and phonon energy is 0.0892312
final variational state is: 
	Gamma_x = [      1,1.02426,1.03784,1.02426,1.02426,1.03784,1.05912,1.03784,1.03784,1.05912,1.11522,1.05912,1.02426,1.03784,1.05912,1.03784]
	lambda_q = [ 0.51961,0.441797,0.391423,0.441797,0.441797,0.391423,0.401564,0.391423,0.391423,0.401564,0.492136,0.401564,0.441797,0.391423,0.401564,0.391423]
********************************************************************************************************************
o___o  ----------------------------------------
| L |	Time since last clock: 0h 0m 0s
A===A	Time since the beginning: 0h 31m 25.007s
***********************************************


********************************************************************************************************************
Warm up runs have been completed. Start calculating W = 5 phonon.
open output files: NGSEDIterationObs.txt
********************************************************************************************************************
Start the 0 rounds of NGS-ED iteration
	effective electronic model is modified as: kinetic energy t = 0.849233
	                                           effective interaction Vq = [-2.46833,-2.27058,-2.11027,-2.27058,-2.27058,-2.11027,-2.14459,-2.11027,-2.11027,-2.14459,-2.40542,-2.14459,-2.27058,-2.11027,-2.14459,-2.11027]
	PARPACK diagonalization completed after 45 matrix-vector product operations.
	iteration results: : total energy is -60.269925 | electron energy -60.314527 + phonon energy 0.044602 | electron momentum kIdx = 10
	Nq(0) = 16,	Nq(1) = 0.344907,	Nq(2) = 0.357791,	Nq(3) = 0.344907,	Nq(4) = 0.344907,	Nq(5) = 0.357791,	Nq(6) = 0.573307,	Nq(7) = 0.357791,	Nq(8) = 0.357791,	Nq(9) = 0.573307,	Nq(10) = 3.68366,	Nq(11) = 0.573307,	Nq(12) = 0.344907,	Nq(13) = 0.357791,	Nq(14) = 0.573307,	Nq(15) = 0.357791,	Sq(0) = -1.51307e-17,	Sq(1) = 0.335883,	Sq(2) = 0.364484,	Sq(3) = 0.335883,	Sq(4) = 0.335883,	Sq(5) = 0.364484,	Sq(6) = 0.586441,	Sq(7) = 0.364484,	Sq(8) = 0.364484,	Sq(9) = 0.586441,	Sq(10) = 0.620537,	Sq(11) = 0.586441,	Sq(12) = 0.335883,	Sq(13) = 0.364484,	Sq(14) = 0.586441,	Sq(15) = 0.364484,	N(0) = 1.99784,	N(1) = 1.99411,	N(2) = 1,	N(3) = 1.99411,	N(4) = 1.99411,	N(5) = 1,	N(6) = 0.00589367,	N(7) = 1,	N(8) = 1,	N(9) = 0.00589367,	N(10) = 0.00215654,	N(11) = 0.00589367,	N(12) = 1.99411,	N(13) = 1,	N(14) = 0.00589367,	N(15) = 1,	Delta[s](0) = 0.390662,	Delta[s](1) = 0.31386,	Delta[s](2) = 0.306184,	Delta[s](3) = 0.31386,	Delta[s](4) = 0.31386,	Delta[s](5) = 0.306184,	Delta[s](6) = 0.255332,	Delta[s](7) = 0.306184,	Delta[s](8) = 0.306184,	Delta[s](9) = 0.255332,	Delta[s](10) = 0.247101,	Delta[s](11) = 0.255332,	Delta[s](12) = 0.31386,	Delta[s](13) = 0.306184,	Delta[s](14) = 0.255332,	Delta[s](15) = 0.306184,	Delta[d](0) = 0.243534,	Delta[d](1) = 0.252601,	Delta[d](2) = 0.246139,	Delta[d](3) = 0.252601,	Delta[d](4) = 0.252601,	Delta[d](5) = 0.153797,	Delta[d](6) = 0.206218,	Delta[d](7) = 0.153797,	Delta[d](8) = 0.246139,	Delta[d](9) = 0.206218,	Delta[d](10) = 0.0640743,	Delta[d](11) = 0.206218,	Delta[d](12) = 0.252601,	Delta[d](13) = 0.153797,	Delta[d](14) = 0.206218,	Delta[d](15) = 0.153797,	Delta[s+](0) = 0.483013,	Delta[s+](1) = 0.38124,	Delta[s+](2) = 0.246139,	Delta[s+](3) = 0.38124,	Delta[s+](4) = 0.38124,	Delta[s+](5) = 0.246139,	Delta[s+](6) = 0.111233,	Delta[s+](7) = 0.246139,	Delta[s+](8) = 0.246139,	Delta[s+](9) = 0.111233,	Delta[s+](10) = 0.0347217,	Delta[s+](11) = 0.111233,	Delta[s+](12) = 0.38124,	Delta[s+](13) = 0.246139,	Delta[s+](14) = 0.111233,	Delta[s+](15) = 0.246139
The 0-th iteration is completed.	|| time cost : 0h 4m 28.938s
********************************************************************************************************************
Start the 1 rounds of NGS-ED iteration
	effective electronic model is modified as: kinetic energy t = 0.827419
	                                           effective interaction Vq = [-2.61474,-2.40868,-2.20812,-2.40868,-2.40868,-2.20812,-2.25032,-2.20812,-2.20812,-2.25032,-2.56747,-2.25032,-2.40868,-2.20812,-2.25032,-2.20812]
	PARPACK diagonalization completed after 30 matrix-vector product operations.
	iteration results: : total energy is -63.275595 | electron energy -63.412891 + phonon energy 0.137296 | electron momentum kIdx = 10
The 1-th iteration is completed.	|| time cost : 0h 0m 27.388s
********************************************************************************************************************
Start the 2 rounds of NGS-ED iteration
	effective electronic model is modified as: kinetic energy t = 0.815724
	                                           effective interaction Vq = [ -2.6686,-2.46612,-2.25438,-2.46612,-2.46612,-2.25438,-2.29862,-2.25438,-2.25438,-2.29862,-2.63669,-2.29862,-2.46612,-2.25438,-2.29862,-2.25438]
	PARPACK diagonalization completed after 30 matrix-vector product operations.
	iteration results: : total energy is -64.374407 | electron energy -64.580371 + phonon energy 0.205965 | electron momentum kIdx = 10
The 2-th iteration is completed.	|| time cost : 0h 0m 27.377s
********************************************************************************************************************
Start the 3 rounds of NGS-ED iteration
	effective electronic model is modified as: kinetic energy t = 0.809755
	                                           effective interaction Vq = [-2.68842,-2.49089,-2.27653,-2.49089,-2.49089,-2.27653,-2.32074,-2.27653,-2.27653,-2.32074,-2.66527,-2.32074,-2.49089,-2.27653,-2.32074,-2.27653]
	PARPACK diagonalization completed after 30 matrix-vector product operations.
	iteration results: : total energy is -64.766746 | electron energy -65.014057 + phonon energy 0.247311 | electron momentum kIdx = 10
The 3-th iteration is completed.	|| time cost : 0h 0m 27.401s
********************************************************************************************************************
Start the 4 rounds of NGS-ED iteration
	effective electronic model is modified as: kinetic energy t = 0.80673
	                                           effective interaction Vq = [-2.69571,-2.50213,-2.28744,-2.50213,-2.50213,-2.28744,-2.33124,-2.28744,-2.28744,-2.33124,-2.67737,-2.33124,-2.50213,-2.28744,-2.33124,-2.28744]
	PARPACK diagonalization completed after 30 matrix-vector product operations.
	iteration results: : total energy is -64.905469 | electron energy -65.175842 + phonon energy 0.270373 | electron momentum kIdx = 10
The 4-th iteration is completed.	|| time cost : 0h 0m 27.63s
********************************************************************************************************************
Start the 5 rounds of NGS-ED iteration
	effective electronic model is modified as: kinetic energy t = 0.805187
	                                           effective interaction Vq = [-2.69839,-2.50747,-2.29297,-2.50747,-2.50747,-2.29297,-2.33642,-2.29297,-2.29297,-2.33642,-2.68277,-2.33642,-2.50747,-2.29297,-2.33642,-2.29297]
	PARPACK diagonalization completed after 30 matrix-vector product operations.
	iteration results: : total energy is -64.954555 | electron energy -65.237340 + phonon energy 0.282786 | electron momentum kIdx = 10
The 5-th iteration is completed.	|| time cost : 0h 0m 27.425s
********************************************************************************************************************
Start the 6 rounds of NGS-ED iteration
	effective electronic model is modified as: kinetic energy t = 0.804394
	                                           effective interaction Vq = [-2.69938,-2.51008,-2.29582,-2.51008,-2.51008,-2.29582,-2.33904,-2.29582,-2.29582,-2.33904,-2.68531,-2.33904,-2.51008,-2.29582,-2.33904,-2.29582]
	PARPACK diagonalization completed after 30 matrix-vector product operations.
	iteration results: : total energy is -64.972022 | electron energy -65.261361 + phonon energy 0.289339 | electron momentum kIdx = 10
The 6-th iteration is completed.	|| time cost : 0h 0m 27.395s
********************************************************************************************************************
Start the 7 rounds of NGS-ED iteration
	effective electronic model is modified as: kinetic energy t = 0.803985
	                                           effective interaction Vq = [-2.69974,-2.51139,-2.29731,-2.51139,-2.51139,-2.29731,-2.34039,-2.29731,-2.29731,-2.34039,-2.68654,-2.34039,-2.51139,-2.29731,-2.34039,-2.29731]
	PARPACK diagonalization completed after 30 matrix-vector product operations.
	iteration results: : total energy is -64.978280 | electron energy -65.271043 + phonon energy 0.292762 | electron momentum kIdx = 10
The 7-th iteration is completed.	|| time cost : 0h 0m 27.448s
********************************************************************************************************************
Start the 8 rounds of NGS-ED iteration
	effective electronic model is modified as: kinetic energy t = 0.803772
	                                           effective interaction Vq = [-2.69987,-2.51204,-2.29809,-2.51204,-2.51204,-2.29809, -2.3411,-2.29809,-2.29809, -2.3411,-2.68716, -2.3411,-2.51204,-2.29809, -2.3411,-2.29809]
	PARPACK diagonalization completed after 30 matrix-vector product operations.
	iteration results: : total energy is -64.980537 | electron energy -65.275077 + phonon energy 0.294540 | electron momentum kIdx = 10
The 8-th iteration is completed.	|| time cost : 0h 0m 27.639s
********************************************************************************************************************
Start the 9 rounds of NGS-ED iteration
	effective electronic model is modified as: kinetic energy t = 0.803662
	                                           effective interaction Vq = [-2.69992,-2.51238, -2.2985,-2.51238,-2.51238, -2.2985,-2.34147, -2.2985, -2.2985,-2.34147,-2.68747,-2.34147,-2.51238, -2.2985,-2.34147, -2.2985]
	PARPACK diagonalization completed after 30 matrix-vector product operations.
	iteration results: : total energy is -64.981355 | electron energy -65.276816 + phonon energy 0.295461 | electron momentum kIdx = 10
The 9-th iteration is completed.	|| time cost : 0h 0m 27.624s
********************************************************************************************************************
Start the 10 rounds of NGS-ED iteration
	effective electronic model is modified as: kinetic energy t = 0.803604
	                                           effective interaction Vq = [-2.69994,-2.51255,-2.29872,-2.51255,-2.51255,-2.29872,-2.34166,-2.29872,-2.29872,-2.34166,-2.68763,-2.34166,-2.51255,-2.29872,-2.34166,-2.29872]
	PARPACK diagonalization completed after 30 matrix-vector product operations.
	iteration results: : total energy is -64.981652 | electron energy -65.277590 + phonon energy 0.295938 | electron momentum kIdx = 10
	Nq(0) = 16,	Nq(1) = 0.309027,	Nq(2) = 0.344232,	Nq(3) = 0.309027,	Nq(4) = 0.309027,	Nq(5) = 0.344232,	Nq(6) = 0.539549,	Nq(7) = 0.344232,	Nq(8) = 0.344232,	Nq(9) = 0.539549,	Nq(10) = 4.77126,	Nq(11) = 0.539549,	Nq(12) = 0.309027,	Nq(13) = 0.344232,	Nq(14) = 0.539549,	Nq(15) = 0.344232,	Sq(0) = -7.58934e-18,	Sq(1) = 0.279992,	Sq(2) = 0.337133,	Sq(3) = 0.279992,	Sq(4) = 0.279992,	Sq(5) = 0.337133,	Sq(6) = 0.512385,	Sq(7) = 0.337133,	Sq(8) = 0.337133,	Sq(9) = 0.512385,	Sq(10) = 0.576742,	Sq(11) = 0.512385,	Sq(12) = 0.279992,	Sq(13) = 0.337133,	Sq(14) = 0.512385,	Sq(15) = 0.337133,	N(0) = 1.99055,	N(1) = 1.97125,	N(2) = 1,	N(3) = 1.97125,	N(4) = 1.97125,	N(5) = 1,	N(6) = 0.0287546,	N(7) = 1,	N(8) = 1,	N(9) = 0.0287546,	N(10) = 0.00945303,	N(11) = 0.0287546,	N(12) = 1.97125,	N(13) = 1,	N(14) = 0.0287546,	N(15) = 1,	Delta[s](0) = 0.406868,	Delta[s](1) = 0.337906,	Delta[s](2) = 0.325648,	Delta[s](3) = 0.337906,	Delta[s](4) = 0.337906,	Delta[s](5) = 0.325648,	Delta[s](6) = 0.283603,	Delta[s](7) = 0.325648,	Delta[s](8) = 0.325648,	Delta[s](9) = 0.283603,	Delta[s](10) = 0.268688,	Delta[s](11) = 0.283603,	Delta[s](12) = 0.337906,	Delta[s](13) = 0.325648,	Delta[s](14) = 0.283603,	Delta[s](15) = 0.325648,	Delta[d](0) = 0.234916,	Delta[d](1) = 0.231324,	Delta[d](2) = 0.234623,	Delta[d](3) = 0.231324,	Delta[d](4) = 0.231324,	Delta[d](5) = 0.151001,	Delta[d](6) = 0.187488,	Delta[d](7) = 0.151001,	Delta[d](8) = 0.234623,	Delta[d](9) = 0.187488,	Delta[d](10) = 0.0670549,	Delta[d](11) = 0.187488,	Delta[d](12) = 0.231324,	Delta[d](13) = 0.151001,	Delta[d](14) = 0.187488,	Delta[d](15) = 0.151001,	Delta[s+](0) = 0.46567,	Delta[s+](1) = 0.363444,	Delta[s+](2) = 0.234623,	Delta[s+](3) = 0.363444,	Delta[s+](4) = 0.363444,	Delta[s+](5) = 0.234623,	Delta[s+](6) = 0.105006,	Delta[s+](7) = 0.234623,	Delta[s+](8) = 0.234623,	Delta[s+](9) = 0.105006,	Delta[s+](10) = 0.0365861,	Delta[s+](11) = 0.105006,	Delta[s+](12) = 0.363444,	Delta[s+](13) = 0.234623,	Delta[s+](14) = 0.105006,	Delta[s+](15) = 0.234623
The 10-th iteration is completed.	|| time cost : 0h 4m 29.615s
********************************************************************************************************************
Start the 11 rounds of NGS-ED iteration
	effective electronic model is modified as: kinetic energy t = 0.803574
	                                           effective interaction Vq = [-2.69995,-2.51264,-2.29883,-2.51264,-2.51264,-2.29883,-2.34176,-2.29883,-2.29883,-2.34176,-2.68771,-2.34176,-2.51264,-2.29883,-2.34176,-2.29883]
	PARPACK diagonalization completed after 30 matrix-vector product operations.
	iteration results: : total energy is -64.981761 | electron energy -65.277945 + phonon energy 0.296185 | electron momentum kIdx = 10
The 11-th iteration is completed.	|| time cost : 0h 0m 27.537s
********************************************************************************************************************
Start the 12 rounds of NGS-ED iteration
	effective electronic model is modified as: kinetic energy t = 0.803558
	                                           effective interaction Vq = [-2.69995,-2.51268,-2.29889,-2.51268,-2.51268,-2.29889,-2.34182,-2.29889,-2.29889,-2.34182,-2.68775,-2.34182,-2.51268,-2.29889,-2.34182,-2.29889]
	PARPACK diagonalization completed after 30 matrix-vector product operations.
	iteration results: : total energy is -64.981800 | electron energy -65.278113 + phonon energy 0.296313 | electron momentum kIdx = 10
The 12-th iteration is completed.	|| time cost : 0h 0m 27.386s
********************************************************************************************************************
Start the 13 rounds of NGS-ED iteration
	effective electronic model is modified as: kinetic energy t = 0.80355
	                                           effective interaction Vq = [-2.69995, -2.5127,-2.29893, -2.5127, -2.5127,-2.29893,-2.34185,-2.29893,-2.29893,-2.34185,-2.68777,-2.34185, -2.5127,-2.29893,-2.34185,-2.29893]
	PARPACK diagonalization completed after 30 matrix-vector product operations.
	iteration results: : total energy is -64.981815 | electron energy -65.278194 + phonon energy 0.296379 | electron momentum kIdx = 10
The 13-th iteration is completed.	|| time cost : 0h 0m 27.363s
********************************************************************************************************************
Start the 14 rounds of NGS-ED iteration
	effective electronic model is modified as: kinetic energy t = 0.803546
	                                           effective interaction Vq = [-2.69995,-2.51272,-2.29894,-2.51272,-2.51272,-2.29894,-2.34186,-2.29894,-2.29894,-2.34186,-2.68778,-2.34186,-2.51272,-2.29894,-2.34186,-2.29894]
	PARPACK diagonalization completed after 30 matrix-vector product operations.
	iteration results: : total energy is -64.981820 | electron energy -65.278234 + phonon energy 0.296413 | electron momentum kIdx = 10
The 14-th iteration is completed.	|| time cost : 0h 0m 27.402s
********************************************************************************************************************
Start the 15 rounds of NGS-ED iteration
	effective electronic model is modified as: kinetic energy t = 0.803544
	                                           effective interaction Vq = [-2.69995,-2.51272,-2.29895,-2.51272,-2.51272,-2.29895,-2.34187,-2.29895,-2.29895,-2.34187,-2.68779,-2.34187,-2.51272,-2.29895,-2.34187,-2.29895]
	PARPACK diagonalization completed after 30 matrix-vector product operations.
	iteration results: : total energy is -64.981822 | electron energy -65.278254 + phonon energy 0.296431 | electron momentum kIdx = 10
The 15-th iteration is completed.	|| time cost : 0h 0m 27.676s
********************************************************************************************************************
Start the 16 rounds of NGS-ED iteration
	effective electronic model is modified as: kinetic energy t = 0.803542
	                                           effective interaction Vq = [-2.69995,-2.51273,-2.29896,-2.51273,-2.51273,-2.29896,-2.34187,-2.29896,-2.29896,-2.34187,-2.68779,-2.34187,-2.51273,-2.29896,-2.34187,-2.29896]
	PARPACK diagonalization completed after 30 matrix-vector product operations.
	iteration results: : total energy is -64.981823 | electron energy -65.278264 + phonon energy 0.296441 | electron momentum kIdx = 10
The 16-th iteration is completed.	|| time cost : 0h 0m 27.615s
********************************************************************************************************************
Start the 17 rounds of NGS-ED iteration
	effective electronic model is modified as: kinetic energy t = 0.803542
	                                           effective interaction Vq = [-2.69995,-2.51273,-2.29896,-2.51273,-2.51273,-2.29896,-2.34188,-2.29896,-2.29896,-2.34188,-2.68779,-2.34188,-2.51273,-2.29896,-2.34188,-2.29896]
	PARPACK diagonalization completed after 30 matrix-vector product operations.
	iteration results: : total energy is -64.981823 | electron energy -65.278269 + phonon energy 0.296446 | electron momentum kIdx = 10
The 17-th iteration is completed.	|| time cost : 0h 0m 27.531s
