TACC:  Starting up job 4339231 
TACC:  Starting parallel tasks... 
SNEDics v3.4 Non-Gaussian ED ground state program		Start at Wed Sep 18 05:15:38 2019

parallized on 32 MPI threads  * 6 OpenMP threads = 192 total threads.
********************************************************************************************************************
********************************************************************************************************************

********************************************************************************************************************
System parameters and configurations
********************************************************************************************************************
Special program options are enabled: splitted diagonal Hamiltonian
********************************************************************************************************************
Read input file "model_params.in"
	Hubbard-Holstein model parameters : 	t = 1    U = 1.6    g = 2.2361    W = 5    
********************************************************************************************************************
Read input file "hilbertspace_params.in"
	Requested 16-site 2D lattice, with 16 electrons (8, 8)
	Boundary : Periodic		Hilbert space representation : momentum-space (restricted to kIdx = 0)
	Conservation: particle number[U(1)]      spin[U(1)]     momentum
********************************************************************************************************************

Cluster Positions:				Cluster symmetry group : D4
 x ... x ... x ... x .....                       x ... x ... x ... x .....
 |           |           :                       |           |           :
 |           |           :                       |           |           :
12    13    14    15     x                       1     5     6     5     x
 |           |           :                       |           |           :
 |           |           :                       |           |           :
 8 --- 9 ---10 ---11 --- x                       2 --- 6 ---10 --- 6 --- x
 |           |           :                       |           |           :
 |           |           :                       |           |           :
 4     5     6     7     x                       1     5     6     5     x
 |           |           :                       |           |           :
 |           |           :                       |           |           :
 0 --- 1 --- 2 --- 3 --- x                       0 --- 1 --- 2 --- 1 --- x
orbital number : 1
********************************************************************************************************************
Read input file "obs_params.in"
	Observable Type : Nq(All),   Sq(All),   N(All),   Delta[s](All),   Delta[d](All),   Delta[s+](All)
********************************************************************************************************************
** WARNING ** the input observables have non-local factors which have been reinterpreted. The total observable number is 96
********************************************************************************************************************


********************************************************************************************************************
Start calculating the non-Gaussian ED ground state
** WARNING ** Detected low phonon energy W < 10. The initial state will be prepared through a warm-up process.
********************************************************************************************************************
Start warm-up calculation for scaling factor 2
open output files: NGSEDWarmUpW10Obs.txt
********************************************************************************************************************
Start the 0 rounds of NGS-ED iteration
	effective electronic model is modified as: kinetic energy t = 1
	                                           effective interaction Vq = [0,0,0,0,0,0,0,0,0,0,0,0,0,0,0,0]
	first Hamiltonian is constructed, non-zero numbers = 2845383612
	PARPACK diagonalization completed after 135 matrix-vector product operations.
	iteration results: : total energy is -19.078880 | electron energy -19.078880 + phonon energy 0.000000 | electron momentum kIdx = 0
	Nq(0) = 16,	Nq(1) = 0.266884,	Nq(2) = 0.325541,	Nq(3) = 0.266884,	Nq(4) = 0.266884,	Nq(5) = 0.325541,	Nq(6) = 0.477076,	Nq(7) = 0.325541,	Nq(8) = 0.325541,	Nq(9) = 0.477076,	Nq(10) = 0.538544,	Nq(11) = 0.477076,	Nq(12) = 0.266884,	Nq(13) = 0.325541,	Nq(14) = 0.477076,	Nq(15) = 0.325541,	Sq(0) = 3.20743e-18,	Sq(1) = 0.40769,	Sq(2) = 0.590058,	Sq(3) = 0.40769,	Sq(4) = 0.40769,	Sq(5) = 0.590058,	Sq(6) = 0.705459,	Sq(7) = 0.590058,	Sq(8) = 0.590058,	Sq(9) = 0.705459,	Sq(10) = 2.53943,	Sq(11) = 0.705459,	Sq(12) = 0.40769,	Sq(13) = 0.590058,	Sq(14) = 0.705459,	Sq(15) = 0.590058,	N(0) = 1.98824,	N(1) = 1.97169,	N(2) = 1,	N(3) = 1.97169,	N(4) = 1.97169,	N(5) = 1,	N(6) = 0.0283081,	N(7) = 1,	N(8) = 1,	N(9) = 0.0283081,	N(10) = 0.0117607,	N(11) = 0.0283081,	N(12) = 1.97169,	N(13) = 1,	N(14) = 0.0283081,	N(15) = 1,	Delta[s](0) = 0.258886,	Delta[s](1) = 0.231265,	Delta[s](2) = 0.163706,	Delta[s](3) = 0.231265,	Delta[s](4) = 0.231265,	Delta[s](5) = 0.163706,	Delta[s](6) = 0.137306,	Delta[s](7) = 0.163706,	Delta[s](8) = 0.163706,	Delta[s](9) = 0.137306,	Delta[s](10) = 0.0184076,	Delta[s](11) = 0.137306,	Delta[s](12) = 0.231265,	Delta[s](13) = 0.163706,	Delta[s](14) = 0.137306,	Delta[s](15) = 0.163706,	Delta[d](0) = 0.567393,	Delta[d](1) = 0.318438,	Delta[d](2) = 0.271351,	Delta[d](3) = 0.318438,	Delta[d](4) = 0.318438,	Delta[d](5) = 0.318649,	Delta[d](6) = 0.226,	Delta[d](7) = 0.318649,	Delta[d](8) = 0.271351,	Delta[d](9) = 0.226,	Delta[d](10) = 0.0718424,	Delta[d](11) = 0.226,	Delta[d](12) = 0.318438,	Delta[d](13) = 0.318649,	Delta[d](14) = 0.226,	Delta[d](15) = 0.318649,	Delta[s+](0) = 0.53975,	Delta[s+](1) = 0.435118,	Delta[s+](2) = 0.271351,	Delta[s+](3) = 0.435118,	Delta[s+](4) = 0.435118,	Delta[s+](5) = 0.271351,	Delta[s+](6) = 0.114192,	Delta[s+](7) = 0.271351,	Delta[s+](8) = 0.271351,	Delta[s+](9) = 0.114192,	Delta[s+](10) = 0.010747,	Delta[s+](11) = 0.114192,	Delta[s+](12) = 0.435118,	Delta[s+](13) = 0.271351,	Delta[s+](14) = 0.114192,	Delta[s+](15) = 0.271351
The 0-th iteration is completed.	|| time cost : 0h 5m 49.885s
********************************************************************************************************************
Start the 1 rounds of NGS-ED iteration
	effective electronic model is modified as: kinetic energy t = 0.972237
	                                           effective interaction Vq = [-0.864689,-0.812299,-0.779281,-0.812299,-0.812299,-0.779281,-0.777568,-0.779281,-0.779281,-0.777568,-0.762315,-0.777568,-0.812299,-0.779281,-0.777568,-0.779281]
	PARPACK diagonalization completed after 45 matrix-vector product operations.
	iteration results: : total energy is -37.060355 | electron energy -37.061306 + phonon energy 0.000951 | electron momentum kIdx = 0
The 1-th iteration is completed.	|| time cost : 0h 3m 35.12s
********************************************************************************************************************
Start the 2 rounds of NGS-ED iteration
	effective electronic model is modified as: kinetic energy t = 0.954369
	                                           effective interaction Vq = [-0.981712,-0.941213,-0.894887,-0.941213,-0.941213,-0.894887,-0.903251,-0.894887,-0.894887,-0.903251,-0.875332,-0.903251,-0.941213,-0.894887,-0.903251,-0.894887]
	PARPACK diagonalization completed after 75 matrix-vector product operations.
	iteration results: : total energy is -39.555686 | electron energy -39.561507 + phonon energy 0.005821 | electron momentum kIdx = 0
The 2-th iteration is completed.	|| time cost : 0h 0m 34.004s
********************************************************************************************************************
Start the 3 rounds of NGS-ED iteration
	effective electronic model is modified as: kinetic energy t = 0.943875
	                                           effective interaction Vq = [ -0.99755,-0.967477,-0.955408,-0.967477,-0.967477,-0.955408,-0.930902,-0.955408,-0.955408,-0.930902,-0.928121,-0.930902,-0.967477,-0.955408,-0.930902,-0.955408]
	PARPACK diagonalization completed after 60 matrix-vector product operations.
	iteration results: : total energy is -39.974128 | electron energy -39.984766 + phonon energy 0.010638 | electron momentum kIdx = 0
The 3-th iteration is completed.	|| time cost : 0h 0m 28.13s
********************************************************************************************************************
Start the 4 rounds of NGS-ED iteration
	effective electronic model is modified as: kinetic energy t = 0.940447
	                                           effective interaction Vq = [-0.999693,-0.974075,-0.969376,-0.974075,-0.974075,-0.969376,-0.937882,-0.969376,-0.969376,-0.937882,-0.941451,-0.937882,-0.974075,-0.969376,-0.937882,-0.969376]
	PARPACK diagonalization completed after 45 matrix-vector product operations.
	iteration results: : total energy is -40.024967 | electron energy -40.038299 + phonon energy 0.013332 | electron momentum kIdx = 0
The 4-th iteration is completed.	|| time cost : 0h 0m 24.248s
********************************************************************************************************************
Start the 5 rounds of NGS-ED iteration
	effective electronic model is modified as: kinetic energy t = 0.93937
	                                           effective interaction Vq = [-0.999983,-0.975989,-0.973259,-0.975989,-0.975989,-0.973259,-0.939823,-0.973259,-0.973259,-0.939823,-0.945292,-0.939823,-0.975989,-0.973259,-0.939823,-0.973259]
	PARPACK diagonalization completed after 30 matrix-vector product operations.
	iteration results: : total energy is -40.031248 | electron energy -40.045624 + phonon energy 0.014377 | electron momentum kIdx = 0
The 5-th iteration is completed.	|| time cost : 0h 0m 20.597s
********************************************************************************************************************
Start the 6 rounds of NGS-ED iteration
	effective electronic model is modified as: kinetic energy t = 0.939035
	                                           effective interaction Vq = [ -1.00002,-0.976574,-0.974431,-0.976574,-0.976574,-0.974431, -0.94038,-0.974431,-0.974431, -0.94038,-0.946455, -0.94038,-0.976574,-0.974431, -0.94038,-0.974431]
	PARPACK diagonalization completed after 30 matrix-vector product operations.
	iteration results: : total energy is -40.032038 | electron energy -40.046767 + phonon energy 0.014729 | electron momentum kIdx = 0
The 6-th iteration is completed.	|| time cost : 0h 0m 20.57s
********************************************************************************************************************
Start the 7 rounds of NGS-ED iteration
	effective electronic model is modified as: kinetic energy t = 0.938931
	                                           effective interaction Vq = [ -1.00003,-0.976757,-0.974796,-0.976757,-0.976757,-0.974796,-0.940541,-0.974796,-0.974796,-0.940541,-0.946812,-0.940541,-0.976757,-0.974796,-0.940541,-0.974796]
	PARPACK diagonalization completed after 30 matrix-vector product operations.
	iteration results: : total energy is -40.032139 | electron energy -40.046981 + phonon energy 0.014842 | electron momentum kIdx = 0
The 7-th iteration is completed.	|| time cost : 0h 0m 20.582s
********************************************************************************************************************
Start the 8 rounds of NGS-ED iteration
	effective electronic model is modified as: kinetic energy t = 0.938899
	                                           effective interaction Vq = [ -1.00003,-0.976814, -0.97491,-0.976814,-0.976814, -0.97491,-0.940588, -0.97491, -0.97491,-0.940588,-0.946923,-0.940588,-0.976814, -0.97491,-0.940588, -0.97491]
	PARPACK diagonalization completed after 30 matrix-vector product operations.
	iteration results: : total energy is -40.032152 | electron energy -40.047030 + phonon energy 0.014878 | electron momentum kIdx = 0
	Nq(0) = 16,	Nq(1) = 0.38769,	Nq(2) = 0.733427,	Nq(3) = 0.38769,	Nq(4) = 0.38769,	Nq(5) = 0.733427,	Nq(6) = 0.639415,	Nq(7) = 0.733427,	Nq(8) = 0.733427,	Nq(9) = 0.639415,	Nq(10) = 0.910289,	Nq(11) = 0.639415,	Nq(12) = 0.38769,	Nq(13) = 0.733427,	Nq(14) = 0.639415,	Nq(15) = 0.733427,	Sq(0) = -6.7473e-18,	Sq(1) = 0.351374,	Sq(2) = 0.366691,	Sq(3) = 0.351374,	Sq(4) = 0.351374,	Sq(5) = 0.366691,	Sq(6) = 0.591419,	Sq(7) = 0.366691,	Sq(8) = 0.366691,	Sq(9) = 0.591419,	Sq(10) = 0.609411,	Sq(11) = 0.591419,	Sq(12) = 0.351374,	Sq(13) = 0.366691,	Sq(14) = 0.591419,	Sq(15) = 0.366691,	N(0) = 1.9995,	N(1) = 1.99864,	N(2) = 1,	N(3) = 1.99864,	N(4) = 1.99864,	N(5) = 1,	N(6) = 0.00136265,	N(7) = 1,	N(8) = 1,	N(9) = 0.00136265,	N(10) = 0.000498556,	N(11) = 0.00136265,	N(12) = 1.99864,	N(13) = 1,	N(14) = 0.00136265,	N(15) = 1,	Delta[s](0) = 0.909009,	Delta[s](1) = 0.315423,	Delta[s](2) = 0.247969,	Delta[s](3) = 0.315423,	Delta[s](4) = 0.315423,	Delta[s](5) = 0.247969,	Delta[s](6) = 0.213562,	Delta[s](7) = 0.247969,	Delta[s](8) = 0.247969,	Delta[s](9) = 0.213562,	Delta[s](10) = 0.196873,	Delta[s](11) = 0.213562,	Delta[s](12) = 0.315423,	Delta[s](13) = 0.247969,	Delta[s](14) = 0.213562,	Delta[s](15) = 0.247969,	Delta[d](0) = 0.353183,	Delta[d](1) = 0.281568,	Delta[d](2) = 0.251639,	Delta[d](3) = 0.281568,	Delta[d](4) = 0.281568,	Delta[d](5) = 0.241774,	Delta[d](6) = 0.226007,	Delta[d](7) = 0.241774,	Delta[d](8) = 0.251639,	Delta[d](9) = 0.226007,	Delta[d](10) = 0.130381,	Delta[d](11) = 0.226007,	Delta[d](12) = 0.281568,	Delta[d](13) = 0.241774,	Delta[d](14) = 0.226007,	Delta[d](15) = 0.241774,	Delta[s+](0) = 0.485652,	Delta[s+](1) = 0.396174,	Delta[s+](2) = 0.251639,	Delta[s+](3) = 0.396174,	Delta[s+](4) = 0.396174,	Delta[s+](5) = 0.251639,	Delta[s+](6) = 0.104556,	Delta[s+](7) = 0.251639,	Delta[s+](8) = 0.251639,	Delta[s+](9) = 0.104556,	Delta[s+](10) = 0.0141579,	Delta[s+](11) = 0.104556,	Delta[s+](12) = 0.396174,	Delta[s+](13) = 0.251639,	Delta[s+](14) = 0.104556,	Delta[s+](15) = 0.251639
The 8-th iteration is completed.	|| time cost : 0h 3m 49.536s
********************************************************************************************************************
********************************************************************************************************************
Ground state is obtained after 9 iterations. The current ground-state energy is -40.0322, in which electron energy is -40.047 and phonon energy is 0.0148775
final variational state is: 
	Gamma_x = [      1,1.01006,1.01973,1.01006,1.01006,1.01973,1.02385,1.01973,1.01973,1.02385,1.03279,1.02385,1.01006,1.01973,1.02385,1.01973]
	lambda_q = [0.316193,0.268069, 0.26615,0.268069,0.268069, 0.26615,0.239143, 0.26615, 0.26615,0.239143,0.243382,0.239143,0.268069, 0.26615,0.239143, 0.26615]
********************************************************************************************************************
o___o  ----------------------------------------
| L |	Time since last clock: 0h 0m 0s
A===A	Time since the beginning: 0h 15m 42.677s
***********************************************


********************************************************************************************************************
Warm up runs have been completed. Start calculating W = 5 phonon.
open output files: NGSEDIterationObs.txt
********************************************************************************************************************
Start the 0 rounds of NGS-ED iteration
	effective electronic model is modified as: kinetic energy t = 0.938889
	                                           effective interaction Vq = [-0.914189,-0.839554,-0.836097,-0.839554,-0.839554,-0.836097,-0.783549,-0.836097,-0.836097,-0.783549,-0.792279,-0.783549,-0.839554,-0.836097,-0.783549,-0.836097]
	PARPACK diagonalization completed after 60 matrix-vector product operations.
	iteration results: : total energy is -37.319230 | electron energy -37.326675 + phonon energy 0.007444 | electron momentum kIdx = 0
	Nq(0) = 16,	Nq(1) = 0.378682,	Nq(2) = 0.716817,	Nq(3) = 0.378682,	Nq(4) = 0.378682,	Nq(5) = 0.716817,	Nq(6) = 0.617966,	Nq(7) = 0.716817,	Nq(8) = 0.716817,	Nq(9) = 0.617966,	Nq(10) = 0.867803,	Nq(11) = 0.617966,	Nq(12) = 0.378682,	Nq(13) = 0.716817,	Nq(14) = 0.617966,	Nq(15) = 0.716817,	Sq(0) = 2.29863e-18,	Sq(1) = 0.372536,	Sq(2) = 0.374535,	Sq(3) = 0.372536,	Sq(4) = 0.372536,	Sq(5) = 0.374535,	Sq(6) = 0.620925,	Sq(7) = 0.374535,	Sq(8) = 0.374535,	Sq(9) = 0.620925,	Sq(10) = 0.623651,	Sq(11) = 0.620925,	Sq(12) = 0.372536,	Sq(13) = 0.374535,	Sq(14) = 0.620925,	Sq(15) = 0.374535,	N(0) = 1.99997,	N(1) = 1.99991,	N(2) = 1,	N(3) = 1.99991,	N(4) = 1.99991,	N(5) = 1,	N(6) = 8.50932e-05,	N(7) = 1,	N(8) = 1,	N(9) = 8.50932e-05,	N(10) = 2.56232e-05,	N(11) = 8.50932e-05,	N(12) = 1.99991,	N(13) = 1,	N(14) = 8.50932e-05,	N(15) = 1,	Delta[s](0) = 0.814058,	Delta[s](1) = 0.307285,	Delta[s](2) = 0.24527,	Delta[s](3) = 0.307285,	Delta[s](4) = 0.307285,	Delta[s](5) = 0.24527,	Delta[s](6) = 0.212972,	Delta[s](7) = 0.24527,	Delta[s](8) = 0.24527,	Delta[s](9) = 0.212972,	Delta[s](10) = 0.210942,	Delta[s](11) = 0.212972,	Delta[s](12) = 0.307285,	Delta[s](13) = 0.24527,	Delta[s](14) = 0.212972,	Delta[s](15) = 0.24527,	Delta[d](0) = 0.355046,	Delta[d](1) = 0.285155,	Delta[d](2) = 0.257141,	Delta[d](3) = 0.285155,	Delta[d](4) = 0.285155,	Delta[d](5) = 0.245221,	Delta[d](6) = 0.229664,	Delta[d](7) = 0.245221,	Delta[d](8) = 0.257141,	Delta[d](9) = 0.229664,	Delta[d](10) = 0.134847,	Delta[d](11) = 0.229664,	Delta[d](12) = 0.285155,	Delta[d](13) = 0.245221,	Delta[d](14) = 0.229664,	Delta[d](15) = 0.245221,	Delta[s+](0) = 0.49763,	Delta[s+](1) = 0.404756,	Delta[s+](2) = 0.257141,	Delta[s+](3) = 0.404756,	Delta[s+](4) = 0.404756,	Delta[s+](5) = 0.257141,	Delta[s+](6) = 0.108935,	Delta[s+](7) = 0.257141,	Delta[s+](8) = 0.257141,	Delta[s+](9) = 0.108935,	Delta[s+](10) = 0.0167903,	Delta[s+](11) = 0.108935,	Delta[s+](12) = 0.404756,	Delta[s+](13) = 0.257141,	Delta[s+](14) = 0.108935,	Delta[s+](15) = 0.257141
The 0-th iteration is completed.	|| time cost : 0h 3m 52.218s
********************************************************************************************************************
Start the 1 rounds of NGS-ED iteration
	effective electronic model is modified as: kinetic energy t = 0.928237
	                                           effective interaction Vq = [ -0.96845,-0.888621,-0.885214,-0.888621,-0.888621,-0.885214,-0.818996,-0.885214,-0.885214,-0.818996,-0.829474,-0.818996,-0.888621,-0.885214,-0.818996,-0.885214]
	PARPACK diagonalization completed after 45 matrix-vector product operations.
	iteration results: : total energy is -38.323488 | electron energy -38.346574 + phonon energy 0.023086 | electron momentum kIdx = 0
The 1-th iteration is completed.	|| time cost : 0h 0m 24.361s
********************************************************************************************************************
Start the 2 rounds of NGS-ED iteration
	effective electronic model is modified as: kinetic energy t = 0.922348
	                                           effective interaction Vq = [-0.988411,-0.911233,-0.908151,-0.911233,-0.911233,-0.908151, -0.83593,-0.908151,-0.908151, -0.83593,-0.847848, -0.83593,-0.911233,-0.908151, -0.83593,-0.908151]
	PARPACK diagonalization completed after 45 matrix-vector product operations.
	iteration results: : total energy is -38.682005 | electron energy -38.717542 + phonon energy 0.035537 | electron momentum kIdx = 0
The 2-th iteration is completed.	|| time cost : 0h 0m 28.338s
********************************************************************************************************************
Start the 3 rounds of NGS-ED iteration
	effective electronic model is modified as: kinetic energy t = 0.91917
	                                           effective interaction Vq = [-0.995755, -0.92228,-0.919449, -0.92228, -0.92228,-0.919449,-0.844284,-0.919449,-0.919449,-0.844284,-0.857183,-0.844284, -0.92228,-0.919449,-0.844284,-0.919449]
	PARPACK diagonalization completed after 30 matrix-vector product operations.
	iteration results: : total energy is -38.810707 | electron energy -38.854257 + phonon energy 0.043550 | electron momentum kIdx = 0
The 3-th iteration is completed.	|| time cost : 0h 0m 21.832s
********************************************************************************************************************
Start the 4 rounds of NGS-ED iteration
	effective electronic model is modified as: kinetic energy t = 0.917473
	                                           effective interaction Vq = [-0.998456,-0.927885,-0.925216,-0.927885,-0.927885,-0.925216,-0.848482,-0.925216,-0.925216,-0.848482,-0.862007,-0.848482,-0.927885,-0.925216,-0.848482,-0.925216]
	PARPACK diagonalization completed after 30 matrix-vector product operations.
	iteration results: : total energy is -38.857132 | electron energy -38.905398 + phonon energy 0.048266 | electron momentum kIdx = 0
The 4-th iteration is completed.	|| time cost : 0h 0m 20.621s
********************************************************************************************************************
Start the 5 rounds of NGS-ED iteration
	effective electronic model is modified as: kinetic energy t = 0.916571
	                                           effective interaction Vq = [ -0.99945,-0.930795,-0.928222,-0.930795,-0.930795,-0.928222,-0.850613,-0.928222,-0.928222,-0.850613,-0.864525,-0.850613,-0.930795,-0.928222,-0.850613,-0.928222]
	PARPACK diagonalization completed after 30 matrix-vector product operations.
	iteration results: : total energy is -38.873947 | electron energy -38.924865 + phonon energy 0.050918 | electron momentum kIdx = 0
The 5-th iteration is completed.	|| time cost : 0h 0m 20.607s
********************************************************************************************************************
Start the 6 rounds of NGS-ED iteration
	effective electronic model is modified as: kinetic energy t = 0.916091
	                                           effective interaction Vq = [-0.999816,-0.932325, -0.92981,-0.932325,-0.932325, -0.92981,  -0.8517, -0.92981, -0.92981,  -0.8517,-0.865847,  -0.8517,-0.932325, -0.92981,  -0.8517, -0.92981]
	PARPACK diagonalization completed after 30 matrix-vector product operations.
	iteration results: : total energy is -38.880057 | electron energy -38.932429 + phonon energy 0.052373 | electron momentum kIdx = 0
The 6-th iteration is completed.	|| time cost : 0h 0m 24.041s
********************************************************************************************************************
Start the 7 rounds of NGS-ED iteration
	effective electronic model is modified as: kinetic energy t = 0.915837
	                                           effective interaction Vq = [ -0.99995,-0.933135,-0.930655,-0.933135,-0.933135,-0.930655,-0.852255,-0.930655,-0.930655,-0.852255,-0.866543,-0.852255,-0.933135,-0.930655,-0.852255,-0.930655]
	PARPACK diagonalization completed after 30 matrix-vector product operations.
	iteration results: : total energy is -38.882283 | electron energy -38.935442 + phonon energy 0.053159 | electron momentum kIdx = 0
The 7-th iteration is completed.	|| time cost : 0h 0m 24.379s
********************************************************************************************************************
Start the 8 rounds of NGS-ED iteration
	effective electronic model is modified as: kinetic energy t = 0.915702
	                                           effective interaction Vq = [       -1,-0.933566,-0.931106,-0.933566,-0.933566,-0.931106, -0.85254,-0.931106,-0.931106, -0.85254, -0.86691, -0.85254,-0.933566,-0.931106, -0.85254,-0.931106]
	PARPACK diagonalization completed after 30 matrix-vector product operations.
	iteration results: : total energy is -38.883096 | electron energy -38.936677 + phonon energy 0.053581 | electron momentum kIdx = 0
The 8-th iteration is completed.	|| time cost : 0h 0m 24.34s
********************************************************************************************************************
Start the 9 rounds of NGS-ED iteration
	effective electronic model is modified as: kinetic energy t = 0.91563
	                                           effective interaction Vq = [ -1.00002,-0.933795,-0.931347,-0.933795,-0.933795,-0.931347,-0.852686,-0.931347,-0.931347,-0.852686,-0.867103,-0.852686,-0.933795,-0.931347,-0.852686,-0.931347]
	PARPACK diagonalization completed after 30 matrix-vector product operations.
	iteration results: : total energy is -38.883393 | electron energy -38.937199 + phonon energy 0.053806 | electron momentum kIdx = 0
The 9-th iteration is completed.	|| time cost : 0h 0m 21.649s
********************************************************************************************************************
Start the 10 rounds of NGS-ED iteration
	effective electronic model is modified as: kinetic energy t = 0.915592
	                                           effective interaction Vq = [ -1.00002,-0.933918,-0.931476,-0.933918,-0.933918,-0.931476,-0.852761,-0.931476,-0.931476,-0.852761,-0.867206,-0.852761,-0.933918,-0.931476,-0.852761,-0.931476]
	PARPACK diagonalization completed after 30 matrix-vector product operations.
	iteration results: : total energy is -38.883502 | electron energy -38.937428 + phonon energy 0.053926 | electron momentum kIdx = 0
	Nq(0) = 16,	Nq(1) = 0.385602,	Nq(2) = 0.732447,	Nq(3) = 0.385602,	Nq(4) = 0.385602,	Nq(5) = 0.732447,	Nq(6) = 0.623647,	Nq(7) = 0.732447,	Nq(8) = 0.732447,	Nq(9) = 0.623647,	Nq(10) = 0.882896,	Nq(11) = 0.623647,	Nq(12) = 0.385602,	Nq(13) = 0.732447,	Nq(14) = 0.623647,	Nq(15) = 0.732447,	Sq(0) = -5.33264e-18,	Sq(1) = 0.359715,	Sq(2) = 0.370154,	Sq(3) = 0.359715,	Sq(4) = 0.359715,	Sq(5) = 0.370154,	Sq(6) = 0.602599,	Sq(7) = 0.370154,	Sq(8) = 0.370154,	Sq(9) = 0.602599,	Sq(10) = 0.615248,	Sq(11) = 0.602599,	Sq(12) = 0.359715,	Sq(13) = 0.370154,	Sq(14) = 0.602599,	Sq(15) = 0.370154,	N(0) = 1.99977,	N(1) = 1.99926,	N(2) = 1,	N(3) = 1.99926,	N(4) = 1.99926,	N(5) = 1,	N(6) = 0.000738071,	N(7) = 1,	N(8) = 1,	N(9) = 0.000738071,	N(10) = 0.00022901,	N(11) = 0.000738071,	N(12) = 1.99926,	N(13) = 1,	N(14) = 0.000738071,	N(15) = 1,	Delta[s](0) = 0.813524,	Delta[s](1) = 0.311304,	Delta[s](2) = 0.25116,	Delta[s](3) = 0.311304,	Delta[s](4) = 0.311304,	Delta[s](5) = 0.25116,	Delta[s](6) = 0.219515,	Delta[s](7) = 0.25116,	Delta[s](8) = 0.25116,	Delta[s](9) = 0.219515,	Delta[s](10) = 0.213525,	Delta[s](11) = 0.219515,	Delta[s](12) = 0.311304,	Delta[s](13) = 0.25116,	Delta[s](14) = 0.219515,	Delta[s](15) = 0.25116,	Delta[d](0) = 0.359156,	Delta[d](1) = 0.289753,	Delta[d](2) = 0.260781,	Delta[d](3) = 0.289753,	Delta[d](4) = 0.289753,	Delta[d](5) = 0.250616,	Delta[d](6) = 0.234989,	Delta[d](7) = 0.250616,	Delta[d](8) = 0.260781,	Delta[d](9) = 0.234989,	Delta[d](10) = 0.14179,	Delta[d](11) = 0.234989,	Delta[d](12) = 0.289753,	Delta[d](13) = 0.250616,	Delta[d](14) = 0.234989,	Delta[d](15) = 0.250616,	Delta[s+](0) = 0.499099,	Delta[s+](1) = 0.406813,	Delta[s+](2) = 0.260781,	Delta[s+](3) = 0.406813,	Delta[s+](4) = 0.406813,	Delta[s+](5) = 0.260781,	Delta[s+](6) = 0.112597,	Delta[s+](7) = 0.260781,	Delta[s+](8) = 0.260781,	Delta[s+](9) = 0.112597,	Delta[s+](10) = 0.0203761,	Delta[s+](11) = 0.112597,	Delta[s+](12) = 0.406813,	Delta[s+](13) = 0.260781,	Delta[s+](14) = 0.112597,	Delta[s+](15) = 0.260781
The 10-th iteration is completed.	|| time cost : 0h 4m 28.579s
********************************************************************************************************************
Start the 11 rounds of NGS-ED iteration
	effective electronic model is modified as: kinetic energy t = 0.915572
	                                           effective interaction Vq = [ -1.00003,-0.933983,-0.931546,-0.933983,-0.933983,-0.931546,-0.852799,-0.931546,-0.931546,-0.852799, -0.86726,-0.852799,-0.933983,-0.931546,-0.852799,-0.931546]
	PARPACK diagonalization completed after 30 matrix-vector product operations.
	iteration results: : total energy is -38.883542 | electron energy -38.937532 + phonon energy 0.053990 | electron momentum kIdx = 0
The 11-th iteration is completed.	|| time cost : 0h 0m 20.687s
********************************************************************************************************************
Start the 12 rounds of NGS-ED iteration
	effective electronic model is modified as: kinetic energy t = 0.915561
	                                           effective interaction Vq = [ -1.00003,-0.934018,-0.931583,-0.934018,-0.934018,-0.931583,-0.852819,-0.931583,-0.931583,-0.852819,-0.867288,-0.852819,-0.934018,-0.931583,-0.852819,-0.931583]
	PARPACK diagonalization completed after 30 matrix-vector product operations.
	iteration results: : total energy is -38.883556 | electron energy -38.937580 + phonon energy 0.054024 | electron momentum kIdx = 0
The 12-th iteration is completed.	|| time cost : 0h 0m 20.615s
********************************************************************************************************************
Start the 13 rounds of NGS-ED iteration
	effective electronic model is modified as: kinetic energy t = 0.915556
	                                           effective interaction Vq = [ -1.00003,-0.934036,-0.931603,-0.934036,-0.934036,-0.931603,-0.852829,-0.931603,-0.931603,-0.852829,-0.867303,-0.852829,-0.934036,-0.931603,-0.852829,-0.931603]
	PARPACK diagonalization completed after 30 matrix-vector product operations.
	iteration results: : total energy is -38.883562 | electron energy -38.937604 + phonon energy 0.054042 | electron momentum kIdx = 0
The 13-th iteration is completed.	|| time cost : 0h 0m 20.606s
********************************************************************************************************************
Start the 14 rounds of NGS-ED iteration
	effective electronic model is modified as: kinetic energy t = 0.915553
	                                           effective interaction Vq = [ -1.00003,-0.934046,-0.931614,-0.934046,-0.934046,-0.931614,-0.852834,-0.931614,-0.931614,-0.852834,-0.867311,-0.852834,-0.934046,-0.931614,-0.852834,-0.931614]
	PARPACK diagonalization completed after 30 matrix-vector product operations.
	iteration results: : total energy is -38.883564 | electron energy -38.937615 + phonon energy 0.054052 | electron momentum kIdx = 0
The 14-th iteration is completed.	|| time cost : 0h 0m 20.6s
********************************************************************************************************************
Start the 15 rounds of NGS-ED iteration
	effective electronic model is modified as: kinetic energy t = 0.915551
	                                           effective interaction Vq = [ -1.00003,-0.934052,-0.931619,-0.934052,-0.934052,-0.931619,-0.852836,-0.931619,-0.931619,-0.852836,-0.867315,-0.852836,-0.934052,-0.931619,-0.852836,-0.931619]
	PARPACK diagonalization completed after 30 matrix-vector product operations.
	iteration results: : total energy is -38.883564 | electron energy -38.937621 + phonon energy 0.054057 | electron momentum kIdx = 0
The 15-th iteration is completed.	|| time cost : 0h 0m 20.633s
********************************************************************************************************************
Start the 16 rounds of NGS-ED iteration
	effective electronic model is modified as: kinetic energy t = 0.91555
	                                           effective interaction Vq = [ -1.00003,-0.934054,-0.931622,-0.934054,-0.934054,-0.931622,-0.852838,-0.931622,-0.931622,-0.852838,-0.867318,-0.852838,-0.934054,-0.931622,-0.852838,-0.931622]
	PARPACK diagonalization completed after 30 matrix-vector product operations.
	iteration results: : total energy is -38.883565 | electron energy -38.937624 + phonon energy 0.054059 | electron momentum kIdx = 0
The 16-th iteration is completed.	|| time cost : 0h 0m 20.648s
********************************************************************************************************************
Start the 17 rounds of NGS-ED iteration
	effective electronic model is modified as: kinetic energy t = 0.91555
	                                           effective interaction Vq = [ -1.00003,-0.934056,-0.931624,-0.934056,-0.934056,-0.931624,-0.852838,-0.931624,-0.931624,-0.852838,-0.867319,-0.852838,-0.934056,-0.931624,-0.852838,-0.931624]
	PARPACK diagonalization completed after 30 matrix-vector product operations.
	iteration results: : total energy is -38.883565 | electron energy -38.937625 + phonon energy 0.054061 | electron momentum kIdx = 0
The 17-th iteration is completed.	|| time cost : 0h 0m 20.64s
********************************************************************************************************************
Start the 18 rounds of NGS-ED iteration
	effective electronic model is modified as: kinetic energy t = 0.91555
	                                           effective interaction Vq = [ -1.00003,-0.934057,-0.931625,-0.934057,-0.934057,-0.931625,-0.852839,-0.931625,-0.931625,-0.852839, -0.86732,-0.852839,-0.934057,-0.931625,-0.852839,-0.931625]
	PARPACK diagonalization completed after 30 matrix-vector product operations.
	iteration results: : total energy is -38.883565 | electron energy -38.937626 + phonon energy 0.054062 | electron momentum kIdx = 0
The 18-th iteration is completed.	|| time cost : 0h 0m 22.986s
********************************************************************************************************************
Start the 19 rounds of NGS-ED iteration
	effective electronic model is modified as: kinetic energy t = 0.915549
	                                           effective interaction Vq = [ -1.00003,-0.934057,-0.931626,-0.934057,-0.934057,-0.931626,-0.852839,-0.931626,-0.931626,-0.852839, -0.86732,-0.852839,-0.934057,-0.931626,-0.852839,-0.931626]
	PARPACK diagonalization completed after 30 matrix-vector product operations.
	iteration results: : total energy is -38.883565 | electron energy -38.937627 + phonon energy 0.054062 | electron momentum kIdx = 0
The 19-th iteration is completed.	|| time cost : 0h 0m 20.632s
********************************************************************************************************************
Start the 20 rounds of NGS-ED iteration
	effective electronic model is modified as: kinetic energy t = 0.915549
	                                           effective interaction Vq = [ -1.00003,-0.934057,-0.931626,-0.934057,-0.934057,-0.931626,-0.852839,-0.931626,-0.931626,-0.852839, -0.86732,-0.852839,-0.934057,-0.931626,-0.852839,-0.931626]
	PARPACK diagonalization completed after 30 matrix-vector product operations.
	iteration results: : total energy is -38.883565 | electron energy -38.937627 + phonon energy 0.054062 | electron momentum kIdx = 0
	Nq(0) = 16,	Nq(1) = 0.385612,	Nq(2) = 0.732475,	Nq(3) = 0.385612,	Nq(4) = 0.385612,	Nq(5) = 0.732475,	Nq(6) = 0.623649,	Nq(7) = 0.732475,	Nq(8) = 0.732475,	Nq(9) = 0.623649,	Nq(10) = 0.882922,	Nq(11) = 0.623649,	Nq(12) = 0.385612,	Nq(13) = 0.732475,	Nq(14) = 0.623649,	Nq(15) = 0.732475,	Sq(0) = -1.13452e-17,	Sq(1) = 0.359696,	Sq(2) = 0.370147,	Sq(3) = 0.359696,	Sq(4) = 0.359696,	Sq(5) = 0.370147,	Sq(6) = 0.602572,	Sq(7) = 0.370147,	Sq(8) = 0.370147,	Sq(9) = 0.602572,	Sq(10) = 0.615235,	Sq(11) = 0.602572,	Sq(12) = 0.359696,	Sq(13) = 0.370147,	Sq(14) = 0.602572,	Sq(15) = 0.370147,	N(0) = 1.99977,	N(1) = 1.99926,	N(2) = 1,	N(3) = 1.99926,	N(4) = 1.99926,	N(5) = 1,	N(6) = 0.000739788,	N(7) = 1,	N(8) = 1,	N(9) = 0.000739788,	N(10) = 0.000229571,	N(11) = 0.000739788,	N(12) = 1.99926,	N(13) = 1,	N(14) = 0.000739788,	N(15) = 1,	Delta[s](0) = 0.813509,	Delta[s](1) = 0.31131,	Delta[s](2) = 0.25117,	Delta[s](3) = 0.31131,	Delta[s](4) = 0.31131,	Delta[s](5) = 0.25117,	Delta[s](6) = 0.219526,	Delta[s](7) = 0.25117,	Delta[s](8) = 0.25117,	Delta[s](9) = 0.219526,	Delta[s](10) = 0.21353,	Delta[s](11) = 0.219526,	Delta[s](12) = 0.31131,	Delta[s](13) = 0.25117,	Delta[s](14) = 0.219526,	Delta[s](15) = 0.25117,	Delta[d](0) = 0.359197,	Delta[d](1) = 0.289788,	Delta[d](2) = 0.260813,	Delta[d](3) = 0.289788,	Delta[d](4) = 0.289788,	Delta[d](5) = 0.25065,	Delta[d](6) = 0.235021,	Delta[d](7) = 0.25065,	Delta[d](8) = 0.260813,	Delta[d](9) = 0.235021,	Delta[d](10) = 0.141816,	Delta[d](11) = 0.235021,	Delta[d](12) = 0.289788,	Delta[d](13) = 0.25065,	Delta[d](14) = 0.235021,	Delta[d](15) = 0.25065,	Delta[s+](0) = 0.49915,	Delta[s+](1) = 0.406856,	Delta[s+](2) = 0.260813,	Delta[s+](3) = 0.406856,	Delta[s+](4) = 0.406856,	Delta[s+](5) = 0.260813,	Delta[s+](6) = 0.112614,	Delta[s+](7) = 0.260813,	Delta[s+](8) = 0.260813,	Delta[s+](9) = 0.112614,	Delta[s+](10) = 0.0203848,	Delta[s+](11) = 0.112614,	Delta[s+](12) = 0.406856,	Delta[s+](13) = 0.260813,	Delta[s+](14) = 0.112614,	Delta[s+](15) = 0.260813
The 20-th iteration is completed.	|| time cost : 0h 3m 45.281s
********************************************************************************************************************
Start the 21 rounds of NGS-ED iteration
	effective electronic model is modified as: kinetic energy t = 0.915549
	                                           effective interaction Vq = [ -1.00003,-0.934058,-0.931626,-0.934058,-0.934058,-0.931626,-0.852839,-0.931626,-0.931626,-0.852839, -0.86732,-0.852839,-0.934058,-0.931626,-0.852839,-0.931626]
	PARPACK diagonalization completed after 30 matrix-vector product operations.
	iteration results: : total energy is -38.883565 | electron energy -38.937627 + phonon energy 0.054062 | electron momentum kIdx = 0
The 21-th iteration is completed.	|| time cost : 0h 0m 20.678s
********************************************************************************************************************
Start the 22 rounds of NGS-ED iteration
	effective electronic model is modified as: kinetic energy t = 0.915549
	                                           effective interaction Vq = [ -1.00003,-0.934058,-0.931626,-0.934058,-0.934058,-0.931626,-0.852839,-0.931626,-0.931626,-0.852839, -0.86732,-0.852839,-0.934058,-0.931626,-0.852839,-0.931626]
	PARPACK diagonalization completed after 30 matrix-vector product operations.
	iteration results: : total energy is -38.883565 | electron energy -38.937627 + phonon energy 0.054062 | electron momentum kIdx = 0
The 22-th iteration is completed.	|| time cost : 0h 0m 22.295s
********************************************************************************************************************
Start the 23 rounds of NGS-ED iteration
	effective electronic model is modified as: kinetic energy t = 0.915549
	                                           effective interaction Vq = [ -1.00003,-0.934058,-0.931626,-0.934058,-0.934058,-0.931626,-0.852839,-0.931626,-0.931626,-0.852839, -0.86732,-0.852839,-0.934058,-0.931626,-0.852839,-0.931626]
	PARPACK diagonalization completed after 30 matrix-vector product operations.
	iteration results: : total energy is -38.883565 | electron energy -38.937627 + phonon energy 0.054062 | electron momentum kIdx = 0
