TACC:  Starting up job 4188040 
TACC:  Starting parallel tasks... 
SNEDics v3.4 Non-Gaussian ED ground state program		Start at Sun Aug 18 16:48:01 2019

parallized on 32 MPI threads  * 6 OpenMP threads = 192 total threads.
********************************************************************************************************************
********************************************************************************************************************

********************************************************************************************************************
System parameters and configurations
********************************************************************************************************************
Special program options are enabled: splitted diagonal Hamiltonian
********************************************************************************************************************
Read input file "model_params.in"
	Hubbard-Holstein model parameters : 	t = 1    U = 8.5    g = 3.1623    W = 5    
********************************************************************************************************************
Read input file "hilbertspace_params.in"
	Requested 16-site 2D lattice, with 16 electrons (8, 8)
	Boundary : Periodic		Hilbert space representation : momentum-space (restricted to kIdx = 10)
	Conservation: particle number[U(1)]      spin[U(1)]     momentum
********************************************************************************************************************

Cluster Positions:				Cluster symmetry group : D4
 x ... x ... x ... x .....                       x ... x ... x ... x .....
 |           |           :                       |           |           :
 |           |           :                       |           |           :
12    13    14    15     x                       1     5     6     5     x
 |           |           :                       |           |           :
 |           |           :                       |           |           :
 8 --- 9 ---10 ---11 --- x                       2 --- 6 ---10 --- 6 --- x
 |           |           :                       |           |           :
 |           |           :                       |           |           :
 4     5     6     7     x                       1     5     6     5     x
 |           |           :                       |           |           :
 |           |           :                       |           |           :
 0 --- 1 --- 2 --- 3 --- x                       0 --- 1 --- 2 --- 1 --- x
orbital number : 1
********************************************************************************************************************
Read input file "obs_params.in"
	Observable Type : Nq[All],   Sq[All],   N[All]
********************************************************************************************************************
** WARNING ** the input observables have non-local factors which have been reinterpreted. The total observable number is 48
********************************************************************************************************************


********************************************************************************************************************
Start calculating the non-Gaussian ED ground state
** WARNING ** Detected low phonon energy W < 10. The initial state will be prepared through a warm-up process.
********************************************************************************************************************
Start warm-up calculation for scaling factor 2
open output files: NGSEDWarmUpW10Obs.txt
********************************************************************************************************************
Start the 0 rounds of NGS-ED iteration
	effective electronic model is modified as: kinetic energy t = 1
	                                           effective interaction Vq = [0,0,0,0,0,0,0,0,0,0,0,0,0,0,0,0]
	first Hamiltonian is constructed, non-zero numbers = 2845334624
	PARPACK diagonalization completed after 120 matrix-vector product operations.
	iteration results: : total energy is -7.880217 | electron energy -7.880217 + phonon energy 0.000000 | electron momentum kIdx = 10
	Nq(0) = 16,	Nq(1) = 0.0559847,	Nq(2) = 0.099127,	Nq(3) = 0.0559847,	Nq(4) = 0.0559847,	Nq(5) = 0.099127,	Nq(6) = 0.137997,	Nq(7) = 0.099127,	Nq(8) = 0.099127,	Nq(9) = 0.137997,	Nq(10) = 0.174148,	Nq(11) = 0.137997,	Nq(12) = 0.0559847,	Nq(13) = 0.099127,	Nq(14) = 0.137997,	Nq(15) = 0.099127,	Sq(0) = -5.87094e-19,	Sq(1) = 0.229434,	Sq(2) = 0.381985,	Sq(3) = 0.229434,	Sq(4) = 0.229434,	Sq(5) = 0.381985,	Sq(6) = 0.568607,	Sq(7) = 0.381985,	Sq(8) = 0.381985,	Sq(9) = 0.568607,	Sq(10) = 8.97109,	Sq(11) = 0.568607,	Sq(12) = 0.229434,	Sq(13) = 0.381985,	Sq(14) = 0.568607,	Sq(15) = 0.381985,	N(0) = 1.75058,	N(1) = 1.52757,	N(2) = 1,	N(3) = 1.52757,	N(4) = 1.52757,	N(5) = 1,	N(6) = 0.472431,	N(7) = 1,	N(8) = 1,	N(9) = 0.472431,	N(10) = 0.249418,	N(11) = 0.472431,	N(12) = 1.52757,	N(13) = 1,	N(14) = 0.472431,	N(15) = 1
The 0-th iteration is completed.	|| time cost : 0h 2m 47.699s
********************************************************************************************************************
Start the 1 rounds of NGS-ED iteration
	effective electronic model is modified as: kinetic energy t = 0.961077
	                                           effective interaction Vq = [-1.72935,-1.43156,-1.39646,-1.43156,-1.43156,-1.39646,-1.37347,-1.39646,-1.39646,-1.37347,-1.35582,-1.37347,-1.43156,-1.39646,-1.37347,-1.39646]
	PARPACK diagonalization completed after 45 matrix-vector product operations.
	iteration results: : total energy is -37.686490 | electron energy -37.687284 + phonon energy 0.000794 | electron momentum kIdx = 10
The 1-th iteration is completed.	|| time cost : 0h 3m 41.45s
********************************************************************************************************************
Start the 2 rounds of NGS-ED iteration
	effective electronic model is modified as: kinetic energy t = 0.937386
	                                           effective interaction Vq = [ -1.9634,-1.70618,-1.64471,-1.70618,-1.70618,-1.64471,-1.61262,-1.64471,-1.64471,-1.61262, -1.5856,-1.61262,-1.70618,-1.64471,-1.61262,-1.64471]
	PARPACK diagonalization completed after 45 matrix-vector product operations.
	iteration results: : total energy is -41.648600 | electron energy -41.654716 + phonon energy 0.006116 | electron momentum kIdx = 10
The 2-th iteration is completed.	|| time cost : 0h 0m 23.996s
********************************************************************************************************************
Start the 3 rounds of NGS-ED iteration
	effective electronic model is modified as: kinetic energy t = 0.929954
	                                           effective interaction Vq = [-1.99507,-1.77263,-1.70253,-1.77263,-1.77263,-1.70253,-1.66845,-1.70253,-1.70253,-1.66845,-1.63836,-1.66845,-1.77263,-1.70253,-1.66845,-1.70253]
	PARPACK diagonalization completed after 30 matrix-vector product operations.
	iteration results: : total energy is -42.173736 | electron energy -42.184126 + phonon energy 0.010390 | electron momentum kIdx = 10
The 3-th iteration is completed.	|| time cost : 0h 0m 20.328s
********************************************************************************************************************
Start the 4 rounds of NGS-ED iteration
	effective electronic model is modified as: kinetic energy t = 0.927853
	                                           effective interaction Vq = [-1.99936,-1.79066,-1.71753,-1.79066,-1.79066,-1.71753, -1.6829,-1.71753,-1.71753, -1.6829,-1.65181, -1.6829,-1.79066,-1.71753, -1.6829,-1.71753]
	PARPACK diagonalization completed after 30 matrix-vector product operations.
	iteration results: : total energy is -42.243780 | electron energy -42.255875 + phonon energy 0.012095 | electron momentum kIdx = 10
The 4-th iteration is completed.	|| time cost : 0h 0m 20.312s
********************************************************************************************************************
Start the 5 rounds of NGS-ED iteration
	effective electronic model is modified as: kinetic energy t = 0.927271
	                                           effective interaction Vq = [-1.99994,-1.79576,-1.72158,-1.79576,-1.79576,-1.72158,-1.68678,-1.72158,-1.72158,-1.68678,-1.65537,-1.68678,-1.79576,-1.72158,-1.68678,-1.72158]
	PARPACK diagonalization completed after 30 matrix-vector product operations.
	iteration results: : total energy is -42.253176 | electron energy -42.265808 + phonon energy 0.012632 | electron momentum kIdx = 10
The 5-th iteration is completed.	|| time cost : 0h 0m 20.285s
********************************************************************************************************************
Start the 6 rounds of NGS-ED iteration
	effective electronic model is modified as: kinetic energy t = 0.92711
	                                           effective interaction Vq = [-2.00002,-1.79722,-1.72269,-1.79722,-1.79722,-1.72269,-1.68783,-1.72269,-1.72269,-1.68783,-1.65632,-1.68783,-1.79722,-1.72269,-1.68783,-1.72269]
	PARPACK diagonalization completed after 30 matrix-vector product operations.
	iteration results: : total energy is -42.254441 | electron energy -42.267230 + phonon energy 0.012788 | electron momentum kIdx = 10
The 6-th iteration is completed.	|| time cost : 0h 0m 20.306s
********************************************************************************************************************
Start the 7 rounds of NGS-ED iteration
	effective electronic model is modified as: kinetic energy t = 0.927065
	                                           effective interaction Vq = [-2.00003,-1.79764,-1.72299,-1.79764,-1.79764,-1.72299,-1.68812,-1.72299,-1.72299,-1.68812,-1.65658,-1.68812,-1.79764,-1.72299,-1.68812,-1.72299]
	PARPACK diagonalization completed after 30 matrix-vector product operations.
	iteration results: : total energy is -42.254612 | electron energy -42.267444 + phonon energy 0.012832 | electron momentum kIdx = 10
	Nq(0) = 16,	Nq(1) = 0.115598,	Nq(2) = 0.180652,	Nq(3) = 0.115598,	Nq(4) = 0.115598,	Nq(5) = 0.180652,	Nq(6) = 0.244535,	Nq(7) = 0.180652,	Nq(8) = 0.180652,	Nq(9) = 0.244535,	Nq(10) = 0.299004,	Nq(11) = 0.244535,	Nq(12) = 0.115598,	Nq(13) = 0.180652,	Nq(14) = 0.244535,	Nq(15) = 0.180652,	Sq(0) = -3.21105e-19,	Sq(1) = 0.278048,	Sq(2) = 0.405827,	Sq(3) = 0.278048,	Sq(4) = 0.278048,	Sq(5) = 0.405827,	Sq(6) = 0.599616,	Sq(7) = 0.405827,	Sq(8) = 0.405827,	Sq(9) = 0.599616,	Sq(10) = 7.23094,	Sq(11) = 0.599616,	Sq(12) = 0.278048,	Sq(13) = 0.405827,	Sq(14) = 0.599616,	Sq(15) = 0.405827,	N(0) = 1.8777,	N(1) = 1.73564,	N(2) = 1,	N(3) = 1.73564,	N(4) = 1.73564,	N(5) = 1,	N(6) = 0.264356,	N(7) = 1,	N(8) = 1,	N(9) = 0.264356,	N(10) = 0.122297,	N(11) = 0.264356,	N(12) = 1.73564,	N(13) = 1,	N(14) = 0.264356,	N(15) = 1
The 7-th iteration is completed.	|| time cost : 0h 0m 53.576s
********************************************************************************************************************
********************************************************************************************************************
Ground state is obtained after 8 iterations. The current ground-state energy is -42.2546, in which electron energy is -42.2674 and phonon energy is 0.0128321
final variational state is: 
	Gamma_x = [      1,1.01008,1.01702,1.01008,1.01008,1.01702,1.02364,1.01702,1.01702,1.02364,1.02944,1.02364,1.01008,1.01702,1.02364,1.01702]
	lambda_q = [0.447067,0.304994,0.280797,0.304994,0.304994,0.280797, 0.27063,0.280797,0.280797, 0.27063,0.261913, 0.27063,0.304994,0.280797, 0.27063,0.280797]
********************************************************************************************************************
o___o  ----------------------------------------
| L |	Time since last clock: 0h 0m 0s
A===A	Time since the beginning: 0h 9m 7.956s
***********************************************


********************************************************************************************************************
Warm up runs have been completed. Start calculating W = 5 phonon.
open output files: NGSEDIterationObs.txt
Start the 0 rounds of NGS-ED iteration
	effective electronic model is modified as: kinetic energy t = 0.927053
	                                           effective interaction Vq = [-1.82817,-1.46386,-1.38169,-1.46386,-1.46386,-1.38169,-1.34542,-1.38169,-1.38169,-1.34542, -1.3135,-1.34542,-1.46386,-1.38169,-1.34542,-1.38169]
	PARPACK diagonalization completed after 45 matrix-vector product operations.
	iteration results: : total energy is -38.618176 | electron energy -38.624598 + phonon energy 0.006422 | electron momentum kIdx = 10
	Nq(0) = 16,	Nq(1) = 0.095979,	Nq(2) = 0.155829,	Nq(3) = 0.095979,	Nq(4) = 0.095979,	Nq(5) = 0.155829,	Nq(6) = 0.211799,	Nq(7) = 0.155829,	Nq(8) = 0.155829,	Nq(9) = 0.211799,	Nq(10) = 0.261374,	Nq(11) = 0.211799,	Nq(12) = 0.095979,	Nq(13) = 0.155829,	Nq(14) = 0.211799,	Nq(15) = 0.155829,	Sq(0) = 6.14556e-19,	Sq(1) = 0.262082,	Sq(2) = 0.398197,	Sq(3) = 0.262082,	Sq(4) = 0.262082,	Sq(5) = 0.398197,	Sq(6) = 0.585605,	Sq(7) = 0.398197,	Sq(8) = 0.398197,	Sq(9) = 0.585605,	Sq(10) = 7.79261,	Sq(11) = 0.585605,	Sq(12) = 0.262082,	Sq(13) = 0.398197,	Sq(14) = 0.585605,	Sq(15) = 0.398197,	N(0) = 1.84741,	N(1) = 1.67881,	N(2) = 1,	N(3) = 1.67881,	N(4) = 1.67881,	N(5) = 1,	N(6) = 0.321187,	N(7) = 1,	N(8) = 1,	N(9) = 0.321187,	N(10) = 0.152585,	N(11) = 0.321187,	N(12) = 1.67881,	N(13) = 1,	N(14) = 0.321187,	N(15) = 1
The 0-th iteration is completed.	|| time cost : 0h 0m 58.451s
********************************************************************************************************************
Start the 1 rounds of NGS-ED iteration
	effective electronic model is modified as: kinetic energy t = 0.92952
	                                           effective interaction Vq = [-1.93681,-1.47056,-1.37212,-1.47056,-1.47056,-1.37212,-1.32552,-1.37212,-1.37212,-1.32552,-1.28728,-1.32552,-1.47056,-1.37212,-1.32552,-1.37212]
	PARPACK diagonalization completed after 30 matrix-vector product operations.
	iteration results: : total energy is -40.361267 | electron energy -40.376154 + phonon energy 0.014887 | electron momentum kIdx = 10
The 1-th iteration is completed.	|| time cost : 0h 0m 24.392s
********************************************************************************************************************
Start the 2 rounds of NGS-ED iteration
	effective electronic model is modified as: kinetic energy t = 0.930063
	                                           effective interaction Vq = [-1.97677,-1.47348,-1.37029,-1.47348,-1.47348,-1.37029,-1.32125,-1.37029,-1.37029,-1.32125,-1.28194,-1.32125,-1.47348,-1.37029,-1.32125,-1.37029]
	PARPACK diagonalization completed after 30 matrix-vector product operations.
	iteration results: : total energy is -41.001148 | electron energy -41.019553 + phonon energy 0.018405 | electron momentum kIdx = 10
The 2-th iteration is completed.	|| time cost : 0h 0m 23.963s
********************************************************************************************************************
Start the 3 rounds of NGS-ED iteration
	effective electronic model is modified as: kinetic energy t = 0.930148
	                                           effective interaction Vq = [-1.99147,-1.47489,-1.37027,-1.47489,-1.47489,-1.37027,-1.32066,-1.37027,-1.37027,-1.32066,-1.28125,-1.32066,-1.47489,-1.37027,-1.32066,-1.37027]
	PARPACK diagonalization completed after 30 matrix-vector product operations.
	iteration results: : total energy is -41.236427 | electron energy -41.256121 + phonon energy 0.019694 | electron momentum kIdx = 10
The 3-th iteration is completed.	|| time cost : 0h 0m 22.407s
********************************************************************************************************************
Start the 4 rounds of NGS-ED iteration
	effective electronic model is modified as: kinetic energy t = 0.930139
	                                           effective interaction Vq = [-1.99688, -1.4756,-1.37052, -1.4756, -1.4756,-1.37052,-1.32078,-1.37052,-1.37052,-1.32078,-1.28138,-1.32078, -1.4756,-1.37052,-1.32078,-1.37052]
	PARPACK diagonalization completed after 30 matrix-vector product operations.
	iteration results: : total energy is -41.322969 | electron energy -41.343139 + phonon energy 0.020170 | electron momentum kIdx = 10
The 4-th iteration is completed.	|| time cost : 0h 0m 20.319s
********************************************************************************************************************
Start the 5 rounds of NGS-ED iteration
	effective electronic model is modified as: kinetic energy t = 0.930121
	                                           effective interaction Vq = [-1.99887,-1.47595,-1.37072,-1.47595,-1.47595,-1.37072,-1.32095,-1.37072,-1.37072,-1.32095,-1.28156,-1.32095,-1.47595,-1.37072,-1.32095,-1.37072]
	PARPACK diagonalization completed after 30 matrix-vector product operations.
	iteration results: : total energy is -41.354805 | electron energy -41.375157 + phonon energy 0.020352 | electron momentum kIdx = 10
The 5-th iteration is completed.	|| time cost : 0h 0m 20.304s
********************************************************************************************************************
Start the 6 rounds of NGS-ED iteration
	effective electronic model is modified as: kinetic energy t = 0.930108
	                                           effective interaction Vq = [ -1.9996,-1.47613,-1.37083,-1.47613,-1.47613,-1.37083,-1.32105,-1.37083,-1.37083,-1.32105,-1.28167,-1.32105,-1.47613,-1.37083,-1.32105,-1.37083]
	PARPACK diagonalization completed after 30 matrix-vector product operations.
	iteration results: : total energy is -41.366516 | electron energy -41.386941 + phonon energy 0.020425 | electron momentum kIdx = 10
The 6-th iteration is completed.	|| time cost : 0h 0m 20.326s
********************************************************************************************************************
Start the 7 rounds of NGS-ED iteration
	effective electronic model is modified as: kinetic energy t = 0.930101
	                                           effective interaction Vq = [-1.99987,-1.47622, -1.3709,-1.47622,-1.47622, -1.3709,-1.32111, -1.3709, -1.3709,-1.32111,-1.28173,-1.32111,-1.47622, -1.3709,-1.32111, -1.3709]
	PARPACK diagonalization completed after 30 matrix-vector product operations.
	iteration results: : total energy is -41.370825 | electron energy -41.391280 + phonon energy 0.020455 | electron momentum kIdx = 10
The 7-th iteration is completed.	|| time cost : 0h 0m 20.291s
********************************************************************************************************************
Start the 8 rounds of NGS-ED iteration
	effective electronic model is modified as: kinetic energy t = 0.930097
	                                           effective interaction Vq = [-1.99997,-1.47626,-1.37093,-1.47626,-1.47626,-1.37093,-1.32114,-1.37093,-1.37093,-1.32114,-1.28176,-1.32114,-1.47626,-1.37093,-1.32114,-1.37093]
	PARPACK diagonalization completed after 30 matrix-vector product operations.
	iteration results: : total energy is -41.372410 | electron energy -41.392878 + phonon energy 0.020468 | electron momentum kIdx = 10
The 8-th iteration is completed.	|| time cost : 0h 0m 20.278s
********************************************************************************************************************
Start the 9 rounds of NGS-ED iteration
	effective electronic model is modified as: kinetic energy t = 0.930095
	                                           effective interaction Vq = [-2.00001,-1.47628,-1.37094,-1.47628,-1.47628,-1.37094,-1.32116,-1.37094,-1.37094,-1.32116,-1.28178,-1.32116,-1.47628,-1.37094,-1.32116,-1.37094]
	PARPACK diagonalization completed after 30 matrix-vector product operations.
	iteration results: : total energy is -41.372993 | electron energy -41.393466 + phonon energy 0.020474 | electron momentum kIdx = 10
The 9-th iteration is completed.	|| time cost : 0h 0m 20.287s
********************************************************************************************************************
Start the 10 rounds of NGS-ED iteration
	effective electronic model is modified as: kinetic energy t = 0.930095
	                                           effective interaction Vq = [-2.00002,-1.47629,-1.37095,-1.47629,-1.47629,-1.37095,-1.32116,-1.37095,-1.37095,-1.32116,-1.28178,-1.32116,-1.47629,-1.37095,-1.32116,-1.37095]
	PARPACK diagonalization completed after 30 matrix-vector product operations.
	iteration results: : total energy is -41.373207 | electron energy -41.393684 + phonon energy 0.020476 | electron momentum kIdx = 10
	Nq(0) = 16,	Nq(1) = 0.0959267,	Nq(2) = 0.15565,	Nq(3) = 0.0959267,	Nq(4) = 0.0959267,	Nq(5) = 0.15565,	Nq(6) = 0.211389,	Nq(7) = 0.15565,	Nq(8) = 0.15565,	Nq(9) = 0.211389,	Nq(10) = 0.260734,	Nq(11) = 0.211389,	Nq(12) = 0.0959267,	Nq(13) = 0.15565,	Nq(14) = 0.211389,	Nq(15) = 0.15565,	Sq(0) = 1.0744e-18,	Sq(1) = 0.262013,	Sq(2) = 0.398197,	Sq(3) = 0.262013,	Sq(4) = 0.262013,	Sq(5) = 0.398197,	Sq(6) = 0.585646,	Sq(7) = 0.398197,	Sq(8) = 0.398197,	Sq(9) = 0.585646,	Sq(10) = 7.79628,	Sq(11) = 0.585646,	Sq(12) = 0.262013,	Sq(13) = 0.398197,	Sq(14) = 0.585646,	Sq(15) = 0.398197,	N(0) = 1.84692,	N(1) = 1.67837,	N(2) = 1,	N(3) = 1.67837,	N(4) = 1.67837,	N(5) = 1,	N(6) = 0.321635,	N(7) = 1,	N(8) = 1,	N(9) = 0.321635,	N(10) = 0.153083,	N(11) = 0.321635,	N(12) = 1.67837,	N(13) = 1,	N(14) = 0.321635,	N(15) = 1
The 10-th iteration is completed.	|| time cost : 0h 0m 53.525s
********************************************************************************************************************
Start the 11 rounds of NGS-ED iteration
	effective electronic model is modified as: kinetic energy t = 0.930094
	                                           effective interaction Vq = [-2.00003,-1.47629,-1.37095,-1.47629,-1.47629,-1.37095,-1.32117,-1.37095,-1.37095,-1.32117,-1.28179,-1.32117,-1.47629,-1.37095,-1.32117,-1.37095]
	PARPACK diagonalization completed after 30 matrix-vector product operations.
	iteration results: : total energy is -41.373286 | electron energy -41.393764 + phonon energy 0.020478 | electron momentum kIdx = 10
The 11-th iteration is completed.	|| time cost : 0h 0m 20.304s
********************************************************************************************************************
Start the 12 rounds of NGS-ED iteration
	effective electronic model is modified as: kinetic energy t = 0.930094
	                                           effective interaction Vq = [-2.00003,-1.47629,-1.37095,-1.47629,-1.47629,-1.37095,-1.32117,-1.37095,-1.37095,-1.32117,-1.28179,-1.32117,-1.47629,-1.37095,-1.32117,-1.37095]
	PARPACK diagonalization completed after 30 matrix-vector product operations.
	iteration results: : total energy is -41.373315 | electron energy -41.393793 + phonon energy 0.020478 | electron momentum kIdx = 10
The 12-th iteration is completed.	|| time cost : 0h 0m 20.271s
********************************************************************************************************************
Start the 13 rounds of NGS-ED iteration
	effective electronic model is modified as: kinetic energy t = 0.930094
	                                           effective interaction Vq = [-2.00003, -1.4763,-1.37095, -1.4763, -1.4763,-1.37095,-1.32117,-1.37095,-1.37095,-1.32117,-1.28179,-1.32117, -1.4763,-1.37095,-1.32117,-1.37095]
	PARPACK diagonalization completed after 30 matrix-vector product operations.
	iteration results: : total energy is -41.373326 | electron energy -41.393804 + phonon energy 0.020478 | electron momentum kIdx = 10
The 13-th iteration is completed.	|| time cost : 0h 0m 23.212s
********************************************************************************************************************
Start the 14 rounds of NGS-ED iteration
	effective electronic model is modified as: kinetic energy t = 0.930094
	                                           effective interaction Vq = [-2.00003, -1.4763,-1.37095, -1.4763, -1.4763,-1.37095,-1.32117,-1.37095,-1.37095,-1.32117,-1.28179,-1.32117, -1.4763,-1.37095,-1.32117,-1.37095]
	PARPACK diagonalization completed after 30 matrix-vector product operations.
	iteration results: : total energy is -41.373330 | electron energy -41.393808 + phonon energy 0.020478 | electron momentum kIdx = 10
The 14-th iteration is completed.	|| time cost : 0h 0m 20.367s
********************************************************************************************************************
Start the 15 rounds of NGS-ED iteration
	effective electronic model is modified as: kinetic energy t = 0.930094
	                                           effective interaction Vq = [-2.00003, -1.4763,-1.37095, -1.4763, -1.4763,-1.37095,-1.32117,-1.37095,-1.37095,-1.32117,-1.28179,-1.32117, -1.4763,-1.37095,-1.32117,-1.37095]
	PARPACK diagonalization completed after 30 matrix-vector product operations.
	iteration results: : total energy is -41.373331 | electron energy -41.393810 + phonon energy 0.020478 | electron momentum kIdx = 10
The 15-th iteration is completed.	|| time cost : 0h 0m 20.289s
********************************************************************************************************************
Start the 16 rounds of NGS-ED iteration
	effective electronic model is modified as: kinetic energy t = 0.930094
	                                           effective interaction Vq = [-2.00003, -1.4763,-1.37095, -1.4763, -1.4763,-1.37095,-1.32117,-1.37095,-1.37095,-1.32117,-1.28179,-1.32117, -1.4763,-1.37095,-1.32117,-1.37095]
	PARPACK diagonalization completed after 30 matrix-vector product operations.
	iteration results: : total energy is -41.373332 | electron energy -41.393810 + phonon energy 0.020478 | electron momentum kIdx = 10
The 16-th iteration is completed.	|| time cost : 0h 0m 20.321s
********************************************************************************************************************
Start the 17 rounds of NGS-ED iteration
	effective electronic model is modified as: kinetic energy t = 0.930094
	                                           effective interaction Vq = [-2.00003, -1.4763,-1.37095, -1.4763, -1.4763,-1.37095,-1.32117,-1.37095,-1.37095,-1.32117,-1.28179,-1.32117, -1.4763,-1.37095,-1.32117,-1.37095]
	PARPACK diagonalization completed after 30 matrix-vector product operations.
	iteration results: : total energy is -41.373332 | electron energy -41.393810 + phonon energy 0.020478 | electron momentum kIdx = 10
The 17-th iteration is completed.	|| time cost : 0h 0m 20.259s
********************************************************************************************************************
Start the 18 rounds of NGS-ED iteration
	effective electronic model is modified as: kinetic energy t = 0.930094
	                                           effective interaction Vq = [-2.00003, -1.4763,-1.37095, -1.4763, -1.4763,-1.37095,-1.32117,-1.37095,-1.37095,-1.32117,-1.28179,-1.32117, -1.4763,-1.37095,-1.32117,-1.37095]
	PARPACK diagonalization completed after 30 matrix-vector product operations.
	iteration results: : total energy is -41.373332 | electron energy -41.393810 + phonon energy 0.020479 | electron momentum kIdx = 10
The 18-th iteration is completed.	|| time cost : 0h 0m 20.297s
********************************************************************************************************************
Start the 19 rounds of NGS-ED iteration
	effective electronic model is modified as: kinetic energy t = 0.930094
	                                           effective interaction Vq = [-2.00003, -1.4763,-1.37095, -1.4763, -1.4763,-1.37095,-1.32117,-1.37095,-1.37095,-1.32117,-1.28179,-1.32117, -1.4763,-1.37095,-1.32117,-1.37095]
	PARPACK diagonalization completed after 30 matrix-vector product operations.
	iteration results: : total energy is -41.373332 | electron energy -41.393810 + phonon energy 0.020479 | electron momentum kIdx = 10
The 19-th iteration is completed.	|| time cost : 0h 0m 20.302s
********************************************************************************************************************
Start the 20 rounds of NGS-ED iteration
	effective electronic model is modified as: kinetic energy t = 0.930094
	                                           effective interaction Vq = [-2.00003, -1.4763,-1.37095, -1.4763, -1.4763,-1.37095,-1.32117,-1.37095,-1.37095,-1.32117,-1.28179,-1.32117, -1.4763,-1.37095,-1.32117,-1.37095]
	PARPACK diagonalization completed after 30 matrix-vector product operations.
	iteration results: : total energy is -41.373332 | electron energy -41.393811 + phonon energy 0.020479 | electron momentum kIdx = 10
	Nq(0) = 16,	Nq(1) = 0.0959269,	Nq(2) = 0.15565,	Nq(3) = 0.0959269,	Nq(4) = 0.0959269,	Nq(5) = 0.15565,	Nq(6) = 0.211389,	Nq(7) = 0.15565,	Nq(8) = 0.15565,	Nq(9) = 0.211389,	Nq(10) = 0.260734,	Nq(11) = 0.211389,	Nq(12) = 0.0959269,	Nq(13) = 0.15565,	Nq(14) = 0.211389,	Nq(15) = 0.15565,	Sq(0) = 1.63044e-19,	Sq(1) = 0.262014,	Sq(2) = 0.398197,	Sq(3) = 0.262014,	Sq(4) = 0.262014,	Sq(5) = 0.398197,	Sq(6) = 0.585647,	Sq(7) = 0.398197,	Sq(8) = 0.398197,	Sq(9) = 0.585647,	Sq(10) = 7.79627,	Sq(11) = 0.585647,	Sq(12) = 0.262014,	Sq(13) = 0.398197,	Sq(14) = 0.585647,	Sq(15) = 0.398197,	N(0) = 1.84692,	N(1) = 1.67837,	N(2) = 1,	N(3) = 1.67837,	N(4) = 1.67837,	N(5) = 1,	N(6) = 0.321634,	N(7) = 1,	N(8) = 1,	N(9) = 0.321634,	N(10) = 0.153083,	N(11) = 0.321634,	N(12) = 1.67837,	N(13) = 1,	N(14) = 0.321634,	N(15) = 1
The 20-th iteration is completed.	|| time cost : 0h 0m 53.565s
********************************************************************************************************************
Start the 21 rounds of NGS-ED iteration
	effective electronic model is modified as: kinetic energy t = 0.930094
	                                           effective interaction Vq = [-2.00003, -1.4763,-1.37095, -1.4763, -1.4763,-1.37095,-1.32117,-1.37095,-1.37095,-1.32117,-1.28179,-1.32117, -1.4763,-1.37095,-1.32117,-1.37095]
	PARPACK diagonalization completed after 30 matrix-vector product operations.
	iteration results: : total energy is -41.373332 | electron energy -41.393811 + phonon energy 0.020479 | electron momentum kIdx = 10
The 21-th iteration is completed.	|| time cost : 0h 0m 20.307s
********************************************************************************************************************
Start the 22 rounds of NGS-ED iteration
	effective electronic model is modified as: kinetic energy t = 0.930094
	                                           effective interaction Vq = [-2.00003, -1.4763,-1.37095, -1.4763, -1.4763,-1.37095,-1.32117,-1.37095,-1.37095,-1.32117,-1.28179,-1.32117, -1.4763,-1.37095,-1.32117,-1.37095]
	PARPACK diagonalization completed after 30 matrix-vector product operations.
	iteration results: : total energy is -41.373332 | electron energy -41.393811 + phonon energy 0.020479 | electron momentum kIdx = 10
The 22-th iteration is completed.	|| time cost : 0h 0m 20.257s
********************************************************************************************************************
Start the 23 rounds of NGS-ED iteration
	effective electronic model is modified as: kinetic energy t = 0.930094
	                                           effective interaction Vq = [-2.00003, -1.4763,-1.37095, -1.4763, -1.4763,-1.37095,-1.32117,-1.37095,-1.37095,-1.32117,-1.28179,-1.32117, -1.4763,-1.37095,-1.32117,-1.37095]
	PARPACK diagonalization completed after 30 matrix-vector product operations.
	iteration results: : total energy is -41.373332 | electron energy -41.393811 + phonon energy 0.020479 | electron momentum kIdx = 10
The 23-th iteration is completed.	|| time cost : 0h 0m 20.319s
********************************************************************************************************************
Start the 24 rounds of NGS-ED iteration
	effective electronic model is modified as: kinetic energy t = 0.930094
	                                           effective interaction Vq = [-2.00003, -1.4763,-1.37095, -1.4763, -1.4763,-1.37095,-1.32117,-1.37095,-1.37095,-1.32117,-1.28179,-1.32117, -1.4763,-1.37095,-1.32117,-1.37095]
	PARPACK diagonalization completed after 30 matrix-vector product operations.
	iteration results: : total energy is -41.373332 | electron energy -41.393811 + phonon energy 0.020479 | electron momentum kIdx = 10
	Nq(0) = 16,	Nq(1) = 0.0959269,	Nq(2) = 0.15565,	Nq(3) = 0.0959269,	Nq(4) = 0.0959269,	Nq(5) = 0.15565,	Nq(6) = 0.211389,	Nq(7) = 0.15565,	Nq(8) = 0.15565,	Nq(9) = 0.211389,	Nq(10) = 0.260734,	Nq(11) = 0.211389,	Nq(12) = 0.0959269,	Nq(13) = 0.15565,	Nq(14) = 0.211389,	Nq(15) = 0.15565,	Sq(0) = -7.55231e-19,	Sq(1) = 0.262014,	Sq(2) = 0.398197,	Sq(3) = 0.262014,	Sq(4) = 0.262014,	Sq(5) = 0.398197,	Sq(6) = 0.585647,	Sq(7) = 0.398197,	Sq(8) = 0.398197,	Sq(9) = 0.585647,	Sq(10) = 7.79627,	Sq(11) = 0.585647,	Sq(12) = 0.262014,	Sq(13) = 0.398197,	Sq(14) = 0.585647,	Sq(15) = 0.398197,	N(0) = 1.84692,	N(1) = 1.67837,	N(2) = 1,	N(3) = 1.67837,	N(4) = 1.67837,	N(5) = 1,	N(6) = 0.321634,	N(7) = 1,	N(8) = 1,	N(9) = 0.321634,	N(10) = 0.153083,	N(11) = 0.321634,	N(12) = 1.67837,	N(13) = 1,	N(14) = 0.321634,	N(15) = 1
The 24-th iteration is completed.	|| time cost : 0h 0m 54.601s
********************************************************************************************************************
********************************************************************************************************************
Ground state is obtained after 25 iterations. The current ground-state energy is -41.3733, in which electron energy is -41.3938 and phonon energy is 0.0204785
final variational state is: 
	Gamma_x = [      1,1.01936,1.03114,1.01936,1.01936,1.03114,1.04197,1.03114,1.03114,1.04197,1.05135,1.04197,1.01936,1.03114,1.04197,1.03114]
	lambda_q = [0.632459,0.308815,0.277756,0.308815,0.308815,0.277756,0.263987,0.277756,0.277756,0.263987,0.253451,0.263987,0.308815,0.277756,0.263987,0.277756]
********************************************************************************************************************
o___o  ----------------------------------------
| L |	Time since last clock: 0h 0m 0s
A===A	Time since the beginning: 0h 20m 7.183s
***********************************************


Non-Gaussina ED ground state calculation is completed. The final ground-state energy is -41.3733
********************************************************************************************************************
o___o  ----------------------------------------
| L |	Time since last clock: 0h 0m 0s
A===A	Time since the beginning: 0h 20m 7.184s
***********************************************



********************************************************************************************************************
All non-Gaussian ED ground state calculations have been completed. Exit now.
TACC:  Shutdown complete. Exiting. 
