TACC:  Starting up job 2110706 
TACC:  Starting parallel tasks... 
SNEDics v3.20.11 Non-Gaussian ED ground state program		Start at Sat Nov 28 14:27:20 2020

parallized on 32 MPI threads  * 7 OpenMP threads = 224 total threads.
********************************************************************************************************************
********************************************************************************************************************

********************************************************************************************************************
System parameters and configurations
********************************************************************************************************************
Special program options are enabled: splitted diagonal Hamiltonian | splitted Hamiltonian terms
********************************************************************************************************************
Read input file "model_params.in"
	Hubbard-Holstein model parameters : 	t = 1    U = 8    g = 0.01    W = 0.2    g' = 0.03    
********************************************************************************************************************
Read input file "hilbertspace_params.in"
	Requested 16-site 2D lattice, with 12 electrons (6, 6)
	Boundary : Periodic		Hilbert space representation : momentum-space (restricted to kIdx = 0)
	Conservation: particle number[U(1)]      spin[U(1)]     momentum
********************************************************************************************************************

Cluster Positions:				Cluster symmetry group : D4
 x ... x ... x ... x .....                       x ... x ... x ... x .....
 |           |           :                       |           |           :
 |           |           :                       |           |           :
12    13    14    15     x                       1     5     6     5     x
 |           |           :                       |           |           :
 |           |           :                       |           |           :
 8 --- 9 ---10 ---11 --- x                       2 --- 6 ---10 --- 6 --- x
 |           |           :                       |           |           :
 |           |           :                       |           |           :
 4     5     6     7     x                       1     5     6     5     x
 |           |           :                       |           |           :
 |           |           :                       |           |           :
 0 --- 1 --- 2 --- 3 --- x                       0 --- 1 --- 2 --- 1 --- x
orbital number : 1
********************************************************************************************************************
Read input file "obs_params.in"
	Observable Type : Nq(All),   Sq(All),   N(All),   Delta[s](All),   Delta[d](All),   Delta[s+](All)
********************************************************************************************************************
** WARNING ** the input observables have non-local factors which have been reinterpreted. The total observable number is 96
********************************************************************************************************************


********************************************************************************************************************
Start calculating the non-Gaussian ED ground state
Maximal iteration number is 1000; energy resolution is 1e-06. Phonon state relaxation time is 2000
Input file varState.dat exists. Start iterations from it.
open output files: NGSEDIterationObs.txt
********************************************************************************************************************
Start the 0 rounds of NGS-ED iteration
	effective electronic model is modified as: kinetic energy t = 0.999908
	                                           effective interaction Vq = [     -0.0845, -0.00262801,-3.32465e-05, -0.00262801, -0.00262808,-3.62926e-05,-0.000710617,-3.62926e-05,-3.32465e-05,-0.000710615, -0.00304165,-0.000710615, -0.00262808,-3.62926e-05,-0.000710617,-3.62926e-05]
	first Hamiltonian is constructed, non-zero numbers = 4168871660
	PARPACK diagonalization completed after 150 matrix-vector product operations.
	iteration results: : total energy is -15.688194 | electron energy -15.688196 + phonon energy 0.000002 | electron momentum kIdx = 0
	Nq(0) = 9,	Nq(1) = 0.191732,	Nq(2) = 0.266156,	Nq(3) = 0.191732,	Nq(4) = 0.191732,	Nq(5) = 0.245501,	
	Nq(6) = 0.314116,	Nq(7) = 0.245501,	Nq(8) = 0.266156,	Nq(9) = 0.314116,	Nq(10) = 0.36947,	
	Nq(11) = 0.314116,	Nq(12) = 0.191732,	Nq(13) = 0.245501,	Nq(14) = 0.314116,	Nq(15) = 0.245501;	
	Sq(0) = 8.19094e-19,	Sq(1) = 0.554623,	Sq(2) = 0.424359,	Sq(3) = 0.554623,	Sq(4) = 0.554623,	
	Sq(5) = 0.797466,	Sq(6) = 1.01284,	Sq(7) = 0.797466,	Sq(8) = 0.424359,	Sq(9) = 1.01284,	
	Sq(10) = 0.784383,	Sq(11) = 1.01284,	Sq(12) = 0.554623,	Sq(13) = 0.797466,	Sq(14) = 1.01284,	
	Sq(15) = 0.797466;	N(0) = 1.76738,	N(1) = 1.6265,	N(2) = 0.743597,	N(3) = 1.6265,	
	N(4) = 1.6265,	N(5) = 0.392238,	N(6) = 0.144301,	N(7) = 0.392238,	N(8) = 0.743597,	
	N(9) = 0.144301,	N(10) = 0.0932708,	N(11) = 0.144301,	N(12) = 1.6265,	N(13) = 0.392238,	
	N(14) = 0.144301,	N(15) = 0.392238;	Delta[s](0) = 0.0658478,	Delta[s](1) = 0.0454431,	Delta[s](2) = 0.0304195,	
	Delta[s](3) = 0.0454431,	Delta[s](4) = 0.0454431,	Delta[s](5) = 0.0271017,	Delta[s](6) = 0.00917802,	Delta[s](7) = 0.0271017,	
	Delta[s](8) = 0.0304195,	Delta[s](9) = 0.00917802,	Delta[s](10) = 1.27535e-05,	Delta[s](11) = 0.00917802,	Delta[s](12) = 0.0454431,	
	Delta[s](13) = 0.0271017,	Delta[s](14) = 0.00917802,	Delta[s](15) = 0.0271017;	Delta[d](0) = 0.255198,	Delta[d](1) = 0.200184,	
	Delta[d](2) = 0.247141,	Delta[d](3) = 0.200184,	Delta[d](4) = 0.200184,	Delta[d](5) = 0.136639,	Delta[d](6) = 0.167272,	
	Delta[d](7) = 0.136639,	Delta[d](8) = 0.247141,	Delta[d](9) = 0.167272,	Delta[d](10) = 0.0850232,	Delta[d](11) = 0.167272,	
	Delta[d](12) = 0.200184,	Delta[d](13) = 0.136639,	Delta[d](14) = 0.167272,	Delta[d](15) = 0.136639;	Delta[s+](0) = 0.589188,	
	Delta[s+](1) = 0.401769,	Delta[s+](2) = 0.247141,	Delta[s+](3) = 0.401769,	Delta[s+](4) = 0.401769,	Delta[s+](5) = 0.196925,	
	Delta[s+](6) = 0.0695118,	Delta[s+](7) = 0.196925,	Delta[s+](8) = 0.247141,	Delta[s+](9) = 0.0695118,	Delta[s+](10) = 0.0173404,	
	Delta[s+](11) = 0.0695118,	Delta[s+](12) = 0.401769,	Delta[s+](13) = 0.196925,	Delta[s+](14) = 0.0695118,	Delta[s+](15) = 0.196925
	
The 0-th iteration is completed.	|| time cost : 0h 2m 45.033s
********************************************************************************************************************
Start the 1 rounds of NGS-ED iteration
	effective electronic model is modified as: kinetic energy t = 0.999874
	                                           effective interaction Vq = [     -0.0845, -0.00295302,-4.29333e-05, -0.00295302, -0.00295302,-3.98029e-05,-0.000857436,-3.98029e-05,-4.29333e-05,-0.000857436, -0.00370262,-0.000857436, -0.00295302,-3.98029e-05,-0.000857436,-3.98029e-05]
	PARPACK diagonalization completed after 30 matrix-vector product operations.
	iteration results: : total energy is -15.688249 | electron energy -15.688253 + phonon energy 0.000004 | electron momentum kIdx = 0
The 1-th iteration is completed.	|| time cost : 0h 0m 24.343s
********************************************************************************************************************
Start the 2 rounds of NGS-ED iteration
	effective electronic model is modified as: kinetic energy t = 0.999874
	                                           effective interaction Vq = [     -0.0845, -0.00295309,-4.29323e-05, -0.00295309, -0.00295309, -3.9802e-05,-0.000857434, -3.9802e-05,-4.29323e-05,-0.000857434, -0.00370285,-0.000857434, -0.00295309, -3.9802e-05,-0.000857434, -3.9802e-05]
	PARPACK diagonalization completed after 30 matrix-vector product operations.
	iteration results: : total energy is -15.688249 | electron energy -15.688253 + phonon energy 0.000004 | electron momentum kIdx = 0
The 2-th iteration is completed.	|| time cost : 0h 0m 25.567s
********************************************************************************************************************
Start the 3 rounds of NGS-ED iteration
	effective electronic model is modified as: kinetic energy t = 0.999874
	                                           effective interaction Vq = [     -0.0845, -0.00295309,-4.29323e-05, -0.00295309, -0.00295309, -3.9802e-05,-0.000857434, -3.9802e-05,-4.29323e-05,-0.000857434, -0.00370285,-0.000857434, -0.00295309, -3.9802e-05,-0.000857434, -3.9802e-05]
	PARPACK diagonalization completed after 30 matrix-vector product operations.
	iteration results: : total energy is -15.688249 | electron energy -15.688253 + phonon energy 0.000004 | electron momentum kIdx = 0
	Nq(0) = 9,	Nq(1) = 0.191738,	Nq(2) = 0.266151,	Nq(3) = 0.191738,	Nq(4) = 0.191738,	Nq(5) = 0.245497,	
	Nq(6) = 0.314117,	Nq(7) = 0.245497,	Nq(8) = 0.266151,	Nq(9) = 0.314117,	Nq(10) = 0.369496,	
	Nq(11) = 0.314117,	Nq(12) = 0.191738,	Nq(13) = 0.245497,	Nq(14) = 0.314117,	Nq(15) = 0.245497;	
	Sq(0) = 1.3093e-18,	Sq(1) = 0.554619,	Sq(2) = 0.424358,	Sq(3) = 0.554619,	Sq(4) = 0.554619,	
	Sq(5) = 0.797464,	Sq(6) = 1.01284,	Sq(7) = 0.797464,	Sq(8) = 0.424358,	Sq(9) = 1.01284,	
	Sq(10) = 0.784393,	Sq(11) = 1.01284,	Sq(12) = 0.554619,	Sq(13) = 0.797464,	Sq(14) = 1.01284,	
	Sq(15) = 0.797464;	N(0) = 1.76738,	N(1) = 1.62651,	N(2) = 0.74359,	N(3) = 1.62651,	
	N(4) = 1.62651,	N(5) = 0.392233,	N(6) = 0.144299,	N(7) = 0.392233,	N(8) = 0.74359,	
	N(9) = 0.144299,	N(10) = 0.0932706,	N(11) = 0.144299,	N(12) = 1.62651,	N(13) = 0.392233,	
	N(14) = 0.144299,	N(15) = 0.392233;	Delta[s](0) = 0.0658492,	Delta[s](1) = 0.0454441,	Delta[s](2) = 0.0304204,	
	Delta[s](3) = 0.0454441,	Delta[s](4) = 0.0454441,	Delta[s](5) = 0.0271025,	Delta[s](6) = 0.00917833,	Delta[s](7) = 0.0271025,	
	Delta[s](8) = 0.0304204,	Delta[s](9) = 0.00917833,	Delta[s](10) = 1.2755e-05,	Delta[s](11) = 0.00917833,	Delta[s](12) = 0.0454441,	
	Delta[s](13) = 0.0271025,	Delta[s](14) = 0.00917833,	Delta[s](15) = 0.0271025;	Delta[d](0) = 0.255197,	Delta[d](1) = 0.200184,	
	Delta[d](2) = 0.247141,	Delta[d](3) = 0.200184,	Delta[d](4) = 0.200184,	Delta[d](5) = 0.136639,	Delta[d](6) = 0.167272,	
	Delta[d](7) = 0.136639,	Delta[d](8) = 0.247141,	Delta[d](9) = 0.167272,	Delta[d](10) = 0.0850208,	Delta[d](11) = 0.167272,	
	Delta[d](12) = 0.200184,	Delta[d](13) = 0.136639,	Delta[d](14) = 0.167272,	Delta[d](15) = 0.136639;	Delta[s+](0) = 0.58919,	
	Delta[s+](1) = 0.40177,	Delta[s+](2) = 0.247141,	Delta[s+](3) = 0.40177,	Delta[s+](4) = 0.40177,	Delta[s+](5) = 0.196926,	
	Delta[s+](6) = 0.0695119,	Delta[s+](7) = 0.196926,	Delta[s+](8) = 0.247141,	Delta[s+](9) = 0.0695119,	Delta[s+](10) = 0.0173407,	
	Delta[s+](11) = 0.0695119,	Delta[s+](12) = 0.40177,	Delta[s+](13) = 0.196926,	Delta[s+](14) = 0.0695119,	Delta[s+](15) = 0.196926
	
The 3-th iteration is completed.	|| time cost : 0h 1m 14.621s
********************************************************************************************************************
********************************************************************************************************************
Ground state is obtained after 4 iterations. The current ground-state energy is -15.6882, in which electron energy is -15.6883 and phonon energy is 4.11906e-06
Final variational state is: 
	Gamma_x = [      1,1.00274,1.00006,1.00274,1.00274,1.00005,1.00132,1.00005,1.00006,1.00132,1.00676,1.00132,1.00274,1.00005,1.00132,1.00005]
	lambda_q = [       0.65,  0.0217706, 0.00219478,  0.0217706,  0.0217706, 0.00203137,-0.00872664, 0.00203137, 0.00219478,-0.00872664, -0.0170969,-0.00872664,  0.0217706, 0.00203137,-0.00872664, 0.00203137]
Effective e-e interactions mediated by phonons are:
	momentum-space Vq = [     -0.0845, -0.00295309,-4.29323e-05, -0.00295309, -0.00295309, -3.9802e-05,-0.000857434, -3.9802e-05,-4.29323e-05,-0.000857434, -0.00370285,-0.000857434, -0.00295309, -3.9802e-05,-0.000857434, -3.9802e-05]
	real-space Vr = [  -0.10369,-0.0849885,-0.0881295,-0.0849885,-0.0849885, -0.088117,-0.0766058, -0.088117,-0.0881295,-0.0766058,-0.0732058,-0.0766058,-0.0849885, -0.088117,-0.0766058, -0.088117]
********************************************************************************************************************
o___o  ----------------------------------------
| L |	Time since last clock: 0h 0m 0s
A===A	Time since the beginning: 0h 4m 49.567s
***********************************************


Non-Gaussina ED ground state calculation is completed. The final ground-state energy is -15.6882
********************************************************************************************************************
o___o  ----------------------------------------
| L |	Time since last clock: 0h 0m 0s
A===A	Time since the beginning: 0h 4m 49.567s
***********************************************



********************************************************************************************************************
All non-Gaussian ED ground state calculations have been completed. Exit now.
TACC:  Shutdown complete. Exiting. 
