SNEDics v3.22.2 Non-Gaussian ED ground state program		Start at Sat May 14 08:18:21 2022

Parallelization: 32 MPI threads  * 8 OpenMP threads = 256 total threads.
********************************************************************************************************************
********************************************************************************************************************

********************************************************************************************************************
System parameters and configurations
	special program options are enabled: splitted diagonal Hamiltonian | splitted Hamiltonian terms
********************************************************************************************************************
Read input file "model_params.in"
	Hubbard-Holstein model parameters : 	t = 1    t' = -0.3    U = 8    g = 0.3    W = 0.2    g' = 0.45    
********************************************************************************************************************
Read input file "hilbertspace_params.in"
	Requested 16-site 2D lattice, with 8 electrons (4, 4)
	Boundary : Periodic		Hilbert space representation : momentum-space (restricted to kIdx = 2)
	Conservation: particle number[U(1)]      spin[U(1)]     momentum
********************************************************************************************************************

Cluster Positions:				Cluster symmetry group : D4
 x ... x ... x ... x .....                       x ... x ... x ... x .....
 |           |           :                       |           |           :
 |           |           :                       |           |           :
12    13    14    15     x                       1     5     6     5     x
 |           |           :                       |           |           :
 |           |           :                       |           |           :
 8 --- 9 ---10 ---11 --- x                       2 --- 6 ---10 --- 6 --- x
 |           |           :                       |           |           :
 |           |           :                       |           |           :
 4     5     6     7     x                       1     5     6     5     x
 |           |           :                       |           |           :
 |           |           :                       |           |           :
 0 --- 1 --- 2 --- 3 --- x                       0 --- 1 --- 2 --- 1 --- x
orbital number : 1
********************************************************************************************************************
Read input file "obs_params.in"
	Observable Type : Nq(All),   Sq(All),   N(All-Orbital),   Delta[s](All),   Delta[d](All),   Delta[s+](All)
** WARNING ** the input observables have non-local factors which have been reinterpreted. The total observable number is 96
********************************************************************************************************************


********************************************************************************************************************
Start calculating the non-Gaussian ED ground state
Maximal iteration number is 1000; energy resolution is 1e-06. Phonon state relaxation time is 2000
W = 0.2 is relatively large. The non-Gaussian ED calculation starts directly.
open output files: NGSED_iteration_observables.txt
********************************************************************************************************************
Start the 0 rounds of NGS-ED iteration
	effective electronic model is modified as: kinetic energy t = 1, t' = -0.3
	                                           effective interaction Vq = [0,0,0,0,0,0,0,0,0,0,0,0,0,0,0,0]
	first Hamiltonian is constructed, size = 207168 and non-zero numbers = 32240272
	PARPACK diagonalization completed after 105 matrix-vector product operations.
	iteration results: : total energy is -14.589859 | electron energy -14.589859 + phonon energy 0.000000 | electron momentum kIdx = 2
	Nq(0) = 4,	Nq(1) = 0.210989,	Nq(2) = 0.27716,	Nq(3) = 0.210989,	Nq(4) = 0.183815,	Nq(5) = 0.269769,	
	Nq(6) = 0.352301,	Nq(7) = 0.269769,	Nq(8) = 0.21969,	Nq(9) = 0.36765,	Nq(10) = 0.448498,	
	Nq(11) = 0.36765,	Nq(12) = 0.183815,	Nq(13) = 0.269769,	Nq(14) = 0.352301,	Nq(15) = 0.269769;	
	Sq(0) = -1.31941e-18,	Sq(1) = 0.578692,	Sq(2) = 0.918331,	Sq(3) = 0.578692,	Sq(4) = 0.332581,	
	Sq(5) = 0.45046,	Sq(6) = 0.571755,	Sq(7) = 0.45046,	Sq(8) = 0.294095,	Sq(9) = 0.623631,	
	Sq(10) = 0.51848,	Sq(11) = 0.623631,	Sq(12) = 0.332581,	Sq(13) = 0.45046,	Sq(14) = 0.571755,	
	Sq(15) = 0.45046;	N(0) = 1.69474,	N(1) = 0.981264,	N(2) = 0.249236,	N(3) = 0.981264,	
	N(4) = 1.71528,	N(5) = 0.0941986,	N(6) = 0.0463095,	N(7) = 0.0941986,	N(8) = 0.121871,	
	N(9) = 0.029174,	N(10) = 0.0133117,	N(11) = 0.029174,	N(12) = 1.71528,	N(13) = 0.0941986,	
	N(14) = 0.0463095,	N(15) = 0.0941986;	Delta[s](0) = 0.0143768,	Delta[s](1) = 0.00762425,	Delta[s](2) = 0.0048699,	
	Delta[s](3) = 0.00762425,	Delta[s](4) = 0.012928,	Delta[s](5) = 0.0073522,	Delta[s](6) = 0.0049988,	Delta[s](7) = 0.0073522,	
	Delta[s](8) = 0.0115169,	Delta[s](9) = 0.0056332,	Delta[s](10) = 0.00442737,	Delta[s](11) = 0.0056332,	Delta[s](12) = 0.012928,	
	Delta[s](13) = 0.0073522,	Delta[s](14) = 0.0049988,	Delta[s](15) = 0.0073522;	Delta[d](0) = 0.0741947,	Delta[d](1) = 0.0237607,	
	Delta[d](2) = 0.0235091,	Delta[d](3) = 0.0237607,	Delta[d](4) = 0.0992156,	Delta[d](5) = 0.0486771,	Delta[d](6) = 0.0383642,	
	Delta[d](7) = 0.0486771,	Delta[d](8) = 0.125475,	Delta[d](9) = 0.0421849,	Delta[d](10) = 0.027,	Delta[d](11) = 0.0421849,	
	Delta[d](12) = 0.0992156,	Delta[d](13) = 0.0486771,	Delta[d](14) = 0.0383642,	Delta[d](15) = 0.0486771;	Delta[s+](0) = 0.28417,	
	Delta[s+](1) = 0.113146,	Delta[s+](2) = 0.0235091,	Delta[s+](3) = 0.113146,	Delta[s+](4) = 0.223553,	Delta[s+](5) = 0.0713292,	
	Delta[s+](6) = 0.0117193,	Delta[s+](7) = 0.0713292,	Delta[s+](8) = 0.125475,	Delta[s+](9) = 0.0218081,	Delta[s+](10) = 0.00345238,	
	Delta[s+](11) = 0.0218081,	Delta[s+](12) = 0.223553,	Delta[s+](13) = 0.0713292,	Delta[s+](14) = 0.0117193,	Delta[s+](15) = 0.0713292
	
The 0-th iteration is completed.	|| time cost : 0h 0m 5.619s
********************************************************************************************************************
Start the 1 rounds of NGS-ED iteration
	effective electronic model is modified as: kinetic energy (tx,ty)=(0.798599, 0.77082), t' = -0.227528
	                                           effective interaction Vq = [    -22.05,  -4.92458,-0.0589516,  -4.92458,  -5.16153,-0.0612238,   -0.2807,-0.0612238,-0.0668076, -0.358177,  -9.15027, -0.358177,  -5.16153,-0.0612238,   -0.2807,-0.0612238]
	PARPACK diagonalization completed after 45 matrix-vector product operations.
	iteration results: : total energy is -123.974675 | electron energy -126.238216 + phonon energy 2.263541 | electron momentum kIdx = 2
The 1-th iteration is completed.	|| time cost : 0h 0m 4.299s
********************************************************************************************************************
Start the 2 rounds of NGS-ED iteration
	effective electronic model is modified as: kinetic energy (tx,ty)=(0.668597, 0.668744), t' = -0.29885
	                                           effective interaction Vq = [    -22.05, -0.268432,-0.0151564, -0.268432, -0.248429,-0.0151994,-0.0577409,-0.0151994,-0.0147094,-0.0586885,  -11.2456,-0.0586885, -0.248429,-0.0151994,-0.0577409,-0.0151994]
	PARPACK diagonalization completed after 30 matrix-vector product operations.
	iteration results: : total energy is -133.348822 | electron energy -134.096521 + phonon energy 0.747699 | electron momentum kIdx = 2
The 2-th iteration is completed.	|| time cost : 0h 0m 1.507s
********************************************************************************************************************
Start the 3 rounds of NGS-ED iteration
	effective electronic model is modified as: kinetic energy (tx,ty)=(0.575145, 0.575151), t' = -0.299071
	                                           effective interaction Vq = [    -22.05, -0.235296,-0.0142891, -0.235296, -0.234295,-0.0130892,-0.0489089,-0.0130892,  -0.01423,-0.0489601,  -11.2478,-0.0489601, -0.234295,-0.0130892,-0.0489089,-0.0130892]
	PARPACK diagonalization completed after 30 matrix-vector product operations.
	iteration results: : total energy is -133.411892 | electron energy -133.936020 + phonon energy 0.524128 | electron momentum kIdx = 2
The 3-th iteration is completed.	|| time cost : 0h 0m 1.515s
********************************************************************************************************************
Start the 4 rounds of NGS-ED iteration
	effective electronic model is modified as: kinetic energy (tx,ty)=(0.538951, 0.538949), t' = -0.299019
	                                           effective interaction Vq = [    -22.05, -0.242154,-0.0147934, -0.242154,  -0.24267,-0.0132604,-0.0489316,-0.0132604,-0.0147484,-0.0488163,  -11.2482,-0.0488163,  -0.24267,-0.0132604,-0.0489316,-0.0132604]
	PARPACK diagonalization completed after 30 matrix-vector product operations.
	iteration results: : total energy is -133.418708 | electron energy -133.879676 + phonon energy 0.460968 | electron momentum kIdx = 2
The 4-th iteration is completed.	|| time cost : 0h 0m 1.472s
********************************************************************************************************************
Start the 5 rounds of NGS-ED iteration
	effective electronic model is modified as: kinetic energy (tx,ty)=(0.522492, 0.522487), t' = -0.298986
	                                           effective interaction Vq = [    -22.05, -0.246253,-0.0150701, -0.246253,  -0.24726,-0.0134254,-0.0493042,-0.0134254,-0.0150293,-0.0491266,  -11.2484,-0.0491266,  -0.24726,-0.0134254,-0.0493042,-0.0134254]
	PARPACK diagonalization completed after 30 matrix-vector product operations.
	iteration results: : total energy is -133.419972 | electron energy -133.855198 + phonon energy 0.435227 | electron momentum kIdx = 2
The 5-th iteration is completed.	|| time cost : 0h 0m 1.501s
********************************************************************************************************************
Start the 6 rounds of NGS-ED iteration
	effective electronic model is modified as: kinetic energy (tx,ty)=(0.514432, 0.514426), t' = -0.298969
	                                           effective interaction Vq = [    -22.05, -0.248387,-0.0152115, -0.248387, -0.249602, -0.013521,-0.0495538, -0.013521,-0.0151723,-0.0493476,  -11.2485,-0.0493476, -0.249602, -0.013521,-0.0495538, -0.013521]
	PARPACK diagonalization completed after 30 matrix-vector product operations.
	iteration results: : total energy is -133.420261 | electron energy -133.843476 + phonon energy 0.423216 | electron momentum kIdx = 2
The 6-th iteration is completed.	|| time cost : 0h 0m 1.498s
********************************************************************************************************************
Start the 7 rounds of NGS-ED iteration
	effective electronic model is modified as: kinetic energy (tx,ty)=(0.51034, 0.510334), t' = -0.298959
	                                           effective interaction Vq = [    -22.05, -0.249495,-0.0152844, -0.249495,  -0.25081,-0.0135728, -0.049696,-0.0135728, -0.015246,-0.0494759,  -11.2485,-0.0494759,  -0.25081,-0.0135728, -0.049696,-0.0135728]
	PARPACK diagonalization completed after 90 matrix-vector product operations.
	iteration results: : total energy is -133.525811 | electron energy -133.943069 + phonon energy 0.417258 | electron momentum kIdx = 2
The 7-th iteration is completed.	|| time cost : 0h 0m 1.657s
********************************************************************************************************************
Start the 8 rounds of NGS-ED iteration
	effective electronic model is modified as: kinetic energy t = 0.489925, t' = -0.298759
	                                           effective interaction Vq = [    -22.05, -0.272744,-0.0164141, -0.272744, -0.272744,-0.0149826,-0.0551159,-0.0149826,-0.0164141,-0.0551158,  -11.2487,-0.0551158, -0.272744,-0.0149826,-0.0551159,-0.0149826]
	PARPACK diagonalization completed after 30 matrix-vector product operations.
	iteration results: : total energy is -133.527479 | electron energy -133.916588 + phonon energy 0.389109 | electron momentum kIdx = 2
The 8-th iteration is completed.	|| time cost : 0h 0m 1.368s
********************************************************************************************************************
Start the 9 rounds of NGS-ED iteration
	effective electronic model is modified as: kinetic energy t = 0.478524, t' = -0.298725
	                                           effective interaction Vq = [    -22.05, -0.276355,-0.0166275, -0.276355, -0.276355,-0.0151926, -0.055845,-0.0151926,-0.0166275, -0.055845,  -11.2488, -0.055845, -0.276355,-0.0151926, -0.055845,-0.0151926]
	PARPACK diagonalization completed after 30 matrix-vector product operations.
	iteration results: : total energy is -133.527971 | electron energy -133.902115 + phonon energy 0.374144 | electron momentum kIdx = 2
The 9-th iteration is completed.	|| time cost : 0h 0m 1.365s
********************************************************************************************************************
Start the 10 rounds of NGS-ED iteration
	effective electronic model is modified as: kinetic energy t = 0.471779, t' = -0.298707
	                                           effective interaction Vq = [    -22.05, -0.278322,-0.0167443, -0.278322, -0.278322,-0.0153123,-0.0562723,-0.0153123,-0.0167443,-0.0562723,  -11.2488,-0.0562723, -0.278322,-0.0153123,-0.0562723,-0.0153123]
	PARPACK diagonalization completed after 30 matrix-vector product operations.
	iteration results: : total energy is -133.528138 | electron energy -133.893706 + phonon energy 0.365568 | electron momentum kIdx = 2
The 10-th iteration is completed.	|| time cost : 0h 0m 1.354s
********************************************************************************************************************
Start the 11 rounds of NGS-ED iteration
	effective electronic model is modified as: kinetic energy t = 0.467666, t' = -0.298695
	                                           effective interaction Vq = [    -22.05, -0.279509,-0.0168149, -0.279509, -0.279509,-0.0153861,-0.0565396,-0.0153861,-0.0168149,-0.0565396,  -11.2488,-0.0565396, -0.279509,-0.0153861,-0.0565396,-0.0153861]
	PARPACK diagonalization completed after 30 matrix-vector product operations.
	iteration results: : total energy is -133.528199 | electron energy -133.888636 + phonon energy 0.360437 | electron momentum kIdx = 2
The 11-th iteration is completed.	|| time cost : 0h 0m 1.354s
********************************************************************************************************************
Start the 12 rounds of NGS-ED iteration
	effective electronic model is modified as: kinetic energy t = 0.465111, t' = -0.298688
	                                           effective interaction Vq = [    -22.05, -0.280243,-0.0168586, -0.280243, -0.280243,-0.0154322,-0.0567083,-0.0154322,-0.0168586,-0.0567083,  -11.2489,-0.0567083, -0.280243,-0.0154322,-0.0567083,-0.0154322]
	PARPACK diagonalization completed after 30 matrix-vector product operations.
	iteration results: : total energy is -133.528222 | electron energy -133.885508 + phonon energy 0.357285 | electron momentum kIdx = 2
The 12-th iteration is completed.	|| time cost : 0h 0m 1.349s
********************************************************************************************************************
Start the 13 rounds of NGS-ED iteration
	effective electronic model is modified as: kinetic energy t = 0.463506, t' = -0.298684
	                                           effective interaction Vq = [    -22.05, -0.280703,-0.0168859, -0.280703, -0.280703,-0.0154613,-0.0568152,-0.0154613,-0.0168859,-0.0568152,  -11.2489,-0.0568152, -0.280703,-0.0154613,-0.0568152,-0.0154613]
	PARPACK diagonalization completed after 30 matrix-vector product operations.
	iteration results: : total energy is -133.528231 | electron energy -133.883550 + phonon energy 0.355319 | electron momentum kIdx = 2
The 13-th iteration is completed.	|| time cost : 0h 0m 1.37s
********************************************************************************************************************
Start the 14 rounds of NGS-ED iteration
	effective electronic model is modified as: kinetic energy t = 0.462489, t' = -0.298681
	                                           effective interaction Vq = [    -22.05, -0.280993,-0.0169031, -0.280993, -0.280993,-0.0154797,-0.0568832,-0.0154797,-0.0169031,-0.0568832,  -11.2489,-0.0568832, -0.280993,-0.0154797,-0.0568832,-0.0154797]
	PARPACK diagonalization completed after 30 matrix-vector product operations.
	iteration results: : total energy is -133.528235 | electron energy -133.882315 + phonon energy 0.354080 | electron momentum kIdx = 2
The 14-th iteration is completed.	|| time cost : 0h 0m 1.347s
********************************************************************************************************************
Start the 15 rounds of NGS-ED iteration
	effective electronic model is modified as: kinetic energy t = 0.461843, t' = -0.298679
	                                           effective interaction Vq = [    -22.05, -0.281177,-0.0169141, -0.281177, -0.281177,-0.0154915,-0.0569267,-0.0154915,-0.0169141,-0.0569267,  -11.2489,-0.0569267, -0.281177,-0.0154915,-0.0569267,-0.0154915]
	PARPACK diagonalization completed after 30 matrix-vector product operations.
	iteration results: : total energy is -133.528236 | electron energy -133.881531 + phonon energy 0.353295 | electron momentum kIdx = 2
The 15-th iteration is completed.	|| time cost : 0h 0m 1.356s
********************************************************************************************************************
Start the 16 rounds of NGS-ED iteration
	effective electronic model is modified as: kinetic energy t = 0.461431, t' = -0.298678
	                                           effective interaction Vq = [    -22.05, -0.281295,-0.0169211, -0.281295, -0.281295,-0.0154989,-0.0569544,-0.0154989,-0.0169211,-0.0569544,  -11.2489,-0.0569544, -0.281295,-0.0154989,-0.0569544,-0.0154989]
	PARPACK diagonalization completed after 30 matrix-vector product operations.
	iteration results: : total energy is -133.528237 | electron energy -133.881032 + phonon energy 0.352795 | electron momentum kIdx = 2
The 16-th iteration is completed.	|| time cost : 0h 0m 1.345s
********************************************************************************************************************
Start the 17 rounds of NGS-ED iteration
	effective electronic model is modified as: kinetic energy t = 0.461168, t' = -0.298678
	                                           effective interaction Vq = [    -22.05,  -0.28137,-0.0169255,  -0.28137,  -0.28137,-0.0155037,-0.0569722,-0.0155037,-0.0169255,-0.0569722,  -11.2489,-0.0569722,  -0.28137,-0.0155037,-0.0569722,-0.0155037]
	PARPACK diagonalization completed after 30 matrix-vector product operations.
	iteration results: : total energy is -133.528237 | electron energy -133.880713 + phonon energy 0.352476 | electron momentum kIdx = 2
The 17-th iteration is completed.	|| time cost : 0h 0m 1.345s
********************************************************************************************************************
Start the 18 rounds of NGS-ED iteration
	effective electronic model is modified as: kinetic energy t = 0.461, t' = -0.298677
	                                           effective interaction Vq = [    -22.05, -0.281417,-0.0169284, -0.281417, -0.281417,-0.0155068,-0.0569835,-0.0155068,-0.0169284,-0.0569835,  -11.2489,-0.0569835, -0.281417,-0.0155068,-0.0569835,-0.0155068]
	PARPACK diagonalization completed after 30 matrix-vector product operations.
	iteration results: : total energy is -133.528237 | electron energy -133.880509 + phonon energy 0.352272 | electron momentum kIdx = 2
The 18-th iteration is completed.	|| time cost : 0h 0m 1.353s
********************************************************************************************************************
Start the 19 rounds of NGS-ED iteration
	effective electronic model is modified as: kinetic energy t = 0.460892, t' = -0.298677
	                                           effective interaction Vq = [    -22.05, -0.281448,-0.0169302, -0.281448, -0.281448,-0.0155088,-0.0569908,-0.0155088,-0.0169302,-0.0569908,  -11.2489,-0.0569908, -0.281448,-0.0155088,-0.0569908,-0.0155088]
	PARPACK diagonalization completed after 30 matrix-vector product operations.
	iteration results: : total energy is -133.528237 | electron energy -133.880379 + phonon energy 0.352141 | electron momentum kIdx = 2
The 19-th iteration is completed.	|| time cost : 0h 0m 1.347s
********************************************************************************************************************
Start the 20 rounds of NGS-ED iteration
	effective electronic model is modified as: kinetic energy t = 0.460823, t' = -0.298677
	                                           effective interaction Vq = [    -22.05, -0.281468,-0.0169313, -0.281468, -0.281468,  -0.01551,-0.0569955,  -0.01551,-0.0169313,-0.0569955,  -11.2489,-0.0569955, -0.281468,  -0.01551,-0.0569955,  -0.01551]
	PARPACK diagonalization completed after 30 matrix-vector product operations.
	iteration results: : total energy is -133.528237 | electron energy -133.880295 + phonon energy 0.352058 | electron momentum kIdx = 2
The 20-th iteration is completed.	|| time cost : 0h 0m 1.359s
********************************************************************************************************************
Start the 21 rounds of NGS-ED iteration
	effective electronic model is modified as: kinetic energy t = 0.460779, t' = -0.298676
	                                           effective interaction Vq = [    -22.05,  -0.28148,-0.0169321,  -0.28148,  -0.28148,-0.0155108,-0.0569985,-0.0155108,-0.0169321,-0.0569985,  -11.2489,-0.0569985,  -0.28148,-0.0155108,-0.0569985,-0.0155108]
	PARPACK diagonalization completed after 30 matrix-vector product operations.
	iteration results: : total energy is -133.528237 | electron energy -133.880242 + phonon energy 0.352004 | electron momentum kIdx = 2
The 21-th iteration is completed.	|| time cost : 0h 0m 1.359s
********************************************************************************************************************
Start the 22 rounds of NGS-ED iteration
	effective electronic model is modified as: kinetic energy t = 0.46075, t' = -0.298676
	                                           effective interaction Vq = [    -22.05, -0.281488,-0.0169326, -0.281488, -0.281488,-0.0155113,-0.0570004,-0.0155113,-0.0169326,-0.0570004,  -11.2489,-0.0570004, -0.281488,-0.0155113,-0.0570004,-0.0155113]
	PARPACK diagonalization completed after 30 matrix-vector product operations.
	iteration results: : total energy is -133.528237 | electron energy -133.880207 + phonon energy 0.351970 | electron momentum kIdx = 2
The 22-th iteration is completed.	|| time cost : 0h 0m 1.353s
********************************************************************************************************************
Start the 23 rounds of NGS-ED iteration
	effective electronic model is modified as: kinetic energy t = 0.460732, t' = -0.298676
	                                           effective interaction Vq = [    -22.05, -0.281494,-0.0169329, -0.281494, -0.281494,-0.0155117,-0.0570016,-0.0155117,-0.0169329,-0.0570016,  -11.2489,-0.0570016, -0.281494,-0.0155117,-0.0570016,-0.0155117]
	PARPACK diagonalization completed after 30 matrix-vector product operations.
	iteration results: : total energy is -133.528237 | electron energy -133.880185 + phonon energy 0.351948 | electron momentum kIdx = 2
The 23-th iteration is completed.	|| time cost : 0h 0m 1.259s
********************************************************************************************************************
Start the 24 rounds of NGS-ED iteration
	effective electronic model is modified as: kinetic energy t = 0.460721, t' = -0.298676
	                                           effective interaction Vq = [    -22.05, -0.281497,-0.0169331, -0.281497, -0.281497,-0.0155119,-0.0570024,-0.0155119,-0.0169331,-0.0570024,  -11.2489,-0.0570024, -0.281497,-0.0155119,-0.0570024,-0.0155119]
	PARPACK diagonalization completed after 30 matrix-vector product operations.
	iteration results: : total energy is -133.528237 | electron energy -133.880171 + phonon energy 0.351934 | electron momentum kIdx = 2
The 24-th iteration is completed.	|| time cost : 0h 0m 1.355s
********************************************************************************************************************
Start the 25 rounds of NGS-ED iteration
	effective electronic model is modified as: kinetic energy t = 0.460713, t' = -0.298676
	                                           effective interaction Vq = [    -22.05, -0.281499,-0.0169332, -0.281499, -0.281499, -0.015512,-0.0570029, -0.015512,-0.0169332,-0.0570029,  -11.2489,-0.0570029, -0.281499, -0.015512,-0.0570029, -0.015512]
	PARPACK diagonalization completed after 30 matrix-vector product operations.
	iteration results: : total energy is -133.528237 | electron energy -133.880162 + phonon energy 0.351925 | electron momentum kIdx = 2
The 25-th iteration is completed.	|| time cost : 0h 0m 1.335s
********************************************************************************************************************
Start the 26 rounds of NGS-ED iteration
	effective electronic model is modified as: kinetic energy t = 0.460708, t' = -0.298676
	                                           effective interaction Vq = [    -22.05,   -0.2815,-0.0169333,   -0.2815,   -0.2815,-0.0155121,-0.0570032,-0.0155121,-0.0169333,-0.0570032,  -11.2489,-0.0570032,   -0.2815,-0.0155121,-0.0570032,-0.0155121]
	PARPACK diagonalization completed after 30 matrix-vector product operations.
	iteration results: : total energy is -133.528237 | electron energy -133.880156 + phonon energy 0.351919 | electron momentum kIdx = 2
The 26-th iteration is completed.	|| time cost : 0h 0m 1.342s
********************************************************************************************************************
Start the 27 rounds of NGS-ED iteration
	effective electronic model is modified as: kinetic energy t = 0.460705, t' = -0.298676
	                                           effective interaction Vq = [    -22.05, -0.281501,-0.0169333, -0.281501, -0.281501,-0.0155122,-0.0570034,-0.0155122,-0.0169333,-0.0570034,  -11.2489,-0.0570034, -0.281501,-0.0155122,-0.0570034,-0.0155122]
	PARPACK diagonalization completed after 30 matrix-vector product operations.
	iteration results: : total energy is -133.528237 | electron energy -133.880153 + phonon energy 0.351915 | electron momentum kIdx = 2
The 27-th iteration is completed.	|| time cost : 0h 0m 1.347s
********************************************************************************************************************
Start the 28 rounds of NGS-ED iteration
	effective electronic model is modified as: kinetic energy t = 0.460703, t' = -0.298676
	                                           effective interaction Vq = [    -22.05, -0.281502,-0.0169334, -0.281502, -0.281502,-0.0155122,-0.0570036,-0.0155122,-0.0169334,-0.0570036,  -11.2489,-0.0570036, -0.281502,-0.0155122,-0.0570036,-0.0155122]
	PARPACK diagonalization completed after 30 matrix-vector product operations.
	iteration results: : total energy is -133.528237 | electron energy -133.880150 + phonon energy 0.351913 | electron momentum kIdx = 2
The 28-th iteration is completed.	|| time cost : 0h 0m 1.353s
********************************************************************************************************************
Start the 29 rounds of NGS-ED iteration
	effective electronic model is modified as: kinetic energy t = 0.460702, t' = -0.298676
	                                           effective interaction Vq = [    -22.05, -0.281502,-0.0169334, -0.281502, -0.281502,-0.0155122,-0.0570037,-0.0155122,-0.0169334,-0.0570037,  -11.2489,-0.0570037, -0.281502,-0.0155122,-0.0570037,-0.0155122]
	PARPACK diagonalization completed after 30 matrix-vector product operations.
	iteration results: : total energy is -133.528237 | electron energy -133.880149 + phonon energy 0.351911 | electron momentum kIdx = 2
The 29-th iteration is completed.	|| time cost : 0h 0m 1.353s
********************************************************************************************************************
Start the 30 rounds of NGS-ED iteration
	effective electronic model is modified as: kinetic energy t = 0.460701, t' = -0.298676
	                                           effective interaction Vq = [    -22.05, -0.281502,-0.0169334, -0.281502, -0.281502,-0.0155122,-0.0570037,-0.0155122,-0.0169334,-0.0570037,  -11.2489,-0.0570037, -0.281502,-0.0155122,-0.0570037,-0.0155122]
	PARPACK diagonalization completed after 30 matrix-vector product operations.
	iteration results: : total energy is -133.528237 | electron energy -133.880148 + phonon energy 0.351910 | electron momentum kIdx = 2
The 30-th iteration is completed.	|| time cost : 0h 0m 1.358s
********************************************************************************************************************
Start the 31 rounds of NGS-ED iteration
	effective electronic model is modified as: kinetic energy t = 0.460701, t' = -0.298676
	                                           effective interaction Vq = [    -22.05, -0.281503,-0.0169334, -0.281503, -0.281503,-0.0155122,-0.0570037,-0.0155122,-0.0169334,-0.0570037,  -11.2489,-0.0570037, -0.281503,-0.0155122,-0.0570037,-0.0155122]
	PARPACK diagonalization completed after 30 matrix-vector product operations.
	iteration results: : total energy is -133.528237 | electron energy -133.880147 + phonon energy 0.351910 | electron momentum kIdx = 2
The 31-th iteration is completed.	|| time cost : 0h 0m 1.349s
********************************************************************************************************************
Start the 32 rounds of NGS-ED iteration
	effective electronic model is modified as: kinetic energy t = 0.4607, t' = -0.298676
	                                           effective interaction Vq = [    -22.05, -0.281503,-0.0169334, -0.281503, -0.281503,-0.0155123,-0.0570038,-0.0155123,-0.0169334,-0.0570038,  -11.2489,-0.0570038, -0.281503,-0.0155123,-0.0570038,-0.0155123]
	PARPACK diagonalization completed after 30 matrix-vector product operations.
	iteration results: : total energy is -133.528237 | electron energy -133.880147 + phonon energy 0.351909 | electron momentum kIdx = 2
The 32-th iteration is completed.	|| time cost : 0h 0m 1.353s
********************************************************************************************************************
Start the 33 rounds of NGS-ED iteration
	effective electronic model is modified as: kinetic energy t = 0.4607, t' = -0.298676
	                                           effective interaction Vq = [    -22.05, -0.281503,-0.0169334, -0.281503, -0.281503,-0.0155123,-0.0570038,-0.0155123,-0.0169334,-0.0570038,  -11.2489,-0.0570038, -0.281503,-0.0155123,-0.0570038,-0.0155123]
	PARPACK diagonalization completed after 30 matrix-vector product operations.
	iteration results: : total energy is -133.528237 | electron energy -133.880147 + phonon energy 0.351909 | electron momentum kIdx = 2
The 33-th iteration is completed.	|| time cost : 0h 0m 1.358s
********************************************************************************************************************
Start the 34 rounds of NGS-ED iteration
	effective electronic model is modified as: kinetic energy t = 0.4607, t' = -0.298676
	                                           effective interaction Vq = [    -22.05, -0.281503,-0.0169334, -0.281503, -0.281503,-0.0155123,-0.0570038,-0.0155123,-0.0169334,-0.0570038,  -11.2489,-0.0570038, -0.281503,-0.0155123,-0.0570038,-0.0155123]
	PARPACK diagonalization completed after 30 matrix-vector product operations.
	iteration results: : total energy is -133.528237 | electron energy -133.880146 + phonon energy 0.351909 | electron momentum kIdx = 2
The 34-th iteration is completed.	|| time cost : 0h 0m 1.351s
********************************************************************************************************************
Start the 35 rounds of NGS-ED iteration
	effective electronic model is modified as: kinetic energy t = 0.4607, t' = -0.298676
	                                           effective interaction Vq = [    -22.05, -0.281503,-0.0169334, -0.281503, -0.281503,-0.0155123,-0.0570038,-0.0155123,-0.0169334,-0.0570038,  -11.2489,-0.0570038, -0.281503,-0.0155123,-0.0570038,-0.0155123]
	PARPACK diagonalization completed after 30 matrix-vector product operations.
	iteration results: : total energy is -133.528237 | electron energy -133.880146 + phonon energy 0.351909 | electron momentum kIdx = 2
The 35-th iteration is completed.	|| time cost : 0h 0m 1.352s
********************************************************************************************************************
Start the 36 rounds of NGS-ED iteration
	effective electronic model is modified as: kinetic energy t = 0.4607, t' = -0.298676
	                                           effective interaction Vq = [    -22.05, -0.281503,-0.0169334, -0.281503, -0.281503,-0.0155123,-0.0570038,-0.0155123,-0.0169334,-0.0570038,  -11.2489,-0.0570038, -0.281503,-0.0155123,-0.0570038,-0.0155123]
	PARPACK diagonalization completed after 30 matrix-vector product operations.
	iteration results: : total energy is -133.528237 | electron energy -133.880146 + phonon energy 0.351909 | electron momentum kIdx = 2
The 36-th iteration is completed.	|| time cost : 0h 0m 1.355s
********************************************************************************************************************
Start the 37 rounds of NGS-ED iteration
	effective electronic model is modified as: kinetic energy t = 0.4607, t' = -0.298676
	                                           effective interaction Vq = [    -22.05, -0.281503,-0.0169334, -0.281503, -0.281503,-0.0155123,-0.0570038,-0.0155123,-0.0169334,-0.0570038,  -11.2489,-0.0570038, -0.281503,-0.0155123,-0.0570038,-0.0155123]
	PARPACK diagonalization completed after 30 matrix-vector product operations.
	iteration results: : total energy is -133.528237 | electron energy -133.880146 + phonon energy 0.351909 | electron momentum kIdx = 2
	Nq(0) = 4,	Nq(1) = 0.00630725,	Nq(2) = 0.0122216,	Nq(3) = 0.00630725,	Nq(4) = 0.00630725,	Nq(5) = 0.007164,	
	Nq(6) = 0.00799927,	Nq(7) = 0.007164,	Nq(8) = 0.0122216,	Nq(9) = 0.00799927,	Nq(10) = 3.97515,	
	Nq(11) = 0.00799927,	Nq(12) = 0.00630725,	Nq(13) = 0.007164,	Nq(14) = 0.00799927,	Nq(15) = 0.007164;	
	Sq(0) = 1.32283e-19,	Sq(1) = 0.103385,	Sq(2) = 3.33133,	Sq(3) = 0.103385,	Sq(4) = 0.103385,	
	Sq(5) = 0.104038,	Sq(6) = 0.104658,	Sq(7) = 0.104038,	Sq(8) = 3.33133,	Sq(9) = 0.104658,	
	Sq(10) = 0.00354762,	Sq(11) = 0.104658,	Sq(12) = 0.103385,	Sq(13) = 0.104038,	Sq(14) = 0.104658,	
	Sq(15) = 0.104038;	N(0) = 0.40856,	N(1) = 0.547234,	N(2) = 0.651825,	N(3) = 0.547234,	
	N(4) = 0.547234,	N(5) = 0.5,	N(6) = 0.452767,	N(7) = 0.5,	N(8) = 0.651825,	
	N(9) = 0.452767,	N(10) = 0.287782,	N(11) = 0.452767,	N(12) = 0.547234,	N(13) = 0.5,	
	N(14) = 0.452767,	N(15) = 0.5;	Delta[s](0) = 0.00517523,	Delta[s](1) = 0.00268544,	Delta[s](2) = 4.70836e-05,	
	Delta[s](3) = 0.00268544,	Delta[s](4) = 0.00268544,	Delta[s](5) = 0.0026939,	Delta[s](6) = 0.00269113,	Delta[s](7) = 0.0026939,	
	Delta[s](8) = 4.70836e-05,	Delta[s](9) = 0.00269113,	Delta[s](10) = 0.00518395,	Delta[s](11) = 0.00269113,	Delta[s](12) = 0.00268544,	
	Delta[s](13) = 0.0026939,	Delta[s](14) = 0.00269113,	Delta[s](15) = 0.0026939;	Delta[d](0) = 2.83111e-07,	Delta[d](1) = 0.000195121,	
	Delta[d](2) = 0.000328033,	Delta[d](3) = 0.000195121,	Delta[d](4) = 0.000195121,	Delta[d](5) = 0.000259943,	Delta[d](6) = 0.000269048,	
	Delta[d](7) = 0.000259943,	Delta[d](8) = 0.000328033,	Delta[d](9) = 0.000269048,	Delta[d](10) = 4.4248e-06,	Delta[d](11) = 0.000269048,	
	Delta[d](12) = 0.000195121,	Delta[d](13) = 0.000259943,	Delta[d](14) = 0.000269048,	Delta[d](15) = 0.000259943;	Delta[s+](0) = 0.00105839,	
	Delta[s+](1) = 0.000879872,	Delta[s+](2) = 0.000328033,	Delta[s+](3) = 0.000879872,	Delta[s+](4) = 0.000879872,	Delta[s+](5) = 0.000650012,	
	Delta[s+](6) = 0.00016575,	Delta[s+](7) = 0.000650012,	Delta[s+](8) = 0.000328033,	Delta[s+](9) = 0.00016575,	Delta[s+](10) = 2.87851e-06,	
	Delta[s+](11) = 0.00016575,	Delta[s+](12) = 0.000879872,	Delta[s+](13) = 0.000650012,	Delta[s+](14) = 0.00016575,	Delta[s+](15) = 0.000650012
	
The 37-th iteration is completed.	|| time cost : 0h 0m 3.542s
********************************************************************************************************************
********************************************************************************************************************
Ground state is obtained after 38 iterations. The current ground-state energy is -133.528, in which electron energy is -133.88 and phonon energy is 0.351909
Final variational state is: 
	Gamma_x = [      1,1.00883,1.00103,1.00883,1.00883,1.00055,1.00226,1.00055,1.00103,1.00226,8.92581,1.00226,1.00883,1.00055,1.00226,1.00055]
	lambda_q = [      10.5,  0.118462,  0.028493,  0.118462,  0.118462, 0.0260805,-0.0478853, 0.0260805,  0.028493,-0.0478853,  -7.42535,-0.0478853,  0.118462, 0.0260805,-0.0478853, 0.0260805]
Effective e-e interactions mediated by phonons are:
	momentum-space Vq = [    -22.05, -0.281503,-0.0169334, -0.281503, -0.281503,-0.0155123,-0.0570038,-0.0155123,-0.0169334,-0.0570038,  -11.2489,-0.0570038, -0.281503,-0.0155123,-0.0570038,-0.0155123]
	real-space Vr = [  -2.1718,-0.703132, -2.07942,-0.703132,-0.703132, -2.07906,-0.647007, -2.07906, -2.07942,-0.647007, -2.00255,-0.647007,-0.703132, -2.07906,-0.647007, -2.07906]
********************************************************************************************************************
o___o  ----------------------------------------
| L |	Time since last clock: 0h 0m 0.01s
A===A	Time since the beginning: 0h 1m 1.783s
***********************************************


Non-Gaussina ED ground state calculation is completed. The final ground-state energy is -133.528
********************************************************************************************************************
o___o  ----------------------------------------
| L |	Time since last clock: 0h 0m 0.003s
A===A	Time since the beginning: 0h 1m 1.786s
***********************************************



********************************************************************************************************************
All non-Gaussian ED ground state calculations have been completed. Exit now.
