TACC:  Starting up job 1748083 
TACC:  Starting parallel tasks... 
SNEDics v3.4 Non-Gaussian ED ground state program		Start at Sun Oct 11 16:28:52 2020

parallized on 16 MPI threads  * 7 OpenMP threads = 112 total threads.
********************************************************************************************************************
********************************************************************************************************************

********************************************************************************************************************
System parameters and configurations
********************************************************************************************************************
Special program options are enabled: splitted diagonal Hamiltonian
********************************************************************************************************************
Read input file "model_params.in"
	Hubbard-Holstein model parameters : 	t = 1    U = 8    W = 0.2    g' = 0.03    
********************************************************************************************************************
Read input file "hilbertspace_params.in"
	Requested 16-site 2D lattice, with 14 electrons (7, 7)
	Boundary : Periodic		Hilbert space representation : momentum-space (restricted to kIdx = 0)
	Conservation: particle number[U(1)]      spin[U(1)]     momentum
********************************************************************************************************************

Cluster Positions:				Cluster symmetry group : D4
 x ... x ... x ... x .....                       x ... x ... x ... x .....
 |           |           :                       |           |           :
 |           |           :                       |           |           :
12    13    14    15     x                       1     5     6     5     x
 |           |           :                       |           |           :
 |           |           :                       |           |           :
 8 --- 9 ---10 ---11 --- x                       2 --- 6 ---10 --- 6 --- x
 |           |           :                       |           |           :
 |           |           :                       |           |           :
 4     5     6     7     x                       1     5     6     5     x
 |           |           :                       |           |           :
 |           |           :                       |           |           :
 0 --- 1 --- 2 --- 3 --- x                       0 --- 1 --- 2 --- 1 --- x
orbital number : 1
********************************************************************************************************************
Read input file "obs_params.in"
	Observable Type : Nq(All),   Sq(All),   N(All),   Delta[s](All),   Delta[d](All),   Delta[s+](All)
********************************************************************************************************************
** WARNING ** the input observables have non-local factors which have been reinterpreted. The total observable number is 96
********************************************************************************************************************


********************************************************************************************************************
Start calculating the non-Gaussian ED ground state
** WARNING ** Detected low phonon energy W < 10. The initial state will be prepared through a warm-up process.
********************************************************************************************************************
Start warm-up calculation for scaling factor 64
open output files: NGSEDWarmUpW12.8Obs.txt
********************************************************************************************************************
Start the 0 rounds of NGS-ED iteration
	effective electronic model is modified as: kinetic energy t = 1
	                                           effective interaction Vq = [0,0,0,0,0,0,0,0,0,0,0,0,0,0,0,0]
	first Hamiltonian is constructed, non-zero numbers = 2178478298
	PARPACK diagonalization completed after 165 matrix-vector product operations.
	iteration results: : total energy is -11.868836 | electron energy -11.868836 + phonon energy 0.000000 | electron momentum kIdx = 0
	Nq(0) = 12.25,	Nq(1) = 0.154193,	Nq(2) = 0.185311,	Nq(3) = 0.154193,	Nq(4) = 0.154193,	Nq(5) = 0.203281,	Nq(6) = 0.235634,	Nq(7) = 0.203281,	Nq(8) = 0.185311,	Nq(9) = 0.235634,	Nq(10) = 0.275446,	Nq(11) = 0.235634,	Nq(12) = 0.154193,	Nq(13) = 0.203281,	Nq(14) = 0.235634,	Nq(15) = 0.203281,	Sq(0) = 1.11096e-18,	Sq(1) = 0.474292,	Sq(2) = 0.766364,	Sq(3) = 0.474292,	Sq(4) = 0.474292,	Sq(5) = 0.630724,	Sq(6) = 1.05279,	Sq(7) = 0.630724,	Sq(8) = 0.766364,	Sq(9) = 1.05279,	Sq(10) = 2.56755,	Sq(11) = 1.05279,	Sq(12) = 0.474292,	Sq(13) = 0.630724,	Sq(14) = 1.05279,	Sq(15) = 0.630724,	N(0) = 1.75464,	N(1) = 1.59086,	N(2) = 0.323321,	N(3) = 1.59086,	N(4) = 1.59086,	N(5) = 0.999881,	N(6) = 0.267546,	N(7) = 0.999881,	N(8) = 0.323321,	N(9) = 0.267546,	N(10) = 0.165565,	N(11) = 0.267546,	N(12) = 1.59086,	N(13) = 0.999881,	N(14) = 0.267546,	N(15) = 0.999881,	Delta[s](0) = 0.0793336,	Delta[s](1) = 0.0592579,	Delta[s](2) = 0.0353926,	Delta[s](3) = 0.0592579,	Delta[s](4) = 0.0592579,	Delta[s](5) = 0.0423067,	Delta[s](6) = 0.0194506,	Delta[s](7) = 0.0423067,	Delta[s](8) = 0.0353926,	Delta[s](9) = 0.0194506,	Delta[s](10) = 7.03076e-05,	Delta[s](11) = 0.0194506,	Delta[s](12) = 0.0592579,	Delta[s](13) = 0.0423067,	Delta[s](14) = 0.0194506,	Delta[s](15) = 0.0423067,	Delta[d](0) = 0.276182,	Delta[d](1) = 0.18967,	Delta[d](2) = 0.199544,	Delta[d](3) = 0.18967,	Delta[d](4) = 0.18967,	Delta[d](5) = 0.17644,	Delta[d](6) = 0.132327,	Delta[d](7) = 0.17644,	Delta[d](8) = 0.199544,	Delta[d](9) = 0.132327,	Delta[d](10) = 0.0533275,	Delta[d](11) = 0.132327,	Delta[d](12) = 0.18967,	Delta[d](13) = 0.17644,	Delta[d](14) = 0.132327,	Delta[d](15) = 0.17644,	Delta[s+](0) = 0.559991,	Delta[s+](1) = 0.416947,	Delta[s+](2) = 0.199544,	Delta[s+](3) = 0.416947,	Delta[s+](4) = 0.416947,	Delta[s+](5) = 0.291357,	Delta[s+](6) = 0.125997,	Delta[s+](7) = 0.291357,	Delta[s+](8) = 0.199544,	Delta[s+](9) = 0.125997,	Delta[s+](10) = 0.0381104,	Delta[s+](11) = 0.125997,	Delta[s+](12) = 0.416947,	Delta[s+](13) = 0.291357,	Delta[s+](14) = 0.125997,	Delta[s+](15) = 0.291357
The 0-th iteration is completed.	|| time cost : 0h 6m 34.424s
********************************************************************************************************************
Start the 1 rounds of NGS-ED iteration
	effective electronic model is modified as: kinetic energy t = 0.999555
	                                           effective interaction Vq = [  -0.0664341,  -0.0155756,           0,  -0.0155756,  -0.0155756,-7.32611e-31,  -0.0145512,-7.32611e-31,           0,  -0.0145512,  -0.0570497,  -0.0145512,  -0.0155756,-7.32611e-31,  -0.0145512, -6.5935e-30]
	PARPACK diagonalization completed after 60 matrix-vector product operations.
	iteration results: : total energy is -12.714203 | electron energy -12.714204 + phonon energy 0.000001 | electron momentum kIdx = 0
The 1-th iteration is completed.	|| time cost : 0h 3m 55.95s
********************************************************************************************************************
Start the 2 rounds of NGS-ED iteration
	effective electronic model is modified as: kinetic energy t = 0.999416
	                                           effective interaction Vq = [  -0.0715697,  -0.0169453,           0,  -0.0169453,  -0.0169453,-7.94115e-31,  -0.0156953,-7.94115e-31,           0,  -0.0156953,  -0.0613494,  -0.0156953,  -0.0169453,-7.94115e-31,  -0.0156953,-7.14703e-30]
	PARPACK diagonalization completed after 45 matrix-vector product operations.
	iteration results: : total energy is -12.777873 | electron energy -12.777874 + phonon energy 0.000002 | electron momentum kIdx = 0
The 2-th iteration is completed.	|| time cost : 0h 0m 49.708s
********************************************************************************************************************
Start the 3 rounds of NGS-ED iteration
	effective electronic model is modified as: kinetic energy t = 0.999393
	                                           effective interaction Vq = [  -0.0719667,  -0.0171493,           0,  -0.0171493,  -0.0171493, -8.0265e-31,  -0.0158392, -8.0265e-31,           0,  -0.0158392,  -0.0618568,  -0.0158392,  -0.0171493, -8.0265e-31,  -0.0158392,-7.22385e-30]
	PARPACK diagonalization completed after 30 matrix-vector product operations.
	iteration results: : total energy is -12.782757 | electron energy -12.782759 + phonon energy 0.000002 | electron momentum kIdx = 0
The 3-th iteration is completed.	|| time cost : 0h 0m 47.512s
********************************************************************************************************************
Start the 4 rounds of NGS-ED iteration
	effective electronic model is modified as: kinetic energy t = 0.99939
	                                           effective interaction Vq = [  -0.0719974,   -0.017187,           0,   -0.017187,   -0.017187,-8.04015e-31,  -0.0158593,-8.04015e-31,           0,  -0.0158593,  -0.0619222,  -0.0158593,   -0.017187,-8.04015e-31,  -0.0158593,-7.23614e-30]
	PARPACK diagonalization completed after 30 matrix-vector product operations.
	iteration results: : total energy is -12.783134 | electron energy -12.783136 + phonon energy 0.000002 | electron momentum kIdx = 0
The 4-th iteration is completed.	|| time cost : 0h 0m 47.595s
********************************************************************************************************************
Start the 5 rounds of NGS-ED iteration
	effective electronic model is modified as: kinetic energy t = 0.999389
	                                           effective interaction Vq = [  -0.0719998,  -0.0171943,           0,  -0.0171943,  -0.0171943,-8.04239e-31,  -0.0158622,-8.04239e-31,           0,  -0.0158622,  -0.0619307,  -0.0158622,  -0.0171943,-8.04239e-31,  -0.0158622,-7.23815e-30]
	PARPACK diagonalization completed after 30 matrix-vector product operations.
	iteration results: : total energy is -12.783163 | electron energy -12.783165 + phonon energy 0.000002 | electron momentum kIdx = 0
	Nq(0) = 12.25,	Nq(1) = 0.154477,	Nq(2) = 0.185457,	Nq(3) = 0.154477,	Nq(4) = 0.154477,	Nq(5) = 0.203447,	Nq(6) = 0.236165,	Nq(7) = 0.203447,	Nq(8) = 0.185457,	Nq(9) = 0.236165,	Nq(10) = 0.277015,	Nq(11) = 0.236165,	Nq(12) = 0.154477,	Nq(13) = 0.203447,	Nq(14) = 0.236165,	Nq(15) = 0.203447,	Sq(0) = -2.41917e-18,	Sq(1) = 0.474221,	Sq(2) = 0.765963,	Sq(3) = 0.474221,	Sq(4) = 0.474221,	Sq(5) = 0.630411,	Sq(6) = 1.0523,	Sq(7) = 0.630411,	Sq(8) = 0.765963,	Sq(9) = 1.0523,	Sq(10) = 2.56607,	Sq(11) = 1.0523,	Sq(12) = 0.474221,	Sq(13) = 0.630411,	Sq(14) = 1.0523,	Sq(15) = 0.630411,	N(0) = 1.7555,	N(1) = 1.59209,	N(2) = 0.322714,	N(3) = 1.59209,	N(4) = 1.59209,	N(5) = 0.999799,	N(6) = 0.266658,	N(7) = 0.999799,	N(8) = 0.322714,	N(9) = 0.266658,	N(10) = 0.164885,	N(11) = 0.266658,	N(12) = 1.59209,	N(13) = 0.999799,	N(14) = 0.266658,	N(15) = 0.999799,	Delta[s](0) = 0.0796456,	Delta[s](1) = 0.0595044,	Delta[s](2) = 0.0355675,	Delta[s](3) = 0.0595044,	Delta[s](4) = 0.0595044,	Delta[s](5) = 0.0424981,	Delta[s](6) = 0.0195637,	Delta[s](7) = 0.0424981,	Delta[s](8) = 0.0355675,	Delta[s](9) = 0.0195637,	Delta[s](10) = 9.70774e-05,	Delta[s](11) = 0.0195637,	Delta[s](12) = 0.0595044,	Delta[s](13) = 0.0424981,	Delta[s](14) = 0.0195637,	Delta[s](15) = 0.0424981,	Delta[d](0) = 0.276327,	Delta[d](1) = 0.189661,	Delta[d](2) = 0.199545,	Delta[d](3) = 0.189661,	Delta[d](4) = 0.189661,	Delta[d](5) = 0.176461,	Delta[d](6) = 0.132287,	Delta[d](7) = 0.176461,	Delta[d](8) = 0.199545,	Delta[d](9) = 0.132287,	Delta[d](10) = 0.0532765,	Delta[d](11) = 0.132287,	Delta[d](12) = 0.189661,	Delta[d](13) = 0.176461,	Delta[d](14) = 0.132287,	Delta[d](15) = 0.176461,	Delta[s+](0) = 0.560243,	Delta[s+](1) = 0.417154,	Delta[s+](2) = 0.199545,	Delta[s+](3) = 0.417154,	Delta[s+](4) = 0.417154,	Delta[s+](5) = 0.291474,	Delta[s+](6) = 0.125975,	Delta[s+](7) = 0.291474,	Delta[s+](8) = 0.199545,	Delta[s+](9) = 0.125975,	Delta[s+](10) = 0.0380543,	Delta[s+](11) = 0.125975,	Delta[s+](12) = 0.417154,	Delta[s+](13) = 0.291474,	Delta[s+](14) = 0.125975,	Delta[s+](15) = 0.291474
The 5-th iteration is completed.	|| time cost : 0h 4m 25.387s
********************************************************************************************************************
********************************************************************************************************************
Ground state is obtained after 6 iterations. The current ground-state energy is -12.7832, in which electron energy is -12.7832 and phonon energy is 2.05685e-06
final variational state is: 
	Gamma_x = [      1,1.00007,      1,1.00007,1.00007,      1,1.00015,      1,      1,1.00015,1.00073,1.00015,1.00007,      1,1.00015,      1]
	lambda_q = [   0.0749654,   0.0295735,           0,   0.0295735,   0.0295735,-1.86117e-16,  -0.0245776, 1.86117e-16,           0,  -0.0245776,   -0.046954,  -0.0245776,   0.0295735, 1.86117e-16,  -0.0245776, 5.58352e-16]
The effective e-e interactions mediated by phonons are: [      0.072,  0.0171958,          0,  0.0171958,  0.0171958,8.04276e-31,  0.0158626,8.04276e-31,          0,  0.0158626,  0.0619318,  0.0158626,  0.0171958,8.04276e-31,  0.0158626,7.23849e-30]
The real-space interactions mediated by phonons are: [ -0.266165,-0.0299495,-0.0376084, -0.115071,-0.0127346, -0.116514,-0.0376084,-0.0264656, -0.133932,-0.0264656,-0.0376084, -0.116514,-0.0127346, -0.115071,-0.0376084,-0.0299495]
********************************************************************************************************************
o___o  ----------------------------------------
| L |	Time since last clock: 0h 0m 0s
A===A	Time since the beginning: 0h 17m 20.58s
***********************************************

********************************************************************************************************************
Start warm-up calculation for scaling factor 32
open output files: NGSEDWarmUpW6.4Obs.txt
********************************************************************************************************************
Start the 0 rounds of NGS-ED iteration
	effective electronic model is modified as: kinetic energy t = 0.999389
	                                           effective interaction Vq = [  -0.0658096,  -0.0144778,           0,  -0.0144778,  -0.0144778,-6.60538e-31,  -0.0128179,-6.60538e-31,           0,  -0.0128179,   -0.049637,  -0.0128179,  -0.0144778,-6.60538e-31,  -0.0128179,-5.94484e-30]
	PARPACK diagonalization completed after 45 matrix-vector product operations.
	iteration results: : total energy is -12.699375 | electron energy -12.699376 + phonon energy 0.000001 | electron momentum kIdx = 0
	Nq(0) = 12.25,	Nq(1) = 0.154423,	Nq(2) = 0.185415,	Nq(3) = 0.154423,	Nq(4) = 0.154423,	Nq(5) = 0.203397,	Nq(6) = 0.236043,	Nq(7) = 0.203397,	Nq(8) = 0.185415,	Nq(9) = 0.236043,	Nq(10) = 0.27668,	Nq(11) = 0.236043,	Nq(12) = 0.154423,	Nq(13) = 0.203397,	Nq(14) = 0.236043,	Nq(15) = 0.203397,	Sq(0) = 3.74069e-18,	Sq(1) = 0.474226,	Sq(2) = 0.766054,	Sq(3) = 0.474226,	Sq(4) = 0.474226,	Sq(5) = 0.630478,	Sq(6) = 1.05244,	Sq(7) = 0.630478,	Sq(8) = 0.766054,	Sq(9) = 1.05244,	Sq(10) = 2.56637,	Sq(11) = 1.05244,	Sq(12) = 0.474226,	Sq(13) = 0.630478,	Sq(14) = 1.05244,	Sq(15) = 0.630478,	N(0) = 1.7553,	N(1) = 1.59181,	N(2) = 0.322875,	N(3) = 1.59181,	N(4) = 1.59181,	N(5) = 0.999812,	N(6) = 0.266857,	N(7) = 0.999812,	N(8) = 0.322875,	N(9) = 0.266857,	N(10) = 0.165044,	N(11) = 0.266857,	N(12) = 1.59181,	N(13) = 0.999812,	N(14) = 0.266857,	N(15) = 0.999812,	Delta[s](0) = 0.0795598,	Delta[s](1) = 0.059441,	Delta[s](2) = 0.035529,	Delta[s](3) = 0.059441,	Delta[s](4) = 0.059441,	Delta[s](5) = 0.0424531,	Delta[s](6) = 0.0195451,	Delta[s](7) = 0.0424531,	Delta[s](8) = 0.035529,	Delta[s](9) = 0.0195451,	Delta[s](10) = 0.000105319,	Delta[s](11) = 0.0195451,	Delta[s](12) = 0.059441,	Delta[s](13) = 0.0424531,	Delta[s](14) = 0.0195451,	Delta[s](15) = 0.0424531,	Delta[d](0) = 0.276522,	Delta[d](1) = 0.189831,	Delta[d](2) = 0.199708,	Delta[d](3) = 0.189831,	Delta[d](4) = 0.189831,	Delta[d](5) = 0.176607,	Delta[d](6) = 0.13241,	Delta[d](7) = 0.176607,	Delta[d](8) = 0.199708,	Delta[d](9) = 0.13241,	Delta[d](10) = 0.0533407,	Delta[d](11) = 0.13241,	Delta[d](12) = 0.189831,	Delta[d](13) = 0.176607,	Delta[d](14) = 0.13241,	Delta[d](15) = 0.176607,	Delta[s+](0) = 0.560608,	Delta[s+](1) = 0.417425,	Delta[s+](2) = 0.199708,	Delta[s+](3) = 0.417425,	Delta[s+](4) = 0.417425,	Delta[s+](5) = 0.291673,	Delta[s+](6) = 0.126087,	Delta[s+](7) = 0.291673,	Delta[s+](8) = 0.199708,	Delta[s+](9) = 0.126087,	Delta[s+](10) = 0.0381058,	Delta[s+](11) = 0.126087,	Delta[s+](12) = 0.417425,	Delta[s+](13) = 0.291673,	Delta[s+](14) = 0.126087,	Delta[s+](15) = 0.291673
The 0-th iteration is completed.	|| time cost : 0h 4m 26.325s
********************************************************************************************************************
Start the 1 rounds of NGS-ED iteration
	effective electronic model is modified as: kinetic energy t = 0.999335
	                                           effective interaction Vq = [  -0.0702788,  -0.0153475,           0,  -0.0153475,  -0.0153475,-6.88791e-31,   -0.013151,-6.88791e-31,           0,   -0.013151,  -0.0504094,   -0.013151,  -0.0153475,-6.88791e-31,   -0.013151,-6.19912e-30]
	PARPACK diagonalization completed after 45 matrix-vector product operations.
	iteration results: : total energy is -12.754278 | electron energy -12.754281 + phonon energy 0.000003 | electron momentum kIdx = 0
The 1-th iteration is completed.	|| time cost : 0h 0m 49.752s
********************************************************************************************************************
Start the 2 rounds of NGS-ED iteration
	effective electronic model is modified as: kinetic energy t = 0.999318
	                                           effective interaction Vq = [  -0.0715215,  -0.0156416,           0,  -0.0156416,  -0.0156416,-6.97236e-31,   -0.013239,-6.97236e-31,           0,   -0.013239,  -0.0506019,   -0.013239,  -0.0156416,-6.97236e-31,   -0.013239,-6.27513e-30]
	PARPACK diagonalization completed after 30 matrix-vector product operations.
	iteration results: : total energy is -12.769520 | electron energy -12.769524 + phonon energy 0.000004 | electron momentum kIdx = 0
The 2-th iteration is completed.	|| time cost : 0h 0m 47.505s
********************************************************************************************************************
Start the 3 rounds of NGS-ED iteration
	effective electronic model is modified as: kinetic energy t = 0.999312
	                                           effective interaction Vq = [  -0.0718669,  -0.0157472,           0,  -0.0157472,  -0.0157472,-6.99842e-31,  -0.0132626,-6.99842e-31,           0,  -0.0132626,  -0.0506506,  -0.0132626,  -0.0157472,-6.99842e-31,  -0.0132626,-6.29858e-30]
	PARPACK diagonalization completed after 30 matrix-vector product operations.
	iteration results: : total energy is -12.773755 | electron energy -12.773760 + phonon energy 0.000005 | electron momentum kIdx = 0
The 3-th iteration is completed.	|| time cost : 0h 0m 47.549s
********************************************************************************************************************
Start the 4 rounds of NGS-ED iteration
	effective electronic model is modified as: kinetic energy t = 0.99931
	                                           effective interaction Vq = [   -0.071963,  -0.0157862,           0,  -0.0157862,  -0.0157862,-7.00654e-31,   -0.013269,-7.00654e-31,           0,   -0.013269,   -0.050663,   -0.013269,  -0.0157862,-7.00654e-31,   -0.013269,-6.30589e-30]
	PARPACK diagonalization completed after 30 matrix-vector product operations.
	iteration results: : total energy is -12.774932 | electron energy -12.774937 + phonon energy 0.000005 | electron momentum kIdx = 0
The 4-th iteration is completed.	|| time cost : 0h 0m 47.515s
********************************************************************************************************************
Start the 5 rounds of NGS-ED iteration
	effective electronic model is modified as: kinetic energy t = 0.99931
	                                           effective interaction Vq = [  -0.0719897,  -0.0158007,           0,  -0.0158007,  -0.0158007,-7.00908e-31,  -0.0132707,-7.00908e-31,           0,  -0.0132707,  -0.0506661,  -0.0132707,  -0.0158007,-7.00908e-31,  -0.0132707,-6.30817e-30]
	PARPACK diagonalization completed after 30 matrix-vector product operations.
	iteration results: : total energy is -12.775259 | electron energy -12.775264 + phonon energy 0.000005 | electron momentum kIdx = 0
The 5-th iteration is completed.	|| time cost : 0h 0m 47.628s
********************************************************************************************************************
Start the 6 rounds of NGS-ED iteration
	effective electronic model is modified as: kinetic energy t = 0.999309
	                                           effective interaction Vq = [  -0.0719971,  -0.0158061,           0,  -0.0158061,  -0.0158061,-7.00987e-31,  -0.0132712,-7.00987e-31,           0,  -0.0132712,   -0.050667,  -0.0132712,  -0.0158061,-7.00987e-31,  -0.0132712,-6.30889e-30]
	PARPACK diagonalization completed after 30 matrix-vector product operations.
	iteration results: : total energy is -12.775350 | electron energy -12.775355 + phonon energy 0.000005 | electron momentum kIdx = 0
	Nq(0) = 12.25,	Nq(1) = 0.154437,	Nq(2) = 0.185411,	Nq(3) = 0.154437,	Nq(4) = 0.154437,	Nq(5) = 0.203391,	Nq(6) = 0.236047,	Nq(7) = 0.203391,	Nq(8) = 0.185411,	Nq(9) = 0.236047,	Nq(10) = 0.276699,	Nq(11) = 0.236047,	Nq(12) = 0.154437,	Nq(13) = 0.203391,	Nq(14) = 0.236047,	Nq(15) = 0.203391,	Sq(0) = -3.98731e-18,	Sq(1) = 0.474213,	Sq(2) = 0.766048,	Sq(3) = 0.474213,	Sq(4) = 0.474213,	Sq(5) = 0.630471,	Sq(6) = 1.05245,	Sq(7) = 0.630471,	Sq(8) = 0.766048,	Sq(9) = 1.05245,	Sq(10) = 2.56633,	Sq(11) = 1.05245,	Sq(12) = 0.474213,	Sq(13) = 0.630471,	Sq(14) = 1.05245,	Sq(15) = 0.630471,	N(0) = 1.75531,	N(1) = 1.59182,	N(2) = 0.322879,	N(3) = 1.59182,	N(4) = 1.59182,	N(5) = 0.999805,	N(6) = 0.266845,	N(7) = 0.999805,	N(8) = 0.322879,	N(9) = 0.266845,	N(10) = 0.165041,	N(11) = 0.266845,	N(12) = 1.59182,	N(13) = 0.999805,	N(14) = 0.266845,	N(15) = 0.999805,	Delta[s](0) = 0.0795595,	Delta[s](1) = 0.0594419,	Delta[s](2) = 0.0355312,	Delta[s](3) = 0.0594419,	Delta[s](4) = 0.0594419,	Delta[s](5) = 0.0424548,	Delta[s](6) = 0.0195482,	Delta[s](7) = 0.0424548,	Delta[s](8) = 0.0355312,	Delta[s](9) = 0.0195482,	Delta[s](10) = 0.000109446,	Delta[s](11) = 0.0195482,	Delta[s](12) = 0.0594419,	Delta[s](13) = 0.0424548,	Delta[s](14) = 0.0195482,	Delta[s](15) = 0.0424548,	Delta[d](0) = 0.276772,	Delta[d](1) = 0.189997,	Delta[d](2) = 0.199875,	Delta[d](3) = 0.189997,	Delta[d](4) = 0.189997,	Delta[d](5) = 0.176758,	Delta[d](6) = 0.132522,	Delta[d](7) = 0.176758,	Delta[d](8) = 0.199875,	Delta[d](9) = 0.132522,	Delta[d](10) = 0.0533896,	Delta[d](11) = 0.132522,	Delta[d](12) = 0.189997,	Delta[d](13) = 0.176758,	Delta[d](14) = 0.132522,	Delta[d](15) = 0.176758,	Delta[s+](0) = 0.561066,	Delta[s+](1) = 0.417767,	Delta[s+](2) = 0.199875,	Delta[s+](3) = 0.417767,	Delta[s+](4) = 0.417767,	Delta[s+](5) = 0.291912,	Delta[s+](6) = 0.126193,	Delta[s+](7) = 0.291912,	Delta[s+](8) = 0.199875,	Delta[s+](9) = 0.126193,	Delta[s+](10) = 0.0381396,	Delta[s+](11) = 0.126193,	Delta[s+](12) = 0.417767,	Delta[s+](13) = 0.291912,	Delta[s+](14) = 0.126193,	Delta[s+](15) = 0.291912
The 6-th iteration is completed.	|| time cost : 0h 4m 24.769s
********************************************************************************************************************
********************************************************************************************************************
Ground state is obtained after 7 iterations. The current ground-state energy is -12.7754, in which electron energy is -12.7754 and phonon energy is 4.76342e-06
final variational state is: 
	Gamma_x = [      1, 1.0002,      1, 1.0002, 1.0002,      1,1.00033,      1,      1,1.00033,1.00155,1.00033, 1.0002,      1,1.00033,      1]
	lambda_q = [    0.105714,   0.0345267,           0,   0.0345267,   0.0345267,-2.04167e-16,  -0.0258511, 2.04167e-16,           0,  -0.0258511,  -0.0483317,  -0.0258511,   0.0345267, 2.04167e-16,  -0.0258511, 6.12501e-16]
The effective e-e interactions mediated by phonons are: [  0.0719992,  0.0158081,          0,  0.0158081,  0.0158081,7.01012e-31,  0.0132713,7.01012e-31,          0,  0.0132713,  0.0506672,  0.0132713,  0.0158081,7.01012e-31,  0.0132713,6.30911e-30]
The real-space interactions mediated by phonons are: [ -0.238984,-0.0394866, -0.040383, -0.106453,-0.0264056, -0.109199, -0.040383,-0.0328576, -0.122666,-0.0328576, -0.040383, -0.109199,-0.0264056, -0.106453, -0.040383,-0.0394866]
********************************************************************************************************************
o___o  ----------------------------------------
| L |	Time since last clock: 0h 0m 0s
A===A	Time since the beginning: 0h 30m 11.627s
***********************************************

********************************************************************************************************************
Start warm-up calculation for scaling factor 16
open output files: NGSEDWarmUpW3.2Obs.txt
********************************************************************************************************************
Start the 0 rounds of NGS-ED iteration
	effective electronic model is modified as: kinetic energy t = 0.999309
	                                           effective interaction Vq = [  -0.0657239,  -0.0127581,           0,  -0.0127581,  -0.0127581,-5.50942e-31,    -0.01027,-5.50942e-31,           0,    -0.01027,  -0.0389234,    -0.01027,  -0.0127581,-5.50942e-31,    -0.01027,-4.95848e-30]
	PARPACK diagonalization completed after 45 matrix-vector product operations.
	iteration results: : total energy is -12.690541 | electron energy -12.690543 + phonon energy 0.000002 | electron momentum kIdx = 0
	Nq(0) = 12.25,	Nq(1) = 0.154379,	Nq(2) = 0.18537,	Nq(3) = 0.154379,	Nq(4) = 0.154379,	Nq(5) = 0.203343,	Nq(6) = 0.235927,	Nq(7) = 0.203343,	Nq(8) = 0.18537,	Nq(9) = 0.235927,	Nq(10) = 0.276377,	Nq(11) = 0.235927,	Nq(12) = 0.154379,	Nq(13) = 0.203343,	Nq(14) = 0.235927,	Nq(15) = 0.203343,	Sq(0) = -3.15339e-18,	Sq(1) = 0.474223,	Sq(2) = 0.766139,	Sq(3) = 0.474223,	Sq(4) = 0.474223,	Sq(5) = 0.630538,	Sq(6) = 1.05258,	Sq(7) = 0.630538,	Sq(8) = 0.766139,	Sq(9) = 1.05258,	Sq(10) = 2.56662,	Sq(11) = 1.05258,	Sq(12) = 0.474223,	Sq(13) = 0.630538,	Sq(14) = 1.05258,	Sq(15) = 0.630538,	N(0) = 1.75511,	N(1) = 1.59154,	N(2) = 0.323039,	N(3) = 1.59154,	N(4) = 1.59154,	N(5) = 0.99982,	N(6) = 0.267041,	N(7) = 0.99982,	N(8) = 0.323039,	N(9) = 0.267041,	N(10) = 0.165196,	N(11) = 0.267041,	N(12) = 1.59154,	N(13) = 0.99982,	N(14) = 0.267041,	N(15) = 0.99982,	Delta[s](0) = 0.0794903,	Delta[s](1) = 0.0593869,	Delta[s](2) = 0.0354924,	Delta[s](3) = 0.0593869,	Delta[s](4) = 0.0593869,	Delta[s](5) = 0.0424109,	Delta[s](6) = 0.019522,	Delta[s](7) = 0.0424109,	Delta[s](8) = 0.0354924,	Delta[s](9) = 0.019522,	Delta[s](10) = 0.000102117,	Delta[s](11) = 0.019522,	Delta[s](12) = 0.0593869,	Delta[s](13) = 0.0424109,	Delta[s](14) = 0.019522,	Delta[s](15) = 0.0424109,	Delta[d](0) = 0.277004,	Delta[d](1) = 0.190186,	Delta[d](2) = 0.200063,	Delta[d](3) = 0.190186,	Delta[d](4) = 0.190186,	Delta[d](5) = 0.176924,	Delta[d](6) = 0.132658,	Delta[d](7) = 0.176924,	Delta[d](8) = 0.200063,	Delta[d](9) = 0.132658,	Delta[d](10) = 0.0534554,	Delta[d](11) = 0.132658,	Delta[d](12) = 0.190186,	Delta[d](13) = 0.176924,	Delta[d](14) = 0.132658,	Delta[d](15) = 0.176924,	Delta[s+](0) = 0.561522,	Delta[s+](1) = 0.418104,	Delta[s+](2) = 0.200063,	Delta[s+](3) = 0.418104,	Delta[s+](4) = 0.418104,	Delta[s+](5) = 0.292155,	Delta[s+](6) = 0.126318,	Delta[s+](7) = 0.292155,	Delta[s+](8) = 0.200063,	Delta[s+](9) = 0.126318,	Delta[s+](10) = 0.0381905,	Delta[s+](11) = 0.126318,	Delta[s+](12) = 0.418104,	Delta[s+](13) = 0.292155,	Delta[s+](14) = 0.126318,	Delta[s+](15) = 0.292155
The 0-th iteration is completed.	|| time cost : 0h 4m 26.255s
********************************************************************************************************************
Start the 1 rounds of NGS-ED iteration
	effective electronic model is modified as: kinetic energy t = 0.999354
	                                           effective interaction Vq = [  -0.0686906,  -0.0129666,           0,  -0.0129666,  -0.0129666,-5.45283e-31, -0.00993313,-5.45283e-31,           0, -0.00993313,  -0.0371376, -0.00993313,  -0.0129666,-5.45283e-31, -0.00993313,-4.90754e-30]
	PARPACK diagonalization completed after 45 matrix-vector product operations.
	iteration results: : total energy is -12.726961 | electron energy -12.726966 + phonon energy 0.000005 | electron momentum kIdx = 0
The 1-th iteration is completed.	|| time cost : 0h 0m 49.74s
********************************************************************************************************************
Start the 2 rounds of NGS-ED iteration
	effective electronic model is modified as: kinetic energy t = 0.999368
	                                           effective interaction Vq = [   -0.070255,  -0.0130726,           0,  -0.0130726,  -0.0130726,-5.42824e-31, -0.00980671,-5.42824e-31,           0, -0.00980671,  -0.0365279, -0.00980671,  -0.0130726,-5.42824e-31, -0.00980671,-4.88542e-30]
	PARPACK diagonalization completed after 45 matrix-vector product operations.
	iteration results: : total energy is -12.746135 | electron energy -12.746141 + phonon energy 0.000006 | electron momentum kIdx = 0
The 2-th iteration is completed.	|| time cost : 0h 0m 49.739s
********************************************************************************************************************
Start the 3 rounds of NGS-ED iteration
	effective electronic model is modified as: kinetic energy t = 0.999372
	                                           effective interaction Vq = [  -0.0710799,  -0.0131269,           0,  -0.0131269,  -0.0131269, -5.4176e-31, -0.00975973, -5.4176e-31,           0, -0.00975973,  -0.0363225, -0.00975973,  -0.0131269, -5.4176e-31, -0.00975973,-4.87584e-30]
	PARPACK diagonalization completed after 30 matrix-vector product operations.
	iteration results: : total energy is -12.756241 | electron energy -12.756248 + phonon energy 0.000007 | electron momentum kIdx = 0
The 3-th iteration is completed.	|| time cost : 0h 0m 47.544s
********************************************************************************************************************
Start the 4 rounds of NGS-ED iteration
	effective electronic model is modified as: kinetic energy t = 0.999373
	                                           effective interaction Vq = [ -0.0715148, -0.0131548,          0, -0.0131548, -0.0131548, -5.413e-31,-0.00974234, -5.413e-31,          0,-0.00974234, -0.0362537,-0.00974234, -0.0131548, -5.413e-31,-0.00974234,-4.8717e-30]
	PARPACK diagonalization completed after 30 matrix-vector product operations.
	iteration results: : total energy is -12.761570 | electron energy -12.761576 + phonon energy 0.000007 | electron momentum kIdx = 0
The 4-th iteration is completed.	|| time cost : 0h 0m 47.513s
********************************************************************************************************************
Start the 5 rounds of NGS-ED iteration
	effective electronic model is modified as: kinetic energy t = 0.999373
	                                           effective interaction Vq = [  -0.0717442,  -0.0131692,           0,  -0.0131692,  -0.0131692,-5.41102e-31, -0.00973592,-5.41102e-31,           0, -0.00973592,  -0.0362308, -0.00973592,  -0.0131692,-5.41102e-31, -0.00973592,-4.86991e-30]
	PARPACK diagonalization completed after 30 matrix-vector product operations.
	iteration results: : total energy is -12.764379 | electron energy -12.764386 + phonon energy 0.000007 | electron momentum kIdx = 0
The 5-th iteration is completed.	|| time cost : 0h 0m 47.537s
********************************************************************************************************************
Start the 6 rounds of NGS-ED iteration
	effective electronic model is modified as: kinetic energy t = 0.999373
	                                           effective interaction Vq = [  -0.0718651,  -0.0131766,           0,  -0.0131766,  -0.0131766,-5.41016e-31, -0.00973355,-5.41016e-31,           0, -0.00973355,  -0.0362233, -0.00973355,  -0.0131766,-5.41016e-31, -0.00973355,-4.86914e-30]
	PARPACK diagonalization completed after 30 matrix-vector product operations.
	iteration results: : total energy is -12.765861 | electron energy -12.765868 + phonon energy 0.000007 | electron momentum kIdx = 0
The 6-th iteration is completed.	|| time cost : 0h 0m 47.52s
********************************************************************************************************************
Start the 7 rounds of NGS-ED iteration
	effective electronic model is modified as: kinetic energy t = 0.999373
	                                           effective interaction Vq = [  -0.0719289,  -0.0131804,           0,  -0.0131804,  -0.0131804,-5.40979e-31, -0.00973267,-5.40979e-31,           0, -0.00973267,  -0.0362208, -0.00973267,  -0.0131804,-5.40979e-31, -0.00973267,-4.86881e-30]
	PARPACK diagonalization completed after 30 matrix-vector product operations.
	iteration results: : total energy is -12.766642 | electron energy -12.766649 + phonon energy 0.000007 | electron momentum kIdx = 0
The 7-th iteration is completed.	|| time cost : 0h 0m 47.573s
********************************************************************************************************************
Start the 8 rounds of NGS-ED iteration
	effective electronic model is modified as: kinetic energy t = 0.999373
	                                           effective interaction Vq = [  -0.0719625,  -0.0131824,           0,  -0.0131824,  -0.0131824,-5.40963e-31, -0.00973235,-5.40963e-31,           0, -0.00973235,    -0.03622, -0.00973235,  -0.0131824,-5.40963e-31, -0.00973235,-4.86867e-30]
	PARPACK diagonalization completed after 30 matrix-vector product operations.
	iteration results: : total energy is -12.767054 | electron energy -12.767061 + phonon energy 0.000007 | electron momentum kIdx = 0
The 8-th iteration is completed.	|| time cost : 0h 0m 47.624s
********************************************************************************************************************
Start the 9 rounds of NGS-ED iteration
	effective electronic model is modified as: kinetic energy t = 0.999373
	                                           effective interaction Vq = [  -0.0719802,  -0.0131834,           0,  -0.0131834,  -0.0131834,-5.40956e-31, -0.00973224,-5.40956e-31,           0, -0.00973224,  -0.0362197, -0.00973224,  -0.0131834,-5.40956e-31, -0.00973224, -4.8686e-30]
	PARPACK diagonalization completed after 30 matrix-vector product operations.
	iteration results: : total energy is -12.767271 | electron energy -12.767278 + phonon energy 0.000007 | electron momentum kIdx = 0
	Nq(0) = 12.25,	Nq(1) = 0.154385,	Nq(2) = 0.18537,	Nq(3) = 0.154385,	Nq(4) = 0.154385,	Nq(5) = 0.203342,	Nq(6) = 0.235917,	Nq(7) = 0.203342,	Nq(8) = 0.18537,	Nq(9) = 0.235917,	Nq(10) = 0.276323,	Nq(11) = 0.235917,	Nq(12) = 0.154385,	Nq(13) = 0.203342,	Nq(14) = 0.235917,	Nq(15) = 0.203342,	Sq(0) = 3.92977e-19,	Sq(1) = 0.474214,	Sq(2) = 0.766143,	Sq(3) = 0.474214,	Sq(4) = 0.474214,	Sq(5) = 0.630541,	Sq(6) = 1.0526,	Sq(7) = 0.630541,	Sq(8) = 0.766143,	Sq(9) = 1.0526,	Sq(10) = 2.56666,	Sq(11) = 1.0526,	Sq(12) = 0.474214,	Sq(13) = 0.630541,	Sq(14) = 1.0526,	Sq(15) = 0.630541,	N(0) = 1.7551,	N(1) = 1.59153,	N(2) = 0.323038,	N(3) = 1.59153,	N(4) = 1.59153,	N(5) = 0.999818,	N(6) = 0.267055,	N(7) = 0.999818,	N(8) = 0.323038,	N(9) = 0.267055,	N(10) = 0.165211,	N(11) = 0.267055,	N(12) = 1.59153,	N(13) = 0.999818,	N(14) = 0.267055,	N(15) = 0.999818,	Delta[s](0) = 0.0794889,	Delta[s](1) = 0.059385,	Delta[s](2) = 0.0354896,	Delta[s](3) = 0.059385,	Delta[s](4) = 0.059385,	Delta[s](5) = 0.0424086,	Delta[s](6) = 0.019519,	Delta[s](7) = 0.0424086,	Delta[s](8) = 0.0354896,	Delta[s](9) = 0.019519,	Delta[s](10) = 9.90453e-05,	Delta[s](11) = 0.019519,	Delta[s](12) = 0.059385,	Delta[s](13) = 0.0424086,	Delta[s](14) = 0.019519,	Delta[s](15) = 0.0424086,	Delta[d](0) = 0.277606,	Delta[d](1) = 0.19059,	Delta[d](2) = 0.200486,	Delta[d](3) = 0.19059,	Delta[d](4) = 0.19059,	Delta[d](5) = 0.177297,	Delta[d](6) = 0.132938,	Delta[d](7) = 0.177297,	Delta[d](8) = 0.200486,	Delta[d](9) = 0.132938,	Delta[d](10) = 0.0535703,	Delta[d](11) = 0.132938,	Delta[d](12) = 0.19059,	Delta[d](13) = 0.177297,	Delta[d](14) = 0.132938,	Delta[d](15) = 0.177297,	Delta[s+](0) = 0.562709,	Delta[s+](1) = 0.418986,	Delta[s+](2) = 0.200486,	Delta[s+](3) = 0.418986,	Delta[s+](4) = 0.418986,	Delta[s+](5) = 0.29277,	Delta[s+](6) = 0.126584,	Delta[s+](7) = 0.29277,	Delta[s+](8) = 0.200486,	Delta[s+](9) = 0.126584,	Delta[s+](10) = 0.0382716,	Delta[s+](11) = 0.126584,	Delta[s+](12) = 0.418986,	Delta[s+](13) = 0.29277,	Delta[s+](14) = 0.126584,	Delta[s+](15) = 0.29277
The 9-th iteration is completed.	|| time cost : 0h 4m 24.149s
********************************************************************************************************************
********************************************************************************************************************
Ground state is obtained after 10 iterations. The current ground-state energy is -12.7673, in which electron energy is -12.7673 and phonon energy is 7.01846e-06
final variational state is: 
	Gamma_x = [      1,1.00043,      1,1.00043,1.00043,      1,1.00058,      1,      1,1.00058,1.00259,1.00058,1.00043,      1,1.00058,      1]
	lambda_q = [   0.148195,  0.0362056,          0,  0.0362056,  0.0362056,-1.9932e-16,   -0.02417, 1.9932e-16,          0,   -0.02417, -0.0442581,   -0.02417,  0.0362056, 1.9932e-16,   -0.02417,5.97959e-16]
The effective e-e interactions mediated by phonons are: [  0.0719896,   0.013184,          0,   0.013184,   0.013184,5.40953e-31, 0.00973219,5.40953e-31,          0, 0.00973219,  0.0362197, 0.00973219,   0.013184,5.40953e-31, 0.00973219,4.86858e-30]
The real-space interactions mediated by phonons are: [ -0.199874,-0.0508884,-0.0456216,-0.0957327,-0.0426735,-0.0994688,-0.0456216,-0.0418684, -0.108209,-0.0418684,-0.0456216,-0.0994688,-0.0426735,-0.0957327,-0.0456216,-0.0508884]
********************************************************************************************************************
o___o  ----------------------------------------
| L |	Time since last clock: 0h 0m 0s
A===A	Time since the beginning: 0h 45m 26.828s
***********************************************

********************************************************************************************************************
Start warm-up calculation for scaling factor 8
open output files: NGSEDWarmUpW1.6Obs.txt
********************************************************************************************************************
Start the 0 rounds of NGS-ED iteration
	effective electronic model is modified as: kinetic energy t = 0.999373
	                                           effective interaction Vq = [  -0.0654592,  -0.0101912,           0,  -0.0101912,  -0.0101912,-4.08841e-31, -0.00726887,-4.08841e-31,           0, -0.00726887,  -0.0269093, -0.00726887,  -0.0101912,-4.08841e-31, -0.00726887,-3.67957e-30]
	PARPACK diagonalization completed after 45 matrix-vector product operations.
	iteration results: : total energy is -12.680649 | electron energy -12.680653 + phonon energy 0.000004 | electron momentum kIdx = 0
