SNEDics v3.4 Non-Gaussian ED ground state program		Start at Thu Oct  3 16:09:42 2019

parallized on 16 MPI threads  * 8 OpenMP threads = 128 total threads.
********************************************************************************************************************
********************************************************************************************************************

********************************************************************************************************************
System parameters and configurations
********************************************************************************************************************
Special program options are enabled: splitted diagonal Hamiltonian
********************************************************************************************************************
Read input file "model_params.in"
	Hubbard-Holstein model parameters : 	t = 1    U = 4.3    g = 3.4641    W = 5    
********************************************************************************************************************
Read input file "hilbertspace_params.in"
	Requested 16-site 2D lattice, with 16 electrons (8, 8)
	Boundary : Periodic		Hilbert space representation : momentum-space (restricted to kIdx = 10)
	Conservation: particle number[U(1)]      spin[U(1)]     momentum
********************************************************************************************************************

Cluster Positions:				Cluster symmetry group : D4
 x ... x ... x ... x .....                       x ... x ... x ... x .....
 |           |           :                       |           |           :
 |           |           :                       |           |           :
12    13    14    15     x                       1     5     6     5     x
 |           |           :                       |           |           :
 |           |           :                       |           |           :
 8 --- 9 ---10 ---11 --- x                       2 --- 6 ---10 --- 6 --- x
 |           |           :                       |           |           :
 |           |           :                       |           |           :
 4     5     6     7     x                       1     5     6     5     x
 |           |           :                       |           |           :
 |           |           :                       |           |           :
 0 --- 1 --- 2 --- 3 --- x                       0 --- 1 --- 2 --- 1 --- x
orbital number : 1
********************************************************************************************************************
Read input file "obs_params.in"
	Observable Type : Nq(All),   Sq(All),   N(All),   Delta[s](All),   Delta[d](All),   Delta[s+](All)
********************************************************************************************************************
** WARNING ** the input observables have non-local factors which have been reinterpreted. The total observable number is 96
********************************************************************************************************************


********************************************************************************************************************
Start calculating the non-Gaussian ED ground state
** WARNING ** Detected low phonon energy W < 10. The initial state will be prepared through a warm-up process.
********************************************************************************************************************
Start warm-up calculation for scaling factor 2
open output files: NGSEDWarmUpW10Obs.txt
********************************************************************************************************************
Start the 0 rounds of NGS-ED iteration
	effective electronic model is modified as: kinetic energy t = 1
	                                           effective interaction Vq = [-0,-0,-0,-0,-0,-0,-0,-0,-0,-0,-0,-0,-0,-0,-0,-0]
	first Hamiltonian is constructed, non-zero numbers = 2845334624
	PARPACK diagonalization completed after 90 matrix-vector product operations.
	iteration results: : total energy is -12.927592 | electron energy -12.927592 + phonon energy 0.000000 | electron momentum kIdx = 10
	Nq(0) = 16,	Nq(1) = 0.153475,	Nq(2) = 0.224705,	Nq(3) = 0.153475,	Nq(4) = 0.153475,	Nq(5) = 0.224705,	Nq(6) = 0.306027,	Nq(7) = 0.224705,	Nq(8) = 0.224705,	Nq(9) = 0.306027,	Nq(10) = 0.368685,	Nq(11) = 0.306027,	Nq(12) = 0.153475,	Nq(13) = 0.224705,	Nq(14) = 0.306027,	Nq(15) = 0.224705,	Sq(0) = 3.19674e-20,	Sq(1) = 0.307803,	Sq(2) = 0.417848,	Sq(3) = 0.307803,	Sq(4) = 0.307803,	Sq(5) = 0.417848,	Sq(6) = 0.627635,	Sq(7) = 0.417848,	Sq(8) = 0.417848,	Sq(9) = 0.627635,	Sq(10) = 6.19624,	Sq(11) = 0.627635,	Sq(12) = 0.307803,	Sq(13) = 0.417848,	Sq(14) = 0.627635,	Sq(15) = 0.417848,	N(0) = 1.92182,	N(1) = 1.82476,	N(2) = 1,	N(3) = 1.82476,	N(4) = 1.82476,	N(5) = 1,	N(6) = 0.175243,	N(7) = 1,	N(8) = 1,	N(9) = 0.175243,	N(10) = 0.0781793,	N(11) = 0.175243,	N(12) = 1.82476,	N(13) = 1,	N(14) = 0.175243,	N(15) = 1,	Delta[s](0) = 0.168523,	Delta[s](1) = 0.143916,	Delta[s](2) = 0.112085,	Delta[s](3) = 0.143916,	Delta[s](4) = 0.143916,	Delta[s](5) = 0.112085,	Delta[s](6) = 0.0841197,	Delta[s](7) = 0.112085,	Delta[s](8) = 0.112085,	Delta[s](9) = 0.0841197,	Delta[s](10) = 0.0242821,	Delta[s](11) = 0.0841197,	Delta[s](12) = 0.143916,	Delta[s](13) = 0.112085,	Delta[s](14) = 0.0841197,	Delta[s](15) = 0.112085,	Delta[d](0) = 0.520212,	Delta[d](1) = 0.391511,	Delta[d](2) = 0.330436,	Delta[d](3) = 0.391511,	Delta[d](4) = 0.391511,	Delta[d](5) = 0.377149,	Delta[d](6) = 0.306791,	Delta[d](7) = 0.377149,	Delta[d](8) = 0.330436,	Delta[d](9) = 0.306791,	Delta[d](10) = 0.247597,	Delta[d](11) = 0.306791,	Delta[d](12) = 0.391511,	Delta[d](13) = 0.377149,	Delta[d](14) = 0.306791,	Delta[d](15) = 0.377149,	Delta[s+](0) = 0.5882,	Delta[s+](1) = 0.483083,	Delta[s+](2) = 0.330436,	Delta[s+](3) = 0.483083,	Delta[s+](4) = 0.483083,	Delta[s+](5) = 0.330436,	Delta[s+](6) = 0.183044,	Delta[s+](7) = 0.330436,	Delta[s+](8) = 0.330436,	Delta[s+](9) = 0.183044,	Delta[s+](10) = 0.0677847,	Delta[s+](11) = 0.183044,	Delta[s+](12) = 0.483083,	Delta[s+](13) = 0.330436,	Delta[s+](14) = 0.183044,	Delta[s+](15) = 0.330436
The 0-th iteration is completed.	|| time cost : 0h 8m 21.901s
********************************************************************************************************************
Start the 1 rounds of NGS-ED iteration
	effective electronic model is modified as: kinetic energy t = 0.940718
	                                           effective interaction Vq = [-2.07519,-1.88879,-1.82315,-1.88879,-1.88879,-1.82315,-1.79959,-1.82315,-1.82315,-1.79959,-1.77239,-1.79959,-1.88879,-1.82315,-1.79959,-1.82315]
	PARPACK diagonalization completed after 45 matrix-vector product operations.
	iteration results: : total energy is -53.633475 | electron energy -53.636846 + phonon energy 0.003370 | electron momentum kIdx = 10
The 1-th iteration is completed.	|| time cost : 0h 7m 30.104s
********************************************************************************************************************
Start the 2 rounds of NGS-ED iteration
	effective electronic model is modified as: kinetic energy t = 0.897373
	                                           effective interaction Vq = [-2.35604, -2.2441,-2.14506, -2.2441, -2.2441,-2.14506,-2.15095,-2.14506,-2.14506,-2.15095,-2.09748,-2.15095, -2.2441,-2.14506,-2.15095,-2.14506]
	PARPACK diagonalization completed after 30 matrix-vector product operations.
	iteration results: : total energy is -59.309715 | electron energy -59.336346 + phonon energy 0.026631 | electron momentum kIdx = 10
The 2-th iteration is completed.	|| time cost : 0h 0m 27.302s
********************************************************************************************************************
Start the 3 rounds of NGS-ED iteration
	effective electronic model is modified as: kinetic energy t = 0.880537
	                                           effective interaction Vq = [-2.39405,-2.32469,-2.22042,-2.32469,-2.32469,-2.22042,-2.24229,-2.22042,-2.22042,-2.24229,-2.17642,-2.24229,-2.32469,-2.22042,-2.24229,-2.22042]
	PARPACK diagonalization completed after 30 matrix-vector product operations.
	iteration results: : total energy is -60.174264 | electron energy -60.220905 + phonon energy 0.046641 | electron momentum kIdx = 10
The 3-th iteration is completed.	|| time cost : 0h 0m 27.673s
********************************************************************************************************************
Start the 4 rounds of NGS-ED iteration
	effective electronic model is modified as: kinetic energy t = 0.868067
	                                           effective interaction Vq = [-2.39919, -2.3452,-2.30606, -2.3452, -2.3452,-2.30606, -2.2683,-2.30606,-2.30606, -2.2683,-2.20025, -2.2683, -2.3452,-2.30606, -2.2683,-2.30606]
	PARPACK diagonalization completed after 30 matrix-vector product operations.
	iteration results: : total energy is -60.387142 | electron energy -60.445979 + phonon energy 0.058837 | electron momentum kIdx = 10
The 4-th iteration is completed.	|| time cost : 0h 0m 27.65s
********************************************************************************************************************
Start the 5 rounds of NGS-ED iteration
	effective electronic model is modified as: kinetic energy t = 0.863862
	                                           effective interaction Vq = [-2.39989,-2.35094,-2.32916,-2.35094,-2.35094,-2.32916, -2.2757,-2.32916,-2.32916, -2.2757,-2.20718, -2.2757,-2.35094,-2.32916, -2.2757,-2.32916]
	PARPACK diagonalization completed after 30 matrix-vector product operations.
	iteration results: : total energy is -60.413660 | electron energy -60.478716 + phonon energy 0.065056 | electron momentum kIdx = 10
The 5-th iteration is completed.	|| time cost : 0h 0m 27.323s
********************************************************************************************************************
Start the 6 rounds of NGS-ED iteration
	effective electronic model is modified as: kinetic energy t = 0.862466
	                                           effective interaction Vq = [-2.39998,-2.35269,-2.33625,-2.35269,-2.35269,-2.33625,-2.27795,-2.33625,-2.33625,-2.27795,-2.20931,-2.27795,-2.35269,-2.33625,-2.27795,-2.33625]
	PARPACK diagonalization completed after 30 matrix-vector product operations.
	iteration results: : total energy is -60.416924 | electron energy -60.484389 + phonon energy 0.067465 | electron momentum kIdx = 10
The 6-th iteration is completed.	|| time cost : 0h 0m 27.38s
********************************************************************************************************************
Start the 7 rounds of NGS-ED iteration
	effective electronic model is modified as: kinetic energy t = 0.862004
	                                           effective interaction Vq = [    -2.4,-2.35324,-2.33855,-2.35324,-2.35324,-2.33855,-2.27865,-2.33855,-2.33855,-2.27865,-2.20999,-2.27865,-2.35324,-2.33855,-2.27865,-2.33855]
	PARPACK diagonalization completed after 30 matrix-vector product operations.
	iteration results: : total energy is -60.417325 | electron energy -60.485635 + phonon energy 0.068310 | electron momentum kIdx = 10
The 7-th iteration is completed.	|| time cost : 0h 0m 27.438s
********************************************************************************************************************
Start the 8 rounds of NGS-ED iteration
	effective electronic model is modified as: kinetic energy t = 0.861851
	                                           effective interaction Vq = [    -2.4,-2.35342,-2.33931,-2.35342,-2.35342,-2.33931,-2.27886,-2.33931,-2.33931,-2.27886, -2.2102,-2.27886,-2.35342,-2.33931,-2.27886,-2.33931]
	PARPACK diagonalization completed after 30 matrix-vector product operations.
	iteration results: : total energy is -60.417375 | electron energy -60.485971 + phonon energy 0.068595 | electron momentum kIdx = 10
The 8-th iteration is completed.	|| time cost : 0h 0m 27.468s
********************************************************************************************************************
Start the 9 rounds of NGS-ED iteration
	effective electronic model is modified as: kinetic energy t = 0.861801
	                                           effective interaction Vq = [    -2.4,-2.35347,-2.33957,-2.35347,-2.35347,-2.33957,-2.27893,-2.33957,-2.33957,-2.27893,-2.21027,-2.27893,-2.35347,-2.33957,-2.27893,-2.33957]
	PARPACK diagonalization completed after 30 matrix-vector product operations.
	iteration results: : total energy is -60.417382 | electron energy -60.486072 + phonon energy 0.068690 | electron momentum kIdx = 10
	Nq(0) = 16,	Nq(1) = 0.39034,	Nq(2) = 0.657084,	Nq(3) = 0.39034,	Nq(4) = 0.39034,	Nq(5) = 0.657084,	Nq(6) = 0.634157,	Nq(7) = 0.657084,	Nq(8) = 0.657084,	Nq(9) = 0.634157,	Nq(10) = 0.621586,	Nq(11) = 0.634157,	Nq(12) = 0.39034,	Nq(13) = 0.657084,	Nq(14) = 0.634157,	Nq(15) = 0.657084,	Sq(0) = 3.45272e-18,	Sq(1) = 0.362012,	Sq(2) = 0.443499,	Sq(3) = 0.362012,	Sq(4) = 0.362012,	Sq(5) = 0.443499,	Sq(6) = 0.599085,	Sq(7) = 0.443499,	Sq(8) = 0.443499,	Sq(9) = 0.599085,	Sq(10) = 0.832542,	Sq(11) = 0.599085,	Sq(12) = 0.362012,	Sq(13) = 0.443499,	Sq(14) = 0.599085,	Sq(15) = 0.443499,	N(0) = 1.99909,	N(1) = 1.99852,	N(2) = 1,	N(3) = 1.99852,	N(4) = 1.99852,	N(5) = 1,	N(6) = 0.00148178,	N(7) = 1,	N(8) = 1,	N(9) = 0.00148178,	N(10) = 0.00090655,	N(11) = 0.00148178,	N(12) = 1.99852,	N(13) = 1,	N(14) = 0.00148178,	N(15) = 1,	Delta[s](0) = 0.300172,	Delta[s](1) = 0.300091,	Delta[s](2) = 0.299017,	Delta[s](3) = 0.300091,	Delta[s](4) = 0.300091,	Delta[s](5) = 0.299017,	Delta[s](6) = 0.228012,	Delta[s](7) = 0.299017,	Delta[s](8) = 0.299017,	Delta[s](9) = 0.228012,	Delta[s](10) = 0.124356,	Delta[s](11) = 0.228012,	Delta[s](12) = 0.300091,	Delta[s](13) = 0.299017,	Delta[s](14) = 0.228012,	Delta[s](15) = 0.299017,	Delta[d](0) = 0.305903,	Delta[d](1) = 0.287225,	Delta[d](2) = 0.260974,	Delta[d](3) = 0.287225,	Delta[d](4) = 0.287225,	Delta[d](5) = 0.254553,	Delta[d](6) = 0.240709,	Delta[d](7) = 0.254553,	Delta[d](8) = 0.260974,	Delta[d](9) = 0.240709,	Delta[d](10) = 0.328745,	Delta[d](11) = 0.240709,	Delta[d](12) = 0.287225,	Delta[d](13) = 0.254553,	Delta[d](14) = 0.240709,	Delta[d](15) = 0.254553,	Delta[s+](0) = 0.482732,	Delta[s+](1) = 0.39539,	Delta[s+](2) = 0.260974,	Delta[s+](3) = 0.39539,	Delta[s+](4) = 0.39539,	Delta[s+](5) = 0.260974,	Delta[s+](6) = 0.123219,	Delta[s+](7) = 0.260974,	Delta[s+](8) = 0.260974,	Delta[s+](9) = 0.123219,	Delta[s+](10) = 0.0336474,	Delta[s+](11) = 0.123219,	Delta[s+](12) = 0.39539,	Delta[s+](13) = 0.260974,	Delta[s+](14) = 0.123219,	Delta[s+](15) = 0.260974
The 9-th iteration is completed.	|| time cost : 0h 4m 25.348s
********************************************************************************************************************
********************************************************************************************************************
Ground state is obtained after 10 iterations. The current ground-state energy is -60.4174, in which electron energy is -60.4861 and phonon energy is 0.0686902
final variational state is: 
	Gamma_x = [      1, 1.0227,1.04295, 1.0227, 1.0227,1.04295,1.05441,1.04295,1.04295,1.05441,1.06211,1.05441, 1.0227,1.04295,1.05441,1.04295]
	lambda_q = [0.489875,0.421702,0.412215,0.421702,0.421702,0.412215,0.379877,0.412215,0.412215,0.379877,0.352163,0.379877,0.421702,0.412215,0.379877,0.412215]
********************************************************************************************************************
o___o  ----------------------------------------
| L |	Time since last clock: 0h 0m 0s
A===A	Time since the beginning: 0h 23m 29.591s
***********************************************


********************************************************************************************************************
Warm up runs have been completed. Start calculating W = 5 phonon.
open output files: NGSEDIterationObs.txt
********************************************************************************************************************
Start the 0 rounds of NGS-ED iteration
	effective electronic model is modified as: kinetic energy t = 0.861784
	                                           effective interaction Vq = [-2.19407,-2.03247, -2.0063,-2.03247,-2.03247, -2.0063,-1.91033, -2.0063, -2.0063,-1.91033,-1.81976,-1.91033,-2.03247, -2.0063,-1.91033, -2.0063]
	PARPACK diagonalization completed after 45 matrix-vector product operations.
	iteration results: : total energy is -54.489226 | electron energy -54.523587 + phonon energy 0.034361 | electron momentum kIdx = 10
	Nq(0) = 16,	Nq(1) = 0.353602,	Nq(2) = 0.369047,	Nq(3) = 0.353602,	Nq(4) = 0.353602,	Nq(5) = 0.369047,	Nq(6) = 0.571731,	Nq(7) = 0.369047,	Nq(8) = 0.369047,	Nq(9) = 0.571731,	Nq(10) = 0.582085,	Nq(11) = 0.571731,	Nq(12) = 0.353602,	Nq(13) = 0.369047,	Nq(14) = 0.571731,	Nq(15) = 0.369047,	Sq(0) = 5.01866e-18,	Sq(1) = 0.376971,	Sq(2) = 0.416958,	Sq(3) = 0.376971,	Sq(4) = 0.376971,	Sq(5) = 0.416958,	Sq(6) = 0.640059,	Sq(7) = 0.416958,	Sq(8) = 0.416958,	Sq(9) = 0.640059,	Sq(10) = 2.93243,	Sq(11) = 0.640059,	Sq(12) = 0.376971,	Sq(13) = 0.416958,	Sq(14) = 0.640059,	Sq(15) = 0.416958,	N(0) = 1.999,	N(1) = 1.99763,	N(2) = 1,	N(3) = 1.99763,	N(4) = 1.99763,	N(5) = 1,	N(6) = 0.00236772,	N(7) = 1,	N(8) = 1,	N(9) = 0.00236772,	N(10) = 0.000997572,	N(11) = 0.00236772,	N(12) = 1.99763,	N(13) = 1,	N(14) = 0.00236772,	N(15) = 1,	Delta[s](0) = 0.256529,	Delta[s](1) = 0.248667,	Delta[s](2) = 0.192801,	Delta[s](3) = 0.248667,	Delta[s](4) = 0.248667,	Delta[s](5) = 0.192801,	Delta[s](6) = 0.185682,	Delta[s](7) = 0.192801,	Delta[s](8) = 0.192801,	Delta[s](9) = 0.185682,	Delta[s](10) = 0.0981159,	Delta[s](11) = 0.185682,	Delta[s](12) = 0.248667,	Delta[s](13) = 0.192801,	Delta[s](14) = 0.185682,	Delta[s](15) = 0.192801,	Delta[d](0) = 0.506272,	Delta[d](1) = 0.31941,	Delta[d](2) = 0.28407,	Delta[d](3) = 0.31941,	Delta[d](4) = 0.31941,	Delta[d](5) = 0.372865,	Delta[d](6) = 0.264283,	Delta[d](7) = 0.372865,	Delta[d](8) = 0.28407,	Delta[d](9) = 0.264283,	Delta[d](10) = 0.24059,	Delta[d](11) = 0.264283,	Delta[d](12) = 0.31941,	Delta[d](13) = 0.372865,	Delta[d](14) = 0.264283,	Delta[d](15) = 0.372865,	Delta[s+](0) = 0.520482,	Delta[s+](1) = 0.429324,	Delta[s+](2) = 0.28407,	Delta[s+](3) = 0.429324,	Delta[s+](4) = 0.429324,	Delta[s+](5) = 0.28407,	Delta[s+](6) = 0.138877,	Delta[s+](7) = 0.28407,	Delta[s+](8) = 0.28407,	Delta[s+](9) = 0.138877,	Delta[s+](10) = 0.037827,	Delta[s+](11) = 0.138877,	Delta[s+](12) = 0.429324,	Delta[s+](13) = 0.28407,	Delta[s+](14) = 0.138877,	Delta[s+](15) = 0.28407
The 0-th iteration is completed.	|| time cost : 0h 4m 40.104s
********************************************************************************************************************
Start the 1 rounds of NGS-ED iteration
	effective electronic model is modified as: kinetic energy t = 0.85274
	                                           effective interaction Vq = [-2.32424,-2.14615,-2.01674,-2.14615,-2.14615,-2.01674,-1.99231,-2.01674,-2.01674,-1.99231,-1.88418,-1.99231,-2.14615,-2.01674,-1.99231,-2.01674]
	PARPACK diagonalization completed after 30 matrix-vector product operations.
	iteration results: : total energy is -56.709711 | electron energy -56.806000 + phonon energy 0.096289 | electron momentum kIdx = 10
The 1-th iteration is completed.	|| time cost : 0h 0m 27.358s
********************************************************************************************************************
Start the 2 rounds of NGS-ED iteration
	effective electronic model is modified as: kinetic energy t = 0.845927
	                                           effective interaction Vq = [-2.37213,-2.20449,-2.02695,-2.20449,-2.20449,-2.02695,-2.04114,-2.02695,-2.02695,-2.04114,-1.92364,-2.04114,-2.20449,-2.02695,-2.04114,-2.02695]
	PARPACK diagonalization completed after 30 matrix-vector product operations.
	iteration results: : total energy is -57.524038 | electron energy -57.659441 + phonon energy 0.135403 | electron momentum kIdx = 10
The 2-th iteration is completed.	|| time cost : 0h 0m 27.332s
********************************************************************************************************************
Start the 3 rounds of NGS-ED iteration
	effective electronic model is modified as: kinetic energy t = 0.841427
	                                           effective interaction Vq = [-2.38974, -2.2358, -2.0341, -2.2358, -2.2358, -2.0341,-2.06997, -2.0341, -2.0341,-2.06997,-1.94657,-2.06997, -2.2358, -2.0341,-2.06997, -2.0341]
	PARPACK diagonalization completed after 30 matrix-vector product operations.
	iteration results: : total energy is -57.823177 | electron energy -57.981111 + phonon energy 0.157934 | electron momentum kIdx = 10
The 3-th iteration is completed.	|| time cost : 0h 0m 27.61s
********************************************************************************************************************
Start the 4 rounds of NGS-ED iteration
	effective electronic model is modified as: kinetic energy t = 0.838613
	                                           effective interaction Vq = [-2.39623,-2.25315,-2.03862,-2.25315,-2.25315,-2.03862,-2.08704,-2.03862,-2.03862,-2.08704,-1.95969,-2.08704,-2.25315,-2.03862,-2.08704,-2.03862]
	PARPACK diagonalization completed after 30 matrix-vector product operations.
	iteration results: : total energy is -57.933062 | electron energy -58.104037 + phonon energy 0.170976 | electron momentum kIdx = 10
The 4-th iteration is completed.	|| time cost : 0h 0m 27.645s
********************************************************************************************************************
Start the 5 rounds of NGS-ED iteration
	effective electronic model is modified as: kinetic energy t = 0.836899
	                                           effective interaction Vq = [-2.39861,-2.26299,-2.04135,-2.26299,-2.26299,-2.04135,-2.09717,-2.04135,-2.04135,-2.09717,-1.96715,-2.09717,-2.26299,-2.04135,-2.09717,-2.04135]
	PARPACK diagonalization completed after 30 matrix-vector product operations.
	iteration results: : total energy is -57.973416 | electron energy -58.152037 + phonon energy 0.178621 | electron momentum kIdx = 10
The 5-th iteration is completed.	|| time cost : 0h 0m 27.394s
********************************************************************************************************************
Start the 6 rounds of NGS-ED iteration
	effective electronic model is modified as: kinetic energy t = 0.835868
	                                           effective interaction Vq = [-2.39949,-2.26866,-2.04298,-2.26866,-2.26866,-2.04298,-2.10322,-2.04298,-2.04298,-2.10322,-1.97139,-2.10322,-2.26866,-2.04298,-2.10322,-2.04298]
	PARPACK diagonalization completed after 30 matrix-vector product operations.
	iteration results: : total energy is -57.988233 | electron energy -58.171372 + phonon energy 0.183139 | electron momentum kIdx = 10
The 6-th iteration is completed.	|| time cost : 0h 0m 27.624s
********************************************************************************************************************
Start the 7 rounds of NGS-ED iteration
	effective electronic model is modified as: kinetic energy t = 0.835252
	                                           effective interaction Vq = [-2.39981,-2.27195,-2.04394,-2.27195,-2.27195,-2.04394,-2.10683,-2.04394,-2.04394,-2.10683, -1.9738,-2.10683,-2.27195,-2.04394,-2.10683,-2.04394]
	PARPACK diagonalization completed after 30 matrix-vector product operations.
	iteration results: : total energy is -57.993673 | electron energy -58.179492 + phonon energy 0.185819 | electron momentum kIdx = 10
The 7-th iteration is completed.	|| time cost : 0h 0m 27.323s
********************************************************************************************************************
Start the 8 rounds of NGS-ED iteration
	effective electronic model is modified as: kinetic energy t = 0.834885
	                                           effective interaction Vq = [-2.39993,-2.27388, -2.0445,-2.27388,-2.27388, -2.0445,-2.10899, -2.0445, -2.0445,-2.10899,-1.97517,-2.10899,-2.27388, -2.0445,-2.10899, -2.0445]
	PARPACK diagonalization completed after 30 matrix-vector product operations.
	iteration results: : total energy is -57.995670 | electron energy -58.183081 + phonon energy 0.187411 | electron momentum kIdx = 10
The 8-th iteration is completed.	|| time cost : 0h 0m 27.436s
********************************************************************************************************************
Start the 9 rounds of NGS-ED iteration
	effective electronic model is modified as: kinetic energy t = 0.834668
	                                           effective interaction Vq = [-2.39997,-2.27501,-2.04483,-2.27501,-2.27501,-2.04483,-2.11029,-2.04483,-2.04483,-2.11029,-1.97595,-2.11029,-2.27501,-2.04483,-2.11029,-2.04483]
	PARPACK diagonalization completed after 30 matrix-vector product operations.
	iteration results: : total energy is -57.996404 | electron energy -58.184761 + phonon energy 0.188357 | electron momentum kIdx = 10
The 9-th iteration is completed.	|| time cost : 0h 0m 27.318s
********************************************************************************************************************
Start the 10 rounds of NGS-ED iteration
	effective electronic model is modified as: kinetic energy t = 0.834538
	                                           effective interaction Vq = [-2.39999,-2.27567,-2.04503,-2.27567,-2.27567,-2.04503,-2.11106,-2.04503,-2.04503,-2.11106, -1.9764,-2.11106,-2.27567,-2.04503,-2.11106,-2.04503]
	PARPACK diagonalization completed after 30 matrix-vector product operations.
	iteration results: : total energy is -57.996673 | electron energy -58.185593 + phonon energy 0.188920 | electron momentum kIdx = 10
	Nq(0) = 16,	Nq(1) = 0.398723,	Nq(2) = 0.368453,	Nq(3) = 0.398723,	Nq(4) = 0.398723,	Nq(5) = 0.368453,	Nq(6) = 0.619159,	Nq(7) = 0.368453,	Nq(8) = 0.368453,	Nq(9) = 0.619159,	Nq(10) = 0.601017,	Nq(11) = 0.619159,	Nq(12) = 0.398723,	Nq(13) = 0.368453,	Nq(14) = 0.619159,	Nq(15) = 0.368453,	Sq(0) = 1.77994e-17,	Sq(1) = 0.374608,	Sq(2) = 0.410532,	Sq(3) = 0.374608,	Sq(4) = 0.374608,	Sq(5) = 0.410532,	Sq(6) = 0.628965,	Sq(7) = 0.410532,	Sq(8) = 0.410532,	Sq(9) = 0.628965,	Sq(10) = 2.63925,	Sq(11) = 0.628965,	Sq(12) = 0.374608,	Sq(13) = 0.410532,	Sq(14) = 0.628965,	Sq(15) = 0.410532,	N(0) = 1.99976,	N(1) = 1.99931,	N(2) = 1,	N(3) = 1.99931,	N(4) = 1.99931,	N(5) = 1,	N(6) = 0.000685036,	N(7) = 1,	N(8) = 1,	N(9) = 0.000685036,	N(10) = 0.000238236,	N(11) = 0.000685036,	N(12) = 1.99931,	N(13) = 1,	N(14) = 0.000685036,	N(15) = 1,	Delta[s](0) = 0.262648,	Delta[s](1) = 0.260537,	Delta[s](2) = 0.203123,	Delta[s](3) = 0.260537,	Delta[s](4) = 0.260537,	Delta[s](5) = 0.203123,	Delta[s](6) = 0.200731,	Delta[s](7) = 0.203123,	Delta[s](8) = 0.203123,	Delta[s](9) = 0.200731,	Delta[s](10) = 0.115172,	Delta[s](11) = 0.200731,	Delta[s](12) = 0.260537,	Delta[s](13) = 0.203123,	Delta[s](14) = 0.200731,	Delta[s](15) = 0.203123,	Delta[d](0) = 0.520779,	Delta[d](1) = 0.327844,	Delta[d](2) = 0.294458,	Delta[d](3) = 0.327844,	Delta[d](4) = 0.327844,	Delta[d](5) = 0.38592,	Delta[d](6) = 0.271937,	Delta[d](7) = 0.38592,	Delta[d](8) = 0.294458,	Delta[d](9) = 0.271937,	Delta[d](10) = 0.253239,	Delta[d](11) = 0.271937,	Delta[d](12) = 0.327844,	Delta[d](13) = 0.38592,	Delta[d](14) = 0.271937,	Delta[d](15) = 0.38592,	Delta[s+](0) = 0.532524,	Delta[s+](1) = 0.439026,	Delta[s+](2) = 0.294458,	Delta[s+](3) = 0.439026,	Delta[s+](4) = 0.439026,	Delta[s+](5) = 0.294458,	Delta[s+](6) = 0.145791,	Delta[s+](7) = 0.294458,	Delta[s+](8) = 0.294458,	Delta[s+](9) = 0.145791,	Delta[s+](10) = 0.0446454,	Delta[s+](11) = 0.145791,	Delta[s+](12) = 0.439026,	Delta[s+](13) = 0.294458,	Delta[s+](14) = 0.145791,	Delta[s+](15) = 0.294458
The 10-th iteration is completed.	|| time cost : 0h 4m 33.873s
********************************************************************************************************************
Start the 11 rounds of NGS-ED iteration
	effective electronic model is modified as: kinetic energy t = 0.834461
	                                           effective interaction Vq = [-2.39999,-2.27607,-2.04514,-2.27607,-2.27607,-2.04514,-2.11153,-2.04514,-2.04514,-2.11153,-1.97666,-2.11153,-2.27607,-2.04514,-2.11153,-2.04514]
	PARPACK diagonalization completed after 30 matrix-vector product operations.
	iteration results: : total energy is -57.996772 | electron energy -58.186026 + phonon energy 0.189254 | electron momentum kIdx = 10
The 11-th iteration is completed.	|| time cost : 0h 0m 27.637s
********************************************************************************************************************
Start the 12 rounds of NGS-ED iteration
	effective electronic model is modified as: kinetic energy t = 0.834416
	                                           effective interaction Vq = [    -2.4, -2.2763,-2.04521, -2.2763, -2.2763,-2.04521,-2.11181,-2.04521,-2.04521,-2.11181, -1.9768,-2.11181, -2.2763,-2.04521,-2.11181,-2.04521]
	PARPACK diagonalization completed after 30 matrix-vector product operations.
	iteration results: : total energy is -57.996808 | electron energy -58.186262 + phonon energy 0.189453 | electron momentum kIdx = 10
The 12-th iteration is completed.	|| time cost : 0h 0m 27.635s
********************************************************************************************************************
Start the 13 rounds of NGS-ED iteration
	effective electronic model is modified as: kinetic energy t = 0.834388
	                                           effective interaction Vq = [    -2.4,-2.27643,-2.04525,-2.27643,-2.27643,-2.04525,-2.11198,-2.04525,-2.04525,-2.11198,-1.97688,-2.11198,-2.27643,-2.04525,-2.11198,-2.04525]
	PARPACK diagonalization completed after 30 matrix-vector product operations.
	iteration results: : total energy is -57.996822 | electron energy -58.186393 + phonon energy 0.189571 | electron momentum kIdx = 10
The 13-th iteration is completed.	|| time cost : 0h 0m 27.625s
********************************************************************************************************************
Start the 14 rounds of NGS-ED iteration
	effective electronic model is modified as: kinetic energy t = 0.834372
	                                           effective interaction Vq = [    -2.4,-2.27651,-2.04527,-2.27651,-2.27651,-2.04527,-2.11208,-2.04527,-2.04527,-2.11208,-1.97693,-2.11208,-2.27651,-2.04527,-2.11208,-2.04527]
	PARPACK diagonalization completed after 30 matrix-vector product operations.
	iteration results: : total energy is -57.996827 | electron energy -58.186468 + phonon energy 0.189642 | electron momentum kIdx = 10
The 14-th iteration is completed.	|| time cost : 0h 0m 27.612s
********************************************************************************************************************
Start the 15 rounds of NGS-ED iteration
	effective electronic model is modified as: kinetic energy t = 0.834363
	                                           effective interaction Vq = [    -2.4,-2.27656,-2.04528,-2.27656,-2.27656,-2.04528,-2.11214,-2.04528,-2.04528,-2.11214,-1.97696,-2.11214,-2.27656,-2.04528,-2.11214,-2.04528]
	PARPACK diagonalization completed after 30 matrix-vector product operations.
	iteration results: : total energy is -57.996828 | electron energy -58.186512 + phonon energy 0.189684 | electron momentum kIdx = 10
The 15-th iteration is completed.	|| time cost : 0h 0m 27.336s
********************************************************************************************************************
Start the 16 rounds of NGS-ED iteration
	effective electronic model is modified as: kinetic energy t = 0.834357
	                                           effective interaction Vq = [    -2.4,-2.27659,-2.04529,-2.27659,-2.27659,-2.04529,-2.11217,-2.04529,-2.04529,-2.11217,-1.97698,-2.11217,-2.27659,-2.04529,-2.11217,-2.04529]
	PARPACK diagonalization completed after 30 matrix-vector product operations.
	iteration results: : total energy is -57.996829 | electron energy -58.186538 + phonon energy 0.189708 | electron momentum kIdx = 10
The 16-th iteration is completed.	|| time cost : 0h 0m 27.398s
********************************************************************************************************************
Start the 17 rounds of NGS-ED iteration
	effective electronic model is modified as: kinetic energy t = 0.834354
	                                           effective interaction Vq = [    -2.4, -2.2766, -2.0453, -2.2766, -2.2766, -2.0453,-2.11219, -2.0453, -2.0453,-2.11219,-1.97699,-2.11219, -2.2766, -2.0453,-2.11219, -2.0453]
	PARPACK diagonalization completed after 30 matrix-vector product operations.
	iteration results: : total energy is -57.996829 | electron energy -58.186553 + phonon energy 0.189723 | electron momentum kIdx = 10
The 17-th iteration is completed.	|| time cost : 0h 0m 27.457s
********************************************************************************************************************
Start the 18 rounds of NGS-ED iteration
	effective electronic model is modified as: kinetic energy t = 0.834352
	                                           effective interaction Vq = [    -2.4,-2.27661, -2.0453,-2.27661,-2.27661, -2.0453,-2.11221, -2.0453, -2.0453,-2.11221,-1.97699,-2.11221,-2.27661, -2.0453,-2.11221, -2.0453]
	PARPACK diagonalization completed after 30 matrix-vector product operations.
	iteration results: : total energy is -57.996829 | electron energy -58.186561 + phonon energy 0.189732 | electron momentum kIdx = 10
The 18-th iteration is completed.	|| time cost : 0h 0m 27.69s
********************************************************************************************************************
Start the 19 rounds of NGS-ED iteration
	effective electronic model is modified as: kinetic energy t = 0.834351
	                                           effective interaction Vq = [    -2.4,-2.27662, -2.0453,-2.27662,-2.27662, -2.0453,-2.11222, -2.0453, -2.0453,-2.11222,-1.97699,-2.11222,-2.27662, -2.0453,-2.11222, -2.0453]
	PARPACK diagonalization completed after 30 matrix-vector product operations.
	iteration results: : total energy is -57.996829 | electron energy -58.186567 + phonon energy 0.189737 | electron momentum kIdx = 10
The 19-th iteration is completed.	|| time cost : 0h 0m 27.623s
********************************************************************************************************************
Start the 20 rounds of NGS-ED iteration
	effective electronic model is modified as: kinetic energy t = 0.83435
	                                           effective interaction Vq = [    -2.4,-2.27662, -2.0453,-2.27662,-2.27662, -2.0453,-2.11222, -2.0453, -2.0453,-2.11222,  -1.977,-2.11222,-2.27662, -2.0453,-2.11222, -2.0453]
	PARPACK diagonalization completed after 30 matrix-vector product operations.
	iteration results: : total energy is -57.996829 | electron energy -58.186570 + phonon energy 0.189740 | electron momentum kIdx = 10
	Nq(0) = 16,	Nq(1) = 0.398935,	Nq(2) = 0.368448,	Nq(3) = 0.398935,	Nq(4) = 0.398935,	Nq(5) = 0.368448,	Nq(6) = 0.619462,	Nq(7) = 0.368448,	Nq(8) = 0.368448,	Nq(9) = 0.619462,	Nq(10) = 0.601066,	Nq(11) = 0.619462,	Nq(12) = 0.398935,	Nq(13) = 0.368448,	Nq(14) = 0.619462,	Nq(15) = 0.368448,	Sq(0) = 8.28989e-18,	Sq(1) = 0.374588,	Sq(2) = 0.410492,	Sq(3) = 0.374588,	Sq(4) = 0.374588,	Sq(5) = 0.410492,	Sq(6) = 0.628892,	Sq(7) = 0.410492,	Sq(8) = 0.410492,	Sq(9) = 0.628892,	Sq(10) = 2.63778,	Sq(11) = 0.628892,	Sq(12) = 0.374588,	Sq(13) = 0.410492,	Sq(14) = 0.628892,	Sq(15) = 0.410492,	N(0) = 1.99976,	N(1) = 1.99931,	N(2) = 1,	N(3) = 1.99931,	N(4) = 1.99931,	N(5) = 1,	N(6) = 0.00068983,	N(7) = 1,	N(8) = 1,	N(9) = 0.00068983,	N(10) = 0.000236963,	N(11) = 0.00068983,	N(12) = 1.99931,	N(13) = 1,	N(14) = 0.00068983,	N(15) = 1,	Delta[s](0) = 0.262679,	Delta[s](1) = 0.260597,	Delta[s](2) = 0.203181,	Delta[s](3) = 0.260597,	Delta[s](4) = 0.260597,	Delta[s](5) = 0.203181,	Delta[s](6) = 0.200811,	Delta[s](7) = 0.203181,	Delta[s](8) = 0.203181,	Delta[s](9) = 0.200811,	Delta[s](10) = 0.115272,	Delta[s](11) = 0.200811,	Delta[s](12) = 0.260597,	Delta[s](13) = 0.203181,	Delta[s](14) = 0.200811,	Delta[s](15) = 0.203181,	Delta[d](0) = 0.520871,	Delta[d](1) = 0.327915,	Delta[d](2) = 0.294535,	Delta[d](3) = 0.327915,	Delta[d](4) = 0.327915,	Delta[d](5) = 0.38601,	Delta[d](6) = 0.272001,	Delta[d](7) = 0.38601,	Delta[d](8) = 0.294535,	Delta[d](9) = 0.272001,	Delta[d](10) = 0.253329,	Delta[d](11) = 0.272001,	Delta[d](12) = 0.327915,	Delta[d](13) = 0.38601,	Delta[d](14) = 0.272001,	Delta[d](15) = 0.38601,	Delta[s+](0) = 0.532617,	Delta[s+](1) = 0.439104,	Delta[s+](2) = 0.294535,	Delta[s+](3) = 0.439104,	Delta[s+](4) = 0.439104,	Delta[s+](5) = 0.294535,	Delta[s+](6) = 0.145845,	Delta[s+](7) = 0.294535,	Delta[s+](8) = 0.294535,	Delta[s+](9) = 0.145845,	Delta[s+](10) = 0.0446934,	Delta[s+](11) = 0.145845,	Delta[s+](12) = 0.439104,	Delta[s+](13) = 0.294535,	Delta[s+](14) = 0.145845,	Delta[s+](15) = 0.294535
The 20-th iteration is completed.	|| time cost : 0h 4m 30.945s
********************************************************************************************************************
Start the 21 rounds of NGS-ED iteration
	effective electronic model is modified as: kinetic energy t = 0.834349
	                                           effective interaction Vq = [    -2.4,-2.27663, -2.0453,-2.27663,-2.27663, -2.0453,-2.11222, -2.0453, -2.0453,-2.11222,  -1.977,-2.11222,-2.27663, -2.0453,-2.11222, -2.0453]
	PARPACK diagonalization completed after 30 matrix-vector product operations.
	iteration results: : total energy is -57.996829 | electron energy -58.186572 + phonon energy 0.189742 | electron momentum kIdx = 10
The 21-th iteration is completed.	|| time cost : 0h 0m 27.607s
********************************************************************************************************************
Start the 22 rounds of NGS-ED iteration
	effective electronic model is modified as: kinetic energy t = 0.834349
	                                           effective interaction Vq = [    -2.4,-2.27663, -2.0453,-2.27663,-2.27663, -2.0453,-2.11222, -2.0453, -2.0453,-2.11222,  -1.977,-2.11222,-2.27663, -2.0453,-2.11222, -2.0453]
	PARPACK diagonalization completed after 30 matrix-vector product operations.
	iteration results: : total energy is -57.996829 | electron energy -58.186573 + phonon energy 0.189743 | electron momentum kIdx = 10
The 22-th iteration is completed.	|| time cost : 0h 0m 27.459s
********************************************************************************************************************
Start the 23 rounds of NGS-ED iteration
	effective electronic model is modified as: kinetic energy t = 0.834349
	                                           effective interaction Vq = [    -2.4,-2.27663, -2.0453,-2.27663,-2.27663, -2.0453,-2.11223, -2.0453, -2.0453,-2.11223,  -1.977,-2.11223,-2.27663, -2.0453,-2.11223, -2.0453]
	PARPACK diagonalization completed after 30 matrix-vector product operations.
	iteration results: : total energy is -57.996829 | electron energy -58.186574 + phonon energy 0.189744 | electron momentum kIdx = 10
The 23-th iteration is completed.	|| time cost : 0h 0m 27.371s
********************************************************************************************************************
Start the 24 rounds of NGS-ED iteration
	effective electronic model is modified as: kinetic energy t = 0.834349
	                                           effective interaction Vq = [    -2.4,-2.27663, -2.0453,-2.27663,-2.27663, -2.0453,-2.11223, -2.0453, -2.0453,-2.11223,  -1.977,-2.11223,-2.27663, -2.0453,-2.11223, -2.0453]
	PARPACK diagonalization completed after 30 matrix-vector product operations.
	iteration results: : total energy is -57.996829 | electron energy -58.186574 + phonon energy 0.189744 | electron momentum kIdx = 10
The 24-th iteration is completed.	|| time cost : 0h 0m 27.339s
