SNEDics v3.4 Non-Gaussian ED ground state program		Start at Tue Sep 24 19:36:58 2019

parallized on 16 MPI threads  * 8 OpenMP threads = 128 total threads.
********************************************************************************************************************
********************************************************************************************************************

********************************************************************************************************************
System parameters and configurations
********************************************************************************************************************
Special program options are enabled: splitted diagonal Hamiltonian
********************************************************************************************************************
Read input file "model_params.in"
	Hubbard-Holstein model parameters : 	t = 1    g = 3.873    W = 5    
********************************************************************************************************************
Read input file "hilbertspace_params.in"
	Requested 16-site 2D lattice, with 14 electrons (7, 7)
	Boundary : Periodic		Hilbert space representation : momentum-space (restricted to kIdx = 10)
	Conservation: particle number[U(1)]      spin[U(1)]     momentum
********************************************************************************************************************

Cluster Positions:				Cluster symmetry group : D4
 x ... x ... x ... x .....                       x ... x ... x ... x .....
 |           |           :                       |           |           :
 |           |           :                       |           |           :
12    13    14    15     x                       1     5     6     5     x
 |           |           :                       |           |           :
 |           |           :                       |           |           :
 8 --- 9 ---10 ---11 --- x                       2 --- 6 ---10 --- 6 --- x
 |           |           :                       |           |           :
 |           |           :                       |           |           :
 4     5     6     7     x                       1     5     6     5     x
 |           |           :                       |           |           :
 |           |           :                       |           |           :
 0 --- 1 --- 2 --- 3 --- x                       0 --- 1 --- 2 --- 1 --- x
orbital number : 1
********************************************************************************************************************
Read input file "obs_params.in"
	Observable Type : Nq(All),   Sq(All),   N(All),   Delta[s](All),   Delta[d](All),   Delta[s+](All)
********************************************************************************************************************
** WARNING ** the input observables have non-local factors which have been reinterpreted. The total observable number is 96
********************************************************************************************************************


********************************************************************************************************************
Start calculating the non-Gaussian ED ground state
** WARNING ** Detected low phonon energy W < 10. The initial state will be prepared through a warm-up process.
********************************************************************************************************************
Start warm-up calculation for scaling factor 2
open output files: NGSEDWarmUpW10Obs.txt
********************************************************************************************************************
Start the 0 rounds of NGS-ED iteration
	effective electronic model is modified as: kinetic energy t = 1
	                                           effective interaction Vq = [-0,-0,-0,-0,-0,-0,-0,-0,-0,-0,-0,-0,-0,-0,-0,-0]
	first Hamiltonian is constructed, non-zero numbers = 5976392
	PARPACK diagonalization completed after 30 matrix-vector product operations.
	iteration results: : total energy is -24.000000 | electron energy -24.000000 + phonon energy 0.000000 | electron momentum kIdx = 10
	Nq(0) = 12.25,	Nq(1) = 0.374739,	Nq(2) = 0.448534,	Nq(3) = 0.374739,	Nq(4) = 0.375261,	Nq(5) = 0.498898,	Nq(6) = 0.624739,	Nq(7) = 0.517159,	Nq(8) = 0.457995,	Nq(9) = 0.625261,	Nq(10) = 1.02206,	Nq(11) = 0.625261,	Nq(12) = 0.375261,	Nq(13) = 0.517159,	Nq(14) = 0.624739,	Nq(15) = 0.498898,	Sq(0) = -1.90595e-18,	Sq(1) = 0.374739,	Sq(2) = 0.477844,	Sq(3) = 0.374739,	Sq(4) = 0.375261,	Sq(5) = 0.511427,	Sq(6) = 0.624739,	Sq(7) = 0.478262,	Sq(8) = 0.492891,	Sq(9) = 0.625261,	Sq(10) = 0.83918,	Sq(11) = 0.625261,	Sq(12) = 0.375261,	Sq(13) = 0.478262,	Sq(14) = 0.624739,	Sq(15) = 0.511427,	N(0) = 2,	N(1) = 2,	N(2) = 0.509716,	N(3) = 2,	N(4) = 2,	N(5) = 0.30313,	N(6) = 8.40487e-26,	N(7) = 0.5993,	N(8) = 0.505534,	N(9) = 8.56863e-26,	N(10) = 3.13185e-26,	N(11) = 8.40724e-26,	N(12) = 2,	N(13) = 0.630066,	N(14) = 8.52828e-26,	N(15) = 1.45225,	Delta[s](0) = 0.319787,	Delta[s](1) = 0.208747,	Delta[s](2) = 0.197798,	Delta[s](3) = 0.256692,	Delta[s](4) = 0.207295,	Delta[s](5) = 0.165228,	Delta[s](6) = 0.121381,	Delta[s](7) = 0.19423,	Delta[s](8) = 0.201257,	Delta[s](9) = 0.122517,	Delta[s](10) = 0.101264,	Delta[s](11) = 0.170461,	Delta[s](12) = 0.257827,	Delta[s](13) = 0.189405,	Delta[s](14) = 0.171913,	Delta[s](15) = 0.21955,	Delta[d](0) = 0.369265,	Delta[d](1) = 0.173665,	Delta[d](2) = 0.191678,	Delta[d](3) = 0.205351,	Delta[d](4) = 0.178369,	Delta[d](5) = 0.150153,	Delta[d](6) = 0.127698,	Delta[d](7) = 0.207481,	Delta[d](8) = 0.188284,	Delta[d](9) = 0.117697,	Delta[d](10) = 0.0607116,	Delta[d](11) = 0.148891,	Delta[d](12) = 0.195251,	Delta[d](13) = 0.170281,	Delta[d](14) = 0.144347,	Delta[d](15) = 0.139017,	Delta[s+](0) = 0.480591,	Delta[s+](1) = 0.343699,	Delta[s+](2) = 0.192262,	Delta[s+](3) = 0.378653,	Delta[s+](4) = 0.351887,	Delta[s+](5) = 0.179592,	Delta[s+](6) = 0.0654704,	Delta[s+](7) = 0.216646,	Delta[s+](8) = 0.194807,	Delta[s+](9) = 0.0585425,	Delta[s+](10) = 0.0142066,	Delta[s+](11) = 0.0939362,	Delta[s+](12) = 0.371872,	Delta[s+](13) = 0.188471,	Delta[s+](14) = 0.0856629,	Delta[s+](15) = 0.283077
The 0-th iteration is completed.	|| time cost : 0h 5m 29.516s
********************************************************************************************************************
Start the 1 rounds of NGS-ED iteration
	effective electronic model is modified as: kinetic energy (tx,ty)=(0.910589, 0.910538)
	                                           effective interaction Vq = [-2.59402,-2.48619,-2.41491,-2.48619, -2.4862,-2.43326, -2.4032,-2.43908,-2.41845,-2.40328,-2.44196,-2.40328, -2.4862,-2.43908, -2.4032,-2.43326]
	PARPACK diagonalization completed after 75 matrix-vector product operations.
	iteration results: : total energy is -80.010659 | electron energy -80.020383 + phonon energy 0.009724 | electron momentum kIdx = 10
The 1-th iteration is completed.	|| time cost : 0h 5m 43.712s
********************************************************************************************************************
Start the 2 rounds of NGS-ED iteration
	effective electronic model is modified as: kinetic energy (tx,ty)=(0.840801, 0.840773)
	                                           effective interaction Vq = [-2.94508,-2.86803, -2.8376,-2.86803,-2.86803,-2.84203,-2.81728,-2.84356,-2.83842,-2.81733,-2.91162,-2.81733,-2.86803,-2.84356,-2.81728,-2.84203]
	PARPACK diagonalization completed after 45 matrix-vector product operations.
	iteration results: : total energy is -88.804414 | electron energy -88.844104 + phonon energy 0.039690 | electron momentum kIdx = 10
The 2-th iteration is completed.	|| time cost : 0h 0m 22.906s
********************************************************************************************************************
Start the 3 rounds of NGS-ED iteration
	effective electronic model is modified as: kinetic energy (tx,ty)=(0.81304, 0.813028)
	                                           effective interaction Vq = [-2.99259,-2.94358, -2.9212,-2.94358,-2.94358,-2.92243,-2.90611,-2.92287,-2.92143,-2.90613,  -2.984,-2.90613,-2.94358,-2.92287,-2.90611,-2.92243]
	PARPACK diagonalization completed after 45 matrix-vector product operations.
	iteration results: : total energy is -90.013158 | electron energy -90.064550 + phonon energy 0.051392 | electron momentum kIdx = 10
The 3-th iteration is completed.	|| time cost : 0h 0m 23.076s
********************************************************************************************************************
Start the 4 rounds of NGS-ED iteration
	effective electronic model is modified as: kinetic energy (tx,ty)=(0.802405, 0.8024)
	                                           effective interaction Vq = [-2.99902,-2.96356,-2.94445,-2.96356,-2.96356,-2.94484,-2.93268,-2.94498,-2.94452,-2.93269,-2.99553,-2.93269,-2.96356,-2.94498,-2.93268,-2.94484]
	PARPACK diagonalization completed after 45 matrix-vector product operations.
	iteration results: : total energy is -90.173531 | electron energy -90.229913 + phonon energy 0.056382 | electron momentum kIdx = 10
The 4-th iteration is completed.	|| time cost : 0h 0m 22.848s
********************************************************************************************************************
Start the 5 rounds of NGS-ED iteration
	effective electronic model is modified as: kinetic energy (tx,ty)=(0.798105, 0.798103)
	                                           effective interaction Vq = [-2.99989,-2.97009,-2.95272,-2.97009,-2.97009,-2.95285,-2.94284, -2.9529,-2.95275,-2.94284,-2.99782,-2.94284,-2.97009, -2.9529,-2.94284,-2.95285]
	PARPACK diagonalization completed after 45 matrix-vector product operations.
	iteration results: : total energy is -90.195474 | electron energy -90.254188 + phonon energy 0.058714 | electron momentum kIdx = 10
The 5-th iteration is completed.	|| time cost : 0h 0m 22.845s
********************************************************************************************************************
Start the 6 rounds of NGS-ED iteration
	effective electronic model is modified as: kinetic energy t = 0.796305
	                                           effective interaction Vq = [-3.00001,-2.97249,-2.95602,-2.97249,-2.97249,-2.95607,-2.94714,-2.95609,-2.95603,-2.94714,-2.99839,-2.94714,-2.97249,-2.95609,-2.94714,-2.95607]
	PARPACK diagonalization completed after 30 matrix-vector product operations.
	iteration results: : total energy is -90.198625 | electron energy -90.258369 + phonon energy 0.059744 | electron momentum kIdx = 10
The 6-th iteration is completed.	|| time cost : 0h 0m 19.349s
********************************************************************************************************************
Start the 7 rounds of NGS-ED iteration
	effective electronic model is modified as: kinetic energy t = 0.795537
	                                           effective interaction Vq = [-3.00002,-2.97342,-2.95741,-2.97342,-2.97342,-2.95743,-2.94904,-2.95743,-2.95741,-2.94904,-2.99856,-2.94904,-2.97342,-2.95743,-2.94904,-2.95743]
	PARPACK diagonalization completed after 30 matrix-vector product operations.
	iteration results: : total energy is -90.199097 | electron energy -90.259281 + phonon energy 0.060184 | electron momentum kIdx = 10
The 7-th iteration is completed.	|| time cost : 0h 0m 19.435s
********************************************************************************************************************
Start the 8 rounds of NGS-ED iteration
	effective electronic model is modified as: kinetic energy t = 0.795206
	                                           effective interaction Vq = [-3.00003, -2.9738,-2.95801, -2.9738, -2.9738,-2.95801,-2.94989,-2.95801,-2.95801,-2.94989,-2.99861,-2.94989, -2.9738,-2.95801,-2.94989,-2.95801]
	PARPACK diagonalization completed after 30 matrix-vector product operations.
	iteration results: : total energy is -90.199171 | electron energy -90.259543 + phonon energy 0.060371 | electron momentum kIdx = 10
The 8-th iteration is completed.	|| time cost : 0h 0m 19.382s
********************************************************************************************************************
Start the 9 rounds of NGS-ED iteration
	effective electronic model is modified as: kinetic energy t = 0.795062
	                                           effective interaction Vq = [-3.00003,-2.97395,-2.95827,-2.97395,-2.97395,-2.95827,-2.95027,-2.95827,-2.95827,-2.95027,-2.99862,-2.95027,-2.97395,-2.95827,-2.95027,-2.95827]
	PARPACK diagonalization completed after 30 matrix-vector product operations.
	iteration results: : total energy is -90.199184 | electron energy -90.259636 + phonon energy 0.060452 | electron momentum kIdx = 10
	Nq(0) = 12.25,	Nq(1) = 0.36012,	Nq(2) = 0.545032,	Nq(3) = 0.36012,	Nq(4) = 0.360121,	Nq(5) = 0.545033,	Nq(6) = 0.729223,	Nq(7) = 0.545034,	Nq(8) = 0.545032,	Nq(9) = 0.729224,	Nq(10) = 6.30431,	Nq(11) = 0.729224,	Nq(12) = 0.360121,	Nq(13) = 0.545034,	Nq(14) = 0.729223,	Nq(15) = 0.545033,	Sq(0) = -1.52068e-18,	Sq(1) = 0.0688478,	Sq(2) = 0.116822,	Sq(3) = 0.0688478,	Sq(4) = 0.0688478,	Sq(5) = 0.116822,	Sq(6) = 0.160598,	Sq(7) = 0.116822,	Sq(8) = 0.116823,	Sq(9) = 0.160598,	Sq(10) = 0.1994,	Sq(11) = 0.160598,	Sq(12) = 0.0688478,	Sq(13) = 0.116822,	Sq(14) = 0.160598,	Sq(15) = 0.116822,	N(0) = 1.74614,	N(1) = 1.45866,	N(2) = 0.807103,	N(3) = 1.45866,	N(4) = 1.45866,	N(5) = 0.807103,	N(6) = 0.349731,	N(7) = 0.807103,	N(8) = 0.807103,	N(9) = 0.349731,	N(10) = 0.177683,	N(11) = 0.349731,	N(12) = 1.45866,	N(13) = 0.807103,	N(14) = 0.349731,	N(15) = 0.807103,	Delta[s](0) = 0.914229,	Delta[s](1) = 0.40036,	Delta[s](2) = 0.340885,	Delta[s](3) = 0.40036,	Delta[s](4) = 0.40036,	Delta[s](5) = 0.340885,	Delta[s](6) = 0.29866,	Delta[s](7) = 0.340885,	Delta[s](8) = 0.340885,	Delta[s](9) = 0.29866,	Delta[s](10) = 0.335322,	Delta[s](11) = 0.29866,	Delta[s](12) = 0.40036,	Delta[s](13) = 0.340885,	Delta[s](14) = 0.29866,	Delta[s](15) = 0.340885,	Delta[d](0) = 0.102954,	Delta[d](1) = 0.091747,	Delta[d](2) = 0.101953,	Delta[d](3) = 0.091747,	Delta[d](4) = 0.091747,	Delta[d](5) = 0.0773259,	Delta[d](6) = 0.0763813,	Delta[d](7) = 0.0773259,	Delta[d](8) = 0.101953,	Delta[d](9) = 0.0763813,	Delta[d](10) = 0.0527322,	Delta[d](11) = 0.0763813,	Delta[d](12) = 0.091747,	Delta[d](13) = 0.0773259,	Delta[d](14) = 0.0763813,	Delta[d](15) = 0.0773259,	Delta[s+](0) = 0.201833,	Delta[s+](1) = 0.150309,	Delta[s+](2) = 0.101953,	Delta[s+](3) = 0.150309,	Delta[s+](4) = 0.150309,	Delta[s+](5) = 0.101953,	Delta[s+](6) = 0.0587205,	Delta[s+](7) = 0.101953,	Delta[s+](8) = 0.101953,	Delta[s+](9) = 0.0587205,	Delta[s+](10) = 0.0372469,	Delta[s+](11) = 0.0587205,	Delta[s+](12) = 0.150309,	Delta[s+](13) = 0.101953,	Delta[s+](14) = 0.0587205,	Delta[s+](15) = 0.101953
The 9-th iteration is completed.	|| time cost : 0h 3m 18.519s
********************************************************************************************************************
********************************************************************************************************************
Ground state is obtained after 10 iterations. The current ground-state energy is -90.1992, in which electron energy is -90.2596 and phonon energy is 0.060452
final variational state is: 
	Gamma_x = [      1, 1.0184,1.03454, 1.0184, 1.0184,1.03454,1.05017,1.03454,1.03454,1.05017,  1.083,1.05017, 1.0184,1.03454,1.05017,1.03454]
	lambda_q = [  0.5477,0.496728,0.483191,0.496728,0.496728,0.483192,0.477307,0.483192,0.483191,0.477308,0.535902,0.477308,0.496728,0.483192,0.477307,0.483192]
********************************************************************************************************************
o___o  ----------------------------------------
| L |	Time since last clock: 0h 0m 0s
A===A	Time since the beginning: 0h 17m 1.593s
***********************************************


********************************************************************************************************************
Warm up runs have been completed. Start calculating W = 5 phonon.
open output files: NGSEDIterationObs.txt
********************************************************************************************************************
Start the 0 rounds of NGS-ED iteration
	effective electronic model is modified as: kinetic energy t = 0.794999
	                                           effective interaction Vq = [-2.74261,-2.61396,-2.57543,-2.61396,-2.61396,-2.57543,-2.55811,-2.57543,-2.57543,-2.55811,-2.71514,-2.55811,-2.61396,-2.57543,-2.55811,-2.57543]
	PARPACK diagonalization completed after 45 matrix-vector product operations.
	iteration results: : total energy is -82.463766 | electron energy -82.494009 + phonon energy 0.030243 | electron momentum kIdx = 10
	Nq(0) = 12.25,	Nq(1) = 0.333233,	Nq(2) = 0.479408,	Nq(3) = 0.333233,	Nq(4) = 0.333233,	Nq(5) = 0.479409,	Nq(6) = 0.605227,	Nq(7) = 0.479409,	Nq(8) = 0.479409,	Nq(9) = 0.605227,	Nq(10) = 7.06397,	Nq(11) = 0.605227,	Nq(12) = 0.333233,	Nq(13) = 0.479409,	Nq(14) = 0.605227,	Nq(15) = 0.479409,	Sq(0) = 4.69106e-19,	Sq(1) = 0.0795628,	Sq(2) = 0.131952,	Sq(3) = 0.0795628,	Sq(4) = 0.0795628,	Sq(5) = 0.131952,	Sq(6) = 0.180696,	Sq(7) = 0.131952,	Sq(8) = 0.131952,	Sq(9) = 0.180696,	Sq(10) = 0.222992,	Sq(11) = 0.180696,	Sq(12) = 0.0795628,	Sq(13) = 0.131952,	Sq(14) = 0.180696,	Sq(15) = 0.131952,	N(0) = 1.78083,	N(1) = 1.4977,	N(2) = 0.796007,	N(3) = 1.4977,	N(4) = 1.4977,	N(5) = 0.796007,	N(6) = 0.324241,	N(7) = 0.796007,	N(8) = 0.796007,	N(9) = 0.324241,	N(10) = 0.155379,	N(11) = 0.324241,	N(12) = 1.4977,	N(13) = 0.796007,	N(14) = 0.324241,	N(15) = 0.796007,	Delta[s](0) = 0.721345,	Delta[s](1) = 0.386902,	Delta[s](2) = 0.346899,	Delta[s](3) = 0.386902,	Delta[s](4) = 0.386902,	Delta[s](5) = 0.346899,	Delta[s](6) = 0.316671,	Delta[s](7) = 0.346899,	Delta[s](8) = 0.346899,	Delta[s](9) = 0.316671,	Delta[s](10) = 0.355099,	Delta[s](11) = 0.316671,	Delta[s](12) = 0.386902,	Delta[s](13) = 0.346899,	Delta[s](14) = 0.316671,	Delta[s](15) = 0.346899,	Delta[d](0) = 0.0955207,	Delta[d](1) = 0.0843169,	Delta[d](2) = 0.0967776,	Delta[d](3) = 0.0843169,	Delta[d](4) = 0.0843169,	Delta[d](5) = 0.0690214,	Delta[d](6) = 0.0679646,	Delta[d](7) = 0.0690214,	Delta[d](8) = 0.0967776,	Delta[d](9) = 0.0679646,	Delta[d](10) = 0.04317,	Delta[d](11) = 0.0679646,	Delta[d](12) = 0.0843169,	Delta[d](13) = 0.0690214,	Delta[d](14) = 0.0679646,	Delta[d](15) = 0.0690214,	Delta[s+](0) = 0.212466,	Delta[s+](1) = 0.150228,	Delta[s+](2) = 0.0967776,	Delta[s+](3) = 0.150228,	Delta[s+](4) = 0.150228,	Delta[s+](5) = 0.0967776,	Delta[s+](6) = 0.0509955,	Delta[s+](7) = 0.0967777,	Delta[s+](8) = 0.0967776,	Delta[s+](9) = 0.0509955,	Delta[s+](10) = 0.0297515,	Delta[s+](11) = 0.0509955,	Delta[s+](12) = 0.150228,	Delta[s+](13) = 0.0967777,	Delta[s+](14) = 0.0509955,	Delta[s+](15) = 0.0967776
The 0-th iteration is completed.	|| time cost : 0h 3m 13.818s
********************************************************************************************************************
Start the 1 rounds of NGS-ED iteration
	effective electronic model is modified as: kinetic energy t = 0.757471
	                                           effective interaction Vq = [-2.90533,-2.77033,-2.72048,-2.77033,-2.77033,-2.72048,-2.69198,-2.72048,-2.72048,-2.69198,-2.89376,-2.69198,-2.77033,-2.72048,-2.69198,-2.72048]
	PARPACK diagonalization completed after 45 matrix-vector product operations.
	iteration results: : total energy is -86.073606 | electron energy -86.174450 + phonon energy 0.100844 | electron momentum kIdx = 10
The 1-th iteration is completed.	|| time cost : 0h 0m 22.535s
********************************************************************************************************************
Start the 2 rounds of NGS-ED iteration
	effective electronic model is modified as: kinetic energy t = 0.734375
	                                           effective interaction Vq = [-2.96519,-2.84567,-2.78812,-2.84567,-2.84567,-2.78812,-2.75482,-2.78812,-2.78812,-2.75482,-2.96034,-2.75482,-2.84567,-2.78812,-2.75482,-2.78812]
	PARPACK diagonalization completed after 45 matrix-vector product operations.
	iteration results: : total energy is -87.389222 | electron energy -87.527663 + phonon energy 0.138441 | electron momentum kIdx = 10
The 2-th iteration is completed.	|| time cost : 0h 0m 22.536s
********************************************************************************************************************
Start the 3 rounds of NGS-ED iteration
	effective electronic model is modified as: kinetic energy t = 0.72016
	                                           effective interaction Vq = [-2.98721,-2.88435,-2.82367,-2.88435,-2.88435,-2.82367,-2.78849,-2.82367,-2.82367,-2.78849,  -2.984,-2.78849,-2.88435,-2.82367,-2.78849,-2.82367]
	PARPACK diagonalization completed after 45 matrix-vector product operations.
	iteration results: : total energy is -87.852293 | electron energy -88.008531 + phonon energy 0.156238 | electron momentum kIdx = 10
The 3-th iteration is completed.	|| time cost : 0h 0m 22.517s
********************************************************************************************************************
Start the 4 rounds of NGS-ED iteration
	effective electronic model is modified as: kinetic energy t = 0.711208
	                                           effective interaction Vq = [-2.99531,-2.90533,-2.84433,-2.90533,-2.90533,-2.84433,-2.80913,-2.84433,-2.84433,-2.80913,-2.99259,-2.80913,-2.90533,-2.84433,-2.80913,-2.84433]
	PARPACK diagonalization completed after 45 matrix-vector product operations.
	iteration results: : total energy is -88.014536 | electron energy -88.180314 + phonon energy 0.165778 | electron momentum kIdx = 10
The 4-th iteration is completed.	|| time cost : 0h 0m 22.559s
********************************************************************************************************************
Start the 5 rounds of NGS-ED iteration
	effective electronic model is modified as: kinetic energy t = 0.705394
	                                           effective interaction Vq = [-2.99829,-2.91727,-2.85726,-2.91727,-2.91727,-2.85726,-2.82304,-2.85726,-2.85726,-2.82304,-2.99591,-2.82304,-2.91727,-2.85726,-2.82304,-2.85726]
	PARPACK diagonalization completed after 45 matrix-vector product operations.
	iteration results: : total energy is -88.072085 | electron energy -88.243682 + phonon energy 0.171597 | electron momentum kIdx = 10
The 5-th iteration is completed.	|| time cost : 0h 0m 22.579s
********************************************************************************************************************
Start the 6 rounds of NGS-ED iteration
	effective electronic model is modified as: kinetic energy t = 0.701501
	                                           effective interaction Vq = [-2.99939,-2.92435,-2.86576,-2.92435,-2.92435,-2.86576,-2.83291,-2.86576,-2.86576,-2.83291, -2.9973,-2.83291,-2.92435,-2.86576,-2.83291,-2.86576]
	PARPACK diagonalization completed after 30 matrix-vector product operations.
	iteration results: : total energy is -88.092975 | electron energy -88.268394 + phonon energy 0.175420 | electron momentum kIdx = 10
The 6-th iteration is completed.	|| time cost : 0h 0m 19.385s
********************************************************************************************************************
Start the 7 rounds of NGS-ED iteration
	effective electronic model is modified as: kinetic energy t = 0.698826
	                                           effective interaction Vq = [-2.99979,-2.92869,-2.87156,-2.92869,-2.92869,-2.87156,-2.84013,-2.87156,-2.87156,-2.84013,-2.99793,-2.84013,-2.92869,-2.87156,-2.84013,-2.87156]
	PARPACK diagonalization completed after 45 matrix-vector product operations.
	iteration results: : total energy is -88.100801 | electron energy -88.278828 + phonon energy 0.178027 | electron momentum kIdx = 10
The 7-th iteration is completed.	|| time cost : 0h 0m 22.536s
********************************************************************************************************************
Start the 8 rounds of NGS-ED iteration
	effective electronic model is modified as: kinetic energy t = 0.696948
	                                           effective interaction Vq = [-2.99994,-2.93143, -2.8756,-2.93143,-2.93143, -2.8756,-2.84548, -2.8756, -2.8756,-2.84548,-2.99823,-2.84548,-2.93143, -2.8756,-2.84548, -2.8756]
	PARPACK diagonalization completed after 30 matrix-vector product operations.
	iteration results: : total energy is -88.103852 | electron energy -88.283695 + phonon energy 0.179843 | electron momentum kIdx = 10
The 8-th iteration is completed.	|| time cost : 0h 0m 19.354s
********************************************************************************************************************
Start the 9 rounds of NGS-ED iteration
	effective electronic model is modified as: kinetic energy t = 0.695608
	                                           effective interaction Vq = [-2.99999, -2.9332,-2.87847, -2.9332, -2.9332,-2.87847,-2.84947,-2.87847,-2.87847,-2.84947,-2.99838,-2.84947, -2.9332,-2.87847,-2.84947,-2.87847]
	PARPACK diagonalization completed after 30 matrix-vector product operations.
	iteration results: : total energy is -88.105099 | electron energy -88.286228 + phonon energy 0.181129 | electron momentum kIdx = 10
The 9-th iteration is completed.	|| time cost : 0h 0m 19.423s
********************************************************************************************************************
Start the 10 rounds of NGS-ED iteration
	effective electronic model is modified as: kinetic energy t = 0.69464
	                                           effective interaction Vq = [-3.00001,-2.93437,-2.88054,-2.93437,-2.93437,-2.88054,-2.85246,-2.88054,-2.88054,-2.85246,-2.99845,-2.85246,-2.93437,-2.88054,-2.85246,-2.88054]
	PARPACK diagonalization completed after 30 matrix-vector product operations.
	iteration results: : total energy is -88.105636 | electron energy -88.287687 + phonon energy 0.182051 | electron momentum kIdx = 10
	Nq(0) = 12.25,	Nq(1) = 0.323086,	Nq(2) = 0.435253,	Nq(3) = 0.323086,	Nq(4) = 0.323086,	Nq(5) = 0.435253,	Nq(6) = 0.555763,	Nq(7) = 0.435253,	Nq(8) = 0.435253,	Nq(9) = 0.555763,	Nq(10) = 8.2052,	Nq(11) = 0.555763,	Nq(12) = 0.323086,	Nq(13) = 0.435253,	Nq(14) = 0.555763,	Nq(15) = 0.435253,	Sq(0) = -1.05603e-18,	Sq(1) = 0.05143,	Sq(2) = 0.0910735,	Sq(3) = 0.05143,	Sq(4) = 0.05143,	Sq(5) = 0.0910735,	Sq(6) = 0.126698,	Sq(7) = 0.0910735,	Sq(8) = 0.0910735,	Sq(9) = 0.126698,	Sq(10) = 0.15894,	Sq(11) = 0.126698,	Sq(12) = 0.05143,	Sq(13) = 0.0910735,	Sq(14) = 0.126698,	Sq(15) = 0.0910735,	N(0) = 1.67874,	N(1) = 1.36447,	N(2) = 0.825311,	N(3) = 1.36447,	N(4) = 1.36447,	N(5) = 0.825311,	N(6) = 0.421597,	N(7) = 0.825311,	N(8) = 0.825311,	N(9) = 0.421597,	N(10) = 0.225109,	N(11) = 0.421597,	N(12) = 1.36447,	N(13) = 0.825311,	N(14) = 0.421597,	N(15) = 0.825311,	Delta[s](0) = 0.648213,	Delta[s](1) = 0.402902,	Delta[s](2) = 0.373339,	Delta[s](3) = 0.402902,	Delta[s](4) = 0.402902,	Delta[s](5) = 0.373339,	Delta[s](6) = 0.351775,	Delta[s](7) = 0.373339,	Delta[s](8) = 0.373339,	Delta[s](9) = 0.351775,	Delta[s](10) = 0.384095,	Delta[s](11) = 0.351775,	Delta[s](12) = 0.402902,	Delta[s](13) = 0.373339,	Delta[s](14) = 0.351775,	Delta[s](15) = 0.373339,	Delta[d](0) = 0.0702854,	Delta[d](1) = 0.0659691,	Delta[d](2) = 0.0768469,	Delta[d](3) = 0.0659691,	Delta[d](4) = 0.0659691,	Delta[d](5) = 0.0551025,	Delta[d](6) = 0.0552749,	Delta[d](7) = 0.0551025,	Delta[d](8) = 0.0768469,	Delta[d](9) = 0.0552749,	Delta[d](10) = 0.0401001,	Delta[d](11) = 0.0552749,	Delta[d](12) = 0.0659691,	Delta[d](13) = 0.0551025,	Delta[d](14) = 0.0552749,	Delta[d](15) = 0.0551025,	Delta[s+](0) = 0.163953,	Delta[s+](1) = 0.114323,	Delta[s+](2) = 0.0768469,	Delta[s+](3) = 0.114323,	Delta[s+](4) = 0.114323,	Delta[s+](5) = 0.0768469,	Delta[s+](6) = 0.0464301,	Delta[s+](7) = 0.0768469,	Delta[s+](8) = 0.0768469,	Delta[s+](9) = 0.0464301,	Delta[s+](10) = 0.0314848,	Delta[s+](11) = 0.0464301,	Delta[s+](12) = 0.114323,	Delta[s+](13) = 0.0768469,	Delta[s+](14) = 0.0464301,	Delta[s+](15) = 0.0768469
The 10-th iteration is completed.	|| time cost : 0h 3m 12.985s
********************************************************************************************************************
Start the 11 rounds of NGS-ED iteration
	effective electronic model is modified as: kinetic energy t = 0.693934
	                                           effective interaction Vq = [-3.00002,-2.93516,-2.88204,-2.93516,-2.93516,-2.88204,-2.85471,-2.88204,-2.88204,-2.85471,-2.99849,-2.85471,-2.93516,-2.88204,-2.85471,-2.88204]
	PARPACK diagonalization completed after 30 matrix-vector product operations.
	iteration results: : total energy is -88.105880 | electron energy -88.288601 + phonon energy 0.182721 | electron momentum kIdx = 10
The 11-th iteration is completed.	|| time cost : 0h 0m 19.397s
********************************************************************************************************************
Start the 12 rounds of NGS-ED iteration
	effective electronic model is modified as: kinetic energy t = 0.693414
	                                           effective interaction Vq = [-3.00002, -2.9357,-2.88314, -2.9357, -2.9357,-2.88314, -2.8564,-2.88314,-2.88314, -2.8564,-2.99851, -2.8564, -2.9357,-2.88314, -2.8564,-2.88314]
	PARPACK diagonalization completed after 30 matrix-vector product operations.
	iteration results: : total energy is -88.105997 | electron energy -88.289208 + phonon energy 0.183211 | electron momentum kIdx = 10
The 12-th iteration is completed.	|| time cost : 0h 0m 19.372s
********************************************************************************************************************
Start the 13 rounds of NGS-ED iteration
	effective electronic model is modified as: kinetic energy t = 0.693031
	                                           effective interaction Vq = [-3.00003,-2.93607,-2.88394,-2.93607,-2.93607,-2.88394,-2.85767,-2.88394,-2.88394,-2.85767,-2.99852,-2.85767,-2.93607,-2.88394,-2.85767,-2.88394]
	PARPACK diagonalization completed after 30 matrix-vector product operations.
	iteration results: : total energy is -88.106055 | electron energy -88.289628 + phonon energy 0.183573 | electron momentum kIdx = 10
The 13-th iteration is completed.	|| time cost : 0h 0m 19.404s
********************************************************************************************************************
Start the 14 rounds of NGS-ED iteration
	effective electronic model is modified as: kinetic energy t = 0.692746
	                                           effective interaction Vq = [-3.00003,-2.93633,-2.88454,-2.93633,-2.93633,-2.88454,-2.85863,-2.88454,-2.88454,-2.85863,-2.99852,-2.85863,-2.93633,-2.88454,-2.85863,-2.88454]
	PARPACK diagonalization completed after 30 matrix-vector product operations.
	iteration results: : total energy is -88.106086 | electron energy -88.289927 + phonon energy 0.183841 | electron momentum kIdx = 10
The 14-th iteration is completed.	|| time cost : 0h 0m 19.641s
********************************************************************************************************************
Start the 15 rounds of NGS-ED iteration
	effective electronic model is modified as: kinetic energy t = 0.692534
	                                           effective interaction Vq = [-3.00003,-2.93652,-2.88499,-2.93652,-2.93652,-2.88499,-2.85936,-2.88499,-2.88499,-2.85936,-2.99852,-2.85936,-2.93652,-2.88499,-2.85936,-2.88499]
	PARPACK diagonalization completed after 30 matrix-vector product operations.
	iteration results: : total energy is -88.106102 | electron energy -88.290143 + phonon energy 0.184041 | electron momentum kIdx = 10
The 15-th iteration is completed.	|| time cost : 0h 0m 19.406s
********************************************************************************************************************
Start the 16 rounds of NGS-ED iteration
	effective electronic model is modified as: kinetic energy t = 0.692375
	                                           effective interaction Vq = [-3.00003,-2.93666,-2.88532,-2.93666,-2.93666,-2.88532, -2.8599,-2.88532,-2.88532, -2.8599,-2.99852, -2.8599,-2.93666,-2.88532, -2.8599,-2.88532]
	PARPACK diagonalization completed after 30 matrix-vector product operations.
	iteration results: : total energy is -88.106111 | electron energy -88.290301 + phonon energy 0.184190 | electron momentum kIdx = 10
The 16-th iteration is completed.	|| time cost : 0h 0m 19.42s
********************************************************************************************************************
Start the 17 rounds of NGS-ED iteration
	effective electronic model is modified as: kinetic energy t = 0.692257
	                                           effective interaction Vq = [-3.00003,-2.93676,-2.88556,-2.93676,-2.93676,-2.88556,-2.86031,-2.88556,-2.88556,-2.86031,-2.99852,-2.86031,-2.93676,-2.88556,-2.86031,-2.88556]
	PARPACK diagonalization completed after 30 matrix-vector product operations.
	iteration results: : total energy is -88.106115 | electron energy -88.290417 + phonon energy 0.184302 | electron momentum kIdx = 10
The 17-th iteration is completed.	|| time cost : 0h 0m 19.363s
********************************************************************************************************************
Start the 18 rounds of NGS-ED iteration
	effective electronic model is modified as: kinetic energy t = 0.692168
	                                           effective interaction Vq = [-3.00003,-2.93683,-2.88575,-2.93683,-2.93683,-2.88575,-2.86062,-2.88575,-2.88575,-2.86062,-2.99852,-2.86062,-2.93683,-2.88575,-2.86062,-2.88575]
	PARPACK diagonalization completed after 30 matrix-vector product operations.
	iteration results: : total energy is -88.106118 | electron energy -88.290503 + phonon energy 0.184385 | electron momentum kIdx = 10
The 18-th iteration is completed.	|| time cost : 0h 0m 19.385s
********************************************************************************************************************
Start the 19 rounds of NGS-ED iteration
	effective electronic model is modified as: kinetic energy t = 0.692102
	                                           effective interaction Vq = [-3.00003,-2.93689,-2.88588,-2.93689,-2.93689,-2.88588,-2.86085,-2.88588,-2.88588,-2.86085,-2.99852,-2.86085,-2.93689,-2.88588,-2.86085,-2.88588]
	PARPACK diagonalization completed after 30 matrix-vector product operations.
	iteration results: : total energy is -88.106120 | electron energy -88.290568 + phonon energy 0.184448 | electron momentum kIdx = 10
The 19-th iteration is completed.	|| time cost : 0h 0m 19.672s
********************************************************************************************************************
Start the 20 rounds of NGS-ED iteration
	effective electronic model is modified as: kinetic energy t = 0.692052
	                                           effective interaction Vq = [-3.00003,-2.93692,-2.88599,-2.93692,-2.93692,-2.88599,-2.86103,-2.88599,-2.88599,-2.86103,-2.99852,-2.86103,-2.93692,-2.88599,-2.86103,-2.88599]
	PARPACK diagonalization completed after 30 matrix-vector product operations.
	iteration results: : total energy is -88.106120 | electron energy -88.290616 + phonon energy 0.184495 | electron momentum kIdx = 10
	Nq(0) = 12.25,	Nq(1) = 0.324527,	Nq(2) = 0.439371,	Nq(3) = 0.324527,	Nq(4) = 0.324527,	Nq(5) = 0.439371,	Nq(6) = 0.56413,	Nq(7) = 0.439371,	Nq(8) = 0.439371,	Nq(9) = 0.56413,	Nq(10) = 8.1459,	Nq(11) = 0.56413,	Nq(12) = 0.324527,	Nq(13) = 0.439371,	Nq(14) = 0.56413,	Nq(15) = 0.439371,	Sq(0) = -1.29014e-18,	Sq(1) = 0.0512355,	Sq(2) = 0.090771,	Sq(3) = 0.0512355,	Sq(4) = 0.0512355,	Sq(5) = 0.090771,	Sq(6) = 0.1263,	Sq(7) = 0.090771,	Sq(8) = 0.090771,	Sq(9) = 0.1263,	Sq(10) = 0.158473,	Sq(11) = 0.1263,	Sq(12) = 0.0512355,	Sq(13) = 0.090771,	Sq(14) = 0.1263,	Sq(15) = 0.090771,	N(0) = 1.67793,	N(1) = 1.36417,	N(2) = 0.825488,	N(3) = 1.36417,	N(4) = 1.36417,	N(5) = 0.825488,	N(6) = 0.421719,	N(7) = 0.825488,	N(8) = 0.825488,	N(9) = 0.421719,	N(10) = 0.2256,	N(11) = 0.421719,	N(12) = 1.36417,	N(13) = 0.825488,	N(14) = 0.421719,	N(15) = 0.825488,	Delta[s](0) = 0.649379,	Delta[s](1) = 0.40324,	Delta[s](2) = 0.373462,	Delta[s](3) = 0.40324,	Delta[s](4) = 0.40324,	Delta[s](5) = 0.373462,	Delta[s](6) = 0.35181,	Delta[s](7) = 0.373462,	Delta[s](8) = 0.373462,	Delta[s](9) = 0.35181,	Delta[s](10) = 0.383024,	Delta[s](11) = 0.35181,	Delta[s](12) = 0.40324,	Delta[s](13) = 0.373462,	Delta[s](14) = 0.35181,	Delta[s](15) = 0.373462,	Delta[d](0) = 0.0710156,	Delta[d](1) = 0.0667027,	Delta[d](2) = 0.0774519,	Delta[d](3) = 0.0667027,	Delta[d](4) = 0.0667027,	Delta[d](5) = 0.0559227,	Delta[d](6) = 0.0560963,	Delta[d](7) = 0.0559227,	Delta[d](8) = 0.0774519,	Delta[d](9) = 0.0560963,	Delta[d](10) = 0.0410221,	Delta[d](11) = 0.0560963,	Delta[d](12) = 0.0667027,	Delta[d](13) = 0.0559227,	Delta[d](14) = 0.0560963,	Delta[d](15) = 0.0559227,	Delta[s+](0) = 0.163571,	Delta[s+](1) = 0.11464,	Delta[s+](2) = 0.0774519,	Delta[s+](3) = 0.11464,	Delta[s+](4) = 0.11464,	Delta[s+](5) = 0.0774519,	Delta[s+](6) = 0.0471961,	Delta[s+](7) = 0.0774519,	Delta[s+](8) = 0.0774519,	Delta[s+](9) = 0.0471961,	Delta[s+](10) = 0.0322537,	Delta[s+](11) = 0.0471961,	Delta[s+](12) = 0.11464,	Delta[s+](13) = 0.0774519,	Delta[s+](14) = 0.0471961,	Delta[s+](15) = 0.0774519
The 20-th iteration is completed.	|| time cost : 0h 3m 11.393s
********************************************************************************************************************
Start the 21 rounds of NGS-ED iteration
	effective electronic model is modified as: kinetic energy t = 0.692014
	                                           effective interaction Vq = [-3.00003,-2.93695,-2.88606,-2.93695,-2.93695,-2.88606,-2.86116,-2.88606,-2.88606,-2.86116,-2.99852,-2.86116,-2.93695,-2.88606,-2.86116,-2.88606]
	PARPACK diagonalization completed after 30 matrix-vector product operations.
	iteration results: : total energy is -88.106121 | electron energy -88.290652 + phonon energy 0.184531 | electron momentum kIdx = 10
The 21-th iteration is completed.	|| time cost : 0h 0m 19.627s
********************************************************************************************************************
Start the 22 rounds of NGS-ED iteration
	effective electronic model is modified as: kinetic energy t = 0.691986
	                                           effective interaction Vq = [-3.00003,-2.93698,-2.88612,-2.93698,-2.93698,-2.88612,-2.86126,-2.88612,-2.88612,-2.86126,-2.99852,-2.86126,-2.93698,-2.88612,-2.86126,-2.88612]
	PARPACK diagonalization completed after 30 matrix-vector product operations.
	iteration results: : total energy is -88.106121 | electron energy -88.290679 + phonon energy 0.184558 | electron momentum kIdx = 10
The 22-th iteration is completed.	|| time cost : 0h 0m 19.366s
********************************************************************************************************************
Start the 23 rounds of NGS-ED iteration
	effective electronic model is modified as: kinetic energy t = 0.691965
	                                           effective interaction Vq = [-3.00003,-2.93699,-2.88616,-2.93699,-2.93699,-2.88616,-2.86133,-2.88616,-2.88616,-2.86133,-2.99852,-2.86133,-2.93699,-2.88616,-2.86133,-2.88616]
	PARPACK diagonalization completed after 30 matrix-vector product operations.
	iteration results: : total energy is -88.106121 | electron energy -88.290699 + phonon energy 0.184578 | electron momentum kIdx = 10
The 23-th iteration is completed.	|| time cost : 0h 0m 19.385s
********************************************************************************************************************
Start the 24 rounds of NGS-ED iteration
	effective electronic model is modified as: kinetic energy t = 0.691949
