SNEDics v3.4 Non-Gaussian ED ground state program		Start at Sat Sep 28 12:15:38 2019

parallized on 16 MPI threads  * 8 OpenMP threads = 128 total threads.
********************************************************************************************************************
********************************************************************************************************************

********************************************************************************************************************
System parameters and configurations
********************************************************************************************************************
Special program options are enabled: splitted diagonal Hamiltonian
********************************************************************************************************************
Read input file "model_params.in"
	Hubbard-Holstein model parameters : 	t = 1    U = 1    g = 2.7386    W = 5    
********************************************************************************************************************
Read input file "hilbertspace_params.in"
	Requested 16-site 2D lattice, with 10 electrons (5, 5)
	Boundary : Periodic		Hilbert space representation : momentum-space (restricted to kIdx = 0)
	Conservation: particle number[U(1)]      spin[U(1)]     momentum
********************************************************************************************************************

Cluster Positions:				Cluster symmetry group : D4
 x ... x ... x ... x .....                       x ... x ... x ... x .....
 |           |           :                       |           |           :
 |           |           :                       |           |           :
12    13    14    15     x                       1     5     6     5     x
 |           |           :                       |           |           :
 |           |           :                       |           |           :
 8 --- 9 ---10 ---11 --- x                       2 --- 6 ---10 --- 6 --- x
 |           |           :                       |           |           :
 |           |           :                       |           |           :
 4     5     6     7     x                       1     5     6     5     x
 |           |           :                       |           |           :
 |           |           :                       |           |           :
 0 --- 1 --- 2 --- 3 --- x                       0 --- 1 --- 2 --- 1 --- x
orbital number : 1
********************************************************************************************************************
Read input file "obs_params.in"
	Observable Type : Nq(All),   Sq(All),   N(All),   Delta[s](All),   Delta[d](All),   Delta[s+](All)
********************************************************************************************************************
** WARNING ** the input observables have non-local factors which have been reinterpreted. The total observable number is 96
********************************************************************************************************************


********************************************************************************************************************
Start calculating the non-Gaussian ED ground state
** WARNING ** Detected low phonon energy W < 10. The initial state will be prepared through a warm-up process.
********************************************************************************************************************
Start warm-up calculation for scaling factor 2
open output files: NGSEDWarmUpW10Obs.txt
********************************************************************************************************************
Start the 0 rounds of NGS-ED iteration
	effective electronic model is modified as: kinetic energy t = 1
	                                           effective interaction Vq = [-0,-0,-0,-0,-0,-0,-0,-0,-0,-0,-0,-0,-0,-0,-0,-0]
	first Hamiltonian is constructed, non-zero numbers = 242521378
	PARPACK diagonalization completed after 45 matrix-vector product operations.
	iteration results: : total energy is -22.568358 | electron energy -22.568358 + phonon energy 0.000000 | electron momentum kIdx = 0
	Nq(0) = 6.25,	Nq(1) = 0.341121,	Nq(2) = 0.357715,	Nq(3) = 0.341121,	Nq(4) = 0.341121,	Nq(5) = 0.357715,	Nq(6) = 0.566105,	Nq(7) = 0.357715,	Nq(8) = 0.357715,	Nq(9) = 0.566105,	Nq(10) = 0.586902,	Nq(11) = 0.566105,	Nq(12) = 0.341121,	Nq(13) = 0.357715,	Nq(14) = 0.566105,	Nq(15) = 0.357715,	Sq(0) = -2.73715e-17,	Sq(1) = 0.40761,	Sq(2) = 0.390942,	Sq(3) = 0.40761,	Sq(4) = 0.40761,	Sq(5) = 0.390942,	Sq(6) = 0.687023,	Sq(7) = 0.390942,	Sq(8) = 0.390942,	Sq(9) = 0.687023,	Sq(10) = 0.663723,	Sq(11) = 0.687023,	Sq(12) = 0.40761,	Sq(13) = 0.390942,	Sq(14) = 0.687023,	Sq(15) = 0.390942,	N(0) = 1.99582,	N(1) = 1.98935,	N(2) = 0.00616428,	N(3) = 1.98935,	N(4) = 1.98935,	N(5) = 0.00616428,	N(6) = 0.00193511,	N(7) = 0.00616428,	N(8) = 0.00616428,	N(9) = 0.00193511,	N(10) = 0.00204954,	N(11) = 0.00193511,	N(12) = 1.98935,	N(13) = 0.00616428,	N(14) = 0.00193511,	N(15) = 0.00616428,	Delta[s](0) = 0.220704,	Delta[s](1) = 0.106243,	Delta[s](2) = 0.0989503,	Delta[s](3) = 0.106243,	Delta[s](4) = 0.106243,	Delta[s](5) = 0.0989503,	Delta[s](6) = 0.0134567,	Delta[s](7) = 0.0989503,	Delta[s](8) = 0.0989503,	Delta[s](9) = 0.0134567,	Delta[s](10) = 0.0128426,	Delta[s](11) = 0.0134567,	Delta[s](12) = 0.106243,	Delta[s](13) = 0.0989503,	Delta[s](14) = 0.0134567,	Delta[s](15) = 0.0989503,	Delta[d](0) = 0.235191,	Delta[d](1) = 0.0679713,	Delta[d](2) = 0.13226,	Delta[d](3) = 0.0679713,	Delta[d](4) = 0.0679713,	Delta[d](5) = 0.120561,	Delta[d](6) = 0.00913955,	Delta[d](7) = 0.120561,	Delta[d](8) = 0.13226,	Delta[d](9) = 0.00913955,	Delta[d](10) = 0.00690951,	Delta[d](11) = 0.00913955,	Delta[d](12) = 0.0679713,	Delta[d](13) = 0.120561,	Delta[d](14) = 0.00913955,	Delta[d](15) = 0.120561,	Delta[s+](0) = 0.510156,	Delta[s+](1) = 0.317486,	Delta[s+](2) = 0.13226,	Delta[s+](3) = 0.317486,	Delta[s+](4) = 0.317486,	Delta[s+](5) = 0.13226,	Delta[s+](6) = 0.00536692,	Delta[s+](7) = 0.13226,	Delta[s+](8) = 0.13226,	Delta[s+](9) = 0.00536692,	Delta[s+](10) = 0.00153173,	Delta[s+](11) = 0.00536692,	Delta[s+](12) = 0.317486,	Delta[s+](13) = 0.13226,	Delta[s+](14) = 0.00536692,	Delta[s+](15) = 0.13226
The 0-th iteration is completed.	|| time cost : 0h 0m 44.847s
********************************************************************************************************************
Start the 1 rounds of NGS-ED iteration
	effective electronic model is modified as: kinetic energy t = 0.95706
	                                           effective interaction Vq = [-1.29698,-1.23533,-1.17988,-1.23533,-1.23533,-1.17988, -1.1866,-1.17988,-1.17988, -1.1866,-1.15574, -1.1866,-1.23533,-1.17988, -1.1866,-1.17988]
	PARPACK diagonalization completed after 30 matrix-vector product operations.
	iteration results: : total energy is -37.996365 | electron energy -37.998673 + phonon energy 0.002308 | electron momentum kIdx = 0
The 1-th iteration is completed.	|| time cost : 0h 0m 39.147s
********************************************************************************************************************
Start the 2 rounds of NGS-ED iteration
	effective electronic model is modified as: kinetic energy t = 0.928723
	                                           effective interaction Vq = [-1.47251,-1.42404,-1.35766,-1.42404,-1.42404,-1.35766,-1.37871,-1.35766,-1.35766,-1.37871,-1.33804,-1.37871,-1.42404,-1.35766,-1.37871,-1.35766]
	PARPACK diagonalization completed after 30 matrix-vector product operations.
	iteration results: : total energy is -39.877137 | electron energy -39.890664 + phonon energy 0.013527 | electron momentum kIdx = 0
The 2-th iteration is completed.	|| time cost : 0h 0m 2.3s
********************************************************************************************************************
Start the 3 rounds of NGS-ED iteration
	effective electronic model is modified as: kinetic energy t = 0.918506
	                                           effective interaction Vq = [-1.49627,-1.46203,-1.39746,-1.46203,-1.46203,-1.39746,-1.42258,-1.39746,-1.39746,-1.42258,-1.38179,-1.42258,-1.46203,-1.39746,-1.42258,-1.39746]
	PARPACK diagonalization completed after 30 matrix-vector product operations.
	iteration results: : total energy is -40.109947 | electron energy -40.132147 + phonon energy 0.022200 | electron momentum kIdx = 0
The 3-th iteration is completed.	|| time cost : 0h 0m 2.292s
********************************************************************************************************************
Start the 4 rounds of NGS-ED iteration
	effective electronic model is modified as: kinetic energy t = 0.915135
	                                           effective interaction Vq = [-1.49948,-1.47179, -1.4083,-1.47179,-1.47179, -1.4083,-1.43487, -1.4083, -1.4083,-1.43487,-1.39434,-1.43487,-1.47179, -1.4083,-1.43487, -1.4083]
	PARPACK diagonalization completed after 30 matrix-vector product operations.
	iteration results: : total energy is -40.138977 | electron energy -40.164974 + phonon energy 0.025997 | electron momentum kIdx = 0
The 4-th iteration is completed.	|| time cost : 0h 0m 2.285s
********************************************************************************************************************
Start the 5 rounds of NGS-ED iteration
	effective electronic model is modified as: kinetic energy t = 0.914047
	                                           effective interaction Vq = [-1.49992, -1.4747, -1.4115, -1.4747, -1.4747, -1.4115,-1.43867, -1.4115, -1.4115,-1.43867, -1.3982,-1.43867, -1.4747, -1.4115,-1.43867, -1.4115]
	PARPACK diagonalization completed after 30 matrix-vector product operations.
	iteration results: : total energy is -40.142637 | electron energy -40.170003 + phonon energy 0.027366 | electron momentum kIdx = 0
The 5-th iteration is completed.	|| time cost : 0h 0m 2.296s
********************************************************************************************************************
Start the 6 rounds of NGS-ED iteration
	effective electronic model is modified as: kinetic energy t = 0.913697
	                                           effective interaction Vq = [-1.49998,-1.47562,-1.41247,-1.47562,-1.47562,-1.41247,-1.43989,-1.41247,-1.41247,-1.43989,-1.39943,-1.43989,-1.47562,-1.41247,-1.43989,-1.41247]
	PARPACK diagonalization completed after 30 matrix-vector product operations.
	iteration results: : total energy is -40.143104 | electron energy -40.170930 + phonon energy 0.027826 | electron momentum kIdx = 0
The 6-th iteration is completed.	|| time cost : 0h 0m 2.284s
********************************************************************************************************************
Start the 7 rounds of NGS-ED iteration
	effective electronic model is modified as: kinetic energy t = 0.913584
	                                           effective interaction Vq = [-1.49998,-1.47592,-1.41277,-1.47592,-1.47592,-1.41277,-1.44028,-1.41277,-1.41277,-1.44028,-1.39982,-1.44028,-1.47592,-1.41277,-1.44028,-1.41277]
	PARPACK diagonalization completed after 30 matrix-vector product operations.
	iteration results: : total energy is -40.143164 | electron energy -40.171141 + phonon energy 0.027977 | electron momentum kIdx = 0
The 7-th iteration is completed.	|| time cost : 0h 0m 2.283s
********************************************************************************************************************
Start the 8 rounds of NGS-ED iteration
	effective electronic model is modified as: kinetic energy t = 0.913548
	                                           effective interaction Vq = [-1.49999,-1.47602,-1.41286,-1.47602,-1.47602,-1.41286,-1.44041,-1.41286,-1.41286,-1.44041,-1.39994,-1.44041,-1.47602,-1.41286,-1.44041,-1.41286]
	PARPACK diagonalization completed after 30 matrix-vector product operations.
	iteration results: : total energy is -40.143172 | electron energy -40.171198 + phonon energy 0.028026 | electron momentum kIdx = 0
	Nq(0) = 6.25,	Nq(1) = 0.454175,	Nq(2) = 0.410509,	Nq(3) = 0.454175,	Nq(4) = 0.454175,	Nq(5) = 0.410509,	Nq(6) = 0.774497,	Nq(7) = 0.410509,	Nq(8) = 0.410509,	Nq(9) = 0.774497,	Nq(10) = 0.734261,	Nq(11) = 0.774497,	Nq(12) = 0.454175,	Nq(13) = 0.410509,	Nq(14) = 0.774497,	Nq(15) = 0.410509,	Sq(0) = 1.31504e-17,	Sq(1) = 0.293605,	Sq(2) = 0.330099,	Sq(3) = 0.293605,	Sq(4) = 0.293605,	Sq(5) = 0.330099,	Sq(6) = 0.489699,	Sq(7) = 0.330099,	Sq(8) = 0.330099,	Sq(9) = 0.489699,	Sq(10) = 0.524185,	Sq(11) = 0.489699,	Sq(12) = 0.293605,	Sq(13) = 0.330099,	Sq(14) = 0.489699,	Sq(15) = 0.330099,	N(0) = 1.98032,	N(1) = 1.94289,	N(2) = 0.0328634,	N(3) = 1.94289,	N(4) = 1.94289,	N(5) = 0.0328634,	N(6) = 0.0103756,	N(7) = 0.0328634,	N(8) = 0.0328634,	N(9) = 0.0103756,	N(10) = 0.00943262,	N(11) = 0.0103756,	N(12) = 1.94289,	N(13) = 0.0328634,	N(14) = 0.0103756,	N(15) = 0.0328634,	Delta[s](0) = 0.404748,	Delta[s](1) = 0.150243,	Delta[s](2) = 0.160415,	Delta[s](3) = 0.150243,	Delta[s](4) = 0.150243,	Delta[s](5) = 0.160415,	Delta[s](6) = 0.0433076,	Delta[s](7) = 0.160415,	Delta[s](8) = 0.160415,	Delta[s](9) = 0.0433076,	Delta[s](10) = 0.0395601,	Delta[s](11) = 0.0433076,	Delta[s](12) = 0.150243,	Delta[s](13) = 0.160415,	Delta[s](14) = 0.0433076,	Delta[s](15) = 0.160415,	Delta[d](0) = 0.216053,	Delta[d](1) = 0.0686876,	Delta[d](2) = 0.109658,	Delta[d](3) = 0.0686876,	Delta[d](4) = 0.0686876,	Delta[d](5) = 0.113406,	Delta[d](6) = 0.0205361,	Delta[d](7) = 0.113406,	Delta[d](8) = 0.109658,	Delta[d](9) = 0.0205361,	Delta[d](10) = 0.0144051,	Delta[d](11) = 0.0205361,	Delta[d](12) = 0.0686876,	Delta[d](13) = 0.113406,	Delta[d](14) = 0.0205361,	Delta[d](15) = 0.113406,	Delta[s+](0) = 0.411664,	Delta[s+](1) = 0.264303,	Delta[s+](2) = 0.109658,	Delta[s+](3) = 0.264303,	Delta[s+](4) = 0.264303,	Delta[s+](5) = 0.109658,	Delta[s+](6) = 0.0107642,	Delta[s+](7) = 0.109658,	Delta[s+](8) = 0.109658,	Delta[s+](9) = 0.0107642,	Delta[s+](10) = 0.00371288,	Delta[s+](11) = 0.0107642,	Delta[s+](12) = 0.264303,	Delta[s+](13) = 0.109658,	Delta[s+](14) = 0.0107642,	Delta[s+](15) = 0.109658
The 8-th iteration is completed.	|| time cost : 0h 0m 21.85s
********************************************************************************************************************
********************************************************************************************************************
Ground state is obtained after 9 iterations. The current ground-state energy is -40.1432, in which electron energy is -40.1712 and phonon energy is 0.0280256
final variational state is: 
	Gamma_x = [      1,1.01514,1.02278,1.01514,1.01514,1.02278,1.03774,1.02278,1.02278,1.03774,1.04307,1.03774,1.01514,1.02278,1.03774,1.02278]
	lambda_q = [0.387249, 0.33837,0.293969, 0.33837, 0.33837,0.293969,0.310138,0.293969,0.293969,0.310138,0.287295,0.310138, 0.33837,0.293969,0.310138,0.293969]
********************************************************************************************************************
o___o  ----------------------------------------
| L |	Time since last clock: 0h 0m 0s
A===A	Time since the beginning: 0h 1m 59.589s
***********************************************


********************************************************************************************************************
Warm up runs have been completed. Start calculating W = 5 phonon.
open output files: NGSEDIterationObs.txt
********************************************************************************************************************
Start the 0 rounds of NGS-ED iteration
	effective electronic model is modified as: kinetic energy t = 0.913536
	                                           effective interaction Vq = [-1.37123,-1.28085,-1.17804,-1.28085,-1.28085,-1.17804,-1.21776,-1.17804,-1.17804,-1.21776,-1.16088,-1.21776,-1.28085,-1.17804,-1.21776,-1.17804]
	PARPACK diagonalization completed after 30 matrix-vector product operations.
	iteration results: : total energy is -37.588710 | electron energy -37.602731 + phonon energy 0.014021 | electron momentum kIdx = 0
	Nq(0) = 6.25,	Nq(1) = 0.442349,	Nq(2) = 0.400896,	Nq(3) = 0.442349,	Nq(4) = 0.442349,	Nq(5) = 0.400896,	Nq(6) = 0.732121,	Nq(7) = 0.400896,	Nq(8) = 0.400896,	Nq(9) = 0.732121,	Nq(10) = 0.699095,	Nq(11) = 0.732121,	Nq(12) = 0.442349,	Nq(13) = 0.400896,	Nq(14) = 0.732121,	Nq(15) = 0.400896,	Sq(0) = -2.68559e-17,	Sq(1) = 0.31337,	Sq(2) = 0.343142,	Sq(3) = 0.31337,	Sq(4) = 0.31337,	Sq(5) = 0.343142,	Sq(6) = 0.520977,	Sq(7) = 0.343142,	Sq(8) = 0.343142,	Sq(9) = 0.520977,	Sq(10) = 0.551402,	Sq(11) = 0.520977,	Sq(12) = 0.31337,	Sq(13) = 0.343142,	Sq(14) = 0.520977,	Sq(15) = 0.343142,	N(0) = 1.98923,	N(1) = 1.96657,	N(2) = 0.0194925,	N(3) = 1.96657,	N(4) = 1.96657,	N(5) = 0.0194925,	N(6) = 0.00553309,	N(7) = 0.0194925,	N(8) = 0.0194925,	N(9) = 0.00553309,	N(10) = 0.00540542,	N(11) = 0.00553309,	N(12) = 1.96657,	N(13) = 0.0194925,	N(14) = 0.00553309,	N(15) = 0.0194925,	Delta[s](0) = 0.343865,	Delta[s](1) = 0.142388,	Delta[s](2) = 0.148213,	Delta[s](3) = 0.142388,	Delta[s](4) = 0.142388,	Delta[s](5) = 0.148213,	Delta[s](6) = 0.0456352,	Delta[s](7) = 0.148213,	Delta[s](8) = 0.148213,	Delta[s](9) = 0.0456352,	Delta[s](10) = 0.0409435,	Delta[s](11) = 0.0456352,	Delta[s](12) = 0.142388,	Delta[s](13) = 0.148213,	Delta[s](14) = 0.0456352,	Delta[s](15) = 0.148213,	Delta[d](0) = 0.220507,	Delta[d](1) = 0.0712912,	Delta[d](2) = 0.115926,	Delta[d](3) = 0.0712912,	Delta[d](4) = 0.0712912,	Delta[d](5) = 0.116919,	Delta[d](6) = 0.0220636,	Delta[d](7) = 0.116919,	Delta[d](8) = 0.115926,	Delta[d](9) = 0.0220636,	Delta[d](10) = 0.0155889,	Delta[d](11) = 0.0220636,	Delta[d](12) = 0.0712912,	Delta[d](13) = 0.116919,	Delta[d](14) = 0.0220636,	Delta[d](15) = 0.116919,	Delta[s+](0) = 0.431731,	Delta[s+](1) = 0.27668,	Delta[s+](2) = 0.115926,	Delta[s+](3) = 0.27668,	Delta[s+](4) = 0.27668,	Delta[s+](5) = 0.115926,	Delta[s+](6) = 0.0121401,	Delta[s+](7) = 0.115926,	Delta[s+](8) = 0.115926,	Delta[s+](9) = 0.0121401,	Delta[s+](10) = 0.00403517,	Delta[s+](11) = 0.0121401,	Delta[s+](12) = 0.27668,	Delta[s+](13) = 0.115926,	Delta[s+](14) = 0.0121401,	Delta[s+](15) = 0.115926
The 0-th iteration is completed.	|| time cost : 0h 0m 21.476s
********************************************************************************************************************
Start the 1 rounds of NGS-ED iteration
	effective electronic model is modified as: kinetic energy t = 0.900716
	                                           effective interaction Vq = [-1.45262,-1.35805, -1.2321,-1.35805,-1.35805, -1.2321,-1.27998, -1.2321, -1.2321,-1.27998,-1.20787,-1.27998,-1.35805, -1.2321,-1.27998, -1.2321]
	PARPACK diagonalization completed after 30 matrix-vector product operations.
	iteration results: : total energy is -38.250922 | electron energy -38.294092 + phonon energy 0.043170 | electron momentum kIdx = 0
The 1-th iteration is completed.	|| time cost : 0h 0m 2.276s
********************************************************************************************************************
Start the 2 rounds of NGS-ED iteration
	effective electronic model is modified as: kinetic energy t = 0.893262
	                                           effective interaction Vq = [-1.48256,-1.39433,-1.25896,-1.39433,-1.39433,-1.25896,-1.31189,-1.25896,-1.25896,-1.31189,-1.23409,-1.31189,-1.39433,-1.25896,-1.31189,-1.25896]
	PARPACK diagonalization completed after 30 matrix-vector product operations.
	iteration results: : total energy is -38.485797 | electron energy -38.550698 + phonon energy 0.064901 | electron momentum kIdx = 0
The 2-th iteration is completed.	|| time cost : 0h 0m 2.29s
********************************************************************************************************************
Start the 3 rounds of NGS-ED iteration
	effective electronic model is modified as: kinetic energy t = 0.889036
	                                           effective interaction Vq = [-1.49358,-1.41237,-1.27273,-1.41237,-1.41237,-1.27273,-1.32876,-1.27273,-1.27273,-1.32876,-1.24865,-1.32876,-1.41237,-1.27273,-1.32876,-1.27273]
	PARPACK diagonalization completed after 30 matrix-vector product operations.
	iteration results: : total energy is -38.569415 | electron energy -38.647845 + phonon energy 0.078430 | electron momentum kIdx = 0
The 3-th iteration is completed.	|| time cost : 0h 0m 2.286s
********************************************************************************************************************
Start the 4 rounds of NGS-ED iteration
	effective electronic model is modified as: kinetic energy t = 0.886672
	                                           effective interaction Vq = [-1.49763,-1.42173,-1.27993,-1.42173,-1.42173,-1.27993,-1.33787,-1.27993,-1.27993,-1.33787,-1.25676,-1.33787,-1.42173,-1.27993,-1.33787,-1.27993]
	PARPACK diagonalization completed after 30 matrix-vector product operations.
	iteration results: : total energy is -38.599299 | electron energy -38.685648 + phonon energy 0.086348 | electron momentum kIdx = 0
The 4-th iteration is completed.	|| time cost : 0h 0m 2.286s
********************************************************************************************************************
Start the 5 rounds of NGS-ED iteration
	effective electronic model is modified as: kinetic energy t = 0.885358
	                                           effective interaction Vq = [-1.49912,-1.42672,-1.28373,-1.42672,-1.42672,-1.28373,-1.34285,-1.28373,-1.28373,-1.34285,-1.26128,-1.34285,-1.42672,-1.28373,-1.34285,-1.28373]
	PARPACK diagonalization completed after 30 matrix-vector product operations.
	iteration results: : total energy is -38.610019 | electron energy -38.700879 + phonon energy 0.090860 | electron momentum kIdx = 0
The 5-th iteration is completed.	|| time cost : 0h 0m 2.299s
********************************************************************************************************************
Start the 6 rounds of NGS-ED iteration
	effective electronic model is modified as: kinetic energy t = 0.88463
	                                           effective interaction Vq = [-1.49967,-1.42943,-1.28576,-1.42943,-1.42943,-1.28576, -1.3456,-1.28576,-1.28576, -1.3456, -1.2638, -1.3456,-1.42943,-1.28576, -1.3456,-1.28576]
	PARPACK diagonalization completed after 30 matrix-vector product operations.
	iteration results: : total energy is -38.613878 | electron energy -38.707274 + phonon energy 0.093395 | electron momentum kIdx = 0
The 6-th iteration is completed.	|| time cost : 0h 0m 2.292s
********************************************************************************************************************
Start the 7 rounds of NGS-ED iteration
	effective electronic model is modified as: kinetic energy t = 0.884228
	                                           effective interaction Vq = [-1.49987,-1.43091,-1.28684,-1.43091,-1.43091,-1.28684,-1.34712,-1.28684,-1.28684,-1.34712,-1.26522,-1.34712,-1.43091,-1.28684,-1.34712,-1.28684]
	PARPACK diagonalization completed after 30 matrix-vector product operations.
	iteration results: : total energy is -38.615272 | electron energy -38.710083 + phonon energy 0.094811 | electron momentum kIdx = 0
The 7-th iteration is completed.	|| time cost : 0h 0m 2.284s
********************************************************************************************************************
Start the 8 rounds of NGS-ED iteration
	effective electronic model is modified as: kinetic energy t = 0.884005
	                                           effective interaction Vq = [-1.49994,-1.43173,-1.28742,-1.43173,-1.43173,-1.28742,-1.34797,-1.28742,-1.28742,-1.34797,-1.26601,-1.34797,-1.43173,-1.28742,-1.34797,-1.28742]
	PARPACK diagonalization completed after 30 matrix-vector product operations.
	iteration results: : total energy is -38.615777 | electron energy -38.711375 + phonon energy 0.095598 | electron momentum kIdx = 0
The 8-th iteration is completed.	|| time cost : 0h 0m 2.289s
********************************************************************************************************************
Start the 9 rounds of NGS-ED iteration
	effective electronic model is modified as: kinetic energy t = 0.883882
	                                           effective interaction Vq = [-1.49997,-1.43218,-1.28773,-1.43218,-1.43218,-1.28773,-1.34844,-1.28773,-1.28773,-1.34844,-1.26645,-1.34844,-1.43218,-1.28773,-1.34844,-1.28773]
	PARPACK diagonalization completed after 30 matrix-vector product operations.
	iteration results: : total energy is -38.615960 | electron energy -38.711995 + phonon energy 0.096035 | electron momentum kIdx = 0
The 9-th iteration is completed.	|| time cost : 0h 0m 2.282s
********************************************************************************************************************
Start the 10 rounds of NGS-ED iteration
	effective electronic model is modified as: kinetic energy t = 0.883814
	                                           effective interaction Vq = [-1.49998,-1.43243, -1.2879,-1.43243,-1.43243, -1.2879, -1.3487, -1.2879, -1.2879, -1.3487, -1.2667, -1.3487,-1.43243, -1.2879, -1.3487, -1.2879]
	PARPACK diagonalization completed after 30 matrix-vector product operations.
	iteration results: : total energy is -38.616027 | electron energy -38.712304 + phonon energy 0.096277 | electron momentum kIdx = 0
	Nq(0) = 6.25,	Nq(1) = 0.460057,	Nq(2) = 0.405916,	Nq(3) = 0.460057,	Nq(4) = 0.460057,	Nq(5) = 0.405916,	Nq(6) = 0.757221,	Nq(7) = 0.405916,	Nq(8) = 0.405916,	Nq(9) = 0.757221,	Nq(10) = 0.718024,	Nq(11) = 0.757221,	Nq(12) = 0.460057,	Nq(13) = 0.405916,	Nq(14) = 0.757221,	Nq(15) = 0.405916,	Sq(0) = 2.59319e-17,	Sq(1) = 0.298616,	Sq(2) = 0.334701,	Sq(3) = 0.298616,	Sq(4) = 0.298616,	Sq(5) = 0.334701,	Sq(6) = 0.497804,	Sq(7) = 0.334701,	Sq(8) = 0.334701,	Sq(9) = 0.497804,	Sq(10) = 0.533477,	Sq(11) = 0.497804,	Sq(12) = 0.298616,	Sq(13) = 0.334701,	Sq(14) = 0.497804,	Sq(15) = 0.334701,	N(0) = 1.98386,	N(1) = 1.94905,	N(2) = 0.0297244,	N(3) = 1.94905,	N(4) = 1.94905,	N(5) = 0.0297244,	N(6) = 0.00837698,	N(7) = 0.0297244,	N(8) = 0.0297244,	N(9) = 0.00837698,	N(10) = 0.00807222,	N(11) = 0.00837698,	N(12) = 1.94905,	N(13) = 0.0297244,	N(14) = 0.00837698,	N(15) = 0.0297244,	Delta[s](0) = 0.355154,	Delta[s](1) = 0.148238,	Delta[s](2) = 0.152916,	Delta[s](3) = 0.148238,	Delta[s](4) = 0.148238,	Delta[s](5) = 0.152916,	Delta[s](6) = 0.0555139,	Delta[s](7) = 0.152916,	Delta[s](8) = 0.152916,	Delta[s](9) = 0.0555139,	Delta[s](10) = 0.0486566,	Delta[s](11) = 0.0555139,	Delta[s](12) = 0.148238,	Delta[s](13) = 0.152916,	Delta[s](14) = 0.0555139,	Delta[s](15) = 0.152916,	Delta[d](0) = 0.218138,	Delta[d](1) = 0.0753052,	Delta[d](2) = 0.116173,	Delta[d](3) = 0.0753052,	Delta[d](4) = 0.0753052,	Delta[d](5) = 0.116825,	Delta[d](6) = 0.0277202,	Delta[d](7) = 0.116825,	Delta[d](8) = 0.116173,	Delta[d](9) = 0.0277202,	Delta[d](10) = 0.0187361,	Delta[d](11) = 0.0277202,	Delta[d](12) = 0.0753052,	Delta[d](13) = 0.116825,	Delta[d](14) = 0.0277202,	Delta[d](15) = 0.116825,	Delta[s+](0) = 0.425692,	Delta[s+](1) = 0.274371,	Delta[s+](2) = 0.116173,	Delta[s+](3) = 0.274371,	Delta[s+](4) = 0.274371,	Delta[s+](5) = 0.116173,	Delta[s+](6) = 0.0147951,	Delta[s+](7) = 0.116173,	Delta[s+](8) = 0.116173,	Delta[s+](9) = 0.0147951,	Delta[s+](10) = 0.00509875,	Delta[s+](11) = 0.0147951,	Delta[s+](12) = 0.274371,	Delta[s+](13) = 0.116173,	Delta[s+](14) = 0.0147951,	Delta[s+](15) = 0.116173
The 10-th iteration is completed.	|| time cost : 0h 0m 20.428s
********************************************************************************************************************
Start the 11 rounds of NGS-ED iteration
	effective electronic model is modified as: kinetic energy t = 0.883776
	                                           effective interaction Vq = [-1.49998,-1.43257,-1.28799,-1.43257,-1.43257,-1.28799,-1.34885,-1.28799,-1.28799,-1.34885,-1.26684,-1.34885,-1.43257,-1.28799,-1.34885,-1.28799]
	PARPACK diagonalization completed after 30 matrix-vector product operations.
	iteration results: : total energy is -38.616051 | electron energy -38.712462 + phonon energy 0.096411 | electron momentum kIdx = 0
The 11-th iteration is completed.	|| time cost : 0h 0m 2.288s
********************************************************************************************************************
Start the 12 rounds of NGS-ED iteration
	effective electronic model is modified as: kinetic energy t = 0.883756
	                                           effective interaction Vq = [-1.49999,-1.43265,-1.28804,-1.43265,-1.43265,-1.28804,-1.34893,-1.28804,-1.28804,-1.34893,-1.26691,-1.34893,-1.43265,-1.28804,-1.34893,-1.28804]
	PARPACK diagonalization completed after 30 matrix-vector product operations.
	iteration results: : total energy is -38.616060 | electron energy -38.712546 + phonon energy 0.096486 | electron momentum kIdx = 0
The 12-th iteration is completed.	|| time cost : 0h 0m 2.289s
********************************************************************************************************************
Start the 13 rounds of NGS-ED iteration
	effective electronic model is modified as: kinetic energy t = 0.883744
	                                           effective interaction Vq = [-1.49999,-1.43269,-1.28806,-1.43269,-1.43269,-1.28806,-1.34897,-1.28806,-1.28806,-1.34897,-1.26696,-1.34897,-1.43269,-1.28806,-1.34897,-1.28806]
	PARPACK diagonalization completed after 30 matrix-vector product operations.
	iteration results: : total energy is -38.616063 | electron energy -38.712590 + phonon energy 0.096527 | electron momentum kIdx = 0
The 13-th iteration is completed.	|| time cost : 0h 0m 2.293s
********************************************************************************************************************
Start the 14 rounds of NGS-ED iteration
	effective electronic model is modified as: kinetic energy t = 0.883738
	                                           effective interaction Vq = [-1.49999,-1.43272,-1.28808,-1.43272,-1.43272,-1.28808,  -1.349,-1.28808,-1.28808,  -1.349,-1.26698,  -1.349,-1.43272,-1.28808,  -1.349,-1.28808]
	PARPACK diagonalization completed after 30 matrix-vector product operations.
	iteration results: : total energy is -38.616064 | electron energy -38.712614 + phonon energy 0.096550 | electron momentum kIdx = 0
The 14-th iteration is completed.	|| time cost : 0h 0m 2.285s
********************************************************************************************************************
Start the 15 rounds of NGS-ED iteration
	effective electronic model is modified as: kinetic energy t = 0.883734
	                                           effective interaction Vq = [-1.49999,-1.43273,-1.28809,-1.43273,-1.43273,-1.28809,-1.34901,-1.28809,-1.28809,-1.34901,  -1.267,-1.34901,-1.43273,-1.28809,-1.34901,-1.28809]
	PARPACK diagonalization completed after 30 matrix-vector product operations.
	iteration results: : total energy is -38.616065 | electron energy -38.712627 + phonon energy 0.096563 | electron momentum kIdx = 0
The 15-th iteration is completed.	|| time cost : 0h 0m 2.286s
********************************************************************************************************************
Start the 16 rounds of NGS-ED iteration
	effective electronic model is modified as: kinetic energy t = 0.883732
	                                           effective interaction Vq = [-1.49999,-1.43274,-1.28809,-1.43274,-1.43274,-1.28809,-1.34902,-1.28809,-1.28809,-1.34902,  -1.267,-1.34902,-1.43274,-1.28809,-1.34902,-1.28809]
	PARPACK diagonalization completed after 30 matrix-vector product operations.
	iteration results: : total energy is -38.616065 | electron energy -38.712634 + phonon energy 0.096570 | electron momentum kIdx = 0
The 16-th iteration is completed.	|| time cost : 0h 0m 2.292s
********************************************************************************************************************
Start the 17 rounds of NGS-ED iteration
	effective electronic model is modified as: kinetic energy t = 0.883731
	                                           effective interaction Vq = [-1.49999,-1.43274,-1.28809,-1.43274,-1.43274,-1.28809,-1.34902,-1.28809,-1.28809,-1.34902,-1.26701,-1.34902,-1.43274,-1.28809,-1.34902,-1.28809]
	PARPACK diagonalization completed after 30 matrix-vector product operations.
	iteration results: : total energy is -38.616065 | electron energy -38.712638 + phonon energy 0.096574 | electron momentum kIdx = 0
The 17-th iteration is completed.	|| time cost : 0h 0m 2.297s
********************************************************************************************************************
Start the 18 rounds of NGS-ED iteration
	effective electronic model is modified as: kinetic energy t = 0.883731
	                                           effective interaction Vq = [-1.49999,-1.43274,-1.28809,-1.43274,-1.43274,-1.28809,-1.34903,-1.28809,-1.28809,-1.34903,-1.26701,-1.34903,-1.43274,-1.28809,-1.34903,-1.28809]
	PARPACK diagonalization completed after 30 matrix-vector product operations.
	iteration results: : total energy is -38.616065 | electron energy -38.712641 + phonon energy 0.096576 | electron momentum kIdx = 0
The 18-th iteration is completed.	|| time cost : 0h 0m 2.3s
********************************************************************************************************************
Start the 19 rounds of NGS-ED iteration
	effective electronic model is modified as: kinetic energy t = 0.88373
	                                           effective interaction Vq = [-1.49999,-1.43274,-1.28809,-1.43274,-1.43274,-1.28809,-1.34903,-1.28809,-1.28809,-1.34903,-1.26701,-1.34903,-1.43274,-1.28809,-1.34903,-1.28809]
	PARPACK diagonalization completed after 30 matrix-vector product operations.
	iteration results: : total energy is -38.616065 | electron energy -38.712642 + phonon energy 0.096577 | electron momentum kIdx = 0
The 19-th iteration is completed.	|| time cost : 0h 0m 2.319s
********************************************************************************************************************
Start the 20 rounds of NGS-ED iteration
	effective electronic model is modified as: kinetic energy t = 0.88373
	                                           effective interaction Vq = [-1.49999,-1.43275,-1.28809,-1.43275,-1.43275,-1.28809,-1.34903,-1.28809,-1.28809,-1.34903,-1.26701,-1.34903,-1.43275,-1.28809,-1.34903,-1.28809]
	PARPACK diagonalization completed after 30 matrix-vector product operations.
	iteration results: : total energy is -38.616065 | electron energy -38.712642 + phonon energy 0.096578 | electron momentum kIdx = 0
	Nq(0) = 6.25,	Nq(1) = 0.460089,	Nq(2) = 0.405922,	Nq(3) = 0.460089,	Nq(4) = 0.460089,	Nq(5) = 0.405922,	Nq(6) = 0.757302,	Nq(7) = 0.405922,	Nq(8) = 0.405922,	Nq(9) = 0.757302,	Nq(10) = 0.718097,	Nq(11) = 0.757302,	Nq(12) = 0.460089,	Nq(13) = 0.405922,	Nq(14) = 0.757302,	Nq(15) = 0.405922,	Sq(0) = -1.33512e-17,	Sq(1) = 0.298579,	Sq(2) = 0.334678,	Sq(3) = 0.298579,	Sq(4) = 0.298579,	Sq(5) = 0.334678,	Sq(6) = 0.497748,	Sq(7) = 0.334678,	Sq(8) = 0.334678,	Sq(9) = 0.497748,	Sq(10) = 0.533432,	Sq(11) = 0.497748,	Sq(12) = 0.298579,	Sq(13) = 0.334678,	Sq(14) = 0.497748,	Sq(15) = 0.334678,	N(0) = 1.98385,	N(1) = 1.94901,	N(2) = 0.0297519,	N(3) = 1.94901,	N(4) = 1.94901,	N(5) = 0.0297519,	N(6) = 0.00838498,	N(7) = 0.0297519,	N(8) = 0.0297519,	N(9) = 0.00838498,	N(10) = 0.00808024,	N(11) = 0.00838498,	N(12) = 1.94901,	N(13) = 0.0297519,	N(14) = 0.00838498,	N(15) = 0.0297519,	Delta[s](0) = 0.355174,	Delta[s](1) = 0.148254,	Delta[s](2) = 0.152927,	Delta[s](3) = 0.148254,	Delta[s](4) = 0.148254,	Delta[s](5) = 0.152927,	Delta[s](6) = 0.0555411,	Delta[s](7) = 0.152927,	Delta[s](8) = 0.152927,	Delta[s](9) = 0.0555411,	Delta[s](10) = 0.0486773,	Delta[s](11) = 0.0555411,	Delta[s](12) = 0.148254,	Delta[s](13) = 0.152927,	Delta[s](14) = 0.0555411,	Delta[s](15) = 0.152927,	Delta[d](0) = 0.218151,	Delta[d](1) = 0.0753238,	Delta[d](2) = 0.116187,	Delta[d](3) = 0.0753238,	Delta[d](4) = 0.0753238,	Delta[d](5) = 0.116835,	Delta[d](6) = 0.0277381,	Delta[d](7) = 0.116835,	Delta[d](8) = 0.116187,	Delta[d](9) = 0.0277381,	Delta[d](10) = 0.0187456,	Delta[d](11) = 0.0277381,	Delta[d](12) = 0.0753238,	Delta[d](13) = 0.116835,	Delta[d](14) = 0.0277381,	Delta[d](15) = 0.116835,	Delta[s+](0) = 0.425726,	Delta[s+](1) = 0.274396,	Delta[s+](2) = 0.116187,	Delta[s+](3) = 0.274396,	Delta[s+](4) = 0.274396,	Delta[s+](5) = 0.116187,	Delta[s+](6) = 0.0148037,	Delta[s+](7) = 0.116187,	Delta[s+](8) = 0.116187,	Delta[s+](9) = 0.0148037,	Delta[s+](10) = 0.00510237,	Delta[s+](11) = 0.0148037,	Delta[s+](12) = 0.274396,	Delta[s+](13) = 0.116187,	Delta[s+](14) = 0.0148037,	Delta[s+](15) = 0.116187
The 20-th iteration is completed.	|| time cost : 0h 0m 22.216s
********************************************************************************************************************
Start the 21 rounds of NGS-ED iteration
	effective electronic model is modified as: kinetic energy t = 0.88373
	                                           effective interaction Vq = [-1.49999,-1.43275,-1.28809,-1.43275,-1.43275,-1.28809,-1.34903,-1.28809,-1.28809,-1.34903,-1.26701,-1.34903,-1.43275,-1.28809,-1.34903,-1.28809]
	PARPACK diagonalization completed after 30 matrix-vector product operations.
	iteration results: : total energy is -38.616065 | electron energy -38.712643 + phonon energy 0.096578 | electron momentum kIdx = 0
The 21-th iteration is completed.	|| time cost : 0h 0m 2.274s
********************************************************************************************************************
Start the 22 rounds of NGS-ED iteration
	effective electronic model is modified as: kinetic energy t = 0.88373
	                                           effective interaction Vq = [-1.49999,-1.43275,-1.28809,-1.43275,-1.43275,-1.28809,-1.34903,-1.28809,-1.28809,-1.34903,-1.26701,-1.34903,-1.43275,-1.28809,-1.34903,-1.28809]
	PARPACK diagonalization completed after 30 matrix-vector product operations.
	iteration results: : total energy is -38.616065 | electron energy -38.712643 + phonon energy 0.096578 | electron momentum kIdx = 0
The 22-th iteration is completed.	|| time cost : 0h 0m 2.286s
********************************************************************************************************************
Start the 23 rounds of NGS-ED iteration
	effective electronic model is modified as: kinetic energy t = 0.88373
	                                           effective interaction Vq = [-1.49999,-1.43275,-1.28809,-1.43275,-1.43275,-1.28809,-1.34903,-1.28809,-1.28809,-1.34903,-1.26701,-1.34903,-1.43275,-1.28809,-1.34903,-1.28809]
	PARPACK diagonalization completed after 30 matrix-vector product operations.
	iteration results: : total energy is -38.616065 | electron energy -38.712643 + phonon energy 0.096578 | electron momentum kIdx = 0
The 23-th iteration is completed.	|| time cost : 0h 0m 2.291s
********************************************************************************************************************
Start the 24 rounds of NGS-ED iteration
	effective electronic model is modified as: kinetic energy t = 0.88373
	                                           effective interaction Vq = [-1.49999,-1.43275,-1.28809,-1.43275,-1.43275,-1.28809,-1.34903,-1.28809,-1.28809,-1.34903,-1.26701,-1.34903,-1.43275,-1.28809,-1.34903,-1.28809]
	PARPACK diagonalization completed after 30 matrix-vector product operations.
	iteration results: : total energy is -38.616065 | electron energy -38.712643 + phonon energy 0.096578 | electron momentum kIdx = 0
