SNEDics v3.22.2 Non-Gaussian ED ground state program		Start at Wed Apr  6 05:30:19 2022

Parallelization: 32 MPI threads  * 8 OpenMP threads = 256 total threads.
********************************************************************************************************************
********************************************************************************************************************

********************************************************************************************************************
System parameters and configurations
	special program options are enabled: splitted diagonal Hamiltonian | splitted Hamiltonian terms
********************************************************************************************************************
Read input file "model_params.in"
	Hubbard-Holstein model parameters : 	t = 1    U = 8    W = 0.2    g' = 0.3    
********************************************************************************************************************
Read input file "hilbertspace_params.in"
	Requested 16-site 2D lattice, with 8 electrons (4, 4)
	Boundary : Periodic		Hilbert space representation : momentum-space (restricted to kIdx = 10)
	Conservation: particle number[U(1)]      spin[U(1)]     momentum
********************************************************************************************************************

Cluster Positions:				Cluster symmetry group : D4
 x ... x ... x ... x .....                       x ... x ... x ... x .....
 |           |           :                       |           |           :
 |           |           :                       |           |           :
12    13    14    15     x                       1     5     6     5     x
 |           |           :                       |           |           :
 |           |           :                       |           |           :
 8 --- 9 ---10 ---11 --- x                       2 --- 6 ---10 --- 6 --- x
 |           |           :                       |           |           :
 |           |           :                       |           |           :
 4     5     6     7     x                       1     5     6     5     x
 |           |           :                       |           |           :
 |           |           :                       |           |           :
 0 --- 1 --- 2 --- 3 --- x                       0 --- 1 --- 2 --- 1 --- x
orbital number : 1
********************************************************************************************************************
Read input file "obs_params.in"
	Observable Type : Nq(All),   Sq(All),   N(All-Orbital),   Delta[s](All),   Delta[d](All),   Delta[s+](All)
** WARNING ** the input observables have non-local factors which have been reinterpreted. The total observable number is 96
********************************************************************************************************************


********************************************************************************************************************
Start calculating the non-Gaussian ED ground state
Maximal iteration number is 1000; energy resolution is 1e-06. Phonon state relaxation time is 2000
W = 0.2 is relatively large. The non-Gaussian ED calculation starts directly.
open output files: NGSED_iteration_observables.txt
********************************************************************************************************************
Start the 0 rounds of NGS-ED iteration
	effective electronic model is modified as: kinetic energy t = 1
	                                           effective interaction Vq = [0,0,0,0,0,0,0,0,0,0,0,0,0,0,0,0]
	first Hamiltonian is constructed, size = 207168 and non-zero numbers = 32194784
	PARPACK diagonalization completed after 225 matrix-vector product operations.
	iteration results: : total energy is -14.228491 | electron energy -14.228491 + phonon energy 0.000000 | electron momentum kIdx = 10
	Nq(0) = 4,	Nq(1) = 0.1929,	Nq(2) = 0.241361,	Nq(3) = 0.1929,	Nq(4) = 0.1929,	Nq(5) = 0.2635,	
	Nq(6) = 0.343209,	Nq(7) = 0.2635,	Nq(8) = 0.241361,	Nq(9) = 0.343209,	Nq(10) = 0.497356,	
	Nq(11) = 0.343209,	Nq(12) = 0.1929,	Nq(13) = 0.2635,	Nq(14) = 0.343209,	Nq(15) = 0.2635;	
	Sq(0) = 1.05048e-18,	Sq(1) = 0.540129,	Sq(2) = 0.425883,	Sq(3) = 0.540129,	Sq(4) = 0.540129,	
	Sq(5) = 0.44091,	Sq(6) = 0.633208,	Sq(7) = 0.44091,	Sq(8) = 0.425883,	Sq(9) = 0.633208,	
	Sq(10) = 0.512733,	Sq(11) = 0.633208,	Sq(12) = 0.540129,	Sq(13) = 0.44091,	Sq(14) = 0.633208,	
	Sq(15) = 0.44091;	N(0) = 1.39632,	N(1) = 1.19393,	N(2) = 0.182033,	N(3) = 1.19393,	
	N(4) = 1.19393,	N(5) = 0.343994,	N(6) = 0.0196952,	N(7) = 0.343994,	N(8) = 0.182033,	
	N(9) = 0.0196952,	N(10) = 0.00914957,	N(11) = 0.0196952,	N(12) = 1.19393,	N(13) = 0.343994,	
	N(14) = 0.0196952,	N(15) = 0.343994;	Delta[s](0) = 0.0170759,	Delta[s](1) = 0.0086938,	Delta[s](2) = 0.00264223,	
	Delta[s](3) = 0.0086938,	Delta[s](4) = 0.0086938,	Delta[s](5) = 0.00576003,	Delta[s](6) = 0.00164123,	Delta[s](7) = 0.00576003,	
	Delta[s](8) = 0.00264223,	Delta[s](9) = 0.00164123,	Delta[s](10) = 0.0025151,	Delta[s](11) = 0.00164123,	Delta[s](12) = 0.0086938,	
	Delta[s](13) = 0.00576003,	Delta[s](14) = 0.00164123,	Delta[s](15) = 0.00576003;	Delta[d](0) = 0.0465032,	Delta[d](1) = 0.0387376,	
	Delta[d](2) = 0.0291539,	Delta[d](3) = 0.0387376,	Delta[d](4) = 0.0387376,	Delta[d](5) = 0.0659323,	Delta[d](6) = 0.043517,	
	Delta[d](7) = 0.0659323,	Delta[d](8) = 0.0291539,	Delta[d](9) = 0.043517,	Delta[d](10) = 0.00636597,	Delta[d](11) = 0.043517,	
	Delta[d](12) = 0.0387376,	Delta[d](13) = 0.0659323,	Delta[d](14) = 0.043517,	Delta[d](15) = 0.0659323;	Delta[s+](0) = 0.20019,	
	Delta[s+](1) = 0.127898,	Delta[s+](2) = 0.0291539,	Delta[s+](3) = 0.127898,	Delta[s+](4) = 0.127898,	Delta[s+](5) = 0.0694629,	
	Delta[s+](6) = 0.0131387,	Delta[s+](7) = 0.0694629,	Delta[s+](8) = 0.0291539,	Delta[s+](9) = 0.0131387,	Delta[s+](10) = 0.0022701,	
	Delta[s+](11) = 0.0131387,	Delta[s+](12) = 0.127898,	Delta[s+](13) = 0.0694629,	Delta[s+](14) = 0.0131387,	Delta[s+](15) = 0.0694629
	
The 0-th iteration is completed.	|| time cost : 0h 0m 5.517s
********************************************************************************************************************
Start the 1 rounds of NGS-ED iteration
	effective electronic model is modified as: kinetic energy t = 0.91569
	                                           effective interaction Vq = [        -7.2,   -0.382269,           0,   -0.382269,   -0.382269,-9.89411e-30,   -0.260181,-9.89411e-30,           0,   -0.260181,    -5.47679,   -0.260181,   -0.382269,-9.89411e-30,   -0.260181, -8.9047e-29]
	PARPACK diagonalization completed after 30 matrix-vector product operations.
	iteration results: : total energy is -52.720523 | electron energy -53.579543 + phonon energy 0.859020 | electron momentum kIdx = 10
The 1-th iteration is completed.	|| time cost : 0h 0m 3.138s
********************************************************************************************************************
Start the 2 rounds of NGS-ED iteration
	effective electronic model is modified as: kinetic energy t = 0.81609
	                                           effective interaction Vq = [        -7.2,  -0.0925659,           0,  -0.0925659,  -0.0925659, -4.1676e-30,  -0.0832862, -4.1676e-30,           0,  -0.0832862,    -7.18684,  -0.0832862,  -0.0925659, -4.1676e-30,  -0.0832862,-3.75084e-29]
	PARPACK diagonalization completed after 30 matrix-vector product operations.
	iteration results: : total energy is -58.325527 | electron energy -59.255519 + phonon energy 0.929992 | electron momentum kIdx = 10
The 2-th iteration is completed.	|| time cost : 0h 0m 1.756s
********************************************************************************************************************
Start the 3 rounds of NGS-ED iteration
	effective electronic model is modified as: kinetic energy t = 0.774333
	                                           effective interaction Vq = [        -7.2,  -0.0630066,           0,  -0.0630066,  -0.0630066,-2.95294e-30,  -0.0592065,-2.95294e-30,           0,  -0.0592065,    -7.19286,  -0.0592065,  -0.0630066,-2.95294e-30,  -0.0592065,-2.65764e-29]
	PARPACK diagonalization completed after 135 matrix-vector product operations.
	iteration results: : total energy is -58.407549 | electron energy -59.139932 + phonon energy 0.732383 | electron momentum kIdx = 10
The 3-th iteration is completed.	|| time cost : 0h 0m 2.181s
********************************************************************************************************************
Start the 4 rounds of NGS-ED iteration
	effective electronic model is modified as: kinetic energy t = 0.772885
	                                           effective interaction Vq = [        -7.2,  -0.0618383,           0,  -0.0618383,  -0.0618383,-2.88255e-30,   -0.057512,-2.89983e-30,           0,   -0.057512,    -7.19302,   -0.057512,  -0.0618383,-2.89983e-30,   -0.057512, -2.5943e-29]
	PARPACK diagonalization completed after 30 matrix-vector product operations.
	iteration results: : total energy is -58.407599 | electron energy -59.134318 + phonon energy 0.726719 | electron momentum kIdx = 10
The 4-th iteration is completed.	|| time cost : 0h 0m 1.767s
********************************************************************************************************************
Start the 5 rounds of NGS-ED iteration
	effective electronic model is modified as: kinetic energy t = 0.772631
	                                           effective interaction Vq = [        -7.2,  -0.0617149,           0,  -0.0617149,  -0.0617149,-2.87731e-30,  -0.0574122,-2.89451e-30,           0,  -0.0574122,    -7.19304,  -0.0574122,  -0.0617149,-2.89451e-30,  -0.0574122,-2.58958e-29]
	PARPACK diagonalization completed after 30 matrix-vector product operations.
	iteration results: : total energy is -58.407600 | electron energy -59.133333 + phonon energy 0.725733 | electron momentum kIdx = 10
The 5-th iteration is completed.	|| time cost : 0h 0m 1.776s
********************************************************************************************************************
Start the 6 rounds of NGS-ED iteration
	effective electronic model is modified as: kinetic energy t = 0.772588
	                                           effective interaction Vq = [        -7.2,  -0.0616941,           0,  -0.0616941,  -0.0616941,-2.87643e-30,  -0.0573955,-2.89361e-30,           0,  -0.0573955,    -7.19304,  -0.0573955,  -0.0616941,-2.89361e-30,  -0.0573955,-2.58878e-29]
	PARPACK diagonalization completed after 30 matrix-vector product operations.
	iteration results: : total energy is -58.407601 | electron energy -59.133167 + phonon energy 0.725567 | electron momentum kIdx = 10
The 6-th iteration is completed.	|| time cost : 0h 0m 1.775s
********************************************************************************************************************
Start the 7 rounds of NGS-ED iteration
	effective electronic model is modified as: kinetic energy t = 0.772581
	                                           effective interaction Vq = [        -7.2,  -0.0616906,           0,  -0.0616906,  -0.0616906,-2.87628e-30,  -0.0573926,-2.89346e-30,           0,  -0.0573926,    -7.19304,  -0.0573926,  -0.0616906,-2.89346e-30,  -0.0573926,-2.58865e-29]
	PARPACK diagonalization completed after 30 matrix-vector product operations.
	iteration results: : total energy is -58.407601 | electron energy -59.133139 + phonon energy 0.725539 | electron momentum kIdx = 10
The 7-th iteration is completed.	|| time cost : 0h 0m 1.744s
********************************************************************************************************************
Start the 8 rounds of NGS-ED iteration
	effective electronic model is modified as: kinetic energy t = 0.772579
	                                           effective interaction Vq = [        -7.2,    -0.06169,           0,    -0.06169,    -0.06169,-2.87625e-30,  -0.0573922,-2.89343e-30,           0,  -0.0573922,    -7.19304,  -0.0573922,    -0.06169,-2.89343e-30,  -0.0573922,-2.58863e-29]
	PARPACK diagonalization completed after 30 matrix-vector product operations.
	iteration results: : total energy is -58.407601 | electron energy -59.133135 + phonon energy 0.725534 | electron momentum kIdx = 10
The 8-th iteration is completed.	|| time cost : 0h 0m 1.776s
********************************************************************************************************************
Start the 9 rounds of NGS-ED iteration
	effective electronic model is modified as: kinetic energy t = 0.772579
	                                           effective interaction Vq = [        -7.2,  -0.0616899,           0,  -0.0616899,  -0.0616899,-2.87625e-30,  -0.0573921,-2.89343e-30,           0,  -0.0573921,    -7.19304,  -0.0573921,  -0.0616899,-2.89343e-30,  -0.0573921,-2.58862e-29]
	PARPACK diagonalization completed after 30 matrix-vector product operations.
	iteration results: : total energy is -58.407601 | electron energy -59.133134 + phonon energy 0.725533 | electron momentum kIdx = 10
The 9-th iteration is completed.	|| time cost : 0h 0m 1.727s
********************************************************************************************************************
Start the 10 rounds of NGS-ED iteration
	effective electronic model is modified as: kinetic energy t = 0.772579
	                                           effective interaction Vq = [        -7.2,  -0.0616899,           0,  -0.0616899,  -0.0616899,-2.87625e-30,  -0.0573921,-2.89343e-30,           0,  -0.0573921,    -7.19304,  -0.0573921,  -0.0616899,-2.89343e-30,  -0.0573921,-2.58862e-29]
	PARPACK diagonalization completed after 30 matrix-vector product operations.
	iteration results: : total energy is -58.407601 | electron energy -59.133134 + phonon energy 0.725533 | electron momentum kIdx = 10
The 10-th iteration is completed.	|| time cost : 0h 0m 1.775s
********************************************************************************************************************
Start the 11 rounds of NGS-ED iteration
	effective electronic model is modified as: kinetic energy t = 0.772579
	                                           effective interaction Vq = [        -7.2,  -0.0616899,           0,  -0.0616899,  -0.0616899,-2.87625e-30,  -0.0573921,-2.89343e-30,           0,  -0.0573921,    -7.19304,  -0.0573921,  -0.0616899,-2.89343e-30,  -0.0573921,-2.58862e-29]
	PARPACK diagonalization completed after 30 matrix-vector product operations.
	iteration results: : total energy is -58.407601 | electron energy -59.133134 + phonon energy 0.725533 | electron momentum kIdx = 10
	Nq(0) = 4,	Nq(1) = 0.00874586,	Nq(2) = 0.0168488,	Nq(3) = 0.00874586,	Nq(4) = 0.00874586,	Nq(5) = 0.0167503,	
	Nq(6) = 0.0242617,	Nq(7) = 0.0168529,	Nq(8) = 0.0168488,	Nq(9) = 0.0242617,	Nq(10) = 3.77897,	
	Nq(11) = 0.0242617,	Nq(12) = 0.00874586,	Nq(13) = 0.0168529,	Nq(14) = 0.0242617,	Nq(15) = 0.0167503;	
	Sq(0) = -8.85945e-20,	Sq(1) = 0.335263,	Sq(2) = 1.01057,	Sq(3) = 0.335263,	Sq(4) = 0.335263,	
	Sq(5) = 0.663118,	Sq(6) = 0.3415,	Sq(7) = 0.951268,	Sq(8) = 1.01057,	Sq(9) = 0.3415,	
	Sq(10) = 0.0311316,	Sq(11) = 0.3415,	Sq(12) = 0.335263,	Sq(13) = 0.951268,	Sq(14) = 0.3415,	
	Sq(15) = 0.663118;	N(0) = 0.847696,	N(1) = 0.62347,	N(2) = 0.467262,	N(3) = 0.62347,	
	N(4) = 0.62347,	N(5) = 0.484193,	N(6) = 0.376533,	N(7) = 0.470152,	N(8) = 0.467262,	
	N(9) = 0.376533,	N(10) = 0.309077,	N(11) = 0.376533,	N(12) = 0.62347,	N(13) = 0.470152,	
	N(14) = 0.376533,	N(15) = 0.484193;	Delta[s](0) = 0.000872777,	Delta[s](1) = 0.000442389,	Delta[s](2) = 0.000220462,	
	Delta[s](3) = 0.000442389,	Delta[s](4) = 0.000442389,	Delta[s](5) = 0.000296556,	Delta[s](6) = 0.000301989,	Delta[s](7) = 0.000239147,	
	Delta[s](8) = 0.000220462,	Delta[s](9) = 0.000301989,	Delta[s](10) = 0.000589081,	Delta[s](11) = 0.000301989,	Delta[s](12) = 0.000442389,	
	Delta[s](13) = 0.000239147,	Delta[s](14) = 0.000301989,	Delta[s](15) = 0.000296556;	Delta[d](0) = 0.0055496,	Delta[d](1) = 0.00402798,	
	Delta[d](2) = 0.00435971,	Delta[d](3) = 0.00402798,	Delta[d](4) = 0.00402798,	Delta[d](5) = 0.00144786,	Delta[d](6) = 0.00105646,	
	Delta[d](7) = 0.00158766,	Delta[d](8) = 0.00435971,	Delta[d](9) = 0.00105646,	Delta[d](10) = 8.2597e-06,	Delta[d](11) = 0.00105646,	
	Delta[d](12) = 0.00402798,	Delta[d](13) = 0.00158766,	Delta[d](14) = 0.00105646,	Delta[d](15) = 0.00144786;	Delta[s+](0) = 0.0215904,	
	Delta[s+](1) = 0.0115202,	Delta[s+](2) = 0.00435971,	Delta[s+](3) = 0.0115202,	Delta[s+](4) = 0.0115202,	Delta[s+](5) = 0.00522949,	
	Delta[s+](6) = 0.00115834,	Delta[s+](7) = 0.00500313,	Delta[s+](8) = 0.00435971,	Delta[s+](9) = 0.00115834,	Delta[s+](10) = 6.31471e-06,	
	Delta[s+](11) = 0.00115834,	Delta[s+](12) = 0.0115202,	Delta[s+](13) = 0.00500313,	Delta[s+](14) = 0.00115834,	Delta[s+](15) = 0.00522949
	
The 11-th iteration is completed.	|| time cost : 0h 0m 3.984s
********************************************************************************************************************
********************************************************************************************************************
Ground state is obtained after 12 iterations. The current ground-state energy is -58.4076, in which electron energy is -59.1331 and phonon energy is 0.725533
Final variational state is: 
	Gamma_x = [      1,1.00268,      1,1.00268,1.00268,      1,1.00693,      1,      1,1.00693,16.4496,1.00693,1.00268,      1,1.00693,      1]
	lambda_q = [           6,   0.0518564,           0,   0.0518564,   0.0518564,-3.46105e-16,  -0.0482141,  3.4819e-16,           0,  -0.0482141,     -5.8135,  -0.0482141,   0.0518564,  3.4819e-16,  -0.0482141, 1.03831e-15]
Effective e-e interactions mediated by phonons are:
	momentum-space Vq = [        -7.2,  -0.0616899,           0,  -0.0616899,  -0.0616899,-2.87625e-30,  -0.0573921,-2.89343e-30,           0,  -0.0573921,    -7.19304,  -0.0573921,  -0.0616899,-2.89343e-30,  -0.0573921,-2.58862e-29]
	real-space Vr = [   -0.929336,-0.000972008,   -0.899565,-0.000972008,-0.000972008,   -0.899565, 0.000102456,   -0.899565,   -0.899565, 0.000102456,   -0.869795, 0.000102456,-0.000972008,   -0.899565, 0.000102456,   -0.899565]
********************************************************************************************************************
o___o  ----------------------------------------
| L |	Time since last clock: 0h 0m 0.007s
A===A	Time since the beginning: 0h 0m 28.929s
***********************************************


Non-Gaussina ED ground state calculation is completed. The final ground-state energy is -58.4076
********************************************************************************************************************
o___o  ----------------------------------------
| L |	Time since last clock: 0h 0m 0.002s
A===A	Time since the beginning: 0h 0m 28.931s
***********************************************



********************************************************************************************************************
All non-Gaussian ED ground state calculations have been completed. Exit now.
