SNEDics v3.4 Non-Gaussian ED ground state program		Start at Tue Oct  1 14:37:26 2019

parallized on 16 MPI threads  * 8 OpenMP threads = 128 total threads.
********************************************************************************************************************
********************************************************************************************************************

********************************************************************************************************************
System parameters and configurations
********************************************************************************************************************
Special program options are enabled: splitted diagonal Hamiltonian
********************************************************************************************************************
Read input file "model_params.in"
	Hubbard-Holstein model parameters : 	t = 1    U = 5.22    g = 3.873    W = 5    
********************************************************************************************************************
Read input file "hilbertspace_params.in"
	Requested 16-site 2D lattice, with 16 electrons (8, 8)
	Boundary : Periodic		Hilbert space representation : momentum-space (restricted to kIdx = 0)
	Conservation: particle number[U(1)]      spin[U(1)]     momentum
********************************************************************************************************************

Cluster Positions:				Cluster symmetry group : D4
 x ... x ... x ... x .....                       x ... x ... x ... x .....
 |           |           :                       |           |           :
 |           |           :                       |           |           :
12    13    14    15     x                       1     5     6     5     x
 |           |           :                       |           |           :
 |           |           :                       |           |           :
 8 --- 9 ---10 ---11 --- x                       2 --- 6 ---10 --- 6 --- x
 |           |           :                       |           |           :
 |           |           :                       |           |           :
 4     5     6     7     x                       1     5     6     5     x
 |           |           :                       |           |           :
 |           |           :                       |           |           :
 0 --- 1 --- 2 --- 3 --- x                       0 --- 1 --- 2 --- 1 --- x
orbital number : 1
********************************************************************************************************************
Read input file "obs_params.in"
	Observable Type : Nq(All),   Sq(All),   N(All),   Delta[s](All),   Delta[d](All),   Delta[s+](All)
********************************************************************************************************************
** WARNING ** the input observables have non-local factors which have been reinterpreted. The total observable number is 96
********************************************************************************************************************


********************************************************************************************************************
Start calculating the non-Gaussian ED ground state
** WARNING ** Detected low phonon energy W < 10. The initial state will be prepared through a warm-up process.
********************************************************************************************************************
Start warm-up calculation for scaling factor 2
open output files: NGSEDWarmUpW10Obs.txt
********************************************************************************************************************
Start the 0 rounds of NGS-ED iteration
	effective electronic model is modified as: kinetic energy t = 1
	                                           effective interaction Vq = [-0,-0,-0,-0,-0,-0,-0,-0,-0,-0,-0,-0,-0,-0,-0,-0]
	first Hamiltonian is constructed, non-zero numbers = 2845383612
	PARPACK diagonalization completed after 90 matrix-vector product operations.
	iteration results: : total energy is -11.611529 | electron energy -11.611529 + phonon energy 0.000000 | electron momentum kIdx = 0
	Nq(0) = 16,	Nq(1) = 0.118271,	Nq(2) = 0.187408,	Nq(3) = 0.118271,	Nq(4) = 0.118271,	Nq(5) = 0.187408,	Nq(6) = 0.254164,	Nq(7) = 0.187408,	Nq(8) = 0.187408,	Nq(9) = 0.254164,	Nq(10) = 0.313664,	Nq(11) = 0.254164,	Nq(12) = 0.118271,	Nq(13) = 0.187408,	Nq(14) = 0.254164,	Nq(15) = 0.187408,	Sq(0) = 6.9752e-19,	Sq(1) = 0.426623,	Sq(2) = 0.631235,	Sq(3) = 0.426623,	Sq(4) = 0.426623,	Sq(5) = 0.631235,	Sq(6) = 0.849197,	Sq(7) = 0.631235,	Sq(8) = 0.631235,	Sq(9) = 0.849197,	Sq(10) = 4.18146,	Sq(11) = 0.849197,	Sq(12) = 0.426623,	Sq(13) = 0.631235,	Sq(14) = 0.849197,	Sq(15) = 0.631235,	N(0) = 1.88795,	N(1) = 1.75935,	N(2) = 1,	N(3) = 1.75935,	N(4) = 1.75935,	N(5) = 1,	N(6) = 0.24065,	N(7) = 1,	N(8) = 1,	N(9) = 0.24065,	N(10) = 0.112046,	N(11) = 0.24065,	N(12) = 1.75935,	N(13) = 1,	N(14) = 0.24065,	N(15) = 1,	Delta[s](0) = 0.140409,	Delta[s](1) = 0.118118,	Delta[s](2) = 0.0931378,	Delta[s](3) = 0.118118,	Delta[s](4) = 0.118118,	Delta[s](5) = 0.0931378,	Delta[s](6) = 0.0672556,	Delta[s](7) = 0.0931378,	Delta[s](8) = 0.0931378,	Delta[s](9) = 0.0672556,	Delta[s](10) = 0.0231955,	Delta[s](11) = 0.0672556,	Delta[s](12) = 0.118118,	Delta[s](13) = 0.0931378,	Delta[s](14) = 0.0672556,	Delta[s](15) = 0.0931378,	Delta[d](0) = 0.566223,	Delta[d](1) = 0.407609,	Delta[d](2) = 0.319665,	Delta[d](3) = 0.407609,	Delta[d](4) = 0.407609,	Delta[d](5) = 0.331992,	Delta[d](6) = 0.237428,	Delta[d](7) = 0.331992,	Delta[d](8) = 0.319665,	Delta[d](9) = 0.237428,	Delta[d](10) = 0.111735,	Delta[d](11) = 0.237428,	Delta[d](12) = 0.407609,	Delta[d](13) = 0.331992,	Delta[d](14) = 0.237428,	Delta[d](15) = 0.331992,	Delta[s+](0) = 0.601519,	Delta[s+](1) = 0.475906,	Delta[s+](2) = 0.319665,	Delta[s+](3) = 0.475906,	Delta[s+](4) = 0.475906,	Delta[s+](5) = 0.319665,	Delta[s+](6) = 0.169264,	Delta[s+](7) = 0.319665,	Delta[s+](8) = 0.319665,	Delta[s+](9) = 0.169264,	Delta[s+](10) = 0.0492094,	Delta[s+](11) = 0.169264,	Delta[s+](12) = 0.475906,	Delta[s+](13) = 0.319665,	Delta[s+](14) = 0.169264,	Delta[s+](15) = 0.319665
The 0-th iteration is completed.	|| time cost : 0h 8m 26.425s
********************************************************************************************************************
Start the 1 rounds of NGS-ED iteration
	effective electronic model is modified as: kinetic energy t = 0.929963
	                                           effective interaction Vq = [-2.59402,-2.31429,-2.24491,-2.31429,-2.31429,-2.24491,-2.21111,-2.24491,-2.24491,-2.21111,-2.18343,-2.21111,-2.31429,-2.24491,-2.21111,-2.24491]
	PARPACK diagonalization completed after 60 matrix-vector product operations.
	iteration results: : total energy is -61.422383 | electron energy -61.426548 + phonon energy 0.004165 | electron momentum kIdx = 0
The 1-th iteration is completed.	|| time cost : 0h 7m 54.053s
********************************************************************************************************************
Start the 2 rounds of NGS-ED iteration
	effective electronic model is modified as: kinetic energy t = 0.874661
	                                           effective interaction Vq = [-2.94508,-2.79681,-2.68027,-2.79681,-2.79681,-2.68027,-2.68403,-2.68027,-2.68027,-2.68403,-2.62333,-2.68403,-2.79681,-2.68027,-2.68403,-2.68027]
	PARPACK diagonalization completed after 75 matrix-vector product operations.
	iteration results: : total energy is -68.863193 | electron energy -68.901188 + phonon energy 0.037996 | electron momentum kIdx = 0
The 2-th iteration is completed.	|| time cost : 0h 0m 41.384s
********************************************************************************************************************
Start the 3 rounds of NGS-ED iteration
	effective electronic model is modified as: kinetic energy t = 0.840627
	                                           effective interaction Vq = [-2.99259,-2.91012,-2.87949,-2.91012,-2.91012,-2.87949, -2.8147,-2.87949,-2.87949, -2.8147,-2.80749, -2.8147,-2.91012,-2.87949, -2.8147,-2.87949]
	PARPACK diagonalization completed after 60 matrix-vector product operations.
	iteration results: : total energy is -70.326236 | electron energy -70.401147 + phonon energy 0.074911 | electron momentum kIdx = 0
The 3-th iteration is completed.	|| time cost : 0h 0m 37.108s
********************************************************************************************************************
Start the 4 rounds of NGS-ED iteration
	effective electronic model is modified as: kinetic energy t = 0.828248
	                                           effective interaction Vq = [-2.99902,-2.93799,-2.92742,-2.93799,-2.93799,-2.92742,-2.85113,-2.92742,-2.92742,-2.85113,-2.86163,-2.85113,-2.93799,-2.92742,-2.85113,-2.92742]
	PARPACK diagonalization completed after 45 matrix-vector product operations.
	iteration results: : total energy is -70.518739 | electron energy -70.614882 + phonon energy 0.096142 | electron momentum kIdx = 0
The 4-th iteration is completed.	|| time cost : 0h 0m 32.004s
********************************************************************************************************************
Start the 5 rounds of NGS-ED iteration
	effective electronic model is modified as: kinetic energy t = 0.8239
	                                           effective interaction Vq = [-2.99989,-2.94622,-2.94115,-2.94622,-2.94622,-2.94115,-2.86275,-2.94115,-2.94115,-2.86275,-2.88002,-2.86275,-2.94622,-2.94115,-2.86275,-2.94115]
	PARPACK diagonalization completed after 45 matrix-vector product operations.
	iteration results: : total energy is -70.543589 | electron energy -70.648533 + phonon energy 0.104944 | electron momentum kIdx = 0
The 5-th iteration is completed.	|| time cost : 0h 0m 32.344s
********************************************************************************************************************
Start the 6 rounds of NGS-ED iteration
	effective electronic model is modified as: kinetic energy t = 0.822384
	                                           effective interaction Vq = [-3.00001,-2.94887,-2.94548,-2.94887,-2.94887,-2.94548,-2.86668,-2.94548,-2.94548,-2.86668,-2.88684,-2.86668,-2.94887,-2.94548,-2.86668,-2.94548]
	PARPACK diagonalization completed after 45 matrix-vector product operations.
	iteration results: : total energy is -70.546791 | electron energy -70.655014 + phonon energy 0.108223 | electron momentum kIdx = 0
The 6-th iteration is completed.	|| time cost : 0h 0m 32.302s
********************************************************************************************************************
Start the 7 rounds of NGS-ED iteration
	effective electronic model is modified as: kinetic energy t = 0.821855
	                                           effective interaction Vq = [-3.00002,-2.94976, -2.9469,-2.94976,-2.94976, -2.9469,-2.86804, -2.9469, -2.9469,-2.86804, -2.8895,-2.86804,-2.94976, -2.9469,-2.86804, -2.9469]
	PARPACK diagonalization completed after 45 matrix-vector product operations.
	iteration results: : total energy is -70.547206 | electron energy -70.656611 + phonon energy 0.109405 | electron momentum kIdx = 0
The 7-th iteration is completed.	|| time cost : 0h 0m 32.339s
********************************************************************************************************************
Start the 8 rounds of NGS-ED iteration
	effective electronic model is modified as: kinetic energy t = 0.821669
	                                           effective interaction Vq = [-3.00003,-2.95006,-2.94736,-2.95006,-2.95006,-2.94736,-2.86851,-2.94736,-2.94736,-2.86851,-2.89057,-2.86851,-2.95006,-2.94736,-2.86851,-2.94736]
	PARPACK diagonalization completed after 30 matrix-vector product operations.
	iteration results: : total energy is -70.547261 | electron energy -70.657089 + phonon energy 0.109828 | electron momentum kIdx = 0
The 8-th iteration is completed.	|| time cost : 0h 0m 27.29s
********************************************************************************************************************
Start the 9 rounds of NGS-ED iteration
	effective electronic model is modified as: kinetic energy t = 0.821603
	                                           effective interaction Vq = [-3.00003,-2.95016,-2.94751,-2.95016,-2.95016,-2.94751,-2.86868,-2.94751,-2.94751,-2.86868,-2.89102,-2.86868,-2.95016,-2.94751,-2.86868,-2.94751]
	PARPACK diagonalization completed after 30 matrix-vector product operations.
	iteration results: : total energy is -70.547268 | electron energy -70.657248 + phonon energy 0.109980 | electron momentum kIdx = 0
	Nq(0) = 16,	Nq(1) = 0.403345,	Nq(2) = 0.763595,	Nq(3) = 0.403345,	Nq(4) = 0.403345,	Nq(5) = 0.763595,	Nq(6) = 0.651827,	Nq(7) = 0.763595,	Nq(8) = 0.763595,	Nq(9) = 0.651827,	Nq(10) = 0.954777,	Nq(11) = 0.651827,	Nq(12) = 0.403345,	Nq(13) = 0.763595,	Nq(14) = 0.651827,	Nq(15) = 0.763595,	Sq(0) = -7.67581e-18,	Sq(1) = 0.325369,	Sq(2) = 0.355914,	Sq(3) = 0.325369,	Sq(4) = 0.325369,	Sq(5) = 0.355914,	Sq(6) = 0.554303,	Sq(7) = 0.355914,	Sq(8) = 0.355914,	Sq(9) = 0.554303,	Sq(10) = 0.588786,	Sq(11) = 0.554303,	Sq(12) = 0.325369,	Sq(13) = 0.355914,	Sq(14) = 0.554303,	Sq(15) = 0.355914,	N(0) = 1.99763,	N(1) = 1.99361,	N(2) = 1,	N(3) = 1.99361,	N(4) = 1.99361,	N(5) = 1,	N(6) = 0.00638617,	N(7) = 1,	N(8) = 1,	N(9) = 0.00638617,	N(10) = 0.00237411,	N(11) = 0.00638617,	N(12) = 1.99361,	N(13) = 1,	N(14) = 0.00638617,	N(15) = 1,	Delta[s](0) = 0.701012,	Delta[s](1) = 0.317643,	Delta[s](2) = 0.276016,	Delta[s](3) = 0.317643,	Delta[s](4) = 0.317643,	Delta[s](5) = 0.276016,	Delta[s](6) = 0.253762,	Delta[s](7) = 0.276016,	Delta[s](8) = 0.276016,	Delta[s](9) = 0.253762,	Delta[s](10) = 0.235795,	Delta[s](11) = 0.253762,	Delta[s](12) = 0.317643,	Delta[s](13) = 0.276016,	Delta[s](14) = 0.253762,	Delta[s](15) = 0.276016,	Delta[d](0) = 0.339647,	Delta[d](1) = 0.283174,	Delta[d](2) = 0.257128,	Delta[d](3) = 0.283174,	Delta[d](4) = 0.283174,	Delta[d](5) = 0.25231,	Delta[d](6) = 0.239151,	Delta[d](7) = 0.25231,	Delta[d](8) = 0.257128,	Delta[d](9) = 0.239151,	Delta[d](10) = 0.165138,	Delta[d](11) = 0.239151,	Delta[d](12) = 0.283174,	Delta[d](13) = 0.25231,	Delta[d](14) = 0.239151,	Delta[d](15) = 0.25231,	Delta[s+](0) = 0.464262,	Delta[s+](1) = 0.382201,	Delta[s+](2) = 0.257128,	Delta[s+](3) = 0.382201,	Delta[s+](4) = 0.382201,	Delta[s+](5) = 0.257128,	Delta[s+](6) = 0.127447,	Delta[s+](7) = 0.257128,	Delta[s+](8) = 0.257128,	Delta[s+](9) = 0.127447,	Delta[s+](10) = 0.0426167,	Delta[s+](11) = 0.127447,	Delta[s+](12) = 0.382201,	Delta[s+](13) = 0.257128,	Delta[s+](14) = 0.127447,	Delta[s+](15) = 0.257128
The 9-th iteration is completed.	|| time cost : 0h 4m 23.198s
********************************************************************************************************************
********************************************************************************************************************
Ground state is obtained after 10 iterations. The current ground-state energy is -70.5473, in which electron energy is -70.6572 and phonon energy is 0.10998
final variational state is: 
	Gamma_x = [      1,1.02753,1.05394,1.02753,1.02753,1.05394,1.06678,1.05394,1.05394,1.06678,1.09217,1.06678,1.02753,1.05394,1.06678,1.05394]
	lambda_q = [  0.5477,0.477132,0.475293,0.477132,0.477132,0.475293,0.433145,0.475293,0.475293,0.433145,0.443407,0.433145,0.477132,0.475293,0.433145,0.475293]
********************************************************************************************************************
o___o  ----------------------------------------
| L |	Time since last clock: 0h 0m 0s
A===A	Time since the beginning: 0h 24m 38.453s
***********************************************


********************************************************************************************************************
Warm up runs have been completed. Start calculating W = 5 phonon.
open output files: NGSEDIterationObs.txt
********************************************************************************************************************
Start the 0 rounds of NGS-ED iteration
	effective electronic model is modified as: kinetic energy t = 0.82158
	                                           effective interaction Vq = [-2.74261,-2.55759, -2.5521,-2.55759,-2.55759, -2.5521,-2.41707, -2.5521, -2.5521,-2.41707,-2.45158,-2.41707,-2.55759, -2.5521,-2.41707, -2.5521]
	PARPACK diagonalization completed after 75 matrix-vector product operations.
	iteration results: : total energy is -62.776792 | electron energy -62.831810 + phonon energy 0.055018 | electron momentum kIdx = 0
	Nq(0) = 16,	Nq(1) = 0.36168,	Nq(2) = 0.374126,	Nq(3) = 0.36168,	Nq(4) = 0.36168,	Nq(5) = 0.374126,	Nq(6) = 0.576903,	Nq(7) = 0.374126,	Nq(8) = 0.374126,	Nq(9) = 0.576903,	Nq(10) = 0.603551,	Nq(11) = 0.576903,	Nq(12) = 0.36168,	Nq(13) = 0.374126,	Nq(14) = 0.576903,	Nq(15) = 0.374126,	Sq(0) = -1.68681e-17,	Sq(1) = 0.38386,	Sq(2) = 0.553153,	Sq(3) = 0.38386,	Sq(4) = 0.38386,	Sq(5) = 0.553153,	Sq(6) = 0.640189,	Sq(7) = 0.553153,	Sq(8) = 0.553153,	Sq(9) = 0.640189,	Sq(10) = 1.98225,	Sq(11) = 0.640189,	Sq(12) = 0.38386,	Sq(13) = 0.553153,	Sq(14) = 0.640189,	Sq(15) = 0.553153,	N(0) = 1.99946,	N(1) = 1.99866,	N(2) = 1,	N(3) = 1.99866,	N(4) = 1.99866,	N(5) = 1,	N(6) = 0.00134224,	N(7) = 1,	N(8) = 1,	N(9) = 0.00134224,	N(10) = 0.000544129,	N(11) = 0.00134224,	N(12) = 1.99866,	N(13) = 1,	N(14) = 0.00134224,	N(15) = 1,	Delta[s](0) = 0.251159,	Delta[s](1) = 0.244648,	Delta[s](2) = 0.197588,	Delta[s](3) = 0.244648,	Delta[s](4) = 0.244648,	Delta[s](5) = 0.197588,	Delta[s](6) = 0.191834,	Delta[s](7) = 0.197588,	Delta[s](8) = 0.197588,	Delta[s](9) = 0.191834,	Delta[s](10) = 0.118705,	Delta[s](11) = 0.191834,	Delta[s](12) = 0.244648,	Delta[s](13) = 0.197588,	Delta[s](14) = 0.191834,	Delta[s](15) = 0.197588,	Delta[d](0) = 0.5459,	Delta[d](1) = 0.324847,	Delta[d](2) = 0.283742,	Delta[d](3) = 0.324847,	Delta[d](4) = 0.324847,	Delta[d](5) = 0.334114,	Delta[d](6) = 0.252279,	Delta[d](7) = 0.334114,	Delta[d](8) = 0.283742,	Delta[d](9) = 0.252279,	Delta[d](10) = 0.127538,	Delta[d](11) = 0.252279,	Delta[d](12) = 0.324847,	Delta[d](13) = 0.334114,	Delta[d](14) = 0.252279,	Delta[d](15) = 0.334114,	Delta[s+](0) = 0.514734,	Delta[s+](1) = 0.423698,	Delta[s+](2) = 0.283742,	Delta[s+](3) = 0.423698,	Delta[s+](4) = 0.423698,	Delta[s+](5) = 0.283742,	Delta[s+](6) = 0.144153,	Delta[s+](7) = 0.283742,	Delta[s+](8) = 0.283742,	Delta[s+](9) = 0.144153,	Delta[s+](10) = 0.0459354,	Delta[s+](11) = 0.144153,	Delta[s+](12) = 0.423698,	Delta[s+](13) = 0.283742,	Delta[s+](14) = 0.144153,	Delta[s+](15) = 0.283742
The 0-th iteration is completed.	|| time cost : 0h 4m 43.481s
********************************************************************************************************************
Start the 1 rounds of NGS-ED iteration
	effective electronic model is modified as: kinetic energy t = 0.812657
	                                           effective interaction Vq = [-2.90533,-2.70247,-2.56343,-2.70247,-2.70247,-2.56343,  -2.525,-2.56343,-2.56343,  -2.525,-2.46764,  -2.525,-2.70247,-2.56343,  -2.525,-2.56343]
	PARPACK diagonalization completed after 60 matrix-vector product operations.
	iteration results: : total energy is -65.577624 | electron energy -65.729537 + phonon energy 0.151912 | electron momentum kIdx = 0
The 1-th iteration is completed.	|| time cost : 0h 0m 37.06s
********************************************************************************************************************
Start the 2 rounds of NGS-ED iteration
	effective electronic model is modified as: kinetic energy t = 0.804262
	                                           effective interaction Vq = [-2.96519,-2.77983,-2.57668,-2.77983,-2.77983,-2.57668,-2.59397,-2.57668,-2.57668,-2.59397,-2.48893,-2.59397,-2.77983,-2.57668,-2.59397,-2.57668]
	PARPACK diagonalization completed after 60 matrix-vector product operations.
	iteration results: : total energy is -66.612287 | electron energy -66.822388 + phonon energy 0.210101 | electron momentum kIdx = 0
The 2-th iteration is completed.	|| time cost : 0h 0m 36.777s
********************************************************************************************************************
Start the 3 rounds of NGS-ED iteration
	effective electronic model is modified as: kinetic energy t = 0.798074
	                                           effective interaction Vq = [-2.98721,-2.82288,-2.58678,-2.82288,-2.82288,-2.58678,-2.63722,-2.58678,-2.58678,-2.63722,-2.50463,-2.63722,-2.82288,-2.58678,-2.63722,-2.58678]
	PARPACK diagonalization completed after 60 matrix-vector product operations.
	iteration results: : total energy is -66.996307 | electron energy -67.239632 + phonon energy 0.243324 | electron momentum kIdx = 0
The 3-th iteration is completed.	|| time cost : 0h 0m 36.709s
********************************************************************************************************************
Start the 4 rounds of NGS-ED iteration
	effective electronic model is modified as: kinetic energy t = 0.793861
	                                           effective interaction Vq = [-2.99531,-2.84763,-2.59382,-2.84763,-2.84763,-2.59382, -2.6643,-2.59382,-2.59382, -2.6643,-2.51477, -2.6643,-2.84763,-2.59382, -2.6643,-2.59382]
	PARPACK diagonalization completed after 60 matrix-vector product operations.
	iteration results: : total energy is -67.138959 | electron energy -67.402063 + phonon energy 0.263104 | electron momentum kIdx = 0
The 4-th iteration is completed.	|| time cost : 0h 0m 36.721s
********************************************************************************************************************
Start the 5 rounds of NGS-ED iteration
	effective electronic model is modified as: kinetic energy t = 0.791072
	                                           effective interaction Vq = [-2.99829,-2.86223,-2.59875,-2.86223,-2.86223,-2.59875,-2.68128,-2.59875,-2.59875,-2.68128,-2.52106,-2.68128,-2.86223,-2.59875,-2.68128,-2.59875]
	PARPACK diagonalization completed after 60 matrix-vector product operations.
	iteration results: : total energy is -67.191965 | electron energy -67.467280 + phonon energy 0.275314 | electron momentum kIdx = 0
The 5-th iteration is completed.	|| time cost : 0h 0m 36.814s
********************************************************************************************************************
Start the 6 rounds of NGS-ED iteration
	effective electronic model is modified as: kinetic energy t = 0.789231
	                                           effective interaction Vq = [-2.99939,-2.87103,-2.60248,-2.87103,-2.87103,-2.60248,-2.69195,-2.60248,-2.60248,-2.69195, -2.5249,-2.69195,-2.87103,-2.60248,-2.69195,-2.60248]
	PARPACK diagonalization completed after 60 matrix-vector product operations.
	iteration results: : total energy is -67.211680 | electron energy -67.494704 + phonon energy 0.283024 | electron momentum kIdx = 0
The 6-th iteration is completed.	|| time cost : 0h 0m 37.022s
********************************************************************************************************************
Start the 7 rounds of NGS-ED iteration
	effective electronic model is modified as: kinetic energy t = 0.787982
	                                           effective interaction Vq = [-2.99979,-2.87643,-2.60572,-2.87643,-2.87643,-2.60572,-2.69863,-2.60572,-2.60572,-2.69863,-2.52726,-2.69863,-2.87643,-2.60572,-2.69863,-2.60572]
	PARPACK diagonalization completed after 60 matrix-vector product operations.
	iteration results: : total energy is -67.219042 | electron energy -67.507024 + phonon energy 0.287981 | electron momentum kIdx = 0
The 7-th iteration is completed.	|| time cost : 0h 0m 37.043s
********************************************************************************************************************
Start the 8 rounds of NGS-ED iteration
	effective electronic model is modified as: kinetic energy t = 0.787046
	                                           effective interaction Vq = [-2.99994,-2.87982,-2.60944,-2.87982,-2.87982,-2.60944,-2.70272,-2.60944,-2.60944,-2.70272,-2.52873,-2.70272,-2.87982,-2.60944,-2.70272,-2.60944]
	PARPACK diagonalization completed after 60 matrix-vector product operations.
	iteration results: : total energy is -67.221891 | electron energy -67.513163 + phonon energy 0.291272 | electron momentum kIdx = 0
The 8-th iteration is completed.	|| time cost : 0h 0m 36.741s
********************************************************************************************************************
Start the 9 rounds of NGS-ED iteration
	effective electronic model is modified as: kinetic energy t = 0.785946
	                                           effective interaction Vq = [-2.99999,-2.88213,-2.61758,-2.88213,-2.88213,-2.61758, -2.7049,-2.61758,-2.61758, -2.7049, -2.5298, -2.7049,-2.88213,-2.61758, -2.7049,-2.61758]
	PARPACK diagonalization completed after 75 matrix-vector product operations.
	iteration results: : total energy is -67.226553 | electron energy -67.520349 + phonon energy 0.293796 | electron momentum kIdx = 0
The 9-th iteration is completed.	|| time cost : 0h 0m 41.402s
********************************************************************************************************************
Start the 10 rounds of NGS-ED iteration
	effective electronic model is modified as: kinetic energy t = 0.776725
	                                           effective interaction Vq = [-3.00001,-2.88334,-2.71034,-2.88334,-2.88334,-2.71034,-2.70162,-2.71034,-2.71034,-2.70162, -2.5337,-2.70162,-2.88334,-2.71034,-2.70162,-2.71034]
	PARPACK diagonalization completed after 60 matrix-vector product operations.
	iteration results: : total energy is -67.373610 | electron energy -67.675411 + phonon energy 0.301801 | electron momentum kIdx = 0
	Nq(0) = 16,	Nq(1) = 0.426249,	Nq(2) = 0.715563,	Nq(3) = 0.426249,	Nq(4) = 0.426249,	Nq(5) = 0.715563,	Nq(6) = 0.642049,	Nq(7) = 0.715563,	Nq(8) = 0.715563,	Nq(9) = 0.642049,	Nq(10) = 0.796493,	Nq(11) = 0.642049,	Nq(12) = 0.426249,	Nq(13) = 0.715563,	Nq(14) = 0.642049,	Nq(15) = 0.715563,	Sq(0) = -1.29685e-17,	Sq(1) = 0.355354,	Sq(2) = 0.370512,	Sq(3) = 0.355354,	Sq(4) = 0.355354,	Sq(5) = 0.370512,	Sq(6) = 0.594112,	Sq(7) = 0.370512,	Sq(8) = 0.370512,	Sq(9) = 0.594112,	Sq(10) = 0.615998,	Sq(11) = 0.594112,	Sq(12) = 0.355354,	Sq(13) = 0.370512,	Sq(14) = 0.594112,	Sq(15) = 0.370512,	N(0) = 1.99967,	N(1) = 1.99714,	N(2) = 0.999999,	N(3) = 1.99714,	N(4) = 1.99714,	N(5) = 1,	N(6) = 0.00285707,	N(7) = 1,	N(8) = 1,	N(9) = 0.00285707,	N(10) = 0.00033155,	N(11) = 0.00285707,	N(12) = 1.99714,	N(13) = 1,	N(14) = 0.00285707,	N(15) = 1,	Delta[s](0) = 0.552051,	Delta[s](1) = 0.303204,	Delta[s](2) = 0.273812,	Delta[s](3) = 0.303204,	Delta[s](4) = 0.303204,	Delta[s](5) = 0.273812,	Delta[s](6) = 0.25578,	Delta[s](7) = 0.273812,	Delta[s](8) = 0.273812,	Delta[s](9) = 0.25578,	Delta[s](10) = 0.250668,	Delta[s](11) = 0.25578,	Delta[s](12) = 0.303204,	Delta[s](13) = 0.273812,	Delta[s](14) = 0.25578,	Delta[s](15) = 0.273812,	Delta[d](0) = 0.36687,	Delta[d](1) = 0.314635,	Delta[d](2) = 0.290675,	Delta[d](3) = 0.314635,	Delta[d](4) = 0.314635,	Delta[d](5) = 0.2844,	Delta[d](6) = 0.270779,	Delta[d](7) = 0.2844,	Delta[d](8) = 0.290675,	Delta[d](9) = 0.27078,	Delta[d](10) = 0.1993,	Delta[d](11) = 0.27078,	Delta[d](12) = 0.314635,	Delta[d](13) = 0.2844,	Delta[d](14) = 0.270779,	Delta[d](15) = 0.2844,	Delta[s+](0) = 0.516004,	Delta[s+](1) = 0.42534,	Delta[s+](2) = 0.290675,	Delta[s+](3) = 0.42534,	Delta[s+](4) = 0.42534,	Delta[s+](5) = 0.290675,	Delta[s+](6) = 0.156779,	Delta[s+](7) = 0.290675,	Delta[s+](8) = 0.290675,	Delta[s+](9) = 0.156779,	Delta[s+](10) = 0.0640993,	Delta[s+](11) = 0.156779,	Delta[s+](12) = 0.42534,	Delta[s+](13) = 0.290675,	Delta[s+](14) = 0.156779,	Delta[s+](15) = 0.290675
The 10-th iteration is completed.	|| time cost : 0h 4m 41.175s
********************************************************************************************************************
Start the 11 rounds of NGS-ED iteration
	effective electronic model is modified as: kinetic energy t = 0.765026
	                                           effective interaction Vq = [-3.00002,-2.88214,-2.78849,-2.88214,-2.88214,-2.78849,-2.70402,-2.78849,-2.78849,-2.70402,-2.62279,-2.70402,-2.88214,-2.78849,-2.70402,-2.78849]
	PARPACK diagonalization completed after 60 matrix-vector product operations.
	iteration results: : total energy is -67.493329 | electron energy -67.813231 + phonon energy 0.319902 | electron momentum kIdx = 0
The 11-th iteration is completed.	|| time cost : 0h 0m 37.053s
********************************************************************************************************************
Start the 12 rounds of NGS-ED iteration
	effective electronic model is modified as: kinetic energy t = 0.758569
	                                           effective interaction Vq = [-3.00002,-2.88003,-2.82903,-2.88003,-2.88003,-2.82903,-2.70322,-2.82903,-2.82903,-2.70322, -2.6733,-2.70322,-2.88003,-2.82903,-2.70322,-2.82903]
	PARPACK diagonalization completed after 45 matrix-vector product operations.
	iteration results: : total energy is -67.537629 | electron energy -67.877542 + phonon energy 0.339913 | electron momentum kIdx = 0
The 12-th iteration is completed.	|| time cost : 0h 0m 32.044s
********************************************************************************************************************
Start the 13 rounds of NGS-ED iteration
	effective electronic model is modified as: kinetic energy t = 0.754931
	                                           effective interaction Vq = [-3.00003,-2.87802,-2.85101,-2.87802,-2.87802,-2.85101,-2.70155,-2.85101,-2.85101,-2.70155,-2.70358,-2.70155,-2.87802,-2.85101,-2.70155,-2.85101]
	PARPACK diagonalization completed after 45 matrix-vector product operations.
	iteration results: : total energy is -67.553963 | electron energy -67.909168 + phonon energy 0.355205 | electron momentum kIdx = 0
The 13-th iteration is completed.	|| time cost : 0h 0m 32.364s
********************************************************************************************************************
Start the 14 rounds of NGS-ED iteration
	effective electronic model is modified as: kinetic energy t = 0.752858
	                                           effective interaction Vq = [-3.00003, -2.8764,-2.86327, -2.8764, -2.8764,-2.86327,-2.69988,-2.86327,-2.86327,-2.69988,-2.72224,-2.69988, -2.8764,-2.86327,-2.69988,-2.86327]
	PARPACK diagonalization completed after 45 matrix-vector product operations.
	iteration results: : total energy is -67.559939 | electron energy -67.925405 + phonon energy 0.365466 | electron momentum kIdx = 0
The 14-th iteration is completed.	|| time cost : 0h 0m 32.365s
********************************************************************************************************************
Start the 15 rounds of NGS-ED iteration
	effective electronic model is modified as: kinetic energy t = 0.751672
	                                           effective interaction Vq = [-3.00003,-2.87519,-2.87025,-2.87519,-2.87519,-2.87025,-2.69847,-2.87025,-2.87025,-2.69847, -2.7339,-2.69847,-2.87519,-2.87025,-2.69847,-2.87025]
	PARPACK diagonalization completed after 45 matrix-vector product operations.
	iteration results: : total energy is -67.562118 | electron energy -67.934054 + phonon energy 0.371936 | electron momentum kIdx = 0
The 15-th iteration is completed.	|| time cost : 0h 0m 31.948s
********************************************************************************************************************
Start the 16 rounds of NGS-ED iteration
	effective electronic model is modified as: kinetic energy t = 0.750993
	                                           effective interaction Vq = [-3.00003,-2.87432,-2.87426,-2.87432,-2.87432,-2.87426,-2.69739,-2.87426,-2.87426,-2.69739,-2.74125,-2.69739,-2.87432,-2.87426,-2.69739,-2.87426]
	PARPACK diagonalization completed after 45 matrix-vector product operations.
	iteration results: : total energy is -67.562914 | electron energy -67.938799 + phonon energy 0.375886 | electron momentum kIdx = 0
The 16-th iteration is completed.	|| time cost : 0h 0m 32.192s
********************************************************************************************************************
Start the 17 rounds of NGS-ED iteration
	effective electronic model is modified as: kinetic energy t = 0.750603
	                                           effective interaction Vq = [-3.00003,-2.87372,-2.87659,-2.87372,-2.87372,-2.87659,-2.69659,-2.87659,-2.87659,-2.69659,-2.74591,-2.69659,-2.87372,-2.87659,-2.69659,-2.87659]
	PARPACK diagonalization completed after 45 matrix-vector product operations.
	iteration results: : total energy is -67.563205 | electron energy -67.941460 + phonon energy 0.378255 | electron momentum kIdx = 0
The 17-th iteration is completed.	|| time cost : 0h 0m 32.042s
********************************************************************************************************************
Start the 18 rounds of NGS-ED iteration
	effective electronic model is modified as: kinetic energy t = 0.750379
	                                           effective interaction Vq = [-3.00003, -2.8733,-2.87794, -2.8733, -2.8733,-2.87794,-2.69602,-2.87794,-2.87794,-2.69602,-2.74887,-2.69602, -2.8733,-2.87794,-2.69602,-2.87794]
	PARPACK diagonalization completed after 45 matrix-vector product operations.
	iteration results: : total energy is -67.563312 | electron energy -67.942975 + phonon energy 0.379663 | electron momentum kIdx = 0
The 18-th iteration is completed.	|| time cost : 0h 0m 32.057s
********************************************************************************************************************
Start the 19 rounds of NGS-ED iteration
	effective electronic model is modified as: kinetic energy t = 0.750251
	                                           effective interaction Vq = [-3.00003,-2.87303,-2.87873,-2.87303,-2.87303,-2.87873,-2.69562,-2.87873,-2.87873,-2.69562,-2.75076,-2.69562,-2.87303,-2.87873,-2.69562,-2.87873]
	PARPACK diagonalization completed after 45 matrix-vector product operations.
	iteration results: : total energy is -67.563352 | electron energy -67.943848 + phonon energy 0.380495 | electron momentum kIdx = 0
The 19-th iteration is completed.	|| time cost : 0h 0m 32.032s
********************************************************************************************************************
Start the 20 rounds of NGS-ED iteration
	effective electronic model is modified as: kinetic energy t = 0.750178
	                                           effective interaction Vq = [-3.00003,-2.87284, -2.8792,-2.87284,-2.87284, -2.8792,-2.69534, -2.8792, -2.8792,-2.69534,-2.75197,-2.69534,-2.87284, -2.8792,-2.69534, -2.8792]
	PARPACK diagonalization completed after 45 matrix-vector product operations.
	iteration results: : total energy is -67.563367 | electron energy -67.944354 + phonon energy 0.380987 | electron momentum kIdx = 0
	Nq(0) = 16,	Nq(1) = 0.399317,	Nq(2) = 0.772578,	Nq(3) = 0.399317,	Nq(4) = 0.399317,	Nq(5) = 0.772578,	Nq(6) = 0.612806,	Nq(7) = 0.772578,	Nq(8) = 0.772577,	Nq(9) = 0.612806,	Nq(10) = 0.897027,	Nq(11) = 0.612806,	Nq(12) = 0.399317,	Nq(13) = 0.772578,	Nq(14) = 0.612806,	Nq(15) = 0.772578,	Sq(0) = -3.60479e-19,	Sq(1) = 0.338967,	Sq(2) = 0.362607,	Sq(3) = 0.338967,	Sq(4) = 0.338967,	Sq(5) = 0.362607,	Sq(6) = 0.57205,	Sq(7) = 0.362607,	Sq(8) = 0.362607,	Sq(9) = 0.57205,	Sq(10) = 0.599305,	Sq(11) = 0.57205,	Sq(12) = 0.338967,	Sq(13) = 0.362607,	Sq(14) = 0.57205,	Sq(15) = 0.362607,	N(0) = 1.99851,	N(1) = 1.99537,	N(2) = 1,	N(3) = 1.99537,	N(4) = 1.99537,	N(5) = 1,	N(6) = 0.00463109,	N(7) = 1,	N(8) = 1,	N(9) = 0.00463109,	N(10) = 0.00149338,	N(11) = 0.00463109,	N(12) = 1.99537,	N(13) = 1,	N(14) = 0.00463109,	N(15) = 1,	Delta[s](0) = 0.542205,	Delta[s](1) = 0.310114,	Delta[s](2) = 0.281491,	Delta[s](3) = 0.310114,	Delta[s](4) = 0.310114,	Delta[s](5) = 0.281491,	Delta[s](6) = 0.265113,	Delta[s](7) = 0.281491,	Delta[s](8) = 0.281491,	Delta[s](9) = 0.265113,	Delta[s](10) = 0.25843,	Delta[s](11) = 0.265113,	Delta[s](12) = 0.310114,	Delta[s](13) = 0.281491,	Delta[s](14) = 0.265113,	Delta[s](15) = 0.281491,	Delta[d](0) = 0.359486,	Delta[d](1) = 0.308873,	Delta[d](2) = 0.284622,	Delta[d](3) = 0.308873,	Delta[d](4) = 0.308873,	Delta[d](5) = 0.280273,	Delta[d](6) = 0.267152,	Delta[d](7) = 0.280273,	Delta[d](8) = 0.284622,	Delta[d](9) = 0.267152,	Delta[d](10) = 0.200681,	Delta[d](11) = 0.267152,	Delta[d](12) = 0.308873,	Delta[d](13) = 0.280273,	Delta[d](14) = 0.267152,	Delta[d](15) = 0.280273,	Delta[s+](0) = 0.497765,	Delta[s+](1) = 0.410418,	Delta[s+](2) = 0.284622,	Delta[s+](3) = 0.410418,	Delta[s+](4) = 0.410418,	Delta[s+](5) = 0.284622,	Delta[s+](6) = 0.154459,	Delta[s+](7) = 0.284622,	Delta[s+](8) = 0.284622,	Delta[s+](9) = 0.154459,	Delta[s+](10) = 0.0659176,	Delta[s+](11) = 0.154459,	Delta[s+](12) = 0.410418,	Delta[s+](13) = 0.284622,	Delta[s+](14) = 0.154459,	Delta[s+](15) = 0.284622
The 20-th iteration is completed.	|| time cost : 0h 4m 37.983s
********************************************************************************************************************
Start the 21 rounds of NGS-ED iteration
	effective electronic model is modified as: kinetic energy t = 0.750136
	                                           effective interaction Vq = [-3.00003,-2.87272,-2.87947,-2.87272,-2.87272,-2.87947,-2.69515,-2.87947,-2.87947,-2.69515,-2.75274,-2.69515,-2.87272,-2.87947,-2.69515,-2.87947]
	PARPACK diagonalization completed after 30 matrix-vector product operations.
	iteration results: : total energy is -67.563373 | electron energy -67.944649 + phonon energy 0.381276 | electron momentum kIdx = 0
The 21-th iteration is completed.	|| time cost : 0h 0m 27.395s
********************************************************************************************************************
Start the 22 rounds of NGS-ED iteration
	effective electronic model is modified as: kinetic energy t = 0.750112
	                                           effective interaction Vq = [-3.00003,-2.87264,-2.87963,-2.87264,-2.87264,-2.87963,-2.69503,-2.87963,-2.87963,-2.69503,-2.75323,-2.69503,-2.87264,-2.87963,-2.69503,-2.87963]
	PARPACK diagonalization completed after 30 matrix-vector product operations.
	iteration results: : total energy is -67.563375 | electron energy -67.944822 + phonon energy 0.381447 | electron momentum kIdx = 0
The 22-th iteration is completed.	|| time cost : 0h 0m 27.449s
********************************************************************************************************************
Start the 23 rounds of NGS-ED iteration
	effective electronic model is modified as: kinetic energy t = 0.750099
	                                           effective interaction Vq = [-3.00003,-2.87258,-2.87972,-2.87258,-2.87258,-2.87972,-2.69494,-2.87972,-2.87972,-2.69494,-2.75355,-2.69494,-2.87258,-2.87972,-2.69494,-2.87972]
	PARPACK diagonalization completed after 30 matrix-vector product operations.
	iteration results: : total energy is -67.563376 | electron energy -67.944924 + phonon energy 0.381548 | electron momentum kIdx = 0
The 23-th iteration is completed.	|| time cost : 0h 0m 27.377s
********************************************************************************************************************
Start the 24 rounds of NGS-ED iteration
	effective electronic model is modified as: kinetic energy t = 0.750091
	                                           effective interaction Vq = [-3.00003,-2.87255,-2.87978,-2.87255,-2.87255,-2.87978,-2.69489,-2.87978,-2.87978,-2.69489,-2.75375,-2.69489,-2.87255,-2.87978,-2.69489,-2.87978]
	PARPACK diagonalization completed after 30 matrix-vector product operations.
	iteration results: : total energy is -67.563376 | electron energy -67.944984 + phonon energy 0.381608 | electron momentum kIdx = 0
The 24-th iteration is completed.	|| time cost : 0h 0m 27.356s
