SNEDics v3.22.2 Non-Gaussian ED ground state program		Start at Sun Jun 19 16:34:16 2022

Parallelization: 32 MPI threads  * 8 OpenMP threads = 256 total threads.
********************************************************************************************************************
********************************************************************************************************************

********************************************************************************************************************
System parameters and configurations
	special program options are enabled: splitted diagonal Hamiltonian | splitted Hamiltonian terms
********************************************************************************************************************
Read input file "model_params.in"
	Hubbard-Holstein model parameters : 	t = 1    U = 8    g = 0.85    W = 0.2    g' = 0.6    
********************************************************************************************************************
Read input file "hilbertspace_params.in"
	Requested 16-site 2D lattice, with 12 electrons (6, 6)
	Boundary : Periodic		Hilbert space representation : momentum-space (restricted to kIdx = 10)
	Conservation: particle number[U(1)]      spin[U(1)]     momentum
********************************************************************************************************************

Cluster Positions:				Cluster symmetry group : D4
 x ... x ... x ... x .....                       x ... x ... x ... x .....
 |           |           :                       |           |           :
 |           |           :                       |           |           :
12    13    14    15     x                       1     5     6     5     x
 |           |           :                       |           |           :
 |           |           :                       |           |           :
 8 --- 9 ---10 ---11 --- x                       2 --- 6 ---10 --- 6 --- x
 |           |           :                       |           |           :
 |           |           :                       |           |           :
 4     5     6     7     x                       1     5     6     5     x
 |           |           :                       |           |           :
 |           |           :                       |           |           :
 0 --- 1 --- 2 --- 3 --- x                       0 --- 1 --- 2 --- 1 --- x
orbital number : 1
********************************************************************************************************************
Read input file "obs_params.in"
	Observable Type : Nq(All),   Sq(All),   N(All-Orbital),   Delta[s](All),   Delta[d](All),   Delta[s+](All)
** WARNING ** the input observables have non-local factors which have been reinterpreted. The total observable number is 96
********************************************************************************************************************


********************************************************************************************************************
Start calculating the non-Gaussian ED ground state
Maximal iteration number is 1000; energy resolution is 1e-06. Phonon state relaxation time is 2000
W = 0.2 is relatively large. The non-Gaussian ED calculation starts directly.
open output files: NGSED_iteration_observables.txt
********************************************************************************************************************
Start the 0 rounds of NGS-ED iteration
	effective electronic model is modified as: kinetic energy t = 1
	                                           effective interaction Vq = [0,0,0,0,0,0,0,0,0,0,0,0,0,0,0,0]
	first Hamiltonian is constructed, size = 4008592 and non-zero numbers = 969134084
	PARPACK diagonalization completed after 150 matrix-vector product operations.
	iteration results: : total energy is -14.925310 | electron energy -14.925310 + phonon energy 0.000000 | electron momentum kIdx = 10
	Nq(0) = 9,	Nq(1) = 0.191675,	Nq(2) = 0.238629,	Nq(3) = 0.191675,	Nq(4) = 0.191675,	Nq(5) = 0.259295,	
	Nq(6) = 0.314107,	Nq(7) = 0.259295,	Nq(8) = 0.238629,	Nq(9) = 0.314107,	Nq(10) = 0.369338,	
	Nq(11) = 0.314107,	Nq(12) = 0.191675,	Nq(13) = 0.259295,	Nq(14) = 0.314107,	Nq(15) = 0.259295;	
	Sq(0) = -1.73566e-18,	Sq(1) = 0.554662,	Sq(2) = 0.921866,	Sq(3) = 0.554662,	Sq(4) = 0.554662,	
	Sq(5) = 0.548737,	Sq(6) = 1.01287,	Sq(7) = 0.548737,	Sq(8) = 0.921866,	Sq(9) = 1.01287,	
	Sq(10) = 0.784303,	Sq(11) = 1.01287,	Sq(12) = 0.554662,	Sq(13) = 0.548737,	Sq(14) = 1.01287,	
	Sq(15) = 0.548737;	N(0) = 1.76735,	N(1) = 1.6264,	N(2) = 0.275186,	N(3) = 1.6264,	
	N(4) = 1.6264,	N(5) = 0.626534,	N(6) = 0.144321,	N(7) = 0.626534,	N(8) = 0.275186,	
	N(9) = 0.144321,	N(10) = 0.0932732,	N(11) = 0.144321,	N(12) = 1.6264,	N(13) = 0.626534,	
	N(14) = 0.144321,	N(15) = 0.626534;	Delta[s](0) = 0.0334857,	Delta[s](1) = 0.0308244,	Delta[s](2) = 0.0281583,	
	Delta[s](3) = 0.0308244,	Delta[s](4) = 0.0308244,	Delta[s](5) = 0.0283431,	Delta[s](6) = 0.0258439,	Delta[s](7) = 0.0283431,	
	Delta[s](8) = 0.0281583,	Delta[s](9) = 0.0258439,	Delta[s](10) = 0.0236019,	Delta[s](11) = 0.0258439,	Delta[s](12) = 0.0308244,	
	Delta[s](13) = 0.0283431,	Delta[s](14) = 0.0258439,	Delta[s](15) = 0.0283431;	Delta[d](0) = 0.162594,	Delta[d](1) = 0.15562,	
	Delta[d](2) = 0.161944,	Delta[d](3) = 0.15562,	Delta[d](4) = 0.15562,	Delta[d](5) = 0.135125,	Delta[d](6) = 0.120774,	
	Delta[d](7) = 0.135125,	Delta[d](8) = 0.161944,	Delta[d](9) = 0.120774,	Delta[d](10) = 0.0847026,	Delta[d](11) = 0.120774,	
	Delta[d](12) = 0.15562,	Delta[d](13) = 0.135125,	Delta[d](14) = 0.120774,	Delta[d](15) = 0.135125;	Delta[s+](0) = 0.369056,	
	Delta[s+](1) = 0.26633,	Delta[s+](2) = 0.161944,	Delta[s+](3) = 0.26633,	Delta[s+](4) = 0.26633,	Delta[s+](5) = 0.180936,	
	Delta[s+](6) = 0.101841,	Delta[s+](7) = 0.180936,	Delta[s+](8) = 0.161944,	Delta[s+](9) = 0.101841,	Delta[s+](10) = 0.0554963,	
	Delta[s+](11) = 0.101841,	Delta[s+](12) = 0.26633,	Delta[s+](13) = 0.180936,	Delta[s+](14) = 0.101841,	Delta[s+](15) = 0.180936
	
The 0-th iteration is completed.	|| time cost : 0h 2m 3.83s
********************************************************************************************************************
Start the 1 rounds of NGS-ED iteration
	effective electronic model is modified as: kinetic energy t = 0.615361
	                                           effective interaction Vq = [  -52.8125,  -18.5922, -0.969657,  -18.5922,  -18.5922,  -1.22438,-0.0730682,  -1.22438, -0.969657,-0.0730682,  -9.40241,-0.0730682,  -18.5922,  -1.22438,-0.0730682,  -1.22438]
	PARPACK diagonalization completed after 75 matrix-vector product operations.
	iteration results: : total energy is -631.434217 | electron energy -636.067712 + phonon energy 4.633495 | electron momentum kIdx = 10
The 1-th iteration is completed.	|| time cost : 0h 1m 21.294s
********************************************************************************************************************
Start the 2 rounds of NGS-ED iteration
	effective electronic model is modified as: kinetic energy t = 3.93971e-13
	                                           effective interaction Vq = [-52.8125,-21.0125, -3.6125,-21.0125,-21.0125, -3.6125, -0.6125, -3.6125, -3.6125, -0.6125,-12.0125, -0.6125,-21.0125, -3.6125, -0.6125, -3.6125]
	PARPACK diagonalization completed after 45 matrix-vector product operations.
	iteration results: : total energy is -669.900000 | electron energy -669.900000 + phonon energy 0.000000 | electron momentum kIdx = 10
The 2-th iteration is completed.	|| time cost : 0h 0m 11.065s
********************************************************************************************************************
Start the 3 rounds of NGS-ED iteration
	effective electronic model is modified as: kinetic energy t = 3.99208e-13
	                                           effective interaction Vq = [-52.8125,-21.0125, -3.6125,-21.0125,-21.0125, -3.6125, -0.6125, -3.6125, -3.6125, -0.6125,-12.0125, -0.6125,-21.0125, -3.6125, -0.6125, -3.6125]
	PARPACK diagonalization completed after 30 matrix-vector product operations.
	iteration results: : total energy is -669.900000 | electron energy -669.900000 + phonon energy 0.000000 | electron momentum kIdx = 10
The 3-th iteration is completed.	|| time cost : 0h 0m 8.935s
********************************************************************************************************************
Start the 4 rounds of NGS-ED iteration
	effective electronic model is modified as: kinetic energy t = 3.93875e-13
	                                           effective interaction Vq = [-52.8125,-21.0125, -3.6125,-21.0125,-21.0125, -3.6125, -0.6125, -3.6125, -3.6125, -0.6125,-12.0125, -0.6125,-21.0125, -3.6125, -0.6125, -3.6125]
	PARPACK diagonalization completed after 30 matrix-vector product operations.
	iteration results: : total energy is -669.900000 | electron energy -669.900000 + phonon energy 0.000000 | electron momentum kIdx = 10
The 4-th iteration is completed.	|| time cost : 0h 0m 8.927s
********************************************************************************************************************
Start the 5 rounds of NGS-ED iteration
	effective electronic model is modified as: kinetic energy t = 3.93428e-13
	                                           effective interaction Vq = [-52.8125,-21.0125, -3.6125,-21.0125,-21.0125, -3.6125, -0.6125, -3.6125, -3.6125, -0.6125,-12.0125, -0.6125,-21.0125, -3.6125, -0.6125, -3.6125]
	PARPACK diagonalization completed after 30 matrix-vector product operations.
	iteration results: : total energy is -669.900000 | electron energy -669.900000 + phonon energy 0.000000 | electron momentum kIdx = 10
The 5-th iteration is completed.	|| time cost : 0h 0m 8.952s
********************************************************************************************************************
Start the 6 rounds of NGS-ED iteration
	effective electronic model is modified as: kinetic energy t = 3.93802e-13
	                                           effective interaction Vq = [-52.8125,-21.0125, -3.6125,-21.0125,-21.0125, -3.6125, -0.6125, -3.6125, -3.6125, -0.6125,-12.0125, -0.6125,-21.0125, -3.6125, -0.6125, -3.6125]
	PARPACK diagonalization completed after 30 matrix-vector product operations.
	iteration results: : total energy is -669.900000 | electron energy -669.900000 + phonon energy 0.000000 | electron momentum kIdx = 10
The 6-th iteration is completed.	|| time cost : 0h 0m 8.956s
********************************************************************************************************************
Start the 7 rounds of NGS-ED iteration
	effective electronic model is modified as: kinetic energy t = 3.93792e-13
	                                           effective interaction Vq = [-52.8125,-21.0125, -3.6125,-21.0125,-21.0125, -3.6125, -0.6125, -3.6125, -3.6125, -0.6125,-12.0125, -0.6125,-21.0125, -3.6125, -0.6125, -3.6125]
	PARPACK diagonalization completed after 30 matrix-vector product operations.
	iteration results: : total energy is -669.900000 | electron energy -669.900000 + phonon energy 0.000000 | electron momentum kIdx = 10
The 7-th iteration is completed.	|| time cost : 0h 0m 8.951s
********************************************************************************************************************
Start the 8 rounds of NGS-ED iteration
	effective electronic model is modified as: kinetic energy t = 3.94036e-13
	                                           effective interaction Vq = [-52.8125,-21.0125, -3.6125,-21.0125,-21.0125, -3.6125, -0.6125, -3.6125, -3.6125, -0.6125,-12.0125, -0.6125,-21.0125, -3.6125, -0.6125, -3.6125]
	PARPACK diagonalization completed after 30 matrix-vector product operations.
	iteration results: : total energy is -669.900000 | electron energy -669.900000 + phonon energy 0.000000 | electron momentum kIdx = 10
The 8-th iteration is completed.	|| time cost : 0h 0m 8.964s
********************************************************************************************************************
Start the 9 rounds of NGS-ED iteration
	effective electronic model is modified as: kinetic energy t = 3.93717e-13
	                                           effective interaction Vq = [-52.8125,-21.0125, -3.6125,-21.0125,-21.0125, -3.6125, -0.6125, -3.6125, -3.6125, -0.6125,-12.0125, -0.6125,-21.0125, -3.6125, -0.6125, -3.6125]
	PARPACK diagonalization completed after 30 matrix-vector product operations.
	iteration results: : total energy is -669.900000 | electron energy -669.900000 + phonon energy 0.000000 | electron momentum kIdx = 10
The 9-th iteration is completed.	|| time cost : 0h 0m 8.951s
********************************************************************************************************************
Start the 10 rounds of NGS-ED iteration
	effective electronic model is modified as: kinetic energy t = 3.93886e-13
	                                           effective interaction Vq = [-52.8125,-21.0125, -3.6125,-21.0125,-21.0125, -3.6125, -0.6125, -3.6125, -3.6125, -0.6125,-12.0125, -0.6125,-21.0125, -3.6125, -0.6125, -3.6125]
	PARPACK diagonalization completed after 30 matrix-vector product operations.
	iteration results: : total energy is -669.900000 | electron energy -669.900000 + phonon energy 0.000000 | electron momentum kIdx = 10
The 10-th iteration is completed.	|| time cost : 0h 0m 8.956s
********************************************************************************************************************
Start the 11 rounds of NGS-ED iteration
	effective electronic model is modified as: kinetic energy t = 3.93588e-13
	                                           effective interaction Vq = [-52.8125,-21.0125, -3.6125,-21.0125,-21.0125, -3.6125, -0.6125, -3.6125, -3.6125, -0.6125,-12.0125, -0.6125,-21.0125, -3.6125, -0.6125, -3.6125]
	PARPACK diagonalization completed after 30 matrix-vector product operations.
	iteration results: : total energy is -669.900000 | electron energy -669.900000 + phonon energy 0.000000 | electron momentum kIdx = 10
The 11-th iteration is completed.	|| time cost : 0h 0m 8.949s
********************************************************************************************************************
Start the 12 rounds of NGS-ED iteration
	effective electronic model is modified as: kinetic energy t = 3.93779e-13
	                                           effective interaction Vq = [-52.8125,-21.0125, -3.6125,-21.0125,-21.0125, -3.6125, -0.6125, -3.6125, -3.6125, -0.6125,-12.0125, -0.6125,-21.0125, -3.6125, -0.6125, -3.6125]
	PARPACK diagonalization completed after 30 matrix-vector product operations.
	iteration results: : total energy is -669.900000 | electron energy -669.900000 + phonon energy 0.000000 | electron momentum kIdx = 10
The 12-th iteration is completed.	|| time cost : 0h 0m 8.957s
********************************************************************************************************************
Start the 13 rounds of NGS-ED iteration
	effective electronic model is modified as: kinetic energy t = 3.94554e-13
	                                           effective interaction Vq = [-52.8125,-21.0125, -3.6125,-21.0125,-21.0125, -3.6125, -0.6125, -3.6125, -3.6125, -0.6125,-12.0125, -0.6125,-21.0125, -3.6125, -0.6125, -3.6125]
	PARPACK diagonalization completed after 30 matrix-vector product operations.
	iteration results: : total energy is -669.900000 | electron energy -669.900000 + phonon energy 0.000000 | electron momentum kIdx = 10
The 13-th iteration is completed.	|| time cost : 0h 0m 8.977s
********************************************************************************************************************
Start the 14 rounds of NGS-ED iteration
	effective electronic model is modified as: kinetic energy t = 3.93834e-13
	                                           effective interaction Vq = [-52.8125,-21.0125, -3.6125,-21.0125,-21.0125, -3.6125, -0.6125, -3.6125, -3.6125, -0.6125,-12.0125, -0.6125,-21.0125, -3.6125, -0.6125, -3.6125]
	PARPACK diagonalization completed after 30 matrix-vector product operations.
	iteration results: : total energy is -669.900000 | electron energy -669.900000 + phonon energy 0.000000 | electron momentum kIdx = 10
The 14-th iteration is completed.	|| time cost : 0h 0m 8.947s
********************************************************************************************************************
Start the 15 rounds of NGS-ED iteration
	effective electronic model is modified as: kinetic energy t = 3.93867e-13
	                                           effective interaction Vq = [-52.8125,-21.0125, -3.6125,-21.0125,-21.0125, -3.6125, -0.6125, -3.6125, -3.6125, -0.6125,-12.0125, -0.6125,-21.0125, -3.6125, -0.6125, -3.6125]
	PARPACK diagonalization completed after 30 matrix-vector product operations.
	iteration results: : total energy is -669.900000 | electron energy -669.900000 + phonon energy 0.000000 | electron momentum kIdx = 10
The 15-th iteration is completed.	|| time cost : 0h 0m 8.984s
********************************************************************************************************************
Start the 16 rounds of NGS-ED iteration
	effective electronic model is modified as: kinetic energy t = 3.94238e-13
	                                           effective interaction Vq = [-52.8125,-21.0125, -3.6125,-21.0125,-21.0125, -3.6125, -0.6125, -3.6125, -3.6125, -0.6125,-12.0125, -0.6125,-21.0125, -3.6125, -0.6125, -3.6125]
	PARPACK diagonalization completed after 30 matrix-vector product operations.
	iteration results: : total energy is -669.900000 | electron energy -669.900000 + phonon energy 0.000000 | electron momentum kIdx = 10
The 16-th iteration is completed.	|| time cost : 0h 0m 8.957s
********************************************************************************************************************
Start the 17 rounds of NGS-ED iteration
	effective electronic model is modified as: kinetic energy t = 3.93875e-13
	                                           effective interaction Vq = [-52.8125,-21.0125, -3.6125,-21.0125,-21.0125, -3.6125, -0.6125, -3.6125, -3.6125, -0.6125,-12.0125, -0.6125,-21.0125, -3.6125, -0.6125, -3.6125]
	PARPACK diagonalization completed after 30 matrix-vector product operations.
	iteration results: : total energy is -669.900000 | electron energy -669.900000 + phonon energy 0.000000 | electron momentum kIdx = 10
The 17-th iteration is completed.	|| time cost : 0h 0m 8.953s
********************************************************************************************************************
Start the 18 rounds of NGS-ED iteration
	effective electronic model is modified as: kinetic energy t = 3.93697e-13
	                                           effective interaction Vq = [-52.8125,-21.0125, -3.6125,-21.0125,-21.0125, -3.6125, -0.6125, -3.6125, -3.6125, -0.6125,-12.0125, -0.6125,-21.0125, -3.6125, -0.6125, -3.6125]
	PARPACK diagonalization completed after 30 matrix-vector product operations.
	iteration results: : total energy is -669.900000 | electron energy -669.900000 + phonon energy 0.000000 | electron momentum kIdx = 10
The 18-th iteration is completed.	|| time cost : 0h 0m 8.953s
********************************************************************************************************************
Start the 19 rounds of NGS-ED iteration
	effective electronic model is modified as: kinetic energy t = 3.93912e-13
	                                           effective interaction Vq = [-52.8125,-21.0125, -3.6125,-21.0125,-21.0125, -3.6125, -0.6125, -3.6125, -3.6125, -0.6125,-12.0125, -0.6125,-21.0125, -3.6125, -0.6125, -3.6125]
	PARPACK diagonalization completed after 30 matrix-vector product operations.
	iteration results: : total energy is -669.900000 | electron energy -669.900000 + phonon energy 0.000000 | electron momentum kIdx = 10
The 19-th iteration is completed.	|| time cost : 0h 0m 8.967s
********************************************************************************************************************
Start the 20 rounds of NGS-ED iteration
	effective electronic model is modified as: kinetic energy t = 3.94396e-13
	                                           effective interaction Vq = [-52.8125,-21.0125, -3.6125,-21.0125,-21.0125, -3.6125, -0.6125, -3.6125, -3.6125, -0.6125,-12.0125, -0.6125,-21.0125, -3.6125, -0.6125, -3.6125]
	PARPACK diagonalization completed after 30 matrix-vector product operations.
	iteration results: : total energy is -669.900000 | electron energy -669.900000 + phonon energy 0.000000 | electron momentum kIdx = 10
The 20-th iteration is completed.	|| time cost : 0h 0m 8.962s
********************************************************************************************************************
Start the 21 rounds of NGS-ED iteration
	effective electronic model is modified as: kinetic energy t = 3.92653e-13
	                                           effective interaction Vq = [-52.8125,-21.0125, -3.6125,-21.0125,-21.0125, -3.6125, -0.6125, -3.6125, -3.6125, -0.6125,-12.0125, -0.6125,-21.0125, -3.6125, -0.6125, -3.6125]
	PARPACK diagonalization completed after 30 matrix-vector product operations.
	iteration results: : total energy is -669.900000 | electron energy -669.900000 + phonon energy 0.000000 | electron momentum kIdx = 10
The 21-th iteration is completed.	|| time cost : 0h 0m 8.958s
********************************************************************************************************************
Start the 22 rounds of NGS-ED iteration
	effective electronic model is modified as: kinetic energy t = 3.94262e-13
	                                           effective interaction Vq = [-52.8125,-21.0125, -3.6125,-21.0125,-21.0125, -3.6125, -0.6125, -3.6125, -3.6125, -0.6125,-12.0125, -0.6125,-21.0125, -3.6125, -0.6125, -3.6125]
	PARPACK diagonalization completed after 30 matrix-vector product operations.
	iteration results: : total energy is -669.900000 | electron energy -669.900000 + phonon energy 0.000000 | electron momentum kIdx = 10
The 22-th iteration is completed.	|| time cost : 0h 0m 8.968s
********************************************************************************************************************
Start the 23 rounds of NGS-ED iteration
	effective electronic model is modified as: kinetic energy t = 3.93887e-13
	                                           effective interaction Vq = [-52.8125,-21.0125, -3.6125,-21.0125,-21.0125, -3.6125, -0.6125, -3.6125, -3.6125, -0.6125,-12.0125, -0.6125,-21.0125, -3.6125, -0.6125, -3.6125]
	PARPACK diagonalization completed after 30 matrix-vector product operations.
	iteration results: : total energy is -669.900000 | electron energy -669.900000 + phonon energy 0.000000 | electron momentum kIdx = 10
The 23-th iteration is completed.	|| time cost : 0h 0m 8.957s
********************************************************************************************************************
Start the 24 rounds of NGS-ED iteration
	effective electronic model is modified as: kinetic energy t = 3.93805e-13
	                                           effective interaction Vq = [-52.8125,-21.0125, -3.6125,-21.0125,-21.0125, -3.6125, -0.6125, -3.6125, -3.6125, -0.6125,-12.0125, -0.6125,-21.0125, -3.6125, -0.6125, -3.6125]
	PARPACK diagonalization completed after 30 matrix-vector product operations.
	iteration results: : total energy is -669.900000 | electron energy -669.900000 + phonon energy 0.000000 | electron momentum kIdx = 10
The 24-th iteration is completed.	|| time cost : 0h 0m 8.971s
********************************************************************************************************************
Start the 25 rounds of NGS-ED iteration
	effective electronic model is modified as: kinetic energy t = 3.93577e-13
	                                           effective interaction Vq = [-52.8125,-21.0125, -3.6125,-21.0125,-21.0125, -3.6125, -0.6125, -3.6125, -3.6125, -0.6125,-12.0125, -0.6125,-21.0125, -3.6125, -0.6125, -3.6125]
	PARPACK diagonalization completed after 30 matrix-vector product operations.
	iteration results: : total energy is -669.900000 | electron energy -669.900000 + phonon energy 0.000000 | electron momentum kIdx = 10
The 25-th iteration is completed.	|| time cost : 0h 0m 8.991s
********************************************************************************************************************
Start the 26 rounds of NGS-ED iteration
	effective electronic model is modified as: kinetic energy t = 3.94071e-13
	                                           effective interaction Vq = [-52.8125,-21.0125, -3.6125,-21.0125,-21.0125, -3.6125, -0.6125, -3.6125, -3.6125, -0.6125,-12.0125, -0.6125,-21.0125, -3.6125, -0.6125, -3.6125]
	PARPACK diagonalization completed after 30 matrix-vector product operations.
	iteration results: : total energy is -669.900000 | electron energy -669.900000 + phonon energy 0.000000 | electron momentum kIdx = 10
The 26-th iteration is completed.	|| time cost : 0h 0m 8.968s
********************************************************************************************************************
Start the 27 rounds of NGS-ED iteration
	effective electronic model is modified as: kinetic energy t = 3.93891e-13
	                                           effective interaction Vq = [-52.8125,-21.0125, -3.6125,-21.0125,-21.0125, -3.6125, -0.6125, -3.6125, -3.6125, -0.6125,-12.0125, -0.6125,-21.0125, -3.6125, -0.6125, -3.6125]
	PARPACK diagonalization completed after 30 matrix-vector product operations.
	iteration results: : total energy is -669.900000 | electron energy -669.900000 + phonon energy 0.000000 | electron momentum kIdx = 10
The 27-th iteration is completed.	|| time cost : 0h 0m 8.976s
********************************************************************************************************************
Start the 28 rounds of NGS-ED iteration
	effective electronic model is modified as: kinetic energy t = 3.94111e-13
	                                           effective interaction Vq = [-52.8125,-21.0125, -3.6125,-21.0125,-21.0125, -3.6125, -0.6125, -3.6125, -3.6125, -0.6125,-12.0125, -0.6125,-21.0125, -3.6125, -0.6125, -3.6125]
	PARPACK diagonalization completed after 30 matrix-vector product operations.
	iteration results: : total energy is -669.900000 | electron energy -669.900000 + phonon energy 0.000000 | electron momentum kIdx = 10
The 28-th iteration is completed.	|| time cost : 0h 0m 8.972s
********************************************************************************************************************
Start the 29 rounds of NGS-ED iteration
	effective electronic model is modified as: kinetic energy t = 3.93844e-13
	                                           effective interaction Vq = [-52.8125,-21.0125, -3.6125,-21.0125,-21.0125, -3.6125, -0.6125, -3.6125, -3.6125, -0.6125,-12.0125, -0.6125,-21.0125, -3.6125, -0.6125, -3.6125]
	PARPACK diagonalization completed after 30 matrix-vector product operations.
	iteration results: : total energy is -669.900000 | electron energy -669.900000 + phonon energy 0.000000 | electron momentum kIdx = 10
The 29-th iteration is completed.	|| time cost : 0h 0m 8.957s
********************************************************************************************************************
Start the 30 rounds of NGS-ED iteration
	effective electronic model is modified as: kinetic energy t = 3.93864e-13
	                                           effective interaction Vq = [-52.8125,-21.0125, -3.6125,-21.0125,-21.0125, -3.6125, -0.6125, -3.6125, -3.6125, -0.6125,-12.0125, -0.6125,-21.0125, -3.6125, -0.6125, -3.6125]
	PARPACK diagonalization completed after 30 matrix-vector product operations.
	iteration results: : total energy is -669.900000 | electron energy -669.900000 + phonon energy 0.000000 | electron momentum kIdx = 10
The 30-th iteration is completed.	|| time cost : 0h 0m 8.958s
********************************************************************************************************************
Start the 31 rounds of NGS-ED iteration
	effective electronic model is modified as: kinetic energy t = 3.93863e-13
	                                           effective interaction Vq = [-52.8125,-21.0125, -3.6125,-21.0125,-21.0125, -3.6125, -0.6125, -3.6125, -3.6125, -0.6125,-12.0125, -0.6125,-21.0125, -3.6125, -0.6125, -3.6125]
	PARPACK diagonalization completed after 30 matrix-vector product operations.
	iteration results: : total energy is -669.900000 | electron energy -669.900000 + phonon energy 0.000000 | electron momentum kIdx = 10
	Nq(0) = 9,	Nq(1) = 2.75,	Nq(2) = 0.5,	Nq(3) = 2.75,	Nq(4) = 2.75,	Nq(5) = 0.5,	
	Nq(6) = 0.25,	Nq(7) = 0.5,	Nq(8) = 0.5,	Nq(9) = 0.25,	Nq(10) = -1.04178e-20,	
	Nq(11) = 0.25,	Nq(12) = 2.75,	Nq(13) = 0.5,	Nq(14) = 0.25,	Nq(15) = 0.5;	
	Sq(0) = -1.17314e-19,	Sq(1) = 6.79716e-20,	Sq(2) = 1.79941e-20,	Sq(3) = 1.10875e-19,	Sq(4) = -2.65265e-20,	
	Sq(5) = -4.65888e-21,	Sq(6) = -1.46375e-20,	Sq(7) = 2.87737e-20,	Sq(8) = 2.74148e-20,	Sq(9) = 6.13666e-22,	
	Sq(10) = -3.45127e-21,	Sq(11) = 5.71278e-21,	Sq(12) = -2.03031e-20,	Sq(13) = -1.62396e-20,	Sq(14) = -1.97122e-20,	
	Sq(15) = 6.01293e-21;	N(0) = 0.75,	N(1) = 0.75,	N(2) = 0.75,	N(3) = 0.75,	
	N(4) = 0.75,	N(5) = 0.75,	N(6) = 0.75,	N(7) = 0.75,	N(8) = 0.75,	
	N(9) = 0.75,	N(10) = 0.75,	N(11) = 0.75,	N(12) = 0.75,	N(13) = 0.75,	
	N(14) = 0.75,	N(15) = 0.75;	Delta[s](0) = 0.375,	Delta[s](1) = 0.375,	Delta[s](2) = 0.375,	
	Delta[s](3) = 0.375,	Delta[s](4) = 0.375,	Delta[s](5) = 0.375,	Delta[s](6) = 0.375,	Delta[s](7) = 0.375,	
	Delta[s](8) = 0.375,	Delta[s](9) = 0.375,	Delta[s](10) = 0.375,	Delta[s](11) = 0.375,	Delta[s](12) = 0.375,	
	Delta[s](13) = 0.375,	Delta[s](14) = 0.375,	Delta[s](15) = 0.375;	Delta[d](0) = 0.21875,	Delta[d](1) = 0.21875,	
	Delta[d](2) = 0.21875,	Delta[d](3) = 0.21875,	Delta[d](4) = 0.21875,	Delta[d](5) = 0.21875,	Delta[d](6) = 0.21875,	
	Delta[d](7) = 0.21875,	Delta[d](8) = 0.21875,	Delta[d](9) = 0.21875,	Delta[d](10) = 0.21875,	Delta[d](11) = 0.21875,	
	Delta[d](12) = 0.21875,	Delta[d](13) = 0.21875,	Delta[d](14) = 0.21875,	Delta[d](15) = 0.21875;	Delta[s+](0) = 0.21875,	
	Delta[s+](1) = 0.21875,	Delta[s+](2) = 0.21875,	Delta[s+](3) = 0.21875,	Delta[s+](4) = 0.21875,	Delta[s+](5) = 0.21875,	
	Delta[s+](6) = 0.21875,	Delta[s+](7) = 0.21875,	Delta[s+](8) = 0.21875,	Delta[s+](9) = 0.21875,	Delta[s+](10) = 0.21875,	
	Delta[s+](11) = 0.21875,	Delta[s+](12) = 0.21875,	Delta[s+](13) = 0.21875,	Delta[s+](14) = 0.21875,	Delta[s+](15) = 0.21875
	
The 31-th iteration is completed.	|| time cost : 0h 1m 19.844s
********************************************************************************************************************
********************************************************************************************************************
Ground state is obtained after 32 iterations. The current ground-state energy is -669.9, in which electron energy is -669.9 and phonon energy is 0
Final variational state is: 
	Gamma_x = [1,1,1,1,1,1,1,1,1,1,1,1,1,1,1,1]
	lambda_q = [   16.25,   10.25,    4.25,   10.25,   10.25,    4.25,   -1.75,    4.25,    4.25,   -1.75,-7.75018,   -1.75,   10.25,    4.25,   -1.75,    4.25]
Effective e-e interactions mediated by phonons are:
	momentum-space Vq = [-52.8125,-21.0125, -3.6125,-21.0125,-21.0125, -3.6125, -0.6125, -3.6125, -3.6125, -0.6125,-12.0125, -0.6125,-21.0125, -3.6125, -0.6125, -3.6125]
	real-space Vr = [    -10.8125,        -5.1,        -3.6,        -5.1,        -5.1,        -3.6,-4.24461e-10,        -3.6,        -3.6,-4.24461e-10, 4.24467e-10,-4.24437e-10,        -5.1,        -3.6,-4.24437e-10,        -3.6]
********************************************************************************************************************
o___o  ----------------------------------------
| L |	Time since last clock: 0h 0m 0.007s
A===A	Time since the beginning: 0h 9m 6.929s
***********************************************


Non-Gaussina ED ground state calculation is completed. The final ground-state energy is -669.9
********************************************************************************************************************
o___o  ----------------------------------------
| L |	Time since last clock: 0h 0m 0.002s
A===A	Time since the beginning: 0h 9m 6.931s
***********************************************



********************************************************************************************************************
All non-Gaussian ED ground state calculations have been completed. Exit now.
