SNEDics v3.22.2 Non-Gaussian ED ground state program		Start at Sat Apr 30 01:14:36 2022

Parallelization: 32 MPI threads  * 8 OpenMP threads = 256 total threads.
********************************************************************************************************************
********************************************************************************************************************

********************************************************************************************************************
System parameters and configurations
	special program options are enabled: splitted diagonal Hamiltonian | splitted Hamiltonian terms
********************************************************************************************************************
Read input file "model_params.in"
	Hubbard-Holstein model parameters : 	t = 1    t' = -0.3    U = 8    g = 0.25    W = 0.2    g' = 0.1    
********************************************************************************************************************
Read input file "hilbertspace_params.in"
	Requested 16-site 2D lattice, with 12 electrons (6, 6)
	Boundary : Periodic		Hilbert space representation : momentum-space (restricted to kIdx = 10)
	Conservation: particle number[U(1)]      spin[U(1)]     momentum
********************************************************************************************************************

Cluster Positions:				Cluster symmetry group : D4
 x ... x ... x ... x .....                       x ... x ... x ... x .....
 |           |           :                       |           |           :
 |           |           :                       |           |           :
12    13    14    15     x                       1     5     6     5     x
 |           |           :                       |           |           :
 |           |           :                       |           |           :
 8 --- 9 ---10 ---11 --- x                       2 --- 6 ---10 --- 6 --- x
 |           |           :                       |           |           :
 |           |           :                       |           |           :
 4     5     6     7     x                       1     5     6     5     x
 |           |           :                       |           |           :
 |           |           :                       |           |           :
 0 --- 1 --- 2 --- 3 --- x                       0 --- 1 --- 2 --- 1 --- x
orbital number : 1
********************************************************************************************************************
Read input file "obs_params.in"
	Observable Type : Nq(All),   Sq(All),   N(All-Orbital),   Delta[s](All),   Delta[d](All),   Delta[s+](All)
** WARNING ** the input observables have non-local factors which have been reinterpreted. The total observable number is 96
********************************************************************************************************************


********************************************************************************************************************
Start calculating the non-Gaussian ED ground state
Maximal iteration number is 1000; energy resolution is 1e-06. Phonon state relaxation time is 2000
W = 0.2 is relatively large. The non-Gaussian ED calculation starts directly.
open output files: NGSED_iteration_observables.txt
********************************************************************************************************************
Start the 0 rounds of NGS-ED iteration
	effective electronic model is modified as: kinetic energy t = 1, t' = -0.3
	                                           effective interaction Vq = [0,0,0,0,0,0,0,0,0,0,0,0,0,0,0,0]
	first Hamiltonian is constructed, size = 4008592 and non-zero numbers = 969952276
	PARPACK diagonalization completed after 120 matrix-vector product operations.
	iteration results: : total energy is -14.904199 | electron energy -14.904199 + phonon energy 0.000000 | electron momentum kIdx = 10
	Nq(0) = 9,	Nq(1) = 0.183693,	Nq(2) = 0.250775,	Nq(3) = 0.183693,	Nq(4) = 0.183693,	Nq(5) = 0.258947,	
	Nq(6) = 0.308855,	Nq(7) = 0.258947,	Nq(8) = 0.250775,	Nq(9) = 0.308855,	Nq(10) = 0.355902,	
	Nq(11) = 0.308855,	Nq(12) = 0.183693,	Nq(13) = 0.258947,	Nq(14) = 0.308855,	Nq(15) = 0.258947;	
	Sq(0) = 3.45099e-18,	Sq(1) = 0.504384,	Sq(2) = 0.469115,	Sq(3) = 0.504384,	Sq(4) = 0.504384,	
	Sq(5) = 0.735911,	Sq(6) = 0.943053,	Sq(7) = 0.735911,	Sq(8) = 0.469115,	Sq(9) = 0.943053,	
	Sq(10) = 1.46495,	Sq(11) = 0.943053,	Sq(12) = 0.504384,	Sq(13) = 0.735911,	Sq(14) = 0.943053,	
	Sq(15) = 0.735911;	N(0) = 1.70338,	N(1) = 1.58882,	N(2) = 1.04187,	N(3) = 1.58882,	
	N(4) = 1.58882,	N(5) = 0.289608,	N(6) = 0.157281,	N(7) = 0.289608,	N(8) = 1.04187,	
	N(9) = 0.157281,	N(10) = 0.0700575,	N(11) = 0.157281,	N(12) = 1.58882,	N(13) = 0.289608,	
	N(14) = 0.157281,	N(15) = 0.289608;	Delta[s](0) = 0.0607877,	Delta[s](1) = 0.0415795,	Delta[s](2) = 0.0325592,	
	Delta[s](3) = 0.0415795,	Delta[s](4) = 0.0415795,	Delta[s](5) = 0.0223217,	Delta[s](6) = 0.0121517,	Delta[s](7) = 0.0223217,	
	Delta[s](8) = 0.0325592,	Delta[s](9) = 0.0121517,	Delta[s](10) = 0.00159957,	Delta[s](11) = 0.0121517,	Delta[s](12) = 0.0415795,	
	Delta[s](13) = 0.0223217,	Delta[s](14) = 0.0121517,	Delta[s](15) = 0.0223217;	Delta[d](0) = 0.274341,	Delta[d](1) = 0.220523,	
	Delta[d](2) = 0.262644,	Delta[d](3) = 0.220523,	Delta[d](4) = 0.220523,	Delta[d](5) = 0.148036,	Delta[d](6) = 0.197293,	
	Delta[d](7) = 0.148036,	Delta[d](8) = 0.262644,	Delta[d](9) = 0.197293,	Delta[d](10) = 0.330413,	Delta[d](11) = 0.197293,	
	Delta[d](12) = 0.220523,	Delta[d](13) = 0.148036,	Delta[d](14) = 0.197293,	Delta[d](15) = 0.148036;	Delta[s+](0) = 0.501925,	
	Delta[s+](1) = 0.350271,	Delta[s+](2) = 0.262644,	Delta[s+](3) = 0.350271,	Delta[s+](4) = 0.350271,	Delta[s+](5) = 0.158033,	
	Delta[s+](6) = 0.0708343,	Delta[s+](7) = 0.158033,	Delta[s+](8) = 0.262644,	Delta[s+](9) = 0.0708343,	Delta[s+](10) = 0.0228031,	
	Delta[s+](11) = 0.0708343,	Delta[s+](12) = 0.350271,	Delta[s+](13) = 0.158033,	Delta[s+](14) = 0.0708343,	Delta[s+](15) = 0.158033
	
The 0-th iteration is completed.	|| time cost : 0h 2m 1.738s
********************************************************************************************************************
Start the 1 rounds of NGS-ED iteration
	effective electronic model is modified as: kinetic energy t = 0.996354, t' = -0.298094
	                                           effective interaction Vq = [     -2.1125,   -0.129194,  -0.0260049,   -0.129194,   -0.129194,  -0.0273728,-0.000860748,  -0.0273728,  -0.0260049,-0.000860748, -0.00690202,-0.000860748,   -0.129194,  -0.0273728,-0.000860748,  -0.0273728]
	PARPACK diagonalization completed after 45 matrix-vector product operations.
	iteration results: : total energy is -33.986263 | electron energy -33.989231 + phonon energy 0.002968 | electron momentum kIdx = 10
The 1-th iteration is completed.	|| time cost : 0h 1m 17.997s
********************************************************************************************************************
Start the 2 rounds of NGS-ED iteration
	effective electronic model is modified as: kinetic energy t = 0.996292, t' = -0.298056
	                                           effective interaction Vq = [     -2.1125,   -0.131059,  -0.0259336,   -0.131059,   -0.131059,  -0.0273637,-0.000857591,  -0.0273637,  -0.0259336,-0.000857591, -0.00688522,-0.000857591,   -0.131059,  -0.0273637,-0.000857591,  -0.0273637]
	PARPACK diagonalization completed after 30 matrix-vector product operations.
	iteration results: : total energy is -33.986272 | electron energy -33.989389 + phonon energy 0.003117 | electron momentum kIdx = 10
The 2-th iteration is completed.	|| time cost : 0h 0m 9.503s
********************************************************************************************************************
Start the 3 rounds of NGS-ED iteration
	effective electronic model is modified as: kinetic energy t = 0.996291, t' = -0.298055
	                                           effective interaction Vq = [     -2.1125,    -0.13109,  -0.0259318,    -0.13109,    -0.13109,  -0.0273626,-0.000857559,  -0.0273626,  -0.0259318,-0.000857559, -0.00688498,-0.000857559,    -0.13109,  -0.0273626,-0.000857559,  -0.0273626]
	PARPACK diagonalization completed after 30 matrix-vector product operations.
	iteration results: : total energy is -33.986272 | electron energy -33.989391 + phonon energy 0.003119 | electron momentum kIdx = 10
The 3-th iteration is completed.	|| time cost : 0h 0m 9.519s
********************************************************************************************************************
Start the 4 rounds of NGS-ED iteration
	effective electronic model is modified as: kinetic energy t = 0.996291, t' = -0.298055
	                                           effective interaction Vq = [     -2.1125,    -0.13109,  -0.0259317,    -0.13109,    -0.13109,  -0.0273626,-0.000857559,  -0.0273626,  -0.0259317,-0.000857559, -0.00688497,-0.000857559,    -0.13109,  -0.0273626,-0.000857559,  -0.0273626]
	PARPACK diagonalization completed after 30 matrix-vector product operations.
	iteration results: : total energy is -33.986272 | electron energy -33.989391 + phonon energy 0.003119 | electron momentum kIdx = 10
The 4-th iteration is completed.	|| time cost : 0h 0m 9.497s
********************************************************************************************************************
Start the 5 rounds of NGS-ED iteration
	effective electronic model is modified as: kinetic energy t = 0.996291, t' = -0.298055
	                                           effective interaction Vq = [     -2.1125,    -0.13109,  -0.0259317,    -0.13109,    -0.13109,  -0.0273626,-0.000857559,  -0.0273626,  -0.0259317,-0.000857559, -0.00688497,-0.000857559,    -0.13109,  -0.0273626,-0.000857559,  -0.0273626]
	PARPACK diagonalization completed after 30 matrix-vector product operations.
	iteration results: : total energy is -33.986272 | electron energy -33.989391 + phonon energy 0.003119 | electron momentum kIdx = 10
	Nq(0) = 9,	Nq(1) = 0.186329,	Nq(2) = 0.250393,	Nq(3) = 0.186329,	Nq(4) = 0.186329,	Nq(5) = 0.259292,	
	Nq(6) = 0.308237,	Nq(7) = 0.259292,	Nq(8) = 0.250393,	Nq(9) = 0.308237,	Nq(10) = 0.355772,	
	Nq(11) = 0.308237,	Nq(12) = 0.186329,	Nq(13) = 0.259292,	Nq(14) = 0.308237,	Nq(15) = 0.259292;	
	Sq(0) = 2.8113e-18,	Sq(1) = 0.503878,	Sq(2) = 0.468148,	Sq(3) = 0.503878,	Sq(4) = 0.503878,	
	Sq(5) = 0.734066,	Sq(6) = 0.942267,	Sq(7) = 0.734066,	Sq(8) = 0.468148,	Sq(9) = 0.942267,	
	Sq(10) = 1.47088,	Sq(11) = 0.942267,	Sq(12) = 0.503878,	Sq(13) = 0.734066,	Sq(14) = 0.942267,	
	Sq(15) = 0.734066;	N(0) = 1.7054,	N(1) = 1.5928,	N(2) = 1.04031,	N(3) = 1.5928,	
	N(4) = 1.5928,	N(5) = 0.286172,	N(6) = 0.156819,	N(7) = 0.286172,	N(8) = 1.04031,	
	N(9) = 0.156819,	N(10) = 0.0708133,	N(11) = 0.156819,	N(12) = 1.5928,	N(13) = 0.286172,	
	N(14) = 0.156819,	N(15) = 0.286172;	Delta[s](0) = 0.0613801,	Delta[s](1) = 0.0419899,	Delta[s](2) = 0.0329199,	
	Delta[s](3) = 0.0419899,	Delta[s](4) = 0.0419899,	Delta[s](5) = 0.0225734,	Delta[s](6) = 0.0122381,	Delta[s](7) = 0.0225734,	
	Delta[s](8) = 0.0329199,	Delta[s](9) = 0.0122381,	Delta[s](10) = 0.00156754,	Delta[s](11) = 0.0122381,	Delta[s](12) = 0.0419899,	
	Delta[s](13) = 0.0225734,	Delta[s](14) = 0.0122381,	Delta[s](15) = 0.0225734;	Delta[d](0) = 0.274657,	Delta[d](1) = 0.221086,	
	Delta[d](2) = 0.263281,	Delta[d](3) = 0.221086,	Delta[d](4) = 0.221086,	Delta[d](5) = 0.147981,	Delta[d](6) = 0.197015,	
	Delta[d](7) = 0.147981,	Delta[d](8) = 0.263281,	Delta[d](9) = 0.197015,	Delta[d](10) = 0.331723,	Delta[d](11) = 0.197015,	
	Delta[d](12) = 0.221086,	Delta[d](13) = 0.147981,	Delta[d](14) = 0.197015,	Delta[d](15) = 0.147981;	Delta[s+](0) = 0.503915,	
	Delta[s+](1) = 0.351452,	Delta[s+](2) = 0.263281,	Delta[s+](3) = 0.351452,	Delta[s+](4) = 0.351452,	Delta[s+](5) = 0.158312,	
	Delta[s+](6) = 0.0707111,	Delta[s+](7) = 0.158312,	Delta[s+](8) = 0.263281,	Delta[s+](9) = 0.0707111,	Delta[s+](10) = 0.0228107,	
	Delta[s+](11) = 0.0707111,	Delta[s+](12) = 0.351452,	Delta[s+](13) = 0.158312,	Delta[s+](14) = 0.0707111,	Delta[s+](15) = 0.158312
	
The 5-th iteration is completed.	|| time cost : 0h 1m 19.67s
********************************************************************************************************************
********************************************************************************************************************
Ground state is obtained after 6 iterations. The current ground-state energy is -33.9863, in which electron energy is -33.9894 and phonon energy is 0.00311906
Final variational state is: 
	Gamma_x = [      1,1.12482,1.03227,1.12482,1.12482,1.03526, 1.0013,1.03526,1.03227, 1.0013,1.01213, 1.0013,1.12482,1.03526, 1.0013,1.03526]
	lambda_q = [      3.25,  0.150703, 0.0529865,  0.150703,  0.150703, 0.0559786,0.00872794, 0.0559786, 0.0529865,0.00872794,-0.0233122,0.00872794,  0.150703, 0.0559786,0.00872794, 0.0559786]
Effective e-e interactions mediated by phonons are:
	momentum-space Vq = [     -2.1125,    -0.13109,  -0.0259317,    -0.13109,    -0.13109,  -0.0273626,-0.000857559,  -0.0273626,  -0.0259317,-0.000857559, -0.00688497,-0.000857559,    -0.13109,  -0.0273626,-0.000857559,  -0.0273626]
	real-space Vr = [-0.175531, -0.14788,-0.128862, -0.14788, -0.14788, -0.12922,-0.115322, -0.12922,-0.128862,-0.115322,-0.109557,-0.115322, -0.14788, -0.12922,-0.115322, -0.12922]
********************************************************************************************************************
o___o  ----------------------------------------
| L |	Time since last clock: 0h 0m 0.01s
A===A	Time since the beginning: 0h 5m 7.936s
***********************************************


Non-Gaussina ED ground state calculation is completed. The final ground-state energy is -33.9863
********************************************************************************************************************
o___o  ----------------------------------------
| L |	Time since last clock: 0h 0m 0.005s
A===A	Time since the beginning: 0h 5m 7.942s
***********************************************



********************************************************************************************************************
All non-Gaussian ED ground state calculations have been completed. Exit now.
