SNEDics v3.4 Non-Gaussian ED ground state program		Start at Wed Oct  2 01:26:37 2019

parallized on 16 MPI threads  * 8 OpenMP threads = 128 total threads.
********************************************************************************************************************
********************************************************************************************************************

********************************************************************************************************************
System parameters and configurations
********************************************************************************************************************
Special program options are enabled: splitted diagonal Hamiltonian
********************************************************************************************************************
Read input file "model_params.in"
	Hubbard-Holstein model parameters : 	t = 1    U = 5.9    g = 3.7417    W = 5    
********************************************************************************************************************
Read input file "hilbertspace_params.in"
	Requested 16-site 2D lattice, with 16 electrons (8, 8)
	Boundary : Periodic		Hilbert space representation : momentum-space (restricted to kIdx = 10)
	Conservation: particle number[U(1)]      spin[U(1)]     momentum
********************************************************************************************************************

Cluster Positions:				Cluster symmetry group : D4
 x ... x ... x ... x .....                       x ... x ... x ... x .....
 |           |           :                       |           |           :
 |           |           :                       |           |           :
12    13    14    15     x                       1     5     6     5     x
 |           |           :                       |           |           :
 |           |           :                       |           |           :
 8 --- 9 ---10 ---11 --- x                       2 --- 6 ---10 --- 6 --- x
 |           |           :                       |           |           :
 |           |           :                       |           |           :
 4     5     6     7     x                       1     5     6     5     x
 |           |           :                       |           |           :
 |           |           :                       |           |           :
 0 --- 1 --- 2 --- 3 --- x                       0 --- 1 --- 2 --- 1 --- x
orbital number : 1
********************************************************************************************************************
Read input file "obs_params.in"
	Observable Type : Nq(All),   Sq(All),   N(All),   Delta[s](All),   Delta[d](All),   Delta[s+](All)
********************************************************************************************************************
** WARNING ** the input observables have non-local factors which have been reinterpreted. The total observable number is 96
********************************************************************************************************************


********************************************************************************************************************
Start calculating the non-Gaussian ED ground state
** WARNING ** Detected low phonon energy W < 10. The initial state will be prepared through a warm-up process.
********************************************************************************************************************
Start warm-up calculation for scaling factor 2
open output files: NGSEDWarmUpW10Obs.txt
********************************************************************************************************************
Start the 0 rounds of NGS-ED iteration
	effective electronic model is modified as: kinetic energy t = 1
	                                           effective interaction Vq = [-0,-0,-0,-0,-0,-0,-0,-0,-0,-0,-0,-0,-0,-0,-0,-0]
	first Hamiltonian is constructed, non-zero numbers = 2845334624
	PARPACK diagonalization completed after 90 matrix-vector product operations.
	iteration results: : total energy is -10.490434 | electron energy -10.490434 + phonon energy 0.000000 | electron momentum kIdx = 10
	Nq(0) = 16,	Nq(1) = 0.102877,	Nq(2) = 0.165213,	Nq(3) = 0.102877,	Nq(4) = 0.102877,	Nq(5) = 0.165213,	Nq(6) = 0.224671,	Nq(7) = 0.165213,	Nq(8) = 0.165213,	Nq(9) = 0.224671,	Nq(10) = 0.277016,	Nq(11) = 0.224671,	Nq(12) = 0.102877,	Nq(13) = 0.165213,	Nq(14) = 0.224671,	Nq(15) = 0.165213,	Sq(0) = -8.69971e-20,	Sq(1) = 0.267845,	Sq(2) = 0.400871,	Sq(3) = 0.267845,	Sq(4) = 0.267845,	Sq(5) = 0.400871,	Sq(6) = 0.590044,	Sq(7) = 0.400871,	Sq(8) = 0.400871,	Sq(9) = 0.590044,	Sq(10) = 7.58473,	Sq(11) = 0.590044,	Sq(12) = 0.267845,	Sq(13) = 0.400871,	Sq(14) = 0.590044,	Sq(15) = 0.400871,	N(0) = 1.86034,	N(1) = 1.70089,	N(2) = 1,	N(3) = 1.70089,	N(4) = 1.70089,	N(5) = 1,	N(6) = 0.299107,	N(7) = 1,	N(8) = 1,	N(9) = 0.299107,	N(10) = 0.139664,	N(11) = 0.299107,	N(12) = 1.70089,	N(13) = 1,	N(14) = 0.299107,	N(15) = 1,	Delta[s](0) = 0.125175,	Delta[s](1) = 0.105008,	Delta[s](2) = 0.0821291,	Delta[s](3) = 0.105008,	Delta[s](4) = 0.105008,	Delta[s](5) = 0.0821291,	Delta[s](6) = 0.0581379,	Delta[s](7) = 0.0821291,	Delta[s](8) = 0.0821291,	Delta[s](9) = 0.0581379,	Delta[s](10) = 0.0187081,	Delta[s](11) = 0.0581379,	Delta[s](12) = 0.105008,	Delta[s](13) = 0.0821291,	Delta[s](14) = 0.0581379,	Delta[s](15) = 0.0821291,	Delta[d](0) = 0.53955,	Delta[d](1) = 0.432306,	Delta[d](2) = 0.359384,	Delta[d](3) = 0.432306,	Delta[d](4) = 0.432306,	Delta[d](5) = 0.392995,	Delta[d](6) = 0.326379,	Delta[d](7) = 0.392995,	Delta[d](8) = 0.359384,	Delta[d](9) = 0.326379,	Delta[d](10) = 0.264061,	Delta[d](11) = 0.326379,	Delta[d](12) = 0.432306,	Delta[d](13) = 0.392995,	Delta[d](14) = 0.326379,	Delta[d](15) = 0.392995,	Delta[s+](0) = 0.599601,	Delta[s+](1) = 0.49721,	Delta[s+](2) = 0.359384,	Delta[s+](3) = 0.49721,	Delta[s+](4) = 0.49721,	Delta[s+](5) = 0.359384,	Delta[s+](6) = 0.223462,	Delta[s+](7) = 0.359384,	Delta[s+](8) = 0.359384,	Delta[s+](9) = 0.223462,	Delta[s+](10) = 0.109179,	Delta[s+](11) = 0.223462,	Delta[s+](12) = 0.49721,	Delta[s+](13) = 0.359384,	Delta[s+](14) = 0.223462,	Delta[s+](15) = 0.359384
The 0-th iteration is completed.	|| time cost : 0h 8m 25.334s
********************************************************************************************************************
Start the 1 rounds of NGS-ED iteration
	effective electronic model is modified as: kinetic energy t = 0.936485
	                                           effective interaction Vq = [-2.42112,-2.13789,-2.07238,-2.13789,-2.13789,-2.07238,-2.03958,-2.07238,-2.07238,-2.03958,-2.01161,-2.03958,-2.13789,-2.07238,-2.03958,-2.07238]
	PARPACK diagonalization completed after 45 matrix-vector product operations.
	iteration results: : total energy is -55.846091 | electron energy -55.849162 + phonon energy 0.003071 | electron momentum kIdx = 10
The 1-th iteration is completed.	|| time cost : 0h 7m 31.351s
********************************************************************************************************************
Start the 2 rounds of NGS-ED iteration
	effective electronic model is modified as: kinetic energy t = 0.887933
	                                           effective interaction Vq = [-2.74878,-2.58142,-2.47502,-2.58142,-2.58142,-2.47502,-2.46348,-2.47502,-2.47502,-2.46348,-2.41275,-2.46348,-2.58142,-2.47502,-2.46348,-2.47502]
	PARPACK diagonalization completed after 30 matrix-vector product operations.
	iteration results: : total energy is -62.287168 | electron energy -62.316582 + phonon energy 0.029414 | electron momentum kIdx = 10
The 2-th iteration is completed.	|| time cost : 0h 0m 27.454s
********************************************************************************************************************
Start the 3 rounds of NGS-ED iteration
	effective electronic model is modified as: kinetic energy t = 0.868784
	                                           effective interaction Vq = [-2.79312,-2.68703, -2.5728,-2.68703,-2.68703, -2.5728,-2.57723, -2.5728, -2.5728,-2.57723,-2.51584,-2.57723,-2.68703, -2.5728,-2.57723, -2.5728]
	PARPACK diagonalization completed after 30 matrix-vector product operations.
	iteration results: : total energy is -63.160036 | electron energy -63.213975 + phonon energy 0.053939 | electron momentum kIdx = 10
The 3-th iteration is completed.	|| time cost : 0h 0m 27.415s
********************************************************************************************************************
Start the 4 rounds of NGS-ED iteration
	effective electronic model is modified as: kinetic energy t = 0.861986
	                                           effective interaction Vq = [-2.79912,-2.71693,-2.60083,-2.71693,-2.71693,-2.60083,-2.61255,-2.60083,-2.60083,-2.61255,-2.54641,-2.61255,-2.71693,-2.60083,-2.61255,-2.60083]
	PARPACK diagonalization completed after 30 matrix-vector product operations.
	iteration results: : total energy is -63.276518 | electron energy -63.342144 + phonon energy 0.065626 | electron momentum kIdx = 10
The 4-th iteration is completed.	|| time cost : 0h 0m 27.432s
********************************************************************************************************************
Start the 5 rounds of NGS-ED iteration
	effective electronic model is modified as: kinetic energy t = 0.859643
	                                           effective interaction Vq = [-2.79994,-2.72646,-2.60951,-2.72646,-2.72646,-2.60951,-2.62433,-2.60951,-2.60951,-2.62433,-2.55608,-2.62433,-2.72646,-2.60951,-2.62433,-2.60951]
	PARPACK diagonalization completed after 30 matrix-vector product operations.
	iteration results: : total energy is -63.291988 | electron energy -63.362105 + phonon energy 0.070117 | electron momentum kIdx = 10
The 5-th iteration is completed.	|| time cost : 0h 0m 27.427s
********************************************************************************************************************
Start the 6 rounds of NGS-ED iteration
	effective electronic model is modified as: kinetic energy t = 0.858841
	                                           effective interaction Vq = [-2.80005,-2.72968,-2.61228,-2.72968,-2.72968,-2.61228,-2.62839,-2.61228,-2.61228,-2.62839,-2.55922,-2.62839,-2.72968,-2.61228,-2.62839,-2.61228]
	PARPACK diagonalization completed after 30 matrix-vector product operations.
	iteration results: : total energy is -63.294043 | electron energy -63.365760 + phonon energy 0.071717 | electron momentum kIdx = 10
The 6-th iteration is completed.	|| time cost : 0h 0m 27.335s
********************************************************************************************************************
Start the 7 rounds of NGS-ED iteration
	effective electronic model is modified as: kinetic energy t = 0.858567
	                                           effective interaction Vq = [-2.80006,-2.73079,-2.61317,-2.73079,-2.73079,-2.61317, -2.6298,-2.61317,-2.61317, -2.6298,-2.56026, -2.6298,-2.73079,-2.61317, -2.6298,-2.61317]
	PARPACK diagonalization completed after 30 matrix-vector product operations.
	iteration results: : total energy is -63.294316 | electron energy -63.366588 + phonon energy 0.072272 | electron momentum kIdx = 10
The 7-th iteration is completed.	|| time cost : 0h 0m 27.237s
********************************************************************************************************************
Start the 8 rounds of NGS-ED iteration
	effective electronic model is modified as: kinetic energy t = 0.858474
	                                           effective interaction Vq = [-2.80006,-2.73117,-2.61346,-2.73117,-2.73117,-2.61346,-2.63029,-2.61346,-2.61346,-2.63029, -2.5606,-2.63029,-2.73117,-2.61346,-2.63029,-2.61346]
	PARPACK diagonalization completed after 30 matrix-vector product operations.
	iteration results: : total energy is -63.294353 | electron energy -63.366815 + phonon energy 0.072463 | electron momentum kIdx = 10
	Nq(0) = 16,	Nq(1) = 0.336666,	Nq(2) = 0.354853,	Nq(3) = 0.336666,	Nq(4) = 0.336666,	Nq(5) = 0.354853,	Nq(6) = 0.556184,	Nq(7) = 0.354853,	Nq(8) = 0.354853,	Nq(9) = 0.556184,	Nq(10) = 0.58035,	Nq(11) = 0.556184,	Nq(12) = 0.336666,	Nq(13) = 0.354853,	Nq(14) = 0.556184,	Nq(15) = 0.354853,	Sq(0) = 3.05592e-18,	Sq(1) = 0.376643,	Sq(2) = 0.419727,	Sq(3) = 0.376643,	Sq(4) = 0.376643,	Sq(5) = 0.419727,	Sq(6) = 0.647913,	Sq(7) = 0.419727,	Sq(8) = 0.419727,	Sq(9) = 0.647913,	Sq(10) = 3.10253,	Sq(11) = 0.647913,	Sq(12) = 0.376643,	Sq(13) = 0.419727,	Sq(14) = 0.647913,	Sq(15) = 0.419727,	N(0) = 1.99736,	N(1) = 1.99484,	N(2) = 1,	N(3) = 1.99484,	N(4) = 1.99484,	N(5) = 1,	N(6) = 0.00516432,	N(7) = 1,	N(8) = 1,	N(9) = 0.00516432,	N(10) = 0.00264328,	N(11) = 0.00516432,	N(12) = 1.99484,	N(13) = 1,	N(14) = 0.00516432,	N(15) = 1,	Delta[s](0) = 0.250401,	Delta[s](1) = 0.240866,	Delta[s](2) = 0.186978,	Delta[s](3) = 0.240866,	Delta[s](4) = 0.240866,	Delta[s](5) = 0.186978,	Delta[s](6) = 0.178284,	Delta[s](7) = 0.186978,	Delta[s](8) = 0.186978,	Delta[s](9) = 0.178284,	Delta[s](10) = 0.0915682,	Delta[s](11) = 0.178284,	Delta[s](12) = 0.240866,	Delta[s](13) = 0.186978,	Delta[s](14) = 0.178284,	Delta[s](15) = 0.186978,	Delta[d](0) = 0.499313,	Delta[d](1) = 0.317219,	Delta[d](2) = 0.282524,	Delta[d](3) = 0.317219,	Delta[d](4) = 0.317219,	Delta[d](5) = 0.366794,	Delta[d](6) = 0.262062,	Delta[d](7) = 0.366794,	Delta[d](8) = 0.282524,	Delta[d](9) = 0.262062,	Delta[d](10) = 0.23537,	Delta[d](11) = 0.262062,	Delta[d](12) = 0.317219,	Delta[d](13) = 0.366794,	Delta[d](14) = 0.262062,	Delta[d](15) = 0.366794,	Delta[s+](0) = 0.520346,	Delta[s+](1) = 0.427669,	Delta[s+](2) = 0.282524,	Delta[s+](3) = 0.427669,	Delta[s+](4) = 0.427669,	Delta[s+](5) = 0.282524,	Delta[s+](6) = 0.136945,	Delta[s+](7) = 0.282524,	Delta[s+](8) = 0.282524,	Delta[s+](9) = 0.136945,	Delta[s+](10) = 0.0359325,	Delta[s+](11) = 0.136945,	Delta[s+](12) = 0.427669,	Delta[s+](13) = 0.282524,	Delta[s+](14) = 0.136945,	Delta[s+](15) = 0.282524
The 8-th iteration is completed.	|| time cost : 0h 4m 35.211s
********************************************************************************************************************
********************************************************************************************************************
Ground state is obtained after 9 iterations. The current ground-state energy is -63.2944, in which electron energy is -63.3668 and phonon energy is 0.0724628
final variational state is: 
	Gamma_x = [      1,1.02521,1.03877,1.02521,1.02521,1.03877,1.05943,1.03877,1.03877,1.05943,1.06948,1.05943,1.02521,1.03877,1.05943,1.03877]
	lambda_q = [0.529091,0.446236,0.392589,0.446236,0.446236,0.392589,0.398925,0.392589,0.392589,0.398925,0.374445,0.398925,0.446236,0.392589,0.398925,0.392589]
********************************************************************************************************************
o___o  ----------------------------------------
| L |	Time since last clock: 0h 0m 0s
A===A	Time since the beginning: 0h 23m 16.198s
***********************************************


********************************************************************************************************************
Warm up runs have been completed. Start calculating W = 5 phonon.
open output files: NGSEDIterationObs.txt
********************************************************************************************************************
Start the 0 rounds of NGS-ED iteration
	effective electronic model is modified as: kinetic energy t = 0.858442
	                                           effective interaction Vq = [-2.55971,-2.34373,-2.16727,-2.34373,-2.34373,-2.16727,-2.18961,-2.16727,-2.16727,-2.18961,-2.10108,-2.18961,-2.34373,-2.16727,-2.18961,-2.16727]
	PARPACK diagonalization completed after 30 matrix-vector product operations.
	iteration results: : total energy is -56.940662 | electron energy -56.976926 + phonon energy 0.036264 | electron momentum kIdx = 10
	Nq(0) = 16,	Nq(1) = 0.277826,	Nq(2) = 0.322826,	Nq(3) = 0.277826,	Nq(4) = 0.277826,	Nq(5) = 0.322826,	Nq(6) = 0.474446,	Nq(7) = 0.322826,	Nq(8) = 0.322826,	Nq(9) = 0.474446,	Nq(10) = 0.523069,	Nq(11) = 0.474446,	Nq(12) = 0.277826,	Nq(13) = 0.322826,	Nq(14) = 0.474446,	Nq(15) = 0.322826,	Sq(0) = 1.49958e-17,	Sq(1) = 0.368749,	Sq(2) = 0.428449,	Sq(3) = 0.368749,	Sq(4) = 0.368749,	Sq(5) = 0.428449,	Sq(6) = 0.665073,	Sq(7) = 0.428449,	Sq(8) = 0.428449,	Sq(9) = 0.665073,	Sq(10) = 3.8249,	Sq(11) = 0.665073,	Sq(12) = 0.368749,	Sq(13) = 0.428449,	Sq(14) = 0.665073,	Sq(15) = 0.428449,	N(0) = 1.98581,	N(1) = 1.97039,	N(2) = 1,	N(3) = 1.97039,	N(4) = 1.97039,	N(5) = 1,	N(6) = 0.0296087,	N(7) = 1,	N(8) = 1,	N(9) = 0.0296087,	N(10) = 0.0141882,	N(11) = 0.0296087,	N(12) = 1.97039,	N(13) = 1,	N(14) = 0.0296087,	N(15) = 1,	Delta[s](0) = 0.220155,	Delta[s](1) = 0.205113,	Delta[s](2) = 0.166786,	Delta[s](3) = 0.205113,	Delta[s](4) = 0.205113,	Delta[s](5) = 0.166786,	Delta[s](6) = 0.152044,	Delta[s](7) = 0.166786,	Delta[s](8) = 0.166786,	Delta[s](9) = 0.152044,	Delta[s](10) = 0.0850627,	Delta[s](11) = 0.152044,	Delta[s](12) = 0.205113,	Delta[s](13) = 0.166786,	Delta[s](14) = 0.152044,	Delta[s](15) = 0.166786,	Delta[d](0) = 0.514589,	Delta[d](1) = 0.35141,	Delta[d](2) = 0.310116,	Delta[d](3) = 0.35141,	Delta[d](4) = 0.35141,	Delta[d](5) = 0.381592,	Delta[d](6) = 0.290915,	Delta[d](7) = 0.381592,	Delta[d](8) = 0.310116,	Delta[d](9) = 0.290915,	Delta[d](10) = 0.251593,	Delta[d](11) = 0.290915,	Delta[d](12) = 0.35141,	Delta[d](13) = 0.381592,	Delta[d](14) = 0.290915,	Delta[d](15) = 0.381592,	Delta[s+](0) = 0.564792,	Delta[s+](1) = 0.463687,	Delta[s+](2) = 0.310116,	Delta[s+](3) = 0.463687,	Delta[s+](4) = 0.463687,	Delta[s+](5) = 0.310116,	Delta[s+](6) = 0.158552,	Delta[s+](7) = 0.310116,	Delta[s+](8) = 0.310116,	Delta[s+](9) = 0.158552,	Delta[s+](10) = 0.0477225,	Delta[s+](11) = 0.158552,	Delta[s+](12) = 0.463687,	Delta[s+](13) = 0.310116,	Delta[s+](14) = 0.158552,	Delta[s+](15) = 0.310116
The 0-th iteration is completed.	|| time cost : 0h 4m 24.672s
********************************************************************************************************************
Start the 1 rounds of NGS-ED iteration
	effective electronic model is modified as: kinetic energy t = 0.846494
	                                           effective interaction Vq = [-2.71164,-2.45629,-2.24916,-2.45629,-2.45629,-2.24916,-2.26114,-2.24916,-2.24916,-2.26114,-2.16337,-2.26114,-2.45629,-2.24916,-2.26114,-2.24916]
	PARPACK diagonalization completed after 30 matrix-vector product operations.
	iteration results: : total energy is -59.485976 | electron energy -59.585675 + phonon energy 0.099699 | electron momentum kIdx = 10
The 1-th iteration is completed.	|| time cost : 0h 0m 27.276s
********************************************************************************************************************
Start the 2 rounds of NGS-ED iteration
	effective electronic model is modified as: kinetic energy t = 0.838242
	                                           effective interaction Vq = [-2.76754,-2.51684,-2.29517,-2.51684,-2.51684,-2.29517,-2.30755,-2.29517,-2.29517,-2.30755,-2.20506,-2.30755,-2.51684,-2.29517,-2.30755,-2.29517]
	PARPACK diagonalization completed after 30 matrix-vector product operations.
	iteration results: : total energy is -60.419790 | electron energy -60.561288 + phonon energy 0.141499 | electron momentum kIdx = 10
The 2-th iteration is completed.	|| time cost : 0h 0m 27.38s
********************************************************************************************************************
Start the 3 rounds of NGS-ED iteration
	effective electronic model is modified as: kinetic energy t = 0.833009
	                                           effective interaction Vq = [ -2.7881, -2.5505,-2.32099, -2.5505, -2.5505,-2.32099,-2.33607,-2.32099,-2.32099,-2.33607,-2.23043,-2.33607, -2.5505,-2.32099,-2.33607,-2.32099]
	PARPACK diagonalization completed after 30 matrix-vector product operations.
	iteration results: : total energy is -60.762705 | electron energy -60.929041 + phonon energy 0.166336 | electron momentum kIdx = 10
The 3-th iteration is completed.	|| time cost : 0h 0m 27.287s
********************************************************************************************************************
Start the 4 rounds of NGS-ED iteration
	effective electronic model is modified as: kinetic energy t = 0.829813
	                                           effective interaction Vq = [-2.79566,-2.56967,-2.33554,-2.56967,-2.56967,-2.33554, -2.3533,-2.33554,-2.33554, -2.3533, -2.2454, -2.3533,-2.56967,-2.33554, -2.3533,-2.33554]
	PARPACK diagonalization completed after 30 matrix-vector product operations.
	iteration results: : total energy is -60.888641 | electron energy -61.069575 + phonon energy 0.180935 | electron momentum kIdx = 10
The 4-th iteration is completed.	|| time cost : 0h 0m 27.315s
********************************************************************************************************************
Start the 5 rounds of NGS-ED iteration
	effective electronic model is modified as: kinetic energy t = 0.827896
	                                           effective interaction Vq = [-2.79844,-2.58075,-2.34377,-2.58075,-2.58075,-2.34377,-2.36366,-2.34377,-2.34377,-2.36366,-2.25416,-2.36366,-2.58075,-2.34377,-2.36366,-2.34377]
	PARPACK diagonalization completed after 30 matrix-vector product operations.
	iteration results: : total energy is -60.934890 | electron energy -61.124423 + phonon energy 0.189533 | electron momentum kIdx = 10
The 5-th iteration is completed.	|| time cost : 0h 0m 27.332s
********************************************************************************************************************
Start the 6 rounds of NGS-ED iteration
	effective electronic model is modified as: kinetic energy t = 0.826756
	                                           effective interaction Vq = [-2.79947,-2.58722,-2.34845,-2.58722,-2.58722,-2.34845,-2.36987,-2.34845,-2.34845,-2.36987,-2.25926,-2.36987,-2.58722,-2.34845,-2.36987,-2.34845]
	PARPACK diagonalization completed after 30 matrix-vector product operations.
	iteration results: : total energy is -60.951875 | electron energy -61.146484 + phonon energy 0.194609 | electron momentum kIdx = 10
The 6-th iteration is completed.	|| time cost : 0h 0m 27.311s
********************************************************************************************************************
Start the 7 rounds of NGS-ED iteration
	effective electronic model is modified as: kinetic energy t = 0.826082
	                                           effective interaction Vq = [-2.79984,-2.59102,-2.35112,-2.59102,-2.59102,-2.35112,-2.37359,-2.35112,-2.35112,-2.37359,-2.26223,-2.37359,-2.59102,-2.35112,-2.37359,-2.35112]
	PARPACK diagonalization completed after 30 matrix-vector product operations.
	iteration results: : total energy is -60.958114 | electron energy -61.155722 + phonon energy 0.197608 | electron momentum kIdx = 10
The 7-th iteration is completed.	|| time cost : 0h 0m 27.28s
********************************************************************************************************************
Start the 8 rounds of NGS-ED iteration
	effective electronic model is modified as: kinetic energy t = 0.825683
	                                           effective interaction Vq = [-2.79998,-2.59326,-2.35264,-2.59326,-2.59326,-2.35264,-2.37582,-2.35264,-2.35264,-2.37582,-2.26396,-2.37582,-2.59326,-2.35264,-2.37582,-2.35264]
	PARPACK diagonalization completed after 30 matrix-vector product operations.
	iteration results: : total energy is -60.960405 | electron energy -61.159786 + phonon energy 0.199381 | electron momentum kIdx = 10
The 8-th iteration is completed.	|| time cost : 0h 0m 27.259s
********************************************************************************************************************
Start the 9 rounds of NGS-ED iteration
	effective electronic model is modified as: kinetic energy t = 0.825447
	                                           effective interaction Vq = [-2.80003,-2.59458,-2.35351,-2.59458,-2.59458,-2.35351,-2.37716,-2.35351,-2.35351,-2.37716,-2.26498,-2.37716,-2.59458,-2.35351,-2.37716,-2.35351]
	PARPACK diagonalization completed after 30 matrix-vector product operations.
	iteration results: : total energy is -60.961247 | electron energy -61.161676 + phonon energy 0.200429 | electron momentum kIdx = 10
The 9-th iteration is completed.	|| time cost : 0h 0m 27.29s
********************************************************************************************************************
Start the 10 rounds of NGS-ED iteration
	effective electronic model is modified as: kinetic energy t = 0.825308
	                                           effective interaction Vq = [-2.80005,-2.59537,-2.35401,-2.59537,-2.59537,-2.35401,-2.37796,-2.35401,-2.35401,-2.37796,-2.26557,-2.37796,-2.59537,-2.35401,-2.37796,-2.35401]
	PARPACK diagonalization completed after 30 matrix-vector product operations.
	iteration results: : total energy is -60.961556 | electron energy -61.162605 + phonon energy 0.201049 | electron momentum kIdx = 10
	Nq(0) = 16,	Nq(1) = 0.308669,	Nq(2) = 0.336151,	Nq(3) = 0.308669,	Nq(4) = 0.308669,	Nq(5) = 0.336151,	Nq(6) = 0.505442,	Nq(7) = 0.336151,	Nq(8) = 0.336151,	Nq(9) = 0.505442,	Nq(10) = 0.542702,	Nq(11) = 0.505442,	Nq(12) = 0.308669,	Nq(13) = 0.336151,	Nq(14) = 0.505442,	Nq(15) = 0.336151,	Sq(0) = 1.10425e-17,	Sq(1) = 0.373781,	Sq(2) = 0.426528,	Sq(3) = 0.373781,	Sq(4) = 0.373781,	Sq(5) = 0.426528,	Sq(6) = 0.661729,	Sq(7) = 0.426528,	Sq(8) = 0.426528,	Sq(9) = 0.661729,	Sq(10) = 3.48274,	Sq(11) = 0.661729,	Sq(12) = 0.373781,	Sq(13) = 0.426528,	Sq(14) = 0.661729,	Sq(15) = 0.426528,	N(0) = 1.99115,	N(1) = 1.98339,	N(2) = 1,	N(3) = 1.98339,	N(4) = 1.98339,	N(5) = 1,	N(6) = 0.016608,	N(7) = 1,	N(8) = 1,	N(9) = 0.016608,	N(10) = 0.00885405,	N(11) = 0.016608,	N(12) = 1.98339,	N(13) = 1,	N(14) = 0.016608,	N(15) = 1,	Delta[s](0) = 0.227207,	Delta[s](1) = 0.215138,	Delta[s](2) = 0.176633,	Delta[s](3) = 0.215138,	Delta[s](4) = 0.215138,	Delta[s](5) = 0.176633,	Delta[s](6) = 0.165042,	Delta[s](7) = 0.176633,	Delta[s](8) = 0.176633,	Delta[s](9) = 0.165042,	Delta[s](10) = 0.100301,	Delta[s](11) = 0.165042,	Delta[s](12) = 0.215138,	Delta[s](13) = 0.176633,	Delta[s](14) = 0.165042,	Delta[s](15) = 0.176633,	Delta[d](0) = 0.533604,	Delta[d](1) = 0.361701,	Delta[d](2) = 0.321303,	Delta[d](3) = 0.361701,	Delta[d](4) = 0.361701,	Delta[d](5) = 0.398423,	Delta[d](6) = 0.301373,	Delta[d](7) = 0.398423,	Delta[d](8) = 0.321303,	Delta[d](9) = 0.301373,	Delta[d](10) = 0.265772,	Delta[d](11) = 0.301373,	Delta[d](12) = 0.361701,	Delta[d](13) = 0.398423,	Delta[d](14) = 0.301373,	Delta[d](15) = 0.398423,	Delta[s+](0) = 0.580197,	Delta[s+](1) = 0.477284,	Delta[s+](2) = 0.321303,	Delta[s+](3) = 0.477284,	Delta[s+](4) = 0.477284,	Delta[s+](5) = 0.321303,	Delta[s+](6) = 0.165619,	Delta[s+](7) = 0.321303,	Delta[s+](8) = 0.321303,	Delta[s+](9) = 0.165619,	Delta[s+](10) = 0.0526737,	Delta[s+](11) = 0.165619,	Delta[s+](12) = 0.477284,	Delta[s+](13) = 0.321303,	Delta[s+](14) = 0.165619,	Delta[s+](15) = 0.321303
The 10-th iteration is completed.	|| time cost : 0h 4m 25.216s
********************************************************************************************************************
Start the 11 rounds of NGS-ED iteration
	effective electronic model is modified as: kinetic energy t = 0.825226
	                                           effective interaction Vq = [-2.80006,-2.59583, -2.3543,-2.59583,-2.59583, -2.3543,-2.37844, -2.3543, -2.3543,-2.37844,-2.26591,-2.37844,-2.59583, -2.3543,-2.37844, -2.3543]
	PARPACK diagonalization completed after 30 matrix-vector product operations.
	iteration results: : total energy is -60.961670 | electron energy -61.163085 + phonon energy 0.201416 | electron momentum kIdx = 10
The 11-th iteration is completed.	|| time cost : 0h 0m 27.324s
********************************************************************************************************************
Start the 12 rounds of NGS-ED iteration
	effective electronic model is modified as: kinetic energy t = 0.825178
	                                           effective interaction Vq = [-2.80006,-2.59611,-2.35447,-2.59611,-2.59611,-2.35447,-2.37873,-2.35447,-2.35447,-2.37873,-2.26612,-2.37873,-2.59611,-2.35447,-2.37873,-2.35447]
	PARPACK diagonalization completed after 30 matrix-vector product operations.
	iteration results: : total energy is -60.961711 | electron energy -61.163344 + phonon energy 0.201633 | electron momentum kIdx = 10
The 12-th iteration is completed.	|| time cost : 0h 0m 27.259s
********************************************************************************************************************
Start the 13 rounds of NGS-ED iteration
	effective electronic model is modified as: kinetic energy t = 0.825149
	                                           effective interaction Vq = [-2.80006,-2.59627,-2.35456,-2.59627,-2.59627,-2.35456, -2.3789,-2.35456,-2.35456, -2.3789,-2.26624, -2.3789,-2.59627,-2.35456, -2.3789,-2.35456]
	PARPACK diagonalization completed after 30 matrix-vector product operations.
	iteration results: : total energy is -60.961727 | electron energy -61.163487 + phonon energy 0.201761 | electron momentum kIdx = 10
The 13-th iteration is completed.	|| time cost : 0h 0m 27.247s
********************************************************************************************************************
Start the 14 rounds of NGS-ED iteration
	effective electronic model is modified as: kinetic energy t = 0.825132
	                                           effective interaction Vq = [-2.80006,-2.59637,-2.35462,-2.59637,-2.59637,-2.35462,  -2.379,-2.35462,-2.35462,  -2.379,-2.26631,  -2.379,-2.59637,-2.35462,  -2.379,-2.35462]
	PARPACK diagonalization completed after 30 matrix-vector product operations.
	iteration results: : total energy is -60.961732 | electron energy -61.163569 + phonon energy 0.201837 | electron momentum kIdx = 10
The 14-th iteration is completed.	|| time cost : 0h 0m 27.291s
********************************************************************************************************************
Start the 15 rounds of NGS-ED iteration
	effective electronic model is modified as: kinetic energy t = 0.825122
	                                           effective interaction Vq = [-2.80006,-2.59642,-2.35465,-2.59642,-2.59642,-2.35465,-2.37906,-2.35465,-2.35465,-2.37906,-2.26635,-2.37906,-2.59642,-2.35465,-2.37906,-2.35465]
	PARPACK diagonalization completed after 30 matrix-vector product operations.
	iteration results: : total energy is -60.961734 | electron energy -61.163616 + phonon energy 0.201882 | electron momentum kIdx = 10
The 15-th iteration is completed.	|| time cost : 0h 0m 27.311s
********************************************************************************************************************
Start the 16 rounds of NGS-ED iteration
	effective electronic model is modified as: kinetic energy t = 0.825116
	                                           effective interaction Vq = [-2.80006,-2.59646,-2.35467,-2.59646,-2.59646,-2.35467, -2.3791,-2.35467,-2.35467, -2.3791,-2.26637, -2.3791,-2.59646,-2.35467, -2.3791,-2.35467]
	PARPACK diagonalization completed after 30 matrix-vector product operations.
	iteration results: : total energy is -60.961735 | electron energy -61.163644 + phonon energy 0.201908 | electron momentum kIdx = 10
The 16-th iteration is completed.	|| time cost : 0h 0m 27.254s
********************************************************************************************************************
Start the 17 rounds of NGS-ED iteration
	effective electronic model is modified as: kinetic energy t = 0.825113
	                                           effective interaction Vq = [-2.80006,-2.59648,-2.35468,-2.59648,-2.59648,-2.35468,-2.37912,-2.35468,-2.35468,-2.37912,-2.26639,-2.37912,-2.59648,-2.35468,-2.37912,-2.35468]
	PARPACK diagonalization completed after 30 matrix-vector product operations.
	iteration results: : total energy is -60.961735 | electron energy -61.163660 + phonon energy 0.201924 | electron momentum kIdx = 10
The 17-th iteration is completed.	|| time cost : 0h 0m 27.309s
********************************************************************************************************************
Start the 18 rounds of NGS-ED iteration
	effective electronic model is modified as: kinetic energy t = 0.825111
	                                           effective interaction Vq = [-2.80006,-2.59649,-2.35469,-2.59649,-2.59649,-2.35469,-2.37913,-2.35469,-2.35469,-2.37913,-2.26639,-2.37913,-2.59649,-2.35469,-2.37913,-2.35469]
	PARPACK diagonalization completed after 30 matrix-vector product operations.
	iteration results: : total energy is -60.961735 | electron energy -61.163669 + phonon energy 0.201934 | electron momentum kIdx = 10
The 18-th iteration is completed.	|| time cost : 0h 0m 27.394s
********************************************************************************************************************
Start the 19 rounds of NGS-ED iteration
	effective electronic model is modified as: kinetic energy t = 0.825109
	                                           effective interaction Vq = [-2.80006, -2.5965,-2.35469, -2.5965, -2.5965,-2.35469,-2.37914,-2.35469,-2.35469,-2.37914, -2.2664,-2.37914, -2.5965,-2.35469,-2.37914,-2.35469]
	PARPACK diagonalization completed after 30 matrix-vector product operations.
	iteration results: : total energy is -60.961735 | electron energy -61.163675 + phonon energy 0.201939 | electron momentum kIdx = 10
The 19-th iteration is completed.	|| time cost : 0h 0m 27.349s
********************************************************************************************************************
Start the 20 rounds of NGS-ED iteration
	effective electronic model is modified as: kinetic energy t = 0.825109
	                                           effective interaction Vq = [-2.80006, -2.5965, -2.3547, -2.5965, -2.5965, -2.3547,-2.37915, -2.3547, -2.3547,-2.37915, -2.2664,-2.37915, -2.5965, -2.3547,-2.37915, -2.3547]
	PARPACK diagonalization completed after 30 matrix-vector product operations.
	iteration results: : total energy is -60.961735 | electron energy -61.163678 + phonon energy 0.201942 | electron momentum kIdx = 10
	Nq(0) = 16,	Nq(1) = 0.308827,	Nq(2) = 0.336197,	Nq(3) = 0.308827,	Nq(4) = 0.308827,	Nq(5) = 0.336197,	Nq(6) = 0.505639,	Nq(7) = 0.336197,	Nq(8) = 0.336197,	Nq(9) = 0.505639,	Nq(10) = 0.542801,	Nq(11) = 0.505639,	Nq(12) = 0.308827,	Nq(13) = 0.336197,	Nq(14) = 0.505639,	Nq(15) = 0.336197,	Sq(0) = 4.79236e-18,	Sq(1) = 0.373799,	Sq(2) = 0.426512,	Sq(3) = 0.373799,	Sq(4) = 0.373799,	Sq(5) = 0.426512,	Sq(6) = 0.661703,	Sq(7) = 0.426512,	Sq(8) = 0.426512,	Sq(9) = 0.661703,	Sq(10) = 3.48107,	Sq(11) = 0.661703,	Sq(12) = 0.373799,	Sq(13) = 0.426512,	Sq(14) = 0.661703,	Sq(15) = 0.426512,	N(0) = 1.99117,	N(1) = 1.98345,	N(2) = 1,	N(3) = 1.98345,	N(4) = 1.98345,	N(5) = 1,	N(6) = 0.0165503,	N(7) = 1,	N(8) = 1,	N(9) = 0.0165503,	N(10) = 0.00883148,	N(11) = 0.0165503,	N(12) = 1.98345,	N(13) = 1,	N(14) = 0.0165503,	N(15) = 1,	Delta[s](0) = 0.227241,	Delta[s](1) = 0.215188,	Delta[s](2) = 0.176685,	Delta[s](3) = 0.215188,	Delta[s](4) = 0.215188,	Delta[s](5) = 0.176685,	Delta[s](6) = 0.16511,	Delta[s](7) = 0.176685,	Delta[s](8) = 0.176685,	Delta[s](9) = 0.16511,	Delta[s](10) = 0.100384,	Delta[s](11) = 0.16511,	Delta[s](12) = 0.215188,	Delta[s](13) = 0.176685,	Delta[s](14) = 0.16511,	Delta[s](15) = 0.176685,	Delta[d](0) = 0.533743,	Delta[d](1) = 0.361791,	Delta[d](2) = 0.321395,	Delta[d](3) = 0.361791,	Delta[d](4) = 0.361791,	Delta[d](5) = 0.398544,	Delta[d](6) = 0.301457,	Delta[d](7) = 0.398544,	Delta[d](8) = 0.321395,	Delta[d](9) = 0.301457,	Delta[d](10) = 0.265874,	Delta[d](11) = 0.301457,	Delta[d](12) = 0.361791,	Delta[d](13) = 0.398544,	Delta[d](14) = 0.301457,	Delta[d](15) = 0.398544,	Delta[s+](0) = 0.58033,	Delta[s+](1) = 0.477397,	Delta[s+](2) = 0.321395,	Delta[s+](3) = 0.477397,	Delta[s+](4) = 0.477397,	Delta[s+](5) = 0.321395,	Delta[s+](6) = 0.165676,	Delta[s+](7) = 0.321395,	Delta[s+](8) = 0.321395,	Delta[s+](9) = 0.165676,	Delta[s+](10) = 0.0527113,	Delta[s+](11) = 0.165676,	Delta[s+](12) = 0.477397,	Delta[s+](13) = 0.321395,	Delta[s+](14) = 0.165676,	Delta[s+](15) = 0.321395
The 20-th iteration is completed.	|| time cost : 0h 4m 24.442s
********************************************************************************************************************
Start the 21 rounds of NGS-ED iteration
	effective electronic model is modified as: kinetic energy t = 0.825108
	                                           effective interaction Vq = [-2.80006, -2.5965, -2.3547, -2.5965, -2.5965, -2.3547,-2.37915, -2.3547, -2.3547,-2.37915, -2.2664,-2.37915, -2.5965, -2.3547,-2.37915, -2.3547]
	PARPACK diagonalization completed after 30 matrix-vector product operations.
	iteration results: : total energy is -60.961735 | electron energy -61.163680 + phonon energy 0.201944 | electron momentum kIdx = 10
The 21-th iteration is completed.	|| time cost : 0h 0m 27.292s
********************************************************************************************************************
Start the 22 rounds of NGS-ED iteration
	effective electronic model is modified as: kinetic energy t = 0.825108
	                                           effective interaction Vq = [-2.80006, -2.5965, -2.3547, -2.5965, -2.5965, -2.3547,-2.37915, -2.3547, -2.3547,-2.37915,-2.26641,-2.37915, -2.5965, -2.3547,-2.37915, -2.3547]
	PARPACK diagonalization completed after 30 matrix-vector product operations.
	iteration results: : total energy is -60.961735 | electron energy -61.163681 + phonon energy 0.201946 | electron momentum kIdx = 10
The 22-th iteration is completed.	|| time cost : 0h 0m 27.305s
********************************************************************************************************************
Start the 23 rounds of NGS-ED iteration
	effective electronic model is modified as: kinetic energy t = 0.825108
	                                           effective interaction Vq = [-2.80006,-2.59651, -2.3547,-2.59651,-2.59651, -2.3547,-2.37915, -2.3547, -2.3547,-2.37915,-2.26641,-2.37915,-2.59651, -2.3547,-2.37915, -2.3547]
	PARPACK diagonalization completed after 30 matrix-vector product operations.
	iteration results: : total energy is -60.961735 | electron energy -61.163682 + phonon energy 0.201946 | electron momentum kIdx = 10
The 23-th iteration is completed.	|| time cost : 0h 0m 27.278s
********************************************************************************************************************
Start the 24 rounds of NGS-ED iteration
	effective electronic model is modified as: kinetic energy t = 0.825108
	                                           effective interaction Vq = [-2.80006,-2.59651, -2.3547,-2.59651,-2.59651, -2.3547,-2.37915, -2.3547, -2.3547,-2.37915,-2.26641,-2.37915,-2.59651, -2.3547,-2.37915, -2.3547]
	PARPACK diagonalization completed after 30 matrix-vector product operations.
	iteration results: : total energy is -60.961735 | electron energy -61.163682 + phonon energy 0.201947 | electron momentum kIdx = 10
The 24-th iteration is completed.	|| time cost : 0h 0m 27.297s
********************************************************************************************************************
Start the 25 rounds of NGS-ED iteration
	effective electronic model is modified as: kinetic energy t = 0.825108
	                                           effective interaction Vq = [-2.80006,-2.59651, -2.3547,-2.59651,-2.59651, -2.3547,-2.37915, -2.3547, -2.3547,-2.37915,-2.26641,-2.37915,-2.59651, -2.3547,-2.37915, -2.3547]
	PARPACK diagonalization completed after 30 matrix-vector product operations.
	iteration results: : total energy is -60.961735 | electron energy -61.163682 + phonon energy 0.201947 | electron momentum kIdx = 10
