SNEDics v3.4 Non-Gaussian ED ground state program		Start at Tue Oct  1 13:39:53 2019

parallized on 16 MPI threads  * 8 OpenMP threads = 128 total threads.
********************************************************************************************************************
********************************************************************************************************************

********************************************************************************************************************
System parameters and configurations
********************************************************************************************************************
Special program options are enabled: splitted diagonal Hamiltonian
********************************************************************************************************************
Read input file "model_params.in"
	Hubbard-Holstein model parameters : 	t = 1    U = 5.2    g = 4.1231    W = 5    
********************************************************************************************************************
Read input file "hilbertspace_params.in"
	Requested 16-site 2D lattice, with 16 electrons (8, 8)
	Boundary : Periodic		Hilbert space representation : momentum-space (restricted to kIdx = 0)
	Conservation: particle number[U(1)]      spin[U(1)]     momentum
********************************************************************************************************************

Cluster Positions:				Cluster symmetry group : D4
 x ... x ... x ... x .....                       x ... x ... x ... x .....
 |           |           :                       |           |           :
 |           |           :                       |           |           :
12    13    14    15     x                       1     5     6     5     x
 |           |           :                       |           |           :
 |           |           :                       |           |           :
 8 --- 9 ---10 ---11 --- x                       2 --- 6 ---10 --- 6 --- x
 |           |           :                       |           |           :
 |           |           :                       |           |           :
 4     5     6     7     x                       1     5     6     5     x
 |           |           :                       |           |           :
 |           |           :                       |           |           :
 0 --- 1 --- 2 --- 3 --- x                       0 --- 1 --- 2 --- 1 --- x
orbital number : 1
********************************************************************************************************************
Read input file "obs_params.in"
	Observable Type : Nq(All),   Sq(All),   N(All),   Delta[s](All),   Delta[d](All),   Delta[s+](All)
********************************************************************************************************************
** WARNING ** the input observables have non-local factors which have been reinterpreted. The total observable number is 96
********************************************************************************************************************


********************************************************************************************************************
Start calculating the non-Gaussian ED ground state
** WARNING ** Detected low phonon energy W < 10. The initial state will be prepared through a warm-up process.
********************************************************************************************************************
Start warm-up calculation for scaling factor 2
open output files: NGSEDWarmUpW10Obs.txt
********************************************************************************************************************
Start the 0 rounds of NGS-ED iteration
	effective electronic model is modified as: kinetic energy t = 1
	                                           effective interaction Vq = [-0,-0,-0,-0,-0,-0,-0,-0,-0,-0,-0,-0,-0,-0,-0,-0]
	first Hamiltonian is constructed, non-zero numbers = 2845383612
	PARPACK diagonalization completed after 90 matrix-vector product operations.
	iteration results: : total energy is -11.640864 | electron energy -11.640864 + phonon energy 0.000000 | electron momentum kIdx = 0
	Nq(0) = 16,	Nq(1) = 0.118834,	Nq(2) = 0.188114,	Nq(3) = 0.118834,	Nq(4) = 0.118834,	Nq(5) = 0.188114,	Nq(6) = 0.255109,	Nq(7) = 0.188114,	Nq(8) = 0.188114,	Nq(9) = 0.255109,	Nq(10) = 0.31476,	Nq(11) = 0.255109,	Nq(12) = 0.118834,	Nq(13) = 0.188114,	Nq(14) = 0.255109,	Nq(15) = 0.188114,	Sq(0) = -4.02188e-19,	Sq(1) = 0.426672,	Sq(2) = 0.63114,	Sq(3) = 0.426672,	Sq(4) = 0.426672,	Sq(5) = 0.63114,	Sq(6) = 0.848485,	Sq(7) = 0.63114,	Sq(8) = 0.63114,	Sq(9) = 0.848485,	Sq(10) = 4.17332,	Sq(11) = 0.848485,	Sq(12) = 0.426672,	Sq(13) = 0.63114,	Sq(14) = 0.848485,	Sq(15) = 0.63114,	N(0) = 1.88871,	N(1) = 1.76082,	N(2) = 1,	N(3) = 1.76082,	N(4) = 1.76082,	N(5) = 1,	N(6) = 0.23918,	N(7) = 1,	N(8) = 1,	N(9) = 0.23918,	N(10) = 0.111286,	N(11) = 0.23918,	N(12) = 1.76082,	N(13) = 1,	N(14) = 0.23918,	N(15) = 1,	Delta[s](0) = 0.138995,	Delta[s](1) = 0.117516,	Delta[s](2) = 0.0934257,	Delta[s](3) = 0.117516,	Delta[s](4) = 0.117516,	Delta[s](5) = 0.0934257,	Delta[s](6) = 0.0685016,	Delta[s](7) = 0.0934257,	Delta[s](8) = 0.0934257,	Delta[s](9) = 0.0685016,	Delta[s](10) = 0.0259869,	Delta[s](11) = 0.0685016,	Delta[s](12) = 0.117516,	Delta[s](13) = 0.0934257,	Delta[s](14) = 0.0685016,	Delta[s](15) = 0.0934257,	Delta[d](0) = 0.565462,	Delta[d](1) = 0.408003,	Delta[d](2) = 0.32033,	Delta[d](3) = 0.408003,	Delta[d](4) = 0.408003,	Delta[d](5) = 0.332567,	Delta[d](6) = 0.238307,	Delta[d](7) = 0.332567,	Delta[d](8) = 0.32033,	Delta[d](9) = 0.238307,	Delta[d](10) = 0.113342,	Delta[d](11) = 0.238307,	Delta[d](12) = 0.408003,	Delta[d](13) = 0.332567,	Delta[d](14) = 0.238307,	Delta[d](15) = 0.332567,	Delta[s+](0) = 0.601336,	Delta[s+](1) = 0.475953,	Delta[s+](2) = 0.32033,	Delta[s+](3) = 0.475953,	Delta[s+](4) = 0.475953,	Delta[s+](5) = 0.32033,	Delta[s+](6) = 0.170443,	Delta[s+](7) = 0.32033,	Delta[s+](8) = 0.32033,	Delta[s+](9) = 0.170443,	Delta[s+](10) = 0.0504528,	Delta[s+](11) = 0.170443,	Delta[s+](12) = 0.475953,	Delta[s+](13) = 0.32033,	Delta[s+](14) = 0.170443,	Delta[s+](15) = 0.32033
The 0-th iteration is completed.	|| time cost : 0h 8m 32.914s
********************************************************************************************************************
Start the 1 rounds of NGS-ED iteration
	effective electronic model is modified as: kinetic energy t = 0.920726
	                                           effective interaction Vq = [-2.93985,-2.62627, -2.5483,-2.62627,-2.62627, -2.5483,-2.51058, -2.5483, -2.5483,-2.51058,-2.47966,-2.51058,-2.62627, -2.5483,-2.51058, -2.5483]
	PARPACK diagonalization completed after 60 matrix-vector product operations.
	iteration results: : total energy is -68.758929 | electron energy -68.764241 + phonon energy 0.005312 | electron momentum kIdx = 0
The 1-th iteration is completed.	|| time cost : 0h 7m 44.327s
********************************************************************************************************************
Start the 2 rounds of NGS-ED iteration
	effective electronic model is modified as: kinetic energy t = 0.855073
	                                           effective interaction Vq = [-3.33772,-3.19225,-3.05766,-3.19225,-3.19225,-3.05766,-3.07603,-3.05766,-3.05766,-3.07603,-2.99826,-3.07603,-3.19225,-3.05766,-3.07603,-3.05766]
	PARPACK diagonalization completed after 75 matrix-vector product operations.
	iteration results: : total energy is -78.482753 | electron energy -78.532643 + phonon energy 0.049889 | electron momentum kIdx = 0
The 2-th iteration is completed.	|| time cost : 0h 0m 41.485s
********************************************************************************************************************
Start the 3 rounds of NGS-ED iteration
	effective electronic model is modified as: kinetic energy t = 0.815631
	                                           effective interaction Vq = [-3.39156, -3.3142,-3.27652, -3.3142, -3.3142,-3.27652,-3.22392,-3.27652,-3.27652,-3.22392,-3.22328,-3.22392, -3.3142,-3.27652,-3.22392,-3.27652]
	PARPACK diagonalization completed after 60 matrix-vector product operations.
	iteration results: : total energy is -80.249395 | electron energy -80.345343 + phonon energy 0.095948 | electron momentum kIdx = 0
The 3-th iteration is completed.	|| time cost : 0h 0m 36.787s
********************************************************************************************************************
Start the 4 rounds of NGS-ED iteration
	effective electronic model is modified as: kinetic energy t = 0.800594
	                                           effective interaction Vq = [-3.39885,-3.34374,-3.32775,-3.34374,-3.34374,-3.32775,-3.26568,-3.32775,-3.32775,-3.26568,-3.29883,-3.26568,-3.34374,-3.32775,-3.26568,-3.32775]
	PARPACK diagonalization completed after 45 matrix-vector product operations.
	iteration results: : total energy is -80.497578 | electron energy -80.619166 + phonon energy 0.121588 | electron momentum kIdx = 0
The 4-th iteration is completed.	|| time cost : 0h 0m 32.046s
********************************************************************************************************************
Start the 5 rounds of NGS-ED iteration
	effective electronic model is modified as: kinetic energy t = 0.795131
	                                           effective interaction Vq = [-3.39984,-3.35185,-3.33766,-3.35185,-3.35185,-3.33766,-3.27847,-3.33766,-3.33766,-3.27847, -3.3425,-3.27847,-3.35185,-3.33766,-3.27847,-3.33766]
	PARPACK diagonalization completed after 45 matrix-vector product operations.
	iteration results: : total energy is -80.564923 | electron energy -80.697959 + phonon energy 0.133036 | electron momentum kIdx = 0
The 5-th iteration is completed.	|| time cost : 0h 0m 32.052s
********************************************************************************************************************
Start the 6 rounds of NGS-ED iteration
	effective electronic model is modified as: kinetic energy t = 0.797559
	                                           effective interaction Vq = [-3.39997,-3.34886,-3.31187,-3.34886,-3.34886,-3.31187,-3.27407,-3.31187,-3.31187,-3.27407, -3.3774,-3.27407,-3.34886,-3.31187,-3.27407,-3.31187]
	PARPACK diagonalization completed after 45 matrix-vector product operations.
	iteration results: : total energy is -80.679761 | electron energy -80.815868 + phonon energy 0.136108 | electron momentum kIdx = 0
The 6-th iteration is completed.	|| time cost : 0h 0m 32.121s
********************************************************************************************************************
Start the 7 rounds of NGS-ED iteration
	effective electronic model is modified as: kinetic energy t = 0.805436
	                                           effective interaction Vq = [-3.39999,-3.33763,-3.25777,-3.33763,-3.33763,-3.25777,-3.25772,-3.25777,-3.25777,-3.25772,-3.38962,-3.25772,-3.33763,-3.25777,-3.25772,-3.25777]
	PARPACK diagonalization completed after 45 matrix-vector product operations.
	iteration results: : total energy is -80.745419 | electron energy -80.878152 + phonon energy 0.132733 | electron momentum kIdx = 0
The 7-th iteration is completed.	|| time cost : 0h 0m 32.089s
********************************************************************************************************************
Start the 8 rounds of NGS-ED iteration
	effective electronic model is modified as: kinetic energy t = 0.80947
	                                           effective interaction Vq = [-3.39999,-3.32946,-3.22902,-3.32946,-3.32946,-3.22902,-3.24639,-3.22902,-3.22902,-3.24639,  -3.393,-3.24639,-3.32946,-3.22902,-3.24639,-3.22902]
	PARPACK diagonalization completed after 30 matrix-vector product operations.
	iteration results: : total energy is -80.757861 | electron energy -80.887050 + phonon energy 0.129188 | electron momentum kIdx = 0
The 8-th iteration is completed.	|| time cost : 0h 0m 27.317s
********************************************************************************************************************
Start the 9 rounds of NGS-ED iteration
	effective electronic model is modified as: kinetic energy t = 0.811223
	                                           effective interaction Vq = [-3.39999,-3.32506, -3.2171,-3.32506,-3.32506, -3.2171,-3.24041, -3.2171, -3.2171,-3.24041,-3.39406,-3.24041,-3.32506, -3.2171,-3.24041, -3.2171]
	PARPACK diagonalization completed after 30 matrix-vector product operations.
	iteration results: : total energy is -80.759899 | electron energy -80.887098 + phonon energy 0.127198 | electron momentum kIdx = 0
The 9-th iteration is completed.	|| time cost : 0h 0m 27.359s
********************************************************************************************************************
Start the 10 rounds of NGS-ED iteration
	effective electronic model is modified as: kinetic energy t = 0.811972
	                                           effective interaction Vq = [-3.39999,-3.32291,-3.21238,-3.32291,-3.32291,-3.21238,-3.23751,-3.21238,-3.21238,-3.23751,-3.39443,-3.23751,-3.32291,-3.21238,-3.23751,-3.21238]
	PARPACK diagonalization completed after 30 matrix-vector product operations.
	iteration results: : total energy is -80.760237 | electron energy -80.886480 + phonon energy 0.126242 | electron momentum kIdx = 0
	Nq(0) = 16,	Nq(1) = 0.318649,	Nq(2) = 0.36261,	Nq(3) = 0.318649,	Nq(4) = 0.318649,	Nq(5) = 0.36261,	Nq(6) = 0.583904,	Nq(7) = 0.36261,	Nq(8) = 0.36261,	Nq(9) = 0.583904,	Nq(10) = 4.98673,	Nq(11) = 0.583904,	Nq(12) = 0.318649,	Nq(13) = 0.36261,	Nq(14) = 0.583904,	Nq(15) = 0.36261,	Sq(0) = -1.13389e-18,	Sq(1) = 0.249108,	Sq(2) = 0.313747,	Sq(3) = 0.249108,	Sq(4) = 0.249108,	Sq(5) = 0.313747,	Sq(6) = 0.4563,	Sq(7) = 0.313747,	Sq(8) = 0.313747,	Sq(9) = 0.4563,	Sq(10) = 0.523283,	Sq(11) = 0.4563,	Sq(12) = 0.249108,	Sq(13) = 0.313747,	Sq(14) = 0.4563,	Sq(15) = 0.313747,	N(0) = 1.98307,	N(1) = 1.9542,	N(2) = 1,	N(3) = 1.9542,	N(4) = 1.9542,	N(5) = 1,	N(6) = 0.0458007,	N(7) = 1,	N(8) = 1,	N(9) = 0.0458007,	N(10) = 0.0169343,	N(11) = 0.0458007,	N(12) = 1.9542,	N(13) = 1,	N(14) = 0.0458007,	N(15) = 1,	Delta[s](0) = 0.471118,	Delta[s](1) = 0.357453,	Delta[s](2) = 0.342543,	Delta[s](3) = 0.357453,	Delta[s](4) = 0.357453,	Delta[s](5) = 0.342543,	Delta[s](6) = 0.291897,	Delta[s](7) = 0.342543,	Delta[s](8) = 0.342543,	Delta[s](9) = 0.291897,	Delta[s](10) = 0.262525,	Delta[s](11) = 0.291897,	Delta[s](12) = 0.357453,	Delta[s](13) = 0.342543,	Delta[s](14) = 0.291897,	Delta[s](15) = 0.342543,	Delta[d](0) = 0.219831,	Delta[d](1) = 0.212375,	Delta[d](2) = 0.213182,	Delta[d](3) = 0.212375,	Delta[d](4) = 0.212375,	Delta[d](5) = 0.141295,	Delta[d](6) = 0.172755,	Delta[d](7) = 0.141295,	Delta[d](8) = 0.213182,	Delta[d](9) = 0.172755,	Delta[d](10) = 0.0627212,	Delta[d](11) = 0.172755,	Delta[d](12) = 0.212375,	Delta[d](13) = 0.141295,	Delta[d](14) = 0.172755,	Delta[d](15) = 0.141295,	Delta[s+](0) = 0.411464,	Delta[s+](1) = 0.3271,	Delta[s+](2) = 0.213182,	Delta[s+](3) = 0.3271,	Delta[s+](4) = 0.3271,	Delta[s+](5) = 0.213182,	Delta[s+](6) = 0.0974547,	Delta[s+](7) = 0.213182,	Delta[s+](8) = 0.213182,	Delta[s+](9) = 0.0974547,	Delta[s+](10) = 0.0349646,	Delta[s+](11) = 0.0974547,	Delta[s+](12) = 0.3271,	Delta[s+](13) = 0.213182,	Delta[s+](14) = 0.0974547,	Delta[s+](15) = 0.213182
The 10-th iteration is completed.	|| time cost : 0h 4m 28.231s
********************************************************************************************************************
Start the 11 rounds of NGS-ED iteration
	effective electronic model is modified as: kinetic energy t = 0.812292
	                                           effective interaction Vq = [-3.39999,-3.32192,-3.21053,-3.32192,-3.32192,-3.21053,-3.23616,-3.21053,-3.21053,-3.23616,-3.39456,-3.23616,-3.32192,-3.21053,-3.23616,-3.21053]
	PARPACK diagonalization completed after 30 matrix-vector product operations.
	iteration results: : total energy is -80.760295 | electron energy -80.886103 + phonon energy 0.125808 | electron momentum kIdx = 0
The 11-th iteration is completed.	|| time cost : 0h 0m 27.359s
********************************************************************************************************************
Start the 12 rounds of NGS-ED iteration
	effective electronic model is modified as: kinetic energy t = 0.812428
	                                           effective interaction Vq = [-3.39999,-3.32148, -3.2098,-3.32148,-3.32148, -3.2098,-3.23555, -3.2098, -3.2098,-3.23555,-3.39461,-3.23555,-3.32148, -3.2098,-3.23555, -3.2098]
	PARPACK diagonalization completed after 30 matrix-vector product operations.
	iteration results: : total energy is -80.760305 | electron energy -80.885920 + phonon energy 0.125614 | electron momentum kIdx = 0
The 12-th iteration is completed.	|| time cost : 0h 0m 27.309s
********************************************************************************************************************
Start the 13 rounds of NGS-ED iteration
	effective electronic model is modified as: kinetic energy t = 0.812486
	                                           effective interaction Vq = [-3.39999,-3.32128,-3.20951,-3.32128,-3.32128,-3.20951,-3.23528,-3.20951,-3.20951,-3.23528,-3.39463,-3.23528,-3.32128,-3.20951,-3.23528,-3.20951]
	PARPACK diagonalization completed after 30 matrix-vector product operations.
	iteration results: : total energy is -80.760307 | electron energy -80.885837 + phonon energy 0.125530 | electron momentum kIdx = 0
	Nq(0) = 16,	Nq(1) = 0.317937,	Nq(2) = 0.36209,	Nq(3) = 0.317937,	Nq(4) = 0.317937,	Nq(5) = 0.36209,	Nq(6) = 0.582846,	Nq(7) = 0.36209,	Nq(8) = 0.36209,	Nq(9) = 0.582846,	Nq(10) = 4.99783,	Nq(11) = 0.582846,	Nq(12) = 0.317937,	Nq(13) = 0.36209,	Nq(14) = 0.582846,	Nq(15) = 0.36209,	Sq(0) = -3.10518e-18,	Sq(1) = 0.248986,	Sq(2) = 0.313694,	Sq(3) = 0.248986,	Sq(4) = 0.248986,	Sq(5) = 0.313694,	Sq(6) = 0.45626,	Sq(7) = 0.313694,	Sq(8) = 0.313694,	Sq(9) = 0.45626,	Sq(10) = 0.523343,	Sq(11) = 0.45626,	Sq(12) = 0.248986,	Sq(13) = 0.313694,	Sq(14) = 0.45626,	Sq(15) = 0.313694,	N(0) = 1.98304,	N(1) = 1.95404,	N(2) = 1,	N(3) = 1.95404,	N(4) = 1.95404,	N(5) = 1,	N(6) = 0.0459552,	N(7) = 1,	N(8) = 1,	N(9) = 0.0459552,	N(10) = 0.0169588,	N(11) = 0.0459552,	N(12) = 1.95404,	N(13) = 1,	N(14) = 0.0459552,	N(15) = 1,	Delta[s](0) = 0.470479,	Delta[s](1) = 0.357525,	Delta[s](2) = 0.342572,	Delta[s](3) = 0.357525,	Delta[s](4) = 0.357525,	Delta[s](5) = 0.342572,	Delta[s](6) = 0.291983,	Delta[s](7) = 0.342572,	Delta[s](8) = 0.342572,	Delta[s](9) = 0.291983,	Delta[s](10) = 0.262804,	Delta[s](11) = 0.291983,	Delta[s](12) = 0.357525,	Delta[s](13) = 0.342572,	Delta[s](14) = 0.291983,	Delta[s](15) = 0.342572,	Delta[d](0) = 0.219649,	Delta[d](1) = 0.212157,	Delta[d](2) = 0.213063,	Delta[d](3) = 0.212157,	Delta[d](4) = 0.212157,	Delta[d](5) = 0.141102,	Delta[d](6) = 0.172518,	Delta[d](7) = 0.141102,	Delta[d](8) = 0.213063,	Delta[d](9) = 0.172518,	Delta[d](10) = 0.062515,	Delta[d](11) = 0.172518,	Delta[d](12) = 0.212157,	Delta[d](13) = 0.141102,	Delta[d](14) = 0.172518,	Delta[d](15) = 0.141102,	Delta[s+](0) = 0.411498,	Delta[s+](1) = 0.327022,	Delta[s+](2) = 0.213063,	Delta[s+](3) = 0.327022,	Delta[s+](4) = 0.327022,	Delta[s+](5) = 0.213063,	Delta[s+](6) = 0.0972962,	Delta[s+](7) = 0.213063,	Delta[s+](8) = 0.213063,	Delta[s+](9) = 0.0972962,	Delta[s+](10) = 0.0348586,	Delta[s+](11) = 0.0972962,	Delta[s+](12) = 0.327022,	Delta[s+](13) = 0.213063,	Delta[s+](14) = 0.0972962,	Delta[s+](15) = 0.213063
The 13-th iteration is completed.	|| time cost : 0h 4m 30.118s
********************************************************************************************************************
********************************************************************************************************************
Ground state is obtained after 14 iterations. The current ground-state energy is -80.7603, in which electron energy is -80.8858 and phonon energy is 0.12553
final variational state is: 
	Gamma_x = [      1, 1.0283,1.04549, 1.0283, 1.0283,1.04549,1.07038,1.04549,1.04549,1.07038,1.13781,1.07038, 1.0283,1.04549,1.07038,1.04549]
	lambda_q = [0.583094,0.494325,0.445037,0.494325,0.494325,0.445037,0.454707,0.445037,0.445037,0.454707,0.559956,0.454707,0.494325,0.445037,0.454707,0.445037]
********************************************************************************************************************
o___o  ----------------------------------------
| L |	Time since last clock: 0h 0m 0s
A===A	Time since the beginning: 0h 30m 31.52s
***********************************************


********************************************************************************************************************
Warm up runs have been completed. Start calculating W = 5 phonon.
open output files: NGSEDIterationObs.txt
********************************************************************************************************************
Start the 0 rounds of NGS-ED iteration
	effective electronic model is modified as: kinetic energy t = 0.81251
	                                           effective interaction Vq = [-3.10832,-2.85452,-2.67957,-2.85452,-2.85452,-2.67957,-2.71581,-2.67957,-2.67957,-2.71581,-3.04975,-2.71581,-2.85452,-2.67957,-2.71581,-2.67957]
	PARPACK diagonalization completed after 45 matrix-vector product operations.
	iteration results: : total energy is -71.612628 | electron energy -71.675374 + phonon energy 0.062746 | electron momentum kIdx = 0
	Nq(0) = 16,	Nq(1) = 0.311996,	Nq(2) = 0.34715,	Nq(3) = 0.311996,	Nq(4) = 0.311996,	Nq(5) = 0.34715,	Nq(6) = 0.54532,	Nq(7) = 0.34715,	Nq(8) = 0.34715,	Nq(9) = 0.54532,	Nq(10) = 4.61551,	Nq(11) = 0.54532,	Nq(12) = 0.311996,	Nq(13) = 0.34715,	Nq(14) = 0.54532,	Nq(15) = 0.34715,	Sq(0) = 7.61189e-18,	Sq(1) = 0.287621,	Sq(2) = 0.341404,	Sq(3) = 0.287621,	Sq(4) = 0.287621,	Sq(5) = 0.341404,	Sq(6) = 0.522512,	Sq(7) = 0.341404,	Sq(8) = 0.341404,	Sq(9) = 0.522512,	Sq(10) = 0.583374,	Sq(11) = 0.522512,	Sq(12) = 0.287621,	Sq(13) = 0.341404,	Sq(14) = 0.522512,	Sq(15) = 0.341404,	N(0) = 1.99214,	N(1) = 1.97549,	N(2) = 1,	N(3) = 1.97549,	N(4) = 1.97549,	N(5) = 1,	N(6) = 0.024513,	N(7) = 1,	N(8) = 1,	N(9) = 0.024513,	N(10) = 0.00786277,	N(11) = 0.024513,	N(12) = 1.97549,	N(13) = 1,	N(14) = 0.024513,	N(15) = 1,	Delta[s](0) = 0.395888,	Delta[s](1) = 0.332798,	Delta[s](2) = 0.322194,	Delta[s](3) = 0.332798,	Delta[s](4) = 0.332798,	Delta[s](5) = 0.322194,	Delta[s](6) = 0.283287,	Delta[s](7) = 0.322194,	Delta[s](8) = 0.322194,	Delta[s](9) = 0.283287,	Delta[s](10) = 0.270442,	Delta[s](11) = 0.283287,	Delta[s](12) = 0.332798,	Delta[s](13) = 0.322194,	Delta[s](14) = 0.283287,	Delta[s](15) = 0.322194,	Delta[d](0) = 0.229777,	Delta[d](1) = 0.227938,	Delta[d](2) = 0.230733,	Delta[d](3) = 0.227938,	Delta[d](4) = 0.227938,	Delta[d](5) = 0.150441,	Delta[d](6) = 0.186473,	Delta[d](7) = 0.150441,	Delta[d](8) = 0.230733,	Delta[d](9) = 0.186473,	Delta[d](10) = 0.0710844,	Delta[d](11) = 0.186473,	Delta[d](12) = 0.227938,	Delta[d](13) = 0.150441,	Delta[d](14) = 0.186473,	Delta[d](15) = 0.150441,	Delta[s+](0) = 0.453788,	Delta[s+](1) = 0.354647,	Delta[s+](2) = 0.230733,	Delta[s+](3) = 0.354647,	Delta[s+](4) = 0.354647,	Delta[s+](5) = 0.230733,	Delta[s+](6) = 0.106563,	Delta[s+](7) = 0.230733,	Delta[s+](8) = 0.230733,	Delta[s+](9) = 0.106563,	Delta[s+](10) = 0.0396811,	Delta[s+](11) = 0.106563,	Delta[s+](12) = 0.354647,	Delta[s+](13) = 0.230733,	Delta[s+](14) = 0.106563,	Delta[s+](15) = 0.230733
The 0-th iteration is completed.	|| time cost : 0h 4m 31.34s
********************************************************************************************************************
Start the 1 rounds of NGS-ED iteration
	effective electronic model is modified as: kinetic energy t = 0.786807
	                                           effective interaction Vq = [-3.29269,-3.02576,-2.80578,-3.02576,-3.02576,-2.80578,-2.85034,-2.80578,-2.80578,-2.85034,-3.25835,-2.85034,-3.02576,-2.80578,-2.85034,-2.80578]
	PARPACK diagonalization completed after 30 matrix-vector product operations.
	iteration results: : total energy is -75.643067 | electron energy -75.837353 + phonon energy 0.194286 | electron momentum kIdx = 0
The 1-th iteration is completed.	|| time cost : 0h 0m 27.384s
********************************************************************************************************************
Start the 2 rounds of NGS-ED iteration
	effective electronic model is modified as: kinetic energy t = 0.774434
	                                           effective interaction Vq = [-3.36052,-3.08525,-2.85897,-3.08525,-3.08525,-2.85897,  -2.902,-2.85897,-2.85897,  -2.902,-3.34212,  -2.902,-3.08525,-2.85897,  -2.902,-2.85897]
	PARPACK diagonalization completed after 30 matrix-vector product operations.
	iteration results: : total energy is -77.126218 | electron energy -77.407140 + phonon energy 0.280922 | electron momentum kIdx = 0
The 2-th iteration is completed.	|| time cost : 0h 0m 27.338s
********************************************************************************************************************
Start the 3 rounds of NGS-ED iteration
	effective electronic model is modified as: kinetic energy t = 0.769215
	                                           effective interaction Vq = [-3.38547,-3.10308,-2.87946,-3.10308,-3.10308,-2.87946,-2.91871,-2.87946,-2.87946,-2.91871,-3.37331,-2.91871,-3.10308,-2.87946,-2.91871,-2.87946]
	PARPACK diagonalization completed after 30 matrix-vector product operations.
	iteration results: : total energy is -77.649182 | electron energy -77.975092 + phonon energy 0.325910 | electron momentum kIdx = 0
The 3-th iteration is completed.	|| time cost : 0h 0m 27.405s
********************************************************************************************************************
Start the 4 rounds of NGS-ED iteration
	effective electronic model is modified as: kinetic energy t = 0.767167
	                                           effective interaction Vq = [-3.39465,-3.10699,-2.88695,-3.10699,-3.10699,-2.88695, -2.9229,-2.88695,-2.88695, -2.9229,-3.38511, -2.9229,-3.10699,-2.88695, -2.9229,-2.88695]
	PARPACK diagonalization completed after 30 matrix-vector product operations.
	iteration results: : total energy is -77.830807 | electron energy -78.178569 + phonon energy 0.347762 | electron momentum kIdx = 0
The 4-th iteration is completed.	|| time cost : 0h 0m 27.316s
********************************************************************************************************************
Start the 5 rounds of NGS-ED iteration
	effective electronic model is modified as: kinetic energy t = 0.766438
	                                           effective interaction Vq = [-3.39803,-3.10666,-2.88941,-3.10666,-3.10666,-2.88941,-2.92299,-2.88941,-2.88941,-2.92299,-3.38988,-2.92299,-3.10666,-2.88941,-2.92299,-2.88941]
	PARPACK diagonalization completed after 30 matrix-vector product operations.
	iteration results: : total energy is -77.894097 | electron energy -78.252168 + phonon energy 0.358072 | electron momentum kIdx = 0
The 5-th iteration is completed.	|| time cost : 0h 0m 27.285s
********************************************************************************************************************
Start the 6 rounds of NGS-ED iteration
	effective electronic model is modified as: kinetic energy t = 0.766241
	                                           effective interaction Vq = [-3.39927,-3.10531,-2.88996,-3.10531,-3.10531,-2.88996,-2.92192,-2.88996,-2.88996,-2.92192,-3.39195,-2.92192,-3.10531,-2.88996,-2.92192,-2.88996]
	PARPACK diagonalization completed after 30 matrix-vector product operations.
	iteration results: : total energy is -77.916388 | electron energy -78.279153 + phonon energy 0.362765 | electron momentum kIdx = 0
The 6-th iteration is completed.	|| time cost : 0h 0m 27.355s
********************************************************************************************************************
Start the 7 rounds of NGS-ED iteration
	effective electronic model is modified as: kinetic energy t = 0.766247
	                                           effective interaction Vq = [-3.39972,-3.10392, -2.8898,-3.10392,-3.10392, -2.8898,-2.92069, -2.8898, -2.8898,-2.92069,-3.39291,-2.92069,-3.10392, -2.8898,-2.92069, -2.8898]
	PARPACK diagonalization completed after 30 matrix-vector product operations.
	iteration results: : total energy is -77.924332 | electron energy -78.289111 + phonon energy 0.364779 | electron momentum kIdx = 0
The 7-th iteration is completed.	|| time cost : 0h 0m 27.391s
********************************************************************************************************************
Start the 8 rounds of NGS-ED iteration
	effective electronic model is modified as: kinetic energy t = 0.766318
	                                           effective interaction Vq = [-3.39989,-3.10277,-2.88944,-3.10277,-3.10277,-2.88944,-2.91961,-2.88944,-2.88944,-2.91961,-3.39337,-2.91961,-3.10277,-2.88944,-2.91961,-2.88944]
	PARPACK diagonalization completed after 30 matrix-vector product operations.
	iteration results: : total energy is -77.927191 | electron energy -78.292746 + phonon energy 0.365555 | electron momentum kIdx = 0
The 8-th iteration is completed.	|| time cost : 0h 0m 27.39s
********************************************************************************************************************
Start the 9 rounds of NGS-ED iteration
	effective electronic model is modified as: kinetic energy t = 0.7664
	                                           effective interaction Vq = [-3.39995, -3.1019,-2.88906, -3.1019, -3.1019,-2.88906,-2.91876,-2.88906,-2.88906,-2.91876, -3.3936,-2.91876, -3.1019,-2.88906,-2.91876,-2.88906]
	PARPACK diagonalization completed after 30 matrix-vector product operations.
	iteration results: : total energy is -77.928228 | electron energy -78.294013 + phonon energy 0.365785 | electron momentum kIdx = 0
The 9-th iteration is completed.	|| time cost : 0h 0m 27.343s
********************************************************************************************************************
Start the 10 rounds of NGS-ED iteration
	effective electronic model is modified as: kinetic energy t = 0.766472
	                                           effective interaction Vq = [-3.39998,-3.10127,-2.88874,-3.10127,-3.10127,-2.88874,-2.91812,-2.88874,-2.88874,-2.91812,-3.39372,-2.91812,-3.10127,-2.88874,-2.91812,-2.88874]
	PARPACK diagonalization completed after 30 matrix-vector product operations.
	iteration results: : total energy is -77.928606 | electron energy -78.294398 + phonon energy 0.365792 | electron momentum kIdx = 0
	Nq(0) = 16,	Nq(1) = 0.235707,	Nq(2) = 0.304319,	Nq(3) = 0.235707,	Nq(4) = 0.235707,	Nq(5) = 0.304319,	Nq(6) = 0.456496,	Nq(7) = 0.304319,	Nq(8) = 0.304319,	Nq(9) = 0.456496,	Nq(10) = 6.66798,	Nq(11) = 0.456496,	Nq(12) = 0.235707,	Nq(13) = 0.304319,	Nq(14) = 0.456496,	Nq(15) = 0.304319,	Sq(0) = -8.41243e-19,	Sq(1) = 0.210894,	Sq(2) = 0.288273,	Sq(3) = 0.210894,	Sq(4) = 0.210894,	Sq(5) = 0.288273,	Sq(6) = 0.416682,	Sq(7) = 0.288273,	Sq(8) = 0.288273,	Sq(9) = 0.416682,	Sq(10) = 0.49735,	Sq(11) = 0.416682,	Sq(12) = 0.210894,	Sq(13) = 0.288273,	Sq(14) = 0.416682,	Sq(15) = 0.288273,	N(0) = 1.96852,	N(1) = 1.90372,	N(2) = 1,	N(3) = 1.90372,	N(4) = 1.90372,	N(5) = 1,	N(6) = 0.0962827,	N(7) = 1,	N(8) = 1,	N(9) = 0.0962827,	N(10) = 0.0314766,	N(11) = 0.0962827,	N(12) = 1.90372,	N(13) = 1,	N(14) = 0.0962827,	N(15) = 1,	Delta[s](0) = 0.419442,	Delta[s](1) = 0.369594,	Delta[s](2) = 0.354075,	Delta[s](3) = 0.369594,	Delta[s](4) = 0.369594,	Delta[s](5) = 0.354075,	Delta[s](6) = 0.32537,	Delta[s](7) = 0.354075,	Delta[s](8) = 0.354075,	Delta[s](9) = 0.32537,	Delta[s](10) = 0.307603,	Delta[s](11) = 0.32537,	Delta[s](12) = 0.369594,	Delta[s](13) = 0.354075,	Delta[s](14) = 0.32537,	Delta[s](15) = 0.354075,	Delta[d](0) = 0.199087,	Delta[d](1) = 0.186688,	Delta[d](2) = 0.201562,	Delta[d](3) = 0.186688,	Delta[d](4) = 0.186688,	Delta[d](5) = 0.131059,	Delta[d](6) = 0.149571,	Delta[d](7) = 0.131059,	Delta[d](8) = 0.201562,	Delta[d](9) = 0.149571,	Delta[d](10) = 0.0629571,	Delta[d](11) = 0.149571,	Delta[d](12) = 0.186688,	Delta[d](13) = 0.131059,	Delta[d](14) = 0.149571,	Delta[d](15) = 0.131059,	Delta[s+](0) = 0.409703,	Delta[s+](1) = 0.313702,	Delta[s+](2) = 0.201562,	Delta[s+](3) = 0.313702,	Delta[s+](4) = 0.313702,	Delta[s+](5) = 0.201562,	Delta[s+](6) = 0.0903184,	Delta[s+](7) = 0.201562,	Delta[s+](8) = 0.201562,	Delta[s+](9) = 0.0903184,	Delta[s+](10) = 0.0365082,	Delta[s+](11) = 0.0903184,	Delta[s+](12) = 0.313702,	Delta[s+](13) = 0.201562,	Delta[s+](14) = 0.0903184,	Delta[s+](15) = 0.201562
The 10-th iteration is completed.	|| time cost : 0h 4m 21.041s
********************************************************************************************************************
Start the 11 rounds of NGS-ED iteration
	effective electronic model is modified as: kinetic energy t = 0.766529
	                                           effective interaction Vq = [-3.39999,-3.10082,-2.88849,-3.10082,-3.10082,-2.88849,-2.91766,-2.88849,-2.88849,-2.91766,-3.39378,-2.91766,-3.10082,-2.88849,-2.91766,-2.88849]
	PARPACK diagonalization completed after 30 matrix-vector product operations.
	iteration results: : total energy is -77.928745 | electron energy -78.294468 + phonon energy 0.365723 | electron momentum kIdx = 0
The 11-th iteration is completed.	|| time cost : 0h 0m 27.354s
********************************************************************************************************************
Start the 12 rounds of NGS-ED iteration
	effective electronic model is modified as: kinetic energy t = 0.766572
	                                           effective interaction Vq = [-3.39999,-3.10051, -2.8883,-3.10051,-3.10051, -2.8883,-2.91733, -2.8883, -2.8883,-2.91733,-3.39381,-2.91733,-3.10051, -2.8883,-2.91733, -2.8883]
	PARPACK diagonalization completed after 30 matrix-vector product operations.
	iteration results: : total energy is -77.928796 | electron energy -78.294434 + phonon energy 0.365639 | electron momentum kIdx = 0
The 12-th iteration is completed.	|| time cost : 0h 0m 27.339s
********************************************************************************************************************
Start the 13 rounds of NGS-ED iteration
	effective electronic model is modified as: kinetic energy t = 0.766603
	                                           effective interaction Vq = [-3.39999,-3.10029,-2.88816,-3.10029,-3.10029,-2.88816, -2.9171,-2.88816,-2.88816, -2.9171,-3.39382, -2.9171,-3.10029,-2.88816, -2.9171,-2.88816]
	PARPACK diagonalization completed after 30 matrix-vector product operations.
	iteration results: : total energy is -77.928815 | electron energy -78.294378 + phonon energy 0.365563 | electron momentum kIdx = 0
The 13-th iteration is completed.	|| time cost : 0h 0m 27.34s
********************************************************************************************************************
Start the 14 rounds of NGS-ED iteration
	effective electronic model is modified as: kinetic energy t = 0.766626
	                                           effective interaction Vq = [-3.39999,-3.10015,-2.88806,-3.10015,-3.10015,-2.88806,-2.91694,-2.88806,-2.88806,-2.91694,-3.39383,-2.91694,-3.10015,-2.88806,-2.91694,-2.88806]
	PARPACK diagonalization completed after 30 matrix-vector product operations.
	iteration results: : total energy is -77.928822 | electron energy -78.294324 + phonon energy 0.365502 | electron momentum kIdx = 0
The 14-th iteration is completed.	|| time cost : 0h 0m 27.411s
********************************************************************************************************************
Start the 15 rounds of NGS-ED iteration
	effective electronic model is modified as: kinetic energy t = 0.766641
	                                           effective interaction Vq = [-3.39999,-3.10004,-2.88799,-3.10004,-3.10004,-2.88799,-2.91683,-2.88799,-2.88799,-2.91683,-3.39384,-2.91683,-3.10004,-2.88799,-2.91683,-2.88799]
	PARPACK diagonalization completed after 30 matrix-vector product operations.
	iteration results: : total energy is -77.928824 | electron energy -78.294281 + phonon energy 0.365457 | electron momentum kIdx = 0
The 15-th iteration is completed.	|| time cost : 0h 0m 27.344s
********************************************************************************************************************
Start the 16 rounds of NGS-ED iteration
	effective electronic model is modified as: kinetic energy t = 0.766652
	                                           effective interaction Vq = [-3.39999,-3.09998,-2.88794,-3.09998,-3.09998,-2.88794,-2.91675,-2.88794,-2.88794,-2.91675,-3.39384,-2.91675,-3.09998,-2.88794,-2.91675,-2.88794]
	PARPACK diagonalization completed after 30 matrix-vector product operations.
	iteration results: : total energy is -77.928825 | electron energy -78.294248 + phonon energy 0.365423 | electron momentum kIdx = 0
The 16-th iteration is completed.	|| time cost : 0h 0m 27.312s
********************************************************************************************************************
Start the 17 rounds of NGS-ED iteration
	effective electronic model is modified as: kinetic energy t = 0.76666
	                                           effective interaction Vq = [-3.39999,-3.09993,-2.88791,-3.09993,-3.09993,-2.88791, -2.9167,-2.88791,-2.88791, -2.9167,-3.39384, -2.9167,-3.09993,-2.88791, -2.9167,-2.88791]
	PARPACK diagonalization completed after 30 matrix-vector product operations.
	iteration results: : total energy is -77.928825 | electron energy -78.294225 + phonon energy 0.365399 | electron momentum kIdx = 0
The 17-th iteration is completed.	|| time cost : 0h 0m 27.26s
********************************************************************************************************************
Start the 18 rounds of NGS-ED iteration
	effective electronic model is modified as: kinetic energy t = 0.766665
	                                           effective interaction Vq = [-3.39999, -3.0999,-2.88789, -3.0999, -3.0999,-2.88789,-2.91666,-2.88789,-2.88789,-2.91666,-3.39384,-2.91666, -3.0999,-2.88789,-2.91666,-2.88789]
	PARPACK diagonalization completed after 30 matrix-vector product operations.
	iteration results: : total energy is -77.928826 | electron energy -78.294208 + phonon energy 0.365382 | electron momentum kIdx = 0
The 18-th iteration is completed.	|| time cost : 0h 0m 27.342s
********************************************************************************************************************
Start the 19 rounds of NGS-ED iteration
	effective electronic model is modified as: kinetic energy t = 0.766669
	                                           effective interaction Vq = [-3.39999,-3.09987,-2.88787,-3.09987,-3.09987,-2.88787,-2.91664,-2.88787,-2.88787,-2.91664,-3.39384,-2.91664,-3.09987,-2.88787,-2.91664,-2.88787]
	PARPACK diagonalization completed after 30 matrix-vector product operations.
	iteration results: : total energy is -77.928826 | electron energy -78.294196 + phonon energy 0.365371 | electron momentum kIdx = 0
The 19-th iteration is completed.	|| time cost : 0h 0m 27.361s
********************************************************************************************************************
Start the 20 rounds of NGS-ED iteration
	effective electronic model is modified as: kinetic energy t = 0.766671
	                                           effective interaction Vq = [-3.39999,-3.09986,-2.88786,-3.09986,-3.09986,-2.88786,-2.91662,-2.88786,-2.88786,-2.91662,-3.39384,-2.91662,-3.09986,-2.88786,-2.91662,-2.88786]
	PARPACK diagonalization completed after 30 matrix-vector product operations.
	iteration results: : total energy is -77.928826 | electron energy -78.294188 + phonon energy 0.365362 | electron momentum kIdx = 0
