SNEDics v3.22.2 Non-Gaussian ED ground state program		Start at Fri May 27 03:02:50 2022

Parallelization: 32 MPI threads  * 8 OpenMP threads = 256 total threads.
********************************************************************************************************************
********************************************************************************************************************

********************************************************************************************************************
System parameters and configurations
	special program options are enabled: splitted diagonal Hamiltonian | splitted Hamiltonian terms
********************************************************************************************************************
Read input file "model_params.in"
	Hubbard-Holstein model parameters : 	t = 1    t' = -0.3    U = 8    g = 0.45    W = 0.2    g' = 0.05    
********************************************************************************************************************
Read input file "hilbertspace_params.in"
	Requested 16-site 2D lattice, with 12 electrons (6, 6)
	Boundary : Periodic		Hilbert space representation : momentum-space (restricted to kIdx = 10)
	Conservation: particle number[U(1)]      spin[U(1)]     momentum
********************************************************************************************************************

Cluster Positions:				Cluster symmetry group : D4
 x ... x ... x ... x .....                       x ... x ... x ... x .....
 |           |           :                       |           |           :
 |           |           :                       |           |           :
12    13    14    15     x                       1     5     6     5     x
 |           |           :                       |           |           :
 |           |           :                       |           |           :
 8 --- 9 ---10 ---11 --- x                       2 --- 6 ---10 --- 6 --- x
 |           |           :                       |           |           :
 |           |           :                       |           |           :
 4     5     6     7     x                       1     5     6     5     x
 |           |           :                       |           |           :
 |           |           :                       |           |           :
 0 --- 1 --- 2 --- 3 --- x                       0 --- 1 --- 2 --- 1 --- x
orbital number : 1
********************************************************************************************************************
Read input file "obs_params.in"
	Observable Type : Nq(All),   Sq(All),   N(All-Orbital),   Delta[s](All),   Delta[d](All),   Delta[s+](All)
** WARNING ** the input observables have non-local factors which have been reinterpreted. The total observable number is 96
********************************************************************************************************************


********************************************************************************************************************
Start calculating the non-Gaussian ED ground state
Maximal iteration number is 1000; energy resolution is 1e-06. Phonon state relaxation time is 2000
W = 0.2 is relatively large. The non-Gaussian ED calculation starts directly.
open output files: NGSED_iteration_observables.txt
********************************************************************************************************************
Start the 0 rounds of NGS-ED iteration
	effective electronic model is modified as: kinetic energy t = 1, t' = -0.3
	                                           effective interaction Vq = [0,0,0,0,0,0,0,0,0,0,0,0,0,0,0,0]
	first Hamiltonian is constructed, size = 4008592 and non-zero numbers = 969952276
	PARPACK diagonalization completed after 120 matrix-vector product operations.
	iteration results: : total energy is -14.904199 | electron energy -14.904199 + phonon energy 0.000000 | electron momentum kIdx = 10
	Nq(0) = 9,	Nq(1) = 0.183693,	Nq(2) = 0.250775,	Nq(3) = 0.183693,	Nq(4) = 0.183693,	Nq(5) = 0.258947,	
	Nq(6) = 0.308855,	Nq(7) = 0.258947,	Nq(8) = 0.250775,	Nq(9) = 0.308855,	Nq(10) = 0.355902,	
	Nq(11) = 0.308855,	Nq(12) = 0.183693,	Nq(13) = 0.258947,	Nq(14) = 0.308855,	Nq(15) = 0.258947;	
	Sq(0) = 3.45099e-18,	Sq(1) = 0.504384,	Sq(2) = 0.469115,	Sq(3) = 0.504384,	Sq(4) = 0.504384,	
	Sq(5) = 0.735911,	Sq(6) = 0.943053,	Sq(7) = 0.735911,	Sq(8) = 0.469115,	Sq(9) = 0.943053,	
	Sq(10) = 1.46495,	Sq(11) = 0.943053,	Sq(12) = 0.504384,	Sq(13) = 0.735911,	Sq(14) = 0.943053,	
	Sq(15) = 0.735911;	N(0) = 1.70338,	N(1) = 1.58882,	N(2) = 1.04187,	N(3) = 1.58882,	
	N(4) = 1.58882,	N(5) = 0.289608,	N(6) = 0.157281,	N(7) = 0.289608,	N(8) = 1.04187,	
	N(9) = 0.157281,	N(10) = 0.0700575,	N(11) = 0.157281,	N(12) = 1.58882,	N(13) = 0.289608,	
	N(14) = 0.157281,	N(15) = 0.289608;	Delta[s](0) = 0.0599692,	Delta[s](1) = 0.0412414,	Delta[s](2) = 0.0323884,	
	Delta[s](3) = 0.0412414,	Delta[s](4) = 0.0412414,	Delta[s](5) = 0.0224648,	Delta[s](6) = 0.012497,	Delta[s](7) = 0.0224648,	
	Delta[s](8) = 0.0323884,	Delta[s](9) = 0.012497,	Delta[s](10) = 0.00215817,	Delta[s](11) = 0.012497,	Delta[s](12) = 0.0412414,	
	Delta[s](13) = 0.0224648,	Delta[s](14) = 0.012497,	Delta[s](15) = 0.0224648;	Delta[d](0) = 0.273315,	Delta[d](1) = 0.219982,	
	Delta[d](2) = 0.26185,	Delta[d](3) = 0.219982,	Delta[d](4) = 0.219982,	Delta[d](5) = 0.148355,	Delta[d](6) = 0.197269,	
	Delta[d](7) = 0.148355,	Delta[d](8) = 0.26185,	Delta[d](9) = 0.197269,	Delta[d](10) = 0.328499,	Delta[d](11) = 0.197269,	
	Delta[d](12) = 0.219982,	Delta[d](13) = 0.148355,	Delta[d](14) = 0.197269,	Delta[d](15) = 0.148355;	Delta[s+](0) = 0.499664,	
	Delta[s+](1) = 0.348885,	Delta[s+](2) = 0.26185,	Delta[s+](3) = 0.348885,	Delta[s+](4) = 0.348885,	Delta[s+](5) = 0.15817,	
	Delta[s+](6) = 0.0715533,	Delta[s+](7) = 0.15817,	Delta[s+](8) = 0.26185,	Delta[s+](9) = 0.0715533,	Delta[s+](10) = 0.0234632,	
	Delta[s+](11) = 0.0715533,	Delta[s+](12) = 0.348885,	Delta[s+](13) = 0.15817,	Delta[s+](14) = 0.0715533,	Delta[s+](15) = 0.15817
	
The 0-th iteration is completed.	|| time cost : 0h 2m 2.509s
********************************************************************************************************************
Start the 1 rounds of NGS-ED iteration
	effective electronic model is modified as: kinetic energy t = 0.990513, t' = -0.295838
	                                           effective interaction Vq = [   -2.1125, -0.206068,-0.0912656, -0.206068, -0.206068,-0.0967081,-0.0451916,-0.0967081,-0.0912656,-0.0451916,-0.0196956,-0.0451916, -0.206068,-0.0967081,-0.0451916,-0.0967081]
	PARPACK diagonalization completed after 45 matrix-vector product operations.
	iteration results: : total energy is -34.090777 | electron energy -34.102582 + phonon energy 0.011804 | electron momentum kIdx = 10
The 1-th iteration is completed.	|| time cost : 0h 1m 18.056s
********************************************************************************************************************
Start the 2 rounds of NGS-ED iteration
	effective electronic model is modified as: kinetic energy t = 0.990378, t' = -0.295754
	                                           effective interaction Vq = [   -2.1125, -0.210488,-0.0910203, -0.210488, -0.210488,-0.0969913,-0.0449723,-0.0969913,-0.0910203,-0.0449723,-0.0195618,-0.0449723, -0.210488,-0.0969913,-0.0449723,-0.0969913]
	PARPACK diagonalization completed after 30 matrix-vector product operations.
	iteration results: : total energy is -34.090807 | electron energy -34.103201 + phonon energy 0.012394 | electron momentum kIdx = 10
The 2-th iteration is completed.	|| time cost : 0h 0m 9.564s
********************************************************************************************************************
Start the 3 rounds of NGS-ED iteration
	effective electronic model is modified as: kinetic energy t = 0.990375, t' = -0.295752
	                                           effective interaction Vq = [   -2.1125, -0.210622,-0.0910019, -0.210622, -0.210622,-0.0969859,-0.0449667,-0.0969859,-0.0910019,-0.0449667,  -0.01956,-0.0449667, -0.210622,-0.0969859,-0.0449667,-0.0969859]
	PARPACK diagonalization completed after 30 matrix-vector product operations.
	iteration results: : total energy is -34.090807 | electron energy -34.103215 + phonon energy 0.012408 | electron momentum kIdx = 10
The 3-th iteration is completed.	|| time cost : 0h 0m 9.564s
********************************************************************************************************************
Start the 4 rounds of NGS-ED iteration
	effective electronic model is modified as: kinetic energy t = 0.990375, t' = -0.295752
	                                           effective interaction Vq = [   -2.1125, -0.210626,-0.0910013, -0.210626, -0.210626,-0.0969856,-0.0449665,-0.0969856,-0.0910013,-0.0449665,-0.0195599,-0.0449665, -0.210626,-0.0969856,-0.0449665,-0.0969856]
	PARPACK diagonalization completed after 30 matrix-vector product operations.
	iteration results: : total energy is -34.090807 | electron energy -34.103216 + phonon energy 0.012408 | electron momentum kIdx = 10
The 4-th iteration is completed.	|| time cost : 0h 0m 9.556s
********************************************************************************************************************
Start the 5 rounds of NGS-ED iteration
	effective electronic model is modified as: kinetic energy t = 0.990375, t' = -0.295752
	                                           effective interaction Vq = [   -2.1125, -0.210627,-0.0910013, -0.210627, -0.210627,-0.0969856,-0.0449665,-0.0969856,-0.0910013,-0.0449665,-0.0195599,-0.0449665, -0.210627,-0.0969856,-0.0449665,-0.0969856]
	PARPACK diagonalization completed after 30 matrix-vector product operations.
	iteration results: : total energy is -34.090807 | electron energy -34.103216 + phonon energy 0.012408 | electron momentum kIdx = 10
	Nq(0) = 9,	Nq(1) = 0.187496,	Nq(2) = 0.250958,	Nq(3) = 0.187496,	Nq(4) = 0.187496,	Nq(5) = 0.2606,	
	Nq(6) = 0.308767,	Nq(7) = 0.2606,	Nq(8) = 0.250958,	Nq(9) = 0.308767,	Nq(10) = 0.35527,	
	Nq(11) = 0.308767,	Nq(12) = 0.187496,	Nq(13) = 0.2606,	Nq(14) = 0.308767,	Nq(15) = 0.2606;	
	Sq(0) = -4.31035e-20,	Sq(1) = 0.502991,	Sq(2) = 0.467154,	Sq(3) = 0.502991,	Sq(4) = 0.502991,	
	Sq(5) = 0.732692,	Sq(6) = 0.94126,	Sq(7) = 0.732692,	Sq(8) = 0.467154,	Sq(9) = 0.94126,	
	Sq(10) = 1.47328,	Sq(11) = 0.94126,	Sq(12) = 0.502991,	Sq(13) = 0.732692,	Sq(14) = 0.94126,	
	Sq(15) = 0.732692;	N(0) = 1.70882,	N(1) = 1.59678,	N(2) = 1.03958,	N(3) = 1.59678,	
	N(4) = 1.59678,	N(5) = 0.282934,	N(6) = 0.155608,	N(7) = 0.282934,	N(8) = 1.03958,	
	N(9) = 0.155608,	N(10) = 0.0707415,	N(11) = 0.155608,	N(12) = 1.59678,	N(13) = 0.282934,	
	N(14) = 0.155608,	N(15) = 0.282934;	Delta[s](0) = 0.0613922,	Delta[s](1) = 0.0422359,	Delta[s](2) = 0.0332539,	
	Delta[s](3) = 0.0422359,	Delta[s](4) = 0.0422359,	Delta[s](5) = 0.0230687,	Delta[s](6) = 0.0127632,	Delta[s](7) = 0.0230687,	
	Delta[s](8) = 0.0332539,	Delta[s](9) = 0.0127632,	Delta[s](10) = 0.00214763,	Delta[s](11) = 0.0127632,	Delta[s](12) = 0.0422359,	
	Delta[s](13) = 0.0230687,	Delta[s](14) = 0.0127632,	Delta[s](15) = 0.0230687;	Delta[d](0) = 0.273736,	Delta[d](1) = 0.220824,	
	Delta[d](2) = 0.26294,	Delta[d](3) = 0.220824,	Delta[d](4) = 0.220824,	Delta[d](5) = 0.148146,	Delta[d](6) = 0.196904,	
	Delta[d](7) = 0.148146,	Delta[d](8) = 0.26294,	Delta[d](9) = 0.196904,	Delta[d](10) = 0.331026,	Delta[d](11) = 0.196904,	
	Delta[d](12) = 0.220824,	Delta[d](13) = 0.148146,	Delta[d](14) = 0.196904,	Delta[d](15) = 0.148146;	Delta[s+](0) = 0.50314,	
	Delta[s+](1) = 0.350964,	Delta[s+](2) = 0.26294,	Delta[s+](3) = 0.350964,	Delta[s+](4) = 0.350964,	Delta[s+](5) = 0.158574,	
	Delta[s+](6) = 0.0712288,	Delta[s+](7) = 0.158574,	Delta[s+](8) = 0.26294,	Delta[s+](9) = 0.0712288,	Delta[s+](10) = 0.0233672,	
	Delta[s+](11) = 0.0712288,	Delta[s+](12) = 0.350964,	Delta[s+](13) = 0.158574,	Delta[s+](14) = 0.0712288,	Delta[s+](15) = 0.158574
	
The 5-th iteration is completed.	|| time cost : 0h 1m 20.762s
********************************************************************************************************************
********************************************************************************************************************
Ground state is obtained after 6 iterations. The current ground-state energy is -34.0908, in which electron energy is -34.1032 and phonon energy is 0.0124084
Final variational state is: 
	Gamma_x = [      1,1.20796, 1.1177,1.20796,1.20796,1.13075,1.07041,1.13075, 1.1177,1.07041,1.03477,1.07041,1.20796,1.13075,1.07041,1.13075]
	lambda_q = [     3.25, 0.198654, 0.103493, 0.198654, 0.198654, 0.110474,0.0654623, 0.110474, 0.103493,0.0654623,0.0397519,0.0654623, 0.198654, 0.110474,0.0654623, 0.110474]
Effective e-e interactions mediated by phonons are:
	momentum-space Vq = [   -2.1125, -0.210627,-0.0910013, -0.210627, -0.210627,-0.0969856,-0.0449665,-0.0969856,-0.0910013,-0.0449665,-0.0195599,-0.0449665, -0.210627,-0.0969856,-0.0449665,-0.0969856]
	real-space Vr = [-0.232774,-0.151516,-0.120382,-0.151516,-0.151516,-0.121879,-0.110101,-0.121879,-0.120382,-0.110101,-0.104977,-0.110101,-0.151516,-0.121879,-0.110101,-0.121879]
********************************************************************************************************************
o___o  ----------------------------------------
| L |	Time since last clock: 0h 0m 0.032s
A===A	Time since the beginning: 0h 5m 10.046s
***********************************************


Non-Gaussina ED ground state calculation is completed. The final ground-state energy is -34.0908
********************************************************************************************************************
o___o  ----------------------------------------
| L |	Time since last clock: 0h 0m 0.036s
A===A	Time since the beginning: 0h 5m 10.082s
***********************************************



********************************************************************************************************************
All non-Gaussian ED ground state calculations have been completed. Exit now.
