SNEDics v3.22.2 Non-Gaussian ED ground state program		Start at Thu Jun  9 08:46:29 2022

Parallelization: 32 MPI threads  * 8 OpenMP threads = 256 total threads.
********************************************************************************************************************
********************************************************************************************************************

********************************************************************************************************************
System parameters and configurations
	special program options are enabled: splitted diagonal Hamiltonian | splitted Hamiltonian terms
********************************************************************************************************************
Read input file "model_params.in"
	Hubbard-Holstein model parameters : 	t = 1    U = 8    g = 0.65    W = 0.2    g' = 0.4    
********************************************************************************************************************
Read input file "hilbertspace_params.in"
	Requested 16-site 2D lattice, with 12 electrons (6, 6)
	Boundary : Periodic		Hilbert space representation : momentum-space (restricted to kIdx = 0)
	Conservation: particle number[U(1)]      spin[U(1)]     momentum
********************************************************************************************************************

Cluster Positions:				Cluster symmetry group : D4
 x ... x ... x ... x .....                       x ... x ... x ... x .....
 |           |           :                       |           |           :
 |           |           :                       |           |           :
12    13    14    15     x                       1     5     6     5     x
 |           |           :                       |           |           :
 |           |           :                       |           |           :
 8 --- 9 ---10 ---11 --- x                       2 --- 6 ---10 --- 6 --- x
 |           |           :                       |           |           :
 |           |           :                       |           |           :
 4     5     6     7     x                       1     5     6     5     x
 |           |           :                       |           |           :
 |           |           :                       |           |           :
 0 --- 1 --- 2 --- 3 --- x                       0 --- 1 --- 2 --- 1 --- x
orbital number : 1
********************************************************************************************************************
Read input file "obs_params.in"
	Observable Type : Nq(All),   Sq(All),   N(All-Orbital),   Delta[s](All),   Delta[d](All),   Delta[s+](All)
** WARNING ** the input observables have non-local factors which have been reinterpreted. The total observable number is 96
********************************************************************************************************************


********************************************************************************************************************
Start calculating the non-Gaussian ED ground state
Maximal iteration number is 1000; energy resolution is 1e-06. Phonon state relaxation time is 2000
W = 0.2 is relatively large. The non-Gaussian ED calculation starts directly.
open output files: NGSED_iteration_observables.txt
********************************************************************************************************************
Start the 0 rounds of NGS-ED iteration
	effective electronic model is modified as: kinetic energy t = 1
	                                           effective interaction Vq = [0,0,0,0,0,0,0,0,0,0,0,0,0,0,0,0]
	first Hamiltonian is constructed, size = 4008592 and non-zero numbers = 969134044
	PARPACK diagonalization completed after 150 matrix-vector product operations.
	iteration results: : total energy is -14.925310 | electron energy -14.925310 + phonon energy 0.000000 | electron momentum kIdx = 0
	Nq(0) = 9,	Nq(1) = 0.191675,	Nq(2) = 0.266183,	Nq(3) = 0.191675,	Nq(4) = 0.191675,	Nq(5) = 0.245517,	
	Nq(6) = 0.314107,	Nq(7) = 0.245517,	Nq(8) = 0.266183,	Nq(9) = 0.314107,	Nq(10) = 0.369338,	
	Nq(11) = 0.314107,	Nq(12) = 0.191675,	Nq(13) = 0.245517,	Nq(14) = 0.314107,	Nq(15) = 0.245517;	
	Sq(0) = 3.02743e-18,	Sq(1) = 0.554662,	Sq(2) = 0.424361,	Sq(3) = 0.554662,	Sq(4) = 0.554662,	
	Sq(5) = 0.79749,	Sq(6) = 1.01287,	Sq(7) = 0.79749,	Sq(8) = 0.424361,	Sq(9) = 1.01287,	
	Sq(10) = 0.784303,	Sq(11) = 1.01287,	Sq(12) = 0.554662,	Sq(13) = 0.79749,	Sq(14) = 1.01287,	
	Sq(15) = 0.79749;	N(0) = 1.76735,	N(1) = 1.6264,	N(2) = 0.74365,	N(3) = 1.6264,	
	N(4) = 1.6264,	N(5) = 0.392302,	N(6) = 0.144321,	N(7) = 0.392302,	N(8) = 0.74365,	
	N(9) = 0.144321,	N(10) = 0.0932732,	N(11) = 0.144321,	N(12) = 1.6264,	N(13) = 0.392302,	
	N(14) = 0.144321,	N(15) = 0.392302;	Delta[s](0) = 0.0485284,	Delta[s](1) = 0.0379464,	Delta[s](2) = 0.0288474,	
	Delta[s](3) = 0.0379464,	Delta[s](4) = 0.0379464,	Delta[s](5) = 0.0276841,	Delta[s](6) = 0.0184483,	Delta[s](7) = 0.0276841,	
	Delta[s](8) = 0.0288474,	Delta[s](9) = 0.0184483,	Delta[s](10) = 0.0109119,	Delta[s](11) = 0.0184483,	Delta[s](12) = 0.0379464,	
	Delta[s](13) = 0.0276841,	Delta[s](14) = 0.0184483,	Delta[s](15) = 0.0276841;	Delta[d](0) = 0.208494,	Delta[d](1) = 0.176153,	
	Delta[d](2) = 0.206456,	Delta[d](3) = 0.176153,	Delta[d](4) = 0.176153,	Delta[d](5) = 0.132966,	Delta[d](6) = 0.146389,	
	Delta[d](7) = 0.132966,	Delta[d](8) = 0.206456,	Delta[d](9) = 0.146389,	Delta[d](10) = 0.111949,	Delta[d](11) = 0.146389,	
	Delta[d](12) = 0.176153,	Delta[d](13) = 0.132966,	Delta[d](14) = 0.146389,	Delta[d](15) = 0.132966;	Delta[s+](0) = 0.460278,	
	Delta[s+](1) = 0.319137,	Delta[s+](2) = 0.206456,	Delta[s+](3) = 0.319137,	Delta[s+](4) = 0.319137,	Delta[s+](5) = 0.172968,	
	Delta[s+](6) = 0.0801011,	Delta[s+](7) = 0.172968,	Delta[s+](8) = 0.206456,	Delta[s+](9) = 0.0801011,	Delta[s+](10) = 0.0306022,	
	Delta[s+](11) = 0.0801011,	Delta[s+](12) = 0.319137,	Delta[s+](13) = 0.172968,	Delta[s+](14) = 0.0801011,	Delta[s+](15) = 0.172968
	
The 0-th iteration is completed.	|| time cost : 0h 2m 2.738s
********************************************************************************************************************
Start the 1 rounds of NGS-ED iteration
	effective electronic model is modified as: kinetic energy t = 0.862569
	                                           effective interaction Vq = [   -25.3125,   -7.14351,  -0.289733,   -7.14351,   -7.14351,  -0.253776,-0.00897669,  -0.253776,  -0.289733,-0.00897669,   -1.07938,-0.00897669,   -7.14351,  -0.253776,-0.00897669,  -0.253776]
	PARPACK diagonalization completed after 75 matrix-vector product operations.
	iteration results: : total energy is -268.913430 | electron energy -270.675312 + phonon energy 1.761882 | electron momentum kIdx = 0
The 1-th iteration is completed.	|| time cost : 0h 1m 21.56s
********************************************************************************************************************
Start the 2 rounds of NGS-ED iteration
	effective electronic model is modified as: kinetic energy t = 0.483506
	                                           effective interaction Vq = [  -25.3125,  -10.5077,   -0.3055,  -10.5077,  -10.5077,   -1.2082,-0.0120465,   -1.2082,   -0.3055,-0.0120465, -0.573218,-0.0120465,  -10.5077,   -1.2082,-0.0120465,   -1.2082]
	PARPACK diagonalization completed after 75 matrix-vector product operations.
	iteration results: : total energy is -300.992809 | electron energy -302.951152 + phonon energy 1.958343 | electron momentum kIdx = 0
The 2-th iteration is completed.	|| time cost : 0h 0m 14.688s
********************************************************************************************************************
Start the 3 rounds of NGS-ED iteration
	effective electronic model is modified as: kinetic energy t = 1.29006e-06
	                                           effective interaction Vq = [-25.3125,-10.5125, -2.1125,-10.5125,-10.5125, -2.1125, -0.1125, -2.1125, -2.1125, -0.1125, -4.5125, -0.1125,-10.5125, -2.1125, -0.1125, -2.1125]
	PARPACK diagonalization completed after 60 matrix-vector product operations.
	iteration results: : total energy is -303.050000 | electron energy -303.050000 + phonon energy 0.000000 | electron momentum kIdx = 0
The 3-th iteration is completed.	|| time cost : 0h 0m 17.444s
********************************************************************************************************************
Start the 4 rounds of NGS-ED iteration
	effective electronic model is modified as: kinetic energy t = 2.66885e-05
	                                           effective interaction Vq = [   -25.3125,   -10.5125,    -2.1125,   -10.5125,   -10.5125,    -2.1125,-0.00071674,    -2.1125,    -2.1125,-0.00071674, -0.0287492,-0.00071674,   -10.5125,    -2.1125,-0.00071674,    -2.1125]
	PARPACK diagonalization completed after 30 matrix-vector product operations.
	iteration results: : total energy is -303.050000 | electron energy -303.050000 + phonon energy 0.000000 | electron momentum kIdx = 0
The 4-th iteration is completed.	|| time cost : 0h 0m 9.212s
********************************************************************************************************************
Start the 5 rounds of NGS-ED iteration
	effective electronic model is modified as: kinetic energy t = 2.65455e-05
	                                           effective interaction Vq = [   -25.3125,   -10.5125,    -2.1125,   -10.5125,   -10.5125,    -2.1125,-0.00932843,    -2.1125,    -2.1125,-0.00932843,  -0.374174,-0.00932843,   -10.5125,    -2.1125,-0.00932843,    -2.1125]
	PARPACK diagonalization completed after 30 matrix-vector product operations.
	iteration results: : total energy is -303.050000 | electron energy -303.050000 + phonon energy 0.000000 | electron momentum kIdx = 0
The 5-th iteration is completed.	|| time cost : 0h 0m 9.203s
********************************************************************************************************************
Start the 6 rounds of NGS-ED iteration
	effective electronic model is modified as: kinetic energy t = 2.65396e-05
	                                           effective interaction Vq = [   -25.3125,   -10.5125,    -2.1125,   -10.5125,   -10.5125,    -2.1125,-0.00951517,    -2.1125,    -2.1125,-0.00951517,  -0.381664,-0.00951517,   -10.5125,    -2.1125,-0.00951517,    -2.1125]
	PARPACK diagonalization completed after 30 matrix-vector product operations.
	iteration results: : total energy is -303.050000 | electron energy -303.050000 + phonon energy 0.000000 | electron momentum kIdx = 0
The 6-th iteration is completed.	|| time cost : 0h 0m 9.199s
********************************************************************************************************************
Start the 7 rounds of NGS-ED iteration
	effective electronic model is modified as: kinetic energy t = 2.65395e-05
	                                           effective interaction Vq = [   -25.3125,   -10.5125,    -2.1125,   -10.5125,   -10.5125,    -2.1125,-0.00951835,    -2.1125,    -2.1125,-0.00951835,  -0.381792,-0.00951835,   -10.5125,    -2.1125,-0.00951835,    -2.1125]
	PARPACK diagonalization completed after 30 matrix-vector product operations.
	iteration results: : total energy is -303.050000 | electron energy -303.050000 + phonon energy 0.000000 | electron momentum kIdx = 0
The 7-th iteration is completed.	|| time cost : 0h 0m 9.225s
********************************************************************************************************************
Start the 8 rounds of NGS-ED iteration
	effective electronic model is modified as: kinetic energy t = 2.65395e-05
	                                           effective interaction Vq = [   -25.3125,   -10.5125,    -2.1125,   -10.5125,   -10.5125,    -2.1125,-0.00951841,    -2.1125,    -2.1125,-0.00951841,  -0.381794,-0.00951841,   -10.5125,    -2.1125,-0.00951841,    -2.1125]
	PARPACK diagonalization completed after 30 matrix-vector product operations.
	iteration results: : total energy is -303.050000 | electron energy -303.050000 + phonon energy 0.000000 | electron momentum kIdx = 0
The 8-th iteration is completed.	|| time cost : 0h 0m 9.22s
********************************************************************************************************************
Start the 9 rounds of NGS-ED iteration
	effective electronic model is modified as: kinetic energy t = 2.65395e-05
	                                           effective interaction Vq = [   -25.3125,   -10.5125,    -2.1125,   -10.5125,   -10.5125,    -2.1125,-0.00951837,    -2.1125,    -2.1125,-0.00951837,  -0.381793,-0.00951837,   -10.5125,    -2.1125,-0.00951837,    -2.1125]
	PARPACK diagonalization completed after 30 matrix-vector product operations.
	iteration results: : total energy is -303.050000 | electron energy -303.050000 + phonon energy 0.000000 | electron momentum kIdx = 0
	Nq(0) = 9,	Nq(1) = 2.5,	Nq(2) = 0.000126574,	Nq(3) = 2.5,	Nq(4) = 2.5,	Nq(5) = 0.249937,	
	Nq(6) = 1.27334e-10,	Nq(7) = 0.249937,	Nq(8) = 0.000126574,	Nq(9) = 1.27334e-10,	Nq(10) = 1.69779e-10,	
	Nq(11) = 1.27334e-10,	Nq(12) = 2.5,	Nq(13) = 0.249937,	Nq(14) = 1.27334e-10,	Nq(15) = 0.249937;	
	Sq(0) = -1.58269e-20,	Sq(1) = 0.0837314,	Sq(2) = 0.167336,	Sq(3) = 0.0837314,	Sq(4) = 0.0837314,	
	Sq(5) = 0.250063,	Sq(6) = 0.416269,	Sq(7) = 0.250063,	Sq(8) = 0.167336,	Sq(9) = 0.416269,	
	Sq(10) = 0.665074,	Sq(11) = 0.416269,	Sq(12) = 0.0837314,	Sq(13) = 0.250063,	Sq(14) = 0.416269,	
	Sq(15) = 0.250063;	N(0) = 0.750014,	N(1) = 0.750007,	N(2) = 0.75,	N(3) = 0.750007,	
	N(4) = 0.750007,	N(5) = 0.75,	N(6) = 0.749993,	N(7) = 0.75,	N(8) = 0.75,	
	N(9) = 0.749993,	N(10) = 0.749986,	N(11) = 0.749993,	N(12) = 0.750007,	N(13) = 0.75,	
	N(14) = 0.749993,	N(15) = 0.75;	Delta[s](0) = 0.25,	Delta[s](1) = 0.25,	Delta[s](2) = 0.25,	
	Delta[s](3) = 0.25,	Delta[s](4) = 0.25,	Delta[s](5) = 0.25,	Delta[s](6) = 0.25,	Delta[s](7) = 0.25,	
	Delta[s](8) = 0.25,	Delta[s](9) = 0.25,	Delta[s](10) = 0.25,	Delta[s](11) = 0.25,	Delta[s](12) = 0.25,	
	Delta[s](13) = 0.25,	Delta[s](14) = 0.25,	Delta[s](15) = 0.25;	Delta[d](0) = 0.281101,	Delta[d](1) = 0.260317,	
	Delta[d](2) = 0.239534,	Delta[d](3) = 0.260317,	Delta[d](4) = 0.260317,	Delta[d](5) = 0.239534,	Delta[d](6) = 0.21875,	
	Delta[d](7) = 0.239534,	Delta[d](8) = 0.239534,	Delta[d](9) = 0.21875,	Delta[d](10) = 0.197966,	Delta[d](11) = 0.21875,	
	Delta[d](12) = 0.260317,	Delta[d](13) = 0.239534,	Delta[d](14) = 0.21875,	Delta[d](15) = 0.239534;	Delta[s+](0) = 0.281101,	
	Delta[s+](1) = 0.260317,	Delta[s+](2) = 0.239534,	Delta[s+](3) = 0.260317,	Delta[s+](4) = 0.260317,	Delta[s+](5) = 0.239534,	
	Delta[s+](6) = 0.21875,	Delta[s+](7) = 0.239534,	Delta[s+](8) = 0.239534,	Delta[s+](9) = 0.21875,	Delta[s+](10) = 0.197966,	
	Delta[s+](11) = 0.21875,	Delta[s+](12) = 0.260317,	Delta[s+](13) = 0.239534,	Delta[s+](14) = 0.21875,	Delta[s+](15) = 0.239534
	
The 9-th iteration is completed.	|| time cost : 0h 1m 19.344s
********************************************************************************************************************
********************************************************************************************************************
Ground state is obtained after 10 iterations. The current ground-state energy is -303.05, in which electron energy is -303.05 and phonon energy is 2.4647e-15
Final variational state is: 
	Gamma_x = [1,1,1,1,1,1,1,1,1,1,1,1,1,1,1,1]
	lambda_q = [     11.25,      7.25,   3.24995,      7.25,      7.25,      3.25,-0.0324292,      3.25,   3.24995,-0.0324292, -0.205385,-0.0324292,      7.25,      3.25,-0.0324292,      3.25]
Effective e-e interactions mediated by phonons are:
	momentum-space Vq = [   -25.3125,   -10.5125,    -2.1125,   -10.5125,   -10.5125,    -2.1125,-0.00951842,    -2.1125,    -2.1125,-0.00951842,  -0.381794,-0.00951842,   -10.5125,    -2.1125,-0.00951842,    -2.1125]
	real-space Vr = [ -5.02859, -2.87104, -1.34183, -2.87104, -2.87104, -1.34183,-0.245296, -1.34183, -1.34183,-0.245296, 0.232424,-0.245296, -2.87104, -1.34183,-0.245296, -1.34183]
********************************************************************************************************************
o___o  ----------------------------------------
| L |	Time since last clock: 0h 0m 0.008s
A===A	Time since the beginning: 0h 6m 1.846s
***********************************************


Non-Gaussina ED ground state calculation is completed. The final ground-state energy is -303.05
********************************************************************************************************************
o___o  ----------------------------------------
| L |	Time since last clock: 0h 0m 0.002s
A===A	Time since the beginning: 0h 6m 1.848s
***********************************************



********************************************************************************************************************
All non-Gaussian ED ground state calculations have been completed. Exit now.
