SNEDics v3.22.2 Non-Gaussian ED ground state program		Start at Mon Jun  6 06:38:33 2022

Parallelization: 32 MPI threads  * 8 OpenMP threads = 256 total threads.
********************************************************************************************************************
********************************************************************************************************************

********************************************************************************************************************
System parameters and configurations
	special program options are enabled: splitted diagonal Hamiltonian | splitted Hamiltonian terms
********************************************************************************************************************
Read input file "model_params.in"
	Hubbard-Holstein model parameters : 	t = 1    t' = -0.3    U = 8    g = 0.6    W = 0.2    g' = 0.1    
********************************************************************************************************************
Read input file "hilbertspace_params.in"
	Requested 16-site 2D lattice, with 12 electrons (6, 6)
	Boundary : Periodic		Hilbert space representation : momentum-space (restricted to kIdx = 0)
	Conservation: particle number[U(1)]      spin[U(1)]     momentum
********************************************************************************************************************

Cluster Positions:				Cluster symmetry group : D4
 x ... x ... x ... x .....                       x ... x ... x ... x .....
 |           |           :                       |           |           :
 |           |           :                       |           |           :
12    13    14    15     x                       1     5     6     5     x
 |           |           :                       |           |           :
 |           |           :                       |           |           :
 8 --- 9 ---10 ---11 --- x                       2 --- 6 ---10 --- 6 --- x
 |           |           :                       |           |           :
 |           |           :                       |           |           :
 4     5     6     7     x                       1     5     6     5     x
 |           |           :                       |           |           :
 |           |           :                       |           |           :
 0 --- 1 --- 2 --- 3 --- x                       0 --- 1 --- 2 --- 1 --- x
orbital number : 1
********************************************************************************************************************
Read input file "obs_params.in"
	Observable Type : Nq(All),   Sq(All),   N(All-Orbital),   Delta[s](All),   Delta[d](All),   Delta[s+](All)
** WARNING ** the input observables have non-local factors which have been reinterpreted. The total observable number is 96
********************************************************************************************************************


********************************************************************************************************************
Start calculating the non-Gaussian ED ground state
Maximal iteration number is 1000; energy resolution is 1e-06. Phonon state relaxation time is 2000
W = 0.2 is relatively large. The non-Gaussian ED calculation starts directly.
open output files: NGSED_iteration_observables.txt
********************************************************************************************************************
Start the 0 rounds of NGS-ED iteration
	effective electronic model is modified as: kinetic energy t = 1, t' = -0.3
	                                           effective interaction Vq = [0,0,0,0,0,0,0,0,0,0,0,0,0,0,0,0]
	first Hamiltonian is constructed, size = 4008592 and non-zero numbers = 969952250
	PARPACK diagonalization completed after 135 matrix-vector product operations.
	iteration results: : total energy is -15.091341 | electron energy -15.091341 + phonon energy 0.000000 | electron momentum kIdx = 0
	Nq(0) = 9,	Nq(1) = 0.182775,	Nq(2) = 0.248843,	Nq(3) = 0.182775,	Nq(4) = 0.182775,	Nq(5) = 0.263236,	
	Nq(6) = 0.307436,	Nq(7) = 0.263236,	Nq(8) = 0.248843,	Nq(9) = 0.307436,	Nq(10) = 0.356784,	
	Nq(11) = 0.307436,	Nq(12) = 0.182775,	Nq(13) = 0.263236,	Nq(14) = 0.307436,	Nq(15) = 0.263236;	
	Sq(0) = 2.57275e-18,	Sq(1) = 0.523525,	Sq(2) = 0.451304,	Sq(3) = 0.523525,	Sq(4) = 0.523525,	
	Sq(5) = 0.707557,	Sq(6) = 1.00669,	Sq(7) = 0.707557,	Sq(8) = 0.451304,	Sq(9) = 1.00669,	
	Sq(10) = 1.27807,	Sq(11) = 1.00669,	Sq(12) = 0.523525,	Sq(13) = 0.707557,	Sq(14) = 1.00669,	
	Sq(15) = 0.707557;	N(0) = 1.72657,	N(1) = 1.59708,	N(2) = 1.0703,	N(3) = 1.59708,	
	N(4) = 1.59708,	N(5) = 0.264255,	N(6) = 0.153085,	N(7) = 0.264255,	N(8) = 1.0703,	
	N(9) = 0.153085,	N(10) = 0.0751403,	N(11) = 0.153085,	N(12) = 1.59708,	N(13) = 0.264255,	
	N(14) = 0.153085,	N(15) = 0.264255;	Delta[s](0) = 0.0597997,	Delta[s](1) = 0.0404466,	Delta[s](2) = 0.0326797,	
	Delta[s](3) = 0.0404466,	Delta[s](4) = 0.0404466,	Delta[s](5) = 0.0231328,	Delta[s](6) = 0.0128942,	Delta[s](7) = 0.0231328,	
	Delta[s](8) = 0.0326797,	Delta[s](9) = 0.0128942,	Delta[s](10) = 0.00307462,	Delta[s](11) = 0.0128942,	Delta[s](12) = 0.0404466,	
	Delta[s](13) = 0.0231328,	Delta[s](14) = 0.0128942,	Delta[s](15) = 0.0231328;	Delta[d](0) = 0.52013,	Delta[d](1) = 0.256559,	
	Delta[d](2) = 0.262556,	Delta[d](3) = 0.256559,	Delta[d](4) = 0.256559,	Delta[d](5) = 0.142725,	Delta[d](6) = 0.158621,	
	Delta[d](7) = 0.142725,	Delta[d](8) = 0.262556,	Delta[d](9) = 0.158621,	Delta[d](10) = 0.11113,	Delta[d](11) = 0.158621,	
	Delta[d](12) = 0.256559,	Delta[d](13) = 0.142725,	Delta[d](14) = 0.158621,	Delta[d](15) = 0.142725;	Delta[s+](0) = 0.510241,	
	Delta[s+](1) = 0.35153,	Delta[s+](2) = 0.262556,	Delta[s+](3) = 0.35153,	Delta[s+](4) = 0.35153,	Delta[s+](5) = 0.155614,	
	Delta[s+](6) = 0.0669035,	Delta[s+](7) = 0.155614,	Delta[s+](8) = 0.262556,	Delta[s+](9) = 0.0669035,	Delta[s+](10) = 0.0142494,	
	Delta[s+](11) = 0.0669035,	Delta[s+](12) = 0.35153,	Delta[s+](13) = 0.155614,	Delta[s+](14) = 0.0669035,	Delta[s+](15) = 0.155614
	
The 0-th iteration is completed.	|| time cost : 0h 2m 2.339s
********************************************************************************************************************
Start the 1 rounds of NGS-ED iteration
	effective electronic model is modified as: kinetic energy t = 0.979805, t' = -0.290444
	                                           effective interaction Vq = [        -5,  -0.55812, -0.176672,  -0.55812,  -0.55812, -0.196087,-0.0600186, -0.196087, -0.176672,-0.0600186,-0.0125011,-0.0600186,  -0.55812, -0.196087,-0.0600186, -0.196087]
	PARPACK diagonalization completed after 60 matrix-vector product operations.
	iteration results: : total energy is -60.440586 | electron energy -60.503824 + phonon energy 0.063238 | electron momentum kIdx = 0
The 1-th iteration is completed.	|| time cost : 0h 1m 20.159s
********************************************************************************************************************
Start the 2 rounds of NGS-ED iteration
	effective electronic model is modified as: kinetic energy t = 0.978062, t' = -0.289412
	                                           effective interaction Vq = [        -5, -0.624605, -0.174111, -0.624605, -0.624605, -0.198024,-0.0591688, -0.198024, -0.174111,-0.0591688,-0.0122899,-0.0591688, -0.624605, -0.198024,-0.0591688, -0.198024]
	PARPACK diagonalization completed after 45 matrix-vector product operations.
	iteration results: : total energy is -60.442163 | electron energy -60.522024 + phonon energy 0.079862 | electron momentum kIdx = 0
The 2-th iteration is completed.	|| time cost : 0h 0m 11.488s
********************************************************************************************************************
Start the 3 rounds of NGS-ED iteration
	effective electronic model is modified as: kinetic energy t = 0.977783, t' = -0.289242
	                                           effective interaction Vq = [        -5, -0.635958, -0.173447, -0.635958, -0.635958, -0.197803,-0.0590841, -0.197803, -0.173447,-0.0590841,-0.0122751,-0.0590841, -0.635958, -0.197803,-0.0590841, -0.197803]
	PARPACK diagonalization completed after 45 matrix-vector product operations.
	iteration results: : total energy is -60.442207 | electron energy -60.524912 + phonon energy 0.082705 | electron momentum kIdx = 0
The 3-th iteration is completed.	|| time cost : 0h 0m 11.473s
********************************************************************************************************************
Start the 4 rounds of NGS-ED iteration
	effective electronic model is modified as: kinetic energy t = 0.977734, t' = -0.289212
	                                           effective interaction Vq = [        -5, -0.637975, -0.173333, -0.637975, -0.637975, -0.197749,-0.0590713, -0.197749, -0.173333,-0.0590713,-0.0122728,-0.0590713, -0.637975, -0.197749,-0.0590713, -0.197749]
	PARPACK diagonalization completed after 45 matrix-vector product operations.
	iteration results: : total energy is -60.442208 | electron energy -60.525421 + phonon energy 0.083213 | electron momentum kIdx = 0
The 4-th iteration is completed.	|| time cost : 0h 0m 11.519s
********************************************************************************************************************
Start the 5 rounds of NGS-ED iteration
	effective electronic model is modified as: kinetic energy t = 0.977725, t' = -0.289206
	                                           effective interaction Vq = [        -5, -0.638335, -0.173312, -0.638335, -0.638335,  -0.19774,-0.0590691,  -0.19774, -0.173312,-0.0590691,-0.0122724,-0.0590691, -0.638335,  -0.19774,-0.0590691,  -0.19774]
	PARPACK diagonalization completed after 30 matrix-vector product operations.
	iteration results: : total energy is -60.442208 | electron energy -60.525512 + phonon energy 0.083304 | electron momentum kIdx = 0
The 5-th iteration is completed.	|| time cost : 0h 0m 9.542s
********************************************************************************************************************
Start the 6 rounds of NGS-ED iteration
	effective electronic model is modified as: kinetic energy t = 0.977723, t' = -0.289205
	                                           effective interaction Vq = [        -5, -0.638399, -0.173309, -0.638399, -0.638399, -0.197738,-0.0590687, -0.197738, -0.173309,-0.0590687,-0.0122723,-0.0590687, -0.638399, -0.197738,-0.0590687, -0.197738]
	PARPACK diagonalization completed after 30 matrix-vector product operations.
	iteration results: : total energy is -60.442208 | electron energy -60.525528 + phonon energy 0.083320 | electron momentum kIdx = 0
The 6-th iteration is completed.	|| time cost : 0h 0m 9.543s
********************************************************************************************************************
Start the 7 rounds of NGS-ED iteration
	effective electronic model is modified as: kinetic energy t = 0.977723, t' = -0.289205
	                                           effective interaction Vq = [        -5, -0.638411, -0.173308, -0.638411, -0.638411, -0.197737,-0.0590687, -0.197737, -0.173308,-0.0590687,-0.0122723,-0.0590687, -0.638411, -0.197737,-0.0590687, -0.197737]
	PARPACK diagonalization completed after 30 matrix-vector product operations.
	iteration results: : total energy is -60.442208 | electron energy -60.525531 + phonon energy 0.083323 | electron momentum kIdx = 0
The 7-th iteration is completed.	|| time cost : 0h 0m 9.54s
********************************************************************************************************************
Start the 8 rounds of NGS-ED iteration
	effective electronic model is modified as: kinetic energy t = 0.977723, t' = -0.289205
	                                           effective interaction Vq = [        -5, -0.638413, -0.173308, -0.638413, -0.638413, -0.197737,-0.0590686, -0.197737, -0.173308,-0.0590686,-0.0122723,-0.0590686, -0.638413, -0.197737,-0.0590686, -0.197737]
	PARPACK diagonalization completed after 30 matrix-vector product operations.
	iteration results: : total energy is -60.442208 | electron energy -60.525532 + phonon energy 0.083324 | electron momentum kIdx = 0
The 8-th iteration is completed.	|| time cost : 0h 0m 9.548s
********************************************************************************************************************
Start the 9 rounds of NGS-ED iteration
	effective electronic model is modified as: kinetic energy t = 0.977723, t' = -0.289205
	                                           effective interaction Vq = [        -5, -0.638413, -0.173308, -0.638413, -0.638413, -0.197737,-0.0590686, -0.197737, -0.173308,-0.0590686,-0.0122723,-0.0590686, -0.638413, -0.197737,-0.0590686, -0.197737]
	PARPACK diagonalization completed after 30 matrix-vector product operations.
	iteration results: : total energy is -60.442208 | electron energy -60.525532 + phonon energy 0.083324 | electron momentum kIdx = 0
The 9-th iteration is completed.	|| time cost : 0h 0m 9.538s
********************************************************************************************************************
Start the 10 rounds of NGS-ED iteration
	effective electronic model is modified as: kinetic energy t = 0.977723, t' = -0.289205
	                                           effective interaction Vq = [        -5, -0.638413, -0.173308, -0.638413, -0.638413, -0.197737,-0.0590686, -0.197737, -0.173308,-0.0590686,-0.0122723,-0.0590686, -0.638413, -0.197737,-0.0590686, -0.197737]
	PARPACK diagonalization completed after 30 matrix-vector product operations.
	iteration results: : total energy is -60.442208 | electron energy -60.525532 + phonon energy 0.083324 | electron momentum kIdx = 0
	Nq(0) = 9,	Nq(1) = 0.195958,	Nq(2) = 0.246409,	Nq(3) = 0.195958,	Nq(4) = 0.195958,	Nq(5) = 0.26637,	
	Nq(6) = 0.305449,	Nq(7) = 0.26637,	Nq(8) = 0.246409,	Nq(9) = 0.305449,	Nq(10) = 0.353743,	
	Nq(11) = 0.305449,	Nq(12) = 0.195958,	Nq(13) = 0.26637,	Nq(14) = 0.305449,	Nq(15) = 0.26637;	
	Sq(0) = 5.24038e-18,	Sq(1) = 0.522557,	Sq(2) = 0.453686,	Sq(3) = 0.522557,	Sq(4) = 0.522557,	
	Sq(5) = 0.693779,	Sq(6) = 0.998912,	Sq(7) = 0.693779,	Sq(8) = 0.453686,	Sq(9) = 0.998912,	
	Sq(10) = 1.31396,	Sq(11) = 0.998912,	Sq(12) = 0.522557,	Sq(13) = 0.693779,	Sq(14) = 0.998912,	
	Sq(15) = 0.693779;	N(0) = 1.73683,	N(1) = 1.61962,	N(2) = 1.05833,	N(3) = 1.61962,	
	N(4) = 1.61962,	N(5) = 0.246426,	N(6) = 0.151072,	N(7) = 0.246426,	N(8) = 1.05833,	
	N(9) = 0.151072,	N(10) = 0.0780269,	N(11) = 0.151072,	N(12) = 1.61962,	N(13) = 0.246426,	
	N(14) = 0.151072,	N(15) = 0.246426;	Delta[s](0) = 0.0629175,	Delta[s](1) = 0.0427037,	Delta[s](2) = 0.0346631,	
	Delta[s](3) = 0.0427037,	Delta[s](4) = 0.0427037,	Delta[s](5) = 0.0247169,	Delta[s](6) = 0.0134448,	Delta[s](7) = 0.0247169,	
	Delta[s](8) = 0.0346631,	Delta[s](9) = 0.0134448,	Delta[s](10) = 0.00313165,	Delta[s](11) = 0.0134448,	Delta[s](12) = 0.0427037,	
	Delta[s](13) = 0.0247169,	Delta[s](14) = 0.0134448,	Delta[s](15) = 0.0247169;	Delta[d](0) = 0.527397,	Delta[d](1) = 0.257841,	
	Delta[d](2) = 0.264892,	Delta[d](3) = 0.257841,	Delta[d](4) = 0.257841,	Delta[d](5) = 0.143176,	Delta[d](6) = 0.157725,	
	Delta[d](7) = 0.143176,	Delta[d](8) = 0.264892,	Delta[d](9) = 0.157725,	Delta[d](10) = 0.10476,	Delta[d](11) = 0.157725,	
	Delta[d](12) = 0.257841,	Delta[d](13) = 0.143176,	Delta[d](14) = 0.157725,	Delta[d](15) = 0.143176;	Delta[s+](0) = 0.518708,	
	Delta[s+](1) = 0.356632,	Delta[s+](2) = 0.264892,	Delta[s+](3) = 0.356632,	Delta[s+](4) = 0.356632,	Delta[s+](5) = 0.157141,	
	Delta[s+](6) = 0.0665681,	Delta[s+](7) = 0.157141,	Delta[s+](8) = 0.264892,	Delta[s+](9) = 0.0665681,	Delta[s+](10) = 0.0146313,	
	Delta[s+](11) = 0.0665681,	Delta[s+](12) = 0.356632,	Delta[s+](13) = 0.157141,	Delta[s+](14) = 0.0665681,	Delta[s+](15) = 0.157141
	
The 10-th iteration is completed.	|| time cost : 0h 1m 19.57s
********************************************************************************************************************
********************************************************************************************************************
Ground state is obtained after 11 iterations. The current ground-state energy is -60.4422, in which electron energy is -60.5255 and phonon energy is 0.0833237
Final variational state is: 
	Gamma_x = [      1,1.75221,1.22955,1.75221,1.75221,1.28787,1.09239,1.28787,1.22955,1.09239,1.02159,1.09239,1.75221,1.28787,1.09239,1.28787]
	lambda_q = [        5, 0.421183, 0.148078, 0.421183, 0.421183, 0.169574,0.0752515, 0.169574, 0.148078,0.0752515,0.0311665,0.0752515, 0.421183, 0.169574,0.0752515, 0.169574]
Effective e-e interactions mediated by phonons are:
	momentum-space Vq = [        -5, -0.638413, -0.173308, -0.638413, -0.638413, -0.197737,-0.0590686, -0.197737, -0.173308,-0.0590686,-0.0122723,-0.0590686, -0.638413, -0.197737,-0.0590686, -0.197737]
	real-space Vr = [-0.558735,-0.384151,-0.285496,-0.384151,-0.384151,-0.291604,-0.239315,-0.291604,-0.285496,-0.239315,-0.209994,-0.239315,-0.384151,-0.291604,-0.239315,-0.291604]
********************************************************************************************************************
o___o  ----------------------------------------
| L |	Time since last clock: 0h 0m 0.007s
A===A	Time since the beginning: 0h 6m 4.273s
***********************************************


Non-Gaussina ED ground state calculation is completed. The final ground-state energy is -60.4422
********************************************************************************************************************
o___o  ----------------------------------------
| L |	Time since last clock: 0h 0m 0.004s
A===A	Time since the beginning: 0h 6m 4.278s
***********************************************



********************************************************************************************************************
All non-Gaussian ED ground state calculations have been completed. Exit now.
