SNEDics v3.22.2 Non-Gaussian ED ground state program		Start at Sun Apr 24 11:16:29 2022

Parallelization: 32 MPI threads  * 8 OpenMP threads = 256 total threads.
********************************************************************************************************************
********************************************************************************************************************

********************************************************************************************************************
System parameters and configurations
	special program options are enabled: splitted diagonal Hamiltonian | splitted Hamiltonian terms
********************************************************************************************************************
Read input file "model_params.in"
	Hubbard-Holstein model parameters : 	t = 1    t' = -0.3    U = 8    g = 0.2    W = 0.2    
********************************************************************************************************************
Read input file "hilbertspace_params.in"
	Requested 16-site 2D lattice, with 12 electrons (6, 6)
	Boundary : Periodic		Hilbert space representation : momentum-space (restricted to kIdx = 0)
	Conservation: particle number[U(1)]      spin[U(1)]     momentum
********************************************************************************************************************

Cluster Positions:				Cluster symmetry group : D4
 x ... x ... x ... x .....                       x ... x ... x ... x .....
 |           |           :                       |           |           :
 |           |           :                       |           |           :
12    13    14    15     x                       1     5     6     5     x
 |           |           :                       |           |           :
 |           |           :                       |           |           :
 8 --- 9 ---10 ---11 --- x                       2 --- 6 ---10 --- 6 --- x
 |           |           :                       |           |           :
 |           |           :                       |           |           :
 4     5     6     7     x                       1     5     6     5     x
 |           |           :                       |           |           :
 |           |           :                       |           |           :
 0 --- 1 --- 2 --- 3 --- x                       0 --- 1 --- 2 --- 1 --- x
orbital number : 1
********************************************************************************************************************
Read input file "obs_params.in"
	Observable Type : Nq(All),   Sq(All),   N(All-Orbital),   Delta[s](All),   Delta[d](All),   Delta[s+](All)
** WARNING ** the input observables have non-local factors which have been reinterpreted. The total observable number is 96
********************************************************************************************************************


********************************************************************************************************************
Start calculating the non-Gaussian ED ground state
Maximal iteration number is 1000; energy resolution is 1e-06. Phonon state relaxation time is 2000
W = 0.2 is relatively large. The non-Gaussian ED calculation starts directly.
open output files: NGSED_iteration_observables.txt
********************************************************************************************************************
Start the 0 rounds of NGS-ED iteration
	effective electronic model is modified as: kinetic energy t = 1, t' = -0.3
	                                           effective interaction Vq = [0,0,0,0,0,0,0,0,0,0,0,0,0,0,0,0]
	first Hamiltonian is constructed, size = 4008592 and non-zero numbers = 969952250
	PARPACK diagonalization completed after 135 matrix-vector product operations.
	iteration results: : total energy is -15.091341 | electron energy -15.091341 + phonon energy 0.000000 | electron momentum kIdx = 0
	Nq(0) = 9,	Nq(1) = 0.182775,	Nq(2) = 0.248843,	Nq(3) = 0.182775,	Nq(4) = 0.182775,	Nq(5) = 0.263236,	
	Nq(6) = 0.307436,	Nq(7) = 0.263236,	Nq(8) = 0.248843,	Nq(9) = 0.307436,	Nq(10) = 0.356784,	
	Nq(11) = 0.307436,	Nq(12) = 0.182775,	Nq(13) = 0.263236,	Nq(14) = 0.307436,	Nq(15) = 0.263236;	
	Sq(0) = 2.57275e-18,	Sq(1) = 0.523525,	Sq(2) = 0.451304,	Sq(3) = 0.523525,	Sq(4) = 0.523525,	
	Sq(5) = 0.707557,	Sq(6) = 1.00669,	Sq(7) = 0.707557,	Sq(8) = 0.451304,	Sq(9) = 1.00669,	
	Sq(10) = 1.27807,	Sq(11) = 1.00669,	Sq(12) = 0.523525,	Sq(13) = 0.707557,	Sq(14) = 1.00669,	
	Sq(15) = 0.707557;	N(0) = 1.72657,	N(1) = 1.59708,	N(2) = 1.0703,	N(3) = 1.59708,	
	N(4) = 1.59708,	N(5) = 0.264255,	N(6) = 0.153085,	N(7) = 0.264255,	N(8) = 1.0703,	
	N(9) = 0.153085,	N(10) = 0.0751403,	N(11) = 0.153085,	N(12) = 1.59708,	N(13) = 0.264255,	
	N(14) = 0.153085,	N(15) = 0.264255;	Delta[s](0) = 0.0626354,	Delta[s](1) = 0.0414149,	Delta[s](2) = 0.0334369,	
	Delta[s](3) = 0.0414149,	Delta[s](4) = 0.0414149,	Delta[s](5) = 0.0226257,	Delta[s](6) = 0.0117559,	Delta[s](7) = 0.0226257,	
	Delta[s](8) = 0.0334369,	Delta[s](9) = 0.0117559,	Delta[s](10) = 0.00143306,	Delta[s](11) = 0.0117559,	Delta[s](12) = 0.0414149,	
	Delta[s](13) = 0.0226257,	Delta[s](14) = 0.0117559,	Delta[s](15) = 0.0226257;	Delta[d](0) = 0.539233,	Delta[d](1) = 0.257843,	
	Delta[d](2) = 0.265874,	Delta[d](3) = 0.257843,	Delta[d](4) = 0.257843,	Delta[d](5) = 0.14117,	Delta[d](6) = 0.159099,	
	Delta[d](7) = 0.14117,	Delta[d](8) = 0.265874,	Delta[d](9) = 0.159099,	Delta[d](10) = 0.107591,	Delta[d](11) = 0.159099,	
	Delta[d](12) = 0.257843,	Delta[d](13) = 0.14117,	Delta[d](14) = 0.159099,	Delta[d](15) = 0.14117;	Delta[s+](0) = 0.518785,	
	Delta[s+](1) = 0.356471,	Delta[s+](2) = 0.265874,	Delta[s+](3) = 0.356471,	Delta[s+](4) = 0.356471,	Delta[s+](5) = 0.155138,	
	Delta[s+](6) = 0.0645587,	Delta[s+](7) = 0.155138,	Delta[s+](8) = 0.265874,	Delta[s+](9) = 0.0645587,	Delta[s+](10) = 0.0123186,	
	Delta[s+](11) = 0.0645587,	Delta[s+](12) = 0.356471,	Delta[s+](13) = 0.155138,	Delta[s+](14) = 0.0645587,	Delta[s+](15) = 0.155138
	
The 0-th iteration is completed.	|| time cost : 0h 2m 6.189s
********************************************************************************************************************
Start the 1 rounds of NGS-ED iteration
	effective electronic model is modified as: kinetic energy t = 0.998309, t' = -0.299383
	                                           effective interaction Vq = [      -0.2,-0.0230166,-0.0161084,-0.0230166,-0.0230166,-0.0173714,-0.0138019,-0.0173714,-0.0161084,-0.0138019,-0.0122756,-0.0138019,-0.0230166,-0.0173714,-0.0138019,-0.0173714]
	PARPACK diagonalization completed after 60 matrix-vector product operations.
	iteration results: : total energy is -16.923982 | electron energy -16.924314 + phonon energy 0.000332 | electron momentum kIdx = 0
The 1-th iteration is completed.	|| time cost : 0h 1m 20.22s
********************************************************************************************************************
Start the 2 rounds of NGS-ED iteration
	effective electronic model is modified as: kinetic energy t = 0.998308, t' = -0.299382
	                                           effective interaction Vq = [      -0.2,-0.0230407,-0.0161017,-0.0230407,-0.0230407,-0.0173779,-0.0137994,-0.0173779,-0.0161017,-0.0137994,-0.0122725,-0.0137994,-0.0230407,-0.0173779,-0.0137994,-0.0173779]
	PARPACK diagonalization completed after 30 matrix-vector product operations.
	iteration results: : total energy is -16.923982 | electron energy -16.924315 + phonon energy 0.000332 | electron momentum kIdx = 0
The 2-th iteration is completed.	|| time cost : 0h 0m 9.668s
********************************************************************************************************************
Start the 3 rounds of NGS-ED iteration
	effective electronic model is modified as: kinetic energy t = 0.998308, t' = -0.299382
	                                           effective interaction Vq = [      -0.2,-0.0230408,-0.0161016,-0.0230408,-0.0230408,-0.0173779,-0.0137994,-0.0173779,-0.0161016,-0.0137994,-0.0122725,-0.0137994,-0.0230408,-0.0173779,-0.0137994,-0.0173779]
	PARPACK diagonalization completed after 30 matrix-vector product operations.
	iteration results: : total energy is -16.923982 | electron energy -16.924315 + phonon energy 0.000332 | electron momentum kIdx = 0
	Nq(0) = 9,	Nq(1) = 0.183089,	Nq(2) = 0.248889,	Nq(3) = 0.183089,	Nq(4) = 0.183089,	Nq(5) = 0.263529,	
	Nq(6) = 0.307613,	Nq(7) = 0.263529,	Nq(8) = 0.248889,	Nq(9) = 0.307613,	Nq(10) = 0.356995,	
	Nq(11) = 0.307613,	Nq(12) = 0.183089,	Nq(13) = 0.263529,	Nq(14) = 0.307613,	Nq(15) = 0.263529;	
	Sq(0) = -5.17778e-18,	Sq(1) = 0.52354,	Sq(2) = 0.451292,	Sq(3) = 0.52354,	Sq(4) = 0.52354,	
	Sq(5) = 0.706914,	Sq(6) = 1.00621,	Sq(7) = 0.706914,	Sq(8) = 0.451292,	Sq(9) = 1.00621,	
	Sq(10) = 1.27905,	Sq(11) = 1.00621,	Sq(12) = 0.52354,	Sq(13) = 0.706914,	Sq(14) = 1.00621,	
	Sq(15) = 0.706914;	N(0) = 1.72739,	N(1) = 1.59825,	N(2) = 1.06989,	N(3) = 1.59825,	
	N(4) = 1.59825,	N(5) = 0.263433,	N(6) = 0.152757,	N(7) = 0.263433,	N(8) = 1.06989,	
	N(9) = 0.152757,	N(10) = 0.0750529,	N(11) = 0.152757,	N(12) = 1.59825,	N(13) = 0.263433,	
	N(14) = 0.152757,	N(15) = 0.263433;	Delta[s](0) = 0.062875,	Delta[s](1) = 0.041578,	Delta[s](2) = 0.0335777,	
	Delta[s](3) = 0.041578,	Delta[s](4) = 0.041578,	Delta[s](5) = 0.0227254,	Delta[s](6) = 0.0117939,	Delta[s](7) = 0.0227254,	
	Delta[s](8) = 0.0335777,	Delta[s](9) = 0.0117939,	Delta[s](10) = 0.00142968,	Delta[s](11) = 0.0117939,	Delta[s](12) = 0.041578,	
	Delta[s](13) = 0.0227254,	Delta[s](14) = 0.0117939,	Delta[s](15) = 0.0227254;	Delta[d](0) = 0.539641,	Delta[d](1) = 0.257862,	
	Delta[d](2) = 0.265964,	Delta[d](3) = 0.257862,	Delta[d](4) = 0.257862,	Delta[d](5) = 0.141141,	Delta[d](6) = 0.15906,	
	Delta[d](7) = 0.141141,	Delta[d](8) = 0.265964,	Delta[d](9) = 0.15906,	Delta[d](10) = 0.107281,	Delta[d](11) = 0.15906,	
	Delta[d](12) = 0.257862,	Delta[d](13) = 0.141141,	Delta[d](14) = 0.15906,	Delta[d](15) = 0.141141;	Delta[s+](0) = 0.519131,	
	Delta[s+](1) = 0.356685,	Delta[s+](2) = 0.265964,	Delta[s+](3) = 0.356685,	Delta[s+](4) = 0.356685,	Delta[s+](5) = 0.155172,	
	Delta[s+](6) = 0.0645007,	Delta[s+](7) = 0.155172,	Delta[s+](8) = 0.265964,	Delta[s+](9) = 0.0645007,	Delta[s+](10) = 0.0123061,	
	Delta[s+](11) = 0.0645007,	Delta[s+](12) = 0.356685,	Delta[s+](13) = 0.155172,	Delta[s+](14) = 0.0645007,	Delta[s+](15) = 0.155172
	
The 3-th iteration is completed.	|| time cost : 0h 1m 21.808s
********************************************************************************************************************
********************************************************************************************************************
Ground state is obtained after 4 iterations. The current ground-state energy is -16.924, in which electron energy is -16.9243 and phonon energy is 0.000332361
Final variational state is: 
	Gamma_x = [      1,1.02066,1.01981,1.02066,1.02066,1.02263,1.02106,1.02263,1.01981,1.02106,1.02179,1.02106,1.02066,1.02263,1.02106,1.02263]
	lambda_q = [        1, 0.059364,0.0410987, 0.059364, 0.059364,0.0444318,0.0351151,0.0444318,0.0410987,0.0351151, 0.031167,0.0351151, 0.059364,0.0444318,0.0351151,0.0444318]
Effective e-e interactions mediated by phonons are:
	momentum-space Vq = [      -0.2,-0.0230408,-0.0161016,-0.0230408,-0.0230408,-0.0173779,-0.0137994,-0.0173779,-0.0161016,-0.0137994,-0.0122725,-0.0137994,-0.0230408,-0.0173779,-0.0137994,-0.0173779]
	real-space Vr = [-0.0288343,-0.0128881,-0.0109353,-0.0128881,-0.0128881,-0.0112543,-0.0105778,-0.0112543,-0.0109353,-0.0105778,-0.0104142,-0.0105778,-0.0128881,-0.0112543,-0.0105778,-0.0112543]
********************************************************************************************************************
o___o  ----------------------------------------
| L |	Time since last clock: 0h 0m 0.01s
A===A	Time since the beginning: 0h 4m 57.897s
***********************************************


Non-Gaussina ED ground state calculation is completed. The final ground-state energy is -16.924
********************************************************************************************************************
o___o  ----------------------------------------
| L |	Time since last clock: 0h 0m 0.003s
A===A	Time since the beginning: 0h 4m 57.901s
***********************************************



********************************************************************************************************************
All non-Gaussian ED ground state calculations have been completed. Exit now.
