SNEDics v3.22.2 Non-Gaussian ED ground state program		Start at Thu Feb  3 08:32:20 2022

Parallelization: 32 MPI threads  * 8 OpenMP threads = 256 total threads.
********************************************************************************************************************
********************************************************************************************************************

********************************************************************************************************************
System parameters and configurations
	special program options are enabled: splitted diagonal Hamiltonian | splitted Hamiltonian terms
********************************************************************************************************************
Read input file "model_params.in"
	Hubbard-Holstein model parameters : 	t = 1    t' = -0.3    U = 8    g = 1    W = 1    
********************************************************************************************************************
Read input file "hilbertspace_params.in"
	Requested 16-site 2D lattice, with 8 electrons (4, 4)
	Boundary : Periodic		Hilbert space representation : momentum-space (restricted to kIdx = 10)
	Conservation: particle number[U(1)]      spin[U(1)]     momentum
********************************************************************************************************************

Cluster Positions:				Cluster symmetry group : D4
 x ... x ... x ... x .....                       x ... x ... x ... x .....
 |           |           :                       |           |           :
 |           |           :                       |           |           :
12    13    14    15     x                       1     5     6     5     x
 |           |           :                       |           |           :
 |           |           :                       |           |           :
 8 --- 9 ---10 ---11 --- x                       2 --- 6 ---10 --- 6 --- x
 |           |           :                       |           |           :
 |           |           :                       |           |           :
 4     5     6     7     x                       1     5     6     5     x
 |           |           :                       |           |           :
 |           |           :                       |           |           :
 0 --- 1 --- 2 --- 3 --- x                       0 --- 1 --- 2 --- 1 --- x
orbital number : 1
********************************************************************************************************************
Read input file "obs_params.in"
	Observable Type : Nq(All),   Sq(All),   N(All-Orbital),   Delta[s](All),   Delta[d](All),   Delta[s+](All)
** WARNING ** the input observables have non-local factors which have been reinterpreted. The total observable number is 96
********************************************************************************************************************


********************************************************************************************************************
Start calculating the non-Gaussian ED ground state
Maximal iteration number is 1000; energy resolution is 1e-06. Phonon state relaxation time is 2000
W = 1 is relatively large. The non-Gaussian ED calculation starts directly.
open output files: NGSED_iteration_observables.txt
********************************************************************************************************************
Start the 0 rounds of NGS-ED iteration
	effective electronic model is modified as: kinetic energy t = 1, t' = -0.3
	                                           effective interaction Vq = [0,0,0,0,0,0,0,0,0,0,0,0,0,0,0,0]
	first Hamiltonian is constructed, size = 207168 and non-zero numbers = 32240256
	PARPACK diagonalization completed after 105 matrix-vector product operations.
	iteration results: : total energy is -14.405877 | electron energy -14.405877 + phonon energy 0.000000 | electron momentum kIdx = 10
	Nq(0) = 4,	Nq(1) = 0.191255,	Nq(2) = 0.234333,	Nq(3) = 0.191255,	Nq(4) = 0.191255,	Nq(5) = 0.305984,	
	Nq(6) = 0.331756,	Nq(7) = 0.305984,	Nq(8) = 0.234333,	Nq(9) = 0.331756,	Nq(10) = 0.361611,	
	Nq(11) = 0.331756,	Nq(12) = 0.191255,	Nq(13) = 0.305984,	Nq(14) = 0.331756,	Nq(15) = 0.305984;	
	Sq(0) = -3.48352e-18,	Sq(1) = 0.388709,	Sq(2) = 0.400904,	Sq(3) = 0.388709,	Sq(4) = 0.388709,	
	Sq(5) = 0.66772,	Sq(6) = 0.571758,	Sq(7) = 0.66772,	Sq(8) = 0.400904,	Sq(9) = 0.571758,	
	Sq(10) = 0.539189,	Sq(11) = 0.571758,	Sq(12) = 0.388709,	Sq(13) = 0.66772,	Sq(14) = 0.571758,	
	Sq(15) = 0.66772;	N(0) = 1.74885,	N(1) = 0.991935,	N(2) = 0.972078,	N(3) = 0.991935,	
	N(4) = 0.991935,	N(5) = 0.0652548,	N(6) = 0.0181601,	N(7) = 0.0652548,	N(8) = 0.972078,	
	N(9) = 0.0181601,	N(10) = 0.00559157,	N(11) = 0.0181601,	N(12) = 0.991935,	N(13) = 0.0652548,	
	N(14) = 0.0181601,	N(15) = 0.0652548;	Delta[s](0) = 0.0118119,	Delta[s](1) = 0.00896706,	Delta[s](2) = 0.00796578,	
	Delta[s](3) = 0.00896706,	Delta[s](4) = 0.00896706,	Delta[s](5) = 0.00121873,	Delta[s](6) = 0.000978645,	Delta[s](7) = 0.00121873,	
	Delta[s](8) = 0.00796578,	Delta[s](9) = 0.000978645,	Delta[s](10) = 0.00072628,	Delta[s](11) = 0.000978645,	Delta[s](12) = 0.00896706,	
	Delta[s](13) = 0.00121873,	Delta[s](14) = 0.000978645,	Delta[s](15) = 0.00121873;	Delta[d](0) = 0.0202676,	Delta[d](1) = 0.0615571,	
	Delta[d](2) = 0.123837,	Delta[d](3) = 0.0615571,	Delta[d](4) = 0.0615571,	Delta[d](5) = 0.0788671,	Delta[d](6) = 0.157273,	
	Delta[d](7) = 0.0788671,	Delta[d](8) = 0.123837,	Delta[d](9) = 0.157273,	Delta[d](10) = 0.27173,	Delta[d](11) = 0.157273,	
	Delta[d](12) = 0.0615571,	Delta[d](13) = 0.0788671,	Delta[d](14) = 0.157273,	Delta[d](15) = 0.0788671;	Delta[s+](0) = 0.215491,	
	Delta[s+](1) = 0.148452,	Delta[s+](2) = 0.123837,	Delta[s+](3) = 0.148452,	Delta[s+](4) = 0.148452,	Delta[s+](5) = 0.0132954,	
	Delta[s+](6) = 0.0239862,	Delta[s+](7) = 0.0132954,	Delta[s+](8) = 0.123837,	Delta[s+](9) = 0.0239862,	Delta[s+](10) = 0.00641644,	
	Delta[s+](11) = 0.0239862,	Delta[s+](12) = 0.148452,	Delta[s+](13) = 0.0132954,	Delta[s+](14) = 0.0239862,	Delta[s+](15) = 0.0132954
	
The 0-th iteration is completed.	|| time cost : 0h 0m 4.982s
********************************************************************************************************************
Start the 1 rounds of NGS-ED iteration
	effective electronic model is modified as: kinetic energy t = 0.946978, t' = -0.2819
	                                           effective interaction Vq = [       -1,-0.531711,-0.391537,-0.531711,-0.531711,-0.482535, -0.39024,-0.482535,-0.391537, -0.39024, -0.34008, -0.39024,-0.531711,-0.482535, -0.39024,-0.482535]
	PARPACK diagonalization completed after 30 matrix-vector product operations.
	iteration results: : total energy is -19.393551 | electron energy -19.434680 + phonon energy 0.041129 | electron momentum kIdx = 10
The 1-th iteration is completed.	|| time cost : 0h 0m 3.625s
********************************************************************************************************************
Start the 2 rounds of NGS-ED iteration
	effective electronic model is modified as: kinetic energy t = 0.94692, t' = -0.281754
	                                           effective interaction Vq = [       -1,-0.537899,-0.388637,-0.537899,-0.537899,-0.486145,-0.387053,-0.486145,-0.388637,-0.387053,-0.333686,-0.387053,-0.537899,-0.486145,-0.387053,-0.486145]
	PARPACK diagonalization completed after 30 matrix-vector product operations.
	iteration results: : total energy is -19.393680 | electron energy -19.435219 + phonon energy 0.041539 | electron momentum kIdx = 10
The 2-th iteration is completed.	|| time cost : 0h 0m 0.95s
********************************************************************************************************************
Start the 3 rounds of NGS-ED iteration
	effective electronic model is modified as: kinetic energy t = 0.946916, t' = -0.281746
	                                           effective interaction Vq = [       -1,-0.538227,-0.388509,-0.538227,-0.538227, -0.48637,-0.386841, -0.48637,-0.388509,-0.386841,-0.333359,-0.386841,-0.538227, -0.48637,-0.386841, -0.48637]
	PARPACK diagonalization completed after 30 matrix-vector product operations.
	iteration results: : total energy is -19.393680 | electron energy -19.435229 + phonon energy 0.041549 | electron momentum kIdx = 10
The 3-th iteration is completed.	|| time cost : 0h 0m 0.873s
********************************************************************************************************************
Start the 4 rounds of NGS-ED iteration
	effective electronic model is modified as: kinetic energy t = 0.946915, t' = -0.281745
	                                           effective interaction Vq = [       -1,-0.538244,-0.388503,-0.538244,-0.538244,-0.486384,-0.386827,-0.486384,-0.388503,-0.386827,-0.333342,-0.386827,-0.538244,-0.486384,-0.386827,-0.486384]
	PARPACK diagonalization completed after 30 matrix-vector product operations.
	iteration results: : total energy is -19.393680 | electron energy -19.435230 + phonon energy 0.041549 | electron momentum kIdx = 10
The 4-th iteration is completed.	|| time cost : 0h 0m 0.935s
********************************************************************************************************************
Start the 5 rounds of NGS-ED iteration
	effective electronic model is modified as: kinetic energy t = 0.946915, t' = -0.281745
	                                           effective interaction Vq = [       -1,-0.538245,-0.388503,-0.538245,-0.538245,-0.486385,-0.386826,-0.486385,-0.388503,-0.386826,-0.333341,-0.386826,-0.538245,-0.486385,-0.386826,-0.486385]
	PARPACK diagonalization completed after 30 matrix-vector product operations.
	iteration results: : total energy is -19.393680 | electron energy -19.435230 + phonon energy 0.041549 | electron momentum kIdx = 10
The 5-th iteration is completed.	|| time cost : 0h 0m 0.891s
********************************************************************************************************************
Start the 6 rounds of NGS-ED iteration
	effective electronic model is modified as: kinetic energy t = 0.946915, t' = -0.281745
	                                           effective interaction Vq = [       -1,-0.538245,-0.388503,-0.538245,-0.538245,-0.486385,-0.386826,-0.486385,-0.388503,-0.386826,-0.333341,-0.386826,-0.538245,-0.486385,-0.386826,-0.486385]
	PARPACK diagonalization completed after 30 matrix-vector product operations.
	iteration results: : total energy is -19.393680 | electron energy -19.435230 + phonon energy 0.041549 | electron momentum kIdx = 10
	Nq(0) = 4,	Nq(1) = 0.195585,	Nq(2) = 0.232602,	Nq(3) = 0.195585,	Nq(4) = 0.195585,	Nq(5) = 0.310561,	
	Nq(6) = 0.329558,	Nq(7) = 0.310561,	Nq(8) = 0.232602,	Nq(9) = 0.329558,	Nq(10) = 0.355136,	
	Nq(11) = 0.329558,	Nq(12) = 0.195585,	Nq(13) = 0.310561,	Nq(14) = 0.329558,	Nq(15) = 0.310561;	
	Sq(0) = -1.2094e-18,	Sq(1) = 0.389041,	Sq(2) = 0.399902,	Sq(3) = 0.389041,	Sq(4) = 0.389041,	
	Sq(5) = 0.660233,	Sq(6) = 0.574101,	Sq(7) = 0.660233,	Sq(8) = 0.399902,	Sq(9) = 0.574101,	
	Sq(10) = 0.543536,	Sq(11) = 0.574101,	Sq(12) = 0.389041,	Sq(13) = 0.660233,	Sq(14) = 0.574101,	
	Sq(15) = 0.660233;	N(0) = 1.76919,	N(1) = 0.991894,	N(2) = 0.974502,	N(3) = 0.991894,	
	N(4) = 0.991894,	N(5) = 0.0592947,	N(6) = 0.0177555,	N(7) = 0.0592947,	N(8) = 0.974502,	
	N(9) = 0.0177555,	N(10) = 0.00602971,	N(11) = 0.0177555,	N(12) = 0.991894,	N(13) = 0.0592947,	
	N(14) = 0.0177555,	N(15) = 0.0592947;	Delta[s](0) = 0.013062,	Delta[s](1) = 0.0100478,	Delta[s](2) = 0.00892783,	
	Delta[s](3) = 0.0100478,	Delta[s](4) = 0.0100478,	Delta[s](5) = 0.00134119,	Delta[s](6) = 0.00107745,	Delta[s](7) = 0.00134119,	
	Delta[s](8) = 0.00892783,	Delta[s](9) = 0.00107745,	Delta[s](10) = 0.000795354,	Delta[s](11) = 0.00107745,	Delta[s](12) = 0.0100478,	
	Delta[s](13) = 0.00134119,	Delta[s](14) = 0.00107745,	Delta[s](15) = 0.00134119;	Delta[d](0) = 0.0192322,	Delta[d](1) = 0.0613996,	
	Delta[d](2) = 0.124949,	Delta[d](3) = 0.0613996,	Delta[d](4) = 0.0613996,	Delta[d](5) = 0.0789165,	Delta[d](6) = 0.158175,	
	Delta[d](7) = 0.0789165,	Delta[d](8) = 0.124949,	Delta[d](9) = 0.158175,	Delta[d](10) = 0.272612,	Delta[d](11) = 0.158175,	
	Delta[d](12) = 0.0613996,	Delta[d](13) = 0.0789165,	Delta[d](14) = 0.158175,	Delta[d](15) = 0.0789165;	Delta[s+](0) = 0.220155,	
	Delta[s+](1) = 0.151777,	Delta[s+](2) = 0.124949,	Delta[s+](3) = 0.151777,	Delta[s+](4) = 0.151777,	Delta[s+](5) = 0.0129574,	
	Delta[s+](6) = 0.0239158,	Delta[s+](7) = 0.0129574,	Delta[s+](8) = 0.124949,	Delta[s+](9) = 0.0239158,	Delta[s+](10) = 0.00640507,	
	Delta[s+](11) = 0.0239158,	Delta[s+](12) = 0.151777,	Delta[s+](13) = 0.0129574,	Delta[s+](14) = 0.0239158,	Delta[s+](15) = 0.0129574
	
The 6-th iteration is completed.	|| time cost : 0h 0m 3.056s
********************************************************************************************************************
********************************************************************************************************************
Ground state is obtained after 7 iterations. The current ground-state energy is -19.3937, in which electron energy is -19.4352 and phonon energy is 0.0415494
Final variational state is: 
	Gamma_x = [      1,1.08881,1.08245,1.08881,1.08881,1.13404,1.11822,1.13404,1.08245,1.11822,1.11207,1.11822,1.08881,1.13404,1.11822,1.13404]
	lambda_q = [       1,0.320475,0.218017,0.320475,0.320475,0.283331,0.216946,0.283331,0.218017,0.216946,0.183508,0.216946,0.320475,0.283331,0.216946,0.283331]
Effective e-e interactions mediated by phonons are:
	momentum-space Vq = [       -1,-0.538245,-0.388503,-0.538245,-0.538245,-0.486385,-0.386826,-0.486385,-0.388503,-0.386826,-0.333341,-0.386826,-0.538245,-0.486385,-0.386826,-0.486385]
	real-space Vr = [ -0.484761,-0.0605936,-0.0103004,-0.0605936,-0.0605936,-0.0347709,-0.0227388,-0.0347709,-0.0103004,-0.0227388,-0.0222251,-0.0227388,-0.0605936,-0.0347709,-0.0227388,-0.0347709]
********************************************************************************************************************
o___o  ----------------------------------------
| L |	Time since last clock: 0h 0m 0.009s
A===A	Time since the beginning: 0h 0m 15.324s
***********************************************


Non-Gaussina ED ground state calculation is completed. The final ground-state energy is -19.3937
********************************************************************************************************************
o___o  ----------------------------------------
| L |	Time since last clock: 0h 0m 0.006s
A===A	Time since the beginning: 0h 0m 15.331s
***********************************************



********************************************************************************************************************
All non-Gaussian ED ground state calculations have been completed. Exit now.
