TACC:  Starting up job 4310475 
TACC:  Starting parallel tasks... 
SNEDics v3.4 Non-Gaussian ED ground state program		Start at Wed Sep 11 01:49:18 2019

parallized on 32 MPI threads  * 6 OpenMP threads = 192 total threads.
********************************************************************************************************************
********************************************************************************************************************

********************************************************************************************************************
System parameters and configurations
********************************************************************************************************************
Special program options are enabled: splitted diagonal Hamiltonian
********************************************************************************************************************
Read input file "model_params.in"
	Hubbard-Holstein model parameters : 	t = 1    U = 5    g = 4.4721    W = 5    
********************************************************************************************************************
Read input file "hilbertspace_params.in"
	Requested 16-site 2D lattice, with 16 electrons (8, 8)
	Boundary : Periodic		Hilbert space representation : momentum-space (restricted to kIdx = 0)
	Conservation: particle number[U(1)]      spin[U(1)]     momentum
********************************************************************************************************************

Cluster Positions:				Cluster symmetry group : D4
 x ... x ... x ... x .....                       x ... x ... x ... x .....
 |           |           :                       |           |           :
 |           |           :                       |           |           :
12    13    14    15     x                       1     5     6     5     x
 |           |           :                       |           |           :
 |           |           :                       |           |           :
 8 --- 9 ---10 ---11 --- x                       2 --- 6 ---10 --- 6 --- x
 |           |           :                       |           |           :
 |           |           :                       |           |           :
 4     5     6     7     x                       1     5     6     5     x
 |           |           :                       |           |           :
 |           |           :                       |           |           :
 0 --- 1 --- 2 --- 3 --- x                       0 --- 1 --- 2 --- 1 --- x
orbital number : 1
********************************************************************************************************************
Read input file "obs_params.in"
	Observable Type : Nq(All),   Sq(All),   N(All),   Delta[s](All),   Delta[d](All),   Delta[s+](All)
********************************************************************************************************************
** WARNING ** the input observables have non-local factors which have been reinterpreted. The total observable number is 96
********************************************************************************************************************


********************************************************************************************************************
Start calculating the non-Gaussian ED ground state
Input file varState.dat exists. Start iterations from it.
open output files: NGSEDIterationObs.txt
********************************************************************************************************************
Start the 0 rounds of NGS-ED iteration
	effective electronic model is modified as: kinetic energy t = 0.786219
	                                           effective interaction Vq = [-3.99994, -3.1736,-3.05377, -3.1736, -3.1736,-3.05377,-3.03254,-3.05377,-3.05377,-3.03254,-3.99823,-3.03254, -3.1736,-3.05377,-3.03254,-3.05377]
	first Hamiltonian is constructed, non-zero numbers = 12310855584
	PARPACK diagonalization completed after 60 matrix-vector product operations.
	iteration results: : total energy is -95.230797 | electron energy -95.474083 + phonon energy 0.243286 | electron momentum kIdx = 0
	Nq(0) = 16,	Nq(1) = 0.0968272,	Nq(2) = 0.165753,	Nq(3) = 0.0968272,	Nq(4) = 0.0968272,	Nq(5) = 0.165753,	Nq(6) = 0.236506,	Nq(7) = 0.165753,	Nq(8) = 0.165753,	Nq(9) = 0.236506,	Nq(10) = 11.1725,	Nq(11) = 0.236506,	Nq(12) = 0.0968272,	Nq(13) = 0.165753,	Nq(14) = 0.236506,	Nq(15) = 0.165753,	Sq(0) = 1.13237e-18,	Sq(1) = 0.0929606,	Sq(2) = 0.158486,	Sq(3) = 0.0929606,	Sq(4) = 0.0929606,	Sq(5) = 0.158486,	Sq(6) = 0.223249,	Sq(7) = 0.158486,	Sq(8) = 0.158486,	Sq(9) = 0.223249,	Sq(10) = 0.283885,	Sq(11) = 0.223249,	Sq(12) = 0.0929606,	Sq(13) = 0.158486,	Sq(14) = 0.223249,	Sq(15) = 0.158486,	N(0) = 1.85138,	N(1) = 1.64118,	N(2) = 1,	N(3) = 1.64118,	N(4) = 1.64118,	N(5) = 1,	N(6) = 0.358821,	N(7) = 1,	N(8) = 1,	N(9) = 0.358821,	N(10) = 0.148617,	N(11) = 0.358821,	N(12) = 1.64118,	N(13) = 1,	N(14) = 0.358821,	N(15) = 1,	Delta[s](0) = 0.462629,	Delta[s](1) = 0.437664,	Delta[s](2) = 0.421292,	Delta[s](3) = 0.437664,	Delta[s](4) = 0.437664,	Delta[s](5) = 0.421292,	Delta[s](6) = 0.404908,	Delta[s](7) = 0.421292,	Delta[s](8) = 0.421292,	Delta[s](9) = 0.404908,	Delta[s](10) = 0.389511,	Delta[s](11) = 0.404908,	Delta[s](12) = 0.437664,	Delta[s](13) = 0.421292,	Delta[s](14) = 0.404908,	Delta[s](15) = 0.421292,	Delta[d](0) = 0.0997286,	Delta[d](1) = 0.09006,	Delta[d](2) = 0.112417,	Delta[d](3) = 0.09006,	Delta[d](4) = 0.09006,	Delta[d](5) = 0.062333,	Delta[d](6) = 0.0653667,	Delta[d](7) = 0.062333,	Delta[d](8) = 0.112417,	Delta[d](9) = 0.0653667,	Delta[d](10) = 0.0248892,	Delta[d](11) = 0.0653667,	Delta[d](12) = 0.09006,	Delta[d](13) = 0.062333,	Delta[d](14) = 0.0653667,	Delta[d](15) = 0.062333,	Delta[s+](0) = 0.261965,	Delta[s+](1) = 0.188251,	Delta[s+](2) = 0.112417,	Delta[s+](3) = 0.188251,	Delta[s+](4) = 0.188251,	Delta[s+](5) = 0.112417,	Delta[s+](6) = 0.0452436,	Delta[s+](7) = 0.112417,	Delta[s+](8) = 0.112417,	Delta[s+](9) = 0.0452436,	Delta[s+](10) = 0.0173138,	Delta[s+](11) = 0.0452436,	Delta[s+](12) = 0.188251,	Delta[s+](13) = 0.112417,	Delta[s+](14) = 0.0452436,	Delta[s+](15) = 0.112417
The 0-th iteration is completed.	|| time cost : 0h 8m 18.747s
********************************************************************************************************************
Start the 1 rounds of NGS-ED iteration
	effective electronic model is modified as: kinetic energy t = 0.78625
	                                           effective interaction Vq = [-3.99994,-3.17333,-3.05352,-3.17333,-3.17333,-3.05352,-3.03227,-3.05352,-3.05352,-3.03227,-3.99823,-3.03227,-3.17333,-3.05352,-3.03227,-3.05352]
	PARPACK diagonalization completed after 30 matrix-vector product operations.
	iteration results: : total energy is -95.230798 | electron energy -95.474014 + phonon energy 0.243216 | electron momentum kIdx = 0
The 1-th iteration is completed.	|| time cost : 0h 0m 20.579s
********************************************************************************************************************
Start the 2 rounds of NGS-ED iteration
	effective electronic model is modified as: kinetic energy t = 0.78627
	                                           effective interaction Vq = [-3.99994,-3.17316,-3.05336,-3.17316,-3.17316,-3.05336,-3.03209,-3.05336,-3.05336,-3.03209,-3.99823,-3.03209,-3.17316,-3.05336,-3.03209,-3.05336]
	PARPACK diagonalization completed after 30 matrix-vector product operations.
	iteration results: : total energy is -95.230798 | electron energy -95.473968 + phonon energy 0.243170 | electron momentum kIdx = 0
The 2-th iteration is completed.	|| time cost : 0h 0m 20.941s
********************************************************************************************************************
Start the 3 rounds of NGS-ED iteration
	effective electronic model is modified as: kinetic energy t = 0.786283
	                                           effective interaction Vq = [-3.99994,-3.17304,-3.05326,-3.17304,-3.17304,-3.05326,-3.03197,-3.05326,-3.05326,-3.03197,-3.99823,-3.03197,-3.17304,-3.05326,-3.03197,-3.05326]
	PARPACK diagonalization completed after 30 matrix-vector product operations.
	iteration results: : total energy is -95.230798 | electron energy -95.473937 + phonon energy 0.243139 | electron momentum kIdx = 0
The 3-th iteration is completed.	|| time cost : 0h 0m 20.554s
********************************************************************************************************************
Start the 4 rounds of NGS-ED iteration
	effective electronic model is modified as: kinetic energy t = 0.786293
	                                           effective interaction Vq = [-3.99994,-3.17297,-3.05319,-3.17297,-3.17297,-3.05319,-3.03189,-3.05319,-3.05319,-3.03189,-3.99823,-3.03189,-3.17297,-3.05319,-3.03189,-3.05319]
	PARPACK diagonalization completed after 30 matrix-vector product operations.
	iteration results: : total energy is -95.230798 | electron energy -95.473917 + phonon energy 0.243119 | electron momentum kIdx = 0
The 4-th iteration is completed.	|| time cost : 0h 0m 20.553s
********************************************************************************************************************
Start the 5 rounds of NGS-ED iteration
	effective electronic model is modified as: kinetic energy t = 0.786299
	                                           effective interaction Vq = [-3.99994,-3.17291,-3.05314,-3.17291,-3.17291,-3.05314,-3.03184,-3.05314,-3.05314,-3.03184,-3.99823,-3.03184,-3.17291,-3.05314,-3.03184,-3.05314]
	PARPACK diagonalization completed after 30 matrix-vector product operations.
	iteration results: : total energy is -95.230798 | electron energy -95.473903 + phonon energy 0.243105 | electron momentum kIdx = 0
The 5-th iteration is completed.	|| time cost : 0h 0m 21.091s
********************************************************************************************************************
Start the 6 rounds of NGS-ED iteration
	effective electronic model is modified as: kinetic energy t = 0.786302
	                                           effective interaction Vq = [-3.99994,-3.17288,-3.05311,-3.17288,-3.17288,-3.05311, -3.0318,-3.05311,-3.05311, -3.0318,-3.99823, -3.0318,-3.17288,-3.05311, -3.0318,-3.05311]
	PARPACK diagonalization completed after 30 matrix-vector product operations.
	iteration results: : total energy is -95.230798 | electron energy -95.473894 + phonon energy 0.243096 | electron momentum kIdx = 0
The 6-th iteration is completed.	|| time cost : 0h 0m 24.425s
********************************************************************************************************************
Start the 7 rounds of NGS-ED iteration
	effective electronic model is modified as: kinetic energy t = 0.786305
	                                           effective interaction Vq = [-3.99994,-3.17286,-3.05309,-3.17286,-3.17286,-3.05309,-3.03178,-3.05309,-3.05309,-3.03178,-3.99823,-3.03178,-3.17286,-3.05309,-3.03178,-3.05309]
	PARPACK diagonalization completed after 30 matrix-vector product operations.
	iteration results: : total energy is -95.230798 | electron energy -95.473888 + phonon energy 0.243090 | electron momentum kIdx = 0
The 7-th iteration is completed.	|| time cost : 0h 0m 24.573s
********************************************************************************************************************
Start the 8 rounds of NGS-ED iteration
	effective electronic model is modified as: kinetic energy t = 0.786307
	                                           effective interaction Vq = [-3.99994,-3.17284,-3.05307,-3.17284,-3.17284,-3.05307,-3.03176,-3.05307,-3.05307,-3.03176,-3.99823,-3.03176,-3.17284,-3.05307,-3.03176,-3.05307]
	PARPACK diagonalization completed after 30 matrix-vector product operations.
	iteration results: : total energy is -95.230798 | electron energy -95.473884 + phonon energy 0.243086 | electron momentum kIdx = 0
The 8-th iteration is completed.	|| time cost : 0h 0m 22.269s
********************************************************************************************************************
Start the 9 rounds of NGS-ED iteration
	effective electronic model is modified as: kinetic energy t = 0.786308
	                                           effective interaction Vq = [-3.99994,-3.17283,-3.05306,-3.17283,-3.17283,-3.05306,-3.03175,-3.05306,-3.05306,-3.03175,-3.99823,-3.03175,-3.17283,-3.05306,-3.03175,-3.05306]
	PARPACK diagonalization completed after 30 matrix-vector product operations.
	iteration results: : total energy is -95.230798 | electron energy -95.473881 + phonon energy 0.243083 | electron momentum kIdx = 0
The 9-th iteration is completed.	|| time cost : 0h 0m 20.572s
********************************************************************************************************************
Start the 10 rounds of NGS-ED iteration
	effective electronic model is modified as: kinetic energy t = 0.786309
	                                           effective interaction Vq = [-3.99994,-3.17282,-3.05306,-3.17282,-3.17282,-3.05306,-3.03175,-3.05306,-3.05306,-3.03175,-3.99823,-3.03175,-3.17282,-3.05306,-3.03175,-3.05306]
	PARPACK diagonalization completed after 30 matrix-vector product operations.
	iteration results: : total energy is -95.230798 | electron energy -95.473879 + phonon energy 0.243081 | electron momentum kIdx = 0
	Nq(0) = 16,	Nq(1) = 0.0967904,	Nq(2) = 0.1657,	Nq(3) = 0.0967904,	Nq(4) = 0.0967904,	Nq(5) = 0.1657,	Nq(6) = 0.236425,	Nq(7) = 0.1657,	Nq(8) = 0.1657,	Nq(9) = 0.236425,	Nq(10) = 11.1739,	Nq(11) = 0.236425,	Nq(12) = 0.0967904,	Nq(13) = 0.1657,	Nq(14) = 0.236425,	Nq(15) = 0.1657,	Sq(0) = -4.18493e-19,	Sq(1) = 0.0929332,	Sq(2) = 0.15845,	Sq(3) = 0.0929332,	Sq(4) = 0.0929332,	Sq(5) = 0.15845,	Sq(6) = 0.223201,	Sq(7) = 0.15845,	Sq(8) = 0.15845,	Sq(9) = 0.223201,	Sq(10) = 0.28383,	Sq(11) = 0.223201,	Sq(12) = 0.0929332,	Sq(13) = 0.15845,	Sq(14) = 0.223201,	Sq(15) = 0.15845,	N(0) = 1.85133,	N(1) = 1.64108,	N(2) = 1,	N(3) = 1.64108,	N(4) = 1.64108,	N(5) = 1,	N(6) = 0.358919,	N(7) = 1,	N(8) = 1,	N(9) = 0.358919,	N(10) = 0.148675,	N(11) = 0.358919,	N(12) = 1.64108,	N(13) = 1,	N(14) = 0.358919,	N(15) = 1,	Delta[s](0) = 0.462632,	Delta[s](1) = 0.437679,	Delta[s](2) = 0.42131,	Delta[s](3) = 0.437679,	Delta[s](4) = 0.437679,	Delta[s](5) = 0.42131,	Delta[s](6) = 0.40493,	Delta[s](7) = 0.42131,	Delta[s](8) = 0.42131,	Delta[s](9) = 0.40493,	Delta[s](10) = 0.389537,	Delta[s](11) = 0.40493,	Delta[s](12) = 0.437679,	Delta[s](13) = 0.42131,	Delta[s](14) = 0.40493,	Delta[s](15) = 0.42131,	Delta[d](0) = 0.0997014,	Delta[d](1) = 0.0900349,	Delta[d](2) = 0.112393,	Delta[d](3) = 0.0900349,	Delta[d](4) = 0.0900349,	Delta[d](5) = 0.0623107,	Delta[d](6) = 0.0653424,	Delta[d](7) = 0.0623107,	Delta[d](8) = 0.112393,	Delta[d](9) = 0.0653424,	Delta[d](10) = 0.0248719,	Delta[d](11) = 0.0653424,	Delta[d](12) = 0.0900349,	Delta[d](13) = 0.0623107,	Delta[d](14) = 0.0653424,	Delta[d](15) = 0.0623107,	Delta[s+](0) = 0.261937,	Delta[s+](1) = 0.188222,	Delta[s+](2) = 0.112393,	Delta[s+](3) = 0.188222,	Delta[s+](4) = 0.188222,	Delta[s+](5) = 0.112393,	Delta[s+](6) = 0.0452273,	Delta[s+](7) = 0.112393,	Delta[s+](8) = 0.112393,	Delta[s+](9) = 0.0452273,	Delta[s+](10) = 0.0173029,	Delta[s+](11) = 0.0452273,	Delta[s+](12) = 0.188222,	Delta[s+](13) = 0.112393,	Delta[s+](14) = 0.0452273,	Delta[s+](15) = 0.112393
The 10-th iteration is completed.	|| time cost : 0h 3m 57.343s
********************************************************************************************************************
Start the 11 rounds of NGS-ED iteration
	effective electronic model is modified as: kinetic energy t = 0.786309
	                                           effective interaction Vq = [-3.99994,-3.17282,-3.05305,-3.17282,-3.17282,-3.05305,-3.03174,-3.05305,-3.05305,-3.03174,-3.99823,-3.03174,-3.17282,-3.05305,-3.03174,-3.05305]
	PARPACK diagonalization completed after 30 matrix-vector product operations.
	iteration results: : total energy is -95.230798 | electron energy -95.473878 + phonon energy 0.243080 | electron momentum kIdx = 0
The 11-th iteration is completed.	|| time cost : 0h 0m 24.283s
********************************************************************************************************************
Start the 12 rounds of NGS-ED iteration
	effective electronic model is modified as: kinetic energy t = 0.78631
	                                           effective interaction Vq = [-3.99994,-3.17282,-3.05305,-3.17282,-3.17282,-3.05305,-3.03174,-3.05305,-3.05305,-3.03174,-3.99823,-3.03174,-3.17282,-3.05305,-3.03174,-3.05305]
	PARPACK diagonalization completed after 30 matrix-vector product operations.
	iteration results: : total energy is -95.230798 | electron energy -95.473877 + phonon energy 0.243079 | electron momentum kIdx = 0
The 12-th iteration is completed.	|| time cost : 0h 0m 23.681s
********************************************************************************************************************
Start the 13 rounds of NGS-ED iteration
	effective electronic model is modified as: kinetic energy t = 0.78631
	                                           effective interaction Vq = [-3.99994,-3.17281,-3.05305,-3.17281,-3.17281,-3.05305,-3.03174,-3.05305,-3.05305,-3.03174,-3.99823,-3.03174,-3.17281,-3.05305,-3.03174,-3.05305]
	PARPACK diagonalization completed after 30 matrix-vector product operations.
	iteration results: : total energy is -95.230798 | electron energy -95.473877 + phonon energy 0.243079 | electron momentum kIdx = 0
The 13-th iteration is completed.	|| time cost : 0h 0m 22.411s
********************************************************************************************************************
Start the 14 rounds of NGS-ED iteration
	effective electronic model is modified as: kinetic energy t = 0.78631
	                                           effective interaction Vq = [-3.99994,-3.17281,-3.05305,-3.17281,-3.17281,-3.05305,-3.03174,-3.05305,-3.05305,-3.03174,-3.99823,-3.03174,-3.17281,-3.05305,-3.03174,-3.05305]
	PARPACK diagonalization completed after 30 matrix-vector product operations.
	iteration results: : total energy is -95.230798 | electron energy -95.473876 + phonon energy 0.243078 | electron momentum kIdx = 0
The 14-th iteration is completed.	|| time cost : 0h 0m 20.571s
********************************************************************************************************************
Start the 15 rounds of NGS-ED iteration
	effective electronic model is modified as: kinetic energy t = 0.78631
	                                           effective interaction Vq = [-3.99994,-3.17281,-3.05305,-3.17281,-3.17281,-3.05305,-3.03173,-3.05305,-3.05305,-3.03173,-3.99823,-3.03173,-3.17281,-3.05305,-3.03173,-3.05305]
	PARPACK diagonalization completed after 30 matrix-vector product operations.
	iteration results: : total energy is -95.230798 | electron energy -95.473876 + phonon energy 0.243078 | electron momentum kIdx = 0
	Nq(0) = 16,	Nq(1) = 0.0967899,	Nq(2) = 0.165699,	Nq(3) = 0.0967899,	Nq(4) = 0.0967899,	Nq(5) = 0.165699,	Nq(6) = 0.236424,	Nq(7) = 0.165699,	Nq(8) = 0.165699,	Nq(9) = 0.236424,	Nq(10) = 11.1739,	Nq(11) = 0.236424,	Nq(12) = 0.0967899,	Nq(13) = 0.165699,	Nq(14) = 0.236424,	Nq(15) = 0.165699,	Sq(0) = 4.246e-19,	Sq(1) = 0.0929328,	Sq(2) = 0.158449,	Sq(3) = 0.0929328,	Sq(4) = 0.0929328,	Sq(5) = 0.158449,	Sq(6) = 0.2232,	Sq(7) = 0.158449,	Sq(8) = 0.158449,	Sq(9) = 0.2232,	Sq(10) = 0.283829,	Sq(11) = 0.2232,	Sq(12) = 0.0929328,	Sq(13) = 0.158449,	Sq(14) = 0.2232,	Sq(15) = 0.158449,	N(0) = 1.85132,	N(1) = 1.64108,	N(2) = 1,	N(3) = 1.64108,	N(4) = 1.64108,	N(5) = 1,	N(6) = 0.35892,	N(7) = 1,	N(8) = 1,	N(9) = 0.35892,	N(10) = 0.148676,	N(11) = 0.35892,	N(12) = 1.64108,	N(13) = 1,	N(14) = 0.35892,	N(15) = 1,	Delta[s](0) = 0.462632,	Delta[s](1) = 0.437679,	Delta[s](2) = 0.42131,	Delta[s](3) = 0.437679,	Delta[s](4) = 0.437679,	Delta[s](5) = 0.42131,	Delta[s](6) = 0.404931,	Delta[s](7) = 0.42131,	Delta[s](8) = 0.42131,	Delta[s](9) = 0.404931,	Delta[s](10) = 0.389537,	Delta[s](11) = 0.404931,	Delta[s](12) = 0.437679,	Delta[s](13) = 0.42131,	Delta[s](14) = 0.404931,	Delta[s](15) = 0.42131,	Delta[d](0) = 0.099701,	Delta[d](1) = 0.0900346,	Delta[d](2) = 0.112392,	Delta[d](3) = 0.0900346,	Delta[d](4) = 0.0900346,	Delta[d](5) = 0.0623104,	Delta[d](6) = 0.065342,	Delta[d](7) = 0.0623104,	Delta[d](8) = 0.112392,	Delta[d](9) = 0.065342,	Delta[d](10) = 0.0248717,	Delta[d](11) = 0.065342,	Delta[d](12) = 0.0900346,	Delta[d](13) = 0.0623104,	Delta[d](14) = 0.065342,	Delta[d](15) = 0.0623104,	Delta[s+](0) = 0.261937,	Delta[s+](1) = 0.188222,	Delta[s+](2) = 0.112392,	Delta[s+](3) = 0.188222,	Delta[s+](4) = 0.188222,	Delta[s+](5) = 0.112392,	Delta[s+](6) = 0.0452271,	Delta[s+](7) = 0.112392,	Delta[s+](8) = 0.112392,	Delta[s+](9) = 0.0452271,	Delta[s+](10) = 0.0173027,	Delta[s+](11) = 0.0452271,	Delta[s+](12) = 0.188222,	Delta[s+](13) = 0.112392,	Delta[s+](14) = 0.0452271,	Delta[s+](15) = 0.112392
The 15-th iteration is completed.	|| time cost : 0h 4m 18.441s
********************************************************************************************************************
********************************************************************************************************************
Ground state is obtained after 16 iterations. The current ground-state energy is -95.2308, in which electron energy is -95.4739 and phonon energy is 0.243078
final variational state is: 
	Gamma_x = [      1,1.03914,1.06842,1.03914,1.03914,1.06842,  1.099,1.06842,1.06842,  1.099, 1.4247,  1.099,1.03914,1.06842,  1.099,1.06842]
	lambda_q = [ 0.89442,0.487696,0.459244,0.487696,0.487696,0.459244,0.454374,0.459244,0.459244,0.454374,0.875958,0.454374,0.487696,0.459244,0.454374,0.459244]
********************************************************************************************************************
o___o  ----------------------------------------
| L |	Time since last clock: 0h 0m 0s
A===A	Time since the beginning: 0h 21m 21.043s
***********************************************


Non-Gaussina ED ground state calculation is completed. The final ground-state energy is -95.2308
********************************************************************************************************************
o___o  ----------------------------------------
| L |	Time since last clock: 0h 0m 0.001s
A===A	Time since the beginning: 0h 21m 21.044s
***********************************************



********************************************************************************************************************
All non-Gaussian ED ground state calculations have been completed. Exit now.
TACC:  Shutdown complete. Exiting. 
