SNEDics v3.22.2 Non-Gaussian ED ground state program		Start at Wed Apr 13 04:28:45 2022

Parallelization: 32 MPI threads  * 8 OpenMP threads = 256 total threads.
********************************************************************************************************************
********************************************************************************************************************

********************************************************************************************************************
System parameters and configurations
	special program options are enabled: splitted diagonal Hamiltonian | splitted Hamiltonian terms
********************************************************************************************************************
Read input file "model_params.in"
	Hubbard-Holstein model parameters : 	t = 1    t' = -0.3    U = 8    g = 0.1    W = 0.2    g' = 0.25    
********************************************************************************************************************
Read input file "hilbertspace_params.in"
	Requested 16-site 2D lattice, with 12 electrons (6, 6)
	Boundary : Periodic		Hilbert space representation : momentum-space (restricted to kIdx = 0)
	Conservation: particle number[U(1)]      spin[U(1)]     momentum
********************************************************************************************************************

Cluster Positions:				Cluster symmetry group : D4
 x ... x ... x ... x .....                       x ... x ... x ... x .....
 |           |           :                       |           |           :
 |           |           :                       |           |           :
12    13    14    15     x                       1     5     6     5     x
 |           |           :                       |           |           :
 |           |           :                       |           |           :
 8 --- 9 ---10 ---11 --- x                       2 --- 6 ---10 --- 6 --- x
 |           |           :                       |           |           :
 |           |           :                       |           |           :
 4     5     6     7     x                       1     5     6     5     x
 |           |           :                       |           |           :
 |           |           :                       |           |           :
 0 --- 1 --- 2 --- 3 --- x                       0 --- 1 --- 2 --- 1 --- x
orbital number : 1
********************************************************************************************************************
Read input file "obs_params.in"
	Observable Type : Nq(All),   Sq(All),   N(All-Orbital),   Delta[s](All),   Delta[d](All),   Delta[s+](All)
** WARNING ** the input observables have non-local factors which have been reinterpreted. The total observable number is 96
********************************************************************************************************************


********************************************************************************************************************
Start calculating the non-Gaussian ED ground state
Maximal iteration number is 1000; energy resolution is 1e-06. Phonon state relaxation time is 2000
W = 0.2 is relatively large. The non-Gaussian ED calculation starts directly.
open output files: NGSED_iteration_observables.txt
********************************************************************************************************************
Start the 0 rounds of NGS-ED iteration
	effective electronic model is modified as: kinetic energy t = 1, t' = -0.3
	                                           effective interaction Vq = [0,0,0,0,0,0,0,0,0,0,0,0,0,0,0,0]
	first Hamiltonian is constructed, size = 4008592 and non-zero numbers = 969952250
	PARPACK diagonalization completed after 135 matrix-vector product operations.
	iteration results: : total energy is -15.091341 | electron energy -15.091341 + phonon energy 0.000000 | electron momentum kIdx = 0
	Nq(0) = 9,	Nq(1) = 0.182775,	Nq(2) = 0.248843,	Nq(3) = 0.182775,	Nq(4) = 0.182775,	Nq(5) = 0.263236,	
	Nq(6) = 0.307436,	Nq(7) = 0.263236,	Nq(8) = 0.248843,	Nq(9) = 0.307436,	Nq(10) = 0.356784,	
	Nq(11) = 0.307436,	Nq(12) = 0.182775,	Nq(13) = 0.263236,	Nq(14) = 0.307436,	Nq(15) = 0.263236;	
	Sq(0) = 2.57275e-18,	Sq(1) = 0.523525,	Sq(2) = 0.451304,	Sq(3) = 0.523525,	Sq(4) = 0.523525,	
	Sq(5) = 0.707557,	Sq(6) = 1.00669,	Sq(7) = 0.707557,	Sq(8) = 0.451304,	Sq(9) = 1.00669,	
	Sq(10) = 1.27807,	Sq(11) = 1.00669,	Sq(12) = 0.523525,	Sq(13) = 0.707557,	Sq(14) = 1.00669,	
	Sq(15) = 0.707557;	N(0) = 1.72657,	N(1) = 1.59708,	N(2) = 1.0703,	N(3) = 1.59708,	
	N(4) = 1.59708,	N(5) = 0.264255,	N(6) = 0.153085,	N(7) = 0.264255,	N(8) = 1.0703,	
	N(9) = 0.153085,	N(10) = 0.0751403,	N(11) = 0.153085,	N(12) = 1.59708,	N(13) = 0.264255,	
	N(14) = 0.153085,	N(15) = 0.264255;	Delta[s](0) = 0.0612143,	Delta[s](1) = 0.040872,	Delta[s](2) = 0.0331973,	
	Delta[s](3) = 0.040872,	Delta[s](4) = 0.040872,	Delta[s](5) = 0.0227605,	Delta[s](6) = 0.0123792,	Delta[s](7) = 0.0227605,	
	Delta[s](8) = 0.0331973,	Delta[s](9) = 0.0123792,	Delta[s](10) = 0.00247261,	Delta[s](11) = 0.0123792,	Delta[s](12) = 0.040872,	
	Delta[s](13) = 0.0227605,	Delta[s](14) = 0.0123792,	Delta[s](15) = 0.0227605;	Delta[d](0) = 0.533087,	Delta[d](1) = 0.257717,	
	Delta[d](2) = 0.264906,	Delta[d](3) = 0.257717,	Delta[d](4) = 0.257717,	Delta[d](5) = 0.141535,	Delta[d](6) = 0.158922,	
	Delta[d](7) = 0.141535,	Delta[d](8) = 0.264906,	Delta[d](9) = 0.158922,	Delta[d](10) = 0.10883,	Delta[d](11) = 0.158922,	
	Delta[d](12) = 0.257717,	Delta[d](13) = 0.141535,	Delta[d](14) = 0.158922,	Delta[d](15) = 0.141535;	Delta[s+](0) = 0.516332,	
	Delta[s+](1) = 0.355159,	Delta[s+](2) = 0.264906,	Delta[s+](3) = 0.355159,	Delta[s+](4) = 0.355159,	Delta[s+](5) = 0.155194,	
	Delta[s+](6) = 0.0652162,	Delta[s+](7) = 0.155194,	Delta[s+](8) = 0.264906,	Delta[s+](9) = 0.0652162,	Delta[s+](10) = 0.0128925,	
	Delta[s+](11) = 0.0652162,	Delta[s+](12) = 0.355159,	Delta[s+](13) = 0.155194,	Delta[s+](14) = 0.0652162,	Delta[s+](15) = 0.155194
	
The 0-th iteration is completed.	|| time cost : 0h 2m 4.031s
********************************************************************************************************************
Start the 1 rounds of NGS-ED iteration
	effective electronic model is modified as: kinetic energy t = 0.988233, t' = -0.296742
	                                           effective interaction Vq = [      -6.05,  -0.249906,-0.00400956,  -0.249906,  -0.249906,-0.00431585, -0.0594807,-0.00431585,-0.00400956, -0.0594807,  -0.521301, -0.0594807,  -0.249906,-0.00431585, -0.0594807,-0.00431585]
	PARPACK diagonalization completed after 60 matrix-vector product operations.
	iteration results: : total energy is -69.733363 | electron energy -69.778927 + phonon energy 0.045565 | electron momentum kIdx = 0
The 1-th iteration is completed.	|| time cost : 0h 1m 20.259s
********************************************************************************************************************
Start the 2 rounds of NGS-ED iteration
	effective electronic model is modified as: kinetic energy t = 0.986483, t' = -0.296596
	                                           effective interaction Vq = [      -6.05,  -0.257898,-0.00395336,  -0.257898,  -0.257898,-0.00427699, -0.0591757,-0.00427699,-0.00395336, -0.0591757,  -0.651609, -0.0591757,  -0.257898,-0.00427699, -0.0591757,-0.00427699]
	PARPACK diagonalization completed after 45 matrix-vector product operations.
	iteration results: : total energy is -69.735106 | electron energy -69.802075 + phonon energy 0.066969 | electron momentum kIdx = 0
The 2-th iteration is completed.	|| time cost : 0h 0m 11.641s
********************************************************************************************************************
Start the 3 rounds of NGS-ED iteration
	effective electronic model is modified as: kinetic energy t = 0.985909, t' = -0.296595
	                                           effective interaction Vq = [      -6.05,  -0.257996,-0.00394956,  -0.257996,  -0.257996,-0.00427357, -0.0590881,-0.00427357,-0.00394956, -0.0590881,   -0.70059, -0.0590881,  -0.257996,-0.00427357, -0.0590881,-0.00427357]
	PARPACK diagonalization completed after 45 matrix-vector product operations.
	iteration results: : total energy is -69.735318 | electron energy -69.810479 + phonon energy 0.075161 | electron momentum kIdx = 0
The 3-th iteration is completed.	|| time cost : 0h 0m 11.62s
********************************************************************************************************************
Start the 4 rounds of NGS-ED iteration
	effective electronic model is modified as: kinetic energy t = 0.985673, t' = -0.296597
	                                           effective interaction Vq = [      -6.05,  -0.257922,-0.00394861,  -0.257922,  -0.257922,-0.00427259, -0.0590601,-0.00427259,-0.00394861, -0.0590601,  -0.721036, -0.0590601,  -0.257922,-0.00427259, -0.0590601,-0.00427259]
	PARPACK diagonalization completed after 45 matrix-vector product operations.
	iteration results: : total energy is -69.735354 | electron energy -69.813999 + phonon energy 0.078645 | electron momentum kIdx = 0
The 4-th iteration is completed.	|| time cost : 0h 0m 11.741s
********************************************************************************************************************
Start the 5 rounds of NGS-ED iteration
	effective electronic model is modified as: kinetic energy t = 0.98557, t' = -0.296598
	                                           effective interaction Vq = [      -6.05,  -0.257887,-0.00394823,  -0.257887,  -0.257887,-0.00427221, -0.0590488,-0.00427221,-0.00394823, -0.0590488,  -0.729902, -0.0590488,  -0.257887,-0.00427221, -0.0590488,-0.00427221]
	PARPACK diagonalization completed after 45 matrix-vector product operations.
	iteration results: : total energy is -69.735360 | electron energy -69.815531 + phonon energy 0.080170 | electron momentum kIdx = 0
The 5-th iteration is completed.	|| time cost : 0h 0m 11.595s
********************************************************************************************************************
Start the 6 rounds of NGS-ED iteration
	effective electronic model is modified as: kinetic energy t = 0.985525, t' = -0.296598
	                                           effective interaction Vq = [      -6.05,  -0.257872,-0.00394807,  -0.257872,  -0.257872,-0.00427204, -0.0590439,-0.00427204,-0.00394807, -0.0590439,  -0.733809, -0.0590439,  -0.257872,-0.00427204, -0.0590439,-0.00427204]
	PARPACK diagonalization completed after 45 matrix-vector product operations.
	iteration results: : total energy is -69.735362 | electron energy -69.816206 + phonon energy 0.080845 | electron momentum kIdx = 0
The 6-th iteration is completed.	|| time cost : 0h 0m 11.653s
********************************************************************************************************************
Start the 7 rounds of NGS-ED iteration
	effective electronic model is modified as: kinetic energy t = 0.985504, t' = -0.296598
	                                           effective interaction Vq = [      -6.05,  -0.257866,  -0.003948,  -0.257866,  -0.257866,-0.00427197, -0.0590417,-0.00427197,  -0.003948, -0.0590417,  -0.735542, -0.0590417,  -0.257866,-0.00427197, -0.0590417,-0.00427197]
	PARPACK diagonalization completed after 30 matrix-vector product operations.
	iteration results: : total energy is -69.735362 | electron energy -69.816506 + phonon energy 0.081145 | electron momentum kIdx = 0
The 7-th iteration is completed.	|| time cost : 0h 0m 9.712s
********************************************************************************************************************
Start the 8 rounds of NGS-ED iteration
	effective electronic model is modified as: kinetic energy t = 0.985496, t' = -0.296598
	                                           effective interaction Vq = [      -6.05,  -0.257863,-0.00394797,  -0.257863,  -0.257863,-0.00427194, -0.0590408,-0.00427194,-0.00394797, -0.0590408,  -0.736314, -0.0590408,  -0.257863,-0.00427194, -0.0590408,-0.00427194]
	PARPACK diagonalization completed after 30 matrix-vector product operations.
	iteration results: : total energy is -69.735362 | electron energy -69.816640 + phonon energy 0.081278 | electron momentum kIdx = 0
The 8-th iteration is completed.	|| time cost : 0h 0m 9.675s
********************************************************************************************************************
Start the 9 rounds of NGS-ED iteration
	effective electronic model is modified as: kinetic energy t = 0.985492, t' = -0.296598
	                                           effective interaction Vq = [      -6.05,  -0.257862,-0.00394796,  -0.257862,  -0.257862,-0.00427192, -0.0590404,-0.00427192,-0.00394796, -0.0590404,  -0.736657, -0.0590404,  -0.257862,-0.00427192, -0.0590404,-0.00427192]
	PARPACK diagonalization completed after 30 matrix-vector product operations.
	iteration results: : total energy is -69.735362 | electron energy -69.816700 + phonon energy 0.081338 | electron momentum kIdx = 0
The 9-th iteration is completed.	|| time cost : 0h 0m 9.616s
********************************************************************************************************************
Start the 10 rounds of NGS-ED iteration
	effective electronic model is modified as: kinetic energy t = 0.98549, t' = -0.296598
	                                           effective interaction Vq = [      -6.05,  -0.257861,-0.00394795,  -0.257861,  -0.257861,-0.00427192, -0.0590402,-0.00427192,-0.00394795, -0.0590402,   -0.73681, -0.0590402,  -0.257861,-0.00427192, -0.0590402,-0.00427192]
	PARPACK diagonalization completed after 30 matrix-vector product operations.
	iteration results: : total energy is -69.735362 | electron energy -69.816726 + phonon energy 0.081364 | electron momentum kIdx = 0
The 10-th iteration is completed.	|| time cost : 0h 0m 9.717s
********************************************************************************************************************
Start the 11 rounds of NGS-ED iteration
	effective electronic model is modified as: kinetic energy t = 0.985489, t' = -0.296598
	                                           effective interaction Vq = [      -6.05,  -0.257861,-0.00394795,  -0.257861,  -0.257861,-0.00427192, -0.0590401,-0.00427192,-0.00394795, -0.0590401,  -0.736879, -0.0590401,  -0.257861,-0.00427192, -0.0590401,-0.00427192]
	PARPACK diagonalization completed after 30 matrix-vector product operations.
	iteration results: : total energy is -69.735362 | electron energy -69.816738 + phonon energy 0.081376 | electron momentum kIdx = 0
The 11-th iteration is completed.	|| time cost : 0h 0m 9.593s
********************************************************************************************************************
Start the 12 rounds of NGS-ED iteration
	effective electronic model is modified as: kinetic energy t = 0.985489, t' = -0.296598
	                                           effective interaction Vq = [      -6.05,  -0.257861,-0.00394795,  -0.257861,  -0.257861,-0.00427191, -0.0590401,-0.00427191,-0.00394795, -0.0590401,  -0.736909, -0.0590401,  -0.257861,-0.00427191, -0.0590401,-0.00427191]
	PARPACK diagonalization completed after 30 matrix-vector product operations.
	iteration results: : total energy is -69.735362 | electron energy -69.816743 + phonon energy 0.081381 | electron momentum kIdx = 0
The 12-th iteration is completed.	|| time cost : 0h 0m 9.679s
********************************************************************************************************************
Start the 13 rounds of NGS-ED iteration
	effective electronic model is modified as: kinetic energy t = 0.985488, t' = -0.296598
	                                           effective interaction Vq = [      -6.05,  -0.257861,-0.00394795,  -0.257861,  -0.257861,-0.00427191,   -0.05904,-0.00427191,-0.00394795,   -0.05904,  -0.736923,   -0.05904,  -0.257861,-0.00427191,   -0.05904,-0.00427191]
	PARPACK diagonalization completed after 30 matrix-vector product operations.
	iteration results: : total energy is -69.735362 | electron energy -69.816746 + phonon energy 0.081384 | electron momentum kIdx = 0
The 13-th iteration is completed.	|| time cost : 0h 0m 9.671s
********************************************************************************************************************
Start the 14 rounds of NGS-ED iteration
	effective electronic model is modified as: kinetic energy t = 0.985488, t' = -0.296598
	                                           effective interaction Vq = [      -6.05,  -0.257861,-0.00394795,  -0.257861,  -0.257861,-0.00427191,   -0.05904,-0.00427191,-0.00394795,   -0.05904,  -0.736929,   -0.05904,  -0.257861,-0.00427191,   -0.05904,-0.00427191]
	PARPACK diagonalization completed after 30 matrix-vector product operations.
	iteration results: : total energy is -69.735362 | electron energy -69.816747 + phonon energy 0.081385 | electron momentum kIdx = 0
The 14-th iteration is completed.	|| time cost : 0h 0m 9.659s
********************************************************************************************************************
Start the 15 rounds of NGS-ED iteration
	effective electronic model is modified as: kinetic energy t = 0.985488, t' = -0.296598
	                                           effective interaction Vq = [      -6.05,  -0.257861,-0.00394795,  -0.257861,  -0.257861,-0.00427191,   -0.05904,-0.00427191,-0.00394795,   -0.05904,  -0.736932,   -0.05904,  -0.257861,-0.00427191,   -0.05904,-0.00427191]
	PARPACK diagonalization completed after 30 matrix-vector product operations.
	iteration results: : total energy is -69.735362 | electron energy -69.816747 + phonon energy 0.081385 | electron momentum kIdx = 0
The 15-th iteration is completed.	|| time cost : 0h 0m 9.681s
********************************************************************************************************************
Start the 16 rounds of NGS-ED iteration
	effective electronic model is modified as: kinetic energy t = 0.985488, t' = -0.296598
	                                           effective interaction Vq = [      -6.05,  -0.257861,-0.00394795,  -0.257861,  -0.257861,-0.00427191,   -0.05904,-0.00427191,-0.00394795,   -0.05904,  -0.736933,   -0.05904,  -0.257861,-0.00427191,   -0.05904,-0.00427191]
	PARPACK diagonalization completed after 30 matrix-vector product operations.
	iteration results: : total energy is -69.735362 | electron energy -69.816747 + phonon energy 0.081385 | electron momentum kIdx = 0
The 16-th iteration is completed.	|| time cost : 0h 0m 9.634s
********************************************************************************************************************
Start the 17 rounds of NGS-ED iteration
	effective electronic model is modified as: kinetic energy t = 0.985488, t' = -0.296598
	                                           effective interaction Vq = [      -6.05,  -0.257861,-0.00394795,  -0.257861,  -0.257861,-0.00427191,   -0.05904,-0.00427191,-0.00394795,   -0.05904,  -0.736933,   -0.05904,  -0.257861,-0.00427191,   -0.05904,-0.00427191]
	PARPACK diagonalization completed after 30 matrix-vector product operations.
	iteration results: : total energy is -69.735362 | electron energy -69.816747 + phonon energy 0.081385 | electron momentum kIdx = 0
The 17-th iteration is completed.	|| time cost : 0h 0m 9.672s
********************************************************************************************************************
Start the 18 rounds of NGS-ED iteration
	effective electronic model is modified as: kinetic energy t = 0.985488, t' = -0.296598
	                                           effective interaction Vq = [      -6.05,  -0.257861,-0.00394795,  -0.257861,  -0.257861,-0.00427191,   -0.05904,-0.00427191,-0.00394795,   -0.05904,  -0.736934,   -0.05904,  -0.257861,-0.00427191,   -0.05904,-0.00427191]
	PARPACK diagonalization completed after 30 matrix-vector product operations.
	iteration results: : total energy is -69.735362 | electron energy -69.816747 + phonon energy 0.081385 | electron momentum kIdx = 0
	Nq(0) = 9,	Nq(1) = 0.187576,	Nq(2) = 0.245572,	Nq(3) = 0.187576,	Nq(4) = 0.187576,	Nq(5) = 0.261469,	
	Nq(6) = 0.306654,	Nq(7) = 0.261469,	Nq(8) = 0.245572,	Nq(9) = 0.306654,	Nq(10) = 0.389752,	
	Nq(11) = 0.306654,	Nq(12) = 0.187576,	Nq(13) = 0.261469,	Nq(14) = 0.306654,	Nq(15) = 0.261469;	
	Sq(0) = 3.945e-18,	Sq(1) = 0.526145,	Sq(2) = 0.450412,	Sq(3) = 0.526145,	Sq(4) = 0.526145,	
	Sq(5) = 0.698986,	Sq(6) = 1.00191,	Sq(7) = 0.698986,	Sq(8) = 0.450412,	Sq(9) = 1.00191,	
	Sq(10) = 1.28733,	Sq(11) = 1.00191,	Sq(12) = 0.526145,	Sq(13) = 0.698986,	Sq(14) = 1.00191,	
	Sq(15) = 0.698986;	N(0) = 1.73007,	N(1) = 1.6087,	N(2) = 1.06423,	N(3) = 1.6087,	
	N(4) = 1.6087,	N(5) = 0.259214,	N(6) = 0.148997,	N(7) = 0.259214,	N(8) = 1.06423,	
	N(9) = 0.148997,	N(10) = 0.0738348,	N(11) = 0.148997,	N(12) = 1.6087,	N(13) = 0.259214,	
	N(14) = 0.148997,	N(15) = 0.259214;	Delta[s](0) = 0.0629127,	Delta[s](1) = 0.0423143,	Delta[s](2) = 0.0344165,	
	Delta[s](3) = 0.0423143,	Delta[s](4) = 0.0423143,	Delta[s](5) = 0.0239644,	Delta[s](6) = 0.0130473,	Delta[s](7) = 0.0239644,	
	Delta[s](8) = 0.0344165,	Delta[s](9) = 0.0130473,	Delta[s](10) = 0.00279573,	Delta[s](11) = 0.0130473,	Delta[s](12) = 0.0423143,	
	Delta[s](13) = 0.0239644,	Delta[s](14) = 0.0130473,	Delta[s](15) = 0.0239644;	Delta[d](0) = 0.532581,	Delta[d](1) = 0.256733,	
	Delta[d](2) = 0.264744,	Delta[d](3) = 0.256733,	Delta[d](4) = 0.256733,	Delta[d](5) = 0.141413,	Delta[d](6) = 0.158416,	
	Delta[d](7) = 0.141413,	Delta[d](8) = 0.264744,	Delta[d](9) = 0.158416,	Delta[d](10) = 0.106072,	Delta[d](11) = 0.158416,	
	Delta[d](12) = 0.256733,	Delta[d](13) = 0.141413,	Delta[d](14) = 0.158416,	Delta[d](15) = 0.141413;	Delta[s+](0) = 0.516852,	
	Delta[s+](1) = 0.355623,	Delta[s+](2) = 0.264744,	Delta[s+](3) = 0.355623,	Delta[s+](4) = 0.355623,	Delta[s+](5) = 0.155223,	
	Delta[s+](6) = 0.0648616,	Delta[s+](7) = 0.155223,	Delta[s+](8) = 0.264744,	Delta[s+](9) = 0.0648616,	Delta[s+](10) = 0.0129374,	
	Delta[s+](11) = 0.0648616,	Delta[s+](12) = 0.355623,	Delta[s+](13) = 0.155223,	Delta[s+](14) = 0.0648616,	Delta[s+](15) = 0.155223
	
The 18-th iteration is completed.	|| time cost : 0h 1m 21.713s
********************************************************************************************************************
********************************************************************************************************************
Ground state is obtained after 19 iterations. The current ground-state energy is -69.7354, in which electron energy is -69.8167 and phonon energy is 0.0813854
Final variational state is: 
	Gamma_x = [      1,1.25917,1.00476,1.25917,1.25917,1.00548,1.09272,1.00548,1.00476,1.09272,3.05541,1.09272,1.25917,1.00548,1.09272,1.00548]
	lambda_q = [       5.5,  0.223186, 0.0201456,  0.223186,  0.223186, 0.0218364,-0.0752143, 0.0218364, 0.0201456,-0.0752143, -0.429947,-0.0752143,  0.223186, 0.0218364,-0.0752143, 0.0218364]
Effective e-e interactions mediated by phonons are:
	momentum-space Vq = [      -6.05,  -0.257861,-0.00394795,  -0.257861,  -0.257861,-0.00427191,   -0.05904,-0.00427191,-0.00394795,   -0.05904,  -0.736934,   -0.05904,  -0.257861,-0.00427191,   -0.05904,-0.00427191]
	real-space Vr = [ -0.50497,-0.356919,-0.423609,-0.356919,-0.356919, -0.42369,-0.307214, -0.42369,-0.423609,-0.307214, -0.34652,-0.307214,-0.356919, -0.42369,-0.307214, -0.42369]
********************************************************************************************************************
o___o  ----------------------------------------
| L |	Time since last clock: 0h 0m 0.011s
A===A	Time since the beginning: 0h 7m 30.585s
***********************************************


Non-Gaussina ED ground state calculation is completed. The final ground-state energy is -69.7354
********************************************************************************************************************
o___o  ----------------------------------------
| L |	Time since last clock: 0h 0m 0.005s
A===A	Time since the beginning: 0h 7m 30.59s
***********************************************



********************************************************************************************************************
All non-Gaussian ED ground state calculations have been completed. Exit now.
