SNEDics v3.21.4 Non-Gaussian ED ground state program		Start at Mon Jul 26 13:47:20 2021

parallized on 32 MPI threads  * 8 OpenMP threads = 256 total threads.
********************************************************************************************************************
********************************************************************************************************************

********************************************************************************************************************
System parameters and configurations
	special program options are enabled: splitted diagonal Hamiltonian | splitted Hamiltonian terms
********************************************************************************************************************
Read input file "model_params.in"
	Hubbard-Holstein model parameters : 	t = 1    U = 8    g = 0.06    W = 0.2    g' = 0.15    
********************************************************************************************************************
Read input file "hilbertspace_params.in"
	Requested 16-site 2D lattice, with 14 electrons (7, 7)
	Boundary : Periodic		Hilbert space representation : momentum-space (restricted to kIdx = 0)
	Conservation: particle number[U(1)]      spin[U(1)]     momentum
********************************************************************************************************************

Cluster Positions:				Cluster symmetry group : D4
 x ... x ... x ... x .....                       x ... x ... x ... x .....
 |           |           :                       |           |           :
 |           |           :                       |           |           :
12    13    14    15     x                       1     5     6     5     x
 |           |           :                       |           |           :
 |           |           :                       |           |           :
 8 --- 9 ---10 ---11 --- x                       2 --- 6 ---10 --- 6 --- x
 |           |           :                       |           |           :
 |           |           :                       |           |           :
 4     5     6     7     x                       1     5     6     5     x
 |           |           :                       |           |           :
 |           |           :                       |           |           :
 0 --- 1 --- 2 --- 3 --- x                       0 --- 1 --- 2 --- 1 --- x
orbital number : 1
********************************************************************************************************************
Read input file "obs_params.in"
	Observable Type : Nq(All),   Sq(All),   N(All),   Delta[s](All),   Delta[d](All),   Delta[s+](All)
** WARNING ** the input observables have non-local factors which have been reinterpreted. The total observable number is 96
********************************************************************************************************************


********************************************************************************************************************
Start calculating the non-Gaussian ED ground state
Maximal iteration number is 1000; energy resolution is 1e-06. Phonon state relaxation time is 2000
W = 0.2 is relatively large. The non-Gaussian ED calculation starts directly.
open output files: NGSED_iteration_obserbles.txt
********************************************************************************************************************
Start the 0 rounds of NGS-ED iteration
	effective electronic model is modified as: kinetic energy t = 1
	                                           effective interaction Vq = [0,0,0,0,0,0,0,0,0,0,0,0,0,0,0,0]
	first Hamiltonian is constructed, size = 8179600 and non-zero numbers = 2178478298
	PARPACK diagonalization completed after 180 matrix-vector product operations.
	iteration results: : total energy is -11.868836 | electron energy -11.868836 + phonon energy 0.000000 | electron momentum kIdx = 0
	Nq(0) = 12.25,	Nq(1) = 0.154193,	Nq(2) = 0.185311,	Nq(3) = 0.154193,	Nq(4) = 0.154193,	Nq(5) = 0.203281,	
	Nq(6) = 0.235634,	Nq(7) = 0.203281,	Nq(8) = 0.185311,	Nq(9) = 0.235634,	Nq(10) = 0.275446,	
	Nq(11) = 0.235634,	Nq(12) = 0.154193,	Nq(13) = 0.203281,	Nq(14) = 0.235634,	Nq(15) = 0.203281;	
	Sq(0) = -1.83137e-18,	Sq(1) = 0.474292,	Sq(2) = 0.766364,	Sq(3) = 0.474292,	Sq(4) = 0.474292,	
	Sq(5) = 0.630724,	Sq(6) = 1.05279,	Sq(7) = 0.630724,	Sq(8) = 0.766364,	Sq(9) = 1.05279,	
	Sq(10) = 2.56755,	Sq(11) = 1.05279,	Sq(12) = 0.474292,	Sq(13) = 0.630724,	Sq(14) = 1.05279,	
	Sq(15) = 0.630724;	N(0) = 1.75464,	N(1) = 1.59086,	N(2) = 0.323321,	N(3) = 1.59086,	
	N(4) = 1.59086,	N(5) = 0.999881,	N(6) = 0.267546,	N(7) = 0.999881,	N(8) = 0.323321,	
	N(9) = 0.267546,	N(10) = 0.165565,	N(11) = 0.267546,	N(12) = 1.59086,	N(13) = 0.999881,	
	N(14) = 0.267546,	N(15) = 0.999881;	Delta[s](0) = 0.0790144,	Delta[s](1) = 0.0591046,	Delta[s](2) = 0.0354353,	
	Delta[s](3) = 0.0591046,	Delta[s](4) = 0.0591046,	Delta[s](5) = 0.0422751,	Delta[s](6) = 0.0196159,	Delta[s](7) = 0.0422751,	
	Delta[s](8) = 0.0354353,	Delta[s](9) = 0.0196159,	Delta[s](10) = 0.000382451,	Delta[s](11) = 0.0196159,	Delta[s](12) = 0.0591046,	
	Delta[s](13) = 0.0422751,	Delta[s](14) = 0.0196159,	Delta[s](15) = 0.0422751;	Delta[d](0) = 0.275491,	Delta[d](1) = 0.189982,	
	Delta[d](2) = 0.199555,	Delta[d](3) = 0.189982,	Delta[d](4) = 0.189982,	Delta[d](5) = 0.176581,	Delta[d](6) = 0.132531,	
	Delta[d](7) = 0.176581,	Delta[d](8) = 0.199555,	Delta[d](9) = 0.132531,	Delta[d](10) = 0.0534738,	Delta[d](11) = 0.132531,	
	Delta[d](12) = 0.189982,	Delta[d](13) = 0.176581,	Delta[d](14) = 0.132531,	Delta[d](15) = 0.176581;	Delta[s+](0) = 0.559268,	
	Delta[s+](1) = 0.416473,	Delta[s+](2) = 0.199555,	Delta[s+](3) = 0.416473,	Delta[s+](4) = 0.416473,	Delta[s+](5) = 0.291122,	
	Delta[s+](6) = 0.126121,	Delta[s+](7) = 0.291122,	Delta[s+](8) = 0.199555,	Delta[s+](9) = 0.126121,	Delta[s+](10) = 0.038313,	
	Delta[s+](11) = 0.126121,	Delta[s+](12) = 0.416473,	Delta[s+](13) = 0.291122,	Delta[s+](14) = 0.126121,	Delta[s+](15) = 0.291122
	
The 0-th iteration is completed.	|| time cost : 0h 4m 42.88s
********************************************************************************************************************
Start the 1 rounds of NGS-ED iteration
	effective electronic model is modified as: kinetic energy t = 0.997553
	                                           effective interaction Vq = [     -2.178, -0.0730916,-0.00120083, -0.0730916, -0.0730916,-0.00131111, -0.0167033,-0.00131111,-0.00120083, -0.0167033, -0.0813239, -0.0167033, -0.0730916,-0.00131111, -0.0167033,-0.00131111]
	PARPACK diagonalization completed after 60 matrix-vector product operations.
	iteration results: : total energy is -38.591533 | electron energy -38.592813 + phonon energy 0.001280 | electron momentum kIdx = 0
The 1-th iteration is completed.	|| time cost : 0h 2m 59.505s
********************************************************************************************************************
Start the 2 rounds of NGS-ED iteration
	effective electronic model is modified as: kinetic energy t = 0.997534
	                                           effective interaction Vq = [     -2.178, -0.0734289,-0.00119912, -0.0734289, -0.0734289,-0.00130877, -0.0167054,-0.00130877,-0.00119912, -0.0167054, -0.0818411, -0.0167054, -0.0734289,-0.00130877, -0.0167054,-0.00130877]
	PARPACK diagonalization completed after 30 matrix-vector product operations.
	iteration results: : total energy is -38.591534 | electron energy -38.592843 + phonon energy 0.001309 | electron momentum kIdx = 0
The 2-th iteration is completed.	|| time cost : 0h 0m 21.813s
********************************************************************************************************************
Start the 3 rounds of NGS-ED iteration
	effective electronic model is modified as: kinetic energy t = 0.997534
	                                           effective interaction Vq = [     -2.178, -0.0734306,-0.00119911, -0.0734306, -0.0734306,-0.00130876, -0.0167053,-0.00130876,-0.00119911, -0.0167053, -0.0818442, -0.0167053, -0.0734306,-0.00130876, -0.0167053,-0.00130876]
	PARPACK diagonalization completed after 30 matrix-vector product operations.
	iteration results: : total energy is -38.591534 | electron energy -38.592843 + phonon energy 0.001310 | electron momentum kIdx = 0
The 3-th iteration is completed.	|| time cost : 0h 0m 21.784s
********************************************************************************************************************
Start the 4 rounds of NGS-ED iteration
	effective electronic model is modified as: kinetic energy t = 0.997534
	                                           effective interaction Vq = [     -2.178, -0.0734306,-0.00119911, -0.0734306, -0.0734306,-0.00130876, -0.0167053,-0.00130876,-0.00119911, -0.0167053, -0.0818442, -0.0167053, -0.0734306,-0.00130876, -0.0167053,-0.00130876]
	PARPACK diagonalization completed after 30 matrix-vector product operations.
	iteration results: : total energy is -38.591534 | electron energy -38.592843 + phonon energy 0.001310 | electron momentum kIdx = 0
	Nq(0) = 12.25,	Nq(1) = 0.155147,	Nq(2) = 0.185344,	Nq(3) = 0.155147,	Nq(4) = 0.155147,	Nq(5) = 0.203238,	
	Nq(6) = 0.236053,	Nq(7) = 0.203238,	Nq(8) = 0.185344,	Nq(9) = 0.236053,	Nq(10) = 0.277351,	
	Nq(11) = 0.236053,	Nq(12) = 0.155147,	Nq(13) = 0.203238,	Nq(14) = 0.236053,	Nq(15) = 0.203238;	
	Sq(0) = -4.43155e-18,	Sq(1) = 0.473579,	Sq(2) = 0.765745,	Sq(3) = 0.473579,	Sq(4) = 0.473579,	
	Sq(5) = 0.630186,	Sq(6) = 1.05315,	Sq(7) = 0.630186,	Sq(8) = 0.765745,	Sq(9) = 1.05315,	
	Sq(10) = 2.56508,	Sq(11) = 1.05315,	Sq(12) = 0.473579,	Sq(13) = 0.630186,	Sq(14) = 1.05315,	
	Sq(15) = 0.630186;	N(0) = 1.75563,	N(1) = 1.59252,	N(2) = 0.322887,	N(3) = 1.59252,	
	N(4) = 1.59252,	N(5) = 0.999526,	N(6) = 0.266342,	N(7) = 0.999526,	N(8) = 0.322887,	
	N(9) = 0.266342,	N(10) = 0.165037,	N(11) = 0.266342,	N(12) = 1.59252,	N(13) = 0.999526,	
	N(14) = 0.266342,	N(15) = 0.999526;	Delta[s](0) = 0.0794476,	Delta[s](1) = 0.0594358,	Delta[s](2) = 0.0356411,	
	Delta[s](3) = 0.0594358,	Delta[s](4) = 0.0594358,	Delta[s](5) = 0.0425238,	Delta[s](6) = 0.019735,	Delta[s](7) = 0.0425238,	
	Delta[s](8) = 0.0356411,	Delta[s](9) = 0.019735,	Delta[s](10) = 0.0003885,	Delta[s](11) = 0.019735,	Delta[s](12) = 0.0594358,	
	Delta[s](13) = 0.0425238,	Delta[s](14) = 0.019735,	Delta[s](15) = 0.0425238;	Delta[d](0) = 0.276944,	Delta[d](1) = 0.190008,	
	Delta[d](2) = 0.199477,	Delta[d](3) = 0.190008,	Delta[d](4) = 0.190008,	Delta[d](5) = 0.176574,	Delta[d](6) = 0.132353,	
	Delta[d](7) = 0.176574,	Delta[d](8) = 0.199477,	Delta[d](9) = 0.132353,	Delta[d](10) = 0.0535158,	Delta[d](11) = 0.132353,	
	Delta[d](12) = 0.190008,	Delta[d](13) = 0.176574,	Delta[d](14) = 0.132353,	Delta[d](15) = 0.176574;	Delta[s+](0) = 0.559312,	
	Delta[s+](1) = 0.416508,	Delta[s+](2) = 0.199477,	Delta[s+](3) = 0.416508,	Delta[s+](4) = 0.416508,	Delta[s+](5) = 0.291048,	
	Delta[s+](6) = 0.125989,	Delta[s+](7) = 0.291048,	Delta[s+](8) = 0.199477,	Delta[s+](9) = 0.125989,	Delta[s+](10) = 0.0382125,	
	Delta[s+](11) = 0.125989,	Delta[s+](12) = 0.416508,	Delta[s+](13) = 0.291048,	Delta[s+](14) = 0.125989,	Delta[s+](15) = 0.291048
	
The 4-th iteration is completed.	|| time cost : 0h 3m 6.792s
********************************************************************************************************************
********************************************************************************************************************
Ground state is obtained after 5 iterations. The current ground-state energy is -38.5915, in which electron energy is -38.5928 and phonon energy is 0.00130963
Final variational state is: 
	Gamma_x = [      1,1.05678,1.00109,1.05678,1.05678,1.00131,1.01961,1.00131,1.00109,1.01961, 1.1181,1.01961,1.05678,1.00131,1.01961,1.00131]
	lambda_q = [       3.3,  0.105053, 0.0101648,  0.105053,  0.105053, 0.0111121,-0.0353226, 0.0111121, 0.0101648,-0.0353226,-0.0768761,-0.0353226,  0.105053, 0.0111121,-0.0353226, 0.0111121]
Effective e-e interactions mediated by phonons are:
	momentum-space Vq = [     -2.178, -0.0734306,-0.00119911, -0.0734306, -0.0734306,-0.00130876, -0.0167053,-0.00130876,-0.00119911, -0.0167053, -0.0818442, -0.0167053, -0.0734306,-0.00130876, -0.0167053,-0.00130876]
	real-space Vr = [-0.164251,  -0.1381,-0.141063,  -0.1381,  -0.1381, -0.14109,-0.123919, -0.14109,-0.141063,-0.123919,-0.119183,-0.123919,  -0.1381, -0.14109,-0.123919, -0.14109]
********************************************************************************************************************
o___o  ----------------------------------------
| L |	Time since last clock: 0h 0m 0.017s
A===A	Time since the beginning: 0h 11m 32.793s
***********************************************


Non-Gaussina ED ground state calculation is completed. The final ground-state energy is -38.5915
********************************************************************************************************************
o___o  ----------------------------------------
| L |	Time since last clock: 0h 0m 0.003s
A===A	Time since the beginning: 0h 11m 32.796s
***********************************************



********************************************************************************************************************
All non-Gaussian ED ground state calculations have been completed. Exit now.
