TACC:  Starting up job 4390336 
TACC:  Starting parallel tasks... 
SNEDics v3.4 Non-Gaussian ED ground state program		Start at Tue Sep 24 01:51:19 2019

parallized on 32 MPI threads  * 6 OpenMP threads = 192 total threads.
********************************************************************************************************************
********************************************************************************************************************

********************************************************************************************************************
System parameters and configurations
********************************************************************************************************************
Special program options are enabled: splitted diagonal Hamiltonian
********************************************************************************************************************
Read input file "model_params.in"
	Hubbard-Holstein model parameters : 	t = 1    U = 0.9    g = 1.5811    W = 5    
********************************************************************************************************************
Read input file "hilbertspace_params.in"
	Requested 16-site 2D lattice, with 14 electrons (7, 7)
	Boundary : Periodic		Hilbert space representation : momentum-space (restricted to kIdx = 0)
	Conservation: particle number[U(1)]      spin[U(1)]     momentum
********************************************************************************************************************

Cluster Positions:				Cluster symmetry group : D4
 x ... x ... x ... x .....                       x ... x ... x ... x .....
 |           |           :                       |           |           :
 |           |           :                       |           |           :
12    13    14    15     x                       1     5     6     5     x
 |           |           :                       |           |           :
 |           |           :                       |           |           :
 8 --- 9 ---10 ---11 --- x                       2 --- 6 ---10 --- 6 --- x
 |           |           :                       |           |           :
 |           |           :                       |           |           :
 4     5     6     7     x                       1     5     6     5     x
 |           |           :                       |           |           :
 |           |           :                       |           |           :
 0 --- 1 --- 2 --- 3 --- x                       0 --- 1 --- 2 --- 1 --- x
orbital number : 1
********************************************************************************************************************
Read input file "obs_params.in"
	Observable Type : Nq(All),   Sq(All),   N(All),   Delta[s](All),   Delta[d](All),   Delta[s+](All)
********************************************************************************************************************
** WARNING ** the input observables have non-local factors which have been reinterpreted. The total observable number is 96
********************************************************************************************************************


********************************************************************************************************************
Start calculating the non-Gaussian ED ground state
** WARNING ** Detected low phonon energy W < 10. The initial state will be prepared through a warm-up process.
********************************************************************************************************************
Start warm-up calculation for scaling factor 2
open output files: NGSEDWarmUpW10Obs.txt
********************************************************************************************************************
Start the 0 rounds of NGS-ED iteration
	effective electronic model is modified as: kinetic energy t = 1
	                                           effective interaction Vq = [0,0,0,0,0,0,0,0,0,0,0,0,0,0,0,0]
	first Hamiltonian is constructed, non-zero numbers = 2178478298
	PARPACK diagonalization completed after 225 matrix-vector product operations.
	iteration results: : total energy is -21.635565 | electron energy -21.635565 + phonon energy 0.000000 | electron momentum kIdx = 0
	Nq(0) = 12.25,	Nq(1) = 0.327097,	Nq(2) = 0.356798,	Nq(3) = 0.327097,	Nq(4) = 0.327097,	Nq(5) = 0.456972,	Nq(6) = 0.552763,	Nq(7) = 0.456972,	Nq(8) = 0.356798,	Nq(9) = 0.552763,	Nq(10) = 0.583355,	Nq(11) = 0.552763,	Nq(12) = 0.327097,	Nq(13) = 0.456972,	Nq(14) = 0.552763,	Nq(15) = 0.456972,	Sq(0) = -1.49839e-18,	Sq(1) = 0.402016,	Sq(2) = 0.582033,	Sq(3) = 0.402016,	Sq(4) = 0.402016,	Sq(5) = 0.529343,	Sq(6) = 0.678908,	Sq(7) = 0.529343,	Sq(8) = 0.582033,	Sq(9) = 0.678908,	Sq(10) = 1.50059,	Sq(11) = 0.678908,	Sq(12) = 0.402016,	Sq(13) = 0.529343,	Sq(14) = 0.678908,	Sq(15) = 0.529343,	N(0) = 1.9951,	N(1) = 1.99053,	N(2) = 0.00722892,	N(3) = 1.99053,	N(4) = 1.99053,	N(5) = 0.999465,	N(6) = 0.00690172,	N(7) = 0.999465,	N(8) = 0.00722892,	N(9) = 0.00690172,	N(10) = 0.00285676,	N(11) = 0.00690172,	N(12) = 1.99053,	N(13) = 0.999465,	N(14) = 0.00690172,	N(15) = 0.999465,	Delta[s](0) = 0.269927,	Delta[s](1) = 0.211817,	Delta[s](2) = 0.118905,	Delta[s](3) = 0.211817,	Delta[s](4) = 0.211817,	Delta[s](5) = 0.165352,	Delta[s](6) = 0.105467,	Delta[s](7) = 0.165352,	Delta[s](8) = 0.118905,	Delta[s](9) = 0.105467,	Delta[s](10) = 0.00885912,	Delta[s](11) = 0.105467,	Delta[s](12) = 0.211817,	Delta[s](13) = 0.165352,	Delta[s](14) = 0.105467,	Delta[s](15) = 0.165352,	Delta[d](0) = 0.245614,	Delta[d](1) = 0.12669,	Delta[d](2) = 0.134387,	Delta[d](3) = 0.12669,	Delta[d](4) = 0.12669,	Delta[d](5) = 0.12793,	Delta[d](6) = 0.0712292,	Delta[d](7) = 0.12793,	Delta[d](8) = 0.134387,	Delta[d](9) = 0.0712292,	Delta[d](10) = 0.00477607,	Delta[d](11) = 0.0712292,	Delta[d](12) = 0.12669,	Delta[d](13) = 0.12793,	Delta[d](14) = 0.0712292,	Delta[d](15) = 0.12793,	Delta[s+](0) = 0.520468,	Delta[s+](1) = 0.389489,	Delta[s+](2) = 0.134387,	Delta[s+](3) = 0.389489,	Delta[s+](4) = 0.389489,	Delta[s+](5) = 0.259126,	Delta[s+](6) = 0.0705606,	Delta[s+](7) = 0.259126,	Delta[s+](8) = 0.134387,	Delta[s+](9) = 0.0705606,	Delta[s+](10) = 0.003393,	Delta[s+](11) = 0.0705606,	Delta[s+](12) = 0.389489,	Delta[s+](13) = 0.259126,	Delta[s+](14) = 0.0705606,	Delta[s+](15) = 0.259126
The 0-th iteration is completed.	|| time cost : 0h 4m 16.052s
********************************************************************************************************************
Start the 1 rounds of NGS-ED iteration
	effective electronic model is modified as: kinetic energy t = 0.98532
	                                           effective interaction Vq = [-0.432311,-0.410337,-0.392182,-0.410337,-0.410337,-0.400929,-0.393514,-0.400929,-0.392182,-0.393514,-0.383525,-0.393514,-0.410337,-0.400929,-0.393514,-0.400929]
	PARPACK diagonalization completed after 45 matrix-vector product operations.
	iteration results: : total energy is -29.349247 | electron energy -29.349518 + phonon energy 0.000271 | electron momentum kIdx = 0
The 1-th iteration is completed.	|| time cost : 0h 2m 54.468s
********************************************************************************************************************
Start the 2 rounds of NGS-ED iteration
	effective electronic model is modified as: kinetic energy t = 0.976256
	                                           effective interaction Vq = [-0.490818,-0.470503,-0.446598,-0.470503,-0.470503,-0.458814,-0.450907,-0.458814,-0.446598,-0.450907, -0.43623,-0.450907,-0.470503,-0.458814,-0.450907,-0.458814]
	PARPACK diagonalization completed after 30 matrix-vector product operations.
	iteration results: : total energy is -30.268204 | electron energy -30.269811 + phonon energy 0.001607 | electron momentum kIdx = 0
The 2-th iteration is completed.	|| time cost : 0h 0m 15.42s
********************************************************************************************************************
Start the 3 rounds of NGS-ED iteration
	effective electronic model is modified as: kinetic energy t = 0.973351
	                                           effective interaction Vq = [-0.498736,-0.482671,-0.457655,-0.482671,-0.482671,-0.470805,-0.462986,-0.470805,-0.457655,-0.462986,-0.446828,-0.462986,-0.482671,-0.470805,-0.462986,-0.470805]
	PARPACK diagonalization completed after 105 matrix-vector product operations.
	iteration results: : total energy is -30.405821 | electron energy -30.408429 + phonon energy 0.002608 | electron momentum kIdx = 0
The 3-th iteration is completed.	|| time cost : 0h 0m 29.28s
********************************************************************************************************************
Start the 4 rounds of NGS-ED iteration
	effective electronic model is modified as: kinetic energy t = 0.971165
	                                           effective interaction Vq = [-0.499808,-0.485763,-0.475356,-0.485763,-0.485763, -0.48271,-0.465987, -0.48271,-0.475356,-0.465987,-0.449372,-0.465987,-0.485763, -0.48271,-0.465987, -0.48271]
	PARPACK diagonalization completed after 45 matrix-vector product operations.
	iteration results: : total energy is -30.437618 | electron energy -30.440792 + phonon energy 0.003174 | electron momentum kIdx = 0
The 4-th iteration is completed.	|| time cost : 0h 0m 18.251s
********************************************************************************************************************
Start the 5 rounds of NGS-ED iteration
	effective electronic model is modified as: kinetic energy t = 0.970431
	                                           effective interaction Vq = [-0.499953,-0.486638,-0.481999,-0.486638,-0.486638,-0.485325,-0.466757,-0.485325,-0.481999,-0.466757,-0.449995,-0.466757,-0.486638,-0.485325,-0.466757,-0.485325]
	PARPACK diagonalization completed after 45 matrix-vector product operations.
	iteration results: : total energy is -30.441848 | electron energy -30.445309 + phonon energy 0.003461 | electron momentum kIdx = 0
The 5-th iteration is completed.	|| time cost : 0h 0m 18.24s
********************************************************************************************************************
Start the 6 rounds of NGS-ED iteration
	effective electronic model is modified as: kinetic energy t = 0.970201
	                                           effective interaction Vq = [-0.499972,-0.486897,-0.484383,-0.486897,-0.486897,-0.485882, -0.46696,-0.485882,-0.484383, -0.46696,-0.450152, -0.46696,-0.486897,-0.485882, -0.46696,-0.485882]
	PARPACK diagonalization completed after 45 matrix-vector product operations.
	iteration results: : total energy is -30.442410 | electron energy -30.445981 + phonon energy 0.003571 | electron momentum kIdx = 0
The 6-th iteration is completed.	|| time cost : 0h 0m 18.213s
********************************************************************************************************************
Start the 7 rounds of NGS-ED iteration
	effective electronic model is modified as: kinetic energy t = 0.970131
	                                           effective interaction Vq = [-0.499975,-0.486976,-0.485282,-0.486976,-0.486976,-0.485962,-0.467013,-0.485962,-0.485282,-0.467013,-0.450192,-0.467013,-0.486976,-0.485962,-0.467013,-0.485962]
	PARPACK diagonalization completed after 45 matrix-vector product operations.
	iteration results: : total energy is -30.442490 | electron energy -30.446097 + phonon energy 0.003608 | electron momentum kIdx = 0
The 7-th iteration is completed.	|| time cost : 0h 0m 18.28s
********************************************************************************************************************
Start the 8 rounds of NGS-ED iteration
	effective electronic model is modified as: kinetic energy t = 0.970109
	                                           effective interaction Vq = [-0.499975,-0.486999,-0.485637,-0.486999,-0.486999,-0.485946,-0.467027,-0.485946,-0.485637,-0.467027,-0.450203,-0.467027,-0.486999,-0.485946,-0.467027,-0.485946]
	PARPACK diagonalization completed after 30 matrix-vector product operations.
	iteration results: : total energy is -30.442502 | electron energy -30.446121 + phonon energy 0.003619 | electron momentum kIdx = 0
	Nq(0) = 12.25,	Nq(1) = 0.37711,	Nq(2) = 0.712877,	Nq(3) = 0.37711,	Nq(4) = 0.37711,	Nq(5) = 0.714974,	Nq(6) = 0.624556,	Nq(7) = 0.714974,	Nq(8) = 0.712877,	Nq(9) = 0.624556,	Nq(10) = 0.622942,	Nq(11) = 0.624556,	Nq(12) = 0.37711,	Nq(13) = 0.714974,	Nq(14) = 0.624556,	Nq(15) = 0.714974,	Sq(0) = -1.70485e-18,	Sq(1) = 0.371738,	Sq(2) = 0.374086,	Sq(3) = 0.371738,	Sq(4) = 0.371738,	Sq(5) = 0.374088,	Sq(6) = 0.620101,	Sq(7) = 0.374088,	Sq(8) = 0.374086,	Sq(9) = 0.620101,	Sq(10) = 0.622864,	Sq(11) = 0.620101,	Sq(12) = 0.371738,	Sq(13) = 0.374088,	Sq(14) = 0.620101,	Sq(15) = 0.374088,	N(0) = 1.99999,	N(1) = 1.99995,	N(2) = 0.671877,	N(3) = 1.99995,	N(4) = 1.99995,	N(5) = 0.664075,	N(6) = 3.78885e-05,	N(7) = 0.664075,	N(8) = 0.671877,	N(9) = 3.78885e-05,	N(10) = 1.00686e-05,	N(11) = 3.78885e-05,	N(12) = 1.99995,	N(13) = 0.664075,	N(14) = 3.78885e-05,	N(15) = 0.664075,	Delta[s](0) = 0.641286,	Delta[s](1) = 0.248468,	Delta[s](2) = 0.17467,	Delta[s](3) = 0.248468,	Delta[s](4) = 0.248468,	Delta[s](5) = 0.17424,	Delta[s](6) = 0.136944,	Delta[s](7) = 0.17424,	Delta[s](8) = 0.17467,	Delta[s](9) = 0.136944,	Delta[s](10) = 0.353396,	Delta[s](11) = 0.136944,	Delta[s](12) = 0.248468,	Delta[s](13) = 0.17424,	Delta[s](14) = 0.136944,	Delta[s](15) = 0.17424,	Delta[d](0) = 0.302291,	Delta[d](1) = 0.210075,	Delta[d](2) = 0.210402,	Delta[d](3) = 0.210075,	Delta[d](4) = 0.210075,	Delta[d](5) = 0.183127,	Delta[d](6) = 0.150851,	Delta[d](7) = 0.183127,	Delta[d](8) = 0.210402,	Delta[d](9) = 0.150851,	Delta[d](10) = 0.065212,	Delta[d](11) = 0.150851,	Delta[d](12) = 0.210075,	Delta[d](13) = 0.183127,	Delta[d](14) = 0.150851,	Delta[d](15) = 0.183127,	Delta[s+](0) = 0.495094,	Delta[s+](1) = 0.371723,	Delta[s+](2) = 0.210402,	Delta[s+](3) = 0.371723,	Delta[s+](4) = 0.371723,	Delta[s+](5) = 0.209451,	Delta[s+](6) = 0.0674371,	Delta[s+](7) = 0.209451,	Delta[s+](8) = 0.210402,	Delta[s+](9) = 0.0674371,	Delta[s+](10) = 0.00491824,	Delta[s+](11) = 0.0674371,	Delta[s+](12) = 0.371723,	Delta[s+](13) = 0.209451,	Delta[s+](14) = 0.0674371,	Delta[s+](15) = 0.209451
The 8-th iteration is completed.	|| time cost : 0h 3m 28.072s
********************************************************************************************************************
********************************************************************************************************************
Ground state is obtained after 9 iterations. The current ground-state energy is -30.4425, in which electron energy is -30.4461 and phonon energy is 0.0036193
final variational state is: 
	Gamma_x = [      1,1.00511,   1.01,1.00511,1.00511,1.01003,1.01199,1.01003,   1.01,1.01199,1.01354,1.01199,1.00511,1.01003,1.01199,1.01003]
	lambda_q = [0.223574,0.187589,0.185928,0.187589,0.187589,0.186115,0.166204,0.186115,0.185928,0.166204,0.153053,0.166204,0.187589,0.186115,0.166204,0.186115]
********************************************************************************************************************
o___o  ----------------------------------------
| L |	Time since last clock: 0h 0m 0s
A===A	Time since the beginning: 0h 12m 36.281s
***********************************************


********************************************************************************************************************
Warm up runs have been completed. Start calculating W = 5 phonon.
open output files: NGSEDIterationObs.txt
********************************************************************************************************************
Start the 0 rounds of NGS-ED iteration
	effective electronic model is modified as: kinetic energy t = 0.970102
	                                           effective interaction Vq = [-0.457059,-0.417245,-0.415095,-0.417245,-0.417245,-0.415339,-0.387451,-0.415339,-0.415095,-0.387451,-0.366859,-0.387451,-0.417245,-0.415339,-0.387451,-0.415339]
	PARPACK diagonalization completed after 90 matrix-vector product operations.
	iteration results: : total energy is -29.316264 | electron energy -29.318076 + phonon energy 0.001811 | electron momentum kIdx = 0
	Nq(0) = 12.25,	Nq(1) = 0.372817,	Nq(2) = 0.374988,	Nq(3) = 0.372817,	Nq(4) = 0.372817,	Nq(5) = 0.497065,	Nq(6) = 0.614222,	Nq(7) = 0.497065,	Nq(8) = 0.374988,	Nq(9) = 0.614222,	Nq(10) = 0.615065,	Nq(11) = 0.614222,	Nq(12) = 0.372817,	Nq(13) = 0.497065,	Nq(14) = 0.614222,	Nq(15) = 0.497065,	Sq(0) = -7.02452e-18,	Sq(1) = 0.377578,	Sq(2) = 0.883968,	Sq(3) = 0.377578,	Sq(4) = 0.377578,	Sq(5) = 0.504741,	Sq(6) = 0.630453,	Sq(7) = 0.504741,	Sq(8) = 0.883968,	Sq(9) = 0.630453,	Sq(10) = 0.629515,	Sq(11) = 0.630453,	Sq(12) = 0.377578,	Sq(13) = 0.504741,	Sq(14) = 0.630453,	Sq(15) = 0.504741,	N(0) = 1.99992,	N(1) = 1.99988,	N(2) = 0.0039104,	N(3) = 1.99988,	N(4) = 1.99988,	N(5) = 0.998092,	N(6) = 8.61202e-05,	N(7) = 0.998092,	N(8) = 0.00391025,	N(9) = 8.61202e-05,	N(10) = 4.28686e-05,	N(11) = 8.61202e-05,	N(12) = 1.99988,	N(13) = 0.998092,	N(14) = 8.61202e-05,	N(15) = 0.998092,	Delta[s](0) = 0.291786,	Delta[s](1) = 0.237516,	Delta[s](2) = 0.130964,	Delta[s](3) = 0.237516,	Delta[s](4) = 0.237516,	Delta[s](5) = 0.183263,	Delta[s](6) = 0.12918,	Delta[s](7) = 0.183263,	Delta[s](8) = 0.130964,	Delta[s](9) = 0.12918,	Delta[s](10) = 0.0221781,	Delta[s](11) = 0.12918,	Delta[s](12) = 0.237516,	Delta[s](13) = 0.183263,	Delta[s](14) = 0.12918,	Delta[s](15) = 0.183263,	Delta[d](0) = 0.245518,	Delta[d](1) = 0.129632,	Delta[d](2) = 0.131342,	Delta[d](3) = 0.129632,	Delta[d](4) = 0.129632,	Delta[d](5) = 0.130481,	Delta[d](6) = 0.0709726,	Delta[d](7) = 0.130481,	Delta[d](8) = 0.131342,	Delta[d](9) = 0.0709725,	Delta[d](10) = 0.00848225,	Delta[d](11) = 0.0709725,	Delta[d](12) = 0.129632,	Delta[d](13) = 0.130481,	Delta[d](14) = 0.0709726,	Delta[d](15) = 0.130481,	Delta[s+](0) = 0.501588,	Delta[s+](1) = 0.376419,	Delta[s+](2) = 0.131342,	Delta[s+](3) = 0.376419,	Delta[s+](4) = 0.376419,	Delta[s+](5) = 0.252678,	Delta[s+](6) = 0.0689992,	Delta[s+](7) = 0.252678,	Delta[s+](8) = 0.131342,	Delta[s+](9) = 0.0689992,	Delta[s+](10) = 0.00559445,	Delta[s+](11) = 0.0689992,	Delta[s+](12) = 0.376419,	Delta[s+](13) = 0.252678,	Delta[s+](14) = 0.0689992,	Delta[s+](15) = 0.252678
The 0-th iteration is completed.	|| time cost : 0h 3m 54.747s
********************************************************************************************************************
Start the 1 rounds of NGS-ED iteration
	effective electronic model is modified as: kinetic energy t = 0.967116
	                                           effective interaction Vq = [-0.484187,-0.441339,-0.409896,-0.441339,-0.441339,-0.425423,-0.404234,-0.425423,-0.409896,-0.404234,-0.377959,-0.404234,-0.441339,-0.425423,-0.404234,-0.425423]
	PARPACK diagonalization completed after 60 matrix-vector product operations.
	iteration results: : total energy is -29.673835 | electron energy -29.679112 + phonon energy 0.005277 | electron momentum kIdx = 0
The 1-th iteration is completed.	|| time cost : 0h 0m 24.126s
********************************************************************************************************************
Start the 2 rounds of NGS-ED iteration
	effective electronic model is modified as: kinetic energy t = 0.965577
	                                           effective interaction Vq = [-0.494167,-0.452159,-0.407864,-0.452159,-0.452159,-0.430164,-0.411652,-0.430164,-0.407864,-0.411652,-0.382756,-0.411652,-0.452159,-0.430164,-0.411652,-0.430164]
	PARPACK diagonalization completed after 60 matrix-vector product operations.
	iteration results: : total energy is -29.802306 | electron energy -29.809912 + phonon energy 0.007606 | electron momentum kIdx = 0
The 2-th iteration is completed.	|| time cost : 0h 0m 23.889s
********************************************************************************************************************
Start the 3 rounds of NGS-ED iteration
	effective electronic model is modified as: kinetic energy t = 0.964803
	                                           effective interaction Vq = [-0.497839, -0.45731,-0.407109, -0.45731, -0.45731,-0.432429,-0.415041,-0.432429,-0.407109,-0.415041,-0.384874,-0.415041, -0.45731,-0.432429,-0.415041,-0.432429]
	PARPACK diagonalization completed after 60 matrix-vector product operations.
	iteration results: : total energy is -29.848829 | electron energy -29.857731 + phonon energy 0.008902 | electron momentum kIdx = 0
The 3-th iteration is completed.	|| time cost : 0h 0m 25.441s
********************************************************************************************************************
Start the 4 rounds of NGS-ED iteration
	effective electronic model is modified as: kinetic energy t = 0.964419
	                                           effective interaction Vq = [-0.499189,-0.459852,-0.406832,-0.459852,-0.459852,-0.433522,-0.416618,-0.433523,-0.406832,-0.416618,-0.385821,-0.416618,-0.459852,-0.433523,-0.416618,-0.433522]
	PARPACK diagonalization completed after 45 matrix-vector product operations.
	iteration results: : total energy is -29.865763 | electron energy -29.875339 + phonon energy 0.009577 | electron momentum kIdx = 0
The 4-th iteration is completed.	|| time cost : 0h 0m 18.197s
********************************************************************************************************************
Start the 5 rounds of NGS-ED iteration
	effective electronic model is modified as: kinetic energy t = 0.964228
	                                           effective interaction Vq = [-0.499686,-0.461132,-0.406731,-0.461132,-0.461132,-0.434053,-0.417359,-0.434053,-0.406731,-0.417359,-0.386247,-0.417359,-0.461132,-0.434053,-0.417359,-0.434053]
	PARPACK diagonalization completed after 45 matrix-vector product operations.
	iteration results: : total energy is -29.871948 | electron energy -29.881864 + phonon energy 0.009916 | electron momentum kIdx = 0
The 5-th iteration is completed.	|| time cost : 0h 0m 18.261s
********************************************************************************************************************
Start the 6 rounds of NGS-ED iteration
	effective electronic model is modified as: kinetic energy t = 0.964134
	                                           effective interaction Vq = [-0.499869,-0.461784,-0.406696,-0.461784,-0.461784,-0.434312,-0.417708,-0.434312,-0.406696,-0.417708,-0.386439,-0.417708,-0.461784,-0.434312,-0.417708,-0.434312]
	PARPACK diagonalization completed after 45 matrix-vector product operations.
	iteration results: : total energy is -29.874212 | electron energy -29.884297 + phonon energy 0.010085 | electron momentum kIdx = 0
The 6-th iteration is completed.	|| time cost : 0h 0m 18.21s
********************************************************************************************************************
Start the 7 rounds of NGS-ED iteration
	effective electronic model is modified as: kinetic energy t = 0.964087
	                                           effective interaction Vq = [-0.499936,-0.462118,-0.406684,-0.462118,-0.462118,-0.434437,-0.417874,-0.434438,-0.406684,-0.417874,-0.386527,-0.417874,-0.462118,-0.434438,-0.417874,-0.434437]
	PARPACK diagonalization completed after 45 matrix-vector product operations.
	iteration results: : total energy is -29.875042 | electron energy -29.885211 + phonon energy 0.010168 | electron momentum kIdx = 0
The 7-th iteration is completed.	|| time cost : 0h 0m 18.232s
********************************************************************************************************************
Start the 8 rounds of NGS-ED iteration
	effective electronic model is modified as: kinetic energy t = 0.964064
	                                           effective interaction Vq = [-0.499961, -0.46229,-0.406681, -0.46229, -0.46229,-0.434498,-0.417953,  -0.4345,-0.406681,-0.417953,-0.386567,-0.417953, -0.46229,  -0.4345,-0.417953,-0.434498]
	PARPACK diagonalization completed after 60 matrix-vector product operations.
	iteration results: : total energy is -29.875347 | electron energy -29.885556 + phonon energy 0.010209 | electron momentum kIdx = 0
The 8-th iteration is completed.	|| time cost : 0h 0m 21.026s
********************************************************************************************************************
Start the 9 rounds of NGS-ED iteration
	effective electronic model is modified as: kinetic energy t = 0.964052
	                                           effective interaction Vq = [ -0.49997,-0.462378, -0.40668,-0.462378,-0.462378,-0.434525, -0.41799,-0.434533, -0.40668, -0.41799,-0.386585, -0.41799,-0.462378,-0.434533, -0.41799,-0.434525]
	PARPACK diagonalization completed after 60 matrix-vector product operations.
	iteration results: : total energy is -29.875459 | electron energy -29.885688 + phonon energy 0.010229 | electron momentum kIdx = 0
The 9-th iteration is completed.	|| time cost : 0h 0m 21.017s
********************************************************************************************************************
Start the 10 rounds of NGS-ED iteration
	effective electronic model is modified as: kinetic energy t = 0.964047
	                                           effective interaction Vq = [-0.499973,-0.462424, -0.40668,-0.462424,-0.462424,-0.434529,-0.418008,-0.434558, -0.40668,-0.418008,-0.386594,-0.418008,-0.462424,-0.434558,-0.418008,-0.434529]
	PARPACK diagonalization completed after 45 matrix-vector product operations.
	iteration results: : total energy is -29.875500 | electron energy -29.885739 + phonon energy 0.010239 | electron momentum kIdx = 0
	Nq(0) = 12.25,	Nq(1) = 0.377652,	Nq(2) = 0.37339,	Nq(3) = 0.377652,	Nq(4) = 0.377652,	Nq(5) = 0.498157,	Nq(6) = 0.618952,	Nq(7) = 0.49924,	Nq(8) = 0.37339,	Nq(9) = 0.618952,	Nq(10) = 0.616956,	Nq(11) = 0.618952,	Nq(12) = 0.377652,	Nq(13) = 0.49924,	Nq(14) = 0.618952,	Nq(15) = 0.498157,	Sq(0) = -8.67513e-18,	Sq(1) = 0.375815,	Sq(2) = 0.878783,	Sq(3) = 0.375815,	Sq(4) = 0.375815,	Sq(5) = 0.502392,	Sq(6) = 0.62734,	Sq(7) = 0.501023,	Sq(8) = 0.878783,	Sq(9) = 0.62734,	Sq(10) = 0.62804,	Sq(11) = 0.62734,	Sq(12) = 0.375815,	Sq(13) = 0.501023,	Sq(14) = 0.62734,	Sq(15) = 0.502392,	N(0) = 1.99997,	N(1) = 1.99995,	N(2) = 4.40207e-05,	N(3) = 1.99995,	N(4) = 1.99995,	N(5) = 0.99945,	N(6) = 3.42271e-05,	N(7) = 1.00055,	N(8) = 4.40207e-05,	N(9) = 3.42271e-05,	N(10) = 1.44964e-05,	N(11) = 3.42271e-05,	N(12) = 1.99995,	N(13) = 1.00055,	N(14) = 3.42271e-05,	N(15) = 0.99945,	Delta[s](0) = 0.292274,	Delta[s](1) = 0.238573,	Delta[s](2) = 0.132003,	Delta[s](3) = 0.238573,	Delta[s](4) = 0.238573,	Delta[s](5) = 0.184668,	Delta[s](6) = 0.130886,	Delta[s](7) = 0.184726,	Delta[s](8) = 0.132003,	Delta[s](9) = 0.130886,	Delta[s](10) = 0.0245691,	Delta[s](11) = 0.130886,	Delta[s](12) = 0.238573,	Delta[s](13) = 0.184726,	Delta[s](14) = 0.130886,	Delta[s](15) = 0.184668,	Delta[d](0) = 0.246688,	Delta[d](1) = 0.131016,	Delta[d](2) = 0.132226,	Delta[d](3) = 0.131016,	Delta[d](4) = 0.131016,	Delta[d](5) = 0.132082,	Delta[d](6) = 0.0717127,	Delta[d](7) = 0.132077,	Delta[d](8) = 0.132226,	Delta[d](9) = 0.0717127,	Delta[d](10) = 0.00875316,	Delta[d](11) = 0.0717127,	Delta[d](12) = 0.131016,	Delta[d](13) = 0.132077,	Delta[d](14) = 0.0717127,	Delta[d](15) = 0.132082,	Delta[s+](0) = 0.504747,	Delta[s+](1) = 0.378829,	Delta[s+](2) = 0.132226,	Delta[s+](3) = 0.378829,	Delta[s+](4) = 0.378829,	Delta[s+](5) = 0.254896,	Delta[s+](6) = 0.0700085,	Delta[s+](7) = 0.255032,	Delta[s+](8) = 0.132226,	Delta[s+](9) = 0.0700085,	Delta[s+](10) = 0.00631412,	Delta[s+](11) = 0.0700085,	Delta[s+](12) = 0.378829,	Delta[s+](13) = 0.255032,	Delta[s+](14) = 0.0700085,	Delta[s+](15) = 0.254896
The 10-th iteration is completed.	|| time cost : 0h 2m 53.934s
********************************************************************************************************************
Start the 11 rounds of NGS-ED iteration
	effective electronic model is modified as: kinetic energy t = 0.964044
	                                           effective interaction Vq = [-0.499975,-0.462447,-0.406681,-0.462447,-0.462447,-0.434494,-0.418016,-0.434607,-0.406681,-0.418016,-0.386597,-0.418016,-0.462447,-0.434607,-0.418016,-0.434494]
	PARPACK diagonalization completed after 75 matrix-vector product operations.
	iteration results: : total energy is -29.875515 | electron energy -29.885759 + phonon energy 0.010244 | electron momentum kIdx = 0
The 11-th iteration is completed.	|| time cost : 0h 0m 23.939s
********************************************************************************************************************
Start the 12 rounds of NGS-ED iteration
	effective electronic model is modified as: kinetic energy t = 0.964042
	                                           effective interaction Vq = [-0.499975,-0.462459,-0.406681,-0.462459,-0.462459,-0.434334, -0.41802,-0.434774,-0.406681, -0.41802,-0.386599, -0.41802,-0.462459,-0.434774, -0.41802,-0.434334]
	PARPACK diagonalization completed after 75 matrix-vector product operations.
	iteration results: : total energy is -29.875524 | electron energy -29.885770 + phonon energy 0.010246 | electron momentum kIdx = 0
The 12-th iteration is completed.	|| time cost : 0h 0m 23.81s
********************************************************************************************************************
Start the 13 rounds of NGS-ED iteration
	effective electronic model is modified as: kinetic energy t = 0.964042
	                                           effective interaction Vq = [-0.499975,-0.462466,-0.406682,-0.462466,-0.462466,-0.433696,-0.418022,-0.435398,-0.406682,-0.418022,  -0.3866,-0.418022,-0.462466,-0.435398,-0.418022,-0.433696]
	PARPACK diagonalization completed after 75 matrix-vector product operations.
	iteration results: : total energy is -29.875567 | electron energy -29.885815 + phonon energy 0.010247 | electron momentum kIdx = 0
The 13-th iteration is completed.	|| time cost : 0h 0m 23.82s
********************************************************************************************************************
Start the 14 rounds of NGS-ED iteration
	effective electronic model is modified as: kinetic energy t = 0.964046
	                                           effective interaction Vq = [-0.499975,-0.462469,  -0.4067,-0.462469,-0.462469,-0.431188,-0.418022,-0.437674,  -0.4067,-0.418022,  -0.3866,-0.418022,-0.462469,-0.437674,-0.418022,-0.431188]
	PARPACK diagonalization completed after 90 matrix-vector product operations.
	iteration results: : total energy is -29.876083 | electron energy -29.886331 + phonon energy 0.010247 | electron momentum kIdx = 0
The 14-th iteration is completed.	|| time cost : 0h 0m 26.586s
********************************************************************************************************************
Start the 15 rounds of NGS-ED iteration
	effective electronic model is modified as: kinetic energy t = 0.964077
	                                           effective interaction Vq = [-0.499975,-0.462473,-0.406845,-0.462473,-0.462473,-0.423174,-0.418015,-0.443735,-0.406845,-0.418015,-0.386599,-0.418015,-0.462473,-0.443735,-0.418015,-0.423174]
	PARPACK diagonalization completed after 90 matrix-vector product operations.
	iteration results: : total energy is -29.878563 | electron energy -29.888807 + phonon energy 0.010244 | electron momentum kIdx = 0
The 15-th iteration is completed.	|| time cost : 0h 0m 26.597s
********************************************************************************************************************
Start the 16 rounds of NGS-ED iteration
	effective electronic model is modified as: kinetic energy t = 0.96405
	                                           effective interaction Vq = [-0.499975,-0.462472,-0.406856,-0.462472,-0.462472,-0.414303,-0.417999,-0.450671,-0.406856,-0.417999,-0.386602,-0.417999,-0.462472,-0.450671,-0.417999,-0.414303]
	PARPACK diagonalization completed after 90 matrix-vector product operations.
	iteration results: : total energy is -29.880907 | electron energy -29.891169 + phonon energy 0.010262 | electron momentum kIdx = 0
The 16-th iteration is completed.	|| time cost : 0h 0m 27.141s
********************************************************************************************************************
Start the 17 rounds of NGS-ED iteration
	effective electronic model is modified as: kinetic energy t = 0.963944
	                                           effective interaction Vq = [-0.499975,-0.462463,-0.406737,-0.462463,-0.462463,-0.409944,-0.417985,-0.455514,-0.406737,-0.417985,-0.386613,-0.417985,-0.462463,-0.455514,-0.417985,-0.409944]
	PARPACK diagonalization completed after 60 matrix-vector product operations.
	iteration results: : total energy is -29.881905 | electron energy -29.892227 + phonon energy 0.010322 | electron momentum kIdx = 0
The 17-th iteration is completed.	|| time cost : 0h 0m 21.121s
********************************************************************************************************************
Start the 18 rounds of NGS-ED iteration
	effective electronic model is modified as: kinetic energy t = 0.963831
	                                           effective interaction Vq = [-0.499975,-0.462454,-0.406785,-0.462454,-0.462454, -0.40814,-0.417975, -0.45858,-0.406785,-0.417975,-0.386625,-0.417975,-0.462454, -0.45858,-0.417975, -0.40814]
	PARPACK diagonalization completed after 60 matrix-vector product operations.
	iteration results: : total energy is -29.882297 | electron energy -29.892700 + phonon energy 0.010403 | electron momentum kIdx = 0
The 18-th iteration is completed.	|| time cost : 0h 0m 21.061s
********************************************************************************************************************
Start the 19 rounds of NGS-ED iteration
	effective electronic model is modified as: kinetic energy t = 0.963739
	                                           effective interaction Vq = [-0.499975,-0.462447,-0.406938,-0.462447,-0.462447,-0.407476,-0.417969, -0.46048,-0.406938,-0.417969,-0.386634,-0.417969,-0.462447, -0.46048,-0.417969,-0.407476]
	PARPACK diagonalization completed after 60 matrix-vector product operations.
	iteration results: : total energy is -29.882451 | electron energy -29.892931 + phonon energy 0.010480 | electron momentum kIdx = 0
The 19-th iteration is completed.	|| time cost : 0h 0m 20.99s
********************************************************************************************************************
Start the 20 rounds of NGS-ED iteration
	effective electronic model is modified as: kinetic energy t = 0.963672
	                                           effective interaction Vq = [-0.499975,-0.462442,-0.407111,-0.462442,-0.462442,-0.407282,-0.417966,-0.461656,-0.407111,-0.417966,-0.386641,-0.417966,-0.462442,-0.461656,-0.417966,-0.407282]
	PARPACK diagonalization completed after 60 matrix-vector product operations.
	iteration results: : total energy is -29.882511 | electron energy -29.893054 + phonon energy 0.010543 | electron momentum kIdx = 0
	Nq(0) = 12.25,	Nq(1) = 0.377251,	Nq(2) = 0.375635,	Nq(3) = 0.377251,	Nq(4) = 0.377251,	Nq(5) = 0.375211,	Nq(6) = 0.618314,	Nq(7) = 0.752919,	Nq(8) = 0.375635,	Nq(9) = 0.618314,	Nq(10) = 0.616946,	Nq(11) = 0.618314,	Nq(12) = 0.377251,	Nq(13) = 0.752919,	Nq(14) = 0.618314,	Nq(15) = 0.375211,	Sq(0) = 6.3303e-18,	Sq(1) = 0.375414,	Sq(2) = 0.688853,	Sq(3) = 0.375414,	Sq(4) = 0.375414,	Sq(5) = 0.688389,	Sq(6) = 0.62668,	Sq(7) = 0.376189,	Sq(8) = 0.688853,	Sq(9) = 0.62668,	Sq(10) = 0.628024,	Sq(11) = 0.62668,	Sq(12) = 0.375414,	Sq(13) = 0.376189,	Sq(14) = 0.62668,	Sq(15) = 0.688389,	N(0) = 1.99997,	N(1) = 1.99994,	N(2) = 0.741501,	N(3) = 1.99994,	N(4) = 1.99994,	N(5) = 0.741559,	N(6) = 4.29437e-05,	N(7) = 0.516979,	N(8) = 0.741501,	N(9) = 4.29437e-05,	N(10) = 2.16609e-05,	N(11) = 4.29437e-05,	N(12) = 1.99994,	N(13) = 0.516979,	N(14) = 4.29437e-05,	N(15) = 0.741559,	Delta[s](0) = 0.346008,	Delta[s](1) = 0.240013,	Delta[s](2) = 0.172538,	Delta[s](3) = 0.240013,	Delta[s](4) = 0.240013,	Delta[s](5) = 0.172728,	Delta[s](6) = 0.132618,	Delta[s](7) = 0.161046,	Delta[s](8) = 0.172538,	Delta[s](9) = 0.132618,	Delta[s](10) = 0.0792113,	Delta[s](11) = 0.132618,	Delta[s](12) = 0.240013,	Delta[s](13) = 0.161046,	Delta[s](14) = 0.132618,	Delta[s](15) = 0.172728,	Delta[d](0) = 0.31774,	Delta[d](1) = 0.222036,	Delta[d](2) = 0.223206,	Delta[d](3) = 0.222036,	Delta[d](4) = 0.222036,	Delta[d](5) = 0.178832,	Delta[d](6) = 0.162873,	Delta[d](7) = 0.199282,	Delta[d](8) = 0.223206,	Delta[d](9) = 0.162873,	Delta[d](10) = 0.0808466,	Delta[d](11) = 0.162873,	Delta[d](12) = 0.222036,	Delta[d](13) = 0.199282,	Delta[d](14) = 0.162873,	Delta[d](15) = 0.178832,	Delta[s+](0) = 0.504363,	Delta[s+](1) = 0.378452,	Delta[s+](2) = 0.223206,	Delta[s+](3) = 0.378452,	Delta[s+](4) = 0.378452,	Delta[s+](5) = 0.222991,	Delta[s+](6) = 0.0698319,	Delta[s+](7) = 0.195834,	Delta[s+](8) = 0.223206,	Delta[s+](9) = 0.0698319,	Delta[s+](10) = 0.00612872,	Delta[s+](11) = 0.0698319,	Delta[s+](12) = 0.378452,	Delta[s+](13) = 0.195834,	Delta[s+](14) = 0.0698319,	Delta[s+](15) = 0.222991
The 20-th iteration is completed.	|| time cost : 0h 2m 49.606s
********************************************************************************************************************
Start the 21 rounds of NGS-ED iteration
	effective electronic model is modified as: kinetic energy t = 0.963625
	                                           effective interaction Vq = [-0.499975,-0.462439,-0.407261,-0.462439,-0.462439,-0.407266,-0.417964,-0.462385,-0.407261,-0.417964,-0.386646,-0.417964,-0.462439,-0.462385,-0.417964,-0.407266]
	PARPACK diagonalization completed after 45 matrix-vector product operations.
	iteration results: : total energy is -29.882535 | electron energy -29.893124 + phonon energy 0.010589 | electron momentum kIdx = 0
The 21-th iteration is completed.	|| time cost : 0h 0m 18.298s
********************************************************************************************************************
Start the 22 rounds of NGS-ED iteration
	effective electronic model is modified as: kinetic energy t = 0.963593
	                                           effective interaction Vq = [-0.499975,-0.462437,-0.407377,-0.462437,-0.462437,-0.407306,-0.417963,-0.462839,-0.407377,-0.417963,-0.386649,-0.417963,-0.462437,-0.462839,-0.417963,-0.407306]
	PARPACK diagonalization completed after 45 matrix-vector product operations.
	iteration results: : total energy is -29.882545 | electron energy -29.893166 + phonon energy 0.010622 | electron momentum kIdx = 0
The 22-th iteration is completed.	|| time cost : 0h 0m 18.247s
********************************************************************************************************************
Start the 23 rounds of NGS-ED iteration
	effective electronic model is modified as: kinetic energy t = 0.963573
	                                           effective interaction Vq = [-0.499975,-0.462436,-0.407461,-0.462436,-0.462436,-0.407354,-0.417962,-0.463122,-0.407461,-0.417962,-0.386651,-0.417962,-0.462436,-0.463122,-0.417962,-0.407354]
	PARPACK diagonalization completed after 45 matrix-vector product operations.
	iteration results: : total energy is -29.882549 | electron energy -29.893192 + phonon energy 0.010644 | electron momentum kIdx = 0
The 23-th iteration is completed.	|| time cost : 0h 0m 18.21s
********************************************************************************************************************
Start the 24 rounds of NGS-ED iteration
	effective electronic model is modified as: kinetic energy t = 0.963559
	                                           effective interaction Vq = [-0.499975,-0.462436, -0.40752,-0.462436,-0.462436,-0.407396,-0.417962,  -0.4633, -0.40752,-0.417962,-0.386652,-0.417962,-0.462436,  -0.4633,-0.417962,-0.407396]
	PARPACK diagonalization completed after 45 matrix-vector product operations.
