TACC:  Starting up job 1740075 
TACC:  Starting parallel tasks... 
SNEDics v3.4 Non-Gaussian ED ground state program		Start at Fri Oct  9 04:40:15 2020

parallized on 16 MPI threads  * 7 OpenMP threads = 112 total threads.
********************************************************************************************************************
********************************************************************************************************************

********************************************************************************************************************
System parameters and configurations
********************************************************************************************************************
Special program options are enabled: splitted diagonal Hamiltonian
********************************************************************************************************************
Read input file "model_params.in"
	Hubbard-Holstein model parameters : 	t = 1    U = 8    g = 0.3    W = 0.25    g' = 0.06    
********************************************************************************************************************
Read input file "hilbertspace_params.in"
	Requested 16-site 2D lattice, with 14 electrons (7, 7)
	Boundary : Periodic		Hilbert space representation : momentum-space (restricted to kIdx = 0)
	Conservation: particle number[U(1)]      spin[U(1)]     momentum
********************************************************************************************************************

Cluster Positions:				Cluster symmetry group : D4
 x ... x ... x ... x .....                       x ... x ... x ... x .....
 |           |           :                       |           |           :
 |           |           :                       |           |           :
12    13    14    15     x                       1     5     6     5     x
 |           |           :                       |           |           :
 |           |           :                       |           |           :
 8 --- 9 ---10 ---11 --- x                       2 --- 6 ---10 --- 6 --- x
 |           |           :                       |           |           :
 |           |           :                       |           |           :
 4     5     6     7     x                       1     5     6     5     x
 |           |           :                       |           |           :
 |           |           :                       |           |           :
 0 --- 1 --- 2 --- 3 --- x                       0 --- 1 --- 2 --- 1 --- x
orbital number : 1
********************************************************************************************************************
Read input file "obs_params.in"
	Observable Type : Nq(All),   Sq(All),   N(All),   Delta[s](All),   Delta[d](All),   Delta[s+](All)
********************************************************************************************************************
** WARNING ** the input observables have non-local factors which have been reinterpreted. The total observable number is 96
********************************************************************************************************************


********************************************************************************************************************
Start calculating the non-Gaussian ED ground state
** WARNING ** Detected low phonon energy W < 10. The initial state will be prepared through a warm-up process.
********************************************************************************************************************
Start warm-up calculation for scaling factor 64
open output files: NGSEDWarmUpW16Obs.txt
********************************************************************************************************************
Start the 0 rounds of NGS-ED iteration
	effective electronic model is modified as: kinetic energy t = 1
	                                           effective interaction Vq = [0,0,0,0,0,0,0,0,0,0,0,0,0,0,0,0]
	first Hamiltonian is constructed, non-zero numbers = 2178478298
	PARPACK diagonalization completed after 165 matrix-vector product operations.
	iteration results: : total energy is -11.868836 | electron energy -11.868836 + phonon energy 0.000000 | electron momentum kIdx = 0
	Nq(0) = 12.25,	Nq(1) = 0.154193,	Nq(2) = 0.185311,	Nq(3) = 0.154193,	Nq(4) = 0.154193,	Nq(5) = 0.203281,	Nq(6) = 0.235634,	Nq(7) = 0.203281,	Nq(8) = 0.185311,	Nq(9) = 0.235634,	Nq(10) = 0.275446,	Nq(11) = 0.235634,	Nq(12) = 0.154193,	Nq(13) = 0.203281,	Nq(14) = 0.235634,	Nq(15) = 0.203281,	Sq(0) = 1.11096e-18,	Sq(1) = 0.474292,	Sq(2) = 0.766364,	Sq(3) = 0.474292,	Sq(4) = 0.474292,	Sq(5) = 0.630724,	Sq(6) = 1.05279,	Sq(7) = 0.630724,	Sq(8) = 0.766364,	Sq(9) = 1.05279,	Sq(10) = 2.56755,	Sq(11) = 1.05279,	Sq(12) = 0.474292,	Sq(13) = 0.630724,	Sq(14) = 1.05279,	Sq(15) = 0.630724,	N(0) = 1.75464,	N(1) = 1.59086,	N(2) = 0.323321,	N(3) = 1.59086,	N(4) = 1.59086,	N(5) = 0.999881,	N(6) = 0.267546,	N(7) = 0.999881,	N(8) = 0.323321,	N(9) = 0.267546,	N(10) = 0.165565,	N(11) = 0.267546,	N(12) = 1.59086,	N(13) = 0.999881,	N(14) = 0.267546,	N(15) = 0.999881,	Delta[s](0) = 0.0782009,	Delta[s](1) = 0.0587026,	Delta[s](2) = 0.0355738,	Delta[s](3) = 0.0587026,	Delta[s](4) = 0.0587026,	Delta[s](5) = 0.0421906,	Delta[s](6) = 0.020033,	Delta[s](7) = 0.0421906,	Delta[s](8) = 0.0355738,	Delta[s](9) = 0.020033,	Delta[s](10) = 0.0011967,	Delta[s](11) = 0.020033,	Delta[s](12) = 0.0587026,	Delta[s](13) = 0.0421906,	Delta[s](14) = 0.020033,	Delta[s](15) = 0.0421906,	Delta[d](0) = 0.280355,	Delta[d](1) = 0.194885,	Delta[d](2) = 0.204127,	Delta[d](3) = 0.194885,	Delta[d](4) = 0.194885,	Delta[d](5) = 0.181033,	Delta[d](6) = 0.136005,	Delta[d](7) = 0.181033,	Delta[d](8) = 0.204127,	Delta[d](9) = 0.136005,	Delta[d](10) = 0.0553963,	Delta[d](11) = 0.136005,	Delta[d](12) = 0.194885,	Delta[d](13) = 0.181033,	Delta[d](14) = 0.136005,	Delta[d](15) = 0.181033,	Delta[s+](0) = 0.569391,	Delta[s+](1) = 0.424153,	Delta[s+](2) = 0.204127,	Delta[s+](3) = 0.424153,	Delta[s+](4) = 0.424153,	Delta[s+](5) = 0.296889,	Delta[s+](6) = 0.129395,	Delta[s+](7) = 0.296889,	Delta[s+](8) = 0.204127,	Delta[s+](9) = 0.129395,	Delta[s+](10) = 0.0398681,	Delta[s+](11) = 0.129395,	Delta[s+](12) = 0.424153,	Delta[s+](13) = 0.296889,	Delta[s+](14) = 0.129395,	Delta[s+](15) = 0.296889
The 0-th iteration is completed.	|| time cost : 0h 6m 31.85s
********************************************************************************************************************
Start the 1 rounds of NGS-ED iteration
	effective electronic model is modified as: kinetic energy t = 0.992345
	                                           effective interaction Vq = [  -1.11885, -0.644626, -0.316829, -0.644626, -0.644626, -0.319539, -0.112057, -0.319539, -0.316829, -0.112057,-0.0122447, -0.112057, -0.644626, -0.319539, -0.112057, -0.319539]
	PARPACK diagonalization completed after 60 matrix-vector product operations.
	iteration results: : total energy is -26.347689 | electron energy -26.347732 + phonon energy 0.000043 | electron momentum kIdx = 0
The 1-th iteration is completed.	|| time cost : 0h 5m 14.588s
********************************************************************************************************************
Start the 2 rounds of NGS-ED iteration
	effective electronic model is modified as: kinetic energy t = 0.990253
	                                           effective interaction Vq = [  -1.16446, -0.680544, -0.333997, -0.680544, -0.680544, -0.337043, -0.117816, -0.337043, -0.333997, -0.117816,-0.0128408, -0.117816, -0.680544, -0.337043, -0.117816, -0.337043]
	PARPACK diagonalization completed after 45 matrix-vector product operations.
	iteration results: : total energy is -26.920598 | electron energy -26.920722 + phonon energy 0.000124 | electron momentum kIdx = 0
The 2-th iteration is completed.	|| time cost : 0h 0m 24.471s
********************************************************************************************************************
Start the 3 rounds of NGS-ED iteration
	effective electronic model is modified as: kinetic energy t = 0.989961
	                                           effective interaction Vq = [ -1.16632,-0.684533,-0.335739,-0.684533,-0.684533,-0.338864,-0.118353,-0.338864,-0.335739,-0.118353,-0.012892,-0.118353,-0.684533,-0.338864,-0.118353,-0.338864]
	PARPACK diagonalization completed after 45 matrix-vector product operations.
	iteration results: : total energy is -26.943638 | electron energy -26.943783 + phonon energy 0.000145 | electron momentum kIdx = 0
The 3-th iteration is completed.	|| time cost : 0h 0m 24.423s
********************************************************************************************************************
Start the 4 rounds of NGS-ED iteration
	effective electronic model is modified as: kinetic energy t = 0.989923
	                                           effective interaction Vq = [   -1.1664, -0.685093,  -0.33594, -0.685093, -0.685093, -0.339083, -0.118409, -0.339083,  -0.33594, -0.118409,-0.0128967, -0.118409, -0.685093, -0.339083, -0.118409, -0.339083]
	PARPACK diagonalization completed after 30 matrix-vector product operations.
	iteration results: : total energy is -26.944572 | electron energy -26.944719 + phonon energy 0.000148 | electron momentum kIdx = 0
The 4-th iteration is completed.	|| time cost : 0h 0m 21.618s
********************************************************************************************************************
Start the 5 rounds of NGS-ED iteration
	effective electronic model is modified as: kinetic energy t = 0.989917
	                                           effective interaction Vq = [   -1.1664, -0.685176, -0.335964, -0.685176, -0.685176,  -0.33911, -0.118414,  -0.33911, -0.335964, -0.118414,-0.0128972, -0.118414, -0.685176,  -0.33911, -0.118414,  -0.33911]
	PARPACK diagonalization completed after 30 matrix-vector product operations.
	iteration results: : total energy is -26.944609 | electron energy -26.944758 + phonon energy 0.000148 | electron momentum kIdx = 0
	Nq(0) = 12.25,	Nq(1) = 0.163969,	Nq(2) = 0.192972,	Nq(3) = 0.163969,	Nq(4) = 0.163969,	Nq(5) = 0.21187,	Nq(6) = 0.242635,	Nq(7) = 0.21187,	Nq(8) = 0.192972,	Nq(9) = 0.242635,	Nq(10) = 0.282203,	Nq(11) = 0.242635,	Nq(12) = 0.163969,	Nq(13) = 0.21187,	Nq(14) = 0.242635,	Nq(15) = 0.21187,	Sq(0) = -1.82767e-19,	Sq(1) = 0.469663,	Sq(2) = 0.756908,	Sq(3) = 0.469663,	Sq(4) = 0.469663,	Sq(5) = 0.625329,	Sq(6) = 1.03928,	Sq(7) = 0.625329,	Sq(8) = 0.756908,	Sq(9) = 1.03928,	Sq(10) = 2.55703,	Sq(11) = 1.03928,	Sq(12) = 0.469663,	Sq(13) = 0.625329,	Sq(14) = 1.03928,	Sq(15) = 0.625329,	N(0) = 1.77405,	N(1) = 1.61921,	N(2) = 0.297963,	N(3) = 1.61921,	N(4) = 1.61921,	N(5) = 0.997838,	N(6) = 0.251556,	N(7) = 0.997838,	N(8) = 0.297963,	N(9) = 0.251556,	N(10) = 0.15559,	N(11) = 0.251556,	N(12) = 1.61921,	N(13) = 0.997838,	N(14) = 0.251556,	N(15) = 0.997838,	Delta[s](0) = 0.0848137,	Delta[s](1) = 0.0639597,	Delta[s](2) = 0.0389074,	Delta[s](3) = 0.0639597,	Delta[s](4) = 0.0639597,	Delta[s](5) = 0.0465479,	Delta[s](6) = 0.0223966,	Delta[s](7) = 0.0465479,	Delta[s](8) = 0.0389074,	Delta[s](9) = 0.0223966,	Delta[s](10) = 0.0017762,	Delta[s](11) = 0.0223966,	Delta[s](12) = 0.0639597,	Delta[s](13) = 0.0465479,	Delta[s](14) = 0.0223966,	Delta[s](15) = 0.0465479,	Delta[d](0) = 0.291925,	Delta[d](1) = 0.19326,	Delta[d](2) = 0.204094,	Delta[d](3) = 0.19326,	Delta[d](4) = 0.19326,	Delta[d](5) = 0.180226,	Delta[d](6) = 0.134085,	Delta[d](7) = 0.180226,	Delta[d](8) = 0.204094,	Delta[d](9) = 0.134085,	Delta[d](10) = 0.0542154,	Delta[d](11) = 0.134085,	Delta[d](12) = 0.19326,	Delta[d](13) = 0.180226,	Delta[d](14) = 0.134085,	Delta[d](15) = 0.180226,	Delta[s+](0) = 0.580458,	Delta[s+](1) = 0.431595,	Delta[s+](2) = 0.204094,	Delta[s+](3) = 0.431595,	Delta[s+](4) = 0.431595,	Delta[s+](5) = 0.300389,	Delta[s+](6) = 0.128244,	Delta[s+](7) = 0.300389,	Delta[s+](8) = 0.204094,	Delta[s+](9) = 0.128244,	Delta[s+](10) = 0.0383645,	Delta[s+](11) = 0.128244,	Delta[s+](12) = 0.431595,	Delta[s+](13) = 0.300389,	Delta[s+](14) = 0.128244,	Delta[s+](15) = 0.300389
The 5-th iteration is completed.	|| time cost : 0h 3m 58.066s
********************************************************************************************************************
********************************************************************************************************************
Ground state is obtained after 6 iterations. The current ground-state energy is -26.9446, in which electron energy is -26.9448 and phonon energy is 0.000148069
final variational state is: 
	Gamma_x = [      1,1.00204,1.00167,1.00204,1.00204,1.00174,1.00082,1.00174,1.00167,1.00082,1.00011,1.00082,1.00204,1.00174,1.00082,1.00174]
	lambda_q = [ 0.269982, 0.174282, 0.111243, 0.174282, 0.174282,  0.11387,0.0635603,  0.11387, 0.111243,0.0635603,0.0203086,0.0635603, 0.174282,  0.11387,0.0635603,  0.11387]
The effective e-e interactions mediated by phonons are: [   1.1664, 0.685188, 0.335967, 0.685188, 0.685188, 0.339113, 0.118415, 0.339113, 0.335967, 0.118415,0.0128972, 0.118415, 0.685188, 0.339113, 0.118415, 0.339113]
The real-space interactions mediated by phonons are: [  -6.4221,  -1.7994,-0.131991,-0.295253, -2.28705,-0.908724,-0.131991,-0.318354,-0.494777,-0.318354,-0.131991,-0.908724, -2.28705,-0.295253,-0.131991,  -1.7994]
********************************************************************************************************************
o___o  ----------------------------------------
| L |	Time since last clock: 0h 0m 0s
A===A	Time since the beginning: 0h 16m 55.018s
***********************************************

********************************************************************************************************************
Start warm-up calculation for scaling factor 32
open output files: NGSEDWarmUpW8Obs.txt
********************************************************************************************************************
Start the 0 rounds of NGS-ED iteration
	effective electronic model is modified as: kinetic energy t = 0.989917
	                                           effective interaction Vq = [  -1.06631, -0.585152, -0.278572, -0.585152, -0.585152, -0.282756,-0.0971192, -0.282756, -0.278572,-0.0971192,-0.0104864,-0.0971192, -0.585152, -0.282756,-0.0971192, -0.282756]
	PARPACK diagonalization completed after 60 matrix-vector product operations.
	iteration results: : total energy is -25.562368 | electron energy -25.562442 + phonon energy 0.000074 | electron momentum kIdx = 0
	Nq(0) = 12.25,	Nq(1) = 0.162281,	Nq(2) = 0.191354,	Nq(3) = 0.162281,	Nq(4) = 0.162281,	Nq(5) = 0.210052,	Nq(6) = 0.241075,	Nq(7) = 0.210052,	Nq(8) = 0.191354,	Nq(9) = 0.241075,	Nq(10) = 0.280705,	Nq(11) = 0.241075,	Nq(12) = 0.162281,	Nq(13) = 0.210052,	Nq(14) = 0.241075,	Nq(15) = 0.210052,	Sq(0) = -2.58535e-18,	Sq(1) = 0.470228,	Sq(2) = 0.758693,	Sq(3) = 0.470228,	Sq(4) = 0.470228,	Sq(5) = 0.626283,	Sq(6) = 1.04249,	Sq(7) = 0.626283,	Sq(8) = 0.758693,	Sq(9) = 1.04249,	Sq(10) = 2.55956,	Sq(11) = 1.04249,	Sq(12) = 0.470228,	Sq(13) = 0.626283,	Sq(14) = 1.04249,	Sq(15) = 0.626283,	N(0) = 1.77029,	N(1) = 1.61369,	N(2) = 0.302978,	N(3) = 1.61369,	N(4) = 1.61369,	N(5) = 0.998142,	N(6) = 0.254682,	N(7) = 0.998142,	N(8) = 0.302978,	N(9) = 0.254682,	N(10) = 0.157698,	N(11) = 0.254682,	N(12) = 1.61369,	N(13) = 0.998142,	N(14) = 0.254682,	N(15) = 0.998142,	Delta[s](0) = 0.0830378,	Delta[s](1) = 0.0626829,	Delta[s](2) = 0.0383028,	Delta[s](3) = 0.0626829,	Delta[s](4) = 0.0626829,	Delta[s](5) = 0.045615,	Delta[s](6) = 0.0221439,	Delta[s](7) = 0.045615,	Delta[s](8) = 0.0383028,	Delta[s](9) = 0.0221439,	Delta[s](10) = 0.00211254,	Delta[s](11) = 0.0221439,	Delta[s](12) = 0.0626829,	Delta[s](13) = 0.045615,	Delta[s](14) = 0.0221439,	Delta[s](15) = 0.045615,	Delta[d](0) = 0.29411,	Delta[d](1) = 0.197292,	Delta[d](2) = 0.207527,	Delta[d](3) = 0.197292,	Delta[d](4) = 0.197292,	Delta[d](5) = 0.183648,	Delta[d](6) = 0.136981,	Delta[d](7) = 0.183648,	Delta[d](8) = 0.207527,	Delta[d](9) = 0.136981,	Delta[d](10) = 0.0557422,	Delta[d](11) = 0.136981,	Delta[d](12) = 0.197292,	Delta[d](13) = 0.183648,	Delta[d](14) = 0.136981,	Delta[d](15) = 0.183648,	Delta[s+](0) = 0.58653,	Delta[s+](1) = 0.436344,	Delta[s+](2) = 0.207527,	Delta[s+](3) = 0.436344,	Delta[s+](4) = 0.436344,	Delta[s+](5) = 0.304207,	Delta[s+](6) = 0.130817,	Delta[s+](7) = 0.304207,	Delta[s+](8) = 0.207527,	Delta[s+](9) = 0.130817,	Delta[s+](10) = 0.0396691,	Delta[s+](11) = 0.130817,	Delta[s+](12) = 0.436344,	Delta[s+](13) = 0.304207,	Delta[s+](14) = 0.130817,	Delta[s+](15) = 0.304207
The 0-th iteration is completed.	|| time cost : 0h 4m 3.381s
********************************************************************************************************************
Start the 1 rounds of NGS-ED iteration
	effective electronic model is modified as: kinetic energy t = 0.9876
	                                           effective interaction Vq = [ -1.14619,-0.628555,-0.294254,-0.628555,-0.628555,-0.299927, -0.10162,-0.299927,-0.294254, -0.10162,-0.010873, -0.10162,-0.628555,-0.299927, -0.10162,-0.299927]
	PARPACK diagonalization completed after 45 matrix-vector product operations.
	iteration results: : total energy is -26.553685 | electron energy -26.554000 + phonon energy 0.000315 | electron momentum kIdx = 0
The 1-th iteration is completed.	|| time cost : 0h 0m 24.377s
********************************************************************************************************************
Start the 2 rounds of NGS-ED iteration
	effective electronic model is modified as: kinetic energy t = 0.986864
	                                           effective interaction Vq = [ -1.16232,-0.640804,-0.298133,-0.640804,-0.640804,-0.304302,-0.102634,-0.304302,-0.298133,-0.102634,-0.010953,-0.102634,-0.640804,-0.304302,-0.102634,-0.304302]
	PARPACK diagonalization completed after 45 matrix-vector product operations.
	iteration results: : total energy is -26.752514 | electron energy -26.752969 + phonon energy 0.000455 | electron momentum kIdx = 0
The 2-th iteration is completed.	|| time cost : 0h 0m 24.457s
********************************************************************************************************************
Start the 3 rounds of NGS-ED iteration
	effective electronic model is modified as: kinetic energy t = 0.986638
	                                           effective interaction Vq = [ -1.16558,-0.644628,-0.299145,-0.644628,-0.644628,-0.305488,-0.102872,-0.305488,-0.299145,-0.102872, -0.01097,-0.102872,-0.644628,-0.305488,-0.102872,-0.305488]
	PARPACK diagonalization completed after 45 matrix-vector product operations.
	iteration results: : total energy is -26.792531 | electron energy -26.793042 + phonon energy 0.000511 | electron momentum kIdx = 0
The 3-th iteration is completed.	|| time cost : 0h 0m 24.492s
********************************************************************************************************************
Start the 4 rounds of NGS-ED iteration
	effective electronic model is modified as: kinetic energy t = 0.986568
	                                           effective interaction Vq = [  -1.16623,  -0.64587, -0.299415,  -0.64587,  -0.64587, -0.305815, -0.102928, -0.305815, -0.299415, -0.102928,-0.0109737, -0.102928,  -0.64587, -0.305815, -0.102928, -0.305815]
	PARPACK diagonalization completed after 45 matrix-vector product operations.
	iteration results: : total energy is -26.800598 | electron energy -26.801129 + phonon energy 0.000531 | electron momentum kIdx = 0
The 4-th iteration is completed.	|| time cost : 0h 0m 24.488s
********************************************************************************************************************
Start the 5 rounds of NGS-ED iteration
	effective electronic model is modified as: kinetic energy t = 0.986546
	                                           effective interaction Vq = [  -1.16637, -0.646279, -0.299486, -0.646279, -0.646279, -0.305905, -0.102942, -0.305905, -0.299486, -0.102942,-0.0109746, -0.102942, -0.646279, -0.305905, -0.102942, -0.305905]
	PARPACK diagonalization completed after 30 matrix-vector product operations.
	iteration results: : total energy is -26.802225 | electron energy -26.802763 + phonon energy 0.000538 | electron momentum kIdx = 0
The 5-th iteration is completed.	|| time cost : 0h 0m 21.65s
********************************************************************************************************************
Start the 6 rounds of NGS-ED iteration
	effective electronic model is modified as: kinetic energy t = 0.986539
	                                           effective interaction Vq = [  -1.16639, -0.646414, -0.299506, -0.646414, -0.646414, -0.305931, -0.102945, -0.305931, -0.299506, -0.102945,-0.0109748, -0.102945, -0.646414, -0.305931, -0.102945, -0.305931]
	PARPACK diagonalization completed after 30 matrix-vector product operations.
	iteration results: : total energy is -26.802554 | electron energy -26.803094 + phonon energy 0.000540 | electron momentum kIdx = 0
The 6-th iteration is completed.	|| time cost : 0h 0m 21.662s
********************************************************************************************************************
Start the 7 rounds of NGS-ED iteration
	effective electronic model is modified as: kinetic energy t = 0.986537
	                                           effective interaction Vq = [   -1.1664, -0.646459, -0.299511, -0.646459, -0.646459, -0.305938, -0.102946, -0.305938, -0.299511, -0.102946,-0.0109748, -0.102946, -0.646459, -0.305938, -0.102946, -0.305938]
	PARPACK diagonalization completed after 30 matrix-vector product operations.
	iteration results: : total energy is -26.802620 | electron energy -26.803161 + phonon energy 0.000541 | electron momentum kIdx = 0
	Nq(0) = 12.25,	Nq(1) = 0.163034,	Nq(2) = 0.19156,	Nq(3) = 0.163034,	Nq(4) = 0.163034,	Nq(5) = 0.210249,	Nq(6) = 0.241065,	Nq(7) = 0.210249,	Nq(8) = 0.19156,	Nq(9) = 0.241065,	Nq(10) = 0.280639,	Nq(11) = 0.241065,	Nq(12) = 0.163034,	Nq(13) = 0.210249,	Nq(14) = 0.241065,	Nq(15) = 0.210249,	Sq(0) = 1.2667e-21,	Sq(1) = 0.469679,	Sq(2) = 0.758301,	Sq(3) = 0.469679,	Sq(4) = 0.469679,	Sq(5) = 0.626041,	Sq(6) = 1.04255,	Sq(7) = 0.626041,	Sq(8) = 0.758301,	Sq(9) = 1.04255,	Sq(10) = 2.55915,	Sq(11) = 1.04255,	Sq(12) = 0.469679,	Sq(13) = 0.626041,	Sq(14) = 1.04255,	Sq(15) = 0.626041,	N(0) = 1.77084,	N(1) = 1.61468,	N(2) = 0.302258,	N(3) = 1.61468,	N(4) = 1.61468,	N(5) = 0.997896,	N(6) = 0.254174,	N(7) = 0.997896,	N(8) = 0.302258,	N(9) = 0.254174,	N(10) = 0.157647,	N(11) = 0.254174,	N(12) = 1.61468,	N(13) = 0.997896,	N(14) = 0.254174,	N(15) = 0.997896,	Delta[s](0) = 0.0830925,	Delta[s](1) = 0.0627794,	Delta[s](2) = 0.0384303,	Delta[s](3) = 0.0627794,	Delta[s](4) = 0.0627794,	Delta[s](5) = 0.0457465,	Delta[s](6) = 0.0223046,	Delta[s](7) = 0.0457465,	Delta[s](8) = 0.0384303,	Delta[s](9) = 0.0223046,	Delta[s](10) = 0.00230196,	Delta[s](11) = 0.0223046,	Delta[s](12) = 0.0627794,	Delta[s](13) = 0.0457465,	Delta[s](14) = 0.0223046,	Delta[s](15) = 0.0457465,	Delta[d](0) = 0.298445,	Delta[d](1) = 0.19976,	Delta[d](2) = 0.209936,	Delta[d](3) = 0.19976,	Delta[d](4) = 0.19976,	Delta[d](5) = 0.185858,	Delta[d](6) = 0.138573,	Delta[d](7) = 0.185858,	Delta[d](8) = 0.209936,	Delta[d](9) = 0.138573,	Delta[d](10) = 0.0565571,	Delta[d](11) = 0.138573,	Delta[d](12) = 0.19976,	Delta[d](13) = 0.185858,	Delta[d](14) = 0.138573,	Delta[d](15) = 0.185858,	Delta[s+](0) = 0.593174,	Delta[s+](1) = 0.441269,	Delta[s+](2) = 0.209936,	Delta[s+](3) = 0.441269,	Delta[s+](4) = 0.441269,	Delta[s+](5) = 0.307605,	Delta[s+](6) = 0.132338,	Delta[s+](7) = 0.307605,	Delta[s+](8) = 0.209936,	Delta[s+](9) = 0.132338,	Delta[s+](10) = 0.0402134,	Delta[s+](11) = 0.132338,	Delta[s+](12) = 0.441269,	Delta[s+](13) = 0.307605,	Delta[s+](14) = 0.132338,	Delta[s+](15) = 0.307605
The 7-th iteration is completed.	|| time cost : 0h 3m 59.178s
********************************************************************************************************************
********************************************************************************************************************
Ground state is obtained after 8 iterations. The current ground-state energy is -26.8026, in which electron energy is -26.8032 and phonon energy is 0.000540591
final variational state is: 
	Gamma_x = [      1,1.00593,1.00418,1.00593,1.00593, 1.0045,1.00194, 1.0045,1.00418,1.00194,1.00025,1.00194,1.00593, 1.0045,1.00194, 1.0045]
	lambda_q = [ 0.381652, 0.211015, 0.125178, 0.211015, 0.211015, 0.129928,0.0695578, 0.129928, 0.125178,0.0695578,0.0217346,0.0695578, 0.211015, 0.129928,0.0695578, 0.129928]
The effective e-e interactions mediated by phonons are: [   1.1664, 0.646474, 0.299512, 0.646474, 0.646474,  0.30594, 0.102946,  0.30594, 0.299512, 0.102946,0.0109748, 0.102946, 0.646474,  0.30594, 0.102946,  0.30594]
The real-space interactions mediated by phonons are: [ -5.99784, -1.78107,-0.172965,-0.368705, -2.24248,-0.957016,-0.172965,-0.360761,-0.552641,-0.360761,-0.172965,-0.957016, -2.24248,-0.368705,-0.172965, -1.78107]
********************************************************************************************************************
o___o  ----------------------------------------
| L |	Time since last clock: 0h 0m 0s
A===A	Time since the beginning: 0h 27m 18.707s
***********************************************

********************************************************************************************************************
Start warm-up calculation for scaling factor 16
open output files: NGSEDWarmUpW4Obs.txt
********************************************************************************************************************
Start the 0 rounds of NGS-ED iteration
	effective electronic model is modified as: kinetic energy t = 0.986537
	                                           effective interaction Vq = [    -1.0661,  -0.530901,  -0.237749,  -0.530901,  -0.530901,  -0.244302, -0.0808101,  -0.244302,  -0.237749, -0.0808101,-0.00854305, -0.0808101,  -0.530901,  -0.244302, -0.0808101,  -0.244302]
	PARPACK diagonalization completed after 60 matrix-vector product operations.
	iteration results: : total energy is -25.402241 | electron energy -25.402511 + phonon energy 0.000270 | electron momentum kIdx = 0
	Nq(0) = 12.25,	Nq(1) = 0.161136,	Nq(2) = 0.189845,	Nq(3) = 0.161136,	Nq(4) = 0.161136,	Nq(5) = 0.208319,	Nq(6) = 0.239411,	Nq(7) = 0.208319,	Nq(8) = 0.189845,	Nq(9) = 0.239411,	Nq(10) = 0.279015,	Nq(11) = 0.239411,	Nq(12) = 0.161136,	Nq(13) = 0.208319,	Nq(14) = 0.239411,	Nq(15) = 0.208319,	Sq(0) = -4.47496e-18,	Sq(1) = 0.470378,	Sq(2) = 0.760266,	Sq(3) = 0.470378,	Sq(4) = 0.470378,	Sq(5) = 0.62712,	Sq(6) = 1.0459,	Sq(7) = 0.62712,	Sq(8) = 0.760266,	Sq(9) = 1.0459,	Sq(10) = 2.56169,	Sq(11) = 1.0459,	Sq(12) = 0.470378,	Sq(13) = 0.62712,	Sq(14) = 1.0459,	Sq(15) = 0.62712,	N(0) = 1.76672,	N(1) = 1.60864,	N(2) = 0.307711,	N(3) = 1.60864,	N(4) = 1.60864,	N(5) = 0.998261,	N(6) = 0.257582,	N(7) = 0.998261,	N(8) = 0.307711,	N(9) = 0.257582,	N(10) = 0.159922,	N(11) = 0.257582,	N(12) = 1.60864,	N(13) = 0.998261,	N(14) = 0.257582,	N(15) = 0.998261,	Delta[s](0) = 0.0815012,	Delta[s](1) = 0.0615607,	Delta[s](2) = 0.0377248,	Delta[s](3) = 0.0615607,	Delta[s](4) = 0.0615607,	Delta[s](5) = 0.0447768,	Delta[s](6) = 0.0218639,	Delta[s](7) = 0.0447768,	Delta[s](8) = 0.0377248,	Delta[s](9) = 0.0218639,	Delta[s](10) = 0.00232862,	Delta[s](11) = 0.0218639,	Delta[s](12) = 0.0615607,	Delta[s](13) = 0.0447768,	Delta[s](14) = 0.0218639,	Delta[s](15) = 0.0447768,	Delta[d](0) = 0.300658,	Delta[d](1) = 0.203525,	Delta[d](2) = 0.213253,	Delta[d](3) = 0.203525,	Delta[d](4) = 0.203525,	Delta[d](5) = 0.189072,	Delta[d](6) = 0.141288,	Delta[d](7) = 0.189072,	Delta[d](8) = 0.213253,	Delta[d](9) = 0.141288,	Delta[d](10) = 0.0578808,	Delta[d](11) = 0.141288,	Delta[d](12) = 0.203525,	Delta[d](13) = 0.189072,	Delta[d](14) = 0.141288,	Delta[d](15) = 0.189072,	Delta[s+](0) = 0.599464,	Delta[s+](1) = 0.446153,	Delta[s+](2) = 0.213253,	Delta[s+](3) = 0.446153,	Delta[s+](4) = 0.446153,	Delta[s+](5) = 0.31144,	Delta[s+](6) = 0.13475,	Delta[s+](7) = 0.31144,	Delta[s+](8) = 0.213253,	Delta[s+](9) = 0.13475,	Delta[s+](10) = 0.041332,	Delta[s+](11) = 0.13475,	Delta[s+](12) = 0.446153,	Delta[s+](13) = 0.31144,	Delta[s+](14) = 0.13475,	Delta[s+](15) = 0.31144
The 0-th iteration is completed.	|| time cost : 0h 4m 3.275s
********************************************************************************************************************
Start the 1 rounds of NGS-ED iteration
	effective electronic model is modified as: kinetic energy t = 0.985991
	                                           effective interaction Vq = [   -1.12133,    -0.5479,  -0.237996,    -0.5479,    -0.5479,  -0.246243, -0.0797141,  -0.246243,  -0.237996, -0.0797141,-0.00831647, -0.0797141,    -0.5479,  -0.246243, -0.0797141,  -0.246243]
	PARPACK diagonalization completed after 45 matrix-vector product operations.
	iteration results: : total energy is -26.080577 | electron energy -26.081253 + phonon energy 0.000676 | electron momentum kIdx = 0
The 1-th iteration is completed.	|| time cost : 0h 0m 24.363s
********************************************************************************************************************
Start the 2 rounds of NGS-ED iteration
	effective electronic model is modified as: kinetic energy t = 0.9857
	                                           effective interaction Vq = [   -1.14615,   -0.55613,  -0.238193,   -0.55613,   -0.55613,  -0.247126, -0.0793503,  -0.247126,  -0.238193, -0.0793503,-0.00824543, -0.0793503,   -0.55613,  -0.247126, -0.0793503,  -0.247126]
	PARPACK diagonalization completed after 45 matrix-vector product operations.
	iteration results: : total energy is -26.385026 | electron energy -26.385986 + phonon energy 0.000961 | electron momentum kIdx = 0
The 2-th iteration is completed.	|| time cost : 0h 0m 24.473s
********************************************************************************************************************
Start the 3 rounds of NGS-ED iteration
	effective electronic model is modified as: kinetic energy t = 0.985549
	                                           effective interaction Vq = [    -1.1573,  -0.560199,  -0.238316,  -0.560199,  -0.560199,   -0.24753, -0.0792321,   -0.24753,  -0.238316, -0.0792321,-0.00822349, -0.0792321,  -0.560199,   -0.24753, -0.0792321,   -0.24753]
	PARPACK diagonalization completed after 45 matrix-vector product operations.
	iteration results: : total energy is -26.521737 | electron energy -26.522867 + phonon energy 0.001129 | electron momentum kIdx = 0
The 3-th iteration is completed.	|| time cost : 0h 0m 24.454s
********************************************************************************************************************
Start the 4 rounds of NGS-ED iteration
	effective electronic model is modified as: kinetic energy t = 0.985471
	                                           effective interaction Vq = [   -1.16231,  -0.562236,  -0.238385,  -0.562236,  -0.562236,  -0.247716, -0.0791947,  -0.247716,  -0.238385, -0.0791947,-0.00821681, -0.0791947,  -0.562236,  -0.247716, -0.0791947,  -0.247716]
	PARPACK diagonalization completed after 45 matrix-vector product operations.
	iteration results: : total energy is -26.583144 | electron energy -26.584367 + phonon energy 0.001223 | electron momentum kIdx = 0
The 4-th iteration is completed.	|| time cost : 0h 0m 24.459s
********************************************************************************************************************
Start the 5 rounds of NGS-ED iteration
	effective electronic model is modified as: kinetic energy t = 0.985432
	                                           effective interaction Vq = [  -1.16456, -0.563263, -0.238422, -0.563263, -0.563263, -0.247802,-0.0791833, -0.247802, -0.238422,-0.0791833,-0.0082148,-0.0791833, -0.563263, -0.247802,-0.0791833, -0.247802]
	PARPACK diagonalization completed after 45 matrix-vector product operations.
	iteration results: : total energy is -26.610730 | electron energy -26.612003 + phonon energy 0.001273 | electron momentum kIdx = 0
The 5-th iteration is completed.	|| time cost : 0h 0m 24.457s
********************************************************************************************************************
Start the 6 rounds of NGS-ED iteration
	effective electronic model is modified as: kinetic energy t = 0.985412
	                                           effective interaction Vq = [   -1.16557,  -0.563783,  -0.238441,  -0.563783,  -0.563783,  -0.247842, -0.0791801,  -0.247842,  -0.238441, -0.0791801,-0.00821422, -0.0791801,  -0.563783,  -0.247842, -0.0791801,  -0.247842]
	PARPACK diagonalization completed after 30 matrix-vector product operations.
	iteration results: : total energy is -26.623124 | electron energy -26.624423 + phonon energy 0.001299 | electron momentum kIdx = 0
The 6-th iteration is completed.	|| time cost : 0h 0m 21.665s
********************************************************************************************************************
Start the 7 rounds of NGS-ED iteration
	effective electronic model is modified as: kinetic energy t = 0.985401
	                                           effective interaction Vq = [   -1.16603,  -0.564047,   -0.23845,  -0.564047,  -0.564047,  -0.247861, -0.0791793,  -0.247861,   -0.23845, -0.0791793,-0.00821407, -0.0791793,  -0.564047,  -0.247861, -0.0791793,  -0.247861]
	PARPACK diagonalization completed after 30 matrix-vector product operations.
	iteration results: : total energy is -26.628693 | electron energy -26.630006 + phonon energy 0.001313 | electron momentum kIdx = 0
The 7-th iteration is completed.	|| time cost : 0h 0m 21.652s
********************************************************************************************************************
Start the 8 rounds of NGS-ED iteration
	effective electronic model is modified as: kinetic energy t = 0.985396
	                                           effective interaction Vq = [   -1.16623,  -0.564182,  -0.238455,  -0.564182,  -0.564182,  -0.247869, -0.0791792,  -0.247869,  -0.238455, -0.0791792,-0.00821403, -0.0791792,  -0.564182,  -0.247869, -0.0791792,  -0.247869]
	PARPACK diagonalization completed after 30 matrix-vector product operations.
	iteration results: : total energy is -26.631195 | electron energy -26.632515 + phonon energy 0.001320 | electron momentum kIdx = 0
The 8-th iteration is completed.	|| time cost : 0h 0m 21.633s
********************************************************************************************************************
Start the 9 rounds of NGS-ED iteration
	effective electronic model is modified as: kinetic energy t = 0.985394
	                                           effective interaction Vq = [   -1.16633,  -0.564251,  -0.238457,  -0.564251,  -0.564251,  -0.247873, -0.0791793,  -0.247873,  -0.238457, -0.0791793,-0.00821402, -0.0791793,  -0.564251,  -0.247873, -0.0791793,  -0.247873]
	PARPACK diagonalization completed after 30 matrix-vector product operations.
	iteration results: : total energy is -26.632319 | electron energy -26.633643 + phonon energy 0.001324 | electron momentum kIdx = 0
The 9-th iteration is completed.	|| time cost : 0h 0m 21.683s
********************************************************************************************************************
Start the 10 rounds of NGS-ED iteration
	effective electronic model is modified as: kinetic energy t = 0.985392
	                                           effective interaction Vq = [   -1.16637,  -0.564286,  -0.238458,  -0.564286,  -0.564286,  -0.247875, -0.0791793,  -0.247875,  -0.238458, -0.0791793,-0.00821402, -0.0791793,  -0.564286,  -0.247875, -0.0791793,  -0.247875]
	PARPACK diagonalization completed after 30 matrix-vector product operations.
	iteration results: : total energy is -26.632824 | electron energy -26.634150 + phonon energy 0.001326 | electron momentum kIdx = 0
	Nq(0) = 12.25,	Nq(1) = 0.161564,	Nq(2) = 0.189775,	Nq(3) = 0.161564,	Nq(4) = 0.161564,	Nq(5) = 0.208222,	Nq(6) = 0.239273,	Nq(7) = 0.208222,	Nq(8) = 0.189775,	Nq(9) = 0.239273,	Nq(10) = 0.278925,	Nq(11) = 0.239273,	Nq(12) = 0.161564,	Nq(13) = 0.208222,	Nq(14) = 0.239273,	Nq(15) = 0.208222,	Sq(0) = -2.51978e-18,	Sq(1) = 0.469983,	Sq(2) = 0.76016,	Sq(3) = 0.469983,	Sq(4) = 0.469983,	Sq(5) = 0.627014,	Sq(6) = 1.04638,	Sq(7) = 0.627014,	Sq(8) = 0.76016,	Sq(9) = 1.04638,	Sq(10) = 2.56145,	Sq(11) = 1.04638,	Sq(12) = 0.469983,	Sq(13) = 0.627014,	Sq(14) = 1.04638,	Sq(15) = 0.627014,	N(0) = 1.76673,	N(1) = 1.60882,	N(2) = 0.307789,	N(3) = 1.60882,	N(4) = 1.60882,	N(5) = 0.998079,	N(6) = 0.257502,	N(7) = 0.998079,	N(8) = 0.307789,	N(9) = 0.257502,	N(10) = 0.16009,	N(11) = 0.257502,	N(12) = 1.60882,	N(13) = 0.998079,	N(14) = 0.257502,	N(15) = 0.998079,	Delta[s](0) = 0.0814366,	Delta[s](1) = 0.0615403,	Delta[s](2) = 0.0377499,	Delta[s](3) = 0.0615403,	Delta[s](4) = 0.0615403,	Delta[s](5) = 0.0447859,	Delta[s](6) = 0.0219211,	Delta[s](7) = 0.0447859,	Delta[s](8) = 0.0377499,	Delta[s](9) = 0.0219211,	Delta[s](10) = 0.00242924,	Delta[s](11) = 0.0219211,	Delta[s](12) = 0.0615403,	Delta[s](13) = 0.0447859,	Delta[s](14) = 0.0219211,	Delta[s](15) = 0.0447859,	Delta[d](0) = 0.309805,	Delta[d](1) = 0.209536,	Delta[d](2) = 0.21932,	Delta[d](3) = 0.209536,	Delta[d](4) = 0.209536,	Delta[d](5) = 0.194539,	Delta[d](6) = 0.145348,	Delta[d](7) = 0.194539,	Delta[d](8) = 0.21932,	Delta[d](9) = 0.145348,	Delta[d](10) = 0.05968,	Delta[d](11) = 0.145348,	Delta[d](12) = 0.209536,	Delta[d](13) = 0.194539,	Delta[d](14) = 0.145348,	Delta[d](15) = 0.194539,	Delta[s+](0) = 0.616143,	Delta[s+](1) = 0.458575,	Delta[s+](2) = 0.21932,	Delta[s+](3) = 0.458575,	Delta[s+](4) = 0.458575,	Delta[s+](5) = 0.320108,	Delta[s+](6) = 0.138599,	Delta[s+](7) = 0.320108,	Delta[s+](8) = 0.21932,	Delta[s+](9) = 0.138599,	Delta[s+](10) = 0.0425936,	Delta[s+](11) = 0.138599,	Delta[s+](12) = 0.458575,	Delta[s+](13) = 0.320108,	Delta[s+](14) = 0.138599,	Delta[s+](15) = 0.320108
The 10-th iteration is completed.	|| time cost : 0h 3m 58.801s
********************************************************************************************************************
Start the 11 rounds of NGS-ED iteration
	effective electronic model is modified as: kinetic energy t = 0.985392
	                                           effective interaction Vq = [   -1.16638,  -0.564304,  -0.238459,  -0.564304,  -0.564304,  -0.247876, -0.0791793,  -0.247876,  -0.238459, -0.0791793,-0.00821402, -0.0791793,  -0.564304,  -0.247876, -0.0791793,  -0.247876]
	PARPACK diagonalization completed after 30 matrix-vector product operations.
	iteration results: : total energy is -26.633051 | electron energy -26.634378 + phonon energy 0.001327 | electron momentum kIdx = 0
