SNEDics v3.4 Non-Gaussian ED ground state program		Start at Sat Sep 28 12:19:37 2019

parallized on 16 MPI threads  * 8 OpenMP threads = 128 total threads.
********************************************************************************************************************
********************************************************************************************************************

********************************************************************************************************************
System parameters and configurations
********************************************************************************************************************
Special program options are enabled: splitted diagonal Hamiltonian
********************************************************************************************************************
Read input file "model_params.in"
	Hubbard-Holstein model parameters : 	t = 1    U = 2    g = 2.2361    W = 5    
********************************************************************************************************************
Read input file "hilbertspace_params.in"
	Requested 16-site 2D lattice, with 10 electrons (5, 5)
	Boundary : Periodic		Hilbert space representation : momentum-space (restricted to kIdx = 0)
	Conservation: particle number[U(1)]      spin[U(1)]     momentum
********************************************************************************************************************

Cluster Positions:				Cluster symmetry group : D4
 x ... x ... x ... x .....                       x ... x ... x ... x .....
 |           |           :                       |           |           :
 |           |           :                       |           |           :
12    13    14    15     x                       1     5     6     5     x
 |           |           :                       |           |           :
 |           |           :                       |           |           :
 8 --- 9 ---10 ---11 --- x                       2 --- 6 ---10 --- 6 --- x
 |           |           :                       |           |           :
 |           |           :                       |           |           :
 4     5     6     7     x                       1     5     6     5     x
 |           |           :                       |           |           :
 |           |           :                       |           |           :
 0 --- 1 --- 2 --- 3 --- x                       0 --- 1 --- 2 --- 1 --- x
orbital number : 1
********************************************************************************************************************
Read input file "obs_params.in"
	Observable Type : Nq(All),   Sq(All),   N(All),   Delta[s](All),   Delta[d](All),   Delta[s+](All)
********************************************************************************************************************
** WARNING ** the input observables have non-local factors which have been reinterpreted. The total observable number is 96
********************************************************************************************************************


********************************************************************************************************************
Start calculating the non-Gaussian ED ground state
** WARNING ** Detected low phonon energy W < 10. The initial state will be prepared through a warm-up process.
********************************************************************************************************************
Start warm-up calculation for scaling factor 2
open output files: NGSEDWarmUpW10Obs.txt
********************************************************************************************************************
Start the 0 rounds of NGS-ED iteration
	effective electronic model is modified as: kinetic energy t = 1
	                                           effective interaction Vq = [-0,-0,-0,-0,-0,-0,-0,-0,-0,-0,-0,-0,-0,-0,-0,-0]
	first Hamiltonian is constructed, non-zero numbers = 242521378
	PARPACK diagonalization completed after 45 matrix-vector product operations.
	iteration results: : total energy is -21.376951 | electron energy -21.376951 + phonon energy 0.000000 | electron momentum kIdx = 0
	Nq(0) = 6.25,	Nq(1) = 0.310983,	Nq(2) = 0.341405,	Nq(3) = 0.310983,	Nq(4) = 0.310983,	Nq(5) = 0.341405,	Nq(6) = 0.51667,	Nq(7) = 0.341405,	Nq(8) = 0.341405,	Nq(9) = 0.51667,	Nq(10) = 0.555747,	Nq(11) = 0.51667,	Nq(12) = 0.310983,	Nq(13) = 0.341405,	Nq(14) = 0.51667,	Nq(15) = 0.341405,	Sq(0) = -1.31967e-17,	Sq(1) = 0.434858,	Sq(2) = 0.404169,	Sq(3) = 0.434858,	Sq(4) = 0.434858,	Sq(5) = 0.404169,	Sq(6) = 0.744107,	Sq(7) = 0.404169,	Sq(8) = 0.404169,	Sq(9) = 0.744107,	Sq(10) = 0.694334,	Sq(11) = 0.744107,	Sq(12) = 0.434858,	Sq(13) = 0.404169,	Sq(14) = 0.744107,	Sq(15) = 0.404169,	N(0) = 1.98393,	N(1) = 1.96167,	N(2) = 0.0222324,	N(3) = 1.96167,	N(4) = 1.96167,	N(5) = 0.0222324,	N(6) = 0.00707194,	N(7) = 0.0222324,	N(8) = 0.0222324,	N(9) = 0.00707194,	N(10) = 0.00769724,	N(11) = 0.00707194,	N(12) = 1.96167,	N(13) = 0.0222324,	N(14) = 0.00707194,	N(15) = 0.0222324,	Delta[s](0) = 0.183976,	Delta[s](1) = 0.0934493,	Delta[s](2) = 0.0811131,	Delta[s](3) = 0.0934493,	Delta[s](4) = 0.0934493,	Delta[s](5) = 0.0811131,	Delta[s](6) = 0.00769096,	Delta[s](7) = 0.0811131,	Delta[s](8) = 0.0811131,	Delta[s](9) = 0.00769096,	Delta[s](10) = 0.00717847,	Delta[s](11) = 0.00769096,	Delta[s](12) = 0.0934493,	Delta[s](13) = 0.0811131,	Delta[s](14) = 0.00769096,	Delta[s](15) = 0.0811131,	Delta[d](0) = 0.235027,	Delta[d](1) = 0.0703883,	Delta[d](2) = 0.138136,	Delta[d](3) = 0.0703883,	Delta[d](4) = 0.0703883,	Delta[d](5) = 0.118651,	Delta[d](6) = 0.0096285,	Delta[d](7) = 0.118651,	Delta[d](8) = 0.138136,	Delta[d](9) = 0.0096285,	Delta[d](10) = 0.00595786,	Delta[d](11) = 0.0096285,	Delta[d](12) = 0.0703883,	Delta[d](13) = 0.118651,	Delta[d](14) = 0.0096285,	Delta[d](15) = 0.118651,	Delta[s+](0) = 0.532931,	Delta[s+](1) = 0.329032,	Delta[s+](2) = 0.138136,	Delta[s+](3) = 0.329032,	Delta[s+](4) = 0.329032,	Delta[s+](5) = 0.138136,	Delta[s+](6) = 0.004577,	Delta[s+](7) = 0.138136,	Delta[s+](8) = 0.138136,	Delta[s+](9) = 0.004577,	Delta[s+](10) = 0.00135555,	Delta[s+](11) = 0.004577,	Delta[s+](12) = 0.329032,	Delta[s+](13) = 0.138136,	Delta[s+](14) = 0.004577,	Delta[s+](15) = 0.138136
The 0-th iteration is completed.	|| time cost : 0h 0m 46.734s
********************************************************************************************************************
Start the 1 rounds of NGS-ED iteration
	effective electronic model is modified as: kinetic energy t = 0.971675
	                                           effective interaction Vq = [-0.864689,-0.819598,-0.782933,-0.819598,-0.819598,-0.782933,-0.783923,-0.782933,-0.782933,-0.783923,-0.765098,-0.783923,-0.819598,-0.782933,-0.783923,-0.782933]
	PARPACK diagonalization completed after 30 matrix-vector product operations.
	iteration results: : total energy is -31.051710 | electron energy -31.052699 + phonon energy 0.000989 | electron momentum kIdx = 0
The 1-th iteration is completed.	|| time cost : 0h 0m 38.878s
********************************************************************************************************************
Start the 2 rounds of NGS-ED iteration
	effective electronic model is modified as: kinetic energy t = 0.954631
	                                           effective interaction Vq = [-0.981712,-0.941151,-0.894028,-0.941151,-0.941151,-0.894028,-0.901339,-0.894028,-0.894028,-0.901339,-0.873066,-0.901339,-0.941151,-0.894028,-0.901339,-0.894028]
	PARPACK diagonalization completed after 30 matrix-vector product operations.
	iteration results: : total energy is -32.143528 | electron energy -32.149335 + phonon energy 0.005807 | electron momentum kIdx = 0
The 2-th iteration is completed.	|| time cost : 0h 0m 2.306s
********************************************************************************************************************
Start the 3 rounds of NGS-ED iteration
	effective electronic model is modified as: kinetic energy t = 0.949177
	                                           effective interaction Vq = [ -0.99755,-0.965949,-0.917355,-0.965949,-0.965949,-0.917355,-0.926834,-0.917355,-0.917355,-0.926834, -0.89594,-0.926834,-0.965949,-0.917355,-0.926834,-0.917355]
	PARPACK diagonalization completed after 30 matrix-vector product operations.
	iteration results: : total energy is -32.273625 | electron energy -32.282969 + phonon energy 0.009344 | electron momentum kIdx = 0
The 3-th iteration is completed.	|| time cost : 0h 0m 2.264s
********************************************************************************************************************
Start the 4 rounds of NGS-ED iteration
	effective electronic model is modified as: kinetic energy t = 0.947574
	                                           effective interaction Vq = [-0.999693,-0.972381,-0.923216,-0.972381,-0.972381,-0.923216,-0.933491,-0.923216,-0.923216,-0.933491,-0.901641,-0.933491,-0.972381,-0.923216,-0.933491,-0.923216]
	PARPACK diagonalization completed after 30 matrix-vector product operations.
	iteration results: : total energy is -32.289728 | electron energy -32.300482 + phonon energy 0.010754 | electron momentum kIdx = 0
The 4-th iteration is completed.	|| time cost : 0h 0m 2.275s
********************************************************************************************************************
Start the 5 rounds of NGS-ED iteration
	effective electronic model is modified as: kinetic energy t = 0.947111
	                                           effective interaction Vq = [-0.999983,-0.974265,-0.924782,-0.974265,-0.974265,-0.924782,-0.935354,-0.924782,-0.924782,-0.935354, -0.90314,-0.935354,-0.974265,-0.924782,-0.935354,-0.924782]
	PARPACK diagonalization completed after 30 matrix-vector product operations.
	iteration results: : total energy is -32.291779 | electron energy -32.302989 + phonon energy 0.011210 | electron momentum kIdx = 0
The 5-th iteration is completed.	|| time cost : 0h 0m 2.277s
********************************************************************************************************************
Start the 6 rounds of NGS-ED iteration
	effective electronic model is modified as: kinetic energy t = 0.946976
	                                           effective interaction Vq = [ -1.00002,-0.974843, -0.92521,-0.974843,-0.974843, -0.92521,-0.935886, -0.92521, -0.92521,-0.935886,-0.903542,-0.935886,-0.974843, -0.92521,-0.935886, -0.92521]
	PARPACK diagonalization completed after 30 matrix-vector product operations.
	iteration results: : total energy is -32.292045 | electron energy -32.303393 + phonon energy 0.011347 | electron momentum kIdx = 0
The 6-th iteration is completed.	|| time cost : 0h 0m 2.273s
********************************************************************************************************************
Start the 7 rounds of NGS-ED iteration
	effective electronic model is modified as: kinetic energy t = 0.946938
	                                           effective interaction Vq = [ -1.00003,-0.975023,-0.925327,-0.975023,-0.975023,-0.925327,-0.936039,-0.925327,-0.925327,-0.936039, -0.90365,-0.936039,-0.975023,-0.925327,-0.936039,-0.925327]
	PARPACK diagonalization completed after 30 matrix-vector product operations.
	iteration results: : total energy is -32.292080 | electron energy -32.303468 + phonon energy 0.011388 | electron momentum kIdx = 0
	Nq(0) = 6.25,	Nq(1) = 0.375033,	Nq(2) = 0.372225,	Nq(3) = 0.375033,	Nq(4) = 0.375033,	Nq(5) = 0.372225,	Nq(6) = 0.615083,	Nq(7) = 0.372225,	Nq(8) = 0.372225,	Nq(9) = 0.615083,	Nq(10) = 0.61472,	Nq(11) = 0.615083,	Nq(12) = 0.375033,	Nq(13) = 0.372225,	Nq(14) = 0.615083,	Nq(15) = 0.372225,	Sq(0) = 2.77498e-17,	Sq(1) = 0.378725,	Sq(2) = 0.377738,	Sq(3) = 0.378725,	Sq(4) = 0.378725,	Sq(5) = 0.377738,	Sq(6) = 0.632069,	Sq(7) = 0.377738,	Sq(8) = 0.377738,	Sq(9) = 0.632069,	Sq(10) = 0.631864,	Sq(11) = 0.632069,	Sq(12) = 0.378725,	Sq(13) = 0.377738,	Sq(14) = 0.632069,	Sq(15) = 0.377738,	N(0) = 1.9999,	N(1) = 1.99982,	N(2) = 9.07958e-05,	N(3) = 1.99982,	N(4) = 1.99982,	N(5) = 9.07958e-05,	N(6) = 5.8994e-05,	N(7) = 9.07958e-05,	N(8) = 9.07958e-05,	N(9) = 5.8994e-05,	N(10) = 4.54879e-05,	N(11) = 5.8994e-05,	N(12) = 1.99982,	N(13) = 9.07958e-05,	N(14) = 5.8994e-05,	N(15) = 9.07958e-05,	Delta[s](0) = 0.261839,	Delta[s](1) = 0.118452,	Delta[s](2) = 0.116294,	Delta[s](3) = 0.118452,	Delta[s](4) = 0.118452,	Delta[s](5) = 0.116294,	Delta[s](6) = 0.0194946,	Delta[s](7) = 0.116294,	Delta[s](8) = 0.116294,	Delta[s](9) = 0.0194946,	Delta[s](10) = 0.0178776,	Delta[s](11) = 0.0194946,	Delta[s](12) = 0.118452,	Delta[s](13) = 0.116294,	Delta[s](14) = 0.0194946,	Delta[s](15) = 0.116294,	Delta[d](0) = 0.236793,	Delta[d](1) = 0.0677729,	Delta[d](2) = 0.127748,	Delta[d](3) = 0.0677729,	Delta[d](4) = 0.0677729,	Delta[d](5) = 0.122375,	Delta[d](6) = 0.0104426,	Delta[d](7) = 0.122375,	Delta[d](8) = 0.127748,	Delta[d](9) = 0.0104426,	Delta[d](10) = 0.00796605,	Delta[d](11) = 0.0104426,	Delta[d](12) = 0.0677729,	Delta[d](13) = 0.122375,	Delta[d](14) = 0.0104426,	Delta[d](15) = 0.122375,	Delta[s+](0) = 0.492138,	Delta[s+](1) = 0.308809,	Delta[s+](2) = 0.127748,	Delta[s+](3) = 0.308809,	Delta[s+](4) = 0.308809,	Delta[s+](5) = 0.127748,	Delta[s+](6) = 0.006325,	Delta[s+](7) = 0.127748,	Delta[s+](8) = 0.127748,	Delta[s+](9) = 0.006325,	Delta[s+](10) = 0.00179887,	Delta[s+](11) = 0.006325,	Delta[s+](12) = 0.308809,	Delta[s+](13) = 0.127748,	Delta[s+](14) = 0.006325,	Delta[s+](15) = 0.127748
The 7-th iteration is completed.	|| time cost : 0h 0m 21.418s
********************************************************************************************************************
********************************************************************************************************************
Ground state is obtained after 8 iterations. The current ground-state energy is -32.2921, in which electron energy is -32.3035 and phonon energy is 0.0113875
final variational state is: 
	Gamma_x = [      1,1.01002,1.01489,1.01002,1.01002,1.01489, 1.0235,1.01489,1.01489, 1.0235,1.02666, 1.0235,1.01002,1.01489, 1.0235,1.01489]
	lambda_q = [0.316126,0.266283,0.229821,0.266283,0.266283,0.229821,0.236267,0.229821,0.229821,0.236267,0.218075,0.236267,0.266283,0.229821,0.236267,0.229821]
********************************************************************************************************************
o___o  ----------------------------------------
| L |	Time since last clock: 0h 0m 0s
A===A	Time since the beginning: 0h 1m 58.429s
***********************************************


********************************************************************************************************************
Warm up runs have been completed. Start calculating W = 5 phonon.
open output files: NGSEDIterationObs.txt
********************************************************************************************************************
Start the 0 rounds of NGS-ED iteration
	effective electronic model is modified as: kinetic energy t = 0.946926
	                                           effective interaction Vq = [-0.914101,-0.836337,-0.763717,-0.836337,-0.836337,-0.763717,-0.777522,-0.763717,-0.763717,-0.777522,-0.737491,-0.777522,-0.836337,-0.763717,-0.777522,-0.763717]
	PARPACK diagonalization completed after 30 matrix-vector product operations.
	iteration results: : total energy is -30.712729 | electron energy -30.718428 + phonon energy 0.005700 | electron momentum kIdx = 0
	Nq(0) = 6.25,	Nq(1) = 0.365455,	Nq(2) = 0.366243,	Nq(3) = 0.365455,	Nq(4) = 0.365455,	Nq(5) = 0.366243,	Nq(6) = 0.59435,	Nq(7) = 0.366243,	Nq(8) = 0.366243,	Nq(9) = 0.59435,	Nq(10) = 0.600479,	Nq(11) = 0.59435,	Nq(12) = 0.365455,	Nq(13) = 0.366243,	Nq(14) = 0.59435,	Nq(15) = 0.366243,	Sq(0) = -1.38383e-17,	Sq(1) = 0.389484,	Sq(2) = 0.383378,	Sq(3) = 0.389484,	Sq(4) = 0.389484,	Sq(5) = 0.383378,	Sq(6) = 0.65219,	Sq(7) = 0.383378,	Sq(8) = 0.383378,	Sq(9) = 0.65219,	Sq(10) = 0.645879,	Sq(11) = 0.65219,	Sq(12) = 0.389484,	Sq(13) = 0.383378,	Sq(14) = 0.65219,	Sq(15) = 0.383378,	N(0) = 1.99898,	N(1) = 1.99786,	N(2) = 0.00116564,	N(3) = 1.99786,	N(4) = 1.99786,	N(5) = 0.00116564,	N(6) = 0.000526665,	N(7) = 0.00116564,	N(8) = 0.00116564,	N(9) = 0.000526665,	N(10) = 0.000485333,	N(11) = 0.000526665,	N(12) = 1.99786,	N(13) = 0.00116564,	N(14) = 0.000526665,	N(15) = 0.00116564,	Delta[s](0) = 0.238161,	Delta[s](1) = 0.113171,	Delta[s](2) = 0.108486,	Delta[s](3) = 0.113171,	Delta[s](4) = 0.113171,	Delta[s](5) = 0.108486,	Delta[s](6) = 0.0207953,	Delta[s](7) = 0.108486,	Delta[s](8) = 0.108486,	Delta[s](9) = 0.0207953,	Delta[s](10) = 0.0186361,	Delta[s](11) = 0.0207953,	Delta[s](12) = 0.113171,	Delta[s](13) = 0.108486,	Delta[s](14) = 0.0207953,	Delta[s](15) = 0.108486,	Delta[d](0) = 0.236729,	Delta[d](1) = 0.0701117,	Delta[d](2) = 0.131576,	Delta[d](3) = 0.0701117,	Delta[d](4) = 0.0701117,	Delta[d](5) = 0.122826,	Delta[d](6) = 0.0125552,	Delta[d](7) = 0.122826,	Delta[d](8) = 0.131576,	Delta[d](9) = 0.0125552,	Delta[d](10) = 0.00909774,	Delta[d](11) = 0.0125552,	Delta[d](12) = 0.0701117,	Delta[d](13) = 0.122826,	Delta[d](14) = 0.0125552,	Delta[d](15) = 0.122826,	Delta[s+](0) = 0.503551,	Delta[s+](1) = 0.315411,	Delta[s+](2) = 0.131576,	Delta[s+](3) = 0.315411,	Delta[s+](4) = 0.315411,	Delta[s+](5) = 0.131576,	Delta[s+](6) = 0.00743117,	Delta[s+](7) = 0.131576,	Delta[s+](8) = 0.131576,	Delta[s+](9) = 0.00743117,	Delta[s+](10) = 0.00209063,	Delta[s+](11) = 0.00743117,	Delta[s+](12) = 0.315411,	Delta[s+](13) = 0.131576,	Delta[s+](14) = 0.00743117,	Delta[s+](15) = 0.131576
The 0-th iteration is completed.	|| time cost : 0h 0m 21.233s
********************************************************************************************************************
Start the 1 rounds of NGS-ED iteration
	effective electronic model is modified as: kinetic energy t = 0.940012
	                                           effective interaction Vq = [-0.968418,-0.884617,-0.794833,-0.884617,-0.884617,-0.794833,-0.811152,-0.794833,-0.794833,-0.811152,-0.760851,-0.811152,-0.884617,-0.794833,-0.811152,-0.794833]
	PARPACK diagonalization completed after 30 matrix-vector product operations.
	iteration results: : total energy is -31.108837 | electron energy -31.125814 + phonon energy 0.016977 | electron momentum kIdx = 0
The 1-th iteration is completed.	|| time cost : 0h 0m 2.296s
********************************************************************************************************************
Start the 2 rounds of NGS-ED iteration
	effective electronic model is modified as: kinetic energy t = 0.936439
	                                           effective interaction Vq = [  -0.9884,-0.906838,-0.808831,-0.906838,-0.906838,-0.808831,-0.827022,-0.808831,-0.808831,-0.827022,-0.772032,-0.827022,-0.906838,-0.808831,-0.827022,-0.808831]
	PARPACK diagonalization completed after 30 matrix-vector product operations.
	iteration results: : total energy is -31.248519 | electron energy -31.273559 + phonon energy 0.025040 | electron momentum kIdx = 0
The 2-th iteration is completed.	|| time cost : 0h 0m 2.271s
********************************************************************************************************************
Start the 3 rounds of NGS-ED iteration
	effective electronic model is modified as: kinetic energy t = 0.934622
	                                           effective interaction Vq = [-0.995751, -0.91765,-0.815328, -0.91765, -0.91765,-0.815328,-0.834719,-0.815328,-0.815328,-0.834719,-0.777427,-0.834719, -0.91765,-0.815328,-0.834719,-0.815328]
	PARPACK diagonalization completed after 30 matrix-vector product operations.
	iteration results: : total energy is -31.298348 | electron energy -31.328097 + phonon energy 0.029749 | electron momentum kIdx = 0
The 3-th iteration is completed.	|| time cost : 0h 0m 2.318s
********************************************************************************************************************
Start the 4 rounds of NGS-ED iteration
	effective electronic model is modified as: kinetic energy t = 0.933704
	                                           effective interaction Vq = [-0.998455,-0.923101,-0.818396,-0.923101,-0.923101,-0.818396, -0.83851,-0.818396,-0.818396, -0.83851, -0.78004, -0.83851,-0.923101,-0.818396, -0.83851,-0.818396]
	PARPACK diagonalization completed after 30 matrix-vector product operations.
	iteration results: : total energy is -31.316275 | electron energy -31.348572 + phonon energy 0.032297 | electron momentum kIdx = 0
The 4-th iteration is completed.	|| time cost : 0h 0m 2.268s
********************************************************************************************************************
Start the 5 rounds of NGS-ED iteration
	effective electronic model is modified as: kinetic energy t = 0.933241
	                                           effective interaction Vq = [ -0.99945,-0.925907,-0.819859,-0.925907,-0.925907,-0.819859,-0.840391,-0.819859,-0.819859,-0.840391,-0.781308,-0.840391,-0.925907,-0.819859,-0.840391,-0.819859]
	PARPACK diagonalization completed after 30 matrix-vector product operations.
	iteration results: : total energy is -31.322765 | electron energy -31.356392 + phonon energy 0.033627 | electron momentum kIdx = 0
The 5-th iteration is completed.	|| time cost : 0h 0m 2.278s
********************************************************************************************************************
Start the 6 rounds of NGS-ED iteration
	effective electronic model is modified as: kinetic energy t = 0.933008
	                                           effective interaction Vq = [-0.999816,-0.927369, -0.82056,-0.927369,-0.927369, -0.82056,-0.841329, -0.82056, -0.82056,-0.841329,-0.781925,-0.841329,-0.927369, -0.82056,-0.841329, -0.82056]
	PARPACK diagonalization completed after 30 matrix-vector product operations.
	iteration results: : total energy is -31.325124 | electron energy -31.359433 + phonon energy 0.034309 | electron momentum kIdx = 0
The 6-th iteration is completed.	|| time cost : 0h 0m 2.281s
********************************************************************************************************************
Start the 7 rounds of NGS-ED iteration
	effective electronic model is modified as: kinetic energy t = 0.93289
	                                           effective interaction Vq = [ -0.99995,-0.928136,-0.820898,-0.928136,-0.928136,-0.820898,-0.841797,-0.820898,-0.820898,-0.841797,-0.782225,-0.841797,-0.928136,-0.820898,-0.841797,-0.820898]
	PARPACK diagonalization completed after 30 matrix-vector product operations.
	iteration results: : total energy is -31.325985 | electron energy -31.360641 + phonon energy 0.034656 | electron momentum kIdx = 0
The 7-th iteration is completed.	|| time cost : 0h 0m 2.272s
********************************************************************************************************************
Start the 8 rounds of NGS-ED iteration
	effective electronic model is modified as: kinetic energy t = 0.93283
	                                           effective interaction Vq = [       -1, -0.92854,-0.821062, -0.92854, -0.92854,-0.821062,-0.842031,-0.821062,-0.821062,-0.842031,-0.782371,-0.842031, -0.92854,-0.821062,-0.842031,-0.821062]
	PARPACK diagonalization completed after 30 matrix-vector product operations.
	iteration results: : total energy is -31.326300 | electron energy -31.361131 + phonon energy 0.034831 | electron momentum kIdx = 0
The 8-th iteration is completed.	|| time cost : 0h 0m 2.274s
********************************************************************************************************************
Start the 9 rounds of NGS-ED iteration
	effective electronic model is modified as: kinetic energy t = 0.932799
	                                           effective interaction Vq = [ -1.00002,-0.928752,-0.821141,-0.928752,-0.928752,-0.821141,-0.842148,-0.821141,-0.821141,-0.842148,-0.782442,-0.842148,-0.928752,-0.821141,-0.842148,-0.821141]
	PARPACK diagonalization completed after 30 matrix-vector product operations.
	iteration results: : total energy is -31.326415 | electron energy -31.361335 + phonon energy 0.034919 | electron momentum kIdx = 0
The 9-th iteration is completed.	|| time cost : 0h 0m 2.263s
********************************************************************************************************************
Start the 10 rounds of NGS-ED iteration
	effective electronic model is modified as: kinetic energy t = 0.932784
	                                           effective interaction Vq = [ -1.00002,-0.928865,-0.821179,-0.928865,-0.928865,-0.821179,-0.842207,-0.821179,-0.821179,-0.842207,-0.782477,-0.842207,-0.928865,-0.821179,-0.842207,-0.821179]
	PARPACK diagonalization completed after 30 matrix-vector product operations.
	iteration results: : total energy is -31.326458 | electron energy -31.361422 + phonon energy 0.034964 | electron momentum kIdx = 0
	Nq(0) = 6.25,	Nq(1) = 0.373716,	Nq(2) = 0.368223,	Nq(3) = 0.373716,	Nq(4) = 0.373716,	Nq(5) = 0.368223,	Nq(6) = 0.601055,	Nq(7) = 0.368223,	Nq(8) = 0.368223,	Nq(9) = 0.601055,	Nq(10) = 0.602707,	Nq(11) = 0.601055,	Nq(12) = 0.373716,	Nq(13) = 0.368223,	Nq(14) = 0.601055,	Nq(15) = 0.368223,	Sq(0) = 1.38659e-17,	Sq(1) = 0.384369,	Sq(2) = 0.381498,	Sq(3) = 0.384369,	Sq(4) = 0.384369,	Sq(5) = 0.381498,	Sq(6) = 0.642745,	Sq(7) = 0.381498,	Sq(8) = 0.381498,	Sq(9) = 0.642745,	Sq(10) = 0.641424,	Sq(11) = 0.642745,	Sq(12) = 0.384369,	Sq(13) = 0.381498,	Sq(14) = 0.642745,	Sq(15) = 0.381498,	N(0) = 1.99941,	N(1) = 1.99893,	N(2) = 0.000549625,	N(3) = 1.99893,	N(4) = 1.99893,	N(5) = 0.000549625,	N(6) = 0.000329301,	N(7) = 0.000549625,	N(8) = 0.000549625,	N(9) = 0.000329301,	N(10) = 0.000268964,	N(11) = 0.000329301,	N(12) = 1.99893,	N(13) = 0.000549625,	N(14) = 0.000329301,	N(15) = 0.000549625,	Delta[s](0) = 0.240751,	Delta[s](1) = 0.114977,	Delta[s](2) = 0.110538,	Delta[s](3) = 0.114977,	Delta[s](4) = 0.114977,	Delta[s](5) = 0.110538,	Delta[s](6) = 0.0239553,	Delta[s](7) = 0.110538,	Delta[s](8) = 0.110538,	Delta[s](9) = 0.0239553,	Delta[s](10) = 0.020857,	Delta[s](11) = 0.0239553,	Delta[s](12) = 0.114977,	Delta[s](13) = 0.110538,	Delta[s](14) = 0.0239553,	Delta[s](15) = 0.110538,	Delta[d](0) = 0.239214,	Delta[d](1) = 0.072321,	Delta[d](2) = 0.1332,	Delta[d](3) = 0.072321,	Delta[d](4) = 0.072321,	Delta[d](5) = 0.12467,	Delta[d](6) = 0.0147194,	Delta[d](7) = 0.12467,	Delta[d](8) = 0.1332,	Delta[d](9) = 0.0147194,	Delta[d](10) = 0.0101902,	Delta[d](11) = 0.0147194,	Delta[d](12) = 0.072321,	Delta[d](13) = 0.12467,	Delta[d](14) = 0.0147194,	Delta[d](15) = 0.12467,	Delta[s+](0) = 0.50755,	Delta[s+](1) = 0.318665,	Delta[s+](2) = 0.1332,	Delta[s+](3) = 0.318665,	Delta[s+](4) = 0.318665,	Delta[s+](5) = 0.1332,	Delta[s+](6) = 0.00853367,	Delta[s+](7) = 0.1332,	Delta[s+](8) = 0.1332,	Delta[s+](9) = 0.00853367,	Delta[s+](10) = 0.00238744,	Delta[s+](11) = 0.00853367,	Delta[s+](12) = 0.318665,	Delta[s+](13) = 0.1332,	Delta[s+](14) = 0.00853367,	Delta[s+](15) = 0.1332
The 10-th iteration is completed.	|| time cost : 0h 0m 21.083s
********************************************************************************************************************
Start the 11 rounds of NGS-ED iteration
	effective electronic model is modified as: kinetic energy t = 0.932776
	                                           effective interaction Vq = [ -1.00003,-0.928924,-0.821198,-0.928924,-0.928924,-0.821198,-0.842236,-0.821198,-0.821198,-0.842236,-0.782494,-0.842236,-0.928924,-0.821198,-0.842236,-0.821198]
	PARPACK diagonalization completed after 30 matrix-vector product operations.
	iteration results: : total energy is -31.326473 | electron energy -31.361460 + phonon energy 0.034986 | electron momentum kIdx = 0
The 11-th iteration is completed.	|| time cost : 0h 0m 2.299s
********************************************************************************************************************
Start the 12 rounds of NGS-ED iteration
	effective electronic model is modified as: kinetic energy t = 0.932772
	                                           effective interaction Vq = [ -1.00003,-0.928956,-0.821207,-0.928956,-0.928956,-0.821207, -0.84225,-0.821207,-0.821207, -0.84225,-0.782502, -0.84225,-0.928956,-0.821207, -0.84225,-0.821207]
	PARPACK diagonalization completed after 30 matrix-vector product operations.
	iteration results: : total energy is -31.326479 | electron energy -31.361477 + phonon energy 0.034998 | electron momentum kIdx = 0
The 12-th iteration is completed.	|| time cost : 0h 0m 2.265s
********************************************************************************************************************
Start the 13 rounds of NGS-ED iteration
	effective electronic model is modified as: kinetic energy t = 0.93277
	                                           effective interaction Vq = [ -1.00003,-0.928972,-0.821211,-0.928972,-0.928972,-0.821211,-0.842257,-0.821211,-0.821211,-0.842257,-0.782506,-0.842257,-0.928972,-0.821211,-0.842257,-0.821211]
	PARPACK diagonalization completed after 30 matrix-vector product operations.
	iteration results: : total energy is -31.326481 | electron energy -31.361484 + phonon energy 0.035004 | electron momentum kIdx = 0
The 13-th iteration is completed.	|| time cost : 0h 0m 2.263s
********************************************************************************************************************
Start the 14 rounds of NGS-ED iteration
	effective electronic model is modified as: kinetic energy t = 0.932769
	                                           effective interaction Vq = [ -1.00003,-0.928981,-0.821214,-0.928981,-0.928981,-0.821214,-0.842261,-0.821214,-0.821214,-0.842261,-0.782509,-0.842261,-0.928981,-0.821214,-0.842261,-0.821214]
	PARPACK diagonalization completed after 30 matrix-vector product operations.
	iteration results: : total energy is -31.326482 | electron energy -31.361488 + phonon energy 0.035006 | electron momentum kIdx = 0
The 14-th iteration is completed.	|| time cost : 0h 0m 2.261s
********************************************************************************************************************
Start the 15 rounds of NGS-ED iteration
	effective electronic model is modified as: kinetic energy t = 0.932769
	                                           effective interaction Vq = [ -1.00003,-0.928986,-0.821215,-0.928986,-0.928986,-0.821215,-0.842263,-0.821215,-0.821215,-0.842263, -0.78251,-0.842263,-0.928986,-0.821215,-0.842263,-0.821215]
	PARPACK diagonalization completed after 30 matrix-vector product operations.
	iteration results: : total energy is -31.326482 | electron energy -31.361490 + phonon energy 0.035008 | electron momentum kIdx = 0
The 15-th iteration is completed.	|| time cost : 0h 0m 2.296s
********************************************************************************************************************
Start the 16 rounds of NGS-ED iteration
	effective electronic model is modified as: kinetic energy t = 0.932768
	                                           effective interaction Vq = [ -1.00003,-0.928988,-0.821215,-0.928988,-0.928988,-0.821215,-0.842264,-0.821215,-0.821215,-0.842264, -0.78251,-0.842264,-0.928988,-0.821215,-0.842264,-0.821215]
	PARPACK diagonalization completed after 30 matrix-vector product operations.
	iteration results: : total energy is -31.326482 | electron energy -31.361491 + phonon energy 0.035009 | electron momentum kIdx = 0
The 16-th iteration is completed.	|| time cost : 0h 0m 2.282s
********************************************************************************************************************
Start the 17 rounds of NGS-ED iteration
	effective electronic model is modified as: kinetic energy t = 0.932768
	                                           effective interaction Vq = [ -1.00003, -0.92899,-0.821216, -0.92899, -0.92899,-0.821216,-0.842264,-0.821216,-0.821216,-0.842264, -0.78251,-0.842264, -0.92899,-0.821216,-0.842264,-0.821216]
	PARPACK diagonalization completed after 30 matrix-vector product operations.
	iteration results: : total energy is -31.326482 | electron energy -31.361491 + phonon energy 0.035009 | electron momentum kIdx = 0
The 17-th iteration is completed.	|| time cost : 0h 0m 2.268s
********************************************************************************************************************
Start the 18 rounds of NGS-ED iteration
	effective electronic model is modified as: kinetic energy t = 0.932768
	                                           effective interaction Vq = [ -1.00003, -0.92899,-0.821216, -0.92899, -0.92899,-0.821216,-0.842264,-0.821216,-0.821216,-0.842264, -0.78251,-0.842264, -0.92899,-0.821216,-0.842264,-0.821216]
	PARPACK diagonalization completed after 30 matrix-vector product operations.
	iteration results: : total energy is -31.326482 | electron energy -31.361491 + phonon energy 0.035009 | electron momentum kIdx = 0
The 18-th iteration is completed.	|| time cost : 0h 0m 2.308s
********************************************************************************************************************
Start the 19 rounds of NGS-ED iteration
	effective electronic model is modified as: kinetic energy t = 0.932768
	                                           effective interaction Vq = [ -1.00003,-0.928991,-0.821216,-0.928991,-0.928991,-0.821216,-0.842265,-0.821216,-0.821216,-0.842265, -0.78251,-0.842265,-0.928991,-0.821216,-0.842265,-0.821216]
	PARPACK diagonalization completed after 30 matrix-vector product operations.
	iteration results: : total energy is -31.326482 | electron energy -31.361491 + phonon energy 0.035009 | electron momentum kIdx = 0
The 19-th iteration is completed.	|| time cost : 0h 0m 2.268s
********************************************************************************************************************
Start the 20 rounds of NGS-ED iteration
	effective electronic model is modified as: kinetic energy t = 0.932768
	                                           effective interaction Vq = [ -1.00003,-0.928991,-0.821216,-0.928991,-0.928991,-0.821216,-0.842265,-0.821216,-0.821216,-0.842265, -0.78251,-0.842265,-0.928991,-0.821216,-0.842265,-0.821216]
	PARPACK diagonalization completed after 30 matrix-vector product operations.
	iteration results: : total energy is -31.326482 | electron energy -31.361491 + phonon energy 0.035009 | electron momentum kIdx = 0
	Nq(0) = 6.25,	Nq(1) = 0.373729,	Nq(2) = 0.368224,	Nq(3) = 0.373729,	Nq(4) = 0.373729,	Nq(5) = 0.368224,	Nq(6) = 0.601059,	Nq(7) = 0.368224,	Nq(8) = 0.368224,	Nq(9) = 0.601059,	Nq(10) = 0.602708,	Nq(11) = 0.601059,	Nq(12) = 0.373729,	Nq(13) = 0.368224,	Nq(14) = 0.601059,	Nq(15) = 0.368224,	Sq(0) = -5.71292e-21,	Sq(1) = 0.384363,	Sq(2) = 0.381497,	Sq(3) = 0.384363,	Sq(4) = 0.384363,	Sq(5) = 0.381497,	Sq(6) = 0.642735,	Sq(7) = 0.381497,	Sq(8) = 0.381497,	Sq(9) = 0.642735,	Sq(10) = 0.641421,	Sq(11) = 0.642735,	Sq(12) = 0.384363,	Sq(13) = 0.381497,	Sq(14) = 0.642735,	Sq(15) = 0.381497,	N(0) = 1.99941,	N(1) = 1.99893,	N(2) = 0.000549212,	N(3) = 1.99893,	N(4) = 1.99893,	N(5) = 0.000549212,	N(6) = 0.000329181,	N(7) = 0.000549212,	N(8) = 0.000549212,	N(9) = 0.000329181,	N(10) = 0.000268803,	N(11) = 0.000329181,	N(12) = 1.99893,	N(13) = 0.000549212,	N(14) = 0.000329181,	N(15) = 0.000549212,	Delta[s](0) = 0.240752,	Delta[s](1) = 0.114979,	Delta[s](2) = 0.110539,	Delta[s](3) = 0.114979,	Delta[s](4) = 0.114979,	Delta[s](5) = 0.110539,	Delta[s](6) = 0.0239593,	Delta[s](7) = 0.110539,	Delta[s](8) = 0.110539,	Delta[s](9) = 0.0239593,	Delta[s](10) = 0.020859,	Delta[s](11) = 0.0239593,	Delta[s](12) = 0.114979,	Delta[s](13) = 0.110539,	Delta[s](14) = 0.0239593,	Delta[s](15) = 0.110539,	Delta[d](0) = 0.239242,	Delta[d](1) = 0.072332,	Delta[d](2) = 0.133216,	Delta[d](3) = 0.072332,	Delta[d](4) = 0.072332,	Delta[d](5) = 0.124685,	Delta[d](6) = 0.0147243,	Delta[d](7) = 0.124685,	Delta[d](8) = 0.133216,	Delta[d](9) = 0.0147243,	Delta[d](10) = 0.0101923,	Delta[d](11) = 0.0147243,	Delta[d](12) = 0.072332,	Delta[d](13) = 0.124685,	Delta[d](14) = 0.0147243,	Delta[d](15) = 0.124685,	Delta[s+](0) = 0.507609,	Delta[s+](1) = 0.318704,	Delta[s+](2) = 0.133216,	Delta[s+](3) = 0.318704,	Delta[s+](4) = 0.318704,	Delta[s+](5) = 0.133216,	Delta[s+](6) = 0.00853599,	Delta[s+](7) = 0.133216,	Delta[s+](8) = 0.133216,	Delta[s+](9) = 0.00853599,	Delta[s+](10) = 0.00238802,	Delta[s+](11) = 0.00853599,	Delta[s+](12) = 0.318704,	Delta[s+](13) = 0.133216,	Delta[s+](14) = 0.00853599,	Delta[s+](15) = 0.133216
The 20-th iteration is completed.	|| time cost : 0h 0m 20.861s
********************************************************************************************************************
Start the 21 rounds of NGS-ED iteration
	effective electronic model is modified as: kinetic energy t = 0.932768
	                                           effective interaction Vq = [ -1.00003,-0.928991,-0.821216,-0.928991,-0.928991,-0.821216,-0.842265,-0.821216,-0.821216,-0.842265, -0.78251,-0.842265,-0.928991,-0.821216,-0.842265,-0.821216]
	PARPACK diagonalization completed after 30 matrix-vector product operations.
	iteration results: : total energy is -31.326482 | electron energy -31.361492 + phonon energy 0.035009 | electron momentum kIdx = 0
The 21-th iteration is completed.	|| time cost : 0h 0m 2.265s
********************************************************************************************************************
Start the 22 rounds of NGS-ED iteration
	effective electronic model is modified as: kinetic energy t = 0.932768
	                                           effective interaction Vq = [ -1.00003,-0.928991,-0.821216,-0.928991,-0.928991,-0.821216,-0.842265,-0.821216,-0.821216,-0.842265, -0.78251,-0.842265,-0.928991,-0.821216,-0.842265,-0.821216]
	PARPACK diagonalization completed after 30 matrix-vector product operations.
	iteration results: : total energy is -31.326482 | electron energy -31.361492 + phonon energy 0.035009 | electron momentum kIdx = 0
The 22-th iteration is completed.	|| time cost : 0h 0m 2.264s
********************************************************************************************************************
Start the 23 rounds of NGS-ED iteration
	effective electronic model is modified as: kinetic energy t = 0.932768
	                                           effective interaction Vq = [ -1.00003,-0.928991,-0.821216,-0.928991,-0.928991,-0.821216,-0.842265,-0.821216,-0.821216,-0.842265, -0.78251,-0.842265,-0.928991,-0.821216,-0.842265,-0.821216]
	PARPACK diagonalization completed after 30 matrix-vector product operations.
	iteration results: : total energy is -31.326482 | electron energy -31.361492 + phonon energy 0.035009 | electron momentum kIdx = 0
