SNEDics v3.2 diagonalization test program		Start at Fri May  3 03:36:23 2019

parallized on 80 MPI threads  * 6 OpenMP threads = 480 total threads.
************************************************************************************
************************************************************************************

Input file "model_params.in"
Hubbard-Holstein model parameters : 	t = 1    U = 10    g = 1.4142    W = 1    
************************************************************************************
Input file "hilbertspace_params.in"

Cluster Positions:				Cluster symmetry group : D4
 x ... x ... x ... x .....                       x ... x ... x ... x .....
 |           |           :                       |           |           :
 |           |           :                       |           |           :
12    13    14    15     x                       1     5     6     5     x
 |           |           :                       |           |           :
 |           |           :                       |           |           :
 8 --- 9 ---10 ---11 --- x                       2 --- 6 ---10 --- 6 --- x
 |           |           :                       |           |           :
 |           |           :                       |           |           :
 4     5     6     7     x                       1     5     6     5     x
 |           |           :                       |           |           :
 |           |           :                       |           |           :
 0 --- 1 --- 2 --- 3 --- x                       0 --- 1 --- 2 --- 1 --- x
orbital number : 1
************************************************************************************
** NOTE ** Detected low phonon energy W < 10. The initial state will be prepared through a warm-up process.
starting warm-up calculation for scaling factor 16
0 rounds of non-Gaussian ED iteration : ground-state energy is -7.029 | electron energy -7.029 + phonon energy 0 | electron momentum kIdx = 0
Nq = 	16	0.0420847	0.0772202	0.0420847	0.0420847	0.0772202	0.109143	0.0772202	0.0772202	0.109143	0.139405	0.109143	0.0420847	0.0772202	0.109143	0.0772202
Sq = 	-6.79764e-19	0.401736	0.646986	0.401736	0.401736	0.646986	0.988392	0.646986	0.646986	0.988392	5.34993	0.988392	0.401736	0.646986	0.988392	0.646986
1 rounds of non-Gaussian ED iteration : ground-state energy is -39.7055 | electron energy -39.7062 + phonon energy 0.000697727 | electron momentum kIdx = 0
Nq = 	16	0.0774068	0.132124	0.0774068	0.0774068	0.132124	0.181316	0.132124	0.132124	0.181316	0.227237	0.181316	0.0774068	0.132124	0.181316	0.132124
Sq = 	1.08313e-18	0.41864	0.638285	0.41864	0.41864	0.638285	0.910035	0.638285	0.638285	0.910035	4.80072	0.910035	0.41864	0.638285	0.910035	0.638285
2 rounds of non-Gaussian ED iteration : ground-state energy is -41.041 | electron energy -41.0441 + phonon energy 0.00312291 | electron momentum kIdx = 0
Nq = 	16	0.0816168	0.13815	0.0816168	0.0816168	0.13815	0.189102	0.13815	0.13815	0.189102	0.236504	0.189102	0.0816168	0.13815	0.189102	0.13815
Sq = 	1.22154e-18	0.419964	0.637542	0.419964	0.419964	0.637542	0.902758	0.637542	0.637542	0.902758	4.73558	0.902758	0.419964	0.637542	0.902758	0.637542
3 rounds of non-Gaussian ED iteration : ground-state energy is -41.094 | electron energy -41.0979 + phonon energy 0.00390461 | electron momentum kIdx = 0
Nq = 	16	0.0821167	0.138855	0.0821167	0.0821167	0.138855	0.190011	0.138855	0.138855	0.190011	0.237577	0.190011	0.0821167	0.138855	0.190011	0.138855
Sq = 	-1.84154e-18	0.420114	0.637458	0.420114	0.420114	0.637458	0.901918	0.637458	0.637458	0.901918	4.72791	0.901918	0.420114	0.637458	0.901918	0.637458
4 rounds of non-Gaussian ED iteration : ground-state energy is -41.0961 | electron energy -41.1002 + phonon energy 0.00403715 | electron momentum kIdx = 0
Nq = 	16	0.0821857	0.138952	0.0821857	0.0821857	0.138952	0.190134	0.138952	0.138952	0.190134	0.237722	0.190134	0.0821857	0.138952	0.190134	0.138952
Sq = 	-3.91091e-19	0.420135	0.637447	0.420135	0.420135	0.637447	0.901803	0.637447	0.637447	0.901803	4.72685	0.901803	0.420135	0.637447	0.901803	0.637447
Ground state is obtained after 5 iterations. The current ground-state energy is -41.0962, in which electron energy is -41.1003 and phonon energy is 0.00405667
final variational state is: 
Gamma_x =       1  1.0041 1.00744  1.0041  1.0041 1.00744 1.01053 1.00744 1.00744 1.01053 1.01346 1.01053  1.0041 1.00744 1.01053 1.00744
lambda_q = 0.353431 0.256371 0.244356 0.256371 0.256371 0.244356 0.237546 0.244356 0.244356 0.237546 0.232711 0.237546 0.256371 0.244356 0.237546 0.244356
o___o  -------------------------------------
| L |	Time since last clock: 0h 28m 22.7s
A===A	Time since the beginning: 0h 28m 22.7s
********************************************

************************************************************************************
starting warm-up calculation for scaling factor 8
0 rounds of non-Gaussian ED iteration : ground-state energy is -37.6765 | electron energy -37.6785 + phonon energy 0.00202834 | electron momentum kIdx = 0
Nq = 	16	0.0700983	0.121312	0.0700983	0.0700983	0.121312	0.16716	0.121312	0.121312	0.16716	0.210103	0.16716	0.0700983	0.121312	0.16716	0.121312
Sq = 	-1.02287e-18	0.416092	0.639765	0.416092	0.416092	0.639765	0.92359	0.639765	0.639765	0.92359	4.91568	0.92359	0.416092	0.639765	0.92359	0.639765
1 rounds of non-Gaussian ED iteration : ground-state energy is -39.8757 | electron energy -39.882 + phonon energy 0.00628841 | electron momentum kIdx = 0
Nq = 	16	0.0708188	0.122356	0.0708188	0.0708188	0.122356	0.168456	0.122356	0.122356	0.168456	0.211588	0.168456	0.0708188	0.122356	0.168456	0.122356
Sq = 	1.07597e-18	0.41639	0.639651	0.41639	0.41639	0.639651	0.922235	0.639651	0.639651	0.922235	4.90477	0.922235	0.41639	0.639651	0.922235	0.639651
2 rounds of non-Gaussian ED iteration : ground-state energy is -40.3192 | electron energy -40.327 + phonon energy 0.00778875 | electron momentum kIdx = 0
Nq = 	16	0.071038	0.122673	0.071038	0.071038	0.122673	0.168854	0.122673	0.122673	0.168854	0.212052	0.168854	0.071038	0.122673	0.168854	0.122673
Sq = 	9.79617e-19	0.416478	0.639614	0.416478	0.416478	0.639614	0.921825	0.639614	0.639614	0.921825	4.90144	0.921825	0.416478	0.639614	0.921825	0.639614
3 rounds of non-Gaussian ED iteration : ground-state energy is -40.4087 | electron energy -40.4169 + phonon energy 0.0082324 | electron momentum kIdx = 0
Nq = 	16	0.0711051	0.12277	0.0711051	0.0711051	0.12277	0.168977	0.12277	0.12277	0.168977	0.212196	0.168977	0.0711051	0.12277	0.168977	0.12277
Sq = 	-8.70438e-19	0.416505	0.639603	0.416505	0.416505	0.639603	0.921699	0.639603	0.639603	0.921699	4.90042	0.921699	0.416505	0.639603	0.921699	0.639603
4 rounds of non-Gaussian ED iteration : ground-state energy is -40.4268 | electron energy -40.4351 + phonon energy 0.00836216 | electron momentum kIdx = 0
Nq = 	16	0.0711256	0.1228	0.0711256	0.0711256	0.1228	0.169015	0.1228	0.1228	0.169015	0.212241	0.169015	0.0711256	0.1228	0.169015	0.1228
Sq = 	-1.89324e-18	0.416513	0.639599	0.416513	0.416513	0.639599	0.921661	0.639599	0.639599	0.921661	4.90011	0.921661	0.416513	0.639599	0.921661	0.639599
5 rounds of non-Gaussian ED iteration : ground-state energy is -40.4304 | electron energy -40.4388 + phonon energy 0.00840051 | electron momentum kIdx = 0
Nq = 	16	0.0711319	0.122809	0.0711319	0.0711319	0.122809	0.169026	0.122809	0.122809	0.169026	0.212254	0.169026	0.0711319	0.122809	0.169026	0.122809
Sq = 	2.55985e-18	0.416515	0.639598	0.416515	0.416515	0.639598	0.921649	0.639598	0.639598	0.921649	4.90001	0.921649	0.416515	0.639598	0.921649	0.639598
Ground state is obtained after 6 iterations. The current ground-state energy is -40.4311, in which electron energy is -40.4396 and phonon energy is 0.00841197
final variational state is: 
Gamma_x =       1 1.00884 1.01545 1.00884 1.00884 1.01545 1.02134 1.01545 1.01545 1.02134 1.02683 1.02134 1.00884 1.01545 1.02134 1.01545
lambda_q = 0.498789 0.274461 0.256977 0.274461 0.274461 0.256977 0.246948 0.256977 0.256977 0.246948  0.24013 0.246948 0.274461 0.256977 0.246948 0.256977
o___o  -------------------------------------
| L |	Time since last clock: 0h 33m 28.226s
A===A	Time since the beginning: 1h 1m 50.927s
********************************************

************************************************************************************
starting warm-up calculation for scaling factor 4
0 rounds of non-Gaussian ED iteration : ground-state energy is -37.0569 | electron energy -37.0611 + phonon energy 0.00420598 | electron momentum kIdx = 0
Nq = 	16	0.0608347	0.107238	0.0608347	0.0608347	0.107238	0.148742	0.107238	0.107238	0.148742	0.18776	0.148742	0.0608347	0.107238	0.148742	0.107238
Sq = 	-2.10678e-19	0.412214	0.641812	0.412214	0.412215	0.641812	0.942431	0.641812	0.641812	0.942431	5.06105	0.942431	0.412215	0.641812	0.942431	0.641812
1 rounds of non-Gaussian ED iteration : ground-state energy is -38.6003 | electron energy -38.6084 + phonon energy 0.00812899 | electron momentum kIdx = 0
Nq = 	16	0.059997	0.105931	0.059997	0.059997	0.105931	0.147005	0.105931	0.105931	0.147005	0.185618	0.147005	0.059997	0.105931	0.147005	0.105931
Sq = 	9.56331e-19	0.411838	0.642024	0.411838	0.411838	0.642024	0.944247	0.642024	0.642024	0.944247	5.07431	0.944247	0.411838	0.642024	0.944247	0.642024
2 rounds of non-Gaussian ED iteration : ground-state energy is -39.2889 | electron energy -39.2982 + phonon energy 0.00926352 | electron momentum kIdx = 0
Nq = 	16	0.059682	0.105444	0.059682	0.059682	0.105444	0.146368	0.105444	0.105444	0.146368	0.184849	0.146368	0.059682	0.105444	0.146368	0.105444
Sq = 	-8.58481e-19	0.411689	0.642098	0.411689	0.411689	0.642098	0.944932	0.642098	0.642098	0.944932	5.07922	0.944932	0.411689	0.642098	0.944932	0.642098
3 rounds of non-Gaussian ED iteration : ground-state energy is -39.5978 | electron energy -39.6073 + phonon energy 0.0094705 | electron momentum kIdx = 0
Nq = 	16	0.059568	0.105269	0.059568	0.059568	0.105269	0.146143	0.105269	0.105269	0.146143	0.18458	0.146143	0.059568	0.105269	0.146143	0.105269
Sq = 	-7.36218e-19	0.411633	0.642123	0.411633	0.411633	0.642123	0.94518	0.642123	0.642123	0.94518	5.08098	0.94518	0.411633	0.642123	0.94518	0.642123
4 rounds of non-Gaussian ED iteration : ground-state energy is -39.7366 | electron energy -39.746 + phonon energy 0.00945658 | electron momentum kIdx = 0
Nq = 	16	0.0595261	0.105205	0.0595261	0.0595261	0.105205	0.146061	0.105205	0.105205	0.146061	0.184483	0.146061	0.0595261	0.105205	0.146061	0.105205
Sq = 	1.54621e-18	0.411612	0.642132	0.411612	0.411612	0.642132	0.945271	0.642132	0.642132	0.945271	5.08162	0.945271	0.411612	0.642132	0.945271	0.642132
5 rounds of non-Gaussian ED iteration : ground-state energy is -39.7989 | electron energy -39.8083 + phonon energy 0.00941324 | electron momentum kIdx = 0
Nq = 	16	0.0595103	0.105181	0.0595103	0.0595103	0.105181	0.14603	0.105181	0.105181	0.14603	0.184447	0.14603	0.0595103	0.105181	0.14603	0.105181
Sq = 	-1.75429e-19	0.411604	0.642135	0.411604	0.411604	0.642135	0.945305	0.642135	0.642135	0.945305	5.08186	0.945305	0.411604	0.642135	0.945305	0.642135
6 rounds of non-Gaussian ED iteration : ground-state energy is -39.8269 | electron energy -39.8363 + phonon energy 0.00938042 | electron momentum kIdx = 0
Nq = 	16	0.0595041	0.105171	0.0595041	0.0595041	0.105171	0.146018	0.105171	0.105171	0.146018	0.184433	0.146018	0.0595041	0.105171	0.146018	0.105171
Sq = 	-1.75047e-18	0.411601	0.642136	0.411601	0.411601	0.642136	0.945319	0.642136	0.642136	0.945319	5.08195	0.945319	0.411601	0.642136	0.945319	0.642136
7 rounds of non-Gaussian ED iteration : ground-state energy is -39.8395 | electron energy -39.8489 + phonon energy 0.00936062 | electron momentum kIdx = 0
Nq = 	16	0.0595016	0.105168	0.0595016	0.0595016	0.105168	0.146013	0.105168	0.105168	0.146013	0.184427	0.146013	0.0595016	0.105168	0.146013	0.105168
Sq = 	8.51851e-19	0.4116	0.642137	0.4116	0.4116	0.642137	0.945324	0.642137	0.642137	0.945324	5.08199	0.945324	0.4116	0.642137	0.945324	0.642137
8 rounds of non-Gaussian ED iteration : ground-state energy is -39.8452 | electron energy -39.8545 + phonon energy 0.00934972 | electron momentum kIdx = 0
Nq = 	16	0.0595005	0.105166	0.0595005	0.0595005	0.105166	0.146011	0.105166	0.105166	0.146011	0.184425	0.146011	0.0595005	0.105166	0.146011	0.105166
Sq = 	-4.55564e-19	0.411599	0.642137	0.411599	0.411599	0.642137	0.945326	0.642137	0.642137	0.945326	5.08201	0.945326	0.411599	0.642137	0.945326	0.642137
9 rounds of non-Gaussian ED iteration : ground-state energy is -39.8477 | electron energy -39.8571 + phonon energy 0.00934399 | electron momentum kIdx = 0
Nq = 	16	0.0595001	0.105165	0.0595001	0.0595001	0.105165	0.146011	0.105165	0.105165	0.146011	0.184424	0.146011	0.0595001	0.105165	0.146011	0.105165
Sq = 	6.44837e-19	0.411599	0.642137	0.411599	0.411599	0.642137	0.945327	0.642137	0.642137	0.945327	5.08201	0.945327	0.411599	0.642137	0.945327	0.642137
10 rounds of non-Gaussian ED iteration : ground-state energy is -39.8489 | electron energy -39.8582 + phonon energy 0.00934105 | electron momentum kIdx = 0
Nq = 	16	0.0594999	0.105165	0.0594999	0.0594999	0.105165	0.14601	0.105165	0.105165	0.14601	0.184423	0.14601	0.0594999	0.105165	0.14601	0.105165
Sq = 	1.06084e-19	0.411599	0.642137	0.411599	0.411599	0.642137	0.945328	0.642137	0.642137	0.945328	5.08202	0.945328	0.411599	0.642137	0.945328	0.642137
Ground state is obtained after 11 iterations. The current ground-state energy is -39.8494, in which electron energy is -39.8587 and phonon energy is 0.00933957
final variational state is: 
Gamma_x =       1 1.01364 1.02335 1.01364 1.01364 1.02335 1.03174 1.02335 1.02335 1.03174 1.03952 1.03174 1.01364 1.02335 1.03174 1.02335
lambda_q = 0.704542 0.248091 0.230048 0.248091 0.248091 0.230048 0.219447 0.230048 0.230048 0.219447 0.212455 0.219447 0.248091 0.230048 0.219447 0.230048
o___o  -------------------------------------
| L |	Time since last clock: 0h 58m 38.006s
A===A	Time since the beginning: 2h 0m 28.934s
********************************************

************************************************************************************
starting warm-up calculation for scaling factor 2
0 rounds of non-Gaussian ED iteration : ground-state energy is -36.637 | electron energy -36.6417 + phonon energy 0.00466979 | electron momentum kIdx = 0
Nq = 	16	0.052844	0.0947173	0.052844	0.052844	0.0947173	0.132315	0.0947173	0.0947173	0.132315	0.167775	0.132315	0.052844	0.0947173	0.132315	0.0947173
Sq = 	-2.44809e-19	0.408212	0.643806	0.408212	0.408212	0.643806	0.960537	0.643806	0.643806	0.960537	5.18545	0.960537	0.408212	0.643806	0.960537	0.643806
1 rounds of non-Gaussian ED iteration : ground-state energy is -37.5889 | electron energy -37.5956 + phonon energy 0.00672942 | electron momentum kIdx = 0
Nq = 	16	0.051918	0.0932379	0.051918	0.051918	0.0932379	0.130359	0.0932379	0.0932379	0.130359	0.16538	0.130359	0.051918	0.0932379	0.130359	0.0932379
Sq = 	1.10681e-18	0.407711	0.644059	0.407711	0.407711	0.644059	0.962765	0.644059	0.644059	0.962765	5.19982	0.962765	0.407711	0.644059	0.962765	0.644059
2 rounds of non-Gaussian ED iteration : ground-state energy is -38.2102 | electron energy -38.2174 + phonon energy 0.00720635 | electron momentum kIdx = 0
Nq = 	16	0.0515188	0.0926029	0.0515188	0.0515188	0.0926029	0.129529	0.0926029	0.0926029	0.129529	0.164376	0.129529	0.0515188	0.0926029	0.129529	0.0926029
Sq = 	-2.28902e-19	0.407486	0.644164	0.407486	0.407486	0.644164	0.963735	0.644164	0.644164	0.963735	5.20595	0.963735	0.407486	0.644164	0.963735	0.644164
3 rounds of non-Gaussian ED iteration : ground-state energy is -38.6245 | electron energy -38.6317 + phonon energy 0.00717207 | electron momentum kIdx = 0
Nq = 	16	0.0513607	0.0923528	0.0513607	0.0513607	0.0923528	0.129205	0.0923528	0.0923528	0.129205	0.163986	0.129205	0.0513607	0.0923528	0.129205	0.0923528
Sq = 	-8.86671e-19	0.407394	0.644204	0.407394	0.407394	0.644204	0.96412	0.644204	0.644204	0.96412	5.20835	0.96412	0.407394	0.644204	0.96412	0.644204
4 rounds of non-Gaussian ED iteration : ground-state energy is -38.902 | electron energy -38.909 + phonon energy 0.00702294 | electron momentum kIdx = 0
Nq = 	16	0.0512983	0.0922545	0.0512983	0.0512983	0.0922545	0.129078	0.0922545	0.0922545	0.129078	0.163834	0.129078	0.0512983	0.0922545	0.129078	0.0922545
Sq = 	-1.98169e-18	0.407358	0.64422	0.407358	0.407358	0.64422	0.964273	0.64422	0.64422	0.964273	5.20929	0.964273	0.407358	0.64422	0.964273	0.64422
5 rounds of non-Gaussian ED iteration : ground-state energy is -39.0879 | electron energy -39.0948 + phonon energy 0.00687781 | electron momentum kIdx = 0
Nq = 	16	0.0512727	0.0922143	0.0512727	0.0512727	0.0922143	0.129026	0.0922143	0.0922143	0.129026	0.163772	0.129026	0.0512727	0.0922143	0.129026	0.0922143
Sq = 	1.44833e-18	0.407343	0.644226	0.407343	0.407343	0.644226	0.964335	0.644226	0.644226	0.964335	5.20968	0.964335	0.407343	0.644226	0.964335	0.644226
6 rounds of non-Gaussian ED iteration : ground-state energy is -39.2126 | electron energy -39.2193 + phonon energy 0.00676364 | electron momentum kIdx = 0
Nq = 	16	0.0512615	0.0921967	0.0512615	0.0512615	0.0921967	0.129003	0.0921967	0.0921967	0.129003	0.163745	0.129003	0.0512615	0.0921967	0.129003	0.0921967
Sq = 	-8.45757e-19	0.407336	0.644229	0.407336	0.407336	0.644229	0.964362	0.644229	0.644229	0.964362	5.20985	0.964362	0.407336	0.644229	0.964362	0.644229
7 rounds of non-Gaussian ED iteration : ground-state energy is -39.2961 | electron energy -39.3028 + phonon energy 0.00668029 | electron momentum kIdx = 0
Nq = 	16	0.0512562	0.0921883	0.0512562	0.0512562	0.0921883	0.128992	0.0921883	0.0921883	0.128992	0.163732	0.128992	0.0512562	0.0921883	0.128992	0.0921883
Sq = 	-1.49137e-18	0.407333	0.64423	0.407333	0.407333	0.64423	0.964375	0.64423	0.64423	0.964375	5.20993	0.964375	0.407333	0.64423	0.964375	0.64423
8 rounds of non-Gaussian ED iteration : ground-state energy is -39.3521 | electron energy -39.3587 + phonon energy 0.00662136 | electron momentum kIdx = 0
Nq = 	16	0.0512534	0.0921839	0.0512534	0.0512534	0.0921839	0.128987	0.0921839	0.0921839	0.128987	0.163725	0.128987	0.0512534	0.0921839	0.128987	0.0921839
Sq = 	1.25211e-18	0.407331	0.644231	0.407331	0.407331	0.644231	0.964382	0.644231	0.644231	0.964382	5.20997	0.964382	0.407331	0.644231	0.964382	0.644231
9 rounds of non-Gaussian ED iteration : ground-state energy is -39.3896 | electron energy -39.3962 + phonon energy 0.00658032 | electron momentum kIdx = 0
Nq = 	16	0.0512518	0.0921814	0.0512518	0.0512518	0.0921814	0.128983	0.0921814	0.0921814	0.128983	0.163721	0.128983	0.0512518	0.0921814	0.128983	0.0921814
Sq = 	1.34863e-18	0.407331	0.644231	0.407331	0.407331	0.644231	0.964386	0.644231	0.644231	0.964386	5.21	0.964386	0.407331	0.644231	0.964386	0.644231
10 rounds of non-Gaussian ED iteration : ground-state energy is -39.4148 | electron energy -39.4214 + phonon energy 0.00655194 | electron momentum kIdx = 0
Nq = 	16	0.0512509	0.0921798	0.0512509	0.0512509	0.0921798	0.128981	0.0921798	0.0921798	0.128981	0.163718	0.128981	0.0512509	0.0921798	0.128981	0.0921798
Sq = 	-1.11601e-18	0.40733	0.644232	0.40733	0.40733	0.644232	0.964388	0.644232	0.644232	0.964388	5.21001	0.964388	0.40733	0.644232	0.964388	0.644232
11 rounds of non-Gaussian ED iteration : ground-state energy is -39.4317 | electron energy -39.4382 + phonon energy 0.00653238 | electron momentum kIdx = 0
Nq = 	16	0.0512502	0.0921788	0.0512502	0.0512502	0.0921788	0.12898	0.0921788	0.0921788	0.12898	0.163717	0.12898	0.0512502	0.0921788	0.12898	0.0921788
Sq = 	-2.6611e-19	0.40733	0.644232	0.40733	0.40733	0.644232	0.96439	0.644232	0.644232	0.96439	5.21002	0.96439	0.40733	0.644232	0.96439	0.644232
12 rounds of non-Gaussian ED iteration : ground-state energy is -39.443 | electron energy -39.4495 + phonon energy 0.00651893 | electron momentum kIdx = 0
Nq = 	16	0.0512498	0.0921782	0.0512498	0.0512498	0.0921782	0.128979	0.0921782	0.0921782	0.128979	0.163716	0.128979	0.0512498	0.0921782	0.128979	0.0921782
Sq = 	-1.46264e-19	0.40733	0.644232	0.40733	0.407329	0.644232	0.964391	0.644232	0.644232	0.964391	5.21003	0.964391	0.407329	0.644232	0.964391	0.644232
13 rounds of non-Gaussian ED iteration : ground-state energy is -39.4506 | electron energy -39.4571 + phonon energy 0.00650967 | electron momentum kIdx = 0
Nq = 	16	0.0512496	0.0921777	0.0512496	0.0512496	0.0921777	0.128978	0.0921777	0.0921777	0.128978	0.163715	0.128978	0.0512496	0.0921777	0.128978	0.0921777
Sq = 	-1.11126e-18	0.407329	0.644232	0.407329	0.407329	0.644232	0.964391	0.644232	0.644232	0.964392	5.21003	0.964392	0.407329	0.644232	0.964391	0.644232
14 rounds of non-Gaussian ED iteration : ground-state energy is -39.4556 | electron energy -39.4621 + phonon energy 0.00650332 | electron momentum kIdx = 0
Nq = 	16	0.0512494	0.0921774	0.0512494	0.0512494	0.0921774	0.128978	0.0921774	0.0921774	0.128978	0.163714	0.128978	0.0512494	0.0921774	0.128978	0.0921774
Sq = 	1.1821e-18	0.407329	0.644232	0.407329	0.407329	0.644232	0.964392	0.644232	0.644232	0.964392	5.21003	0.964392	0.407329	0.644232	0.964392	0.644232
15 rounds of non-Gaussian ED iteration : ground-state energy is -39.459 | electron energy -39.4655 + phonon energy 0.00649895 | electron momentum kIdx = 0
Nq = 	16	0.0512492	0.0921772	0.0512492	0.0512492	0.0921772	0.128978	0.0921772	0.0921772	0.128978	0.163714	0.128978	0.0512492	0.0921772	0.128978	0.0921772
Sq = 	1.09715e-18	0.407329	0.644232	0.407329	0.407329	0.644232	0.964392	0.644232	0.644232	0.964392	5.21004	0.964392	0.407329	0.644232	0.964392	0.644232
16 rounds of non-Gaussian ED iteration : ground-state energy is -39.4613 | electron energy -39.4678 + phonon energy 0.00649594 | electron momentum kIdx = 0
Nq = 	16	0.0512491	0.0921771	0.0512491	0.0512491	0.0921771	0.128978	0.0921771	0.0921771	0.128978	0.163714	0.128978	0.0512491	0.0921771	0.128978	0.0921771
Sq = 	-1.24383e-19	0.407329	0.644232	0.407329	0.407329	0.644232	0.964393	0.644232	0.644232	0.964393	5.21004	0.964393	0.407329	0.644232	0.964393	0.644232
17 rounds of non-Gaussian ED iteration : ground-state energy is -39.4629 | electron energy -39.4694 + phonon energy 0.00649388 | electron momentum kIdx = 0
Nq = 	16	0.0512491	0.092177	0.0512491	0.0512491	0.092177	0.128977	0.092177	0.092177	0.128977	0.163714	0.128977	0.0512491	0.092177	0.128977	0.092177
Sq = 	-2.06296e-19	0.407329	0.644232	0.407329	0.407329	0.644232	0.964393	0.644232	0.644232	0.964393	5.21004	0.964393	0.407329	0.644232	0.964393	0.644232
18 rounds of non-Gaussian ED iteration : ground-state energy is -39.4639 | electron energy -39.4704 + phonon energy 0.00649246 | electron momentum kIdx = 0
Nq = 	16	0.051249	0.0921769	0.051249	0.051249	0.0921769	0.128977	0.0921769	0.0921769	0.128977	0.163714	0.128977	0.051249	0.0921769	0.128977	0.0921769
Sq = 	-9.23291e-19	0.407329	0.644232	0.407329	0.407329	0.644232	0.964393	0.644232	0.644232	0.964393	5.21004	0.964393	0.407329	0.644232	0.964393	0.644232
Ground state is obtained after 19 iterations. The current ground-state energy is -39.4646, in which electron energy is -39.4711 and phonon energy is 0.00649149
final variational state is: 
Gamma_x =       1 1.01624 1.02769 1.01624 1.01624 1.02769 1.03744 1.02769 1.02769 1.03744 1.04646 1.03744 1.01624 1.02769 1.03744 1.02769
lambda_q = 0.993381 0.195362 0.180869 0.195362 0.195362 0.180869 0.172135 0.180869 0.180869 0.172135 0.166435 0.172135 0.195362 0.180869 0.172135 0.180869
o___o  -------------------------------------
| L |	Time since last clock: 1h 39m 9.847s
A===A	Time since the beginning: 3h 39m 38.781s
********************************************

************************************************************************************
Warm up completed
o___o  -------------------------------------
| L |	Time since last clock: 0h 0m 0.026s
A===A	Time since the beginning: 3h 39m 38.808s
********************************************

************************************************************************************
0 rounds of non-Gaussian ED iteration : ground-state energy is -36.3894 | electron energy -36.3926 + phonon energy 0.00324574 | electron momentum kIdx = 0
Nq = 	16	0.0476975	0.0864469	0.0476975	0.0476975	0.0864469	0.121406	0.0864469	0.0864469	0.121406	0.154453	0.121406	0.0476975	0.0864469	0.121406	0.0864469
Sq = 	-4.58502e-19	0.405277	0.645242	0.405277	0.405277	0.645242	0.973305	0.645242	0.645242	0.973305	5.26467	0.973305	0.405277	0.645242	0.973305	0.645242
1 rounds of non-Gaussian ED iteration : ground-state energy is -36.9287 | electron energy -36.9327 + phonon energy 0.003962 | electron momentum kIdx = 0
Nq = 	16	0.0471134	0.0854953	0.0471134	0.0471134	0.0854953	0.120143	0.0854953	0.0854953	0.120143	0.152903	0.120143	0.0471134	0.0854953	0.120143	0.0854953
Sq = 	5.15488e-19	0.404928	0.645416	0.404928	0.404928	0.645416	0.974815	0.645416	0.645416	0.974815	5.27363	0.974815	0.404928	0.645416	0.974815	0.645416
2 rounds of non-Gaussian ED iteration : ground-state energy is -37.3525 | electron energy -37.3567 + phonon energy 0.00413172 | electron momentum kIdx = 0
Nq = 	16	0.0468593	0.0850832	0.0468593	0.0468593	0.0850832	0.119601	0.0850832	0.0850832	0.119601	0.152244	0.119601	0.0468593	0.0850832	0.119601	0.0850832
Sq = 	2.79667e-19	0.404771	0.64549	0.404771	0.404771	0.64549	0.975477	0.64549	0.64549	0.975477	5.27749	0.975477	0.404771	0.64549	0.975477	0.64549
3 rounds of non-Gaussian ED iteration : ground-state energy is -37.6973 | electron energy -37.7014 + phonon energy 0.00412392 | electron momentum kIdx = 0
Nq = 	16	0.0467605	0.0849236	0.0467605	0.0467605	0.0849236	0.119392	0.0849236	0.0849236	0.119392	0.151993	0.119392	0.0467605	0.0849236	0.119392	0.0849236
Sq = 	2.47981e-19	0.404708	0.645517	0.404708	0.404708	0.645517	0.975736	0.645517	0.645517	0.975736	5.27897	0.975736	0.404708	0.645517	0.975736	0.645517
4 rounds of non-Gaussian ED iteration : ground-state energy is -37.9792 | electron energy -37.9833 + phonon energy 0.00406673 | electron momentum kIdx = 0
Nq = 	16	0.0467226	0.0848628	0.0467226	0.0467226	0.0848628	0.119313	0.0848628	0.0848628	0.119313	0.151898	0.119313	0.0467226	0.0848628	0.119313	0.0848628
Sq = 	-1.69978e-18	0.404684	0.645528	0.404684	0.404684	0.645528	0.975835	0.645528	0.645528	0.975835	5.27954	0.975835	0.404684	0.645528	0.975835	0.645528
5 rounds of non-Gaussian ED iteration : ground-state energy is -38.21 | electron energy -38.214 + phonon energy 0.00400222 | electron momentum kIdx = 0
Nq = 	16	0.0467078	0.0848389	0.0467078	0.0467078	0.0848389	0.119282	0.0848389	0.0848389	0.119282	0.151861	0.119282	0.0467078	0.0848389	0.119282	0.0848389
Sq = 	-5.81653e-19	0.404675	0.645532	0.404675	0.404675	0.645532	0.975874	0.645532	0.645532	0.975874	5.27976	0.975874	0.404675	0.645532	0.975874	0.645532
6 rounds of non-Gaussian ED iteration : ground-state energy is -38.3989 | electron energy -38.4029 + phonon energy 0.00394314 | electron momentum kIdx = 0
Nq = 	16	0.0467015	0.0848289	0.0467015	0.0467015	0.0848289	0.119269	0.0848289	0.0848289	0.119269	0.151845	0.119269	0.0467015	0.0848289	0.119269	0.0848289
Sq = 	-4.26635e-19	0.40467	0.645533	0.40467	0.40467	0.645533	0.97589	0.645533	0.645533	0.97589	5.27985	0.97589	0.40467	0.645533	0.97589	0.645533
7 rounds of non-Gaussian ED iteration : ground-state energy is -38.5536 | electron energy -38.5575 + phonon energy 0.00389248 | electron momentum kIdx = 0
Nq = 	16	0.0466985	0.0848242	0.0466985	0.0466985	0.0848242	0.119263	0.0848242	0.0848242	0.119263	0.151838	0.119263	0.0466985	0.0848242	0.119263	0.0848242
Sq = 	-1.24316e-18	0.404669	0.645534	0.404669	0.404669	0.645534	0.975898	0.645534	0.645534	0.975898	5.2799	0.975898	0.404669	0.645534	0.975898	0.645534
8 rounds of non-Gaussian ED iteration : ground-state energy is -38.6803 | electron energy -38.6842 + phonon energy 0.00385008 | electron momentum kIdx = 0
Nq = 	16	0.0466969	0.0848216	0.0466969	0.0466969	0.0848216	0.11926	0.0848216	0.0848216	0.11926	0.151834	0.11926	0.0466969	0.0848216	0.11926	0.0848216
Sq = 	-1.42244e-18	0.404668	0.645535	0.404668	0.404668	0.645535	0.975902	0.645535	0.645535	0.975902	5.27992	0.975902	0.404668	0.645535	0.975902	0.645535
9 rounds of non-Gaussian ED iteration : ground-state energy is -38.784 | electron energy -38.7878 + phonon energy 0.00381494 | electron momentum kIdx = 0
Nq = 	16	0.0466959	0.0848199	0.0466959	0.0466959	0.0848199	0.119257	0.0848199	0.0848199	0.119257	0.151831	0.119257	0.0466959	0.0848199	0.119257	0.0848199
Sq = 	1.35365e-18	0.404667	0.645535	0.404667	0.404667	0.645535	0.975905	0.645535	0.645535	0.975905	5.27994	0.975905	0.404667	0.645535	0.975905	0.645535
10 rounds of non-Gaussian ED iteration : ground-state energy is -38.8689 | electron energy -38.8727 + phonon energy 0.00378592 | electron momentum kIdx = 0
Nq = 	16	0.0466951	0.0848186	0.0466951	0.0466951	0.0848186	0.119256	0.0848186	0.0848186	0.119256	0.151829	0.119256	0.0466951	0.0848186	0.119256	0.0848186
Sq = 	-2.87959e-19	0.404666	0.645535	0.404666	0.404666	0.645535	0.975907	0.645535	0.645535	0.975907	5.27995	0.975907	0.404666	0.645535	0.975907	0.645535
11 rounds of non-Gaussian ED iteration : ground-state energy is -38.9384 | electron energy -38.9422 + phonon energy 0.00376199 | electron momentum kIdx = 0
Nq = 	16	0.0466945	0.0848177	0.0466945	0.0466945	0.0848177	0.119254	0.0848177	0.0848177	0.119254	0.151827	0.119254	0.0466945	0.0848177	0.119254	0.0848177
Sq = 	5.69557e-20	0.404666	0.645536	0.404666	0.404666	0.645536	0.975908	0.645536	0.645536	0.975908	5.27996	0.975908	0.404666	0.645536	0.975908	0.645536
12 rounds of non-Gaussian ED iteration : ground-state energy is -38.9953 | electron energy -38.9991 + phonon energy 0.00374226 | electron momentum kIdx = 0
Nq = 	16	0.0466941	0.0848169	0.0466941	0.0466941	0.0848169	0.119253	0.0848169	0.0848169	0.119253	0.151826	0.119253	0.0466941	0.0848169	0.119253	0.0848169
Sq = 	-8.02054e-19	0.404666	0.645536	0.404666	0.404666	0.645536	0.97591	0.645536	0.645536	0.97591	5.27997	0.97591	0.404666	0.645536	0.97591	0.645536
13 rounds of non-Gaussian ED iteration : ground-state energy is -39.0419 | electron energy -39.0456 + phonon energy 0.00372598 | electron momentum kIdx = 0
Nq = 	16	0.0466937	0.0848163	0.0466937	0.0466937	0.0848163	0.119253	0.0848163	0.0848163	0.119253	0.151825	0.119253	0.0466937	0.0848163	0.119253	0.0848163
Sq = 	1.26652e-20	0.404666	0.645536	0.404666	0.404666	0.645536	0.975911	0.645536	0.645536	0.975911	5.27997	0.975911	0.404666	0.645536	0.975911	0.645536
14 rounds of non-Gaussian ED iteration : ground-state energy is -39.0801 | electron energy -39.0838 + phonon energy 0.00371256 | electron momentum kIdx = 0
Nq = 	16	0.0466934	0.0848158	0.0466934	0.0466934	0.0848158	0.119252	0.0848158	0.0848158	0.119252	0.151824	0.119252	0.0466934	0.0848158	0.119252	0.0848158
Sq = 	-3.11379e-19	0.404665	0.645536	0.404665	0.404665	0.645536	0.975911	0.645536	0.645536	0.975911	5.27998	0.975911	0.404665	0.645536	0.975911	0.645536
15 rounds of non-Gaussian ED iteration : ground-state energy is -39.1113 | electron energy -39.115 + phonon energy 0.00370148 | electron momentum kIdx = 0
Nq = 	16	0.0466931	0.0848153	0.0466931	0.0466931	0.0848153	0.119251	0.0848153	0.0848153	0.119251	0.151823	0.119251	0.0466931	0.0848153	0.119251	0.0848153
Sq = 	1.25302e-18	0.404665	0.645536	0.404665	0.404665	0.645536	0.975912	0.645536	0.645536	0.975912	5.27998	0.975912	0.404665	0.645536	0.975912	0.645536
16 rounds of non-Gaussian ED iteration : ground-state energy is -39.1369 | electron energy -39.1406 + phonon energy 0.00369234 | electron momentum kIdx = 0
Nq = 	16	0.0466929	0.084815	0.0466929	0.0466929	0.084815	0.119251	0.084815	0.084815	0.119251	0.151823	0.119251	0.0466929	0.084815	0.119251	0.084815
Sq = 	1.39032e-20	0.404665	0.645536	0.404665	0.404665	0.645536	0.975913	0.645536	0.645536	0.975913	5.27998	0.975913	0.404665	0.645536	0.975913	0.645536
17 rounds of non-Gaussian ED iteration : ground-state energy is -39.1578 | electron energy -39.1615 + phonon energy 0.00368479 | electron momentum kIdx = 0
Nq = 	16	0.0466927	0.0848147	0.0466927	0.0466927	0.0848147	0.11925	0.0848147	0.0848147	0.11925	0.151822	0.11925	0.0466927	0.0848147	0.11925	0.0848147
Sq = 	1.27042e-18	0.404665	0.645536	0.404665	0.404665	0.645536	0.975913	0.645536	0.645536	0.975913	5.27999	0.975913	0.404665	0.645536	0.975913	0.645536
18 rounds of non-Gaussian ED iteration : ground-state energy is -39.1749 | electron energy -39.1786 + phonon energy 0.00367856 | electron momentum kIdx = 0
Nq = 	16	0.0466926	0.0848145	0.0466926	0.0466926	0.0848145	0.11925	0.0848145	0.0848145	0.11925	0.151822	0.11925	0.0466926	0.0848145	0.11925	0.0848145
Sq = 	3.03409e-19	0.404665	0.645536	0.404665	0.404665	0.645536	0.975913	0.645536	0.645536	0.975913	5.27999	0.975913	0.404665	0.645536	0.975913	0.645536
19 rounds of non-Gaussian ED iteration : ground-state energy is -39.189 | electron energy -39.1927 + phonon energy 0.00367341 | electron momentum kIdx = 0
Nq = 	16	0.0466925	0.0848143	0.0466925	0.0466925	0.0848143	0.11925	0.0848143	0.0848143	0.11925	0.151821	0.11925	0.0466925	0.0848143	0.11925	0.0848143
Sq = 	-1.54385e-18	0.404665	0.645536	0.404665	0.404665	0.645536	0.975914	0.645536	0.645536	0.975914	5.27999	0.975914	0.404665	0.645536	0.975914	0.645536
20 rounds of non-Gaussian ED iteration : ground-state energy is -39.2005 | electron energy -39.2041 + phonon energy 0.00366916 | electron momentum kIdx = 0
Nq = 	16	0.0466924	0.0848141	0.0466924	0.0466924	0.0848141	0.11925	0.0848141	0.0848141	0.11925	0.151821	0.11925	0.0466924	0.0848141	0.11925	0.0848141
Sq = 	-6.86919e-19	0.404665	0.645536	0.404665	0.404665	0.645536	0.975914	0.645536	0.645536	0.975914	5.27999	0.975914	0.404665	0.645536	0.975914	0.645536
21 rounds of non-Gaussian ED iteration : ground-state energy is -39.2099 | electron energy -39.2135 + phonon energy 0.00366565 | electron momentum kIdx = 0
Nq = 	16	0.0466923	0.084814	0.0466923	0.0466923	0.084814	0.119249	0.084814	0.084814	0.119249	0.151821	0.119249	0.0466923	0.084814	0.119249	0.084814
Sq = 	-7.35359e-19	0.404665	0.645536	0.404665	0.404665	0.645536	0.975914	0.645536	0.645536	0.975914	5.27999	0.975914	0.404665	0.645536	0.975914	0.645536
22 rounds of non-Gaussian ED iteration : ground-state energy is -39.2176 | electron energy -39.2212 + phonon energy 0.00366275 | electron momentum kIdx = 0
Nq = 	16	0.0466922	0.0848139	0.0466922	0.0466922	0.0848139	0.119249	0.0848139	0.0848139	0.119249	0.151821	0.119249	0.0466922	0.0848139	0.119249	0.0848139
Sq = 	-2.17125e-19	0.404665	0.645536	0.404665	0.404665	0.645536	0.975914	0.645536	0.645536	0.975914	5.28	0.975914	0.404665	0.645536	0.975914	0.645536
23 rounds of non-Gaussian ED iteration : ground-state energy is -39.2239 | electron energy -39.2275 + phonon energy 0.00366035 | electron momentum kIdx = 0
Nq = 	16	0.0466922	0.0848138	0.0466922	0.0466922	0.0848138	0.119249	0.0848138	0.0848138	0.119249	0.151821	0.119249	0.0466922	0.0848138	0.119249	0.0848138
Sq = 	4.5606e-19	0.404665	0.645536	0.404665	0.404665	0.645536	0.975915	0.645536	0.645536	0.975915	5.28	0.975915	0.404665	0.645536	0.975915	0.645536
24 rounds of non-Gaussian ED iteration : ground-state energy is -39.229 | electron energy -39.2327 + phonon energy 0.00365837 | electron momentum kIdx = 0
Nq = 	16	0.0466921	0.0848137	0.0466921	0.0466921	0.0848137	0.119249	0.0848137	0.0848137	0.119249	0.15182	0.119249	0.0466921	0.0848137	0.119249	0.0848137
Sq = 	-1.78892e-19	0.404665	0.645536	0.404665	0.404665	0.645536	0.975915	0.645536	0.645536	0.975915	5.28	0.975915	0.404665	0.645536	0.975915	0.645536
25 rounds of non-Gaussian ED iteration : ground-state energy is -39.2333 | electron energy -39.2369 + phonon energy 0.00365673 | electron momentum kIdx = 0
Nq = 	16	0.0466921	0.0848136	0.0466921	0.0466921	0.0848136	0.119249	0.0848136	0.0848136	0.119249	0.15182	0.119249	0.0466921	0.0848136	0.119249	0.0848136
Sq = 	3.23818e-19	0.404665	0.645536	0.404665	0.404665	0.645536	0.975915	0.645536	0.645536	0.975915	5.28	0.975915	0.404665	0.645536	0.975915	0.645536
26 rounds of non-Gaussian ED iteration : ground-state energy is -39.2367 | electron energy -39.2404 + phonon energy 0.00365538 | electron momentum kIdx = 0
Nq = 	16	0.0466921	0.0848136	0.0466921	0.0466921	0.0848136	0.119249	0.0848136	0.0848136	0.119249	0.15182	0.119249	0.0466921	0.0848136	0.119249	0.0848136
Sq = 	-4.30246e-19	0.404665	0.645536	0.404665	0.404665	0.645536	0.975915	0.645536	0.645536	0.975915	5.28	0.975915	0.404665	0.645536	0.975915	0.645536
27 rounds of non-Gaussian ED iteration : ground-state energy is -39.2396 | electron energy -39.2432 + phonon energy 0.00365426 | electron momentum kIdx = 0
Nq = 	16	0.046692	0.0848135	0.046692	0.046692	0.0848135	0.119249	0.0848135	0.0848135	0.119249	0.15182	0.119249	0.046692	0.0848135	0.119249	0.0848135
Sq = 	8.70069e-19	0.404665	0.645536	0.404665	0.404665	0.645536	0.975915	0.645536	0.645536	0.975915	5.28	0.975915	0.404665	0.645536	0.975915	0.645536
28 rounds of non-Gaussian ED iteration : ground-state energy is -39.2419 | electron energy -39.2455 + phonon energy 0.00365334 | electron momentum kIdx = 0
Nq = 	16	0.046692	0.0848135	0.046692	0.046692	0.0848135	0.119249	0.0848135	0.0848135	0.119249	0.15182	0.119249	0.046692	0.0848135	0.119249	0.0848135
Sq = 	5.72895e-19	0.404665	0.645536	0.404665	0.404665	0.645536	0.975915	0.645536	0.645536	0.975915	5.28	0.975915	0.404665	0.645536	0.975915	0.645536
29 rounds of non-Gaussian ED iteration : ground-state energy is -39.2438 | electron energy -39.2474 + phonon energy 0.00365258 | electron momentum kIdx = 0
Nq = 	16	0.046692	0.0848135	0.046692	0.046692	0.0848135	0.119249	0.0848135	0.0848135	0.119249	0.15182	0.119249	0.046692	0.0848135	0.119249	0.0848135
Sq = 	1.32342e-19	0.404665	0.645536	0.404665	0.404665	0.645536	0.975915	0.645536	0.645536	0.975915	5.28	0.975915	0.404665	0.645536	0.975915	0.645536
30 rounds of non-Gaussian ED iteration : ground-state energy is -39.2453 | electron energy -39.249 + phonon energy 0.00365195 | electron momentum kIdx = 0
Nq = 	16	0.046692	0.0848135	0.046692	0.046692	0.0848135	0.119249	0.0848135	0.0848135	0.119249	0.15182	0.119249	0.046692	0.0848135	0.119249	0.0848135
Sq = 	-1.26557e-18	0.404665	0.645536	0.404665	0.404665	0.645536	0.975915	0.645536	0.645536	0.975915	5.28	0.975915	0.404665	0.645536	0.975915	0.645536
31 rounds of non-Gaussian ED iteration : ground-state energy is -39.2466 | electron energy -39.2503 + phonon energy 0.00365143 | electron momentum kIdx = 0
Nq = 	16	0.046692	0.0848134	0.046692	0.046692	0.0848134	0.119249	0.0848134	0.0848134	0.119249	0.15182	0.119249	0.046692	0.0848134	0.119249	0.0848134
Sq = 	-5.0207e-19	0.404665	0.645536	0.404665	0.404665	0.645536	0.975915	0.645536	0.645536	0.975915	5.28	0.975915	0.404665	0.645536	0.975915	0.645536
32 rounds of non-Gaussian ED iteration : ground-state energy is -39.2477 | electron energy -39.2513 + phonon energy 0.003651 | electron momentum kIdx = 0
Nq = 	16	0.046692	0.0848134	0.046692	0.046692	0.0848134	0.119249	0.0848134	0.0848134	0.119249	0.15182	0.119249	0.046692	0.0848134	0.119249	0.0848134
Sq = 	1.09819e-18	0.404665	0.645536	0.404665	0.404665	0.645536	0.975915	0.645536	0.645536	0.975915	5.28	0.975915	0.404665	0.645536	0.975915	0.645536
33 rounds of non-Gaussian ED iteration : ground-state energy is -39.2485 | electron energy -39.2522 + phonon energy 0.00365064 | electron momentum kIdx = 0
Nq = 	16	0.0466919	0.0848134	0.0466919	0.0466919	0.0848134	0.119249	0.0848134	0.0848134	0.119249	0.15182	0.119249	0.0466919	0.0848134	0.119249	0.0848134
Sq = 	7.99852e-19	0.404665	0.645536	0.404665	0.404665	0.645536	0.975915	0.645536	0.645536	0.975915	5.28	0.975915	0.404665	0.645536	0.975915	0.645536
34 rounds of non-Gaussian ED iteration : ground-state energy is -39.2492 | electron energy -39.2529 + phonon energy 0.00365035 | electron momentum kIdx = 0
Nq = 	16	0.0466919	0.0848134	0.0466919	0.0466919	0.0848134	0.119249	0.0848134	0.0848134	0.119249	0.15182	0.119249	0.0466919	0.0848134	0.119249	0.0848134
Sq = 	5.73748e-19	0.404665	0.645536	0.404665	0.404665	0.645536	0.975915	0.645536	0.645536	0.975915	5.28	0.975915	0.404665	0.645536	0.975915	0.645536
