SNEDics v3.4 Non-Gaussian ED ground state program		Start at Tue Oct  1 07:54:13 2019

parallized on 16 MPI threads  * 8 OpenMP threads = 128 total threads.
********************************************************************************************************************
********************************************************************************************************************

********************************************************************************************************************
System parameters and configurations
********************************************************************************************************************
Special program options are enabled: splitted diagonal Hamiltonian
********************************************************************************************************************
Read input file "model_params.in"
	Hubbard-Holstein model parameters : 	t = 1    U = 3.6    g = 4.1231    W = 5    
********************************************************************************************************************
Read input file "hilbertspace_params.in"
	Requested 16-site 2D lattice, with 16 electrons (8, 8)
	Boundary : Periodic		Hilbert space representation : momentum-space (restricted to kIdx = 0)
	Conservation: particle number[U(1)]      spin[U(1)]     momentum
********************************************************************************************************************

Cluster Positions:				Cluster symmetry group : D4
 x ... x ... x ... x .....                       x ... x ... x ... x .....
 |           |           :                       |           |           :
 |           |           :                       |           |           :
12    13    14    15     x                       1     5     6     5     x
 |           |           :                       |           |           :
 |           |           :                       |           |           :
 8 --- 9 ---10 ---11 --- x                       2 --- 6 ---10 --- 6 --- x
 |           |           :                       |           |           :
 |           |           :                       |           |           :
 4     5     6     7     x                       1     5     6     5     x
 |           |           :                       |           |           :
 |           |           :                       |           |           :
 0 --- 1 --- 2 --- 3 --- x                       0 --- 1 --- 2 --- 1 --- x
orbital number : 1
********************************************************************************************************************
Read input file "obs_params.in"
	Observable Type : Nq(All),   Sq(All),   N(All),   Delta[s](All),   Delta[d](All),   Delta[s+](All)
********************************************************************************************************************
** WARNING ** the input observables have non-local factors which have been reinterpreted. The total observable number is 96
********************************************************************************************************************


********************************************************************************************************************
Start calculating the non-Gaussian ED ground state
** WARNING ** Detected low phonon energy W < 10. The initial state will be prepared through a warm-up process.
********************************************************************************************************************
Start warm-up calculation for scaling factor 2
open output files: NGSEDWarmUpW10Obs.txt
********************************************************************************************************************
Start the 0 rounds of NGS-ED iteration
	effective electronic model is modified as: kinetic energy t = 1
	                                           effective interaction Vq = [-0,-0,-0,-0,-0,-0,-0,-0,-0,-0,-0,-0,-0,-0,-0,-0]
	first Hamiltonian is constructed, non-zero numbers = 2845383612
	PARPACK diagonalization completed after 90 matrix-vector product operations.
	iteration results: : total energy is -14.385773 | electron energy -14.385773 + phonon energy 0.000000 | electron momentum kIdx = 0
	Nq(0) = 16,	Nq(1) = 0.172641,	Nq(2) = 0.248886,	Nq(3) = 0.172641,	Nq(4) = 0.172641,	Nq(5) = 0.248886,	Nq(6) = 0.340663,	Nq(7) = 0.248886,	Nq(8) = 0.248886,	Nq(9) = 0.340663,	Nq(10) = 0.410476,	Nq(11) = 0.340663,	Nq(12) = 0.172641,	Nq(13) = 0.248886,	Nq(14) = 0.340663,	Nq(15) = 0.248886,	Sq(0) = 2.37865e-18,	Sq(1) = 0.425785,	Sq(2) = 0.620361,	Sq(3) = 0.425785,	Sq(4) = 0.425785,	Sq(5) = 0.620361,	Sq(6) = 0.789086,	Sq(7) = 0.620361,	Sq(8) = 0.620361,	Sq(9) = 0.789086,	Sq(10) = 3.46134,	Sq(11) = 0.789086,	Sq(12) = 0.425785,	Sq(13) = 0.620361,	Sq(14) = 0.789086,	Sq(15) = 0.620361,	N(0) = 1.94341,	N(1) = 1.87257,	N(2) = 1,	N(3) = 1.87257,	N(4) = 1.87257,	N(5) = 1,	N(6) = 0.12743,	N(7) = 1,	N(8) = 1,	N(9) = 0.12743,	N(10) = 0.0565915,	N(11) = 0.12743,	N(12) = 1.87257,	N(13) = 1,	N(14) = 0.12743,	N(15) = 1,	Delta[s](0) = 0.180832,	Delta[s](1) = 0.156305,	Delta[s](2) = 0.124224,	Delta[s](3) = 0.156305,	Delta[s](4) = 0.156305,	Delta[s](5) = 0.124224,	Delta[s](6) = 0.0974272,	Delta[s](7) = 0.124224,	Delta[s](8) = 0.124224,	Delta[s](9) = 0.0974272,	Delta[s](10) = 0.0373981,	Delta[s](11) = 0.0974272,	Delta[s](12) = 0.156305,	Delta[s](13) = 0.124224,	Delta[s](14) = 0.0974272,	Delta[s](15) = 0.124224,	Delta[d](0) = 0.553354,	Delta[d](1) = 0.371489,	Delta[d](2) = 0.30202,	Delta[d](3) = 0.371489,	Delta[d](4) = 0.371489,	Delta[d](5) = 0.324422,	Delta[d](6) = 0.236068,	Delta[d](7) = 0.324422,	Delta[d](8) = 0.30202,	Delta[d](9) = 0.236068,	Delta[d](10) = 0.10367,	Delta[d](11) = 0.236068,	Delta[d](12) = 0.371489,	Delta[d](13) = 0.324422,	Delta[d](14) = 0.236068,	Delta[d](15) = 0.324422,	Delta[s+](0) = 0.579396,	Delta[s+](1) = 0.461531,	Delta[s+](2) = 0.30202,	Delta[s+](3) = 0.461531,	Delta[s+](4) = 0.461531,	Delta[s+](5) = 0.30202,	Delta[s+](6) = 0.149767,	Delta[s+](7) = 0.30202,	Delta[s+](8) = 0.30202,	Delta[s+](9) = 0.149767,	Delta[s+](10) = 0.0362845,	Delta[s+](11) = 0.149767,	Delta[s+](12) = 0.461531,	Delta[s+](13) = 0.30202,	Delta[s+](14) = 0.149767,	Delta[s+](15) = 0.30202
The 0-th iteration is completed.	|| time cost : 0h 8m 31.348s
********************************************************************************************************************
Start the 1 rounds of NGS-ED iteration
	effective electronic model is modified as: kinetic energy t = 0.91461
	                                           effective interaction Vq = [-2.93985,-2.69982,-2.61055,-2.69982,-2.69982,-2.61055,-2.58218,-2.61055,-2.61055,-2.58218,-2.54739,-2.58218,-2.69982,-2.61055,-2.58218,-2.61055]
	PARPACK diagonalization completed after 75 matrix-vector product operations.
	iteration results: : total energy is -76.992287 | electron energy -76.999733 + phonon energy 0.007446 | electron momentum kIdx = 0
The 1-th iteration is completed.	|| time cost : 0h 7m 38.002s
********************************************************************************************************************
Start the 2 rounds of NGS-ED iteration
	effective electronic model is modified as: kinetic energy t = 0.834727
	                                           effective interaction Vq = [-3.33772,-3.22844,-3.20078,-3.22844,-3.22844,-3.20078,-3.13676,-3.20078,-3.20078,-3.13676,-3.17008,-3.13676,-3.22844,-3.20078,-3.13676,-3.20078]
	PARPACK diagonalization completed after 45 matrix-vector product operations.
	iteration results: : total energy is -87.934304 | electron energy -87.993843 + phonon energy 0.059539 | electron momentum kIdx = 0
The 2-th iteration is completed.	|| time cost : 0h 0m 32.066s
********************************************************************************************************************
Start the 3 rounds of NGS-ED iteration
	effective electronic model is modified as: kinetic energy t = 0.801134
	                                           effective interaction Vq = [-3.39156,-3.33068, -3.3086,-3.33068,-3.33068, -3.3086,-3.26647, -3.3086, -3.3086,-3.26647,-3.34095,-3.26647,-3.33068, -3.3086,-3.26647, -3.3086]
	PARPACK diagonalization completed after 45 matrix-vector product operations.
	iteration results: : total energy is -89.624224 | electron energy -89.723668 + phonon energy 0.099444 | electron momentum kIdx = 0
The 3-th iteration is completed.	|| time cost : 0h 0m 32.064s
********************************************************************************************************************
Start the 4 rounds of NGS-ED iteration
	effective electronic model is modified as: kinetic energy t = 0.797229
	                                           effective interaction Vq = [-3.39885,-3.34007,-3.29937,-3.34007,-3.34007,-3.29937,-3.27986,-3.29937,-3.29937,-3.27986,-3.38537,-3.27986,-3.34007,-3.29937,-3.27986,-3.29937]
	PARPACK diagonalization completed after 45 matrix-vector product operations.
	iteration results: : total energy is -89.936776 | electron energy -90.048421 + phonon energy 0.111645 | electron momentum kIdx = 0
The 4-th iteration is completed.	|| time cost : 0h 0m 32.347s
********************************************************************************************************************
Start the 5 rounds of NGS-ED iteration
	effective electronic model is modified as: kinetic energy t = 0.802846
	                                           effective interaction Vq = [-3.39984,-3.32682,-3.26489,-3.32682,-3.32682,-3.26489,-3.26233,-3.26489,-3.26489,-3.26233, -3.3947,-3.26233,-3.32682,-3.26489,-3.26233,-3.26489]
	PARPACK diagonalization completed after 45 matrix-vector product operations.
	iteration results: : total energy is -90.008689 | electron energy -90.119217 + phonon energy 0.110528 | electron momentum kIdx = 0
The 5-th iteration is completed.	|| time cost : 0h 0m 32.092s
********************************************************************************************************************
Start the 6 rounds of NGS-ED iteration
	effective electronic model is modified as: kinetic energy t = 0.808012
	                                           effective interaction Vq = [-3.39997,-3.31192,-3.23699,-3.31192,-3.31192,-3.23699,-3.24336,-3.23699,-3.23699,-3.24336,-3.39698,-3.24336,-3.31192,-3.23699,-3.24336,-3.23699]
	PARPACK diagonalization completed after 30 matrix-vector product operations.
	iteration results: : total energy is -90.028282 | electron energy -90.135180 + phonon energy 0.106898 | electron momentum kIdx = 0
The 6-th iteration is completed.	|| time cost : 0h 0m 27.371s
********************************************************************************************************************
Start the 7 rounds of NGS-ED iteration
	effective electronic model is modified as: kinetic energy t = 0.811421
	                                           effective interaction Vq = [-3.39999,-3.30049,-3.21934,-3.30049,-3.30049,-3.21934,-3.22927,-3.21934,-3.21934,-3.22927,-3.39767,-3.22927,-3.30049,-3.21934,-3.22927,-3.21934]
	PARPACK diagonalization completed after 30 matrix-vector product operations.
	iteration results: : total energy is -90.034163 | electron energy -90.137990 + phonon energy 0.103827 | electron momentum kIdx = 0
The 7-th iteration is completed.	|| time cost : 0h 0m 27.378s
********************************************************************************************************************
Start the 8 rounds of NGS-ED iteration
	effective electronic model is modified as: kinetic energy t = 0.813476
	                                           effective interaction Vq = [-3.39999,-3.29289,-3.20907,-3.29289,-3.29289,-3.20907,-3.22007,-3.20907,-3.20907,-3.22007,-3.39792,-3.22007,-3.29289,-3.20907,-3.22007,-3.20907]
	PARPACK diagonalization completed after 30 matrix-vector product operations.
	iteration results: : total energy is -90.036011 | electron energy -90.137764 + phonon energy 0.101754 | electron momentum kIdx = 0
The 8-th iteration is completed.	|| time cost : 0h 0m 27.339s
********************************************************************************************************************
Start the 9 rounds of NGS-ED iteration
	effective electronic model is modified as: kinetic energy t = 0.814673
	                                           effective interaction Vq = [-3.39999,-3.28818,-3.20325,-3.28818,-3.28818,-3.20325,-3.21444,-3.20325,-3.20325,-3.21444,-3.39802,-3.21444,-3.28818,-3.20325,-3.21444,-3.20325]
	PARPACK diagonalization completed after 30 matrix-vector product operations.
	iteration results: : total energy is -90.036600 | electron energy -90.137073 + phonon energy 0.100473 | electron momentum kIdx = 0
The 9-th iteration is completed.	|| time cost : 0h 0m 27.343s
********************************************************************************************************************
Start the 10 rounds of NGS-ED iteration
	effective electronic model is modified as: kinetic energy t = 0.815358
	                                           effective interaction Vq = [-3.39999,-3.28538,-3.19999,-3.28538,-3.28538,-3.19999, -3.2111,-3.19999,-3.19999, -3.2111,-3.39807, -3.2111,-3.28538,-3.19999, -3.2111,-3.19999]
	PARPACK diagonalization completed after 30 matrix-vector product operations.
	iteration results: : total energy is -90.036789 | electron energy -90.136504 + phonon energy 0.099715 | electron momentum kIdx = 0
	Nq(0) = 16,	Nq(1) = 0.225101,	Nq(2) = 0.312405,	Nq(3) = 0.225101,	Nq(4) = 0.225101,	Nq(5) = 0.312405,	Nq(6) = 0.476736,	Nq(7) = 0.312405,	Nq(8) = 0.312405,	Nq(9) = 0.476736,	Nq(10) = 7.70222,	Nq(11) = 0.476736,	Nq(12) = 0.225101,	Nq(13) = 0.312405,	Nq(14) = 0.476736,	Nq(15) = 0.312405,	Sq(0) = 4.56102e-18,	Sq(1) = 0.153365,	Sq(2) = 0.228042,	Sq(3) = 0.153365,	Sq(4) = 0.153365,	Sq(5) = 0.228042,	Sq(6) = 0.313322,	Sq(7) = 0.228042,	Sq(8) = 0.228042,	Sq(9) = 0.313322,	Sq(10) = 0.381,	Sq(11) = 0.313322,	Sq(12) = 0.153365,	Sq(13) = 0.228042,	Sq(14) = 0.313322,	Sq(15) = 0.228042,	N(0) = 1.92921,	N(1) = 1.82129,	N(2) = 1,	N(3) = 1.82129,	N(4) = 1.82129,	N(5) = 1,	N(6) = 0.178711,	N(7) = 1,	N(8) = 1,	N(9) = 0.178711,	N(10) = 0.070785,	N(11) = 0.178711,	N(12) = 1.82129,	N(13) = 1,	N(14) = 0.178711,	N(15) = 1,	Delta[s](0) = 0.558542,	Delta[s](1) = 0.41834,	Delta[s](2) = 0.385127,	Delta[s](3) = 0.41834,	Delta[s](4) = 0.41834,	Delta[s](5) = 0.385127,	Delta[s](6) = 0.339405,	Delta[s](7) = 0.385127,	Delta[s](8) = 0.385127,	Delta[s](9) = 0.339405,	Delta[s](10) = 0.291717,	Delta[s](11) = 0.339405,	Delta[s](12) = 0.41834,	Delta[s](13) = 0.385127,	Delta[s](14) = 0.339405,	Delta[s](15) = 0.385127,	Delta[d](0) = 0.166921,	Delta[d](1) = 0.149933,	Delta[d](2) = 0.162187,	Delta[d](3) = 0.149933,	Delta[d](4) = 0.149933,	Delta[d](5) = 0.108034,	Delta[d](6) = 0.118967,	Delta[d](7) = 0.108034,	Delta[d](8) = 0.162187,	Delta[d](9) = 0.118967,	Delta[d](10) = 0.0492601,	Delta[d](11) = 0.118967,	Delta[d](12) = 0.149933,	Delta[d](13) = 0.108034,	Delta[d](14) = 0.118967,	Delta[d](15) = 0.108034,	Delta[s+](0) = 0.315729,	Delta[s+](1) = 0.250295,	Delta[s+](2) = 0.162187,	Delta[s+](3) = 0.250295,	Delta[s+](4) = 0.250295,	Delta[s+](5) = 0.162187,	Delta[s+](6) = 0.0728749,	Delta[s+](7) = 0.162187,	Delta[s+](8) = 0.162187,	Delta[s+](9) = 0.0728749,	Delta[s+](10) = 0.0292139,	Delta[s+](11) = 0.0728749,	Delta[s+](12) = 0.250295,	Delta[s+](13) = 0.162187,	Delta[s+](14) = 0.0728749,	Delta[s+](15) = 0.162187
The 10-th iteration is completed.	|| time cost : 0h 4m 24.543s
********************************************************************************************************************
Start the 11 rounds of NGS-ED iteration
	effective electronic model is modified as: kinetic energy t = 0.815748
	                                           effective interaction Vq = [-3.39999,-3.28375,-3.19816,-3.28375,-3.28375,-3.19816,-3.20917,-3.19816,-3.19816,-3.20917,-3.39809,-3.20917,-3.28375,-3.19816,-3.20917,-3.19816]
	PARPACK diagonalization completed after 30 matrix-vector product operations.
	iteration results: : total energy is -90.036849 | electron energy -90.136125 + phonon energy 0.099276 | electron momentum kIdx = 0
The 11-th iteration is completed.	|| time cost : 0h 0m 27.687s
********************************************************************************************************************
Start the 12 rounds of NGS-ED iteration
	effective electronic model is modified as: kinetic energy t = 0.815969
	                                           effective interaction Vq = [-3.39999,-3.28282,-3.19714,-3.28282,-3.28282,-3.19714,-3.20806,-3.19714,-3.19714,-3.20806, -3.3981,-3.20806,-3.28282,-3.19714,-3.20806,-3.19714]
	PARPACK diagonalization completed after 30 matrix-vector product operations.
	iteration results: : total energy is -90.036868 | electron energy -90.135893 + phonon energy 0.099025 | electron momentum kIdx = 0
The 12-th iteration is completed.	|| time cost : 0h 0m 27.297s
********************************************************************************************************************
Start the 13 rounds of NGS-ED iteration
	effective electronic model is modified as: kinetic energy t = 0.816094
	                                           effective interaction Vq = [-3.39999,-3.28228,-3.19656,-3.28228,-3.28228,-3.19656,-3.20743,-3.19656,-3.19656,-3.20743,-3.39811,-3.20743,-3.28228,-3.19656,-3.20743,-3.19656]
	PARPACK diagonalization completed after 30 matrix-vector product operations.
	iteration results: : total energy is -90.036874 | electron energy -90.135756 + phonon energy 0.098882 | electron momentum kIdx = 0
	Nq(0) = 16,	Nq(1) = 0.223707,	Nq(2) = 0.311073,	Nq(3) = 0.223707,	Nq(4) = 0.223707,	Nq(5) = 0.311073,	Nq(6) = 0.474394,	Nq(7) = 0.311073,	Nq(8) = 0.311073,	Nq(9) = 0.474394,	Nq(10) = 7.72772,	Nq(11) = 0.474394,	Nq(12) = 0.223707,	Nq(13) = 0.311073,	Nq(14) = 0.474394,	Nq(15) = 0.311073,	Sq(0) = 1.96993e-18,	Sq(1) = 0.153184,	Sq(2) = 0.227877,	Sq(3) = 0.153184,	Sq(4) = 0.153184,	Sq(5) = 0.227877,	Sq(6) = 0.313147,	Sq(7) = 0.227877,	Sq(8) = 0.227877,	Sq(9) = 0.313147,	Sq(10) = 0.380856,	Sq(11) = 0.313147,	Sq(12) = 0.153184,	Sq(13) = 0.227877,	Sq(14) = 0.313147,	Sq(15) = 0.227877,	N(0) = 1.92913,	N(1) = 1.82071,	N(2) = 1,	N(3) = 1.82071,	N(4) = 1.82071,	N(5) = 1,	N(6) = 0.179288,	N(7) = 1,	N(8) = 1,	N(9) = 0.179288,	N(10) = 0.0708724,	N(11) = 0.179288,	N(12) = 1.82071,	N(13) = 1,	N(14) = 0.179288,	N(15) = 1,	Delta[s](0) = 0.556815,	Delta[s](1) = 0.418483,	Delta[s](2) = 0.385267,	Delta[s](3) = 0.418483,	Delta[s](4) = 0.418483,	Delta[s](5) = 0.385267,	Delta[s](6) = 0.339655,	Delta[s](7) = 0.385267,	Delta[s](8) = 0.385267,	Delta[s](9) = 0.339655,	Delta[s](10) = 0.292314,	Delta[s](11) = 0.339655,	Delta[s](12) = 0.418483,	Delta[s](13) = 0.385267,	Delta[s](14) = 0.339655,	Delta[s](15) = 0.385267,	Delta[d](0) = 0.166453,	Delta[d](1) = 0.14948,	Delta[d](2) = 0.161886,	Delta[d](3) = 0.14948,	Delta[d](4) = 0.14948,	Delta[d](5) = 0.107594,	Delta[d](6) = 0.118494,	Delta[d](7) = 0.107594,	Delta[d](8) = 0.161886,	Delta[d](9) = 0.118494,	Delta[d](10) = 0.0488384,	Delta[d](11) = 0.118494,	Delta[d](12) = 0.14948,	Delta[d](13) = 0.107594,	Delta[d](14) = 0.118494,	Delta[d](15) = 0.107594,	Delta[s+](0) = 0.315658,	Delta[s+](1) = 0.250039,	Delta[s+](2) = 0.161886,	Delta[s+](3) = 0.250039,	Delta[s+](4) = 0.250039,	Delta[s+](5) = 0.161886,	Delta[s+](6) = 0.0725668,	Delta[s+](7) = 0.161886,	Delta[s+](8) = 0.161886,	Delta[s+](9) = 0.0725668,	Delta[s+](10) = 0.0289966,	Delta[s+](11) = 0.0725668,	Delta[s+](12) = 0.250039,	Delta[s+](13) = 0.161886,	Delta[s+](14) = 0.0725668,	Delta[s+](15) = 0.161886
The 13-th iteration is completed.	|| time cost : 0h 4m 26.137s
********************************************************************************************************************
********************************************************************************************************************
Ground state is obtained after 14 iterations. The current ground-state energy is -90.0369, in which electron energy is -90.1358 and phonon energy is 0.0988819
final variational state is: 
	Gamma_x = [      1,1.02335,1.03989,1.02335,1.02335,1.03989,1.06029,1.03989,1.03989,1.06029,1.12785,1.06029,1.02335,1.03989,1.06029,1.03989]
	lambda_q = [0.583094,0.474463,0.440352,0.474463,0.474463,0.440352,0.444199,0.440352,0.440352,0.444199,0.569383,0.444199,0.474463,0.440352,0.444199,0.440352]
********************************************************************************************************************
o___o  ----------------------------------------
| L |	Time since last clock: 0h 0m 0s
A===A	Time since the beginning: 0h 29m 53.02s
***********************************************


********************************************************************************************************************
Warm up runs have been completed. Start calculating W = 5 phonon.
open output files: NGSEDIterationObs.txt
********************************************************************************************************************
Start the 0 rounds of NGS-ED iteration
	effective electronic model is modified as: kinetic energy t = 0.816164
	                                           effective interaction Vq = [-3.10832,-2.78694,-2.66168,-2.78694,-2.78694,-2.66168,-2.67639,-2.66168,-2.66168,-2.67639,-3.07426,-2.67639,-2.78694,-2.66168,-2.67639,-2.66168]
	PARPACK diagonalization completed after 30 matrix-vector product operations.
	iteration results: : total energy is -80.575846 | electron energy -80.625247 + phonon energy 0.049401 | electron momentum kIdx = 0
	Nq(0) = 16,	Nq(1) = 0.199154,	Nq(2) = 0.283152,	Nq(3) = 0.199154,	Nq(4) = 0.199154,	Nq(5) = 0.283152,	Nq(6) = 0.422287,	Nq(7) = 0.283152,	Nq(8) = 0.283152,	Nq(9) = 0.422287,	Nq(10) = 7.90275,	Nq(11) = 0.422287,	Nq(12) = 0.199154,	Nq(13) = 0.283152,	Nq(14) = 0.422287,	Nq(15) = 0.283152,	Sq(0) = 4.70518e-18,	Sq(1) = 0.166183,	Sq(2) = 0.244224,	Sq(3) = 0.166183,	Sq(4) = 0.166183,	Sq(5) = 0.244224,	Sq(6) = 0.341576,	Sq(7) = 0.244224,	Sq(8) = 0.244224,	Sq(9) = 0.341576,	Sq(10) = 0.416194,	Sq(11) = 0.341576,	Sq(12) = 0.166183,	Sq(13) = 0.244224,	Sq(14) = 0.341576,	Sq(15) = 0.244224,	N(0) = 1.94274,	N(1) = 1.83746,	N(2) = 1,	N(3) = 1.83746,	N(4) = 1.83746,	N(5) = 1,	N(6) = 0.162541,	N(7) = 1,	N(8) = 1,	N(9) = 0.162541,	N(10) = 0.0572594,	N(11) = 0.162541,	N(12) = 1.83746,	N(13) = 1,	N(14) = 0.162541,	N(15) = 1,	Delta[s](0) = 0.469901,	Delta[s](1) = 0.401896,	Delta[s](2) = 0.378308,	Delta[s](3) = 0.401896,	Delta[s](4) = 0.401896,	Delta[s](5) = 0.378308,	Delta[s](6) = 0.344791,	Delta[s](7) = 0.378308,	Delta[s](8) = 0.378308,	Delta[s](9) = 0.344791,	Delta[s](10) = 0.317216,	Delta[s](11) = 0.344791,	Delta[s](12) = 0.401896,	Delta[s](13) = 0.378308,	Delta[s](14) = 0.344791,	Delta[s](15) = 0.378308,	Delta[d](0) = 0.165925,	Delta[d](1) = 0.150667,	Delta[d](2) = 0.167237,	Delta[d](3) = 0.150667,	Delta[d](4) = 0.150667,	Delta[d](5) = 0.106296,	Delta[d](6) = 0.117944,	Delta[d](7) = 0.106296,	Delta[d](8) = 0.167237,	Delta[d](9) = 0.117944,	Delta[d](10) = 0.0465261,	Delta[d](11) = 0.117944,	Delta[d](12) = 0.150667,	Delta[d](13) = 0.106296,	Delta[d](14) = 0.117944,	Delta[d](15) = 0.106296,	Delta[s+](0) = 0.342667,	Delta[s+](1) = 0.263108,	Delta[s+](2) = 0.167237,	Delta[s+](3) = 0.263108,	Delta[s+](4) = 0.263108,	Delta[s+](5) = 0.167237,	Delta[s+](6) = 0.0721743,	Delta[s+](7) = 0.167237,	Delta[s+](8) = 0.167237,	Delta[s+](9) = 0.0721743,	Delta[s+](10) = 0.0280089,	Delta[s+](11) = 0.0721743,	Delta[s+](12) = 0.263108,	Delta[s+](13) = 0.167237,	Delta[s+](14) = 0.0721743,	Delta[s+](15) = 0.167237
The 0-th iteration is completed.	|| time cost : 0h 4m 24.188s
********************************************************************************************************************
Start the 1 rounds of NGS-ED iteration
	effective electronic model is modified as: kinetic energy t = 0.795728
	                                           effective interaction Vq = [-3.29269,-2.91498,  -2.759,-2.91498,-2.91498,  -2.759,  -2.775,  -2.759,  -2.759,  -2.775,-3.28254,  -2.775,-2.91498,  -2.759,  -2.775,  -2.759]
	PARPACK diagonalization completed after 30 matrix-vector product operations.
	iteration results: : total energy is -85.205440 | electron energy -85.357625 + phonon energy 0.152185 | electron momentum kIdx = 0
The 1-th iteration is completed.	|| time cost : 0h 0m 27.402s
********************************************************************************************************************
Start the 2 rounds of NGS-ED iteration
	effective electronic model is modified as: kinetic energy t = 0.792357
	                                           effective interaction Vq = [-3.36052,-2.91152,-2.76037,-2.91152,-2.91152,-2.76037,-2.76972,-2.76037,-2.76037,-2.76972,-3.35816,-2.76972,-2.91152,-2.76037,-2.76972,-2.76037]
	PARPACK diagonalization completed after 30 matrix-vector product operations.
	iteration results: : total energy is -86.906370 | electron energy -87.108231 + phonon energy 0.201861 | electron momentum kIdx = 0
The 2-th iteration is completed.	|| time cost : 0h 0m 27.625s
********************************************************************************************************************
Start the 3 rounds of NGS-ED iteration
	effective electronic model is modified as: kinetic energy t = 0.795006
	                                           effective interaction Vq = [-3.38547,-2.87315, -2.7325,-2.87315,-2.87315, -2.7325,-2.73523, -2.7325, -2.7325,-2.73523,-3.38365,-2.73523,-2.87315, -2.7325,-2.73523, -2.7325]
	PARPACK diagonalization completed after 30 matrix-vector product operations.
	iteration results: : total energy is -87.503358 | electron energy -87.721815 + phonon energy 0.218457 | electron momentum kIdx = 0
The 3-th iteration is completed.	|| time cost : 0h 0m 27.373s
********************************************************************************************************************
Start the 4 rounds of NGS-ED iteration
	effective electronic model is modified as: kinetic energy t = 0.798633
	                                           effective interaction Vq = [-3.39465,-2.83442,-2.70274,-2.83442,-2.83442,-2.70274, -2.7003,-2.70274,-2.70274, -2.7003,-3.39241, -2.7003,-2.83442,-2.70274, -2.7003,-2.70274]
	PARPACK diagonalization completed after 30 matrix-vector product operations.
	iteration results: : total energy is -87.710461 | electron energy -87.932650 + phonon energy 0.222188 | electron momentum kIdx = 0
The 4-th iteration is completed.	|| time cost : 0h 0m 29.469s
********************************************************************************************************************
Start the 5 rounds of NGS-ED iteration
	effective electronic model is modified as: kinetic energy t = 0.801746
	                                           effective interaction Vq = [-3.39803,-2.80401,-2.67863,-2.80401,-2.80401,-2.67863,-2.67242,-2.67863,-2.67863,-2.67242,-3.39565,-2.67242,-2.80401,-2.67863,-2.67242,-2.67863]
	PARPACK diagonalization completed after 30 matrix-vector product operations.
	iteration results: : total energy is -87.782805 | electron energy -88.004296 + phonon energy 0.221492 | electron momentum kIdx = 0
The 5-th iteration is completed.	|| time cost : 0h 0m 27.423s
********************************************************************************************************************
Start the 6 rounds of NGS-ED iteration
	effective electronic model is modified as: kinetic energy t = 0.804091
	                                           effective interaction Vq = [-3.39927,-2.78217,-2.66089,-2.78217,-2.78217,-2.66089,-2.65201,-2.66089,-2.66089,-2.65201,-3.39698,-2.65201,-2.78217,-2.66089,-2.65201,-2.66089]
	PARPACK diagonalization completed after 30 matrix-vector product operations.
	iteration results: : total energy is -87.808442 | electron energy -88.027975 + phonon energy 0.219533 | electron momentum kIdx = 0
The 6-th iteration is completed.	|| time cost : 0h 0m 27.69s
********************************************************************************************************************
Start the 7 rounds of NGS-ED iteration
	effective electronic model is modified as: kinetic energy t = 0.805763
	                                           effective interaction Vq = [-3.39972,-2.76709,-2.64839,-2.76709,-2.76709,-2.64839,-2.63766,-2.64839,-2.64839,-2.63766,-3.39756,-2.63766,-2.76709,-2.64839,-2.63766,-2.64839]
	PARPACK diagonalization completed after 30 matrix-vector product operations.
	iteration results: : total energy is -87.817672 | electron energy -88.035166 + phonon energy 0.217494 | electron momentum kIdx = 0
The 7-th iteration is completed.	|| time cost : 0h 0m 27.446s
********************************************************************************************************************
Start the 8 rounds of NGS-ED iteration
	effective electronic model is modified as: kinetic energy t = 0.806923
	                                           effective interaction Vq = [-3.39989,-2.75688, -2.6398,-2.75688,-2.75688, -2.6398, -2.6278, -2.6398, -2.6398, -2.6278,-3.39784, -2.6278,-2.75688, -2.6398, -2.6278, -2.6398]
	PARPACK diagonalization completed after 30 matrix-vector product operations.
	iteration results: : total energy is -87.821042 | electron energy -88.036815 + phonon energy 0.215772 | electron momentum kIdx = 0
The 8-th iteration is completed.	|| time cost : 0h 0m 27.418s
********************************************************************************************************************
Start the 9 rounds of NGS-ED iteration
	effective electronic model is modified as: kinetic energy t = 0.807714
	                                           effective interaction Vq = [-3.39995,-2.75004,-2.63397,-2.75004,-2.75004,-2.63397,-2.62111,-2.63397,-2.63397,-2.62111,-3.39798,-2.62111,-2.75004,-2.63397,-2.62111,-2.63397]
	PARPACK diagonalization completed after 30 matrix-vector product operations.
	iteration results: : total energy is -87.822289 | electron energy -88.036736 + phonon energy 0.214447 | electron momentum kIdx = 0
The 9-th iteration is completed.	|| time cost : 0h 0m 27.357s
********************************************************************************************************************
Start the 10 rounds of NGS-ED iteration
	effective electronic model is modified as: kinetic energy t = 0.808248
	                                           effective interaction Vq = [-3.39998,-2.74549,-2.63006,-2.74549,-2.74549,-2.63006,-2.61662,-2.63006,-2.63006,-2.61662,-3.39805,-2.61662,-2.74549,-2.63006,-2.61662,-2.63006]
	PARPACK diagonalization completed after 30 matrix-vector product operations.
	iteration results: : total energy is -87.822754 | electron energy -88.036232 + phonon energy 0.213478 | electron momentum kIdx = 0
	Nq(0) = 16,	Nq(1) = 0.109525,	Nq(2) = 0.184107,	Nq(3) = 0.109525,	Nq(4) = 0.109525,	Nq(5) = 0.184107,	Nq(6) = 0.264128,	Nq(7) = 0.184107,	Nq(8) = 0.184107,	Nq(9) = 0.264128,	Nq(10) = 10.7219,	Nq(11) = 0.264128,	Nq(12) = 0.109525,	Nq(13) = 0.184107,	Nq(14) = 0.264128,	Nq(15) = 0.184107,	Sq(0) = 3.11149e-18,	Sq(1) = 0.101792,	Sq(2) = 0.169924,	Sq(3) = 0.101792,	Sq(4) = 0.101792,	Sq(5) = 0.169924,	Sq(6) = 0.237924,	Sq(7) = 0.169924,	Sq(8) = 0.169924,	Sq(9) = 0.237924,	Sq(10) = 0.300436,	Sq(11) = 0.237924,	Sq(12) = 0.101792,	Sq(13) = 0.169924,	Sq(14) = 0.237924,	Sq(15) = 0.169924,	N(0) = 1.86882,	N(1) = 1.67204,	N(2) = 1,	N(3) = 1.67204,	N(4) = 1.67204,	N(5) = 1,	N(6) = 0.327957,	N(7) = 1,	N(8) = 1,	N(9) = 0.327957,	N(10) = 0.131184,	N(11) = 0.327957,	N(12) = 1.67204,	N(13) = 1,	N(14) = 0.327957,	N(15) = 1,	Delta[s](0) = 0.472937,	Delta[s](1) = 0.436954,	Delta[s](2) = 0.415481,	Delta[s](3) = 0.436954,	Delta[s](4) = 0.436954,	Delta[s](5) = 0.415481,	Delta[s](6) = 0.393518,	Delta[s](7) = 0.415481,	Delta[s](8) = 0.415481,	Delta[s](9) = 0.393518,	Delta[s](10) = 0.372864,	Delta[s](11) = 0.393518,	Delta[s](12) = 0.436954,	Delta[s](13) = 0.415481,	Delta[s](14) = 0.393518,	Delta[s](15) = 0.415481,	Delta[d](0) = 0.109415,	Delta[d](1) = 0.0977331,	Delta[d](2) = 0.120084,	Delta[d](3) = 0.0977331,	Delta[d](4) = 0.0977331,	Delta[d](5) = 0.0672574,	Delta[d](6) = 0.0709573,	Delta[d](7) = 0.0672574,	Delta[d](8) = 0.120084,	Delta[d](9) = 0.0709573,	Delta[d](10) = 0.0249908,	Delta[d](11) = 0.0709573,	Delta[d](12) = 0.0977331,	Delta[d](13) = 0.0672574,	Delta[d](14) = 0.0709573,	Delta[d](15) = 0.0672574,	Delta[s+](0) = 0.274239,	Delta[s+](1) = 0.199856,	Delta[s+](2) = 0.120084,	Delta[s+](3) = 0.199856,	Delta[s+](4) = 0.199856,	Delta[s+](5) = 0.120084,	Delta[s+](6) = 0.0473003,	Delta[s+](7) = 0.120084,	Delta[s+](8) = 0.120084,	Delta[s+](9) = 0.0473003,	Delta[s+](10) = 0.0168639,	Delta[s+](11) = 0.0473003,	Delta[s+](12) = 0.199856,	Delta[s+](13) = 0.120084,	Delta[s+](14) = 0.0473003,	Delta[s+](15) = 0.120084
The 10-th iteration is completed.	|| time cost : 0h 4m 20.683s
********************************************************************************************************************
Start the 11 rounds of NGS-ED iteration
	effective electronic model is modified as: kinetic energy t = 0.808606
	                                           effective interaction Vq = [-3.39999,-2.74248,-2.62744,-2.74248,-2.74248,-2.62744,-2.61362,-2.62744,-2.62744,-2.61362,-3.39808,-2.61362,-2.74248,-2.62744,-2.61362,-2.62744]
	PARPACK diagonalization completed after 30 matrix-vector product operations.
	iteration results: : total energy is -87.822930 | electron energy -88.035721 + phonon energy 0.212791 | electron momentum kIdx = 0
The 11-th iteration is completed.	|| time cost : 0h 0m 27.704s
********************************************************************************************************************
Start the 12 rounds of NGS-ED iteration
	effective electronic model is modified as: kinetic energy t = 0.808845
	                                           effective interaction Vq = [-3.39999,-2.74049,-2.62571,-2.74049,-2.74049,-2.62571,-2.61163,-2.62571,-2.62571,-2.61163, -3.3981,-2.61163,-2.74049,-2.62571,-2.61163,-2.62571]
	PARPACK diagonalization completed after 30 matrix-vector product operations.
	iteration results: : total energy is -87.822996 | electron energy -88.035312 + phonon energy 0.212316 | electron momentum kIdx = 0
The 12-th iteration is completed.	|| time cost : 0h 0m 27.357s
********************************************************************************************************************
Start the 13 rounds of NGS-ED iteration
	effective electronic model is modified as: kinetic energy t = 0.809003
	                                           effective interaction Vq = [-3.39999,-2.73918,-2.62456,-2.73918,-2.73918,-2.62456,-2.61031,-2.62456,-2.62456,-2.61031,-3.39811,-2.61031,-2.73918,-2.62456,-2.61031,-2.62456]
	PARPACK diagonalization completed after 30 matrix-vector product operations.
	iteration results: : total energy is -87.823022 | electron energy -88.035012 + phonon energy 0.211990 | electron momentum kIdx = 0
The 13-th iteration is completed.	|| time cost : 0h 0m 27.676s
********************************************************************************************************************
Start the 14 rounds of NGS-ED iteration
	effective electronic model is modified as: kinetic energy t = 0.809109
	                                           effective interaction Vq = [-3.39999,-2.73831, -2.6238,-2.73831,-2.73831, -2.6238,-2.60943, -2.6238, -2.6238,-2.60943,-3.39812,-2.60943,-2.73831, -2.6238,-2.60943, -2.6238]
	PARPACK diagonalization completed after 30 matrix-vector product operations.
	iteration results: : total energy is -87.823032 | electron energy -88.034802 + phonon energy 0.211770 | electron momentum kIdx = 0
The 14-th iteration is completed.	|| time cost : 0h 0m 27.337s
********************************************************************************************************************
Start the 15 rounds of NGS-ED iteration
	effective electronic model is modified as: kinetic energy t = 0.809178
	                                           effective interaction Vq = [-3.39999,-2.73774,-2.62329,-2.73774,-2.73774,-2.62329,-2.60885,-2.62329,-2.62329,-2.60885,-3.39812,-2.60885,-2.73774,-2.62329,-2.60885,-2.62329]
	PARPACK diagonalization completed after 30 matrix-vector product operations.
	iteration results: : total energy is -87.823036 | electron energy -88.034658 + phonon energy 0.211623 | electron momentum kIdx = 0
The 15-th iteration is completed.	|| time cost : 0h 0m 27.328s
********************************************************************************************************************
Start the 16 rounds of NGS-ED iteration
	effective electronic model is modified as: kinetic energy t = 0.809224
	                                           effective interaction Vq = [-3.39999,-2.73737,-2.62296,-2.73737,-2.73737,-2.62296,-2.60847,-2.62296,-2.62296,-2.60847,-3.39812,-2.60847,-2.73737,-2.62296,-2.60847,-2.62296]
	PARPACK diagonalization completed after 30 matrix-vector product operations.
	iteration results: : total energy is -87.823037 | electron energy -88.034561 + phonon energy 0.211524 | electron momentum kIdx = 0
The 16-th iteration is completed.	|| time cost : 0h 0m 27.384s
********************************************************************************************************************
Start the 17 rounds of NGS-ED iteration
	effective electronic model is modified as: kinetic energy t = 0.809254
	                                           effective interaction Vq = [-3.39999,-2.73712,-2.62274,-2.73712,-2.73712,-2.62274,-2.60822,-2.62274,-2.62274,-2.60822,-3.39812,-2.60822,-2.73712,-2.62274,-2.60822,-2.62274]
	PARPACK diagonalization completed after 30 matrix-vector product operations.
	iteration results: : total energy is -87.823038 | electron energy -88.034496 + phonon energy 0.211459 | electron momentum kIdx = 0
The 17-th iteration is completed.	|| time cost : 0h 0m 27.385s
********************************************************************************************************************
Start the 18 rounds of NGS-ED iteration
	effective electronic model is modified as: kinetic energy t = 0.809274
	                                           effective interaction Vq = [-3.39999,-2.73696, -2.6226,-2.73696,-2.73696, -2.6226,-2.60806, -2.6226, -2.6226,-2.60806,-3.39812,-2.60806,-2.73696, -2.6226,-2.60806, -2.6226]
	PARPACK diagonalization completed after 30 matrix-vector product operations.
	iteration results: : total energy is -87.823038 | electron energy -88.034453 + phonon energy 0.211415 | electron momentum kIdx = 0
The 18-th iteration is completed.	|| time cost : 0h 0m 27.657s
********************************************************************************************************************
Start the 19 rounds of NGS-ED iteration
	effective electronic model is modified as: kinetic energy t = 0.809287
	                                           effective interaction Vq = [-3.39999,-2.73685, -2.6225,-2.73685,-2.73685, -2.6225,-2.60795, -2.6225, -2.6225,-2.60795,-3.39812,-2.60795,-2.73685, -2.6225,-2.60795, -2.6225]
	PARPACK diagonalization completed after 30 matrix-vector product operations.
	iteration results: : total energy is -87.823038 | electron energy -88.034424 + phonon energy 0.211386 | electron momentum kIdx = 0
The 19-th iteration is completed.	|| time cost : 0h 0m 27.677s
********************************************************************************************************************
Start the 20 rounds of NGS-ED iteration
	effective electronic model is modified as: kinetic energy t = 0.809296
	                                           effective interaction Vq = [-3.39999,-2.73678,-2.62244,-2.73678,-2.73678,-2.62244,-2.60788,-2.62244,-2.62244,-2.60788,-3.39812,-2.60788,-2.73678,-2.62244,-2.60788,-2.62244]
	PARPACK diagonalization completed after 30 matrix-vector product operations.
	iteration results: : total energy is -87.823038 | electron energy -88.034405 + phonon energy 0.211367 | electron momentum kIdx = 0
