TACC:  Starting up job 4187726 
TACC:  Starting parallel tasks... 
SNEDics v3.4 Non-Gaussian ED ground state program		Start at Sun Aug 18 16:02:34 2019

parallized on 32 MPI threads  * 6 OpenMP threads = 192 total threads.
********************************************************************************************************************
********************************************************************************************************************

********************************************************************************************************************
System parameters and configurations
********************************************************************************************************************
Special program options are enabled: splitted diagonal Hamiltonian
********************************************************************************************************************
Read input file "model_params.in"
	Hubbard-Holstein model parameters : 	t = 1    U = 2.5    g = 4.4721    W = 5    
********************************************************************************************************************
Read input file "hilbertspace_params.in"
	Requested 16-site 2D lattice, with 16 electrons (8, 8)
	Boundary : Periodic		Hilbert space representation : momentum-space (restricted to kIdx = 10)
	Conservation: particle number[U(1)]      spin[U(1)]     momentum
********************************************************************************************************************

Cluster Positions:				Cluster symmetry group : D4
 x ... x ... x ... x .....                       x ... x ... x ... x .....
 |           |           :                       |           |           :
 |           |           :                       |           |           :
12    13    14    15     x                       1     5     6     5     x
 |           |           :                       |           |           :
 |           |           :                       |           |           :
 8 --- 9 ---10 ---11 --- x                       2 --- 6 ---10 --- 6 --- x
 |           |           :                       |           |           :
 |           |           :                       |           |           :
 4     5     6     7     x                       1     5     6     5     x
 |           |           :                       |           |           :
 |           |           :                       |           |           :
 0 --- 1 --- 2 --- 3 --- x                       0 --- 1 --- 2 --- 1 --- x
orbital number : 1
********************************************************************************************************************
Read input file "obs_params.in"
	Observable Type : Nq[All],   Sq[All],   N[All]
********************************************************************************************************************
** WARNING ** the input observables have non-local factors which have been reinterpreted. The total observable number is 48
********************************************************************************************************************


********************************************************************************************************************
Start calculating the non-Gaussian ED ground state
Input file varState.txt exists. Start iterations from it.
open output files: NGSEDIterationObs.txt
Start the 0 rounds of NGS-ED iteration
	effective electronic model is modified as: kinetic energy t = 0.842367
	                                           effective interaction Vq = [-3.99994,-2.51326,-2.47113,-2.51326,-2.51326,-2.47113, -2.4506,-2.47113,-2.47113, -2.4506,-3.99922, -2.4506,-2.51326,-2.47113, -2.4506,-2.47113]
	first Hamiltonian is constructed, non-zero numbers = 12310659360
	PARPACK diagonalization completed after 45 matrix-vector product operations.
	iteration results: : total energy is -113.127436 | electron energy -113.247523 + phonon energy 0.120088 | electron momentum kIdx = 10
	Nq(0) = 16,	Nq(1) = 0.0394541,	Nq(2) = 0.0750952,	Nq(3) = 0.0394541,	Nq(4) = 0.0394541,	Nq(5) = 0.0750952,	Nq(6) = 0.109281,	Nq(7) = 0.0750952,	Nq(8) = 0.0750952,	Nq(9) = 0.109281,	Nq(10) = 13.8096,	Nq(11) = 0.109281,	Nq(12) = 0.0394541,	Nq(13) = 0.0750952,	Nq(14) = 0.109281,	Nq(15) = 0.0750952,	Sq(0) = 3.02974e-19,	Sq(1) = 0.0386211,	Sq(2) = 0.0726888,	Sq(3) = 0.0386211,	Sq(4) = 0.0386211,	Sq(5) = 0.0726888,	Sq(6) = 0.104691,	Sq(7) = 0.0726888,	Sq(8) = 0.0726888,	Sq(9) = 0.104691,	Sq(10) = 0.135468,	Sq(11) = 0.104691,	Sq(12) = 0.0386211,	Sq(13) = 0.0726888,	Sq(14) = 0.104691,	Sq(15) = 0.0726888,	N(0) = 1.66452,	N(1) = 1.41033,	N(2) = 1,	N(3) = 1.41033,	N(4) = 1.41033,	N(5) = 1,	N(6) = 0.589673,	N(7) = 1,	N(8) = 1,	N(9) = 0.589673,	N(10) = 0.335481,	N(11) = 0.589673,	N(12) = 1.41033,	N(13) = 1,	N(14) = 0.589673,	N(15) = 1
The 0-th iteration is completed.	|| time cost : 0h 5m 21.472s
********************************************************************************************************************
Start the 1 rounds of NGS-ED iteration
	effective electronic model is modified as: kinetic energy t = 0.842367
	                                           effective interaction Vq = [-3.99994,-2.51326,-2.47112,-2.51326,-2.51326,-2.47112,-2.45059,-2.47112,-2.47112,-2.45059,-3.99922,-2.45059,-2.51326,-2.47112,-2.45059,-2.47112]
	PARPACK diagonalization completed after 30 matrix-vector product operations.
	iteration results: : total energy is -113.127436 | electron energy -113.247523 + phonon energy 0.120087 | electron momentum kIdx = 10
The 1-th iteration is completed.	|| time cost : 0h 0m 23.66s
********************************************************************************************************************
Start the 2 rounds of NGS-ED iteration
	effective electronic model is modified as: kinetic energy t = 0.842367
	                                           effective interaction Vq = [-3.99994,-2.51325,-2.47112,-2.51325,-2.51325,-2.47112,-2.45058,-2.47112,-2.47112,-2.45058,-3.99922,-2.45058,-2.51325,-2.47112,-2.45058,-2.47112]
	PARPACK diagonalization completed after 30 matrix-vector product operations.
	iteration results: : total energy is -113.127436 | electron energy -113.247523 + phonon energy 0.120087 | electron momentum kIdx = 10
The 2-th iteration is completed.	|| time cost : 0h 0m 23.684s
********************************************************************************************************************
Start the 3 rounds of NGS-ED iteration
	effective electronic model is modified as: kinetic energy t = 0.842367
	                                           effective interaction Vq = [-3.99994,-2.51325,-2.47111,-2.51325,-2.51325,-2.47111,-2.45058,-2.47111,-2.47111,-2.45058,-3.99922,-2.45058,-2.51325,-2.47111,-2.45058,-2.47111]
	PARPACK diagonalization completed after 30 matrix-vector product operations.
	iteration results: : total energy is -113.127436 | electron energy -113.247523 + phonon energy 0.120087 | electron momentum kIdx = 10
The 3-th iteration is completed.	|| time cost : 0h 0m 22.186s
********************************************************************************************************************
Start the 4 rounds of NGS-ED iteration
	effective electronic model is modified as: kinetic energy t = 0.842368
	                                           effective interaction Vq = [-3.99994,-2.51325,-2.47111,-2.51325,-2.51325,-2.47111,-2.45058,-2.47111,-2.47111,-2.45058,-3.99922,-2.45058,-2.51325,-2.47111,-2.45058,-2.47111]
	PARPACK diagonalization completed after 30 matrix-vector product operations.
	iteration results: : total energy is -113.127436 | electron energy -113.247523 + phonon energy 0.120087 | electron momentum kIdx = 10
The 4-th iteration is completed.	|| time cost : 0h 0m 20.298s
********************************************************************************************************************
Start the 5 rounds of NGS-ED iteration
	effective electronic model is modified as: kinetic energy t = 0.842368
	                                           effective interaction Vq = [-3.99994,-2.51325,-2.47111,-2.51325,-2.51325,-2.47111,-2.45058,-2.47111,-2.47111,-2.45058,-3.99922,-2.45058,-2.51325,-2.47111,-2.45058,-2.47111]
	PARPACK diagonalization completed after 30 matrix-vector product operations.
	iteration results: : total energy is -113.127436 | electron energy -113.247523 + phonon energy 0.120087 | electron momentum kIdx = 10
The 5-th iteration is completed.	|| time cost : 0h 0m 20.393s
********************************************************************************************************************
Start the 6 rounds of NGS-ED iteration
	effective electronic model is modified as: kinetic energy t = 0.842368
	                                           effective interaction Vq = [-3.99994,-2.51325,-2.47111,-2.51325,-2.51325,-2.47111,-2.45058,-2.47111,-2.47111,-2.45058,-3.99922,-2.45058,-2.51325,-2.47111,-2.45058,-2.47111]
	PARPACK diagonalization completed after 30 matrix-vector product operations.
	iteration results: : total energy is -113.127436 | electron energy -113.247523 + phonon energy 0.120087 | electron momentum kIdx = 10
The 6-th iteration is completed.	|| time cost : 0h 0m 20.337s
********************************************************************************************************************
Start the 7 rounds of NGS-ED iteration
	effective electronic model is modified as: kinetic energy t = 0.842368
	                                           effective interaction Vq = [-3.99994,-2.51325,-2.47111,-2.51325,-2.51325,-2.47111,-2.45058,-2.47111,-2.47111,-2.45058,-3.99922,-2.45058,-2.51325,-2.47111,-2.45058,-2.47111]
	PARPACK diagonalization completed after 30 matrix-vector product operations.
	iteration results: : total energy is -113.127436 | electron energy -113.247523 + phonon energy 0.120087 | electron momentum kIdx = 10
The 7-th iteration is completed.	|| time cost : 0h 0m 20.378s
********************************************************************************************************************
Start the 8 rounds of NGS-ED iteration
	effective electronic model is modified as: kinetic energy t = 0.842368
	                                           effective interaction Vq = [-3.99994,-2.51325,-2.47111,-2.51325,-2.51325,-2.47111,-2.45058,-2.47111,-2.47111,-2.45058,-3.99922,-2.45058,-2.51325,-2.47111,-2.45058,-2.47111]
	PARPACK diagonalization completed after 30 matrix-vector product operations.
	iteration results: : total energy is -113.127436 | electron energy -113.247523 + phonon energy 0.120087 | electron momentum kIdx = 10
	Nq(0) = 16,	Nq(1) = 0.0394539,	Nq(2) = 0.0750947,	Nq(3) = 0.0394539,	Nq(4) = 0.0394539,	Nq(5) = 0.0750947,	Nq(6) = 0.109281,	Nq(7) = 0.0750947,	Nq(8) = 0.0750947,	Nq(9) = 0.109281,	Nq(10) = 13.8096,	Nq(11) = 0.109281,	Nq(12) = 0.0394539,	Nq(13) = 0.0750947,	Nq(14) = 0.109281,	Nq(15) = 0.0750947,	Sq(0) = -4.54809e-21,	Sq(1) = 0.0386208,	Sq(2) = 0.0726884,	Sq(3) = 0.0386208,	Sq(4) = 0.0386208,	Sq(5) = 0.0726884,	Sq(6) = 0.104691,	Sq(7) = 0.0726884,	Sq(8) = 0.0726884,	Sq(9) = 0.104691,	Sq(10) = 0.135467,	Sq(11) = 0.104691,	Sq(12) = 0.0386208,	Sq(13) = 0.0726884,	Sq(14) = 0.104691,	Sq(15) = 0.0726884,	N(0) = 1.66452,	N(1) = 1.41033,	N(2) = 1,	N(3) = 1.41033,	N(4) = 1.41033,	N(5) = 1,	N(6) = 0.589674,	N(7) = 1,	N(8) = 1,	N(9) = 0.589674,	N(10) = 0.335482,	N(11) = 0.589674,	N(12) = 1.41033,	N(13) = 1,	N(14) = 0.589674,	N(15) = 1
The 8-th iteration is completed.	|| time cost : 0h 0m 53.821s
********************************************************************************************************************
********************************************************************************************************************
Ground state is obtained after 9 iterations. The current ground-state energy is -113.127, in which electron energy is -113.248 and phonon energy is 0.120087
final variational state is: 
	Gamma_x = [      1,1.01514,1.02876,1.01514,1.01514,1.02876,1.04194,1.02876,1.02876,1.04194,1.33392,1.04194,1.01514,1.02876,1.04194,1.02876]
	lambda_q = [0.894419,0.349133, 0.34146,0.349133,0.349133, 0.34146,0.337759, 0.34146, 0.34146,0.337759,0.882434,0.337759,0.349133, 0.34146,0.337759, 0.34146]
********************************************************************************************************************
o___o  ----------------------------------------
| L |	Time since last clock: 0h 0m 0s
A===A	Time since the beginning: 0h 8m 46.233s
***********************************************


Non-Gaussina ED ground state calculation is completed. The final ground-state energy is -113.127
********************************************************************************************************************
o___o  ----------------------------------------
| L |	Time since last clock: 0h 0m 0.001s
A===A	Time since the beginning: 0h 8m 46.234s
***********************************************



********************************************************************************************************************
All non-Gaussian ED ground state calculations have been completed. Exit now.
TACC:  Shutdown complete. Exiting. 
