SNEDics v3.4 Non-Gaussian ED ground state program		Start at Thu Sep 26 01:18:28 2019

parallized on 16 MPI threads  * 8 OpenMP threads = 128 total threads.
********************************************************************************************************************
********************************************************************************************************************

********************************************************************************************************************
System parameters and configurations
********************************************************************************************************************
Special program options are enabled: splitted diagonal Hamiltonian
********************************************************************************************************************
Read input file "model_params.in"
	Hubbard-Holstein model parameters : 	t = 1    U = 6.1    g = 4.1833    W = 5    
********************************************************************************************************************
Read input file "hilbertspace_params.in"
	Requested 16-site 2D lattice, with 14 electrons (7, 7)
	Boundary : Periodic		Hilbert space representation : momentum-space (restricted to kIdx = 0)
	Conservation: particle number[U(1)]      spin[U(1)]     momentum
********************************************************************************************************************

Cluster Positions:				Cluster symmetry group : D4
 x ... x ... x ... x .....                       x ... x ... x ... x .....
 |           |           :                       |           |           :
 |           |           :                       |           |           :
12    13    14    15     x                       1     5     6     5     x
 |           |           :                       |           |           :
 |           |           :                       |           |           :
 8 --- 9 ---10 ---11 --- x                       2 --- 6 ---10 --- 6 --- x
 |           |           :                       |           |           :
 |           |           :                       |           |           :
 4     5     6     7     x                       1     5     6     5     x
 |           |           :                       |           |           :
 |           |           :                       |           |           :
 0 --- 1 --- 2 --- 3 --- x                       0 --- 1 --- 2 --- 1 --- x
orbital number : 1
********************************************************************************************************************
Read input file "obs_params.in"
	Observable Type : Nq(All),   Sq(All),   N(All),   Delta[s](All),   Delta[d](All),   Delta[s+](All)
********************************************************************************************************************
** WARNING ** the input observables have non-local factors which have been reinterpreted. The total observable number is 96
********************************************************************************************************************


********************************************************************************************************************
Start calculating the non-Gaussian ED ground state
** WARNING ** Detected low phonon energy W < 10. The initial state will be prepared through a warm-up process.
********************************************************************************************************************
Start warm-up calculation for scaling factor 2
open output files: NGSEDWarmUpW10Obs.txt
********************************************************************************************************************
Start the 0 rounds of NGS-ED iteration
	effective electronic model is modified as: kinetic energy t = 1
	                                           effective interaction Vq = [-0,-0,-0,-0,-0,-0,-0,-0,-0,-0,-0,-0,-0,-0,-0,-0]
	first Hamiltonian is constructed, non-zero numbers = 2178478298
	PARPACK diagonalization completed after 150 matrix-vector product operations.
	iteration results: : total energy is -13.327999 | electron energy -13.327999 + phonon energy 0.000000 | electron momentum kIdx = 0
	Nq(0) = 12.25,	Nq(1) = 0.174867,	Nq(2) = 0.219294,	Nq(3) = 0.174867,	Nq(4) = 0.174867,	Nq(5) = 0.245209,	Nq(6) = 0.285757,	Nq(7) = 0.245209,	Nq(8) = 0.219294,	Nq(9) = 0.285757,	Nq(10) = 0.333915,	Nq(11) = 0.285757,	Nq(12) = 0.174867,	Nq(13) = 0.245209,	Nq(14) = 0.285757,	Nq(15) = 0.245209,	Sq(0) = 4.87494e-18,	Sq(1) = 0.474354,	Sq(2) = 0.730058,	Sq(3) = 0.474354,	Sq(4) = 0.474354,	Sq(5) = 0.612973,	Sq(6) = 0.968801,	Sq(7) = 0.612973,	Sq(8) = 0.730058,	Sq(9) = 0.968801,	Sq(10) = 2.46953,	Sq(11) = 0.968801,	Sq(12) = 0.474354,	Sq(13) = 0.612973,	Sq(14) = 0.968801,	Sq(15) = 0.612973,	N(0) = 1.83421,	N(1) = 1.70533,	N(2) = 0.22382,	N(3) = 1.70533,	N(4) = 1.70533,	N(5) = 0.99906,	N(6) = 0.197587,	N(7) = 0.99906,	N(8) = 0.22382,	N(9) = 0.197587,	N(10) = 0.110247,	N(11) = 0.197587,	N(12) = 1.70533,	N(13) = 0.99906,	N(14) = 0.197587,	N(15) = 0.99906,	Delta[s](0) = 0.09536,	Delta[s](1) = 0.076254,	Delta[s](2) = 0.0534128,	Delta[s](3) = 0.076254,	Delta[s](4) = 0.076254,	Delta[s](5) = 0.0609498,	Delta[s](6) = 0.0385149,	Delta[s](7) = 0.0609498,	Delta[s](8) = 0.0534128,	Delta[s](9) = 0.0385149,	Delta[s](10) = 0.0178565,	Delta[s](11) = 0.0385149,	Delta[s](12) = 0.076254,	Delta[s](13) = 0.0609498,	Delta[s](14) = 0.0385149,	Delta[s](15) = 0.0609498,	Delta[d](0) = 0.256782,	Delta[d](1) = 0.182371,	Delta[d](2) = 0.195458,	Delta[d](3) = 0.182371,	Delta[d](4) = 0.182371,	Delta[d](5) = 0.174,	Delta[d](6) = 0.130288,	Delta[d](7) = 0.174,	Delta[d](8) = 0.195458,	Delta[d](9) = 0.130288,	Delta[d](10) = 0.0521009,	Delta[d](11) = 0.130288,	Delta[d](12) = 0.182371,	Delta[d](13) = 0.174,	Delta[d](14) = 0.130288,	Delta[d](15) = 0.174,	Delta[s+](0) = 0.561661,	Delta[s+](1) = 0.418643,	Delta[s+](2) = 0.195458,	Delta[s+](3) = 0.418643,	Delta[s+](4) = 0.418643,	Delta[s+](5) = 0.292782,	Delta[s+](6) = 0.12509,	Delta[s+](7) = 0.292782,	Delta[s+](8) = 0.195458,	Delta[s+](9) = 0.12509,	Delta[s+](10) = 0.0391077,	Delta[s+](11) = 0.12509,	Delta[s+](12) = 0.418643,	Delta[s+](13) = 0.292782,	Delta[s+](14) = 0.12509,	Delta[s+](15) = 0.292782
The 0-th iteration is completed.	|| time cost : 0h 6m 27.101s
********************************************************************************************************************
Start the 1 rounds of NGS-ED iteration
	effective electronic model is modified as: kinetic energy t = 0.911761
	                                           effective interaction Vq = [-3.02633,-2.81158,-2.68738,-2.81158,-2.81158,-2.72296,-2.63966,-2.72296,-2.68738,-2.63966,-2.58899,-2.63966,-2.81158,-2.72296,-2.63966,-2.72296]
	PARPACK diagonalization completed after 45 matrix-vector product operations.
	iteration results: : total energy is -61.802332 | electron energy -61.808400 + phonon energy 0.006068 | electron momentum kIdx = 0
The 1-th iteration is completed.	|| time cost : 0h 5m 33.217s
********************************************************************************************************************
Start the 2 rounds of NGS-ED iteration
	effective electronic model is modified as: kinetic energy t = 0.848408
	                                           effective interaction Vq = [ -3.4359,-3.29491,-3.15279,-3.29491,-3.29491, -3.2202,-3.15549, -3.2202,-3.15279,-3.15549, -3.0773,-3.15549,-3.29491, -3.2202,-3.15549, -3.2202]
	PARPACK diagonalization completed after 60 matrix-vector product operations.
	iteration results: : total energy is -68.926439 | electron energy -68.980654 + phonon energy 0.054215 | electron momentum kIdx = 0
The 2-th iteration is completed.	|| time cost : 0h 0m 27.529s
********************************************************************************************************************
Start the 3 rounds of NGS-ED iteration
	effective electronic model is modified as: kinetic energy t = 0.818091
	                                           effective interaction Vq = [-3.49132,-3.40502, -3.3883,-3.40502,-3.40502,-3.34183,-3.29503,-3.34183, -3.3883,-3.29503,-3.20747,-3.29503,-3.40502,-3.34183,-3.29503,-3.34183]
	PARPACK diagonalization completed after 120 matrix-vector product operations.
	iteration results: : total energy is -70.270086 | electron energy -70.367305 + phonon energy 0.097219 | electron momentum kIdx = 0
The 3-th iteration is completed.	|| time cost : 0h 0m 41.97s
********************************************************************************************************************
Start the 4 rounds of NGS-ED iteration
	effective electronic model is modified as: kinetic energy t = 0.804441
	                                           effective interaction Vq = [-3.49883,-3.43279,-3.43057,-3.43279,-3.43279,-3.41224,-3.33584,-3.41224,-3.43057,-3.33584,-3.25349,-3.33584,-3.43279,-3.41224,-3.33584,-3.41224]
	PARPACK diagonalization completed after 45 matrix-vector product operations.
	iteration results: : total energy is -70.470738 | electron energy -70.590800 + phonon energy 0.120062 | electron momentum kIdx = 0
The 4-th iteration is completed.	|| time cost : 0h 0m 23.977s
********************************************************************************************************************
Start the 5 rounds of NGS-ED iteration
	effective electronic model is modified as: kinetic energy t = 0.799586
	                                           effective interaction Vq = [-3.49984,-3.44103,-3.44098,-3.44103,-3.44103,-3.43349,-3.34911,-3.43349,-3.44098,-3.34911,-3.26997,-3.34911,-3.44103,-3.43349,-3.34911,-3.43349]
	PARPACK diagonalization completed after 45 matrix-vector product operations.
	iteration results: : total energy is -70.497391 | electron energy -70.627253 + phonon energy 0.129862 | electron momentum kIdx = 0
The 5-th iteration is completed.	|| time cost : 0h 0m 23.997s
********************************************************************************************************************
Start the 6 rounds of NGS-ED iteration
	effective electronic model is modified as: kinetic energy t = 0.797872
	                                           effective interaction Vq = [-3.49998,-3.44371, -3.4437,-3.44371,-3.44371,-3.44054,-3.35371,-3.44054, -3.4437,-3.35371, -3.2763,-3.35371,-3.44371,-3.44054,-3.35371,-3.44054]
	PARPACK diagonalization completed after 45 matrix-vector product operations.
	iteration results: : total energy is -70.500893 | electron energy -70.634473 + phonon energy 0.133580 | electron momentum kIdx = 0
The 6-th iteration is completed.	|| time cost : 0h 0m 24.3s
********************************************************************************************************************
Start the 7 rounds of NGS-ED iteration
	effective electronic model is modified as: kinetic energy t = 0.797265
	                                           effective interaction Vq = [    -3.5,-3.44461,-3.44436,-3.44461,-3.44461,-3.44301,-3.35536,-3.44301,-3.44436,-3.35536,-3.27883,-3.35536,-3.44461,-3.44301,-3.35536,-3.44301]
	PARPACK diagonalization completed after 45 matrix-vector product operations.
	iteration results: : total energy is -70.501355 | electron energy -70.636289 + phonon energy 0.134935 | electron momentum kIdx = 0
The 7-th iteration is completed.	|| time cost : 0h 0m 23.955s
********************************************************************************************************************
Start the 8 rounds of NGS-ED iteration
	effective electronic model is modified as: kinetic energy t = 0.79705
	                                           effective interaction Vq = [    -3.5,-3.44492,-3.44447,-3.44492,-3.44492,-3.44389,-3.35595,-3.44389,-3.44447,-3.35595,-3.27986,-3.35595,-3.44492,-3.44389,-3.35595,-3.44389]
	PARPACK diagonalization completed after 45 matrix-vector product operations.
	iteration results: : total energy is -70.501416 | electron energy -70.636839 + phonon energy 0.135423 | electron momentum kIdx = 0
The 8-th iteration is completed.	|| time cost : 0h 0m 23.981s
********************************************************************************************************************
Start the 9 rounds of NGS-ED iteration
	effective electronic model is modified as: kinetic energy t = 0.796973
	                                           effective interaction Vq = [    -3.5,-3.44503,-3.44447,-3.44503,-3.44503,-3.44422,-3.35617,-3.44422,-3.44447,-3.35617,-3.28029,-3.35617,-3.44503,-3.44422,-3.35617,-3.44422]
	PARPACK diagonalization completed after 30 matrix-vector product operations.
	iteration results: : total energy is -70.501425 | electron energy -70.637024 + phonon energy 0.135599 | electron momentum kIdx = 0
	Nq(0) = 12.25,	Nq(1) = 0.402161,	Nq(2) = 0.776103,	Nq(3) = 0.402161,	Nq(4) = 0.402161,	Nq(5) = 0.775754,	Nq(6) = 0.651355,	Nq(7) = 0.775754,	Nq(8) = 0.776103,	Nq(9) = 0.651355,	Nq(10) = 0.652747,	Nq(11) = 0.651355,	Nq(12) = 0.402161,	Nq(13) = 0.775754,	Nq(14) = 0.651355,	Nq(15) = 0.775754,	Sq(0) = 2.99379e-19,	Sq(1) = 0.326282,	Sq(2) = 0.355352,	Sq(3) = 0.326282,	Sq(4) = 0.326282,	Sq(5) = 0.355355,	Sq(6) = 0.551814,	Sq(7) = 0.355355,	Sq(8) = 0.355352,	Sq(9) = 0.551814,	Sq(10) = 0.583462,	Sq(11) = 0.551814,	Sq(12) = 0.326282,	Sq(13) = 0.355355,	Sq(14) = 0.551814,	Sq(15) = 0.355355,	N(0) = 1.99657,	N(1) = 1.99061,	N(2) = 0.668133,	N(3) = 1.99061,	N(4) = 1.99061,	N(5) = 0.668808,	N(6) = 0.00671956,	N(7) = 0.668808,	N(8) = 0.668133,	N(9) = 0.00671956,	N(10) = 0.00259282,	N(11) = 0.00671956,	N(12) = 1.99061,	N(13) = 0.668808,	N(14) = 0.00671956,	N(15) = 0.668808,	Delta[s](0) = 0.506005,	Delta[s](1) = 0.254896,	Delta[s](2) = 0.218449,	Delta[s](3) = 0.254896,	Delta[s](4) = 0.254896,	Delta[s](5) = 0.218467,	Delta[s](6) = 0.198224,	Delta[s](7) = 0.218467,	Delta[s](8) = 0.218449,	Delta[s](9) = 0.198224,	Delta[s](10) = 0.256762,	Delta[s](11) = 0.198224,	Delta[s](12) = 0.254896,	Delta[s](13) = 0.218467,	Delta[s](14) = 0.198224,	Delta[s](15) = 0.218467,	Delta[d](0) = 0.27868,	Delta[d](1) = 0.21551,	Delta[d](2) = 0.213865,	Delta[d](3) = 0.21551,	Delta[d](4) = 0.21551,	Delta[d](5) = 0.195406,	Delta[d](6) = 0.173797,	Delta[d](7) = 0.195406,	Delta[d](8) = 0.213865,	Delta[d](9) = 0.173797,	Delta[d](10) = 0.112379,	Delta[d](11) = 0.173797,	Delta[d](12) = 0.21551,	Delta[d](13) = 0.195406,	Delta[d](14) = 0.173797,	Delta[d](15) = 0.195406,	Delta[s+](0) = 0.448279,	Delta[s+](1) = 0.343133,	Delta[s+](2) = 0.213865,	Delta[s+](3) = 0.343133,	Delta[s+](4) = 0.343133,	Delta[s+](5) = 0.213935,	Delta[s+](6) = 0.0957514,	Delta[s+](7) = 0.213935,	Delta[s+](8) = 0.213865,	Delta[s+](9) = 0.0957514,	Delta[s+](10) = 0.0357458,	Delta[s+](11) = 0.0957514,	Delta[s+](12) = 0.343133,	Delta[s+](13) = 0.213935,	Delta[s+](14) = 0.0957514,	Delta[s+](15) = 0.213935
The 9-th iteration is completed.	|| time cost : 0h 3m 18.918s
********************************************************************************************************************
********************************************************************************************************************
Ground state is obtained after 10 iterations. The current ground-state energy is -70.5014, in which electron energy is -70.637 and phonon energy is 0.135599
final variational state is: 
	Gamma_x = [      1,1.03132,1.06162,1.03132,1.03132,1.06159,1.07637,1.06159,1.06162,1.07637,1.08942,1.07637,1.03132,1.06159,1.07637,1.06159]
	lambda_q = [0.591581,0.517493,0.517072,0.517493,0.517493,   0.517,0.471715,   0.517,0.517072,0.471715,0.443442,0.471715,0.517493,   0.517,0.471715,   0.517]
********************************************************************************************************************
o___o  ----------------------------------------
| L |	Time since last clock: 0h 0m 0s
A===A	Time since the beginning: 0h 18m 28.95s
***********************************************


********************************************************************************************************************
Warm up runs have been completed. Start calculating W = 5 phonon.
open output files: NGSEDIterationObs.txt
********************************************************************************************************************
Start the 0 rounds of NGS-ED iteration
	effective electronic model is modified as: kinetic energy t = 0.796945
	                                           effective interaction Vq = [-3.19968,-2.99066,-2.98932,-2.99066,-2.99066,-2.98909,-2.83407,-2.98909,-2.98932,-2.83407, -2.7269,-2.83407,-2.99066,-2.98909,-2.83407,-2.98909]
	PARPACK diagonalization completed after 105 matrix-vector product operations.
	iteration results: : total energy is -62.623210 | electron energy -62.691041 + phonon energy 0.067831 | electron momentum kIdx = 0
	Nq(0) = 12.25,	Nq(1) = 0.372787,	Nq(2) = 0.485372,	Nq(3) = 0.372787,	Nq(4) = 0.372787,	Nq(5) = 0.444829,	Nq(6) = 0.578616,	Nq(7) = 0.444829,	Nq(8) = 0.485372,	Nq(9) = 0.578616,	Nq(10) = 0.576886,	Nq(11) = 0.578616,	Nq(12) = 0.372787,	Nq(13) = 0.444829,	Nq(14) = 0.578616,	Nq(15) = 0.444829,	Sq(0) = 1.52184e-17,	Sq(1) = 0.383668,	Sq(2) = 0.56501,	Sq(3) = 0.383668,	Sq(4) = 0.383668,	Sq(5) = 0.685464,	Sq(6) = 0.642533,	Sq(7) = 0.685464,	Sq(8) = 0.56501,	Sq(9) = 0.642533,	Sq(10) = 0.64076,	Sq(11) = 0.642533,	Sq(12) = 0.383668,	Sq(13) = 0.685464,	Sq(14) = 0.642533,	Sq(15) = 0.685464,	N(0) = 1.99902,	N(1) = 1.99799,	N(2) = 0.86136,	N(3) = 1.99799,	N(4) = 1.99799,	N(5) = 0.569978,	N(6) = 0.00140541,	N(7) = 0.569978,	N(8) = 0.86136,	N(9) = 0.00140541,	N(10) = 0.000761575,	N(11) = 0.00140541,	N(12) = 1.99799,	N(13) = 0.569978,	N(14) = 0.00140541,	N(15) = 0.569978,	Delta[s](0) = 0.216228,	Delta[s](1) = 0.194014,	Delta[s](2) = 0.169309,	Delta[s](3) = 0.194014,	Delta[s](4) = 0.194014,	Delta[s](5) = 0.163584,	Delta[s](6) = 0.149567,	Delta[s](7) = 0.163584,	Delta[s](8) = 0.169309,	Delta[s](9) = 0.149567,	Delta[s](10) = 0.107773,	Delta[s](11) = 0.149567,	Delta[s](12) = 0.194014,	Delta[s](13) = 0.163584,	Delta[s](14) = 0.149567,	Delta[s](15) = 0.163584,	Delta[d](0) = 0.355606,	Delta[d](1) = 0.245565,	Delta[d](2) = 0.253337,	Delta[d](3) = 0.245565,	Delta[d](4) = 0.245565,	Delta[d](5) = 0.196292,	Delta[d](6) = 0.205271,	Delta[d](7) = 0.196292,	Delta[d](8) = 0.253337,	Delta[d](9) = 0.205271,	Delta[d](10) = 0.186025,	Delta[d](11) = 0.205271,	Delta[d](12) = 0.245565,	Delta[d](13) = 0.196292,	Delta[d](14) = 0.205271,	Delta[d](15) = 0.196292,	Delta[s+](0) = 0.498107,	Delta[s+](1) = 0.377676,	Delta[s+](2) = 0.253337,	Delta[s+](3) = 0.377676,	Delta[s+](4) = 0.377676,	Delta[s+](5) = 0.223061,	Delta[s+](6) = 0.107263,	Delta[s+](7) = 0.223061,	Delta[s+](8) = 0.253337,	Delta[s+](9) = 0.107263,	Delta[s+](10) = 0.0410073,	Delta[s+](11) = 0.107263,	Delta[s+](12) = 0.377676,	Delta[s+](13) = 0.223061,	Delta[s+](14) = 0.107263,	Delta[s+](15) = 0.223061
The 0-th iteration is completed.	|| time cost : 0h 3m 31.708s
********************************************************************************************************************
Start the 1 rounds of NGS-ED iteration
	effective electronic model is modified as: kinetic energy t = 0.778029
	                                           effective interaction Vq = [-3.38952,-3.16891,-3.09136,-3.16891,-3.16891,-3.06745, -2.9707,-3.06745,-3.09136, -2.9707,-2.82743, -2.9707,-3.16891,-3.06745, -2.9707,-3.06745]
	PARPACK diagonalization completed after 75 matrix-vector product operations.
	iteration results: : total energy is -65.304061 | electron energy -65.498762 + phonon energy 0.194701 | electron momentum kIdx = 0
The 1-th iteration is completed.	|| time cost : 0h 0m 31.392s
********************************************************************************************************************
Start the 2 rounds of NGS-ED iteration
	effective electronic model is modified as: kinetic energy t = 0.754651
	                                           effective interaction Vq = [-3.45936, -3.2612, -3.2485, -3.2612, -3.2612,-3.19193,-3.05608,-3.19193, -3.2485,-3.05608,-2.89822,-3.05608, -3.2612,-3.19193,-3.05608,-3.19193]
	PARPACK diagonalization completed after 60 matrix-vector product operations.
	iteration results: : total energy is -66.496225 | electron energy -66.782869 + phonon energy 0.286644 | electron momentum kIdx = 0
The 2-th iteration is completed.	|| time cost : 0h 0m 27.549s
********************************************************************************************************************
Start the 3 rounds of NGS-ED iteration
	effective electronic model is modified as: kinetic energy t = 0.739643
	                                           effective interaction Vq = [-3.48505,-3.30794,-3.31785,-3.30794,-3.30794,-3.27007,-3.10417,-3.27007,-3.31785,-3.10417,-2.94205,-3.10417,-3.30794,-3.27007,-3.10417,-3.27007]
	PARPACK diagonalization completed after 45 matrix-vector product operations.
	iteration results: : total energy is -66.943559 | electron energy -67.294030 + phonon energy 0.350472 | electron momentum kIdx = 0
The 3-th iteration is completed.	|| time cost : 0h 0m 23.966s
********************************************************************************************************************
Start the 4 rounds of NGS-ED iteration
	effective electronic model is modified as: kinetic energy t = 0.730529
	                                           effective interaction Vq = [ -3.4945,-3.33258,-3.35088,-3.33258,-3.33258,-3.31457,-3.13171,-3.31457,-3.35088,-3.13171,-2.96879,-3.13171,-3.33258,-3.31457,-3.13171,-3.31457]
	PARPACK diagonalization completed after 45 matrix-vector product operations.
	iteration results: : total energy is -67.108484 | electron energy -67.500453 + phonon energy 0.391970 | electron momentum kIdx = 0
The 4-th iteration is completed.	|| time cost : 0h 0m 23.938s
********************************************************************************************************************
Start the 5 rounds of NGS-ED iteration
	effective electronic model is modified as: kinetic energy t = 0.725067
	                                           effective interaction Vq = [-3.49798,-3.34599,-3.36706,-3.34599,-3.34599,-3.34019,-3.14773,-3.34019,-3.36706,-3.14773,-2.98512,-3.14773,-3.34599,-3.34019,-3.14773,-3.34019]
	PARPACK diagonalization completed after 45 matrix-vector product operations.
	iteration results: : total energy is -67.168968 | electron energy -67.586829 + phonon energy 0.417861 | electron momentum kIdx = 0
The 5-th iteration is completed.	|| time cost : 0h 0m 23.99s
********************************************************************************************************************
Start the 6 rounds of NGS-ED iteration
	effective electronic model is modified as: kinetic energy t = 0.721815
	                                           effective interaction Vq = [-3.49926,-3.35345,-3.37495,-3.35345,-3.35345,-3.35523,-3.15718,-3.35523,-3.37495,-3.15718,-2.99512,-3.15718,-3.35345,-3.35523,-3.15718,-3.35523]
	PARPACK diagonalization completed after 45 matrix-vector product operations.
	iteration results: : total energy is -67.191118 | electron energy -67.624760 + phonon energy 0.433642 | electron momentum kIdx = 0
The 6-th iteration is completed.	|| time cost : 0h 0m 24.204s
********************************************************************************************************************
Start the 7 rounds of NGS-ED iteration
	effective electronic model is modified as: kinetic energy t = 0.719886
	                                           effective interaction Vq = [-3.49973,-3.35766,-3.37867,-3.35766,-3.35766,-3.36421,-3.16279,-3.36421,-3.37867,-3.16279,-3.00125,-3.16279,-3.35766,-3.36421,-3.16279,-3.36421]
	PARPACK diagonalization completed after 45 matrix-vector product operations.
	iteration results: : total energy is -67.199240 | electron energy -67.642377 + phonon energy 0.443137 | electron momentum kIdx = 0
The 7-th iteration is completed.	|| time cost : 0h 0m 24.235s
********************************************************************************************************************
Start the 8 rounds of NGS-ED iteration
	effective electronic model is modified as: kinetic energy t = 0.718745
	                                           effective interaction Vq = [ -3.4999,-3.36006,-3.38026,-3.36006,-3.36006,-3.36966,-3.16614,-3.36966,-3.38026,-3.16614,-3.00502,-3.16614,-3.36006,-3.36966,-3.16614,-3.36966]
	PARPACK diagonalization completed after 45 matrix-vector product operations.
	iteration results: : total energy is -67.202231 | electron energy -67.651039 + phonon energy 0.448808 | electron momentum kIdx = 0
The 8-th iteration is completed.	|| time cost : 0h 0m 23.945s
********************************************************************************************************************
Start the 9 rounds of NGS-ED iteration
	effective electronic model is modified as: kinetic energy t = 0.71807
	                                           effective interaction Vq = [-3.49996,-3.36142,-3.38078,-3.36142,-3.36142,-3.37302,-3.16815,-3.37302,-3.38078,-3.16815,-3.00734,-3.16815,-3.36142,-3.37302,-3.16815,-3.37302]
	PARPACK diagonalization completed after 45 matrix-vector product operations.
	iteration results: : total energy is -67.203339 | electron energy -67.655522 + phonon energy 0.452183 | electron momentum kIdx = 0
The 9-th iteration is completed.	|| time cost : 0h 0m 23.982s
********************************************************************************************************************
Start the 10 rounds of NGS-ED iteration
	effective electronic model is modified as: kinetic energy t = 0.717671
	                                           effective interaction Vq = [-3.49999,-3.36221, -3.3808,-3.36221,-3.36221,-3.37511,-3.16936,-3.37511, -3.3808,-3.16936,-3.00876,-3.16936,-3.36221,-3.37511,-3.16936,-3.37511]
	PARPACK diagonalization completed after 30 matrix-vector product operations.
	iteration results: : total energy is -67.203754 | electron energy -67.657941 + phonon energy 0.454187 | electron momentum kIdx = 0
	Nq(0) = 12.25,	Nq(1) = 0.397634,	Nq(2) = 0.798313,	Nq(3) = 0.397634,	Nq(4) = 0.397634,	Nq(5) = 0.788606,	Nq(6) = 0.606563,	Nq(7) = 0.788606,	Nq(8) = 0.798319,	Nq(9) = 0.606563,	Nq(10) = 0.591087,	Nq(11) = 0.606563,	Nq(12) = 0.397634,	Nq(13) = 0.788606,	Nq(14) = 0.606563,	Nq(15) = 0.788606,	Sq(0) = 1.15814e-18,	Sq(1) = 0.336576,	Sq(2) = 0.362963,	Sq(3) = 0.336576,	Sq(4) = 0.336576,	Sq(5) = 0.363052,	Sq(6) = 0.567738,	Sq(7) = 0.363052,	Sq(8) = 0.362963,	Sq(9) = 0.567739,	Sq(10) = 0.595674,	Sq(11) = 0.567739,	Sq(12) = 0.336576,	Sq(13) = 0.363052,	Sq(14) = 0.567738,	Sq(15) = 0.363052,	N(0) = 1.99753,	N(1) = 1.99195,	N(2) = 0.655296,	N(3) = 1.99195,	N(4) = 1.99195,	N(5) = 0.674329,	N(6) = 0.00629591,	N(7) = 0.674329,	N(8) = 0.655296,	N(9) = 0.00629594,	N(10) = 0.00158411,	N(11) = 0.00629594,	N(12) = 1.99195,	N(13) = 0.674329,	N(14) = 0.00629591,	N(15) = 0.674329,	Delta[s](0) = 0.37396,	Delta[s](1) = 0.246961,	Delta[s](2) = 0.223512,	Delta[s](3) = 0.246961,	Delta[s](4) = 0.246961,	Delta[s](5) = 0.223765,	Delta[s](6) = 0.210473,	Delta[s](7) = 0.223765,	Delta[s](8) = 0.223512,	Delta[s](9) = 0.210473,	Delta[s](10) = 0.258687,	Delta[s](11) = 0.210473,	Delta[s](12) = 0.246961,	Delta[s](13) = 0.223765,	Delta[s](14) = 0.210473,	Delta[s](15) = 0.223765,	Delta[d](0) = 0.296862,	Delta[d](1) = 0.240834,	Delta[d](2) = 0.240615,	Delta[d](3) = 0.240834,	Delta[d](4) = 0.240834,	Delta[d](5) = 0.222836,	Delta[d](6) = 0.201452,	Delta[d](7) = 0.222836,	Delta[d](8) = 0.240615,	Delta[d](9) = 0.201452,	Delta[d](10) = 0.145869,	Delta[d](11) = 0.201452,	Delta[d](12) = 0.240834,	Delta[d](13) = 0.222836,	Delta[d](14) = 0.201452,	Delta[d](15) = 0.222836,	Delta[s+](0) = 0.483225,	Delta[s+](1) = 0.371848,	Delta[s+](2) = 0.240615,	Delta[s+](3) = 0.371848,	Delta[s+](4) = 0.371848,	Delta[s+](5) = 0.242548,	Delta[s+](6) = 0.12218,	Delta[s+](7) = 0.242548,	Delta[s+](8) = 0.240615,	Delta[s+](9) = 0.122181,	Delta[s+](10) = 0.0565585,	Delta[s+](11) = 0.122181,	Delta[s+](12) = 0.371848,	Delta[s+](13) = 0.242548,	Delta[s+](14) = 0.12218,	Delta[s+](15) = 0.242548
The 10-th iteration is completed.	|| time cost : 0h 3m 12.461s
********************************************************************************************************************
Start the 11 rounds of NGS-ED iteration
	effective electronic model is modified as: kinetic energy t = 0.717436
	                                           effective interaction Vq = [-3.49999,-3.36266, -3.3806,-3.36266,-3.36266,-3.37644,-3.17009,-3.37644, -3.3806,-3.17009,-3.00963,-3.17009,-3.36266,-3.37644,-3.17009,-3.37644]
	PARPACK diagonalization completed after 45 matrix-vector product operations.
	iteration results: : total energy is -67.203912 | electron energy -67.659287 + phonon energy 0.455376 | electron momentum kIdx = 0
The 11-th iteration is completed.	|| time cost : 0h 0m 23.956s
********************************************************************************************************************
Start the 12 rounds of NGS-ED iteration
	effective electronic model is modified as: kinetic energy t = 0.717296
	                                           effective interaction Vq = [    -3.5,-3.36291,-3.38034,-3.36291,-3.36291,-3.37728,-3.17053,-3.37728,-3.38034,-3.17053,-3.01017,-3.17053,-3.36291,-3.37728,-3.17053,-3.37728]
	PARPACK diagonalization completed after 30 matrix-vector product operations.
	iteration results: : total energy is -67.203973 | electron energy -67.660054 + phonon energy 0.456081 | electron momentum kIdx = 0
The 12-th iteration is completed.	|| time cost : 0h 0m 20.458s
********************************************************************************************************************
Start the 13 rounds of NGS-ED iteration
	effective electronic model is modified as: kinetic energy t = 0.717214
	                                           effective interaction Vq = [    -3.5,-3.36306,-3.38007,-3.36306,-3.36306,-3.37783, -3.1708,-3.37783,-3.38007, -3.1708, -3.0105, -3.1708,-3.36306,-3.37783, -3.1708,-3.37783]
	PARPACK diagonalization completed after 30 matrix-vector product operations.
	iteration results: : total energy is -67.203997 | electron energy -67.660496 + phonon energy 0.456499 | electron momentum kIdx = 0
The 13-th iteration is completed.	|| time cost : 0h 0m 20.364s
********************************************************************************************************************
Start the 14 rounds of NGS-ED iteration
	effective electronic model is modified as: kinetic energy t = 0.717165
	                                           effective interaction Vq = [    -3.5,-3.36315,-3.37983,-3.36315,-3.36315, -3.3782,-3.17096, -3.3782,-3.37983,-3.17096, -3.0107,-3.17096,-3.36315, -3.3782,-3.17096, -3.3782]
	PARPACK diagonalization completed after 30 matrix-vector product operations.
	iteration results: : total energy is -67.204007 | electron energy -67.660754 + phonon energy 0.456748 | electron momentum kIdx = 0
The 14-th iteration is completed.	|| time cost : 0h 0m 20.355s
********************************************************************************************************************
Start the 15 rounds of NGS-ED iteration
	effective electronic model is modified as: kinetic energy t = 0.717137
	                                           effective interaction Vq = [    -3.5, -3.3632,-3.37963, -3.3632, -3.3632,-3.37844,-3.17106,-3.37844,-3.37964,-3.17106,-3.01082,-3.17106, -3.3632,-3.37844,-3.17106,-3.37844]
	PARPACK diagonalization completed after 30 matrix-vector product operations.
	iteration results: : total energy is -67.204011 | electron energy -67.660906 + phonon energy 0.456895 | electron momentum kIdx = 0
The 15-th iteration is completed.	|| time cost : 0h 0m 20.599s
********************************************************************************************************************
Start the 16 rounds of NGS-ED iteration
	effective electronic model is modified as: kinetic energy t = 0.71712
	                                           effective interaction Vq = [    -3.5,-3.36323,-3.37948,-3.36323,-3.36323, -3.3786,-3.17112, -3.3786,-3.37948,-3.17112, -3.0109,-3.17112,-3.36323, -3.3786,-3.17112, -3.3786]
	PARPACK diagonalization completed after 30 matrix-vector product operations.
	iteration results: : total energy is -67.204013 | electron energy -67.660996 + phonon energy 0.456983 | electron momentum kIdx = 0
The 16-th iteration is completed.	|| time cost : 0h 0m 20.368s
********************************************************************************************************************
Start the 17 rounds of NGS-ED iteration
	effective electronic model is modified as: kinetic energy t = 0.71711
	                                           effective interaction Vq = [    -3.5,-3.36324,-3.37935,-3.36324,-3.36324,-3.37871,-3.17115,-3.37871,-3.37935,-3.17115,-3.01094,-3.17115,-3.36324,-3.37871,-3.17115,-3.37871]
	PARPACK diagonalization completed after 30 matrix-vector product operations.
	iteration results: : total energy is -67.204014 | electron energy -67.661049 + phonon energy 0.457035 | electron momentum kIdx = 0
The 17-th iteration is completed.	|| time cost : 0h 0m 20.368s
********************************************************************************************************************
Start the 18 rounds of NGS-ED iteration
	effective electronic model is modified as: kinetic energy t = 0.717104
	                                           effective interaction Vq = [    -3.5,-3.36325,-3.37925,-3.36325,-3.36325,-3.37878,-3.17118,-3.37878,-3.37926,-3.17118,-3.01097,-3.17118,-3.36325,-3.37878,-3.17118,-3.37878]
	PARPACK diagonalization completed after 30 matrix-vector product operations.
	iteration results: : total energy is -67.204015 | electron energy -67.661080 + phonon energy 0.457066 | electron momentum kIdx = 0
The 18-th iteration is completed.	|| time cost : 0h 0m 20.39s
********************************************************************************************************************
Start the 19 rounds of NGS-ED iteration
	effective electronic model is modified as: kinetic energy t = 0.7171
	                                           effective interaction Vq = [    -3.5,-3.36326,-3.37918,-3.36326,-3.36326,-3.37884,-3.17119,-3.37884,-3.37918,-3.17119,-3.01099,-3.17119,-3.36326,-3.37884,-3.17119,-3.37884]
	PARPACK diagonalization completed after 30 matrix-vector product operations.
	iteration results: : total energy is -67.204015 | electron energy -67.661099 + phonon energy 0.457084 | electron momentum kIdx = 0
The 19-th iteration is completed.	|| time cost : 0h 0m 20.627s
********************************************************************************************************************
Start the 20 rounds of NGS-ED iteration
	effective electronic model is modified as: kinetic energy t = 0.717098
	                                           effective interaction Vq = [    -3.5,-3.36326,-3.37913,-3.36326,-3.36326,-3.37887, -3.1712,-3.37887,-3.37913, -3.1712,  -3.011, -3.1712,-3.36326,-3.37887, -3.1712,-3.37887]
	PARPACK diagonalization completed after 30 matrix-vector product operations.
	iteration results: : total energy is -67.204015 | electron energy -67.661110 + phonon energy 0.457095 | electron momentum kIdx = 0
	Nq(0) = 12.25,	Nq(1) = 0.397587,	Nq(2) = 0.792652,	Nq(3) = 0.397587,	Nq(4) = 0.397587,	Nq(5) = 0.792231,	Nq(6) = 0.606755,	Nq(7) = 0.792231,	Nq(8) = 0.79267,	Nq(9) = 0.606756,	Nq(10) = 0.591298,	Nq(11) = 0.606756,	Nq(12) = 0.397587,	Nq(13) = 0.792231,	Nq(14) = 0.606755,	Nq(15) = 0.792231,	Sq(0) = -1.58279e-17,	Sq(1) = 0.3363,	Sq(2) = 0.362872,	Sq(3) = 0.3363,	Sq(4) = 0.3363,	Sq(5) = 0.362876,	Sq(6) = 0.567317,	Sq(7) = 0.362876,	Sq(8) = 0.362872,	Sq(9) = 0.567318,	Sq(10) = 0.595369,	Sq(11) = 0.567318,	Sq(12) = 0.3363,	Sq(13) = 0.362876,	Sq(14) = 0.567317,	Sq(15) = 0.362876,	N(0) = 1.9975,	N(1) = 1.99187,	N(2) = 0.667434,	N(3) = 1.99187,	N(4) = 1.99187,	N(5) = 0.668276,	N(6) = 0.00636545,	N(7) = 0.668276,	N(8) = 0.667432,	N(9) = 0.00636554,	N(10) = 0.00160753,	N(11) = 0.00636554,	N(12) = 1.99187,	N(13) = 0.668276,	N(14) = 0.00636545,	N(15) = 0.668276,	Delta[s](0) = 0.374041,	Delta[s](1) = 0.247074,	Delta[s](2) = 0.223817,	Delta[s](3) = 0.247074,	Delta[s](4) = 0.247074,	Delta[s](5) = 0.223829,	Delta[s](6) = 0.210626,	Delta[s](7) = 0.223829,	Delta[s](8) = 0.223817,	Delta[s](9) = 0.210626,	Delta[s](10) = 0.258669,	Delta[s](11) = 0.210626,	Delta[s](12) = 0.247074,	Delta[s](13) = 0.223829,	Delta[s](14) = 0.210626,	Delta[s](15) = 0.223829,	Delta[d](0) = 0.298727,	Delta[d](1) = 0.242175,	Delta[d](2) = 0.241884,	Delta[d](3) = 0.242175,	Delta[d](4) = 0.242175,	Delta[d](5) = 0.223398,	Delta[d](6) = 0.202844,	Delta[d](7) = 0.223398,	Delta[d](8) = 0.241884,	Delta[d](9) = 0.202844,	Delta[d](10) = 0.147964,	Delta[d](11) = 0.202844,	Delta[d](12) = 0.242175,	Delta[d](13) = 0.223398,	Delta[d](14) = 0.202844,	Delta[d](15) = 0.223398,	Delta[s+](0) = 0.483108,	Delta[s+](1) = 0.371798,	Delta[s+](2) = 0.241884,	Delta[s+](3) = 0.371798,	Delta[s+](4) = 0.371798,	Delta[s+](5) = 0.24197,	Delta[s+](6) = 0.122265,	Delta[s+](7) = 0.24197,	Delta[s+](8) = 0.241884,	Delta[s+](9) = 0.122265,	Delta[s+](10) = 0.056649,	Delta[s+](11) = 0.122265,	Delta[s+](12) = 0.371798,	Delta[s+](13) = 0.24197,	Delta[s+](14) = 0.122265,	Delta[s+](15) = 0.24197
The 20-th iteration is completed.	|| time cost : 0h 3m 11.27s
********************************************************************************************************************
Start the 21 rounds of NGS-ED iteration
	effective electronic model is modified as: kinetic energy t = 0.717097
	                                           effective interaction Vq = [    -3.5,-3.36326,-3.37908,-3.36326,-3.36326, -3.3789, -3.1712, -3.3789,-3.37909, -3.1712,-3.01101, -3.1712,-3.36326, -3.3789, -3.1712, -3.3789]
	PARPACK diagonalization completed after 30 matrix-vector product operations.
	iteration results: : total energy is -67.204016 | electron energy -67.661117 + phonon energy 0.457102 | electron momentum kIdx = 0
The 21-th iteration is completed.	|| time cost : 0h 0m 20.589s
********************************************************************************************************************
Start the 22 rounds of NGS-ED iteration
	effective electronic model is modified as: kinetic energy t = 0.717096
	                                           effective interaction Vq = [    -3.5,-3.36326,-3.37905,-3.36326,-3.36326,-3.37892,-3.17121,-3.37892,-3.37906,-3.17121,-3.01101,-3.17121,-3.36326,-3.37892,-3.17121,-3.37892]
	PARPACK diagonalization completed after 30 matrix-vector product operations.
	iteration results: : total energy is -67.204016 | electron energy -67.661122 + phonon energy 0.457105 | electron momentum kIdx = 0
The 22-th iteration is completed.	|| time cost : 0h 0m 20.376s
********************************************************************************************************************
Start the 23 rounds of NGS-ED iteration
	effective electronic model is modified as: kinetic energy t = 0.717096
	                                           effective interaction Vq = [    -3.5,-3.36326,-3.37903,-3.36326,-3.36326,-3.37893,-3.17121,-3.37893,-3.37903,-3.17121,-3.01101,-3.17121,-3.36326,-3.37893,-3.17121,-3.37893]
	PARPACK diagonalization completed after 30 matrix-vector product operations.
	iteration results: : total energy is -67.204017 | electron energy -67.661124 + phonon energy 0.457108 | electron momentum kIdx = 0
The 23-th iteration is completed.	|| time cost : 0h 0m 20.398s
********************************************************************************************************************
Start the 24 rounds of NGS-ED iteration
	effective electronic model is modified as: kinetic energy t = 0.717095
	                                           effective interaction Vq = [    -3.5,-3.36326,-3.37901,-3.36326,-3.36326,-3.37894,-3.17121,-3.37894,-3.37902,-3.17121,-3.01102,-3.17121,-3.36326,-3.37894,-3.17121,-3.37894]
	PARPACK diagonalization completed after 30 matrix-vector product operations.
