SNEDics v3.22.2 Non-Gaussian ED ground state program		Start at Thu Jun  2 08:05:19 2022

Parallelization: 32 MPI threads  * 8 OpenMP threads = 256 total threads.
********************************************************************************************************************
********************************************************************************************************************

********************************************************************************************************************
System parameters and configurations
	special program options are enabled: splitted diagonal Hamiltonian | splitted Hamiltonian terms
********************************************************************************************************************
Read input file "model_params.in"
	Hubbard-Holstein model parameters : 	t = 1    U = 8    g = 0.5    W = 0.2    g' = 0.6    
********************************************************************************************************************
Read input file "hilbertspace_params.in"
	Requested 16-site 2D lattice, with 8 electrons (4, 4)
	Boundary : Periodic		Hilbert space representation : momentum-space (restricted to kIdx = 10)
	Conservation: particle number[U(1)]      spin[U(1)]     momentum
********************************************************************************************************************

Cluster Positions:				Cluster symmetry group : D4
 x ... x ... x ... x .....                       x ... x ... x ... x .....
 |           |           :                       |           |           :
 |           |           :                       |           |           :
12    13    14    15     x                       1     5     6     5     x
 |           |           :                       |           |           :
 |           |           :                       |           |           :
 8 --- 9 ---10 ---11 --- x                       2 --- 6 ---10 --- 6 --- x
 |           |           :                       |           |           :
 |           |           :                       |           |           :
 4     5     6     7     x                       1     5     6     5     x
 |           |           :                       |           |           :
 |           |           :                       |           |           :
 0 --- 1 --- 2 --- 3 --- x                       0 --- 1 --- 2 --- 1 --- x
orbital number : 1
********************************************************************************************************************
Read input file "obs_params.in"
	Observable Type : Nq(All),   Sq(All),   N(All-Orbital),   Delta[s](All),   Delta[d](All),   Delta[s+](All)
** WARNING ** the input observables have non-local factors which have been reinterpreted. The total observable number is 96
********************************************************************************************************************


********************************************************************************************************************
Start calculating the non-Gaussian ED ground state
Maximal iteration number is 1000; energy resolution is 1e-06. Phonon state relaxation time is 2000
W = 0.2 is relatively large. The non-Gaussian ED calculation starts directly.
open output files: NGSED_iteration_observables.txt
********************************************************************************************************************
Start the 0 rounds of NGS-ED iteration
	effective electronic model is modified as: kinetic energy t = 1
	                                           effective interaction Vq = [0,0,0,0,0,0,0,0,0,0,0,0,0,0,0,0]
	first Hamiltonian is constructed, size = 207168 and non-zero numbers = 32194784
	PARPACK diagonalization completed after 225 matrix-vector product operations.
	iteration results: : total energy is -14.228491 | electron energy -14.228491 + phonon energy 0.000000 | electron momentum kIdx = 10
	Nq(0) = 4,	Nq(1) = 0.1929,	Nq(2) = 0.241361,	Nq(3) = 0.1929,	Nq(4) = 0.1929,	Nq(5) = 0.2635,	
	Nq(6) = 0.343209,	Nq(7) = 0.2635,	Nq(8) = 0.241361,	Nq(9) = 0.343209,	Nq(10) = 0.497356,	
	Nq(11) = 0.343209,	Nq(12) = 0.1929,	Nq(13) = 0.2635,	Nq(14) = 0.343209,	Nq(15) = 0.2635;	
	Sq(0) = 1.05048e-18,	Sq(1) = 0.540129,	Sq(2) = 0.425883,	Sq(3) = 0.540129,	Sq(4) = 0.540129,	
	Sq(5) = 0.44091,	Sq(6) = 0.633208,	Sq(7) = 0.44091,	Sq(8) = 0.425883,	Sq(9) = 0.633208,	
	Sq(10) = 0.512733,	Sq(11) = 0.633208,	Sq(12) = 0.540129,	Sq(13) = 0.44091,	Sq(14) = 0.633208,	
	Sq(15) = 0.44091;	N(0) = 1.39632,	N(1) = 1.19393,	N(2) = 0.182033,	N(3) = 1.19393,	
	N(4) = 1.19393,	N(5) = 0.343994,	N(6) = 0.0196952,	N(7) = 0.343994,	N(8) = 0.182033,	
	N(9) = 0.0196952,	N(10) = 0.00914957,	N(11) = 0.0196952,	N(12) = 1.19393,	N(13) = 0.343994,	
	N(14) = 0.0196952,	N(15) = 0.343994;	Delta[s](0) = 0.00674495,	Delta[s](1) = 0.00602568,	Delta[s](2) = 0.00535075,	
	Delta[s](3) = 0.00602568,	Delta[s](4) = 0.00602568,	Delta[s](5) = 0.00556546,	Delta[s](6) = 0.00512623,	Delta[s](7) = 0.00556546,	
	Delta[s](8) = 0.00535075,	Delta[s](9) = 0.00512623,	Delta[s](10) = 0.00493986,	Delta[s](11) = 0.00512623,	Delta[s](12) = 0.00602568,	
	Delta[s](13) = 0.00556546,	Delta[s](14) = 0.00512623,	Delta[s](15) = 0.00556546;	Delta[d](0) = 0.0319581,	Delta[d](1) = 0.0451731,	
	Delta[d](2) = 0.0522084,	Delta[d](3) = 0.0451731,	Delta[d](4) = 0.0451731,	Delta[d](5) = 0.0571447,	Delta[d](6) = 0.0590462,	
	Delta[d](7) = 0.0571447,	Delta[d](8) = 0.0522084,	Delta[d](9) = 0.0590462,	Delta[d](10) = 0.0546073,	Delta[d](11) = 0.0590462,	
	Delta[d](12) = 0.0451731,	Delta[d](13) = 0.0571447,	Delta[d](14) = 0.0590462,	Delta[d](15) = 0.0571447;	Delta[s+](0) = 0.117662,	
	Delta[s+](1) = 0.089114,	Delta[s+](2) = 0.0522084,	Delta[s+](3) = 0.089114,	Delta[s+](4) = 0.089114,	Delta[s+](5) = 0.0671623,	
	Delta[s+](6) = 0.041053,	Delta[s+](7) = 0.0671623,	Delta[s+](8) = 0.0522084,	Delta[s+](9) = 0.041053,	Delta[s+](10) = 0.0292591,	
	Delta[s+](11) = 0.041053,	Delta[s+](12) = 0.089114,	Delta[s+](13) = 0.0671623,	Delta[s+](14) = 0.041053,	Delta[s+](15) = 0.0671623
	
The 0-th iteration is completed.	|| time cost : 0h 0m 6.32s
********************************************************************************************************************
Start the 1 rounds of NGS-ED iteration
	effective electronic model is modified as: kinetic energy t = 0.545259
	                                           effective interaction Vq = [   -42.05, -12.7501,-0.267227, -12.7501, -12.7501,-0.302913,-0.982363,-0.302913,-0.267227,-0.982363, -17.0217,-0.982363, -12.7501,-0.302913,-0.982363,-0.302913]
	PARPACK diagonalization completed after 75 matrix-vector product operations.
	iteration results: : total energy is -255.715843 | electron energy -259.741566 + phonon energy 4.025723 | electron momentum kIdx = 10
The 1-th iteration is completed.	|| time cost : 0h 0m 3.19s
********************************************************************************************************************
Start the 2 rounds of NGS-ED iteration
	effective electronic model is modified as: kinetic energy t = 1.46378e-12
	                                           effective interaction Vq = [-42.05,-14.45, -1.25,-14.45,-14.45, -1.25, -2.45, -1.25, -1.25, -2.45,-18.05, -2.45,-14.45, -1.25, -2.45, -1.25]
	PARPACK diagonalization completed after 30 matrix-vector product operations.
	iteration results: : total energy is -276.000000 | electron energy -276.000000 + phonon energy 0.000000 | electron momentum kIdx = 10
The 2-th iteration is completed.	|| time cost : 0h 0m 0.358s
********************************************************************************************************************
Start the 3 rounds of NGS-ED iteration
	effective electronic model is modified as: kinetic energy (tx,ty)=(1.4646e-12, 1.45995e-12)
	                                           effective interaction Vq = [-42.05,-14.45, -1.25,-14.45,-14.45, -1.25, -2.45, -1.25, -1.25, -2.45,-18.05, -2.45,-14.45, -1.25, -2.45, -1.25]
	PARPACK diagonalization completed after 30 matrix-vector product operations.
	iteration results: : total energy is -276.000000 | electron energy -276.000000 + phonon energy 0.000000 | electron momentum kIdx = 10
The 3-th iteration is completed.	|| time cost : 0h 0m 0.36s
********************************************************************************************************************
Start the 4 rounds of NGS-ED iteration
	effective electronic model is modified as: kinetic energy t = 1.46169e-12
	                                           effective interaction Vq = [-42.05,-14.45, -1.25,-14.45,-14.45, -1.25, -2.45, -1.25, -1.25, -2.45,-18.05, -2.45,-14.45, -1.25, -2.45, -1.25]
	PARPACK diagonalization completed after 30 matrix-vector product operations.
	iteration results: : total energy is -276.000000 | electron energy -276.000000 + phonon energy 0.000000 | electron momentum kIdx = 10
The 4-th iteration is completed.	|| time cost : 0h 0m 0.356s
********************************************************************************************************************
Start the 5 rounds of NGS-ED iteration
	effective electronic model is modified as: kinetic energy t = 1.46611e-12
	                                           effective interaction Vq = [-42.05,-14.45, -1.25,-14.45,-14.45, -1.25, -2.45, -1.25, -1.25, -2.45,-18.05, -2.45,-14.45, -1.25, -2.45, -1.25]
	PARPACK diagonalization completed after 30 matrix-vector product operations.
	iteration results: : total energy is -276.000000 | electron energy -276.000000 + phonon energy 0.000000 | electron momentum kIdx = 10
The 5-th iteration is completed.	|| time cost : 0h 0m 0.356s
********************************************************************************************************************
Start the 6 rounds of NGS-ED iteration
	effective electronic model is modified as: kinetic energy (tx,ty)=(1.48267e-12, 1.48601e-12)
	                                           effective interaction Vq = [  -42.05,  -14.45,   -1.25,  -14.45,  -14.45,-1.24996,   -2.45,   -1.25,-1.24999,   -2.45,  -18.05,   -2.45,  -14.45,   -1.25,   -2.45,-1.24996]
	PARPACK diagonalization completed after 30 matrix-vector product operations.
	iteration results: : total energy is -276.000000 | electron energy -276.000000 + phonon energy 0.000000 | electron momentum kIdx = 10
The 6-th iteration is completed.	|| time cost : 0h 0m 0.362s
********************************************************************************************************************
Start the 7 rounds of NGS-ED iteration
	effective electronic model is modified as: kinetic energy t = 1.46365e-12
	                                           effective interaction Vq = [-42.05,-14.45, -1.25,-14.45,-14.45, -1.25, -2.45, -1.25, -1.25, -2.45,-18.05, -2.45,-14.45, -1.25, -2.45, -1.25]
	PARPACK diagonalization completed after 30 matrix-vector product operations.
	iteration results: : total energy is -276.000000 | electron energy -276.000000 + phonon energy 0.000000 | electron momentum kIdx = 10
The 7-th iteration is completed.	|| time cost : 0h 0m 0.356s
********************************************************************************************************************
Start the 8 rounds of NGS-ED iteration
	effective electronic model is modified as: kinetic energy t = 1.46369e-12
	                                           effective interaction Vq = [-42.05,-14.45, -1.25,-14.45,-14.45, -1.25, -2.45, -1.25, -1.25, -2.45,-18.05, -2.45,-14.45, -1.25, -2.45, -1.25]
	PARPACK diagonalization completed after 30 matrix-vector product operations.
	iteration results: : total energy is -276.000000 | electron energy -276.000000 + phonon energy 0.000000 | electron momentum kIdx = 10
The 8-th iteration is completed.	|| time cost : 0h 0m 0.358s
********************************************************************************************************************
Start the 9 rounds of NGS-ED iteration
	effective electronic model is modified as: kinetic energy (tx,ty)=(1.4645e-12, 1.46301e-12)
	                                           effective interaction Vq = [-42.05,-14.45, -1.25,-14.45,-14.45, -1.25, -2.45, -1.25, -1.25, -2.45,-18.05, -2.45,-14.45, -1.25, -2.45, -1.25]
	PARPACK diagonalization completed after 30 matrix-vector product operations.
	iteration results: : total energy is -276.000000 | electron energy -276.000000 + phonon energy 0.000000 | electron momentum kIdx = 10
The 9-th iteration is completed.	|| time cost : 0h 0m 0.357s
********************************************************************************************************************
Start the 10 rounds of NGS-ED iteration
	effective electronic model is modified as: kinetic energy t = 1.46361e-12
	                                           effective interaction Vq = [-42.05,-14.45, -1.25,-14.45,-14.45, -1.25, -2.45, -1.25, -1.25, -2.45,-18.05, -2.45,-14.45, -1.25, -2.45, -1.25]
	PARPACK diagonalization completed after 30 matrix-vector product operations.
	iteration results: : total energy is -276.000000 | electron energy -276.000000 + phonon energy 0.000000 | electron momentum kIdx = 10
The 10-th iteration is completed.	|| time cost : 0h 0m 0.332s
********************************************************************************************************************
Start the 11 rounds of NGS-ED iteration
	effective electronic model is modified as: kinetic energy (tx,ty)=(1.46363e-12, 1.44508e-12)
	                                           effective interaction Vq = [  -42.05,  -14.45,   -1.25,  -14.45,  -14.45,   -1.25,   -2.45,   -1.25,-1.24992,   -2.45,  -18.05,   -2.45,  -14.45,   -1.25,   -2.45,   -1.25]
	PARPACK diagonalization completed after 30 matrix-vector product operations.
	iteration results: : total energy is -276.000000 | electron energy -276.000000 + phonon energy 0.000000 | electron momentum kIdx = 10
The 11-th iteration is completed.	|| time cost : 0h 0m 0.335s
********************************************************************************************************************
Start the 12 rounds of NGS-ED iteration
	effective electronic model is modified as: kinetic energy t = 1.46311e-12
	                                           effective interaction Vq = [-42.05,-14.45, -1.25,-14.45,-14.45, -1.25, -2.45, -1.25, -1.25, -2.45,-18.05, -2.45,-14.45, -1.25, -2.45, -1.25]
	PARPACK diagonalization completed after 30 matrix-vector product operations.
	iteration results: : total energy is -276.000000 | electron energy -276.000000 + phonon energy 0.000000 | electron momentum kIdx = 10
The 12-th iteration is completed.	|| time cost : 0h 0m 0.332s
********************************************************************************************************************
Start the 13 rounds of NGS-ED iteration
	effective electronic model is modified as: kinetic energy t = 1.46506e-12
	                                           effective interaction Vq = [-42.05,-14.45, -1.25,-14.45,-14.45, -1.25, -2.45, -1.25, -1.25, -2.45,-18.05, -2.45,-14.45, -1.25, -2.45, -1.25]
	PARPACK diagonalization completed after 30 matrix-vector product operations.
	iteration results: : total energy is -276.000000 | electron energy -276.000000 + phonon energy 0.000000 | electron momentum kIdx = 10
The 13-th iteration is completed.	|| time cost : 0h 0m 0.332s
********************************************************************************************************************
Start the 14 rounds of NGS-ED iteration
	effective electronic model is modified as: kinetic energy t = 1.43692e-12
	                                           effective interaction Vq = [  -42.05,  -14.45,   -1.25,  -14.45,  -14.45,-1.24983,   -2.45,   -1.25,   -1.25,   -2.45,  -18.05,   -2.45,  -14.45,   -1.25,   -2.45,-1.24983]
	PARPACK diagonalization completed after 30 matrix-vector product operations.
	iteration results: : total energy is -276.000000 | electron energy -276.000000 + phonon energy 0.000000 | electron momentum kIdx = 10
The 14-th iteration is completed.	|| time cost : 0h 0m 0.332s
********************************************************************************************************************
Start the 15 rounds of NGS-ED iteration
	effective electronic model is modified as: kinetic energy t = 1.4638e-12
	                                           effective interaction Vq = [-42.05,-14.45, -1.25,-14.45,-14.45, -1.25, -2.45, -1.25, -1.25, -2.45,-18.05, -2.45,-14.45, -1.25, -2.45, -1.25]
	PARPACK diagonalization completed after 30 matrix-vector product operations.
	iteration results: : total energy is -276.000000 | electron energy -276.000000 + phonon energy 0.000000 | electron momentum kIdx = 10
The 15-th iteration is completed.	|| time cost : 0h 0m 0.329s
********************************************************************************************************************
Start the 16 rounds of NGS-ED iteration
	effective electronic model is modified as: kinetic energy t = 1.46303e-12
	                                           effective interaction Vq = [-42.05,-14.45, -1.25,-14.45,-14.45, -1.25, -2.45, -1.25, -1.25, -2.45,-18.05, -2.45,-14.45, -1.25, -2.45, -1.25]
	PARPACK diagonalization completed after 30 matrix-vector product operations.
	iteration results: : total energy is -276.000000 | electron energy -276.000000 + phonon energy 0.000000 | electron momentum kIdx = 10
The 16-th iteration is completed.	|| time cost : 0h 0m 0.33s
********************************************************************************************************************
Start the 17 rounds of NGS-ED iteration
	effective electronic model is modified as: kinetic energy t = 1.4633e-12
	                                           effective interaction Vq = [-42.05,-14.45, -1.25,-14.45,-14.45, -1.25, -2.45, -1.25, -1.25, -2.45,-18.05, -2.45,-14.45, -1.25, -2.45, -1.25]
	PARPACK diagonalization completed after 30 matrix-vector product operations.
	iteration results: : total energy is -276.000000 | electron energy -276.000000 + phonon energy 0.000000 | electron momentum kIdx = 10
The 17-th iteration is completed.	|| time cost : 0h 0m 0.331s
********************************************************************************************************************
Start the 18 rounds of NGS-ED iteration
	effective electronic model is modified as: kinetic energy (tx,ty)=(1.46363e-12, 1.46183e-12)
	                                           effective interaction Vq = [-42.05,-14.45, -1.25,-14.45,-14.45, -1.25, -2.45, -1.25, -1.25, -2.45,-18.05, -2.45,-14.45, -1.25, -2.45, -1.25]
	PARPACK diagonalization completed after 30 matrix-vector product operations.
	iteration results: : total energy is -276.000000 | electron energy -276.000000 + phonon energy 0.000000 | electron momentum kIdx = 10
The 18-th iteration is completed.	|| time cost : 0h 0m 0.334s
********************************************************************************************************************
Start the 19 rounds of NGS-ED iteration
	effective electronic model is modified as: kinetic energy t = 1.46382e-12
	                                           effective interaction Vq = [-42.05,-14.45, -1.25,-14.45,-14.45, -1.25, -2.45, -1.25, -1.25, -2.45,-18.05, -2.45,-14.45, -1.25, -2.45, -1.25]
	PARPACK diagonalization completed after 30 matrix-vector product operations.
	iteration results: : total energy is -276.000000 | electron energy -276.000000 + phonon energy 0.000000 | electron momentum kIdx = 10
The 19-th iteration is completed.	|| time cost : 0h 0m 0.332s
********************************************************************************************************************
Start the 20 rounds of NGS-ED iteration
	effective electronic model is modified as: kinetic energy (tx,ty)=(1.49786e-12, 1.46729e-12)
	                                           effective interaction Vq = [  -42.05,  -14.45,-1.24973,  -14.45,  -14.45,   -1.25,   -2.45,   -1.25,   -1.25,   -2.45,  -18.05,   -2.45,  -14.45,   -1.25,   -2.45,   -1.25]
	PARPACK diagonalization completed after 30 matrix-vector product operations.
	iteration results: : total energy is -276.000000 | electron energy -276.000000 + phonon energy 0.000000 | electron momentum kIdx = 10
The 20-th iteration is completed.	|| time cost : 0h 0m 0.337s
********************************************************************************************************************
Start the 21 rounds of NGS-ED iteration
	effective electronic model is modified as: kinetic energy (tx,ty)=(1.46244e-12, 1.46398e-12)
	                                           effective interaction Vq = [-42.05,-14.45, -1.25,-14.45,-14.45, -1.25, -2.45, -1.25, -1.25, -2.45,-18.05, -2.45,-14.45, -1.25, -2.45, -1.25]
	PARPACK diagonalization completed after 30 matrix-vector product operations.
	iteration results: : total energy is -276.000000 | electron energy -276.000000 + phonon energy 0.000000 | electron momentum kIdx = 10
The 21-th iteration is completed.	|| time cost : 0h 0m 0.333s
********************************************************************************************************************
Start the 22 rounds of NGS-ED iteration
	effective electronic model is modified as: kinetic energy t = 1.464e-12
	                                           effective interaction Vq = [-42.05,-14.45, -1.25,-14.45,-14.45, -1.25, -2.45, -1.25, -1.25, -2.45,-18.05, -2.45,-14.45, -1.25, -2.45, -1.25]
	PARPACK diagonalization completed after 30 matrix-vector product operations.
	iteration results: : total energy is -276.000000 | electron energy -276.000000 + phonon energy 0.000000 | electron momentum kIdx = 10
The 22-th iteration is completed.	|| time cost : 0h 0m 0.332s
********************************************************************************************************************
Start the 23 rounds of NGS-ED iteration
	effective electronic model is modified as: kinetic energy t = 1.46456e-12
	                                           effective interaction Vq = [-42.05,-14.45, -1.25,-14.45,-14.45, -1.25, -2.45, -1.25, -1.25, -2.45,-18.05, -2.45,-14.45, -1.25, -2.45, -1.25]
	PARPACK diagonalization completed after 30 matrix-vector product operations.
	iteration results: : total energy is -276.000000 | electron energy -276.000000 + phonon energy 0.000000 | electron momentum kIdx = 10
The 23-th iteration is completed.	|| time cost : 0h 0m 0.331s
********************************************************************************************************************
Start the 24 rounds of NGS-ED iteration
	effective electronic model is modified as: kinetic energy t = 1.4641e-12
	                                           effective interaction Vq = [-42.05,-14.45, -1.25,-14.45,-14.45, -1.25, -2.45, -1.25, -1.25, -2.45,-18.05, -2.45,-14.45, -1.25, -2.45, -1.25]
	PARPACK diagonalization completed after 30 matrix-vector product operations.
	iteration results: : total energy is -276.000000 | electron energy -276.000000 + phonon energy 0.000000 | electron momentum kIdx = 10
The 24-th iteration is completed.	|| time cost : 0h 0m 0.332s
********************************************************************************************************************
Start the 25 rounds of NGS-ED iteration
	effective electronic model is modified as: kinetic energy (tx,ty)=(1.45849e-12, 1.46434e-12)
	                                           effective interaction Vq = [  -42.05,  -14.45,-1.24999,  -14.45,  -14.45,   -1.25,   -2.45,   -1.25,   -1.25,   -2.45,  -18.05,   -2.45,  -14.45,   -1.25,   -2.45,   -1.25]
	PARPACK diagonalization completed after 30 matrix-vector product operations.
	iteration results: : total energy is -276.000000 | electron energy -276.000000 + phonon energy 0.000000 | electron momentum kIdx = 10
The 25-th iteration is completed.	|| time cost : 0h 0m 0.332s
********************************************************************************************************************
Start the 26 rounds of NGS-ED iteration
	effective electronic model is modified as: kinetic energy t = 1.46502e-12
	                                           effective interaction Vq = [-42.05,-14.45, -1.25,-14.45,-14.45, -1.25, -2.45, -1.25, -1.25, -2.45,-18.05, -2.45,-14.45, -1.25, -2.45, -1.25]
	PARPACK diagonalization completed after 30 matrix-vector product operations.
	iteration results: : total energy is -276.000000 | electron energy -276.000000 + phonon energy 0.000000 | electron momentum kIdx = 10
The 26-th iteration is completed.	|| time cost : 0h 0m 0.335s
********************************************************************************************************************
Start the 27 rounds of NGS-ED iteration
	effective electronic model is modified as: kinetic energy t = 1.46484e-12
	                                           effective interaction Vq = [-42.05,-14.45, -1.25,-14.45,-14.45, -1.25, -2.45, -1.25, -1.25, -2.45,-18.05, -2.45,-14.45, -1.25, -2.45, -1.25]
	PARPACK diagonalization completed after 30 matrix-vector product operations.
	iteration results: : total energy is -276.000000 | electron energy -276.000000 + phonon energy 0.000000 | electron momentum kIdx = 10
The 27-th iteration is completed.	|| time cost : 0h 0m 0.328s
********************************************************************************************************************
Start the 28 rounds of NGS-ED iteration
	effective electronic model is modified as: kinetic energy t = 1.46412e-12
	                                           effective interaction Vq = [-42.05,-14.45, -1.25,-14.45,-14.45, -1.25, -2.45, -1.25, -1.25, -2.45,-18.05, -2.45,-14.45, -1.25, -2.45, -1.25]
	PARPACK diagonalization completed after 30 matrix-vector product operations.
	iteration results: : total energy is -276.000000 | electron energy -276.000000 + phonon energy 0.000000 | electron momentum kIdx = 10
The 28-th iteration is completed.	|| time cost : 0h 0m 0.332s
********************************************************************************************************************
Start the 29 rounds of NGS-ED iteration
	effective electronic model is modified as: kinetic energy (tx,ty)=(1.46026e-12, 1.46378e-12)
	                                           effective interaction Vq = [-42.05,-14.45, -1.25,-14.45,-14.45, -1.25, -2.45, -1.25, -1.25, -2.45,-18.05, -2.45,-14.45, -1.25, -2.45, -1.25]
	PARPACK diagonalization completed after 30 matrix-vector product operations.
	iteration results: : total energy is -276.000000 | electron energy -276.000000 + phonon energy 0.000000 | electron momentum kIdx = 10
The 29-th iteration is completed.	|| time cost : 0h 0m 0.333s
********************************************************************************************************************
Start the 30 rounds of NGS-ED iteration
	effective electronic model is modified as: kinetic energy t = 1.46261e-12
	                                           effective interaction Vq = [-42.05,-14.45, -1.25,-14.45,-14.45, -1.25, -2.45, -1.25, -1.25, -2.45,-18.05, -2.45,-14.45, -1.25, -2.45, -1.25]
	PARPACK diagonalization completed after 30 matrix-vector product operations.
	iteration results: : total energy is -276.000000 | electron energy -276.000000 + phonon energy 0.000000 | electron momentum kIdx = 10
The 30-th iteration is completed.	|| time cost : 0h 0m 0.331s
********************************************************************************************************************
Start the 31 rounds of NGS-ED iteration
	effective electronic model is modified as: kinetic energy t = 1.46382e-12
	                                           effective interaction Vq = [-42.05,-14.45, -1.25,-14.45,-14.45, -1.25, -2.45, -1.25, -1.25, -2.45,-18.05, -2.45,-14.45, -1.25, -2.45, -1.25]
	PARPACK diagonalization completed after 30 matrix-vector product operations.
	iteration results: : total energy is -276.000000 | electron energy -276.000000 + phonon energy 0.000000 | electron momentum kIdx = 10
The 31-th iteration is completed.	|| time cost : 0h 0m 0.331s
********************************************************************************************************************
Start the 32 rounds of NGS-ED iteration
	effective electronic model is modified as: kinetic energy t = 1.46346e-12
	                                           effective interaction Vq = [-42.05,-14.45, -1.25,-14.45,-14.45, -1.25, -2.45, -1.25, -1.25, -2.45,-18.05, -2.45,-14.45, -1.25, -2.45, -1.25]
	PARPACK diagonalization completed after 30 matrix-vector product operations.
	iteration results: : total energy is -276.000000 | electron energy -276.000000 + phonon energy 0.000000 | electron momentum kIdx = 10
The 32-th iteration is completed.	|| time cost : 0h 0m 0.33s
********************************************************************************************************************
Start the 33 rounds of NGS-ED iteration
	effective electronic model is modified as: kinetic energy (tx,ty)=(1.46401e-12, 1.45528e-12)
	                                           effective interaction Vq = [  -42.05,  -14.45,   -1.25,  -14.45,  -14.45,   -1.25,   -2.45,   -1.25,-1.24998,   -2.45,  -18.05,   -2.45,  -14.45,   -1.25,   -2.45,   -1.25]
	PARPACK diagonalization completed after 30 matrix-vector product operations.
	iteration results: : total energy is -276.000000 | electron energy -276.000000 + phonon energy 0.000000 | electron momentum kIdx = 10
The 33-th iteration is completed.	|| time cost : 0h 0m 0.336s
********************************************************************************************************************
Start the 34 rounds of NGS-ED iteration
	effective electronic model is modified as: kinetic energy (tx,ty)=(1.45414e-12, 1.46314e-12)
	                                           effective interaction Vq = [  -42.05,  -14.45,-1.24998,  -14.45,  -14.45,   -1.25,   -2.45,   -1.25,   -1.25,   -2.45,  -18.05,   -2.45,  -14.45,   -1.25,   -2.45,   -1.25]
	PARPACK diagonalization completed after 30 matrix-vector product operations.
	iteration results: : total energy is -276.000000 | electron energy -276.000000 + phonon energy 0.000000 | electron momentum kIdx = 10
The 34-th iteration is completed.	|| time cost : 0h 0m 0.335s
********************************************************************************************************************
Start the 35 rounds of NGS-ED iteration
	effective electronic model is modified as: kinetic energy t = 1.46849e-12
	                                           effective interaction Vq = [-42.05,-14.45, -1.25,-14.45,-14.45, -1.25, -2.45, -1.25, -1.25, -2.45,-18.05, -2.45,-14.45, -1.25, -2.45, -1.25]
	PARPACK diagonalization completed after 30 matrix-vector product operations.
	iteration results: : total energy is -276.000000 | electron energy -276.000000 + phonon energy 0.000000 | electron momentum kIdx = 10
The 35-th iteration is completed.	|| time cost : 0h 0m 0.33s
********************************************************************************************************************
Start the 36 rounds of NGS-ED iteration
	effective electronic model is modified as: kinetic energy t = 1.46505e-12
	                                           effective interaction Vq = [-42.05,-14.45, -1.25,-14.45,-14.45, -1.25, -2.45, -1.25, -1.25, -2.45,-18.05, -2.45,-14.45, -1.25, -2.45, -1.25]
	PARPACK diagonalization completed after 30 matrix-vector product operations.
	iteration results: : total energy is -276.000000 | electron energy -276.000000 + phonon energy 0.000000 | electron momentum kIdx = 10
The 36-th iteration is completed.	|| time cost : 0h 0m 0.332s
********************************************************************************************************************
Start the 37 rounds of NGS-ED iteration
	effective electronic model is modified as: kinetic energy t = 1.46395e-12
	                                           effective interaction Vq = [-42.05,-14.45, -1.25,-14.45,-14.45, -1.25, -2.45, -1.25, -1.25, -2.45,-18.05, -2.45,-14.45, -1.25, -2.45, -1.25]
	PARPACK diagonalization completed after 30 matrix-vector product operations.
	iteration results: : total energy is -276.000000 | electron energy -276.000000 + phonon energy 0.000000 | electron momentum kIdx = 10
The 37-th iteration is completed.	|| time cost : 0h 0m 0.329s
********************************************************************************************************************
Start the 38 rounds of NGS-ED iteration
	effective electronic model is modified as: kinetic energy t = 1.46476e-12
	                                           effective interaction Vq = [-42.05,-14.45, -1.25,-14.45,-14.45, -1.25, -2.45, -1.25, -1.25, -2.45,-18.05, -2.45,-14.45, -1.25, -2.45, -1.25]
	PARPACK diagonalization completed after 30 matrix-vector product operations.
	iteration results: : total energy is -276.000000 | electron energy -276.000000 + phonon energy 0.000000 | electron momentum kIdx = 10
The 38-th iteration is completed.	|| time cost : 0h 0m 0.331s
********************************************************************************************************************
Start the 39 rounds of NGS-ED iteration
	effective electronic model is modified as: kinetic energy t = 1.46369e-12
	                                           effective interaction Vq = [-42.05,-14.45, -1.25,-14.45,-14.45, -1.25, -2.45, -1.25, -1.25, -2.45,-18.05, -2.45,-14.45, -1.25, -2.45, -1.25]
	PARPACK diagonalization completed after 30 matrix-vector product operations.
	iteration results: : total energy is -276.000000 | electron energy -276.000000 + phonon energy 0.000000 | electron momentum kIdx = 10
The 39-th iteration is completed.	|| time cost : 0h 0m 0.331s
********************************************************************************************************************
Start the 40 rounds of NGS-ED iteration
	effective electronic model is modified as: kinetic energy t = 1.46255e-12
	                                           effective interaction Vq = [-42.05,-14.45, -1.25,-14.45,-14.45, -1.25, -2.45, -1.25, -1.25, -2.45,-18.05, -2.45,-14.45, -1.25, -2.45, -1.25]
	PARPACK diagonalization completed after 30 matrix-vector product operations.
	iteration results: : total energy is -276.000000 | electron energy -276.000000 + phonon energy 0.000000 | electron momentum kIdx = 10
The 40-th iteration is completed.	|| time cost : 0h 0m 0.332s
********************************************************************************************************************
Start the 41 rounds of NGS-ED iteration
	effective electronic model is modified as: kinetic energy t = 1.46282e-12
	                                           effective interaction Vq = [-42.05,-14.45, -1.25,-14.45,-14.45, -1.25, -2.45, -1.25, -1.25, -2.45,-18.05, -2.45,-14.45, -1.25, -2.45, -1.25]
	PARPACK diagonalization completed after 30 matrix-vector product operations.
	iteration results: : total energy is -276.000000 | electron energy -276.000000 + phonon energy 0.000000 | electron momentum kIdx = 10
The 41-th iteration is completed.	|| time cost : 0h 0m 0.33s
********************************************************************************************************************
Start the 42 rounds of NGS-ED iteration
	effective electronic model is modified as: kinetic energy (tx,ty)=(1.4618e-12, 1.46328e-12)
	                                           effective interaction Vq = [-42.05,-14.45, -1.25,-14.45,-14.45, -1.25, -2.45, -1.25, -1.25, -2.45,-18.05, -2.45,-14.45, -1.25, -2.45, -1.25]
	PARPACK diagonalization completed after 30 matrix-vector product operations.
	iteration results: : total energy is -276.000000 | electron energy -276.000000 + phonon energy 0.000000 | electron momentum kIdx = 10
The 42-th iteration is completed.	|| time cost : 0h 0m 0.334s
********************************************************************************************************************
Start the 43 rounds of NGS-ED iteration
	effective electronic model is modified as: kinetic energy t = 1.46334e-12
	                                           effective interaction Vq = [-42.05,-14.45, -1.25,-14.45,-14.45, -1.25, -2.45, -1.25, -1.25, -2.45,-18.05, -2.45,-14.45, -1.25, -2.45, -1.25]
	PARPACK diagonalization completed after 30 matrix-vector product operations.
	iteration results: : total energy is -276.000000 | electron energy -276.000000 + phonon energy 0.000000 | electron momentum kIdx = 10
The 43-th iteration is completed.	|| time cost : 0h 0m 0.329s
********************************************************************************************************************
Start the 44 rounds of NGS-ED iteration
	effective electronic model is modified as: kinetic energy t = 1.46553e-12
	                                           effective interaction Vq = [-42.05,-14.45, -1.25,-14.45,-14.45, -1.25, -2.45, -1.25, -1.25, -2.45,-18.05, -2.45,-14.45, -1.25, -2.45, -1.25]
	PARPACK diagonalization completed after 30 matrix-vector product operations.
	iteration results: : total energy is -276.000000 | electron energy -276.000000 + phonon energy 0.000000 | electron momentum kIdx = 10
The 44-th iteration is completed.	|| time cost : 0h 0m 0.328s
********************************************************************************************************************
Start the 45 rounds of NGS-ED iteration
	effective electronic model is modified as: kinetic energy t = 1.46408e-12
	                                           effective interaction Vq = [-42.05,-14.45, -1.25,-14.45,-14.45, -1.25, -2.45, -1.25, -1.25, -2.45,-18.05, -2.45,-14.45, -1.25, -2.45, -1.25]
	PARPACK diagonalization completed after 30 matrix-vector product operations.
	iteration results: : total energy is -276.000000 | electron energy -276.000000 + phonon energy 0.000000 | electron momentum kIdx = 10
The 45-th iteration is completed.	|| time cost : 0h 0m 0.332s
********************************************************************************************************************
Start the 46 rounds of NGS-ED iteration
	effective electronic model is modified as: kinetic energy t = 1.46471e-12
	                                           effective interaction Vq = [-42.05,-14.45, -1.25,-14.45,-14.45, -1.25, -2.45, -1.25, -1.25, -2.45,-18.05, -2.45,-14.45, -1.25, -2.45, -1.25]
	PARPACK diagonalization completed after 30 matrix-vector product operations.
	iteration results: : total energy is -276.000000 | electron energy -276.000000 + phonon energy 0.000000 | electron momentum kIdx = 10
The 46-th iteration is completed.	|| time cost : 0h 0m 0.33s
********************************************************************************************************************
Start the 47 rounds of NGS-ED iteration
	effective electronic model is modified as: kinetic energy t = 1.46367e-12
	                                           effective interaction Vq = [-42.05,-14.45, -1.25,-14.45,-14.45, -1.25, -2.45, -1.25, -1.25, -2.45,-18.05, -2.45,-14.45, -1.25, -2.45, -1.25]
	PARPACK diagonalization completed after 30 matrix-vector product operations.
	iteration results: : total energy is -276.000000 | electron energy -276.000000 + phonon energy 0.000000 | electron momentum kIdx = 10
The 47-th iteration is completed.	|| time cost : 0h 0m 0.33s
********************************************************************************************************************
Start the 48 rounds of NGS-ED iteration
	effective electronic model is modified as: kinetic energy t = 1.46744e-12
	                                           effective interaction Vq = [-42.05,-14.45, -1.25,-14.45,-14.45, -1.25, -2.45, -1.25, -1.25, -2.45,-18.05, -2.45,-14.45, -1.25, -2.45, -1.25]
	PARPACK diagonalization completed after 30 matrix-vector product operations.
	iteration results: : total energy is -276.000000 | electron energy -276.000000 + phonon energy 0.000000 | electron momentum kIdx = 10
The 48-th iteration is completed.	|| time cost : 0h 0m 0.34s
********************************************************************************************************************
Start the 49 rounds of NGS-ED iteration
