SNEDics v3.22.2 Non-Gaussian ED ground state program		Start at Mon Feb 21 12:25:23 2022

Parallelization: 32 MPI threads  * 8 OpenMP threads = 256 total threads.
********************************************************************************************************************
********************************************************************************************************************

********************************************************************************************************************
System parameters and configurations
	special program options are enabled: splitted diagonal Hamiltonian | splitted Hamiltonian terms
********************************************************************************************************************
Read input file "model_params.in"
	Hubbard-Holstein model parameters : 	t = 1    t' = -0.1    U = 8    g = 0.25    W = 0.13    
********************************************************************************************************************
Read input file "hilbertspace_params.in"
	Requested 16-site 2D lattice, with 8 electrons (4, 4)
	Boundary : Periodic		Hilbert space representation : momentum-space (restricted to kIdx = 10)
	Conservation: particle number[U(1)]      spin[U(1)]     momentum
********************************************************************************************************************

Cluster Positions:				Cluster symmetry group : D4
 x ... x ... x ... x .....                       x ... x ... x ... x .....
 |           |           :                       |           |           :
 |           |           :                       |           |           :
12    13    14    15     x                       1     5     6     5     x
 |           |           :                       |           |           :
 |           |           :                       |           |           :
 8 --- 9 ---10 ---11 --- x                       2 --- 6 ---10 --- 6 --- x
 |           |           :                       |           |           :
 |           |           :                       |           |           :
 4     5     6     7     x                       1     5     6     5     x
 |           |           :                       |           |           :
 |           |           :                       |           |           :
 0 --- 1 --- 2 --- 3 --- x                       0 --- 1 --- 2 --- 1 --- x
orbital number : 1
********************************************************************************************************************
Read input file "obs_params.in"
	Observable Type : Nq(All),   Sq(All),   N(All-Orbital),   Delta[s](All),   Delta[d](All),   Delta[s+](All)
** WARNING ** the input observables have non-local factors which have been reinterpreted. The total observable number is 96
********************************************************************************************************************


********************************************************************************************************************
Start calculating the non-Gaussian ED ground state
Maximal iteration number is 1000; energy resolution is 1e-06. Phonon state relaxation time is 2000
W = 0.13 is relatively large. The non-Gaussian ED calculation starts directly.
open output files: NGSED_iteration_observables.txt
********************************************************************************************************************
Start the 0 rounds of NGS-ED iteration
	effective electronic model is modified as: kinetic energy t = 1, t' = -0.1
	                                           effective interaction Vq = [0,0,0,0,0,0,0,0,0,0,0,0,0,0,0,0]
	first Hamiltonian is constructed, size = 207168 and non-zero numbers = 32240256
	PARPACK diagonalization completed after 120 matrix-vector product operations.
	iteration results: : total energy is -14.272059 | electron energy -14.272059 + phonon energy 0.000000 | electron momentum kIdx = 10
	Nq(0) = 4,	Nq(1) = 0.196728,	Nq(2) = 0.234506,	Nq(3) = 0.196728,	Nq(4) = 0.196728,	Nq(5) = 0.309534,	
	Nq(6) = 0.332207,	Nq(7) = 0.309534,	Nq(8) = 0.234506,	Nq(9) = 0.332207,	Nq(10) = 0.355196,	
	Nq(11) = 0.332207,	Nq(12) = 0.196728,	Nq(13) = 0.309534,	Nq(14) = 0.332207,	Nq(15) = 0.309534;	
	Sq(0) = 1.38758e-18,	Sq(1) = 0.389327,	Sq(2) = 0.399178,	Sq(3) = 0.389327,	Sq(4) = 0.389327,	
	Sq(5) = 0.654587,	Sq(6) = 0.575543,	Sq(7) = 0.654587,	Sq(8) = 0.399178,	Sq(9) = 0.575543,	
	Sq(10) = 0.545731,	Sq(11) = 0.575543,	Sq(12) = 0.389327,	Sq(13) = 0.654587,	Sq(14) = 0.575543,	
	Sq(15) = 0.654587;	N(0) = 1.78742,	N(1) = 0.993113,	N(2) = 0.970911,	N(3) = 0.993113,	
	N(4) = 0.993113,	N(5) = 0.0551334,	N(6) = 0.0177303,	N(7) = 0.0551334,	N(8) = 0.970911,	
	N(9) = 0.0177303,	N(10) = 0.0068477,	N(11) = 0.0177303,	N(12) = 0.993113,	N(13) = 0.0551334,	
	N(14) = 0.0177303,	N(15) = 0.0551334;	Delta[s](0) = 0.0172735,	Delta[s](1) = 0.0127216,	Delta[s](2) = 0.00942304,	
	Delta[s](3) = 0.0127216,	Delta[s](4) = 0.0127216,	Delta[s](5) = 0.000311933,	Delta[s](6) = 0.000177364,	Delta[s](7) = 0.000311933,	
	Delta[s](8) = 0.00942304,	Delta[s](9) = 0.000177364,	Delta[s](10) = 7.79853e-05,	Delta[s](11) = 0.000177364,	Delta[s](12) = 0.0127216,	
	Delta[s](13) = 0.000311933,	Delta[s](14) = 0.000177364,	Delta[s](15) = 0.000311933;	Delta[d](0) = 0.014827,	Delta[d](1) = 0.0608122,	
	Delta[d](2) = 0.129724,	Delta[d](3) = 0.0608122,	Delta[d](4) = 0.0608122,	Delta[d](5) = 0.0788612,	Delta[d](6) = 0.162374,	
	Delta[d](7) = 0.0788612,	Delta[d](8) = 0.129724,	Delta[d](9) = 0.162374,	Delta[d](10) = 0.282694,	Delta[d](11) = 0.162374,	
	Delta[d](12) = 0.0608122,	Delta[d](13) = 0.0788612,	Delta[d](14) = 0.162374,	Delta[d](15) = 0.0788612;	Delta[s+](0) = 0.238491,	
	Delta[s+](1) = 0.164209,	Delta[s+](2) = 0.129724,	Delta[s+](3) = 0.164209,	Delta[s+](4) = 0.164209,	Delta[s+](5) = 0.00635266,	
	Delta[s+](6) = 0.0203927,	Delta[s+](7) = 0.00635266,	Delta[s+](8) = 0.129724,	Delta[s+](9) = 0.0203927,	Delta[s+](10) = 0.00236058,	
	Delta[s+](11) = 0.0203927,	Delta[s+](12) = 0.164209,	Delta[s+](13) = 0.00635266,	Delta[s+](14) = 0.0203927,	Delta[s+](15) = 0.00635266
	
The 0-th iteration is completed.	|| time cost : 0h 0m 4.887s
********************************************************************************************************************
Start the 1 rounds of NGS-ED iteration
	effective electronic model is modified as: kinetic energy t = 0.99483, t' = -0.0993757
	                                           effective interaction Vq = [ -0.480769,-0.0521049,-0.0315014,-0.0521049,-0.0521049, -0.042781,-0.0305868, -0.042781,-0.0315014,-0.0305868,-0.0245753,-0.0305868,-0.0521049, -0.042781,-0.0305868, -0.042781]
	PARPACK diagonalization completed after 30 matrix-vector product operations.
	iteration results: : total energy is -16.272598 | electron energy -16.275756 + phonon energy 0.003158 | electron momentum kIdx = 10
The 1-th iteration is completed.	|| time cost : 0h 0m 3.417s
********************************************************************************************************************
Start the 2 rounds of NGS-ED iteration
	effective electronic model is modified as: kinetic energy t = 0.994826, t' = -0.0993746
	                                           effective interaction Vq = [ -0.480769,-0.0522314,-0.0314694,-0.0522314,-0.0522314,-0.0428288,-0.0305414,-0.0428288,-0.0314694,-0.0305414, -0.024515,-0.0305414,-0.0522314,-0.0428288,-0.0305414,-0.0428288]
	PARPACK diagonalization completed after 30 matrix-vector product operations.
	iteration results: : total energy is -16.272598 | electron energy -16.275764 + phonon energy 0.003166 | electron momentum kIdx = 10
The 2-th iteration is completed.	|| time cost : 0h 0m 0.833s
********************************************************************************************************************
Start the 3 rounds of NGS-ED iteration
	effective electronic model is modified as: kinetic energy t = 0.994826, t' = -0.0993746
	                                           effective interaction Vq = [ -0.480769,-0.0522324,-0.0314692,-0.0522324,-0.0522324, -0.042829, -0.030541, -0.042829,-0.0314692, -0.030541,-0.0245148, -0.030541,-0.0522324, -0.042829, -0.030541, -0.042829]
	PARPACK diagonalization completed after 30 matrix-vector product operations.
	iteration results: : total energy is -16.272598 | electron energy -16.275764 + phonon energy 0.003166 | electron momentum kIdx = 10
The 3-th iteration is completed.	|| time cost : 0h 0m 0.791s
********************************************************************************************************************
Start the 4 rounds of NGS-ED iteration
	effective electronic model is modified as: kinetic energy t = 0.994826, t' = -0.0993746
	                                           effective interaction Vq = [ -0.480769,-0.0522324,-0.0314692,-0.0522324,-0.0522324, -0.042829, -0.030541, -0.042829,-0.0314692, -0.030541,-0.0245148, -0.030541,-0.0522324, -0.042829, -0.030541, -0.042829]
	PARPACK diagonalization completed after 30 matrix-vector product operations.
	iteration results: : total energy is -16.272598 | electron energy -16.275764 + phonon energy 0.003166 | electron momentum kIdx = 10
	Nq(0) = 4,	Nq(1) = 0.197241,	Nq(2) = 0.234351,	Nq(3) = 0.197241,	Nq(4) = 0.197241,	Nq(5) = 0.309942,	
	Nq(6) = 0.331869,	Nq(7) = 0.309942,	Nq(8) = 0.234351,	Nq(9) = 0.331869,	Nq(10) = 0.354524,	
	Nq(11) = 0.331869,	Nq(12) = 0.197241,	Nq(13) = 0.309942,	Nq(14) = 0.331869,	Nq(15) = 0.309942;	
	Sq(0) = -5.74922e-19,	Sq(1) = 0.389355,	Sq(2) = 0.399102,	Sq(3) = 0.389355,	Sq(4) = 0.389355,	
	Sq(5) = 0.653924,	Sq(6) = 0.575759,	Sq(7) = 0.653924,	Sq(8) = 0.399102,	Sq(9) = 0.575759,	
	Sq(10) = 0.546211,	Sq(11) = 0.575759,	Sq(12) = 0.389355,	Sq(13) = 0.653924,	Sq(14) = 0.575759,	
	Sq(15) = 0.653924;	N(0) = 1.78897,	N(1) = 0.993079,	N(2) = 0.971129,	N(3) = 0.993079,	
	N(4) = 0.993079,	N(5) = 0.0546819,	N(6) = 0.0177049,	N(7) = 0.0546819,	N(8) = 0.971129,	
	N(9) = 0.0177049,	N(10) = 0.00691171,	N(11) = 0.0177049,	N(12) = 0.993079,	N(13) = 0.0546819,	
	N(14) = 0.0177049,	N(15) = 0.0546819;	Delta[s](0) = 0.0173837,	Delta[s](1) = 0.0128231,	Delta[s](2) = 0.00950768,	
	Delta[s](3) = 0.0128231,	Delta[s](4) = 0.0128231,	Delta[s](5) = 0.000309984,	Delta[s](6) = 0.000177279,	Delta[s](7) = 0.000309984,	
	Delta[s](8) = 0.00950768,	Delta[s](9) = 0.000177279,	Delta[s](10) = 7.83191e-05,	Delta[s](11) = 0.000177279,	Delta[s](12) = 0.0128231,	
	Delta[s](13) = 0.000309984,	Delta[s](14) = 0.000177279,	Delta[s](15) = 0.000309984;	Delta[d](0) = 0.0147446,	Delta[d](1) = 0.0608148,	
	Delta[d](2) = 0.12984,	Delta[d](3) = 0.0608148,	Delta[d](4) = 0.0608148,	Delta[d](5) = 0.0788802,	Delta[d](6) = 0.162475,	
	Delta[d](7) = 0.0788802,	Delta[d](8) = 0.12984,	Delta[d](9) = 0.162475,	Delta[d](10) = 0.282774,	Delta[d](11) = 0.162475,	
	Delta[d](12) = 0.0608148,	Delta[d](13) = 0.0788802,	Delta[d](14) = 0.162475,	Delta[d](15) = 0.0788802;	Delta[s+](0) = 0.238909,	
	Delta[s+](1) = 0.164547,	Delta[s+](2) = 0.12984,	Delta[s+](3) = 0.164547,	Delta[s+](4) = 0.164547,	Delta[s+](5) = 0.00629744,	
	Delta[s+](6) = 0.0203766,	Delta[s+](7) = 0.00629744,	Delta[s+](8) = 0.12984,	Delta[s+](9) = 0.0203766,	Delta[s+](10) = 0.00236266,	
	Delta[s+](11) = 0.0203766,	Delta[s+](12) = 0.164547,	Delta[s+](13) = 0.00629744,	Delta[s+](14) = 0.0203766,	Delta[s+](15) = 0.00629744
	
The 4-th iteration is completed.	|| time cost : 0h 0m 2.985s
********************************************************************************************************************
********************************************************************************************************************
Ground state is obtained after 5 iterations. The current ground-state energy is -16.2726, in which electron energy is -16.2758 and phonon energy is 0.00316559
Final variational state is: 
	Gamma_x = [      1,1.07993,1.05732,1.07993,1.07993,1.10469,1.07962,1.10469,1.05732,1.07962,1.06815,1.07962,1.07993,1.10469,1.07962,1.10469]
	lambda_q = [  1.92308, 0.107468,0.0640035, 0.107468, 0.107468,0.0876558,0.0620842,0.0876558,0.0640035,0.0620842, 0.049671,0.0620842, 0.107468,0.0876558,0.0620842,0.0876558]
Effective e-e interactions mediated by phonons are:
	momentum-space Vq = [ -0.480769,-0.0522324,-0.0314692,-0.0522324,-0.0522324, -0.042829, -0.030541, -0.042829,-0.0314692, -0.030541,-0.0245148, -0.030541,-0.0522324, -0.042829, -0.030541, -0.042829]
	real-space Vr = [-0.0669145,-0.0312273,-0.0248066,-0.0312273,-0.0312273,-0.0276466,-0.0258045,-0.0276466,-0.0248066,-0.0258045,-0.0255278,-0.0258045,-0.0312273,-0.0276466,-0.0258045,-0.0276466]
********************************************************************************************************************
o___o  ----------------------------------------
| L |	Time since last clock: 0h 0m 0.007s
A===A	Time since the beginning: 0h 0m 12.922s
***********************************************


Non-Gaussina ED ground state calculation is completed. The final ground-state energy is -16.2726
********************************************************************************************************************
o___o  ----------------------------------------
| L |	Time since last clock: 0h 0m 0.002s
A===A	Time since the beginning: 0h 0m 12.924s
***********************************************



********************************************************************************************************************
All non-Gaussian ED ground state calculations have been completed. Exit now.
