SNEDics v3.4 Non-Gaussian ED ground state program		Start at Sat Sep 28 12:15:35 2019

parallized on 16 MPI threads  * 8 OpenMP threads = 128 total threads.
********************************************************************************************************************
********************************************************************************************************************

********************************************************************************************************************
System parameters and configurations
********************************************************************************************************************
Special program options are enabled: splitted diagonal Hamiltonian
********************************************************************************************************************
Read input file "model_params.in"
	Hubbard-Holstein model parameters : 	t = 1    g = 2.7386    W = 5    
********************************************************************************************************************
Read input file "hilbertspace_params.in"
	Requested 16-site 2D lattice, with 10 electrons (5, 5)
	Boundary : Periodic		Hilbert space representation : momentum-space (restricted to kIdx = 0)
	Conservation: particle number[U(1)]      spin[U(1)]     momentum
********************************************************************************************************************

Cluster Positions:				Cluster symmetry group : D4
 x ... x ... x ... x .....                       x ... x ... x ... x .....
 |           |           :                       |           |           :
 |           |           :                       |           |           :
12    13    14    15     x                       1     5     6     5     x
 |           |           :                       |           |           :
 |           |           :                       |           |           :
 8 --- 9 ---10 ---11 --- x                       2 --- 6 ---10 --- 6 --- x
 |           |           :                       |           |           :
 |           |           :                       |           |           :
 4     5     6     7     x                       1     5     6     5     x
 |           |           :                       |           |           :
 |           |           :                       |           |           :
 0 --- 1 --- 2 --- 3 --- x                       0 --- 1 --- 2 --- 1 --- x
orbital number : 1
********************************************************************************************************************
Read input file "obs_params.in"
	Observable Type : Nq(All),   Sq(All),   N(All),   Delta[s](All),   Delta[d](All),   Delta[s+](All)
********************************************************************************************************************
** WARNING ** the input observables have non-local factors which have been reinterpreted. The total observable number is 96
********************************************************************************************************************


********************************************************************************************************************
Start calculating the non-Gaussian ED ground state
** WARNING ** Detected low phonon energy W < 10. The initial state will be prepared through a warm-up process.
********************************************************************************************************************
Start warm-up calculation for scaling factor 2
open output files: NGSEDWarmUpW10Obs.txt
********************************************************************************************************************
Start the 0 rounds of NGS-ED iteration
	effective electronic model is modified as: kinetic energy t = 1
	                                           effective interaction Vq = [-0,-0,-0,-0,-0,-0,-0,-0,-0,-0,-0,-0,-0,-0,-0,-0]
	first Hamiltonian is constructed, non-zero numbers = 848674
	PARPACK diagonalization completed after 30 matrix-vector product operations.
	iteration results: : total energy is -24.000000 | electron energy -24.000000 + phonon energy 0.000000 | electron momentum kIdx = 0
	Nq(0) = 6.25,	Nq(1) = 0.375,	Nq(2) = 0.375,	Nq(3) = 0.375,	Nq(4) = 0.375,	Nq(5) = 0.375,	Nq(6) = 0.625,	Nq(7) = 0.375,	Nq(8) = 0.375,	Nq(9) = 0.625,	Nq(10) = 0.625,	Nq(11) = 0.625,	Nq(12) = 0.375,	Nq(13) = 0.375,	Nq(14) = 0.625,	Nq(15) = 0.375,	Sq(0) = 0,	Sq(1) = 0.375,	Sq(2) = 0.375,	Sq(3) = 0.375,	Sq(4) = 0.375,	Sq(5) = 0.375,	Sq(6) = 0.625,	Sq(7) = 0.375,	Sq(8) = 0.375,	Sq(9) = 0.625,	Sq(10) = 0.625,	Sq(11) = 0.625,	Sq(12) = 0.375,	Sq(13) = 0.375,	Sq(14) = 0.625,	Sq(15) = 0.375,	N(0) = 2,	N(1) = 2,	N(2) = 2.25042e-29,	N(3) = 2,	N(4) = 2,	N(5) = 2.24887e-29,	N(6) = 1.82881e-29,	N(7) = 2.27234e-29,	N(8) = 1.90941e-29,	N(9) = 1.7979e-29,	N(10) = 1.97013e-29,	N(11) = 1.79384e-29,	N(12) = 2,	N(13) = 2.19215e-29,	N(14) = 1.80696e-29,	N(15) = 2.04193e-29,	Delta[s](0) = 0.276753,	Delta[s](1) = 0.120936,	Delta[s](2) = 0.120171,	Delta[s](3) = 0.120936,	Delta[s](4) = 0.120936,	Delta[s](5) = 0.120171,	Delta[s](6) = 0.0163401,	Delta[s](7) = 0.120171,	Delta[s](8) = 0.120171,	Delta[s](9) = 0.0163401,	Delta[s](10) = 0.0156192,	Delta[s](11) = 0.0163401,	Delta[s](12) = 0.120936,	Delta[s](13) = 0.120171,	Delta[s](14) = 0.0163401,	Delta[s](15) = 0.120171,	Delta[d](0) = 0.236441,	Delta[d](1) = 0.0655846,	Delta[d](2) = 0.125152,	Delta[d](3) = 0.0655846,	Delta[d](4) = 0.0655846,	Delta[d](5) = 0.121518,	Delta[d](6) = 0.008022,	Delta[d](7) = 0.121518,	Delta[d](8) = 0.125152,	Delta[d](9) = 0.008022,	Delta[d](10) = 0.00659387,	Delta[d](11) = 0.008022,	Delta[d](12) = 0.0655846,	Delta[d](13) = 0.121518,	Delta[d](14) = 0.008022,	Delta[d](15) = 0.121518,	Delta[s+](0) = 0.485656,	Delta[s+](1) = 0.304749,	Delta[s+](2) = 0.125152,	Delta[s+](3) = 0.304749,	Delta[s+](4) = 0.304749,	Delta[s+](5) = 0.125152,	Delta[s+](6) = 0.00503066,	Delta[s+](7) = 0.125152,	Delta[s+](8) = 0.125152,	Delta[s+](9) = 0.00503066,	Delta[s+](10) = 0.0014482,	Delta[s+](11) = 0.00503066,	Delta[s+](12) = 0.304749,	Delta[s+](13) = 0.125152,	Delta[s+](14) = 0.00503066,	Delta[s+](15) = 0.125152
The 0-th iteration is completed.	|| time cost : 0h 0m 38.124s
********************************************************************************************************************
Start the 1 rounds of NGS-ED iteration
	effective electronic model is modified as: kinetic energy t = 0.956245
	                                           effective interaction Vq = [-1.29698,-1.24068,-1.18474,-1.24068,-1.24068,-1.18474,-1.19659,-1.18474,-1.18474,-1.19659, -1.1637,-1.19659,-1.24068,-1.18474,-1.19659,-1.18474]
	PARPACK diagonalization completed after 30 matrix-vector product operations.
	iteration results: : total energy is -40.192539 | electron energy -40.194949 + phonon energy 0.002410 | electron momentum kIdx = 0
The 1-th iteration is completed.	|| time cost : 0h 0m 39.423s
********************************************************************************************************************
Start the 2 rounds of NGS-ED iteration
	effective electronic model is modified as: kinetic energy t = 0.926081
	                                           effective interaction Vq = [-1.47251,-1.42969,-1.36714,-1.42969,-1.42969,-1.36714, -1.3927,-1.36714,-1.36714, -1.3927,-1.35592, -1.3927,-1.42969,-1.36714, -1.3927,-1.36714]
	PARPACK diagonalization completed after 30 matrix-vector product operations.
	iteration results: : total energy is -42.223962 | electron energy -42.237641 + phonon energy 0.013680 | electron momentum kIdx = 0
The 2-th iteration is completed.	|| time cost : 0h 0m 2.191s
********************************************************************************************************************
Start the 3 rounds of NGS-ED iteration
	effective electronic model is modified as: kinetic energy t = 0.914675
	                                           effective interaction Vq = [-1.49627,-1.46704,-1.40883,-1.46704,-1.46704,-1.40883,-1.43717,-1.40883,-1.40883,-1.43717,-1.40309,-1.43717,-1.46704,-1.40883,-1.43717,-1.40883]
	PARPACK diagonalization completed after 30 matrix-vector product operations.
	iteration results: : total energy is -42.480643 | electron energy -42.503083 + phonon energy 0.022440 | electron momentum kIdx = 0
The 3-th iteration is completed.	|| time cost : 0h 0m 2.2s
********************************************************************************************************************
Start the 4 rounds of NGS-ED iteration
	effective electronic model is modified as: kinetic energy t = 0.910744
	                                           effective interaction Vq = [-1.49948,-1.47649,-1.42055,-1.47649,-1.47649,-1.42055,-1.44966,-1.42055,-1.42055,-1.44966,-1.41699,-1.44966,-1.47649,-1.42055,-1.44966,-1.42055]
	PARPACK diagonalization completed after 30 matrix-vector product operations.
	iteration results: : total energy is -42.513032 | electron energy -42.539422 + phonon energy 0.026390 | electron momentum kIdx = 0
The 4-th iteration is completed.	|| time cost : 0h 0m 2.192s
********************************************************************************************************************
Start the 5 rounds of NGS-ED iteration
	effective electronic model is modified as: kinetic energy t = 0.909422
	                                           effective interaction Vq = [-1.49992,-1.47931,-1.42415,-1.47931,-1.47931,-1.42415,-1.45359,-1.42415,-1.42415,-1.45359,-1.42144,-1.45359,-1.47931,-1.42415,-1.45359,-1.42415]
	PARPACK diagonalization completed after 30 matrix-vector product operations.
	iteration results: : total energy is -42.517135 | electron energy -42.545003 + phonon energy 0.027869 | electron momentum kIdx = 0
The 5-th iteration is completed.	|| time cost : 0h 0m 2.196s
********************************************************************************************************************
Start the 6 rounds of NGS-ED iteration
	effective electronic model is modified as: kinetic energy t = 0.90898
	                                           effective interaction Vq = [-1.49998,-1.48021,-1.42529,-1.48021,-1.48021,-1.42529,-1.45489,-1.42529,-1.42529,-1.45489,-1.42292,-1.45489,-1.48021,-1.42529,-1.45489,-1.42529]
	PARPACK diagonalization completed after 30 matrix-vector product operations.
	iteration results: : total energy is -42.517658 | electron energy -42.546043 + phonon energy 0.028385 | electron momentum kIdx = 0
The 6-th iteration is completed.	|| time cost : 0h 0m 2.208s
********************************************************************************************************************
Start the 7 rounds of NGS-ED iteration
	effective electronic model is modified as: kinetic energy t = 0.908833
	                                           effective interaction Vq = [-1.49998,-1.48051,-1.42566,-1.48051,-1.48051,-1.42566,-1.45533,-1.42566,-1.42566,-1.45533,-1.42341,-1.45533,-1.48051,-1.42566,-1.45533,-1.42566]
	PARPACK diagonalization completed after 30 matrix-vector product operations.
	iteration results: : total energy is -42.517725 | electron energy -42.546286 + phonon energy 0.028561 | electron momentum kIdx = 0
The 7-th iteration is completed.	|| time cost : 0h 0m 2.196s
********************************************************************************************************************
Start the 8 rounds of NGS-ED iteration
	effective electronic model is modified as: kinetic energy t = 0.908784
	                                           effective interaction Vq = [-1.49999,-1.48061,-1.42578,-1.48061,-1.48061,-1.42578,-1.45547,-1.42578,-1.42578,-1.45547,-1.42358,-1.45547,-1.48061,-1.42578,-1.45547,-1.42578]
	PARPACK diagonalization completed after 30 matrix-vector product operations.
	iteration results: : total energy is -42.517734 | electron energy -42.546354 + phonon energy 0.028621 | electron momentum kIdx = 0
	Nq(0) = 6.25,	Nq(1) = 0.487364,	Nq(2) = 0.433235,	Nq(3) = 0.487364,	Nq(4) = 0.487364,	Nq(5) = 0.433235,	Nq(6) = 0.880176,	Nq(7) = 0.433235,	Nq(8) = 0.433235,	Nq(9) = 0.880176,	Nq(10) = 0.832653,	Nq(11) = 0.880176,	Nq(12) = 0.487364,	Nq(13) = 0.433235,	Nq(14) = 0.880176,	Nq(15) = 0.433235,	Sq(0) = -1.16207e-17,	Sq(1) = 0.24334,	Sq(2) = 0.293743,	Sq(3) = 0.24334,	Sq(4) = 0.24334,	Sq(5) = 0.293743,	Sq(6) = 0.413886,	Sq(7) = 0.293743,	Sq(8) = 0.293743,	Sq(9) = 0.413886,	Sq(10) = 0.456415,	Sq(11) = 0.413886,	Sq(12) = 0.24334,	Sq(13) = 0.293743,	Sq(14) = 0.413886,	Sq(15) = 0.293743,	N(0) = 1.9476,	N(1) = 1.8544,	N(2) = 0.082814,	N(3) = 1.8544,	N(4) = 1.8544,	N(5) = 0.082814,	N(6) = 0.0287025,	N(7) = 0.082814,	N(8) = 0.082814,	N(9) = 0.0287025,	N(10) = 0.0230837,	N(11) = 0.0287025,	N(12) = 1.8544,	N(13) = 0.082814,	N(14) = 0.0287025,	N(15) = 0.082814,	Delta[s](0) = 0.549411,	Delta[s](1) = 0.168556,	Delta[s](2) = 0.181389,	Delta[s](3) = 0.168556,	Delta[s](4) = 0.168556,	Delta[s](5) = 0.181389,	Delta[s](6) = 0.0537705,	Delta[s](7) = 0.181389,	Delta[s](8) = 0.181389,	Delta[s](9) = 0.0537705,	Delta[s](10) = 0.0490641,	Delta[s](11) = 0.0537705,	Delta[s](12) = 0.168556,	Delta[s](13) = 0.181389,	Delta[s](14) = 0.0537705,	Delta[s](15) = 0.181389,	Delta[d](0) = 0.195737,	Delta[d](1) = 0.0687067,	Delta[d](2) = 0.0986848,	Delta[d](3) = 0.0687067,	Delta[d](4) = 0.0687067,	Delta[d](5) = 0.103029,	Delta[d](6) = 0.0262726,	Delta[d](7) = 0.103029,	Delta[d](8) = 0.0986848,	Delta[d](9) = 0.0262726,	Delta[d](10) = 0.0174195,	Delta[d](11) = 0.0262726,	Delta[d](12) = 0.0687067,	Delta[d](13) = 0.103029,	Delta[d](14) = 0.0262726,	Delta[d](15) = 0.103029,	Delta[s+](0) = 0.366046,	Delta[s+](1) = 0.235642,	Delta[s+](2) = 0.0986848,	Delta[s+](3) = 0.235642,	Delta[s+](4) = 0.235642,	Delta[s+](5) = 0.0986848,	Delta[s+](6) = 0.0126762,	Delta[s+](7) = 0.0986848,	Delta[s+](8) = 0.0986848,	Delta[s+](9) = 0.0126762,	Delta[s+](10) = 0.0049611,	Delta[s+](11) = 0.0126762,	Delta[s+](12) = 0.235642,	Delta[s+](13) = 0.0986848,	Delta[s+](14) = 0.0126762,	Delta[s+](15) = 0.0986848
The 8-th iteration is completed.	|| time cost : 0h 0m 20.608s
********************************************************************************************************************
********************************************************************************************************************
Ground state is obtained after 9 iterations. The current ground-state energy is -42.5177, in which electron energy is -42.5464 and phonon energy is 0.0286205
final variational state is: 
	Gamma_x = [      1,1.01482,1.02272,1.01482,1.01482,1.02272,1.03833,1.02272,1.02272,1.03833,1.04458,1.03833,1.01482,1.02272,1.03833,1.02272]
	lambda_q = [0.387249, 0.34331,0.301176, 0.34331, 0.34331,0.301176,0.320615,0.301176,0.301176,0.320615,0.299917,0.320615, 0.34331,0.301176,0.320615,0.301176]
********************************************************************************************************************
o___o  ----------------------------------------
| L |	Time since last clock: 0h 0m 0s
A===A	Time since the beginning: 0h 1m 51.343s
***********************************************


********************************************************************************************************************
Warm up runs have been completed. Start calculating W = 5 phonon.
open output files: NGSEDIterationObs.txt
********************************************************************************************************************
Start the 0 rounds of NGS-ED iteration
	effective electronic model is modified as: kinetic energy t = 0.908768
	                                           effective interaction Vq = [-1.37123,-1.29107,-1.19607,-1.29107,-1.29107,-1.19607, -1.2421,-1.19607,-1.19607, -1.2421,-1.19295, -1.2421,-1.29107,-1.19607, -1.2421,-1.19607]
	PARPACK diagonalization completed after 30 matrix-vector product operations.
	iteration results: : total energy is -39.853966 | electron energy -39.868286 + phonon energy 0.014320 | electron momentum kIdx = 0
	Nq(0) = 6.25,	Nq(1) = 0.47964,	Nq(2) = 0.422055,	Nq(3) = 0.47964,	Nq(4) = 0.47964,	Nq(5) = 0.422055,	Nq(6) = 0.831726,	Nq(7) = 0.422055,	Nq(8) = 0.422055,	Nq(9) = 0.831726,	Nq(10) = 0.787669,	Nq(11) = 0.831726,	Nq(12) = 0.47964,	Nq(13) = 0.422055,	Nq(14) = 0.831726,	Nq(15) = 0.422055,	Sq(0) = 1.19795e-17,	Sq(1) = 0.264301,	Sq(2) = 0.310229,	Sq(3) = 0.264301,	Sq(4) = 0.264301,	Sq(5) = 0.310229,	Sq(6) = 0.445056,	Sq(7) = 0.310229,	Sq(8) = 0.310229,	Sq(9) = 0.445056,	Sq(10) = 0.485735,	Sq(11) = 0.445056,	Sq(12) = 0.264301,	Sq(13) = 0.310229,	Sq(14) = 0.445056,	Sq(15) = 0.310229,	N(0) = 1.96392,	N(1) = 1.89595,	N(2) = 0.0595861,	N(3) = 1.89595,	N(4) = 1.89595,	N(5) = 0.0595861,	N(6) = 0.019512,	N(7) = 0.0595861,	N(8) = 0.0595861,	N(9) = 0.019512,	N(10) = 0.0167037,	N(11) = 0.019512,	N(12) = 1.89595,	N(13) = 0.0595861,	N(14) = 0.019512,	N(15) = 0.0595861,	Delta[s](0) = 0.455688,	Delta[s](1) = 0.161199,	Delta[s](2) = 0.170997,	Delta[s](3) = 0.161199,	Delta[s](4) = 0.161199,	Delta[s](5) = 0.170997,	Delta[s](6) = 0.0574248,	Delta[s](7) = 0.170997,	Delta[s](8) = 0.170997,	Delta[s](9) = 0.0574248,	Delta[s](10) = 0.0515692,	Delta[s](11) = 0.0574248,	Delta[s](12) = 0.161199,	Delta[s](13) = 0.170997,	Delta[s](14) = 0.0574248,	Delta[s](15) = 0.170997,	Delta[d](0) = 0.203636,	Delta[d](1) = 0.0710927,	Delta[d](2) = 0.104778,	Delta[d](3) = 0.0710927,	Delta[d](4) = 0.0710927,	Delta[d](5) = 0.108173,	Delta[d](6) = 0.0271426,	Delta[d](7) = 0.108173,	Delta[d](8) = 0.104778,	Delta[d](9) = 0.0271426,	Delta[d](10) = 0.0183557,	Delta[d](11) = 0.0271426,	Delta[d](12) = 0.0710927,	Delta[d](13) = 0.108173,	Delta[d](14) = 0.0271426,	Delta[d](15) = 0.108173,	Delta[s+](0) = 0.385072,	Delta[s+](1) = 0.24871,	Delta[s+](2) = 0.104778,	Delta[s+](3) = 0.24871,	Delta[s+](4) = 0.24871,	Delta[s+](5) = 0.104778,	Delta[s+](6) = 0.0137485,	Delta[s+](7) = 0.104778,	Delta[s+](8) = 0.104778,	Delta[s+](9) = 0.0137485,	Delta[s+](10) = 0.00513342,	Delta[s+](11) = 0.0137485,	Delta[s+](12) = 0.24871,	Delta[s+](13) = 0.104778,	Delta[s+](14) = 0.0137485,	Delta[s+](15) = 0.104778
The 0-th iteration is completed.	|| time cost : 0h 0m 20.581s
********************************************************************************************************************
Start the 1 rounds of NGS-ED iteration
	effective electronic model is modified as: kinetic energy t = 0.893936
	                                           effective interaction Vq = [-1.45262,   -1.37,-1.25351,   -1.37,   -1.37,-1.25351,-1.30995,-1.25351,-1.25351,-1.30995,-1.24759,-1.30995,   -1.37,-1.25351,-1.30995,-1.25351]
	PARPACK diagonalization completed after 30 matrix-vector product operations.
	iteration results: : total energy is -40.565051 | electron energy -40.610431 + phonon energy 0.045380 | electron momentum kIdx = 0
The 1-th iteration is completed.	|| time cost : 0h 0m 2.194s
********************************************************************************************************************
Start the 2 rounds of NGS-ED iteration
	effective electronic model is modified as: kinetic energy t = 0.88499
	                                           effective interaction Vq = [-1.48256,-1.40686,-1.28294,-1.40686,-1.40686,-1.28294,-1.34489,-1.28294,-1.28294,-1.34489,-1.27875,-1.34489,-1.40686,-1.28294,-1.34489,-1.28294]
	PARPACK diagonalization completed after 30 matrix-vector product operations.
	iteration results: : total energy is -40.818708 | electron energy -40.887767 + phonon energy 0.069058 | electron momentum kIdx = 0
The 2-th iteration is completed.	|| time cost : 0h 0m 2.198s
********************************************************************************************************************
Start the 3 rounds of NGS-ED iteration
	effective electronic model is modified as: kinetic energy t = 0.879736
	                                           effective interaction Vq = [-1.49358,-1.42512,-1.29855,-1.42512,-1.42512,-1.29855,-1.36356,-1.29855,-1.29855,-1.36356,-1.29655,-1.36356,-1.42512,-1.29855,-1.36356,-1.29855]
	PARPACK diagonalization completed after 30 matrix-vector product operations.
	iteration results: : total energy is -40.909296 | electron energy -40.993453 + phonon energy 0.084157 | electron momentum kIdx = 0
The 3-th iteration is completed.	|| time cost : 0h 0m 2.234s
********************************************************************************************************************
Start the 4 rounds of NGS-ED iteration
	effective electronic model is modified as: kinetic energy t = 0.876694
	                                           effective interaction Vq = [-1.49763,-1.43458,-1.30701,-1.43458,-1.43458,-1.30701,-1.37381,-1.30701,-1.30701,-1.37381,-1.30678,-1.37381,-1.43458,-1.30701,-1.37381,-1.30701]
	PARPACK diagonalization completed after 30 matrix-vector product operations.
	iteration results: : total energy is -40.941703 | electron energy -41.034940 + phonon energy 0.093238 | electron momentum kIdx = 0
The 4-th iteration is completed.	|| time cost : 0h 0m 2.229s
********************************************************************************************************************
Start the 5 rounds of NGS-ED iteration
	effective electronic model is modified as: kinetic energy t = 0.874946
	                                           effective interaction Vq = [-1.49912,-1.43964,-1.31165,-1.43964,-1.43964,-1.31165,-1.37955,-1.31165,-1.31165,-1.37955, -1.3127,-1.37955,-1.43964,-1.31165,-1.37955,-1.31165]
	PARPACK diagonalization completed after 30 matrix-vector product operations.
	iteration results: : total energy is -40.953320 | electron energy -41.051886 + phonon energy 0.098566 | electron momentum kIdx = 0
The 5-th iteration is completed.	|| time cost : 0h 0m 2.193s
********************************************************************************************************************
Start the 6 rounds of NGS-ED iteration
	effective electronic model is modified as: kinetic energy t = 0.873946
	                                           effective interaction Vq = [-1.49967,-1.44241,-1.31422,-1.44241,-1.44241,-1.31422,-1.38279,-1.31422,-1.31422,-1.38279,-1.31612,-1.38279,-1.44241,-1.31422,-1.38279,-1.31422]
	PARPACK diagonalization completed after 30 matrix-vector product operations.
	iteration results: : total energy is -40.957495 | electron energy -41.059150 + phonon energy 0.101655 | electron momentum kIdx = 0
The 6-th iteration is completed.	|| time cost : 0h 0m 2.198s
********************************************************************************************************************
Start the 7 rounds of NGS-ED iteration
	effective electronic model is modified as: kinetic energy t = 0.873375
	                                           effective interaction Vq = [-1.49987,-1.44393,-1.31565,-1.44393,-1.44393,-1.31565,-1.38464,-1.31565,-1.31565,-1.38464,-1.31812,-1.38464,-1.44393,-1.31565,-1.38464,-1.31565]
	PARPACK diagonalization completed after 30 matrix-vector product operations.
	iteration results: : total energy is -40.958998 | electron energy -41.062434 + phonon energy 0.103436 | electron momentum kIdx = 0
The 7-th iteration is completed.	|| time cost : 0h 0m 2.196s
********************************************************************************************************************
Start the 8 rounds of NGS-ED iteration
	effective electronic model is modified as: kinetic energy t = 0.873049
	                                           effective interaction Vq = [-1.49994,-1.44478,-1.31645,-1.44478,-1.44478,-1.31645, -1.3857,-1.31645,-1.31645, -1.3857,-1.31928, -1.3857,-1.44478,-1.31645, -1.3857,-1.31645]
	PARPACK diagonalization completed after 30 matrix-vector product operations.
	iteration results: : total energy is -40.959541 | electron energy -41.064000 + phonon energy 0.104459 | electron momentum kIdx = 0
The 8-th iteration is completed.	|| time cost : 0h 0m 2.202s
********************************************************************************************************************
Start the 9 rounds of NGS-ED iteration
	effective electronic model is modified as: kinetic energy t = 0.872863
	                                           effective interaction Vq = [-1.49997,-1.44526,-1.31689,-1.44526,-1.44526,-1.31689,-1.38631,-1.31689,-1.31689,-1.38631,-1.31995,-1.38631,-1.44526,-1.31689,-1.38631,-1.31689]
	PARPACK diagonalization completed after 30 matrix-vector product operations.
	iteration results: : total energy is -40.959737 | electron energy -41.064783 + phonon energy 0.105046 | electron momentum kIdx = 0
The 9-th iteration is completed.	|| time cost : 0h 0m 2.195s
********************************************************************************************************************
Start the 10 rounds of NGS-ED iteration
	effective electronic model is modified as: kinetic energy t = 0.872758
	                                           effective interaction Vq = [-1.49998,-1.44552,-1.31714,-1.44552,-1.44552,-1.31714,-1.38666,-1.31714,-1.31714,-1.38666,-1.32034,-1.38666,-1.44552,-1.31714,-1.38666,-1.31714]
	PARPACK diagonalization completed after 30 matrix-vector product operations.
	iteration results: : total energy is -40.959808 | electron energy -41.065190 + phonon energy 0.105383 | electron momentum kIdx = 0
	Nq(0) = 6.25,	Nq(1) = 0.496422,	Nq(2) = 0.429145,	Nq(3) = 0.496422,	Nq(4) = 0.496422,	Nq(5) = 0.429145,	Nq(6) = 0.87162,	Nq(7) = 0.429145,	Nq(8) = 0.429145,	Nq(9) = 0.87162,	Nq(10) = 0.825445,	Nq(11) = 0.87162,	Nq(12) = 0.496422,	Nq(13) = 0.429145,	Nq(14) = 0.87162,	Nq(15) = 0.429145,	Sq(0) = -1.11186e-17,	Sq(1) = 0.244682,	Sq(2) = 0.295789,	Sq(3) = 0.244682,	Sq(4) = 0.244682,	Sq(5) = 0.295789,	Sq(6) = 0.416053,	Sq(7) = 0.295789,	Sq(8) = 0.295789,	Sq(9) = 0.416053,	Sq(10) = 0.459848,	Sq(11) = 0.416053,	Sq(12) = 0.244682,	Sq(13) = 0.295789,	Sq(14) = 0.416053,	Sq(15) = 0.295789,	N(0) = 1.95016,	N(1) = 1.85687,	N(2) = 0.0818173,	N(3) = 1.85687,	N(4) = 1.85687,	N(5) = 0.0818173,	N(6) = 0.02722,	N(7) = 0.0818173,	N(8) = 0.0818173,	N(9) = 0.02722,	N(10) = 0.0225597,	N(11) = 0.02722,	N(12) = 1.85687,	N(13) = 0.0818173,	N(14) = 0.02722,	N(15) = 0.0818173,	Delta[s](0) = 0.478685,	Delta[s](1) = 0.169546,	Delta[s](2) = 0.175857,	Delta[s](3) = 0.169546,	Delta[s](4) = 0.169546,	Delta[s](5) = 0.175857,	Delta[s](6) = 0.0715234,	Delta[s](7) = 0.175857,	Delta[s](8) = 0.175857,	Delta[s](9) = 0.0715234,	Delta[s](10) = 0.0631366,	Delta[s](11) = 0.0715234,	Delta[s](12) = 0.169546,	Delta[s](13) = 0.175857,	Delta[s](14) = 0.0715234,	Delta[s](15) = 0.175857,	Delta[d](0) = 0.195001,	Delta[d](1) = 0.0746279,	Delta[d](2) = 0.103511,	Delta[d](3) = 0.0746279,	Delta[d](4) = 0.0746279,	Delta[d](5) = 0.105309,	Delta[d](6) = 0.0336248,	Delta[d](7) = 0.105309,	Delta[d](8) = 0.103511,	Delta[d](9) = 0.0336248,	Delta[d](10) = 0.0224062,	Delta[d](11) = 0.0336248,	Delta[d](12) = 0.0746279,	Delta[d](13) = 0.105309,	Delta[d](14) = 0.0336248,	Delta[d](15) = 0.105309,	Delta[s+](0) = 0.371685,	Delta[s+](1) = 0.240971,	Delta[s+](2) = 0.103511,	Delta[s+](3) = 0.240971,	Delta[s+](4) = 0.240971,	Delta[s+](5) = 0.103511,	Delta[s+](6) = 0.0170297,	Delta[s+](7) = 0.103511,	Delta[s+](8) = 0.103511,	Delta[s+](9) = 0.0170297,	Delta[s+](10) = 0.00673445,	Delta[s+](11) = 0.0170297,	Delta[s+](12) = 0.240971,	Delta[s+](13) = 0.103511,	Delta[s+](14) = 0.0170297,	Delta[s+](15) = 0.103511
The 10-th iteration is completed.	|| time cost : 0h 0m 20.419s
********************************************************************************************************************
Start the 11 rounds of NGS-ED iteration
	effective electronic model is modified as: kinetic energy t = 0.872697
	                                           effective interaction Vq = [-1.49998,-1.44567,-1.31728,-1.44567,-1.44567,-1.31728,-1.38686,-1.31728,-1.31728,-1.38686,-1.32057,-1.38686,-1.44567,-1.31728,-1.38686,-1.31728]
	PARPACK diagonalization completed after 30 matrix-vector product operations.
	iteration results: : total energy is -40.959834 | electron energy -41.065409 + phonon energy 0.105575 | electron momentum kIdx = 0
The 11-th iteration is completed.	|| time cost : 0h 0m 2.194s
********************************************************************************************************************
Start the 12 rounds of NGS-ED iteration
	effective electronic model is modified as: kinetic energy t = 0.872663
	                                           effective interaction Vq = [-1.49999,-1.44575,-1.31736,-1.44575,-1.44575,-1.31736,-1.38697,-1.31736,-1.31736,-1.38697,-1.32071,-1.38697,-1.44575,-1.31736,-1.38697,-1.31736]
	PARPACK diagonalization completed after 30 matrix-vector product operations.
	iteration results: : total energy is -40.959843 | electron energy -41.065529 + phonon energy 0.105686 | electron momentum kIdx = 0
The 12-th iteration is completed.	|| time cost : 0h 0m 2.191s
********************************************************************************************************************
Start the 13 rounds of NGS-ED iteration
	effective electronic model is modified as: kinetic energy t = 0.872643
	                                           effective interaction Vq = [-1.49999, -1.4458, -1.3174, -1.4458, -1.4458, -1.3174,-1.38704, -1.3174, -1.3174,-1.38704,-1.32078,-1.38704, -1.4458, -1.3174,-1.38704, -1.3174]
	PARPACK diagonalization completed after 30 matrix-vector product operations.
	iteration results: : total energy is -40.959846 | electron energy -41.065596 + phonon energy 0.105749 | electron momentum kIdx = 0
The 13-th iteration is completed.	|| time cost : 0h 0m 2.191s
********************************************************************************************************************
Start the 14 rounds of NGS-ED iteration
	effective electronic model is modified as: kinetic energy t = 0.872632
	                                           effective interaction Vq = [-1.49999,-1.44583,-1.31743,-1.44583,-1.44583,-1.31743,-1.38708,-1.31743,-1.31743,-1.38708,-1.32083,-1.38708,-1.44583,-1.31743,-1.38708,-1.31743]
	PARPACK diagonalization completed after 30 matrix-vector product operations.
	iteration results: : total energy is -40.959848 | electron energy -41.065633 + phonon energy 0.105785 | electron momentum kIdx = 0
The 14-th iteration is completed.	|| time cost : 0h 0m 2.194s
********************************************************************************************************************
Start the 15 rounds of NGS-ED iteration
	effective electronic model is modified as: kinetic energy t = 0.872626
	                                           effective interaction Vq = [-1.49999,-1.44584,-1.31744,-1.44584,-1.44584,-1.31744, -1.3871,-1.31744,-1.31744, -1.3871,-1.32085, -1.3871,-1.44584,-1.31744, -1.3871,-1.31744]
	PARPACK diagonalization completed after 30 matrix-vector product operations.
	iteration results: : total energy is -40.959848 | electron energy -41.065654 + phonon energy 0.105806 | electron momentum kIdx = 0
The 15-th iteration is completed.	|| time cost : 0h 0m 2.195s
********************************************************************************************************************
Start the 16 rounds of NGS-ED iteration
	effective electronic model is modified as: kinetic energy t = 0.872622
	                                           effective interaction Vq = [-1.49999,-1.44585,-1.31745,-1.44585,-1.44585,-1.31745,-1.38711,-1.31745,-1.31745,-1.38711,-1.32087,-1.38711,-1.44585,-1.31745,-1.38711,-1.31745]
	PARPACK diagonalization completed after 30 matrix-vector product operations.
	iteration results: : total energy is -40.959848 | electron energy -41.065667 + phonon energy 0.105818 | electron momentum kIdx = 0
The 16-th iteration is completed.	|| time cost : 0h 0m 2.203s
********************************************************************************************************************
Start the 17 rounds of NGS-ED iteration
	effective electronic model is modified as: kinetic energy t = 0.87262
	                                           effective interaction Vq = [-1.49999,-1.44585,-1.31745,-1.44585,-1.44585,-1.31745,-1.38712,-1.31745,-1.31745,-1.38712,-1.32088,-1.38712,-1.44585,-1.31745,-1.38712,-1.31745]
	PARPACK diagonalization completed after 30 matrix-vector product operations.
	iteration results: : total energy is -40.959848 | electron energy -41.065673 + phonon energy 0.105825 | electron momentum kIdx = 0
The 17-th iteration is completed.	|| time cost : 0h 0m 2.232s
********************************************************************************************************************
Start the 18 rounds of NGS-ED iteration
	effective electronic model is modified as: kinetic energy t = 0.872619
	                                           effective interaction Vq = [-1.49999,-1.44586,-1.31746,-1.44586,-1.44586,-1.31746,-1.38712,-1.31746,-1.31746,-1.38712,-1.32088,-1.38712,-1.44586,-1.31746,-1.38712,-1.31746]
	PARPACK diagonalization completed after 30 matrix-vector product operations.
	iteration results: : total energy is -40.959848 | electron energy -41.065677 + phonon energy 0.105829 | electron momentum kIdx = 0
The 18-th iteration is completed.	|| time cost : 0h 0m 2.208s
********************************************************************************************************************
Start the 19 rounds of NGS-ED iteration
	effective electronic model is modified as: kinetic energy t = 0.872618
	                                           effective interaction Vq = [-1.49999,-1.44586,-1.31746,-1.44586,-1.44586,-1.31746,-1.38713,-1.31746,-1.31746,-1.38713,-1.32089,-1.38713,-1.44586,-1.31746,-1.38713,-1.31746]
	PARPACK diagonalization completed after 30 matrix-vector product operations.
	iteration results: : total energy is -40.959848 | electron energy -41.065680 + phonon energy 0.105831 | electron momentum kIdx = 0
The 19-th iteration is completed.	|| time cost : 0h 0m 2.233s
********************************************************************************************************************
Start the 20 rounds of NGS-ED iteration
	effective electronic model is modified as: kinetic energy t = 0.872618
	                                           effective interaction Vq = [-1.49999,-1.44586,-1.31746,-1.44586,-1.44586,-1.31746,-1.38713,-1.31746,-1.31746,-1.38713,-1.32089,-1.38713,-1.44586,-1.31746,-1.38713,-1.31746]
	PARPACK diagonalization completed after 30 matrix-vector product operations.
	iteration results: : total energy is -40.959848 | electron energy -41.065681 + phonon energy 0.105833 | electron momentum kIdx = 0
	Nq(0) = 6.25,	Nq(1) = 0.496428,	Nq(2) = 0.429157,	Nq(3) = 0.496428,	Nq(4) = 0.496428,	Nq(5) = 0.429157,	Nq(6) = 0.871816,	Nq(7) = 0.429157,	Nq(8) = 0.429157,	Nq(9) = 0.871816,	Nq(10) = 0.825647,	Nq(11) = 0.871816,	Nq(12) = 0.496428,	Nq(13) = 0.429157,	Nq(14) = 0.871816,	Nq(15) = 0.429157,	Sq(0) = 2.38295e-17,	Sq(1) = 0.244614,	Sq(2) = 0.295734,	Sq(3) = 0.244614,	Sq(4) = 0.244614,	Sq(5) = 0.295734,	Sq(6) = 0.415955,	Sq(7) = 0.295734,	Sq(8) = 0.295734,	Sq(9) = 0.415955,	Sq(10) = 0.459757,	Sq(11) = 0.415955,	Sq(12) = 0.244614,	Sq(13) = 0.295734,	Sq(14) = 0.415955,	Sq(15) = 0.295734,	N(0) = 1.95011,	N(1) = 1.85673,	N(2) = 0.0818968,	N(3) = 1.85673,	N(4) = 1.85673,	N(5) = 0.0818968,	N(6) = 0.0272507,	N(7) = 0.0818968,	N(8) = 0.0818968,	N(9) = 0.0272507,	N(10) = 0.0225837,	N(11) = 0.0272507,	N(12) = 1.85673,	N(13) = 0.0818968,	N(14) = 0.0272507,	N(15) = 0.0818968,	Delta[s](0) = 0.478744,	Delta[s](1) = 0.169577,	Delta[s](2) = 0.175874,	Delta[s](3) = 0.169577,	Delta[s](4) = 0.169577,	Delta[s](5) = 0.175874,	Delta[s](6) = 0.0715751,	Delta[s](7) = 0.175874,	Delta[s](8) = 0.175874,	Delta[s](9) = 0.0715751,	Delta[s](10) = 0.0631815,	Delta[s](11) = 0.0715751,	Delta[s](12) = 0.169577,	Delta[s](13) = 0.175874,	Delta[s](14) = 0.0715751,	Delta[s](15) = 0.175874,	Delta[d](0) = 0.19497,	Delta[d](1) = 0.0746405,	Delta[d](2) = 0.103511,	Delta[d](3) = 0.0746405,	Delta[d](4) = 0.0746405,	Delta[d](5) = 0.1053,	Delta[d](6) = 0.0336455,	Delta[d](7) = 0.1053,	Delta[d](8) = 0.103511,	Delta[d](9) = 0.0336455,	Delta[d](10) = 0.0224197,	Delta[d](11) = 0.0336455,	Delta[d](12) = 0.0746405,	Delta[d](13) = 0.1053,	Delta[d](14) = 0.0336455,	Delta[d](15) = 0.1053,	Delta[s+](0) = 0.371664,	Delta[s+](1) = 0.240958,	Delta[s+](2) = 0.103511,	Delta[s+](3) = 0.240958,	Delta[s+](4) = 0.240958,	Delta[s+](5) = 0.103511,	Delta[s+](6) = 0.0170414,	Delta[s+](7) = 0.103511,	Delta[s+](8) = 0.103511,	Delta[s+](9) = 0.0170414,	Delta[s+](10) = 0.00674087,	Delta[s+](11) = 0.0170414,	Delta[s+](12) = 0.240958,	Delta[s+](13) = 0.103511,	Delta[s+](14) = 0.0170414,	Delta[s+](15) = 0.103511
The 20-th iteration is completed.	|| time cost : 0h 0m 20.546s
********************************************************************************************************************
Start the 21 rounds of NGS-ED iteration
	effective electronic model is modified as: kinetic energy t = 0.872617
	                                           effective interaction Vq = [-1.49999,-1.44586,-1.31746,-1.44586,-1.44586,-1.31746,-1.38713,-1.31746,-1.31746,-1.38713,-1.32089,-1.38713,-1.44586,-1.31746,-1.38713,-1.31746]
	PARPACK diagonalization completed after 30 matrix-vector product operations.
	iteration results: : total energy is -40.959848 | electron energy -41.065682 + phonon energy 0.105833 | electron momentum kIdx = 0
The 21-th iteration is completed.	|| time cost : 0h 0m 2.195s
********************************************************************************************************************
Start the 22 rounds of NGS-ED iteration
	effective electronic model is modified as: kinetic energy t = 0.872617
	                                           effective interaction Vq = [-1.49999,-1.44586,-1.31746,-1.44586,-1.44586,-1.31746,-1.38713,-1.31746,-1.31746,-1.38713,-1.32089,-1.38713,-1.44586,-1.31746,-1.38713,-1.31746]
	PARPACK diagonalization completed after 30 matrix-vector product operations.
	iteration results: : total energy is -40.959848 | electron energy -41.065682 + phonon energy 0.105834 | electron momentum kIdx = 0
The 22-th iteration is completed.	|| time cost : 0h 0m 2.191s
********************************************************************************************************************
Start the 23 rounds of NGS-ED iteration
	effective electronic model is modified as: kinetic energy t = 0.872617
	                                           effective interaction Vq = [-1.49999,-1.44586,-1.31746,-1.44586,-1.44586,-1.31746,-1.38713,-1.31746,-1.31746,-1.38713,-1.32089,-1.38713,-1.44586,-1.31746,-1.38713,-1.31746]
	PARPACK diagonalization completed after 30 matrix-vector product operations.
	iteration results: : total energy is -40.959848 | electron energy -41.065682 + phonon energy 0.105834 | electron momentum kIdx = 0
The 23-th iteration is completed.	|| time cost : 0h 0m 2.191s
********************************************************************************************************************
Start the 24 rounds of NGS-ED iteration
	effective electronic model is modified as: kinetic energy t = 0.872617
	                                           effective interaction Vq = [-1.49999,-1.44586,-1.31746,-1.44586,-1.44586,-1.31746,-1.38713,-1.31746,-1.31746,-1.38713,-1.32089,-1.38713,-1.44586,-1.31746,-1.38713,-1.31746]
	PARPACK diagonalization completed after 30 matrix-vector product operations.
	iteration results: : total energy is -40.959848 | electron energy -41.065683 + phonon energy 0.105834 | electron momentum kIdx = 0
