SNEDics v3.4 Non-Gaussian ED ground state program		Start at Tue Oct  1 12:11:55 2019

parallized on 16 MPI threads  * 8 OpenMP threads = 128 total threads.
********************************************************************************************************************
********************************************************************************************************************

********************************************************************************************************************
System parameters and configurations
********************************************************************************************************************
Special program options are enabled: splitted diagonal Hamiltonian
********************************************************************************************************************
Read input file "model_params.in"
	Hubbard-Holstein model parameters : 	t = 1    U = 4.2    g = 4    W = 5    
********************************************************************************************************************
Read input file "hilbertspace_params.in"
	Requested 16-site 2D lattice, with 16 electrons (8, 8)
	Boundary : Periodic		Hilbert space representation : momentum-space (restricted to kIdx = 0)
	Conservation: particle number[U(1)]      spin[U(1)]     momentum
********************************************************************************************************************

Cluster Positions:				Cluster symmetry group : D4
 x ... x ... x ... x .....                       x ... x ... x ... x .....
 |           |           :                       |           |           :
 |           |           :                       |           |           :
12    13    14    15     x                       1     5     6     5     x
 |           |           :                       |           |           :
 |           |           :                       |           |           :
 8 --- 9 ---10 ---11 --- x                       2 --- 6 ---10 --- 6 --- x
 |           |           :                       |           |           :
 |           |           :                       |           |           :
 4     5     6     7     x                       1     5     6     5     x
 |           |           :                       |           |           :
 |           |           :                       |           |           :
 0 --- 1 --- 2 --- 3 --- x                       0 --- 1 --- 2 --- 1 --- x
orbital number : 1
********************************************************************************************************************
Read input file "obs_params.in"
	Observable Type : Nq(All),   Sq(All),   N(All),   Delta[s](All),   Delta[d](All),   Delta[s+](All)
********************************************************************************************************************
** WARNING ** the input observables have non-local factors which have been reinterpreted. The total observable number is 96
********************************************************************************************************************


********************************************************************************************************************
Start calculating the non-Gaussian ED ground state
** WARNING ** Detected low phonon energy W < 10. The initial state will be prepared through a warm-up process.
********************************************************************************************************************
Start warm-up calculation for scaling factor 2
open output files: NGSEDWarmUpW10Obs.txt
********************************************************************************************************************
Start the 0 rounds of NGS-ED iteration
	effective electronic model is modified as: kinetic energy t = 1
	                                           effective interaction Vq = [-0,-0,-0,-0,-0,-0,-0,-0,-0,-0,-0,-0,-0,-0,-0,-0]
	first Hamiltonian is constructed, non-zero numbers = 2845383612
	PARPACK diagonalization completed after 90 matrix-vector product operations.
	iteration results: : total energy is -13.260088 | electron energy -13.260088 + phonon energy 0.000000 | electron momentum kIdx = 0
	Nq(0) = 16,	Nq(1) = 0.1504,	Nq(2) = 0.225336,	Nq(3) = 0.1504,	Nq(4) = 0.1504,	Nq(5) = 0.225336,	Nq(6) = 0.306298,	Nq(7) = 0.225336,	Nq(8) = 0.225336,	Nq(9) = 0.306298,	Nq(10) = 0.372996,	Nq(11) = 0.306298,	Nq(12) = 0.1504,	Nq(13) = 0.225336,	Nq(14) = 0.306298,	Nq(15) = 0.225336,	Sq(0) = 2.26948e-18,	Sq(1) = 0.427334,	Sq(2) = 0.625304,	Sq(3) = 0.427334,	Sq(4) = 0.427334,	Sq(5) = 0.625304,	Sq(6) = 0.811944,	Sq(7) = 0.625304,	Sq(8) = 0.625304,	Sq(9) = 0.811944,	Sq(10) = 3.73926,	Sq(11) = 0.811944,	Sq(12) = 0.427334,	Sq(13) = 0.625304,	Sq(14) = 0.811944,	Sq(15) = 0.625304,	N(0) = 1.92449,	N(1) = 1.83269,	N(2) = 1,	N(3) = 1.83269,	N(4) = 1.83269,	N(5) = 1,	N(6) = 0.167314,	N(7) = 1,	N(8) = 1,	N(9) = 0.167314,	N(10) = 0.0755115,	N(11) = 0.167314,	N(12) = 1.83269,	N(13) = 1,	N(14) = 0.167314,	N(15) = 1,	Delta[s](0) = 0.165532,	Delta[s](1) = 0.141405,	Delta[s](2) = 0.112203,	Delta[s](3) = 0.141405,	Delta[s](4) = 0.141405,	Delta[s](5) = 0.112203,	Delta[s](6) = 0.0851012,	Delta[s](7) = 0.112203,	Delta[s](8) = 0.112203,	Delta[s](9) = 0.0851012,	Delta[s](10) = 0.0311298,	Delta[s](11) = 0.0851012,	Delta[s](12) = 0.141405,	Delta[s](13) = 0.112203,	Delta[s](14) = 0.0851012,	Delta[s](15) = 0.112203,	Delta[d](0) = 0.55779,	Delta[d](1) = 0.385354,	Delta[d](2) = 0.308866,	Delta[d](3) = 0.385354,	Delta[d](4) = 0.385354,	Delta[d](5) = 0.326852,	Delta[d](6) = 0.236515,	Delta[d](7) = 0.326852,	Delta[d](8) = 0.308866,	Delta[d](9) = 0.236515,	Delta[d](10) = 0.106485,	Delta[d](11) = 0.236515,	Delta[d](12) = 0.385354,	Delta[d](13) = 0.326852,	Delta[d](14) = 0.236515,	Delta[d](15) = 0.326852,	Delta[s+](0) = 0.589422,	Delta[s+](1) = 0.467999,	Delta[s+](2) = 0.308866,	Delta[s+](3) = 0.467999,	Delta[s+](4) = 0.467999,	Delta[s+](5) = 0.308866,	Delta[s+](6) = 0.156691,	Delta[s+](7) = 0.308866,	Delta[s+](8) = 0.308866,	Delta[s+](9) = 0.156691,	Delta[s+](10) = 0.0404865,	Delta[s+](11) = 0.156691,	Delta[s+](12) = 0.467999,	Delta[s+](13) = 0.308866,	Delta[s+](14) = 0.156691,	Delta[s+](15) = 0.308866
The 0-th iteration is completed.	|| time cost : 0h 8m 36.646s
********************************************************************************************************************
Start the 1 rounds of NGS-ED iteration
	effective electronic model is modified as: kinetic energy t = 0.921608
	                                           effective interaction Vq = [-2.76693,-2.51571,-2.43531,-2.51571,-2.51571,-2.43531,-2.40409,-2.43531,-2.43531,-2.40409,-2.37283,-2.40409,-2.51571,-2.43531,-2.40409,-2.43531]
	PARPACK diagonalization completed after 75 matrix-vector product operations.
	iteration results: : total energy is -69.535825 | electron energy -69.541729 + phonon energy 0.005905 | electron momentum kIdx = 0
The 1-th iteration is completed.	|| time cost : 0h 7m 54.333s
********************************************************************************************************************
Start the 2 rounds of NGS-ED iteration
	effective electronic model is modified as: kinetic energy t = 0.848461
	                                           effective interaction Vq = [-3.14139,-3.02215,-3.00202,-3.02215,-3.02215,-3.00202,-2.92218,-3.00202,-3.00202,-2.92218,-2.93174,-2.92218,-3.02215,-3.00202,-2.92218,-3.00202]
	PARPACK diagonalization completed after 60 matrix-vector product operations.
	iteration results: : total energy is -79.326719 | electron energy -79.379237 + phonon energy 0.052518 | electron momentum kIdx = 0
The 2-th iteration is completed.	|| time cost : 0h 0m 36.698s
********************************************************************************************************************
Start the 3 rounds of NGS-ED iteration
	effective electronic model is modified as: kinetic energy t = 0.817245
	                                           effective interaction Vq = [-3.19207,-3.12555,-3.11471,-3.12555,-3.12555,-3.11471, -3.0493,-3.11471,-3.11471, -3.0493,-3.08932, -3.0493,-3.12555,-3.11471, -3.0493,-3.11471]
	PARPACK diagonalization completed after 45 matrix-vector product operations.
	iteration results: : total energy is -80.719231 | electron energy -80.812568 + phonon energy 0.093337 | electron momentum kIdx = 0
The 3-th iteration is completed.	|| time cost : 0h 0m 32.008s
********************************************************************************************************************
Start the 4 rounds of NGS-ED iteration
	effective electronic model is modified as: kinetic energy t = 0.806251
	                                           effective interaction Vq = [-3.19893,-3.14973, -3.1333,-3.14973,-3.14973, -3.1333,-3.08413, -3.1333, -3.1333,-3.08413,-3.15748,-3.08413,-3.14973, -3.1333,-3.08413, -3.1333]
	PARPACK diagonalization completed after 45 matrix-vector product operations.
	iteration results: : total energy is -80.986128 | electron energy -81.099069 + phonon energy 0.112941 | electron momentum kIdx = 0
The 4-th iteration is completed.	|| time cost : 0h 0m 32.132s
********************************************************************************************************************
Start the 5 rounds of NGS-ED iteration
	effective electronic model is modified as: kinetic energy t = 0.809142
	                                           effective interaction Vq = [-3.19985,-3.14699,-3.10343,-3.14699,-3.14699,-3.10343,-3.08016,-3.10343,-3.10343,-3.08016,-3.18542,-3.08016,-3.14699,-3.10343,-3.08016,-3.10343]
	PARPACK diagonalization completed after 45 matrix-vector product operations.
	iteration results: : total energy is -81.107754 | electron energy -81.225115 + phonon energy 0.117361 | electron momentum kIdx = 0
The 5-th iteration is completed.	|| time cost : 0h 0m 32.029s
********************************************************************************************************************
Start the 6 rounds of NGS-ED iteration
	effective electronic model is modified as: kinetic energy t = 0.815296
	                                           effective interaction Vq = [-3.19998,-3.13611,-3.06338,-3.13611,-3.13611,-3.06338, -3.0649,-3.06338,-3.06338, -3.0649,-3.19301, -3.0649,-3.13611,-3.06338, -3.0649,-3.06338]
	PARPACK diagonalization completed after 45 matrix-vector product operations.
	iteration results: : total energy is -81.151079 | electron energy -81.265938 + phonon energy 0.114859 | electron momentum kIdx = 0
The 6-th iteration is completed.	|| time cost : 0h 0m 32.022s
********************************************************************************************************************
Start the 7 rounds of NGS-ED iteration
	effective electronic model is modified as: kinetic energy t = 0.819
	                                           effective interaction Vq = [    -3.2,-3.12751, -3.0398,-3.12751,-3.12751, -3.0398,-3.05334, -3.0398, -3.0398,-3.05334,-3.19518,-3.05334,-3.12751, -3.0398,-3.05334, -3.0398]
	PARPACK diagonalization completed after 30 matrix-vector product operations.
	iteration results: : total energy is -81.161084 | electron energy -81.272951 + phonon energy 0.111867 | electron momentum kIdx = 0
The 7-th iteration is completed.	|| time cost : 0h 0m 27.347s
********************************************************************************************************************
Start the 8 rounds of NGS-ED iteration
	effective electronic model is modified as: kinetic energy t = 0.820859
	                                           effective interaction Vq = [    -3.2,-3.12237,-3.02858,-3.12237,-3.12237,-3.02858, -3.0466,-3.02858,-3.02858, -3.0466,-3.19589, -3.0466,-3.12237,-3.02858, -3.0466,-3.02858]
	PARPACK diagonalization completed after 30 matrix-vector product operations.
	iteration results: : total energy is -81.163174 | electron energy -81.273130 + phonon energy 0.109956 | electron momentum kIdx = 0
The 8-th iteration is completed.	|| time cost : 0h 0m 27.244s
********************************************************************************************************************
Start the 9 rounds of NGS-ED iteration
	effective electronic model is modified as: kinetic energy t = 0.821754
	                                           effective interaction Vq = [    -3.2,-3.11962,-3.02353,-3.11962,-3.11962,-3.02353,-3.04302,-3.02353,-3.02353,-3.04302,-3.19615,-3.04302,-3.11962,-3.02353,-3.04302,-3.02353]
	PARPACK diagonalization completed after 30 matrix-vector product operations.
	iteration results: : total energy is -81.163611 | electron energy -81.272536 + phonon energy 0.108925 | electron momentum kIdx = 0
The 9-th iteration is completed.	|| time cost : 0h 0m 27.349s
********************************************************************************************************************
Start the 10 rounds of NGS-ED iteration
	effective electronic model is modified as: kinetic energy t = 0.822178
	                                           effective interaction Vq = [    -3.2,-3.11823,-3.02128,-3.11823,-3.11823,-3.02128, -3.0412,-3.02128,-3.02128, -3.0412,-3.19625, -3.0412,-3.11823,-3.02128, -3.0412,-3.02128]
	PARPACK diagonalization completed after 30 matrix-vector product operations.
	iteration results: : total energy is -81.163705 | electron energy -81.272109 + phonon energy 0.108404 | electron momentum kIdx = 0
	Nq(0) = 16,	Nq(1) = 0.293101,	Nq(2) = 0.355498,	Nq(3) = 0.293101,	Nq(4) = 0.293101,	Nq(5) = 0.355498,	Nq(6) = 0.563585,	Nq(7) = 0.355498,	Nq(8) = 0.355498,	Nq(9) = 0.563585,	Nq(10) = 5.8026,	Nq(11) = 0.563585,	Nq(12) = 0.293101,	Nq(13) = 0.355498,	Nq(14) = 0.563585,	Nq(15) = 0.355498,	Sq(0) = -5.50435e-18,	Sq(1) = 0.212088,	Sq(2) = 0.284744,	Sq(3) = 0.212088,	Sq(4) = 0.212088,	Sq(5) = 0.284744,	Sq(6) = 0.401938,	Sq(7) = 0.284744,	Sq(8) = 0.284744,	Sq(9) = 0.401938,	Sq(10) = 0.473106,	Sq(11) = 0.401938,	Sq(12) = 0.212088,	Sq(13) = 0.284744,	Sq(14) = 0.401938,	Sq(15) = 0.284744,	N(0) = 1.96818,	N(1) = 1.91694,	N(2) = 1,	N(3) = 1.91694,	N(4) = 1.91694,	N(5) = 1,	N(6) = 0.083059,	N(7) = 1,	N(8) = 1,	N(9) = 0.083059,	N(10) = 0.0318166,	N(11) = 0.083059,	N(12) = 1.91694,	N(13) = 1,	N(14) = 0.083059,	N(15) = 1,	Delta[s](0) = 0.522748,	Delta[s](1) = 0.380333,	Delta[s](2) = 0.358157,	Delta[s](3) = 0.380333,	Delta[s](4) = 0.380333,	Delta[s](5) = 0.358157,	Delta[s](6) = 0.306055,	Delta[s](7) = 0.358157,	Delta[s](8) = 0.358157,	Delta[s](9) = 0.306055,	Delta[s](10) = 0.263927,	Delta[s](11) = 0.306055,	Delta[s](12) = 0.380333,	Delta[s](13) = 0.358157,	Delta[s](14) = 0.306055,	Delta[s](15) = 0.358157,	Delta[d](0) = 0.205655,	Delta[d](1) = 0.192129,	Delta[d](2) = 0.19666,	Delta[d](3) = 0.192129,	Delta[d](4) = 0.192129,	Delta[d](5) = 0.131524,	Delta[d](6) = 0.154687,	Delta[d](7) = 0.131524,	Delta[d](8) = 0.19666,	Delta[d](9) = 0.154687,	Delta[d](10) = 0.0574554,	Delta[d](11) = 0.154687,	Delta[d](12) = 0.192129,	Delta[d](13) = 0.131524,	Delta[d](14) = 0.154687,	Delta[d](15) = 0.131524,	Delta[s+](0) = 0.379366,	Delta[s+](1) = 0.30238,	Delta[s+](2) = 0.19666,	Delta[s+](3) = 0.30238,	Delta[s+](4) = 0.30238,	Delta[s+](5) = 0.19666,	Delta[s+](6) = 0.0883921,	Delta[s+](7) = 0.19666,	Delta[s+](8) = 0.19666,	Delta[s+](9) = 0.0883921,	Delta[s+](10) = 0.0321059,	Delta[s+](11) = 0.0883921,	Delta[s+](12) = 0.30238,	Delta[s+](13) = 0.19666,	Delta[s+](14) = 0.0883921,	Delta[s+](15) = 0.19666
The 10-th iteration is completed.	|| time cost : 0h 4m 26.026s
********************************************************************************************************************
Start the 11 rounds of NGS-ED iteration
	effective electronic model is modified as: kinetic energy t = 0.822378
	                                           effective interaction Vq = [    -3.2,-3.11754,-3.02028,-3.11754,-3.11754,-3.02028,-3.04031,-3.02028,-3.02028,-3.04031,-3.19629,-3.04031,-3.11754,-3.02028,-3.04031,-3.02028]
	PARPACK diagonalization completed after 30 matrix-vector product operations.
	iteration results: : total energy is -81.163725 | electron energy -81.271874 + phonon energy 0.108150 | electron momentum kIdx = 0
The 11-th iteration is completed.	|| time cost : 0h 0m 27.605s
********************************************************************************************************************
Start the 12 rounds of NGS-ED iteration
	effective electronic model is modified as: kinetic energy t = 0.822472
	                                           effective interaction Vq = [    -3.2,-3.11721,-3.01983,-3.11721,-3.11721,-3.01983,-3.03988,-3.01983,-3.01983,-3.03988,-3.19631,-3.03988,-3.11721,-3.01983,-3.03988,-3.01983]
	PARPACK diagonalization completed after 30 matrix-vector product operations.
	iteration results: : total energy is -81.163729 | electron energy -81.271756 + phonon energy 0.108027 | electron momentum kIdx = 0
	Nq(0) = 16,	Nq(1) = 0.292592,	Nq(2) = 0.355082,	Nq(3) = 0.292592,	Nq(4) = 0.292592,	Nq(5) = 0.355082,	Nq(6) = 0.562808,	Nq(7) = 0.355082,	Nq(8) = 0.355082,	Nq(9) = 0.562808,	Nq(10) = 5.81079,	Nq(11) = 0.562808,	Nq(12) = 0.292592,	Nq(13) = 0.355082,	Nq(14) = 0.562808,	Nq(15) = 0.355082,	Sq(0) = -4.24774e-19,	Sq(1) = 0.21203,	Sq(2) = 0.284708,	Sq(3) = 0.21203,	Sq(4) = 0.21203,	Sq(5) = 0.284708,	Sq(6) = 0.401911,	Sq(7) = 0.284708,	Sq(8) = 0.284708,	Sq(9) = 0.401911,	Sq(10) = 0.473113,	Sq(11) = 0.401911,	Sq(12) = 0.21203,	Sq(13) = 0.284708,	Sq(14) = 0.401911,	Sq(15) = 0.284708,	N(0) = 1.96817,	N(1) = 1.91682,	N(2) = 1,	N(3) = 1.91682,	N(4) = 1.91682,	N(5) = 1,	N(6) = 0.0831806,	N(7) = 1,	N(8) = 1,	N(9) = 0.0831806,	N(10) = 0.0318283,	N(11) = 0.0831806,	N(12) = 1.91682,	N(13) = 1,	N(14) = 0.0831806,	N(15) = 1,	Delta[s](0) = 0.522118,	Delta[s](1) = 0.380386,	Delta[s](2) = 0.358189,	Delta[s](3) = 0.380386,	Delta[s](4) = 0.380386,	Delta[s](5) = 0.358189,	Delta[s](6) = 0.306122,	Delta[s](7) = 0.358189,	Delta[s](8) = 0.358189,	Delta[s](9) = 0.306122,	Delta[s](10) = 0.264156,	Delta[s](11) = 0.306122,	Delta[s](12) = 0.380386,	Delta[s](13) = 0.358189,	Delta[s](14) = 0.306122,	Delta[s](15) = 0.358189,	Delta[d](0) = 0.205511,	Delta[d](1) = 0.191977,	Delta[d](2) = 0.196574,	Delta[d](3) = 0.191977,	Delta[d](4) = 0.191977,	Delta[d](5) = 0.131378,	Delta[d](6) = 0.154524,	Delta[d](7) = 0.131378,	Delta[d](8) = 0.196574,	Delta[d](9) = 0.154524,	Delta[d](10) = 0.0573042,	Delta[d](11) = 0.154524,	Delta[d](12) = 0.191977,	Delta[d](13) = 0.131378,	Delta[d](14) = 0.154524,	Delta[d](15) = 0.131378,	Delta[s+](0) = 0.379372,	Delta[s+](1) = 0.302317,	Delta[s+](2) = 0.196574,	Delta[s+](3) = 0.302317,	Delta[s+](4) = 0.302317,	Delta[s+](5) = 0.196574,	Delta[s+](6) = 0.0882863,	Delta[s+](7) = 0.196574,	Delta[s+](8) = 0.196574,	Delta[s+](9) = 0.0882863,	Delta[s+](10) = 0.0320341,	Delta[s+](11) = 0.0882863,	Delta[s+](12) = 0.302317,	Delta[s+](13) = 0.196574,	Delta[s+](14) = 0.0882863,	Delta[s+](15) = 0.196574
The 12-th iteration is completed.	|| time cost : 0h 4m 38.209s
********************************************************************************************************************
********************************************************************************************************************
Ground state is obtained after 13 iterations. The current ground-state energy is -81.1637, in which electron energy is -81.2718 and phonon energy is 0.108027
final variational state is: 
	Gamma_x = [      1,1.02563,1.04201,1.02563,1.02563,1.04201,1.06456,1.04201,1.04201,1.06456,1.12928,1.06456,1.02563,1.04201,1.06456,1.04201]
	lambda_q = [0.565684,0.474612, 0.43138,0.474612,0.474612, 0.43138,0.439064, 0.43138, 0.43138,0.439064,0.546484,0.439064,0.474612, 0.43138,0.439064, 0.43138]
********************************************************************************************************************
o___o  ----------------------------------------
| L |	Time since last clock: 0h 0m 0s
A===A	Time since the beginning: 0h 30m 9.654s
***********************************************


********************************************************************************************************************
Warm up runs have been completed. Start calculating W = 5 phonon.
open output files: NGSEDIterationObs.txt
********************************************************************************************************************
Start the 0 rounds of NGS-ED iteration
	effective electronic model is modified as: kinetic energy t = 0.822516
	                                           effective interaction Vq = [-2.92548,-2.67061, -2.5206,-2.67061,-2.67061, -2.5206,-2.54863, -2.5206, -2.5206,-2.54863,-2.87865,-2.54863,-2.67061, -2.5206,-2.54863, -2.5206]
	PARPACK diagonalization completed after 45 matrix-vector product operations.
	iteration results: : total energy is -72.400972 | electron energy -72.454957 + phonon energy 0.053985 | electron momentum kIdx = 0
	Nq(0) = 16,	Nq(1) = 0.277861,	Nq(2) = 0.33566,	Nq(3) = 0.277861,	Nq(4) = 0.277861,	Nq(5) = 0.33566,	Nq(6) = 0.520551,	Nq(7) = 0.33566,	Nq(8) = 0.33566,	Nq(9) = 0.520551,	Nq(10) = 5.66255,	Nq(11) = 0.520551,	Nq(12) = 0.277861,	Nq(13) = 0.33566,	Nq(14) = 0.520551,	Nq(15) = 0.33566,	Sq(0) = 3.01476e-18,	Sq(1) = 0.238594,	Sq(2) = 0.308521,	Sq(3) = 0.238594,	Sq(4) = 0.238594,	Sq(5) = 0.308521,	Sq(6) = 0.450156,	Sq(7) = 0.308521,	Sq(8) = 0.308521,	Sq(9) = 0.450156,	Sq(10) = 0.523711,	Sq(11) = 0.450156,	Sq(12) = 0.238594,	Sq(13) = 0.308521,	Sq(14) = 0.450156,	Sq(15) = 0.308521,	N(0) = 1.98031,	N(1) = 1.94012,	N(2) = 1,	N(3) = 1.94012,	N(4) = 1.94012,	N(5) = 1,	N(6) = 0.0598839,	N(7) = 1,	N(8) = 1,	N(9) = 0.0598839,	N(10) = 0.0196911,	N(11) = 0.0598839,	N(12) = 1.94012,	N(13) = 1,	N(14) = 0.0598839,	N(15) = 1,	Delta[s](0) = 0.434568,	Delta[s](1) = 0.360059,	Delta[s](2) = 0.343914,	Delta[s](3) = 0.360059,	Delta[s](4) = 0.360059,	Delta[s](5) = 0.343914,	Delta[s](6) = 0.303621,	Delta[s](7) = 0.343914,	Delta[s](8) = 0.343914,	Delta[s](9) = 0.303621,	Delta[s](10) = 0.282309,	Delta[s](11) = 0.303621,	Delta[s](12) = 0.360059,	Delta[s](13) = 0.343914,	Delta[s](14) = 0.303621,	Delta[s](15) = 0.343914,	Delta[d](0) = 0.211068,	Delta[d](1) = 0.201208,	Delta[d](2) = 0.209069,	Delta[d](3) = 0.201208,	Delta[d](4) = 0.201208,	Delta[d](5) = 0.135787,	Delta[d](6) = 0.161935,	Delta[d](7) = 0.135787,	Delta[d](8) = 0.209069,	Delta[d](9) = 0.161935,	Delta[d](10) = 0.0604235,	Delta[d](11) = 0.161935,	Delta[d](12) = 0.201208,	Delta[d](13) = 0.135787,	Delta[d](14) = 0.161935,	Delta[d](15) = 0.135787,	Delta[s+](0) = 0.415391,	Delta[s+](1) = 0.323843,	Delta[s+](2) = 0.209069,	Delta[s+](3) = 0.323843,	Delta[s+](4) = 0.323843,	Delta[s+](5) = 0.209069,	Delta[s+](6) = 0.0930892,	Delta[s+](7) = 0.209069,	Delta[s+](8) = 0.209069,	Delta[s+](9) = 0.0930892,	Delta[s+](10) = 0.0341246,	Delta[s+](11) = 0.0930892,	Delta[s+](12) = 0.323843,	Delta[s+](13) = 0.209069,	Delta[s+](14) = 0.0930892,	Delta[s+](15) = 0.209069
The 0-th iteration is completed.	|| time cost : 0h 4m 35.783s
********************************************************************************************************************
Start the 1 rounds of NGS-ED iteration
	effective electronic model is modified as: kinetic energy t = 0.799051
	                                           effective interaction Vq = [-3.09901,-2.82038,-2.63153,-2.82038,-2.82038,-2.63153,-2.66622,-2.63153,-2.63153,-2.66622,-3.07507,-2.66622,-2.82038,-2.63153,-2.66622,-2.63153]
	PARPACK diagonalization completed after 30 matrix-vector product operations.
	iteration results: : total energy is -76.364468 | electron energy -76.532710 + phonon energy 0.168242 | electron momentum kIdx = 0
The 1-th iteration is completed.	|| time cost : 0h 0m 27.396s
********************************************************************************************************************
Start the 2 rounds of NGS-ED iteration
	effective electronic model is modified as: kinetic energy t = 0.78949
	                                           effective interaction Vq = [-3.16285,-2.86153,-2.66919,-2.86153,-2.86153,-2.66919,-2.70051,-2.66919,-2.66919,-2.70051,-3.15116,-2.70051,-2.86153,-2.66919,-2.70051,-2.66919]
	PARPACK diagonalization completed after 30 matrix-vector product operations.
	iteration results: : total energy is -77.819984 | electron energy -78.058340 + phonon energy 0.238356 | electron momentum kIdx = 0
The 2-th iteration is completed.	|| time cost : 0h 0m 27.663s
********************************************************************************************************************
Start the 3 rounds of NGS-ED iteration
	effective electronic model is modified as: kinetic energy t = 0.786601
	                                           effective interaction Vq = [-3.18633,-2.86542,-2.67721,-2.86542,-2.86542,-2.67721,-2.70353,-2.67721,-2.67721,-2.70353,-3.17863,-2.70353,-2.86542,-2.67721,-2.70353,-2.67721]
	PARPACK diagonalization completed after 30 matrix-vector product operations.
	iteration results: : total energy is -78.332021 | electron energy -78.603638 + phonon energy 0.271617 | electron momentum kIdx = 0
The 3-th iteration is completed.	|| time cost : 0h 0m 27.622s
********************************************************************************************************************
Start the 4 rounds of NGS-ED iteration
	effective electronic model is modified as: kinetic energy t = 0.786224
	                                           effective interaction Vq = [-3.19497,-2.85928,-2.67565,-2.85928,-2.85928,-2.67565,-2.69779,-2.67565,-2.67565,-2.69779,-3.18874,-2.69779,-2.85928,-2.67565,-2.69779,-2.67565]
	PARPACK diagonalization completed after 30 matrix-vector product operations.
	iteration results: : total energy is -78.509682 | electron energy -78.795796 + phonon energy 0.286114 | electron momentum kIdx = 0
The 4-th iteration is completed.	|| time cost : 0h 0m 27.609s
********************************************************************************************************************
Start the 5 rounds of NGS-ED iteration
	effective electronic model is modified as: kinetic energy t = 0.786642
	                                           effective interaction Vq = [-3.19815,-2.85188,-2.67179,-2.85188,-2.85188,-2.67179,-2.69085,-2.67179,-2.67179,-2.69085,-3.19273,-2.69085,-2.85188,-2.67179,-2.69085,-2.67179]
	PARPACK diagonalization completed after 30 matrix-vector product operations.
	iteration results: : total energy is -78.571600 | electron energy -78.863537 + phonon energy 0.291937 | electron momentum kIdx = 0
The 5-th iteration is completed.	|| time cost : 0h 0m 27.301s
********************************************************************************************************************
Start the 6 rounds of NGS-ED iteration
	effective electronic model is modified as: kinetic energy t = 0.787224
	                                           effective interaction Vq = [-3.19932,-2.84559,-2.66798,-2.84559,-2.84559,-2.66798,-2.68486,-2.66798,-2.66798,-2.68486,-3.19445,-2.68486,-2.84559,-2.66798,-2.68486,-2.66798]
	PARPACK diagonalization completed after 30 matrix-vector product operations.
	iteration results: : total energy is -78.593440 | electron energy -78.887313 + phonon energy 0.293873 | electron momentum kIdx = 0
The 6-th iteration is completed.	|| time cost : 0h 0m 27.295s
********************************************************************************************************************
Start the 7 rounds of NGS-ED iteration
	effective electronic model is modified as: kinetic energy t = 0.787759
	                                           effective interaction Vq = [-3.19975,-2.84079,-2.66483,-2.84079,-2.84079,-2.66483,-2.68021,-2.66483,-2.66483,-2.68021,-3.19524,-2.68021,-2.84079,-2.66483,-2.68021,-2.66483]
	PARPACK diagonalization completed after 30 matrix-vector product operations.
	iteration results: : total energy is -78.601249 | electron energy -78.895408 + phonon energy 0.294158 | electron momentum kIdx = 0
The 7-th iteration is completed.	|| time cost : 0h 0m 27.61s
********************************************************************************************************************
Start the 8 rounds of NGS-ED iteration
	effective electronic model is modified as: kinetic energy t = 0.78819
	                                           effective interaction Vq = [-3.19991,-2.83729,-2.66243,-2.83729,-2.83729,-2.66243,-2.67676,-2.66243,-2.66243,-2.67676,-3.19563,-2.67676,-2.83729,-2.66243,-2.67676,-2.66243]
	PARPACK diagonalization completed after 30 matrix-vector product operations.
	iteration results: : total energy is -78.604076 | electron energy -78.897904 + phonon energy 0.293827 | electron momentum kIdx = 0
The 8-th iteration is completed.	|| time cost : 0h 0m 27.654s
********************************************************************************************************************
Start the 9 rounds of NGS-ED iteration
	effective electronic model is modified as: kinetic energy t = 0.788517
	                                           effective interaction Vq = [-3.19997, -2.8348,-2.66065, -2.8348, -2.8348,-2.66065,-2.67426,-2.66065,-2.66065,-2.67426,-3.19582,-2.67426, -2.8348,-2.66065,-2.67426,-2.66065]
	PARPACK diagonalization completed after 30 matrix-vector product operations.
	iteration results: : total energy is -78.605111 | electron energy -78.898446 + phonon energy 0.293335 | electron momentum kIdx = 0
The 9-th iteration is completed.	|| time cost : 0h 0m 27.328s
********************************************************************************************************************
Start the 10 rounds of NGS-ED iteration
	effective electronic model is modified as: kinetic energy t = 0.788756
	                                           effective interaction Vq = [-3.19999,-2.83306,-2.65938,-2.83306,-2.83306,-2.65938,-2.67249,-2.65938,-2.65938,-2.67249,-3.19592,-2.67249,-2.83306,-2.65938,-2.67249,-2.65938]
	PARPACK diagonalization completed after 30 matrix-vector product operations.
	iteration results: : total energy is -78.605493 | electron energy -78.898358 + phonon energy 0.292865 | electron momentum kIdx = 0
	Nq(0) = 16,	Nq(1) = 0.190116,	Nq(2) = 0.271451,	Nq(3) = 0.190116,	Nq(4) = 0.190116,	Nq(5) = 0.271451,	Nq(6) = 0.399384,	Nq(7) = 0.271451,	Nq(8) = 0.271451,	Nq(9) = 0.399384,	Nq(10) = 8.02167,	Nq(11) = 0.399384,	Nq(12) = 0.190116,	Nq(13) = 0.271451,	Nq(14) = 0.399384,	Nq(15) = 0.271451,	Sq(0) = 1.63389e-19,	Sq(1) = 0.168412,	Sq(2) = 0.248106,	Sq(3) = 0.168412,	Sq(4) = 0.168412,	Sq(5) = 0.248106,	Sq(6) = 0.350217,	Sq(7) = 0.248106,	Sq(8) = 0.248106,	Sq(9) = 0.350217,	Sq(10) = 0.42847,	Sq(11) = 0.350217,	Sq(12) = 0.168412,	Sq(13) = 0.248106,	Sq(14) = 0.350217,	Sq(15) = 0.248106,	N(0) = 1.94431,	N(1) = 1.83722,	N(2) = 1,	N(3) = 1.83722,	N(4) = 1.83722,	N(5) = 1,	N(6) = 0.162784,	N(7) = 1,	N(8) = 1,	N(9) = 0.162784,	N(10) = 0.055693,	N(11) = 0.162784,	N(12) = 1.83722,	N(13) = 1,	N(14) = 0.162784,	N(15) = 1,	Delta[s](0) = 0.448957,	Delta[s](1) = 0.396471,	Delta[s](2) = 0.37603,	Delta[s](3) = 0.396471,	Delta[s](4) = 0.396471,	Delta[s](5) = 0.37603,	Delta[s](6) = 0.347121,	Delta[s](7) = 0.37603,	Delta[s](8) = 0.37603,	Delta[s](9) = 0.347121,	Delta[s](10) = 0.324682,	Delta[s](11) = 0.347121,	Delta[s](12) = 0.396471,	Delta[s](13) = 0.37603,	Delta[s](14) = 0.347121,	Delta[s](15) = 0.37603,	Delta[d](0) = 0.169529,	Delta[d](1) = 0.154432,	Delta[d](2) = 0.173352,	Delta[d](3) = 0.154432,	Delta[d](4) = 0.154432,	Delta[d](5) = 0.108244,	Delta[d](6) = 0.120042,	Delta[d](7) = 0.108244,	Delta[d](8) = 0.173352,	Delta[d](9) = 0.120042,	Delta[d](10) = 0.0468416,	Delta[d](11) = 0.120042,	Delta[d](12) = 0.154432,	Delta[d](13) = 0.108244,	Delta[d](14) = 0.120042,	Delta[d](15) = 0.108244,	Delta[s+](0) = 0.362987,	Delta[s+](1) = 0.275124,	Delta[s+](2) = 0.173352,	Delta[s+](3) = 0.275124,	Delta[s+](4) = 0.275124,	Delta[s+](5) = 0.173352,	Delta[s+](6) = 0.0734404,	Delta[s+](7) = 0.173352,	Delta[s+](8) = 0.173352,	Delta[s+](9) = 0.0734404,	Delta[s+](10) = 0.0281004,	Delta[s+](11) = 0.0734404,	Delta[s+](12) = 0.275124,	Delta[s+](13) = 0.173352,	Delta[s+](14) = 0.0734404,	Delta[s+](15) = 0.173352
The 10-th iteration is completed.	|| time cost : 0h 4m 24.088s
********************************************************************************************************************
Start the 11 rounds of NGS-ED iteration
	effective electronic model is modified as: kinetic energy t = 0.788928
	                                           effective interaction Vq = [    -3.2,-2.83184,-2.65847,-2.83184,-2.83184,-2.65847,-2.67125,-2.65847,-2.65847,-2.67125,-3.19597,-2.67125,-2.83184,-2.65847,-2.67125,-2.65847]
	PARPACK diagonalization completed after 30 matrix-vector product operations.
	iteration results: : total energy is -78.605636 | electron energy -78.898111 + phonon energy 0.292476 | electron momentum kIdx = 0
The 11-th iteration is completed.	|| time cost : 0h 0m 27.388s
********************************************************************************************************************
Start the 12 rounds of NGS-ED iteration
	effective electronic model is modified as: kinetic energy t = 0.78905
	                                           effective interaction Vq = [    -3.2,  -2.831,-2.65784,  -2.831,  -2.831,-2.65784,-2.67038,-2.65784,-2.65784,-2.67038,  -3.196,-2.67038,  -2.831,-2.65784,-2.67038,-2.65784]
	PARPACK diagonalization completed after 30 matrix-vector product operations.
	iteration results: : total energy is -78.605689 | electron energy -78.897865 + phonon energy 0.292176 | electron momentum kIdx = 0
The 12-th iteration is completed.	|| time cost : 0h 0m 27.634s
********************************************************************************************************************
Start the 13 rounds of NGS-ED iteration
	effective electronic model is modified as: kinetic energy t = 0.789135
	                                           effective interaction Vq = [    -3.2,-2.83042,-2.65739,-2.83042,-2.83042,-2.65739,-2.66978,-2.65739,-2.65739,-2.66978,-3.19601,-2.66978,-2.83042,-2.65739,-2.66978,-2.65739]
	PARPACK diagonalization completed after 30 matrix-vector product operations.
	iteration results: : total energy is -78.605709 | electron energy -78.897664 + phonon energy 0.291954 | electron momentum kIdx = 0
The 13-th iteration is completed.	|| time cost : 0h 0m 27.324s
********************************************************************************************************************
Start the 14 rounds of NGS-ED iteration
	effective electronic model is modified as: kinetic energy t = 0.789194
	                                           effective interaction Vq = [    -3.2,-2.83003,-2.65708,-2.83003,-2.83003,-2.65708,-2.66936,-2.65708,-2.65708,-2.66936,-3.19602,-2.66936,-2.83003,-2.65708,-2.66936,-2.65708]
	PARPACK diagonalization completed after 30 matrix-vector product operations.
	iteration results: : total energy is -78.605717 | electron energy -78.897511 + phonon energy 0.291794 | electron momentum kIdx = 0
The 14-th iteration is completed.	|| time cost : 0h 0m 27.327s
********************************************************************************************************************
Start the 15 rounds of NGS-ED iteration
	effective electronic model is modified as: kinetic energy t = 0.789235
	                                           effective interaction Vq = [    -3.2,-2.82975,-2.65687,-2.82975,-2.82975,-2.65687,-2.66907,-2.65687,-2.65687,-2.66907,-3.19602,-2.66907,-2.82975,-2.65687,-2.66907,-2.65687]
	PARPACK diagonalization completed after 30 matrix-vector product operations.
	iteration results: : total energy is -78.605720 | electron energy -78.897400 + phonon energy 0.291680 | electron momentum kIdx = 0
The 15-th iteration is completed.	|| time cost : 0h 0m 27.297s
********************************************************************************************************************
Start the 16 rounds of NGS-ED iteration
	effective electronic model is modified as: kinetic energy t = 0.789263
	                                           effective interaction Vq = [    -3.2,-2.82957,-2.65672,-2.82957,-2.82957,-2.65672,-2.66887,-2.65672,-2.65672,-2.66887,-3.19603,-2.66887,-2.82957,-2.65672,-2.66887,-2.65672]
	PARPACK diagonalization completed after 30 matrix-vector product operations.
	iteration results: : total energy is -78.605721 | electron energy -78.897321 + phonon energy 0.291600 | electron momentum kIdx = 0
The 16-th iteration is completed.	|| time cost : 0h 0m 27.312s
********************************************************************************************************************
Start the 17 rounds of NGS-ED iteration
	effective electronic model is modified as: kinetic energy t = 0.789283
	                                           effective interaction Vq = [    -3.2,-2.82944,-2.65662,-2.82944,-2.82944,-2.65662,-2.66874,-2.65662,-2.65662,-2.66874,-3.19603,-2.66874,-2.82944,-2.65662,-2.66874,-2.65662]
	PARPACK diagonalization completed after 30 matrix-vector product operations.
	iteration results: : total energy is -78.605722 | electron energy -78.897266 + phonon energy 0.291544 | electron momentum kIdx = 0
The 17-th iteration is completed.	|| time cost : 0h 0m 27.312s
********************************************************************************************************************
Start the 18 rounds of NGS-ED iteration
	effective electronic model is modified as: kinetic energy t = 0.789296
	                                           effective interaction Vq = [    -3.2,-2.82935,-2.65655,-2.82935,-2.82935,-2.65655,-2.66864,-2.65655,-2.65655,-2.66864,-3.19603,-2.66864,-2.82935,-2.65655,-2.66864,-2.65655]
	PARPACK diagonalization completed after 30 matrix-vector product operations.
	iteration results: : total energy is -78.605722 | electron energy -78.897227 + phonon energy 0.291505 | electron momentum kIdx = 0
The 18-th iteration is completed.	|| time cost : 0h 0m 27.287s
********************************************************************************************************************
Start the 19 rounds of NGS-ED iteration
	effective electronic model is modified as: kinetic energy t = 0.789306
	                                           effective interaction Vq = [    -3.2,-2.82929,-2.65651,-2.82929,-2.82929,-2.65651,-2.66858,-2.65651,-2.65651,-2.66858,-3.19603,-2.66858,-2.82929,-2.65651,-2.66858,-2.65651]
	PARPACK diagonalization completed after 30 matrix-vector product operations.
	iteration results: : total energy is -78.605722 | electron energy -78.897200 + phonon energy 0.291478 | electron momentum kIdx = 0
The 19-th iteration is completed.	|| time cost : 0h 0m 27.279s
********************************************************************************************************************
Start the 20 rounds of NGS-ED iteration
	effective electronic model is modified as: kinetic energy t = 0.789312
	                                           effective interaction Vq = [    -3.2,-2.82925,-2.65647,-2.82925,-2.82925,-2.65647,-2.66853,-2.65647,-2.65647,-2.66853,-3.19603,-2.66853,-2.82925,-2.65647,-2.66853,-2.65647]
	PARPACK diagonalization completed after 30 matrix-vector product operations.
	iteration results: : total energy is -78.605722 | electron energy -78.897182 + phonon energy 0.291460 | electron momentum kIdx = 0
