TACC:  Starting up job 4375428 
TACC:  Starting parallel tasks... 
SNEDics v3.4 Non-Gaussian ED ground state program		Start at Sat Sep 21 17:07:34 2019

parallized on 32 MPI threads  * 6 OpenMP threads = 192 total threads.
********************************************************************************************************************
********************************************************************************************************************

********************************************************************************************************************
System parameters and configurations
********************************************************************************************************************
Special program options are enabled: splitted diagonal Hamiltonian
********************************************************************************************************************
Read input file "model_params.in"
	Hubbard-Holstein model parameters : 	t = 1    U = 6    g = 3.873    W = 5    
********************************************************************************************************************
Read input file "hilbertspace_params.in"
	Requested 16-site 2D lattice, with 16 electrons (8, 8)
	Boundary : Periodic		Hilbert space representation : momentum-space (restricted to kIdx = 10)
	Conservation: particle number[U(1)]      spin[U(1)]     momentum
********************************************************************************************************************

Cluster Positions:				Cluster symmetry group : D4
 x ... x ... x ... x .....                       x ... x ... x ... x .....
 |           |           :                       |           |           :
 |           |           :                       |           |           :
12    13    14    15     x                       1     5     6     5     x
 |           |           :                       |           |           :
 |           |           :                       |           |           :
 8 --- 9 ---10 ---11 --- x                       2 --- 6 ---10 --- 6 --- x
 |           |           :                       |           |           :
 |           |           :                       |           |           :
 4     5     6     7     x                       1     5     6     5     x
 |           |           :                       |           |           :
 |           |           :                       |           |           :
 0 --- 1 --- 2 --- 3 --- x                       0 --- 1 --- 2 --- 1 --- x
orbital number : 1
********************************************************************************************************************
Read input file "obs_params.in"
	Observable Type : Nq(All),   Sq(All),   N(All),   Delta[s](All),   Delta[d](All),   Delta[s+](All)
********************************************************************************************************************
** WARNING ** the input observables have non-local factors which have been reinterpreted. The total observable number is 96
********************************************************************************************************************


********************************************************************************************************************
Start calculating the non-Gaussian ED ground state
** WARNING ** Detected low phonon energy W < 10. The initial state will be prepared through a warm-up process.
********************************************************************************************************************
Start warm-up calculation for scaling factor 2
open output files: NGSEDWarmUpW10Obs.txt
********************************************************************************************************************
Start the 0 rounds of NGS-ED iteration
	effective electronic model is modified as: kinetic energy t = 1
	                                           effective interaction Vq = [0,0,0,0,0,0,0,0,0,0,0,0,0,0,0,0]
	first Hamiltonian is constructed, non-zero numbers = 2845334624
	PARPACK diagonalization completed after 105 matrix-vector product operations.
	iteration results: : total energy is -10.362825 | electron energy -10.362825 + phonon energy 0.000000 | electron momentum kIdx = 10
	Nq(0) = 16,	Nq(1) = 0.100326,	Nq(2) = 0.16192,	Nq(3) = 0.100326,	Nq(4) = 0.100326,	Nq(5) = 0.16192,	Nq(6) = 0.22032,	Nq(7) = 0.16192,	Nq(8) = 0.16192,	Nq(9) = 0.22032,	Nq(10) = 0.271965,	Nq(11) = 0.22032,	Nq(12) = 0.100326,	Nq(13) = 0.16192,	Nq(14) = 0.22032,	Nq(15) = 0.16192,	Sq(0) = -1.63929e-18,	Sq(1) = 0.265751,	Sq(2) = 0.399864,	Sq(3) = 0.265751,	Sq(4) = 0.265751,	Sq(5) = 0.399864,	Sq(6) = 0.588273,	Sq(7) = 0.399864,	Sq(8) = 0.399864,	Sq(9) = 0.588273,	Sq(10) = 7.65865,	Sq(11) = 0.588273,	Sq(12) = 0.265751,	Sq(13) = 0.399864,	Sq(14) = 0.588273,	Sq(15) = 0.399864,	N(0) = 1.85619,	N(1) = 1.69322,	N(2) = 1,	N(3) = 1.69322,	N(4) = 1.69322,	N(5) = 1,	N(6) = 0.306779,	N(7) = 1,	N(8) = 1,	N(9) = 0.306779,	N(10) = 0.143813,	N(11) = 0.306779,	N(12) = 1.69322,	N(13) = 1,	N(14) = 0.306779,	N(15) = 1,	Delta[s](0) = 0.122093,	Delta[s](1) = 0.10254,	Delta[s](2) = 0.0804571,	Delta[s](3) = 0.10254,	Delta[s](4) = 0.10254,	Delta[s](5) = 0.0804571,	Delta[s](6) = 0.0571637,	Delta[s](7) = 0.0804571,	Delta[s](8) = 0.0804571,	Delta[s](9) = 0.0571637,	Delta[s](10) = 0.0193845,	Delta[s](11) = 0.0571637,	Delta[s](12) = 0.10254,	Delta[s](13) = 0.0804571,	Delta[s](14) = 0.0571637,	Delta[s](15) = 0.0804571,	Delta[d](0) = 0.540795,	Delta[d](1) = 0.434893,	Delta[d](2) = 0.361466,	Delta[d](3) = 0.434893,	Delta[d](4) = 0.434893,	Delta[d](5) = 0.394314,	Delta[d](6) = 0.327755,	Delta[d](7) = 0.394314,	Delta[d](8) = 0.361466,	Delta[d](9) = 0.327755,	Delta[d](10) = 0.265424,	Delta[d](11) = 0.327755,	Delta[d](12) = 0.434893,	Delta[d](13) = 0.394314,	Delta[d](14) = 0.327755,	Delta[d](15) = 0.394314,	Delta[s+](0) = 0.600025,	Delta[s+](1) = 0.497991,	Delta[s+](2) = 0.361466,	Delta[s+](3) = 0.497991,	Delta[s+](4) = 0.497991,	Delta[s+](5) = 0.361466,	Delta[s+](6) = 0.22657,	Delta[s+](7) = 0.361466,	Delta[s+](8) = 0.361466,	Delta[s+](9) = 0.22657,	Delta[s+](10) = 0.1125,	Delta[s+](11) = 0.22657,	Delta[s+](12) = 0.497991,	Delta[s+](13) = 0.361466,	Delta[s+](14) = 0.22657,	Delta[s+](15) = 0.361466
The 0-th iteration is completed.	|| time cost : 0h 6m 42.765s
********************************************************************************************************************
Start the 1 rounds of NGS-ED iteration
	effective electronic model is modified as: kinetic energy t = 0.932392
	                                           effective interaction Vq = [-2.59402,-2.28669,-2.21757,-2.28669,-2.28669,-2.21757,-2.18249,-2.21757,-2.21757,-2.18249, -2.1529,-2.18249,-2.28669,-2.21757,-2.18249,-2.21757]
	PARPACK diagonalization completed after 45 matrix-vector product operations.
	iteration results: : total energy is -59.029163 | electron energy -59.032578 + phonon energy 0.003415 | electron momentum kIdx = 10
The 1-th iteration is completed.	|| time cost : 0h 3m 36.114s
********************************************************************************************************************
Start the 2 rounds of NGS-ED iteration
	effective electronic model is modified as: kinetic energy t = 0.879373
	                                           effective interaction Vq = [-2.94508,-2.77184,-2.65823,-2.77184,-2.77184,-2.65823,-2.64884,-2.65823,-2.65823,-2.64884, -2.5938,-2.64884,-2.77184,-2.65823,-2.64884,-2.65823]
	PARPACK diagonalization completed after 30 matrix-vector product operations.
	iteration results: : total energy is -66.049327 | electron energy -66.083307 + phonon energy 0.033980 | electron momentum kIdx = 10
The 2-th iteration is completed.	|| time cost : 0h 0m 24.008s
********************************************************************************************************************
Start the 3 rounds of NGS-ED iteration
	effective electronic model is modified as: kinetic energy t = 0.857898
	                                           effective interaction Vq = [-2.99259,-2.88781,-2.76612,-2.88781,-2.88781,-2.76612,-2.77628,-2.76612,-2.76612,-2.77628,-2.70843,-2.77628,-2.88781,-2.76612,-2.77628,-2.76612]
	PARPACK diagonalization completed after 30 matrix-vector product operations.
	iteration results: : total energy is -67.013220 | electron energy -67.076078 + phonon energy 0.062858 | electron momentum kIdx = 10
The 3-th iteration is completed.	|| time cost : 0h 0m 23.966s
********************************************************************************************************************
Start the 4 rounds of NGS-ED iteration
	effective electronic model is modified as: kinetic energy t = 0.850069
	                                           effective interaction Vq = [-2.99902,-2.92059,-2.79733,-2.92059,-2.92059,-2.79733,-2.81655,-2.79733,-2.79733,-2.81655, -2.7428,-2.81655,-2.92059,-2.79733,-2.81655,-2.79733]
	PARPACK diagonalization completed after 30 matrix-vector product operations.
	iteration results: : total energy is -67.143087 | electron energy -67.219935 + phonon energy 0.076849 | electron momentum kIdx = 10
The 4-th iteration is completed.	|| time cost : 0h 0m 23.97s
********************************************************************************************************************
Start the 5 rounds of NGS-ED iteration
	effective electronic model is modified as: kinetic energy t = 0.847301
	                                           effective interaction Vq = [-2.99989,-2.93109,-2.80713,-2.93109,-2.93109,-2.80713,-2.83029,-2.80713,-2.80713,-2.83029,-2.75383,-2.83029,-2.93109,-2.80713,-2.83029,-2.80713]
	PARPACK diagonalization completed after 30 matrix-vector product operations.
	iteration results: : total energy is -67.160446 | electron energy -67.242787 + phonon energy 0.082341 | electron momentum kIdx = 10
The 5-th iteration is completed.	|| time cost : 0h 0m 23.895s
********************************************************************************************************************
Start the 6 rounds of NGS-ED iteration
	effective electronic model is modified as: kinetic energy t = 0.846332
	                                           effective interaction Vq = [-3.00001,-2.93467, -2.8103,-2.93467,-2.93467, -2.8103,-2.83514, -2.8103, -2.8103,-2.83514,-2.75746,-2.83514,-2.93467, -2.8103,-2.83514, -2.8103]
	PARPACK diagonalization completed after 30 matrix-vector product operations.
	iteration results: : total energy is -67.162762 | electron energy -67.247107 + phonon energy 0.084344 | electron momentum kIdx = 10
The 6-th iteration is completed.	|| time cost : 0h 0m 23.915s
********************************************************************************************************************
Start the 7 rounds of NGS-ED iteration
	effective electronic model is modified as: kinetic energy t = 0.845992
	                                           effective interaction Vq = [-3.00002,-2.93592,-2.81135,-2.93592,-2.93592,-2.81135,-2.83687,-2.81135,-2.81135,-2.83687,-2.75867,-2.83687,-2.93592,-2.81135,-2.83687,-2.81135]
	PARPACK diagonalization completed after 30 matrix-vector product operations.
	iteration results: : total energy is -67.163071 | electron energy -67.248128 + phonon energy 0.085057 | electron momentum kIdx = 10
The 7-th iteration is completed.	|| time cost : 0h 0m 22.037s
********************************************************************************************************************
Start the 8 rounds of NGS-ED iteration
	effective electronic model is modified as: kinetic energy t = 0.845874
	                                           effective interaction Vq = [-3.00003,-2.93636,-2.81169,-2.93636,-2.93636,-2.81169,-2.83749,-2.81169,-2.81169,-2.83749,-2.75908,-2.83749,-2.93636,-2.81169,-2.83749,-2.81169]
	PARPACK diagonalization completed after 30 matrix-vector product operations.
	iteration results: : total energy is -67.163113 | electron energy -67.248420 + phonon energy 0.085308 | electron momentum kIdx = 10
	Nq(0) = 16,	Nq(1) = 0.362465,	Nq(2) = 0.364056,	Nq(3) = 0.362465,	Nq(4) = 0.362465,	Nq(5) = 0.364056,	Nq(6) = 0.589068,	Nq(7) = 0.364056,	Nq(8) = 0.364056,	Nq(9) = 0.589068,	Nq(10) = 0.596367,	Nq(11) = 0.589068,	Nq(12) = 0.362465,	Nq(13) = 0.364056,	Nq(14) = 0.589068,	Nq(15) = 0.364056,	Sq(0) = 1.68189e-18,	Sq(1) = 0.376483,	Sq(2) = 0.414983,	Sq(3) = 0.376483,	Sq(4) = 0.376483,	Sq(5) = 0.414983,	Sq(6) = 0.638123,	Sq(7) = 0.414983,	Sq(8) = 0.414983,	Sq(9) = 0.638123,	Sq(10) = 2.86484,	Sq(11) = 0.638123,	Sq(12) = 0.376483,	Sq(13) = 0.414983,	Sq(14) = 0.638123,	Sq(15) = 0.414983,	N(0) = 1.99918,	N(1) = 1.99873,	N(2) = 1,	N(3) = 1.99873,	N(4) = 1.99873,	N(5) = 1,	N(6) = 0.00127421,	N(7) = 1,	N(8) = 1,	N(9) = 0.00127421,	N(10) = 0.000816972,	N(11) = 0.00127421,	N(12) = 1.99873,	N(13) = 1,	N(14) = 0.00127421,	N(15) = 1,	Delta[s](0) = 0.256689,	Delta[s](1) = 0.251215,	Delta[s](2) = 0.194919,	Delta[s](3) = 0.251215,	Delta[s](4) = 0.251215,	Delta[s](5) = 0.194919,	Delta[s](6) = 0.189924,	Delta[s](7) = 0.194919,	Delta[s](8) = 0.194919,	Delta[s](9) = 0.189924,	Delta[s](10) = 0.102662,	Delta[s](11) = 0.189924,	Delta[s](12) = 0.251215,	Delta[s](13) = 0.194919,	Delta[s](14) = 0.189924,	Delta[s](15) = 0.194919,	Delta[d](0) = 0.494946,	Delta[d](1) = 0.311583,	Delta[d](2) = 0.278796,	Delta[d](3) = 0.311583,	Delta[d](4) = 0.311583,	Delta[d](5) = 0.36529,	Delta[d](6) = 0.257954,	Delta[d](7) = 0.36529,	Delta[d](8) = 0.278796,	Delta[d](9) = 0.257954,	Delta[d](10) = 0.236567,	Delta[d](11) = 0.257954,	Delta[d](12) = 0.311583,	Delta[d](13) = 0.36529,	Delta[d](14) = 0.257954,	Delta[d](15) = 0.36529,	Delta[s+](0) = 0.509152,	Delta[s+](1) = 0.419292,	Delta[s+](2) = 0.278796,	Delta[s+](3) = 0.419292,	Delta[s+](4) = 0.419292,	Delta[s+](5) = 0.278796,	Delta[s+](6) = 0.136278,	Delta[s+](7) = 0.278796,	Delta[s+](8) = 0.278796,	Delta[s+](9) = 0.136278,	Delta[s+](10) = 0.0381489,	Delta[s+](11) = 0.136278,	Delta[s+](12) = 0.419292,	Delta[s+](13) = 0.278796,	Delta[s+](14) = 0.136278,	Delta[s+](15) = 0.278796
The 8-th iteration is completed.	|| time cost : 0h 4m 23.377s
********************************************************************************************************************
********************************************************************************************************************
Ground state is obtained after 9 iterations. The current ground-state energy is -67.1631, in which electron energy is -67.2484 and phonon energy is 0.0853077
final variational state is: 
	Gamma_x = [      1,1.02738,1.04184,1.02738,1.02738,1.04184,1.06504,1.04184,1.04184,1.06504,1.07527,1.06504,1.02738,1.04184,1.06504,1.04184]
	lambda_q = [0.547657,0.468033,0.410532,0.468033,0.468033,0.410532,0.420324,0.410532,0.410532,0.420324,0.392545,0.420324,0.468033,0.410532,0.420324,0.410532]
********************************************************************************************************************
o___o  ----------------------------------------
| L |	Time since last clock: 0h 0m 0s
A===A	Time since the beginning: 0h 17m 4.052s
***********************************************


********************************************************************************************************************
Warm up runs have been completed. Start calculating W = 5 phonon.
open output files: NGSEDIterationObs.txt
********************************************************************************************************************
Start the 0 rounds of NGS-ED iteration
	effective electronic model is modified as: kinetic energy t = 0.845832
	                                           effective interaction Vq = [-2.74251,-2.53011, -2.3373,-2.53011,-2.53011, -2.3373,-2.37247, -2.3373, -2.3373,-2.37247, -2.2702,-2.37247,-2.53011, -2.3373,-2.37247, -2.3373]
	PARPACK diagonalization completed after 30 matrix-vector product operations.
	iteration results: : total energy is -60.275640 | electron energy -60.318338 + phonon energy 0.042698 | electron momentum kIdx = 10
	Nq(0) = 16,	Nq(1) = 0.295222,	Nq(2) = 0.331631,	Nq(3) = 0.295222,	Nq(4) = 0.295222,	Nq(5) = 0.331631,	Nq(6) = 0.496386,	Nq(7) = 0.331631,	Nq(8) = 0.331631,	Nq(9) = 0.496386,	Nq(10) = 0.537968,	Nq(11) = 0.496386,	Nq(12) = 0.295222,	Nq(13) = 0.331631,	Nq(14) = 0.496386,	Nq(15) = 0.331631,	Sq(0) = 4.03055e-18,	Sq(1) = 0.372178,	Sq(2) = 0.426987,	Sq(3) = 0.372178,	Sq(4) = 0.372178,	Sq(5) = 0.426987,	Sq(6) = 0.662618,	Sq(7) = 0.426987,	Sq(8) = 0.426987,	Sq(9) = 0.662618,	Sq(10) = 3.60471,	Sq(11) = 0.662618,	Sq(12) = 0.372178,	Sq(13) = 0.426987,	Sq(14) = 0.662618,	Sq(15) = 0.426987,	N(0) = 1.9897,	N(1) = 1.97931,	N(2) = 1,	N(3) = 1.97931,	N(4) = 1.97931,	N(5) = 1,	N(6) = 0.0206872,	N(7) = 1,	N(8) = 1,	N(9) = 0.0206872,	N(10) = 0.0103031,	N(11) = 0.0206872,	N(12) = 1.97931,	N(13) = 1,	N(14) = 0.0206872,	N(15) = 1,	Delta[s](0) = 0.224673,	Delta[s](1) = 0.211661,	Delta[s](2) = 0.173121,	Delta[s](3) = 0.211661,	Delta[s](4) = 0.211661,	Delta[s](5) = 0.173121,	Delta[s](6) = 0.160577,	Delta[s](7) = 0.173121,	Delta[s](8) = 0.173121,	Delta[s](9) = 0.160577,	Delta[s](10) = 0.0947443,	Delta[s](11) = 0.160577,	Delta[s](12) = 0.211661,	Delta[s](13) = 0.173121,	Delta[s](14) = 0.160577,	Delta[s](15) = 0.173121,	Delta[d](0) = 0.51149,	Delta[d](1) = 0.347205,	Delta[d](2) = 0.307745,	Delta[d](3) = 0.347205,	Delta[d](4) = 0.347205,	Delta[d](5) = 0.38103,	Delta[d](6) = 0.28866,	Delta[d](7) = 0.38103,	Delta[d](8) = 0.307745,	Delta[d](9) = 0.28866,	Delta[d](10) = 0.252941,	Delta[d](11) = 0.28866,	Delta[d](12) = 0.347205,	Delta[d](13) = 0.38103,	Delta[d](14) = 0.28866,	Delta[d](15) = 0.38103,	Delta[s+](0) = 0.557453,	Delta[s+](1) = 0.458295,	Delta[s+](2) = 0.307745,	Delta[s+](3) = 0.458295,	Delta[s+](4) = 0.458295,	Delta[s+](5) = 0.307745,	Delta[s+](6) = 0.158088,	Delta[s+](7) = 0.307745,	Delta[s+](8) = 0.307745,	Delta[s+](9) = 0.158088,	Delta[s+](10) = 0.0490761,	Delta[s+](11) = 0.158088,	Delta[s+](12) = 0.458295,	Delta[s+](13) = 0.307745,	Delta[s+](14) = 0.158088,	Delta[s+](15) = 0.307745
The 0-th iteration is completed.	|| time cost : 0h 4m 9.238s
********************************************************************************************************************
Start the 1 rounds of NGS-ED iteration
	effective electronic model is modified as: kinetic energy t = 0.83218
	                                           effective interaction Vq = [-2.90529,-2.65441,-2.43016,-2.65441,-2.65441,-2.43016,-2.45502,-2.43016,-2.43016,-2.45502,-2.34403,-2.45502,-2.65441,-2.43016,-2.45502,-2.43016]
	PARPACK diagonalization completed after 30 matrix-vector product operations.
	iteration results: : total energy is -63.025323 | electron energy -63.143769 + phonon energy 0.118446 | electron momentum kIdx = 10
The 1-th iteration is completed.	|| time cost : 0h 0m 24.015s
********************************************************************************************************************
Start the 2 rounds of NGS-ED iteration
	effective electronic model is modified as: kinetic energy t = 0.822506
	                                           effective interaction Vq = [-2.96517,-2.72209,-2.48301,-2.72209,-2.72209,-2.48301,-2.50941,-2.48301,-2.48301,-2.50941,-2.39341,-2.50941,-2.72209,-2.48301,-2.50941,-2.48301]
	PARPACK diagonalization completed after 30 matrix-vector product operations.
	iteration results: : total energy is -64.036246 | electron energy -64.205223 + phonon energy 0.168977 | electron momentum kIdx = 10
The 2-th iteration is completed.	|| time cost : 0h 0m 21.942s
********************************************************************************************************************
Start the 3 rounds of NGS-ED iteration
	effective electronic model is modified as: kinetic energy t = 0.816232
	                                           effective interaction Vq = [ -2.9872,-2.76016,-2.51306,-2.76016,-2.76016,-2.51306,-2.54341,-2.51306,-2.51306,-2.54341,-2.42367,-2.54341,-2.76016,-2.51306,-2.54341,-2.51306]
	PARPACK diagonalization completed after 30 matrix-vector product operations.
	iteration results: : total energy is -64.408248 | electron energy -64.607764 + phonon energy 0.199516 | electron momentum kIdx = 10
The 3-th iteration is completed.	|| time cost : 0h 0m 20.51s
********************************************************************************************************************
Start the 4 rounds of NGS-ED iteration
	effective electronic model is modified as: kinetic energy t = 0.812316
	                                           effective interaction Vq = [-2.99531, -2.7821,-2.53023, -2.7821, -2.7821,-2.53023,-2.56435,-2.53023,-2.53023,-2.56435,-2.44173,-2.56435, -2.7821,-2.53023,-2.56435,-2.53023]
	PARPACK diagonalization completed after 30 matrix-vector product operations.
	iteration results: : total energy is -64.545126 | electron energy -64.762954 + phonon energy 0.217828 | electron momentum kIdx = 10
The 4-th iteration is completed.	|| time cost : 0h 0m 20.595s
********************************************************************************************************************
Start the 5 rounds of NGS-ED iteration
	effective electronic model is modified as: kinetic energy t = 0.809917
	                                           effective interaction Vq = [-2.99829,-2.79495, -2.5401,-2.79495,-2.79495, -2.5401,-2.57719, -2.5401, -2.5401,-2.57719,-2.45242,-2.57719,-2.79495, -2.5401,-2.57719, -2.5401]
	PARPACK diagonalization completed after 30 matrix-vector product operations.
	iteration results: : total energy is -64.595481 | electron energy -64.824329 + phonon energy 0.228848 | electron momentum kIdx = 10
The 5-th iteration is completed.	|| time cost : 0h 0m 20.529s
********************************************************************************************************************
Start the 6 rounds of NGS-ED iteration
	effective electronic model is modified as: kinetic energy t = 0.808459
	                                           effective interaction Vq = [-2.99939,-2.80257,-2.54579,-2.80257,-2.80257,-2.54579,-2.58507,-2.54579,-2.54579,-2.58507,-2.45874,-2.58507,-2.80257,-2.54579,-2.58507,-2.54579]
	PARPACK diagonalization completed after 30 matrix-vector product operations.
	iteration results: : total energy is -64.614004 | electron energy -64.849500 + phonon energy 0.235497 | electron momentum kIdx = 10
The 6-th iteration is completed.	|| time cost : 0h 0m 20.576s
********************************************************************************************************************
Start the 7 rounds of NGS-ED iteration
	effective electronic model is modified as: kinetic energy t = 0.807578
	                                           effective interaction Vq = [-2.99979,-2.80712,-2.54908,-2.80712,-2.80712,-2.54908, -2.5899,-2.54908,-2.54908, -2.5899,-2.46248, -2.5899,-2.80712,-2.54908, -2.5899,-2.54908]
	PARPACK diagonalization completed after 30 matrix-vector product operations.
	iteration results: : total energy is -64.620817 | electron energy -64.860331 + phonon energy 0.239514 | electron momentum kIdx = 10
The 7-th iteration is completed.	|| time cost : 0h 0m 20.577s
********************************************************************************************************************
Start the 8 rounds of NGS-ED iteration
	effective electronic model is modified as: kinetic energy t = 0.807046
	                                           effective interaction Vq = [-2.99994,-2.80985,  -2.551,-2.80985,-2.80985,  -2.551,-2.59287,  -2.551,  -2.551,-2.59287, -2.4647,-2.59287,-2.80985,  -2.551,-2.59287,  -2.551]
	PARPACK diagonalization completed after 30 matrix-vector product operations.
	iteration results: : total energy is -64.623322 | electron energy -64.865265 + phonon energy 0.241942 | electron momentum kIdx = 10
The 8-th iteration is completed.	|| time cost : 0h 0m 20.562s
********************************************************************************************************************
Start the 9 rounds of NGS-ED iteration
	effective electronic model is modified as: kinetic energy t = 0.806725
	                                           effective interaction Vq = [-2.99999,-2.81149,-2.55211,-2.81149,-2.81149,-2.55211,-2.59469,-2.55211,-2.55211,-2.59469,-2.46602,-2.59469,-2.81149,-2.55211,-2.59469,-2.55211]
	PARPACK diagonalization completed after 30 matrix-vector product operations.
	iteration results: : total energy is -64.624244 | electron energy -64.867654 + phonon energy 0.243410 | electron momentum kIdx = 10
The 9-th iteration is completed.	|| time cost : 0h 0m 20.572s
********************************************************************************************************************
Start the 10 rounds of NGS-ED iteration
	effective electronic model is modified as: kinetic energy t = 0.806531
	                                           effective interaction Vq = [-3.00001,-2.81248,-2.55277,-2.81248,-2.81248,-2.55277,-2.59581,-2.55277,-2.55277,-2.59581, -2.4668,-2.59581,-2.81248,-2.55277,-2.59581,-2.55277]
	PARPACK diagonalization completed after 30 matrix-vector product operations.
	iteration results: : total energy is -64.624583 | electron energy -64.868881 + phonon energy 0.244297 | electron momentum kIdx = 10
	Nq(0) = 16,	Nq(1) = 0.33557,	Nq(2) = 0.346543,	Nq(3) = 0.33557,	Nq(4) = 0.33557,	Nq(5) = 0.346543,	Nq(6) = 0.536625,	Nq(7) = 0.346543,	Nq(8) = 0.346543,	Nq(9) = 0.536625,	Nq(10) = 0.560553,	Nq(11) = 0.536625,	Nq(12) = 0.33557,	Nq(13) = 0.346543,	Nq(14) = 0.536625,	Nq(15) = 0.346543,	Sq(0) = -9.69149e-19,	Sq(1) = 0.376166,	Sq(2) = 0.423232,	Sq(3) = 0.376166,	Sq(4) = 0.376166,	Sq(5) = 0.423232,	Sq(6) = 0.655111,	Sq(7) = 0.423232,	Sq(8) = 0.423232,	Sq(9) = 0.655111,	Sq(10) = 3.20691,	Sq(11) = 0.655111,	Sq(12) = 0.376166,	Sq(13) = 0.423232,	Sq(14) = 0.655111,	Sq(15) = 0.423232,	N(0) = 1.99496,	N(1) = 1.99167,	N(2) = 1,	N(3) = 1.99167,	N(4) = 1.99167,	N(5) = 1,	N(6) = 0.00832994,	N(7) = 1,	N(8) = 1,	N(9) = 0.00832994,	N(10) = 0.00503622,	N(11) = 0.00832994,	N(12) = 1.99167,	N(13) = 1,	N(14) = 0.00832994,	N(15) = 1,	Delta[s](0) = 0.233481,	Delta[s](1) = 0.224264,	Delta[s](2) = 0.185494,	Delta[s](3) = 0.224264,	Delta[s](4) = 0.224264,	Delta[s](5) = 0.185494,	Delta[s](6) = 0.176747,	Delta[s](7) = 0.185494,	Delta[s](8) = 0.185494,	Delta[s](9) = 0.176747,	Delta[s](10) = 0.113806,	Delta[s](11) = 0.176747,	Delta[s](12) = 0.224264,	Delta[s](13) = 0.185494,	Delta[s](14) = 0.176747,	Delta[s](15) = 0.185494,	Delta[d](0) = 0.530038,	Delta[d](1) = 0.357501,	Delta[d](2) = 0.319171,	Delta[d](3) = 0.357501,	Delta[d](4) = 0.357501,	Delta[d](5) = 0.398406,	Delta[d](6) = 0.299365,	Delta[d](7) = 0.398406,	Delta[d](8) = 0.319171,	Delta[d](9) = 0.299365,	Delta[d](10) = 0.26889,	Delta[d](11) = 0.299365,	Delta[d](12) = 0.357501,	Delta[d](13) = 0.398406,	Delta[d](14) = 0.299365,	Delta[d](15) = 0.398406,	Delta[s+](0) = 0.570631,	Delta[s+](1) = 0.470549,	Delta[s+](2) = 0.319171,	Delta[s+](3) = 0.470549,	Delta[s+](4) = 0.470549,	Delta[s+](5) = 0.319171,	Delta[s+](6) = 0.166399,	Delta[s+](7) = 0.319171,	Delta[s+](8) = 0.319171,	Delta[s+](9) = 0.166399,	Delta[s+](10) = 0.0560658,	Delta[s+](11) = 0.166399,	Delta[s+](12) = 0.470549,	Delta[s+](13) = 0.319171,	Delta[s+](14) = 0.166399,	Delta[s+](15) = 0.319171
The 10-th iteration is completed.	|| time cost : 0h 3m 43.145s
********************************************************************************************************************
Start the 11 rounds of NGS-ED iteration
	effective electronic model is modified as: kinetic energy t = 0.806414
	                                           effective interaction Vq = [-3.00002,-2.81308,-2.55315,-2.81308,-2.81308,-2.55315,-2.59649,-2.55315,-2.55315,-2.59649,-2.46726,-2.59649,-2.81308,-2.55315,-2.59649,-2.55315]
	PARPACK diagonalization completed after 30 matrix-vector product operations.
	iteration results: : total energy is -64.624708 | electron energy -64.869542 + phonon energy 0.244834 | electron momentum kIdx = 10
The 11-th iteration is completed.	|| time cost : 0h 0m 20.594s
********************************************************************************************************************
Start the 12 rounds of NGS-ED iteration
	effective electronic model is modified as: kinetic energy t = 0.806344
	                                           effective interaction Vq = [-3.00002,-2.81344,-2.55337,-2.81344,-2.81344,-2.55337,-2.59691,-2.55337,-2.55337,-2.59691,-2.46754,-2.59691,-2.81344,-2.55337,-2.59691,-2.55337]
	PARPACK diagonalization completed after 30 matrix-vector product operations.
	iteration results: : total energy is -64.624754 | electron energy -64.869913 + phonon energy 0.245159 | electron momentum kIdx = 10
The 12-th iteration is completed.	|| time cost : 0h 0m 20.618s
********************************************************************************************************************
Start the 13 rounds of NGS-ED iteration
	effective electronic model is modified as: kinetic energy t = 0.806301
	                                           effective interaction Vq = [-3.00003,-2.81366,-2.55351,-2.81366,-2.81366,-2.55351,-2.59717,-2.55351,-2.55351,-2.59717,-2.46771,-2.59717,-2.81366,-2.55351,-2.59717,-2.55351]
	PARPACK diagonalization completed after 30 matrix-vector product operations.
	iteration results: : total energy is -64.624771 | electron energy -64.870126 + phonon energy 0.245355 | electron momentum kIdx = 10
The 13-th iteration is completed.	|| time cost : 0h 0m 20.525s
********************************************************************************************************************
Start the 14 rounds of NGS-ED iteration
	effective electronic model is modified as: kinetic energy t = 0.806275
	                                           effective interaction Vq = [-3.00003,-2.81379,-2.55358,-2.81379,-2.81379,-2.55358,-2.59733,-2.55358,-2.55358,-2.59733, -2.4678,-2.59733,-2.81379,-2.55358,-2.59733,-2.55358]
	PARPACK diagonalization completed after 30 matrix-vector product operations.
	iteration results: : total energy is -64.624777 | electron energy -64.870251 + phonon energy 0.245474 | electron momentum kIdx = 10
The 14-th iteration is completed.	|| time cost : 0h 0m 20.57s
********************************************************************************************************************
Start the 15 rounds of NGS-ED iteration
	effective electronic model is modified as: kinetic energy t = 0.80626
	                                           effective interaction Vq = [-3.00003,-2.81387,-2.55363,-2.81387,-2.81387,-2.55363,-2.59742,-2.55363,-2.55363,-2.59742,-2.46786,-2.59742,-2.81387,-2.55363,-2.59742,-2.55363]
	PARPACK diagonalization completed after 30 matrix-vector product operations.
	iteration results: : total energy is -64.624779 | electron energy -64.870325 + phonon energy 0.245546 | electron momentum kIdx = 10
The 15-th iteration is completed.	|| time cost : 0h 0m 20.547s
********************************************************************************************************************
Start the 16 rounds of NGS-ED iteration
	effective electronic model is modified as: kinetic energy t = 0.80625
	                                           effective interaction Vq = [-3.00003,-2.81392,-2.55366,-2.81392,-2.81392,-2.55366,-2.59748,-2.55366,-2.55366,-2.59748, -2.4679,-2.59748,-2.81392,-2.55366,-2.59748,-2.55366]
	PARPACK diagonalization completed after 30 matrix-vector product operations.
	iteration results: : total energy is -64.624780 | electron energy -64.870370 + phonon energy 0.245590 | electron momentum kIdx = 10
The 16-th iteration is completed.	|| time cost : 0h 0m 23.041s
********************************************************************************************************************
Start the 17 rounds of NGS-ED iteration
	effective electronic model is modified as: kinetic energy t = 0.806245
	                                           effective interaction Vq = [-3.00003,-2.81394,-2.55367,-2.81394,-2.81394,-2.55367,-2.59752,-2.55367,-2.55367,-2.59752,-2.46792,-2.59752,-2.81394,-2.55367,-2.59752,-2.55367]
	PARPACK diagonalization completed after 30 matrix-vector product operations.
	iteration results: : total energy is -64.624780 | electron energy -64.870397 + phonon energy 0.245616 | electron momentum kIdx = 10
The 17-th iteration is completed.	|| time cost : 0h 0m 23.288s
********************************************************************************************************************
Start the 18 rounds of NGS-ED iteration
	effective electronic model is modified as: kinetic energy t = 0.806241
	                                           effective interaction Vq = [-3.00003,-2.81396,-2.55368,-2.81396,-2.81396,-2.55368,-2.59754,-2.55368,-2.55368,-2.59754,-2.46793,-2.59754,-2.81396,-2.55368,-2.59754,-2.55368]
	PARPACK diagonalization completed after 30 matrix-vector product operations.
	iteration results: : total energy is -64.624780 | electron energy -64.870413 + phonon energy 0.245632 | electron momentum kIdx = 10
The 18-th iteration is completed.	|| time cost : 0h 0m 20.515s
********************************************************************************************************************
Start the 19 rounds of NGS-ED iteration
	effective electronic model is modified as: kinetic energy t = 0.806239
	                                           effective interaction Vq = [-3.00003,-2.81397,-2.55369,-2.81397,-2.81397,-2.55369,-2.59756,-2.55369,-2.55369,-2.59756,-2.46794,-2.59756,-2.81397,-2.55369,-2.59756,-2.55369]
	PARPACK diagonalization completed after 30 matrix-vector product operations.
	iteration results: : total energy is -64.624781 | electron energy -64.870422 + phonon energy 0.245642 | electron momentum kIdx = 10
The 19-th iteration is completed.	|| time cost : 0h 0m 20.613s
********************************************************************************************************************
Start the 20 rounds of NGS-ED iteration
	effective electronic model is modified as: kinetic energy t = 0.806238
	                                           effective interaction Vq = [-3.00003,-2.81398,-2.55369,-2.81398,-2.81398,-2.55369,-2.59756,-2.55369,-2.55369,-2.59756,-2.46794,-2.59756,-2.81398,-2.55369,-2.59756,-2.55369]
	PARPACK diagonalization completed after 30 matrix-vector product operations.
	iteration results: : total energy is -64.624781 | electron energy -64.870428 + phonon energy 0.245648 | electron momentum kIdx = 10
	Nq(0) = 16,	Nq(1) = 0.335825,	Nq(2) = 0.3466,	Nq(3) = 0.335825,	Nq(4) = 0.335825,	Nq(5) = 0.3466,	Nq(6) = 0.53696,	Nq(7) = 0.3466,	Nq(8) = 0.3466,	Nq(9) = 0.53696,	Nq(10) = 0.560682,	Nq(11) = 0.53696,	Nq(12) = 0.335825,	Nq(13) = 0.3466,	Nq(14) = 0.53696,	Nq(15) = 0.3466,	Sq(0) = 4.87307e-18,	Sq(1) = 0.376177,	Sq(2) = 0.423198,	Sq(3) = 0.376177,	Sq(4) = 0.376177,	Sq(5) = 0.423198,	Sq(6) = 0.655046,	Sq(7) = 0.423198,	Sq(8) = 0.423198,	Sq(9) = 0.655046,	Sq(10) = 3.20451,	Sq(11) = 0.655046,	Sq(12) = 0.376177,	Sq(13) = 0.423198,	Sq(14) = 0.655046,	Sq(15) = 0.423198,	N(0) = 1.99499,	N(1) = 1.99173,	N(2) = 1,	N(3) = 1.99173,	N(4) = 1.99173,	N(5) = 1,	N(6) = 0.00826899,	N(7) = 1,	N(8) = 1,	N(9) = 0.00826899,	N(10) = 0.00501095,	N(11) = 0.00826899,	N(12) = 1.99173,	N(13) = 1,	N(14) = 0.00826899,	N(15) = 1,	Delta[s](0) = 0.233534,	Delta[s](1) = 0.224344,	Delta[s](2) = 0.185575,	Delta[s](3) = 0.224344,	Delta[s](4) = 0.224344,	Delta[s](5) = 0.185575,	Delta[s](6) = 0.176852,	Delta[s](7) = 0.185575,	Delta[s](8) = 0.185575,	Delta[s](9) = 0.176852,	Delta[s](10) = 0.113936,	Delta[s](11) = 0.176852,	Delta[s](12) = 0.224344,	Delta[s](13) = 0.185575,	Delta[s](14) = 0.176852,	Delta[s](15) = 0.185575,	Delta[d](0) = 0.530155,	Delta[d](1) = 0.357583,	Delta[d](2) = 0.319259,	Delta[d](3) = 0.357583,	Delta[d](4) = 0.357583,	Delta[d](5) = 0.398523,	Delta[d](6) = 0.299446,	Delta[d](7) = 0.398523,	Delta[d](8) = 0.319259,	Delta[d](9) = 0.299446,	Delta[d](10) = 0.269005,	Delta[d](11) = 0.299446,	Delta[d](12) = 0.357583,	Delta[d](13) = 0.398523,	Delta[d](14) = 0.299446,	Delta[d](15) = 0.398523,	Delta[s+](0) = 0.570731,	Delta[s+](1) = 0.470639,	Delta[s+](2) = 0.319259,	Delta[s+](3) = 0.470639,	Delta[s+](4) = 0.470639,	Delta[s+](5) = 0.319259,	Delta[s+](6) = 0.166466,	Delta[s+](7) = 0.319259,	Delta[s+](8) = 0.319259,	Delta[s+](9) = 0.166466,	Delta[s+](10) = 0.056124,	Delta[s+](11) = 0.166466,	Delta[s+](12) = 0.470639,	Delta[s+](13) = 0.319259,	Delta[s+](14) = 0.166466,	Delta[s+](15) = 0.319259
The 20-th iteration is completed.	|| time cost : 0h 3m 47.356s
********************************************************************************************************************
Start the 21 rounds of NGS-ED iteration
	effective electronic model is modified as: kinetic energy t = 0.806237
	                                           effective interaction Vq = [-3.00003,-2.81398,-2.55369,-2.81398,-2.81398,-2.55369,-2.59757,-2.55369,-2.55369,-2.59757,-2.46795,-2.59757,-2.81398,-2.55369,-2.59757,-2.55369]
	PARPACK diagonalization completed after 30 matrix-vector product operations.
	iteration results: : total energy is -64.624781 | electron energy -64.870432 + phonon energy 0.245651 | electron momentum kIdx = 10
The 21-th iteration is completed.	|| time cost : 0h 0m 23.934s
********************************************************************************************************************
Start the 22 rounds of NGS-ED iteration
	effective electronic model is modified as: kinetic energy t = 0.806237
	                                           effective interaction Vq = [-3.00003,-2.81399,-2.55369,-2.81399,-2.81399,-2.55369,-2.59757,-2.55369,-2.55369,-2.59757,-2.46795,-2.59757,-2.81399,-2.55369,-2.59757,-2.55369]
	PARPACK diagonalization completed after 30 matrix-vector product operations.
	iteration results: : total energy is -64.624781 | electron energy -64.870434 + phonon energy 0.245654 | electron momentum kIdx = 10
The 22-th iteration is completed.	|| time cost : 0h 0m 21.697s
********************************************************************************************************************
Start the 23 rounds of NGS-ED iteration
	effective electronic model is modified as: kinetic energy t = 0.806236
	                                           effective interaction Vq = [-3.00003,-2.81399, -2.5537,-2.81399,-2.81399, -2.5537,-2.59757, -2.5537, -2.5537,-2.59757,-2.46795,-2.59757,-2.81399, -2.5537,-2.59757, -2.5537]
	PARPACK diagonalization completed after 30 matrix-vector product operations.
	iteration results: : total energy is -64.624781 | electron energy -64.870435 + phonon energy 0.245655 | electron momentum kIdx = 10
The 23-th iteration is completed.	|| time cost : 0h 0m 20.562s
********************************************************************************************************************
Start the 24 rounds of NGS-ED iteration
	effective electronic model is modified as: kinetic energy t = 0.806236
	                                           effective interaction Vq = [-3.00003,-2.81399, -2.5537,-2.81399,-2.81399, -2.5537,-2.59757, -2.5537, -2.5537,-2.59757,-2.46795,-2.59757,-2.81399, -2.5537,-2.59757, -2.5537]
	PARPACK diagonalization completed after 30 matrix-vector product operations.
	iteration results: : total energy is -64.624781 | electron energy -64.870436 + phonon energy 0.245656 | electron momentum kIdx = 10
The 24-th iteration is completed.	|| time cost : 0h 0m 20.554s
********************************************************************************************************************
Start the 25 rounds of NGS-ED iteration
	effective electronic model is modified as: kinetic energy t = 0.806236
	                                           effective interaction Vq = [-3.00003,-2.81399, -2.5537,-2.81399,-2.81399, -2.5537,-2.59758, -2.5537, -2.5537,-2.59758,-2.46795,-2.59758,-2.81399, -2.5537,-2.59758, -2.5537]
	PARPACK diagonalization completed after 30 matrix-vector product operations.
	iteration results: : total energy is -64.624781 | electron energy -64.870437 + phonon energy 0.245656 | electron momentum kIdx = 10
