SNEDics v3.4 Non-Gaussian ED ground state program		Start at Fri Sep 27 16:18:17 2019

parallized on 16 MPI threads  * 8 OpenMP threads = 128 total threads.
********************************************************************************************************************
********************************************************************************************************************

********************************************************************************************************************
System parameters and configurations
********************************************************************************************************************
Special program options are enabled: splitted diagonal Hamiltonian
********************************************************************************************************************
Read input file "model_params.in"
	Hubbard-Holstein model parameters : 	t = 1    U = 7    g = 1.5811    W = 5    
********************************************************************************************************************
Read input file "hilbertspace_params.in"
	Requested 16-site 2D lattice, with 12 electrons (6, 6)
	Boundary : Periodic		Hilbert space representation : momentum-space (restricted to kIdx = 10)
	Conservation: particle number[U(1)]      spin[U(1)]     momentum
********************************************************************************************************************

Cluster Positions:				Cluster symmetry group : D4
 x ... x ... x ... x .....                       x ... x ... x ... x .....
 |           |           :                       |           |           :
 |           |           :                       |           |           :
12    13    14    15     x                       1     5     6     5     x
 |           |           :                       |           |           :
 |           |           :                       |           |           :
 8 --- 9 ---10 ---11 --- x                       2 --- 6 ---10 --- 6 --- x
 |           |           :                       |           |           :
 |           |           :                       |           |           :
 4     5     6     7     x                       1     5     6     5     x
 |           |           :                       |           |           :
 |           |           :                       |           |           :
 0 --- 1 --- 2 --- 3 --- x                       0 --- 1 --- 2 --- 1 --- x
orbital number : 1
********************************************************************************************************************
Read input file "obs_params.in"
	Observable Type : Nq(All),   Sq(All),   N(All),   Delta[s](All),   Delta[d](All),   Delta[s+](All)
********************************************************************************************************************
** WARNING ** the input observables have non-local factors which have been reinterpreted. The total observable number is 96
********************************************************************************************************************


********************************************************************************************************************
Start calculating the non-Gaussian ED ground state
** WARNING ** Detected low phonon energy W < 10. The initial state will be prepared through a warm-up process.
********************************************************************************************************************
Start warm-up calculation for scaling factor 2
open output files: NGSEDWarmUpW10Obs.txt
********************************************************************************************************************
Start the 0 rounds of NGS-ED iteration
	effective electronic model is modified as: kinetic energy t = 1
	                                           effective interaction Vq = [-0,-0,-0,-0,-0,-0,-0,-0,-0,-0,-0,-0,-0,-0,-0,-0]
	first Hamiltonian is constructed, non-zero numbers = 969134084
	PARPACK diagonalization completed after 135 matrix-vector product operations.
	iteration results: : total energy is -15.425223 | electron energy -15.425223 + phonon energy 0.000000 | electron momentum kIdx = 10
	Nq(0) = 9,	Nq(1) = 0.201482,	Nq(2) = 0.248467,	Nq(3) = 0.201482,	Nq(4) = 0.201482,	Nq(5) = 0.269578,	Nq(6) = 0.331249,	Nq(7) = 0.269578,	Nq(8) = 0.248467,	Nq(9) = 0.331249,	Nq(10) = 0.394673,	Nq(11) = 0.331249,	Nq(12) = 0.201482,	Nq(13) = 0.269578,	Nq(14) = 0.331249,	Nq(15) = 0.269578,	Sq(0) = -2.09253e-18,	Sq(1) = 0.544222,	Sq(2) = 0.905246,	Sq(3) = 0.544222,	Sq(4) = 0.544222,	Sq(5) = 0.543266,	Sq(6) = 0.988954,	Sq(7) = 0.543266,	Sq(8) = 0.905246,	Sq(9) = 0.988954,	Sq(10) = 0.782889,	Sq(11) = 0.988954,	Sq(12) = 0.544222,	Sq(13) = 0.543266,	Sq(14) = 0.988954,	Sq(15) = 0.543266,	N(0) = 1.8036,	N(1) = 1.6739,	N(2) = 0.240827,	N(3) = 1.6739,	N(4) = 1.6739,	N(5) = 0.608848,	N(6) = 0.125952,	N(7) = 0.608848,	N(8) = 0.240827,	N(9) = 0.125952,	N(10) = 0.0799487,	N(11) = 0.125952,	N(12) = 1.6739,	N(13) = 0.608848,	N(14) = 0.125952,	N(15) = 0.608848,	Delta[s](0) = 0.0764804,	Delta[s](1) = 0.0533911,	Delta[s](2) = 0.0320138,	Delta[s](3) = 0.0533911,	Delta[s](4) = 0.0533911,	Delta[s](5) = 0.0359654,	Delta[s](6) = 0.0126714,	Delta[s](7) = 0.0359654,	Delta[s](8) = 0.0320138,	Delta[s](9) = 0.0126714,	Delta[s](10) = 0.00180355,	Delta[s](11) = 0.0126714,	Delta[s](12) = 0.0533911,	Delta[s](13) = 0.0359654,	Delta[s](14) = 0.0126714,	Delta[s](15) = 0.0359654,	Delta[d](0) = 0.204435,	Delta[d](1) = 0.125647,	Delta[d](2) = 0.161599,	Delta[d](3) = 0.125647,	Delta[d](4) = 0.125647,	Delta[d](5) = 0.118712,	Delta[d](6) = 0.0834624,	Delta[d](7) = 0.118712,	Delta[d](8) = 0.161599,	Delta[d](9) = 0.0834624,	Delta[d](10) = 0.0344713,	Delta[d](11) = 0.0834624,	Delta[d](12) = 0.125647,	Delta[d](13) = 0.118712,	Delta[d](14) = 0.0834624,	Delta[d](15) = 0.118712,	Delta[s+](0) = 0.534446,	Delta[s+](1) = 0.364441,	Delta[s+](2) = 0.161599,	Delta[s+](3) = 0.364441,	Delta[s+](4) = 0.364441,	Delta[s+](5) = 0.208176,	Delta[s+](6) = 0.0612411,	Delta[s+](7) = 0.208176,	Delta[s+](8) = 0.161599,	Delta[s+](9) = 0.0612411,	Delta[s+](10) = 0.0150519,	Delta[s+](11) = 0.0612411,	Delta[s+](12) = 0.364441,	Delta[s+](13) = 0.208176,	Delta[s+](14) = 0.0612411,	Delta[s+](15) = 0.208176
The 0-th iteration is completed.	|| time cost : 0h 2m 57.413s
********************************************************************************************************************
Start the 1 rounds of NGS-ED iteration
	effective electronic model is modified as: kinetic energy t = 0.986512
	                                           effective interaction Vq = [-0.432311,-0.403425,-0.385754,-0.403425,-0.403425, -0.38934,-0.380128, -0.38934,-0.385754,-0.380128,-0.374169,-0.380128,-0.403425, -0.38934,-0.380128, -0.38934]
	PARPACK diagonalization completed after 45 matrix-vector product operations.
	iteration results: : total energy is -20.671018 | electron energy -20.671171 + phonon energy 0.000153 | electron momentum kIdx = 10
The 1-th iteration is completed.	|| time cost : 0h 2m 36.98s
********************************************************************************************************************
Start the 2 rounds of NGS-ED iteration
	effective electronic model is modified as: kinetic energy t = 0.979528
	                                           effective interaction Vq = [-0.490818,-0.459887,-0.436378,-0.459887,-0.459887,-0.441191,-0.429362,-0.441191,-0.436378,-0.429362,-0.421941,-0.429362,-0.459887,-0.441191,-0.429362,-0.441191]
	PARPACK diagonalization completed after 30 matrix-vector product operations.
	iteration results: : total energy is -21.277790 | electron energy -21.278630 + phonon energy 0.000840 | electron momentum kIdx = 10
The 2-th iteration is completed.	|| time cost : 0h 0m 8.932s
********************************************************************************************************************
Start the 3 rounds of NGS-ED iteration
	effective electronic model is modified as: kinetic energy t = 0.97765
	                                           effective interaction Vq = [-0.498736, -0.47133,-0.446165, -0.47133, -0.47133,-0.451368,-0.438703,-0.451368,-0.446165,-0.438703,-0.430808,-0.438703, -0.47133,-0.451368,-0.438703,-0.451368]
	PARPACK diagonalization completed after 30 matrix-vector product operations.
	iteration results: : total energy is -21.354014 | electron energy -21.355291 + phonon energy 0.001277 | electron momentum kIdx = 10
The 3-th iteration is completed.	|| time cost : 0h 0m 9.079s
********************************************************************************************************************
Start the 4 rounds of NGS-ED iteration
	effective electronic model is modified as: kinetic energy t = 0.977182
	                                           effective interaction Vq = [-0.499808,-0.474192,-0.448363,-0.474192,-0.474192,-0.453712,-0.440734,-0.453712,-0.448363,-0.440734,-0.432672,-0.440734,-0.474192,-0.453712,-0.440734,-0.453712]
	PARPACK diagonalization completed after 30 matrix-vector product operations.
	iteration results: : total energy is -21.363977 | electron energy -21.365403 + phonon energy 0.001426 | electron momentum kIdx = 10
The 4-th iteration is completed.	|| time cost : 0h 0m 8.993s
********************************************************************************************************************
Start the 5 rounds of NGS-ED iteration
	effective electronic model is modified as: kinetic energy t = 0.977066
	                                           effective interaction Vq = [-0.499953,-0.474966,-0.448878,-0.474966,-0.474966,-0.454278,-0.441192,-0.454278,-0.448878,-0.441192,-0.433076,-0.441192,-0.474966,-0.454278,-0.441192,-0.454278]
	PARPACK diagonalization completed after 30 matrix-vector product operations.
	iteration results: : total energy is -21.365303 | electron energy -21.366771 + phonon energy 0.001467 | electron momentum kIdx = 10
The 5-th iteration is completed.	|| time cost : 0h 0m 8.983s
********************************************************************************************************************
Start the 6 rounds of NGS-ED iteration
	effective electronic model is modified as: kinetic energy t = 0.977038
	                                           effective interaction Vq = [-0.499972,-0.475181,   -0.449,-0.475181,-0.475181,-0.454416,-0.441297,-0.454416,   -0.449,-0.441297,-0.433165,-0.441297,-0.475181,-0.454416,-0.441297,-0.454416]
	PARPACK diagonalization completed after 30 matrix-vector product operations.
	iteration results: : total energy is -21.365481 | electron energy -21.366959 + phonon energy 0.001478 | electron momentum kIdx = 10
The 6-th iteration is completed.	|| time cost : 0h 0m 8.992s
********************************************************************************************************************
Start the 7 rounds of NGS-ED iteration
	effective electronic model is modified as: kinetic energy t = 0.97703
	                                           effective interaction Vq = [-0.499975,-0.475241,-0.449029,-0.475241,-0.475241, -0.45445, -0.44132, -0.45445,-0.449029, -0.44132,-0.433185, -0.44132,-0.475241, -0.45445, -0.44132, -0.45445]
	PARPACK diagonalization completed after 30 matrix-vector product operations.
	iteration results: : total energy is -21.365505 | electron energy -21.366986 + phonon energy 0.001480 | electron momentum kIdx = 10
	Nq(0) = 9,	Nq(1) = 0.211587,	Nq(2) = 0.257533,	Nq(3) = 0.211587,	Nq(4) = 0.211587,	Nq(5) = 0.279353,	Nq(6) = 0.346917,	Nq(7) = 0.279353,	Nq(8) = 0.257533,	Nq(9) = 0.346917,	Nq(10) = 0.417524,	Nq(11) = 0.346917,	Nq(12) = 0.211587,	Nq(13) = 0.279353,	Nq(14) = 0.346917,	Nq(15) = 0.279353,	Sq(0) = 5.27037e-19,	Sq(1) = 0.534539,	Sq(2) = 0.889845,	Sq(3) = 0.534539,	Sq(4) = 0.534539,	Sq(5) = 0.538272,	Sq(6) = 0.966198,	Sq(7) = 0.538272,	Sq(8) = 0.889845,	Sq(9) = 0.966198,	Sq(10) = 0.780257,	Sq(11) = 0.966198,	Sq(12) = 0.534539,	Sq(13) = 0.538272,	Sq(14) = 0.966198,	Sq(15) = 0.538272,	N(0) = 1.83233,	N(1) = 1.7146,	N(2) = 0.210874,	N(3) = 1.7146,	N(4) = 1.7146,	N(5) = 0.593854,	N(6) = 0.110721,	N(7) = 0.593854,	N(8) = 0.210874,	N(9) = 0.110721,	N(10) = 0.069229,	N(11) = 0.110721,	N(12) = 1.7146,	N(13) = 0.593854,	N(14) = 0.110721,	N(15) = 0.593854,	Delta[s](0) = 0.0864633,	Delta[s](1) = 0.0607713,	Delta[s](2) = 0.0377158,	Delta[s](3) = 0.0607713,	Delta[s](4) = 0.0607713,	Delta[s](5) = 0.04231,	Delta[s](6) = 0.0160692,	Delta[s](7) = 0.04231,	Delta[s](8) = 0.0377158,	Delta[s](9) = 0.0160692,	Delta[s](10) = 0.0035125,	Delta[s](11) = 0.0160692,	Delta[s](12) = 0.0607713,	Delta[s](13) = 0.04231,	Delta[s](14) = 0.0160692,	Delta[s](15) = 0.04231,	Delta[d](0) = 0.209528,	Delta[d](1) = 0.124064,	Delta[d](2) = 0.161772,	Delta[d](3) = 0.124064,	Delta[d](4) = 0.124064,	Delta[d](5) = 0.119963,	Delta[d](6) = 0.0805203,	Delta[d](7) = 0.119963,	Delta[d](8) = 0.161772,	Delta[d](9) = 0.0805203,	Delta[d](10) = 0.0318136,	Delta[d](11) = 0.0805203,	Delta[d](12) = 0.124064,	Delta[d](13) = 0.119963,	Delta[d](14) = 0.0805203,	Delta[d](15) = 0.119963,	Delta[s+](0) = 0.54112,	Delta[s+](1) = 0.368951,	Delta[s+](2) = 0.161772,	Delta[s+](3) = 0.368951,	Delta[s+](4) = 0.368951,	Delta[s+](5) = 0.209987,	Delta[s+](6) = 0.0603028,	Delta[s+](7) = 0.209987,	Delta[s+](8) = 0.161772,	Delta[s+](9) = 0.0603028,	Delta[s+](10) = 0.0145072,	Delta[s+](11) = 0.0603028,	Delta[s+](12) = 0.368951,	Delta[s+](13) = 0.209987,	Delta[s+](14) = 0.0603028,	Delta[s+](15) = 0.209987
The 7-th iteration is completed.	|| time cost : 0h 1m 29.983s
********************************************************************************************************************
********************************************************************************************************************
Ground state is obtained after 8 iterations. The current ground-state energy is -21.3655, in which electron energy is -21.367 and phonon energy is 0.00148048
final variational state is: 
	Gamma_x = [      1,1.00366,1.00561,1.00366,1.00366, 1.0059,1.00784, 1.0059,1.00561,1.00784,1.00973,1.00784,1.00366, 1.0059,1.00784, 1.0059]
	lambda_q = [0.223526,0.173884,0.152229,0.173884,0.173884,0.156135,0.147018,0.156135,0.152229,0.147018,0.141878,0.147018,0.173884,0.156135,0.147018,0.156135]
********************************************************************************************************************
o___o  ----------------------------------------
| L |	Time since last clock: 0h 0m 0s
A===A	Time since the beginning: 0h 7m 49.359s
***********************************************


********************************************************************************************************************
Warm up runs have been completed. Start calculating W = 5 phonon.
open output files: NGSEDIterationObs.txt
********************************************************************************************************************
Start the 0 rounds of NGS-ED iteration
	effective electronic model is modified as: kinetic energy t = 0.977029
	                                           effective interaction Vq = [-0.457015,-0.398678,-0.365511,-0.398678,-0.398678,-0.371839,-0.356829,-0.371839,-0.365511,-0.356829,   -0.348,-0.356829,-0.398678,-0.371839,-0.356829,-0.371839]
	PARPACK diagonalization completed after 45 matrix-vector product operations.
	iteration results: : total energy is -20.628453 | electron energy -20.629193 + phonon energy 0.000741 | electron momentum kIdx = 10
	Nq(0) = 9,	Nq(1) = 0.209504,	Nq(2) = 0.255346,	Nq(3) = 0.209504,	Nq(4) = 0.209504,	Nq(5) = 0.277004,	Nq(6) = 0.342954,	Nq(7) = 0.277004,	Nq(8) = 0.255346,	Nq(9) = 0.342954,	Nq(10) = 0.411636,	Nq(11) = 0.342954,	Nq(12) = 0.209504,	Nq(13) = 0.277004,	Nq(14) = 0.342954,	Nq(15) = 0.277004,	Sq(0) = 2.11111e-18,	Sq(1) = 0.536732,	Sq(2) = 0.893402,	Sq(3) = 0.536732,	Sq(4) = 0.536732,	Sq(5) = 0.539461,	Sq(6) = 0.971722,	Sq(7) = 0.539461,	Sq(8) = 0.893402,	Sq(9) = 0.971722,	Sq(10) = 0.781363,	Sq(11) = 0.971722,	Sq(12) = 0.536732,	Sq(13) = 0.539461,	Sq(14) = 0.971722,	Sq(15) = 0.539461,	N(0) = 1.82585,	N(1) = 1.70535,	N(2) = 0.217583,	N(3) = 1.70535,	N(4) = 1.70535,	N(5) = 0.597171,	N(6) = 0.114272,	N(7) = 0.597171,	N(8) = 0.217583,	N(9) = 0.114272,	N(10) = 0.0718208,	N(11) = 0.114272,	N(12) = 1.70535,	N(13) = 0.597171,	N(14) = 0.114272,	N(15) = 0.597171,	Delta[s](0) = 0.0833029,	Delta[s](1) = 0.0586782,	Delta[s](2) = 0.036396,	Delta[s](3) = 0.0586782,	Delta[s](4) = 0.0586782,	Delta[s](5) = 0.0407479,	Delta[s](6) = 0.0156531,	Delta[s](7) = 0.0407479,	Delta[s](8) = 0.036396,	Delta[s](9) = 0.0156531,	Delta[s](10) = 0.00367628,	Delta[s](11) = 0.0156531,	Delta[s](12) = 0.0586782,	Delta[s](13) = 0.0407479,	Delta[s](14) = 0.0156531,	Delta[s](15) = 0.0407479,	Delta[d](0) = 0.209308,	Delta[d](1) = 0.125754,	Delta[d](2) = 0.163132,	Delta[d](3) = 0.125754,	Delta[d](4) = 0.125754,	Delta[d](5) = 0.120782,	Delta[d](6) = 0.0823882,	Delta[d](7) = 0.120782,	Delta[d](8) = 0.163132,	Delta[d](9) = 0.0823882,	Delta[d](10) = 0.0333427,	Delta[d](11) = 0.0823882,	Delta[d](12) = 0.125754,	Delta[d](13) = 0.120782,	Delta[d](14) = 0.0823882,	Delta[d](15) = 0.120782,	Delta[s+](0) = 0.542482,	Delta[s+](1) = 0.369988,	Delta[s+](2) = 0.163132,	Delta[s+](3) = 0.369988,	Delta[s+](4) = 0.369988,	Delta[s+](5) = 0.211055,	Delta[s+](6) = 0.0615006,	Delta[s+](7) = 0.211055,	Delta[s+](8) = 0.163132,	Delta[s+](9) = 0.0615006,	Delta[s+](10) = 0.0151792,	Delta[s+](11) = 0.0615006,	Delta[s+](12) = 0.369988,	Delta[s+](13) = 0.211055,	Delta[s+](14) = 0.0615006,	Delta[s+](15) = 0.211055
The 0-th iteration is completed.	|| time cost : 0h 1m 27.769s
********************************************************************************************************************
Start the 1 rounds of NGS-ED iteration
	effective electronic model is modified as: kinetic energy t = 0.974906
	                                           effective interaction Vq = [-0.484171,-0.418803,-0.376665,-0.418803,-0.418803,-0.384846,-0.365287,-0.384846,-0.376665,-0.365287,-0.353666,-0.365287,-0.418803,-0.384846,-0.365287,-0.384846]
	PARPACK diagonalization completed after 30 matrix-vector product operations.
	iteration results: : total energy is -20.880497 | electron energy -20.882610 + phonon energy 0.002113 | electron momentum kIdx = 10
The 1-th iteration is completed.	|| time cost : 0h 0m 9.044s
********************************************************************************************************************
Start the 2 rounds of NGS-ED iteration
	effective electronic model is modified as: kinetic energy t = 0.973975
	                                           effective interaction Vq = [-0.494161,-0.427439,-0.381049,-0.427439,-0.427439,-0.390054,-0.368609,-0.390054,-0.381049,-0.368609,-0.355964,-0.368609,-0.427439,-0.390054,-0.368609,-0.390054]
	PARPACK diagonalization completed after 30 matrix-vector product operations.
	iteration results: : total energy is -20.971922 | electron energy -20.974907 + phonon energy 0.002985 | electron momentum kIdx = 10
The 2-th iteration is completed.	|| time cost : 0h 0m 9.059s
********************************************************************************************************************
Start the 3 rounds of NGS-ED iteration
	effective electronic model is modified as: kinetic energy t = 0.973571
	                                           effective interaction Vq = [-0.497837, -0.43131,-0.382815, -0.43131, -0.43131,-0.392197,-0.369939,-0.392197,-0.382815,-0.369939,-0.356904,-0.369939, -0.43131,-0.392197,-0.369939,-0.392197]
	PARPACK diagonalization completed after 30 matrix-vector product operations.
	iteration results: : total energy is -21.005304 | electron energy -21.008737 + phonon energy 0.003433 | electron momentum kIdx = 10
The 3-th iteration is completed.	|| time cost : 0h 0m 9.066s
********************************************************************************************************************
Start the 4 rounds of NGS-ED iteration
	effective electronic model is modified as: kinetic energy t = 0.973395
	                                           effective interaction Vq = [-0.499189,-0.433085,-0.383535,-0.433085,-0.433085, -0.39309,-0.370479, -0.39309,-0.383535,-0.370479, -0.35729,-0.370479,-0.433085, -0.39309,-0.370479, -0.39309]
	PARPACK diagonalization completed after 30 matrix-vector product operations.
	iteration results: : total energy is -21.017535 | electron energy -21.021180 + phonon energy 0.003645 | electron momentum kIdx = 10
The 4-th iteration is completed.	|| time cost : 0h 0m 8.953s
********************************************************************************************************************
Start the 5 rounds of NGS-ED iteration
	effective electronic model is modified as: kinetic energy t = 0.973318
	                                           effective interaction Vq = [-0.499686,-0.433908,-0.383831,-0.433908,-0.433908,-0.393466,-0.370699,-0.393466,-0.383831,-0.370699,-0.357449,-0.370699,-0.433908,-0.393466,-0.370699,-0.393466]
	PARPACK diagonalization completed after 30 matrix-vector product operations.
	iteration results: : total energy is -21.022024 | electron energy -21.025767 + phonon energy 0.003742 | electron momentum kIdx = 10
The 5-th iteration is completed.	|| time cost : 0h 0m 9.073s
********************************************************************************************************************
Start the 6 rounds of NGS-ED iteration
	effective electronic model is modified as: kinetic energy t = 0.973284
	                                           effective interaction Vq = [-0.499869,-0.434293,-0.383953,-0.434293,-0.434293,-0.393624,-0.370789,-0.393624,-0.383953,-0.370789,-0.357515,-0.370789,-0.434293,-0.393624,-0.370789,-0.393624]
	PARPACK diagonalization completed after 30 matrix-vector product operations.
	iteration results: : total energy is -21.023674 | electron energy -21.027460 + phonon energy 0.003786 | electron momentum kIdx = 10
The 6-th iteration is completed.	|| time cost : 0h 0m 9.087s
********************************************************************************************************************
Start the 7 rounds of NGS-ED iteration
	effective electronic model is modified as: kinetic energy t = 0.97327
	                                           effective interaction Vq = [-0.499936,-0.434472,-0.384004,-0.434472,-0.434472,-0.393692,-0.370826,-0.393692,-0.384004,-0.370826,-0.357542,-0.370826,-0.434472,-0.393692,-0.370826,-0.393692]
	PARPACK diagonalization completed after 30 matrix-vector product operations.
	iteration results: : total energy is -21.024280 | electron energy -21.028085 + phonon energy 0.003805 | electron momentum kIdx = 10
The 7-th iteration is completed.	|| time cost : 0h 0m 9.083s
********************************************************************************************************************
Start the 8 rounds of NGS-ED iteration
	effective electronic model is modified as: kinetic energy t = 0.973263
	                                           effective interaction Vq = [-0.499961,-0.434557,-0.384025,-0.434557,-0.434557, -0.39372,-0.370841, -0.39372,-0.384025,-0.370841,-0.357553,-0.370841,-0.434557, -0.39372,-0.370841, -0.39372]
	PARPACK diagonalization completed after 30 matrix-vector product operations.
	iteration results: : total energy is -21.024503 | electron energy -21.028317 + phonon energy 0.003814 | electron momentum kIdx = 10
The 8-th iteration is completed.	|| time cost : 0h 0m 8.962s
********************************************************************************************************************
Start the 9 rounds of NGS-ED iteration
	effective electronic model is modified as: kinetic energy t = 0.97326
	                                           effective interaction Vq = [ -0.49997,-0.434596,-0.384034,-0.434596,-0.434596,-0.393732,-0.370847,-0.393732,-0.384034,-0.370847,-0.357557,-0.370847,-0.434596,-0.393732,-0.370847,-0.393732]
	PARPACK diagonalization completed after 30 matrix-vector product operations.
	iteration results: : total energy is -21.024585 | electron energy -21.028403 + phonon energy 0.003818 | electron momentum kIdx = 10
The 9-th iteration is completed.	|| time cost : 0h 0m 8.974s
********************************************************************************************************************
Start the 10 rounds of NGS-ED iteration
	effective electronic model is modified as: kinetic energy t = 0.973259
	                                           effective interaction Vq = [-0.499973,-0.434615,-0.384037,-0.434615,-0.434615,-0.393737, -0.37085,-0.393737,-0.384037, -0.37085,-0.357559, -0.37085,-0.434615,-0.393737, -0.37085,-0.393737]
	PARPACK diagonalization completed after 30 matrix-vector product operations.
	iteration results: : total energy is -21.024615 | electron energy -21.028435 + phonon energy 0.003819 | electron momentum kIdx = 10
	Nq(0) = 9,	Nq(1) = 0.210212,	Nq(2) = 0.255518,	Nq(3) = 0.210212,	Nq(4) = 0.210212,	Nq(5) = 0.277247,	Nq(6) = 0.343001,	Nq(7) = 0.277247,	Nq(8) = 0.255518,	Nq(9) = 0.343001,	Nq(10) = 0.411504,	Nq(11) = 0.343001,	Nq(12) = 0.210212,	Nq(13) = 0.277247,	Nq(14) = 0.343001,	Nq(15) = 0.277247,	Sq(0) = 6.56642e-18,	Sq(1) = 0.536381,	Sq(2) = 0.892918,	Sq(3) = 0.536381,	Sq(4) = 0.536381,	Sq(5) = 0.539353,	Sq(6) = 0.971288,	Sq(7) = 0.539353,	Sq(8) = 0.892918,	Sq(9) = 0.971288,	Sq(10) = 0.7817,	Sq(11) = 0.971288,	Sq(12) = 0.536381,	Sq(13) = 0.539353,	Sq(14) = 0.971288,	Sq(15) = 0.539353,	N(0) = 1.82647,	N(1) = 1.70642,	N(2) = 0.216622,	N(3) = 1.70642,	N(4) = 1.70642,	N(5) = 0.596692,	N(6) = 0.114011,	N(7) = 0.596692,	N(8) = 0.216622,	N(9) = 0.114011,	N(10) = 0.0717825,	N(11) = 0.114011,	N(12) = 1.70642,	N(13) = 0.596692,	N(14) = 0.114011,	N(15) = 0.596692,	Delta[s](0) = 0.083264,	Delta[s](1) = 0.0587322,	Delta[s](2) = 0.0365423,	Delta[s](3) = 0.0587322,	Delta[s](4) = 0.0587322,	Delta[s](5) = 0.0408813,	Delta[s](6) = 0.0158703,	Delta[s](7) = 0.0408813,	Delta[s](8) = 0.0365423,	Delta[s](9) = 0.0158703,	Delta[s](10) = 0.00390485,	Delta[s](11) = 0.0158703,	Delta[s](12) = 0.0587322,	Delta[s](13) = 0.0408813,	Delta[s](14) = 0.0158703,	Delta[s](15) = 0.0408813,	Delta[d](0) = 0.211286,	Delta[d](1) = 0.127081,	Delta[d](2) = 0.16476,	Delta[d](3) = 0.127081,	Delta[d](4) = 0.127081,	Delta[d](5) = 0.122074,	Delta[d](6) = 0.0833262,	Delta[d](7) = 0.122074,	Delta[d](8) = 0.16476,	Delta[d](9) = 0.0833262,	Delta[d](10) = 0.0338568,	Delta[d](11) = 0.0833262,	Delta[d](12) = 0.127081,	Delta[d](13) = 0.122074,	Delta[d](14) = 0.0833262,	Delta[d](15) = 0.122074,	Delta[s+](0) = 0.547452,	Delta[s+](1) = 0.373408,	Delta[s+](2) = 0.16476,	Delta[s+](3) = 0.373408,	Delta[s+](4) = 0.373408,	Delta[s+](5) = 0.213093,	Delta[s+](6) = 0.0622641,	Delta[s+](7) = 0.213093,	Delta[s+](8) = 0.16476,	Delta[s+](9) = 0.0622641,	Delta[s+](10) = 0.0154773,	Delta[s+](11) = 0.0622641,	Delta[s+](12) = 0.373408,	Delta[s+](13) = 0.213093,	Delta[s+](14) = 0.0622641,	Delta[s+](15) = 0.213093
The 10-th iteration is completed.	|| time cost : 0h 1m 25.704s
********************************************************************************************************************
Start the 11 rounds of NGS-ED iteration
	effective electronic model is modified as: kinetic energy t = 0.973258
	                                           effective interaction Vq = [-0.499975,-0.434624,-0.384039,-0.434624,-0.434624,-0.393739,-0.370851,-0.393739,-0.384039,-0.370851, -0.35756,-0.370851,-0.434624,-0.393739,-0.370851,-0.393739]
	PARPACK diagonalization completed after 30 matrix-vector product operations.
	iteration results: : total energy is -21.024626 | electron energy -21.028446 + phonon energy 0.003820 | electron momentum kIdx = 10
The 11-th iteration is completed.	|| time cost : 0h 0m 8.976s
********************************************************************************************************************
Start the 12 rounds of NGS-ED iteration
	effective electronic model is modified as: kinetic energy t = 0.973258
	                                           effective interaction Vq = [-0.499975,-0.434628, -0.38404,-0.434628,-0.434628, -0.39374,-0.370852, -0.39374, -0.38404,-0.370852, -0.35756,-0.370852,-0.434628, -0.39374,-0.370852, -0.39374]
	PARPACK diagonalization completed after 30 matrix-vector product operations.
	iteration results: : total energy is -21.024631 | electron energy -21.028451 + phonon energy 0.003820 | electron momentum kIdx = 10
The 12-th iteration is completed.	|| time cost : 0h 0m 8.997s
********************************************************************************************************************
Start the 13 rounds of NGS-ED iteration
	effective electronic model is modified as: kinetic energy t = 0.973258
	                                           effective interaction Vq = [-0.499975, -0.43463, -0.38404, -0.43463, -0.43463,-0.393741,-0.370852,-0.393741, -0.38404,-0.370852,-0.357561,-0.370852, -0.43463,-0.393741,-0.370852,-0.393741]
	PARPACK diagonalization completed after 30 matrix-vector product operations.
	iteration results: : total energy is -21.024632 | electron energy -21.028452 + phonon energy 0.003820 | electron momentum kIdx = 10
The 13-th iteration is completed.	|| time cost : 0h 0m 9.072s
********************************************************************************************************************
Start the 14 rounds of NGS-ED iteration
	effective electronic model is modified as: kinetic energy t = 0.973258
	                                           effective interaction Vq = [-0.499975,-0.434631, -0.38404,-0.434631,-0.434631,-0.393741,-0.370852,-0.393741, -0.38404,-0.370852,-0.357561,-0.370852,-0.434631,-0.393741,-0.370852,-0.393741]
	PARPACK diagonalization completed after 30 matrix-vector product operations.
	iteration results: : total energy is -21.024633 | electron energy -21.028453 + phonon energy 0.003820 | electron momentum kIdx = 10
The 14-th iteration is completed.	|| time cost : 0h 0m 8.978s
********************************************************************************************************************
Start the 15 rounds of NGS-ED iteration
	effective electronic model is modified as: kinetic energy t = 0.973258
	                                           effective interaction Vq = [-0.499975,-0.434631, -0.38404,-0.434631,-0.434631,-0.393741,-0.370852,-0.393741, -0.38404,-0.370852,-0.357561,-0.370852,-0.434631,-0.393741,-0.370852,-0.393741]
	PARPACK diagonalization completed after 30 matrix-vector product operations.
	iteration results: : total energy is -21.024633 | electron energy -21.028453 + phonon energy 0.003821 | electron momentum kIdx = 10
The 15-th iteration is completed.	|| time cost : 0h 0m 9.071s
********************************************************************************************************************
Start the 16 rounds of NGS-ED iteration
	effective electronic model is modified as: kinetic energy t = 0.973258
	                                           effective interaction Vq = [-0.499975,-0.434631, -0.38404,-0.434631,-0.434631,-0.393741,-0.370852,-0.393741, -0.38404,-0.370852,-0.357561,-0.370852,-0.434631,-0.393741,-0.370852,-0.393741]
	PARPACK diagonalization completed after 30 matrix-vector product operations.
	iteration results: : total energy is -21.024633 | electron energy -21.028453 + phonon energy 0.003821 | electron momentum kIdx = 10
The 16-th iteration is completed.	|| time cost : 0h 0m 8.982s
********************************************************************************************************************
Start the 17 rounds of NGS-ED iteration
	effective electronic model is modified as: kinetic energy t = 0.973258
	                                           effective interaction Vq = [-0.499975,-0.434631, -0.38404,-0.434631,-0.434631,-0.393741,-0.370852,-0.393741, -0.38404,-0.370852,-0.357561,-0.370852,-0.434631,-0.393741,-0.370852,-0.393741]
	PARPACK diagonalization completed after 30 matrix-vector product operations.
	iteration results: : total energy is -21.024633 | electron energy -21.028453 + phonon energy 0.003821 | electron momentum kIdx = 10
The 17-th iteration is completed.	|| time cost : 0h 0m 8.996s
********************************************************************************************************************
Start the 18 rounds of NGS-ED iteration
	effective electronic model is modified as: kinetic energy t = 0.973258
	                                           effective interaction Vq = [-0.499975,-0.434631, -0.38404,-0.434631,-0.434631,-0.393741,-0.370852,-0.393741, -0.38404,-0.370852,-0.357561,-0.370852,-0.434631,-0.393741,-0.370852,-0.393741]
	PARPACK diagonalization completed after 30 matrix-vector product operations.
	iteration results: : total energy is -21.024633 | electron energy -21.028453 + phonon energy 0.003821 | electron momentum kIdx = 10
The 18-th iteration is completed.	|| time cost : 0h 0m 8.975s
********************************************************************************************************************
Start the 19 rounds of NGS-ED iteration
	effective electronic model is modified as: kinetic energy t = 0.973258
	                                           effective interaction Vq = [-0.499975,-0.434631, -0.38404,-0.434631,-0.434631,-0.393741,-0.370852,-0.393741, -0.38404,-0.370852,-0.357561,-0.370852,-0.434631,-0.393741,-0.370852,-0.393741]
	PARPACK diagonalization completed after 30 matrix-vector product operations.
	iteration results: : total energy is -21.024633 | electron energy -21.028453 + phonon energy 0.003821 | electron momentum kIdx = 10
The 19-th iteration is completed.	|| time cost : 0h 0m 8.938s
********************************************************************************************************************
Start the 20 rounds of NGS-ED iteration
	effective electronic model is modified as: kinetic energy t = 0.973258
	                                           effective interaction Vq = [-0.499975,-0.434631, -0.38404,-0.434631,-0.434631,-0.393741,-0.370852,-0.393741, -0.38404,-0.370852,-0.357561,-0.370852,-0.434631,-0.393741,-0.370852,-0.393741]
	PARPACK diagonalization completed after 30 matrix-vector product operations.
	iteration results: : total energy is -21.024633 | electron energy -21.028453 + phonon energy 0.003821 | electron momentum kIdx = 10
	Nq(0) = 9,	Nq(1) = 0.210213,	Nq(2) = 0.255518,	Nq(3) = 0.210213,	Nq(4) = 0.210213,	Nq(5) = 0.277247,	Nq(6) = 0.343,	Nq(7) = 0.277247,	Nq(8) = 0.255518,	Nq(9) = 0.343,	Nq(10) = 0.411504,	Nq(11) = 0.343,	Nq(12) = 0.210213,	Nq(13) = 0.277247,	Nq(14) = 0.343,	Nq(15) = 0.277247,	Sq(0) = -2.08252e-18,	Sq(1) = 0.536381,	Sq(2) = 0.892917,	Sq(3) = 0.536381,	Sq(4) = 0.536381,	Sq(5) = 0.539353,	Sq(6) = 0.971288,	Sq(7) = 0.539353,	Sq(8) = 0.892917,	Sq(9) = 0.971288,	Sq(10) = 0.781701,	Sq(11) = 0.971288,	Sq(12) = 0.536381,	Sq(13) = 0.539353,	Sq(14) = 0.971288,	Sq(15) = 0.539353,	N(0) = 1.82647,	N(1) = 1.70642,	N(2) = 0.216622,	N(3) = 1.70642,	N(4) = 1.70642,	N(5) = 0.596691,	N(6) = 0.114011,	N(7) = 0.596691,	N(8) = 0.216622,	N(9) = 0.114011,	N(10) = 0.0717826,	N(11) = 0.114011,	N(12) = 1.70642,	N(13) = 0.596691,	N(14) = 0.114011,	N(15) = 0.596691,	Delta[s](0) = 0.083264,	Delta[s](1) = 0.0587322,	Delta[s](2) = 0.0365424,	Delta[s](3) = 0.0587322,	Delta[s](4) = 0.0587322,	Delta[s](5) = 0.0408814,	Delta[s](6) = 0.0158704,	Delta[s](7) = 0.0408814,	Delta[s](8) = 0.0365424,	Delta[s](9) = 0.0158704,	Delta[s](10) = 0.00390491,	Delta[s](11) = 0.0158704,	Delta[s](12) = 0.0587322,	Delta[s](13) = 0.0408814,	Delta[s](14) = 0.0158704,	Delta[s](15) = 0.0408814,	Delta[d](0) = 0.211299,	Delta[d](1) = 0.127089,	Delta[d](2) = 0.16477,	Delta[d](3) = 0.127089,	Delta[d](4) = 0.127089,	Delta[d](5) = 0.122081,	Delta[d](6) = 0.0833313,	Delta[d](7) = 0.122081,	Delta[d](8) = 0.16477,	Delta[d](9) = 0.0833313,	Delta[d](10) = 0.0338589,	Delta[d](11) = 0.0833313,	Delta[d](12) = 0.127089,	Delta[d](13) = 0.122081,	Delta[d](14) = 0.0833313,	Delta[d](15) = 0.122081,	Delta[s+](0) = 0.547486,	Delta[s+](1) = 0.373431,	Delta[s+](2) = 0.16477,	Delta[s+](3) = 0.373431,	Delta[s+](4) = 0.373431,	Delta[s+](5) = 0.213106,	Delta[s+](6) = 0.062268,	Delta[s+](7) = 0.213106,	Delta[s+](8) = 0.16477,	Delta[s+](9) = 0.062268,	Delta[s+](10) = 0.0154783,	Delta[s+](11) = 0.062268,	Delta[s+](12) = 0.373431,	Delta[s+](13) = 0.213106,	Delta[s+](14) = 0.062268,	Delta[s+](15) = 0.213106
The 20-th iteration is completed.	|| time cost : 0h 1m 23.989s
********************************************************************************************************************
Start the 21 rounds of NGS-ED iteration
	effective electronic model is modified as: kinetic energy t = 0.973258
	                                           effective interaction Vq = [-0.499975,-0.434631, -0.38404,-0.434631,-0.434631,-0.393741,-0.370852,-0.393741, -0.38404,-0.370852,-0.357561,-0.370852,-0.434631,-0.393741,-0.370852,-0.393741]
	PARPACK diagonalization completed after 30 matrix-vector product operations.
	iteration results: : total energy is -21.024633 | electron energy -21.028453 + phonon energy 0.003821 | electron momentum kIdx = 10
The 21-th iteration is completed.	|| time cost : 0h 0m 9.028s
********************************************************************************************************************
Start the 22 rounds of NGS-ED iteration
	effective electronic model is modified as: kinetic energy t = 0.973258
	                                           effective interaction Vq = [-0.499975,-0.434631, -0.38404,-0.434631,-0.434631,-0.393741,-0.370852,-0.393741, -0.38404,-0.370852,-0.357561,-0.370852,-0.434631,-0.393741,-0.370852,-0.393741]
	PARPACK diagonalization completed after 30 matrix-vector product operations.
	iteration results: : total energy is -21.024633 | electron energy -21.028453 + phonon energy 0.003821 | electron momentum kIdx = 10
The 22-th iteration is completed.	|| time cost : 0h 0m 9.022s
********************************************************************************************************************
Start the 23 rounds of NGS-ED iteration
	effective electronic model is modified as: kinetic energy t = 0.973258
	                                           effective interaction Vq = [-0.499975,-0.434631, -0.38404,-0.434631,-0.434631,-0.393741,-0.370852,-0.393741, -0.38404,-0.370852,-0.357561,-0.370852,-0.434631,-0.393741,-0.370852,-0.393741]
	PARPACK diagonalization completed after 30 matrix-vector product operations.
	iteration results: : total energy is -21.024633 | electron energy -21.028453 + phonon energy 0.003821 | electron momentum kIdx = 10
