SNEDics v3.2 diagonalization test program		Start at Sun Jul 21 23:21:53 2019

parallized on 80 MPI threads  * 4 OpenMP threads = 320 total threads.
************************************************************************************
************************************************************************************

Input file "model_params.in"
Hubbard-Holstein model parameters : 	t = 1    U = 6.8    g = 4.4721    W = 5    
************************************************************************************
Input file "hilbertspace_params.in"

Cluster Positions:				Cluster symmetry group : D4
 x ... x ... x ... x .....                       x ... x ... x ... x .....
 |           |           :                       |           |           :
 |           |           :                       |           |           :
12    13    14    15     x                       1     5     6     5     x
 |           |           :                       |           |           :
 |           |           :                       |           |           :
 8 --- 9 ---10 ---11 --- x                       2 --- 6 ---10 --- 6 --- x
 |           |           :                       |           |           :
 |           |           :                       |           |           :
 4     5     6     7     x                       1     5     6     5     x
 |           |           :                       |           |           :
 |           |           :                       |           |           :
 0 --- 1 --- 2 --- 3 --- x                       0 --- 1 --- 2 --- 1 --- x
orbital number : 1
************************************************************************************
** NOTE ** Detected low phonon energy W < 10. The initial state will be prepared through a warm-up process.
starting warm-up calculation for scaling factor 2
0 rounds of non-Gaussian ED iteration : ground-state energy is -12.7256 | electron energy -12.7256 + phonon energy 0 | electron momentum kIdx = 0
Nq = 	12.25	0.165835	0.205182	0.165835	0.165835	0.22757	0.264808	0.22757	0.205182	0.264808	0.309849	0.264808	0.165835	0.22757	0.264808	0.22757
Sq = 	-2.28942e-18	0.475146	0.744542	0.475146	0.475146	0.619424	1.00194	0.619424	0.744542	1.00194	2.52183	1.00194	0.475146	0.619424	1.00194	0.619424
1 rounds of non-Gaussian ED iteration : ground-state energy is -67.6359 | electron energy -67.6429 + phonon energy 0.00702422 | electron momentum kIdx = 0
Nq = 	12.25	0.352926	0.36206	0.352926	0.352926	0.470095	0.553152	0.470095	0.36206	0.553152	0.574922	0.553152	0.352926	0.470095	0.553152	0.470095
Sq = 	-4.921e-18	0.395372	0.574819	0.395372	0.395372	0.524552	0.667382	0.524552	0.574819	0.667382	1.44741	0.667382	0.395372	0.524552	0.667382	0.524552
2 rounds of non-Gaussian ED iteration : ground-state energy is -76.2066 | electron energy -76.2744 + phonon energy 0.067758 | electron momentum kIdx = 0
Nq = 	12.25	0.412487	0.670664	0.412487	0.412487	0.777408	0.641744	0.777408	0.670664	0.641744	0.639678	0.641744	0.412487	0.777408	0.641744	0.777408
Sq = 	-2.17005e-17	0.340956	0.36305	0.340956	0.340956	0.365233	0.573098	0.365233	0.36305	0.573098	0.599188	0.573098	0.340956	0.365233	0.573098	0.365233
3 rounds of non-Gaussian ED iteration : ground-state energy is -77.7224 | electron energy -77.8456 + phonon energy 0.123217 | electron momentum kIdx = 0
Nq = 	12.25	0.415575	0.756482	0.415575	0.415575	0.796341	0.661804	0.796341	0.756482	0.661804	0.672462	0.661804	0.415575	0.796341	0.661804	0.796341
Sq = 	-9.75427e-18	0.314642	0.349984	0.314642	0.314642	0.349831	0.534752	0.349831	0.349984	0.534752	0.572831	0.534752	0.314642	0.349831	0.534752	0.349831
4 rounds of non-Gaussian ED iteration : ground-state energy is -77.9319 | electron energy -78.083 + phonon energy 0.151142 | electron momentum kIdx = 0
Nq = 	12.25	0.417256	0.781348	0.417256	0.417256	0.796437	0.671009	0.796437	0.781348	0.671008	0.695503	0.671008	0.417256	0.796437	0.671009	0.796437
Sq = 	-4.7256e-18	0.306351	0.345327	0.306351	0.306351	0.345215	0.522959	0.345215	0.345327	0.522958	0.564242	0.522958	0.306351	0.345215	0.522959	0.345215
5 rounds of non-Gaussian ED iteration : ground-state energy is -77.9604 | electron energy -78.123 + phonon energy 0.162637 | electron momentum kIdx = 0
Nq = 	12.25	0.418434	0.788113	0.418434	0.418434	0.794103	0.675408	0.794103	0.788113	0.675408	0.712083	0.675408	0.418434	0.794103	0.675408	0.794103
Sq = 	-1.95204e-18	0.303252	0.343528	0.303252	0.303252	0.343478	0.518686	0.343478	0.343528	0.518686	0.56119	0.518686	0.303252	0.343478	0.518686	0.343478
6 rounds of non-Gaussian ED iteration : ground-state energy is -77.9644 | electron energy -78.1316 + phonon energy 0.167197 | electron momentum kIdx = 0
Nq = 	12.25	0.419226	0.789523	0.419226	0.419226	0.791982	0.67757	0.791982	0.789523	0.67757	0.72398	0.67757	0.419226	0.791982	0.67757	0.791982
Sq = 	-1.05819e-17	0.301923	0.342758	0.301923	0.301924	0.342736	0.516928	0.342736	0.342758	0.516928	0.559997	0.516928	0.301924	0.342736	0.516928	0.342736
Ground state is obtained after 7 iterations. The current ground-state energy is -77.965, in which electron energy is -78.1341 and phonon energy is 0.169055
final variational state is: 
Gamma_x =       1  1.0348 1.06792  1.0348  1.0348 1.06812 1.08585 1.06812 1.06792 1.08585 1.10388 1.08585  1.0348 1.06812 1.08585 1.06812
lambda_q = 0.631874 0.558851 0.556766 0.558851 0.558851 0.557292 0.513151 0.557292 0.556766 0.513151 0.491575 0.513151 0.558851 0.557292 0.513151 0.557292
o___o  -------------------------------------
| L |	Time since last clock: 0h 24m 27.078s
A===A	Time since the beginning: 0h 24m 27.078s
********************************************

************************************************************************************
Warm up completed
o___o  -------------------------------------
| L |	Time since last clock: 0h 0m 0.031s
A===A	Time since the beginning: 0h 24m 27.11s
********************************************

************************************************************************************
0 rounds of non-Gaussian ED iteration : ground-state energy is -68.8093 | electron energy -68.8938 + phonon energy 0.0845276 | electron momentum kIdx = 0
Nq = 	12.25	0.382694	0.717469	0.382694	0.382694	0.7313	0.589077	0.731303	0.717469	0.589076	0.587322	0.589076	0.382694	0.731303	0.589077	0.7313
Sq = 	3.93406e-19	0.375591	0.37862	0.375591	0.37559	0.378724	0.627589	0.378724	0.37862	0.627589	0.630595	0.627589	0.37559	0.378724	0.627589	0.378724
1 rounds of non-Gaussian ED iteration : ground-state energy is -72.2715 | electron energy -72.5254 + phonon energy 0.253926 | electron momentum kIdx = 0
Nq = 	12.25	0.394904	0.768504	0.394904	0.394904	0.776154	0.597888	0.776155	0.768504	0.597888	0.588196	0.597888	0.394904	0.776155	0.597888	0.776154
Sq = 	2.74785e-18	0.347981	0.36826	0.347981	0.347981	0.368224	0.58517	0.368224	0.36826	0.58517	0.606989	0.58517	0.347981	0.368224	0.58517	0.368224
2 rounds of non-Gaussian ED iteration : ground-state energy is -73.5636 | electron energy -73.9383 + phonon energy 0.374698 | electron momentum kIdx = 0
Nq = 	12.25	0.401064	0.796615	0.401064	0.401064	0.801982	0.605213	0.801983	0.796615	0.605213	0.591817	0.605213	0.401064	0.801983	0.605213	0.801982
Sq = 	7.54305e-19	0.332257	0.361185	0.332257	0.332257	0.361143	0.561132	0.361143	0.361185	0.561132	0.591419	0.561132	0.332257	0.361143	0.561132	0.361143
3 rounds of non-Gaussian ED iteration : ground-state energy is -74.0422 | electron energy -74.4915 + phonon energy 0.44934 | electron momentum kIdx = 0
Nq = 	12.25	0.404569	0.812107	0.404569	0.404569	0.815877	0.611016	0.815878	0.812107	0.611016	0.595754	0.611016	0.404569	0.815878	0.611016	0.815877
Sq = 	7.86544e-18	0.323207	0.356682	0.323207	0.323207	0.356649	0.547379	0.356649	0.356682	0.547379	0.581879	0.547379	0.323207	0.356649	0.547379	0.356649
4 rounds of non-Gaussian ED iteration : ground-state energy is -74.2184 | electron energy -74.7125 + phonon energy 0.494086 | electron momentum kIdx = 0
Nq = 	12.25	0.406707	0.820526	0.406707	0.406707	0.823161	0.615397	0.823161	0.820526	0.615397	0.599184	0.615397	0.406707	0.823161	0.615397	0.823161
Sq = 	-1.17542e-17	0.317935	0.353889	0.317935	0.317935	0.353864	0.539395	0.353864	0.353889	0.539395	0.576146	0.539395	0.317935	0.353864	0.539395	0.353864
5 rounds of non-Gaussian ED iteration : ground-state energy is -74.2832 | electron energy -74.804 + phonon energy 0.520839 | electron momentum kIdx = 0
Nq = 	12.25	0.408057	0.825076	0.408057	0.408057	0.826917	0.618588	0.826917	0.825076	0.618588	0.60191	0.618588	0.408057	0.826917	0.618588	0.826917
Sq = 	-1.14356e-17	0.314821	0.352168	0.314821	0.314821	0.35215	0.534691	0.35215	0.352168	0.534691	0.572706	0.534691	0.314821	0.35215	0.534691	0.35215
6 rounds of non-Gaussian ED iteration : ground-state energy is -74.3069 | electron energy -74.8438 + phonon energy 0.536918 | electron momentum kIdx = 0
Nq = 	12.25	0.408923	0.827525	0.408923	0.408923	0.828815	0.620855	0.828815	0.827526	0.620855	0.603969	0.620855	0.408923	0.828815	0.620855	0.828815
Sq = 	-2.87914e-18	0.312962	0.351106	0.312962	0.312962	0.351093	0.531886	0.351093	0.351106	0.531886	0.570634	0.531886	0.312962	0.351093	0.531886	0.351093
7 rounds of non-Gaussian ED iteration : ground-state energy is -74.3156 | electron energy -74.8623 + phonon energy 0.54665 | electron momentum kIdx = 0
Nq = 	12.25	0.409484	0.828837	0.409484	0.409484	0.829741	0.622439	0.829742	0.828837	0.622439	0.605475	0.622439	0.409484	0.829742	0.622439	0.829741
Sq = 	-4.75397e-18	0.311842	0.350449	0.311842	0.311842	0.35044	0.530197	0.35044	0.350449	0.530197	0.569379	0.530197	0.311842	0.35044	0.530197	0.35044
8 rounds of non-Gaussian ED iteration : ground-state energy is -74.3188 | electron energy -74.8714 + phonon energy 0.552581 | electron momentum kIdx = 0
Nq = 	12.25	0.409849	0.82953	0.409849	0.409849	0.830167	0.623535	0.830167	0.829531	0.623535	0.606554	0.623535	0.409849	0.830167	0.623535	0.830167
Sq = 	-7.4006e-18	0.311163	0.350041	0.311163	0.311163	0.350035	0.529174	0.350035	0.350041	0.529174	0.568616	0.529174	0.311163	0.350035	0.529174	0.350035
9 rounds of non-Gaussian ED iteration : ground-state energy is -74.32 | electron energy -74.8762 + phonon energy 0.556216 | electron momentum kIdx = 0
Nq = 	12.25	0.410087	0.829891	0.410087	0.410087	0.830339	0.624287	0.830339	0.829891	0.624287	0.607315	0.624287	0.410087	0.830339	0.624287	0.830339
Sq = 	8.0359e-18	0.31075	0.349787	0.31075	0.31075	0.349783	0.52855	0.349783	0.349787	0.52855	0.568149	0.52855	0.31075	0.349783	0.52855	0.349783
10 rounds of non-Gaussian ED iteration : ground-state energy is -74.3204 | electron energy -74.8789 + phonon energy 0.558458 | electron momentum kIdx = 0
Nq = 	12.25	0.410243	0.830073	0.410243	0.410243	0.830388	0.6248	0.830388	0.830073	0.6248	0.607846	0.6248	0.410243	0.830388	0.6248	0.830388
Sq = 	-2.24609e-19	0.310497	0.349628	0.310497	0.310497	0.349625	0.528168	0.349625	0.349628	0.528168	0.567864	0.528168	0.310497	0.349625	0.528168	0.349625
11 rounds of non-Gaussian ED iteration : ground-state energy is -74.3206 | electron energy -74.8805 + phonon energy 0.559847 | electron momentum kIdx = 0
Nq = 	12.25	0.410346	0.830161	0.410346	0.410346	0.830383	0.62515	0.830383	0.830161	0.62515	0.608213	0.62515	0.410346	0.830383	0.62515	0.830383
Sq = 	-4.68925e-18	0.310341	0.349529	0.310341	0.310341	0.349527	0.527933	0.349527	0.349529	0.527933	0.567688	0.527933	0.310341	0.349527	0.527933	0.349527
12 rounds of non-Gaussian ED iteration : ground-state energy is -74.3207 | electron energy -74.8814 + phonon energy 0.560711 | electron momentum kIdx = 0
Nq = 	12.25	0.410413	0.8302	0.410413	0.410414	0.830357	0.625387	0.830357	0.8302	0.625387	0.608465	0.625387	0.410414	0.830357	0.625387	0.830357
Sq = 	-6.06976e-18	0.310245	0.349466	0.310245	0.310245	0.349465	0.527788	0.349465	0.349466	0.527789	0.567579	0.527789	0.310245	0.349465	0.527788	0.349465
13 rounds of non-Gaussian ED iteration : ground-state energy is -74.3207 | electron energy -74.8819 + phonon energy 0.561252 | electron momentum kIdx = 0
Nq = 	12.25	0.410458	0.830215	0.410458	0.410458	0.830326	0.625547	0.830326	0.830216	0.625547	0.608638	0.625547	0.410458	0.830326	0.625547	0.830326
Sq = 	-4.2178e-18	0.310186	0.349426	0.310186	0.310186	0.349425	0.527699	0.349425	0.349426	0.527699	0.567512	0.527699	0.310186	0.349425	0.527699	0.349425
14 rounds of non-Gaussian ED iteration : ground-state energy is -74.3207 | electron energy -74.8823 + phonon energy 0.561591 | electron momentum kIdx = 0
Nq = 	12.25	0.410488	0.830219	0.410488	0.410488	0.830297	0.625656	0.830298	0.83022	0.625656	0.608755	0.625656	0.410488	0.830298	0.625656	0.830297
Sq = 	-6.44911e-19	0.310149	0.349401	0.310149	0.310149	0.3494	0.527643	0.349401	0.349401	0.527643	0.56747	0.527643	0.310149	0.349401	0.527643	0.3494
15 rounds of non-Gaussian ED iteration : ground-state energy is -74.3207 | electron energy -74.8825 + phonon energy 0.561805 | electron momentum kIdx = 0
Nq = 	12.25	0.410507	0.830218	0.410507	0.410507	0.830274	0.625729	0.830274	0.830219	0.625729	0.608835	0.625729	0.410507	0.830274	0.625729	0.830274
Sq = 	-5.44129e-18	0.310126	0.349385	0.310126	0.310126	0.349385	0.527608	0.349385	0.349385	0.527608	0.567444	0.527608	0.310126	0.349385	0.527608	0.349385
16 rounds of non-Gaussian ED iteration : ground-state energy is -74.3207 | electron energy -74.8826 + phonon energy 0.561941 | electron momentum kIdx = 0
Nq = 	12.25	0.41052	0.830216	0.41052	0.41052	0.830255	0.625778	0.830255	0.830216	0.625778	0.608888	0.625778	0.41052	0.830255	0.625778	0.830255
Sq = 	1.19435e-18	0.310112	0.349375	0.310112	0.310112	0.349375	0.527586	0.349375	0.349375	0.527586	0.567428	0.527586	0.310112	0.349375	0.527586	0.349375
Ground state is obtained after 17 iterations. The current ground-state energy is -74.3207, in which electron energy is -74.8827 and phonon energy is 0.562027
final variational state is: 
Gamma_x =       1 1.10185  1.2012 1.10185 1.10185 1.20121 1.22245 1.20121  1.2012 1.22245 1.24393 1.22245 1.10185 1.20121 1.22245 1.20121
lambda_q = 0.894367 0.732957 0.745463 0.732957 0.732957 0.745474 0.643117 0.745474 0.745463 0.643117 0.586041 0.643117 0.732957 0.745474 0.643117 0.745474
o___o  -------------------------------------
| L |	Time since last clock: 0h 56m 40.88s
A===A	Time since the beginning: 1h 21m 7.991s
********************************************

************************************************************************************
