SNEDics v3.22.2 Non-Gaussian ED ground state program		Start at Wed Apr 13 04:27:13 2022

Parallelization: 32 MPI threads  * 8 OpenMP threads = 256 total threads.
********************************************************************************************************************
********************************************************************************************************************

********************************************************************************************************************
System parameters and configurations
	special program options are enabled: splitted diagonal Hamiltonian | splitted Hamiltonian terms
********************************************************************************************************************
Read input file "model_params.in"
	Hubbard-Holstein model parameters : 	t = 1    t' = -0.3    U = 8    g = 0.1    W = 0.2    g' = 0.2    
********************************************************************************************************************
Read input file "hilbertspace_params.in"
	Requested 16-site 2D lattice, with 12 electrons (6, 6)
	Boundary : Periodic		Hilbert space representation : momentum-space (restricted to kIdx = 10)
	Conservation: particle number[U(1)]      spin[U(1)]     momentum
********************************************************************************************************************

Cluster Positions:				Cluster symmetry group : D4
 x ... x ... x ... x .....                       x ... x ... x ... x .....
 |           |           :                       |           |           :
 |           |           :                       |           |           :
12    13    14    15     x                       1     5     6     5     x
 |           |           :                       |           |           :
 |           |           :                       |           |           :
 8 --- 9 ---10 ---11 --- x                       2 --- 6 ---10 --- 6 --- x
 |           |           :                       |           |           :
 |           |           :                       |           |           :
 4     5     6     7     x                       1     5     6     5     x
 |           |           :                       |           |           :
 |           |           :                       |           |           :
 0 --- 1 --- 2 --- 3 --- x                       0 --- 1 --- 2 --- 1 --- x
orbital number : 1
********************************************************************************************************************
Read input file "obs_params.in"
	Observable Type : Nq(All),   Sq(All),   N(All-Orbital),   Delta[s](All),   Delta[d](All),   Delta[s+](All)
** WARNING ** the input observables have non-local factors which have been reinterpreted. The total observable number is 96
********************************************************************************************************************


********************************************************************************************************************
Start calculating the non-Gaussian ED ground state
Maximal iteration number is 1000; energy resolution is 1e-06. Phonon state relaxation time is 2000
W = 0.2 is relatively large. The non-Gaussian ED calculation starts directly.
open output files: NGSED_iteration_observables.txt
********************************************************************************************************************
Start the 0 rounds of NGS-ED iteration
	effective electronic model is modified as: kinetic energy t = 1, t' = -0.3
	                                           effective interaction Vq = [0,0,0,0,0,0,0,0,0,0,0,0,0,0,0,0]
	first Hamiltonian is constructed, size = 4008592 and non-zero numbers = 969952276
	PARPACK diagonalization completed after 120 matrix-vector product operations.
	iteration results: : total energy is -14.904199 | electron energy -14.904199 + phonon energy 0.000000 | electron momentum kIdx = 10
	Nq(0) = 9,	Nq(1) = 0.183693,	Nq(2) = 0.250775,	Nq(3) = 0.183693,	Nq(4) = 0.183693,	Nq(5) = 0.258947,	
	Nq(6) = 0.308855,	Nq(7) = 0.258947,	Nq(8) = 0.250775,	Nq(9) = 0.308855,	Nq(10) = 0.355902,	
	Nq(11) = 0.308855,	Nq(12) = 0.183693,	Nq(13) = 0.258947,	Nq(14) = 0.308855,	Nq(15) = 0.258947;	
	Sq(0) = 3.45099e-18,	Sq(1) = 0.504384,	Sq(2) = 0.469115,	Sq(3) = 0.504384,	Sq(4) = 0.504384,	
	Sq(5) = 0.735911,	Sq(6) = 0.943053,	Sq(7) = 0.735911,	Sq(8) = 0.469115,	Sq(9) = 0.943053,	
	Sq(10) = 1.46495,	Sq(11) = 0.943053,	Sq(12) = 0.504384,	Sq(13) = 0.735911,	Sq(14) = 0.943053,	
	Sq(15) = 0.735911;	N(0) = 1.70338,	N(1) = 1.58882,	N(2) = 1.04187,	N(3) = 1.58882,	
	N(4) = 1.58882,	N(5) = 0.289608,	N(6) = 0.157281,	N(7) = 0.289608,	N(8) = 1.04187,	
	N(9) = 0.157281,	N(10) = 0.0700575,	N(11) = 0.157281,	N(12) = 1.58882,	N(13) = 0.289608,	
	N(14) = 0.157281,	N(15) = 0.289608;	Delta[s](0) = 0.0604472,	Delta[s](1) = 0.0414195,	Delta[s](2) = 0.0325402,	
	Delta[s](3) = 0.0414195,	Delta[s](4) = 0.0414195,	Delta[s](5) = 0.0223346,	Delta[s](6) = 0.0123155,	Delta[s](7) = 0.0223346,	
	Delta[s](8) = 0.0325402,	Delta[s](9) = 0.0123155,	Delta[s](10) = 0.00191114,	Delta[s](11) = 0.0123155,	Delta[s](12) = 0.0414195,	
	Delta[s](13) = 0.0223346,	Delta[s](14) = 0.0123155,	Delta[s](15) = 0.0223346;	Delta[d](0) = 0.274293,	Delta[d](1) = 0.220463,	
	Delta[d](2) = 0.262558,	Delta[d](3) = 0.220463,	Delta[d](4) = 0.220463,	Delta[d](5) = 0.148028,	Delta[d](6) = 0.197361,	
	Delta[d](7) = 0.148028,	Delta[d](8) = 0.262558,	Delta[d](9) = 0.197361,	Delta[d](10) = 0.330082,	Delta[d](11) = 0.197361,	
	Delta[d](12) = 0.220463,	Delta[d](13) = 0.148028,	Delta[d](14) = 0.197361,	Delta[d](15) = 0.148028;	Delta[s+](0) = 0.501673,	
	Delta[s+](1) = 0.350165,	Delta[s+](2) = 0.262558,	Delta[s+](3) = 0.350165,	Delta[s+](4) = 0.350165,	Delta[s+](5) = 0.158013,	
	Delta[s+](6) = 0.07091,	Delta[s+](7) = 0.158013,	Delta[s+](8) = 0.262558,	Delta[s+](9) = 0.07091,	Delta[s+](10) = 0.0229,	
	Delta[s+](11) = 0.07091,	Delta[s+](12) = 0.350165,	Delta[s+](13) = 0.158013,	Delta[s+](14) = 0.07091,	Delta[s+](15) = 0.158013
	
The 0-th iteration is completed.	|| time cost : 0h 2m 1.065s
********************************************************************************************************************
Start the 1 rounds of NGS-ED iteration
	effective electronic model is modified as: kinetic energy t = 0.993601, t' = -0.297844
	                                           effective interaction Vq = [      -4.05,  -0.164381,-0.00406742,  -0.164381,  -0.164381,-0.00427262, -0.0325094,-0.00427262,-0.00406742, -0.0325094,  -0.208388, -0.0325094,  -0.164381,-0.00427262, -0.0325094,-0.00427262]
	PARPACK diagonalization completed after 45 matrix-vector product operations.
	iteration results: : total energy is -51.468645 | electron energy -51.479730 + phonon energy 0.011085 | electron momentum kIdx = 10
The 1-th iteration is completed.	|| time cost : 0h 1m 18.1s
********************************************************************************************************************
Start the 2 rounds of NGS-ED iteration
	effective electronic model is modified as: kinetic energy t = 0.993391, t' = -0.297784
	                                           effective interaction Vq = [      -4.05,  -0.167421,-0.00403461,  -0.167421,  -0.167421,-0.00424868, -0.0324108,-0.00424868,-0.00403461, -0.0324108,  -0.216288, -0.0324108,  -0.167421,-0.00424868, -0.0324108,-0.00424868]
	PARPACK diagonalization completed after 30 matrix-vector product operations.
	iteration results: : total energy is -51.468692 | electron energy -51.480856 + phonon energy 0.012163 | electron momentum kIdx = 10
The 2-th iteration is completed.	|| time cost : 0h 0m 9.555s
********************************************************************************************************************
Start the 3 rounds of NGS-ED iteration
	effective electronic model is modified as: kinetic energy t = 0.993384, t' = -0.297783
	                                           effective interaction Vq = [      -4.05,  -0.167476,-0.00403395,  -0.167476,  -0.167476,-0.00424813, -0.0324053,-0.00424813,-0.00403395, -0.0324053,  -0.216643, -0.0324053,  -0.167476,-0.00424813, -0.0324053,-0.00424813]
	PARPACK diagonalization completed after 30 matrix-vector product operations.
	iteration results: : total energy is -51.468692 | electron energy -51.480896 + phonon energy 0.012203 | electron momentum kIdx = 10
The 3-th iteration is completed.	|| time cost : 0h 0m 9.559s
********************************************************************************************************************
Start the 4 rounds of NGS-ED iteration
	effective electronic model is modified as: kinetic energy t = 0.993384, t' = -0.297783
	                                           effective interaction Vq = [      -4.05,  -0.167477,-0.00403393,  -0.167477,  -0.167477,-0.00424811, -0.0324051,-0.00424811,-0.00403393, -0.0324051,  -0.216659, -0.0324051,  -0.167477,-0.00424811, -0.0324051,-0.00424811]
	PARPACK diagonalization completed after 30 matrix-vector product operations.
	iteration results: : total energy is -51.468692 | electron energy -51.480897 + phonon energy 0.012205 | electron momentum kIdx = 10
The 4-th iteration is completed.	|| time cost : 0h 0m 9.553s
********************************************************************************************************************
Start the 5 rounds of NGS-ED iteration
	effective electronic model is modified as: kinetic energy t = 0.993384, t' = -0.297783
	                                           effective interaction Vq = [      -4.05,  -0.167477,-0.00403393,  -0.167477,  -0.167477,-0.00424811, -0.0324051,-0.00424811,-0.00403393, -0.0324051,   -0.21666, -0.0324051,  -0.167477,-0.00424811, -0.0324051,-0.00424811]
	PARPACK diagonalization completed after 30 matrix-vector product operations.
	iteration results: : total energy is -51.468692 | electron energy -51.480897 + phonon energy 0.012205 | electron momentum kIdx = 10
The 5-th iteration is completed.	|| time cost : 0h 0m 9.657s
********************************************************************************************************************
Start the 6 rounds of NGS-ED iteration
	effective electronic model is modified as: kinetic energy t = 0.993384, t' = -0.297783
	                                           effective interaction Vq = [      -4.05,  -0.167477,-0.00403393,  -0.167477,  -0.167477,-0.00424811, -0.0324051,-0.00424811,-0.00403393, -0.0324051,   -0.21666, -0.0324051,  -0.167477,-0.00424811, -0.0324051,-0.00424811]
	PARPACK diagonalization completed after 30 matrix-vector product operations.
	iteration results: : total energy is -51.468692 | electron energy -51.480897 + phonon energy 0.012205 | electron momentum kIdx = 10
	Nq(0) = 9,	Nq(1) = 0.187053,	Nq(2) = 0.249249,	Nq(3) = 0.187053,	Nq(4) = 0.187053,	Nq(5) = 0.258188,	
	Nq(6) = 0.308887,	Nq(7) = 0.258188,	Nq(8) = 0.249249,	Nq(9) = 0.308887,	Nq(10) = 0.364463,	
	Nq(11) = 0.308887,	Nq(12) = 0.187053,	Nq(13) = 0.258188,	Nq(14) = 0.308887,	Nq(15) = 0.258188;	
	Sq(0) = -2.20609e-20,	Sq(1) = 0.504065,	Sq(2) = 0.467171,	Sq(3) = 0.504065,	Sq(4) = 0.504065,	
	Sq(5) = 0.732935,	Sq(6) = 0.942066,	Sq(7) = 0.732935,	Sq(8) = 0.467171,	Sq(9) = 0.942066,	
	Sq(10) = 1.46992,	Sq(11) = 0.942066,	Sq(12) = 0.504065,	Sq(13) = 0.732935,	Sq(14) = 0.942066,	
	Sq(15) = 0.732935;	N(0) = 1.70589,	N(1) = 1.59495,	N(2) = 1.03951,	N(3) = 1.59495,	
	N(4) = 1.59495,	N(5) = 0.285518,	N(6) = 0.155775,	N(7) = 0.285518,	N(8) = 1.03951,	
	N(9) = 0.155775,	N(10) = 0.0701022,	N(11) = 0.155775,	N(12) = 1.59495,	N(13) = 0.285518,	
	N(14) = 0.155775,	N(15) = 0.285518;	Delta[s](0) = 0.0614087,	Delta[s](1) = 0.0421494,	Delta[s](2) = 0.0331325,	
	Delta[s](3) = 0.0421494,	Delta[s](4) = 0.0421494,	Delta[s](5) = 0.0228435,	Delta[s](6) = 0.0125482,	Delta[s](7) = 0.0228435,	
	Delta[s](8) = 0.0331325,	Delta[s](9) = 0.0125482,	Delta[s](10) = 0.00189721,	Delta[s](11) = 0.0125482,	Delta[s](12) = 0.0421494,	
	Delta[s](13) = 0.0228435,	Delta[s](14) = 0.0125482,	Delta[s](15) = 0.0228435;	Delta[d](0) = 0.274148,	Delta[d](1) = 0.220831,	
	Delta[d](2) = 0.263064,	Delta[d](3) = 0.220831,	Delta[d](4) = 0.220831,	Delta[d](5) = 0.14784,	Delta[d](6) = 0.196887,	
	Delta[d](7) = 0.14784,	Delta[d](8) = 0.263064,	Delta[d](9) = 0.196887,	Delta[d](10) = 0.331655,	Delta[d](11) = 0.196887,	
	Delta[d](12) = 0.220831,	Delta[d](13) = 0.14784,	Delta[d](14) = 0.196887,	Delta[d](15) = 0.14784;	Delta[s+](0) = 0.503345,	
	Delta[s+](1) = 0.35115,	Delta[s+](2) = 0.263064,	Delta[s+](3) = 0.35115,	Delta[s+](4) = 0.35115,	Delta[s+](5) = 0.15821,	
	Delta[s+](6) = 0.0707279,	Delta[s+](7) = 0.15821,	Delta[s+](8) = 0.263064,	Delta[s+](9) = 0.0707279,	Delta[s+](10) = 0.0228399,	
	Delta[s+](11) = 0.0707279,	Delta[s+](12) = 0.35115,	Delta[s+](13) = 0.15821,	Delta[s+](14) = 0.0707279,	Delta[s+](15) = 0.15821
	
The 6-th iteration is completed.	|| time cost : 0h 1m 19.93s
********************************************************************************************************************
********************************************************************************************************************
Ground state is obtained after 7 iterations. The current ground-state energy is -51.4687, in which electron energy is -51.4809 and phonon energy is 0.012205
Final variational state is: 
	Gamma_x = [      1,1.16234,1.00493,1.16234,1.16234,1.00538,1.05032,1.00538,1.00493,1.05032,1.45748,1.05032,1.16234,1.00538,1.05032,1.00538]
	lambda_q = [       4.5,  0.173497, 0.0205938,  0.173497,  0.173497,  0.021712,-0.0550175,  0.021712, 0.0205938,-0.0550175, -0.158339,-0.0550175,  0.173497,  0.021712,-0.0550175,  0.021712]
Effective e-e interactions mediated by phonons are:
	momentum-space Vq = [      -4.05,  -0.167477,-0.00403393,  -0.167477,  -0.167477,-0.00424811, -0.0324051,-0.00424811,-0.00403393, -0.0324051,   -0.21666, -0.0324051,  -0.167477,-0.00424811, -0.0324051,-0.00424811]
	real-space Vr = [-0.318203,-0.256468,-0.266108,-0.256468,-0.256468,-0.266162,  -0.2227,-0.266162,-0.266108,  -0.2227,-0.218262,  -0.2227,-0.256468,-0.266162,  -0.2227,-0.266162]
********************************************************************************************************************
o___o  ----------------------------------------
| L |	Time since last clock: 0h 0m 0.008s
A===A	Time since the beginning: 0h 5m 17.43s
***********************************************


Non-Gaussina ED ground state calculation is completed. The final ground-state energy is -51.4687
********************************************************************************************************************
o___o  ----------------------------------------
| L |	Time since last clock: 0h 0m 0.003s
A===A	Time since the beginning: 0h 5m 17.433s
***********************************************



********************************************************************************************************************
All non-Gaussian ED ground state calculations have been completed. Exit now.
