SNEDics v3.22.2 Non-Gaussian ED ground state program		Start at Tue Apr 19 06:09:27 2022

Parallelization: 32 MPI threads  * 8 OpenMP threads = 256 total threads.
********************************************************************************************************************
********************************************************************************************************************

********************************************************************************************************************
System parameters and configurations
	special program options are enabled: splitted diagonal Hamiltonian | splitted Hamiltonian terms
********************************************************************************************************************
Read input file "model_params.in"
	Hubbard-Holstein model parameters : 	t = 1    U = 8    g = 0.15    W = 0.2    g' = 0.1    
********************************************************************************************************************
Read input file "hilbertspace_params.in"
	Requested 16-site 2D lattice, with 12 electrons (6, 6)
	Boundary : Periodic		Hilbert space representation : momentum-space (restricted to kIdx = 10)
	Conservation: particle number[U(1)]      spin[U(1)]     momentum
********************************************************************************************************************

Cluster Positions:				Cluster symmetry group : D4
 x ... x ... x ... x .....                       x ... x ... x ... x .....
 |           |           :                       |           |           :
 |           |           :                       |           |           :
12    13    14    15     x                       1     5     6     5     x
 |           |           :                       |           |           :
 |           |           :                       |           |           :
 8 --- 9 ---10 ---11 --- x                       2 --- 6 ---10 --- 6 --- x
 |           |           :                       |           |           :
 |           |           :                       |           |           :
 4     5     6     7     x                       1     5     6     5     x
 |           |           :                       |           |           :
 |           |           :                       |           |           :
 0 --- 1 --- 2 --- 3 --- x                       0 --- 1 --- 2 --- 1 --- x
orbital number : 1
********************************************************************************************************************
Read input file "obs_params.in"
	Observable Type : Nq(All),   Sq(All),   N(All-Orbital),   Delta[s](All),   Delta[d](All),   Delta[s+](All)
** WARNING ** the input observables have non-local factors which have been reinterpreted. The total observable number is 96
********************************************************************************************************************


********************************************************************************************************************
Start calculating the non-Gaussian ED ground state
Maximal iteration number is 1000; energy resolution is 1e-06. Phonon state relaxation time is 2000
W = 0.2 is relatively large. The non-Gaussian ED calculation starts directly.
open output files: NGSED_iteration_observables.txt
********************************************************************************************************************
Start the 0 rounds of NGS-ED iteration
	effective electronic model is modified as: kinetic energy t = 1
	                                           effective interaction Vq = [0,0,0,0,0,0,0,0,0,0,0,0,0,0,0,0]
	first Hamiltonian is constructed, size = 4008592 and non-zero numbers = 969134084
	PARPACK diagonalization completed after 150 matrix-vector product operations.
	iteration results: : total energy is -14.925310 | electron energy -14.925310 + phonon energy 0.000000 | electron momentum kIdx = 10
	Nq(0) = 9,	Nq(1) = 0.191675,	Nq(2) = 0.238629,	Nq(3) = 0.191675,	Nq(4) = 0.191675,	Nq(5) = 0.259295,	
	Nq(6) = 0.314107,	Nq(7) = 0.259295,	Nq(8) = 0.238629,	Nq(9) = 0.314107,	Nq(10) = 0.369338,	
	Nq(11) = 0.314107,	Nq(12) = 0.191675,	Nq(13) = 0.259295,	Nq(14) = 0.314107,	Nq(15) = 0.259295;	
	Sq(0) = -1.73566e-18,	Sq(1) = 0.554662,	Sq(2) = 0.921866,	Sq(3) = 0.554662,	Sq(4) = 0.554662,	
	Sq(5) = 0.548737,	Sq(6) = 1.01287,	Sq(7) = 0.548737,	Sq(8) = 0.921866,	Sq(9) = 1.01287,	
	Sq(10) = 0.784303,	Sq(11) = 1.01287,	Sq(12) = 0.554662,	Sq(13) = 0.548737,	Sq(14) = 1.01287,	
	Sq(15) = 0.548737;	N(0) = 1.76735,	N(1) = 1.6264,	N(2) = 0.275186,	N(3) = 1.6264,	
	N(4) = 1.6264,	N(5) = 0.626534,	N(6) = 0.144321,	N(7) = 0.626534,	N(8) = 0.275186,	
	N(9) = 0.144321,	N(10) = 0.0932732,	N(11) = 0.144321,	N(12) = 1.6264,	N(13) = 0.626534,	
	N(14) = 0.144321,	N(15) = 0.626534;	Delta[s](0) = 0.0655074,	Delta[s](1) = 0.0452976,	Delta[s](2) = 0.0260089,	
	Delta[s](3) = 0.0452976,	Delta[s](4) = 0.0452976,	Delta[s](5) = 0.0292795,	Delta[s](6) = 0.0093576,	Delta[s](7) = 0.0292795,	
	Delta[s](8) = 0.0260089,	Delta[s](9) = 0.0093576,	Delta[s](10) = 0.000186451,	Delta[s](11) = 0.0093576,	Delta[s](12) = 0.0452976,	
	Delta[s](13) = 0.0292795,	Delta[s](14) = 0.0093576,	Delta[s](15) = 0.0292795;	Delta[d](0) = 0.199196,	Delta[d](1) = 0.12833,	
	Delta[d](2) = 0.162083,	Delta[d](3) = 0.12833,	Delta[d](4) = 0.12833,	Delta[d](5) = 0.1183,	Delta[d](6) = 0.0875906,	
	Delta[d](7) = 0.1183,	Delta[d](8) = 0.162083,	Delta[d](9) = 0.0875906,	Delta[d](10) = 0.0382591,	Delta[d](11) = 0.0875906,	
	Delta[d](12) = 0.12833,	Delta[d](13) = 0.1183,	Delta[d](14) = 0.0875906,	Delta[d](15) = 0.1183;	Delta[s+](0) = 0.528994,	
	Delta[s+](1) = 0.36081,	Delta[s+](2) = 0.162083,	Delta[s+](3) = 0.36081,	Delta[s+](4) = 0.36081,	Delta[s+](5) = 0.207092,	
	Delta[s+](6) = 0.062797,	Delta[s+](7) = 0.207092,	Delta[s+](8) = 0.162083,	Delta[s+](9) = 0.062797,	Delta[s+](10) = 0.0158056,	
	Delta[s+](11) = 0.062797,	Delta[s+](12) = 0.36081,	Delta[s+](13) = 0.207092,	Delta[s+](14) = 0.062797,	Delta[s+](15) = 0.207092
	
The 0-th iteration is completed.	|| time cost : 0h 2m 4.479s
********************************************************************************************************************
Start the 1 rounds of NGS-ED iteration
	effective electronic model is modified as: kinetic energy t = 0.997832
	                                           effective interaction Vq = [     -1.5125,  -0.0787873, -0.00882176,  -0.0787873,  -0.0787873, -0.00955256,-0.000859127, -0.00955256, -0.00882176,-0.000859127,  -0.0196945,-0.000859127,  -0.0787873, -0.00955256,-0.000859127, -0.00955256]
	PARPACK diagonalization completed after 45 matrix-vector product operations.
	iteration results: : total energy is -28.579555 | electron energy -28.580721 + phonon energy 0.001166 | electron momentum kIdx = 10
The 1-th iteration is completed.	|| time cost : 0h 1m 17.911s
********************************************************************************************************************
Start the 2 rounds of NGS-ED iteration
	effective electronic model is modified as: kinetic energy t = 0.997807
	                                           effective interaction Vq = [     -1.5125,  -0.0794613, -0.00881173,  -0.0794613,  -0.0794613, -0.00953314,-0.000857216, -0.00953314, -0.00881173,-0.000857216,  -0.0197106,-0.000857216,  -0.0794613, -0.00953314,-0.000857216, -0.00953314]
	PARPACK diagonalization completed after 30 matrix-vector product operations.
	iteration results: : total energy is -28.579558 | electron energy -28.580761 + phonon energy 0.001203 | electron momentum kIdx = 10
The 2-th iteration is completed.	|| time cost : 0h 0m 9.382s
********************************************************************************************************************
Start the 3 rounds of NGS-ED iteration
	effective electronic model is modified as: kinetic energy t = 0.997807
	                                           effective interaction Vq = [     -1.5125,  -0.0794677, -0.00881162,  -0.0794677,  -0.0794677, -0.00953292,-0.000857203, -0.00953292, -0.00881162,-0.000857203,  -0.0197104,-0.000857203,  -0.0794677, -0.00953292,-0.000857203, -0.00953292]
	PARPACK diagonalization completed after 30 matrix-vector product operations.
	iteration results: : total energy is -28.579558 | electron energy -28.580761 + phonon energy 0.001204 | electron momentum kIdx = 10
The 3-th iteration is completed.	|| time cost : 0h 0m 9.375s
********************************************************************************************************************
Start the 4 rounds of NGS-ED iteration
	effective electronic model is modified as: kinetic energy t = 0.997807
	                                           effective interaction Vq = [     -1.5125,  -0.0794677, -0.00881161,  -0.0794677,  -0.0794677, -0.00953291,-0.000857203, -0.00953291, -0.00881161,-0.000857203,  -0.0197104,-0.000857203,  -0.0794677, -0.00953291,-0.000857203, -0.00953291]
	PARPACK diagonalization completed after 30 matrix-vector product operations.
	iteration results: : total energy is -28.579558 | electron energy -28.580761 + phonon energy 0.001204 | electron momentum kIdx = 10
	Nq(0) = 9,	Nq(1) = 0.193446,	Nq(2) = 0.238563,	Nq(3) = 0.193446,	Nq(4) = 0.193446,	Nq(5) = 0.258976,	
	Nq(6) = 0.313659,	Nq(7) = 0.258976,	Nq(8) = 0.238563,	Nq(9) = 0.313659,	Nq(10) = 0.369965,	
	Nq(11) = 0.313659,	Nq(12) = 0.193446,	Nq(13) = 0.258976,	Nq(14) = 0.313659,	Nq(15) = 0.258976;	
	Sq(0) = -1.92972e-18,	Sq(1) = 0.553752,	Sq(2) = 0.92097,	Sq(3) = 0.553752,	Sq(4) = 0.553752,	
	Sq(5) = 0.548614,	Sq(6) = 1.01268,	Sq(7) = 0.548614,	Sq(8) = 0.92097,	Sq(9) = 1.01268,	
	Sq(10) = 0.786474,	Sq(11) = 1.01268,	Sq(12) = 0.553752,	Sq(13) = 0.548614,	Sq(14) = 1.01268,	
	Sq(15) = 0.548614;	N(0) = 1.76798,	N(1) = 1.62837,	N(2) = 0.273417,	N(3) = 1.62837,	
	N(4) = 1.62837,	N(5) = 0.625344,	N(6) = 0.144148,	N(7) = 0.625344,	N(8) = 0.273417,	
	N(9) = 0.144148,	N(10) = 0.0937431,	N(11) = 0.144148,	N(12) = 1.62837,	N(13) = 0.625344,	
	N(14) = 0.144148,	N(15) = 0.625344;	Delta[s](0) = 0.0658134,	Delta[s](1) = 0.0455063,	Delta[s](2) = 0.0261538,	
	Delta[s](3) = 0.0455063,	Delta[s](4) = 0.0455063,	Delta[s](5) = 0.029455,	Delta[s](6) = 0.00938785,	Delta[s](7) = 0.029455,	
	Delta[s](8) = 0.0261538,	Delta[s](9) = 0.00938785,	Delta[s](10) = 0.00018949,	Delta[s](11) = 0.00938785,	Delta[s](12) = 0.0455063,	
	Delta[s](13) = 0.029455,	Delta[s](14) = 0.00938785,	Delta[s](15) = 0.029455;	Delta[d](0) = 0.2001,	Delta[d](1) = 0.128253,	
	Delta[d](2) = 0.162206,	Delta[d](3) = 0.128253,	Delta[d](4) = 0.128253,	Delta[d](5) = 0.118431,	Delta[d](6) = 0.0873872,	
	Delta[d](7) = 0.118431,	Delta[d](8) = 0.162206,	Delta[d](9) = 0.0873872,	Delta[d](10) = 0.0381602,	Delta[d](11) = 0.0873872,	
	Delta[d](12) = 0.128253,	Delta[d](13) = 0.118431,	Delta[d](14) = 0.0873872,	Delta[d](15) = 0.118431;	Delta[s+](0) = 0.529835,	
	Delta[s+](1) = 0.361309,	Delta[s+](2) = 0.162206,	Delta[s+](3) = 0.361309,	Delta[s+](4) = 0.361309,	Delta[s+](5) = 0.2073,	
	Delta[s+](6) = 0.062786,	Delta[s+](7) = 0.2073,	Delta[s+](8) = 0.162206,	Delta[s+](9) = 0.062786,	Delta[s+](10) = 0.0158535,	
	Delta[s+](11) = 0.062786,	Delta[s+](12) = 0.361309,	Delta[s+](13) = 0.2073,	Delta[s+](14) = 0.062786,	Delta[s+](15) = 0.2073
	
The 4-th iteration is completed.	|| time cost : 0h 1m 21.07s
********************************************************************************************************************
********************************************************************************************************************
Ground state is obtained after 5 iterations. The current ground-state energy is -28.5796, in which electron energy is -28.5808 and phonon energy is 0.00120384
Final variational state is: 
	Gamma_x = [      1,1.07694,1.01035,1.07694,1.07694,1.01214,1.00132,1.01214,1.01035,1.00132,1.03651,1.00132,1.07694,1.01214,1.00132,1.01214]
	lambda_q = [       2.75,   0.117468,  0.0299709,   0.117468,   0.117468,  0.0324797,-0.00872425,  0.0324797,  0.0299709,-0.00872425, -0.0400628,-0.00872425,   0.117468,  0.0324797,-0.00872425,  0.0324797]
Effective e-e interactions mediated by phonons are:
	momentum-space Vq = [     -1.5125,  -0.0794677, -0.00881161,  -0.0794677,  -0.0794677, -0.00953291,-0.000857203, -0.00953291, -0.00881161,-0.000857203,  -0.0197104,-0.000857203,  -0.0794677, -0.00953291,-0.000857203, -0.00953291]
	real-space Vr = [ -0.119329, -0.103126,-0.0944814, -0.103126, -0.103126,-0.0946617, -0.083473,-0.0946617,-0.0944814, -0.083473,-0.0791666, -0.083473, -0.103126,-0.0946617, -0.083473,-0.0946617]
********************************************************************************************************************
o___o  ----------------------------------------
| L |	Time since last clock: 0h 0m 0.01s
A===A	Time since the beginning: 0h 5m 2.23s
***********************************************


Non-Gaussina ED ground state calculation is completed. The final ground-state energy is -28.5796
********************************************************************************************************************
o___o  ----------------------------------------
| L |	Time since last clock: 0h 0m 0.003s
A===A	Time since the beginning: 0h 5m 2.233s
***********************************************



********************************************************************************************************************
All non-Gaussian ED ground state calculations have been completed. Exit now.
