SNEDics v3.22.2 Non-Gaussian ED ground state program		Start at Wed Apr 13 16:51:34 2022

Parallelization: 32 MPI threads  * 8 OpenMP threads = 256 total threads.
********************************************************************************************************************
********************************************************************************************************************

********************************************************************************************************************
System parameters and configurations
	special program options are enabled: splitted diagonal Hamiltonian | splitted Hamiltonian terms
********************************************************************************************************************
Read input file "model_params.in"
	Hubbard-Holstein model parameters : 	t = 1    t' = -0.3    U = 8    g = 0.1    W = 0.2    g' = 0.25    
********************************************************************************************************************
Read input file "hilbertspace_params.in"
	Requested 16-site 2D lattice, with 8 electrons (4, 4)
	Boundary : Periodic		Hilbert space representation : momentum-space (restricted to kIdx = 10)
	Conservation: particle number[U(1)]      spin[U(1)]     momentum
********************************************************************************************************************

Cluster Positions:				Cluster symmetry group : D4
 x ... x ... x ... x .....                       x ... x ... x ... x .....
 |           |           :                       |           |           :
 |           |           :                       |           |           :
12    13    14    15     x                       1     5     6     5     x
 |           |           :                       |           |           :
 |           |           :                       |           |           :
 8 --- 9 ---10 ---11 --- x                       2 --- 6 ---10 --- 6 --- x
 |           |           :                       |           |           :
 |           |           :                       |           |           :
 4     5     6     7     x                       1     5     6     5     x
 |           |           :                       |           |           :
 |           |           :                       |           |           :
 0 --- 1 --- 2 --- 3 --- x                       0 --- 1 --- 2 --- 1 --- x
orbital number : 1
********************************************************************************************************************
Read input file "obs_params.in"
	Observable Type : Nq(All),   Sq(All),   N(All-Orbital),   Delta[s](All),   Delta[d](All),   Delta[s+](All)
** WARNING ** the input observables have non-local factors which have been reinterpreted. The total observable number is 96
********************************************************************************************************************


********************************************************************************************************************
Start calculating the non-Gaussian ED ground state
Maximal iteration number is 1000; energy resolution is 1e-06. Phonon state relaxation time is 2000
W = 0.2 is relatively large. The non-Gaussian ED calculation starts directly.
open output files: NGSED_iteration_observables.txt
********************************************************************************************************************
Start the 0 rounds of NGS-ED iteration
	effective electronic model is modified as: kinetic energy t = 1, t' = -0.3
	                                           effective interaction Vq = [0,0,0,0,0,0,0,0,0,0,0,0,0,0,0,0]
	first Hamiltonian is constructed, size = 207168 and non-zero numbers = 32240256
	PARPACK diagonalization completed after 105 matrix-vector product operations.
	iteration results: : total energy is -14.405877 | electron energy -14.405877 + phonon energy 0.000000 | electron momentum kIdx = 10
	Nq(0) = 4,	Nq(1) = 0.191255,	Nq(2) = 0.234333,	Nq(3) = 0.191255,	Nq(4) = 0.191255,	Nq(5) = 0.305984,	
	Nq(6) = 0.331756,	Nq(7) = 0.305984,	Nq(8) = 0.234333,	Nq(9) = 0.331756,	Nq(10) = 0.361611,	
	Nq(11) = 0.331756,	Nq(12) = 0.191255,	Nq(13) = 0.305984,	Nq(14) = 0.331756,	Nq(15) = 0.305984;	
	Sq(0) = -3.48352e-18,	Sq(1) = 0.388709,	Sq(2) = 0.400904,	Sq(3) = 0.388709,	Sq(4) = 0.388709,	
	Sq(5) = 0.66772,	Sq(6) = 0.571758,	Sq(7) = 0.66772,	Sq(8) = 0.400904,	Sq(9) = 0.571758,	
	Sq(10) = 0.539189,	Sq(11) = 0.571758,	Sq(12) = 0.388709,	Sq(13) = 0.66772,	Sq(14) = 0.571758,	
	Sq(15) = 0.66772;	N(0) = 1.74885,	N(1) = 0.991935,	N(2) = 0.972078,	N(3) = 0.991935,	
	N(4) = 0.991935,	N(5) = 0.0652548,	N(6) = 0.0181601,	N(7) = 0.0652548,	N(8) = 0.972078,	
	N(9) = 0.0181601,	N(10) = 0.00559157,	N(11) = 0.0181601,	N(12) = 0.991935,	N(13) = 0.0652548,	
	N(14) = 0.0181601,	N(15) = 0.0652548;	Delta[s](0) = 0.0129972,	Delta[s](1) = 0.00954757,	Delta[s](2) = 0.00871023,	
	Delta[s](3) = 0.00954757,	Delta[s](4) = 0.00954757,	Delta[s](5) = 0.000533229,	Delta[s](6) = 0.000497095,	Delta[s](7) = 0.000533229,	
	Delta[s](8) = 0.00871023,	Delta[s](9) = 0.000497095,	Delta[s](10) = 0.000398222,	Delta[s](11) = 0.000497095,	Delta[s](12) = 0.00954757,	
	Delta[s](13) = 0.000533229,	Delta[s](14) = 0.000497095,	Delta[s](15) = 0.000533229;	Delta[d](0) = 0.0193832,	Delta[d](1) = 0.0628776,	
	Delta[d](2) = 0.127346,	Delta[d](3) = 0.0628776,	Delta[d](4) = 0.0628776,	Delta[d](5) = 0.0790619,	Delta[d](6) = 0.160053,	
	Delta[d](7) = 0.0790619,	Delta[d](8) = 0.127346,	Delta[d](9) = 0.160053,	Delta[d](10) = 0.280009,	Delta[d](11) = 0.160053,	
	Delta[d](12) = 0.0628776,	Delta[d](13) = 0.0790619,	Delta[d](14) = 0.160053,	Delta[d](15) = 0.0790619;	Delta[s+](0) = 0.226808,	
	Delta[s+](1) = 0.154027,	Delta[s+](2) = 0.127346,	Delta[s+](3) = 0.154027,	Delta[s+](4) = 0.154027,	Delta[s+](5) = 0.00919226,	
	Delta[s+](6) = 0.0209699,	Delta[s+](7) = 0.00919226,	Delta[s+](8) = 0.127346,	Delta[s+](9) = 0.0209699,	Delta[s+](10) = 0.00327301,	
	Delta[s+](11) = 0.0209699,	Delta[s+](12) = 0.154027,	Delta[s+](13) = 0.00919226,	Delta[s+](14) = 0.0209699,	Delta[s+](15) = 0.00919226
	
The 0-th iteration is completed.	|| time cost : 0h 0m 5.567s
********************************************************************************************************************
Start the 1 rounds of NGS-ED iteration
	effective electronic model is modified as: kinetic energy t = 0.97731, t' = -0.294191
	                                           effective interaction Vq = [      -6.05,  -0.343833,-0.00470754,  -0.343833,  -0.343833,-0.00611811, -0.0817551,-0.00611811,-0.00470754, -0.0817551,  -0.906129, -0.0817551,  -0.343833,-0.00611811, -0.0817551,-0.00611811]
	PARPACK diagonalization completed after 30 matrix-vector product operations.
	iteration results: : total energy is -38.893063 | electron energy -38.998672 + phonon energy 0.105609 | electron momentum kIdx = 10
The 1-th iteration is completed.	|| time cost : 0h 0m 3.568s
********************************************************************************************************************
Start the 2 rounds of NGS-ED iteration
	effective electronic model is modified as: kinetic energy t = 0.968757, t' = -0.293768
	                                           effective interaction Vq = [      -6.05,  -0.361756,-0.00464532,  -0.361756,  -0.361756,-0.00599728, -0.0812772,-0.00599728,-0.00464532, -0.0812772,   -1.47288, -0.0812772,  -0.361756,-0.00599728, -0.0812772,-0.00599728]
	PARPACK diagonalization completed after 30 matrix-vector product operations.
	iteration results: : total energy is -38.919195 | electron energy -39.129978 + phonon energy 0.210783 | electron momentum kIdx = 10
The 2-th iteration is completed.	|| time cost : 0h 0m 0.964s
********************************************************************************************************************
Start the 3 rounds of NGS-ED iteration
	effective electronic model is modified as: kinetic energy t = 0.961425, t' = -0.293788
	                                           effective interaction Vq = [      -6.05,  -0.360435,-0.00464875,  -0.360435,  -0.360435,-0.00597524, -0.0810345,-0.00597524,-0.00464875, -0.0810345,   -1.95476, -0.0810345,  -0.360435,-0.00597524, -0.0810345,-0.00597524]
	PARPACK diagonalization completed after 30 matrix-vector product operations.
	iteration results: : total energy is -38.942856 | electron energy -39.252172 + phonon energy 0.309316 | electron momentum kIdx = 10
The 3-th iteration is completed.	|| time cost : 0h 0m 0.997s
********************************************************************************************************************
Start the 4 rounds of NGS-ED iteration
	effective electronic model is modified as: kinetic energy t = 0.954429, t' = -0.293838
	                                           effective interaction Vq = [      -6.05,  -0.357743,-0.00465781,  -0.357743,  -0.357743,-0.00595765, -0.0808584,-0.00595765,-0.00465781, -0.0808584,    -2.3674, -0.0808584,  -0.357743,-0.00595765, -0.0808584,-0.00595765]
	PARPACK diagonalization completed after 30 matrix-vector product operations.
	iteration results: : total energy is -38.965707 | electron energy -39.368003 + phonon energy 0.402296 | electron momentum kIdx = 10
The 4-th iteration is completed.	|| time cost : 0h 0m 1.016s
********************************************************************************************************************
Start the 5 rounds of NGS-ED iteration
	effective electronic model is modified as: kinetic energy t = 0.947969, t' = -0.293886
	                                           effective interaction Vq = [      -6.05,  -0.355061,-0.00466945,  -0.355061,  -0.355061,-0.00594067, -0.0806812,-0.00594067,-0.00466945, -0.0806812,    -2.7029, -0.0806812,  -0.355061,-0.00594067, -0.0806812,-0.00594067]
	PARPACK diagonalization completed after 30 matrix-vector product operations.
	iteration results: : total energy is -38.985669 | electron energy -39.470460 + phonon energy 0.484791 | electron momentum kIdx = 10
The 5-th iteration is completed.	|| time cost : 0h 0m 1.016s
********************************************************************************************************************
Start the 6 rounds of NGS-ED iteration
	effective electronic model is modified as: kinetic energy t = 0.942408, t' = -0.293924
	                                           effective interaction Vq = [      -6.05,  -0.352739,-0.00468258,  -0.352739,  -0.352739,-0.00592544, -0.0805117,-0.00592544,-0.00468258, -0.0805117,   -2.95558, -0.0805117,  -0.352739,-0.00592544, -0.0805117,-0.00592544]
	PARPACK diagonalization completed after 135 matrix-vector product operations.
	iteration results: : total energy is -40.758479 | electron energy -41.310147 + phonon energy 0.551667 | electron momentum kIdx = 10
The 6-th iteration is completed.	|| time cost : 0h 0m 1.46s
********************************************************************************************************************
Start the 7 rounds of NGS-ED iteration
	effective electronic model is modified as: kinetic energy t = 0.899397, t' = -0.298227
	                                           effective interaction Vq = [      -6.05,  -0.162085,-0.00377531,  -0.162085,  -0.162085,-0.00370803, -0.0559368,-0.00370803,-0.00377531, -0.0559368,   -4.00152, -0.0559368,  -0.162085,-0.00370803, -0.0559368,-0.00370803]
	PARPACK diagonalization completed after 45 matrix-vector product operations.
	iteration results: : total energy is -42.965645 | electron energy -43.855110 + phonon energy 0.889465 | electron momentum kIdx = 10
The 7-th iteration is completed.	|| time cost : 0h 0m 1.021s
********************************************************************************************************************
Start the 8 rounds of NGS-ED iteration
	effective electronic model is modified as: kinetic energy t = 0.880986, t' = -0.299108
	                                           effective interaction Vq = [      -6.05,  -0.110687,-0.00276993,  -0.110687,  -0.110687, -0.0028283, -0.0428757, -0.0028283,-0.00276993, -0.0428757,   -4.02828, -0.0428757,  -0.110687, -0.0028283, -0.0428757, -0.0028283]
	PARPACK diagonalization completed after 30 matrix-vector product operations.
	iteration results: : total energy is -43.008577 | electron energy -43.784892 + phonon energy 0.776315 | electron momentum kIdx = 10
The 8-th iteration is completed.	|| time cost : 0h 0m 0.915s
********************************************************************************************************************
Start the 9 rounds of NGS-ED iteration
	effective electronic model is modified as: kinetic energy t = 0.87894, t' = -0.299164
	                                           effective interaction Vq = [      -6.05,  -0.106814,-0.00269014,  -0.106814,  -0.106814,-0.00275003, -0.0417791,-0.00275003,-0.00269014, -0.0417791,   -4.02963, -0.0417791,  -0.106814,-0.00275003, -0.0417791,-0.00275003]
	PARPACK diagonalization completed after 30 matrix-vector product operations.
	iteration results: : total energy is -43.008923 | electron energy -43.772641 + phonon energy 0.763719 | electron momentum kIdx = 10
The 9-th iteration is completed.	|| time cost : 0h 0m 0.972s
********************************************************************************************************************
Start the 10 rounds of NGS-ED iteration
	effective electronic model is modified as: kinetic energy t = 0.87874, t' = -0.299169
	                                           effective interaction Vq = [      -6.05,  -0.106453,-0.00268262,  -0.106453,  -0.106453,-0.00274256, -0.0416752,-0.00274256,-0.00268262, -0.0416752,   -4.02976, -0.0416752,  -0.106453,-0.00274256, -0.0416752,-0.00274256]
	PARPACK diagonalization completed after 30 matrix-vector product operations.
	iteration results: : total energy is -43.008926 | electron energy -43.771427 + phonon energy 0.762501 | electron momentum kIdx = 10
The 10-th iteration is completed.	|| time cost : 0h 0m 0.976s
********************************************************************************************************************
Start the 11 rounds of NGS-ED iteration
	effective electronic model is modified as: kinetic energy t = 0.878721, t' = -0.29917
	                                           effective interaction Vq = [      -6.05,  -0.106418, -0.0026819,  -0.106418,  -0.106418,-0.00274184, -0.0416652,-0.00274184, -0.0026819, -0.0416652,   -4.02977, -0.0416652,  -0.106418,-0.00274184, -0.0416652,-0.00274184]
	PARPACK diagonalization completed after 30 matrix-vector product operations.
	iteration results: : total energy is -43.008926 | electron energy -43.771309 + phonon energy 0.762383 | electron momentum kIdx = 10
The 11-th iteration is completed.	|| time cost : 0h 0m 0.976s
********************************************************************************************************************
Start the 12 rounds of NGS-ED iteration
	effective electronic model is modified as: kinetic energy t = 0.878719, t' = -0.29917
	                                           effective interaction Vq = [      -6.05,  -0.106414,-0.00268183,  -0.106414,  -0.106414,-0.00274177, -0.0416642,-0.00274177,-0.00268183, -0.0416642,   -4.02977, -0.0416642,  -0.106414,-0.00274177, -0.0416642,-0.00274177]
	PARPACK diagonalization completed after 30 matrix-vector product operations.
	iteration results: : total energy is -43.008926 | electron energy -43.771298 + phonon energy 0.762372 | electron momentum kIdx = 10
The 12-th iteration is completed.	|| time cost : 0h 0m 0.968s
********************************************************************************************************************
Start the 13 rounds of NGS-ED iteration
	effective electronic model is modified as: kinetic energy t = 0.878719, t' = -0.29917
	                                           effective interaction Vq = [      -6.05,  -0.106414,-0.00268182,  -0.106414,  -0.106414,-0.00274176, -0.0416641,-0.00274176,-0.00268182, -0.0416641,   -4.02977, -0.0416641,  -0.106414,-0.00274176, -0.0416641,-0.00274176]
	PARPACK diagonalization completed after 30 matrix-vector product operations.
	iteration results: : total energy is -43.008926 | electron energy -43.771297 + phonon energy 0.762371 | electron momentum kIdx = 10
The 13-th iteration is completed.	|| time cost : 0h 0m 0.972s
********************************************************************************************************************
Start the 14 rounds of NGS-ED iteration
	effective electronic model is modified as: kinetic energy t = 0.878719, t' = -0.29917
	                                           effective interaction Vq = [      -6.05,  -0.106414,-0.00268182,  -0.106414,  -0.106414,-0.00274176, -0.0416641,-0.00274176,-0.00268182, -0.0416641,   -4.02977, -0.0416641,  -0.106414,-0.00274176, -0.0416641,-0.00274176]
	PARPACK diagonalization completed after 30 matrix-vector product operations.
	iteration results: : total energy is -43.008926 | electron energy -43.771297 + phonon energy 0.762371 | electron momentum kIdx = 10
The 14-th iteration is completed.	|| time cost : 0h 0m 0.974s
********************************************************************************************************************
Start the 15 rounds of NGS-ED iteration
	effective electronic model is modified as: kinetic energy t = 0.878719, t' = -0.29917
	                                           effective interaction Vq = [      -6.05,  -0.106414,-0.00268182,  -0.106414,  -0.106414,-0.00274176, -0.0416641,-0.00274176,-0.00268182, -0.0416641,   -4.02977, -0.0416641,  -0.106414,-0.00274176, -0.0416641,-0.00274176]
	PARPACK diagonalization completed after 30 matrix-vector product operations.
	iteration results: : total energy is -43.008926 | electron energy -43.771297 + phonon energy 0.762371 | electron momentum kIdx = 10
	Nq(0) = 4,	Nq(1) = 0.0320736,	Nq(2) = 0.0588827,	Nq(3) = 0.0320736,	Nq(4) = 0.0320736,	Nq(5) = 0.0601907,	
	Nq(6) = 0.0841359,	Nq(7) = 0.0601907,	Nq(8) = 0.0588827,	Nq(9) = 0.0841359,	Nq(10) = 3.21966,	
	Nq(11) = 0.0841359,	Nq(12) = 0.0320736,	Nq(13) = 0.0601907,	Nq(14) = 0.0841359,	Nq(15) = 0.0601907;	
	Sq(0) = 1.28137e-19,	Sq(1) = 0.34097,	Sq(2) = 0.0587073,	Sq(3) = 0.34097,	Sq(4) = 0.34097,	
	Sq(5) = 1.2292,	Sq(6) = 0.362742,	Sq(7) = 1.2292,	Sq(8) = 0.0587073,	Sq(9) = 0.362742,	
	Sq(10) = 0.107907,	Sq(11) = 0.362742,	Sq(12) = 0.34097,	Sq(13) = 1.2292,	Sq(14) = 0.362742,	
	Sq(15) = 1.2292;	N(0) = 1.08213,	N(1) = 0.745001,	N(2) = 0.617197,	N(3) = 0.745001,	
	N(4) = 0.745001,	N(5) = 0.384212,	N(6) = 0.255064,	N(7) = 0.384212,	N(8) = 0.617197,	
	N(9) = 0.255064,	N(10) = 0.14637,	N(11) = 0.255064,	N(12) = 0.745001,	N(13) = 0.384212,	
	N(14) = 0.255064,	N(15) = 0.384212;	Delta[s](0) = 0.00311577,	Delta[s](1) = 0.00161094,	Delta[s](2) = 0.00222866,	
	Delta[s](3) = 0.00161094,	Delta[s](4) = 0.00161094,	Delta[s](5) = 0.000274469,	Delta[s](6) = 0.00104757,	Delta[s](7) = 0.000274469,	
	Delta[s](8) = 0.00222866,	Delta[s](9) = 0.00104757,	Delta[s](10) = 0.00220825,	Delta[s](11) = 0.00104757,	Delta[s](12) = 0.00161094,	
	Delta[s](13) = 0.000274469,	Delta[s](14) = 0.00104757,	Delta[s](15) = 0.000274469;	Delta[d](0) = 0.0458139,	Delta[d](1) = 0.026908,	
	Delta[d](2) = 0.0315788,	Delta[d](3) = 0.026908,	Delta[d](4) = 0.026908,	Delta[d](5) = 0.00501858,	Delta[d](6) = 0.00537487,	
	Delta[d](7) = 0.00501858,	Delta[d](8) = 0.0315788,	Delta[d](9) = 0.00537487,	Delta[d](10) = 0.000230304,	Delta[d](11) = 0.00537487,	
	Delta[d](12) = 0.026908,	Delta[d](13) = 0.00501858,	Delta[d](14) = 0.00537487,	Delta[d](15) = 0.00501858;	Delta[s+](0) = 0.0645288,	
	Delta[s+](1) = 0.0378493,	Delta[s+](2) = 0.0315788,	Delta[s+](3) = 0.0378493,	Delta[s+](4) = 0.0378493,	Delta[s+](5) = 0.00967757,	
	Delta[s+](6) = 0.00334281,	Delta[s+](7) = 0.00967757,	Delta[s+](8) = 0.0315788,	Delta[s+](9) = 0.00334281,	Delta[s+](10) = 4.29962e-05,	
	Delta[s+](11) = 0.00334281,	Delta[s+](12) = 0.0378493,	Delta[s+](13) = 0.00967757,	Delta[s+](14) = 0.00334281,	Delta[s+](15) = 0.00967757
	
The 15-th iteration is completed.	|| time cost : 0h 0m 3.156s
********************************************************************************************************************
********************************************************************************************************************
Ground state is obtained after 16 iterations. The current ground-state energy is -43.0089, in which electron energy is -43.7713 and phonon energy is 0.762371
Final variational state is: 
	Gamma_x = [      1,1.01695,1.00078,1.01695,1.01695,1.00081,1.01744,1.00081,1.00078,1.01744,17.1869,1.01744,1.01695,1.00081,1.01744,1.00081]
	lambda_q = [       5.5, 0.0900292, 0.0135939, 0.0900292, 0.0900292, 0.0139021,-0.0527765, 0.0139021, 0.0135939,-0.0527765,  -4.18197,-0.0527765, 0.0900292, 0.0139021,-0.0527765, 0.0139021]
Effective e-e interactions mediated by phonons are:
	momentum-space Vq = [      -6.05,  -0.106414,-0.00268182,  -0.106414,  -0.106414,-0.00274176, -0.0416641,-0.00274176,-0.00268182, -0.0416641,   -4.02977, -0.0416641,  -0.106414,-0.00274176, -0.0416641,-0.00274176]
	real-space Vr = [-0.668026,-0.134358,-0.629635,-0.134358,-0.134358, -0.62965,-0.118171, -0.62965,-0.629635,-0.118171,-0.593987,-0.118171,-0.134358, -0.62965,-0.118171, -0.62965]
********************************************************************************************************************
o___o  ----------------------------------------
| L |	Time since last clock: 0h 0m 0.069s
A===A	Time since the beginning: 0h 0m 25.595s
***********************************************


Non-Gaussina ED ground state calculation is completed. The final ground-state energy is -43.0089
********************************************************************************************************************
o___o  ----------------------------------------
| L |	Time since last clock: 0h 0m 0.003s
A===A	Time since the beginning: 0h 0m 25.598s
***********************************************



********************************************************************************************************************
All non-Gaussian ED ground state calculations have been completed. Exit now.
