SNEDics v3.4 Non-Gaussian ED ground state program		Start at Tue Oct  1 23:14:37 2019

parallized on 16 MPI threads  * 8 OpenMP threads = 128 total threads.
********************************************************************************************************************
********************************************************************************************************************

********************************************************************************************************************
System parameters and configurations
********************************************************************************************************************
Special program options are enabled: splitted diagonal Hamiltonian
********************************************************************************************************************
Read input file "model_params.in"
	Hubbard-Holstein model parameters : 	t = 1    U = 4.4    g = 3.7417    W = 5    
********************************************************************************************************************
Read input file "hilbertspace_params.in"
	Requested 16-site 2D lattice, with 16 electrons (8, 8)
	Boundary : Periodic		Hilbert space representation : momentum-space (restricted to kIdx = 10)
	Conservation: particle number[U(1)]      spin[U(1)]     momentum
********************************************************************************************************************

Cluster Positions:				Cluster symmetry group : D4
 x ... x ... x ... x .....                       x ... x ... x ... x .....
 |           |           :                       |           |           :
 |           |           :                       |           |           :
12    13    14    15     x                       1     5     6     5     x
 |           |           :                       |           |           :
 |           |           :                       |           |           :
 8 --- 9 ---10 ---11 --- x                       2 --- 6 ---10 --- 6 --- x
 |           |           :                       |           |           :
 |           |           :                       |           |           :
 4     5     6     7     x                       1     5     6     5     x
 |           |           :                       |           |           :
 |           |           :                       |           |           :
 0 --- 1 --- 2 --- 3 --- x                       0 --- 1 --- 2 --- 1 --- x
orbital number : 1
********************************************************************************************************************
Read input file "obs_params.in"
	Observable Type : Nq(All),   Sq(All),   N(All),   Delta[s](All),   Delta[d](All),   Delta[s+](All)
********************************************************************************************************************
** WARNING ** the input observables have non-local factors which have been reinterpreted. The total observable number is 96
********************************************************************************************************************


********************************************************************************************************************
Start calculating the non-Gaussian ED ground state
** WARNING ** Detected low phonon energy W < 10. The initial state will be prepared through a warm-up process.
********************************************************************************************************************
Start warm-up calculation for scaling factor 2
open output files: NGSEDWarmUpW10Obs.txt
********************************************************************************************************************
Start the 0 rounds of NGS-ED iteration
	effective electronic model is modified as: kinetic energy t = 1
	                                           effective interaction Vq = [-0,-0,-0,-0,-0,-0,-0,-0,-0,-0,-0,-0,-0,-0,-0,-0]
	first Hamiltonian is constructed, non-zero numbers = 2845334624
	PARPACK diagonalization completed after 90 matrix-vector product operations.
	iteration results: : total energy is -12.751540 | electron energy -12.751540 + phonon energy 0.000000 | electron momentum kIdx = 10
	Nq(0) = 16,	Nq(1) = 0.149789,	Nq(2) = 0.220717,	Nq(3) = 0.149789,	Nq(4) = 0.149789,	Nq(5) = 0.220717,	Nq(6) = 0.30034,	Nq(7) = 0.220717,	Nq(8) = 0.220717,	Nq(9) = 0.30034,	Nq(10) = 0.36247,	Nq(11) = 0.30034,	Nq(12) = 0.149789,	Nq(13) = 0.220717,	Nq(14) = 0.30034,	Nq(15) = 0.220717,	Sq(0) = 3.30073e-20,	Sq(1) = 0.305051,	Sq(2) = 0.416848,	Sq(3) = 0.305051,	Sq(4) = 0.305051,	Sq(5) = 0.416848,	Sq(6) = 0.62502,	Sq(7) = 0.416848,	Sq(8) = 0.416848,	Sq(9) = 0.62502,	Sq(10) = 6.29134,	Sq(11) = 0.62502,	Sq(12) = 0.305051,	Sq(13) = 0.416848,	Sq(14) = 0.62502,	Sq(15) = 0.416848,	N(0) = 1.91834,	N(1) = 1.8173,	N(2) = 1,	N(3) = 1.8173,	N(4) = 1.8173,	N(5) = 1,	N(6) = 0.182697,	N(7) = 1,	N(8) = 1,	N(9) = 0.182697,	N(10) = 0.0816587,	N(11) = 0.182697,	N(12) = 1.8173,	N(13) = 1,	N(14) = 0.182697,	N(15) = 1,	Delta[s](0) = 0.163416,	Delta[s](1) = 0.139967,	Delta[s](2) = 0.110022,	Delta[s](3) = 0.139967,	Delta[s](4) = 0.139967,	Delta[s](5) = 0.110022,	Delta[s](6) = 0.0832611,	Delta[s](7) = 0.110022,	Delta[s](8) = 0.110022,	Delta[s](9) = 0.0832611,	Delta[s](10) = 0.0271854,	Delta[s](11) = 0.0832611,	Delta[s](12) = 0.139967,	Delta[s](13) = 0.110022,	Delta[s](14) = 0.0832611,	Delta[s](15) = 0.110022,	Delta[d](0) = 0.520479,	Delta[d](1) = 0.395087,	Delta[d](2) = 0.333437,	Delta[d](3) = 0.395087,	Delta[d](4) = 0.395087,	Delta[d](5) = 0.37858,	Delta[d](6) = 0.309326,	Delta[d](7) = 0.37858,	Delta[d](8) = 0.333437,	Delta[d](9) = 0.309326,	Delta[d](10) = 0.250331,	Delta[d](11) = 0.309326,	Delta[d](12) = 0.395087,	Delta[d](13) = 0.37858,	Delta[d](14) = 0.309326,	Delta[d](15) = 0.37858,	Delta[s+](0) = 0.588999,	Delta[s+](1) = 0.484276,	Delta[s+](2) = 0.333437,	Delta[s+](3) = 0.484276,	Delta[s+](4) = 0.484276,	Delta[s+](5) = 0.333437,	Delta[s+](6) = 0.187454,	Delta[s+](7) = 0.333437,	Delta[s+](8) = 0.333437,	Delta[s+](9) = 0.187454,	Delta[s+](10) = 0.0722494,	Delta[s+](11) = 0.187454,	Delta[s+](12) = 0.484276,	Delta[s+](13) = 0.333437,	Delta[s+](14) = 0.187454,	Delta[s+](15) = 0.333437
The 0-th iteration is completed.	|| time cost : 0h 8m 22.545s
********************************************************************************************************************
Start the 1 rounds of NGS-ED iteration
	effective electronic model is modified as: kinetic energy t = 0.931354
	                                           effective interaction Vq = [-2.42112,-2.20168,-2.12647,-2.20168,-2.20168,-2.12647,-2.09885,-2.12647,-2.12647,-2.09885,-2.06782,-2.09885,-2.20168,-2.12647,-2.09885,-2.12647]
	PARPACK diagonalization completed after 45 matrix-vector product operations.
	iteration results: : total energy is -60.593572 | electron energy -60.598002 + phonon energy 0.004430 | electron momentum kIdx = 10
The 1-th iteration is completed.	|| time cost : 0h 7m 31.454s
********************************************************************************************************************
Start the 2 rounds of NGS-ED iteration
	effective electronic model is modified as: kinetic energy t = 0.878673
	                                           effective interaction Vq = [-2.74878,-2.63174,-2.51588,-2.63174,-2.63174,-2.51588,-2.53147,-2.51588,-2.51588,-2.53147,-2.46447,-2.53147,-2.63174,-2.51588,-2.53147,-2.51588]
	PARPACK diagonalization completed after 45 matrix-vector product operations.
	iteration results: : total energy is -67.956361 | electron energy -67.992822 + phonon energy 0.036461 | electron momentum kIdx = 10
The 2-th iteration is completed.	|| time cost : 0h 0m 32.044s
********************************************************************************************************************
Start the 3 rounds of NGS-ED iteration
	effective electronic model is modified as: kinetic energy t = 0.850783
	                                           effective interaction Vq = [-2.79312,-2.72181,-2.68265,-2.72181,-2.72181,-2.68265,-2.63834,-2.68265,-2.68265,-2.63834,-2.56532,-2.63834,-2.72181,-2.68265,-2.63834,-2.68265]
	PARPACK diagonalization completed after 30 matrix-vector product operations.
	iteration results: : total energy is -69.150174 | electron energy -69.217141 + phonon energy 0.066967 | electron momentum kIdx = 10
The 3-th iteration is completed.	|| time cost : 0h 0m 27.329s
********************************************************************************************************************
Start the 4 rounds of NGS-ED iteration
	effective electronic model is modified as: kinetic energy t = 0.840787
	                                           effective interaction Vq = [-2.79912,-2.74426,-2.72467,-2.74426,-2.74426,-2.72467,-2.66827,-2.72467,-2.72467,-2.66827,-2.59488,-2.66827,-2.74426,-2.72467,-2.66827,-2.72467]
	PARPACK diagonalization completed after 30 matrix-vector product operations.
	iteration results: : total energy is -69.306624 | electron energy -69.389467 + phonon energy 0.082843 | electron momentum kIdx = 10
The 4-th iteration is completed.	|| time cost : 0h 0m 27.318s
********************************************************************************************************************
Start the 5 rounds of NGS-ED iteration
	effective electronic model is modified as: kinetic energy t = 0.837325
	                                           effective interaction Vq = [-2.79994, -2.7509,-2.73714, -2.7509, -2.7509,-2.73714,-2.67776,-2.73714,-2.73714,-2.67776,-2.60446,-2.67776, -2.7509,-2.73714,-2.67776,-2.73714]
	PARPACK diagonalization completed after 120 matrix-vector product operations.
	iteration results: : total energy is -69.647830 | electron energy -69.736992 + phonon energy 0.089162 | electron momentum kIdx = 10
The 5-th iteration is completed.	|| time cost : 0h 0m 55.703s
********************************************************************************************************************
Start the 6 rounds of NGS-ED iteration
	effective electronic model is modified as: kinetic energy t = 0.83367
	                                           effective interaction Vq = [-2.80005,-2.74946,-2.74804,-2.74946,-2.74946,-2.74804,-2.67518,-2.74804,-2.74804,-2.67518,-2.67769,-2.67518,-2.74946,-2.74804,-2.67518,-2.74804]
	PARPACK diagonalization completed after 45 matrix-vector product operations.
	iteration results: : total energy is -69.677014 | electron energy -69.770999 + phonon energy 0.093984 | electron momentum kIdx = 10
The 6-th iteration is completed.	|| time cost : 0h 0m 32.289s
********************************************************************************************************************
Start the 7 rounds of NGS-ED iteration
	effective electronic model is modified as: kinetic energy t = 0.832044
	                                           effective interaction Vq = [-2.80006,-2.74936,-2.75014,-2.74936,-2.74936,-2.75014,-2.67486,-2.75014,-2.75014,-2.67486,-2.71269,-2.67486,-2.74936,-2.75014,-2.67486,-2.75014]
	PARPACK diagonalization completed after 45 matrix-vector product operations.
	iteration results: : total energy is -69.693631 | electron energy -69.790803 + phonon energy 0.097172 | electron momentum kIdx = 10
The 7-th iteration is completed.	|| time cost : 0h 0m 32.046s
********************************************************************************************************************
Start the 8 rounds of NGS-ED iteration
	effective electronic model is modified as: kinetic energy t = 0.831581
	                                           effective interaction Vq = [-2.80006,-2.74983,-2.73944,-2.74983,-2.74983,-2.73944,-2.67575,-2.73944,-2.73944,-2.67575,-2.75702,-2.67575,-2.74983,-2.73944,-2.67575,-2.73944]
	PARPACK diagonalization completed after 45 matrix-vector product operations.
	iteration results: : total energy is -69.798883 | electron energy -69.898435 + phonon energy 0.099551 | electron momentum kIdx = 10
The 8-th iteration is completed.	|| time cost : 0h 0m 32.297s
********************************************************************************************************************
Start the 9 rounds of NGS-ED iteration
	effective electronic model is modified as: kinetic energy t = 0.838588
	                                           effective interaction Vq = [-2.80006,-2.74529,-2.67903,-2.74529,-2.74529,-2.67903,-2.66938,-2.67903,-2.67903,-2.66938,-2.78387,-2.66938,-2.74529,-2.67903,-2.66938,-2.67903]
	PARPACK diagonalization completed after 30 matrix-vector product operations.
	iteration results: : total energy is -69.913745 | electron energy -70.011464 + phonon energy 0.097719 | electron momentum kIdx = 10
The 9-th iteration is completed.	|| time cost : 0h 0m 27.316s
********************************************************************************************************************
Start the 10 rounds of NGS-ED iteration
	effective electronic model is modified as: kinetic energy t = 0.841775
	                                           effective interaction Vq = [-2.80006,-2.74076,-2.64922,-2.74076,-2.74076,-2.64922,-2.66321,-2.64922,-2.64922,-2.66321,-2.79049,-2.66321,-2.74076,-2.64922,-2.66321,-2.64922]
	PARPACK diagonalization completed after 30 matrix-vector product operations.
	iteration results: : total energy is -69.930694 | electron energy -70.026520 + phonon energy 0.095826 | electron momentum kIdx = 10
	Nq(0) = 16,	Nq(1) = 0.343704,	Nq(2) = 0.371435,	Nq(3) = 0.343704,	Nq(4) = 0.343704,	Nq(5) = 0.371435,	Nq(6) = 0.605876,	Nq(7) = 0.371435,	Nq(8) = 0.371435,	Nq(9) = 0.605876,	Nq(10) = 4.26158,	Nq(11) = 0.605876,	Nq(12) = 0.343704,	Nq(13) = 0.371435,	Nq(14) = 0.605876,	Nq(15) = 0.371435,	Sq(0) = 3.76236e-18,	Sq(1) = 0.282858,	Sq(2) = 0.335162,	Sq(3) = 0.282858,	Sq(4) = 0.282858,	Sq(5) = 0.335162,	Sq(6) = 0.502541,	Sq(7) = 0.335162,	Sq(8) = 0.335162,	Sq(9) = 0.502541,	Sq(10) = 0.558922,	Sq(11) = 0.502541,	Sq(12) = 0.282858,	Sq(13) = 0.335162,	Sq(14) = 0.502541,	Sq(15) = 0.335162,	N(0) = 1.99173,	N(1) = 1.97735,	N(2) = 1,	N(3) = 1.97735,	N(4) = 1.97735,	N(5) = 1,	N(6) = 0.0226458,	N(7) = 1,	N(8) = 1,	N(9) = 0.0226458,	N(10) = 0.00827215,	N(11) = 0.0226458,	N(12) = 1.97735,	N(13) = 1,	N(14) = 0.0226458,	N(15) = 1,	Delta[s](0) = 0.463723,	Delta[s](1) = 0.342401,	Delta[s](2) = 0.330929,	Delta[s](3) = 0.342401,	Delta[s](4) = 0.342401,	Delta[s](5) = 0.330929,	Delta[s](6) = 0.269908,	Delta[s](7) = 0.330929,	Delta[s](8) = 0.330929,	Delta[s](9) = 0.269908,	Delta[s](10) = 0.245722,	Delta[s](11) = 0.269908,	Delta[s](12) = 0.342401,	Delta[s](13) = 0.330929,	Delta[s](14) = 0.269908,	Delta[s](15) = 0.330929,	Delta[d](0) = 0.232442,	Delta[d](1) = 0.231756,	Delta[d](2) = 0.226438,	Delta[d](3) = 0.231756,	Delta[d](4) = 0.231756,	Delta[d](5) = 0.144483,	Delta[d](6) = 0.187716,	Delta[d](7) = 0.144483,	Delta[d](8) = 0.226438,	Delta[d](9) = 0.187716,	Delta[d](10) = 0.0564711,	Delta[d](11) = 0.187716,	Delta[d](12) = 0.231756,	Delta[d](13) = 0.144483,	Delta[d](14) = 0.187716,	Delta[d](15) = 0.144483,	Delta[s+](0) = 0.43891,	Delta[s+](1) = 0.350242,	Delta[s+](2) = 0.226438,	Delta[s+](3) = 0.350242,	Delta[s+](4) = 0.350242,	Delta[s+](5) = 0.226438,	Delta[s+](6) = 0.100776,	Delta[s+](7) = 0.226438,	Delta[s+](8) = 0.226438,	Delta[s+](9) = 0.100776,	Delta[s+](10) = 0.0307997,	Delta[s+](11) = 0.100776,	Delta[s+](12) = 0.350242,	Delta[s+](13) = 0.226438,	Delta[s+](14) = 0.100776,	Delta[s+](15) = 0.226438
The 10-th iteration is completed.	|| time cost : 0h 4m 34.619s
********************************************************************************************************************
Start the 11 rounds of NGS-ED iteration
	effective electronic model is modified as: kinetic energy t = 0.842987
	                                           effective interaction Vq = [-2.80006, -2.7383,-2.63829, -2.7383, -2.7383,-2.63829,-2.65998,-2.63829,-2.63829,-2.65998,-2.79239,-2.65998, -2.7383,-2.63829,-2.65998,-2.63829]
	PARPACK diagonalization completed after 30 matrix-vector product operations.
	iteration results: : total energy is -69.932826 | electron energy -70.027712 + phonon energy 0.094886 | electron momentum kIdx = 10
The 11-th iteration is completed.	|| time cost : 0h 0m 27.642s
********************************************************************************************************************
Start the 12 rounds of NGS-ED iteration
	effective electronic model is modified as: kinetic energy t = 0.843449
	                                           effective interaction Vq = [-2.80006,-2.73716,-2.63446,-2.73716,-2.73716,-2.63446,-2.65849,-2.63446,-2.63446,-2.65849,  -2.793,-2.65849,-2.73716,-2.63446,-2.65849,-2.63446]
	PARPACK diagonalization completed after 30 matrix-vector product operations.
	iteration results: : total energy is -69.933096 | electron energy -70.027571 + phonon energy 0.094474 | electron momentum kIdx = 10
The 12-th iteration is completed.	|| time cost : 0h 0m 27.249s
********************************************************************************************************************
Start the 13 rounds of NGS-ED iteration
	effective electronic model is modified as: kinetic energy t = 0.843625
	                                           effective interaction Vq = [-2.80006,-2.73667,-2.63314,-2.73667,-2.73667,-2.63314,-2.65785,-2.63314,-2.63314,-2.65785,-2.79321,-2.65785,-2.73667,-2.63314,-2.65785,-2.63314]
	PARPACK diagonalization completed after 30 matrix-vector product operations.
	iteration results: : total energy is -69.933131 | electron energy -70.027432 + phonon energy 0.094300 | electron momentum kIdx = 10
The 13-th iteration is completed.	|| time cost : 0h 0m 27.271s
********************************************************************************************************************
Start the 14 rounds of NGS-ED iteration
	effective electronic model is modified as: kinetic energy t = 0.843692
	                                           effective interaction Vq = [-2.80006,-2.73646,-2.63268,-2.73646,-2.73646,-2.63268,-2.65757,-2.63268,-2.63268,-2.65757,-2.79328,-2.65757,-2.73646,-2.63268,-2.65757,-2.63268]
	PARPACK diagonalization completed after 30 matrix-vector product operations.
	iteration results: : total energy is -69.933136 | electron energy -70.027364 + phonon energy 0.094228 | electron momentum kIdx = 10
	Nq(0) = 16,	Nq(1) = 0.341213,	Nq(2) = 0.36922,	Nq(3) = 0.341213,	Nq(4) = 0.341213,	Nq(5) = 0.36922,	Nq(6) = 0.602764,	Nq(7) = 0.36922,	Nq(8) = 0.36922,	Nq(9) = 0.602764,	Nq(10) = 4.30294,	Nq(11) = 0.602764,	Nq(12) = 0.341213,	Nq(13) = 0.36922,	Nq(14) = 0.602764,	Nq(15) = 0.36922,	Sq(0) = 1.18274e-18,	Sq(1) = 0.282121,	Sq(2) = 0.334878,	Sq(3) = 0.282121,	Sq(4) = 0.282121,	Sq(5) = 0.334878,	Sq(6) = 0.502187,	Sq(7) = 0.334878,	Sq(8) = 0.334878,	Sq(9) = 0.502187,	Sq(10) = 0.559338,	Sq(11) = 0.502187,	Sq(12) = 0.282121,	Sq(13) = 0.334878,	Sq(14) = 0.502187,	Sq(15) = 0.334878,	N(0) = 1.99157,	N(1) = 1.97688,	N(2) = 1,	N(3) = 1.97688,	N(4) = 1.97688,	N(5) = 1,	N(6) = 0.0231222,	N(7) = 1,	N(8) = 1,	N(9) = 0.0231222,	N(10) = 0.00843466,	N(11) = 0.0231222,	N(12) = 1.97688,	N(13) = 1,	N(14) = 0.0231222,	N(15) = 1,	Delta[s](0) = 0.461589,	Delta[s](1) = 0.342739,	Delta[s](2) = 0.331082,	Delta[s](3) = 0.342739,	Delta[s](4) = 0.342739,	Delta[s](5) = 0.331082,	Delta[s](6) = 0.270321,	Delta[s](7) = 0.331082,	Delta[s](8) = 0.331082,	Delta[s](9) = 0.270321,	Delta[s](10) = 0.246761,	Delta[s](11) = 0.270321,	Delta[s](12) = 0.342739,	Delta[s](13) = 0.331082,	Delta[s](14) = 0.270321,	Delta[s](15) = 0.331082,	Delta[d](0) = 0.231789,	Delta[d](1) = 0.230836,	Delta[d](2) = 0.225907,	Delta[d](3) = 0.230836,	Delta[d](4) = 0.230836,	Delta[d](5) = 0.143799,	Delta[d](6) = 0.18674,	Delta[d](7) = 0.143799,	Delta[d](8) = 0.225907,	Delta[d](9) = 0.18674,	Delta[d](10) = 0.0557551,	Delta[d](11) = 0.18674,	Delta[d](12) = 0.230836,	Delta[d](13) = 0.143799,	Delta[d](14) = 0.18674,	Delta[d](15) = 0.143799,	Delta[s+](0) = 0.439003,	Delta[s+](1) = 0.349866,	Delta[s+](2) = 0.225907,	Delta[s+](3) = 0.349866,	Delta[s+](4) = 0.349866,	Delta[s+](5) = 0.225907,	Delta[s+](6) = 0.10013,	Delta[s+](7) = 0.225907,	Delta[s+](8) = 0.225907,	Delta[s+](9) = 0.10013,	Delta[s+](10) = 0.0304161,	Delta[s+](11) = 0.10013,	Delta[s+](12) = 0.349866,	Delta[s+](13) = 0.225907,	Delta[s+](14) = 0.10013,	Delta[s+](15) = 0.225907
The 14-th iteration is completed.	|| time cost : 0h 4m 39.195s
********************************************************************************************************************
********************************************************************************************************************
Ground state is obtained after 15 iterations. The current ground-state energy is -69.9331, in which electron energy is -70.0274 and phonon energy is 0.0942283
final variational state is: 
	Gamma_x = [      1,1.02478,1.03895,1.02478,1.02478,1.03895,1.06074,1.03895,1.03895,1.06074,1.11876,1.06074,1.02478,1.03895,1.06074,1.03895]
	lambda_q = [0.529156,0.449349,0.399716,0.449349,0.449349,0.399716,0.409741,0.399716,0.399716,0.409741, 0.50316,0.409741,0.449349,0.399716,0.409741,0.399716]
********************************************************************************************************************
o___o  ----------------------------------------
| L |	Time since last clock: 0h 0m 0s
A===A	Time since the beginning: 0h 30m 56.325s
***********************************************


********************************************************************************************************************
Warm up runs have been completed. Start calculating W = 5 phonon.
open output files: NGSEDIterationObs.txt
********************************************************************************************************************
Start the 0 rounds of NGS-ED iteration
	effective electronic model is modified as: kinetic energy t = 0.843718
	                                           effective interaction Vq = [-2.55986,-2.35308,-2.19237,-2.35308,-2.35308,-2.19237,-2.22682,-2.19237,-2.19237,-2.22682, -2.4995,-2.22682,-2.35308,-2.19237,-2.22682,-2.19237]
	PARPACK diagonalization completed after 45 matrix-vector product operations.
	iteration results: : total energy is -62.435819 | electron energy -62.482918 + phonon energy 0.047100 | electron momentum kIdx = 10
	Nq(0) = 16,	Nq(1) = 0.337063,	Nq(2) = 0.356617,	Nq(3) = 0.337063,	Nq(4) = 0.337063,	Nq(5) = 0.356617,	Nq(6) = 0.569571,	Nq(7) = 0.356617,	Nq(8) = 0.356617,	Nq(9) = 0.569571,	Nq(10) = 3.95147,	Nq(11) = 0.569571,	Nq(12) = 0.337063,	Nq(13) = 0.356617,	Nq(14) = 0.569571,	Nq(15) = 0.356617,	Sq(0) = -2.99828e-18,	Sq(1) = 0.319275,	Sq(2) = 0.357141,	Sq(3) = 0.319275,	Sq(4) = 0.319275,	Sq(5) = 0.357141,	Sq(6) = 0.563619,	Sq(7) = 0.357141,	Sq(8) = 0.357141,	Sq(9) = 0.563619,	Sq(10) = 0.607872,	Sq(11) = 0.563619,	Sq(12) = 0.319275,	Sq(13) = 0.357141,	Sq(14) = 0.563619,	Sq(15) = 0.357141,	N(0) = 1.99663,	N(1) = 1.98993,	N(2) = 1,	N(3) = 1.98993,	N(4) = 1.98993,	N(5) = 1,	N(6) = 0.0100682,	N(7) = 1,	N(8) = 1,	N(9) = 0.0100682,	N(10) = 0.00336556,	N(11) = 0.0100682,	N(12) = 1.98993,	N(13) = 1,	N(14) = 0.0100682,	N(15) = 1,	Delta[s](0) = 0.397346,	Delta[s](1) = 0.32099,	Delta[s](2) = 0.312095,	Delta[s](3) = 0.32099,	Delta[s](4) = 0.32099,	Delta[s](5) = 0.312095,	Delta[s](6) = 0.263076,	Delta[s](7) = 0.312095,	Delta[s](8) = 0.312095,	Delta[s](9) = 0.263076,	Delta[s](10) = 0.252669,	Delta[s](11) = 0.263076,	Delta[s](12) = 0.32099,	Delta[s](13) = 0.312095,	Delta[s](14) = 0.263076,	Delta[s](15) = 0.312095,	Delta[d](0) = 0.239916,	Delta[d](1) = 0.245101,	Delta[d](2) = 0.241176,	Delta[d](3) = 0.245101,	Delta[d](4) = 0.245101,	Delta[d](5) = 0.152171,	Delta[d](6) = 0.199809,	Delta[d](7) = 0.152171,	Delta[d](8) = 0.241176,	Delta[d](9) = 0.199809,	Delta[d](10) = 0.0644264,	Delta[d](11) = 0.199809,	Delta[d](12) = 0.245101,	Delta[d](13) = 0.152171,	Delta[d](14) = 0.199809,	Delta[d](15) = 0.152171,	Delta[s+](0) = 0.473819,	Delta[s+](1) = 0.37321,	Delta[s+](2) = 0.241176,	Delta[s+](3) = 0.37321,	Delta[s+](4) = 0.37321,	Delta[s+](5) = 0.241176,	Delta[s+](6) = 0.108843,	Delta[s+](7) = 0.241176,	Delta[s+](8) = 0.241176,	Delta[s+](9) = 0.108843,	Delta[s+](10) = 0.0350831,	Delta[s+](11) = 0.108843,	Delta[s+](12) = 0.37321,	Delta[s+](13) = 0.241176,	Delta[s+](14) = 0.108843,	Delta[s+](15) = 0.241176
The 0-th iteration is completed.	|| time cost : 0h 4m 34.834s
********************************************************************************************************************
Start the 1 rounds of NGS-ED iteration
	effective electronic model is modified as: kinetic energy t = 0.821267
	                                           effective interaction Vq = [ -2.7117,-2.49552,-2.29422,-2.49552,-2.49552,-2.29422,-2.33667,-2.29422,-2.29422,-2.33667,-2.66851,-2.33667,-2.49552,-2.29422,-2.33667,-2.29422]
	PARPACK diagonalization completed after 30 matrix-vector product operations.
	iteration results: : total energy is -65.604186 | electron energy -65.749646 + phonon energy 0.145460 | electron momentum kIdx = 10
The 1-th iteration is completed.	|| time cost : 0h 0m 27.311s
********************************************************************************************************************
Start the 2 rounds of NGS-ED iteration
	effective electronic model is modified as: kinetic energy t = 0.809481
	                                           effective interaction Vq = [-2.76756, -2.5529,-2.34139, -2.5529, -2.5529,-2.34139, -2.3852,-2.34139,-2.34139, -2.3852,-2.73955, -2.3852, -2.5529,-2.34139, -2.3852,-2.34139]
	PARPACK diagonalization completed after 30 matrix-vector product operations.
	iteration results: : total energy is -66.763373 | electron energy -66.980272 + phonon energy 0.216899 | electron momentum kIdx = 10
The 2-th iteration is completed.	|| time cost : 0h 0m 27.634s
********************************************************************************************************************
Start the 3 rounds of NGS-ED iteration
	effective electronic model is modified as: kinetic energy t = 0.803637
	                                           effective interaction Vq = [ -2.7881,-2.57652, -2.3633,-2.57652,-2.57652, -2.3633,-2.40641, -2.3633, -2.3633,-2.40641,-2.76819,-2.40641,-2.57652, -2.3633,-2.40641, -2.3633]
	PARPACK diagonalization completed after 30 matrix-vector product operations.
	iteration results: : total energy is -67.176086 | electron energy -67.434998 + phonon energy 0.258912 | electron momentum kIdx = 10
The 3-th iteration is completed.	|| time cost : 0h 0m 27.263s
********************************************************************************************************************
Start the 4 rounds of NGS-ED iteration
	effective electronic model is modified as: kinetic energy t = 0.800763
	                                           effective interaction Vq = [-2.79566,-2.58668,-2.37378,-2.58668,-2.58668,-2.37378,-2.41596,-2.37378,-2.37378,-2.41596,-2.78002,-2.41596,-2.58668,-2.37378,-2.41596,-2.37378]
	PARPACK diagonalization completed after 30 matrix-vector product operations.
	iteration results: : total energy is -67.321417 | electron energy -67.603285 + phonon energy 0.281868 | electron momentum kIdx = 10
The 4-th iteration is completed.	|| time cost : 0h 0m 27.441s
********************************************************************************************************************
Start the 5 rounds of NGS-ED iteration
	effective electronic model is modified as: kinetic energy t = 0.799338
	                                           effective interaction Vq = [-2.79845,-2.59124,-2.37895,-2.59124,-2.59124,-2.37895,-2.42044,-2.37895,-2.37895,-2.42044,-2.78519,-2.42044,-2.59124,-2.37895,-2.42044,-2.37895]
	PARPACK diagonalization completed after 30 matrix-vector product operations.
	iteration results: : total energy is -67.372649 | electron energy -67.666659 + phonon energy 0.294010 | electron momentum kIdx = 10
The 5-th iteration is completed.	|| time cost : 0h 0m 27.693s
********************************************************************************************************************
Start the 6 rounds of NGS-ED iteration
	effective electronic model is modified as: kinetic energy t = 0.798626
	                                           effective interaction Vq = [-2.79947,-2.59334,-2.38155,-2.59334,-2.59334,-2.38155,-2.42259,-2.38155,-2.38155,-2.42259,-2.78757,-2.42259,-2.59334,-2.38155,-2.42259,-2.38155]
	PARPACK diagonalization completed after 30 matrix-vector product operations.
	iteration results: : total energy is -67.390828 | electron energy -67.691145 + phonon energy 0.300318 | electron momentum kIdx = 10
The 6-th iteration is completed.	|| time cost : 0h 0m 27.267s
********************************************************************************************************************
Start the 7 rounds of NGS-ED iteration
	effective electronic model is modified as: kinetic energy t = 0.798269
	                                           effective interaction Vq = [-2.79984,-2.59432,-2.38287,-2.59432,-2.59432,-2.38287,-2.42364,-2.38287,-2.38287,-2.42364,-2.78872,-2.42364,-2.59432,-2.38287,-2.42364,-2.38287]
	PARPACK diagonalization completed after 30 matrix-vector product operations.
	iteration results: : total energy is -67.397329 | electron energy -67.700887 + phonon energy 0.303558 | electron momentum kIdx = 10
The 7-th iteration is completed.	|| time cost : 0h 0m 27.622s
********************************************************************************************************************
Start the 8 rounds of NGS-ED iteration
	effective electronic model is modified as: kinetic energy t = 0.79809
	                                           effective interaction Vq = [-2.79998,-2.59478,-2.38355,-2.59478,-2.59478,-2.38355,-2.42415,-2.38355,-2.38355,-2.42415,-2.78929,-2.42415,-2.59478,-2.38355,-2.42415,-2.38355]
	PARPACK diagonalization completed after 30 matrix-vector product operations.
	iteration results: : total energy is -67.399670 | electron energy -67.704882 + phonon energy 0.305211 | electron momentum kIdx = 10
The 8-th iteration is completed.	|| time cost : 0h 0m 27.296s
********************************************************************************************************************
Start the 9 rounds of NGS-ED iteration
	effective electronic model is modified as: kinetic energy t = 0.798
	                                           effective interaction Vq = [-2.80003,-2.59499, -2.3839,-2.59499,-2.59499, -2.3839,-2.42439, -2.3839, -2.3839,-2.42439,-2.78958,-2.42439,-2.59499, -2.3839,-2.42439, -2.3839]
	PARPACK diagonalization completed after 30 matrix-vector product operations.
	iteration results: : total energy is -67.400518 | electron energy -67.706569 + phonon energy 0.306051 | electron momentum kIdx = 10
The 9-th iteration is completed.	|| time cost : 0h 0m 27.6s
********************************************************************************************************************
Start the 10 rounds of NGS-ED iteration
	effective electronic model is modified as: kinetic energy t = 0.797956
	                                           effective interaction Vq = [-2.80005,-2.59508,-2.38407,-2.59508,-2.59508,-2.38407,-2.42451,-2.38407,-2.38407,-2.42451,-2.78972,-2.42451,-2.59508,-2.38407,-2.42451,-2.38407]
	PARPACK diagonalization completed after 30 matrix-vector product operations.
	iteration results: : total energy is -67.400826 | electron energy -67.707302 + phonon energy 0.306476 | electron momentum kIdx = 10
	Nq(0) = 16,	Nq(1) = 0.292697,	Nq(2) = 0.337741,	Nq(3) = 0.292697,	Nq(4) = 0.292697,	Nq(5) = 0.337741,	Nq(6) = 0.524801,	Nq(7) = 0.337741,	Nq(8) = 0.337741,	Nq(9) = 0.524801,	Nq(10) = 5.21098,	Nq(11) = 0.524801,	Nq(12) = 0.292697,	Nq(13) = 0.337741,	Nq(14) = 0.524801,	Nq(15) = 0.337741,	Sq(0) = 5.71271e-19,	Sq(1) = 0.260829,	Sq(2) = 0.325129,	Sq(3) = 0.260829,	Sq(4) = 0.260829,	Sq(5) = 0.325129,	Sq(6) = 0.485569,	Sq(7) = 0.325129,	Sq(8) = 0.325129,	Sq(9) = 0.485569,	Sq(10) = 0.556224,	Sq(11) = 0.485569,	Sq(12) = 0.260829,	Sq(13) = 0.325129,	Sq(14) = 0.485569,	Sq(15) = 0.325129,	N(0) = 1.98629,	N(1) = 1.95795,	N(2) = 1,	N(3) = 1.95795,	N(4) = 1.95795,	N(5) = 1,	N(6) = 0.0420481,	N(7) = 1,	N(8) = 1,	N(9) = 0.0420481,	N(10) = 0.0137121,	N(11) = 0.0420481,	N(12) = 1.95795,	N(13) = 1,	N(14) = 0.0420481,	N(15) = 1,	Delta[s](0) = 0.414354,	Delta[s](1) = 0.347094,	Delta[s](2) = 0.333309,	Delta[s](3) = 0.347094,	Delta[s](4) = 0.347094,	Delta[s](5) = 0.333309,	Delta[s](6) = 0.293615,	Delta[s](7) = 0.333309,	Delta[s](8) = 0.333309,	Delta[s](9) = 0.293615,	Delta[s](10) = 0.276659,	Delta[s](11) = 0.293615,	Delta[s](12) = 0.347094,	Delta[s](13) = 0.333309,	Delta[s](14) = 0.293615,	Delta[s](15) = 0.333309,	Delta[d](0) = 0.227076,	Delta[d](1) = 0.220112,	Delta[d](2) = 0.226408,	Delta[d](3) = 0.220112,	Delta[d](4) = 0.220112,	Delta[d](5) = 0.146358,	Delta[d](6) = 0.177755,	Delta[d](7) = 0.146358,	Delta[d](8) = 0.226408,	Delta[d](9) = 0.177755,	Delta[d](10) = 0.0655858,	Delta[d](11) = 0.177755,	Delta[d](12) = 0.220112,	Delta[d](13) = 0.146358,	Delta[d](14) = 0.177755,	Delta[d](15) = 0.146358,	Delta[s+](0) = 0.451273,	Delta[s+](1) = 0.351059,	Delta[s+](2) = 0.226408,	Delta[s+](3) = 0.351059,	Delta[s+](4) = 0.351059,	Delta[s+](5) = 0.226408,	Delta[s+](6) = 0.100898,	Delta[s+](7) = 0.226408,	Delta[s+](8) = 0.226408,	Delta[s+](9) = 0.100898,	Delta[s+](10) = 0.0361756,	Delta[s+](11) = 0.100898,	Delta[s+](12) = 0.351059,	Delta[s+](13) = 0.226408,	Delta[s+](14) = 0.100898,	Delta[s+](15) = 0.226408
The 10-th iteration is completed.	|| time cost : 0h 4m 26.74s
********************************************************************************************************************
Start the 11 rounds of NGS-ED iteration
	effective electronic model is modified as: kinetic energy t = 0.797934
	                                           effective interaction Vq = [-2.80006,-2.59512,-2.38416,-2.59512,-2.59512,-2.38416,-2.42456,-2.38416,-2.38416,-2.42456, -2.7898,-2.42456,-2.59512,-2.38416,-2.42456,-2.38416]
	PARPACK diagonalization completed after 30 matrix-vector product operations.
	iteration results: : total energy is -67.400939 | electron energy -67.707629 + phonon energy 0.306690 | electron momentum kIdx = 10
The 11-th iteration is completed.	|| time cost : 0h 0m 27.672s
********************************************************************************************************************
Start the 12 rounds of NGS-ED iteration
	effective electronic model is modified as: kinetic energy t = 0.797923
	                                           effective interaction Vq = [-2.80006,-2.59514,-2.38421,-2.59514,-2.59514,-2.38421,-2.42458,-2.38421,-2.38421,-2.42458,-2.78984,-2.42458,-2.59514,-2.38421,-2.42458,-2.38421]
	PARPACK diagonalization completed after 30 matrix-vector product operations.
	iteration results: : total energy is -67.400980 | electron energy -67.707777 + phonon energy 0.306797 | electron momentum kIdx = 10
The 12-th iteration is completed.	|| time cost : 0h 0m 27.255s
********************************************************************************************************************
Start the 13 rounds of NGS-ED iteration
	effective electronic model is modified as: kinetic energy t = 0.797918
	                                           effective interaction Vq = [-2.80006,-2.59514,-2.38423,-2.59514,-2.59514,-2.38423,-2.42459,-2.38423,-2.38423,-2.42459,-2.78985,-2.42459,-2.59514,-2.38423,-2.42459,-2.38423]
	PARPACK diagonalization completed after 30 matrix-vector product operations.
	iteration results: : total energy is -67.400995 | electron energy -67.707846 + phonon energy 0.306851 | electron momentum kIdx = 10
The 13-th iteration is completed.	|| time cost : 0h 0m 27.299s
********************************************************************************************************************
Start the 14 rounds of NGS-ED iteration
	effective electronic model is modified as: kinetic energy t = 0.797916
	                                           effective interaction Vq = [-2.80006,-2.59514,-2.38424,-2.59514,-2.59514,-2.38424, -2.4246,-2.38424,-2.38424, -2.4246,-2.78986, -2.4246,-2.59514,-2.38424, -2.4246,-2.38424]
	PARPACK diagonalization completed after 30 matrix-vector product operations.
	iteration results: : total energy is -67.401001 | electron energy -67.707878 + phonon energy 0.306878 | electron momentum kIdx = 10
The 14-th iteration is completed.	|| time cost : 0h 0m 27.304s
********************************************************************************************************************
Start the 15 rounds of NGS-ED iteration
	effective electronic model is modified as: kinetic energy t = 0.797915
	                                           effective interaction Vq = [-2.80006,-2.59514,-2.38424,-2.59514,-2.59514,-2.38424, -2.4246,-2.38424,-2.38424, -2.4246,-2.78987, -2.4246,-2.59514,-2.38424, -2.4246,-2.38424]
	PARPACK diagonalization completed after 30 matrix-vector product operations.
	iteration results: : total energy is -67.401003 | electron energy -67.707894 + phonon energy 0.306891 | electron momentum kIdx = 10
The 15-th iteration is completed.	|| time cost : 0h 0m 27.592s
********************************************************************************************************************
Start the 16 rounds of NGS-ED iteration
	effective electronic model is modified as: kinetic energy t = 0.797915
	                                           effective interaction Vq = [-2.80006,-2.59514,-2.38425,-2.59514,-2.59514,-2.38425, -2.4246,-2.38425,-2.38425, -2.4246,-2.78987, -2.4246,-2.59514,-2.38425, -2.4246,-2.38425]
	PARPACK diagonalization completed after 30 matrix-vector product operations.
	iteration results: : total energy is -67.401004 | electron energy -67.707901 + phonon energy 0.306897 | electron momentum kIdx = 10
The 16-th iteration is completed.	|| time cost : 0h 0m 27.595s
********************************************************************************************************************
Start the 17 rounds of NGS-ED iteration
	effective electronic model is modified as: kinetic energy t = 0.797914
	                                           effective interaction Vq = [-2.80006,-2.59514,-2.38425,-2.59514,-2.59514,-2.38425, -2.4246,-2.38425,-2.38425, -2.4246,-2.78987, -2.4246,-2.59514,-2.38425, -2.4246,-2.38425]
	PARPACK diagonalization completed after 30 matrix-vector product operations.
	iteration results: : total energy is -67.401004 | electron energy -67.707904 + phonon energy 0.306900 | electron momentum kIdx = 10
The 17-th iteration is completed.	|| time cost : 0h 0m 27.639s
********************************************************************************************************************
Start the 18 rounds of NGS-ED iteration
	effective electronic model is modified as: kinetic energy t = 0.797914
	                                           effective interaction Vq = [-2.80006,-2.59514,-2.38425,-2.59514,-2.59514,-2.38425, -2.4246,-2.38425,-2.38425, -2.4246,-2.78987, -2.4246,-2.59514,-2.38425, -2.4246,-2.38425]
	PARPACK diagonalization completed after 30 matrix-vector product operations.
	iteration results: : total energy is -67.401004 | electron energy -67.707906 + phonon energy 0.306902 | electron momentum kIdx = 10
The 18-th iteration is completed.	|| time cost : 0h 0m 27.582s
********************************************************************************************************************
Start the 19 rounds of NGS-ED iteration
	effective electronic model is modified as: kinetic energy t = 0.797914
	                                           effective interaction Vq = [-2.80006,-2.59514,-2.38425,-2.59514,-2.59514,-2.38425, -2.4246,-2.38425,-2.38425, -2.4246,-2.78987, -2.4246,-2.59514,-2.38425, -2.4246,-2.38425]
	PARPACK diagonalization completed after 30 matrix-vector product operations.
	iteration results: : total energy is -67.401004 | electron energy -67.707906 + phonon energy 0.306902 | electron momentum kIdx = 10
The 19-th iteration is completed.	|| time cost : 0h 0m 27.412s
