TACC:  Starting up job 1741851 
TACC:  Starting parallel tasks... 
SNEDics v3.4 Non-Gaussian ED ground state program		Start at Fri Oct  9 18:01:11 2020

parallized on 16 MPI threads  * 7 OpenMP threads = 112 total threads.
********************************************************************************************************************
********************************************************************************************************************

********************************************************************************************************************
System parameters and configurations
********************************************************************************************************************
Special program options are enabled: splitted diagonal Hamiltonian
********************************************************************************************************************
Read input file "model_params.in"
	Hubbard-Holstein model parameters : 	t = 1    U = 8    g = 0.1    W = 0.2    g' = 0.15    
********************************************************************************************************************
Read input file "hilbertspace_params.in"
	Requested 16-site 2D lattice, with 12 electrons (6, 6)
	Boundary : Periodic		Hilbert space representation : momentum-space (restricted to kIdx = 0)
	Conservation: particle number[U(1)]      spin[U(1)]     momentum
********************************************************************************************************************

Cluster Positions:				Cluster symmetry group : D4
 x ... x ... x ... x .....                       x ... x ... x ... x .....
 |           |           :                       |           |           :
 |           |           :                       |           |           :
12    13    14    15     x                       1     5     6     5     x
 |           |           :                       |           |           :
 |           |           :                       |           |           :
 8 --- 9 ---10 ---11 --- x                       2 --- 6 ---10 --- 6 --- x
 |           |           :                       |           |           :
 |           |           :                       |           |           :
 4     5     6     7     x                       1     5     6     5     x
 |           |           :                       |           |           :
 |           |           :                       |           |           :
 0 --- 1 --- 2 --- 3 --- x                       0 --- 1 --- 2 --- 1 --- x
orbital number : 1
********************************************************************************************************************
Read input file "obs_params.in"
	Observable Type : Nq(All),   Sq(All),   N(All),   Delta[s](All),   Delta[d](All),   Delta[s+](All)
********************************************************************************************************************
** WARNING ** the input observables have non-local factors which have been reinterpreted. The total observable number is 96
********************************************************************************************************************


********************************************************************************************************************
Start calculating the non-Gaussian ED ground state
** WARNING ** Detected low phonon energy W < 10. The initial state will be prepared through a warm-up process.
********************************************************************************************************************
Start warm-up calculation for scaling factor 64
open output files: NGSEDWarmUpW12.8Obs.txt
********************************************************************************************************************
Start the 0 rounds of NGS-ED iteration
	effective electronic model is modified as: kinetic energy t = 1
	                                           effective interaction Vq = [0,0,0,0,0,0,0,0,0,0,0,0,0,0,0,0]
	first Hamiltonian is constructed, non-zero numbers = 969134044
	PARPACK diagonalization completed after 165 matrix-vector product operations.
	iteration results: : total energy is -14.925310 | electron energy -14.925310 + phonon energy 0.000000 | electron momentum kIdx = 0
	Nq(0) = 9,	Nq(1) = 0.191675,	Nq(2) = 0.266183,	Nq(3) = 0.191675,	Nq(4) = 0.191675,	Nq(5) = 0.245517,	Nq(6) = 0.314107,	Nq(7) = 0.245517,	Nq(8) = 0.266183,	Nq(9) = 0.314107,	Nq(10) = 0.369338,	Nq(11) = 0.314107,	Nq(12) = 0.191675,	Nq(13) = 0.245517,	Nq(14) = 0.314107,	Nq(15) = 0.245517,	Sq(0) = 2.48391e-18,	Sq(1) = 0.554662,	Sq(2) = 0.424361,	Sq(3) = 0.554662,	Sq(4) = 0.554662,	Sq(5) = 0.79749,	Sq(6) = 1.01287,	Sq(7) = 0.79749,	Sq(8) = 0.424361,	Sq(9) = 1.01287,	Sq(10) = 0.784303,	Sq(11) = 1.01287,	Sq(12) = 0.554662,	Sq(13) = 0.79749,	Sq(14) = 1.01287,	Sq(15) = 0.79749,	N(0) = 1.76735,	N(1) = 1.6264,	N(2) = 0.74365,	N(3) = 1.6264,	N(4) = 1.6264,	N(5) = 0.392302,	N(6) = 0.144321,	N(7) = 0.392302,	N(8) = 0.74365,	N(9) = 0.144321,	N(10) = 0.0932732,	N(11) = 0.144321,	N(12) = 1.6264,	N(13) = 0.392302,	N(14) = 0.144321,	N(15) = 0.392302,	Delta[s](0) = 0.0644375,	Delta[s](1) = 0.04479,	Delta[s](2) = 0.0303132,	Delta[s](3) = 0.04479,	Delta[s](4) = 0.04479,	Delta[s](5) = 0.0271056,	Delta[s](6) = 0.00993895,	Delta[s](7) = 0.0271056,	Delta[s](8) = 0.0303132,	Delta[s](9) = 0.00993895,	Delta[s](10) = 0.00104786,	Delta[s](11) = 0.00993895,	Delta[s](12) = 0.04479,	Delta[s](13) = 0.0271056,	Delta[s](14) = 0.00993895,	Delta[s](15) = 0.0271056,	Delta[d](0) = 0.234973,	Delta[d](1) = 0.184858,	Delta[d](2) = 0.227883,	Delta[d](3) = 0.184858,	Delta[d](4) = 0.184858,	Delta[d](5) = 0.126702,	Delta[d](6) = 0.154481,	Delta[d](7) = 0.126702,	Delta[d](8) = 0.227883,	Delta[d](9) = 0.154481,	Delta[d](10) = 0.0802499,	Delta[d](11) = 0.154481,	Delta[d](12) = 0.184858,	Delta[d](13) = 0.126702,	Delta[d](14) = 0.154481,	Delta[d](15) = 0.126702,	Delta[s+](0) = 0.541998,	Delta[s+](1) = 0.369844,	Delta[s+](2) = 0.227883,	Delta[s+](3) = 0.369844,	Delta[s+](4) = 0.369844,	Delta[s+](5) = 0.181868,	Delta[s+](6) = 0.0649265,	Delta[s+](7) = 0.181868,	Delta[s+](8) = 0.227883,	Delta[s+](9) = 0.0649265,	Delta[s+](10) = 0.0166269,	Delta[s+](11) = 0.0649265,	Delta[s+](12) = 0.369844,	Delta[s+](13) = 0.181868,	Delta[s+](14) = 0.0649265,	Delta[s+](15) = 0.181868
The 0-th iteration is completed.	|| time cost : 0h 2m 53.968s
********************************************************************************************************************
Start the 1 rounds of NGS-ED iteration
	effective electronic model is modified as: kinetic energy t = 0.990275
	                                           effective interaction Vq = [   -2.2606, -0.698258,-0.0424966, -0.698258, -0.698258,-0.0421823, -0.165958,-0.0421823,-0.0424966, -0.165958,  -1.02248, -0.165958, -0.698258,-0.0421823, -0.165958,-0.0421823]
	PARPACK diagonalization completed after 45 matrix-vector product operations.
	iteration results: : total energy is -36.326548 | electron energy -36.326770 + phonon energy 0.000222 | electron momentum kIdx = 0
The 1-th iteration is completed.	|| time cost : 0h 2m 16.884s
********************************************************************************************************************
Start the 2 rounds of NGS-ED iteration
	effective electronic model is modified as: kinetic energy t = 0.986255
	                                           effective interaction Vq = [  -2.43536, -0.762629,-0.0460153, -0.762629, -0.762629,-0.0456625, -0.179609,-0.0456625,-0.0460153, -0.179609,  -1.12428, -0.179609, -0.762629,-0.0456625, -0.179609,-0.0456625]
	PARPACK diagonalization completed after 45 matrix-vector product operations.
	iteration results: : total energy is -37.942994 | electron energy -37.943872 + phonon energy 0.000878 | electron momentum kIdx = 0
The 2-th iteration is completed.	|| time cost : 0h 0m 10.283s
********************************************************************************************************************
Start the 3 rounds of NGS-ED iteration
	effective electronic model is modified as: kinetic energy t = 0.985399
	                                           effective interaction Vq = [  -2.44887, -0.772424,-0.0465135, -0.772424, -0.772424,-0.0461496,  -0.18147,-0.0461496,-0.0465135,  -0.18147,  -1.14027,  -0.18147, -0.772424,-0.0461496,  -0.18147,-0.0461496]
	PARPACK diagonalization completed after 30 matrix-vector product operations.
	iteration results: : total energy is -38.066384 | electron energy -38.067542 + phonon energy 0.001157 | electron momentum kIdx = 0
The 3-th iteration is completed.	|| time cost : 0h 0m 9.185s
********************************************************************************************************************
Start the 4 rounds of NGS-ED iteration
	effective electronic model is modified as: kinetic energy t = 0.985229
	                                           effective interaction Vq = [  -2.44991, -0.774342, -0.046597, -0.774342, -0.774342,-0.0462293,  -0.18176,-0.0462293, -0.046597,  -0.18176,  -1.14316,  -0.18176, -0.774342,-0.0462293,  -0.18176,-0.0462293]
	PARPACK diagonalization completed after 30 matrix-vector product operations.
	iteration results: : total energy is -38.075860 | electron energy -38.077085 + phonon energy 0.001226 | electron momentum kIdx = 0
The 4-th iteration is completed.	|| time cost : 0h 0m 9.191s
********************************************************************************************************************
Start the 5 rounds of NGS-ED iteration
	effective electronic model is modified as: kinetic energy t = 0.985196
	                                           effective interaction Vq = [  -2.44999, -0.774746,-0.0466115, -0.774746, -0.774746,-0.0462427, -0.181806,-0.0462427,-0.0466115, -0.181806,  -1.14371, -0.181806, -0.774746,-0.0462427, -0.181806,-0.0462427]
	PARPACK diagonalization completed after 30 matrix-vector product operations.
	iteration results: : total energy is -38.076589 | electron energy -38.077829 + phonon energy 0.001240 | electron momentum kIdx = 0
The 5-th iteration is completed.	|| time cost : 0h 0m 9.183s
********************************************************************************************************************
Start the 6 rounds of NGS-ED iteration
	effective electronic model is modified as: kinetic energy t = 0.985189
	                                           effective interaction Vq = [    -2.45,-0.774833,-0.046614,-0.774833,-0.774833,-0.046245,-0.181814,-0.046245,-0.046614,-0.181814, -1.14381,-0.181814,-0.774833,-0.046245,-0.181814,-0.046245]
	PARPACK diagonalization completed after 30 matrix-vector product operations.
	iteration results: : total energy is -38.076646 | electron energy -38.077888 + phonon energy 0.001243 | electron momentum kIdx = 0
	Nq(0) = 9,	Nq(1) = 0.211465,	Nq(2) = 0.259997,	Nq(3) = 0.211465,	Nq(4) = 0.211465,	Nq(5) = 0.242283,	Nq(6) = 0.317211,	Nq(7) = 0.242283,	Nq(8) = 0.259997,	Nq(9) = 0.317211,	Nq(10) = 0.43709,	Nq(11) = 0.317211,	Nq(12) = 0.211465,	Nq(13) = 0.242283,	Nq(14) = 0.317211,	Nq(15) = 0.242283,	Sq(0) = -2.36944e-18,	Sq(1) = 0.539055,	Sq(2) = 0.422462,	Sq(3) = 0.539055,	Sq(4) = 0.539055,	Sq(5) = 0.788963,	Sq(6) = 0.99867,	Sq(7) = 0.788963,	Sq(8) = 0.422462,	Sq(9) = 0.99867,	Sq(10) = 0.807404,	Sq(11) = 0.99867,	Sq(12) = 0.539055,	Sq(13) = 0.788963,	Sq(14) = 0.99867,	Sq(15) = 0.788963,	N(0) = 1.78236,	N(1) = 1.66622,	N(2) = 0.724074,	N(3) = 1.66622,	N(4) = 1.66622,	N(5) = 0.368709,	N(6) = 0.134751,	N(7) = 0.368709,	N(8) = 0.724074,	N(9) = 0.134751,	N(10) = 0.090764,	N(11) = 0.134751,	N(12) = 1.66622,	N(13) = 0.368709,	N(14) = 0.134751,	N(15) = 0.368709,	Delta[s](0) = 0.071743,	Delta[s](1) = 0.0503198,	Delta[s](2) = 0.035125,	Delta[s](3) = 0.0503198,	Delta[s](4) = 0.0503198,	Delta[s](5) = 0.03161,	Delta[s](6) = 0.0121982,	Delta[s](7) = 0.03161,	Delta[s](8) = 0.035125,	Delta[s](9) = 0.0121982,	Delta[s](10) = 0.00195477,	Delta[s](11) = 0.0121982,	Delta[s](12) = 0.0503198,	Delta[s](13) = 0.03161,	Delta[s](14) = 0.0121982,	Delta[s](15) = 0.03161,	Delta[d](0) = 0.240557,	Delta[d](1) = 0.189362,	Delta[d](2) = 0.234834,	Delta[d](3) = 0.189362,	Delta[d](4) = 0.189362,	Delta[d](5) = 0.129588,	Delta[d](6) = 0.157061,	Delta[d](7) = 0.129588,	Delta[d](8) = 0.234834,	Delta[d](9) = 0.157061,	Delta[d](10) = 0.0739924,	Delta[d](11) = 0.157061,	Delta[d](12) = 0.189362,	Delta[d](13) = 0.129588,	Delta[d](14) = 0.157061,	Delta[d](15) = 0.129588,	Delta[s+](0) = 0.562965,	Delta[s+](1) = 0.383326,	Delta[s+](2) = 0.234834,	Delta[s+](3) = 0.383326,	Delta[s+](4) = 0.383326,	Delta[s+](5) = 0.187849,	Delta[s+](6) = 0.0661074,	Delta[s+](7) = 0.187849,	Delta[s+](8) = 0.234834,	Delta[s+](9) = 0.0661074,	Delta[s+](10) = 0.0175369,	Delta[s+](11) = 0.0661074,	Delta[s+](12) = 0.383326,	Delta[s+](13) = 0.187849,	Delta[s+](14) = 0.0661074,	Delta[s+](15) = 0.187849
The 6-th iteration is completed.	|| time cost : 0h 1m 41.429s
********************************************************************************************************************
********************************************************************************************************************
Ground state is obtained after 7 iterations. The current ground-state energy is -38.0766, in which electron energy is -38.0779 and phonon energy is 0.00124255
final variational state is: 
	Gamma_x = [      1,1.00386,1.00039,1.00386,1.00386,1.00038,1.00209,1.00038,1.00039,1.00209,1.01778,1.00209,1.00386,1.00038,1.00209,1.00038]
	lambda_q = [  0.437444,  0.205675, 0.0462366,  0.205675,  0.205675, 0.0453732,-0.0873078, 0.0453732, 0.0462366,-0.0873078, -0.221425,-0.0873078,  0.205675, 0.0453732,-0.0873078, 0.0453732]
The effective e-e interactions mediated by phonons are: [     2.45, 0.774852,0.0466144, 0.774852, 0.774852,0.0462454, 0.181815,0.0462454,0.0466144, 0.181815,  1.14383, 0.181815, 0.774852,0.0462454, 0.181815,0.0462454]
The real-space interactions mediated by phonons are: [ -7.69871, -2.40238,-0.946911, -2.85828, -2.49224, -3.50018,-0.946911,-0.852698, -3.50208,-0.852698,-0.946911, -3.50018, -2.49224, -2.85828,-0.946911, -2.40238]
********************************************************************************************************************
o___o  ----------------------------------------
| L |	Time since last clock: 0h 0m 0s
A===A	Time since the beginning: 0h 7m 30.125s
***********************************************

********************************************************************************************************************
Start warm-up calculation for scaling factor 32
open output files: NGSEDWarmUpW6.4Obs.txt
********************************************************************************************************************
Start the 0 rounds of NGS-ED iteration
	effective electronic model is modified as: kinetic energy t = 0.985188
	                                           effective interaction Vq = [  -2.23969, -0.660045,-0.0386287, -0.660045, -0.660045,-0.0381581,  -0.14877,-0.0381581,-0.0386287,  -0.14877, -0.938783,  -0.14877, -0.660045,-0.0381581,  -0.14877,-0.0381581]
	PARPACK diagonalization completed after 45 matrix-vector product operations.
	iteration results: : total energy is -35.946291 | electron energy -35.946913 + phonon energy 0.000622 | electron momentum kIdx = 0
	Nq(0) = 9,	Nq(1) = 0.208113,	Nq(2) = 0.260765,	Nq(3) = 0.208113,	Nq(4) = 0.208113,	Nq(5) = 0.242608,	Nq(6) = 0.316205,	Nq(7) = 0.242608,	Nq(8) = 0.260765,	Nq(9) = 0.316205,	Nq(10) = 0.421677,	Nq(11) = 0.316205,	Nq(12) = 0.208113,	Nq(13) = 0.242608,	Nq(14) = 0.316205,	Nq(15) = 0.242608,	Sq(0) = -3.42394e-18,	Sq(1) = 0.542086,	Sq(2) = 0.422982,	Sq(3) = 0.542086,	Sq(4) = 0.542086,	Sq(5) = 0.790513,	Sq(6) = 1.00218,	Sq(7) = 0.790513,	Sq(8) = 0.422982,	Sq(9) = 1.00218,	Sq(10) = 0.804025,	Sq(11) = 1.00218,	Sq(12) = 0.542086,	Sq(13) = 0.790513,	Sq(14) = 1.00218,	Sq(15) = 0.790513,	N(0) = 1.77917,	N(1) = 1.65844,	N(2) = 0.727779,	N(3) = 1.65844,	N(4) = 1.65844,	N(5) = 0.373146,	N(6) = 0.136824,	N(7) = 0.373146,	N(8) = 0.727779,	N(9) = 0.136824,	N(10) = 0.091654,	N(11) = 0.136824,	N(12) = 1.65844,	N(13) = 0.373146,	N(14) = 0.136824,	N(15) = 0.373146,	Delta[s](0) = 0.0696028,	Delta[s](1) = 0.0488667,	Delta[s](2) = 0.0340083,	Delta[s](3) = 0.0488667,	Delta[s](4) = 0.0488667,	Delta[s](5) = 0.0306088,	Delta[s](6) = 0.0119593,	Delta[s](7) = 0.0306088,	Delta[s](8) = 0.0340083,	Delta[s](9) = 0.0119593,	Delta[s](10) = 0.00209639,	Delta[s](11) = 0.0119593,	Delta[s](12) = 0.0488667,	Delta[s](13) = 0.0306088,	Delta[s](14) = 0.0119593,	Delta[s](15) = 0.0306088,	Delta[d](0) = 0.246335,	Delta[d](1) = 0.194225,	Delta[d](2) = 0.240204,	Delta[d](3) = 0.194225,	Delta[d](4) = 0.194225,	Delta[d](5) = 0.133032,	Delta[d](6) = 0.161226,	Delta[d](7) = 0.133032,	Delta[d](8) = 0.240204,	Delta[d](9) = 0.161226,	Delta[d](10) = 0.0782858,	Delta[d](11) = 0.161226,	Delta[d](12) = 0.194225,	Delta[d](13) = 0.133032,	Delta[d](14) = 0.161226,	Delta[d](15) = 0.133032,	Delta[s+](0) = 0.574348,	Delta[s+](1) = 0.391363,	Delta[s+](2) = 0.240204,	Delta[s+](3) = 0.391363,	Delta[s+](4) = 0.391363,	Delta[s+](5) = 0.192186,	Delta[s+](6) = 0.0682023,	Delta[s+](7) = 0.192186,	Delta[s+](8) = 0.240204,	Delta[s+](9) = 0.0682023,	Delta[s+](10) = 0.018189,	Delta[s+](11) = 0.0682023,	Delta[s+](12) = 0.391363,	Delta[s+](13) = 0.192186,	Delta[s+](14) = 0.0682023,	Delta[s+](15) = 0.192186
The 0-th iteration is completed.	|| time cost : 0h 1m 42.469s
********************************************************************************************************************
Start the 1 rounds of NGS-ED iteration
	effective electronic model is modified as: kinetic energy t = 0.98278
	                                           effective interaction Vq = [  -2.39153, -0.702794,-0.0406274, -0.702794, -0.702794,-0.0399983, -0.154779,-0.0399983,-0.0406274, -0.154779, -0.975103, -0.154779, -0.702794,-0.0399983, -0.154779,-0.0399983]
	PARPACK diagonalization completed after 45 matrix-vector product operations.
	iteration results: : total energy is -37.327195 | electron energy -37.329299 + phonon energy 0.002103 | electron momentum kIdx = 0
The 1-th iteration is completed.	|| time cost : 0h 0m 10.288s
********************************************************************************************************************
Start the 2 rounds of NGS-ED iteration
	effective electronic model is modified as: kinetic energy t = 0.981803
	                                           effective interaction Vq = [  -2.43374, -0.718188,-0.0412542, -0.718188, -0.718188,-0.0405648, -0.156572,-0.0405648,-0.0412542, -0.156572, -0.988408, -0.156572, -0.718188,-0.0405648, -0.156572,-0.0405648]
	PARPACK diagonalization completed after 30 matrix-vector product operations.
	iteration results: : total energy is -37.709466 | electron energy -37.712432 + phonon energy 0.002966 | electron momentum kIdx = 0
The 2-th iteration is completed.	|| time cost : 0h 0m 9.197s
********************************************************************************************************************
Start the 3 rounds of NGS-ED iteration
	effective electronic model is modified as: kinetic energy t = 0.981416
	                                           effective interaction Vq = [  -2.44548, -0.724159,-0.0414596, -0.724159, -0.724159,-0.0407464, -0.157125,-0.0407464,-0.0414596, -0.157125, -0.993399, -0.157125, -0.724159,-0.0407464, -0.157125,-0.0407464]
	PARPACK diagonalization completed after 30 matrix-vector product operations.
	iteration results: : total energy is -37.815486 | electron energy -37.818846 + phonon energy 0.003360 | electron momentum kIdx = 0
The 3-th iteration is completed.	|| time cost : 0h 0m 9.194s
********************************************************************************************************************
Start the 4 rounds of NGS-ED iteration
	effective electronic model is modified as: kinetic energy t = 0.981263
	                                           effective interaction Vq = [  -2.44874,  -0.72656, -0.041528,  -0.72656,  -0.72656,-0.0408054, -0.157298,-0.0408054, -0.041528, -0.157298, -0.995291, -0.157298,  -0.72656,-0.0408054, -0.157298,-0.0408054]
	PARPACK diagonalization completed after 30 matrix-vector product operations.
	iteration results: : total energy is -37.844921 | electron energy -37.848447 + phonon energy 0.003526 | electron momentum kIdx = 0
The 4-th iteration is completed.	|| time cost : 0h 0m 9.199s
********************************************************************************************************************
Start the 5 rounds of NGS-ED iteration
	effective electronic model is modified as: kinetic energy t = 0.981202
	                                           effective interaction Vq = [  -2.44965,  -0.72754,-0.0415509,  -0.72754,  -0.72754,-0.0408247, -0.157352,-0.0408247,-0.0415509, -0.157352, -0.996011, -0.157352,  -0.72754,-0.0408247, -0.157352,-0.0408247]
	PARPACK diagonalization completed after 30 matrix-vector product operations.
	iteration results: : total energy is -37.853098 | electron energy -37.856692 + phonon energy 0.003594 | electron momentum kIdx = 0
The 5-th iteration is completed.	|| time cost : 0h 0m 9.209s
********************************************************************************************************************
Start the 6 rounds of NGS-ED iteration
	effective electronic model is modified as: kinetic energy t = 0.981178
	                                           effective interaction Vq = [   -2.4499, -0.727944,-0.0415585, -0.727944, -0.727944, -0.040831, -0.157369, -0.040831,-0.0415585, -0.157369, -0.996286, -0.157369, -0.727944, -0.040831, -0.157369, -0.040831]
	PARPACK diagonalization completed after 30 matrix-vector product operations.
	iteration results: : total energy is -37.855370 | electron energy -37.858992 + phonon energy 0.003621 | electron momentum kIdx = 0
The 6-th iteration is completed.	|| time cost : 0h 0m 9.178s
********************************************************************************************************************
Start the 7 rounds of NGS-ED iteration
	effective electronic model is modified as: kinetic energy t = 0.981169
	                                           effective interaction Vq = [  -2.44997, -0.728111,-0.0415611, -0.728111, -0.728111,-0.0408331, -0.157375,-0.0408331,-0.0415611, -0.157375, -0.996392, -0.157375, -0.728111,-0.0408331, -0.157375,-0.0408331]
	PARPACK diagonalization completed after 30 matrix-vector product operations.
	iteration results: : total energy is -37.856002 | electron energy -37.859634 + phonon energy 0.003632 | electron momentum kIdx = 0
The 7-th iteration is completed.	|| time cost : 0h 0m 9.181s
********************************************************************************************************************
Start the 8 rounds of NGS-ED iteration
	effective electronic model is modified as: kinetic energy t = 0.981165
	                                           effective interaction Vq = [  -2.44999,  -0.72818,-0.0415619,  -0.72818,  -0.72818,-0.0408337, -0.157377,-0.0408337,-0.0415619, -0.157377, -0.996432, -0.157377,  -0.72818,-0.0408337, -0.157377,-0.0408337]
	PARPACK diagonalization completed after 30 matrix-vector product operations.
	iteration results: : total energy is -37.856177 | electron energy -37.859814 + phonon energy 0.003637 | electron momentum kIdx = 0
	Nq(0) = 9,	Nq(1) = 0.209844,	Nq(2) = 0.259993,	Nq(3) = 0.209844,	Nq(4) = 0.209844,	Nq(5) = 0.242114,	Nq(6) = 0.315845,	Nq(7) = 0.242114,	Nq(8) = 0.259993,	Nq(9) = 0.315845,	Nq(10) = 0.42504,	Nq(11) = 0.315845,	Nq(12) = 0.209844,	Nq(13) = 0.242114,	Nq(14) = 0.315845,	Nq(15) = 0.242114,	Sq(0) = 3.37131e-18,	Sq(1) = 0.541047,	Sq(2) = 0.422965,	Sq(3) = 0.541047,	Sq(4) = 0.541047,	Sq(5) = 0.790089,	Sq(6) = 1.00175,	Sq(7) = 0.790089,	Sq(8) = 0.422965,	Sq(9) = 1.00175,	Sq(10) = 0.806298,	Sq(11) = 1.00175,	Sq(12) = 0.541047,	Sq(13) = 0.790089,	Sq(14) = 1.00175,	Sq(15) = 0.790089,	N(0) = 1.77931,	N(1) = 1.66024,	N(2) = 0.726517,	N(3) = 1.66024,	N(4) = 1.66024,	N(5) = 0.371884,	N(6) = 0.136779,	N(7) = 0.371884,	N(8) = 0.726517,	N(9) = 0.136779,	N(10) = 0.0920401,	N(11) = 0.136779,	N(12) = 1.66024,	N(13) = 0.371884,	N(14) = 0.136779,	N(15) = 0.371884,	Delta[s](0) = 0.0696402,	Delta[s](1) = 0.048976,	Delta[s](2) = 0.0341826,	Delta[s](3) = 0.048976,	Delta[s](4) = 0.048976,	Delta[s](5) = 0.0307974,	Delta[s](6) = 0.0121828,	Delta[s](7) = 0.0307974,	Delta[s](8) = 0.0341826,	Delta[s](9) = 0.0121828,	Delta[s](10) = 0.00228822,	Delta[s](11) = 0.0121828,	Delta[s](12) = 0.048976,	Delta[s](13) = 0.0307974,	Delta[s](14) = 0.0121828,	Delta[s](15) = 0.0307974,	Delta[d](0) = 0.253745,	Delta[d](1) = 0.200262,	Delta[d](2) = 0.247495,	Delta[d](3) = 0.200262,	Delta[d](4) = 0.200262,	Delta[d](5) = 0.137215,	Delta[d](6) = 0.166072,	Delta[d](7) = 0.137215,	Delta[d](8) = 0.247495,	Delta[d](9) = 0.166072,	Delta[d](10) = 0.0806003,	Delta[d](11) = 0.166072,	Delta[d](12) = 0.200262,	Delta[d](13) = 0.137215,	Delta[d](14) = 0.166072,	Delta[d](15) = 0.137215,	Delta[s+](0) = 0.591773,	Delta[s+](1) = 0.403225,	Delta[s+](2) = 0.247495,	Delta[s+](3) = 0.403225,	Delta[s+](4) = 0.403225,	Delta[s+](5) = 0.198145,	Delta[s+](6) = 0.0704875,	Delta[s+](7) = 0.198145,	Delta[s+](8) = 0.247495,	Delta[s+](9) = 0.0704875,	Delta[s+](10) = 0.0189729,	Delta[s+](11) = 0.0704875,	Delta[s+](12) = 0.403225,	Delta[s+](13) = 0.198145,	Delta[s+](14) = 0.0704875,	Delta[s+](15) = 0.198145
The 8-th iteration is completed.	|| time cost : 0h 1m 41.638s
********************************************************************************************************************
********************************************************************************************************************
Ground state is obtained after 9 iterations. The current ground-state energy is -37.8562, in which electron energy is -37.8598 and phonon energy is 0.00363659
final variational state is: 
	Gamma_x = [      1,1.01106,1.00098,1.01106,1.01106,1.00093,1.00492,1.00093,1.00098,1.00492,1.04194,1.00492,1.01106,1.00093,1.00492,1.00093]
	lambda_q = [  0.618147,  0.247641, 0.0520785,  0.247641,  0.247641,  0.050544,-0.0951689,  0.050544, 0.0520785,-0.0951689,   -0.2429,-0.0951689,  0.247641,  0.050544,-0.0951689,  0.050544]
The effective e-e interactions mediated by phonons are: [     2.45, 0.728208,0.0415622, 0.728208, 0.728208, 0.040834, 0.157377, 0.040834,0.0415622, 0.157377, 0.996447, 0.157377, 0.728208, 0.040834, 0.157377, 0.040834]
The real-space interactions mediated by phonons are: [ -7.23525, -2.47906, -1.03514, -2.77471, -2.59521, -3.39257, -1.03514,-0.987403, -3.36623,-0.987403, -1.03514, -3.39257, -2.59521, -2.77471, -1.03514, -2.47906]
********************************************************************************************************************
o___o  ----------------------------------------
| L |	Time since last clock: 0h 0m 0s
A===A	Time since the beginning: 0h 11m 59.684s
***********************************************

********************************************************************************************************************
Start warm-up calculation for scaling factor 16
open output files: NGSEDWarmUpW3.2Obs.txt
********************************************************************************************************************
Start the 0 rounds of NGS-ED iteration
	effective electronic model is modified as: kinetic energy t = 0.981163
	                                           effective interaction Vq = [  -2.23889, -0.596208,-0.0329839, -0.596208, -0.596208,-0.0322602, -0.123288,-0.0322602,-0.0329839, -0.123288, -0.782799, -0.123288, -0.596208,-0.0322602, -0.123288,-0.0322602]
	PARPACK diagonalization completed after 45 matrix-vector product operations.
	iteration results: : total energy is -35.703272 | electron energy -35.705092 + phonon energy 0.001819 | electron momentum kIdx = 0
	Nq(0) = 9,	Nq(1) = 0.206037,	Nq(2) = 0.260873,	Nq(3) = 0.206037,	Nq(4) = 0.206037,	Nq(5) = 0.242491,	Nq(6) = 0.314867,	Nq(7) = 0.242491,	Nq(8) = 0.260873,	Nq(9) = 0.314867,	Nq(10) = 0.410163,	Nq(11) = 0.314867,	Nq(12) = 0.206037,	Nq(13) = 0.242491,	Nq(14) = 0.314867,	Nq(15) = 0.242491,	Sq(0) = -2.90468e-18,	Sq(1) = 0.544256,	Sq(2) = 0.423443,	Sq(3) = 0.544256,	Sq(4) = 0.544256,	Sq(5) = 0.791827,	Sq(6) = 1.00524,	Sq(7) = 0.791827,	Sq(8) = 0.423443,	Sq(9) = 1.00524,	Sq(10) = 0.802336,	Sq(11) = 1.00524,	Sq(12) = 0.544256,	Sq(13) = 0.791827,	Sq(14) = 1.00524,	Sq(15) = 0.791827,	N(0) = 1.77585,	N(1) = 1.65191,	N(2) = 0.730476,	N(3) = 1.65191,	N(4) = 1.65191,	N(5) = 0.376743,	N(6) = 0.138929,	N(7) = 0.376743,	N(8) = 0.730476,	N(9) = 0.138929,	N(10) = 0.0928844,	N(11) = 0.138929,	N(12) = 1.65191,	N(13) = 0.376743,	N(14) = 0.138929,	N(15) = 0.376743,	Delta[s](0) = 0.0678168,	Delta[s](1) = 0.0476532,	Delta[s](2) = 0.0330649,	Delta[s](3) = 0.0476532,	Delta[s](4) = 0.0476532,	Delta[s](5) = 0.0297737,	Delta[s](6) = 0.0117365,	Delta[s](7) = 0.0297737,	Delta[s](8) = 0.0330649,	Delta[s](9) = 0.0117365,	Delta[s](10) = 0.00214435,	Delta[s](11) = 0.0117365,	Delta[s](12) = 0.0476532,	Delta[s](13) = 0.0297737,	Delta[s](14) = 0.0117365,	Delta[s](15) = 0.0297737,	Delta[d](0) = 0.260518,	Delta[d](1) = 0.205757,	Delta[d](2) = 0.253763,	Delta[d](3) = 0.205757,	Delta[d](4) = 0.205757,	Delta[d](5) = 0.141054,	Delta[d](6) = 0.170821,	Delta[d](7) = 0.141054,	Delta[d](8) = 0.253763,	Delta[d](9) = 0.170821,	Delta[d](10) = 0.0850441,	Delta[d](11) = 0.170821,	Delta[d](12) = 0.205757,	Delta[d](13) = 0.141054,	Delta[d](14) = 0.170821,	Delta[d](15) = 0.141054,	Delta[s+](0) = 0.605476,	Delta[s+](1) = 0.412797,	Delta[s+](2) = 0.253763,	Delta[s+](3) = 0.412797,	Delta[s+](4) = 0.412797,	Delta[s+](5) = 0.203152,	Delta[s+](6) = 0.0726858,	Delta[s+](7) = 0.203152,	Delta[s+](8) = 0.253763,	Delta[s+](9) = 0.0726858,	Delta[s+](10) = 0.0195459,	Delta[s+](11) = 0.0726858,	Delta[s+](12) = 0.412797,	Delta[s+](13) = 0.203152,	Delta[s+](14) = 0.0726858,	Delta[s+](15) = 0.203152
The 0-th iteration is completed.	|| time cost : 0h 1m 42.146s
********************************************************************************************************************
Start the 1 rounds of NGS-ED iteration
	effective electronic model is modified as: kinetic energy t = 0.981171
	                                           effective interaction Vq = [  -2.33868, -0.611073,-0.0330834, -0.611073, -0.611073,-0.0321872, -0.121619,-0.0321872,-0.0330834, -0.121619, -0.769886, -0.121619, -0.611073,-0.0321872, -0.121619,-0.0321872]
	PARPACK diagonalization completed after 45 matrix-vector product operations.
	iteration results: : total energy is -36.604439 | electron energy -36.608257 + phonon energy 0.003818 | electron momentum kIdx = 0
The 1-th iteration is completed.	|| time cost : 0h 0m 10.32s
********************************************************************************************************************
Start the 2 rounds of NGS-ED iteration
	effective electronic model is modified as: kinetic energy t = 0.981028
	                                           effective interaction Vq = [   -2.3913, -0.619524,-0.0331303, -0.619524, -0.619524,-0.0321563, -0.120957,-0.0321563,-0.0331303, -0.120957, -0.766639, -0.120957, -0.619524,-0.0321563, -0.120957,-0.0321563]
	PARPACK diagonalization completed after 30 matrix-vector product operations.
	iteration results: : total energy is -37.078876 | electron energy -37.083972 + phonon energy 0.005096 | electron momentum kIdx = 0
The 2-th iteration is completed.	|| time cost : 0h 0m 9.206s
********************************************************************************************************************
Start the 3 rounds of NGS-ED iteration
	effective electronic model is modified as: kinetic energy t = 0.980891
	                                           effective interaction Vq = [  -2.41905, -0.624397,-0.0331526, -0.624397, -0.624397,-0.0321436, -0.120702,-0.0321436,-0.0331526, -0.120702, -0.766399, -0.120702, -0.624397,-0.0321436, -0.120702,-0.0321436]
	PARPACK diagonalization completed after 30 matrix-vector product operations.
	iteration results: : total energy is -37.328865 | electron energy -37.334715 + phonon energy 0.005851 | electron momentum kIdx = 0
The 3-th iteration is completed.	|| time cost : 0h 0m 9.188s
********************************************************************************************************************
Start the 4 rounds of NGS-ED iteration
	effective electronic model is modified as: kinetic energy t = 0.98079
	                                           effective interaction Vq = [  -2.43368, -0.627231,-0.0331632, -0.627231, -0.627231,-0.0321385, -0.120606,-0.0321385,-0.0331632, -0.120606, -0.766888, -0.120606, -0.627231,-0.0321385, -0.120606,-0.0321385]
	PARPACK diagonalization completed after 30 matrix-vector product operations.
	iteration results: : total energy is -37.460631 | electron energy -37.466922 + phonon energy 0.006291 | electron momentum kIdx = 0
The 4-th iteration is completed.	|| time cost : 0h 0m 9.203s
********************************************************************************************************************
Start the 5 rounds of NGS-ED iteration
	effective electronic model is modified as: kinetic energy t = 0.980723
	                                           effective interaction Vq = [  -2.44139, -0.628891,-0.0331683, -0.628891, -0.628891,-0.0321366, -0.120571,-0.0321366,-0.0331683, -0.120571, -0.767413, -0.120571, -0.628891,-0.0321366, -0.120571,-0.0321366]
	PARPACK diagonalization completed after 30 matrix-vector product operations.
	iteration results: : total energy is -37.530094 | electron energy -37.536644 + phonon energy 0.006549 | electron momentum kIdx = 0
The 5-th iteration is completed.	|| time cost : 0h 0m 9.176s
********************************************************************************************************************
Start the 6 rounds of NGS-ED iteration
	effective electronic model is modified as: kinetic energy t = 0.980681
	                                           effective interaction Vq = [  -2.44546, -0.629867,-0.0331707, -0.629867, -0.629867, -0.032136,  -0.12056, -0.032136,-0.0331707,  -0.12056, -0.767811,  -0.12056, -0.629867, -0.032136,  -0.12056, -0.032136]
	PARPACK diagonalization completed after 30 matrix-vector product operations.
	iteration results: : total energy is -37.566716 | electron energy -37.573418 + phonon energy 0.006702 | electron momentum kIdx = 0
The 6-th iteration is completed.	|| time cost : 0h 0m 9.202s
********************************************************************************************************************
Start the 7 rounds of NGS-ED iteration
	effective electronic model is modified as: kinetic energy t = 0.980655
	                                           effective interaction Vq = [  -2.44761, -0.630443,-0.0331718, -0.630443, -0.630443,-0.0321358, -0.120557,-0.0321358,-0.0331718, -0.120557,  -0.76808, -0.120557, -0.630443,-0.0321358, -0.120557,-0.0321358]
	PARPACK diagonalization completed after 30 matrix-vector product operations.
	iteration results: : total energy is -37.586025 | electron energy -37.592817 + phonon energy 0.006792 | electron momentum kIdx = 0
The 7-th iteration is completed.	|| time cost : 0h 0m 9.197s
********************************************************************************************************************
Start the 8 rounds of NGS-ED iteration
	effective electronic model is modified as: kinetic energy t = 0.98064
	                                           effective interaction Vq = [  -2.44874, -0.630783,-0.0331724, -0.630783, -0.630783,-0.0321357, -0.120556,-0.0321357,-0.0331724, -0.120556, -0.768252, -0.120556, -0.630783,-0.0321357, -0.120556,-0.0321357]
	PARPACK diagonalization completed after 30 matrix-vector product operations.
	iteration results: : total energy is -37.596205 | electron energy -37.603051 + phonon energy 0.006846 | electron momentum kIdx = 0
The 8-th iteration is completed.	|| time cost : 0h 0m 9.196s
********************************************************************************************************************
Start the 9 rounds of NGS-ED iteration
	effective electronic model is modified as: kinetic energy t = 0.98063
	                                           effective interaction Vq = [  -2.44933, -0.630984,-0.0331726, -0.630984, -0.630984,-0.0321358, -0.120557,-0.0321358,-0.0331726, -0.120557, -0.768358, -0.120557, -0.630984,-0.0321358, -0.120557,-0.0321358]
	PARPACK diagonalization completed after 30 matrix-vector product operations.
	iteration results: : total energy is -37.601573 | electron energy -37.608451 + phonon energy 0.006878 | electron momentum kIdx = 0
The 9-th iteration is completed.	|| time cost : 0h 0m 9.201s
********************************************************************************************************************
Start the 10 rounds of NGS-ED iteration
	effective electronic model is modified as: kinetic energy t = 0.980624
	                                           effective interaction Vq = [  -2.44965, -0.631103,-0.0331727, -0.631103, -0.631103,-0.0321358, -0.120557,-0.0321358,-0.0331727, -0.120557, -0.768423, -0.120557, -0.631103,-0.0321358, -0.120557,-0.0321358]
	PARPACK diagonalization completed after 30 matrix-vector product operations.
	iteration results: : total energy is -37.604404 | electron energy -37.611300 + phonon energy 0.006897 | electron momentum kIdx = 0
	Nq(0) = 9,	Nq(1) = 0.207024,	Nq(2) = 0.260618,	Nq(3) = 0.207024,	Nq(4) = 0.207024,	Nq(5) = 0.242372,	Nq(6) = 0.314612,	Nq(7) = 0.242372,	Nq(8) = 0.260618,	Nq(9) = 0.314612,	Nq(10) = 0.40913,	Nq(11) = 0.314612,	Nq(12) = 0.207024,	Nq(13) = 0.242372,	Nq(14) = 0.314612,	Nq(15) = 0.242372,	Sq(0) = 4.32373e-18,	Sq(1) = 0.543893,	Sq(2) = 0.423563,	Sq(3) = 0.543893,	Sq(4) = 0.543893,	Sq(5) = 0.791551,	Sq(6) = 1.0053,	Sq(7) = 0.791551,	Sq(8) = 0.423563,	Sq(9) = 1.0053,	Sq(10) = 0.803519,	Sq(11) = 1.0053,	Sq(12) = 0.543893,	Sq(13) = 0.791551,	Sq(14) = 1.0053,	Sq(15) = 0.791551,	N(0) = 1.77592,	N(1) = 1.65248,	N(2) = 0.730084,	N(3) = 1.65248,	N(4) = 1.65248,	N(5) = 0.376101,	N(6) = 0.13909,	N(7) = 0.376101,	N(8) = 0.730084,	N(9) = 0.13909,	N(10) = 0.093228,	N(11) = 0.13909,	N(12) = 1.65248,	N(13) = 0.376101,	N(14) = 0.13909,	N(15) = 0.376101,	Delta[s](0) = 0.067789,	Delta[s](1) = 0.0476595,	Delta[s](2) = 0.0330941,	Delta[s](3) = 0.0476595,	Delta[s](4) = 0.0476595,	Delta[s](5) = 0.0298085,	Delta[s](6) = 0.0117928,	Delta[s](7) = 0.0298085,	Delta[s](8) = 0.0330941,	Delta[s](9) = 0.0117928,	Delta[s](10) = 0.00217881,	Delta[s](11) = 0.0117928,	Delta[s](12) = 0.0476595,	Delta[s](13) = 0.0298085,	Delta[s](14) = 0.0117928,	Delta[s](15) = 0.0298085,	Delta[d](0) = 0.280395,	Delta[d](1) = 0.2216,	Delta[d](2) = 0.273039,	Delta[d](3) = 0.2216,	Delta[d](4) = 0.2216,	Delta[d](5) = 0.151884,	Delta[d](6) = 0.183818,	Delta[d](7) = 0.151884,	Delta[d](8) = 0.273039,	Delta[d](9) = 0.183818,	Delta[d](10) = 0.0916111,	Delta[d](11) = 0.183818,	Delta[d](12) = 0.2216,	Delta[d](13) = 0.151884,	Delta[d](14) = 0.183818,	Delta[d](15) = 0.151884,	Delta[s+](0) = 0.651341,	Delta[s+](1) = 0.444076,	Delta[s+](2) = 0.273039,	Delta[s+](3) = 0.444076,	Delta[s+](4) = 0.444076,	Delta[s+](5) = 0.218611,	Delta[s+](6) = 0.0783515,	Delta[s+](7) = 0.218611,	Delta[s+](8) = 0.273039,	Delta[s+](9) = 0.0783515,	Delta[s+](10) = 0.0211677,	Delta[s+](11) = 0.0783515,	Delta[s+](12) = 0.444076,	Delta[s+](13) = 0.218611,	Delta[s+](14) = 0.0783515,	Delta[s+](15) = 0.218611
The 10-th iteration is completed.	|| time cost : 0h 1m 41.69s
********************************************************************************************************************
Start the 11 rounds of NGS-ED iteration
	effective electronic model is modified as: kinetic energy t = 0.980621
	                                           effective interaction Vq = [  -2.44982, -0.631174,-0.0331728, -0.631174, -0.631174,-0.0321358, -0.120557,-0.0321358,-0.0331728, -0.120557, -0.768462, -0.120557, -0.631174,-0.0321358, -0.120557,-0.0321358]
