TACC:  Starting up job 1744441 
TACC:  Starting parallel tasks... 
SNEDics v3.4 Non-Gaussian ED ground state program		Start at Sun Oct 11 00:51:19 2020

parallized on 16 MPI threads  * 7 OpenMP threads = 112 total threads.
********************************************************************************************************************
********************************************************************************************************************

********************************************************************************************************************
System parameters and configurations
********************************************************************************************************************
Special program options are enabled: splitted diagonal Hamiltonian
********************************************************************************************************************
Read input file "model_params.in"
	Hubbard-Holstein model parameters : 	t = 1    U = 8    g = 0.03    W = 0.2    g' = 0.03    
********************************************************************************************************************
Read input file "hilbertspace_params.in"
	Requested 16-site 2D lattice, with 14 electrons (7, 7)
	Boundary : Periodic		Hilbert space representation : momentum-space (restricted to kIdx = 0)
	Conservation: particle number[U(1)]      spin[U(1)]     momentum
********************************************************************************************************************

Cluster Positions:				Cluster symmetry group : D4
 x ... x ... x ... x .....                       x ... x ... x ... x .....
 |           |           :                       |           |           :
 |           |           :                       |           |           :
12    13    14    15     x                       1     5     6     5     x
 |           |           :                       |           |           :
 |           |           :                       |           |           :
 8 --- 9 ---10 ---11 --- x                       2 --- 6 ---10 --- 6 --- x
 |           |           :                       |           |           :
 |           |           :                       |           |           :
 4     5     6     7     x                       1     5     6     5     x
 |           |           :                       |           |           :
 |           |           :                       |           |           :
 0 --- 1 --- 2 --- 3 --- x                       0 --- 1 --- 2 --- 1 --- x
orbital number : 1
********************************************************************************************************************
Read input file "obs_params.in"
	Observable Type : Nq(All),   Sq(All),   N(All),   Delta[s](All),   Delta[d](All),   Delta[s+](All)
********************************************************************************************************************
** WARNING ** the input observables have non-local factors which have been reinterpreted. The total observable number is 96
********************************************************************************************************************


********************************************************************************************************************
Start calculating the non-Gaussian ED ground state
** WARNING ** Detected low phonon energy W < 10. The initial state will be prepared through a warm-up process.
********************************************************************************************************************
Start warm-up calculation for scaling factor 64
open output files: NGSEDWarmUpW12.8Obs.txt
********************************************************************************************************************
Start the 0 rounds of NGS-ED iteration
	effective electronic model is modified as: kinetic energy t = 1
	                                           effective interaction Vq = [0,0,0,0,0,0,0,0,0,0,0,0,0,0,0,0]
	first Hamiltonian is constructed, non-zero numbers = 2178478298
	PARPACK diagonalization completed after 165 matrix-vector product operations.
	iteration results: : total energy is -11.868836 | electron energy -11.868836 + phonon energy 0.000000 | electron momentum kIdx = 0
	Nq(0) = 12.25,	Nq(1) = 0.154193,	Nq(2) = 0.185311,	Nq(3) = 0.154193,	Nq(4) = 0.154193,	Nq(5) = 0.203281,	Nq(6) = 0.235634,	Nq(7) = 0.203281,	Nq(8) = 0.185311,	Nq(9) = 0.235634,	Nq(10) = 0.275446,	Nq(11) = 0.235634,	Nq(12) = 0.154193,	Nq(13) = 0.203281,	Nq(14) = 0.235634,	Nq(15) = 0.203281,	Sq(0) = 1.11096e-18,	Sq(1) = 0.474292,	Sq(2) = 0.766364,	Sq(3) = 0.474292,	Sq(4) = 0.474292,	Sq(5) = 0.630724,	Sq(6) = 1.05279,	Sq(7) = 0.630724,	Sq(8) = 0.766364,	Sq(9) = 1.05279,	Sq(10) = 2.56755,	Sq(11) = 1.05279,	Sq(12) = 0.474292,	Sq(13) = 0.630724,	Sq(14) = 1.05279,	Sq(15) = 0.630724,	N(0) = 1.75464,	N(1) = 1.59086,	N(2) = 0.323321,	N(3) = 1.59086,	N(4) = 1.59086,	N(5) = 0.999881,	N(6) = 0.267546,	N(7) = 0.999881,	N(8) = 0.323321,	N(9) = 0.267546,	N(10) = 0.165565,	N(11) = 0.267546,	N(12) = 1.59086,	N(13) = 0.999881,	N(14) = 0.267546,	N(15) = 0.999881,	Delta[s](0) = 0.0793467,	Delta[s](1) = 0.0592646,	Delta[s](2) = 0.0353952,	Delta[s](3) = 0.0592646,	Delta[s](4) = 0.0592646,	Delta[s](5) = 0.042305,	Delta[s](6) = 0.0194443,	Delta[s](7) = 0.042305,	Delta[s](8) = 0.0353952,	Delta[s](9) = 0.0194443,	Delta[s](10) = 5.71152e-05,	Delta[s](11) = 0.0194443,	Delta[s](12) = 0.0592646,	Delta[s](13) = 0.042305,	Delta[s](14) = 0.0194443,	Delta[s](15) = 0.042305,	Delta[d](0) = 0.27644,	Delta[d](1) = 0.189906,	Delta[d](2) = 0.199772,	Delta[d](3) = 0.189906,	Delta[d](4) = 0.189906,	Delta[d](5) = 0.176651,	Delta[d](6) = 0.132488,	Delta[d](7) = 0.176651,	Delta[d](8) = 0.199772,	Delta[d](9) = 0.132488,	Delta[d](10) = 0.0533937,	Delta[d](11) = 0.132488,	Delta[d](12) = 0.189906,	Delta[d](13) = 0.176651,	Delta[d](14) = 0.132488,	Delta[d](15) = 0.176651,	Delta[s+](0) = 0.56059,	Delta[s+](1) = 0.417395,	Delta[s+](2) = 0.199772,	Delta[s+](3) = 0.417395,	Delta[s+](4) = 0.417395,	Delta[s+](5) = 0.291675,	Delta[s+](6) = 0.126145,	Delta[s+](7) = 0.291675,	Delta[s+](8) = 0.199772,	Delta[s+](9) = 0.126145,	Delta[s+](10) = 0.0381606,	Delta[s+](11) = 0.126145,	Delta[s+](12) = 0.417395,	Delta[s+](13) = 0.291675,	Delta[s+](14) = 0.126145,	Delta[s+](15) = 0.291675
The 0-th iteration is completed.	|| time cost : 0h 6m 35.06s
********************************************************************************************************************
Start the 1 rounds of NGS-ED iteration
	effective electronic model is modified as: kinetic energy t = 0.999637
	                                           effective interaction Vq = [  -0.103803,  -0.035045, -0.0037169,  -0.035045,  -0.035045,-0.00375605,-0.00363773,-0.00375605, -0.0037169,-0.00363773, -0.0320892,-0.00363773,  -0.035045,-0.00375605,-0.00363773,-0.00375605]
	PARPACK diagonalization completed after 60 matrix-vector product operations.
	iteration results: : total energy is -13.172635 | electron energy -13.172636 + phonon energy 0.000000 | electron momentum kIdx = 0
The 1-th iteration is completed.	|| time cost : 0h 5m 21.384s
********************************************************************************************************************
Start the 2 rounds of NGS-ED iteration
	effective electronic model is modified as: kinetic energy t = 0.999507
	                                           effective interaction Vq = [  -0.111828, -0.0381311,-0.00402276, -0.0381311, -0.0381311,-0.00407138,-0.00392316,-0.00407138,-0.00402276,-0.00392316, -0.0344954,-0.00392316, -0.0381311,-0.00407138,-0.00392316,-0.00407138]
	PARPACK diagonalization completed after 45 matrix-vector product operations.
	iteration results: : total energy is -13.271945 | electron energy -13.271946 + phonon energy 0.000001 | electron momentum kIdx = 0
The 2-th iteration is completed.	|| time cost : 0h 0m 24.403s
********************************************************************************************************************
Start the 3 rounds of NGS-ED iteration
	effective electronic model is modified as: kinetic energy t = 0.999483
	                                           effective interaction Vq = [  -0.112448, -0.0385909,-0.00406394, -0.0385909, -0.0385909,-0.00411513,  -0.003959,-0.00411513,-0.00406394,  -0.003959, -0.0347781,  -0.003959, -0.0385909,-0.00411513,  -0.003959,-0.00411513]
	PARPACK diagonalization completed after 45 matrix-vector product operations.
	iteration results: : total energy is -13.279579 | electron energy -13.279580 + phonon energy 0.000001 | electron momentum kIdx = 0
The 3-th iteration is completed.	|| time cost : 0h 0m 24.343s
********************************************************************************************************************
Start the 4 rounds of NGS-ED iteration
	effective electronic model is modified as: kinetic energy t = 0.999478
	                                           effective interaction Vq = [  -0.112496,  -0.038676,-0.00407024,  -0.038676,  -0.038676,-0.00412213,-0.00396398,-0.00412213,-0.00407024,-0.00396398, -0.0348143,-0.00396398,  -0.038676,-0.00412213,-0.00396398,-0.00412213]
	PARPACK diagonalization completed after 30 matrix-vector product operations.
	iteration results: : total energy is -13.280167 | electron energy -13.280168 + phonon energy 0.000001 | electron momentum kIdx = 0
The 4-th iteration is completed.	|| time cost : 0h 0m 21.579s
********************************************************************************************************************
Start the 5 rounds of NGS-ED iteration
	effective electronic model is modified as: kinetic energy t = 0.999477
	                                           effective interaction Vq = [    -0.1125, -0.0386925,-0.00407122, -0.0386925, -0.0386925,-0.00412328,-0.00396469,-0.00412328,-0.00407122,-0.00396469,  -0.034819,-0.00396469, -0.0386925,-0.00412328,-0.00396469,-0.00412328]
	PARPACK diagonalization completed after 30 matrix-vector product operations.
	iteration results: : total energy is -13.280213 | electron energy -13.280214 + phonon energy 0.000001 | electron momentum kIdx = 0
	Nq(0) = 12.25,	Nq(1) = 0.154726,	Nq(2) = 0.185442,	Nq(3) = 0.154726,	Nq(4) = 0.154726,	Nq(5) = 0.203399,	Nq(6) = 0.235869,	Nq(7) = 0.203399,	Nq(8) = 0.185442,	Nq(9) = 0.235869,	Nq(10) = 0.276395,	Nq(11) = 0.235869,	Nq(12) = 0.154726,	Nq(13) = 0.203399,	Nq(14) = 0.235869,	Nq(15) = 0.203399,	Sq(0) = -4.62024e-18,	Sq(1) = 0.473917,	Sq(2) = 0.765956,	Sq(3) = 0.473917,	Sq(4) = 0.473917,	Sq(5) = 0.630419,	Sq(6) = 1.05276,	Sq(7) = 0.630419,	Sq(8) = 0.765956,	Sq(9) = 1.05276,	Sq(10) = 2.56644,	Sq(11) = 1.05276,	Sq(12) = 0.473917,	Sq(13) = 0.630419,	Sq(14) = 1.05276,	Sq(15) = 0.630419,	N(0) = 1.75535,	N(1) = 1.59196,	N(2) = 0.322766,	N(3) = 1.59196,	N(4) = 1.59196,	N(5) = 0.999714,	N(6) = 0.266802,	N(7) = 0.999714,	N(8) = 0.322766,	N(9) = 0.266802,	N(10) = 0.165214,	N(11) = 0.266802,	N(12) = 1.59196,	N(13) = 0.999714,	N(14) = 0.266802,	N(15) = 0.999714,	Delta[s](0) = 0.0796039,	Delta[s](1) = 0.0594688,	Delta[s](2) = 0.0355291,	Delta[s](3) = 0.0594688,	Delta[s](4) = 0.0594688,	Delta[s](5) = 0.0424676,	Delta[s](6) = 0.0195344,	Delta[s](7) = 0.0424676,	Delta[s](8) = 0.0355291,	Delta[s](9) = 0.0195344,	Delta[s](10) = 8.26483e-05,	Delta[s](11) = 0.0195344,	Delta[s](12) = 0.0594688,	Delta[s](13) = 0.0424676,	Delta[s](14) = 0.0195344,	Delta[s](15) = 0.0424676,	Delta[d](0) = 0.277523,	Delta[d](1) = 0.190134,	Delta[d](2) = 0.199973,	Delta[d](3) = 0.190134,	Delta[d](4) = 0.190134,	Delta[d](5) = 0.17685,	Delta[d](6) = 0.132552,	Delta[d](7) = 0.17685,	Delta[d](8) = 0.199973,	Delta[d](9) = 0.132552,	Delta[d](10) = 0.0534644,	Delta[d](11) = 0.132552,	Delta[d](12) = 0.190134,	Delta[d](13) = 0.17685,	Delta[d](14) = 0.132552,	Delta[d](15) = 0.17685,	Delta[s+](0) = 0.561391,	Delta[s+](1) = 0.417985,	Delta[s+](2) = 0.199973,	Delta[s+](3) = 0.417985,	Delta[s+](4) = 0.417985,	Delta[s+](5) = 0.292027,	Delta[s+](6) = 0.126229,	Delta[s+](7) = 0.292027,	Delta[s+](8) = 0.199973,	Delta[s+](9) = 0.126229,	Delta[s+](10) = 0.0381546,	Delta[s+](11) = 0.126229,	Delta[s+](12) = 0.417985,	Delta[s+](13) = 0.292027,	Delta[s+](14) = 0.126229,	Delta[s+](15) = 0.292027
The 5-th iteration is completed.	|| time cost : 0h 3m 58.091s
********************************************************************************************************************
********************************************************************************************************************
Ground state is obtained after 6 iterations. The current ground-state energy is -13.2802, in which electron energy is -13.2802 and phonon energy is 9.09815e-07
final variational state is: 
	Gamma_x = [      1,1.00016,1.00003,1.00016,1.00016,1.00003,1.00004,1.00003,1.00003,1.00004,1.00041,1.00004,1.00016,1.00003,1.00004,1.00003]
	lambda_q = [ 0.0937067, 0.0443776, 0.0129633, 0.0443776, 0.0443776, 0.0133263,-0.0122837, 0.0133263, 0.0129633,-0.0122837,-0.0351838,-0.0122837, 0.0443776, 0.0133263,-0.0122837, 0.0133263]
The effective e-e interactions mediated by phonons are: [    0.1125, 0.0386958,0.00407138, 0.0386958, 0.0386958,0.00412347,0.00396479,0.00412347,0.00407138,0.00396479, 0.0348196,0.00396479, 0.0386958,0.00412347,0.00396479,0.00412347]
The real-space interactions mediated by phonons are: [ -0.342599, -0.132065,-0.0391798, -0.111375, -0.147142, -0.148967,-0.0391798,-0.0413081, -0.138968,-0.0413081,-0.0391798, -0.148967, -0.147142, -0.111375,-0.0391798, -0.132065]
********************************************************************************************************************
o___o  ----------------------------------------
| L |	Time since last clock: 0h 0m 0s
A===A	Time since the beginning: 0h 17m 4.864s
***********************************************

********************************************************************************************************************
Start warm-up calculation for scaling factor 32
open output files: NGSEDWarmUpW6.4Obs.txt
********************************************************************************************************************
Start the 0 rounds of NGS-ED iteration
	effective electronic model is modified as: kinetic energy t = 0.999477
	                                           effective interaction Vq = [  -0.102827, -0.0325828,-0.00332439, -0.0325828, -0.0325828,-0.00338652,-0.00320353,-0.00338652,-0.00332439,-0.00320353, -0.0279028,-0.00320353, -0.0325828,-0.00338652,-0.00320353,-0.00338652]
	PARPACK diagonalization completed after 45 matrix-vector product operations.
	iteration results: : total energy is -13.154441 | electron energy -13.154441 + phonon energy 0.000000 | electron momentum kIdx = 0
	Nq(0) = 12.25,	Nq(1) = 0.154634,	Nq(2) = 0.185406,	Nq(3) = 0.154634,	Nq(4) = 0.154634,	Nq(5) = 0.203362,	Nq(6) = 0.235809,	Nq(7) = 0.203362,	Nq(8) = 0.185406,	Nq(9) = 0.235809,	Nq(10) = 0.276192,	Nq(11) = 0.235809,	Nq(12) = 0.154634,	Nq(13) = 0.203362,	Nq(14) = 0.235809,	Nq(15) = 0.203362,	Sq(0) = -1.50681e-18,	Sq(1) = 0.473973,	Sq(2) = 0.76604,	Sq(3) = 0.473973,	Sq(4) = 0.473973,	Sq(5) = 0.630479,	Sq(6) = 1.05281,	Sq(7) = 0.630479,	Sq(8) = 0.76604,	Sq(9) = 1.05281,	Sq(10) = 2.56665,	Sq(11) = 1.05281,	Sq(12) = 0.473973,	Sq(13) = 0.630479,	Sq(14) = 1.05281,	Sq(15) = 0.630479,	N(0) = 1.75519,	N(1) = 1.59173,	N(2) = 0.322902,	N(3) = 1.59173,	N(4) = 1.59173,	N(5) = 0.99974,	N(6) = 0.266958,	N(7) = 0.99974,	N(8) = 0.322902,	N(9) = 0.266958,	N(10) = 0.165302,	N(11) = 0.266958,	N(12) = 1.59173,	N(13) = 0.99974,	N(14) = 0.266958,	N(15) = 0.99974,	Delta[s](0) = 0.0795315,	Delta[s](1) = 0.0594167,	Delta[s](2) = 0.0355025,	Delta[s](3) = 0.0594167,	Delta[s](4) = 0.0594167,	Delta[s](5) = 0.0424307,	Delta[s](6) = 0.0195236,	Delta[s](7) = 0.0424307,	Delta[s](8) = 0.0355025,	Delta[s](9) = 0.0195236,	Delta[s](10) = 9.41098e-05,	Delta[s](11) = 0.0195236,	Delta[s](12) = 0.0594167,	Delta[s](13) = 0.0424307,	Delta[s](14) = 0.0195236,	Delta[s](15) = 0.0424307,	Delta[d](0) = 0.277707,	Delta[d](1) = 0.190388,	Delta[d](2) = 0.200224,	Delta[d](3) = 0.190388,	Delta[d](4) = 0.190388,	Delta[d](5) = 0.177077,	Delta[d](6) = 0.132743,	Delta[d](7) = 0.177077,	Delta[d](8) = 0.200224,	Delta[d](9) = 0.132743,	Delta[d](10) = 0.0535427,	Delta[d](11) = 0.132743,	Delta[d](12) = 0.190388,	Delta[d](13) = 0.177077,	Delta[d](14) = 0.132743,	Delta[d](15) = 0.177077,	Delta[s+](0) = 0.561991,	Delta[s+](1) = 0.418436,	Delta[s+](2) = 0.200224,	Delta[s+](3) = 0.418436,	Delta[s+](4) = 0.418436,	Delta[s+](5) = 0.292359,	Delta[s+](6) = 0.126402,	Delta[s+](7) = 0.292359,	Delta[s+](8) = 0.200224,	Delta[s+](9) = 0.126402,	Delta[s+](10) = 0.0382243,	Delta[s+](11) = 0.126402,	Delta[s+](12) = 0.418436,	Delta[s+](13) = 0.292359,	Delta[s+](14) = 0.126402,	Delta[s+](15) = 0.292359
The 0-th iteration is completed.	|| time cost : 0h 4m 1.196s
********************************************************************************************************************
Start the 1 rounds of NGS-ED iteration
	effective electronic model is modified as: kinetic energy t = 0.999403
	                                           effective interaction Vq = [  -0.109811, -0.0345412,-0.00344848, -0.0345412, -0.0345412,-0.00353139, -0.0032866,-0.00353139,-0.00344848, -0.0032866, -0.0283332, -0.0032866, -0.0345412,-0.00353139, -0.0032866,-0.00353139]
	PARPACK diagonalization completed after 45 matrix-vector product operations.
	iteration results: : total energy is -13.240302 | electron energy -13.240304 + phonon energy 0.000002 | electron momentum kIdx = 0
The 1-th iteration is completed.	|| time cost : 0h 0m 24.436s
********************************************************************************************************************
Start the 2 rounds of NGS-ED iteration
	effective electronic model is modified as: kinetic energy t = 0.999376
	                                           effective interaction Vq = [  -0.111752,  -0.035204,-0.00348411,  -0.035204,  -0.035204,-0.00357469,-0.00330848,-0.00357469,-0.00348411,-0.00330848, -0.0284391,-0.00330848,  -0.035204,-0.00357469,-0.00330848,-0.00357469]
	PARPACK diagonalization completed after 45 matrix-vector product operations.
	iteration results: : total energy is -13.264130 | electron energy -13.264132 + phonon energy 0.000002 | electron momentum kIdx = 0
The 2-th iteration is completed.	|| time cost : 0h 0m 24.428s
********************************************************************************************************************
Start the 3 rounds of NGS-ED iteration
	effective electronic model is modified as: kinetic energy t = 0.999366
	                                           effective interaction Vq = [  -0.112292, -0.0354424,-0.00349461, -0.0354424, -0.0354424,-0.00358806,-0.00331434,-0.00358806,-0.00349461,-0.00331434, -0.0284655,-0.00331434, -0.0354424,-0.00358806,-0.00331434,-0.00358806]
	PARPACK diagonalization completed after 30 matrix-vector product operations.
	iteration results: : total energy is -13.270749 | electron energy -13.270751 + phonon energy 0.000002 | electron momentum kIdx = 0
The 3-th iteration is completed.	|| time cost : 0h 0m 21.628s
********************************************************************************************************************
Start the 4 rounds of NGS-ED iteration
	effective electronic model is modified as: kinetic energy t = 0.999362
	                                           effective interaction Vq = [  -0.112442, -0.0355305,-0.00349773, -0.0355305, -0.0355305,-0.00359223,-0.00331592,-0.00359223,-0.00349773,-0.00331592, -0.0284722,-0.00331592, -0.0355305,-0.00359223,-0.00331592,-0.00359223]
	PARPACK diagonalization completed after 30 matrix-vector product operations.
	iteration results: : total energy is -13.272588 | electron energy -13.272591 + phonon energy 0.000002 | electron momentum kIdx = 0
The 4-th iteration is completed.	|| time cost : 0h 0m 21.593s
********************************************************************************************************************
Start the 5 rounds of NGS-ED iteration
	effective electronic model is modified as: kinetic energy t = 0.999361
	                                           effective interaction Vq = [  -0.112484, -0.0355633,-0.00349866, -0.0355633, -0.0355633,-0.00359353,-0.00331634,-0.00359353,-0.00349866,-0.00331634, -0.0284738,-0.00331634, -0.0355633,-0.00359353,-0.00331634,-0.00359353]
	PARPACK diagonalization completed after 30 matrix-vector product operations.
	iteration results: : total energy is -13.273100 | electron energy -13.273102 + phonon energy 0.000003 | electron momentum kIdx = 0
The 5-th iteration is completed.	|| time cost : 0h 0m 21.6s
********************************************************************************************************************
Start the 6 rounds of NGS-ED iteration
	effective electronic model is modified as: kinetic energy t = 0.999361
	                                           effective interaction Vq = [  -0.112496, -0.0355756,-0.00349894, -0.0355756, -0.0355756,-0.00359394,-0.00331646,-0.00359394,-0.00349894,-0.00331646, -0.0284743,-0.00331646, -0.0355756,-0.00359394,-0.00331646,-0.00359394]
	PARPACK diagonalization completed after 30 matrix-vector product operations.
	iteration results: : total energy is -13.273242 | electron energy -13.273244 + phonon energy 0.000003 | electron momentum kIdx = 0
	Nq(0) = 12.25,	Nq(1) = 0.154668,	Nq(2) = 0.1854,	Nq(3) = 0.154668,	Nq(4) = 0.154668,	Nq(5) = 0.203352,	Nq(6) = 0.235802,	Nq(7) = 0.203352,	Nq(8) = 0.1854,	Nq(9) = 0.235802,	Nq(10) = 0.276197,	Nq(11) = 0.235802,	Nq(12) = 0.154668,	Nq(13) = 0.203352,	Nq(14) = 0.235802,	Nq(15) = 0.203352,	Sq(0) = 1.08898e-18,	Sq(1) = 0.473939,	Sq(2) = 0.76603,	Sq(3) = 0.473939,	Sq(4) = 0.473939,	Sq(5) = 0.630468,	Sq(6) = 1.05285,	Sq(7) = 0.630468,	Sq(8) = 0.76603,	Sq(9) = 1.05285,	Sq(10) = 2.56661,	Sq(11) = 1.05285,	Sq(12) = 0.473939,	Sq(13) = 0.630468,	Sq(14) = 1.05285,	Sq(15) = 0.630468,	N(0) = 1.7552,	N(1) = 1.59175,	N(2) = 0.32291,	N(3) = 1.59175,	N(4) = 1.59175,	N(5) = 0.999726,	N(6) = 0.266946,	N(7) = 0.999726,	N(8) = 0.32291,	N(9) = 0.266946,	N(10) = 0.165312,	N(11) = 0.266946,	N(12) = 1.59175,	N(13) = 0.999726,	N(14) = 0.266946,	N(15) = 0.999726,	Delta[s](0) = 0.0795285,	Delta[s](1) = 0.0594162,	Delta[s](2) = 0.0355046,	Delta[s](3) = 0.0594162,	Delta[s](4) = 0.0594162,	Delta[s](5) = 0.0424321,	Delta[s](6) = 0.0195277,	Delta[s](7) = 0.0424321,	Delta[s](8) = 0.0355046,	Delta[s](9) = 0.0195277,	Delta[s](10) = 0.000100855,	Delta[s](11) = 0.0195277,	Delta[s](12) = 0.0594162,	Delta[s](13) = 0.0424321,	Delta[s](14) = 0.0195277,	Delta[s](15) = 0.0424321,	Delta[d](0) = 0.278144,	Delta[d](1) = 0.190666,	Delta[d](2) = 0.200501,	Delta[d](3) = 0.190666,	Delta[d](4) = 0.190666,	Delta[d](5) = 0.177329,	Delta[d](6) = 0.132928,	Delta[d](7) = 0.177329,	Delta[d](8) = 0.200501,	Delta[d](9) = 0.132928,	Delta[d](10) = 0.0536274,	Delta[d](11) = 0.132928,	Delta[d](12) = 0.190666,	Delta[d](13) = 0.177329,	Delta[d](14) = 0.132928,	Delta[d](15) = 0.177329,	Delta[s+](0) = 0.562748,	Delta[s+](1) = 0.419,	Delta[s+](2) = 0.200501,	Delta[s+](3) = 0.419,	Delta[s+](4) = 0.419,	Delta[s+](5) = 0.292753,	Delta[s+](6) = 0.126577,	Delta[s+](7) = 0.292753,	Delta[s+](8) = 0.200501,	Delta[s+](9) = 0.126577,	Delta[s+](10) = 0.0382818,	Delta[s+](11) = 0.126577,	Delta[s+](12) = 0.419,	Delta[s+](13) = 0.292753,	Delta[s+](14) = 0.126577,	Delta[s+](15) = 0.292753
The 6-th iteration is completed.	|| time cost : 0h 4m 0.729s
********************************************************************************************************************
********************************************************************************************************************
Ground state is obtained after 7 iterations. The current ground-state energy is -13.2732, in which electron energy is -13.2732 and phonon energy is 2.54681e-06
final variational state is: 
	Gamma_x = [      1,1.00044,1.00006,1.00044,1.00044,1.00007,1.00008,1.00007,1.00006,1.00008,1.00087,1.00008,1.00044,1.00007,1.00008,1.00007]
	lambda_q = [  0.132142, 0.0518236, 0.0140104, 0.0518236, 0.0518236, 0.0146189,-0.0129178, 0.0146189, 0.0140104,-0.0129178, -0.036202,-0.0129178, 0.0518236, 0.0146189,-0.0129178, 0.0146189]
The effective e-e interactions mediated by phonons are: [  0.112499, 0.0355802,0.00349902, 0.0355802, 0.0355802,0.00359407,0.00331649,0.00359407,0.00349902,0.00331649, 0.0284744,0.00331649, 0.0355802,0.00359407,0.00331649,0.00359407]
The real-space interactions mediated by phonons are: [ -0.317934, -0.133494,-0.0448374, -0.109199, -0.148552, -0.144121,-0.0448374, -0.049185, -0.133595, -0.049185,-0.0448374, -0.144121, -0.148552, -0.109199,-0.0448374, -0.133494]
********************************************************************************************************************
o___o  ----------------------------------------
| L |	Time since last clock: 0h 0m 0s
A===A	Time since the beginning: 0h 27m 0.48s
***********************************************

********************************************************************************************************************
Start warm-up calculation for scaling factor 16
open output files: NGSEDWarmUpW3.2Obs.txt
********************************************************************************************************************
Start the 0 rounds of NGS-ED iteration
	effective electronic model is modified as: kinetic energy t = 0.99936
	                                           effective interaction Vq = [  -0.102694, -0.0287188,-0.00273436, -0.0287188, -0.0287188,-0.00282466,-0.00256629,-0.00282466,-0.00273436,-0.00256629, -0.0218716,-0.00256629, -0.0287188,-0.00282466,-0.00256629,-0.00282466]
	PARPACK diagonalization completed after 45 matrix-vector product operations.
	iteration results: : total energy is -13.145485 | electron energy -13.145487 + phonon energy 0.000001 | electron momentum kIdx = 0
	Nq(0) = 12.25,	Nq(1) = 0.154567,	Nq(2) = 0.185364,	Nq(3) = 0.154567,	Nq(4) = 0.154567,	Nq(5) = 0.203315,	Nq(6) = 0.235742,	Nq(7) = 0.203315,	Nq(8) = 0.185364,	Nq(9) = 0.235742,	Nq(10) = 0.275998,	Nq(11) = 0.235742,	Nq(12) = 0.154567,	Nq(13) = 0.203315,	Nq(14) = 0.235742,	Nq(15) = 0.203315,	Sq(0) = 2.69444e-18,	Sq(1) = 0.474004,	Sq(2) = 0.766118,	Sq(3) = 0.474004,	Sq(4) = 0.474004,	Sq(5) = 0.630531,	Sq(6) = 1.05289,	Sq(7) = 0.630531,	Sq(8) = 0.766118,	Sq(9) = 1.05289,	Sq(10) = 2.56682,	Sq(11) = 1.05289,	Sq(12) = 0.474004,	Sq(13) = 0.630531,	Sq(14) = 1.05289,	Sq(15) = 0.630531,	N(0) = 1.75504,	N(1) = 1.5915,	N(2) = 0.323051,	N(3) = 1.5915,	N(4) = 1.5915,	N(5) = 0.999756,	N(6) = 0.267107,	N(7) = 0.999756,	N(8) = 0.323051,	N(9) = 0.267107,	N(10) = 0.1654,	N(11) = 0.267107,	N(12) = 1.5915,	N(13) = 0.999756,	N(14) = 0.267107,	N(15) = 0.999756,	Delta[s](0) = 0.0794673,	Delta[s](1) = 0.0593689,	Delta[s](2) = 0.0354756,	Delta[s](3) = 0.0593689,	Delta[s](4) = 0.0593689,	Delta[s](5) = 0.042395,	Delta[s](6) = 0.0195095,	Delta[s](7) = 0.042395,	Delta[s](8) = 0.0354756,	Delta[s](9) = 0.0195095,	Delta[s](10) = 9.91508e-05,	Delta[s](11) = 0.0195095,	Delta[s](12) = 0.0593689,	Delta[s](13) = 0.042395,	Delta[s](14) = 0.0195095,	Delta[s](15) = 0.042395,	Delta[d](0) = 0.278334,	Delta[d](1) = 0.190911,	Delta[d](2) = 0.200753,	Delta[d](3) = 0.190911,	Delta[d](4) = 0.190911,	Delta[d](5) = 0.177552,	Delta[d](6) = 0.133114,	Delta[d](7) = 0.177552,	Delta[d](8) = 0.200753,	Delta[d](9) = 0.133114,	Delta[d](10) = 0.0536992,	Delta[d](11) = 0.133114,	Delta[d](12) = 0.190911,	Delta[d](13) = 0.177552,	Delta[d](14) = 0.133114,	Delta[d](15) = 0.177552,	Delta[s+](0) = 0.563377,	Delta[s+](1) = 0.419471,	Delta[s+](2) = 0.200753,	Delta[s+](3) = 0.419471,	Delta[s+](4) = 0.419471,	Delta[s+](5) = 0.293096,	Delta[s+](6) = 0.126748,	Delta[s+](7) = 0.293096,	Delta[s+](8) = 0.200753,	Delta[s+](9) = 0.126748,	Delta[s+](10) = 0.0383451,	Delta[s+](11) = 0.126748,	Delta[s+](12) = 0.419471,	Delta[s+](13) = 0.293096,	Delta[s+](14) = 0.126748,	Delta[s+](15) = 0.293096
The 0-th iteration is completed.	|| time cost : 0h 4m 1.584s
********************************************************************************************************************
Start the 1 rounds of NGS-ED iteration
	effective electronic model is modified as: kinetic energy t = 0.99937
	                                           effective interaction Vq = [  -0.107329, -0.0291897,-0.00268563, -0.0291897, -0.0291897,-0.00279568,-0.00248196,-0.00279568,-0.00268563,-0.00248196,  -0.020865,-0.00248196, -0.0291897,-0.00279568,-0.00248196,-0.00279568]
	PARPACK diagonalization completed after 45 matrix-vector product operations.
	iteration results: : total energy is -13.202324 | electron energy -13.202326 + phonon energy 0.000003 | electron momentum kIdx = 0
The 1-th iteration is completed.	|| time cost : 0h 0m 24.458s
********************************************************************************************************************
Start the 2 rounds of NGS-ED iteration
	effective electronic model is modified as: kinetic energy t = 0.99937
	                                           effective interaction Vq = [  -0.109773, -0.0294298,-0.00266546, -0.0294298, -0.0294298, -0.0027831, -0.0024503, -0.0027831,-0.00266546, -0.0024503, -0.0205208, -0.0024503, -0.0294298, -0.0027831, -0.0024503, -0.0027831]
	PARPACK diagonalization completed after 45 matrix-vector product operations.
	iteration results: : total energy is -13.232276 | electron energy -13.232279 + phonon energy 0.000004 | electron momentum kIdx = 0
The 2-th iteration is completed.	|| time cost : 0h 0m 24.389s
********************************************************************************************************************
Start the 3 rounds of NGS-ED iteration
	effective electronic model is modified as: kinetic energy t = 0.999369
	                                           effective interaction Vq = [  -0.111062, -0.0295531,-0.00265716, -0.0295531, -0.0295531,-0.00277767,-0.00243852,-0.00277767,-0.00265716,-0.00243852, -0.0204046,-0.00243852, -0.0295531,-0.00277767,-0.00243852,-0.00277767]
	PARPACK diagonalization completed after 30 matrix-vector product operations.
	iteration results: : total energy is -13.248066 | electron energy -13.248070 + phonon energy 0.000004 | electron momentum kIdx = 0
The 3-th iteration is completed.	|| time cost : 0h 0m 21.588s
********************************************************************************************************************
Start the 4 rounds of NGS-ED iteration
	effective electronic model is modified as: kinetic energy t = 0.999368
	                                           effective interaction Vq = [  -0.111742, -0.0296168,-0.00265376, -0.0296168, -0.0296168,-0.00277533,-0.00243416,-0.00277533,-0.00265376,-0.00243416, -0.0203656,-0.00243416, -0.0296168,-0.00277533,-0.00243416,-0.00277533]
	PARPACK diagonalization completed after 30 matrix-vector product operations.
	iteration results: : total energy is -13.256392 | electron energy -13.256396 + phonon energy 0.000004 | electron momentum kIdx = 0
The 4-th iteration is completed.	|| time cost : 0h 0m 21.606s
********************************************************************************************************************
Start the 5 rounds of NGS-ED iteration
	effective electronic model is modified as: kinetic energy t = 0.999367
	                                           effective interaction Vq = [    -0.1121, -0.0296497,-0.00265236, -0.0296497, -0.0296497,-0.00277432,-0.00243254,-0.00277432,-0.00265236,-0.00243254, -0.0203525,-0.00243254, -0.0296497,-0.00277432,-0.00243254,-0.00277432]
	PARPACK diagonalization completed after 30 matrix-vector product operations.
	iteration results: : total energy is -13.260782 | electron energy -13.260787 + phonon energy 0.000005 | electron momentum kIdx = 0
The 5-th iteration is completed.	|| time cost : 0h 0m 21.599s
********************************************************************************************************************
Start the 6 rounds of NGS-ED iteration
	effective electronic model is modified as: kinetic energy t = 0.999366
	                                           effective interaction Vq = [  -0.112289, -0.0296668,-0.00265179, -0.0296668, -0.0296668,-0.00277389,-0.00243194,-0.00277389,-0.00265179,-0.00243194, -0.0203482,-0.00243194, -0.0296668,-0.00277389,-0.00243194,-0.00277389]
	PARPACK diagonalization completed after 30 matrix-vector product operations.
	iteration results: : total energy is -13.263097 | electron energy -13.263101 + phonon energy 0.000005 | electron momentum kIdx = 0
The 6-th iteration is completed.	|| time cost : 0h 0m 21.579s
********************************************************************************************************************
Start the 7 rounds of NGS-ED iteration
	effective electronic model is modified as: kinetic energy t = 0.999366
	                                           effective interaction Vq = [  -0.112389, -0.0296757,-0.00265156, -0.0296757, -0.0296757, -0.0027737,-0.00243172, -0.0027737,-0.00265156,-0.00243172, -0.0203468,-0.00243172, -0.0296757, -0.0027737,-0.00243172, -0.0027737]
	PARPACK diagonalization completed after 30 matrix-vector product operations.
	iteration results: : total energy is -13.264317 | electron energy -13.264322 + phonon energy 0.000005 | electron momentum kIdx = 0
The 7-th iteration is completed.	|| time cost : 0h 0m 21.64s
********************************************************************************************************************
Start the 8 rounds of NGS-ED iteration
	effective electronic model is modified as: kinetic energy t = 0.999366
	                                           effective interaction Vq = [  -0.112441, -0.0296803,-0.00265146, -0.0296803, -0.0296803,-0.00277362,-0.00243164,-0.00277362,-0.00265146,-0.00243164, -0.0203463,-0.00243164, -0.0296803,-0.00277362,-0.00243164,-0.00277362]
	PARPACK diagonalization completed after 30 matrix-vector product operations.
	iteration results: : total energy is -13.264961 | electron energy -13.264966 + phonon energy 0.000005 | electron momentum kIdx = 0
The 8-th iteration is completed.	|| time cost : 0h 0m 21.602s
********************************************************************************************************************
Start the 9 rounds of NGS-ED iteration
	effective electronic model is modified as: kinetic energy t = 0.999366
	                                           effective interaction Vq = [  -0.112469, -0.0296826,-0.00265142, -0.0296826, -0.0296826,-0.00277358,-0.00243161,-0.00277358,-0.00265142,-0.00243161, -0.0203461,-0.00243161, -0.0296826,-0.00277358,-0.00243161,-0.00277358]
	PARPACK diagonalization completed after 30 matrix-vector product operations.
	iteration results: : total energy is -13.265300 | electron energy -13.265305 + phonon energy 0.000005 | electron momentum kIdx = 0
The 9-th iteration is completed.	|| time cost : 0h 0m 21.593s
********************************************************************************************************************
Start the 10 rounds of NGS-ED iteration
	effective electronic model is modified as: kinetic energy t = 0.999366
	                                           effective interaction Vq = [  -0.112484, -0.0296839,-0.00265141, -0.0296839, -0.0296839,-0.00277357, -0.0024316,-0.00277357,-0.00265141, -0.0024316, -0.0203461, -0.0024316, -0.0296839,-0.00277357, -0.0024316,-0.00277357]
	PARPACK diagonalization completed after 30 matrix-vector product operations.
	iteration results: : total energy is -13.265479 | electron energy -13.265484 + phonon energy 0.000005 | electron momentum kIdx = 0
	Nq(0) = 12.25,	Nq(1) = 0.154579,	Nq(2) = 0.18536,	Nq(3) = 0.154579,	Nq(4) = 0.154579,	Nq(5) = 0.203309,	Nq(6) = 0.235736,	Nq(7) = 0.203309,	Nq(8) = 0.18536,	Nq(9) = 0.235736,	Nq(10) = 0.275965,	Nq(11) = 0.235736,	Nq(12) = 0.154579,	Nq(13) = 0.203309,	Nq(14) = 0.235736,	Nq(15) = 0.203309,	Sq(0) = -6.5929e-19,	Sq(1) = 0.473991,	Sq(2) = 0.76612,	Sq(3) = 0.473991,	Sq(4) = 0.473991,	Sq(5) = 0.63053,	Sq(6) = 1.05292,	Sq(7) = 0.63053,	Sq(8) = 0.76612,	Sq(9) = 1.05292,	Sq(10) = 2.56683,	Sq(11) = 1.05292,	Sq(12) = 0.473991,	Sq(13) = 0.63053,	Sq(14) = 1.05292,	Sq(15) = 0.63053,	N(0) = 1.75503,	N(1) = 1.5915,	N(2) = 0.323055,	N(3) = 1.5915,	N(4) = 1.5915,	N(5) = 0.999751,	N(6) = 0.267114,	N(7) = 0.999751,	N(8) = 0.323055,	N(9) = 0.267114,	N(10) = 0.165411,	N(11) = 0.267114,	N(12) = 1.5915,	N(13) = 0.999751,	N(14) = 0.267114,	N(15) = 0.999751,	Delta[s](0) = 0.0794645,	Delta[s](1) = 0.059367,	Delta[s](2) = 0.0354745,	Delta[s](3) = 0.059367,	Delta[s](4) = 0.059367,	Delta[s](5) = 0.0423936,	Delta[s](6) = 0.0195091,	Delta[s](7) = 0.0423936,	Delta[s](8) = 0.0354745,	Delta[s](9) = 0.0195091,	Delta[s](10) = 9.97557e-05,	Delta[s](11) = 0.0195091,	Delta[s](12) = 0.059367,	Delta[s](13) = 0.0423936,	Delta[s](14) = 0.0195091,	Delta[s](15) = 0.0423936,	Delta[d](0) = 0.27928,	Delta[d](1) = 0.191552,	Delta[d](2) = 0.201421,	Delta[d](3) = 0.191552,	Delta[d](4) = 0.191552,	Delta[d](5) = 0.178145,	Delta[d](6) = 0.133558,	Delta[d](7) = 0.178145,	Delta[d](8) = 0.201421,	Delta[d](9) = 0.133558,	Delta[d](10) = 0.0538821,	Delta[d](11) = 0.133558,	Delta[d](12) = 0.191552,	Delta[d](13) = 0.178145,	Delta[d](14) = 0.133558,	Delta[d](15) = 0.178145,	Delta[s+](0) = 0.565241,	Delta[s+](1) = 0.42086,	Delta[s+](2) = 0.201421,	Delta[s+](3) = 0.42086,	Delta[s+](4) = 0.42086,	Delta[s+](5) = 0.294066,	Delta[s+](6) = 0.127169,	Delta[s+](7) = 0.294066,	Delta[s+](8) = 0.201421,	Delta[s+](9) = 0.127169,	Delta[s+](10) = 0.0384746,	Delta[s+](11) = 0.127169,	Delta[s+](12) = 0.42086,	Delta[s+](13) = 0.294066,	Delta[s+](14) = 0.127169,	Delta[s+](15) = 0.294066
The 10-th iteration is completed.	|| time cost : 0h 3m 57.769s
********************************************************************************************************************
********************************************************************************************************************
Ground state is obtained after 11 iterations. The current ground-state energy is -13.2655, in which electron energy is -13.2655 and phonon energy is 4.87697e-06
final variational state is: 
	Gamma_x = [      1,1.00098,1.00012,1.00098,1.00098,1.00013,1.00014,1.00013,1.00012,1.00014,1.00145,1.00014,1.00098,1.00013,1.00014,1.00013]
	lambda_q = [  0.185861, 0.0543637, 0.0134649, 0.0543637, 0.0543637, 0.0142726,-0.0120761, 0.0142726, 0.0134649,-0.0120761,-0.0331394,-0.0120761, 0.0543637, 0.0142726,-0.0120761, 0.0142726]
The effective e-e interactions mediated by phonons are: [  0.112491, 0.0296845, 0.0026514, 0.0296845, 0.0296845,0.00277356, 0.0024316,0.00277356, 0.0026514, 0.0024316, 0.0203461, 0.0024316, 0.0296845,0.00277356, 0.0024316,0.00277356]
The real-space interactions mediated by phonons are: [ -0.277699, -0.132936,-0.0557737, -0.107603, -0.146651, -0.137101,-0.0557737,-0.0617203, -0.127046,-0.0617203,-0.0557737, -0.137101, -0.146651, -0.107603,-0.0557737, -0.132936]
********************************************************************************************************************
o___o  ----------------------------------------
| L |	Time since last clock: 0h 0m 0s
A===A	Time since the beginning: 0h 38m 19.891s
***********************************************

********************************************************************************************************************
Start warm-up calculation for scaling factor 8
open output files: NGSEDWarmUpW1.6Obs.txt
********************************************************************************************************************
Start the 0 rounds of NGS-ED iteration
	effective electronic model is modified as: kinetic energy t = 0.999366
	                                           effective interaction Vq = [  -0.102437, -0.0229488,-0.00199498, -0.0229488, -0.0229488,-0.00209621,-0.00181605,-0.00209621,-0.00199498,-0.00181605, -0.0151147,-0.00181605, -0.0229488,-0.00209621,-0.00181605,-0.00209621]
	PARPACK diagonalization completed after 45 matrix-vector product operations.
