SNEDics v3.4 Non-Gaussian ED ground state program		Start at Sat Oct  5 18:16:18 2019

parallized on 16 MPI threads  * 8 OpenMP threads = 128 total threads.
********************************************************************************************************************
********************************************************************************************************************

********************************************************************************************************************
System parameters and configurations
********************************************************************************************************************
Special program options are enabled: splitted diagonal Hamiltonian
********************************************************************************************************************
Read input file "model_params.in"
	Hubbard-Holstein model parameters : 	t = 1    U = 6    g = 0.2449    W = 0.2    t' = -0.3    
********************************************************************************************************************
Read input file "hilbertspace_params.in"
	Requested 16-site 2D lattice, with 14 electrons (7, 7)
	Boundary : Periodic		Hilbert space representation : momentum-space (restricted to kIdx = 0)
	Conservation: particle number[U(1)]      spin[U(1)]     momentum
********************************************************************************************************************

Cluster Positions:				Cluster symmetry group : D4
 x ... x ... x ... x .....                       x ... x ... x ... x .....
 |           |           :                       |           |           :
 |           |           :                       |           |           :
12    13    14    15     x                       1     5     6     5     x
 |           |           :                       |           |           :
 |           |           :                       |           |           :
 8 --- 9 ---10 ---11 --- x                       2 --- 6 ---10 --- 6 --- x
 |           |           :                       |           |           :
 |           |           :                       |           |           :
 4     5     6     7     x                       1     5     6     5     x
 |           |           :                       |           |           :
 |           |           :                       |           |           :
 0 --- 1 --- 2 --- 3 --- x                       0 --- 1 --- 2 --- 1 --- x
orbital number : 1
********************************************************************************************************************
Read input file "obs_params.in"
	Observable Type : Nq(All),   Sq(All),   N(All),   Delta[s](All),   Delta[d](All),   Delta[s+](All)
********************************************************************************************************************
** WARNING ** the input observables have non-local factors which have been reinterpreted. The total observable number is 96
********************************************************************************************************************


********************************************************************************************************************
Start calculating the non-Gaussian ED ground state
** WARNING ** Detected low phonon energy W < 10. The initial state will be prepared through a warm-up process.
********************************************************************************************************************
Start warm-up calculation for scaling factor 64
open output files: NGSEDWarmUpW12Obs.txt
********************************************************************************************************************
Start the 0 rounds of NGS-ED iteration
	effective electronic model is modified as: kinetic energy t = 1, t' = -0.3
	                                           effective interaction Vq = [-0,-0,-0,-0,-0,-0,-0,-0,-0,-0,-0,-0,-0,-0,-0,-0]
	first Hamiltonian is constructed, non-zero numbers = 2180116564
	PARPACK diagonalization completed after 90 matrix-vector product operations.
	iteration results: : total energy is -14.282011 | electron energy -14.282011 + phonon energy 0.000000 | electron momentum kIdx = 0
	Nq(0) = 12.25,	Nq(1) = 0.195172,	Nq(2) = 0.256919,	Nq(3) = 0.195172,	Nq(4) = 0.195172,	Nq(5) = 0.264859,	Nq(6) = 0.313057,	Nq(7) = 0.264859,	Nq(8) = 0.256919,	Nq(9) = 0.313057,	Nq(10) = 0.351229,	Nq(11) = 0.313057,	Nq(12) = 0.195172,	Nq(13) = 0.264859,	Nq(14) = 0.313057,	Nq(15) = 0.264859,	Sq(0) = 7.91987e-18,	Sq(1) = 0.466692,	Sq(2) = 0.418936,	Sq(3) = 0.466692,	Sq(4) = 0.466692,	Sq(5) = 1.09548,	Sq(6) = 0.952774,	Sq(7) = 1.09548,	Sq(8) = 0.418936,	Sq(9) = 0.952774,	Sq(10) = 0.894937,	Sq(11) = 0.952774,	Sq(12) = 0.466692,	Sq(13) = 1.09548,	Sq(14) = 0.952774,	Sq(15) = 1.09548,	N(0) = 1.7638,	N(1) = 1.74524,	N(2) = 1.5871,	N(3) = 1.74524,	N(4) = 1.74524,	N(5) = 0.326762,	N(6) = 0.17339,	N(7) = 0.326762,	N(8) = 1.5871,	N(9) = 0.17339,	N(10) = 0.0804267,	N(11) = 0.17339,	N(12) = 1.74524,	N(13) = 0.326762,	N(14) = 0.17339,	N(15) = 0.326762,	Delta[s](0) = 0.127268,	Delta[s](1) = 0.0954194,	Delta[s](2) = 0.0763552,	Delta[s](3) = 0.0954194,	Delta[s](4) = 0.0954194,	Delta[s](5) = 0.0606326,	Delta[s](6) = 0.0445872,	Delta[s](7) = 0.0606326,	Delta[s](8) = 0.0763552,	Delta[s](9) = 0.0445872,	Delta[s](10) = 0.0211734,	Delta[s](11) = 0.0445872,	Delta[s](12) = 0.0954194,	Delta[s](13) = 0.0606326,	Delta[s](14) = 0.0445872,	Delta[s](15) = 0.0606326,	Delta[d](0) = 0.511378,	Delta[d](1) = 0.295034,	Delta[d](2) = 0.342406,	Delta[d](3) = 0.295034,	Delta[d](4) = 0.295034,	Delta[d](5) = 0.185529,	Delta[d](6) = 0.281132,	Delta[d](7) = 0.185529,	Delta[d](8) = 0.342406,	Delta[d](9) = 0.281132,	Delta[d](10) = 0.349129,	Delta[d](11) = 0.281132,	Delta[d](12) = 0.295034,	Delta[d](13) = 0.185529,	Delta[d](14) = 0.281132,	Delta[d](15) = 0.185529,	Delta[s+](0) = 0.54384,	Delta[s+](1) = 0.403978,	Delta[s+](2) = 0.342406,	Delta[s+](3) = 0.403978,	Delta[s+](4) = 0.403978,	Delta[s+](5) = 0.189267,	Delta[s+](6) = 0.100085,	Delta[s+](7) = 0.189267,	Delta[s+](8) = 0.342406,	Delta[s+](9) = 0.100085,	Delta[s+](10) = 0.0237735,	Delta[s+](11) = 0.100085,	Delta[s+](12) = 0.403978,	Delta[s+](13) = 0.189267,	Delta[s+](14) = 0.100085,	Delta[s+](15) = 0.189267
The 0-th iteration is completed.	|| time cost : 0h 6m 40.547s
********************************************************************************************************************
Start the 1 rounds of NGS-ED iteration
	effective electronic model is modified as: kinetic energy t = 0.988224, t' = -0.296499
	                                           effective interaction Vq = [-0.276698,-0.274271,-0.273002,-0.274271,-0.274271,-0.274933,-0.275226,-0.274933,-0.273002,-0.275226,-0.276754,-0.275226,-0.274271,-0.274933,-0.275226,-0.274933]
	PARPACK diagonalization completed after 45 matrix-vector product operations.
	iteration results: : total energy is -18.542203 | electron energy -18.542337 + phonon energy 0.000135 | electron momentum kIdx = 0
The 1-th iteration is completed.	|| time cost : 0h 5m 41.087s
********************************************************************************************************************
Start the 2 rounds of NGS-ED iteration
	effective electronic model is modified as: kinetic energy t = 0.981161, t' = -0.294425
	                                           effective interaction Vq = [-0.298088,-0.296592,-0.295654,-0.296592,-0.296592, -0.29704,-0.297222, -0.29704,-0.295654,-0.297222,-0.298115,-0.297222,-0.296592, -0.29704,-0.297222, -0.29704]
	PARPACK diagonalization completed after 30 matrix-vector product operations.
	iteration results: : total energy is -18.744219 | electron energy -18.744959 + phonon energy 0.000741 | electron momentum kIdx = 0
The 2-th iteration is completed.	|| time cost : 0h 0m 22.568s
********************************************************************************************************************
Start the 3 rounds of NGS-ED iteration
	effective electronic model is modified as: kinetic energy t = 0.979007, t' = -0.2938
	                                           effective interaction Vq = [-0.299742,-0.298971,-0.298319,-0.298971,-0.298971,-0.299242,-0.299342,-0.299242,-0.298319,-0.299342,-0.299746,-0.299342,-0.298971,-0.299242,-0.299342,-0.299242]
	PARPACK diagonalization completed after 30 matrix-vector product operations.
	iteration results: : total energy is -18.726973 | electron energy -18.728092 + phonon energy 0.001119 | electron momentum kIdx = 0
The 3-th iteration is completed.	|| time cost : 0h 0m 22.661s
********************************************************************************************************************
Start the 4 rounds of NGS-ED iteration
	effective electronic model is modified as: kinetic energy t = 0.978413, t' = -0.293629
	                                           effective interaction Vq = [-0.299869,-0.299353,-0.298795,-0.299353,-0.299353,-0.299564,-0.299637,-0.299564,-0.298795,-0.299637, -0.29987,-0.299637,-0.299353,-0.299564,-0.299637,-0.299564]
	PARPACK diagonalization completed after 30 matrix-vector product operations.
	iteration results: : total energy is -18.716991 | electron energy -18.718240 + phonon energy 0.001249 | electron momentum kIdx = 0
The 4-th iteration is completed.	|| time cost : 0h 0m 22.605s
********************************************************************************************************************
Start the 5 rounds of NGS-ED iteration
	effective electronic model is modified as: kinetic energy t = 0.978253, t' = -0.293584
	                                           effective interaction Vq = [-0.299879,-0.299436,-0.298904,-0.299436,-0.299436,-0.299632,-0.299696,-0.299632,-0.298904,-0.299696,-0.299879,-0.299696,-0.299436,-0.299632,-0.299696,-0.299632]
	PARPACK diagonalization completed after 30 matrix-vector product operations.
	iteration results: : total energy is -18.713919 | electron energy -18.715205 + phonon energy 0.001286 | electron momentum kIdx = 0
The 5-th iteration is completed.	|| time cost : 0h 0m 22.688s
********************************************************************************************************************
Start the 6 rounds of NGS-ED iteration
	effective electronic model is modified as: kinetic energy t = 0.97821, t' = -0.293572
	                                           effective interaction Vq = [ -0.29988,-0.299457,-0.298931,-0.299457,-0.299457,-0.299648,-0.299711,-0.299648,-0.298931,-0.299711, -0.29988,-0.299711,-0.299457,-0.299648,-0.299711,-0.299648]
	PARPACK diagonalization completed after 30 matrix-vector product operations.
	iteration results: : total energy is -18.713067 | electron energy -18.714363 + phonon energy 0.001297 | electron momentum kIdx = 0
	Nq(0) = 12.25,	Nq(1) = 0.207051,	Nq(2) = 0.269345,	Nq(3) = 0.207051,	Nq(4) = 0.207051,	Nq(5) = 0.282946,	Nq(6) = 0.332813,	Nq(7) = 0.282946,	Nq(8) = 0.269345,	Nq(9) = 0.332813,	Nq(10) = 0.372016,	Nq(11) = 0.332813,	Nq(12) = 0.207051,	Nq(13) = 0.282946,	Nq(14) = 0.332813,	Nq(15) = 0.282946,	Sq(0) = -8.26588e-18,	Sq(1) = 0.463996,	Sq(2) = 0.417035,	Sq(3) = 0.463996,	Sq(4) = 0.463996,	Sq(5) = 1.06717,	Sq(6) = 0.929031,	Sq(7) = 1.06717,	Sq(8) = 0.417035,	Sq(9) = 0.929031,	Sq(10) = 0.873211,	Sq(11) = 0.929031,	Sq(12) = 0.463996,	Sq(13) = 1.06717,	Sq(14) = 0.929031,	Sq(15) = 1.06717,	N(0) = 1.79171,	N(1) = 1.77932,	N(2) = 1.62961,	N(3) = 1.77932,	N(4) = 1.77932,	N(5) = 0.290913,	N(6) = 0.15001,	N(7) = 0.290913,	N(8) = 1.62961,	N(9) = 0.15001,	N(10) = 0.0681063,	N(11) = 0.15001,	N(12) = 1.77932,	N(13) = 0.290913,	N(14) = 0.15001,	N(15) = 0.290913,	Delta[s](0) = 0.138283,	Delta[s](1) = 0.104259,	Delta[s](2) = 0.0850665,	Delta[s](3) = 0.104259,	Delta[s](4) = 0.104259,	Delta[s](5) = 0.0670244,	Delta[s](6) = 0.0512929,	Delta[s](7) = 0.0670244,	Delta[s](8) = 0.0850665,	Delta[s](9) = 0.0512929,	Delta[s](10) = 0.0272532,	Delta[s](11) = 0.0512929,	Delta[s](12) = 0.104259,	Delta[s](13) = 0.0670244,	Delta[s](14) = 0.0512929,	Delta[s](15) = 0.0670244,	Delta[d](0) = 0.527573,	Delta[d](1) = 0.297757,	Delta[d](2) = 0.346286,	Delta[d](3) = 0.297757,	Delta[d](4) = 0.297757,	Delta[d](5) = 0.181099,	Delta[d](6) = 0.284772,	Delta[d](7) = 0.181099,	Delta[d](8) = 0.346286,	Delta[d](9) = 0.284772,	Delta[d](10) = 0.36083,	Delta[d](11) = 0.284772,	Delta[d](12) = 0.297757,	Delta[d](13) = 0.181099,	Delta[d](14) = 0.284772,	Delta[d](15) = 0.181099,	Delta[s+](0) = 0.545609,	Delta[s+](1) = 0.404747,	Delta[s+](2) = 0.346286,	Delta[s+](3) = 0.404747,	Delta[s+](4) = 0.404747,	Delta[s+](5) = 0.185022,	Delta[s+](6) = 0.0973698,	Delta[s+](7) = 0.185022,	Delta[s+](8) = 0.346286,	Delta[s+](9) = 0.0973698,	Delta[s+](10) = 0.0218172,	Delta[s+](11) = 0.0973698,	Delta[s+](12) = 0.404747,	Delta[s+](13) = 0.185022,	Delta[s+](14) = 0.0973698,	Delta[s+](15) = 0.185022
The 6-th iteration is completed.	|| time cost : 0h 3m 23.079s
********************************************************************************************************************
********************************************************************************************************************
Ground state is obtained after 7 iterations. The current ground-state energy is -18.7131, in which electron energy is -18.7144 and phonon energy is 0.00129652
final variational state is: 
	Gamma_x = [      1,1.00241,1.00463,1.00241,1.00241,1.00456,1.00671,1.00456,1.00463,1.00671,1.00888,1.00671,1.00241,1.00456,1.00671,1.00456]
	lambda_q = [0.153043,0.147352,0.144482,0.147352,0.147352,0.148846,0.149468,0.148846,0.144482,0.149468,0.153044,0.149468,0.147352,0.148846,0.149468,0.148846]
********************************************************************************************************************
o___o  ----------------------------------------
| L |	Time since last clock: 0h 0m 0s
A===A	Time since the beginning: 0h 17m 15.237s
***********************************************

********************************************************************************************************************
Start warm-up calculation for scaling factor 32
open output files: NGSEDWarmUpW6Obs.txt
********************************************************************************************************************
Start the 0 rounds of NGS-ED iteration
	effective electronic model is modified as: kinetic energy t = 0.978199, t' = -0.293569
	                                           effective interaction Vq = [-0.274138,-0.269312, -0.26672,-0.269312,-0.269312,-0.270619,-0.271154,-0.270619, -0.26672,-0.271154,-0.274139,-0.271154,-0.269312,-0.270619,-0.271154,-0.270619]
	PARPACK diagonalization completed after 30 matrix-vector product operations.
	iteration results: : total energy is -18.275829 | electron energy -18.276479 + phonon energy 0.000650 | electron momentum kIdx = 0
	Nq(0) = 12.25,	Nq(1) = 0.205491,	Nq(2) = 0.2677,	Nq(3) = 0.205491,	Nq(4) = 0.205491,	Nq(5) = 0.2806,	Nq(6) = 0.330296,	Nq(7) = 0.2806,	Nq(8) = 0.2677,	Nq(9) = 0.330296,	Nq(10) = 0.369513,	Nq(11) = 0.330296,	Nq(12) = 0.205491,	Nq(13) = 0.2806,	Nq(14) = 0.330296,	Nq(15) = 0.2806,	Sq(0) = -9.62683e-18,	Sq(1) = 0.464353,	Sq(2) = 0.417282,	Sq(3) = 0.464353,	Sq(4) = 0.464353,	Sq(5) = 1.07082,	Sq(6) = 0.932072,	Sq(7) = 1.07082,	Sq(8) = 0.417282,	Sq(9) = 0.932072,	Sq(10) = 0.87599,	Sq(11) = 0.932072,	Sq(12) = 0.464353,	Sq(13) = 1.07082,	Sq(14) = 0.932072,	Sq(15) = 1.07082,	N(0) = 1.78825,	N(1) = 1.7751,	N(2) = 1.6242,	N(3) = 1.7751,	N(4) = 1.7751,	N(5) = 0.295437,	N(6) = 0.152899,	N(7) = 0.295437,	N(8) = 1.6242,	N(9) = 0.152899,	N(10) = 0.0696122,	N(11) = 0.152899,	N(12) = 1.7751,	N(13) = 0.295437,	N(14) = 0.152899,	N(15) = 0.295437,	Delta[s](0) = 0.134448,	Delta[s](1) = 0.102042,	Delta[s](2) = 0.0836141,	Delta[s](3) = 0.102042,	Delta[s](4) = 0.102042,	Delta[s](5) = 0.0665793,	Delta[s](6) = 0.0514201,	Delta[s](7) = 0.0665793,	Delta[s](8) = 0.0836141,	Delta[s](9) = 0.0514201,	Delta[s](10) = 0.028389,	Delta[s](11) = 0.0514201,	Delta[s](12) = 0.102042,	Delta[s](13) = 0.0665793,	Delta[s](14) = 0.0514201,	Delta[s](15) = 0.0665793,	Delta[d](0) = 0.521077,	Delta[d](1) = 0.296548,	Delta[d](2) = 0.344246,	Delta[d](3) = 0.296548,	Delta[d](4) = 0.296548,	Delta[d](5) = 0.182386,	Delta[d](6) = 0.283449,	Delta[d](7) = 0.182386,	Delta[d](8) = 0.344246,	Delta[d](9) = 0.283449,	Delta[d](10) = 0.357611,	Delta[d](11) = 0.283449,	Delta[d](12) = 0.296548,	Delta[d](13) = 0.182386,	Delta[d](14) = 0.283449,	Delta[d](15) = 0.182386,	Delta[s+](0) = 0.542746,	Delta[s+](1) = 0.402794,	Delta[s+](2) = 0.344246,	Delta[s+](3) = 0.402794,	Delta[s+](4) = 0.402794,	Delta[s+](5) = 0.185835,	Delta[s+](6) = 0.098677,	Delta[s+](7) = 0.185835,	Delta[s+](8) = 0.344246,	Delta[s+](9) = 0.098677,	Delta[s+](10) = 0.0233012,	Delta[s+](11) = 0.098677,	Delta[s+](12) = 0.402794,	Delta[s+](13) = 0.185835,	Delta[s+](14) = 0.098677,	Delta[s+](15) = 0.185835
The 0-th iteration is completed.	|| time cost : 0h 3m 21.92s
********************************************************************************************************************
Start the 1 rounds of NGS-ED iteration
	effective electronic model is modified as: kinetic energy t = 0.969622, t' = -0.291083
	                                           effective interaction Vq = [-0.292723,-0.288418,-0.285912,-0.288418,-0.288418,-0.289687,-0.290217,-0.289687,-0.285912,-0.290217,-0.292851,-0.290217,-0.288418,-0.289687,-0.290217,-0.289687]
	PARPACK diagonalization completed after 30 matrix-vector product operations.
	iteration results: : total energy is -18.396741 | electron energy -18.399548 + phonon energy 0.002807 | electron momentum kIdx = 0
The 1-th iteration is completed.	|| time cost : 0h 0m 22.671s
********************************************************************************************************************
Start the 2 rounds of NGS-ED iteration
	effective electronic model is modified as: kinetic energy t = 0.964784, t' = -0.289694
	                                           effective interaction Vq = [ -0.29789,-0.294559,-0.292351,-0.294559,-0.294559,-0.295622,-0.296052,-0.295622,-0.292351,-0.296052,-0.297981,-0.296052,-0.294559,-0.295622,-0.296052,-0.295622]
	PARPACK diagonalization completed after 30 matrix-vector product operations.
	iteration results: : total energy is -18.378869 | electron energy -18.383892 + phonon energy 0.005023 | electron momentum kIdx = 0
The 2-th iteration is completed.	|| time cost : 0h 0m 22.648s
********************************************************************************************************************
Start the 3 rounds of NGS-ED iteration
	effective electronic model is modified as: kinetic energy t = 0.962216, t' = -0.288964
	                                           effective interaction Vq = [-0.299327,-0.296767, -0.29479,-0.296767,-0.296767,-0.297659,-0.298003,-0.297659, -0.29479,-0.298003, -0.29937,-0.298003,-0.296767,-0.297659,-0.298003,-0.297659]
	PARPACK diagonalization completed after 30 matrix-vector product operations.
	iteration results: : total energy is -18.348414 | electron energy -18.355033 + phonon energy 0.006619 | electron momentum kIdx = 0
The 3-th iteration is completed.	|| time cost : 0h 0m 22.578s
********************************************************************************************************************
Start the 4 rounds of NGS-ED iteration
	effective electronic model is modified as: kinetic energy t = 0.960888, t' = -0.28859
	                                           effective interaction Vq = [-0.299726,-0.297654,-0.295812,-0.297654,-0.297654,-0.298441,-0.298731,-0.298441,-0.295812,-0.298731,-0.299744,-0.298731,-0.297654,-0.298441,-0.298731,-0.298441]
	PARPACK diagonalization completed after 30 matrix-vector product operations.
	iteration results: : total energy is -18.327209 | electron energy -18.334802 + phonon energy 0.007593 | electron momentum kIdx = 0
The 4-th iteration is completed.	|| time cost : 0h 0m 22.675s
********************************************************************************************************************
Start the 5 rounds of NGS-ED iteration
	effective electronic model is modified as: kinetic energy t = 0.96021, t' = -0.2884
	                                           effective interaction Vq = [-0.299837,-0.298044,-0.296271,-0.298044,-0.298044,-0.298772,-0.299031,-0.298772,-0.296271,-0.299031,-0.299844,-0.299031,-0.298044,-0.298772,-0.299031,-0.298772]
	PARPACK diagonalization completed after 30 matrix-vector product operations.
	iteration results: : total energy is -18.314915 | electron energy -18.323052 + phonon energy 0.008137 | electron momentum kIdx = 0
The 5-th iteration is completed.	|| time cost : 0h 0m 22.907s
********************************************************************************************************************
Start the 6 rounds of NGS-ED iteration
	effective electronic model is modified as: kinetic energy t = 0.959865, t' = -0.288304
	                                           effective interaction Vq = [-0.299868,-0.298225,-0.296486,-0.298225,-0.298225,-0.298923,-0.299166,-0.298923,-0.296486,-0.299166, -0.29987,-0.299166,-0.298225,-0.298923,-0.299166,-0.298923]
	PARPACK diagonalization completed after 30 matrix-vector product operations.
	iteration results: : total energy is -18.308273 | electron energy -18.316702 + phonon energy 0.008429 | electron momentum kIdx = 0
The 6-th iteration is completed.	|| time cost : 0h 0m 22.583s
********************************************************************************************************************
Start the 7 rounds of NGS-ED iteration
	effective electronic model is modified as: kinetic energy t = 0.959691, t' = -0.288256
	                                           effective interaction Vq = [-0.299877,-0.298313,-0.296589,-0.298313,-0.298313,-0.298995, -0.29923,-0.298995,-0.296589, -0.29923,-0.299877, -0.29923,-0.298313,-0.298995, -0.29923,-0.298995]
	PARPACK diagonalization completed after 30 matrix-vector product operations.
	iteration results: : total energy is -18.304799 | electron energy -18.313380 + phonon energy 0.008581 | electron momentum kIdx = 0
The 7-th iteration is completed.	|| time cost : 0h 0m 22.647s
********************************************************************************************************************
Start the 8 rounds of NGS-ED iteration
	effective electronic model is modified as: kinetic energy t = 0.959603, t' = -0.288232
	                                           effective interaction Vq = [-0.299879,-0.298356,-0.296639,-0.298356,-0.298356, -0.29903,-0.299261, -0.29903,-0.296639,-0.299261,-0.299879,-0.299261,-0.298356, -0.29903,-0.299261, -0.29903]
	PARPACK diagonalization completed after 30 matrix-vector product operations.
	iteration results: : total energy is -18.303011 | electron energy -18.311670 + phonon energy 0.008659 | electron momentum kIdx = 0
The 8-th iteration is completed.	|| time cost : 0h 0m 22.633s
********************************************************************************************************************
Start the 9 rounds of NGS-ED iteration
	effective electronic model is modified as: kinetic energy t = 0.959558, t' = -0.28822
	                                           effective interaction Vq = [ -0.29988,-0.298377,-0.296664,-0.298377,-0.298377,-0.299048,-0.299277,-0.299048,-0.296664,-0.299277, -0.29988,-0.299277,-0.298377,-0.299048,-0.299277,-0.299048]
	PARPACK diagonalization completed after 30 matrix-vector product operations.
	iteration results: : total energy is -18.302098 | electron energy -18.310797 + phonon energy 0.008699 | electron momentum kIdx = 0
	Nq(0) = 12.25,	Nq(1) = 0.204264,	Nq(2) = 0.266464,	Nq(3) = 0.204264,	Nq(4) = 0.204264,	Nq(5) = 0.278713,	Nq(6) = 0.328223,	Nq(7) = 0.278713,	Nq(8) = 0.266464,	Nq(9) = 0.328223,	Nq(10) = 0.367239,	Nq(11) = 0.328223,	Nq(12) = 0.204264,	Nq(13) = 0.278713,	Nq(14) = 0.328223,	Nq(15) = 0.278713,	Sq(0) = 8.58349e-18,	Sq(1) = 0.464644,	Sq(2) = 0.417479,	Sq(3) = 0.464644,	Sq(4) = 0.464644,	Sq(5) = 1.07377,	Sq(6) = 0.934542,	Sq(7) = 1.07377,	Sq(8) = 0.417479,	Sq(9) = 0.934542,	Sq(10) = 0.878249,	Sq(11) = 0.934542,	Sq(12) = 0.464644,	Sq(13) = 1.07377,	Sq(14) = 0.934542,	Sq(15) = 1.07377,	N(0) = 1.78533,	N(1) = 1.77164,	N(2) = 1.61996,	N(3) = 1.77164,	N(4) = 1.77164,	N(5) = 0.299057,	N(6) = 0.155279,	N(7) = 0.299057,	N(8) = 1.61996,	N(9) = 0.155279,	N(10) = 0.070841,	N(11) = 0.155279,	N(12) = 1.77164,	N(13) = 0.299057,	N(14) = 0.155279,	N(15) = 0.299057,	Delta[s](0) = 0.130686,	Delta[s](1) = 0.0999444,	Delta[s](2) = 0.0823555,	Delta[s](3) = 0.0999444,	Delta[s](4) = 0.0999444,	Delta[s](5) = 0.0663067,	Delta[s](6) = 0.0518035,	Delta[s](7) = 0.0663067,	Delta[s](8) = 0.0823555,	Delta[s](9) = 0.0518035,	Delta[s](10) = 0.0298703,	Delta[s](11) = 0.0518035,	Delta[s](12) = 0.0999444,	Delta[s](13) = 0.0663067,	Delta[s](14) = 0.0518035,	Delta[s](15) = 0.0663067,	Delta[d](0) = 0.514624,	Delta[d](1) = 0.295347,	Delta[d](2) = 0.342145,	Delta[d](3) = 0.295347,	Delta[d](4) = 0.295347,	Delta[d](5) = 0.183638,	Delta[d](6) = 0.282154,	Delta[d](7) = 0.183638,	Delta[d](8) = 0.342145,	Delta[d](9) = 0.282154,	Delta[d](10) = 0.35459,	Delta[d](11) = 0.282154,	Delta[d](12) = 0.295347,	Delta[d](13) = 0.183638,	Delta[d](14) = 0.282154,	Delta[d](15) = 0.183638,	Delta[s+](0) = 0.539643,	Delta[s+](1) = 0.400678,	Delta[s+](2) = 0.342145,	Delta[s+](3) = 0.400678,	Delta[s+](4) = 0.400678,	Delta[s+](5) = 0.186579,	Delta[s+](6) = 0.100014,	Delta[s+](7) = 0.186579,	Delta[s+](8) = 0.342145,	Delta[s+](9) = 0.100014,	Delta[s+](10) = 0.0248571,	Delta[s+](11) = 0.100014,	Delta[s+](12) = 0.400678,	Delta[s+](13) = 0.186579,	Delta[s+](14) = 0.100014,	Delta[s+](15) = 0.186579
The 9-th iteration is completed.	|| time cost : 0h 3m 30.418s
********************************************************************************************************************
********************************************************************************************************************
Ground state is obtained after 10 iterations. The current ground-state energy is -18.3021, in which electron energy is -18.3108 and phonon energy is 0.00869883
final variational state is: 
	Gamma_x = [      1,1.00872,1.01618,1.00872,1.00872,1.01676, 1.0248,1.01676,1.01618, 1.0248,1.03412, 1.0248,1.00872,1.01676, 1.0248,1.01676]
	lambda_q = [0.216358,0.201193,0.194086,0.201193,0.201193,0.205122,0.206818,0.205122,0.194086,0.206818,0.216376,0.206818,0.201193,0.205122,0.206818,0.205122]
********************************************************************************************************************
o___o  ----------------------------------------
| L |	Time since last clock: 0h 0m 0s
A===A	Time since the beginning: 0h 27m 8.922s
***********************************************

********************************************************************************************************************
Start warm-up calculation for scaling factor 16
open output files: NGSEDWarmUpW3Obs.txt
********************************************************************************************************************
Start the 0 rounds of NGS-ED iteration
	effective electronic model is modified as: kinetic energy t = 0.959535, t' = -0.288214
	                                           effective interaction Vq = [-0.274094,-0.264646,-0.259711,-0.264646,-0.264646,-0.267235,-0.268322,-0.267235,-0.259711,-0.268322,-0.274104,-0.268322,-0.264646,-0.267235,-0.268322,-0.267235]
	PARPACK diagonalization completed after 45 matrix-vector product operations.
	iteration results: : total energy is -17.857808 | electron energy -17.862168 + phonon energy 0.004360 | electron momentum kIdx = 0
	Nq(0) = 12.25,	Nq(1) = 0.202544,	Nq(2) = 0.264589,	Nq(3) = 0.202544,	Nq(4) = 0.202544,	Nq(5) = 0.276148,	Nq(6) = 0.325469,	Nq(7) = 0.276148,	Nq(8) = 0.264589,	Nq(9) = 0.325469,	Nq(10) = 0.364571,	Nq(11) = 0.325469,	Nq(12) = 0.202544,	Nq(13) = 0.276148,	Nq(14) = 0.325469,	Nq(15) = 0.276148,	Sq(0) = 1.81805e-19,	Sq(1) = 0.46503,	Sq(2) = 0.417755,	Sq(3) = 0.46503,	Sq(4) = 0.46503,	Sq(5) = 1.07776,	Sq(6) = 0.937904,	Sq(7) = 1.07776,	Sq(8) = 0.417755,	Sq(9) = 0.937904,	Sq(10) = 0.881306,	Sq(11) = 0.937904,	Sq(12) = 0.46503,	Sq(13) = 1.07776,	Sq(14) = 0.937904,	Sq(15) = 1.07776,	N(0) = 1.78147,	N(1) = 1.7669,	N(2) = 1.61397,	N(3) = 1.7669,	N(4) = 1.7669,	N(5) = 0.304095,	N(6) = 0.158517,	N(7) = 0.304095,	N(8) = 1.61397,	N(9) = 0.158517,	N(10) = 0.0725474,	N(11) = 0.158517,	N(12) = 1.7669,	N(13) = 0.304095,	N(14) = 0.158517,	N(15) = 0.304095,	Delta[s](0) = 0.12699,	Delta[s](1) = 0.0977308,	Delta[s](2) = 0.0808445,	Delta[s](3) = 0.0977308,	Delta[s](4) = 0.0977308,	Delta[s](5) = 0.0657203,	Delta[s](6) = 0.051743,	Delta[s](7) = 0.0657203,	Delta[s](8) = 0.0808445,	Delta[s](9) = 0.051743,	Delta[s](10) = 0.0307398,	Delta[s](11) = 0.051743,	Delta[s](12) = 0.0977308,	Delta[s](13) = 0.0657203,	Delta[s](14) = 0.051743,	Delta[s](15) = 0.0657203,	Delta[d](0) = 0.508331,	Delta[d](1) = 0.294208,	Delta[d](2) = 0.340153,	Delta[d](3) = 0.294208,	Delta[d](4) = 0.294208,	Delta[d](5) = 0.184926,	Delta[d](6) = 0.280847,	Delta[d](7) = 0.184926,	Delta[d](8) = 0.340153,	Delta[d](9) = 0.280847,	Delta[d](10) = 0.351368,	Delta[d](11) = 0.280847,	Delta[d](12) = 0.294208,	Delta[d](13) = 0.184926,	Delta[d](14) = 0.280847,	Delta[d](15) = 0.184926,	Delta[s+](0) = 0.536868,	Delta[s+](1) = 0.398816,	Delta[s+](2) = 0.340153,	Delta[s+](3) = 0.398816,	Delta[s+](4) = 0.398816,	Delta[s+](5) = 0.187435,	Delta[s+](6) = 0.10131,	Delta[s+](7) = 0.187435,	Delta[s+](8) = 0.340153,	Delta[s+](9) = 0.10131,	Delta[s+](10) = 0.0263099,	Delta[s+](11) = 0.10131,	Delta[s+](12) = 0.398816,	Delta[s+](13) = 0.187435,	Delta[s+](14) = 0.10131,	Delta[s+](15) = 0.187435
The 0-th iteration is completed.	|| time cost : 0h 3m 27.031s
********************************************************************************************************************
Start the 1 rounds of NGS-ED iteration
	effective electronic model is modified as: kinetic energy t = 0.951301, t' = -0.285878
	                                           effective interaction Vq = [-0.286283,-0.276896,-0.271731,-0.276896,-0.276896,-0.279686,-0.280898,-0.279686,-0.271731,-0.280898,-0.286672,-0.280898,-0.276896,-0.279686,-0.280898,-0.279686]
	PARPACK diagonalization completed after 30 matrix-vector product operations.
	iteration results: : total energy is -17.876626 | electron energy -17.887479 + phonon energy 0.010853 | electron momentum kIdx = 0
The 1-th iteration is completed.	|| time cost : 0h 0m 22.714s
********************************************************************************************************************
Start the 2 rounds of NGS-ED iteration
	effective electronic model is modified as: kinetic energy t = 0.945184, t' = -0.284155
	                                           effective interaction Vq = [-0.292711, -0.28389,-0.278732, -0.28389, -0.28389,-0.286681,-0.287895,-0.286681,-0.278732,-0.287895,-0.293193,-0.287895, -0.28389,-0.286681,-0.287895,-0.286681]
	PARPACK diagonalization completed after 30 matrix-vector product operations.
	iteration results: : total energy is -17.846812 | electron energy -17.864973 + phonon energy 0.018160 | electron momentum kIdx = 0
The 2-th iteration is completed.	|| time cost : 0h 0m 22.632s
********************************************************************************************************************
Start the 3 rounds of NGS-ED iteration
	effective electronic model is modified as: kinetic energy t = 0.940756, t' = -0.282916
	                                           effective interaction Vq = [  -0.2961,-0.288011,-0.282945,-0.288011,-0.288011,-0.290712, -0.29187,-0.290712,-0.282945, -0.29187,-0.296527, -0.29187,-0.288011,-0.290712, -0.29187,-0.290712]
	PARPACK diagonalization completed after 30 matrix-vector product operations.
	iteration results: : total energy is -17.803988 | electron energy -17.829097 + phonon energy 0.025110 | electron momentum kIdx = 0
The 3-th iteration is completed.	|| time cost : 0h 0m 22.576s
********************************************************************************************************************
Start the 4 rounds of NGS-ED iteration
	effective electronic model is modified as: kinetic energy t = 0.937603, t' = -0.282037
	                                           effective interaction Vq = [-0.297887,-0.290515,-0.285553,-0.290515,-0.290515,-0.293103,-0.294186,-0.293103,-0.285553,-0.294186,-0.298212,-0.294186,-0.290515,-0.293103,-0.294186,-0.293103]
	PARPACK diagonalization completed after 30 matrix-vector product operations.
	iteration results: : total energy is -17.762851 | electron energy -17.793946 + phonon energy 0.031095 | electron momentum kIdx = 0
The 4-th iteration is completed.	|| time cost : 0h 0m 22.91s
********************************************************************************************************************
Start the 5 rounds of NGS-ED iteration
	effective electronic model is modified as: kinetic energy t = 0.935379, t' = -0.28142
	                                           effective interaction Vq = [-0.298829, -0.29208,-0.287209, -0.29208, -0.29208,-0.294561,-0.295574,-0.294561,-0.287209,-0.295574,-0.299055,-0.295574, -0.29208,-0.294561,-0.295574,-0.294561]
	PARPACK diagonalization completed after 30 matrix-vector product operations.
	iteration results: : total energy is -17.728421 | electron energy -17.764349 + phonon energy 0.035928 | electron momentum kIdx = 0
The 5-th iteration is completed.	|| time cost : 0h 0m 22.918s
********************************************************************************************************************
Start the 6 rounds of NGS-ED iteration
	effective electronic model is modified as: kinetic energy t = 0.93382, t' = -0.280988
	                                           effective interaction Vq = [-0.299326,-0.293082,-0.288279,-0.293082,-0.293082,-0.295475,-0.296428,-0.295475,-0.288279,-0.296428,-0.299474,-0.296428,-0.293082,-0.295475,-0.296428,-0.295475]
	PARPACK diagonalization completed after 30 matrix-vector product operations.
	iteration results: : total energy is -17.701502 | electron energy -17.741166 + phonon energy 0.039664 | electron momentum kIdx = 0
The 6-th iteration is completed.	|| time cost : 0h 0m 22.708s
********************************************************************************************************************
Start the 7 rounds of NGS-ED iteration
	effective electronic model is modified as: kinetic energy t = 0.932731, t' = -0.280688
	                                           effective interaction Vq = [-0.299588,-0.293737,-0.288982,-0.293737,-0.293737,-0.296062,-0.296968,-0.296062,-0.288982,-0.296968,-0.299681,-0.296968,-0.293737,-0.296062,-0.296968,-0.296062]
	PARPACK diagonalization completed after 30 matrix-vector product operations.
	iteration results: : total energy is -17.681266 | electron energy -17.723731 + phonon energy 0.042465 | electron momentum kIdx = 0
The 7-th iteration is completed.	|| time cost : 0h 0m 22.642s
********************************************************************************************************************
Start the 8 rounds of NGS-ED iteration
	effective electronic model is modified as: kinetic energy t = 0.931973, t' = -0.28048
	                                           effective interaction Vq = [-0.299726,-0.294172,-0.289448,-0.294172,-0.294172,-0.296446,-0.297317,-0.296446,-0.289448,-0.297317,-0.299783,-0.297317,-0.294172,-0.296446,-0.297317,-0.296446]
	PARPACK diagonalization completed after 30 matrix-vector product operations.
	iteration results: : total energy is -17.666425 | electron energy -17.710945 + phonon energy 0.044520 | electron momentum kIdx = 0
The 8-th iteration is completed.	|| time cost : 0h 0m 22.644s
********************************************************************************************************************
Start the 9 rounds of NGS-ED iteration
	effective electronic model is modified as: kinetic energy t = 0.931445, t' = -0.280335
	                                           effective interaction Vq = [-0.299799,-0.294465,-0.289761,-0.294465,-0.294465,-0.296702,-0.297546,-0.296702,-0.289761,-0.297546,-0.299832,-0.297546,-0.294465,-0.296702,-0.297546,-0.296702]
	PARPACK diagonalization completed after 30 matrix-vector product operations.
	iteration results: : total energy is -17.655716 | electron energy -17.701720 + phonon energy 0.046004 | electron momentum kIdx = 0
The 9-th iteration is completed.	|| time cost : 0h 0m 22.91s
********************************************************************************************************************
Start the 10 rounds of NGS-ED iteration
	effective electronic model is modified as: kinetic energy t = 0.931079, t' = -0.280235
	                                           effective interaction Vq = [-0.299837,-0.294663,-0.289971,-0.294663,-0.294663,-0.296874,-0.297699,-0.296874,-0.289971,-0.297699,-0.299857,-0.297699,-0.294663,-0.296874,-0.297699,-0.296874]
	PARPACK diagonalization completed after 30 matrix-vector product operations.
	iteration results: : total energy is -17.648074 | electron energy -17.695139 + phonon energy 0.047065 | electron momentum kIdx = 0
The 10-th iteration is completed.	|| time cost : 0h 0m 22.872s
********************************************************************************************************************
Start the 11 rounds of NGS-ED iteration
	effective electronic model is modified as: kinetic energy t = 0.930824, t' = -0.280165
	                                           effective interaction Vq = [-0.299857,-0.294798,-0.290112,-0.294798,-0.294798,-0.296991,-0.297802,-0.296991,-0.290112,-0.297802,-0.299869,-0.297802,-0.294798,-0.296991,-0.297802,-0.296991]
	PARPACK diagonalization completed after 30 matrix-vector product operations.
	iteration results: : total energy is -17.642662 | electron energy -17.690479 + phonon energy 0.047817 | electron momentum kIdx = 0
The 11-th iteration is completed.	|| time cost : 0h 0m 22.603s
********************************************************************************************************************
Start the 12 rounds of NGS-ED iteration
	effective electronic model is modified as: kinetic energy t = 0.930648, t' = -0.280117
	                                           effective interaction Vq = [-0.299868,-0.294891,-0.290209,-0.294891,-0.294891,-0.297071,-0.297872,-0.297071,-0.290209,-0.297872,-0.299875,-0.297872,-0.294891,-0.297071,-0.297872,-0.297071]
	PARPACK diagonalization completed after 30 matrix-vector product operations.
	iteration results: : total energy is -17.638851 | electron energy -17.687198 + phonon energy 0.048347 | electron momentum kIdx = 0
The 12-th iteration is completed.	|| time cost : 0h 0m 22.915s
********************************************************************************************************************
Start the 13 rounds of NGS-ED iteration
	effective electronic model is modified as: kinetic energy t = 0.930525, t' = -0.280084
	                                           effective interaction Vq = [-0.299874,-0.294955,-0.290274,-0.294955,-0.294955,-0.297126, -0.29792,-0.297126,-0.290274, -0.29792,-0.299877, -0.29792,-0.294955,-0.297126, -0.29792,-0.297126]
	PARPACK diagonalization completed after 30 matrix-vector product operations.
	iteration results: : total energy is -17.636177 | electron energy -17.684896 + phonon energy 0.048719 | electron momentum kIdx = 0
The 13-th iteration is completed.	|| time cost : 0h 0m 22.607s
********************************************************************************************************************
Start the 14 rounds of NGS-ED iteration
	effective electronic model is modified as: kinetic energy t = 0.93044, t' = -0.280061
	                                           effective interaction Vq = [-0.299877,-0.294999,-0.290318,-0.294999,-0.294999,-0.297164,-0.297953,-0.297164,-0.290318,-0.297953,-0.299879,-0.297953,-0.294999,-0.297164,-0.297953,-0.297164]
	PARPACK diagonalization completed after 30 matrix-vector product operations.
