TACC:  Starting up job 4182559 
TACC:  Starting parallel tasks... 
SNEDics v3.4 Non-Gaussian ED ground state program		Start at Sat Aug 17 21:34:00 2019

parallized on 32 MPI threads  * 6 OpenMP threads = 192 total threads.
********************************************************************************************************************
********************************************************************************************************************

********************************************************************************************************************
System parameters and configurations
********************************************************************************************************************
Special program options are enabled: splitted diagonal Hamiltonian
********************************************************************************************************************
Read input file "model_params.in"
	Hubbard-Holstein model parameters : 	t = 1    U = 6.5    g = 4.4721    W = 5    
********************************************************************************************************************
Read input file "hilbertspace_params.in"
	Requested 16-site 2D lattice, with 16 electrons (8, 8)
	Boundary : Periodic		Hilbert space representation : momentum-space (restricted to kIdx = 10)
	Conservation: particle number[U(1)]      spin[U(1)]     momentum
********************************************************************************************************************

Cluster Positions:				Cluster symmetry group : D4
 x ... x ... x ... x .....                       x ... x ... x ... x .....
 |           |           :                       |           |           :
 |           |           :                       |           |           :
12    13    14    15     x                       1     5     6     5     x
 |           |           :                       |           |           :
 |           |           :                       |           |           :
 8 --- 9 ---10 ---11 --- x                       2 --- 6 ---10 --- 6 --- x
 |           |           :                       |           |           :
 |           |           :                       |           |           :
 4     5     6     7     x                       1     5     6     5     x
 |           |           :                       |           |           :
 |           |           :                       |           |           :
 0 --- 1 --- 2 --- 3 --- x                       0 --- 1 --- 2 --- 1 --- x
orbital number : 1
********************************************************************************************************************
Read input file "obs_params.in"
	Observable Type : Nq[All],   Sq[All],   N[All]
********************************************************************************************************************
** WARNING ** the input observables have non-local factors which have been reinterpreted. The total observable number is 48
********************************************************************************************************************


********************************************************************************************************************
Start calculating the non-Gaussian ED ground state
Input file varState.txt exists. Start iterations from it.
open output files: NGSEDIterationObs.txt
Start the 0 rounds of NGS-ED iteration
	effective electronic model is modified as: kinetic energy t = 0.733077
	                                           effective interaction Vq = [-3.99994,-3.64172,-3.41232,-3.64172,-3.64172,-3.41232,-3.43786,-3.41232,-3.41232,-3.43786,-3.99448,-3.43786,-3.64172,-3.41232,-3.43786,-3.41232]
	first Hamiltonian is constructed, non-zero numbers = 12310659360
	PARPACK diagonalization completed after 60 matrix-vector product operations.
	iteration results: : total energy is -85.824689 | electron energy -86.263870 + phonon energy 0.439180 | electron momentum kIdx = 10
	Nq(0) = 16,	Nq(1) = 0.218363,	Nq(2) = 0.289485,	Nq(3) = 0.218363,	Nq(4) = 0.218363,	Nq(5) = 0.289485,	Nq(6) = 0.427878,	Nq(7) = 0.289485,	Nq(8) = 0.289485,	Nq(9) = 0.427878,	Nq(10) = 7.06962,	Nq(11) = 0.427878,	Nq(12) = 0.218363,	Nq(13) = 0.289485,	Nq(14) = 0.427878,	Nq(15) = 0.289485,	Sq(0) = -4.88888e-19,	Sq(1) = 0.201532,	Sq(2) = 0.281091,	Sq(3) = 0.201532,	Sq(4) = 0.201532,	Sq(5) = 0.281091,	Sq(6) = 0.406518,	Sq(7) = 0.281091,	Sq(8) = 0.281091,	Sq(9) = 0.406518,	Sq(10) = 0.489758,	Sq(11) = 0.406518,	Sq(12) = 0.201532,	Sq(13) = 0.281091,	Sq(14) = 0.406518,	Sq(15) = 0.281091,	N(0) = 1.96305,	N(1) = 1.88737,	N(2) = 1,	N(3) = 1.88737,	N(4) = 1.88737,	N(5) = 1,	N(6) = 0.112626,	N(7) = 1,	N(8) = 1,	N(9) = 0.112626,	N(10) = 0.0369527,	N(11) = 0.112626,	N(12) = 1.88737,	N(13) = 1,	N(14) = 0.112626,	N(15) = 1
The 0-th iteration is completed.	|| time cost : 0h 5m 38.539s
********************************************************************************************************************
Start the 1 rounds of NGS-ED iteration
	effective electronic model is modified as: kinetic energy t = 0.733083
	                                           effective interaction Vq = [-3.99994,-3.64169,-3.41228,-3.64169,-3.64169,-3.41228,-3.43782,-3.41228,-3.41228,-3.43782,-3.99448,-3.43782,-3.64169,-3.41228,-3.43782,-3.41228]
	PARPACK diagonalization completed after 30 matrix-vector product operations.
	iteration results: : total energy is -85.824690 | electron energy -86.263847 + phonon energy 0.439157 | electron momentum kIdx = 10
The 1-th iteration is completed.	|| time cost : 0h 0m 31.881s
********************************************************************************************************************
Start the 2 rounds of NGS-ED iteration
	effective electronic model is modified as: kinetic energy t = 0.733088
	                                           effective interaction Vq = [-3.99994,-3.64166,-3.41226,-3.64166,-3.64166,-3.41226,-3.43779,-3.41226,-3.41226,-3.43779,-3.99448,-3.43779,-3.64166,-3.41226,-3.43779,-3.41226]
	PARPACK diagonalization completed after 30 matrix-vector product operations.
	iteration results: : total energy is -85.824690 | electron energy -86.263831 + phonon energy 0.439141 | electron momentum kIdx = 10
The 2-th iteration is completed.	|| time cost : 0h 0m 31.204s
********************************************************************************************************************
Start the 3 rounds of NGS-ED iteration
	effective electronic model is modified as: kinetic energy t = 0.733091
	                                           effective interaction Vq = [-3.99994,-3.64164,-3.41225,-3.64164,-3.64164,-3.41225,-3.43777,-3.41225,-3.41225,-3.43777,-3.99448,-3.43777,-3.64164,-3.41225,-3.43777,-3.41225]
	PARPACK diagonalization completed after 30 matrix-vector product operations.
	iteration results: : total energy is -85.824690 | electron energy -86.263819 + phonon energy 0.439130 | electron momentum kIdx = 10
The 3-th iteration is completed.	|| time cost : 0h 0m 31.953s
********************************************************************************************************************
Start the 4 rounds of NGS-ED iteration
	effective electronic model is modified as: kinetic energy t = 0.733093
	                                           effective interaction Vq = [-3.99994,-3.64162,-3.41224,-3.64162,-3.64162,-3.41224,-3.43775,-3.41224,-3.41224,-3.43775,-3.99448,-3.43775,-3.64162,-3.41224,-3.43775,-3.41224]
	PARPACK diagonalization completed after 30 matrix-vector product operations.
	iteration results: : total energy is -85.824690 | electron energy -86.263811 + phonon energy 0.439122 | electron momentum kIdx = 10
The 4-th iteration is completed.	|| time cost : 0h 0m 31.977s
********************************************************************************************************************
Start the 5 rounds of NGS-ED iteration
	effective electronic model is modified as: kinetic energy t = 0.733095
	                                           effective interaction Vq = [-3.99994,-3.64161,-3.41223,-3.64161,-3.64161,-3.41223,-3.43774,-3.41223,-3.41223,-3.43774,-3.99448,-3.43774,-3.64161,-3.41223,-3.43774,-3.41223]
	PARPACK diagonalization completed after 30 matrix-vector product operations.
	iteration results: : total energy is -85.824690 | electron energy -86.263806 + phonon energy 0.439116 | electron momentum kIdx = 10
The 5-th iteration is completed.	|| time cost : 0h 0m 29.079s
********************************************************************************************************************
Start the 6 rounds of NGS-ED iteration
	effective electronic model is modified as: kinetic energy t = 0.733096
	                                           effective interaction Vq = [-3.99994,-3.64161,-3.41222,-3.64161,-3.64161,-3.41222,-3.43773,-3.41222,-3.41222,-3.43773,-3.99448,-3.43773,-3.64161,-3.41222,-3.43773,-3.41222]
	PARPACK diagonalization completed after 30 matrix-vector product operations.
	iteration results: : total energy is -85.824690 | electron energy -86.263802 + phonon energy 0.439112 | electron momentum kIdx = 10
The 6-th iteration is completed.	|| time cost : 0h 0m 31.767s
********************************************************************************************************************
Start the 7 rounds of NGS-ED iteration
	effective electronic model is modified as: kinetic energy t = 0.733097
	                                           effective interaction Vq = [-3.99994, -3.6416,-3.41222, -3.6416, -3.6416,-3.41222,-3.43772,-3.41222,-3.41222,-3.43772,-3.99448,-3.43772, -3.6416,-3.41222,-3.43772,-3.41222]
	PARPACK diagonalization completed after 30 matrix-vector product operations.
	iteration results: : total energy is -85.824690 | electron energy -86.263799 + phonon energy 0.439109 | electron momentum kIdx = 10
The 7-th iteration is completed.	|| time cost : 0h 0m 31.71s
********************************************************************************************************************
Start the 8 rounds of NGS-ED iteration
	effective electronic model is modified as: kinetic energy t = 0.733097
	                                           effective interaction Vq = [-3.99994, -3.6416,-3.41222, -3.6416, -3.6416,-3.41222,-3.43772,-3.41222,-3.41222,-3.43772,-3.99448,-3.43772, -3.6416,-3.41222,-3.43772,-3.41222]
	PARPACK diagonalization completed after 30 matrix-vector product operations.
	iteration results: : total energy is -85.824690 | electron energy -86.263797 + phonon energy 0.439107 | electron momentum kIdx = 10
The 8-th iteration is completed.	|| time cost : 0h 0m 31.446s
********************************************************************************************************************
Start the 9 rounds of NGS-ED iteration
	effective electronic model is modified as: kinetic energy t = 0.733098
	                                           effective interaction Vq = [-3.99994, -3.6416,-3.41221, -3.6416, -3.6416,-3.41221,-3.43772,-3.41221,-3.41221,-3.43772,-3.99448,-3.43772, -3.6416,-3.41221,-3.43772,-3.41221]
	PARPACK diagonalization completed after 30 matrix-vector product operations.
	iteration results: : total energy is -85.824690 | electron energy -86.263795 + phonon energy 0.439106 | electron momentum kIdx = 10
The 9-th iteration is completed.	|| time cost : 0h 0m 32.032s
********************************************************************************************************************
Start the 10 rounds of NGS-ED iteration
	effective electronic model is modified as: kinetic energy t = 0.733098
	                                           effective interaction Vq = [-3.99994,-3.64159,-3.41221,-3.64159,-3.64159,-3.41221,-3.43772,-3.41221,-3.41221,-3.43772,-3.99448,-3.43772,-3.64159,-3.41221,-3.43772,-3.41221]
	PARPACK diagonalization completed after 30 matrix-vector product operations.
	iteration results: : total energy is -85.824690 | electron energy -86.263794 + phonon energy 0.439105 | electron momentum kIdx = 10
	Nq(0) = 16,	Nq(1) = 0.218342,	Nq(2) = 0.289469,	Nq(3) = 0.218342,	Nq(4) = 0.218342,	Nq(5) = 0.289469,	Nq(6) = 0.427844,	Nq(7) = 0.289469,	Nq(8) = 0.289469,	Nq(9) = 0.427844,	Nq(10) = 7.0701,	Nq(11) = 0.427844,	Nq(12) = 0.218342,	Nq(13) = 0.289469,	Nq(14) = 0.427844,	Nq(15) = 0.289469,	Sq(0) = 2.6409e-18,	Sq(1) = 0.20152,	Sq(2) = 0.281082,	Sq(3) = 0.20152,	Sq(4) = 0.20152,	Sq(5) = 0.281082,	Sq(6) = 0.406505,	Sq(7) = 0.281082,	Sq(8) = 0.281082,	Sq(9) = 0.406505,	Sq(10) = 0.489747,	Sq(11) = 0.406505,	Sq(12) = 0.20152,	Sq(13) = 0.281082,	Sq(14) = 0.406505,	Sq(15) = 0.281082,	N(0) = 1.96304,	N(1) = 1.88735,	N(2) = 1,	N(3) = 1.88735,	N(4) = 1.88735,	N(5) = 1,	N(6) = 0.112647,	N(7) = 1,	N(8) = 1,	N(9) = 0.112647,	N(10) = 0.0369591,	N(11) = 0.112647,	N(12) = 1.88735,	N(13) = 1,	N(14) = 0.112647,	N(15) = 1
The 10-th iteration is completed.	|| time cost : 0h 1m 5.385s
********************************************************************************************************************
Start the 11 rounds of NGS-ED iteration
	effective electronic model is modified as: kinetic energy t = 0.733098
	                                           effective interaction Vq = [-3.99994,-3.64159,-3.41221,-3.64159,-3.64159,-3.41221,-3.43771,-3.41221,-3.41221,-3.43771,-3.99448,-3.43771,-3.64159,-3.41221,-3.43771,-3.41221]
	PARPACK diagonalization completed after 30 matrix-vector product operations.
	iteration results: : total energy is -85.824690 | electron energy -86.263794 + phonon energy 0.439104 | electron momentum kIdx = 10
The 11-th iteration is completed.	|| time cost : 0h 0m 26.126s
********************************************************************************************************************
Start the 12 rounds of NGS-ED iteration
	effective electronic model is modified as: kinetic energy t = 0.733098
	                                           effective interaction Vq = [-3.99994,-3.64159,-3.41221,-3.64159,-3.64159,-3.41221,-3.43771,-3.41221,-3.41221,-3.43771,-3.99448,-3.43771,-3.64159,-3.41221,-3.43771,-3.41221]
	PARPACK diagonalization completed after 30 matrix-vector product operations.
	iteration results: : total energy is -85.824690 | electron energy -86.263793 + phonon energy 0.439104 | electron momentum kIdx = 10
The 12-th iteration is completed.	|| time cost : 0h 0m 26.112s
********************************************************************************************************************
Start the 13 rounds of NGS-ED iteration
	effective electronic model is modified as: kinetic energy t = 0.733099
	                                           effective interaction Vq = [-3.99994,-3.64159,-3.41221,-3.64159,-3.64159,-3.41221,-3.43771,-3.41221,-3.41221,-3.43771,-3.99448,-3.43771,-3.64159,-3.41221,-3.43771,-3.41221]
	PARPACK diagonalization completed after 30 matrix-vector product operations.
	iteration results: : total energy is -85.824690 | electron energy -86.263793 + phonon energy 0.439103 | electron momentum kIdx = 10
	Nq(0) = 16,	Nq(1) = 0.218342,	Nq(2) = 0.289469,	Nq(3) = 0.218342,	Nq(4) = 0.218342,	Nq(5) = 0.289469,	Nq(6) = 0.427843,	Nq(7) = 0.289469,	Nq(8) = 0.289469,	Nq(9) = 0.427843,	Nq(10) = 7.07011,	Nq(11) = 0.427843,	Nq(12) = 0.218342,	Nq(13) = 0.289469,	Nq(14) = 0.427843,	Nq(15) = 0.289469,	Sq(0) = 1.23048e-18,	Sq(1) = 0.20152,	Sq(2) = 0.281082,	Sq(3) = 0.20152,	Sq(4) = 0.20152,	Sq(5) = 0.281082,	Sq(6) = 0.406505,	Sq(7) = 0.281082,	Sq(8) = 0.281082,	Sq(9) = 0.406505,	Sq(10) = 0.489747,	Sq(11) = 0.406505,	Sq(12) = 0.20152,	Sq(13) = 0.281082,	Sq(14) = 0.406505,	Sq(15) = 0.281082,	N(0) = 1.96304,	N(1) = 1.88735,	N(2) = 1,	N(3) = 1.88735,	N(4) = 1.88735,	N(5) = 1,	N(6) = 0.112647,	N(7) = 1,	N(8) = 1,	N(9) = 0.112647,	N(10) = 0.0369592,	N(11) = 0.112647,	N(12) = 1.88735,	N(13) = 1,	N(14) = 0.112647,	N(15) = 1
The 13-th iteration is completed.	|| time cost : 0h 0m 59.349s
********************************************************************************************************************
********************************************************************************************************************
Ground state is obtained after 14 iterations. The current ground-state energy is -85.8247, in which electron energy is -86.2638 and phonon energy is 0.439103
final variational state is: 
	Gamma_x = [      1,1.07595,1.11546,1.07595,1.07595,1.11546,1.17321,1.11546,1.11546,1.17321,1.48032,1.17321,1.07595,1.11546,1.17321,1.11546]
	lambda_q = [ 0.89442, 0.62671,0.551571, 0.62671, 0.62671,0.551571,0.559092,0.551571,0.551571,0.559092,0.861383,0.559092, 0.62671,0.551571,0.559092,0.551571]
********************************************************************************************************************
o___o  ----------------------------------------
| L |	Time since last clock: 0h 0m 0s
A===A	Time since the beginning: 0h 13m 18.566s
***********************************************


********************************************************************************************************************
Non-Gaussina ED ground state calculation is completed. The final ground-state energy is -85.8247
********************************************************************************************************************
o___o  ----------------------------------------
| L |	Time since last clock: 0h 0m 0.001s
A===A	Time since the beginning: 0h 13m 18.567s
***********************************************



********************************************************************************************************************
All non-Gaussian ED ground state calculations have been completed. Exit now.
TACC:  Shutdown complete. Exiting. 
