TACC:  Starting up job 4394857 
TACC:  Starting parallel tasks... 
SNEDics v3.4 Non-Gaussian ED ground state program		Start at Wed Sep 25 13:26:12 2019

parallized on 32 MPI threads  * 6 OpenMP threads = 192 total threads.
********************************************************************************************************************
********************************************************************************************************************

********************************************************************************************************************
System parameters and configurations
********************************************************************************************************************
Special program options are enabled: splitted diagonal Hamiltonian
********************************************************************************************************************
Read input file "model_params.in"
	Hubbard-Holstein model parameters : 	t = 1    U = 0.4    g = 1.5811    W = 5    
********************************************************************************************************************
Read input file "hilbertspace_params.in"
	Requested 16-site 2D lattice, with 14 electrons (7, 7)
	Boundary : Periodic		Hilbert space representation : momentum-space (restricted to kIdx = 10)
	Conservation: particle number[U(1)]      spin[U(1)]     momentum
********************************************************************************************************************

Cluster Positions:				Cluster symmetry group : D4
 x ... x ... x ... x .....                       x ... x ... x ... x .....
 |           |           :                       |           |           :
 |           |           :                       |           |           :
12    13    14    15     x                       1     5     6     5     x
 |           |           :                       |           |           :
 |           |           :                       |           |           :
 8 --- 9 ---10 ---11 --- x                       2 --- 6 ---10 --- 6 --- x
 |           |           :                       |           |           :
 |           |           :                       |           |           :
 4     5     6     7     x                       1     5     6     5     x
 |           |           :                       |           |           :
 |           |           :                       |           |           :
 0 --- 1 --- 2 --- 3 --- x                       0 --- 1 --- 2 --- 1 --- x
orbital number : 1
********************************************************************************************************************
Read input file "obs_params.in"
	Observable Type : Nq(All),   Sq(All),   N(All),   Delta[s](All),   Delta[d](All),   Delta[s+](All)
********************************************************************************************************************
** WARNING ** the input observables have non-local factors which have been reinterpreted. The total observable number is 96
********************************************************************************************************************


********************************************************************************************************************
Start calculating the non-Gaussian ED ground state
** WARNING ** Detected low phonon energy W < 10. The initial state will be prepared through a warm-up process.
********************************************************************************************************************
Start warm-up calculation for scaling factor 2
open output files: NGSEDWarmUpW10Obs.txt
********************************************************************************************************************
Start the 0 rounds of NGS-ED iteration
	effective electronic model is modified as: kinetic energy t = 1
	                                           effective interaction Vq = [0,0,0,0,0,0,0,0,0,0,0,0,0,0,0,0]
	first Hamiltonian is constructed, non-zero numbers = 2178478152
	PARPACK diagonalization completed after 195 matrix-vector product operations.
	iteration results: : total energy is -22.908494 | electron energy -22.908494 + phonon energy 0.000000 | electron momentum kIdx = 10
	Nq(0) = 12.25,	Nq(1) = 0.350557,	Nq(2) = 0.373645,	Nq(3) = 0.350557,	Nq(4) = 0.354448,	Nq(5) = 0.44541,	Nq(6) = 0.59332,	Nq(7) = 0.403124,	Nq(8) = 0.588442,	Nq(9) = 0.589618,	Nq(10) = 0.607224,	Nq(11) = 0.589618,	Nq(12) = 0.354448,	Nq(13) = 0.403124,	Nq(14) = 0.59332,	Nq(15) = 0.44541,	Sq(0) = -3.10629e-18,	Sq(1) = 0.38722,	Sq(2) = 0.596853,	Sq(3) = 0.38722,	Sq(4) = 0.387951,	Sq(5) = 0.528526,	Sq(6) = 0.649515,	Sq(7) = 0.545843,	Sq(8) = 0.430889,	Sq(9) = 0.648879,	Sq(10) = 1.38412,	Sq(11) = 0.648879,	Sq(12) = 0.387951,	Sq(13) = 0.545843,	Sq(14) = 0.649515,	Sq(15) = 0.528526,	N(0) = 1.99901,	N(1) = 1.9981,	N(2) = 0.999957,	N(3) = 1.9981,	N(4) = 1.99805,	N(5) = 0.686666,	N(6) = 0.0014462,	N(7) = 0.314691,	N(8) = 0.999779,	N(9) = 0.00139657,	N(10) = 0.000571472,	N(11) = 0.00139657,	N(12) = 1.99805,	N(13) = 0.314691,	N(14) = 0.0014462,	N(15) = 0.686665,	Delta[s](0) = 0.289173,	Delta[s](1) = 0.229671,	Delta[s](2) = 0.177223,	Delta[s](3) = 0.229671,	Delta[s](4) = 0.230221,	Delta[s](5) = 0.160655,	Delta[s](6) = 0.117681,	Delta[s](7) = 0.14091,	Delta[s](8) = 0.177388,	Delta[s](9) = 0.117188,	Delta[s](10) = 0.00969735,	Delta[s](11) = 0.117188,	Delta[s](12) = 0.230221,	Delta[s](13) = 0.14091,	Delta[s](14) = 0.117681,	Delta[s](15) = 0.160655,	Delta[d](0) = 0.615119,	Delta[d](1) = 0.256321,	Delta[d](2) = 0.25403,	Delta[d](3) = 0.256321,	Delta[d](4) = 0.256354,	Delta[d](5) = 0.191062,	Delta[d](6) = 0.188791,	Delta[d](7) = 0.267046,	Delta[d](8) = 0.254221,	Delta[d](9) = 0.188898,	Delta[d](10) = 0.0470719,	Delta[d](11) = 0.188898,	Delta[d](12) = 0.256354,	Delta[d](13) = 0.267046,	Delta[d](14) = 0.188791,	Delta[d](15) = 0.191062,	Delta[s+](0) = 0.507881,	Delta[s+](1) = 0.380727,	Delta[s+](2) = 0.25403,	Delta[s+](3) = 0.380727,	Delta[s+](4) = 0.380757,	Delta[s+](5) = 0.215135,	Delta[s+](6) = 0.067225,	Delta[s+](7) = 0.168813,	Delta[s+](8) = 0.254221,	Delta[s+](9) = 0.0673387,	Delta[s+](10) = 0.00258422,	Delta[s+](11) = 0.0673387,	Delta[s+](12) = 0.380757,	Delta[s+](13) = 0.168813,	Delta[s+](14) = 0.067225,	Delta[s+](15) = 0.215135
The 0-th iteration is completed.	|| time cost : 0h 5m 9.102s
********************************************************************************************************************
Start the 1 rounds of NGS-ED iteration
	effective electronic model is modified as: kinetic energy (tx,ty)=(0.985231, 0.985016)
	                                           effective interaction Vq = [-0.432311,-0.411703,-0.393772,-0.411703,-0.411931,-0.399947, -0.39596,-0.396569,-0.407818,-0.395733,-0.385166,-0.395733,-0.411931,-0.396569, -0.39596,-0.399947]
	PARPACK diagonalization completed after 135 matrix-vector product operations.
	iteration results: : total energy is -31.072374 | electron energy -31.072654 + phonon energy 0.000280 | electron momentum kIdx = 10
The 1-th iteration is completed.	|| time cost : 0h 3m 1.572s
********************************************************************************************************************
Start the 2 rounds of NGS-ED iteration
	effective electronic model is modified as: kinetic energy (tx,ty)=(0.974545, 0.974462)
	                                           effective interaction Vq = [-0.490818,-0.471378,-0.461096,-0.471378,-0.471419,-0.462185,-0.453016,-0.461449,-0.463667,-0.453015,-0.469535,-0.453015,-0.471419,-0.461449,-0.453016,-0.462185]
	PARPACK diagonalization completed after 45 matrix-vector product operations.
	iteration results: : total energy is -32.131536 | electron energy -32.133375 + phonon energy 0.001839 | electron momentum kIdx = 10
The 2-th iteration is completed.	|| time cost : 0h 0m 21.815s
********************************************************************************************************************
Start the 3 rounds of NGS-ED iteration
	effective electronic model is modified as: kinetic energy (tx,ty)=(0.970896, 0.97087)
	                                           effective interaction Vq = [-0.498736,-0.483101,-0.474521,-0.483101, -0.48311, -0.47478,-0.464662,-0.474584,-0.475144,-0.464664, -0.48549,-0.464664, -0.48311,-0.474584,-0.464662, -0.47478]
	PARPACK diagonalization completed after 30 matrix-vector product operations.
	iteration results: : total energy is -32.260295 | electron energy -32.263487 + phonon energy 0.003192 | electron momentum kIdx = 10
The 3-th iteration is completed.	|| time cost : 0h 0m 18.495s
********************************************************************************************************************
Start the 4 rounds of NGS-ED iteration
	effective electronic model is modified as: kinetic energy (tx,ty)=(0.969778, 0.96977)
	                                           effective interaction Vq = [-0.499808,-0.486082,-0.477916,-0.486082,-0.486084,-0.477986,-0.467561,-0.477927,-0.478088,-0.467561,-0.489402,-0.467561,-0.486084,-0.477927,-0.467561,-0.477986]
	PARPACK diagonalization completed after 30 matrix-vector product operations.
	iteration results: : total energy is -32.276375 | electron energy -32.280167 + phonon energy 0.003792 | electron momentum kIdx = 10
The 4-th iteration is completed.	|| time cost : 0h 0m 18.098s
********************************************************************************************************************
Start the 5 rounds of NGS-ED iteration
	effective electronic model is modified as: kinetic energy (tx,ty)=(0.969443, 0.969441)
	                                           effective interaction Vq = [-0.499953,-0.486939,-0.478864,-0.486939, -0.48694,-0.478883,-0.468335,-0.478865,-0.478913,-0.468335,-0.490529,-0.468335, -0.48694,-0.478865,-0.468335,-0.478883]
	PARPACK diagonalization completed after 30 matrix-vector product operations.
	iteration results: : total energy is -32.278427 | electron energy -32.282429 + phonon energy 0.004002 | electron momentum kIdx = 10
The 5-th iteration is completed.	|| time cost : 0h 0m 18.149s
********************************************************************************************************************
Start the 6 rounds of NGS-ED iteration
	effective electronic model is modified as: kinetic energy t = 0.969344
	                                           effective interaction Vq = [-0.499972,-0.487197,-0.479137,-0.487197,-0.487197,-0.479143,-0.468546,-0.479137,-0.479152,-0.468546,-0.490877,-0.468546,-0.487197,-0.479137,-0.468546,-0.479143]
	PARPACK diagonalization completed after 30 matrix-vector product operations.
	iteration results: : total energy is -32.278702 | electron energy -32.282771 + phonon energy 0.004069 | electron momentum kIdx = 10
The 6-th iteration is completed.	|| time cost : 0h 0m 18.116s
********************************************************************************************************************
Start the 7 rounds of NGS-ED iteration
	effective electronic model is modified as: kinetic energy t = 0.969314
	                                           effective interaction Vq = [-0.499975,-0.487275,-0.479217,-0.487275,-0.487275,-0.479219,-0.468604,-0.479217,-0.479221,-0.468604,-0.490987,-0.468604,-0.487275,-0.479217,-0.468604,-0.479219]
	PARPACK diagonalization completed after 30 matrix-vector product operations.
	iteration results: : total energy is -32.278731 | electron energy -32.282821 + phonon energy 0.004089 | electron momentum kIdx = 10
	Nq(0) = 12.25,	Nq(1) = 0.381093,	Nq(2) = 0.562078,	Nq(3) = 0.381093,	Nq(4) = 0.381094,	Nq(5) = 0.562078,	Nq(6) = 0.643329,	Nq(7) = 0.562077,	Nq(8) = 0.562079,	Nq(9) = 0.64333,	Nq(10) = 1.83953,	Nq(11) = 0.64333,	Nq(12) = 0.381094,	Nq(13) = 0.562077,	Nq(14) = 0.643329,	Nq(15) = 0.562078,	Sq(0) = -4.93142e-18,	Sq(1) = 0.34198,	Sq(2) = 0.361534,	Sq(3) = 0.34198,	Sq(4) = 0.341981,	Sq(5) = 0.361535,	Sq(6) = 0.576232,	Sq(7) = 0.361535,	Sq(8) = 0.361535,	Sq(9) = 0.576233,	Sq(10) = 0.59825,	Sq(11) = 0.576233,	Sq(12) = 0.341981,	Sq(13) = 0.361535,	Sq(14) = 0.576232,	Sq(15) = 0.361535,	N(0) = 1.99855,	N(1) = 1.99615,	N(2) = 0.66744,	N(3) = 1.99615,	N(4) = 1.99615,	N(5) = 0.667437,	N(6) = 0.00275804,	N(7) = 0.667434,	N(8) = 0.667436,	N(9) = 0.00275805,	N(10) = 0.00118932,	N(11) = 0.00275805,	N(12) = 1.99615,	N(13) = 0.667434,	N(14) = 0.00275804,	N(15) = 0.667437,	Delta[s](0) = 0.580779,	Delta[s](1) = 0.262047,	Delta[s](2) = 0.221052,	Delta[s](3) = 0.262047,	Delta[s](4) = 0.262047,	Delta[s](5) = 0.221052,	Delta[s](6) = 0.144047,	Delta[s](7) = 0.221052,	Delta[s](8) = 0.221052,	Delta[s](9) = 0.144047,	Delta[s](10) = 0.248378,	Delta[s](11) = 0.144047,	Delta[s](12) = 0.262047,	Delta[s](13) = 0.221052,	Delta[s](14) = 0.144047,	Delta[s](15) = 0.221052,	Delta[d](0) = 0.245473,	Delta[d](1) = 0.200987,	Delta[d](2) = 0.202277,	Delta[d](3) = 0.200987,	Delta[d](4) = 0.200987,	Delta[d](5) = 0.12801,	Delta[d](6) = 0.142967,	Delta[d](7) = 0.12801,	Delta[d](8) = 0.202276,	Delta[d](9) = 0.142966,	Delta[d](10) = 0.010646,	Delta[d](11) = 0.142966,	Delta[d](12) = 0.200987,	Delta[d](13) = 0.12801,	Delta[d](14) = 0.142967,	Delta[d](15) = 0.12801,	Delta[s+](0) = 0.47763,	Delta[s+](1) = 0.358505,	Delta[s+](2) = 0.202277,	Delta[s+](3) = 0.358505,	Delta[s+](4) = 0.358505,	Delta[s+](5) = 0.202276,	Delta[s+](6) = 0.0635138,	Delta[s+](7) = 0.202276,	Delta[s+](8) = 0.202276,	Delta[s+](9) = 0.0635137,	Delta[s+](10) = 0.0049269,	Delta[s+](11) = 0.0635137,	Delta[s+](12) = 0.358505,	Delta[s+](13) = 0.202276,	Delta[s+](14) = 0.0635138,	Delta[s+](15) = 0.202276
The 7-th iteration is completed.	|| time cost : 0h 2m 50.694s
********************************************************************************************************************
********************************************************************************************************************
Ground state is obtained after 8 iterations. The current ground-state energy is -32.2787, in which electron energy is -32.2828 and phonon energy is 0.00408949
final variational state is: 
	Gamma_x = [      1,1.00511,1.00915,1.00511,1.00511,1.00915,1.01215,1.00915,1.00915,1.01215,1.02152,1.01215,1.00511,1.00915,1.01215,1.00915]
	lambda_q = [0.223526,0.187998,0.178066,0.187998,0.187998,0.178066,0.167605,0.178066,0.178067,0.167605,0.193679,0.167605,0.187998,0.178066,0.167605,0.178066]
********************************************************************************************************************
o___o  ----------------------------------------
| L |	Time since last clock: 0h 0m 0s
A===A	Time since the beginning: 0h 12m 36.044s
***********************************************


********************************************************************************************************************
Warm up runs have been completed. Start calculating W = 5 phonon.
open output files: NGSEDIterationObs.txt
********************************************************************************************************************
Start the 0 rounds of NGS-ED iteration
	effective electronic model is modified as: kinetic energy t = 0.969305
	                                           effective interaction Vq = [-0.457015,-0.417771,-0.404542,-0.417771,-0.417771,-0.404543,-0.389544,-0.404542,-0.404544,-0.389544,-0.424893,-0.389544,-0.417771,-0.404542,-0.389544,-0.404543]
	PARPACK diagonalization completed after 30 matrix-vector product operations.
	iteration results: : total energy is -31.075400 | electron energy -31.077448 + phonon energy 0.002048 | electron momentum kIdx = 10
	Nq(0) = 12.25,	Nq(1) = 0.379917,	Nq(2) = 0.556625,	Nq(3) = 0.379917,	Nq(4) = 0.379917,	Nq(5) = 0.556625,	Nq(6) = 0.635836,	Nq(7) = 0.556624,	Nq(8) = 0.556625,	Nq(9) = 0.635836,	Nq(10) = 1.79845,	Nq(11) = 0.635836,	Nq(12) = 0.379917,	Nq(13) = 0.556624,	Nq(14) = 0.635836,	Nq(15) = 0.556625,	Sq(0) = -7.75581e-18,	Sq(1) = 0.349832,	Sq(2) = 0.36517,	Sq(3) = 0.349832,	Sq(4) = 0.349832,	Sq(5) = 0.36517,	Sq(6) = 0.5882,	Sq(7) = 0.36517,	Sq(8) = 0.36517,	Sq(9) = 0.5882,	Sq(10) = 0.605643,	Sq(11) = 0.5882,	Sq(12) = 0.349832,	Sq(13) = 0.36517,	Sq(14) = 0.5882,	Sq(15) = 0.36517,	N(0) = 1.99921,	N(1) = 1.99782,	N(2) = 0.667079,	N(3) = 1.99782,	N(4) = 1.99782,	N(5) = 0.667077,	N(6) = 0.0016014,	N(7) = 0.667075,	N(8) = 0.667077,	N(9) = 0.0016014,	N(10) = 0.00064817,	N(11) = 0.0016014,	N(12) = 1.99782,	N(13) = 0.667075,	N(14) = 0.0016014,	N(15) = 0.667077,	Delta[s](0) = 0.557087,	Delta[s](1) = 0.257863,	Delta[s](2) = 0.218602,	Delta[s](3) = 0.257863,	Delta[s](4) = 0.257863,	Delta[s](5) = 0.218601,	Delta[s](6) = 0.144468,	Delta[s](7) = 0.218602,	Delta[s](8) = 0.218601,	Delta[s](9) = 0.144468,	Delta[s](10) = 0.247587,	Delta[s](11) = 0.144468,	Delta[s](12) = 0.257863,	Delta[s](13) = 0.218602,	Delta[s](14) = 0.144468,	Delta[s](15) = 0.218601,	Delta[d](0) = 0.245868,	Delta[d](1) = 0.202812,	Delta[d](2) = 0.204558,	Delta[d](3) = 0.202812,	Delta[d](4) = 0.202812,	Delta[d](5) = 0.129034,	Delta[d](6) = 0.144853,	Delta[d](7) = 0.129034,	Delta[d](8) = 0.204558,	Delta[d](9) = 0.144853,	Delta[d](10) = 0.0122528,	Delta[d](11) = 0.144853,	Delta[d](12) = 0.202812,	Delta[d](13) = 0.129034,	Delta[d](14) = 0.144853,	Delta[d](15) = 0.129034,	Delta[s+](0) = 0.482966,	Delta[s+](1) = 0.362204,	Delta[s+](2) = 0.204558,	Delta[s+](3) = 0.362204,	Delta[s+](4) = 0.362204,	Delta[s+](5) = 0.204558,	Delta[s+](6) = 0.0651231,	Delta[s+](7) = 0.204557,	Delta[s+](8) = 0.204558,	Delta[s+](9) = 0.0651231,	Delta[s+](10) = 0.00564825,	Delta[s+](11) = 0.0651231,	Delta[s+](12) = 0.362204,	Delta[s+](13) = 0.204557,	Delta[s+](14) = 0.0651231,	Delta[s+](15) = 0.204558
The 0-th iteration is completed.	|| time cost : 0h 2m 50.539s
********************************************************************************************************************
Start the 1 rounds of NGS-ED iteration
	effective electronic model is modified as: kinetic energy t = 0.963737
	                                           effective interaction Vq = [-0.484171,-0.442242,-0.426065,-0.442242,-0.442242,-0.426065,-0.407223,-0.426065,-0.426066,-0.407224,-0.450726,-0.407224,-0.442242,-0.426065,-0.407223,-0.426065]
	PARPACK diagonalization completed after 30 matrix-vector product operations.
	iteration results: : total energy is -31.471164 | electron energy -31.477641 + phonon energy 0.006477 | electron momentum kIdx = 10
The 1-th iteration is completed.	|| time cost : 0h 0m 17.722s
********************************************************************************************************************
Start the 2 rounds of NGS-ED iteration
	effective electronic model is modified as: kinetic energy t = 0.960824
	                                           effective interaction Vq = [-0.494161,-0.453132,-0.435677,-0.453132,-0.453132,-0.435677,-0.414956,-0.435677,-0.435677,-0.414956,-0.462593,-0.414956,-0.453132,-0.435677,-0.414956,-0.435677]
	PARPACK diagonalization completed after 30 matrix-vector product operations.
	iteration results: : total energy is -31.610280 | electron energy -31.620417 + phonon energy 0.010137 | electron momentum kIdx = 10
The 2-th iteration is completed.	|| time cost : 0h 0m 17.633s
********************************************************************************************************************
Start the 3 rounds of NGS-ED iteration
	effective electronic model is modified as: kinetic energy t = 0.959335
	                                           effective interaction Vq = [-0.497837,-0.458281,-0.440183,-0.458281,-0.458281,-0.440183,-0.418468,-0.440183,-0.440183,-0.418468,-0.468372,-0.418468,-0.458281,-0.440183,-0.418468,-0.440183]
	PARPACK diagonalization completed after 30 matrix-vector product operations.
	iteration results: : total energy is -31.659774 | electron energy -31.672299 + phonon energy 0.012524 | electron momentum kIdx = 10
The 3-th iteration is completed.	|| time cost : 0h 0m 17.723s
********************************************************************************************************************
Start the 4 rounds of NGS-ED iteration
	effective electronic model is modified as: kinetic energy t = 0.95858
	                                           effective interaction Vq = [-0.499189,-0.460808,-0.442353,-0.460808,-0.460808,-0.442354,-0.420094,-0.442353,-0.442354,-0.420094,-0.471306,-0.420094,-0.460808,-0.442353,-0.420094,-0.442354]
	PARPACK diagonalization completed after 30 matrix-vector product operations.
	iteration results: : total energy is -31.677541 | electron energy -31.691466 + phonon energy 0.013926 | electron momentum kIdx = 10
The 4-th iteration is completed.	|| time cost : 0h 0m 17.428s
********************************************************************************************************************
Start the 5 rounds of NGS-ED iteration
	effective electronic model is modified as: kinetic energy t = 0.958199
	                                           effective interaction Vq = [-0.499686,-0.462075,-0.443415,-0.462075,-0.462075,-0.443415,-0.420854,-0.443415,-0.443415,-0.420854,-0.472835,-0.420854,-0.462075,-0.443415,-0.420854,-0.443415]
	PARPACK diagonalization completed after 30 matrix-vector product operations.
	iteration results: : total energy is -31.683960 | electron energy -31.698663 + phonon energy 0.014704 | electron momentum kIdx = 10
The 5-th iteration is completed.	|| time cost : 0h 0m 15.468s
********************************************************************************************************************
Start the 6 rounds of NGS-ED iteration
	effective electronic model is modified as: kinetic energy t = 0.958005
	                                           effective interaction Vq = [-0.499869,-0.462716,-0.443939,-0.462716,-0.462716,-0.443939,-0.421211,-0.443939,-0.443939,-0.421211,-0.473645,-0.421211,-0.462716,-0.443939,-0.421211,-0.443939]
	PARPACK diagonalization completed after 30 matrix-vector product operations.
	iteration results: : total energy is -31.686290 | electron energy -31.701413 + phonon energy 0.015123 | electron momentum kIdx = 10
The 6-th iteration is completed.	|| time cost : 0h 0m 15.473s
********************************************************************************************************************
Start the 7 rounds of NGS-ED iteration
	effective electronic model is modified as: kinetic energy t = 0.957907
	                                           effective interaction Vq = [-0.499936,-0.463044,-0.444198,-0.463044,-0.463044,-0.444198,-0.421379,-0.444198,-0.444198,-0.421379,-0.474078,-0.421379,-0.463044,-0.444198,-0.421379,-0.444198]
	PARPACK diagonalization completed after 30 matrix-vector product operations.
	iteration results: : total energy is -31.687139 | electron energy -31.702484 + phonon energy 0.015346 | electron momentum kIdx = 10
The 7-th iteration is completed.	|| time cost : 0h 0m 15.417s
********************************************************************************************************************
Start the 8 rounds of NGS-ED iteration
	effective electronic model is modified as: kinetic energy t = 0.957857
	                                           effective interaction Vq = [-0.499961,-0.463211,-0.444326,-0.463211,-0.463211,-0.444326,-0.421458,-0.444326,-0.444326,-0.421458,-0.474311,-0.421458,-0.463211,-0.444326,-0.421458,-0.444326]
	PARPACK diagonalization completed after 30 matrix-vector product operations.
	iteration results: : total energy is -31.687449 | electron energy -31.702911 + phonon energy 0.015462 | electron momentum kIdx = 10
The 8-th iteration is completed.	|| time cost : 0h 0m 15.466s
********************************************************************************************************************
Start the 9 rounds of NGS-ED iteration
	effective electronic model is modified as: kinetic energy t = 0.957832
	                                           effective interaction Vq = [ -0.49997,-0.463296, -0.44439,-0.463296,-0.463296, -0.44439,-0.421495, -0.44439, -0.44439,-0.421495,-0.474437,-0.421495,-0.463296, -0.44439,-0.421495, -0.44439]
	PARPACK diagonalization completed after 30 matrix-vector product operations.
	iteration results: : total energy is -31.687562 | electron energy -31.703086 + phonon energy 0.015523 | electron momentum kIdx = 10
The 9-th iteration is completed.	|| time cost : 0h 0m 15.483s
********************************************************************************************************************
Start the 10 rounds of NGS-ED iteration
	effective electronic model is modified as: kinetic energy t = 0.957819
	                                           effective interaction Vq = [-0.499973, -0.46334,-0.444422, -0.46334, -0.46334,-0.444422,-0.421512,-0.444422,-0.444422,-0.421512,-0.474505,-0.421512, -0.46334,-0.444422,-0.421512,-0.444422]
	PARPACK diagonalization completed after 30 matrix-vector product operations.
	iteration results: : total energy is -31.687604 | electron energy -31.703159 + phonon energy 0.015555 | electron momentum kIdx = 10
	Nq(0) = 12.25,	Nq(1) = 0.380781,	Nq(2) = 0.559545,	Nq(3) = 0.380781,	Nq(4) = 0.380781,	Nq(5) = 0.559545,	Nq(6) = 0.63598,	Nq(7) = 0.559545,	Nq(8) = 0.559545,	Nq(9) = 0.63598,	Nq(10) = 1.84788,	Nq(11) = 0.63598,	Nq(12) = 0.380781,	Nq(13) = 0.559545,	Nq(14) = 0.63598,	Nq(15) = 0.559545,	Sq(0) = 2.82103e-18,	Sq(1) = 0.344386,	Sq(2) = 0.362882,	Sq(3) = 0.344386,	Sq(4) = 0.344386,	Sq(5) = 0.362882,	Sq(6) = 0.580439,	Sq(7) = 0.362882,	Sq(8) = 0.362882,	Sq(9) = 0.580439,	Sq(10) = 0.601212,	Sq(11) = 0.580439,	Sq(12) = 0.344386,	Sq(13) = 0.362882,	Sq(14) = 0.580439,	Sq(15) = 0.362882,	N(0) = 1.99884,	N(1) = 1.99673,	N(2) = 0.66727,	N(3) = 1.99673,	N(4) = 1.99673,	N(5) = 0.66727,	N(6) = 0.00241374,	N(7) = 0.66727,	N(8) = 0.66727,	N(9) = 0.00241374,	N(10) = 0.00095361,	N(11) = 0.00241374,	N(12) = 1.99673,	N(13) = 0.66727,	N(14) = 0.00241374,	N(15) = 0.66727,	Delta[s](0) = 0.557611,	Delta[s](1) = 0.259945,	Delta[s](2) = 0.220619,	Delta[s](3) = 0.259945,	Delta[s](4) = 0.259945,	Delta[s](5) = 0.220619,	Delta[s](6) = 0.148088,	Delta[s](7) = 0.220619,	Delta[s](8) = 0.220619,	Delta[s](9) = 0.148088,	Delta[s](10) = 0.247643,	Delta[s](11) = 0.148088,	Delta[s](12) = 0.259945,	Delta[s](13) = 0.220619,	Delta[s](14) = 0.148088,	Delta[s](15) = 0.220619,	Delta[d](0) = 0.246539,	Delta[d](1) = 0.202684,	Delta[d](2) = 0.204863,	Delta[d](3) = 0.202684,	Delta[d](4) = 0.202684,	Delta[d](5) = 0.130463,	Delta[d](6) = 0.145142,	Delta[d](7) = 0.130463,	Delta[d](8) = 0.204863,	Delta[d](9) = 0.145142,	Delta[d](10) = 0.0144653,	Delta[d](11) = 0.145142,	Delta[d](12) = 0.202684,	Delta[d](13) = 0.130463,	Delta[d](14) = 0.145142,	Delta[d](15) = 0.130463,	Delta[s+](0) = 0.482457,	Delta[s+](1) = 0.361779,	Delta[s+](2) = 0.204863,	Delta[s+](3) = 0.361779,	Delta[s+](4) = 0.361779,	Delta[s+](5) = 0.204863,	Delta[s+](6) = 0.0657055,	Delta[s+](7) = 0.204863,	Delta[s+](8) = 0.204863,	Delta[s+](9) = 0.0657055,	Delta[s+](10) = 0.0065777,	Delta[s+](11) = 0.0657055,	Delta[s+](12) = 0.361779,	Delta[s+](13) = 0.204863,	Delta[s+](14) = 0.0657055,	Delta[s+](15) = 0.204863
The 10-th iteration is completed.	|| time cost : 0h 2m 42.072s
********************************************************************************************************************
Start the 11 rounds of NGS-ED iteration
	effective electronic model is modified as: kinetic energy t = 0.957812
	                                           effective interaction Vq = [-0.499975,-0.463363,-0.444438,-0.463363,-0.463363,-0.444438, -0.42152,-0.444438,-0.444438, -0.42152,-0.474542, -0.42152,-0.463363,-0.444438, -0.42152,-0.444438]
	PARPACK diagonalization completed after 30 matrix-vector product operations.
	iteration results: : total energy is -31.687619 | electron energy -31.703191 + phonon energy 0.015572 | electron momentum kIdx = 10
The 11-th iteration is completed.	|| time cost : 0h 0m 15.506s
********************************************************************************************************************
Start the 12 rounds of NGS-ED iteration
	effective electronic model is modified as: kinetic energy t = 0.957809
	                                           effective interaction Vq = [-0.499975,-0.463374,-0.444446,-0.463374,-0.463374,-0.444446,-0.421524,-0.444446,-0.444446,-0.421524,-0.474562,-0.421524,-0.463374,-0.444446,-0.421524,-0.444446]
	PARPACK diagonalization completed after 30 matrix-vector product operations.
	iteration results: : total energy is -31.687625 | electron energy -31.703205 + phonon energy 0.015580 | electron momentum kIdx = 10
The 12-th iteration is completed.	|| time cost : 0h 0m 15.425s
********************************************************************************************************************
Start the 13 rounds of NGS-ED iteration
	effective electronic model is modified as: kinetic energy t = 0.957807
	                                           effective interaction Vq = [-0.499975, -0.46338, -0.44445, -0.46338, -0.46338, -0.44445,-0.421525, -0.44445, -0.44445,-0.421525,-0.474573,-0.421525, -0.46338, -0.44445,-0.421525, -0.44445]
	PARPACK diagonalization completed after 30 matrix-vector product operations.
	iteration results: : total energy is -31.687627 | electron energy -31.703212 + phonon energy 0.015585 | electron momentum kIdx = 10
The 13-th iteration is completed.	|| time cost : 0h 0m 15.465s
********************************************************************************************************************
Start the 14 rounds of NGS-ED iteration
	effective electronic model is modified as: kinetic energy t = 0.957806
	                                           effective interaction Vq = [-0.499975,-0.463383,-0.444452,-0.463383,-0.463383,-0.444452,-0.421526,-0.444452,-0.444452,-0.421526,-0.474578,-0.421526,-0.463383,-0.444452,-0.421526,-0.444452]
	PARPACK diagonalization completed after 30 matrix-vector product operations.
	iteration results: : total energy is -31.687628 | electron energy -31.703215 + phonon energy 0.015587 | electron momentum kIdx = 10
The 14-th iteration is completed.	|| time cost : 0h 0m 15.478s
********************************************************************************************************************
Start the 15 rounds of NGS-ED iteration
	effective electronic model is modified as: kinetic energy t = 0.957806
	                                           effective interaction Vq = [-0.499975,-0.463384,-0.444453,-0.463384,-0.463384,-0.444453,-0.421526,-0.444453,-0.444453,-0.421526,-0.474582,-0.421526,-0.463384,-0.444453,-0.421526,-0.444453]
	PARPACK diagonalization completed after 30 matrix-vector product operations.
	iteration results: : total energy is -31.687628 | electron energy -31.703216 + phonon energy 0.015588 | electron momentum kIdx = 10
The 15-th iteration is completed.	|| time cost : 0h 0m 15.459s
********************************************************************************************************************
Start the 16 rounds of NGS-ED iteration
	effective electronic model is modified as: kinetic energy t = 0.957806
	                                           effective interaction Vq = [-0.499975,-0.463385,-0.444453,-0.463385,-0.463385,-0.444453,-0.421527,-0.444453,-0.444453,-0.421527,-0.474583,-0.421527,-0.463385,-0.444453,-0.421527,-0.444453]
	PARPACK diagonalization completed after 30 matrix-vector product operations.
	iteration results: : total energy is -31.687628 | electron energy -31.703217 + phonon energy 0.015589 | electron momentum kIdx = 10
The 16-th iteration is completed.	|| time cost : 0h 0m 15.433s
********************************************************************************************************************
Start the 17 rounds of NGS-ED iteration
	effective electronic model is modified as: kinetic energy t = 0.957805
	                                           effective interaction Vq = [-0.499975,-0.463386,-0.444453,-0.463386,-0.463386,-0.444453,-0.421527,-0.444453,-0.444453,-0.421527,-0.474584,-0.421527,-0.463386,-0.444453,-0.421527,-0.444453]
	PARPACK diagonalization completed after 30 matrix-vector product operations.
	iteration results: : total energy is -31.687628 | electron energy -31.703218 + phonon energy 0.015589 | electron momentum kIdx = 10
The 17-th iteration is completed.	|| time cost : 0h 0m 15.488s
********************************************************************************************************************
Start the 18 rounds of NGS-ED iteration
	effective electronic model is modified as: kinetic energy t = 0.957805
	                                           effective interaction Vq = [-0.499975,-0.463386,-0.444453,-0.463386,-0.463386,-0.444453,-0.421527,-0.444453,-0.444453,-0.421527,-0.474585,-0.421527,-0.463386,-0.444453,-0.421527,-0.444453]
	PARPACK diagonalization completed after 30 matrix-vector product operations.
	iteration results: : total energy is -31.687628 | electron energy -31.703218 + phonon energy 0.015590 | electron momentum kIdx = 10
The 18-th iteration is completed.	|| time cost : 0h 0m 15.42s
********************************************************************************************************************
Start the 19 rounds of NGS-ED iteration
	effective electronic model is modified as: kinetic energy t = 0.957805
	                                           effective interaction Vq = [-0.499975,-0.463386,-0.444454,-0.463386,-0.463386,-0.444454,-0.421527,-0.444454,-0.444454,-0.421527,-0.474585,-0.421527,-0.463386,-0.444454,-0.421527,-0.444454]
	PARPACK diagonalization completed after 30 matrix-vector product operations.
	iteration results: : total energy is -31.687628 | electron energy -31.703218 + phonon energy 0.015590 | electron momentum kIdx = 10
The 19-th iteration is completed.	|| time cost : 0h 0m 15.462s
********************************************************************************************************************
Start the 20 rounds of NGS-ED iteration
	effective electronic model is modified as: kinetic energy t = 0.957805
	                                           effective interaction Vq = [-0.499975,-0.463386,-0.444454,-0.463386,-0.463386,-0.444454,-0.421527,-0.444454,-0.444454,-0.421527,-0.474585,-0.421527,-0.463386,-0.444454,-0.421527,-0.444454]
	PARPACK diagonalization completed after 30 matrix-vector product operations.
	iteration results: : total energy is -31.687628 | electron energy -31.703218 + phonon energy 0.015590 | electron momentum kIdx = 10
	Nq(0) = 12.25,	Nq(1) = 0.380779,	Nq(2) = 0.559546,	Nq(3) = 0.380779,	Nq(4) = 0.380779,	Nq(5) = 0.559546,	Nq(6) = 0.635974,	Nq(7) = 0.559546,	Nq(8) = 0.559546,	Nq(9) = 0.635974,	Nq(10) = 1.84799,	Nq(11) = 0.635974,	Nq(12) = 0.380779,	Nq(13) = 0.559546,	Nq(14) = 0.635974,	Nq(15) = 0.559546,	Sq(0) = -1.05609e-17,	Sq(1) = 0.344379,	Sq(2) = 0.362879,	Sq(3) = 0.344379,	Sq(4) = 0.344379,	Sq(5) = 0.362879,	Sq(6) = 0.58043,	Sq(7) = 0.362879,	Sq(8) = 0.362879,	Sq(9) = 0.58043,	Sq(10) = 0.601207,	Sq(11) = 0.58043,	Sq(12) = 0.344379,	Sq(13) = 0.362879,	Sq(14) = 0.58043,	Sq(15) = 0.362879,	N(0) = 1.99884,	N(1) = 1.99673,	N(2) = 0.66727,	N(3) = 1.99673,	N(4) = 1.99673,	N(5) = 0.66727,	N(6) = 0.00241505,	N(7) = 0.66727,	N(8) = 0.66727,	N(9) = 0.00241505,	N(10) = 0.00095401,	N(11) = 0.00241505,	N(12) = 1.99673,	N(13) = 0.66727,	N(14) = 0.00241505,	N(15) = 0.66727,	Delta[s](0) = 0.557609,	Delta[s](1) = 0.259948,	Delta[s](2) = 0.220621,	Delta[s](3) = 0.259948,	Delta[s](4) = 0.259948,	Delta[s](5) = 0.220621,	Delta[s](6) = 0.148093,	Delta[s](7) = 0.220621,	Delta[s](8) = 0.220621,	Delta[s](9) = 0.148093,	Delta[s](10) = 0.247644,	Delta[s](11) = 0.148093,	Delta[s](12) = 0.259948,	Delta[s](13) = 0.220621,	Delta[s](14) = 0.148093,	Delta[s](15) = 0.220621,	Delta[d](0) = 0.246551,	Delta[d](1) = 0.202692,	Delta[d](2) = 0.204873,	Delta[d](3) = 0.202692,	Delta[d](4) = 0.202692,	Delta[d](5) = 0.130471,	Delta[d](6) = 0.145148,	Delta[d](7) = 0.130471,	Delta[d](8) = 0.204873,	Delta[d](9) = 0.145148,	Delta[d](10) = 0.0144682,	Delta[d](11) = 0.145148,	Delta[d](12) = 0.202692,	Delta[d](13) = 0.130471,	Delta[d](14) = 0.145148,	Delta[d](15) = 0.130471,	Delta[s+](0) = 0.48248,	Delta[s+](1) = 0.361796,	Delta[s+](2) = 0.204873,	Delta[s+](3) = 0.361796,	Delta[s+](4) = 0.361796,	Delta[s+](5) = 0.204873,	Delta[s+](6) = 0.0657087,	Delta[s+](7) = 0.204873,	Delta[s+](8) = 0.204873,	Delta[s+](9) = 0.0657087,	Delta[s+](10) = 0.00657884,	Delta[s+](11) = 0.0657087,	Delta[s+](12) = 0.361796,	Delta[s+](13) = 0.204873,	Delta[s+](14) = 0.0657087,	Delta[s+](15) = 0.204873
The 20-th iteration is completed.	|| time cost : 0h 2m 57.318s
********************************************************************************************************************
Start the 21 rounds of NGS-ED iteration
	effective electronic model is modified as: kinetic energy t = 0.957805
	                                           effective interaction Vq = [-0.499975,-0.463386,-0.444454,-0.463386,-0.463386,-0.444454,-0.421527,-0.444454,-0.444454,-0.421527,-0.474585,-0.421527,-0.463386,-0.444454,-0.421527,-0.444454]
	PARPACK diagonalization completed after 30 matrix-vector product operations.
	iteration results: : total energy is -31.687628 | electron energy -31.703218 + phonon energy 0.015590 | electron momentum kIdx = 10
The 21-th iteration is completed.	|| time cost : 0h 0m 17.857s
********************************************************************************************************************
Start the 22 rounds of NGS-ED iteration
	effective electronic model is modified as: kinetic energy t = 0.957805
	                                           effective interaction Vq = [-0.499975,-0.463386,-0.444454,-0.463386,-0.463386,-0.444454,-0.421527,-0.444454,-0.444454,-0.421527,-0.474585,-0.421527,-0.463386,-0.444454,-0.421527,-0.444454]
	PARPACK diagonalization completed after 30 matrix-vector product operations.
	iteration results: : total energy is -31.687628 | electron energy -31.703218 + phonon energy 0.015590 | electron momentum kIdx = 10
The 22-th iteration is completed.	|| time cost : 0h 0m 17.367s
********************************************************************************************************************
Start the 23 rounds of NGS-ED iteration
	effective electronic model is modified as: kinetic energy t = 0.957805
	                                           effective interaction Vq = [-0.499975,-0.463386,-0.444454,-0.463386,-0.463386,-0.444454,-0.421527,-0.444454,-0.444454,-0.421527,-0.474585,-0.421527,-0.463386,-0.444454,-0.421527,-0.444454]
	PARPACK diagonalization completed after 30 matrix-vector product operations.
	iteration results: : total energy is -31.687628 | electron energy -31.703218 + phonon energy 0.015590 | electron momentum kIdx = 10
