SNEDics v3.2 diagonalization test program		Start at Sat May  4 13:27:04 2019

parallized on 80 MPI threads  * 6 OpenMP threads = 480 total threads.
************************************************************************************
************************************************************************************

Input file "model_params.in"
Hubbard-Holstein model parameters : 	t = 1    U = 3    g = 0.7071    W = 1    
************************************************************************************
Input file "hilbertspace_params.in"

Cluster Positions:				Cluster symmetry group : D4
 x ... x ... x ... x .....                       x ... x ... x ... x .....
 |           |           :                       |           |           :
 |           |           :                       |           |           :
12    13    14    15     x                       1     5     6     5     x
 |           |           :                       |           |           :
 |           |           :                       |           |           :
 8 --- 9 ---10 ---11 --- x                       2 --- 6 ---10 --- 6 --- x
 |           |           :                       |           |           :
 |           |           :                       |           |           :
 4     5     6     7     x                       1     5     6     5     x
 |           |           :                       |           |           :
 |           |           :                       |           |           :
 0 --- 1 --- 2 --- 3 --- x                       0 --- 1 --- 2 --- 1 --- x
orbital number : 1
************************************************************************************
** NOTE ** Detected low phonon energy W < 10. The initial state will be prepared through a warm-up process.
starting warm-up calculation for scaling factor 16
0 rounds of non-Gaussian ED iteration : ground-state energy is -15.6367 | electron energy -15.6367 + phonon energy 0 | electron momentum kIdx = 0
Nq = 	16	0.197474	0.272632	0.197474	0.197474	0.272632	0.377802	0.272632	0.272632	0.377802	0.449031	0.377802	0.197474	0.272632	0.377802	0.272632
Sq = 	5.12778e-19	0.422553	0.613841	0.422553	0.422553	0.613841	0.765373	0.613841	0.613841	0.765373	3.17932	0.765373	0.422553	0.613841	0.765373	0.613841
1 rounds of non-Gaussian ED iteration : ground-state energy is -25.0941 | electron energy -25.0943 + phonon energy 0.000238205 | electron momentum kIdx = 0
Nq = 	16	0.238553	0.30595	0.238553	0.238553	0.30595	0.43633	0.30595	0.30595	0.43633	0.50405	0.43633	0.238553	0.30595	0.43633	0.30595
Sq = 	9.20933e-18	0.414708	0.600921	0.414708	0.414708	0.600921	0.729351	0.600921	0.600921	0.729351	2.77896	0.729351	0.414708	0.600921	0.729351	0.600921
2 rounds of non-Gaussian ED iteration : ground-state energy is -25.4478 | electron energy -25.4486 + phonon energy 0.000712202 | electron momentum kIdx = 0
Nq = 	16	0.240982	0.30768	0.240982	0.240982	0.30768	0.439764	0.30768	0.30768	0.439764	0.50697	0.439764	0.240982	0.30768	0.439764	0.30768
Sq = 	-4.00061e-18	0.414158	0.600074	0.414158	0.414158	0.600074	0.727316	0.600074	0.600074	0.727316	2.75762	0.727316	0.414158	0.600074	0.727316	0.600074
3 rounds of non-Gaussian ED iteration : ground-state energy is -25.4614 | electron energy -25.4623 + phonon energy 0.000835051 | electron momentum kIdx = 0
Nq = 	16	0.24124	0.30786	0.24124	0.24124	0.30786	0.440126	0.30786	0.30786	0.440126	0.507266	0.440126	0.24124	0.30786	0.440126	0.30786
Sq = 	-1.01698e-18	0.414099	0.599985	0.414099	0.414099	0.599985	0.727103	0.599985	0.599985	0.727103	2.75539	0.727103	0.414099	0.599985	0.727103	0.599985
Ground state is obtained after 4 iterations. The current ground-state energy is -25.462, in which electron energy is -25.4628 and phonon energy is 0.000854414
final variational state is: 
Gamma_x =       1 1.00197 1.00333 1.00197 1.00197 1.00333 1.00489 1.00333 1.00333 1.00489 1.00607 1.00489 1.00197 1.00333 1.00489 1.00333
lambda_q = 0.176481 0.149319  0.13735 0.149319 0.149319  0.13735 0.135909  0.13735  0.13735 0.135909 0.131209 0.135909 0.149319  0.13735 0.135909  0.13735
o___o  -------------------------------------
| L |	Time since last clock: 0h 23m 20.676s
A===A	Time since the beginning: 0h 23m 20.676s
********************************************

************************************************************************************
starting warm-up calculation for scaling factor 8
0 rounds of non-Gaussian ED iteration : ground-state energy is -24.3902 | electron energy -24.3906 + phonon energy 0.000427207 | electron momentum kIdx = 0
Nq = 	16	0.233709	0.302101	0.233709	0.233709	0.302101	0.429018	0.302101	0.302101	0.429018	0.497229	0.429018	0.233709	0.302101	0.429018	0.302101
Sq = 	7.08151e-18	0.415838	0.60275	0.415838	0.415838	0.60275	0.733713	0.60275	0.60275	0.733713	2.82456	0.733713	0.415838	0.60275	0.733713	0.60275
1 rounds of non-Gaussian ED iteration : ground-state energy is -24.9716 | electron energy -24.9734 + phonon energy 0.00176943 | electron momentum kIdx = 0
Nq = 	16	0.236134	0.303763	0.236134	0.236134	0.303763	0.432037	0.303763	0.303763	0.432037	0.499674	0.432037	0.236134	0.303763	0.432037	0.303763
Sq = 	4.92705e-18	0.415363	0.602029	0.415363	0.415363	0.602029	0.731825	0.602029	0.602029	0.731825	2.80414	0.731825	0.415363	0.602029	0.731825	0.602029
2 rounds of non-Gaussian ED iteration : ground-state energy is -25.0861 | electron energy -25.0886 + phonon energy 0.00251036 | electron momentum kIdx = 0
Nq = 	16	0.236817	0.304209	0.236817	0.236817	0.304209	0.432858	0.304209	0.304209	0.432858	0.500313	0.432858	0.236817	0.304209	0.432858	0.304209
Sq = 	2.24616e-18	0.415231	0.601834	0.415231	0.415231	0.601834	0.73131	0.601834	0.601834	0.73131	2.79856	0.73131	0.415231	0.601834	0.73131	0.601834
3 rounds of non-Gaussian ED iteration : ground-state energy is -25.1089 | electron energy -25.1117 + phonon energy 0.0027988 | electron momentum kIdx = 0
Nq = 	16	0.237031	0.304342	0.237031	0.237031	0.304342	0.433103	0.304342	0.304342	0.433103	0.500497	0.433103	0.237031	0.304342	0.433103	0.304342
Sq = 	-3.76906e-18	0.415191	0.601776	0.415191	0.415191	0.601776	0.731155	0.601776	0.601776	0.731155	2.79687	0.731155	0.415191	0.601776	0.731155	0.601776
4 rounds of non-Gaussian ED iteration : ground-state energy is -25.1135 | electron energy -25.1164 + phonon energy 0.00289832 | electron momentum kIdx = 0
Nq = 	16	0.237101	0.304383	0.237101	0.237101	0.304383	0.433179	0.304383	0.304383	0.433179	0.500553	0.433179	0.237101	0.304383	0.433179	0.304383
Sq = 	-3.7735e-18	0.415179	0.601759	0.415179	0.415179	0.601759	0.731107	0.601759	0.601759	0.731107	2.79633	0.731107	0.415179	0.601759	0.731107	0.601759
Ground state is obtained after 5 iterations. The current ground-state energy is -25.1144, in which electron energy is -25.1174 and phonon energy is 0.002931
final variational state is: 
Gamma_x =       1 1.00581 1.00882 1.00581 1.00581 1.00882 1.01274 1.00882 1.00882 1.01274  1.0152 1.01274 1.00581 1.00882 1.01274 1.00882
lambda_q = 0.248651 0.182633 0.159076 0.182633 0.182633 0.159076 0.156243 0.159076 0.159076 0.156243 0.147886 0.156243 0.182633 0.159076 0.156243 0.159076
o___o  -------------------------------------
| L |	Time since last clock: 0h 28m 26.238s
A===A	Time since the beginning: 0h 51m 46.914s
********************************************

************************************************************************************
starting warm-up calculation for scaling factor 4
0 rounds of non-Gaussian ED iteration : ground-state energy is -23.9947 | electron energy -23.9962 + phonon energy 0.0014655 | electron momentum kIdx = 0
Nq = 	16	0.228574	0.297832	0.228574	0.228574	0.297832	0.420911	0.297832	0.297832	0.420911	0.489478	0.420911	0.228574	0.297832	0.420911	0.297832
Sq = 	2.25993e-18	0.417041	0.604722	0.417041	0.417041	0.604722	0.738498	0.604722	0.604722	0.738498	2.8751	0.738498	0.417041	0.604722	0.738498	0.604722
1 rounds of non-Gaussian ED iteration : ground-state energy is -24.3859 | electron energy -24.3894 + phonon energy 0.00357401 | electron momentum kIdx = 0
Nq = 	16	0.229306	0.298191	0.229306	0.229306	0.298191	0.421422	0.298191	0.298191	0.421422	0.48968	0.421422	0.229306	0.298191	0.421422	0.298191
Sq = 	-3.11095e-18	0.416957	0.604622	0.416957	0.416957	0.604622	0.738099	0.604622	0.604622	0.738099	2.8703	0.738099	0.416957	0.604622	0.738099	0.604622
2 rounds of non-Gaussian ED iteration : ground-state energy is -24.561 | electron energy -24.5659 + phonon energy 0.00493274 | electron momentum kIdx = 0
Nq = 	16	0.229675	0.298368	0.229675	0.229675	0.298368	0.421694	0.298368	0.298368	0.421694	0.489824	0.421694	0.229675	0.298368	0.421694	0.298368
Sq = 	2.30315e-18	0.416912	0.604568	0.416912	0.416912	0.604568	0.737895	0.604568	0.604568	0.737895	2.86786	0.737895	0.416912	0.604568	0.737895	0.604568
3 rounds of non-Gaussian ED iteration : ground-state energy is -24.6395 | electron energy -24.6452 + phonon energy 0.00568265 | electron momentum kIdx = 0
Nq = 	16	0.229865	0.298457	0.229865	0.229865	0.298457	0.421837	0.298457	0.298457	0.421837	0.489913	0.421837	0.229865	0.298457	0.421837	0.298457
Sq = 	-3.01434e-18	0.416888	0.604538	0.416888	0.416888	0.604538	0.737789	0.604538	0.604538	0.737789	2.8666	0.737789	0.416888	0.604538	0.737789	0.604538
4 rounds of non-Gaussian ED iteration : ground-state energy is -24.6748 | electron energy -24.6808 + phonon energy 0.00607562 | electron momentum kIdx = 0
Nq = 	16	0.229963	0.298502	0.229963	0.229963	0.298502	0.421913	0.298502	0.298502	0.421913	0.489963	0.421913	0.229963	0.298502	0.421913	0.298502
Sq = 	-3.41445e-18	0.416875	0.604523	0.416875	0.416875	0.604523	0.737735	0.604523	0.604523	0.737735	2.86594	0.737735	0.416875	0.604523	0.737735	0.604523
5 rounds of non-Gaussian ED iteration : ground-state energy is -24.6906 | electron energy -24.6969 + phonon energy 0.00627749 | electron momentum kIdx = 0
Nq = 	16	0.230014	0.298525	0.230014	0.230014	0.298525	0.421952	0.298525	0.298525	0.421952	0.489991	0.421952	0.230014	0.298525	0.421952	0.298525
Sq = 	-9.58508e-18	0.416868	0.604515	0.416868	0.416868	0.604515	0.737707	0.604515	0.604515	0.737707	2.86561	0.737707	0.416868	0.604515	0.737707	0.604515
6 rounds of non-Gaussian ED iteration : ground-state energy is -24.6977 | electron energy -24.7041 + phonon energy 0.0063804 | electron momentum kIdx = 0
Nq = 	16	0.23004	0.298536	0.23004	0.23004	0.298536	0.421972	0.298536	0.298536	0.421972	0.490006	0.421972	0.23004	0.298536	0.421972	0.298536
Sq = 	7.69992e-18	0.416865	0.604511	0.416865	0.416865	0.604511	0.737692	0.604511	0.604511	0.737692	2.86543	0.737692	0.416865	0.604511	0.737692	0.604511
7 rounds of non-Gaussian ED iteration : ground-state energy is -24.7009 | electron energy -24.7073 + phonon energy 0.00643274 | electron momentum kIdx = 0
Nq = 	16	0.230054	0.298542	0.230054	0.230054	0.298542	0.421983	0.298542	0.298542	0.421983	0.490014	0.421983	0.230054	0.298542	0.421983	0.298542
Sq = 	-3.84411e-18	0.416863	0.604509	0.416863	0.416863	0.604509	0.737684	0.604509	0.604509	0.737684	2.86534	0.737684	0.416863	0.604509	0.737684	0.604509
8 rounds of non-Gaussian ED iteration : ground-state energy is -24.7023 | electron energy -24.7088 + phonon energy 0.00645935 | electron momentum kIdx = 0
Nq = 	16	0.230061	0.298545	0.230061	0.230061	0.298545	0.421988	0.298545	0.298545	0.421988	0.490018	0.421988	0.230061	0.298545	0.421988	0.298545
Sq = 	1.35745e-17	0.416862	0.604508	0.416862	0.416862	0.604508	0.73768	0.604508	0.604508	0.73768	2.86529	0.73768	0.416862	0.604508	0.73768	0.604508
Ground state is obtained after 9 iterations. The current ground-state energy is -24.703, in which electron energy is -24.7094 and phonon energy is 0.00647288
final variational state is: 
Gamma_x =       1 1.01414 1.01873 1.01414 1.01414 1.01873 1.02646 1.01873 1.01873 1.02646 1.03027 1.02646 1.01414 1.01873 1.02646 1.01873
lambda_q = 0.350684 0.202459 0.164871 0.202459 0.202459 0.164871 0.160319 0.164871 0.164871 0.160319 0.148627 0.160319 0.202459 0.164871 0.160319 0.164871
o___o  -------------------------------------
| L |	Time since last clock: 0h 48m 23.793s
A===A	Time since the beginning: 1h 40m 10.708s
********************************************

************************************************************************************
starting warm-up calculation for scaling factor 2
0 rounds of non-Gaussian ED iteration : ground-state energy is -23.5964 | electron energy -23.5997 + phonon energy 0.00323644 | electron momentum kIdx = 0
Nq = 	16	0.221589	0.292036	0.221589	0.221589	0.292036	0.410301	0.292036	0.292036	0.410301	0.479441	0.410301	0.221589	0.292036	0.410301	0.292036
Sq = 	-1.71612e-17	0.418547	0.607194	0.418547	0.418547	0.607194	0.744864	0.607194	0.607194	0.744864	2.94397	0.744864	0.418547	0.607194	0.744864	0.607194
1 rounds of non-Gaussian ED iteration : ground-state energy is -23.8378 | electron energy -23.8432 + phonon energy 0.00539045 | electron momentum kIdx = 0
Nq = 	16	0.22122	0.29158	0.22122	0.22122	0.29158	0.40938	0.29158	0.29158	0.40938	0.478418	0.40938	0.22122	0.29158	0.40938	0.29158
Sq = 	3.39485e-18	0.418671	0.607418	0.418671	0.418671	0.607418	0.74536	0.607418	0.607418	0.74536	2.94907	0.74536	0.418671	0.607418	0.74536	0.607418
2 rounds of non-Gaussian ED iteration : ground-state energy is -23.997 | electron energy -24.0037 + phonon energy 0.00676019 | electron momentum kIdx = 0
Nq = 	16	0.221022	0.291343	0.221022	0.221022	0.291343	0.40892	0.291343	0.291343	0.40892	0.477947	0.40892	0.221022	0.291343	0.40892	0.291343
Sq = 	-1.89409e-18	0.418732	0.607528	0.418732	0.418732	0.607528	0.745613	0.607528	0.607528	0.745613	2.95169	0.745613	0.418732	0.607528	0.745613	0.607528
3 rounds of non-Gaussian ED iteration : ground-state energy is -24.103 | electron energy -24.1106 + phonon energy 0.00757894 | electron momentum kIdx = 0
Nq = 	16	0.22092	0.291222	0.22092	0.22092	0.291222	0.408697	0.291222	0.291222	0.408697	0.477735	0.408697	0.22092	0.291222	0.408697	0.291222
Sq = 	-3.25017e-18	0.418761	0.60758	0.418761	0.418761	0.60758	0.745737	0.60758	0.60758	0.745737	2.95299	0.745737	0.418761	0.60758	0.745737	0.60758
4 rounds of non-Gaussian ED iteration : ground-state energy is -24.174 | electron energy -24.182 + phonon energy 0.00806353 | electron momentum kIdx = 0
Nq = 	16	0.220869	0.291163	0.220869	0.220869	0.291163	0.408591	0.291163	0.291163	0.408591	0.477643	0.408591	0.220869	0.291163	0.408591	0.291163
Sq = 	1.22361e-18	0.418775	0.607605	0.418775	0.418775	0.607605	0.745798	0.607605	0.607605	0.745798	2.95362	0.745798	0.418775	0.607605	0.745798	0.607605
5 rounds of non-Gaussian ED iteration : ground-state energy is -24.2215 | electron energy -24.2298 + phonon energy 0.00835314 | electron momentum kIdx = 0
Nq = 	16	0.220844	0.291134	0.220844	0.220844	0.291134	0.408541	0.291134	0.291134	0.408541	0.477603	0.408541	0.220844	0.291134	0.408541	0.291134
Sq = 	8.29927e-18	0.418781	0.607616	0.418781	0.418781	0.607616	0.745826	0.607616	0.607616	0.745826	2.95393	0.745826	0.418781	0.607616	0.745826	0.607616
6 rounds of non-Gaussian ED iteration : ground-state energy is -24.2533 | electron energy -24.2619 + phonon energy 0.00852932 | electron momentum kIdx = 0
Nq = 	16	0.220832	0.291121	0.220832	0.220832	0.291121	0.408519	0.291121	0.291121	0.408519	0.477587	0.408519	0.220832	0.291121	0.408519	0.291121
Sq = 	3.95022e-18	0.418784	0.607621	0.418784	0.418784	0.607621	0.745839	0.607621	0.607621	0.745839	2.95406	0.745839	0.418784	0.607621	0.745839	0.607621
7 rounds of non-Gaussian ED iteration : ground-state energy is -24.2747 | electron energy -24.2833 + phonon energy 0.00863867 | electron momentum kIdx = 0
Nq = 	16	0.220827	0.291115	0.220827	0.220827	0.291115	0.40851	0.291115	0.291115	0.40851	0.477582	0.40851	0.220827	0.291115	0.40851	0.291115
Sq = 	1.09882e-17	0.418785	0.607623	0.418785	0.418785	0.607623	0.745845	0.607623	0.607623	0.745845	2.95412	0.745845	0.418785	0.607623	0.745845	0.607623
8 rounds of non-Gaussian ED iteration : ground-state energy is -24.289 | electron energy -24.2977 + phonon energy 0.00870789 | electron momentum kIdx = 0
Nq = 	16	0.220825	0.291112	0.220825	0.220825	0.291112	0.408506	0.291112	0.291112	0.408506	0.47758	0.408506	0.220825	0.291112	0.408506	0.291112
Sq = 	-4.98464e-18	0.418785	0.607624	0.418785	0.418785	0.607624	0.745847	0.607624	0.607624	0.745847	2.95415	0.745847	0.418785	0.607624	0.745847	0.607624
9 rounds of non-Gaussian ED iteration : ground-state energy is -24.2986 | electron energy -24.3073 + phonon energy 0.0087525 | electron momentum kIdx = 0
Nq = 	16	0.220825	0.291111	0.220825	0.220825	0.291111	0.408506	0.291111	0.291111	0.408506	0.47758	0.408506	0.220825	0.291111	0.408506	0.291111
Sq = 	1.06611e-18	0.418786	0.607624	0.418786	0.418786	0.607624	0.745848	0.607624	0.607624	0.745848	2.95415	0.745848	0.418786	0.607624	0.745848	0.607624
10 rounds of non-Gaussian ED iteration : ground-state energy is -24.305 | electron energy -24.3138 + phonon energy 0.0087817 | electron momentum kIdx = 0
Nq = 	16	0.220825	0.291111	0.220825	0.220825	0.291111	0.408506	0.291111	0.291111	0.408506	0.477581	0.408506	0.220825	0.291111	0.408506	0.291111
Sq = 	8.16573e-18	0.418786	0.607624	0.418786	0.418786	0.607624	0.745848	0.607624	0.607624	0.745848	2.95415	0.745848	0.418786	0.607624	0.745848	0.607624
11 rounds of non-Gaussian ED iteration : ground-state energy is -24.3093 | electron energy -24.3181 + phonon energy 0.00880105 | electron momentum kIdx = 0
Nq = 	16	0.220826	0.291111	0.220826	0.220826	0.291111	0.408506	0.291111	0.291111	0.408506	0.477581	0.408506	0.220826	0.291111	0.408506	0.291111
Sq = 	9.20657e-18	0.418785	0.607624	0.418785	0.418785	0.607624	0.745847	0.607624	0.607624	0.745847	2.95415	0.745847	0.418785	0.607624	0.745847	0.607624
12 rounds of non-Gaussian ED iteration : ground-state energy is -24.3122 | electron energy -24.321 + phonon energy 0.00881401 | electron momentum kIdx = 0
Nq = 	16	0.220826	0.291111	0.220826	0.220826	0.291111	0.408506	0.291111	0.291111	0.408506	0.477582	0.408506	0.220826	0.291111	0.408506	0.291111
Sq = 	8.59776e-19	0.418785	0.607624	0.418785	0.418785	0.607624	0.745847	0.607624	0.607624	0.745847	2.95415	0.745847	0.418785	0.607624	0.745847	0.607624
13 rounds of non-Gaussian ED iteration : ground-state energy is -24.3141 | electron energy -24.3229 + phonon energy 0.00882276 | electron momentum kIdx = 0
Nq = 	16	0.220827	0.291111	0.220827	0.220827	0.291111	0.408507	0.291111	0.291111	0.408507	0.477582	0.408507	0.220827	0.291111	0.408507	0.291111
Sq = 	1.63631e-18	0.418785	0.607624	0.418785	0.418785	0.607624	0.745847	0.607624	0.607624	0.745847	2.95414	0.745847	0.418785	0.607624	0.745847	0.607624
14 rounds of non-Gaussian ED iteration : ground-state energy is -24.3154 | electron energy -24.3242 + phonon energy 0.0088287 | electron momentum kIdx = 0
Nq = 	16	0.220827	0.291112	0.220827	0.220827	0.291112	0.408507	0.291112	0.291112	0.408507	0.477583	0.408507	0.220827	0.291112	0.408507	0.291112
Sq = 	-1.12143e-17	0.418785	0.607624	0.418785	0.418785	0.607624	0.745847	0.607624	0.607624	0.745847	2.95414	0.745847	0.418785	0.607624	0.745847	0.607624
Ground state is obtained after 15 iterations. The current ground-state energy is -24.3163, in which electron energy is -24.3251 and phonon energy is 0.00883276
final variational state is: 
Gamma_x =       1 1.02671 1.03114 1.02671 1.02671 1.03114 1.04297 1.03114 1.03114 1.04297 1.04758 1.04297 1.02671 1.03114 1.04297 1.03114
lambda_q = 0.492561 0.197649 0.151023 0.197649 0.197649 0.151023 0.145262 0.151023 0.151023 0.145262 0.132526 0.145262 0.197649 0.151023 0.145262 0.151023
o___o  -------------------------------------
| L |	Time since last clock: 1h 18m 28.684s
A===A	Time since the beginning: 2h 58m 39.392s
********************************************

************************************************************************************
Warm up completed
o___o  -------------------------------------
| L |	Time since last clock: 0h 0m 0.028s
A===A	Time since the beginning: 2h 58m 39.421s
********************************************

************************************************************************************
0 rounds of non-Gaussian ED iteration : ground-state energy is -23.2739 | electron energy -23.2783 + phonon energy 0.00441638 | electron momentum kIdx = 0
Nq = 	16	0.213937	0.285783	0.213937	0.213937	0.285783	0.399353	0.285783	0.285783	0.399353	0.469198	0.399353	0.213937	0.285783	0.399353	0.285783
Sq = 	-1.85701e-18	0.420012	0.609599	0.420012	0.420012	0.609599	0.751592	0.609599	0.609599	0.751592	3.01894	0.751592	0.420012	0.609599	0.751592	0.609599
1 rounds of non-Gaussian ED iteration : ground-state energy is -23.4209 | electron energy -23.4267 + phonon energy 0.00582051 | electron momentum kIdx = 0
Nq = 	16	0.213235	0.285124	0.213235	0.213235	0.285124	0.398161	0.285124	0.285124	0.398161	0.467997	0.398161	0.213235	0.285124	0.398161	0.285124
Sq = 	-9.16481e-18	0.420164	0.609862	0.420164	0.420164	0.609862	0.752295	0.609862	0.609862	0.752295	3.02667	0.752295	0.420164	0.609862	0.752295	0.609862
2 rounds of non-Gaussian ED iteration : ground-state energy is -23.5344 | electron energy -23.5411 + phonon energy 0.00667865 | electron momentum kIdx = 0
Nq = 	16	0.212783	0.284725	0.212783	0.212783	0.284725	0.397468	0.284725	0.284725	0.397468	0.467344	0.397468	0.212783	0.284725	0.397468	0.284725
Sq = 	2.93202e-18	0.420252	0.610011	0.420252	0.420252	0.610011	0.752715	0.610011	0.610011	0.752715	3.03137	0.752715	0.420252	0.610011	0.752715	0.610011
3 rounds of non-Gaussian ED iteration : ground-state energy is -23.6252 | electron energy -23.6324 + phonon energy 0.00719085 | electron momentum kIdx = 0
Nq = 	16	0.2125	0.28449	0.2125	0.2125	0.28449	0.397073	0.28449	0.28449	0.397073	0.466993	0.397073	0.2125	0.28449	0.397073	0.28449
Sq = 	3.78625e-18	0.420302	0.610093	0.420302	0.420302	0.610093	0.752961	0.610093	0.610093	0.752961	3.03416	0.752961	0.420302	0.610093	0.752961	0.610093
4 rounds of non-Gaussian ED iteration : ground-state energy is -23.6989 | electron energy -23.7064 + phonon energy 0.00749611 | electron momentum kIdx = 0
Nq = 	16	0.212324	0.284354	0.212324	0.212324	0.284354	0.39685	0.284354	0.284354	0.39685	0.466805	0.39685	0.212324	0.284354	0.39685	0.284354
Sq = 	1.29377e-17	0.42033	0.610138	0.42033	0.42033	0.610138	0.753104	0.610138	0.610138	0.753104	3.03581	0.753104	0.42033	0.610138	0.753104	0.610138
5 rounds of non-Gaussian ED iteration : ground-state energy is -23.759 | electron energy -23.7667 + phonon energy 0.00767969 | electron momentum kIdx = 0
Nq = 	16	0.212216	0.284275	0.212216	0.212216	0.284275	0.396724	0.284275	0.284275	0.396724	0.466704	0.396724	0.212216	0.284275	0.396724	0.284275
Sq = 	1.87191e-18	0.420346	0.610163	0.420346	0.420346	0.610163	0.753187	0.610163	0.610163	0.753187	3.03678	0.753187	0.420346	0.610163	0.753187	0.610163
6 rounds of non-Gaussian ED iteration : ground-state energy is -23.8082 | electron energy -23.816 + phonon energy 0.00779183 | electron momentum kIdx = 0
Nq = 	16	0.212148	0.284229	0.212148	0.212148	0.284229	0.396653	0.284229	0.284229	0.396653	0.466649	0.396653	0.212148	0.284229	0.396653	0.284229
Sq = 	-4.1647e-18	0.420355	0.610177	0.420355	0.420355	0.610177	0.753235	0.610177	0.610177	0.753235	3.03735	0.753235	0.420355	0.610177	0.753235	0.610177
7 rounds of non-Gaussian ED iteration : ground-state energy is -23.8484 | electron energy -23.8563 + phonon energy 0.00786174 | electron momentum kIdx = 0
Nq = 	16	0.212107	0.284203	0.212107	0.212107	0.284203	0.396612	0.284203	0.284203	0.396612	0.466618	0.396612	0.212107	0.284203	0.396612	0.284203
Sq = 	-1.96051e-18	0.42036	0.610184	0.42036	0.42036	0.610184	0.753263	0.610184	0.610184	0.753263	3.03769	0.753263	0.42036	0.610184	0.753263	0.610184
8 rounds of non-Gaussian ED iteration : ground-state energy is -23.8813 | electron energy -23.8892 + phonon energy 0.00790639 | electron momentum kIdx = 0
Nq = 	16	0.212081	0.284188	0.212081	0.212081	0.284188	0.396589	0.284188	0.284188	0.396589	0.466601	0.396589	0.212081	0.284188	0.396589	0.284188
Sq = 	6.80002e-18	0.420363	0.610188	0.420363	0.420363	0.610188	0.75328	0.610188	0.610188	0.75328	3.03789	0.75328	0.420363	0.610188	0.75328	0.610188
9 rounds of non-Gaussian ED iteration : ground-state energy is -23.9083 | electron energy -23.9162 + phonon energy 0.00793567 | electron momentum kIdx = 0
Nq = 	16	0.212064	0.284179	0.212064	0.212064	0.284179	0.396576	0.284179	0.284179	0.396576	0.466592	0.396576	0.212064	0.284179	0.396576	0.284179
Sq = 	-6.68942e-18	0.420365	0.61019	0.420365	0.420365	0.61019	0.75329	0.61019	0.61019	0.75329	3.03801	0.75329	0.420365	0.61019	0.75329	0.61019
10 rounds of non-Gaussian ED iteration : ground-state energy is -23.9303 | electron energy -23.9383 + phonon energy 0.00795544 | electron momentum kIdx = 0
Nq = 	16	0.212054	0.284174	0.212054	0.212054	0.284174	0.396569	0.284174	0.284174	0.396569	0.466587	0.396569	0.212054	0.284174	0.396569	0.284174
Sq = 	-7.16326e-18	0.420366	0.610192	0.420366	0.420366	0.610192	0.753295	0.610192	0.610192	0.753295	3.03808	0.753295	0.420366	0.610192	0.753295	0.610192
11 rounds of non-Gaussian ED iteration : ground-state energy is -23.9484 | electron energy -23.9564 + phonon energy 0.00796918 | electron momentum kIdx = 0
Nq = 	16	0.212048	0.284171	0.212048	0.212048	0.284171	0.396564	0.284171	0.284171	0.396564	0.466584	0.396564	0.212048	0.284171	0.396564	0.284171
Sq = 	-2.1918e-18	0.420367	0.610192	0.420367	0.420367	0.610192	0.753299	0.610192	0.610192	0.753299	3.03813	0.753299	0.420367	0.610192	0.753299	0.610192
12 rounds of non-Gaussian ED iteration : ground-state energy is -23.9632 | electron energy -23.9712 + phonon energy 0.007979 | electron momentum kIdx = 0
Nq = 	16	0.212044	0.284169	0.212044	0.212044	0.284169	0.396562	0.284169	0.284169	0.396562	0.466582	0.396562	0.212044	0.284169	0.396562	0.284169
Sq = 	-1.94227e-18	0.420367	0.610193	0.420367	0.420367	0.610193	0.753301	0.610193	0.610193	0.753301	3.03815	0.753301	0.420367	0.610193	0.753301	0.610193
13 rounds of non-Gaussian ED iteration : ground-state energy is -23.9753 | electron energy -23.9833 + phonon energy 0.00798621 | electron momentum kIdx = 0
Nq = 	16	0.212041	0.284168	0.212041	0.212041	0.284168	0.39656	0.284168	0.284168	0.39656	0.466581	0.39656	0.212041	0.284168	0.39656	0.284168
Sq = 	-1.06841e-18	0.420367	0.610193	0.420367	0.420367	0.610193	0.753302	0.610193	0.610193	0.753302	3.03817	0.753302	0.420367	0.610193	0.753302	0.610193
14 rounds of non-Gaussian ED iteration : ground-state energy is -23.9852 | electron energy -23.9932 + phonon energy 0.00799162 | electron momentum kIdx = 0
Nq = 	16	0.21204	0.284168	0.21204	0.21204	0.284168	0.39656	0.284168	0.284168	0.39656	0.46658	0.39656	0.21204	0.284168	0.39656	0.284168
Sq = 	-3.2459e-18	0.420367	0.610193	0.420367	0.420367	0.610193	0.753303	0.610193	0.610193	0.753303	3.03818	0.753303	0.420367	0.610193	0.753303	0.610193
15 rounds of non-Gaussian ED iteration : ground-state energy is -23.9933 | electron energy -24.0013 + phonon energy 0.00799576 | electron momentum kIdx = 0
Nq = 	16	0.212039	0.284167	0.212039	0.212039	0.284167	0.396559	0.284167	0.284167	0.396559	0.46658	0.396559	0.212039	0.284167	0.396559	0.284167
Sq = 	7.86661e-19	0.420367	0.610193	0.420367	0.420367	0.610193	0.753303	0.610193	0.610193	0.753303	3.03818	0.753303	0.420367	0.610193	0.753303	0.610193
16 rounds of non-Gaussian ED iteration : ground-state energy is -24 | electron energy -24.008 + phonon energy 0.00799899 | electron momentum kIdx = 0
Nq = 	16	0.212038	0.284167	0.212038	0.212038	0.284167	0.396559	0.284167	0.284167	0.396559	0.46658	0.396559	0.212038	0.284167	0.396559	0.284167
Sq = 	5.1485e-18	0.420367	0.610193	0.420367	0.420367	0.610193	0.753303	0.610193	0.610193	0.753303	3.03819	0.753303	0.420367	0.610193	0.753303	0.610193
17 rounds of non-Gaussian ED iteration : ground-state energy is -24.0054 | electron energy -24.0134 + phonon energy 0.00800155 | electron momentum kIdx = 0
Nq = 	16	0.212038	0.284167	0.212038	0.212038	0.284167	0.396559	0.284167	0.284167	0.396559	0.46658	0.396559	0.212038	0.284167	0.396559	0.284167
Sq = 	-5.35657e-18	0.420367	0.610193	0.420367	0.420367	0.610193	0.753304	0.610193	0.610193	0.753304	3.03819	0.753304	0.420367	0.610193	0.753304	0.610193
18 rounds of non-Gaussian ED iteration : ground-state energy is -24.0099 | electron energy -24.0179 + phonon energy 0.00800359 | electron momentum kIdx = 0
Nq = 	16	0.212038	0.284167	0.212038	0.212038	0.284167	0.396559	0.284167	0.284167	0.396559	0.46658	0.396559	0.212038	0.284167	0.396559	0.284167
Sq = 	5.21487e-20	0.420367	0.610193	0.420367	0.420367	0.610193	0.753304	0.610193	0.610193	0.753304	3.03819	0.753304	0.420367	0.610193	0.753304	0.610193
19 rounds of non-Gaussian ED iteration : ground-state energy is -24.0135 | electron energy -24.0215 + phonon energy 0.00800523 | electron momentum kIdx = 0
Nq = 	16	0.212038	0.284167	0.212038	0.212038	0.284167	0.396559	0.284167	0.284167	0.396559	0.46658	0.396559	0.212038	0.284167	0.396559	0.284167
Sq = 	9.11569e-18	0.420367	0.610193	0.420367	0.420367	0.610193	0.753304	0.610193	0.610193	0.753304	3.03819	0.753304	0.420367	0.610193	0.753304	0.610193
20 rounds of non-Gaussian ED iteration : ground-state energy is -24.0165 | electron energy -24.0245 + phonon energy 0.00800657 | electron momentum kIdx = 0
Nq = 	16	0.212038	0.284167	0.212038	0.212038	0.284167	0.396559	0.284167	0.284167	0.396559	0.46658	0.396559	0.212038	0.284167	0.396559	0.284167
Sq = 	4.4647e-19	0.420367	0.610193	0.420367	0.420367	0.610193	0.753304	0.610193	0.610193	0.753304	3.03819	0.753304	0.420367	0.610193	0.753304	0.610193
21 rounds of non-Gaussian ED iteration : ground-state energy is -24.019 | electron energy -24.027 + phonon energy 0.00800766 | electron momentum kIdx = 0
Nq = 	16	0.212038	0.284167	0.212038	0.212038	0.284167	0.396559	0.284167	0.284167	0.396559	0.46658	0.396559	0.212038	0.284167	0.396559	0.284167
Sq = 	-2.06437e-18	0.420367	0.610193	0.420367	0.420367	0.610193	0.753304	0.610193	0.610193	0.753304	3.03819	0.753304	0.420367	0.610193	0.753304	0.610193
22 rounds of non-Gaussian ED iteration : ground-state energy is -24.021 | electron energy -24.029 + phonon energy 0.00800855 | electron momentum kIdx = 0
Nq = 	16	0.212038	0.284167	0.212038	0.212038	0.284167	0.396559	0.284167	0.284167	0.396559	0.46658	0.396559	0.212038	0.284167	0.396559	0.284167
Sq = 	7.72545e-18	0.420367	0.610193	0.420367	0.420367	0.610193	0.753304	0.610193	0.610193	0.753304	3.03819	0.753304	0.420367	0.610193	0.753304	0.610193
23 rounds of non-Gaussian ED iteration : ground-state energy is -24.0226 | electron energy -24.0306 + phonon energy 0.00800928 | electron momentum kIdx = 0
Nq = 	16	0.212038	0.284167	0.212038	0.212038	0.284167	0.396559	0.284167	0.284167	0.396559	0.46658	0.396559	0.212038	0.284167	0.396559	0.284167
Sq = 	1.04009e-19	0.420367	0.610193	0.420367	0.420367	0.610193	0.753304	0.610193	0.610193	0.753304	3.03819	0.753304	0.420367	0.610193	0.753304	0.610193
24 rounds of non-Gaussian ED iteration : ground-state energy is -24.0239 | electron energy -24.032 + phonon energy 0.00800989 | electron momentum kIdx = 0
Nq = 	16	0.212038	0.284167	0.212038	0.212038	0.284167	0.396559	0.284167	0.284167	0.396559	0.46658	0.396559	0.212038	0.284167	0.396559	0.284167
Sq = 	8.26691e-18	0.420367	0.610193	0.420367	0.420367	0.610193	0.753304	0.610193	0.610193	0.753304	3.03819	0.753304	0.420367	0.610193	0.753304	0.610193
25 rounds of non-Gaussian ED iteration : ground-state energy is -24.025 | electron energy -24.0331 + phonon energy 0.00801039 | electron momentum kIdx = 0
Nq = 	16	0.212038	0.284167	0.212038	0.212038	0.284167	0.396559	0.284167	0.284167	0.396559	0.46658	0.396559	0.212038	0.284167	0.396559	0.284167
Sq = 	-2.16331e-18	0.420367	0.610193	0.420367	0.420367	0.610193	0.753304	0.610193	0.610193	0.753304	3.03819	0.753304	0.420367	0.610193	0.753304	0.610193
26 rounds of non-Gaussian ED iteration : ground-state energy is -24.0259 | electron energy -24.034 + phonon energy 0.0080108 | electron momentum kIdx = 0
Nq = 	16	0.212038	0.284167	0.212038	0.212038	0.284167	0.396559	0.284167	0.284167	0.396559	0.46658	0.396559	0.212038	0.284167	0.396559	0.284167
Sq = 	-2.06667e-18	0.420367	0.610193	0.420367	0.420367	0.610193	0.753304	0.610193	0.610193	0.753304	3.03819	0.753304	0.420367	0.610193	0.753304	0.610193
27 rounds of non-Gaussian ED iteration : ground-state energy is -24.0267 | electron energy -24.0347 + phonon energy 0.00801114 | electron momentum kIdx = 0
Nq = 	16	0.212038	0.284167	0.212038	0.212038	0.284167	0.396559	0.284167	0.284167	0.396559	0.46658	0.396559	0.212038	0.284167	0.396559	0.284167
Sq = 	6.03585e-19	0.420367	0.610193	0.420367	0.420367	0.610193	0.753304	0.610193	0.610193	0.753304	3.03819	0.753304	0.420367	0.610193	0.753304	0.610193
28 rounds of non-Gaussian ED iteration : ground-state energy is -24.0273 | electron energy -24.0353 + phonon energy 0.00801142 | electron momentum kIdx = 0
Nq = 	16	0.212038	0.284167	0.212038	0.212038	0.284167	0.396559	0.284167	0.284167	0.396559	0.46658	0.396559	0.212038	0.284167	0.396559	0.284167
Sq = 	-3.29923e-18	0.420367	0.610193	0.420367	0.420367	0.610193	0.753304	0.610193	0.610193	0.753304	3.03819	0.753304	0.420367	0.610193	0.753304	0.610193
29 rounds of non-Gaussian ED iteration : ground-state energy is -24.0278 | electron energy -24.0358 + phonon energy 0.00801166 | electron momentum kIdx = 0
Nq = 	16	0.212038	0.284167	0.212038	0.212038	0.284167	0.396559	0.284167	0.284167	0.396559	0.46658	0.396559	0.212038	0.284167	0.396559	0.284167
Sq = 	6.35375e-18	0.420367	0.610193	0.420367	0.420367	0.610193	0.753304	0.610193	0.610193	0.753304	3.03819	0.753304	0.420367	0.610193	0.753304	0.610193
30 rounds of non-Gaussian ED iteration : ground-state energy is -24.0282 | electron energy -24.0362 + phonon energy 0.00801185 | electron momentum kIdx = 0
Nq = 	16	0.212038	0.284167	0.212038	0.212038	0.284167	0.396559	0.284167	0.284167	0.396559	0.46658	0.396559	0.212038	0.284167	0.396559	0.284167
Sq = 	-8.21666e-19	0.420367	0.610193	0.420367	0.420367	0.610193	0.753304	0.610193	0.610193	0.753304	3.03819	0.753304	0.420367	0.610193	0.753304	0.610193
31 rounds of non-Gaussian ED iteration : ground-state energy is -24.0285 | electron energy -24.0365 + phonon energy 0.00801201 | electron momentum kIdx = 0
Nq = 	16	0.212038	0.284167	0.212038	0.212038	0.284167	0.396559	0.284167	0.284167	0.396559	0.46658	0.396559	0.212038	0.284167	0.396559	0.284167
Sq = 	3.28089e-18	0.420367	0.610193	0.420367	0.420367	0.610193	0.753304	0.610193	0.610193	0.753304	3.03819	0.753304	0.420367	0.610193	0.753304	0.610193
32 rounds of non-Gaussian ED iteration : ground-state energy is -24.0288 | electron energy -24.0368 + phonon energy 0.00801215 | electron momentum kIdx = 0
Nq = 	16	0.212038	0.284167	0.212038	0.212038	0.284167	0.396559	0.284167	0.284167	0.396559	0.46658	0.396559	0.212038	0.284167	0.396559	0.284167
Sq = 	4.79031e-18	0.420367	0.610193	0.420367	0.420367	0.610193	0.753304	0.610193	0.610193	0.753304	3.03819	0.753304	0.420367	0.610193	0.753304	0.610193
33 rounds of non-Gaussian ED iteration : ground-state energy is -24.029 | electron energy -24.037 + phonon energy 0.00801226 | electron momentum kIdx = 0
Nq = 	16	0.212038	0.284167	0.212038	0.212038	0.284167	0.396559	0.284167	0.284167	0.396559	0.46658	0.396559	0.212038	0.284167	0.396559	0.284167
Sq = 	9.39368e-18	0.420367	0.610193	0.420367	0.420367	0.610193	0.753304	0.610193	0.610193	0.753304	3.03819	0.753304	0.420367	0.610193	0.753304	0.610193
34 rounds of non-Gaussian ED iteration : ground-state energy is -24.0292 | electron energy -24.0372 + phonon energy 0.00801235 | electron momentum kIdx = 0
Nq = 	16	0.212038	0.284167	0.212038	0.212038	0.284167	0.396559	0.284167	0.284167	0.396559	0.46658	0.396559	0.212038	0.284167	0.396559	0.284167
Sq = 	9.33769e-20	0.420367	0.610193	0.420367	0.420367	0.610193	0.753304	0.610193	0.610193	0.753304	3.03819	0.753304	0.420367	0.610193	0.753304	0.610193
35 rounds of non-Gaussian ED iteration : ground-state energy is -24.0293 | electron energy -24.0373 + phonon energy 0.00801243 | electron momentum kIdx = 0
Nq = 	16	0.212038	0.284167	0.212038	0.212038	0.284167	0.396559	0.284167	0.284167	0.396559	0.46658	0.396559	0.212038	0.284167	0.396559	0.284167
Sq = 	6.07225e-18	0.420367	0.610193	0.420367	0.420367	0.610193	0.753303	0.610193	0.610193	0.753304	3.03819	0.753304	0.420367	0.610193	0.753303	0.610193
36 rounds of non-Gaussian ED iteration : ground-state energy is -24.0295 | electron energy -24.0375 + phonon energy 0.00801249 | electron momentum kIdx = 0
Nq = 	16	0.212038	0.284167	0.212038	0.212038	0.284167	0.396559	0.284167	0.284167	0.396559	0.46658	0.396559	0.212038	0.284167	0.396559	0.284167
Sq = 	7.23411e-18	0.420367	0.610193	0.420367	0.420367	0.610193	0.753303	0.610193	0.610193	0.753303	3.03819	0.753303	0.420367	0.610193	0.753303	0.610193
37 rounds of non-Gaussian ED iteration : ground-state energy is -24.0296 | electron energy -24.0376 + phonon energy 0.00801254 | electron momentum kIdx = 0
Nq = 	16	0.212038	0.284167	0.212038	0.212038	0.284167	0.396559	0.284167	0.284167	0.396559	0.46658	0.396559	0.212038	0.284167	0.396559	0.284167
Sq = 	9.16561e-18	0.420367	0.610193	0.420367	0.420367	0.610193	0.753303	0.610193	0.610193	0.753303	3.03819	0.753303	0.420367	0.610193	0.753303	0.610193
38 rounds of non-Gaussian ED iteration : ground-state energy is -24.0296 | electron energy -24.0376 + phonon energy 0.00801259 | electron momentum kIdx = 0
Nq = 	16	0.212038	0.284167	0.212038	0.212038	0.284167	0.396559	0.284167	0.284167	0.396559	0.46658	0.396559	0.212038	0.284167	0.396559	0.284167
Sq = 	2.63192e-18	0.420367	0.610193	0.420367	0.420367	0.610193	0.753303	0.610193	0.610193	0.753303	3.03819	0.753303	0.420367	0.610193	0.753303	0.610193
39 rounds of non-Gaussian ED iteration : ground-state energy is -24.0297 | electron energy -24.0377 + phonon energy 0.00801262 | electron momentum kIdx = 0
Nq = 	16	0.212038	0.284167	0.212038	0.212038	0.284167	0.396559	0.284167	0.284167	0.396559	0.46658	0.396559	0.212038	0.284167	0.396559	0.284167
Sq = 	-1.03307e-17	0.420367	0.610193	0.420367	0.420367	0.610193	0.753303	0.610193	0.610193	0.753303	3.03819	0.753303	0.420367	0.610193	0.753303	0.610193
40 rounds of non-Gaussian ED iteration : ground-state energy is -24.0298 | electron energy -24.0378 + phonon energy 0.00801265 | electron momentum kIdx = 0
Nq = 	16	0.212038	0.284167	0.212038	0.212038	0.284167	0.396559	0.284167	0.284167	0.396559	0.46658	0.396559	0.212038	0.284167	0.396559	0.284167
Sq = 	-6.478e-18	0.420367	0.610193	0.420367	0.420367	0.610193	0.753303	0.610193	0.610193	0.753303	3.03819	0.753303	0.420367	0.610193	0.753303	0.610193
41 rounds of non-Gaussian ED iteration : ground-state energy is -24.0298 | electron energy -24.0378 + phonon energy 0.00801268 | electron momentum kIdx = 0
Nq = 	16	0.212038	0.284167	0.212038	0.212038	0.284167	0.396559	0.284167	0.284167	0.396559	0.46658	0.396559	0.212038	0.284167	0.396559	0.284167
Sq = 	-3.73237e-18	0.420367	0.610193	0.420367	0.420367	0.610193	0.753303	0.610193	0.610193	0.753303	3.03819	0.753303	0.420367	0.610193	0.753303	0.610193
42 rounds of non-Gaussian ED iteration : ground-state energy is -24.0298 | electron energy -24.0379 + phonon energy 0.0080127 | electron momentum kIdx = 0
Nq = 	16	0.212038	0.284167	0.212038	0.212038	0.284167	0.396559	0.284167	0.284167	0.396559	0.46658	0.396559	0.212038	0.284167	0.396559	0.284167
Sq = 	5.56369e-19	0.420367	0.610193	0.420367	0.420367	0.610193	0.753303	0.610193	0.610193	0.753303	3.03819	0.753303	0.420367	0.610193	0.753303	0.610193
43 rounds of non-Gaussian ED iteration : ground-state energy is -24.0299 | electron energy -24.0379 + phonon energy 0.00801272 | electron momentum kIdx = 0
Nq = 	16	0.212038	0.284167	0.212038	0.212038	0.284167	0.396559	0.284167	0.284167	0.396559	0.46658	0.396559	0.212038	0.284167	0.396559	0.284167
Sq = 	1.38887e-18	0.420367	0.610193	0.420367	0.420367	0.610193	0.753303	0.610193	0.610193	0.753303	3.03819	0.753303	0.420367	0.610193	0.753303	0.610193
44 rounds of non-Gaussian ED iteration : ground-state energy is -24.0299 | electron energy -24.0379 + phonon energy 0.00801273 | electron momentum kIdx = 0
