SNEDics v3.4 Non-Gaussian ED ground state program		Start at Tue Oct  1 11:06:23 2019

parallized on 16 MPI threads  * 8 OpenMP threads = 128 total threads.
********************************************************************************************************************
********************************************************************************************************************

********************************************************************************************************************
System parameters and configurations
********************************************************************************************************************
Special program options are enabled: splitted diagonal Hamiltonian
********************************************************************************************************************
Read input file "model_params.in"
	Hubbard-Holstein model parameters : 	t = 1    U = 3.8    g = 3.8078    W = 5    
********************************************************************************************************************
Read input file "hilbertspace_params.in"
	Requested 16-site 2D lattice, with 16 electrons (8, 8)
	Boundary : Periodic		Hilbert space representation : momentum-space (restricted to kIdx = 0)
	Conservation: particle number[U(1)]      spin[U(1)]     momentum
********************************************************************************************************************

Cluster Positions:				Cluster symmetry group : D4
 x ... x ... x ... x .....                       x ... x ... x ... x .....
 |           |           :                       |           |           :
 |           |           :                       |           |           :
12    13    14    15     x                       1     5     6     5     x
 |           |           :                       |           |           :
 |           |           :                       |           |           :
 8 --- 9 ---10 ---11 --- x                       2 --- 6 ---10 --- 6 --- x
 |           |           :                       |           |           :
 |           |           :                       |           |           :
 4     5     6     7     x                       1     5     6     5     x
 |           |           :                       |           |           :
 |           |           :                       |           |           :
 0 --- 1 --- 2 --- 3 --- x                       0 --- 1 --- 2 --- 1 --- x
orbital number : 1
********************************************************************************************************************
Read input file "obs_params.in"
	Observable Type : Nq(All),   Sq(All),   N(All),   Delta[s](All),   Delta[d](All),   Delta[s+](All)
********************************************************************************************************************
** WARNING ** the input observables have non-local factors which have been reinterpreted. The total observable number is 96
********************************************************************************************************************


********************************************************************************************************************
Start calculating the non-Gaussian ED ground state
** WARNING ** Detected low phonon energy W < 10. The initial state will be prepared through a warm-up process.
********************************************************************************************************************
Start warm-up calculation for scaling factor 2
open output files: NGSEDWarmUpW10Obs.txt
********************************************************************************************************************
Start the 0 rounds of NGS-ED iteration
	effective electronic model is modified as: kinetic energy t = 1
	                                           effective interaction Vq = [-0,-0,-0,-0,-0,-0,-0,-0,-0,-0,-0,-0,-0,-0,-0,-0]
	first Hamiltonian is constructed, non-zero numbers = 2845383612
	PARPACK diagonalization completed after 90 matrix-vector product operations.
	iteration results: : total energy is -13.996989 | electron energy -13.996989 + phonon energy 0.000000 | electron momentum kIdx = 0
	Nq(0) = 16,	Nq(1) = 0.164945,	Nq(2) = 0.240984,	Nq(3) = 0.164945,	Nq(4) = 0.164945,	Nq(5) = 0.240984,	Nq(6) = 0.328905,	Nq(7) = 0.240984,	Nq(8) = 0.240984,	Nq(9) = 0.328905,	Nq(10) = 0.397827,	Nq(11) = 0.328905,	Nq(12) = 0.164945,	Nq(13) = 0.240984,	Nq(14) = 0.328905,	Nq(15) = 0.240984,	Sq(0) = -6.78658e-18,	Sq(1) = 0.426481,	Sq(2) = 0.622163,	Sq(3) = 0.426481,	Sq(4) = 0.426481,	Sq(5) = 0.622163,	Sq(6) = 0.796792,	Sq(7) = 0.622163,	Sq(8) = 0.622163,	Sq(9) = 0.796792,	Sq(10) = 3.5548,	Sq(11) = 0.796792,	Sq(12) = 0.426481,	Sq(13) = 0.622163,	Sq(14) = 0.796792,	Sq(15) = 0.622163,	N(0) = 1.93735,	N(1) = 1.85966,	N(2) = 1,	N(3) = 1.85966,	N(4) = 1.85966,	N(5) = 1,	N(6) = 0.140339,	N(7) = 1,	N(8) = 1,	N(9) = 0.140339,	N(10) = 0.0626548,	N(11) = 0.140339,	N(12) = 1.85966,	N(13) = 1,	N(14) = 0.140339,	N(15) = 1,	Delta[s](0) = 0.178308,	Delta[s](1) = 0.152723,	Delta[s](2) = 0.120204,	Delta[s](3) = 0.152723,	Delta[s](4) = 0.152723,	Delta[s](5) = 0.120204,	Delta[s](6) = 0.0919736,	Delta[s](7) = 0.120204,	Delta[s](8) = 0.120204,	Delta[s](9) = 0.0919736,	Delta[s](10) = 0.031246,	Delta[s](11) = 0.0919736,	Delta[s](12) = 0.152723,	Delta[s](13) = 0.120204,	Delta[s](14) = 0.0919736,	Delta[s](15) = 0.120204,	Delta[d](0) = 0.556341,	Delta[d](1) = 0.375275,	Delta[d](2) = 0.30343,	Delta[d](3) = 0.375275,	Delta[d](4) = 0.375275,	Delta[d](5) = 0.324646,	Delta[d](6) = 0.235214,	Delta[d](7) = 0.324646,	Delta[d](8) = 0.30343,	Delta[d](9) = 0.235214,	Delta[d](10) = 0.102131,	Delta[d](11) = 0.235214,	Delta[d](12) = 0.375275,	Delta[d](13) = 0.324646,	Delta[d](14) = 0.235214,	Delta[d](15) = 0.324646,	Delta[s+](0) = 0.583426,	Delta[s+](1) = 0.46402,	Delta[s+](2) = 0.30343,	Delta[s+](3) = 0.46402,	Delta[s+](4) = 0.46402,	Delta[s+](5) = 0.30343,	Delta[s+](6) = 0.150229,	Delta[s+](7) = 0.30343,	Delta[s+](8) = 0.30343,	Delta[s+](9) = 0.150229,	Delta[s+](10) = 0.0357566,	Delta[s+](11) = 0.150229,	Delta[s+](12) = 0.46402,	Delta[s+](13) = 0.30343,	Delta[s+](14) = 0.150229,	Delta[s+](15) = 0.30343
The 0-th iteration is completed.	|| time cost : 0h 8m 23.534s
********************************************************************************************************************
Start the 1 rounds of NGS-ED iteration
	effective electronic model is modified as: kinetic energy t = 0.927517
	                                           effective interaction Vq = [-2.50741, -2.2933,-2.21739, -2.2933, -2.2933,-2.21739,-2.19122,-2.21739,-2.21739,-2.19122,-2.16154,-2.19122, -2.2933,-2.21739,-2.19122,-2.21739]
	PARPACK diagonalization completed after 75 matrix-vector product operations.
	iteration results: : total energy is -65.363368 | electron energy -65.368672 + phonon energy 0.005305 | electron momentum kIdx = 0
The 1-th iteration is completed.	|| time cost : 0h 7m 53.536s
********************************************************************************************************************
Start the 2 rounds of NGS-ED iteration
	effective electronic model is modified as: kinetic energy t = 0.86145
	                                           effective interaction Vq = [-2.84676,-2.73889,-2.71993,-2.73889,-2.73889,-2.71993,-2.64653,-2.71993,-2.71993,-2.64653,-2.65517,-2.64653,-2.73889,-2.71993,-2.64653,-2.71993]
	PARPACK diagonalization completed after 60 matrix-vector product operations.
	iteration results: : total energy is -74.064069 | electron energy -74.108886 + phonon energy 0.044816 | electron momentum kIdx = 0
The 2-th iteration is completed.	|| time cost : 0h 0m 36.838s
********************************************************************************************************************
Start the 3 rounds of NGS-ED iteration
	effective electronic model is modified as: kinetic energy t = 0.83381
	                                           effective interaction Vq = [-2.89268,-2.82971, -2.8197,-2.82971,-2.82971, -2.8197,-2.75676, -2.8197, -2.8197,-2.75676,-2.79285,-2.75676,-2.82971, -2.8197,-2.75676, -2.8197]
	PARPACK diagonalization completed after 45 matrix-vector product operations.
	iteration results: : total energy is -75.274281 | electron energy -75.354205 + phonon energy 0.079924 | electron momentum kIdx = 0
The 3-th iteration is completed.	|| time cost : 0h 0m 32.321s
********************************************************************************************************************
Start the 4 rounds of NGS-ED iteration
	effective electronic model is modified as: kinetic energy t = 0.823966
	                                           effective interaction Vq = [ -2.8989,-2.85158,-2.83722,-2.85158,-2.85158,-2.83722,-2.78744,-2.83722,-2.83722,-2.78744,-2.85429,-2.78744,-2.85158,-2.83722,-2.78744,-2.83722]
	PARPACK diagonalization completed after 45 matrix-vector product operations.
	iteration results: : total energy is -75.496272 | electron energy -75.593421 + phonon energy 0.097149 | electron momentum kIdx = 0
The 4-th iteration is completed.	|| time cost : 0h 0m 32.082s
********************************************************************************************************************
Start the 5 rounds of NGS-ED iteration
	effective electronic model is modified as: kinetic energy t = 0.825954
	                                           effective interaction Vq = [-2.89974,-2.85061,-2.81155,-2.85061,-2.85061,-2.81155,-2.78575,-2.81155,-2.81155,-2.78575,-2.88343,-2.78575,-2.85061,-2.81155,-2.78575,-2.81155]
	PARPACK diagonalization completed after 45 matrix-vector product operations.
	iteration results: : total energy is -75.608420 | electron energy -75.710186 + phonon energy 0.101766 | electron momentum kIdx = 0
The 5-th iteration is completed.	|| time cost : 0h 0m 32.443s
********************************************************************************************************************
Start the 6 rounds of NGS-ED iteration
	effective electronic model is modified as: kinetic energy t = 0.831571
	                                           effective interaction Vq = [-2.89985,-2.84183,-2.77283,-2.84183,-2.84183,-2.77283, -2.7732,-2.77283,-2.77283, -2.7732,-2.89195, -2.7732,-2.84183,-2.77283, -2.7732,-2.77283]
	PARPACK diagonalization completed after 45 matrix-vector product operations.
	iteration results: : total energy is -75.651529 | electron energy -75.751598 + phonon energy 0.100069 | electron momentum kIdx = 0
The 6-th iteration is completed.	|| time cost : 0h 0m 32.431s
********************************************************************************************************************
Start the 7 rounds of NGS-ED iteration
	effective electronic model is modified as: kinetic energy t = 0.834835
	                                           effective interaction Vq = [-2.89987,-2.83497,-2.75058,-2.83497,-2.83497,-2.75058,-2.76386,-2.75058,-2.75058,-2.76386,-2.89439,-2.76386,-2.83497,-2.75058,-2.76386,-2.75058]
	PARPACK diagonalization completed after 30 matrix-vector product operations.
	iteration results: : total energy is -75.660818 | electron energy -75.758547 + phonon energy 0.097728 | electron momentum kIdx = 0
The 7-th iteration is completed.	|| time cost : 0h 0m 27.394s
********************************************************************************************************************
Start the 8 rounds of NGS-ED iteration
	effective electronic model is modified as: kinetic energy t = 0.836383
	                                           effective interaction Vq = [-2.89987,-2.83105,-2.74055,-2.83105,-2.83105,-2.74055,-2.75865,-2.74055,-2.74055,-2.75865,-2.89519,-2.75865,-2.83105,-2.74055,-2.75865,-2.74055]
	PARPACK diagonalization completed after 30 matrix-vector product operations.
	iteration results: : total energy is -75.662549 | electron energy -75.758814 + phonon energy 0.096264 | electron momentum kIdx = 0
The 8-th iteration is completed.	|| time cost : 0h 0m 27.37s
********************************************************************************************************************
Start the 9 rounds of NGS-ED iteration
	effective electronic model is modified as: kinetic energy t = 0.837085
	                                           effective interaction Vq = [-2.89987,-2.82904, -2.7363,-2.82904,-2.82904, -2.7363,-2.75601, -2.7363, -2.7363,-2.75601,-2.89548,-2.75601,-2.82904, -2.7363,-2.75601, -2.7363]
	PARPACK diagonalization completed after 30 matrix-vector product operations.
	iteration results: : total energy is -75.662869 | electron energy -75.758376 + phonon energy 0.095507 | electron momentum kIdx = 0
The 9-th iteration is completed.	|| time cost : 0h 0m 28.496s
********************************************************************************************************************
Start the 10 rounds of NGS-ED iteration
	effective electronic model is modified as: kinetic energy t = 0.8374
	                                           effective interaction Vq = [-2.89987,-2.82807,-2.73452,-2.82807,-2.82807,-2.73452,-2.75475,-2.73452,-2.73452,-2.75475,-2.89558,-2.75475,-2.82807,-2.73452,-2.75475,-2.73452]
	PARPACK diagonalization completed after 30 matrix-vector product operations.
	iteration results: : total energy is -75.662929 | electron energy -75.758072 + phonon energy 0.095144 | electron momentum kIdx = 0
	Nq(0) = 16,	Nq(1) = 0.309826,	Nq(2) = 0.364001,	Nq(3) = 0.309826,	Nq(4) = 0.309826,	Nq(5) = 0.364001,	Nq(6) = 0.582646,	Nq(7) = 0.364001,	Nq(8) = 0.364001,	Nq(9) = 0.582646,	Nq(10) = 5.35911,	Nq(11) = 0.582646,	Nq(12) = 0.309826,	Nq(13) = 0.364001,	Nq(14) = 0.582646,	Nq(15) = 0.364001,	Sq(0) = -4.05774e-18,	Sq(1) = 0.227803,	Sq(2) = 0.29746,	Sq(3) = 0.227803,	Sq(4) = 0.227803,	Sq(5) = 0.29746,	Sq(6) = 0.424276,	Sq(7) = 0.29746,	Sq(8) = 0.29746,	Sq(9) = 0.424276,	Sq(10) = 0.493909,	Sq(11) = 0.424276,	Sq(12) = 0.227803,	Sq(13) = 0.29746,	Sq(14) = 0.424276,	Sq(15) = 0.29746,	N(0) = 1.9751,	N(1) = 1.935,	N(2) = 1,	N(3) = 1.935,	N(4) = 1.935,	N(5) = 1,	N(6) = 0.064996,	N(7) = 1,	N(8) = 1,	N(9) = 0.064996,	N(10) = 0.0249048,	N(11) = 0.064996,	N(12) = 1.935,	N(13) = 1,	N(14) = 0.064996,	N(15) = 1,	Delta[s](0) = 0.525741,	Delta[s](1) = 0.372509,	Delta[s](2) = 0.351989,	Delta[s](3) = 0.372509,	Delta[s](4) = 0.372509,	Delta[s](5) = 0.351989,	Delta[s](6) = 0.294411,	Delta[s](7) = 0.351989,	Delta[s](8) = 0.351989,	Delta[s](9) = 0.294411,	Delta[s](10) = 0.251153,	Delta[s](11) = 0.294411,	Delta[s](12) = 0.372509,	Delta[s](13) = 0.351989,	Delta[s](14) = 0.294411,	Delta[s](15) = 0.351989,	Delta[d](0) = 0.214581,	Delta[d](1) = 0.202856,	Delta[d](2) = 0.204518,	Delta[d](3) = 0.202856,	Delta[d](4) = 0.202856,	Delta[d](5) = 0.135032,	Delta[d](6) = 0.162997,	Delta[d](7) = 0.135032,	Delta[d](8) = 0.204518,	Delta[d](9) = 0.162997,	Delta[d](10) = 0.0555299,	Delta[d](11) = 0.162997,	Delta[d](12) = 0.202856,	Delta[d](13) = 0.135032,	Delta[d](14) = 0.162997,	Delta[d](15) = 0.135032,	Delta[s+](0) = 0.395143,	Delta[s+](1) = 0.315568,	Delta[s+](2) = 0.204518,	Delta[s+](3) = 0.315568,	Delta[s+](4) = 0.315568,	Delta[s+](5) = 0.204518,	Delta[s+](6) = 0.0905411,	Delta[s+](7) = 0.204518,	Delta[s+](8) = 0.204518,	Delta[s+](9) = 0.0905411,	Delta[s+](10) = 0.0304491,	Delta[s+](11) = 0.0905411,	Delta[s+](12) = 0.315568,	Delta[s+](13) = 0.204518,	Delta[s+](14) = 0.0905411,	Delta[s+](15) = 0.204518
The 10-th iteration is completed.	|| time cost : 0h 4m 37.849s
********************************************************************************************************************
Start the 11 rounds of NGS-ED iteration
	effective electronic model is modified as: kinetic energy t = 0.83754
	                                           effective interaction Vq = [-2.89987,-2.82762,-2.73378,-2.82762,-2.82762,-2.73378,-2.75415,-2.73378,-2.73378,-2.75415,-2.89563,-2.75415,-2.82762,-2.73378,-2.75415,-2.73378]
	PARPACK diagonalization completed after 30 matrix-vector product operations.
	iteration results: : total energy is -75.662940 | electron energy -75.757915 + phonon energy 0.094975 | electron momentum kIdx = 0
The 11-th iteration is completed.	|| time cost : 0h 0m 27.702s
********************************************************************************************************************
Start the 12 rounds of NGS-ED iteration
	effective electronic model is modified as: kinetic energy t = 0.837602
	                                           effective interaction Vq = [-2.89987,-2.82741,-2.73346,-2.82741,-2.82741,-2.73346,-2.75388,-2.73346,-2.73346,-2.75388,-2.89564,-2.75388,-2.82741,-2.73346,-2.75388,-2.73346]
	PARPACK diagonalization completed after 30 matrix-vector product operations.
	iteration results: : total energy is -75.662942 | electron energy -75.757840 + phonon energy 0.094898 | electron momentum kIdx = 0
	Nq(0) = 16,	Nq(1) = 0.309487,	Nq(2) = 0.363719,	Nq(3) = 0.309487,	Nq(4) = 0.309487,	Nq(5) = 0.363719,	Nq(6) = 0.582144,	Nq(7) = 0.363719,	Nq(8) = 0.363719,	Nq(9) = 0.582144,	Nq(10) = 5.36442,	Nq(11) = 0.582144,	Nq(12) = 0.309487,	Nq(13) = 0.363719,	Nq(14) = 0.582144,	Nq(15) = 0.363719,	Sq(0) = 4.00165e-18,	Sq(1) = 0.227769,	Sq(2) = 0.297442,	Sq(3) = 0.227769,	Sq(4) = 0.227769,	Sq(5) = 0.297442,	Sq(6) = 0.424269,	Sq(7) = 0.297442,	Sq(8) = 0.297442,	Sq(9) = 0.424269,	Sq(10) = 0.493927,	Sq(11) = 0.424269,	Sq(12) = 0.227769,	Sq(13) = 0.297442,	Sq(14) = 0.424269,	Sq(15) = 0.297442,	N(0) = 1.97509,	N(1) = 1.93494,	N(2) = 1,	N(3) = 1.93494,	N(4) = 1.93494,	N(5) = 1,	N(6) = 0.0650604,	N(7) = 1,	N(8) = 1,	N(9) = 0.0650604,	N(10) = 0.0249105,	N(11) = 0.0650604,	N(12) = 1.93494,	N(13) = 1,	N(14) = 0.0650604,	N(15) = 1,	Delta[s](0) = 0.525251,	Delta[s](1) = 0.372544,	Delta[s](2) = 0.352009,	Delta[s](3) = 0.372544,	Delta[s](4) = 0.372544,	Delta[s](5) = 0.352009,	Delta[s](6) = 0.294454,	Delta[s](7) = 0.352009,	Delta[s](8) = 0.352009,	Delta[s](9) = 0.294454,	Delta[s](10) = 0.251335,	Delta[s](11) = 0.294454,	Delta[s](12) = 0.372544,	Delta[s](13) = 0.352009,	Delta[s](14) = 0.294454,	Delta[s](15) = 0.352009,	Delta[d](0) = 0.214487,	Delta[d](1) = 0.202757,	Delta[d](2) = 0.204464,	Delta[d](3) = 0.202757,	Delta[d](4) = 0.202757,	Delta[d](5) = 0.134935,	Delta[d](6) = 0.16289,	Delta[d](7) = 0.134935,	Delta[d](8) = 0.204464,	Delta[d](9) = 0.16289,	Delta[d](10) = 0.0554276,	Delta[d](11) = 0.16289,	Delta[d](12) = 0.202757,	Delta[d](13) = 0.134935,	Delta[d](14) = 0.16289,	Delta[d](15) = 0.134935,	Delta[s+](0) = 0.395153,	Delta[s+](1) = 0.315531,	Delta[s+](2) = 0.204464,	Delta[s+](3) = 0.315531,	Delta[s+](4) = 0.315531,	Delta[s+](5) = 0.204464,	Delta[s+](6) = 0.0904715,	Delta[s+](7) = 0.204464,	Delta[s+](8) = 0.204464,	Delta[s+](9) = 0.0904715,	Delta[s+](10) = 0.0304027,	Delta[s+](11) = 0.0904715,	Delta[s+](12) = 0.315531,	Delta[s+](13) = 0.204464,	Delta[s+](14) = 0.0904715,	Delta[s+](15) = 0.204464
The 12-th iteration is completed.	|| time cost : 0h 4m 30.501s
********************************************************************************************************************
********************************************************************************************************************
Ground state is obtained after 13 iterations. The current ground-state energy is -75.6629, in which electron energy is -75.7578 and phonon energy is 0.0948976
final variational state is: 
	Gamma_x = [      1, 1.0242,1.03919, 1.0242, 1.0242,1.03919,1.06052,1.03919,1.03919,1.06052,1.12059,1.06052, 1.0242,1.03919,1.06052,1.03919]
	lambda_q = [0.538503,0.453329,0.409454,0.453329,0.453329,0.409454,0.417628,0.409454,0.409454,0.417628,0.517963,0.417628,0.453329,0.409454,0.417628,0.409454]
********************************************************************************************************************
o___o  ----------------------------------------
| L |	Time since last clock: 0h 0m 0s
A===A	Time since the beginning: 0h 30m 2.502s
***********************************************


********************************************************************************************************************
Warm up runs have been completed. Start calculating W = 5 phonon.
open output files: NGSEDIterationObs.txt
********************************************************************************************************************
Start the 0 rounds of NGS-ED iteration
	effective electronic model is modified as: kinetic energy t = 0.837629
	                                           effective interaction Vq = [ -2.6511,-2.42484,-2.27997,-2.42484,-2.42484,-2.27997,-2.30842,-2.27997,-2.27997,-2.30842,-2.60317,-2.30842,-2.42484,-2.27997,-2.30842,-2.27997]
	PARPACK diagonalization completed after 45 matrix-vector product operations.
	iteration results: : total energy is -67.734663 | electron energy -67.782094 + phonon energy 0.047431 | electron momentum kIdx = 0
	Nq(0) = 16,	Nq(1) = 0.296507,	Nq(2) = 0.345647,	Nq(3) = 0.296507,	Nq(4) = 0.296507,	Nq(5) = 0.345647,	Nq(6) = 0.542646,	Nq(7) = 0.345647,	Nq(8) = 0.345647,	Nq(9) = 0.542646,	Nq(10) = 5.20027,	Nq(11) = 0.542646,	Nq(12) = 0.296507,	Nq(13) = 0.345647,	Nq(14) = 0.542646,	Nq(15) = 0.345647,	Sq(0) = 1.13989e-18,	Sq(1) = 0.254992,	Sq(2) = 0.319866,	Sq(3) = 0.254992,	Sq(4) = 0.254992,	Sq(5) = 0.319866,	Sq(6) = 0.472136,	Sq(7) = 0.319866,	Sq(8) = 0.319866,	Sq(9) = 0.472136,	Sq(10) = 0.54153,	Sq(11) = 0.472136,	Sq(12) = 0.254992,	Sq(13) = 0.319866,	Sq(14) = 0.472136,	Sq(15) = 0.319866,	N(0) = 1.98538,	N(1) = 1.95566,	N(2) = 1,	N(3) = 1.95566,	N(4) = 1.95566,	N(5) = 1,	N(6) = 0.0443416,	N(7) = 1,	N(8) = 1,	N(9) = 0.0443416,	N(10) = 0.014619,	N(11) = 0.0443416,	N(12) = 1.95566,	N(13) = 1,	N(14) = 0.0443416,	N(15) = 1,	Delta[s](0) = 0.437067,	Delta[s](1) = 0.353178,	Delta[s](2) = 0.337831,	Delta[s](3) = 0.353178,	Delta[s](4) = 0.353178,	Delta[s](5) = 0.337831,	Delta[s](6) = 0.291977,	Delta[s](7) = 0.337831,	Delta[s](8) = 0.337831,	Delta[s](9) = 0.291977,	Delta[s](10) = 0.270708,	Delta[s](11) = 0.291977,	Delta[s](12) = 0.353178,	Delta[s](13) = 0.337831,	Delta[s](14) = 0.291977,	Delta[s](15) = 0.337831,	Delta[d](0) = 0.219705,	Delta[d](1) = 0.212124,	Delta[d](2) = 0.216661,	Delta[d](3) = 0.212124,	Delta[d](4) = 0.212124,	Delta[d](5) = 0.13931,	Delta[d](6) = 0.170676,	Delta[d](7) = 0.13931,	Delta[d](8) = 0.216661,	Delta[d](9) = 0.170676,	Delta[d](10) = 0.058842,	Delta[d](11) = 0.170676,	Delta[d](12) = 0.212124,	Delta[d](13) = 0.13931,	Delta[d](14) = 0.170676,	Delta[d](15) = 0.13931,	Delta[s+](0) = 0.428956,	Delta[s+](1) = 0.336094,	Delta[s+](2) = 0.216661,	Delta[s+](3) = 0.336094,	Delta[s+](4) = 0.336094,	Delta[s+](5) = 0.216661,	Delta[s+](6) = 0.0955096,	Delta[s+](7) = 0.216661,	Delta[s+](8) = 0.216661,	Delta[s+](9) = 0.0955096,	Delta[s+](10) = 0.0326721,	Delta[s+](11) = 0.0955096,	Delta[s+](12) = 0.336094,	Delta[s+](13) = 0.216661,	Delta[s+](14) = 0.0955096,	Delta[s+](15) = 0.216661
The 0-th iteration is completed.	|| time cost : 0h 4m 37.769s
********************************************************************************************************************
Start the 1 rounds of NGS-ED iteration
	effective electronic model is modified as: kinetic energy t = 0.815356
	                                           effective interaction Vq = [-2.80835,-2.56328,-2.38078,-2.56328,-2.56328,-2.38078,-2.41659,-2.38078,-2.38078,-2.41659,-2.78012,-2.41659,-2.56328,-2.38078,-2.41659,-2.38078]
	PARPACK diagonalization completed after 30 matrix-vector product operations.
	iteration results: : total energy is -71.228605 | electron energy -71.376556 + phonon energy 0.147951 | electron momentum kIdx = 0
The 1-th iteration is completed.	|| time cost : 0h 0m 27.776s
********************************************************************************************************************
Start the 2 rounds of NGS-ED iteration
	effective electronic model is modified as: kinetic energy t = 0.805283
	                                           effective interaction Vq = [ -2.8662,-2.60863,-2.41993,-2.60863,-2.60863,-2.41993,-2.45432,-2.41993,-2.41993,-2.45432,-2.85038,-2.45432,-2.60863,-2.41993,-2.45432,-2.41993]
	PARPACK diagonalization completed after 30 matrix-vector product operations.
	iteration results: : total energy is -72.508237 | electron energy -72.722730 + phonon energy 0.214493 | electron momentum kIdx = 0
The 2-th iteration is completed.	|| time cost : 0h 0m 27.359s
********************************************************************************************************************
Start the 3 rounds of NGS-ED iteration
	effective electronic model is modified as: kinetic energy t = 0.801326
	                                           effective interaction Vq = [-2.88748,-2.62051,-2.43318,-2.62051,-2.62051,-2.43318,-2.46434,-2.43318,-2.43318,-2.46434,-2.87677,-2.46434,-2.62051,-2.43318,-2.46434,-2.43318]
	PARPACK diagonalization completed after 30 matrix-vector product operations.
	iteration results: : total energy is -72.960179 | electron energy -73.209613 + phonon energy 0.249434 | electron momentum kIdx = 0
The 3-th iteration is completed.	|| time cost : 0h 0m 27.381s
********************************************************************************************************************
Start the 4 rounds of NGS-ED iteration
	effective electronic model is modified as: kinetic energy t = 0.799947
	                                           effective interaction Vq = [-2.89531,-2.62165, -2.4368,-2.62165,-2.62165, -2.4368,-2.46514, -2.4368, -2.4368,-2.46514,-2.88692,-2.46514,-2.62165, -2.4368,-2.46514, -2.4368]
	PARPACK diagonalization completed after 30 matrix-vector product operations.
	iteration results: : total energy is -73.117708 | electron energy -73.384247 + phonon energy 0.266539 | electron momentum kIdx = 0
The 4-th iteration is completed.	|| time cost : 0h 0m 27.41s
********************************************************************************************************************
Start the 5 rounds of NGS-ED iteration
	effective electronic model is modified as: kinetic energy t = 0.799582
	                                           effective interaction Vq = [-2.89819,-2.61987, -2.4371,-2.61987,-2.61987, -2.4371,-2.46339, -2.4371, -2.4371,-2.46339,-2.89109,-2.46339,-2.61987, -2.4371,-2.46339, -2.4371]
	PARPACK diagonalization completed after 30 matrix-vector product operations.
	iteration results: : total energy is -73.172745 | electron energy -73.447343 + phonon energy 0.274598 | electron momentum kIdx = 0
The 5-th iteration is completed.	|| time cost : 0h 0m 27.736s
********************************************************************************************************************
Start the 6 rounds of NGS-ED iteration
	effective electronic model is modified as: kinetic energy t = 0.79959
	                                           effective interaction Vq = [-2.89925,-2.61767, -2.4364,-2.61767,-2.61767, -2.4364,-2.46126, -2.4364, -2.4364,-2.46126,-2.89294,-2.46126,-2.61767, -2.4364,-2.46126, -2.4364]
	PARPACK diagonalization completed after 30 matrix-vector product operations.
	iteration results: : total energy is -73.192150 | electron energy -73.470367 + phonon energy 0.278217 | electron momentum kIdx = 0
The 6-th iteration is completed.	|| time cost : 0h 0m 27.345s
********************************************************************************************************************
Start the 7 rounds of NGS-ED iteration
	effective electronic model is modified as: kinetic energy t = 0.799713
	                                           effective interaction Vq = [-2.89964,-2.61578,-2.43551,-2.61578,-2.61578,-2.43551, -2.4594,-2.43551,-2.43551, -2.4594, -2.8938, -2.4594,-2.61578,-2.43551, -2.4594,-2.43551]
	PARPACK diagonalization completed after 30 matrix-vector product operations.
	iteration results: : total energy is -73.199064 | electron energy -73.478782 + phonon energy 0.279718 | electron momentum kIdx = 0
The 7-th iteration is completed.	|| time cost : 0h 0m 27.669s
********************************************************************************************************************
Start the 8 rounds of NGS-ED iteration
	effective electronic model is modified as: kinetic energy t = 0.799854
	                                           effective interaction Vq = [-2.89978,-2.61432,-2.43471,-2.61432,-2.61432,-2.43471,-2.45795,-2.43471,-2.43471,-2.45795,-2.89423,-2.45795,-2.61432,-2.43471,-2.45795,-2.43471]
	PARPACK diagonalization completed after 30 matrix-vector product operations.
	iteration results: : total energy is -73.201551 | electron energy -73.481800 + phonon energy 0.280249 | electron momentum kIdx = 0
The 8-th iteration is completed.	|| time cost : 0h 0m 27.366s
********************************************************************************************************************
Start the 9 rounds of NGS-ED iteration
	effective electronic model is modified as: kinetic energy t = 0.799976
	                                           effective interaction Vq = [-2.89984,-2.61326,-2.43408,-2.61326,-2.61326,-2.43408,-2.45688,-2.43408,-2.43408,-2.45688,-2.89444,-2.45688,-2.61326,-2.43408,-2.45688,-2.43408]
	PARPACK diagonalization completed after 30 matrix-vector product operations.
	iteration results: : total energy is -73.202453 | electron energy -73.482816 + phonon energy 0.280363 | electron momentum kIdx = 0
The 9-th iteration is completed.	|| time cost : 0h 0m 27.375s
********************************************************************************************************************
Start the 10 rounds of NGS-ED iteration
	effective electronic model is modified as: kinetic energy t = 0.800072
	                                           effective interaction Vq = [-2.89986,-2.61251,-2.43361,-2.61251,-2.61251,-2.43361,-2.45611,-2.43361,-2.43361,-2.45611,-2.89455,-2.45611,-2.61251,-2.43361,-2.45611,-2.43361]
	PARPACK diagonalization completed after 30 matrix-vector product operations.
	iteration results: : total energy is -73.202782 | electron energy -73.483099 + phonon energy 0.280317 | electron momentum kIdx = 0
	Nq(0) = 16,	Nq(1) = 0.223687,	Nq(2) = 0.299199,	Nq(3) = 0.223687,	Nq(4) = 0.223687,	Nq(5) = 0.299199,	Nq(6) = 0.448716,	Nq(7) = 0.299199,	Nq(8) = 0.299199,	Nq(9) = 0.448716,	Nq(10) = 7.09757,	Nq(11) = 0.448716,	Nq(12) = 0.223687,	Nq(13) = 0.299199,	Nq(14) = 0.448716,	Nq(15) = 0.299199,	Sq(0) = 1.3132e-18,	Sq(1) = 0.193406,	Sq(2) = 0.271832,	Sq(3) = 0.193406,	Sq(4) = 0.193406,	Sq(5) = 0.271832,	Sq(6) = 0.386846,	Sq(7) = 0.271832,	Sq(8) = 0.271832,	Sq(9) = 0.386846,	Sq(10) = 0.465622,	Sq(11) = 0.386846,	Sq(12) = 0.193406,	Sq(13) = 0.271832,	Sq(14) = 0.386846,	Sq(15) = 0.271832,	N(0) = 1.96031,	N(1) = 1.88167,	N(2) = 1,	N(3) = 1.88167,	N(4) = 1.88167,	N(5) = 1,	N(6) = 0.118332,	N(7) = 1,	N(8) = 1,	N(9) = 0.118332,	N(10) = 0.0396914,	N(11) = 0.118332,	N(12) = 1.88167,	N(13) = 1,	N(14) = 0.118332,	N(15) = 1,	Delta[s](0) = 0.449151,	Delta[s](1) = 0.384357,	Delta[s](2) = 0.36384,	Delta[s](3) = 0.384357,	Delta[s](4) = 0.384357,	Delta[s](5) = 0.36384,	Delta[s](6) = 0.329127,	Delta[s](7) = 0.36384,	Delta[s](8) = 0.36384,	Delta[s](9) = 0.329127,	Delta[s](10) = 0.305065,	Delta[s](11) = 0.329127,	Delta[s](12) = 0.384357,	Delta[s](13) = 0.36384,	Delta[s](14) = 0.329127,	Delta[s](15) = 0.36384,	Delta[d](0) = 0.189108,	Delta[d](1) = 0.174216,	Delta[d](2) = 0.189573,	Delta[d](3) = 0.174216,	Delta[d](4) = 0.174216,	Delta[d](5) = 0.120195,	Delta[d](6) = 0.136893,	Delta[d](7) = 0.120195,	Delta[d](8) = 0.189573,	Delta[d](9) = 0.136893,	Delta[d](10) = 0.0511652,	Delta[d](11) = 0.136893,	Delta[d](12) = 0.174216,	Delta[d](13) = 0.120195,	Delta[d](14) = 0.136893,	Delta[d](15) = 0.120195,	Delta[s+](0) = 0.388758,	Delta[s+](1) = 0.298375,	Delta[s+](2) = 0.189573,	Delta[s+](3) = 0.298375,	Delta[s+](4) = 0.298375,	Delta[s+](5) = 0.189573,	Delta[s+](6) = 0.0807712,	Delta[s+](7) = 0.189573,	Delta[s+](8) = 0.189573,	Delta[s+](9) = 0.0807712,	Delta[s+](10) = 0.0296004,	Delta[s+](11) = 0.0807712,	Delta[s+](12) = 0.298375,	Delta[s+](13) = 0.189573,	Delta[s+](14) = 0.0807712,	Delta[s+](15) = 0.189573
The 10-th iteration is completed.	|| time cost : 0h 4m 24.466s
********************************************************************************************************************
Start the 11 rounds of NGS-ED iteration
	effective electronic model is modified as: kinetic energy t = 0.800144
	                                           effective interaction Vq = [-2.89986,-2.61199,-2.43326,-2.61199,-2.61199,-2.43326,-2.45557,-2.43326,-2.43326,-2.45557,-2.89461,-2.45557,-2.61199,-2.43326,-2.45557,-2.43326]
	PARPACK diagonalization completed after 30 matrix-vector product operations.
	iteration results: : total energy is -73.202902 | electron energy -73.483127 + phonon energy 0.280224 | electron momentum kIdx = 0
The 11-th iteration is completed.	|| time cost : 0h 0m 27.684s
********************************************************************************************************************
Start the 12 rounds of NGS-ED iteration
	effective electronic model is modified as: kinetic energy t = 0.800195
	                                           effective interaction Vq = [-2.89987,-2.61163,-2.43302,-2.61163,-2.61163,-2.43302, -2.4552,-2.43302,-2.43302, -2.4552,-2.89464, -2.4552,-2.61163,-2.43302, -2.4552,-2.43302]
	PARPACK diagonalization completed after 30 matrix-vector product operations.
	iteration results: : total energy is -73.202947 | electron energy -73.483078 + phonon energy 0.280131 | electron momentum kIdx = 0
The 12-th iteration is completed.	|| time cost : 0h 0m 27.386s
********************************************************************************************************************
Start the 13 rounds of NGS-ED iteration
	effective electronic model is modified as: kinetic energy t = 0.800231
	                                           effective interaction Vq = [-2.89987,-2.61139,-2.43285,-2.61139,-2.61139,-2.43285,-2.45494,-2.43285,-2.43285,-2.45494,-2.89465,-2.45494,-2.61139,-2.43285,-2.45494,-2.43285]
	PARPACK diagonalization completed after 30 matrix-vector product operations.
	iteration results: : total energy is -73.202963 | electron energy -73.483016 + phonon energy 0.280053 | electron momentum kIdx = 0
The 13-th iteration is completed.	|| time cost : 0h 0m 27.36s
********************************************************************************************************************
Start the 14 rounds of NGS-ED iteration
	effective electronic model is modified as: kinetic energy t = 0.800256
	                                           effective interaction Vq = [-2.89987,-2.61123,-2.43274,-2.61123,-2.61123,-2.43274,-2.45477,-2.43274,-2.43274,-2.45477,-2.89466,-2.45477,-2.61123,-2.43274,-2.45477,-2.43274]
	PARPACK diagonalization completed after 30 matrix-vector product operations.
	iteration results: : total energy is -73.202969 | electron energy -73.482962 + phonon energy 0.279993 | electron momentum kIdx = 0
The 14-th iteration is completed.	|| time cost : 0h 0m 27.344s
********************************************************************************************************************
Start the 15 rounds of NGS-ED iteration
	effective electronic model is modified as: kinetic energy t = 0.800274
	                                           effective interaction Vq = [-2.89987,-2.61111,-2.43266,-2.61111,-2.61111,-2.43266,-2.45465,-2.43266,-2.43266,-2.45465,-2.89467,-2.45465,-2.61111,-2.43266,-2.45465,-2.43266]
	PARPACK diagonalization completed after 30 matrix-vector product operations.
	iteration results: : total energy is -73.202971 | electron energy -73.482920 + phonon energy 0.279948 | electron momentum kIdx = 0
The 15-th iteration is completed.	|| time cost : 0h 0m 27.389s
********************************************************************************************************************
Start the 16 rounds of NGS-ED iteration
	effective electronic model is modified as: kinetic energy t = 0.800285
	                                           effective interaction Vq = [-2.89987,-2.61104, -2.4326,-2.61104,-2.61104, -2.4326,-2.45457, -2.4326, -2.4326,-2.45457,-2.89467,-2.45457,-2.61104, -2.4326,-2.45457, -2.4326]
	PARPACK diagonalization completed after 30 matrix-vector product operations.
	iteration results: : total energy is -73.202972 | electron energy -73.482889 + phonon energy 0.279917 | electron momentum kIdx = 0
The 16-th iteration is completed.	|| time cost : 0h 0m 27.338s
********************************************************************************************************************
Start the 17 rounds of NGS-ED iteration
	effective electronic model is modified as: kinetic energy t = 0.800293
	                                           effective interaction Vq = [-2.89987,-2.61099,-2.43257,-2.61099,-2.61099,-2.43257,-2.45452,-2.43257,-2.43257,-2.45452,-2.89467,-2.45452,-2.61099,-2.43257,-2.45452,-2.43257]
	PARPACK diagonalization completed after 30 matrix-vector product operations.
	iteration results: : total energy is -73.202973 | electron energy -73.482867 + phonon energy 0.279895 | electron momentum kIdx = 0
The 17-th iteration is completed.	|| time cost : 0h 0m 27.33s
********************************************************************************************************************
Start the 18 rounds of NGS-ED iteration
	effective electronic model is modified as: kinetic energy t = 0.800299
	                                           effective interaction Vq = [-2.89987,-2.61096,-2.43254,-2.61096,-2.61096,-2.43254,-2.45448,-2.43254,-2.43254,-2.45448,-2.89467,-2.45448,-2.61096,-2.43254,-2.45448,-2.43254]
	PARPACK diagonalization completed after 30 matrix-vector product operations.
	iteration results: : total energy is -73.202973 | electron energy -73.482852 + phonon energy 0.279879 | electron momentum kIdx = 0
The 18-th iteration is completed.	|| time cost : 0h 0m 27.362s
********************************************************************************************************************
Start the 19 rounds of NGS-ED iteration
	effective electronic model is modified as: kinetic energy t = 0.800302
	                                           effective interaction Vq = [-2.89987,-2.61093,-2.43253,-2.61093,-2.61093,-2.43253,-2.45446,-2.43253,-2.43253,-2.45446,-2.89467,-2.45446,-2.61093,-2.43253,-2.45446,-2.43253]
	PARPACK diagonalization completed after 30 matrix-vector product operations.
	iteration results: : total energy is -73.202973 | electron energy -73.482841 + phonon energy 0.279869 | electron momentum kIdx = 0
The 19-th iteration is completed.	|| time cost : 0h 0m 27.357s
********************************************************************************************************************
Start the 20 rounds of NGS-ED iteration
	effective electronic model is modified as: kinetic energy t = 0.800305
	                                           effective interaction Vq = [-2.89987,-2.61092,-2.43251,-2.61092,-2.61092,-2.43251,-2.45444,-2.43251,-2.43251,-2.45444,-2.89467,-2.45444,-2.61092,-2.43251,-2.45444,-2.43251]
	PARPACK diagonalization completed after 30 matrix-vector product operations.
	iteration results: : total energy is -73.202973 | electron energy -73.482834 + phonon energy 0.279862 | electron momentum kIdx = 0
