SNEDics v3.4 Non-Gaussian ED ground state program		Start at Wed Oct  2 02:16:37 2019

parallized on 16 MPI threads  * 8 OpenMP threads = 128 total threads.
********************************************************************************************************************
********************************************************************************************************************

********************************************************************************************************************
System parameters and configurations
********************************************************************************************************************
Special program options are enabled: splitted diagonal Hamiltonian
********************************************************************************************************************
Read input file "model_params.in"
	Hubbard-Holstein model parameters : 	t = 1    U = 7.08    g = 4.4721    W = 5    
********************************************************************************************************************
Read input file "hilbertspace_params.in"
	Requested 16-site 2D lattice, with 16 electrons (8, 8)
	Boundary : Periodic		Hilbert space representation : momentum-space (restricted to kIdx = 10)
	Conservation: particle number[U(1)]      spin[U(1)]     momentum
********************************************************************************************************************

Cluster Positions:				Cluster symmetry group : D4
 x ... x ... x ... x .....                       x ... x ... x ... x .....
 |           |           :                       |           |           :
 |           |           :                       |           |           :
12    13    14    15     x                       1     5     6     5     x
 |           |           :                       |           |           :
 |           |           :                       |           |           :
 8 --- 9 ---10 ---11 --- x                       2 --- 6 ---10 --- 6 --- x
 |           |           :                       |           |           :
 |           |           :                       |           |           :
 4     5     6     7     x                       1     5     6     5     x
 |           |           :                       |           |           :
 |           |           :                       |           |           :
 0 --- 1 --- 2 --- 3 --- x                       0 --- 1 --- 2 --- 1 --- x
orbital number : 1
********************************************************************************************************************
Read input file "obs_params.in"
	Observable Type : Nq(All),   Sq(All),   N(All),   Delta[s](All),   Delta[d](All),   Delta[s+](All)
********************************************************************************************************************
** WARNING ** the input observables have non-local factors which have been reinterpreted. The total observable number is 96
********************************************************************************************************************


********************************************************************************************************************
Start calculating the non-Gaussian ED ground state
** WARNING ** Detected low phonon energy W < 10. The initial state will be prepared through a warm-up process.
********************************************************************************************************************
Start warm-up calculation for scaling factor 2
open output files: NGSEDWarmUpW10Obs.txt
********************************************************************************************************************
Start the 0 rounds of NGS-ED iteration
	effective electronic model is modified as: kinetic energy t = 1
	                                           effective interaction Vq = [-0,-0,-0,-0,-0,-0,-0,-0,-0,-0,-0,-0,-0,-0,-0,-0]
	first Hamiltonian is constructed, non-zero numbers = 2845334624
	PARPACK diagonalization completed after 105 matrix-vector product operations.
	iteration results: : total energy is -9.138630 | electron energy -9.138630 + phonon energy 0.000000 | electron momentum kIdx = 10
	Nq(0) = 16,	Nq(1) = 0.0770181,	Nq(2) = 0.130312,	Nq(3) = 0.0770181,	Nq(4) = 0.0770181,	Nq(5) = 0.130312,	Nq(6) = 0.178863,	Nq(7) = 0.130312,	Nq(8) = 0.130312,	Nq(9) = 0.178863,	Nq(10) = 0.223217,	Nq(11) = 0.178863,	Nq(12) = 0.0770181,	Nq(13) = 0.130312,	Nq(14) = 0.178863,	Nq(15) = 0.130312,	Sq(0) = -6.0937e-19,	Sq(1) = 0.246561,	Sq(2) = 0.39036,	Sq(3) = 0.246561,	Sq(4) = 0.246561,	Sq(5) = 0.39036,	Sq(6) = 0.574579,	Sq(7) = 0.39036,	Sq(8) = 0.39036,	Sq(9) = 0.574579,	Sq(10) = 8.34467,	Sq(11) = 0.574579,	Sq(12) = 0.246561,	Sq(13) = 0.39036,	Sq(14) = 0.574579,	Sq(15) = 0.39036,	N(0) = 1.81046,	N(1) = 1.61476,	N(2) = 1,	N(3) = 1.61476,	N(4) = 1.61476,	N(5) = 1,	N(6) = 0.385237,	N(7) = 1,	N(8) = 1,	N(9) = 0.385237,	N(10) = 0.189537,	N(11) = 0.385237,	N(12) = 1.61476,	N(13) = 1,	N(14) = 0.385237,	N(15) = 1,	Delta[s](0) = 0.0973108,	Delta[s](1) = 0.0816971,	Delta[s](2) = 0.0646211,	Delta[s](3) = 0.0816971,	Delta[s](4) = 0.0816971,	Delta[s](5) = 0.0646211,	Delta[s](6) = 0.04589,	Delta[s](7) = 0.0646211,	Delta[s](8) = 0.0646211,	Delta[s](9) = 0.04589,	Delta[s](10) = 0.0189191,	Delta[s](11) = 0.04589,	Delta[s](12) = 0.0816971,	Delta[s](13) = 0.0646211,	Delta[s](14) = 0.04589,	Delta[s](15) = 0.0646211,	Delta[d](0) = 0.554374,	Delta[d](1) = 0.457244,	Delta[d](2) = 0.378763,	Delta[d](3) = 0.457244,	Delta[d](4) = 0.457244,	Delta[d](5) = 0.405674,	Delta[d](6) = 0.337752,	Delta[d](7) = 0.405674,	Delta[d](8) = 0.378763,	Delta[d](9) = 0.337752,	Delta[d](10) = 0.274223,	Delta[d](11) = 0.337752,	Delta[d](12) = 0.457244,	Delta[d](13) = 0.405674,	Delta[d](14) = 0.337752,	Delta[d](15) = 0.405674,	Delta[s+](0) = 0.603175,	Delta[s+](1) = 0.504284,	Delta[s+](2) = 0.378763,	Delta[s+](3) = 0.504284,	Delta[s+](4) = 0.504284,	Delta[s+](5) = 0.378763,	Delta[s+](6) = 0.252712,	Delta[s+](7) = 0.378763,	Delta[s+](8) = 0.378763,	Delta[s+](9) = 0.252712,	Delta[s+](10) = 0.141026,	Delta[s+](11) = 0.252712,	Delta[s+](12) = 0.504284,	Delta[s+](13) = 0.378763,	Delta[s+](14) = 0.252712,	Delta[s+](15) = 0.378763
The 0-th iteration is completed.	|| time cost : 0h 8m 31.231s
********************************************************************************************************************
Start the 1 rounds of NGS-ED iteration
	effective electronic model is modified as: kinetic energy t = 0.915591
	                                           effective interaction Vq = [ -3.4586,-2.98223,-2.90243,-2.98223,-2.98223,-2.90243,-2.85646,-2.90243,-2.90243,-2.85646,-2.82053,-2.85646,-2.98223,-2.90243,-2.85646,-2.90243]
	PARPACK diagonalization completed after 45 matrix-vector product operations.
	iteration results: : total energy is -73.258878 | electron energy -73.263316 + phonon energy 0.004438 | electron momentum kIdx = 10
The 1-th iteration is completed.	|| time cost : 0h 7m 25.666s
********************************************************************************************************************
Start the 2 rounds of NGS-ED iteration
	effective electronic model is modified as: kinetic energy t = 0.84109
	                                           effective interaction Vq = [-3.92667,  -3.703,-3.55873,  -3.703,  -3.703,-3.55873,-3.55256,-3.55873,-3.55873,-3.55256,-3.48092,-3.55256,  -3.703,-3.55873,-3.55256,-3.55873]
	PARPACK diagonalization completed after 45 matrix-vector product operations.
	iteration results: : total energy is -83.274126 | electron energy -83.330029 + phonon energy 0.055902 | electron momentum kIdx = 10
The 2-th iteration is completed.	|| time cost : 0h 0m 31.904s
********************************************************************************************************************
Start the 3 rounds of NGS-ED iteration
	effective electronic model is modified as: kinetic energy t = 0.798275
	                                           effective interaction Vq = [-3.99002,-3.87972,-3.82694,-3.87972,-3.87972,-3.82694,-3.75725,-3.82694,-3.82694,-3.75725,-3.66437,-3.75725,-3.87972,-3.82694,-3.75725,-3.82694]
	PARPACK diagonalization completed after 30 matrix-vector product operations.
	iteration results: : total energy is -85.163185 | electron energy -85.276335 + phonon energy 0.113150 | electron momentum kIdx = 10
The 3-th iteration is completed.	|| time cost : 0h 0m 27.328s
********************************************************************************************************************
Start the 4 rounds of NGS-ED iteration
	effective electronic model is modified as: kinetic energy t = 0.782005
	                                           effective interaction Vq = [-3.99859, -3.9229, -3.8963, -3.9229, -3.9229, -3.8963,-3.81678, -3.8963, -3.8963,-3.81678,-3.72108,-3.81678, -3.9229, -3.8963,-3.81678, -3.8963]
	PARPACK diagonalization completed after 30 matrix-vector product operations.
	iteration results: : total energy is -85.423658 | electron energy -85.567942 + phonon energy 0.144284 | electron momentum kIdx = 10
The 4-th iteration is completed.	|| time cost : 0h 0m 27.588s
********************************************************************************************************************
Start the 5 rounds of NGS-ED iteration
	effective electronic model is modified as: kinetic energy t = 0.776065
	                                           effective interaction Vq = [-3.99975,-3.93555,-3.91717,-3.93555,-3.93555,-3.91717,-3.83648,-3.91717,-3.91717,-3.83648,-3.74064,-3.83648,-3.93555,-3.91717,-3.83648,-3.91717]
	PARPACK diagonalization completed after 30 matrix-vector product operations.
	iteration results: : total energy is -85.458444 | electron energy -85.615492 + phonon energy 0.157048 | electron momentum kIdx = 10
The 5-th iteration is completed.	|| time cost : 0h 0m 27.43s
********************************************************************************************************************
Start the 6 rounds of NGS-ED iteration
	effective electronic model is modified as: kinetic energy t = 0.773927
	                                           effective interaction Vq = [-3.99991,-3.93963,-3.92405,-3.93963,-3.93963,-3.92405,-3.84342,-3.92405,-3.92405,-3.84342,-3.74769,-3.84342,-3.93963,-3.92405,-3.84342,-3.92405]
	PARPACK diagonalization completed after 30 matrix-vector product operations.
	iteration results: : total energy is -85.463034 | electron energy -85.624887 + phonon energy 0.161853 | electron momentum kIdx = 10
The 6-th iteration is completed.	|| time cost : 0h 0m 27.317s
********************************************************************************************************************
Start the 7 rounds of NGS-ED iteration
	effective electronic model is modified as: kinetic energy t = 0.773161
	                                           effective interaction Vq = [-3.99993,  -3.941,-3.92642,  -3.941,  -3.941,-3.92642,-3.84593,-3.92642,-3.92642,-3.84593,-3.75029,-3.84593,  -3.941,-3.92642,-3.84593,-3.92642]
	PARPACK diagonalization completed after 30 matrix-vector product operations.
	iteration results: : total energy is -85.463638 | electron energy -85.627248 + phonon energy 0.163611 | electron momentum kIdx = 10
The 7-th iteration is completed.	|| time cost : 0h 0m 27.324s
********************************************************************************************************************
Start the 8 rounds of NGS-ED iteration
	effective electronic model is modified as: kinetic energy t = 0.772886
	                                           effective interaction Vq = [-3.99994,-3.94147,-3.92724,-3.94147,-3.94147,-3.92724,-3.84685,-3.92724,-3.92724,-3.84685,-3.75124,-3.84685,-3.94147,-3.92724,-3.84685,-3.92724]
	PARPACK diagonalization completed after 30 matrix-vector product operations.
	iteration results: : total energy is -85.463717 | electron energy -85.627965 + phonon energy 0.164248 | electron momentum kIdx = 10
The 8-th iteration is completed.	|| time cost : 0h 0m 27.328s
********************************************************************************************************************
Start the 9 rounds of NGS-ED iteration
	effective electronic model is modified as: kinetic energy t = 0.772788
	                                           effective interaction Vq = [-3.99994,-3.94163,-3.92753,-3.94163,-3.94163,-3.92753,-3.84719,-3.92753,-3.92753,-3.84719, -3.7516,-3.84719,-3.94163,-3.92753,-3.84719,-3.92753]
	PARPACK diagonalization completed after 30 matrix-vector product operations.
	iteration results: : total energy is -85.463728 | electron energy -85.628205 + phonon energy 0.164478 | electron momentum kIdx = 10
	Nq(0) = 16,	Nq(1) = 0.405388,	Nq(2) = 0.695102,	Nq(3) = 0.405388,	Nq(4) = 0.405388,	Nq(5) = 0.695102,	Nq(6) = 0.655359,	Nq(7) = 0.695102,	Nq(8) = 0.695102,	Nq(9) = 0.655359,	Nq(10) = 0.631703,	Nq(11) = 0.655359,	Nq(12) = 0.405388,	Nq(13) = 0.695102,	Nq(14) = 0.655359,	Nq(15) = 0.695102,	Sq(0) = 5.06858e-18,	Sq(1) = 0.343939,	Sq(2) = 0.423499,	Sq(3) = 0.343939,	Sq(4) = 0.343939,	Sq(5) = 0.423499,	Sq(6) = 0.565986,	Sq(7) = 0.423499,	Sq(8) = 0.423499,	Sq(9) = 0.565986,	Sq(10) = 0.774004,	Sq(11) = 0.565986,	Sq(12) = 0.343939,	Sq(13) = 0.423499,	Sq(14) = 0.565986,	Sq(15) = 0.423499,	N(0) = 1.99518,	N(1) = 1.99237,	N(2) = 1,	N(3) = 1.99237,	N(4) = 1.99237,	N(5) = 1,	N(6) = 0.00762831,	N(7) = 1,	N(8) = 1,	N(9) = 0.00762831,	N(10) = 0.00482056,	N(11) = 0.00762831,	N(12) = 1.99237,	N(13) = 1,	N(14) = 0.00762831,	N(15) = 1,	Delta[s](0) = 0.302695,	Delta[s](1) = 0.302923,	Delta[s](2) = 0.30162,	Delta[s](3) = 0.302923,	Delta[s](4) = 0.302923,	Delta[s](5) = 0.30162,	Delta[s](6) = 0.253349,	Delta[s](7) = 0.30162,	Delta[s](8) = 0.30162,	Delta[s](9) = 0.253349,	Delta[s](10) = 0.185147,	Delta[s](11) = 0.253349,	Delta[s](12) = 0.302923,	Delta[s](13) = 0.30162,	Delta[s](14) = 0.253349,	Delta[s](15) = 0.30162,	Delta[d](0) = 0.306414,	Delta[d](1) = 0.290455,	Delta[d](2) = 0.265597,	Delta[d](3) = 0.290455,	Delta[d](4) = 0.290455,	Delta[d](5) = 0.265424,	Delta[d](6) = 0.252966,	Delta[d](7) = 0.265424,	Delta[d](8) = 0.265597,	Delta[d](9) = 0.252966,	Delta[d](10) = 0.324989,	Delta[d](11) = 0.252966,	Delta[d](12) = 0.290455,	Delta[d](13) = 0.265424,	Delta[d](14) = 0.252966,	Delta[d](15) = 0.265424,	Delta[s+](0) = 0.461224,	Delta[s+](1) = 0.38251,	Delta[s+](2) = 0.265597,	Delta[s+](3) = 0.38251,	Delta[s+](4) = 0.38251,	Delta[s+](5) = 0.265597,	Delta[s+](6) = 0.14233,	Delta[s+](7) = 0.265597,	Delta[s+](8) = 0.265597,	Delta[s+](9) = 0.14233,	Delta[s+](10) = 0.0577599,	Delta[s+](11) = 0.14233,	Delta[s+](12) = 0.38251,	Delta[s+](13) = 0.265597,	Delta[s+](14) = 0.14233,	Delta[s+](15) = 0.265597
The 9-th iteration is completed.	|| time cost : 0h 4m 46.658s
********************************************************************************************************************
********************************************************************************************************************
Ground state is obtained after 10 iterations. The current ground-state energy is -85.4637, in which electron energy is -85.6282 and phonon energy is 0.164478
final variational state is: 
	Gamma_x = [      1,  1.035,1.06677,  1.035,  1.035,1.06677,1.08577,1.06677,1.06677,1.08577,1.09897,1.08577,  1.035,1.06677,1.08577,1.06677]
	lambda_q = [0.632422,0.556127,0.547421,0.556127,0.556127,0.547421,0.508909,0.547421,0.547421,0.508909,0.474904,0.508909,0.556127,0.547421,0.508909,0.547421]
********************************************************************************************************************
o___o  ----------------------------------------
| L |	Time since last clock: 0h 0m 0s
A===A	Time since the beginning: 0h 23m 59.778s
***********************************************


********************************************************************************************************************
Warm up runs have been completed. Start calculating W = 5 phonon.
open output files: NGSEDIterationObs.txt
********************************************************************************************************************
Start the 0 rounds of NGS-ED iteration
	effective electronic model is modified as: kinetic energy t = 0.772753
	                                           effective interaction Vq = [-3.65672,-3.42772,-3.39789,-3.42772,-3.42772,-3.39789,-3.25684,-3.39789,-3.39789,-3.25684,-3.11997,-3.25684,-3.42772,-3.39789,-3.25684,-3.39789]
	PARPACK diagonalization completed after 45 matrix-vector product operations.
	iteration results: : total energy is -75.573566 | electron energy -75.655847 + phonon energy 0.082280 | electron momentum kIdx = 10
	Nq(0) = 16,	Nq(1) = 0.351165,	Nq(2) = 0.369429,	Nq(3) = 0.351165,	Nq(4) = 0.351165,	Nq(5) = 0.369429,	Nq(6) = 0.556771,	Nq(7) = 0.369429,	Nq(8) = 0.369429,	Nq(9) = 0.556771,	Nq(10) = 0.563892,	Nq(11) = 0.556771,	Nq(12) = 0.351165,	Nq(13) = 0.369429,	Nq(14) = 0.556771,	Nq(15) = 0.369429,	Sq(0) = -2.50737e-18,	Sq(1) = 0.377141,	Sq(2) = 0.419347,	Sq(3) = 0.377141,	Sq(4) = 0.377141,	Sq(5) = 0.419347,	Sq(6) = 0.643586,	Sq(7) = 0.419347,	Sq(8) = 0.419347,	Sq(9) = 0.643586,	Sq(10) = 2.9888,	Sq(11) = 0.643586,	Sq(12) = 0.377141,	Sq(13) = 0.419347,	Sq(14) = 0.643586,	Sq(15) = 0.419347,	N(0) = 1.99837,	N(1) = 1.99616,	N(2) = 1,	N(3) = 1.99616,	N(4) = 1.99616,	N(5) = 1,	N(6) = 0.00383962,	N(7) = 1,	N(8) = 1,	N(9) = 0.00383962,	N(10) = 0.0016338,	N(11) = 0.00383962,	N(12) = 1.99616,	N(13) = 1,	N(14) = 0.00383962,	N(15) = 1,	Delta[s](0) = 0.234087,	Delta[s](1) = 0.227857,	Delta[s](2) = 0.194691,	Delta[s](3) = 0.227857,	Delta[s](4) = 0.227857,	Delta[s](5) = 0.194691,	Delta[s](6) = 0.188939,	Delta[s](7) = 0.194691,	Delta[s](8) = 0.194691,	Delta[s](9) = 0.188939,	Delta[s](10) = 0.136689,	Delta[s](11) = 0.188939,	Delta[s](12) = 0.227857,	Delta[s](13) = 0.194691,	Delta[s](14) = 0.188939,	Delta[s](15) = 0.194691,	Delta[d](0) = 0.496507,	Delta[d](1) = 0.341399,	Delta[d](2) = 0.305047,	Delta[d](3) = 0.341399,	Delta[d](4) = 0.341399,	Delta[d](5) = 0.380674,	Delta[d](6) = 0.289566,	Delta[d](7) = 0.380674,	Delta[d](8) = 0.305047,	Delta[d](9) = 0.289566,	Delta[d](10) = 0.26628,	Delta[d](11) = 0.289566,	Delta[d](12) = 0.341399,	Delta[d](13) = 0.380674,	Delta[d](14) = 0.289566,	Delta[d](15) = 0.380674,	Delta[s+](0) = 0.52885,	Delta[s+](1) = 0.440535,	Delta[s+](2) = 0.305047,	Delta[s+](3) = 0.440535,	Delta[s+](4) = 0.440535,	Delta[s+](5) = 0.305047,	Delta[s+](6) = 0.168438,	Delta[s+](7) = 0.305047,	Delta[s+](8) = 0.305047,	Delta[s+](9) = 0.168438,	Delta[s+](10) = 0.065749,	Delta[s+](11) = 0.168438,	Delta[s+](12) = 0.440535,	Delta[s+](13) = 0.305047,	Delta[s+](14) = 0.168438,	Delta[s+](15) = 0.305047
The 0-th iteration is completed.	|| time cost : 0h 4m 32.054s
********************************************************************************************************************
Start the 1 rounds of NGS-ED iteration
	effective electronic model is modified as: kinetic energy t = 0.75798
	                                           effective interaction Vq = [-3.87367,-3.62143,-3.44522,-3.62143,-3.62143,-3.44522,-3.40405,-3.44522,-3.44522,-3.40405,-3.24302,-3.40405,-3.62143,-3.44522,-3.40405,-3.44522]
	PARPACK diagonalization completed after 30 matrix-vector product operations.
	iteration results: : total energy is -79.342939 | electron energy -79.573394 + phonon energy 0.230455 | electron momentum kIdx = 10
The 1-th iteration is completed.	|| time cost : 0h 0m 27.322s
********************************************************************************************************************
Start the 2 rounds of NGS-ED iteration
	effective electronic model is modified as: kinetic energy t = 0.744399
	                                           effective interaction Vq = [-3.95349,-3.72936,-3.48263,-3.72936,-3.72936,-3.48263,-3.50474,-3.48263,-3.48263,-3.50474,-3.32931,-3.50474,-3.72936,-3.48263,-3.50474,-3.48263]
	PARPACK diagonalization completed after 30 matrix-vector product operations.
	iteration results: : total energy is -80.752338 | electron energy -81.076748 + phonon energy 0.324410 | electron momentum kIdx = 10
The 2-th iteration is completed.	|| time cost : 0h 0m 27.337s
********************************************************************************************************************
Start the 3 rounds of NGS-ED iteration
	effective electronic model is modified as: kinetic energy t = 0.734172
	                                           effective interaction Vq = [-3.98285,-3.79132,-3.50813,-3.79132,-3.79132,-3.50813,-3.57108,-3.50813,-3.50813,-3.57108,-3.38451,-3.57108,-3.79132,-3.50813,-3.57108,-3.50813]
	PARPACK diagonalization completed after 30 matrix-vector product operations.
	iteration results: : total energy is -81.283087 | electron energy -81.663743 + phonon energy 0.380655 | electron momentum kIdx = 10
The 3-th iteration is completed.	|| time cost : 0h 0m 27.303s
********************************************************************************************************************
Start the 4 rounds of NGS-ED iteration
	effective electronic model is modified as: kinetic energy t = 0.72698
	                                           effective interaction Vq = [-3.99365,-3.82783,-3.52493,-3.82783,-3.82783,-3.52493, -3.6145,-3.52493,-3.52493, -3.6145,-3.41888, -3.6145,-3.82783,-3.52493, -3.6145,-3.52493]
	PARPACK diagonalization completed after 30 matrix-vector product operations.
	iteration results: : total energy is -81.483678 | electron energy -81.899131 + phonon energy 0.415452 | electron momentum kIdx = 10
The 4-th iteration is completed.	|| time cost : 0h 0m 27.334s
********************************************************************************************************************
Start the 5 rounds of NGS-ED iteration
	effective electronic model is modified as: kinetic energy t = 0.722033
	                                           effective interaction Vq = [-3.99762,-3.84986,-3.53642,-3.84986,-3.84986,-3.53642,-3.64293,-3.53642,-3.53642,-3.64293,-3.44013,-3.64293,-3.84986,-3.53642,-3.64293,-3.53642]
	PARPACK diagonalization completed after 30 matrix-vector product operations.
	iteration results: : total energy is -81.559776 | electron energy -81.997451 + phonon energy 0.437675 | electron momentum kIdx = 10
The 5-th iteration is completed.	|| time cost : 0h 0m 27.623s
********************************************************************************************************************
Start the 6 rounds of NGS-ED iteration
	effective electronic model is modified as: kinetic energy t = 0.718555
	                                           effective interaction Vq = [-3.99908,-3.86345,-3.54581,-3.86345,-3.86345,-3.54581,-3.66151,-3.54581,-3.54581,-3.66151,-3.45331,-3.66151,-3.86345,-3.54581,-3.66151,-3.54581]
	PARPACK diagonalization completed after 30 matrix-vector product operations.
	iteration results: : total energy is -81.588975 | electron energy -82.041217 + phonon energy 0.452242 | electron momentum kIdx = 10
The 6-th iteration is completed.	|| time cost : 0h 0m 27.297s
********************************************************************************************************************
Start the 7 rounds of NGS-ED iteration
	effective electronic model is modified as: kinetic energy t = 0.715422
	                                           effective interaction Vq = [-3.99962,-3.87207,-3.56143,-3.87207,-3.87207,-3.56143, -3.6732,-3.56143,-3.56143, -3.6732,-3.46181, -3.6732,-3.87207,-3.56143, -3.6732,-3.56143]
	PARPACK diagonalization completed after 45 matrix-vector product operations.
	iteration results: : total energy is -81.610365 | electron energy -82.072852 + phonon energy 0.462486 | electron momentum kIdx = 10
The 7-th iteration is completed.	|| time cost : 0h 0m 32.109s
********************************************************************************************************************
Start the 8 rounds of NGS-ED iteration
	effective electronic model is modified as: kinetic energy t = 0.702725
	                                           effective interaction Vq = [-3.99982,-3.87283, -3.6829,-3.87283,-3.87283, -3.6829,-3.67603, -3.6829, -3.6829,-3.67603,-3.47292,-3.67603,-3.87283, -3.6829,-3.67603, -3.6829]
	PARPACK diagonalization completed after 30 matrix-vector product operations.
	iteration results: : total energy is -81.762258 | electron energy -82.240976 + phonon energy 0.478717 | electron momentum kIdx = 10
The 8-th iteration is completed.	|| time cost : 0h 0m 27.348s
********************************************************************************************************************
Start the 9 rounds of NGS-ED iteration
	effective electronic model is modified as: kinetic energy t = 0.69495
	                                           effective interaction Vq = [-3.99989,-3.87086,-3.75184,-3.87086,-3.87086,-3.75184,-3.67601,-3.75184,-3.75184,-3.67601, -3.4791,-3.67601,-3.87086,-3.75184,-3.67601,-3.75184]
	PARPACK diagonalization completed after 30 matrix-vector product operations.
	iteration results: : total energy is -81.828336 | electron energy -82.326570 + phonon energy 0.498234 | electron momentum kIdx = 10
The 9-th iteration is completed.	|| time cost : 0h 0m 27.366s
********************************************************************************************************************
Start the 10 rounds of NGS-ED iteration
	effective electronic model is modified as: kinetic energy t = 0.690379
	                                           effective interaction Vq = [-3.99992,-3.86885,-3.79059,-3.86885,-3.86885,-3.79059,-3.67459,-3.79059,-3.79059,-3.67459,-3.48219,-3.67459,-3.86885,-3.79059,-3.67459,-3.79059]
	PARPACK diagonalization completed after 105 matrix-vector product operations.
	iteration results: : total energy is -81.957138 | electron energy -82.471004 + phonon energy 0.513866 | electron momentum kIdx = 10
	Nq(0) = 16,	Nq(1) = 0.404927,	Nq(2) = 0.762299,	Nq(3) = 0.404927,	Nq(4) = 0.404927,	Nq(5) = 0.762299,	Nq(6) = 0.613082,	Nq(7) = 0.762299,	Nq(8) = 0.762298,	Nq(9) = 0.613082,	Nq(10) = 0.781133,	Nq(11) = 0.613082,	Nq(12) = 0.404927,	Nq(13) = 0.762299,	Nq(14) = 0.613082,	Nq(15) = 0.762299,	Sq(0) = 3.80746e-18,	Sq(1) = 0.35282,	Sq(2) = 0.367555,	Sq(3) = 0.35282,	Sq(4) = 0.35282,	Sq(5) = 0.367555,	Sq(6) = 0.588631,	Sq(7) = 0.367555,	Sq(8) = 0.367555,	Sq(9) = 0.588631,	Sq(10) = 0.601907,	Sq(11) = 0.588631,	Sq(12) = 0.35282,	Sq(13) = 0.367555,	Sq(14) = 0.588631,	Sq(15) = 0.367555,	N(0) = 1.9988,	N(1) = 1.99513,	N(2) = 1,	N(3) = 1.99513,	N(4) = 1.99513,	N(5) = 1,	N(6) = 0.00487455,	N(7) = 1,	N(8) = 1,	N(9) = 0.00487454,	N(10) = 0.00119931,	N(11) = 0.00487454,	N(12) = 1.99513,	N(13) = 1,	N(14) = 0.00487455,	N(15) = 1,	Delta[s](0) = 0.344776,	Delta[s](1) = 0.301448,	Delta[s](2) = 0.283784,	Delta[s](3) = 0.301448,	Delta[s](4) = 0.301448,	Delta[s](5) = 0.283784,	Delta[s](6) = 0.273511,	Delta[s](7) = 0.283784,	Delta[s](8) = 0.283784,	Delta[s](9) = 0.273511,	Delta[s](10) = 0.366164,	Delta[s](11) = 0.273511,	Delta[s](12) = 0.301448,	Delta[s](13) = 0.283784,	Delta[s](14) = 0.273511,	Delta[s](15) = 0.283784,	Delta[d](0) = 0.370903,	Delta[d](1) = 0.326193,	Delta[d](2) = 0.303017,	Delta[d](3) = 0.326193,	Delta[d](4) = 0.326193,	Delta[d](5) = 0.299967,	Delta[d](6) = 0.289149,	Delta[d](7) = 0.299967,	Delta[d](8) = 0.303017,	Delta[d](9) = 0.289149,	Delta[d](10) = 0.22902,	Delta[d](11) = 0.289149,	Delta[d](12) = 0.326193,	Delta[d](13) = 0.299967,	Delta[d](14) = 0.289149,	Delta[d](15) = 0.299967,	Delta[s+](0) = 0.510351,	Delta[s+](1) = 0.422968,	Delta[s+](2) = 0.303017,	Delta[s+](3) = 0.422968,	Delta[s+](4) = 0.422968,	Delta[s+](5) = 0.303017,	Delta[s+](6) = 0.180232,	Delta[s+](7) = 0.303017,	Delta[s+](8) = 0.303017,	Delta[s+](9) = 0.180232,	Delta[s+](10) = 0.0895935,	Delta[s+](11) = 0.180232,	Delta[s+](12) = 0.422968,	Delta[s+](13) = 0.303017,	Delta[s+](14) = 0.180232,	Delta[s+](15) = 0.303017
The 10-th iteration is completed.	|| time cost : 0h 4m 45.399s
********************************************************************************************************************
Start the 11 rounds of NGS-ED iteration
	effective electronic model is modified as: kinetic energy t = 0.683323
	                                           effective interaction Vq = [-3.99993,  -3.865,-3.82901,  -3.865,  -3.865,-3.82901,-3.66797,-3.82901,-3.82901,-3.66797,-3.58404,-3.66797,  -3.865,-3.82901,-3.66797,-3.82901]
	PARPACK diagonalization completed after 30 matrix-vector product operations.
	iteration results: : total energy is -82.009123 | electron energy -82.539596 + phonon energy 0.530473 | electron momentum kIdx = 10
The 11-th iteration is completed.	|| time cost : 0h 0m 27.36s
********************************************************************************************************************
Start the 12 rounds of NGS-ED iteration
	effective electronic model is modified as: kinetic energy t = 0.679245
	                                           effective interaction Vq = [-3.99993,-3.86186,-3.85027,-3.86186,-3.86186,-3.85027,-3.66269,-3.85027,-3.85027,-3.66269,-3.64604,-3.66269,-3.86186,-3.85027,-3.66269,-3.85027]
	PARPACK diagonalization completed after 30 matrix-vector product operations.
	iteration results: : total energy is -82.030504 | electron energy -82.576712 + phonon energy 0.546208 | electron momentum kIdx = 10
The 12-th iteration is completed.	|| time cost : 0h 0m 27.26s
********************************************************************************************************************
Start the 13 rounds of NGS-ED iteration
	effective electronic model is modified as: kinetic energy t = 0.676824
	                                           effective interaction Vq = [-3.99993,-3.85949,-3.86236,-3.85949,-3.85949,-3.86236,-3.65862,-3.86236,-3.86236,-3.65862, -3.6856,-3.65862,-3.85949,-3.86236,-3.65862,-3.86236]
	PARPACK diagonalization completed after 30 matrix-vector product operations.
	iteration results: : total energy is -82.039433 | electron energy -82.597323 + phonon energy 0.557890 | electron momentum kIdx = 10
The 13-th iteration is completed.	|| time cost : 0h 0m 27.292s
********************************************************************************************************************
Start the 14 rounds of NGS-ED iteration
	effective electronic model is modified as: kinetic energy t = 0.675366
	                                           effective interaction Vq = [-3.99994,-3.85776,-3.86936,-3.85776,-3.85776,-3.86936, -3.6556,-3.86936,-3.86936, -3.6556,-3.71135, -3.6556,-3.85776,-3.86936, -3.6556,-3.86936]
	PARPACK diagonalization completed after 30 matrix-vector product operations.
	iteration results: : total energy is -82.043184 | electron energy -82.609006 + phonon energy 0.565821 | electron momentum kIdx = 10
The 14-th iteration is completed.	|| time cost : 0h 0m 27.34s
********************************************************************************************************************
Start the 15 rounds of NGS-ED iteration
	effective electronic model is modified as: kinetic energy t = 0.674481
	                                           effective interaction Vq = [-3.99994,-3.85655,-3.87345,-3.85655,-3.85655,-3.87345,-3.65341,-3.87345,-3.87345,-3.65341,-3.72829,-3.65341,-3.85655,-3.87345,-3.65341,-3.87345]
	PARPACK diagonalization completed after 30 matrix-vector product operations.
	iteration results: : total energy is -82.044770 | electron energy -82.615764 + phonon energy 0.570994 | electron momentum kIdx = 10
The 15-th iteration is completed.	|| time cost : 0h 0m 27.351s
********************************************************************************************************************
Start the 16 rounds of NGS-ED iteration
	effective electronic model is modified as: kinetic energy t = 0.673941
	                                           effective interaction Vq = [-3.99994,-3.85572,-3.87586,-3.85572,-3.85572,-3.87586,-3.65185,-3.87586,-3.87586,-3.65185, -3.7395,-3.65185,-3.85572,-3.87586,-3.65185,-3.87586]
	PARPACK diagonalization completed after 30 matrix-vector product operations.
	iteration results: : total energy is -82.045444 | electron energy -82.619751 + phonon energy 0.574307 | electron momentum kIdx = 10
The 16-th iteration is completed.	|| time cost : 0h 0m 27.313s
********************************************************************************************************************
Start the 17 rounds of NGS-ED iteration
	effective electronic model is modified as: kinetic energy t = 0.67361
	                                           effective interaction Vq = [-3.99994,-3.85515,-3.87728,-3.85515,-3.85515,-3.87728,-3.65076,-3.87728,-3.87728,-3.65076,-3.74696,-3.65076,-3.85515,-3.87728,-3.65076,-3.87728]
	PARPACK diagonalization completed after 30 matrix-vector product operations.
	iteration results: : total energy is -82.045734 | electron energy -82.622146 + phonon energy 0.576412 | electron momentum kIdx = 10
The 17-th iteration is completed.	|| time cost : 0h 0m 27.35s
********************************************************************************************************************
Start the 18 rounds of NGS-ED iteration
	effective electronic model is modified as: kinetic energy t = 0.673406
	                                           effective interaction Vq = [-3.99994,-3.85477,-3.87813,-3.85477,-3.85477,-3.87813,   -3.65,-3.87813,-3.87813,   -3.65,-3.75193,   -3.65,-3.85477,-3.87813,   -3.65,-3.87813]
	PARPACK diagonalization completed after 30 matrix-vector product operations.
	iteration results: : total energy is -82.045858 | electron energy -82.623606 + phonon energy 0.577747 | electron momentum kIdx = 10
The 18-th iteration is completed.	|| time cost : 0h 0m 27.366s
********************************************************************************************************************
Start the 19 rounds of NGS-ED iteration
	effective electronic model is modified as: kinetic energy t = 0.67328
	                                           effective interaction Vq = [-3.99994,-3.85452,-3.87863,-3.85452,-3.85452,-3.87863,-3.64948,-3.87863,-3.87863,-3.64948,-3.75526,-3.64948,-3.85452,-3.87863,-3.64948,-3.87863]
	PARPACK diagonalization completed after 30 matrix-vector product operations.
	iteration results: : total energy is -82.045913 | electron energy -82.624508 + phonon energy 0.578595 | electron momentum kIdx = 10
The 19-th iteration is completed.	|| time cost : 0h 0m 27.282s
********************************************************************************************************************
Start the 20 rounds of NGS-ED iteration
	effective electronic model is modified as: kinetic energy t = 0.673202
	                                           effective interaction Vq = [-3.99994,-3.85435,-3.87893,-3.85435,-3.85435,-3.87893,-3.64913,-3.87893,-3.87893,-3.64913,-3.75749,-3.64913,-3.85435,-3.87893,-3.64913,-3.87893]
	PARPACK diagonalization completed after 30 matrix-vector product operations.
	iteration results: : total energy is -82.045936 | electron energy -82.625071 + phonon energy 0.579135 | electron momentum kIdx = 10
	Nq(0) = 16,	Nq(1) = 0.38659,	Nq(2) = 0.796321,	Nq(3) = 0.38659,	Nq(4) = 0.38659,	Nq(5) = 0.796317,	Nq(6) = 0.588243,	Nq(7) = 0.796317,	Nq(8) = 0.796313,	Nq(9) = 0.588242,	Nq(10) = 0.941323,	Nq(11) = 0.588242,	Nq(12) = 0.38659,	Nq(13) = 0.796317,	Nq(14) = 0.588243,	Nq(15) = 0.796317,	Sq(0) = 2.71851e-18,	Sq(1) = 0.337313,	Sq(2) = 0.361872,	Sq(3) = 0.337313,	Sq(4) = 0.337313,	Sq(5) = 0.361872,	Sq(6) = 0.568341,	Sq(7) = 0.361872,	Sq(8) = 0.361872,	Sq(9) = 0.568341,	Sq(10) = 0.587597,	Sq(11) = 0.568341,	Sq(12) = 0.337313,	Sq(13) = 0.361872,	Sq(14) = 0.568341,	Sq(15) = 0.361872,	N(0) = 1.99799,	N(1) = 1.99193,	N(2) = 1,	N(3) = 1.99193,	N(4) = 1.99193,	N(5) = 1,	N(6) = 0.0080659,	N(7) = 1,	N(8) = 1,	N(9) = 0.00806585,	N(10) = 0.00201488,	N(11) = 0.00806585,	N(12) = 1.99193,	N(13) = 1,	N(14) = 0.0080659,	N(15) = 1,	Delta[s](0) = 0.35039,	Delta[s](1) = 0.307492,	Delta[s](2) = 0.289961,	Delta[s](3) = 0.307492,	Delta[s](4) = 0.307492,	Delta[s](5) = 0.289961,	Delta[s](6) = 0.280493,	Delta[s](7) = 0.289961,	Delta[s](8) = 0.289961,	Delta[s](9) = 0.280493,	Delta[s](10) = 0.367185,	Delta[s](11) = 0.280493,	Delta[s](12) = 0.307492,	Delta[s](13) = 0.289961,	Delta[s](14) = 0.280493,	Delta[s](15) = 0.289961,	Delta[d](0) = 0.361525,	Delta[d](1) = 0.318104,	Delta[d](2) = 0.295306,	Delta[d](3) = 0.318104,	Delta[d](4) = 0.318104,	Delta[d](5) = 0.293841,	Delta[d](6) = 0.282437,	Delta[d](7) = 0.293841,	Delta[d](8) = 0.295306,	Delta[d](9) = 0.282437,	Delta[d](10) = 0.226334,	Delta[d](11) = 0.282437,	Delta[d](12) = 0.318104,	Delta[d](13) = 0.293841,	Delta[d](14) = 0.282437,	Delta[d](15) = 0.293841,	Delta[s+](0) = 0.493286,	Delta[s+](1) = 0.409103,	Delta[s+](2) = 0.295306,	Delta[s+](3) = 0.409103,	Delta[s+](4) = 0.409103,	Delta[s+](5) = 0.295306,	Delta[s+](6) = 0.175973,	Delta[s+](7) = 0.295306,	Delta[s+](8) = 0.295306,	Delta[s+](9) = 0.175972,	Delta[s+](10) = 0.0890599,	Delta[s+](11) = 0.175972,	Delta[s+](12) = 0.409103,	Delta[s+](13) = 0.295306,	Delta[s+](14) = 0.175973,	Delta[s+](15) = 0.295306
The 20-th iteration is completed.	|| time cost : 0h 4m 20.92s
********************************************************************************************************************
Start the 21 rounds of NGS-ED iteration
	effective electronic model is modified as: kinetic energy t = 0.673153
	                                           effective interaction Vq = [-3.99994,-3.85424,-3.87911,-3.85424,-3.85424,-3.87911,-3.64889,-3.87911,-3.87911,-3.64889,-3.75899,-3.64889,-3.85424,-3.87911,-3.64889,-3.87911]
	PARPACK diagonalization completed after 30 matrix-vector product operations.
	iteration results: : total energy is -82.045946 | electron energy -82.625426 + phonon energy 0.579480 | electron momentum kIdx = 10
The 21-th iteration is completed.	|| time cost : 0h 0m 27.631s
********************************************************************************************************************
Start the 22 rounds of NGS-ED iteration
	effective electronic model is modified as: kinetic energy t = 0.673122
	                                           effective interaction Vq = [-3.99994,-3.85417,-3.87922,-3.85417,-3.85417,-3.87922,-3.64873,-3.87922,-3.87921,-3.64873,-3.75999,-3.64873,-3.85417,-3.87922,-3.64873,-3.87922]
	PARPACK diagonalization completed after 30 matrix-vector product operations.
	iteration results: : total energy is -82.045951 | electron energy -82.625652 + phonon energy 0.579701 | electron momentum kIdx = 10
The 22-th iteration is completed.	|| time cost : 0h 0m 27.343s
********************************************************************************************************************
Start the 23 rounds of NGS-ED iteration
	effective electronic model is modified as: kinetic energy t = 0.673102
	                                           effective interaction Vq = [-3.99994,-3.85412,-3.87928,-3.85412,-3.85412,-3.87928,-3.64862,-3.87928,-3.87928,-3.64862,-3.76067,-3.64862,-3.85412,-3.87928,-3.64862,-3.87928]
	PARPACK diagonalization completed after 30 matrix-vector product operations.
	iteration results: : total energy is -82.045953 | electron energy -82.625796 + phonon energy 0.579844 | electron momentum kIdx = 10
The 23-th iteration is completed.	|| time cost : 0h 0m 27.298s
********************************************************************************************************************
Start the 24 rounds of NGS-ED iteration
	effective electronic model is modified as: kinetic energy t = 0.67309
	                                           effective interaction Vq = [-3.99994,-3.85409,-3.87932,-3.85409,-3.85409,-3.87932,-3.64854,-3.87932,-3.87932,-3.64854,-3.76112,-3.64854,-3.85409,-3.87932,-3.64854,-3.87932]
	PARPACK diagonalization completed after 30 matrix-vector product operations.
	iteration results: : total energy is -82.045953 | electron energy -82.625889 + phonon energy 0.579936 | electron momentum kIdx = 10
The 24-th iteration is completed.	|| time cost : 0h 0m 27.307s
