TACC:  Starting up job 2104873 
TACC:  Starting parallel tasks... 
SNEDics v3.20.11 Non-Gaussian ED ground state program		Start at Fri Nov 27 13:57:26 2020

parallized on 16 MPI threads  * 7 OpenMP threads = 112 total threads.
********************************************************************************************************************
********************************************************************************************************************

********************************************************************************************************************
System parameters and configurations
********************************************************************************************************************
Special program options are enabled: splitted diagonal Hamiltonian | splitted Hamiltonian terms
********************************************************************************************************************
Read input file "model_params.in"
	Hubbard-Holstein model parameters : 	t = 1    U = 8    g = 0.01    W = 0.2    g' = 0.01    
********************************************************************************************************************
Read input file "hilbertspace_params.in"
	Requested 16-site 2D lattice, with 16 electrons (8, 8)
	Boundary : Periodic		Hilbert space representation : momentum-space (restricted to kIdx = 0)
	Conservation: particle number[U(1)]      spin[U(1)]     momentum
********************************************************************************************************************

Cluster Positions:				Cluster symmetry group : D4
 x ... x ... x ... x .....                       x ... x ... x ... x .....
 |           |           :                       |           |           :
 |           |           :                       |           |           :
12    13    14    15     x                       1     5     6     5     x
 |           |           :                       |           |           :
 |           |           :                       |           |           :
 8 --- 9 ---10 ---11 --- x                       2 --- 6 ---10 --- 6 --- x
 |           |           :                       |           |           :
 |           |           :                       |           |           :
 4     5     6     7     x                       1     5     6     5     x
 |           |           :                       |           |           :
 |           |           :                       |           |           :
 0 --- 1 --- 2 --- 3 --- x                       0 --- 1 --- 2 --- 1 --- x
orbital number : 1
********************************************************************************************************************
Read input file "obs_params.in"
	Observable Type : Nq(All),   Sq(All),   N(All),   Delta[s](All),   Delta[d](All),   Delta[s+](All)
********************************************************************************************************************
** WARNING ** the input observables have non-local factors which have been reinterpreted. The total observable number is 96
********************************************************************************************************************


********************************************************************************************************************
Start calculating the non-Gaussian ED ground state
Maximal iteration number is 1000; energy resolution is 1e-06. Phonon state relaxation time is 2000
Input file varState.dat exists. Start iterations from it.
open output files: NGSEDIterationObs.txt
********************************************************************************************************************
Start the 0 rounds of NGS-ED iteration
	effective electronic model is modified as: kinetic energy t = 0.999988
	                                           effective interaction Vq = [     -0.0125,-0.000481894,-3.32456e-05,-0.000481894,-0.000481905, -3.6292e-05,-2.84006e-05, -3.6292e-05,-3.32457e-05,-2.84006e-05, -0.00022535,-2.84006e-05,-0.000481905, -3.6292e-05,-2.84006e-05, -3.6292e-05]
	first Hamiltonian is constructed, non-zero numbers = 12310855584
	PARPACK diagonalization completed after 105 matrix-vector product operations.
	iteration results: : total energy is -8.668891 | electron energy -8.668891 + phonon energy 0.000000 | electron momentum kIdx = 0
	Nq(0) = 16,	Nq(1) = 0.0625059,	Nq(2) = 0.109915,	Nq(3) = 0.0625059,	Nq(4) = 0.0625059,	Nq(5) = 0.109915,	
	Nq(6) = 0.152442,	Nq(7) = 0.109915,	Nq(8) = 0.109915,	Nq(9) = 0.152442,	Nq(10) = 0.192507,	
	Nq(11) = 0.152442,	Nq(12) = 0.0625059,	Nq(13) = 0.109915,	Nq(14) = 0.152442,	Nq(15) = 0.109915;	
	Sq(0) = -2.20142e-19,	Sq(1) = 0.412874,	Sq(2) = 0.641314,	Sq(3) = 0.412874,	Sq(4) = 0.412874,	
	Sq(5) = 0.641314,	Sq(6) = 0.938815,	Sq(7) = 0.641314,	Sq(8) = 0.641314,	Sq(9) = 0.938815,	
	Sq(10) = 5.03357,	Sq(11) = 0.938815,	Sq(12) = 0.412874,	Sq(13) = 0.641314,	Sq(14) = 0.938815,	
	Sq(15) = 0.641314;	N(0) = 1.77534,	N(1) = 1.56958,	N(2) = 1,	N(3) = 1.56958,	
	N(4) = 1.56958,	N(5) = 1,	N(6) = 0.430419,	N(7) = 1,	N(8) = 1,	
	N(9) = 0.430419,	N(10) = 0.22466,	N(11) = 0.430419,	N(12) = 1.56958,	N(13) = 1,	
	N(14) = 0.430419,	N(15) = 1;	Delta[s](0) = 0.096252,	Delta[s](1) = 0.0762207,	Delta[s](2) = 0.0549574,	
	Delta[s](3) = 0.0762207,	Delta[s](4) = 0.0762207,	Delta[s](5) = 0.0549574,	Delta[s](6) = 0.0312532,	Delta[s](7) = 0.0549574,	
	Delta[s](8) = 0.0549574,	Delta[s](9) = 0.0312532,	Delta[s](10) = 8.52329e-07,	Delta[s](11) = 0.0312532,	Delta[s](12) = 0.0762207,	
	Delta[s](13) = 0.0549574,	Delta[s](14) = 0.0312532,	Delta[s](15) = 0.0549574;	Delta[d](0) = 0.594542,	Delta[d](1) = 0.451399,	
	Delta[d](2) = 0.33961,	Delta[d](3) = 0.451399,	Delta[d](4) = 0.451399,	Delta[d](5) = 0.346507,	Delta[d](6) = 0.238121,	
	Delta[d](7) = 0.346507,	Delta[d](8) = 0.33961,	Delta[d](9) = 0.238121,	Delta[d](10) = 0.116613,	Delta[d](11) = 0.238121,	
	Delta[d](12) = 0.451399,	Delta[d](13) = 0.346507,	Delta[d](14) = 0.238121,	Delta[d](15) = 0.346507;	Delta[s+](0) = 0.617389,	
	Delta[s+](1) = 0.487001,	Delta[s+](2) = 0.33961,	Delta[s+](3) = 0.487001,	Delta[s+](4) = 0.487001,	Delta[s+](5) = 0.33961,	
	Delta[s+](6) = 0.195049,	Delta[s+](7) = 0.33961,	Delta[s+](8) = 0.33961,	Delta[s+](9) = 0.195049,	Delta[s+](10) = 0.0684043,	
	Delta[s+](11) = 0.195049,	Delta[s+](12) = 0.487001,	Delta[s+](13) = 0.33961,	Delta[s+](14) = 0.195049,	Delta[s+](15) = 0.33961
	
The 0-th iteration is completed.	|| time cost : 0h 16m 0.244s
********************************************************************************************************************
Start the 1 rounds of NGS-ED iteration
	effective electronic model is modified as: kinetic energy t = 0.999996
	                                           effective interaction Vq = [     -0.0125,-0.000226187,-2.21975e-05,-0.000226187,-0.000226187,-2.21975e-05, -2.0576e-05,-2.21975e-05,-2.21975e-05, -2.0576e-05,-0.000175705, -2.0576e-05,-0.000226187,-2.21975e-05, -2.0576e-05,-2.21975e-05]
	PARPACK diagonalization completed after 30 matrix-vector product operations.
	iteration results: : total energy is -8.668934 | electron energy -8.668934 + phonon energy 0.000000 | electron momentum kIdx = 0
The 1-th iteration is completed.	|| time cost : 0h 1m 58.945s
********************************************************************************************************************
Start the 2 rounds of NGS-ED iteration
	effective electronic model is modified as: kinetic energy t = 0.999996
	                                           effective interaction Vq = [     -0.0125,-0.000226185,-2.21974e-05,-0.000226185,-0.000226185,-2.21974e-05, -2.0576e-05,-2.21974e-05,-2.21974e-05, -2.0576e-05,-0.000175705, -2.0576e-05,-0.000226185,-2.21974e-05, -2.0576e-05,-2.21974e-05]
	PARPACK diagonalization completed after 30 matrix-vector product operations.
	iteration results: : total energy is -8.668934 | electron energy -8.668934 + phonon energy 0.000000 | electron momentum kIdx = 0
	Nq(0) = 16,	Nq(1) = 0.0625051,	Nq(2) = 0.109914,	Nq(3) = 0.0625051,	Nq(4) = 0.0625051,	Nq(5) = 0.109914,	
	Nq(6) = 0.152441,	Nq(7) = 0.109914,	Nq(8) = 0.109914,	Nq(9) = 0.152441,	Nq(10) = 0.192505,	
	Nq(11) = 0.152441,	Nq(12) = 0.0625051,	Nq(13) = 0.109914,	Nq(14) = 0.152441,	Nq(15) = 0.109914;	
	Sq(0) = 7.72635e-19,	Sq(1) = 0.412874,	Sq(2) = 0.641314,	Sq(3) = 0.412874,	Sq(4) = 0.412874,	
	Sq(5) = 0.641314,	Sq(6) = 0.938817,	Sq(7) = 0.641314,	Sq(8) = 0.641314,	Sq(9) = 0.938817,	
	Sq(10) = 5.03358,	Sq(11) = 0.938817,	Sq(12) = 0.412874,	Sq(13) = 0.641314,	Sq(14) = 0.938817,	
	Sq(15) = 0.641314;	N(0) = 1.77534,	N(1) = 1.56958,	N(2) = 1,	N(3) = 1.56958,	
	N(4) = 1.56958,	N(5) = 1,	N(6) = 0.430422,	N(7) = 1,	N(8) = 1,	
	N(9) = 0.430422,	N(10) = 0.224661,	N(11) = 0.430422,	N(12) = 1.56958,	N(13) = 1,	
	N(14) = 0.430422,	N(15) = 1;	Delta[s](0) = 0.0962514,	Delta[s](1) = 0.0762201,	Delta[s](2) = 0.0549569,	
	Delta[s](3) = 0.0762201,	Delta[s](4) = 0.0762201,	Delta[s](5) = 0.0549569,	Delta[s](6) = 0.0312528,	Delta[s](7) = 0.0549569,	
	Delta[s](8) = 0.0549569,	Delta[s](9) = 0.0312528,	Delta[s](10) = 8.52305e-07,	Delta[s](11) = 0.0312528,	Delta[s](12) = 0.0762201,	
	Delta[s](13) = 0.0549569,	Delta[s](14) = 0.0312528,	Delta[s](15) = 0.0549569;	Delta[d](0) = 0.594542,	Delta[d](1) = 0.4514,	
	Delta[d](2) = 0.33961,	Delta[d](3) = 0.4514,	Delta[d](4) = 0.4514,	Delta[d](5) = 0.346507,	Delta[d](6) = 0.238121,	
	Delta[d](7) = 0.346507,	Delta[d](8) = 0.33961,	Delta[d](9) = 0.238121,	Delta[d](10) = 0.116613,	Delta[d](11) = 0.238121,	
	Delta[d](12) = 0.4514,	Delta[d](13) = 0.346507,	Delta[d](14) = 0.238121,	Delta[d](15) = 0.346507;	Delta[s+](0) = 0.617388,	
	Delta[s+](1) = 0.487001,	Delta[s+](2) = 0.33961,	Delta[s+](3) = 0.487001,	Delta[s+](4) = 0.487001,	Delta[s+](5) = 0.33961,	
	Delta[s+](6) = 0.19505,	Delta[s+](7) = 0.33961,	Delta[s+](8) = 0.33961,	Delta[s+](9) = 0.19505,	Delta[s+](10) = 0.0684048,	
	Delta[s+](11) = 0.19505,	Delta[s+](12) = 0.487001,	Delta[s+](13) = 0.33961,	Delta[s+](14) = 0.19505,	Delta[s+](15) = 0.33961
	
The 2-th iteration is completed.	|| time cost : 0h 7m 10.162s
********************************************************************************************************************
********************************************************************************************************************
Ground state is obtained after 3 iterations. The current ground-state energy is -8.66893, in which electron energy is -8.66893 and phonon energy is 2.46732e-09
Final variational state is: 
	Gamma_x = [      1,1.00007,1.00001,1.00007,1.00007,1.00001,1.00002,1.00001,1.00001,1.00002,1.00017,1.00002,1.00007,1.00001,1.00002,1.00001]
	lambda_q = [       0.25, 0.00381835, 0.00112247, 0.00381835, 0.00381835, 0.00112247,-0.00103961, 0.00112247, 0.00112247,-0.00103961,-0.00295757,-0.00103961, 0.00381835, 0.00112247,-0.00103961, 0.00112247]
Effective e-e interactions mediated by phonons are:
	momentum-space Vq = [     -0.0125,-0.000226185,-2.21974e-05,-0.000226185,-0.000226185,-2.21974e-05, -2.0576e-05,-2.21974e-05,-2.21974e-05, -2.0576e-05,-0.000175705, -2.0576e-05,-0.000226185,-2.21974e-05, -2.0576e-05,-2.21974e-05]
	real-space Vr = [-0.0137959,-0.0127355,-0.0126313,-0.0127355,-0.0127355,-0.0126313,-0.0119131,-0.0126313,-0.0126313,-0.0119131,-0.0118218,-0.0119131,-0.0127355,-0.0126313,-0.0119131,-0.0126313]
********************************************************************************************************************
o___o  ----------------------------------------
| L |	Time since last clock: 0h 0m 0.001s
A===A	Time since the beginning: 0h 25m 9.353s
***********************************************


Non-Gaussina ED ground state calculation is completed. The final ground-state energy is -8.66893
********************************************************************************************************************
o___o  ----------------------------------------
| L |	Time since last clock: 0h 0m 0s
A===A	Time since the beginning: 0h 25m 9.354s
***********************************************



********************************************************************************************************************
All non-Gaussian ED ground state calculations have been completed. Exit now.
TACC:  Shutdown complete. Exiting. 
