SNEDics v3.22.2 Non-Gaussian ED ground state program		Start at Fri Apr  8 10:59:34 2022

Parallelization: 32 MPI threads  * 8 OpenMP threads = 256 total threads.
********************************************************************************************************************
********************************************************************************************************************

********************************************************************************************************************
System parameters and configurations
	special program options are enabled: splitted diagonal Hamiltonian | splitted Hamiltonian terms
********************************************************************************************************************
Read input file "model_params.in"
	Hubbard-Holstein model parameters : 	t = 1    U = 8    g = 0.05    W = 0.2    g' = 0.05    
********************************************************************************************************************
Read input file "hilbertspace_params.in"
	Requested 16-site 2D lattice, with 8 electrons (4, 4)
	Boundary : Periodic		Hilbert space representation : momentum-space (restricted to kIdx = 10)
	Conservation: particle number[U(1)]      spin[U(1)]     momentum
********************************************************************************************************************

Cluster Positions:				Cluster symmetry group : D4
 x ... x ... x ... x .....                       x ... x ... x ... x .....
 |           |           :                       |           |           :
 |           |           :                       |           |           :
12    13    14    15     x                       1     5     6     5     x
 |           |           :                       |           |           :
 |           |           :                       |           |           :
 8 --- 9 ---10 ---11 --- x                       2 --- 6 ---10 --- 6 --- x
 |           |           :                       |           |           :
 |           |           :                       |           |           :
 4     5     6     7     x                       1     5     6     5     x
 |           |           :                       |           |           :
 |           |           :                       |           |           :
 0 --- 1 --- 2 --- 3 --- x                       0 --- 1 --- 2 --- 1 --- x
orbital number : 1
********************************************************************************************************************
Read input file "obs_params.in"
	Observable Type : Nq(All),   Sq(All),   N(All-Orbital),   Delta[s](All),   Delta[d](All),   Delta[s+](All)
** WARNING ** the input observables have non-local factors which have been reinterpreted. The total observable number is 96
********************************************************************************************************************


********************************************************************************************************************
Start calculating the non-Gaussian ED ground state
Maximal iteration number is 1000; energy resolution is 1e-06. Phonon state relaxation time is 2000
W = 0.2 is relatively large. The non-Gaussian ED calculation starts directly.
open output files: NGSED_iteration_observables.txt
********************************************************************************************************************
Start the 0 rounds of NGS-ED iteration
	effective electronic model is modified as: kinetic energy t = 1
	                                           effective interaction Vq = [0,0,0,0,0,0,0,0,0,0,0,0,0,0,0,0]
	first Hamiltonian is constructed, size = 207168 and non-zero numbers = 32194784
	PARPACK diagonalization completed after 225 matrix-vector product operations.
	iteration results: : total energy is -14.228491 | electron energy -14.228491 + phonon energy 0.000000 | electron momentum kIdx = 10
	Nq(0) = 4,	Nq(1) = 0.1929,	Nq(2) = 0.241361,	Nq(3) = 0.1929,	Nq(4) = 0.1929,	Nq(5) = 0.2635,	
	Nq(6) = 0.343209,	Nq(7) = 0.2635,	Nq(8) = 0.241361,	Nq(9) = 0.343209,	Nq(10) = 0.497356,	
	Nq(11) = 0.343209,	Nq(12) = 0.1929,	Nq(13) = 0.2635,	Nq(14) = 0.343209,	Nq(15) = 0.2635;	
	Sq(0) = 1.05048e-18,	Sq(1) = 0.540129,	Sq(2) = 0.425883,	Sq(3) = 0.540129,	Sq(4) = 0.540129,	
	Sq(5) = 0.44091,	Sq(6) = 0.633208,	Sq(7) = 0.44091,	Sq(8) = 0.425883,	Sq(9) = 0.633208,	
	Sq(10) = 0.512733,	Sq(11) = 0.633208,	Sq(12) = 0.540129,	Sq(13) = 0.44091,	Sq(14) = 0.633208,	
	Sq(15) = 0.44091;	N(0) = 1.39632,	N(1) = 1.19393,	N(2) = 0.182033,	N(3) = 1.19393,	
	N(4) = 1.19393,	N(5) = 0.343994,	N(6) = 0.0196952,	N(7) = 0.343994,	N(8) = 0.182033,	
	N(9) = 0.0196952,	N(10) = 0.00914957,	N(11) = 0.0196952,	N(12) = 1.19393,	N(13) = 0.343994,	
	N(14) = 0.0196952,	N(15) = 0.343994;	Delta[s](0) = 0.0206765,	Delta[s](1) = 0.0100629,	Delta[s](2) = 0.00235246,	
	Delta[s](3) = 0.0100629,	Delta[s](4) = 0.0100629,	Delta[s](5) = 0.0058354,	Delta[s](6) = 6.76753e-05,	Delta[s](7) = 0.0058354,	
	Delta[s](8) = 0.00235246,	Delta[s](9) = 6.76753e-05,	Delta[s](10) = 1.04123e-05,	Delta[s](11) = 6.76753e-05,	Delta[s](12) = 0.0100629,	
	Delta[s](13) = 0.0058354,	Delta[s](14) = 6.76753e-05,	Delta[s](15) = 0.0058354;	Delta[d](0) = 0.0487881,	Delta[d](1) = 0.0384433,	
	Delta[d](2) = 0.027413,	Delta[d](3) = 0.0384433,	Delta[d](4) = 0.0384433,	Delta[d](5) = 0.0667888,	Delta[d](6) = 0.0423184,	
	Delta[d](7) = 0.0667888,	Delta[d](8) = 0.027413,	Delta[d](9) = 0.0423184,	Delta[d](10) = 0.00249229,	Delta[d](11) = 0.0423184,	
	Delta[d](12) = 0.0384433,	Delta[d](13) = 0.0667888,	Delta[d](14) = 0.0423184,	Delta[d](15) = 0.0667888;	Delta[s+](0) = 0.205774,	
	Delta[s+](1) = 0.130413,	Delta[s+](2) = 0.027413,	Delta[s+](3) = 0.130413,	Delta[s+](4) = 0.130413,	Delta[s+](5) = 0.0693589,	
	Delta[s+](6) = 0.0115235,	Delta[s+](7) = 0.0693589,	Delta[s+](8) = 0.027413,	Delta[s+](9) = 0.0115235,	Delta[s+](10) = 0.000566592,	
	Delta[s+](11) = 0.0115235,	Delta[s+](12) = 0.130413,	Delta[s+](13) = 0.0693589,	Delta[s+](14) = 0.0115235,	Delta[s+](15) = 0.0693589
	
The 0-th iteration is completed.	|| time cost : 0h 0m 5.114s
********************************************************************************************************************
Start the 1 rounds of NGS-ED iteration
	effective electronic model is modified as: kinetic energy t = 0.999285
	                                           effective interaction Vq = [    -0.3125, -0.0167549,-0.00120087, -0.0167549, -0.0167549,-0.00130257,-0.00114329,-0.00130257,-0.00120087,-0.00114329, -0.0113823,-0.00114329, -0.0167549,-0.00130257,-0.00114329,-0.00130257]
	PARPACK diagonalization completed after 45 matrix-vector product operations.
	iteration results: : total energy is -15.489853 | electron energy -15.489940 + phonon energy 0.000088 | electron momentum kIdx = 10
The 1-th iteration is completed.	|| time cost : 0h 0m 3.398s
********************************************************************************************************************
Start the 2 rounds of NGS-ED iteration
	effective electronic model is modified as: kinetic energy t = 0.999283
	                                           effective interaction Vq = [    -0.3125, -0.0167834,-0.00120015, -0.0167834, -0.0167834, -0.0013014,-0.00114245, -0.0013014,-0.00120015,-0.00114245,  -0.011404,-0.00114245, -0.0167834, -0.0013014,-0.00114245, -0.0013014]
	PARPACK diagonalization completed after 30 matrix-vector product operations.
	iteration results: : total energy is -15.489853 | electron energy -15.489941 + phonon energy 0.000088 | electron momentum kIdx = 10
The 2-th iteration is completed.	|| time cost : 0h 0m 0.703s
********************************************************************************************************************
Start the 3 rounds of NGS-ED iteration
	effective electronic model is modified as: kinetic energy t = 0.999283
	                                           effective interaction Vq = [    -0.3125, -0.0167834,-0.00120015, -0.0167834, -0.0167834, -0.0013014,-0.00114245, -0.0013014,-0.00120015,-0.00114245,  -0.011404,-0.00114245, -0.0167834, -0.0013014,-0.00114245, -0.0013014]
	PARPACK diagonalization completed after 30 matrix-vector product operations.
	iteration results: : total energy is -15.489853 | electron energy -15.489941 + phonon energy 0.000088 | electron momentum kIdx = 10
	Nq(0) = 4,	Nq(1) = 0.193268,	Nq(2) = 0.241215,	Nq(3) = 0.193268,	Nq(4) = 0.193268,	Nq(5) = 0.263253,	
	Nq(6) = 0.34295,	Nq(7) = 0.263253,	Nq(8) = 0.241215,	Nq(9) = 0.34295,	Nq(10) = 0.49835,	
	Nq(11) = 0.34295,	Nq(12) = 0.193268,	Nq(13) = 0.263253,	Nq(14) = 0.34295,	Nq(15) = 0.263253;	
	Sq(0) = -4.59491e-18,	Sq(1) = 0.540295,	Sq(2) = 0.42581,	Sq(3) = 0.540295,	Sq(4) = 0.540295,	
	Sq(5) = 0.440916,	Sq(6) = 0.633002,	Sq(7) = 0.440916,	Sq(8) = 0.42581,	Sq(9) = 0.633002,	
	Sq(10) = 0.512862,	Sq(11) = 0.633002,	Sq(12) = 0.540295,	Sq(13) = 0.440916,	Sq(14) = 0.633002,	
	Sq(15) = 0.440916;	N(0) = 1.39645,	N(1) = 1.19394,	N(2) = 0.181853,	N(3) = 1.19394,	
	N(4) = 1.19394,	N(5) = 0.344031,	N(6) = 0.0196941,	N(7) = 0.344031,	N(8) = 0.181853,	
	N(9) = 0.0196941,	N(10) = 0.00916684,	N(11) = 0.0196941,	N(12) = 1.19394,	N(13) = 0.344031,	
	N(14) = 0.0196941,	N(15) = 0.344031;	Delta[s](0) = 0.0207,	Delta[s](1) = 0.0100685,	Delta[s](2) = 0.00235353,	
	Delta[s](3) = 0.0100685,	Delta[s](4) = 0.0100685,	Delta[s](5) = 0.0058428,	Delta[s](6) = 6.75759e-05,	Delta[s](7) = 0.0058428,	
	Delta[s](8) = 0.00235353,	Delta[s](9) = 6.75759e-05,	Delta[s](10) = 1.04521e-05,	Delta[s](11) = 6.75759e-05,	Delta[s](12) = 0.0100685,	
	Delta[s](13) = 0.0058428,	Delta[s](14) = 6.75759e-05,	Delta[s](15) = 0.0058428;	Delta[d](0) = 0.0487679,	Delta[d](1) = 0.0384403,	
	Delta[d](2) = 0.0273846,	Delta[d](3) = 0.0384403,	Delta[d](4) = 0.0384403,	Delta[d](5) = 0.0667736,	Delta[d](6) = 0.0423026,	
	Delta[d](7) = 0.0667736,	Delta[d](8) = 0.0273846,	Delta[d](9) = 0.0423026,	Delta[d](10) = 0.00249742,	Delta[d](11) = 0.0423026,	
	Delta[d](12) = 0.0384403,	Delta[d](13) = 0.0667736,	Delta[d](14) = 0.0423026,	Delta[d](15) = 0.0667736;	Delta[s+](0) = 0.205858,	
	Delta[s+](1) = 0.130421,	Delta[s+](2) = 0.0273846,	Delta[s+](3) = 0.130421,	Delta[s+](4) = 0.130421,	Delta[s+](5) = 0.0693549,	
	Delta[s+](6) = 0.0115205,	Delta[s+](7) = 0.0693549,	Delta[s+](8) = 0.0273846,	Delta[s+](9) = 0.0115205,	Delta[s+](10) = 0.000565565,	
	Delta[s+](11) = 0.0115205,	Delta[s+](12) = 0.130421,	Delta[s+](13) = 0.0693549,	Delta[s+](14) = 0.0115205,	Delta[s+](15) = 0.0693549
	
The 3-th iteration is completed.	|| time cost : 0h 0m 2.893s
********************************************************************************************************************
********************************************************************************************************************
Ground state is obtained after 4 iterations. The current ground-state energy is -15.4899, in which electron energy is -15.4899 and phonon energy is 8.81665e-05
Final variational state is: 
	Gamma_x = [      1,1.01568,1.00141,1.01568,1.01568,1.00167,1.00191,1.00167,1.00141,1.00191,1.02804,1.00191,1.01568,1.00167,1.00191,1.00167]
	lambda_q = [      1.25, 0.0582032, 0.0123043, 0.0582032, 0.0582032, 0.0133716,-0.0116981, 0.0133716, 0.0123043,-0.0116981,-0.0390289,-0.0116981, 0.0582032, 0.0133716,-0.0116981, 0.0133716]
Effective e-e interactions mediated by phonons are:
	momentum-space Vq = [    -0.3125, -0.0167834,-0.00120015, -0.0167834, -0.0167834, -0.0013014,-0.00114245, -0.0013014,-0.00120015,-0.00114245,  -0.011404,-0.00114245, -0.0167834, -0.0013014,-0.00114245, -0.0013014]
	real-space Vr = [-0.0252008,-0.0207736,-0.0200687,-0.0207736,-0.0207736, -0.020094,-0.0168634, -0.020094,-0.0200687,-0.0168634,-0.0162379,-0.0168634,-0.0207736, -0.020094,-0.0168634, -0.020094]
********************************************************************************************************************
o___o  ----------------------------------------
| L |	Time since last clock: 0h 0m 0.011s
A===A	Time since the beginning: 0h 0m 12.121s
***********************************************


Non-Gaussina ED ground state calculation is completed. The final ground-state energy is -15.4899
********************************************************************************************************************
o___o  ----------------------------------------
| L |	Time since last clock: 0h 0m 0.002s
A===A	Time since the beginning: 0h 0m 12.124s
***********************************************



********************************************************************************************************************
All non-Gaussian ED ground state calculations have been completed. Exit now.
