SNEDics v3.22.2 Non-Gaussian ED ground state program		Start at Thu Feb  3 04:58:32 2022

Parallelization: 32 MPI threads  * 8 OpenMP threads = 256 total threads.
********************************************************************************************************************
********************************************************************************************************************

********************************************************************************************************************
System parameters and configurations
	special program options are enabled: splitted diagonal Hamiltonian | splitted Hamiltonian terms
********************************************************************************************************************
Read input file "model_params.in"
	Hubbard-Holstein model parameters : 	t = 1    t' = -0.1    U = 8    g = 1    W = 1    
********************************************************************************************************************
Read input file "hilbertspace_params.in"
	Requested 16-site 2D lattice, with 6 electrons (3, 3)
	Boundary : Periodic		Hilbert space representation : momentum-space (restricted to kIdx = 0)
	Conservation: particle number[U(1)]      spin[U(1)]     momentum
********************************************************************************************************************

Cluster Positions:				Cluster symmetry group : D4
 x ... x ... x ... x .....                       x ... x ... x ... x .....
 |           |           :                       |           |           :
 |           |           :                       |           |           :
12    13    14    15     x                       1     5     6     5     x
 |           |           :                       |           |           :
 |           |           :                       |           |           :
 8 --- 9 ---10 ---11 --- x                       2 --- 6 ---10 --- 6 --- x
 |           |           :                       |           |           :
 |           |           :                       |           |           :
 4     5     6     7     x                       1     5     6     5     x
 |           |           :                       |           |           :
 |           |           :                       |           |           :
 0 --- 1 --- 2 --- 3 --- x                       0 --- 1 --- 2 --- 1 --- x
orbital number : 1
********************************************************************************************************************
Read input file "obs_params.in"
	Observable Type : Nq(All),   Sq(All),   N(All-Orbital),   Delta[s](All),   Delta[d](All),   Delta[s+](All)
** WARNING ** the input observables have non-local factors which have been reinterpreted. The total observable number is 96
********************************************************************************************************************


********************************************************************************************************************
Start calculating the non-Gaussian ED ground state
Maximal iteration number is 1000; energy resolution is 1e-06. Phonon state relaxation time is 2000
W = 1 is relatively large. The non-Gaussian ED calculation starts directly.
open output files: NGSED_iteration_observables.txt
********************************************************************************************************************
Start the 0 rounds of NGS-ED iteration
	effective electronic model is modified as: kinetic energy t = 1, t' = -0.1
	                                           effective interaction Vq = [0,0,0,0,0,0,0,0,0,0,0,0,0,0,0,0]
	first Hamiltonian is constructed, size = 19600 and non-zero numbers = 2024436
	PARPACK diagonalization completed after 75 matrix-vector product operations.
	iteration results: : total energy is -13.996543 | electron energy -13.996543 + phonon energy 0.000000 | electron momentum kIdx = 0
	Nq(0) = 2.25,	Nq(1) = 0.201653,	Nq(2) = 0.225968,	Nq(3) = 0.201653,	Nq(4) = 0.201653,	Nq(5) = 0.229365,	
	Nq(6) = 0.335313,	Nq(7) = 0.229365,	Nq(8) = 0.225968,	Nq(9) = 0.335313,	Nq(10) = 0.361344,	
	Nq(11) = 0.335313,	Nq(12) = 0.201653,	Nq(13) = 0.229365,	Nq(14) = 0.335313,	Nq(15) = 0.229365;	
	Sq(0) = 7.83139e-18,	Sq(1) = 0.231789,	Sq(2) = 0.503388,	Sq(3) = 0.231789,	Sq(4) = 0.231789,	
	Sq(5) = 0.488436,	Sq(6) = 0.399368,	Sq(7) = 0.488436,	Sq(8) = 0.503388,	Sq(9) = 0.399368,	
	Sq(10) = 0.386248,	Sq(11) = 0.399368,	Sq(12) = 0.231789,	Sq(13) = 0.488436,	Sq(14) = 0.399368,	
	Sq(15) = 0.488436;	N(0) = 1.85002,	N(1) = 0.990831,	N(2) = 0.0280886,	N(3) = 0.990831,	
	N(4) = 0.990831,	N(5) = 0.02154,	N(6) = 0.0100772,	N(7) = 0.02154,	N(8) = 0.0280886,	
	N(9) = 0.0100772,	N(10) = 0.00400559,	N(11) = 0.0100772,	N(12) = 0.990831,	N(13) = 0.02154,	
	N(14) = 0.0100772,	N(15) = 0.02154;	Delta[s](0) = 0.0142359,	Delta[s](1) = 0.0100962,	Delta[s](2) = 0.0010657,	
	Delta[s](3) = 0.0100962,	Delta[s](4) = 0.0100962,	Delta[s](5) = 0.00107728,	Delta[s](6) = 0.000659029,	Delta[s](7) = 0.00107728,	
	Delta[s](8) = 0.0010657,	Delta[s](9) = 0.000659029,	Delta[s](10) = 0.000605277,	Delta[s](11) = 0.000659029,	Delta[s](12) = 0.0100962,	
	Delta[s](13) = 0.00107728,	Delta[s](14) = 0.000659029,	Delta[s](15) = 0.00107728;	Delta[d](0) = 0.00623076,	Delta[d](1) = 0.0317392,	
	Delta[d](2) = 0.00871793,	Delta[d](3) = 0.0317392,	Delta[d](4) = 0.0317392,	Delta[d](5) = 0.0737632,	Delta[d](6) = 0.0111812,	
	Delta[d](7) = 0.0737632,	Delta[d](8) = 0.00871793,	Delta[d](9) = 0.0111812,	Delta[d](10) = 0.0057446,	Delta[d](11) = 0.0111812,	
	Delta[d](12) = 0.0317392,	Delta[d](13) = 0.0737632,	Delta[d](14) = 0.0111812,	Delta[d](15) = 0.0737632;	Delta[s+](0) = 0.234114,	
	Delta[s+](1) = 0.139121,	Delta[s+](2) = 0.00871793,	Delta[s+](3) = 0.139121,	Delta[s+](4) = 0.139121,	Delta[s+](5) = 0.00866961,	
	Delta[s+](6) = 0.00245666,	Delta[s+](7) = 0.00866961,	Delta[s+](8) = 0.00871793,	Delta[s+](9) = 0.00245666,	Delta[s+](10) = 0.00101986,	
	Delta[s+](11) = 0.00245666,	Delta[s+](12) = 0.139121,	Delta[s+](13) = 0.00866961,	Delta[s+](14) = 0.00245666,	Delta[s+](15) = 0.00866961
	
The 0-th iteration is completed.	|| time cost : 0h 0m 1.212s
********************************************************************************************************************
Start the 1 rounds of NGS-ED iteration
	effective electronic model is modified as: kinetic energy t = 0.949349, t' = -0.0939088
	                                           effective interaction Vq = [       -1,-0.578098,-0.407177,-0.578098,-0.578098,-0.397499,-0.395978,-0.397499,-0.407177,-0.395978,-0.330997,-0.395978,-0.578098,-0.397499,-0.395978,-0.397499]
	PARPACK diagonalization completed after 30 matrix-vector product operations.
	iteration results: : total energy is -17.154256 | electron energy -17.188534 + phonon energy 0.034278 | electron momentum kIdx = 0
The 1-th iteration is completed.	|| time cost : 0h 0m 0.907s
********************************************************************************************************************
Start the 2 rounds of NGS-ED iteration
	effective electronic model is modified as: kinetic energy t = 0.949247, t' = -0.0938244
	                                           effective interaction Vq = [       -1,-0.588559,-0.406811,-0.588559,-0.588559,-0.396375,-0.392661,-0.396375,-0.406811,-0.392661,-0.325933,-0.392661,-0.588559,-0.396375,-0.392661,-0.396375]
	PARPACK diagonalization completed after 30 matrix-vector product operations.
	iteration results: : total energy is -17.154446 | electron energy -17.188929 + phonon energy 0.034483 | electron momentum kIdx = 0
The 2-th iteration is completed.	|| time cost : 0h 0m 0.659s
********************************************************************************************************************
Start the 3 rounds of NGS-ED iteration
	effective electronic model is modified as: kinetic energy t = 0.94924, t' = -0.0938185
	                                           effective interaction Vq = [       -1,-0.589259,-0.406828,-0.589259,-0.589259,-0.396354,-0.392348,-0.396354,-0.406828,-0.392348,-0.325701,-0.392348,-0.589259,-0.396354,-0.392348,-0.396354]
	PARPACK diagonalization completed after 30 matrix-vector product operations.
	iteration results: : total energy is -17.154447 | electron energy -17.188930 + phonon energy 0.034483 | electron momentum kIdx = 0
The 3-th iteration is completed.	|| time cost : 0h 0m 0.736s
********************************************************************************************************************
Start the 4 rounds of NGS-ED iteration
	effective electronic model is modified as: kinetic energy t = 0.949239, t' = -0.0938181
	                                           effective interaction Vq = [       -1,-0.589308,-0.406831,-0.589308,-0.589308,-0.396355,-0.392323,-0.396355,-0.406831,-0.392323, -0.32569,-0.392323,-0.589308,-0.396355,-0.392323,-0.396355]
	PARPACK diagonalization completed after 30 matrix-vector product operations.
	iteration results: : total energy is -17.154447 | electron energy -17.188930 + phonon energy 0.034483 | electron momentum kIdx = 0
The 4-th iteration is completed.	|| time cost : 0h 0m 0.635s
********************************************************************************************************************
Start the 5 rounds of NGS-ED iteration
	effective electronic model is modified as: kinetic energy t = 0.949239, t' = -0.0938181
	                                           effective interaction Vq = [       -1,-0.589311,-0.406832,-0.589311,-0.589311,-0.396355,-0.392321,-0.396355,-0.406832,-0.392321,-0.325689,-0.392321,-0.589311,-0.396355,-0.392321,-0.396355]
	PARPACK diagonalization completed after 30 matrix-vector product operations.
	iteration results: : total energy is -17.154447 | electron energy -17.188930 + phonon energy 0.034483 | electron momentum kIdx = 0
The 5-th iteration is completed.	|| time cost : 0h 0m 0.643s
********************************************************************************************************************
Start the 6 rounds of NGS-ED iteration
	effective electronic model is modified as: kinetic energy t = 0.949239, t' = -0.0938181
	                                           effective interaction Vq = [       -1,-0.589312,-0.406832,-0.589312,-0.589312,-0.396355, -0.39232,-0.396355,-0.406832, -0.39232,-0.325689, -0.39232,-0.589312,-0.396355, -0.39232,-0.396355]
	PARPACK diagonalization completed after 30 matrix-vector product operations.
	iteration results: : total energy is -17.154447 | electron energy -17.188930 + phonon energy 0.034483 | electron momentum kIdx = 0
	Nq(0) = 2.25,	Nq(1) = 0.209097,	Nq(2) = 0.226283,	Nq(3) = 0.209097,	Nq(4) = 0.209097,	Nq(5) = 0.229156,	
	Nq(6) = 0.332448,	Nq(7) = 0.229156,	Nq(8) = 0.226283,	Nq(9) = 0.332448,	Nq(10) = 0.355824,	
	Nq(11) = 0.332448,	Nq(12) = 0.209097,	Nq(13) = 0.229156,	Nq(14) = 0.332448,	Nq(15) = 0.229156;	
	Sq(0) = -4.55126e-20,	Sq(1) = 0.231804,	Sq(2) = 0.497364,	Sq(3) = 0.231804,	Sq(4) = 0.231804,	
	Sq(5) = 0.48407,	Sq(6) = 0.403111,	Sq(7) = 0.48407,	Sq(8) = 0.497364,	Sq(9) = 0.403111,	
	Sq(10) = 0.38814,	Sq(11) = 0.403111,	Sq(12) = 0.231804,	Sq(13) = 0.48407,	Sq(14) = 0.403111,	
	Sq(15) = 0.48407;	N(0) = 1.86427,	N(1) = 0.990423,	N(2) = 0.0253598,	N(3) = 0.990423,	
	N(4) = 0.990423,	N(5) = 0.0198012,	N(6) = 0.00997008,	N(7) = 0.0198012,	N(8) = 0.0253598,	
	N(9) = 0.00997008,	N(10) = 0.00423419,	N(11) = 0.00997008,	N(12) = 0.990423,	N(13) = 0.0198012,	
	N(14) = 0.00997008,	N(15) = 0.0198012;	Delta[s](0) = 0.0153862,	Delta[s](1) = 0.011183,	Delta[s](2) = 0.00115672,	
	Delta[s](3) = 0.011183,	Delta[s](4) = 0.011183,	Delta[s](5) = 0.00116332,	Delta[s](6) = 0.000714551,	Delta[s](7) = 0.00116332,	
	Delta[s](8) = 0.00115672,	Delta[s](9) = 0.000714551,	Delta[s](10) = 0.000652652,	Delta[s](11) = 0.000714551,	Delta[s](12) = 0.011183,	
	Delta[s](13) = 0.00116332,	Delta[s](14) = 0.000714551,	Delta[s](15) = 0.00116332;	Delta[d](0) = 0.00582748,	Delta[d](1) = 0.0321048,	
	Delta[d](2) = 0.00852818,	Delta[d](3) = 0.0321048,	Delta[d](4) = 0.0321048,	Delta[d](5) = 0.0756826,	Delta[d](6) = 0.0109545,	
	Delta[d](7) = 0.0756826,	Delta[d](8) = 0.00852818,	Delta[d](9) = 0.0109545,	Delta[d](10) = 0.0059695,	Delta[d](11) = 0.0109545,	
	Delta[d](12) = 0.0321048,	Delta[d](13) = 0.0756826,	Delta[d](14) = 0.0109545,	Delta[d](15) = 0.0756826;	Delta[s+](0) = 0.237106,	
	Delta[s+](1) = 0.141862,	Delta[s+](2) = 0.00852818,	Delta[s+](3) = 0.141862,	Delta[s+](4) = 0.141862,	Delta[s+](5) = 0.00847429,	
	Delta[s+](6) = 0.0024988,	Delta[s+](7) = 0.00847429,	Delta[s+](8) = 0.00852818,	Delta[s+](9) = 0.0024988,	Delta[s+](10) = 0.00100924,	
	Delta[s+](11) = 0.0024988,	Delta[s+](12) = 0.141862,	Delta[s+](13) = 0.00847429,	Delta[s+](14) = 0.0024988,	Delta[s+](15) = 0.00847429
	
The 6-th iteration is completed.	|| time cost : 0h 0m 0.831s
********************************************************************************************************************
********************************************************************************************************************
Ground state is obtained after 7 iterations. The current ground-state energy is -17.1544, in which electron energy is -17.1889 and phonon energy is 0.0344829
Final variational state is: 
	Gamma_x = [      1,1.10087,1.08331,1.10087,1.10087,1.08258,1.12078,1.08258,1.08331,1.12078,1.10995,1.12078,1.10087,1.08258,1.12078,1.08258]
	lambda_q = [       1, 0.35915,0.229826, 0.35915, 0.35915,0.223054,0.220462,0.223054,0.229826,0.220462,0.178836,0.220462, 0.35915,0.223054,0.220462,0.223054]
Effective e-e interactions mediated by phonons are:
	momentum-space Vq = [       -1,-0.589312,-0.406832,-0.589312,-0.589312,-0.396355, -0.39232,-0.396355,-0.406832, -0.39232,-0.325689, -0.39232,-0.589312,-0.396355, -0.39232,-0.396355]
	real-space Vr = [ -0.478206,-0.0667683,-0.0346208,-0.0667683,-0.0667683,-0.0320016,-0.0175205,-0.0320016,-0.0346208,-0.0175205, 0.0126098,-0.0175205,-0.0667683,-0.0320016,-0.0175205,-0.0320016]
********************************************************************************************************************
o___o  ----------------------------------------
| L |	Time since last clock: 0h 0m 0.004s
A===A	Time since the beginning: 0h 0m 5.63s
***********************************************


Non-Gaussina ED ground state calculation is completed. The final ground-state energy is -17.1544
********************************************************************************************************************
o___o  ----------------------------------------
| L |	Time since last clock: 0h 0m 0.009s
A===A	Time since the beginning: 0h 0m 5.639s
***********************************************



********************************************************************************************************************
All non-Gaussian ED ground state calculations have been completed. Exit now.
