SNEDics v3.21.4 Non-Gaussian ED ground state program		Start at Mon Jul 26 21:46:31 2021

parallized on 32 MPI threads  * 8 OpenMP threads = 256 total threads.
********************************************************************************************************************
********************************************************************************************************************

********************************************************************************************************************
System parameters and configurations
	special program options are enabled: splitted diagonal Hamiltonian | splitted Hamiltonian terms
********************************************************************************************************************
Read input file "model_params.in"
	Hubbard-Holstein model parameters : 	t = 1    U = 8    g = 0.09    W = 0.2    g' = 0.04    
********************************************************************************************************************
Read input file "hilbertspace_params.in"
	Requested 16-site 2D lattice, with 12 electrons (6, 6)
	Boundary : Periodic		Hilbert space representation : momentum-space (restricted to kIdx = 0)
	Conservation: particle number[U(1)]      spin[U(1)]     momentum
********************************************************************************************************************

Cluster Positions:				Cluster symmetry group : D4
 x ... x ... x ... x .....                       x ... x ... x ... x .....
 |           |           :                       |           |           :
 |           |           :                       |           |           :
12    13    14    15     x                       1     5     6     5     x
 |           |           :                       |           |           :
 |           |           :                       |           |           :
 8 --- 9 ---10 ---11 --- x                       2 --- 6 ---10 --- 6 --- x
 |           |           :                       |           |           :
 |           |           :                       |           |           :
 4     5     6     7     x                       1     5     6     5     x
 |           |           :                       |           |           :
 |           |           :                       |           |           :
 0 --- 1 --- 2 --- 3 --- x                       0 --- 1 --- 2 --- 1 --- x
orbital number : 1
********************************************************************************************************************
Read input file "obs_params.in"
	Observable Type : Nq(All),   Sq(All),   N(All),   Delta[s](All),   Delta[d](All),   Delta[s+](All)
** WARNING ** the input observables have non-local factors which have been reinterpreted. The total observable number is 96
********************************************************************************************************************


********************************************************************************************************************
Start calculating the non-Gaussian ED ground state
Maximal iteration number is 1000; energy resolution is 1e-06. Phonon state relaxation time is 2000
W = 0.2 is relatively large. The non-Gaussian ED calculation starts directly.
open output files: NGSED_iteration_obserbles.txt
********************************************************************************************************************
Start the 0 rounds of NGS-ED iteration
	effective electronic model is modified as: kinetic energy t = 1
	                                           effective interaction Vq = [0,0,0,0,0,0,0,0,0,0,0,0,0,0,0,0]
	first Hamiltonian is constructed, size = 4008592 and non-zero numbers = 969134044
	PARPACK diagonalization completed after 150 matrix-vector product operations.
	iteration results: : total energy is -14.925310 | electron energy -14.925310 + phonon energy 0.000000 | electron momentum kIdx = 0
	Nq(0) = 9,	Nq(1) = 0.191675,	Nq(2) = 0.266183,	Nq(3) = 0.191675,	Nq(4) = 0.191675,	Nq(5) = 0.245517,	
	Nq(6) = 0.314107,	Nq(7) = 0.245517,	Nq(8) = 0.266183,	Nq(9) = 0.314107,	Nq(10) = 0.369338,	
	Nq(11) = 0.314107,	Nq(12) = 0.191675,	Nq(13) = 0.245517,	Nq(14) = 0.314107,	Nq(15) = 0.245517;	
	Sq(0) = 3.02743e-18,	Sq(1) = 0.554662,	Sq(2) = 0.424361,	Sq(3) = 0.554662,	Sq(4) = 0.554662,	
	Sq(5) = 0.79749,	Sq(6) = 1.01287,	Sq(7) = 0.79749,	Sq(8) = 0.424361,	Sq(9) = 1.01287,	
	Sq(10) = 0.784303,	Sq(11) = 1.01287,	Sq(12) = 0.554662,	Sq(13) = 0.79749,	Sq(14) = 1.01287,	
	Sq(15) = 0.79749;	N(0) = 1.76735,	N(1) = 1.6264,	N(2) = 0.74365,	N(3) = 1.6264,	
	N(4) = 1.6264,	N(5) = 0.392302,	N(6) = 0.144321,	N(7) = 0.392302,	N(8) = 0.74365,	
	N(9) = 0.144321,	N(10) = 0.0932732,	N(11) = 0.144321,	N(12) = 1.6264,	N(13) = 0.392302,	
	N(14) = 0.144321,	N(15) = 0.392302;	Delta[s](0) = 0.0657692,	Delta[s](1) = 0.0454058,	Delta[s](2) = 0.0304012,	
	Delta[s](3) = 0.0454058,	Delta[s](4) = 0.0454058,	Delta[s](5) = 0.027094,	Delta[s](6) = 0.00920903,	Delta[s](7) = 0.027094,	
	Delta[s](8) = 0.0304012,	Delta[s](9) = 0.00920903,	Delta[s](10) = 4.29737e-05,	Delta[s](11) = 0.00920903,	Delta[s](12) = 0.0454058,	
	Delta[s](13) = 0.027094,	Delta[s](14) = 0.00920903,	Delta[s](15) = 0.027094;	Delta[d](0) = 0.229502,	Delta[d](1) = 0.180076,	
	Delta[d](2) = 0.222284,	Delta[d](3) = 0.180076,	Delta[d](4) = 0.180076,	Delta[d](5) = 0.122963,	Delta[d](6) = 0.150472,	
	Delta[d](7) = 0.122963,	Delta[d](8) = 0.222284,	Delta[d](9) = 0.150472,	Delta[d](10) = 0.0766654,	Delta[d](11) = 0.150472,	
	Delta[d](12) = 0.180076,	Delta[d](13) = 0.122963,	Delta[d](14) = 0.150472,	Delta[d](15) = 0.122963;	Delta[s+](0) = 0.529817,	
	Delta[s+](1) = 0.361302,	Delta[s+](2) = 0.222284,	Delta[s+](3) = 0.361302,	Delta[s+](4) = 0.361302,	Delta[s+](5) = 0.177144,	
	Delta[s+](6) = 0.0625934,	Delta[s+](7) = 0.177144,	Delta[s+](8) = 0.222284,	Delta[s+](9) = 0.0625934,	Delta[s+](10) = 0.0156429,	
	Delta[s+](11) = 0.0625934,	Delta[s+](12) = 0.361302,	Delta[s+](13) = 0.177144,	Delta[s+](14) = 0.0625934,	Delta[s+](15) = 0.177144
	
The 0-th iteration is completed.	|| time cost : 0h 2m 1.918s
********************************************************************************************************************
Start the 1 rounds of NGS-ED iteration
	effective electronic model is modified as: kinetic energy t = 0.999499
	                                           effective interaction Vq = [     -0.3125,  -0.0176354, -0.00349397,  -0.0176354,  -0.0176354, -0.00323722,-3.42694e-05, -0.00323722, -0.00349397,-3.42694e-05, -0.00149379,-3.42694e-05,  -0.0176354, -0.00323722,-3.42694e-05, -0.00323722]
	PARPACK diagonalization completed after 45 matrix-vector product operations.
	iteration results: : total energy is -17.747617 | electron energy -17.747676 + phonon energy 0.000059 | electron momentum kIdx = 0
The 1-th iteration is completed.	|| time cost : 0h 1m 18.176s
********************************************************************************************************************
Start the 2 rounds of NGS-ED iteration
	effective electronic model is modified as: kinetic energy t = 0.999498
	                                           effective interaction Vq = [     -0.3125,  -0.0176647, -0.00349271,  -0.0176647,  -0.0176647, -0.00323656,-3.42511e-05, -0.00323656, -0.00349271,-3.42511e-05, -0.00149347,-3.42511e-05,  -0.0176647, -0.00323656,-3.42511e-05, -0.00323656]
	PARPACK diagonalization completed after 30 matrix-vector product operations.
	iteration results: : total energy is -17.747617 | electron energy -17.747677 + phonon energy 0.000059 | electron momentum kIdx = 0
The 2-th iteration is completed.	|| time cost : 0h 0m 9.7s
********************************************************************************************************************
Start the 3 rounds of NGS-ED iteration
	effective electronic model is modified as: kinetic energy t = 0.999498
	                                           effective interaction Vq = [     -0.3125,  -0.0176648,  -0.0034927,  -0.0176648,  -0.0176648, -0.00323655,-3.42511e-05, -0.00323655,  -0.0034927,-3.42511e-05, -0.00149347,-3.42511e-05,  -0.0176648, -0.00323655,-3.42511e-05, -0.00323655]
	PARPACK diagonalization completed after 30 matrix-vector product operations.
	iteration results: : total energy is -17.747617 | electron energy -17.747677 + phonon energy 0.000059 | electron momentum kIdx = 0
	Nq(0) = 9,	Nq(1) = 0.192056,	Nq(2) = 0.266135,	Nq(3) = 0.192056,	Nq(4) = 0.192056,	Nq(5) = 0.245514,	
	Nq(6) = 0.313994,	Nq(7) = 0.245514,	Nq(8) = 0.266135,	Nq(9) = 0.313994,	Nq(10) = 0.369332,	
	Nq(11) = 0.313994,	Nq(12) = 0.192056,	Nq(13) = 0.245514,	Nq(14) = 0.313994,	Nq(15) = 0.245514;	
	Sq(0) = 1.16416e-18,	Sq(1) = 0.554474,	Sq(2) = 0.424398,	Sq(3) = 0.554474,	Sq(4) = 0.554474,	
	Sq(5) = 0.797345,	Sq(6) = 1.01283,	Sq(7) = 0.797345,	Sq(8) = 0.424398,	Sq(9) = 1.01283,	
	Sq(10) = 0.784743,	Sq(11) = 1.01283,	Sq(12) = 0.554474,	Sq(13) = 0.797345,	Sq(14) = 1.01283,	
	Sq(15) = 0.797345;	N(0) = 1.76751,	N(1) = 1.62681,	N(2) = 0.743452,	N(3) = 1.62681,	
	N(4) = 1.62681,	N(5) = 0.391958,	N(6) = 0.144282,	N(7) = 0.391958,	N(8) = 0.743452,	
	N(9) = 0.144282,	N(10) = 0.0933825,	N(11) = 0.144282,	N(12) = 1.62681,	N(13) = 0.391958,	
	N(14) = 0.144282,	N(15) = 0.391958;	Delta[s](0) = 0.0658372,	Delta[s](1) = 0.0454514,	Delta[s](2) = 0.0304413,	
	Delta[s](3) = 0.0454514,	Delta[s](4) = 0.0454514,	Delta[s](5) = 0.0271265,	Delta[s](6) = 0.00921393,	Delta[s](7) = 0.0271265,	
	Delta[s](8) = 0.0304413,	Delta[s](9) = 0.00921393,	Delta[s](10) = 4.31129e-05,	Delta[s](11) = 0.00921393,	Delta[s](12) = 0.0454514,	
	Delta[s](13) = 0.0271265,	Delta[s](14) = 0.00921393,	Delta[s](15) = 0.0271265;	Delta[d](0) = 0.229605,	Delta[d](1) = 0.18015,	
	Delta[d](2) = 0.22234,	Delta[d](3) = 0.18015,	Delta[d](4) = 0.18015,	Delta[d](5) = 0.122967,	Delta[d](6) = 0.150493,	
	Delta[d](7) = 0.122967,	Delta[d](8) = 0.22234,	Delta[d](9) = 0.150493,	Delta[d](10) = 0.0765293,	Delta[d](11) = 0.150493,	
	Delta[d](12) = 0.18015,	Delta[d](13) = 0.122967,	Delta[d](14) = 0.150493,	Delta[d](15) = 0.122967;	Delta[s+](0) = 0.53001,	
	Delta[s+](1) = 0.361418,	Delta[s+](2) = 0.22234,	Delta[s+](3) = 0.361418,	Delta[s+](4) = 0.361418,	Delta[s+](5) = 0.177177,	
	Delta[s+](6) = 0.0625883,	Delta[s+](7) = 0.177177,	Delta[s+](8) = 0.22234,	Delta[s+](9) = 0.0625883,	Delta[s+](10) = 0.0156514,	
	Delta[s+](11) = 0.0625883,	Delta[s+](12) = 0.361418,	Delta[s+](13) = 0.177177,	Delta[s+](14) = 0.0625883,	Delta[s+](15) = 0.177177
	
The 3-th iteration is completed.	|| time cost : 0h 1m 18.967s
********************************************************************************************************************
********************************************************************************************************************
Ground state is obtained after 4 iterations. The current ground-state energy is -17.7476, in which electron energy is -17.7477 and phonon energy is 5.93161e-05
Final variational state is: 
	Gamma_x = [      1,1.01654,1.00455,1.01654,1.01654, 1.0039,1.00005, 1.0039,1.00455,1.00005,1.00272,1.00005,1.01654, 1.0039,1.00005, 1.0039]
	lambda_q = [      1.25, 0.0536483, 0.0198413, 0.0536483, 0.0536483, 0.0183552,0.00174293, 0.0183552, 0.0198413,0.00174293,-0.0108354,0.00174293, 0.0536483, 0.0183552,0.00174293, 0.0183552]
Effective e-e interactions mediated by phonons are:
	momentum-space Vq = [     -0.3125,  -0.0176648,  -0.0034927,  -0.0176648,  -0.0176648, -0.00323655,-3.42511e-05, -0.00323655,  -0.0034927,-3.42511e-05, -0.00149347,-3.42511e-05,  -0.0176648, -0.00323655,-3.42511e-05, -0.00323655]
	real-space Vr = [-0.0252951,-0.0216417, -0.019252,-0.0216417,-0.0216417, -0.019188,-0.0172341, -0.019188, -0.019252,-0.0172341,-0.0164456,-0.0172341,-0.0216417, -0.019188,-0.0172341, -0.019188]
********************************************************************************************************************
o___o  ----------------------------------------
| L |	Time since last clock: 0h 0m 0.01s
A===A	Time since the beginning: 0h 4m 48.773s
***********************************************


Non-Gaussina ED ground state calculation is completed. The final ground-state energy is -17.7476
********************************************************************************************************************
o___o  ----------------------------------------
| L |	Time since last clock: 0h 0m 0.003s
A===A	Time since the beginning: 0h 4m 48.777s
***********************************************



********************************************************************************************************************
All non-Gaussian ED ground state calculations have been completed. Exit now.
