TACC:  Starting up job 1740084 
TACC:  Starting parallel tasks... 
SNEDics v3.4 Non-Gaussian ED ground state program		Start at Fri Oct  9 04:40:15 2020

parallized on 16 MPI threads  * 7 OpenMP threads = 112 total threads.
********************************************************************************************************************
********************************************************************************************************************

********************************************************************************************************************
System parameters and configurations
********************************************************************************************************************
Special program options are enabled: splitted diagonal Hamiltonian
********************************************************************************************************************
Read input file "model_params.in"
	Hubbard-Holstein model parameters : 	t = 1    U = 8    g = 0.3    W = 0.25    g' = 0.08    
********************************************************************************************************************
Read input file "hilbertspace_params.in"
	Requested 16-site 2D lattice, with 12 electrons (6, 6)
	Boundary : Periodic		Hilbert space representation : momentum-space (restricted to kIdx = 0)
	Conservation: particle number[U(1)]      spin[U(1)]     momentum
********************************************************************************************************************

Cluster Positions:				Cluster symmetry group : D4
 x ... x ... x ... x .....                       x ... x ... x ... x .....
 |           |           :                       |           |           :
 |           |           :                       |           |           :
12    13    14    15     x                       1     5     6     5     x
 |           |           :                       |           |           :
 |           |           :                       |           |           :
 8 --- 9 ---10 ---11 --- x                       2 --- 6 ---10 --- 6 --- x
 |           |           :                       |           |           :
 |           |           :                       |           |           :
 4     5     6     7     x                       1     5     6     5     x
 |           |           :                       |           |           :
 |           |           :                       |           |           :
 0 --- 1 --- 2 --- 3 --- x                       0 --- 1 --- 2 --- 1 --- x
orbital number : 1
********************************************************************************************************************
Read input file "obs_params.in"
	Observable Type : Nq(All),   Sq(All),   N(All),   Delta[s](All),   Delta[d](All),   Delta[s+](All)
********************************************************************************************************************
** WARNING ** the input observables have non-local factors which have been reinterpreted. The total observable number is 96
********************************************************************************************************************


********************************************************************************************************************
Start calculating the non-Gaussian ED ground state
** WARNING ** Detected low phonon energy W < 10. The initial state will be prepared through a warm-up process.
********************************************************************************************************************
Start warm-up calculation for scaling factor 64
open output files: NGSEDWarmUpW16Obs.txt
********************************************************************************************************************
Start the 0 rounds of NGS-ED iteration
	effective electronic model is modified as: kinetic energy t = 1
	                                           effective interaction Vq = [0,0,0,0,0,0,0,0,0,0,0,0,0,0,0,0]
	first Hamiltonian is constructed, non-zero numbers = 969134044
	PARPACK diagonalization completed after 165 matrix-vector product operations.
	iteration results: : total energy is -14.925310 | electron energy -14.925310 + phonon energy 0.000000 | electron momentum kIdx = 0
	Nq(0) = 9,	Nq(1) = 0.191675,	Nq(2) = 0.266183,	Nq(3) = 0.191675,	Nq(4) = 0.191675,	Nq(5) = 0.245517,	Nq(6) = 0.314107,	Nq(7) = 0.245517,	Nq(8) = 0.266183,	Nq(9) = 0.314107,	Nq(10) = 0.369338,	Nq(11) = 0.314107,	Nq(12) = 0.191675,	Nq(13) = 0.245517,	Nq(14) = 0.314107,	Nq(15) = 0.245517,	Sq(0) = 2.48391e-18,	Sq(1) = 0.554662,	Sq(2) = 0.424361,	Sq(3) = 0.554662,	Sq(4) = 0.554662,	Sq(5) = 0.79749,	Sq(6) = 1.01287,	Sq(7) = 0.79749,	Sq(8) = 0.424361,	Sq(9) = 1.01287,	Sq(10) = 0.784303,	Sq(11) = 1.01287,	Sq(12) = 0.554662,	Sq(13) = 0.79749,	Sq(14) = 1.01287,	Sq(15) = 0.79749,	N(0) = 1.76735,	N(1) = 1.6264,	N(2) = 0.74365,	N(3) = 1.6264,	N(4) = 1.6264,	N(5) = 0.392302,	N(6) = 0.144321,	N(7) = 0.392302,	N(8) = 0.74365,	N(9) = 0.144321,	N(10) = 0.0932732,	N(11) = 0.144321,	N(12) = 1.6264,	N(13) = 0.392302,	N(14) = 0.144321,	N(15) = 0.392302,	Delta[s](0) = 0.0646121,	Delta[s](1) = 0.0449017,	Delta[s](2) = 0.0303019,	Delta[s](3) = 0.0449017,	Delta[s](4) = 0.0449017,	Delta[s](5) = 0.0271439,	Delta[s](6) = 0.00981932,	Delta[s](7) = 0.0271439,	Delta[s](8) = 0.0303019,	Delta[s](9) = 0.00981932,	Delta[s](10) = 0.000774117,	Delta[s](11) = 0.00981932,	Delta[s](12) = 0.0449017,	Delta[s](13) = 0.0271439,	Delta[s](14) = 0.00981932,	Delta[s](15) = 0.0271439,	Delta[d](0) = 0.234673,	Delta[d](1) = 0.184873,	Delta[d](2) = 0.227706,	Delta[d](3) = 0.184873,	Delta[d](4) = 0.184873,	Delta[d](5) = 0.126964,	Delta[d](6) = 0.154572,	Delta[d](7) = 0.126964,	Delta[d](8) = 0.227706,	Delta[d](9) = 0.154572,	Delta[d](10) = 0.08082,	Delta[d](11) = 0.154572,	Delta[d](12) = 0.184873,	Delta[d](13) = 0.126964,	Delta[d](14) = 0.154572,	Delta[d](15) = 0.126964,	Delta[s+](0) = 0.541112,	Delta[s+](1) = 0.369244,	Delta[s+](2) = 0.227706,	Delta[s+](3) = 0.369244,	Delta[s+](4) = 0.369244,	Delta[s+](5) = 0.181951,	Delta[s+](6) = 0.0653232,	Delta[s+](7) = 0.181951,	Delta[s+](8) = 0.227706,	Delta[s+](9) = 0.0653232,	Delta[s+](10) = 0.0168771,	Delta[s+](11) = 0.0653232,	Delta[s+](12) = 0.369244,	Delta[s+](13) = 0.181951,	Delta[s+](14) = 0.0653232,	Delta[s+](15) = 0.181951
The 0-th iteration is completed.	|| time cost : 0h 2m 53.147s
********************************************************************************************************************
Start the 1 rounds of NGS-ED iteration
	effective electronic model is modified as: kinetic energy t = 0.991966
	                                           effective interaction Vq = [   -1.47492,  -0.778223,  -0.324082,  -0.778223,  -0.778223,  -0.322141,  -0.069202,  -0.322141,  -0.324082,  -0.069202,-0.00139447,  -0.069202,  -0.778223,  -0.322141,  -0.069202,  -0.322141]
	PARPACK diagonalization completed after 45 matrix-vector product operations.
	iteration results: : total energy is -29.254496 | electron energy -29.254558 + phonon energy 0.000062 | electron momentum kIdx = 0
The 1-th iteration is completed.	|| time cost : 0h 2m 21.246s
********************************************************************************************************************
Start the 2 rounds of NGS-ED iteration
	effective electronic model is modified as: kinetic energy t = 0.989565
	                                           effective interaction Vq = [   -1.53505,  -0.822387,  -0.341564,  -0.822387,  -0.822387,  -0.339616, -0.0727233,  -0.339616,  -0.341564, -0.0727233,-0.00146314, -0.0727233,  -0.822387,  -0.339616, -0.0727233,  -0.339616]
	PARPACK diagonalization completed after 30 matrix-vector product operations.
	iteration results: : total energy is -29.818749 | electron energy -29.818935 + phonon energy 0.000186 | electron momentum kIdx = 0
The 2-th iteration is completed.	|| time cost : 0h 0m 9.192s
********************************************************************************************************************
Start the 3 rounds of NGS-ED iteration
	effective electronic model is modified as: kinetic energy t = 0.989199
	                                           effective interaction Vq = [    -1.5375,  -0.827301,  -0.343437,  -0.827301,  -0.827301,   -0.34147, -0.0730694,   -0.34147,  -0.343437, -0.0730694,-0.00146949, -0.0730694,  -0.827301,   -0.34147, -0.0730694,   -0.34147]
	PARPACK diagonalization completed after 30 matrix-vector product operations.
	iteration results: : total energy is -29.841315 | electron energy -29.841535 + phonon energy 0.000220 | electron momentum kIdx = 0
The 3-th iteration is completed.	|| time cost : 0h 0m 9.171s
********************************************************************************************************************
Start the 4 rounds of NGS-ED iteration
	effective electronic model is modified as: kinetic energy t = 0.989146
	                                           effective interaction Vq = [    -1.5376,   -0.82802,  -0.343676,   -0.82802,   -0.82802,  -0.341702, -0.0731081,  -0.341702,  -0.343676, -0.0731081,-0.00147015, -0.0731081,   -0.82802,  -0.341702, -0.0731081,  -0.341702]
	PARPACK diagonalization completed after 30 matrix-vector product operations.
	iteration results: : total energy is -29.842226 | electron energy -29.842452 + phonon energy 0.000226 | electron momentum kIdx = 0
The 4-th iteration is completed.	|| time cost : 0h 0m 9.189s
********************************************************************************************************************
Start the 5 rounds of NGS-ED iteration
	effective electronic model is modified as: kinetic energy t = 0.989139
	                                           effective interaction Vq = [    -1.5376,  -0.828132,  -0.343708,  -0.828132,  -0.828132,  -0.341731, -0.0731125,  -0.341731,  -0.343708, -0.0731125,-0.00147021, -0.0731125,  -0.828132,  -0.341731, -0.0731125,  -0.341731]
	PARPACK diagonalization completed after 30 matrix-vector product operations.
	iteration results: : total energy is -29.842263 | electron energy -29.842489 + phonon energy 0.000227 | electron momentum kIdx = 0
	Nq(0) = 9,	Nq(1) = 0.211744,	Nq(2) = 0.269972,	Nq(3) = 0.211744,	Nq(4) = 0.211744,	Nq(5) = 0.2509,	Nq(6) = 0.312357,	Nq(7) = 0.2509,	Nq(8) = 0.269972,	Nq(9) = 0.312357,	Nq(10) = 0.367071,	Nq(11) = 0.312357,	Nq(12) = 0.211744,	Nq(13) = 0.2509,	Nq(14) = 0.312357,	Nq(15) = 0.2509,	Sq(0) = 2.17267e-18,	Sq(1) = 0.544055,	Sq(2) = 0.425947,	Sq(3) = 0.544055,	Sq(4) = 0.544055,	Sq(5) = 0.787064,	Sq(6) = 1.00425,	Sq(7) = 0.787064,	Sq(8) = 0.425947,	Sq(9) = 1.00425,	Sq(10) = 0.799625,	Sq(11) = 1.00425,	Sq(12) = 0.544055,	Sq(13) = 0.787064,	Sq(14) = 1.00425,	Sq(15) = 0.787064,	N(0) = 1.78661,	N(1) = 1.65605,	N(2) = 0.733381,	N(3) = 1.65605,	N(4) = 1.65605,	N(5) = 0.369391,	N(6) = 0.137545,	N(7) = 0.369391,	N(8) = 0.733381,	N(9) = 0.137545,	N(10) = 0.0946765,	N(11) = 0.137545,	N(12) = 1.65605,	N(13) = 0.369391,	N(14) = 0.137545,	N(15) = 0.369391,	Delta[s](0) = 0.0708652,	Delta[s](1) = 0.0493417,	Delta[s](2) = 0.0341162,	Delta[s](3) = 0.0493417,	Delta[s](4) = 0.0493417,	Delta[s](5) = 0.0303964,	Delta[s](6) = 0.0110589,	Delta[s](7) = 0.0303964,	Delta[s](8) = 0.0341162,	Delta[s](9) = 0.0110589,	Delta[s](10) = 0.00122428,	Delta[s](11) = 0.0110589,	Delta[s](12) = 0.0493417,	Delta[s](13) = 0.0303964,	Delta[s](14) = 0.0110589,	Delta[s](15) = 0.0303964,	Delta[d](0) = 0.242791,	Delta[d](1) = 0.190971,	Delta[d](2) = 0.233796,	Delta[d](3) = 0.190971,	Delta[d](4) = 0.190971,	Delta[d](5) = 0.129167,	Delta[d](6) = 0.157608,	Delta[d](7) = 0.129167,	Delta[d](8) = 0.233796,	Delta[d](9) = 0.157608,	Delta[d](10) = 0.0743555,	Delta[d](11) = 0.157608,	Delta[d](12) = 0.190971,	Delta[d](13) = 0.129167,	Delta[d](14) = 0.157608,	Delta[d](15) = 0.129167,	Delta[s+](0) = 0.55823,	Delta[s+](1) = 0.380257,	Delta[s+](2) = 0.233796,	Delta[s+](3) = 0.380257,	Delta[s+](4) = 0.380257,	Delta[s+](5) = 0.185624,	Delta[s+](6) = 0.0655289,	Delta[s+](7) = 0.185624,	Delta[s+](8) = 0.233796,	Delta[s+](9) = 0.0655289,	Delta[s+](10) = 0.017255,	Delta[s+](11) = 0.0655289,	Delta[s+](12) = 0.380257,	Delta[s+](13) = 0.185624,	Delta[s+](14) = 0.0655289,	Delta[s+](15) = 0.185624
The 5-th iteration is completed.	|| time cost : 0h 1m 42.644s
********************************************************************************************************************
********************************************************************************************************************
Ground state is obtained after 6 iterations. The current ground-state energy is -29.8423, in which electron energy is -29.8425 and phonon energy is 0.000226626
final variational state is: 
	Gamma_x = [      1,1.00281,1.00204,1.00281,1.00281,1.00197,1.00059,1.00197,1.00204,1.00059,1.00001,1.00059,1.00281,1.00197,1.00059,1.00197]
	lambda_q = [   0.309979,   0.196226,   0.118094,   0.196226,   0.196226,   0.116213,  0.0518221,   0.116213,   0.118094,  0.0518221,-0.00715198,  0.0518221,   0.196226,   0.116213,  0.0518221,   0.116213]
The effective e-e interactions mediated by phonons are: [    1.5376,  0.828149,  0.343712,  0.828149,  0.828149,  0.341735,  0.073113,  0.341735,  0.343712,  0.073113,0.00147022,  0.073113,  0.828149,  0.341735,  0.073113,  0.341735]
The real-space interactions mediated by phonons are: [ -7.19848, -2.42239,-0.225014,-0.543264,  -3.0462, -1.36051,-0.225014,-0.449387,-0.859553,-0.449387,-0.225014, -1.36051,  -3.0462,-0.543264,-0.225014, -2.42239]
********************************************************************************************************************
o___o  ----------------------------------------
| L |	Time since last clock: 0h 0m 0s
A===A	Time since the beginning: 0h 7m 24.591s
***********************************************

********************************************************************************************************************
Start warm-up calculation for scaling factor 32
open output files: NGSEDWarmUpW8Obs.txt
********************************************************************************************************************
Start the 0 rounds of NGS-ED iteration
	effective electronic model is modified as: kinetic energy t = 0.989138
	                                           effective interaction Vq = [  -1.40565, -0.713183, -0.289254, -0.713183, -0.713183, -0.286397,-0.0605978, -0.286397, -0.289254,-0.0605978,-0.0012091,-0.0605978, -0.713183, -0.286397,-0.0605978, -0.286397]
	PARPACK diagonalization completed after 45 matrix-vector product operations.
	iteration results: : total energy is -28.457705 | electron energy -28.457818 + phonon energy 0.000113 | electron momentum kIdx = 0
	Nq(0) = 9,	Nq(1) = 0.208547,	Nq(2) = 0.269102,	Nq(3) = 0.208547,	Nq(4) = 0.208547,	Nq(5) = 0.249804,	Nq(6) = 0.312312,	Nq(7) = 0.249804,	Nq(8) = 0.269102,	Nq(9) = 0.312312,	Nq(10) = 0.367145,	Nq(11) = 0.312312,	Nq(12) = 0.208547,	Nq(13) = 0.249804,	Nq(14) = 0.312312,	Nq(15) = 0.249804,	Sq(0) = 8.43538e-19,	Sq(1) = 0.545755,	Sq(2) = 0.425753,	Sq(3) = 0.545755,	Sq(4) = 0.545755,	Sq(5) = 0.788841,	Sq(6) = 1.00609,	Sq(7) = 0.788841,	Sq(8) = 0.425753,	Sq(9) = 1.00609,	Sq(10) = 0.797745,	Sq(11) = 1.00609,	Sq(12) = 0.545755,	Sq(13) = 0.788841,	Sq(14) = 1.00609,	Sq(15) = 0.788841,	N(0) = 1.78313,	N(1) = 1.65101,	N(2) = 0.735003,	N(3) = 1.65101,	N(4) = 1.65101,	N(5) = 0.373172,	N(6) = 0.138843,	N(7) = 0.373172,	N(8) = 0.735003,	N(9) = 0.138843,	N(10) = 0.0947614,	N(11) = 0.138843,	N(12) = 1.65101,	N(13) = 0.373172,	N(14) = 0.138843,	N(15) = 0.373172,	Delta[s](0) = 0.0691438,	Delta[s](1) = 0.0482756,	Delta[s](2) = 0.0333336,	Delta[s](3) = 0.0482756,	Delta[s](4) = 0.0482756,	Delta[s](5) = 0.0297944,	Delta[s](6) = 0.01111,	Delta[s](7) = 0.0297944,	Delta[s](8) = 0.0333336,	Delta[s](9) = 0.01111,	Delta[s](10) = 0.00147012,	Delta[s](11) = 0.01111,	Delta[s](12) = 0.0482756,	Delta[s](13) = 0.0297944,	Delta[s](14) = 0.01111,	Delta[s](15) = 0.0297944,	Delta[d](0) = 0.24592,	Delta[d](1) = 0.193819,	Delta[d](2) = 0.237245,	Delta[d](3) = 0.193819,	Delta[d](4) = 0.193819,	Delta[d](5) = 0.131734,	Delta[d](6) = 0.160292,	Delta[d](7) = 0.131734,	Delta[d](8) = 0.237245,	Delta[d](9) = 0.160292,	Delta[d](10) = 0.0781306,	Delta[d](11) = 0.160292,	Delta[d](12) = 0.193819,	Delta[d](13) = 0.131734,	Delta[d](14) = 0.160292,	Delta[d](15) = 0.131734,	Delta[s+](0) = 0.565225,	Delta[s+](1) = 0.38525,	Delta[s+](2) = 0.237245,	Delta[s+](3) = 0.38525,	Delta[s+](4) = 0.38525,	Delta[s+](5) = 0.188803,	Delta[s+](6) = 0.0673491,	Delta[s+](7) = 0.188803,	Delta[s+](8) = 0.237245,	Delta[s+](9) = 0.0673491,	Delta[s+](10) = 0.0179538,	Delta[s+](11) = 0.0673491,	Delta[s+](12) = 0.38525,	Delta[s+](13) = 0.188803,	Delta[s+](14) = 0.0673491,	Delta[s+](15) = 0.188803
The 0-th iteration is completed.	|| time cost : 0h 1m 42.811s
********************************************************************************************************************
Start the 1 rounds of NGS-ED iteration
	effective electronic model is modified as: kinetic energy t = 0.986203
	                                           effective interaction Vq = [   -1.51096,  -0.767829,  -0.308806,  -0.767829,  -0.767829,  -0.304956, -0.0640549,  -0.304956,  -0.308806, -0.0640549,-0.00126962, -0.0640549,  -0.767829,  -0.304956, -0.0640549,  -0.304956]
	PARPACK diagonalization completed after 45 matrix-vector product operations.
	iteration results: : total energy is -29.428891 | electron energy -29.429395 + phonon energy 0.000504 | electron momentum kIdx = 0
The 1-th iteration is completed.	|| time cost : 0h 0m 10.278s
********************************************************************************************************************
Start the 2 rounds of NGS-ED iteration
	effective electronic model is modified as: kinetic energy t = 0.98519
	                                           effective interaction Vq = [   -1.53222,  -0.783649,  -0.313999,  -0.783649,  -0.783649,  -0.309815, -0.0648831,  -0.309815,  -0.313999, -0.0648831,-0.00128318, -0.0648831,  -0.783649,  -0.309815, -0.0648831,  -0.309815]
	PARPACK diagonalization completed after 45 matrix-vector product operations.
	iteration results: : total energy is -29.622879 | electron energy -29.623633 + phonon energy 0.000755 | electron momentum kIdx = 0
The 2-th iteration is completed.	|| time cost : 0h 0m 10.288s
********************************************************************************************************************
Start the 3 rounds of NGS-ED iteration
	effective electronic model is modified as: kinetic energy t = 0.984854
	                                           effective interaction Vq = [   -1.53651,  -0.788786,   -0.31549,  -0.788786,  -0.788786,  -0.311181, -0.0650927,  -0.311181,   -0.31549, -0.0650927,-0.00128636, -0.0650927,  -0.788786,  -0.311181, -0.0650927,  -0.311181]
	PARPACK diagonalization completed after 30 matrix-vector product operations.
	iteration results: : total energy is -29.661816 | electron energy -29.662680 + phonon energy 0.000864 | electron momentum kIdx = 0
The 3-th iteration is completed.	|| time cost : 0h 0m 9.182s
********************************************************************************************************************
Start the 4 rounds of NGS-ED iteration
	effective electronic model is modified as: kinetic energy t = 0.984743
	                                           effective interaction Vq = [   -1.53738,  -0.790538,   -0.31593,  -0.790538,  -0.790538,  -0.311575, -0.0651465,  -0.311575,   -0.31593, -0.0651465,-0.00128711, -0.0651465,  -0.790538,  -0.311575, -0.0651465,  -0.311575]
	PARPACK diagonalization completed after 30 matrix-vector product operations.
	iteration results: : total energy is -29.669652 | electron energy -29.670557 + phonon energy 0.000906 | electron momentum kIdx = 0
The 4-th iteration is completed.	|| time cost : 0h 0m 9.206s
********************************************************************************************************************
Start the 5 rounds of NGS-ED iteration
	effective electronic model is modified as: kinetic energy t = 0.984706
	                                           effective interaction Vq = [   -1.53756,  -0.791147,   -0.31606,  -0.791147,  -0.791147,  -0.311689, -0.0651604,  -0.311689,   -0.31606, -0.0651604,-0.00128729, -0.0651604,  -0.791147,  -0.311689, -0.0651604,  -0.311689]
	PARPACK diagonalization completed after 30 matrix-vector product operations.
	iteration results: : total energy is -29.671231 | electron energy -29.672151 + phonon energy 0.000921 | electron momentum kIdx = 0
The 5-th iteration is completed.	|| time cost : 0h 0m 9.177s
********************************************************************************************************************
Start the 6 rounds of NGS-ED iteration
	effective electronic model is modified as: kinetic energy t = 0.984694
	                                           effective interaction Vq = [   -1.53759,   -0.79136,  -0.316099,   -0.79136,   -0.79136,  -0.311722,  -0.065164,  -0.311722,  -0.316099,  -0.065164,-0.00128733,  -0.065164,   -0.79136,  -0.311722,  -0.065164,  -0.311722]
	PARPACK diagonalization completed after 30 matrix-vector product operations.
	iteration results: : total energy is -29.671549 | electron energy -29.672475 + phonon energy 0.000926 | electron momentum kIdx = 0
The 6-th iteration is completed.	|| time cost : 0h 0m 9.209s
********************************************************************************************************************
Start the 7 rounds of NGS-ED iteration
	effective electronic model is modified as: kinetic energy t = 0.98469
	                                           effective interaction Vq = [    -1.5376,  -0.791435,   -0.31611,  -0.791435,  -0.791435,  -0.311732, -0.0651649,  -0.311732,   -0.31611, -0.0651649,-0.00128734, -0.0651649,  -0.791435,  -0.311732, -0.0651649,  -0.311732]
	PARPACK diagonalization completed after 30 matrix-vector product operations.
	iteration results: : total energy is -29.671613 | electron energy -29.672541 + phonon energy 0.000927 | electron momentum kIdx = 0
	Nq(0) = 9,	Nq(1) = 0.210476,	Nq(2) = 0.269017,	Nq(3) = 0.210476,	Nq(4) = 0.210476,	Nq(5) = 0.249889,	Nq(6) = 0.311641,	Nq(7) = 0.249889,	Nq(8) = 0.269017,	Nq(9) = 0.311641,	Nq(10) = 0.366289,	Nq(11) = 0.311641,	Nq(12) = 0.210476,	Nq(13) = 0.249889,	Nq(14) = 0.311641,	Nq(15) = 0.249889,	Sq(0) = 3.80572e-18,	Sq(1) = 0.544924,	Sq(2) = 0.42595,	Sq(3) = 0.544924,	Sq(4) = 0.544924,	Sq(5) = 0.788175,	Sq(6) = 1.00594,	Sq(7) = 0.788175,	Sq(8) = 0.42595,	Sq(9) = 1.00594,	Sq(10) = 0.799602,	Sq(11) = 1.00594,	Sq(12) = 0.544924,	Sq(13) = 0.788175,	Sq(14) = 1.00594,	Sq(15) = 0.788175,	N(0) = 1.78377,	N(1) = 1.65249,	N(2) = 0.734182,	N(3) = 1.65249,	N(4) = 1.65249,	N(5) = 0.371772,	N(6) = 0.138855,	N(7) = 0.371772,	N(8) = 0.734182,	N(9) = 0.138855,	N(10) = 0.0953852,	N(11) = 0.138855,	N(12) = 1.65249,	N(13) = 0.371772,	N(14) = 0.138855,	N(15) = 0.371772,	Delta[s](0) = 0.0691753,	Delta[s](1) = 0.0483645,	Delta[s](2) = 0.0334863,	Delta[s](3) = 0.0483645,	Delta[s](4) = 0.0483645,	Delta[s](5) = 0.0299481,	Delta[s](6) = 0.0112854,	Delta[s](7) = 0.0299481,	Delta[s](8) = 0.0334863,	Delta[s](9) = 0.0112854,	Delta[s](10) = 0.00163391,	Delta[s](11) = 0.0112854,	Delta[s](12) = 0.0483645,	Delta[s](13) = 0.0299481,	Delta[s](14) = 0.0112854,	Delta[s](15) = 0.0299481,	Delta[d](0) = 0.249944,	Delta[d](1) = 0.197178,	Delta[d](2) = 0.240989,	Delta[d](3) = 0.197178,	Delta[d](4) = 0.197178,	Delta[d](5) = 0.133968,	Delta[d](6) = 0.162852,	Delta[d](7) = 0.133968,	Delta[d](8) = 0.240989,	Delta[d](9) = 0.162852,	Delta[d](10) = 0.0792788,	Delta[d](11) = 0.162852,	Delta[d](12) = 0.197178,	Delta[d](13) = 0.133968,	Delta[d](14) = 0.162852,	Delta[d](15) = 0.133968,	Delta[s+](0) = 0.574014,	Delta[s+](1) = 0.391234,	Delta[s+](2) = 0.240989,	Delta[s+](3) = 0.391234,	Delta[s+](4) = 0.391234,	Delta[s+](5) = 0.191828,	Delta[s+](6) = 0.0686115,	Delta[s+](7) = 0.191828,	Delta[s+](8) = 0.240989,	Delta[s+](9) = 0.0686115,	Delta[s+](10) = 0.0184661,	Delta[s+](11) = 0.0686115,	Delta[s+](12) = 0.391234,	Delta[s+](13) = 0.191828,	Delta[s+](14) = 0.0686115,	Delta[s+](15) = 0.191828
The 7-th iteration is completed.	|| time cost : 0h 1m 42.808s
********************************************************************************************************************
********************************************************************************************************************
Ground state is obtained after 8 iterations. The current ground-state energy is -29.6716, in which electron energy is -29.6725 and phonon energy is 0.000927496
final variational state is: 
	Gamma_x = [      1,1.00849,1.00552,1.00849,1.00849,1.00523,1.00148,1.00523,1.00552,1.00148,1.00004,1.00148,1.00849,1.00523,1.00148,1.00523]
	lambda_q = [   0.438193,     0.2424,   0.138066,     0.2424,     0.2424,   0.134458,  0.0583211,   0.134458,   0.138066,  0.0583211,-0.00789055,  0.0583211,     0.2424,   0.134458,  0.0583211,   0.134458]
The effective e-e interactions mediated by phonons are: [    1.5376,  0.791462,  0.316114,  0.791462,  0.791462,  0.311735, 0.0651651,  0.311735,  0.316114, 0.0651651,0.00128734, 0.0651651,  0.791462,  0.311735, 0.0651651,  0.311735]
The real-space interactions mediated by phonons are: [ -6.84456, -2.39305, -0.27079,-0.605801, -2.98891, -1.39194, -0.27079, -0.49515,-0.924176, -0.49515, -0.27079, -1.39194, -2.98891,-0.605801, -0.27079, -2.39305]
********************************************************************************************************************
o___o  ----------------------------------------
| L |	Time since last clock: 0h 0m 0s
A===A	Time since the beginning: 0h 11m 47.555s
***********************************************

********************************************************************************************************************
Start warm-up calculation for scaling factor 16
open output files: NGSEDWarmUpW4Obs.txt
********************************************************************************************************************
Start the 0 rounds of NGS-ED iteration
	effective electronic model is modified as: kinetic energy t = 0.984688
	                                           effective interaction Vq = [   -1.40538,  -0.657001,  -0.255109,  -0.657001,  -0.657001,  -0.250384, -0.0517143,  -0.250384,  -0.255109, -0.0517143,-0.00101345, -0.0517143,  -0.657001,  -0.250384, -0.0517143,  -0.250384]
	PARPACK diagonalization completed after 45 matrix-vector product operations.
	iteration results: : total energy is -28.259142 | electron energy -28.259606 + phonon energy 0.000464 | electron momentum kIdx = 0
	Nq(0) = 9,	Nq(1) = 0.206778,	Nq(2) = 0.268101,	Nq(3) = 0.206778,	Nq(4) = 0.206778,	Nq(5) = 0.248713,	Nq(6) = 0.311644,	Nq(7) = 0.248713,	Nq(8) = 0.268101,	Nq(9) = 0.311644,	Nq(10) = 0.36638,	Nq(11) = 0.311644,	Nq(12) = 0.206778,	Nq(13) = 0.248713,	Nq(14) = 0.311644,	Nq(15) = 0.248713,	Sq(0) = 1.40873e-18,	Sq(1) = 0.546896,	Sq(2) = 0.42572,	Sq(3) = 0.546896,	Sq(4) = 0.546896,	Sq(5) = 0.790195,	Sq(6) = 1.00795,	Sq(7) = 0.790195,	Sq(8) = 0.42572,	Sq(9) = 1.00795,	Sq(10) = 0.797252,	Sq(11) = 1.00795,	Sq(12) = 0.546896,	Sq(13) = 0.790195,	Sq(14) = 1.00795,	Sq(15) = 0.790195,	N(0) = 1.77985,	N(1) = 1.64673,	N(2) = 0.736101,	N(3) = 1.64673,	N(4) = 1.64673,	N(5) = 0.376103,	N(6) = 0.140296,	N(7) = 0.376103,	N(8) = 0.736101,	N(9) = 0.140296,	N(10) = 0.0954185,	N(11) = 0.140296,	N(12) = 1.64673,	N(13) = 0.376103,	N(14) = 0.140296,	N(15) = 0.376103,	Delta[s](0) = 0.0676108,	Delta[s](1) = 0.0473256,	Delta[s](2) = 0.0326547,	Delta[s](3) = 0.0473256,	Delta[s](4) = 0.0473256,	Delta[s](5) = 0.0292657,	Delta[s](6) = 0.0111496,	Delta[s](7) = 0.0292657,	Delta[s](8) = 0.0326547,	Delta[s](9) = 0.0111496,	Delta[s](10) = 0.00167908,	Delta[s](11) = 0.0111496,	Delta[s](12) = 0.0473256,	Delta[s](13) = 0.0292657,	Delta[s](14) = 0.0111496,	Delta[s](15) = 0.0292657,	Delta[d](0) = 0.253205,	Delta[d](1) = 0.199978,	Delta[d](2) = 0.244512,	Delta[d](3) = 0.199978,	Delta[d](4) = 0.199978,	Delta[d](5) = 0.136399,	Delta[d](6) = 0.165527,	Delta[d](7) = 0.136399,	Delta[d](8) = 0.244512,	Delta[d](9) = 0.165527,	Delta[d](10) = 0.0827998,	Delta[d](11) = 0.165527,	Delta[d](12) = 0.199978,	Delta[d](13) = 0.136399,	Delta[d](14) = 0.165527,	Delta[d](15) = 0.136399,	Delta[s+](0) = 0.581447,	Delta[s+](1) = 0.396494,	Delta[s+](2) = 0.244512,	Delta[s+](3) = 0.396494,	Delta[s+](4) = 0.396494,	Delta[s+](5) = 0.194986,	Delta[s+](6) = 0.070237,	Delta[s+](7) = 0.194986,	Delta[s+](8) = 0.244512,	Delta[s+](9) = 0.070237,	Delta[s+](10) = 0.018993,	Delta[s+](11) = 0.070237,	Delta[s+](12) = 0.396494,	Delta[s+](13) = 0.194986,	Delta[s+](14) = 0.070237,	Delta[s+](15) = 0.194986
The 0-th iteration is completed.	|| time cost : 0h 1m 42.774s
********************************************************************************************************************
Start the 1 rounds of NGS-ED iteration
	effective electronic model is modified as: kinetic energy t = 0.983527
	                                           effective interaction Vq = [   -1.47819,  -0.681761,  -0.260106,  -0.681761,  -0.681761,  -0.254089, -0.0518408,  -0.254089,  -0.260106, -0.0518408,-0.00100538, -0.0518408,  -0.681761,  -0.254089, -0.0518408,  -0.254089]
	PARPACK diagonalization completed after 45 matrix-vector product operations.
	iteration results: : total energy is -28.918880 | electron energy -28.920078 + phonon energy 0.001198 | electron momentum kIdx = 0
The 1-th iteration is completed.	|| time cost : 0h 0m 10.267s
********************************************************************************************************************
Start the 2 rounds of NGS-ED iteration
	effective electronic model is modified as: kinetic energy t = 0.982914
	                                           effective interaction Vq = [   -1.51091,  -0.694276,  -0.262373,  -0.694276,  -0.694276,  -0.255766, -0.0518967,  -0.255766,  -0.262373, -0.0518967,-0.00100253, -0.0518967,  -0.694276,  -0.255766, -0.0518967,  -0.255766]
	PARPACK diagonalization completed after 45 matrix-vector product operations.
	iteration results: : total energy is -29.214575 | electron energy -29.216339 + phonon energy 0.001764 | electron momentum kIdx = 0
The 2-th iteration is completed.	|| time cost : 0h 0m 10.268s
********************************************************************************************************************
Start the 3 rounds of NGS-ED iteration
	effective electronic model is modified as: kinetic energy t = 0.982594
	                                           effective interaction Vq = [   -1.52561,  -0.700766,  -0.263418,  -0.700766,  -0.700766,  -0.256536, -0.0519217,  -0.256536,  -0.263418, -0.0519217,-0.00100153, -0.0519217,  -0.700766,  -0.256536, -0.0519217,  -0.256536]
	PARPACK diagonalization completed after 30 matrix-vector product operations.
	iteration results: : total energy is -29.347232 | electron energy -29.349360 + phonon energy 0.002128 | electron momentum kIdx = 0
The 3-th iteration is completed.	|| time cost : 0h 0m 9.18s
********************************************************************************************************************
Start the 4 rounds of NGS-ED iteration
	effective electronic model is modified as: kinetic energy t = 0.982426
	                                           effective interaction Vq = [   -1.53221,  -0.704185,  -0.263903,  -0.704185,  -0.704185,  -0.256892,  -0.051933,  -0.256892,  -0.263903,  -0.051933,-0.00100119,  -0.051933,  -0.704185,  -0.256892,  -0.051933,  -0.256892]
	PARPACK diagonalization completed after 30 matrix-vector product operations.
	iteration results: : total energy is -29.406780 | electron energy -29.409124 + phonon energy 0.002345 | electron momentum kIdx = 0
The 4-th iteration is completed.	|| time cost : 0h 0m 9.189s
********************************************************************************************************************
Start the 5 rounds of NGS-ED iteration
	effective electronic model is modified as: kinetic energy t = 0.982338
	                                           effective interaction Vq = [   -1.53518,  -0.706002,  -0.264129,  -0.706002,  -0.706002,  -0.257057, -0.0519381,  -0.257057,  -0.264129, -0.0519381,-0.00100107, -0.0519381,  -0.706002,  -0.257057, -0.0519381,  -0.257057]
	PARPACK diagonalization completed after 30 matrix-vector product operations.
	iteration results: : total energy is -29.433519 | electron energy -29.435988 + phonon energy 0.002468 | electron momentum kIdx = 0
The 5-th iteration is completed.	|| time cost : 0h 0m 9.175s
********************************************************************************************************************
Start the 6 rounds of NGS-ED iteration
	effective electronic model is modified as: kinetic energy t = 0.982292
	                                           effective interaction Vq = [   -1.53651,  -0.706973,  -0.264236,  -0.706973,  -0.706973,  -0.257135, -0.0519405,  -0.257135,  -0.264236, -0.0519405,-0.00100104, -0.0519405,  -0.706973,  -0.257135, -0.0519405,  -0.257135]
	PARPACK diagonalization completed after 30 matrix-vector product operations.
	iteration results: : total energy is -29.445530 | electron energy -29.448067 + phonon energy 0.002537 | electron momentum kIdx = 0
The 6-th iteration is completed.	|| time cost : 0h 0m 9.188s
********************************************************************************************************************
Start the 7 rounds of NGS-ED iteration
	effective electronic model is modified as: kinetic energy t = 0.982268
	                                           effective interaction Vq = [   -1.53711,  -0.707495,  -0.264286,  -0.707495,  -0.707495,  -0.257172, -0.0519416,  -0.257172,  -0.264286, -0.0519416,-0.00100103, -0.0519416,  -0.707495,  -0.257172, -0.0519416,  -0.257172]
	PARPACK diagonalization completed after 30 matrix-vector product operations.
	iteration results: : total energy is -29.450925 | electron energy -29.453500 + phonon energy 0.002575 | electron momentum kIdx = 0
The 7-th iteration is completed.	|| time cost : 0h 0m 9.185s
********************************************************************************************************************
Start the 8 rounds of NGS-ED iteration
	effective electronic model is modified as: kinetic energy t = 0.982255
	                                           effective interaction Vq = [   -1.53738,  -0.707775,  -0.264309,  -0.707775,  -0.707775,  -0.257189, -0.0519421,  -0.257189,  -0.264309, -0.0519421,-0.00100102, -0.0519421,  -0.707775,  -0.257189, -0.0519421,  -0.257189]
	PARPACK diagonalization completed after 30 matrix-vector product operations.
	iteration results: : total energy is -29.453349 | electron energy -29.455944 + phonon energy 0.002596 | electron momentum kIdx = 0
The 8-th iteration is completed.	|| time cost : 0h 0m 9.187s
********************************************************************************************************************
Start the 9 rounds of NGS-ED iteration
	effective electronic model is modified as: kinetic energy t = 0.982248
	                                           effective interaction Vq = [    -1.5375,  -0.707926,   -0.26432,  -0.707926,  -0.707926,  -0.257197, -0.0519423,  -0.257197,   -0.26432, -0.0519423,-0.00100102, -0.0519423,  -0.707926,  -0.257197, -0.0519423,  -0.257197]
	PARPACK diagonalization completed after 30 matrix-vector product operations.
	iteration results: : total energy is -29.454438 | electron energy -29.457045 + phonon energy 0.002607 | electron momentum kIdx = 0
The 9-th iteration is completed.	|| time cost : 0h 0m 9.174s
********************************************************************************************************************
Start the 10 rounds of NGS-ED iteration
	effective electronic model is modified as: kinetic energy t = 0.982244
	                                           effective interaction Vq = [   -1.53756,  -0.708007,  -0.264325,  -0.708007,  -0.708007,  -0.257201, -0.0519424,  -0.257201,  -0.264325, -0.0519424,-0.00100102, -0.0519424,  -0.708007,  -0.257201, -0.0519424,  -0.257201]
	PARPACK diagonalization completed after 30 matrix-vector product operations.
	iteration results: : total energy is -29.454927 | electron energy -29.457540 + phonon energy 0.002613 | electron momentum kIdx = 0
	Nq(0) = 9,	Nq(1) = 0.208096,	Nq(2) = 0.267834,	Nq(3) = 0.208096,	Nq(4) = 0.208096,	Nq(5) = 0.248555,	Nq(6) = 0.311192,	Nq(7) = 0.248555,	Nq(8) = 0.267834,	Nq(9) = 0.311192,	Nq(10) = 0.365932,	Nq(11) = 0.311192,	Nq(12) = 0.208096,	Nq(13) = 0.248555,	Nq(14) = 0.311192,	Nq(15) = 0.248555,	Sq(0) = 9.43813e-20,	Sq(1) = 0.546335,	Sq(2) = 0.425839,	Sq(3) = 0.546335,	Sq(4) = 0.546335,	Sq(5) = 0.789823,	Sq(6) = 1.00799,	Sq(7) = 0.789823,	Sq(8) = 0.425839,	Sq(9) = 1.00799,	Sq(10) = 0.798776,	Sq(11) = 1.00799,	Sq(12) = 0.546335,	Sq(13) = 0.789823,	Sq(14) = 1.00799,	Sq(15) = 0.789823,	N(0) = 1.77999,	N(1) = 1.64758,	N(2) = 0.73546,	N(3) = 1.64758,	N(4) = 1.64758,	N(5) = 0.375277,	N(6) = 0.14044,	N(7) = 0.375277,	N(8) = 0.73546,	N(9) = 0.14044,	N(10) = 0.0959056,	N(11) = 0.14044,	N(12) = 1.64758,	N(13) = 0.375277,	N(14) = 0.14044,	N(15) = 0.375277,	Delta[s](0) = 0.0675191,	Delta[s](1) = 0.0473203,	Delta[s](2) = 0.0327094,	Delta[s](3) = 0.0473203,	Delta[s](4) = 0.0473203,	Delta[s](5) = 0.0293362,	Delta[s](6) = 0.0112807,	Delta[s](7) = 0.0293362,	Delta[s](8) = 0.0327094,	Delta[s](9) = 0.0112807,	Delta[s](10) = 0.0017992,	Delta[s](11) = 0.0112807,	Delta[s](12) = 0.0473203,	Delta[s](13) = 0.0293362,	Delta[s](14) = 0.0112807,	Delta[s](15) = 0.0293362,	Delta[d](0) = 0.262929,	Delta[d](1) = 0.207854,	Delta[d](2) = 0.253844,	Delta[d](3) = 0.207854,	Delta[d](4) = 0.207854,	Delta[d](5) = 0.141786,	Delta[d](6) = 0.171876,	Delta[d](7) = 0.141786,	Delta[d](8) = 0.253844,	Delta[d](9) = 0.171876,	Delta[d](10) = 0.0861348,	Delta[d](11) = 0.171876,	Delta[d](12) = 0.207854,	Delta[d](13) = 0.141786,	Delta[d](14) = 0.171876,	Delta[d](15) = 0.141786,	Delta[s+](0) = 0.603458,	Delta[s+](1) = 0.411519,	Delta[s+](2) = 0.253844,	Delta[s+](3) = 0.411519,	Delta[s+](4) = 0.411519,	Delta[s+](5) = 0.20251,	Delta[s+](6) = 0.0731522,	Delta[s+](7) = 0.20251,	Delta[s+](8) = 0.253844,	Delta[s+](9) = 0.0731522,	Delta[s+](10) = 0.01994,	Delta[s+](11) = 0.0731522,	Delta[s+](12) = 0.411519,	Delta[s+](13) = 0.20251,	Delta[s+](14) = 0.0731522,	Delta[s+](15) = 0.20251
The 10-th iteration is completed.	|| time cost : 0h 1m 41.77s
********************************************************************************************************************
Start the 11 rounds of NGS-ED iteration
	effective electronic model is modified as: kinetic energy t = 0.982242
	                                           effective interaction Vq = [   -1.53758,  -0.708051,  -0.264328,  -0.708051,  -0.708051,  -0.257203, -0.0519425,  -0.257203,  -0.264328, -0.0519425,-0.00100102, -0.0519425,  -0.708051,  -0.257203, -0.0519425,  -0.257203]
	PARPACK diagonalization completed after 30 matrix-vector product operations.
	iteration results: : total energy is -29.455147 | electron energy -29.457763 + phonon energy 0.002616 | electron momentum kIdx = 0
The 11-th iteration is completed.	|| time cost : 0h 0m 9.257s
********************************************************************************************************************
Start the 12 rounds of NGS-ED iteration
	effective electronic model is modified as: kinetic energy t = 0.982241
	                                           effective interaction Vq = [   -1.53759,  -0.708075,  -0.264329,  -0.708075,  -0.708075,  -0.257204, -0.0519425,  -0.257204,  -0.264329, -0.0519425,-0.00100102, -0.0519425,  -0.708075,  -0.257204, -0.0519425,  -0.257204]
	PARPACK diagonalization completed after 30 matrix-vector product operations.
	iteration results: : total energy is -29.455245 | electron energy -29.457863 + phonon energy 0.002618 | electron momentum kIdx = 0
