SNEDics v3.22.2 Non-Gaussian ED ground state program		Start at Tue Apr 19 05:47:55 2022

Parallelization: 32 MPI threads  * 8 OpenMP threads = 256 total threads.
********************************************************************************************************************
********************************************************************************************************************

********************************************************************************************************************
System parameters and configurations
	special program options are enabled: splitted diagonal Hamiltonian | splitted Hamiltonian terms
********************************************************************************************************************
Read input file "model_params.in"
	Hubbard-Holstein model parameters : 	t = 1    t' = -0.3    U = 8    g = 0.15    W = 0.2    
********************************************************************************************************************
Read input file "hilbertspace_params.in"
	Requested 16-site 2D lattice, with 12 electrons (6, 6)
	Boundary : Periodic		Hilbert space representation : momentum-space (restricted to kIdx = 0)
	Conservation: particle number[U(1)]      spin[U(1)]     momentum
********************************************************************************************************************

Cluster Positions:				Cluster symmetry group : D4
 x ... x ... x ... x .....                       x ... x ... x ... x .....
 |           |           :                       |           |           :
 |           |           :                       |           |           :
12    13    14    15     x                       1     5     6     5     x
 |           |           :                       |           |           :
 |           |           :                       |           |           :
 8 --- 9 ---10 ---11 --- x                       2 --- 6 ---10 --- 6 --- x
 |           |           :                       |           |           :
 |           |           :                       |           |           :
 4     5     6     7     x                       1     5     6     5     x
 |           |           :                       |           |           :
 |           |           :                       |           |           :
 0 --- 1 --- 2 --- 3 --- x                       0 --- 1 --- 2 --- 1 --- x
orbital number : 1
********************************************************************************************************************
Read input file "obs_params.in"
	Observable Type : Nq(All),   Sq(All),   N(All-Orbital),   Delta[s](All),   Delta[d](All),   Delta[s+](All)
** WARNING ** the input observables have non-local factors which have been reinterpreted. The total observable number is 96
********************************************************************************************************************


********************************************************************************************************************
Start calculating the non-Gaussian ED ground state
Maximal iteration number is 1000; energy resolution is 1e-06. Phonon state relaxation time is 2000
W = 0.2 is relatively large. The non-Gaussian ED calculation starts directly.
open output files: NGSED_iteration_observables.txt
********************************************************************************************************************
Start the 0 rounds of NGS-ED iteration
	effective electronic model is modified as: kinetic energy t = 1, t' = -0.3
	                                           effective interaction Vq = [0,0,0,0,0,0,0,0,0,0,0,0,0,0,0,0]
	first Hamiltonian is constructed, size = 4008592 and non-zero numbers = 969952250
	PARPACK diagonalization completed after 135 matrix-vector product operations.
	iteration results: : total energy is -15.091341 | electron energy -15.091341 + phonon energy 0.000000 | electron momentum kIdx = 0
	Nq(0) = 9,	Nq(1) = 0.182775,	Nq(2) = 0.248843,	Nq(3) = 0.182775,	Nq(4) = 0.182775,	Nq(5) = 0.263236,	
	Nq(6) = 0.307436,	Nq(7) = 0.263236,	Nq(8) = 0.248843,	Nq(9) = 0.307436,	Nq(10) = 0.356784,	
	Nq(11) = 0.307436,	Nq(12) = 0.182775,	Nq(13) = 0.263236,	Nq(14) = 0.307436,	Nq(15) = 0.263236;	
	Sq(0) = 2.57275e-18,	Sq(1) = 0.523525,	Sq(2) = 0.451304,	Sq(3) = 0.523525,	Sq(4) = 0.523525,	
	Sq(5) = 0.707557,	Sq(6) = 1.00669,	Sq(7) = 0.707557,	Sq(8) = 0.451304,	Sq(9) = 1.00669,	
	Sq(10) = 1.27807,	Sq(11) = 1.00669,	Sq(12) = 0.523525,	Sq(13) = 0.707557,	Sq(14) = 1.00669,	
	Sq(15) = 0.707557;	N(0) = 1.72657,	N(1) = 1.59708,	N(2) = 1.0703,	N(3) = 1.59708,	
	N(4) = 1.59708,	N(5) = 0.264255,	N(6) = 0.153085,	N(7) = 0.264255,	N(8) = 1.0703,	
	N(9) = 0.153085,	N(10) = 0.0751403,	N(11) = 0.153085,	N(12) = 1.59708,	N(13) = 0.264255,	
	N(14) = 0.153085,	N(15) = 0.264255;	Delta[s](0) = 0.0627466,	Delta[s](1) = 0.0414569,	Delta[s](2) = 0.0334608,	
	Delta[s](3) = 0.0414569,	Delta[s](4) = 0.0414569,	Delta[s](5) = 0.0226089,	Delta[s](6) = 0.0117094,	Delta[s](7) = 0.0226089,	
	Delta[s](8) = 0.0334608,	Delta[s](9) = 0.0117094,	Delta[s](10) = 0.00135949,	Delta[s](11) = 0.0117094,	Delta[s](12) = 0.0414569,	
	Delta[s](13) = 0.0226089,	Delta[s](14) = 0.0117094,	Delta[s](15) = 0.0226089;	Delta[d](0) = 0.539769,	Delta[d](1) = 0.257899,	
	Delta[d](2) = 0.265977,	Delta[d](3) = 0.257899,	Delta[d](4) = 0.257899,	Delta[d](5) = 0.14112,	Delta[d](6) = 0.159107,	
	Delta[d](7) = 0.14112,	Delta[d](8) = 0.265977,	Delta[d](9) = 0.159107,	Delta[d](10) = 0.107499,	Delta[d](11) = 0.159107,	
	Delta[d](12) = 0.257899,	Delta[d](13) = 0.14112,	Delta[d](14) = 0.159107,	Delta[d](15) = 0.14112;	Delta[s+](0) = 0.519058,	
	Delta[s+](1) = 0.356632,	Delta[s+](2) = 0.265977,	Delta[s+](3) = 0.356632,	Delta[s+](4) = 0.356632,	Delta[s+](5) = 0.15512,	
	Delta[s+](6) = 0.0644805,	Delta[s+](7) = 0.15512,	Delta[s+](8) = 0.265977,	Delta[s+](9) = 0.0644805,	Delta[s+](10) = 0.0122514,	
	Delta[s+](11) = 0.0644805,	Delta[s+](12) = 0.356632,	Delta[s+](13) = 0.15512,	Delta[s+](14) = 0.0644805,	Delta[s+](15) = 0.15512
	
The 0-th iteration is completed.	|| time cost : 0h 2m 2.016s
********************************************************************************************************************
Start the 1 rounds of NGS-ED iteration
	effective electronic model is modified as: kinetic energy t = 0.999058, t' = -0.299656
	                                           effective interaction Vq = [    -0.1125, -0.0128319,-0.00898102, -0.0128319, -0.0128319,-0.00967466,-0.00769052,-0.00967466,-0.00898102,-0.00769052,-0.00683755,-0.00769052, -0.0128319,-0.00967466,-0.00769052,-0.00967466]
	PARPACK diagonalization completed after 45 matrix-vector product operations.
	iteration results: : total energy is -16.122109 | electron energy -16.122212 + phonon energy 0.000103 | electron momentum kIdx = 0
The 1-th iteration is completed.	|| time cost : 0h 1m 18.131s
********************************************************************************************************************
Start the 2 rounds of NGS-ED iteration
	effective electronic model is modified as: kinetic energy t = 0.999058, t' = -0.299656
	                                           effective interaction Vq = [    -0.1125, -0.0128392,-0.00897896, -0.0128392, -0.0128392, -0.0096766,-0.00768973, -0.0096766,-0.00897896,-0.00768973,-0.00683659,-0.00768973, -0.0128392, -0.0096766,-0.00768973, -0.0096766]
	PARPACK diagonalization completed after 30 matrix-vector product operations.
	iteration results: : total energy is -16.122109 | electron energy -16.122212 + phonon energy 0.000103 | electron momentum kIdx = 0
The 2-th iteration is completed.	|| time cost : 0h 0m 9.55s
********************************************************************************************************************
Start the 3 rounds of NGS-ED iteration
	effective electronic model is modified as: kinetic energy t = 0.999058, t' = -0.299656
	                                           effective interaction Vq = [    -0.1125, -0.0128392,-0.00897895, -0.0128392, -0.0128392, -0.0096766,-0.00768973, -0.0096766,-0.00897895,-0.00768973,-0.00683659,-0.00768973, -0.0128392, -0.0096766,-0.00768973, -0.0096766]
	PARPACK diagonalization completed after 30 matrix-vector product operations.
	iteration results: : total energy is -16.122109 | electron energy -16.122212 + phonon energy 0.000103 | electron momentum kIdx = 0
	Nq(0) = 9,	Nq(1) = 0.18295,	Nq(2) = 0.248869,	Nq(3) = 0.18295,	Nq(4) = 0.18295,	Nq(5) = 0.263399,	
	Nq(6) = 0.307534,	Nq(7) = 0.263399,	Nq(8) = 0.248869,	Nq(9) = 0.307534,	Nq(10) = 0.356902,	
	Nq(11) = 0.307534,	Nq(12) = 0.18295,	Nq(13) = 0.263399,	Nq(14) = 0.307534,	Nq(15) = 0.263399;	
	Sq(0) = 6.26117e-18,	Sq(1) = 0.523534,	Sq(2) = 0.451298,	Sq(3) = 0.523534,	Sq(4) = 0.523534,	
	Sq(5) = 0.707198,	Sq(6) = 1.00642,	Sq(7) = 0.707198,	Sq(8) = 0.451298,	Sq(9) = 1.00642,	
	Sq(10) = 1.27861,	Sq(11) = 1.00642,	Sq(12) = 0.523534,	Sq(13) = 0.707198,	Sq(14) = 1.00642,	
	Sq(15) = 0.707198;	N(0) = 1.72702,	N(1) = 1.59773,	N(2) = 1.07007,	N(3) = 1.59773,	
	N(4) = 1.59773,	N(5) = 0.263798,	N(6) = 0.152903,	N(7) = 0.263798,	N(8) = 1.07007,	
	N(9) = 0.152903,	N(10) = 0.0750916,	N(11) = 0.152903,	N(12) = 1.59773,	N(13) = 0.263798,	
	N(14) = 0.152903,	N(15) = 0.263798;	Delta[s](0) = 0.0628801,	Delta[s](1) = 0.0415478,	Delta[s](2) = 0.0335392,	
	Delta[s](3) = 0.0415478,	Delta[s](4) = 0.0415478,	Delta[s](5) = 0.0226643,	Delta[s](6) = 0.0117304,	Delta[s](7) = 0.0226643,	
	Delta[s](8) = 0.0335392,	Delta[s](9) = 0.0117304,	Delta[s](10) = 0.0013574,	Delta[s](11) = 0.0117304,	Delta[s](12) = 0.0415478,	
	Delta[s](13) = 0.0226643,	Delta[s](14) = 0.0117304,	Delta[s](15) = 0.0226643;	Delta[d](0) = 0.539996,	Delta[d](1) = 0.257909,	
	Delta[d](2) = 0.266027,	Delta[d](3) = 0.257909,	Delta[d](4) = 0.257909,	Delta[d](5) = 0.141105,	Delta[d](6) = 0.159085,	
	Delta[d](7) = 0.141105,	Delta[d](8) = 0.266027,	Delta[d](9) = 0.159085,	Delta[d](10) = 0.107326,	Delta[d](11) = 0.159085,	
	Delta[d](12) = 0.257909,	Delta[d](13) = 0.141105,	Delta[d](14) = 0.159085,	Delta[d](15) = 0.141105;	Delta[s+](0) = 0.519251,	
	Delta[s+](1) = 0.356751,	Delta[s+](2) = 0.266027,	Delta[s+](3) = 0.356751,	Delta[s+](4) = 0.356751,	Delta[s+](5) = 0.155139,	
	Delta[s+](6) = 0.0644481,	Delta[s+](7) = 0.155139,	Delta[s+](8) = 0.266027,	Delta[s+](9) = 0.0644481,	Delta[s+](10) = 0.0122445,	
	Delta[s+](11) = 0.0644481,	Delta[s+](12) = 0.356751,	Delta[s+](13) = 0.155139,	Delta[s+](14) = 0.0644481,	Delta[s+](15) = 0.155139
	
The 3-th iteration is completed.	|| time cost : 0h 1m 19.68s
********************************************************************************************************************
********************************************************************************************************************
Ground state is obtained after 4 iterations. The current ground-state energy is -16.1221, in which electron energy is -16.1222 and phonon energy is 0.000103138
Final variational state is: 
	Gamma_x = [      1,1.01145,  1.011,1.01145,1.01145,1.01254,1.01168,1.01254,  1.011,1.01168,1.01208,1.01168,1.01145,1.01254,1.01168,1.01254]
	lambda_q = [     0.75,0.0440936,0.0305521,0.0440936,0.0440936,0.0329805,0.0260861,0.0329805,0.0305521,0.0260861,0.0231458,0.0260861,0.0440936,0.0329805,0.0260861,0.0329805]
Effective e-e interactions mediated by phonons are:
	momentum-space Vq = [    -0.1125, -0.0128392,-0.00897895, -0.0128392, -0.0128392, -0.0096766,-0.00768973, -0.0096766,-0.00897895,-0.00768973,-0.00683659,-0.00768973, -0.0128392, -0.0096766,-0.00768973, -0.0096766]
	real-space Vr = [ -0.0161323,-0.00724765,-0.00616175,-0.00724765,-0.00724765,-0.00633617,-0.00596027,-0.00633617,-0.00616175,-0.00596027,-0.00586782,-0.00596027,-0.00724765,-0.00633617,-0.00596027,-0.00633617]
********************************************************************************************************************
o___o  ----------------------------------------
| L |	Time since last clock: 0h 0m 0.006s
A===A	Time since the beginning: 0h 4m 49.387s
***********************************************


Non-Gaussina ED ground state calculation is completed. The final ground-state energy is -16.1221
********************************************************************************************************************
o___o  ----------------------------------------
| L |	Time since last clock: 0h 0m 0.002s
A===A	Time since the beginning: 0h 4m 49.39s
***********************************************



********************************************************************************************************************
All non-Gaussian ED ground state calculations have been completed. Exit now.
