SNEDics v3.22.2 Non-Gaussian ED ground state program		Start at Sun Apr 17 21:01:47 2022

Parallelization: 32 MPI threads  * 8 OpenMP threads = 256 total threads.
********************************************************************************************************************
********************************************************************************************************************

********************************************************************************************************************
System parameters and configurations
	special program options are enabled: splitted diagonal Hamiltonian | splitted Hamiltonian terms
********************************************************************************************************************
Read input file "model_params.in"
	Hubbard-Holstein model parameters : 	t = 1    t' = -0.3    U = 8    g = 0.1    W = 0.2    g' = 0.4    
********************************************************************************************************************
Read input file "hilbertspace_params.in"
	Requested 16-site 2D lattice, with 8 electrons (4, 4)
	Boundary : Periodic		Hilbert space representation : momentum-space (restricted to kIdx = 10)
	Conservation: particle number[U(1)]      spin[U(1)]     momentum
********************************************************************************************************************

Cluster Positions:				Cluster symmetry group : D4
 x ... x ... x ... x .....                       x ... x ... x ... x .....
 |           |           :                       |           |           :
 |           |           :                       |           |           :
12    13    14    15     x                       1     5     6     5     x
 |           |           :                       |           |           :
 |           |           :                       |           |           :
 8 --- 9 ---10 ---11 --- x                       2 --- 6 ---10 --- 6 --- x
 |           |           :                       |           |           :
 |           |           :                       |           |           :
 4     5     6     7     x                       1     5     6     5     x
 |           |           :                       |           |           :
 |           |           :                       |           |           :
 0 --- 1 --- 2 --- 3 --- x                       0 --- 1 --- 2 --- 1 --- x
orbital number : 1
********************************************************************************************************************
Read input file "obs_params.in"
	Observable Type : Nq(All),   Sq(All),   N(All-Orbital),   Delta[s](All),   Delta[d](All),   Delta[s+](All)
** WARNING ** the input observables have non-local factors which have been reinterpreted. The total observable number is 96
********************************************************************************************************************


********************************************************************************************************************
Start calculating the non-Gaussian ED ground state
Maximal iteration number is 1000; energy resolution is 1e-06. Phonon state relaxation time is 2000
W = 0.2 is relatively large. The non-Gaussian ED calculation starts directly.
open output files: NGSED_iteration_observables.txt
********************************************************************************************************************
Start the 0 rounds of NGS-ED iteration
	effective electronic model is modified as: kinetic energy t = 1, t' = -0.3
	                                           effective interaction Vq = [0,0,0,0,0,0,0,0,0,0,0,0,0,0,0,0]
	first Hamiltonian is constructed, size = 207168 and non-zero numbers = 32240256
	PARPACK diagonalization completed after 105 matrix-vector product operations.
	iteration results: : total energy is -14.405877 | electron energy -14.405877 + phonon energy 0.000000 | electron momentum kIdx = 10
	Nq(0) = 4,	Nq(1) = 0.191255,	Nq(2) = 0.234333,	Nq(3) = 0.191255,	Nq(4) = 0.191255,	Nq(5) = 0.305984,	
	Nq(6) = 0.331756,	Nq(7) = 0.305984,	Nq(8) = 0.234333,	Nq(9) = 0.331756,	Nq(10) = 0.361611,	
	Nq(11) = 0.331756,	Nq(12) = 0.191255,	Nq(13) = 0.305984,	Nq(14) = 0.331756,	Nq(15) = 0.305984;	
	Sq(0) = -3.48352e-18,	Sq(1) = 0.388709,	Sq(2) = 0.400904,	Sq(3) = 0.388709,	Sq(4) = 0.388709,	
	Sq(5) = 0.66772,	Sq(6) = 0.571758,	Sq(7) = 0.66772,	Sq(8) = 0.400904,	Sq(9) = 0.571758,	
	Sq(10) = 0.539189,	Sq(11) = 0.571758,	Sq(12) = 0.388709,	Sq(13) = 0.66772,	Sq(14) = 0.571758,	
	Sq(15) = 0.66772;	N(0) = 1.74885,	N(1) = 0.991935,	N(2) = 0.972078,	N(3) = 0.991935,	
	N(4) = 0.991935,	N(5) = 0.0652548,	N(6) = 0.0181601,	N(7) = 0.0652548,	N(8) = 0.972078,	
	N(9) = 0.0181601,	N(10) = 0.00559157,	N(11) = 0.0181601,	N(12) = 0.991935,	N(13) = 0.0652548,	
	N(14) = 0.0181601,	N(15) = 0.0652548;	Delta[s](0) = 0.0103339,	Delta[s](1) = 0.00757248,	Delta[s](2) = 0.00773615,	
	Delta[s](3) = 0.00757248,	Delta[s](4) = 0.00757248,	Delta[s](5) = 0.0016528,	Delta[s](6) = 0.00206912,	Delta[s](7) = 0.0016528,	
	Delta[s](8) = 0.00773615,	Delta[s](9) = 0.00206912,	Delta[s](10) = 0.0021437,	Delta[s](11) = 0.00206912,	Delta[s](12) = 0.00757248,	
	Delta[s](13) = 0.0016528,	Delta[s](14) = 0.00206912,	Delta[s](15) = 0.0016528;	Delta[d](0) = 0.0223853,	Delta[d](1) = 0.0614058,	
	Delta[d](2) = 0.123613,	Delta[d](3) = 0.0614058,	Delta[d](4) = 0.0614058,	Delta[d](5) = 0.0784383,	Delta[d](6) = 0.154324,	
	Delta[d](7) = 0.0784383,	Delta[d](8) = 0.123613,	Delta[d](9) = 0.154324,	Delta[d](10) = 0.266138,	Delta[d](11) = 0.154324,	
	Delta[d](12) = 0.0614058,	Delta[d](13) = 0.0784383,	Delta[d](14) = 0.154324,	Delta[d](15) = 0.0784383;	Delta[s+](0) = 0.211822,	
	Delta[s+](1) = 0.142182,	Delta[s+](2) = 0.123613,	Delta[s+](3) = 0.142182,	Delta[s+](4) = 0.142182,	Delta[s+](5) = 0.0183921,	
	Delta[s+](6) = 0.0250295,	Delta[s+](7) = 0.0183921,	Delta[s+](8) = 0.123613,	Delta[s+](9) = 0.0250295,	Delta[s+](10) = 0.00895085,	
	Delta[s+](11) = 0.0250295,	Delta[s+](12) = 0.142182,	Delta[s+](13) = 0.0183921,	Delta[s+](14) = 0.0250295,	Delta[s+](15) = 0.0183921
	
The 0-th iteration is completed.	|| time cost : 0h 0m 6.268s
********************************************************************************************************************
Start the 1 rounds of NGS-ED iteration
	effective electronic model is modified as: kinetic energy t = 0.869072, t' = -0.273228
	                                           effective interaction Vq = [     -14.45,   -1.54736,-0.00524334,   -1.54736,   -1.54736,-0.00680239,  -0.441648,-0.00680239,-0.00524334,  -0.441648,   -8.19117,  -0.441648,   -1.54736,-0.00680239,  -0.441648,-0.00680239]
	PARPACK diagonalization completed after 165 matrix-vector product operations.
	iteration results: : total energy is -91.152902 | electron energy -92.417233 + phonon energy 1.264331 | electron momentum kIdx = 10
The 1-th iteration is completed.	|| time cost : 0h 0m 4.463s
********************************************************************************************************************
Start the 2 rounds of NGS-ED iteration
	effective electronic model is modified as: kinetic energy t = 0.682825, t' = -0.299196
	                                           effective interaction Vq = [     -14.45,  -0.147874,  -0.001734,  -0.147874,  -0.147874,-0.00176148,  -0.085342,-0.00176148,  -0.001734,  -0.085342,    -11.245,  -0.085342,  -0.147874,-0.00176148,  -0.085342,-0.00176148]
	PARPACK diagonalization completed after 30 matrix-vector product operations.
	iteration results: : total energy is -103.042484 | electron energy -103.833724 + phonon energy 0.791241 | electron momentum kIdx = 10
The 2-th iteration is completed.	|| time cost : 0h 0m 1.403s
********************************************************************************************************************
Start the 3 rounds of NGS-ED iteration
	effective electronic model is modified as: kinetic energy t = 0.561396, t' = -0.299321
	                                           effective interaction Vq = [     -14.45,  -0.141455,-0.00169385,  -0.141455,  -0.141455,-0.00156525, -0.0719373,-0.00156525,-0.00169385, -0.0719373,    -11.248, -0.0719373,  -0.141455,-0.00156525, -0.0719373,-0.00156525]
	PARPACK diagonalization completed after 30 matrix-vector product operations.
	iteration results: : total energy is -103.145016 | electron energy -103.643731 + phonon energy 0.498715 | electron momentum kIdx = 10
The 3-th iteration is completed.	|| time cost : 0h 0m 1.387s
********************************************************************************************************************
Start the 4 rounds of NGS-ED iteration
	effective electronic model is modified as: kinetic energy t = 0.511586, t' = -0.299256
	                                           effective interaction Vq = [     -14.45,  -0.148975,-0.00178634,  -0.148975,  -0.148975,-0.00163248, -0.0740871,-0.00163248,-0.00178634, -0.0740871,   -11.2485, -0.0740871,  -0.148975,-0.00163248, -0.0740871,-0.00163248]
	PARPACK diagonalization completed after 30 matrix-vector product operations.
	iteration results: : total energy is -103.156354 | electron energy -103.575212 + phonon energy 0.418858 | electron momentum kIdx = 10
The 4-th iteration is completed.	|| time cost : 0h 0m 1.371s
********************************************************************************************************************
Start the 5 rounds of NGS-ED iteration
	effective electronic model is modified as: kinetic energy t = 0.486142, t' = -0.299217
	                                           effective interaction Vq = [     -14.45,  -0.152919,-0.00183442,  -0.152919,  -0.152919,-0.00167671, -0.0758971,-0.00167671,-0.00183442, -0.0758971,   -11.2487, -0.0758971,  -0.152919,-0.00167671, -0.0758971,-0.00167671]
	PARPACK diagonalization completed after 30 matrix-vector product operations.
	iteration results: : total energy is -103.158911 | electron energy -103.542558 + phonon energy 0.383647 | electron momentum kIdx = 10
The 5-th iteration is completed.	|| time cost : 0h 0m 1.339s
********************************************************************************************************************
Start the 6 rounds of NGS-ED iteration
	effective electronic model is modified as: kinetic energy t = 0.471587, t' = -0.299194
	                                           effective interaction Vq = [     -14.45,  -0.155124,-0.00186124,  -0.155124,  -0.155124,-0.00170359, -0.0770781,-0.00170359,-0.00186124, -0.0770781,   -11.2488, -0.0770781,  -0.155124,-0.00170359, -0.0770781,-0.00170359]
	PARPACK diagonalization completed after 30 matrix-vector product operations.
	iteration results: : total energy is -103.159691 | electron energy -103.524605 + phonon energy 0.364914 | electron momentum kIdx = 10
The 6-th iteration is completed.	|| time cost : 0h 0m 1.346s
********************************************************************************************************************
Start the 7 rounds of NGS-ED iteration
	effective electronic model is modified as: kinetic energy t = 0.462701, t' = -0.299179
	                                           effective interaction Vq = [     -14.45,  -0.156444,-0.00187728,  -0.156444,  -0.156444,-0.00172038, -0.0778414,-0.00172038,-0.00187728, -0.0778414,   -11.2489, -0.0778414,  -0.156444,-0.00172038, -0.0778414,-0.00172038]
	PARPACK diagonalization completed after 30 matrix-vector product operations.
	iteration results: : total energy is -103.159970 | electron energy -103.513906 + phonon energy 0.353937 | electron momentum kIdx = 10
The 7-th iteration is completed.	|| time cost : 0h 0m 1.345s
********************************************************************************************************************
Start the 8 rounds of NGS-ED iteration
	effective electronic model is modified as: kinetic energy t = 0.457056, t' = -0.29917
	                                           effective interaction Vq = [     -14.45,  -0.157272,-0.00188733,  -0.157272,  -0.157272,-0.00173117, -0.0783409,-0.00173117,-0.00188733, -0.0783409,   -11.2489, -0.0783409,  -0.157272,-0.00173117, -0.0783409,-0.00173117]
	PARPACK diagonalization completed after 30 matrix-vector product operations.
	iteration results: : total energy is -103.160080 | electron energy -103.507213 + phonon energy 0.347134 | electron momentum kIdx = 10
The 8-th iteration is completed.	|| time cost : 0h 0m 1.332s
********************************************************************************************************************
Start the 9 rounds of NGS-ED iteration
	effective electronic model is modified as: kinetic energy t = 0.453378, t' = -0.299164
	                                           effective interaction Vq = [     -14.45,  -0.157807,-0.00189382,  -0.157807,  -0.157807,-0.00173824, -0.0786721,-0.00173824,-0.00189382, -0.0786721,   -11.2489, -0.0786721,  -0.157807,-0.00173824, -0.0786721,-0.00173824]
	PARPACK diagonalization completed after 30 matrix-vector product operations.
	iteration results: : total energy is -103.160126 | electron energy -103.502896 + phonon energy 0.342770 | electron momentum kIdx = 10
The 9-th iteration is completed.	|| time cost : 0h 0m 1.327s
********************************************************************************************************************
Start the 10 rounds of NGS-ED iteration
	effective electronic model is modified as: kinetic energy t = 0.450941, t' = -0.29916
	                                           effective interaction Vq = [     -14.45,  -0.158159,-0.00189809,  -0.158159,  -0.158159,-0.00174294, -0.0788938,-0.00174294,-0.00189809, -0.0788937,   -11.2489, -0.0788938,  -0.158159,-0.00174294, -0.0788937,-0.00174294]
	PARPACK diagonalization completed after 30 matrix-vector product operations.
	iteration results: : total energy is -103.160146 | electron energy -103.500054 + phonon energy 0.339908 | electron momentum kIdx = 10
The 10-th iteration is completed.	|| time cost : 0h 0m 1.332s
********************************************************************************************************************
Start the 11 rounds of NGS-ED iteration
	effective electronic model is modified as: kinetic energy t = 0.449309, t' = -0.299157
	                                           effective interaction Vq = [     -14.45,  -0.158393,-0.00190093,  -0.158393,  -0.158393,-0.00174609, -0.0790432,-0.00174609,-0.00190093, -0.0790432,    -11.249, -0.0790432,  -0.158393,-0.00174609, -0.0790432,-0.00174609]
	PARPACK diagonalization completed after 30 matrix-vector product operations.
	iteration results: : total energy is -103.160155 | electron energy -103.498159 + phonon energy 0.338004 | electron momentum kIdx = 10
The 11-th iteration is completed.	|| time cost : 0h 0m 1.328s
********************************************************************************************************************
Start the 12 rounds of NGS-ED iteration
	effective electronic model is modified as: kinetic energy t = 0.448208, t' = -0.299155
	                                           effective interaction Vq = [     -14.45,  -0.158551,-0.00190285,  -0.158551,  -0.158551,-0.00174822, -0.0791445,-0.00174822,-0.00190285, -0.0791445,    -11.249, -0.0791445,  -0.158551,-0.00174822, -0.0791445,-0.00174822]
	PARPACK diagonalization completed after 30 matrix-vector product operations.
	iteration results: : total energy is -103.160159 | electron energy -103.496884 + phonon energy 0.336726 | electron momentum kIdx = 10
The 12-th iteration is completed.	|| time cost : 0h 0m 1.331s
********************************************************************************************************************
Start the 13 rounds of NGS-ED iteration
	effective electronic model is modified as: kinetic energy t = 0.447461, t' = -0.299154
	                                           effective interaction Vq = [     -14.45,  -0.158658,-0.00190415,  -0.158658,  -0.158658,-0.00174966, -0.0792134,-0.00174966,-0.00190415, -0.0792134,    -11.249, -0.0792134,  -0.158658,-0.00174966, -0.0792134,-0.00174966]
	PARPACK diagonalization completed after 30 matrix-vector product operations.
	iteration results: : total energy is -103.160161 | electron energy -103.496022 + phonon energy 0.335861 | electron momentum kIdx = 10
The 13-th iteration is completed.	|| time cost : 0h 0m 1.331s
********************************************************************************************************************
Start the 14 rounds of NGS-ED iteration
	effective electronic model is modified as: kinetic energy t = 0.446953, t' = -0.299153
	                                           effective interaction Vq = [     -14.45,  -0.158731,-0.00190503,  -0.158731,  -0.158731,-0.00175065, -0.0792604,-0.00175065,-0.00190503, -0.0792604,    -11.249, -0.0792604,  -0.158731,-0.00175065, -0.0792604,-0.00175065]
	PARPACK diagonalization completed after 30 matrix-vector product operations.
	iteration results: : total energy is -103.160161 | electron energy -103.495435 + phonon energy 0.335274 | electron momentum kIdx = 10
The 14-th iteration is completed.	|| time cost : 0h 0m 1.357s
********************************************************************************************************************
Start the 15 rounds of NGS-ED iteration
	effective electronic model is modified as: kinetic energy t = 0.446606, t' = -0.299152
	                                           effective interaction Vq = [     -14.45,   -0.15878,-0.00190563,   -0.15878,   -0.15878,-0.00175132, -0.0792925,-0.00175132,-0.00190563, -0.0792925,    -11.249, -0.0792925,   -0.15878,-0.00175132, -0.0792925,-0.00175132]
	PARPACK diagonalization completed after 30 matrix-vector product operations.
	iteration results: : total energy is -103.160162 | electron energy -103.495036 + phonon energy 0.334874 | electron momentum kIdx = 10
The 15-th iteration is completed.	|| time cost : 0h 0m 1.287s
********************************************************************************************************************
Start the 16 rounds of NGS-ED iteration
	effective electronic model is modified as: kinetic energy t = 0.446369, t' = -0.299152
	                                           effective interaction Vq = [     -14.45,  -0.158814,-0.00190604,  -0.158814,  -0.158814,-0.00175178, -0.0793144,-0.00175178,-0.00190604, -0.0793144,    -11.249, -0.0793144,  -0.158814,-0.00175178, -0.0793144,-0.00175178]
	PARPACK diagonalization completed after 30 matrix-vector product operations.
	iteration results: : total energy is -103.160162 | electron energy -103.494763 + phonon energy 0.334601 | electron momentum kIdx = 10
The 16-th iteration is completed.	|| time cost : 0h 0m 1.331s
********************************************************************************************************************
Start the 17 rounds of NGS-ED iteration
	effective electronic model is modified as: kinetic energy t = 0.446208, t' = -0.299152
	                                           effective interaction Vq = [     -14.45,  -0.158837,-0.00190632,  -0.158837,  -0.158837,-0.00175209, -0.0793294,-0.00175209,-0.00190632, -0.0793294,    -11.249, -0.0793294,  -0.158837,-0.00175209, -0.0793294,-0.00175209]
	PARPACK diagonalization completed after 30 matrix-vector product operations.
	iteration results: : total energy is -103.160162 | electron energy -103.494577 + phonon energy 0.334415 | electron momentum kIdx = 10
The 17-th iteration is completed.	|| time cost : 0h 0m 1.324s
********************************************************************************************************************
Start the 18 rounds of NGS-ED iteration
	effective electronic model is modified as: kinetic energy t = 0.446097, t' = -0.299152
	                                           effective interaction Vq = [     -14.45,  -0.158853,-0.00190651,  -0.158853,  -0.158853,-0.00175231, -0.0793397,-0.00175231,-0.00190651, -0.0793397,    -11.249, -0.0793397,  -0.158853,-0.00175231, -0.0793397,-0.00175231]
	PARPACK diagonalization completed after 30 matrix-vector product operations.
	iteration results: : total energy is -103.160162 | electron energy -103.494450 + phonon energy 0.334287 | electron momentum kIdx = 10
The 18-th iteration is completed.	|| time cost : 0h 0m 1.322s
********************************************************************************************************************
Start the 19 rounds of NGS-ED iteration
	effective electronic model is modified as: kinetic energy t = 0.446021, t' = -0.299151
	                                           effective interaction Vq = [     -14.45,  -0.158864,-0.00190664,  -0.158864,  -0.158864,-0.00175245, -0.0793467,-0.00175245,-0.00190664, -0.0793467,    -11.249, -0.0793467,  -0.158864,-0.00175245, -0.0793467,-0.00175245]
	PARPACK diagonalization completed after 30 matrix-vector product operations.
	iteration results: : total energy is -103.160162 | electron energy -103.494362 + phonon energy 0.334200 | electron momentum kIdx = 10
The 19-th iteration is completed.	|| time cost : 0h 0m 1.321s
********************************************************************************************************************
Start the 20 rounds of NGS-ED iteration
	effective electronic model is modified as: kinetic energy t = 0.445969, t' = -0.299151
	                                           effective interaction Vq = [     -14.45,  -0.158871,-0.00190673,  -0.158871,  -0.158871,-0.00175255, -0.0793515,-0.00175255,-0.00190673, -0.0793515,    -11.249, -0.0793515,  -0.158871,-0.00175255, -0.0793515,-0.00175255]
	PARPACK diagonalization completed after 30 matrix-vector product operations.
	iteration results: : total energy is -103.160162 | electron energy -103.494303 + phonon energy 0.334140 | electron momentum kIdx = 10
The 20-th iteration is completed.	|| time cost : 0h 0m 1.32s
********************************************************************************************************************
Start the 21 rounds of NGS-ED iteration
	effective electronic model is modified as: kinetic energy t = 0.445934, t' = -0.299151
	                                           effective interaction Vq = [     -14.45,  -0.158876,-0.00190679,  -0.158876,  -0.158876,-0.00175262, -0.0793549,-0.00175262,-0.00190679, -0.0793549,    -11.249, -0.0793549,  -0.158876,-0.00175262, -0.0793549,-0.00175262]
	PARPACK diagonalization completed after 30 matrix-vector product operations.
	iteration results: : total energy is -103.160162 | electron energy -103.494262 + phonon energy 0.334099 | electron momentum kIdx = 10
The 21-th iteration is completed.	|| time cost : 0h 0m 1.327s
********************************************************************************************************************
Start the 22 rounds of NGS-ED iteration
	effective electronic model is modified as: kinetic energy t = 0.445909, t' = -0.299151
	                                           effective interaction Vq = [     -14.45,   -0.15888,-0.00190683,   -0.15888,   -0.15888,-0.00175267, -0.0793571,-0.00175267,-0.00190683, -0.0793571,    -11.249, -0.0793571,   -0.15888,-0.00175267, -0.0793571,-0.00175267]
	PARPACK diagonalization completed after 30 matrix-vector product operations.
	iteration results: : total energy is -103.160162 | electron energy -103.494234 + phonon energy 0.334071 | electron momentum kIdx = 10
The 22-th iteration is completed.	|| time cost : 0h 0m 1.327s
********************************************************************************************************************
Start the 23 rounds of NGS-ED iteration
	effective electronic model is modified as: kinetic energy t = 0.445892, t' = -0.299151
	                                           effective interaction Vq = [     -14.45,  -0.158882,-0.00190686,  -0.158882,  -0.158882, -0.0017527, -0.0793587, -0.0017527,-0.00190686, -0.0793587,    -11.249, -0.0793587,  -0.158882, -0.0017527, -0.0793587, -0.0017527]
	PARPACK diagonalization completed after 30 matrix-vector product operations.
	iteration results: : total energy is -103.160162 | electron energy -103.494214 + phonon energy 0.334052 | electron momentum kIdx = 10
The 23-th iteration is completed.	|| time cost : 0h 0m 1.319s
********************************************************************************************************************
Start the 24 rounds of NGS-ED iteration
	effective electronic model is modified as: kinetic energy t = 0.445881, t' = -0.299151
	                                           effective interaction Vq = [     -14.45,  -0.158884,-0.00190688,  -0.158884,  -0.158884,-0.00175273, -0.0793597,-0.00175273,-0.00190688, -0.0793597,    -11.249, -0.0793597,  -0.158884,-0.00175273, -0.0793597,-0.00175273]
	PARPACK diagonalization completed after 30 matrix-vector product operations.
	iteration results: : total energy is -103.160162 | electron energy -103.494201 + phonon energy 0.334039 | electron momentum kIdx = 10
The 24-th iteration is completed.	|| time cost : 0h 0m 1.323s
********************************************************************************************************************
Start the 25 rounds of NGS-ED iteration
	effective electronic model is modified as: kinetic energy t = 0.445873, t' = -0.299151
	                                           effective interaction Vq = [     -14.45,  -0.158885,-0.00190689,  -0.158885,  -0.158885,-0.00175274, -0.0793605,-0.00175274,-0.00190689, -0.0793605,    -11.249, -0.0793605,  -0.158885,-0.00175274, -0.0793605,-0.00175274]
	PARPACK diagonalization completed after 30 matrix-vector product operations.
	iteration results: : total energy is -103.160162 | electron energy -103.494192 + phonon energy 0.334030 | electron momentum kIdx = 10
The 25-th iteration is completed.	|| time cost : 0h 0m 1.318s
********************************************************************************************************************
Start the 26 rounds of NGS-ED iteration
	effective electronic model is modified as: kinetic energy t = 0.445868, t' = -0.299151
	                                           effective interaction Vq = [     -14.45,  -0.158886, -0.0019069,  -0.158886,  -0.158886,-0.00175275,  -0.079361,-0.00175275, -0.0019069,  -0.079361,    -11.249,  -0.079361,  -0.158886,-0.00175275,  -0.079361,-0.00175275]
	PARPACK diagonalization completed after 30 matrix-vector product operations.
	iteration results: : total energy is -103.160162 | electron energy -103.494186 + phonon energy 0.334024 | electron momentum kIdx = 10
The 26-th iteration is completed.	|| time cost : 0h 0m 1.323s
********************************************************************************************************************
Start the 27 rounds of NGS-ED iteration
	effective electronic model is modified as: kinetic energy t = 0.445864, t' = -0.299151
	                                           effective interaction Vq = [     -14.45,  -0.158886,-0.00190691,  -0.158886,  -0.158886,-0.00175276, -0.0793613,-0.00175276,-0.00190691, -0.0793613,    -11.249, -0.0793613,  -0.158886,-0.00175276, -0.0793613,-0.00175276]
	PARPACK diagonalization completed after 30 matrix-vector product operations.
	iteration results: : total energy is -103.160162 | electron energy -103.494182 + phonon energy 0.334020 | electron momentum kIdx = 10
The 27-th iteration is completed.	|| time cost : 0h 0m 1.326s
********************************************************************************************************************
Start the 28 rounds of NGS-ED iteration
	effective electronic model is modified as: kinetic energy t = 0.445862, t' = -0.299151
	                                           effective interaction Vq = [     -14.45,  -0.158886,-0.00190691,  -0.158886,  -0.158886,-0.00175276, -0.0793615,-0.00175276,-0.00190691, -0.0793615,    -11.249, -0.0793615,  -0.158886,-0.00175276, -0.0793615,-0.00175276]
	PARPACK diagonalization completed after 30 matrix-vector product operations.
	iteration results: : total energy is -103.160162 | electron energy -103.494179 + phonon energy 0.334017 | electron momentum kIdx = 10
The 28-th iteration is completed.	|| time cost : 0h 0m 1.322s
********************************************************************************************************************
Start the 29 rounds of NGS-ED iteration
	effective electronic model is modified as: kinetic energy t = 0.44586, t' = -0.299151
	                                           effective interaction Vq = [     -14.45,  -0.158887,-0.00190692,  -0.158887,  -0.158887,-0.00175277, -0.0793617,-0.00175277,-0.00190692, -0.0793617,    -11.249, -0.0793617,  -0.158887,-0.00175277, -0.0793617,-0.00175277]
	PARPACK diagonalization completed after 30 matrix-vector product operations.
	iteration results: : total energy is -103.160162 | electron energy -103.494177 + phonon energy 0.334015 | electron momentum kIdx = 10
The 29-th iteration is completed.	|| time cost : 0h 0m 1.333s
********************************************************************************************************************
Start the 30 rounds of NGS-ED iteration
	effective electronic model is modified as: kinetic energy t = 0.445859, t' = -0.299151
	                                           effective interaction Vq = [     -14.45,  -0.158887,-0.00190692,  -0.158887,  -0.158887,-0.00175277, -0.0793618,-0.00175277,-0.00190692, -0.0793618,    -11.249, -0.0793618,  -0.158887,-0.00175277, -0.0793618,-0.00175277]
	PARPACK diagonalization completed after 30 matrix-vector product operations.
	iteration results: : total energy is -103.160162 | electron energy -103.494176 + phonon energy 0.334013 | electron momentum kIdx = 10
The 30-th iteration is completed.	|| time cost : 0h 0m 1.33s
********************************************************************************************************************
Start the 31 rounds of NGS-ED iteration
	effective electronic model is modified as: kinetic energy t = 0.445858, t' = -0.299151
	                                           effective interaction Vq = [     -14.45,  -0.158887,-0.00190692,  -0.158887,  -0.158887,-0.00175277, -0.0793619,-0.00175277,-0.00190692, -0.0793619,    -11.249, -0.0793619,  -0.158887,-0.00175277, -0.0793619,-0.00175277]
	PARPACK diagonalization completed after 30 matrix-vector product operations.
	iteration results: : total energy is -103.160162 | electron energy -103.494175 + phonon energy 0.334012 | electron momentum kIdx = 10
The 31-th iteration is completed.	|| time cost : 0h 0m 1.33s
********************************************************************************************************************
Start the 32 rounds of NGS-ED iteration
	effective electronic model is modified as: kinetic energy t = 0.445857, t' = -0.299151
	                                           effective interaction Vq = [     -14.45,  -0.158887,-0.00190692,  -0.158887,  -0.158887,-0.00175277, -0.0793619,-0.00175277,-0.00190692, -0.0793619,    -11.249, -0.0793619,  -0.158887,-0.00175277, -0.0793619,-0.00175277]
	PARPACK diagonalization completed after 30 matrix-vector product operations.
	iteration results: : total energy is -103.160162 | electron energy -103.494174 + phonon energy 0.334012 | electron momentum kIdx = 10
The 32-th iteration is completed.	|| time cost : 0h 0m 1.327s
********************************************************************************************************************
Start the 33 rounds of NGS-ED iteration
	effective electronic model is modified as: kinetic energy t = 0.445857, t' = -0.299151
	                                           effective interaction Vq = [     -14.45,  -0.158887,-0.00190692,  -0.158887,  -0.158887,-0.00175277,  -0.079362,-0.00175277,-0.00190692,  -0.079362,    -11.249,  -0.079362,  -0.158887,-0.00175277,  -0.079362,-0.00175277]
	PARPACK diagonalization completed after 30 matrix-vector product operations.
	iteration results: : total energy is -103.160162 | electron energy -103.494173 + phonon energy 0.334011 | electron momentum kIdx = 10
The 33-th iteration is completed.	|| time cost : 0h 0m 1.328s
********************************************************************************************************************
Start the 34 rounds of NGS-ED iteration
	effective electronic model is modified as: kinetic energy t = 0.445857, t' = -0.299151
	                                           effective interaction Vq = [     -14.45,  -0.158887,-0.00190692,  -0.158887,  -0.158887,-0.00175277,  -0.079362,-0.00175277,-0.00190692,  -0.079362,    -11.249,  -0.079362,  -0.158887,-0.00175277,  -0.079362,-0.00175277]
	PARPACK diagonalization completed after 30 matrix-vector product operations.
	iteration results: : total energy is -103.160162 | electron energy -103.494173 + phonon energy 0.334011 | electron momentum kIdx = 10
The 34-th iteration is completed.	|| time cost : 0h 0m 1.331s
********************************************************************************************************************
Start the 35 rounds of NGS-ED iteration
	effective electronic model is modified as: kinetic energy t = 0.445856, t' = -0.299151
	                                           effective interaction Vq = [     -14.45,  -0.158887,-0.00190692,  -0.158887,  -0.158887,-0.00175277,  -0.079362,-0.00175277,-0.00190692,  -0.079362,    -11.249,  -0.079362,  -0.158887,-0.00175277,  -0.079362,-0.00175277]
	PARPACK diagonalization completed after 30 matrix-vector product operations.
	iteration results: : total energy is -103.160162 | electron energy -103.494173 + phonon energy 0.334011 | electron momentum kIdx = 10
The 35-th iteration is completed.	|| time cost : 0h 0m 1.323s
********************************************************************************************************************
Start the 36 rounds of NGS-ED iteration
	effective electronic model is modified as: kinetic energy t = 0.445856, t' = -0.299151
	                                           effective interaction Vq = [     -14.45,  -0.158887,-0.00190692,  -0.158887,  -0.158887,-0.00175277,  -0.079362,-0.00175277,-0.00190692,  -0.079362,    -11.249,  -0.079362,  -0.158887,-0.00175277,  -0.079362,-0.00175277]
	PARPACK diagonalization completed after 30 matrix-vector product operations.
	iteration results: : total energy is -103.160162 | electron energy -103.494173 + phonon energy 0.334011 | electron momentum kIdx = 10
The 36-th iteration is completed.	|| time cost : 0h 0m 1.322s
********************************************************************************************************************
Start the 37 rounds of NGS-ED iteration
	effective electronic model is modified as: kinetic energy t = 0.445856, t' = -0.299151
	                                           effective interaction Vq = [     -14.45,  -0.158887,-0.00190692,  -0.158887,  -0.158887,-0.00175277,  -0.079362,-0.00175277,-0.00190692,  -0.079362,    -11.249,  -0.079362,  -0.158887,-0.00175277,  -0.079362,-0.00175277]
	PARPACK diagonalization completed after 30 matrix-vector product operations.
	iteration results: : total energy is -103.160162 | electron energy -103.494173 + phonon energy 0.334011 | electron momentum kIdx = 10
The 37-th iteration is completed.	|| time cost : 0h 0m 1.338s
********************************************************************************************************************
Start the 38 rounds of NGS-ED iteration
	effective electronic model is modified as: kinetic energy t = 0.445856, t' = -0.299151
	                                           effective interaction Vq = [     -14.45,  -0.158887,-0.00190692,  -0.158887,  -0.158887,-0.00175277,  -0.079362,-0.00175277,-0.00190692,  -0.079362,    -11.249,  -0.079362,  -0.158887,-0.00175277,  -0.079362,-0.00175277]
	PARPACK diagonalization completed after 30 matrix-vector product operations.
	iteration results: : total energy is -103.160162 | electron energy -103.494173 + phonon energy 0.334010 | electron momentum kIdx = 10
The 38-th iteration is completed.	|| time cost : 0h 0m 1.313s
********************************************************************************************************************
Start the 39 rounds of NGS-ED iteration
	effective electronic model is modified as: kinetic energy t = 0.445856, t' = -0.299151
	                                           effective interaction Vq = [     -14.45,  -0.158887,-0.00190692,  -0.158887,  -0.158887,-0.00175277,  -0.079362,-0.00175277,-0.00190692,  -0.079362,    -11.249,  -0.079362,  -0.158887,-0.00175277,  -0.079362,-0.00175277]
	PARPACK diagonalization completed after 30 matrix-vector product operations.
	iteration results: : total energy is -103.160162 | electron energy -103.494173 + phonon energy 0.334010 | electron momentum kIdx = 10
	Nq(0) = 4,	Nq(1) = 0.00660867,	Nq(2) = 0.0129035,	Nq(3) = 0.00660867,	Nq(4) = 0.00660867,	Nq(5) = 0.00739107,	
	Nq(6) = 0.00814978,	Nq(7) = 0.00739107,	Nq(8) = 0.0129035,	Nq(9) = 0.00814978,	Nq(10) = 3.97725,	
	Nq(11) = 0.00814978,	Nq(12) = 0.00660867,	Nq(13) = 0.00739107,	Nq(14) = 0.00814978,	Nq(15) = 0.00739107;	
	Sq(0) = -9.41582e-20,	Sq(1) = 0.331833,	Sq(2) = 1.96078,	Sq(3) = 0.331833,	Sq(4) = 0.331833,	
	Sq(5) = 0.331953,	Sq(6) = 0.332096,	Sq(7) = 0.331953,	Sq(8) = 1.96078,	Sq(9) = 0.332096,	
	Sq(10) = 0.00324524,	Sq(11) = 0.332096,	Sq(12) = 0.331833,	Sq(13) = 0.331953,	Sq(14) = 0.332096,	
	Sq(15) = 0.331953;	N(0) = 0.390741,	N(1) = 0.545643,	N(2) = 0.664961,	N(3) = 0.545643,	
	N(4) = 0.545643,	N(5) = 0.5,	N(6) = 0.454359,	N(7) = 0.5,	N(8) = 0.664961,	
	N(9) = 0.454359,	N(10) = 0.279329,	N(11) = 0.454359,	N(12) = 0.545643,	N(13) = 0.5,	
	N(14) = 0.454359,	N(15) = 0.5;	Delta[s](0) = 0.00560544,	Delta[s](1) = 0.00287432,	Delta[s](2) = 3.24198e-05,	
	Delta[s](3) = 0.00287432,	Delta[s](4) = 0.00287432,	Delta[s](5) = 0.00288289,	Delta[s](6) = 0.00287938,	Delta[s](7) = 0.00288289,	
	Delta[s](8) = 3.24198e-05,	Delta[s](9) = 0.00287938,	Delta[s](10) = 0.00561321,	Delta[s](11) = 0.00287938,	Delta[s](12) = 0.00287432,	
	Delta[s](13) = 0.00288289,	Delta[s](14) = 0.00287938,	Delta[s](15) = 0.00288289;	Delta[d](0) = 1.70478e-07,	Delta[d](1) = 0.000125801,	
	Delta[d](2) = 0.000105499,	Delta[d](3) = 0.000125801,	Delta[d](4) = 0.000125801,	Delta[d](5) = 0.000238477,	Delta[d](6) = 0.000208131,	
	Delta[d](7) = 0.000238477,	Delta[d](8) = 0.000105499,	Delta[d](9) = 0.000208131,	Delta[d](10) = 2.27875e-06,	Delta[d](11) = 0.000208131,	
	Delta[d](12) = 0.000125801,	Delta[d](13) = 0.000238477,	Delta[d](14) = 0.000208131,	Delta[d](15) = 0.000238477;	Delta[s+](0) = 0.00108481,	
	Delta[s+](1) = 0.000831221,	Delta[s+](2) = 0.000105499,	Delta[s+](3) = 0.000831221,	Delta[s+](4) = 0.000831221,	Delta[s+](5) = 0.000646981,	
	Delta[s+](6) = 9.99602e-05,	Delta[s+](7) = 0.000646981,	Delta[s+](8) = 0.000105499,	Delta[s+](9) = 9.99602e-05,	Delta[s+](10) = 1.21215e-06,	
	Delta[s+](11) = 9.99602e-05,	Delta[s+](12) = 0.000831221,	Delta[s+](13) = 0.000646981,	Delta[s+](14) = 9.99602e-05,	Delta[s+](15) = 0.000646981
	
The 39-th iteration is completed.	|| time cost : 0h 0m 3.52s
********************************************************************************************************************
********************************************************************************************************************
Ground state is obtained after 40 iterations. The current ground-state energy is -103.16, in which electron energy is -103.494 and phonon energy is 0.33401
Final variational state is: 
	Gamma_x = [      1,1.00521,1.00012,1.00521,1.00521,1.00006,1.00321,1.00006,1.00012,1.00321,8.56328,1.00321,1.00521,1.00006,1.00321,1.00006]
	lambda_q = [       8.5, 0.0891538,0.00962731, 0.0891538, 0.0891538,0.00884205,-0.0571538,0.00884205,0.00962731,-0.0571538,  -7.42853,-0.0571538, 0.0891538,0.00884205,-0.0571538,0.00884205]
Effective e-e interactions mediated by phonons are:
	momentum-space Vq = [     -14.45,  -0.158887,-0.00190692,  -0.158887,  -0.158887,-0.00175277,  -0.079362,-0.00175277,-0.00190692,  -0.079362,    -11.249,  -0.079362,  -0.158887,-0.00175277,  -0.079362,-0.00175277]
