SNEDics v3.4 Non-Gaussian ED ground state program		Start at Tue Oct  1 12:12:39 2019

parallized on 16 MPI threads  * 8 OpenMP threads = 128 total threads.
********************************************************************************************************************
********************************************************************************************************************

********************************************************************************************************************
System parameters and configurations
********************************************************************************************************************
Special program options are enabled: splitted diagonal Hamiltonian
********************************************************************************************************************
Read input file "model_params.in"
	Hubbard-Holstein model parameters : 	t = 1    U = 4.2    g = 4.1231    W = 5    
********************************************************************************************************************
Read input file "hilbertspace_params.in"
	Requested 16-site 2D lattice, with 16 electrons (8, 8)
	Boundary : Periodic		Hilbert space representation : momentum-space (restricted to kIdx = 0)
	Conservation: particle number[U(1)]      spin[U(1)]     momentum
********************************************************************************************************************

Cluster Positions:				Cluster symmetry group : D4
 x ... x ... x ... x .....                       x ... x ... x ... x .....
 |           |           :                       |           |           :
 |           |           :                       |           |           :
12    13    14    15     x                       1     5     6     5     x
 |           |           :                       |           |           :
 |           |           :                       |           |           :
 8 --- 9 ---10 ---11 --- x                       2 --- 6 ---10 --- 6 --- x
 |           |           :                       |           |           :
 |           |           :                       |           |           :
 4     5     6     7     x                       1     5     6     5     x
 |           |           :                       |           |           :
 |           |           :                       |           |           :
 0 --- 1 --- 2 --- 3 --- x                       0 --- 1 --- 2 --- 1 --- x
orbital number : 1
********************************************************************************************************************
Read input file "obs_params.in"
	Observable Type : Nq(All),   Sq(All),   N(All),   Delta[s](All),   Delta[d](All),   Delta[s+](All)
********************************************************************************************************************
** WARNING ** the input observables have non-local factors which have been reinterpreted. The total observable number is 96
********************************************************************************************************************


********************************************************************************************************************
Start calculating the non-Gaussian ED ground state
** WARNING ** Detected low phonon energy W < 10. The initial state will be prepared through a warm-up process.
********************************************************************************************************************
Start warm-up calculation for scaling factor 2
open output files: NGSEDWarmUpW10Obs.txt
********************************************************************************************************************
Start the 0 rounds of NGS-ED iteration
	effective electronic model is modified as: kinetic energy t = 1
	                                           effective interaction Vq = [-0,-0,-0,-0,-0,-0,-0,-0,-0,-0,-0,-0,-0,-0,-0,-0]
	first Hamiltonian is constructed, non-zero numbers = 2845383612
	PARPACK diagonalization completed after 90 matrix-vector product operations.
	iteration results: : total energy is -13.260088 | electron energy -13.260088 + phonon energy 0.000000 | electron momentum kIdx = 0
	Nq(0) = 16,	Nq(1) = 0.1504,	Nq(2) = 0.225336,	Nq(3) = 0.1504,	Nq(4) = 0.1504,	Nq(5) = 0.225336,	Nq(6) = 0.306298,	Nq(7) = 0.225336,	Nq(8) = 0.225336,	Nq(9) = 0.306298,	Nq(10) = 0.372996,	Nq(11) = 0.306298,	Nq(12) = 0.1504,	Nq(13) = 0.225336,	Nq(14) = 0.306298,	Nq(15) = 0.225336,	Sq(0) = 2.26948e-18,	Sq(1) = 0.427334,	Sq(2) = 0.625304,	Sq(3) = 0.427334,	Sq(4) = 0.427334,	Sq(5) = 0.625304,	Sq(6) = 0.811944,	Sq(7) = 0.625304,	Sq(8) = 0.625304,	Sq(9) = 0.811944,	Sq(10) = 3.73926,	Sq(11) = 0.811944,	Sq(12) = 0.427334,	Sq(13) = 0.625304,	Sq(14) = 0.811944,	Sq(15) = 0.625304,	N(0) = 1.92449,	N(1) = 1.83269,	N(2) = 1,	N(3) = 1.83269,	N(4) = 1.83269,	N(5) = 1,	N(6) = 0.167314,	N(7) = 1,	N(8) = 1,	N(9) = 0.167314,	N(10) = 0.0755115,	N(11) = 0.167314,	N(12) = 1.83269,	N(13) = 1,	N(14) = 0.167314,	N(15) = 1,	Delta[s](0) = 0.164413,	Delta[s](1) = 0.140779,	Delta[s](2) = 0.112178,	Delta[s](3) = 0.140779,	Delta[s](4) = 0.140779,	Delta[s](5) = 0.112178,	Delta[s](6) = 0.0856302,	Delta[s](7) = 0.112178,	Delta[s](8) = 0.112178,	Delta[s](9) = 0.0856302,	Delta[s](10) = 0.032787,	Delta[s](11) = 0.0856302,	Delta[s](12) = 0.140779,	Delta[s](13) = 0.112178,	Delta[s](14) = 0.0856302,	Delta[s](15) = 0.112178,	Delta[d](0) = 0.557203,	Delta[d](1) = 0.385756,	Delta[d](2) = 0.309291,	Delta[d](3) = 0.385756,	Delta[d](4) = 0.385756,	Delta[d](5) = 0.327134,	Delta[d](6) = 0.236978,	Delta[d](7) = 0.327134,	Delta[d](8) = 0.309291,	Delta[d](9) = 0.236978,	Delta[d](10) = 0.107534,	Delta[d](11) = 0.236978,	Delta[d](12) = 0.385756,	Delta[d](13) = 0.327134,	Delta[d](14) = 0.236978,	Delta[d](15) = 0.327134,	Delta[s+](0) = 0.589276,	Delta[s+](1) = 0.467967,	Delta[s+](2) = 0.309291,	Delta[s+](3) = 0.467967,	Delta[s+](4) = 0.467967,	Delta[s+](5) = 0.309291,	Delta[s+](6) = 0.157491,	Delta[s+](7) = 0.309291,	Delta[s+](8) = 0.309291,	Delta[s+](9) = 0.157491,	Delta[s+](10) = 0.0413032,	Delta[s+](11) = 0.157491,	Delta[s+](12) = 0.467967,	Delta[s+](13) = 0.309291,	Delta[s+](14) = 0.157491,	Delta[s+](15) = 0.309291
The 0-th iteration is completed.	|| time cost : 0h 8m 36.514s
********************************************************************************************************************
Start the 1 rounds of NGS-ED iteration
	effective electronic model is modified as: kinetic energy t = 0.916827
	                                           effective interaction Vq = [-2.93985,-2.67403,-2.58906,-2.67403,-2.67403,-2.58906,-2.55616,-2.58906,-2.58906,-2.55616, -2.5232,-2.55616,-2.67403,-2.58906,-2.55616,-2.58906]
	PARPACK diagonalization completed after 75 matrix-vector product operations.
	iteration results: : total energy is -73.706333 | electron energy -73.712955 + phonon energy 0.006623 | electron momentum kIdx = 0
The 1-th iteration is completed.	|| time cost : 0h 7m 49.649s
********************************************************************************************************************
Start the 2 rounds of NGS-ED iteration
	effective electronic model is modified as: kinetic energy t = 0.838362
	                                           effective interaction Vq = [-3.33772,-3.21635,-3.19389,-3.21635,-3.21635,-3.19389,-3.11547,-3.19389,-3.19389,-3.11547, -3.1314,-3.11547,-3.21635,-3.19389,-3.11547,-3.19389]
	PARPACK diagonalization completed after 60 matrix-vector product operations.
	iteration results: : total energy is -84.364190 | electron energy -84.422705 + phonon energy 0.058515 | electron momentum kIdx = 0
The 2-th iteration is completed.	|| time cost : 0h 0m 37.016s
********************************************************************************************************************
Start the 3 rounds of NGS-ED iteration
	effective electronic model is modified as: kinetic energy t = 0.804348
	                                           effective interaction Vq = [-3.39156,-3.32616,-3.31217,-3.32616,-3.32616,-3.31217,-3.25283,-3.31217,-3.31217,-3.25283,-3.30563,-3.25283,-3.32616,-3.31217,-3.25283,-3.31217]
	PARPACK diagonalization completed after 45 matrix-vector product operations.
	iteration results: : total energy is -85.935233 | electron energy -86.037285 + phonon energy 0.102052 | electron momentum kIdx = 0
The 3-th iteration is completed.	|| time cost : 0h 0m 32.131s
********************************************************************************************************************
Start the 4 rounds of NGS-ED iteration
	effective electronic model is modified as: kinetic energy t = 0.794659
	                                           effective interaction Vq = [-3.39885,-3.34764,-3.32246,-3.34764,-3.34764,-3.32246,-3.28417,-3.32246,-3.32246,-3.28417,-3.37181,-3.28417,-3.34764,-3.32246,-3.28417,-3.32246]
	PARPACK diagonalization completed after 45 matrix-vector product operations.
	iteration results: : total energy is -86.258683 | electron energy -86.379609 + phonon energy 0.120926 | electron momentum kIdx = 0
The 4-th iteration is completed.	|| time cost : 0h 0m 32.042s
********************************************************************************************************************
Start the 5 rounds of NGS-ED iteration
	effective electronic model is modified as: kinetic energy t = 0.799661
	                                           effective interaction Vq = [-3.39984, -3.3397,-3.28585, -3.3397, -3.3397,-3.28585,-3.27304,-3.28585,-3.28585,-3.27304,-3.39043,-3.27304, -3.3397,-3.28585,-3.27304,-3.28585]
	PARPACK diagonalization completed after 45 matrix-vector product operations.
	iteration results: : total energy is -86.364844 | electron energy -86.487647 + phonon energy 0.122804 | electron momentum kIdx = 0
The 5-th iteration is completed.	|| time cost : 0h 0m 32.045s
********************************************************************************************************************
Start the 6 rounds of NGS-ED iteration
	effective electronic model is modified as: kinetic energy t = 0.805597
	                                           effective interaction Vq = [-3.39997,-3.32656,-3.25036,-3.32656,-3.32656,-3.25036,-3.25531,-3.25036,-3.25036,-3.25531,-3.39507,-3.25531,-3.32656,-3.25036,-3.25531,-3.25036]
	PARPACK diagonalization completed after 30 matrix-vector product operations.
	iteration results: : total energy is -86.396355 | electron energy -86.515682 + phonon energy 0.119327 | electron momentum kIdx = 0
The 6-th iteration is completed.	|| time cost : 0h 0m 27.623s
********************************************************************************************************************
Start the 7 rounds of NGS-ED iteration
	effective electronic model is modified as: kinetic energy t = 0.809288
	                                           effective interaction Vq = [-3.39999,-3.31641,-3.22917,-3.31641,-3.31641,-3.22917,-3.24211,-3.22917,-3.22917,-3.24211,-3.39642,-3.24211,-3.31641,-3.22917,-3.24211,-3.22917]
	PARPACK diagonalization completed after 30 matrix-vector product operations.
	iteration results: : total energy is -86.404470 | electron energy -86.520481 + phonon energy 0.116011 | electron momentum kIdx = 0
The 7-th iteration is completed.	|| time cost : 0h 0m 27.367s
********************************************************************************************************************
Start the 8 rounds of NGS-ED iteration
	effective electronic model is modified as: kinetic energy t = 0.811306
	                                           effective interaction Vq = [-3.39999,-3.31004,-3.21817,-3.31004,-3.31004,-3.21817,-3.23398,-3.21817,-3.21817,-3.23398,-3.39689,-3.23398,-3.31004,-3.21817,-3.23398,-3.21817]
	PARPACK diagonalization completed after 30 matrix-vector product operations.
	iteration results: : total energy is -86.406522 | electron energy -86.520375 + phonon energy 0.113854 | electron momentum kIdx = 0
The 8-th iteration is completed.	|| time cost : 0h 0m 27.312s
********************************************************************************************************************
Start the 9 rounds of NGS-ED iteration
	effective electronic model is modified as: kinetic energy t = 0.812368
	                                           effective interaction Vq = [-3.39999,-3.30639,-3.21269,-3.30639,-3.30639,-3.21269,-3.22937,-3.21269,-3.21269,-3.22937,-3.39707,-3.22937,-3.30639,-3.21269,-3.22937,-3.21269]
	PARPACK diagonalization completed after 30 matrix-vector product operations.
	iteration results: : total energy is -86.407047 | electron energy -86.519662 + phonon energy 0.112615 | electron momentum kIdx = 0
The 9-th iteration is completed.	|| time cost : 0h 0m 27.652s
********************************************************************************************************************
Start the 10 rounds of NGS-ED iteration
	effective electronic model is modified as: kinetic energy t = 0.812919
	                                           effective interaction Vq = [-3.39999, -3.3044,-3.20998, -3.3044, -3.3044,-3.20998,-3.22686,-3.20998,-3.20998,-3.22686,-3.39714,-3.22686, -3.3044,-3.20998,-3.22686,-3.20998]
	PARPACK diagonalization completed after 30 matrix-vector product operations.
	iteration results: : total energy is -86.407183 | electron energy -86.519125 + phonon energy 0.111942 | electron momentum kIdx = 0
	Nq(0) = 16,	Nq(1) = 0.264511,	Nq(2) = 0.33964,	Nq(3) = 0.264511,	Nq(4) = 0.264511,	Nq(5) = 0.33964,	Nq(6) = 0.529567,	Nq(7) = 0.33964,	Nq(8) = 0.33964,	Nq(9) = 0.529567,	Nq(10) = 6.58889,	Nq(11) = 0.529567,	Nq(12) = 0.264511,	Nq(13) = 0.33964,	Nq(14) = 0.529567,	Nq(15) = 0.33964,	Sq(0) = -1.03906e-18,	Sq(1) = 0.185777,	Sq(2) = 0.261118,	Sq(3) = 0.185777,	Sq(4) = 0.185777,	Sq(5) = 0.261118,	Sq(6) = 0.363181,	Sq(7) = 0.261118,	Sq(8) = 0.261118,	Sq(9) = 0.363181,	Sq(10) = 0.434414,	Sq(11) = 0.363181,	Sq(12) = 0.185777,	Sq(13) = 0.261118,	Sq(14) = 0.363181,	Sq(15) = 0.261118,	N(0) = 1.95363,	N(1) = 1.88013,	N(2) = 1,	N(3) = 1.88013,	N(4) = 1.88013,	N(5) = 1,	N(6) = 0.119875,	N(7) = 1,	N(8) = 1,	N(9) = 0.119875,	N(10) = 0.0463716,	N(11) = 0.119875,	N(12) = 1.88013,	N(13) = 1,	N(14) = 0.119875,	N(15) = 1,	Delta[s](0) = 0.534822,	Delta[s](1) = 0.395929,	Delta[s](2) = 0.369608,	Delta[s](3) = 0.395929,	Delta[s](4) = 0.395929,	Delta[s](5) = 0.369608,	Delta[s](6) = 0.321856,	Delta[s](7) = 0.369608,	Delta[s](8) = 0.369608,	Delta[s](9) = 0.321856,	Delta[s](10) = 0.27791,	Delta[s](11) = 0.321856,	Delta[s](12) = 0.395929,	Delta[s](13) = 0.369608,	Delta[s](14) = 0.321856,	Delta[s](15) = 0.369608,	Delta[d](0) = 0.189851,	Delta[d](1) = 0.174046,	Delta[d](2) = 0.182343,	Delta[d](3) = 0.174046,	Delta[d](4) = 0.174046,	Delta[d](5) = 0.12278,	Delta[d](6) = 0.139685,	Delta[d](7) = 0.12278,	Delta[d](8) = 0.182343,	Delta[d](9) = 0.139685,	Delta[d](10) = 0.0558072,	Delta[d](11) = 0.139685,	Delta[d](12) = 0.174046,	Delta[d](13) = 0.12278,	Delta[d](14) = 0.139685,	Delta[d](15) = 0.12278,	Delta[s+](0) = 0.352109,	Delta[s+](1) = 0.280107,	Delta[s+](2) = 0.182343,	Delta[s+](3) = 0.280107,	Delta[s+](4) = 0.280107,	Delta[s+](5) = 0.182343,	Delta[s+](6) = 0.0825169,	Delta[s+](7) = 0.182343,	Delta[s+](8) = 0.182343,	Delta[s+](9) = 0.0825169,	Delta[s+](10) = 0.0319609,	Delta[s+](11) = 0.0825169,	Delta[s+](12) = 0.280107,	Delta[s+](13) = 0.182343,	Delta[s+](14) = 0.0825169,	Delta[s+](15) = 0.182343
The 10-th iteration is completed.	|| time cost : 0h 4m 41.468s
********************************************************************************************************************
Start the 11 rounds of NGS-ED iteration
	effective electronic model is modified as: kinetic energy t = 0.813203
	                                           effective interaction Vq = [-3.39999,-3.30334,-3.20863,-3.30334,-3.30334,-3.20863,-3.22552,-3.20863,-3.20863,-3.22552,-3.39717,-3.22552,-3.30334,-3.20863,-3.22552,-3.20863]
	PARPACK diagonalization completed after 30 matrix-vector product operations.
	iteration results: : total energy is -86.407219 | electron energy -86.518805 + phonon energy 0.111586 | electron momentum kIdx = 0
The 11-th iteration is completed.	|| time cost : 0h 0m 27.416s
********************************************************************************************************************
Start the 12 rounds of NGS-ED iteration
	effective electronic model is modified as: kinetic energy t = 0.813349
	                                           effective interaction Vq = [-3.39999,-3.30278,-3.20795,-3.30278,-3.30278,-3.20795,-3.22482,-3.20795,-3.20795,-3.22482,-3.39719,-3.22482,-3.30278,-3.20795,-3.22482,-3.20795]
	PARPACK diagonalization completed after 30 matrix-vector product operations.
	iteration results: : total energy is -86.407228 | electron energy -86.518628 + phonon energy 0.111400 | electron momentum kIdx = 0
The 12-th iteration is completed.	|| time cost : 0h 0m 27.604s
********************************************************************************************************************
Start the 13 rounds of NGS-ED iteration
	effective electronic model is modified as: kinetic energy t = 0.813423
	                                           effective interaction Vq = [-3.39999, -3.3025,-3.20762, -3.3025, -3.3025,-3.20762,-3.22446,-3.20762,-3.20762,-3.22446,-3.39719,-3.22446, -3.3025,-3.20762,-3.22446,-3.20762]
	PARPACK diagonalization completed after 30 matrix-vector product operations.
	iteration results: : total energy is -86.407231 | electron energy -86.518534 + phonon energy 0.111304 | electron momentum kIdx = 0
	Nq(0) = 16,	Nq(1) = 0.263579,	Nq(2) = 0.338842,	Nq(3) = 0.263579,	Nq(4) = 0.263579,	Nq(5) = 0.338842,	Nq(6) = 0.528088,	Nq(7) = 0.338842,	Nq(8) = 0.338842,	Nq(9) = 0.528088,	Nq(10) = 6.60466,	Nq(11) = 0.528088,	Nq(12) = 0.263579,	Nq(13) = 0.338842,	Nq(14) = 0.528088,	Nq(15) = 0.338842,	Sq(0) = -3.18561e-18,	Sq(1) = 0.185663,	Sq(2) = 0.261032,	Sq(3) = 0.185663,	Sq(4) = 0.185663,	Sq(5) = 0.261032,	Sq(6) = 0.363099,	Sq(7) = 0.261032,	Sq(8) = 0.261032,	Sq(9) = 0.363099,	Sq(10) = 0.434373,	Sq(11) = 0.363099,	Sq(12) = 0.185663,	Sq(13) = 0.261032,	Sq(14) = 0.363099,	Sq(15) = 0.261032,	N(0) = 1.9536,	N(1) = 1.87983,	N(2) = 1,	N(3) = 1.87983,	N(4) = 1.87983,	N(5) = 1,	N(6) = 0.120166,	N(7) = 1,	N(8) = 1,	N(9) = 0.120166,	N(10) = 0.0464045,	N(11) = 0.120166,	N(12) = 1.87983,	N(13) = 1,	N(14) = 0.120166,	N(15) = 1,	Delta[s](0) = 0.533738,	Delta[s](1) = 0.396027,	Delta[s](2) = 0.36968,	Delta[s](3) = 0.396027,	Delta[s](4) = 0.396027,	Delta[s](5) = 0.36968,	Delta[s](6) = 0.321993,	Delta[s](7) = 0.36968,	Delta[s](8) = 0.36968,	Delta[s](9) = 0.321993,	Delta[s](10) = 0.27829,	Delta[s](11) = 0.321993,	Delta[s](12) = 0.396027,	Delta[s](13) = 0.36968,	Delta[s](14) = 0.321993,	Delta[s](15) = 0.36968,	Delta[d](0) = 0.189567,	Delta[d](1) = 0.173759,	Delta[d](2) = 0.182168,	Delta[d](3) = 0.173759,	Delta[d](4) = 0.173759,	Delta[d](5) = 0.122502,	Delta[d](6) = 0.139381,	Delta[d](7) = 0.122502,	Delta[d](8) = 0.182168,	Delta[d](9) = 0.139381,	Delta[d](10) = 0.0555303,	Delta[d](11) = 0.139381,	Delta[d](12) = 0.173759,	Delta[d](13) = 0.122502,	Delta[d](14) = 0.139381,	Delta[d](15) = 0.122502,	Delta[s+](0) = 0.352092,	Delta[s+](1) = 0.279967,	Delta[s+](2) = 0.182168,	Delta[s+](3) = 0.279967,	Delta[s+](4) = 0.279967,	Delta[s+](5) = 0.182168,	Delta[s+](6) = 0.0823199,	Delta[s+](7) = 0.182168,	Delta[s+](8) = 0.182168,	Delta[s+](9) = 0.0823199,	Delta[s+](10) = 0.0318246,	Delta[s+](11) = 0.0823199,	Delta[s+](12) = 0.279967,	Delta[s+](13) = 0.182168,	Delta[s+](14) = 0.0823199,	Delta[s+](15) = 0.182168
The 13-th iteration is completed.	|| time cost : 0h 4m 40.769s
********************************************************************************************************************
********************************************************************************************************************
Ground state is obtained after 14 iterations. The current ground-state energy is -86.4072, in which electron energy is -86.5185 and phonon energy is 0.111304
final variational state is: 
	Gamma_x = [      1,1.02556,1.04267,1.02556,1.02556,1.04267,1.06509,1.04267,1.04267,1.06509,1.13278,1.06509,1.02556,1.04267,1.06509,1.04267]
	lambda_q = [0.583094,0.484279,0.444333,0.484279,0.484279,0.444333,0.450534,0.444333,0.444333,0.450534,0.566381,0.450534,0.484279,0.444333,0.450534,0.444333]
********************************************************************************************************************
o___o  ----------------------------------------
| L |	Time since last clock: 0h 0m 0s
A===A	Time since the beginning: 0h 30m 46.613s
***********************************************


********************************************************************************************************************
Warm up runs have been completed. Start calculating W = 5 phonon.
open output files: NGSEDIterationObs.txt
********************************************************************************************************************
Start the 0 rounds of NGS-ED iteration
	effective electronic model is modified as: kinetic energy t = 0.813462
	                                           effective interaction Vq = [-3.10832,-2.82083, -2.6769,-2.82083,-2.82083, -2.6769,-2.70029, -2.6769, -2.6769,-2.70029,-3.06655,-2.70029,-2.82083, -2.6769,-2.70029, -2.6769]
	PARPACK diagonalization completed after 45 matrix-vector product operations.
	iteration results: : total energy is -77.035923 | electron energy -77.091551 + phonon energy 0.055627 | electron momentum kIdx = 0
	Nq(0) = 16,	Nq(1) = 0.24435,	Nq(2) = 0.316143,	Nq(3) = 0.24435,	Nq(4) = 0.24435,	Nq(5) = 0.316143,	Nq(6) = 0.481409,	Nq(7) = 0.316143,	Nq(8) = 0.316143,	Nq(9) = 0.481409,	Nq(10) = 6.57231,	Nq(11) = 0.481409,	Nq(12) = 0.24435,	Nq(13) = 0.316143,	Nq(14) = 0.481409,	Nq(15) = 0.316143,	Sq(0) = 2.49811e-18,	Sq(1) = 0.207068,	Sq(2) = 0.283253,	Sq(3) = 0.207068,	Sq(4) = 0.207068,	Sq(5) = 0.283253,	Sq(6) = 0.404598,	Sq(7) = 0.283253,	Sq(8) = 0.283253,	Sq(9) = 0.404598,	Sq(10) = 0.48161,	Sq(11) = 0.404598,	Sq(12) = 0.207068,	Sq(13) = 0.283253,	Sq(14) = 0.404598,	Sq(15) = 0.283253,	N(0) = 1.96754,	N(1) = 1.90314,	N(2) = 1,	N(3) = 1.90314,	N(4) = 1.90314,	N(5) = 1,	N(6) = 0.0968574,	N(7) = 1,	N(8) = 1,	N(9) = 0.0968574,	N(10) = 0.0324589,	N(11) = 0.0968574,	N(12) = 1.90314,	N(13) = 1,	N(14) = 0.0968574,	N(15) = 1,	Delta[s](0) = 0.445866,	Delta[s](1) = 0.376684,	Delta[s](2) = 0.357853,	Delta[s](3) = 0.376684,	Delta[s](4) = 0.376684,	Delta[s](5) = 0.357853,	Delta[s](6) = 0.322004,	Delta[s](7) = 0.357853,	Delta[s](8) = 0.357853,	Delta[s](9) = 0.322004,	Delta[s](10) = 0.298371,	Delta[s](11) = 0.322004,	Delta[s](12) = 0.376684,	Delta[s](13) = 0.357853,	Delta[s](14) = 0.322004,	Delta[s](15) = 0.357853,	Delta[d](0) = 0.193285,	Delta[d](1) = 0.180144,	Delta[d](2) = 0.192447,	Delta[d](3) = 0.180144,	Delta[d](4) = 0.180144,	Delta[d](5) = 0.12497,	Delta[d](6) = 0.143838,	Delta[d](7) = 0.12497,	Delta[d](8) = 0.192447,	Delta[d](9) = 0.143838,	Delta[d](10) = 0.0565511,	Delta[d](11) = 0.143838,	Delta[d](12) = 0.180144,	Delta[d](13) = 0.12497,	Delta[d](14) = 0.143838,	Delta[d](15) = 0.12497,	Delta[s+](0) = 0.386325,	Delta[s+](1) = 0.299204,	Delta[s+](2) = 0.192447,	Delta[s+](3) = 0.299204,	Delta[s+](4) = 0.299204,	Delta[s+](5) = 0.192447,	Delta[s+](6) = 0.0851987,	Delta[s+](7) = 0.192447,	Delta[s+](8) = 0.192447,	Delta[s+](9) = 0.0851987,	Delta[s+](10) = 0.0327644,	Delta[s+](11) = 0.0851987,	Delta[s+](12) = 0.299204,	Delta[s+](13) = 0.192447,	Delta[s+](14) = 0.0851987,	Delta[s+](15) = 0.192447
The 0-th iteration is completed.	|| time cost : 0h 4m 30.331s
********************************************************************************************************************
Start the 1 rounds of NGS-ED iteration
	effective electronic model is modified as: kinetic energy t = 0.790305
	                                           effective interaction Vq = [-3.29269,-2.96985,-2.78913,-2.96985,-2.96985,-2.78913,-2.81712,-2.78913,-2.78913,-2.81712,-3.27577,-2.81712,-2.96985,-2.78913,-2.81712,-2.78913]
	PARPACK diagonalization completed after 30 matrix-vector product operations.
	iteration results: : total energy is -81.432384 | electron energy -81.605349 + phonon energy 0.172964 | electron momentum kIdx = 0
The 1-th iteration is completed.	|| time cost : 0h 0m 27.38s
********************************************************************************************************************
Start the 2 rounds of NGS-ED iteration
	effective electronic model is modified as: kinetic energy t = 0.783016
	                                           effective interaction Vq = [-3.36052,-2.99478,-2.81472,-2.99478,-2.99478,-2.81472,-2.83706,-2.81472,-2.81472,-2.83706,-3.35411,-2.83706,-2.99478,-2.81472,-2.83706,-2.81472]
	PARPACK diagonalization completed after 30 matrix-vector product operations.
	iteration results: : total energy is -83.049078 | electron energy -83.286124 + phonon energy 0.237045 | electron momentum kIdx = 0
The 2-th iteration is completed.	|| time cost : 0h 0m 27.32s
********************************************************************************************************************
Start the 3 rounds of NGS-ED iteration
	effective electronic model is modified as: kinetic energy t = 0.782563
	                                           effective interaction Vq = [-3.38547,-2.98084,-2.80849,-2.98084,-2.98084,-2.80849,-2.82417,-2.80849,-2.80849,-2.82417,-3.38122,-2.82417,-2.98084,-2.80849,-2.82417,-2.80849]
	PARPACK diagonalization completed after 30 matrix-vector product operations.
	iteration results: : total energy is -83.616442 | electron energy -83.879179 + phonon energy 0.262738 | electron momentum kIdx = 0
The 3-th iteration is completed.	|| time cost : 0h 0m 27.32s
********************************************************************************************************************
Start the 4 rounds of NGS-ED iteration
	effective electronic model is modified as: kinetic energy t = 0.784129
	                                           effective interaction Vq = [-3.39465,-2.95999,-2.79488,-2.95999,-2.95999,-2.79488,-2.80516,-2.79488,-2.79488,-2.80516,-3.39077,-2.80516,-2.95999,-2.79488,-2.80516,-2.79488]
	PARPACK diagonalization completed after 30 matrix-vector product operations.
	iteration results: : total energy is -83.813108 | electron energy -84.084535 + phonon energy 0.271428 | electron momentum kIdx = 0
The 4-th iteration is completed.	|| time cost : 0h 0m 27.311s
********************************************************************************************************************
Start the 5 rounds of NGS-ED iteration
	effective electronic model is modified as: kinetic energy t = 0.78596
	                                           effective interaction Vq = [-3.39803,-2.94161,-2.78188,-2.94161,-2.94161,-2.78188,-2.78817,-2.78188,-2.78188,-2.78817,-3.39441,-2.78817,-2.94161,-2.78188,-2.78817,-2.78188]
	PARPACK diagonalization completed after 30 matrix-vector product operations.
	iteration results: : total energy is -83.881786 | electron energy -84.155072 + phonon energy 0.273286 | electron momentum kIdx = 0
The 5-th iteration is completed.	|| time cost : 0h 0m 27.599s
********************************************************************************************************************
Start the 6 rounds of NGS-ED iteration
	effective electronic model is modified as: kinetic energy t = 0.787535
	                                           effective interaction Vq = [-3.39927,-2.92748,-2.77143,-2.92748,-2.92748,-2.77143,-2.77486,-2.77143,-2.77143,-2.77486,-3.39592,-2.77486,-2.92748,-2.77143,-2.77486,-2.77143]
	PARPACK diagonalization completed after 30 matrix-vector product operations.
	iteration results: : total energy is -83.906146 | electron energy -84.178726 + phonon energy 0.272581 | electron momentum kIdx = 0
The 6-th iteration is completed.	|| time cost : 0h 0m 27.361s
********************************************************************************************************************
Start the 7 rounds of NGS-ED iteration
	effective electronic model is modified as: kinetic energy t = 0.788759
	                                           effective interaction Vq = [-3.39972,-2.91719,-2.76357,-2.91719,-2.91719,-2.76357,-2.76499,-2.76357,-2.76357,-2.76499, -3.3966,-2.76499,-2.91719,-2.76357,-2.76499,-2.76357]
	PARPACK diagonalization completed after 30 matrix-vector product operations.
	iteration results: : total energy is -83.914937 | electron energy -84.186045 + phonon energy 0.271108 | electron momentum kIdx = 0
The 7-th iteration is completed.	|| time cost : 0h 0m 27.339s
********************************************************************************************************************
Start the 8 rounds of NGS-ED iteration
	effective electronic model is modified as: kinetic energy t = 0.789665
	                                           effective interaction Vq = [-3.39989,-2.90988,-2.75786,-2.90988,-2.90988,-2.75786,-2.75787,-2.75786,-2.75786,-2.75787,-3.39693,-2.75787,-2.90988,-2.75786,-2.75787,-2.75786]
	PARPACK diagonalization completed after 30 matrix-vector product operations.
	iteration results: : total energy is -83.918162 | electron energy -84.187762 + phonon energy 0.269600 | electron momentum kIdx = 0
The 8-th iteration is completed.	|| time cost : 0h 0m 27.623s
********************************************************************************************************************
Start the 9 rounds of NGS-ED iteration
	effective electronic model is modified as: kinetic energy t = 0.790318
	                                           effective interaction Vq = [-3.39995,-2.90476,-2.75379,-2.90476,-2.90476,-2.75379,-2.75282,-2.75379,-2.75379,-2.75282,-3.39709,-2.75282,-2.90476,-2.75379,-2.75282,-2.75379]
	PARPACK diagonalization completed after 30 matrix-vector product operations.
	iteration results: : total energy is -83.919363 | electron energy -84.187680 + phonon energy 0.268317 | electron momentum kIdx = 0
The 9-th iteration is completed.	|| time cost : 0h 0m 27.23s
********************************************************************************************************************
Start the 10 rounds of NGS-ED iteration
	effective electronic model is modified as: kinetic energy t = 0.790781
	                                           effective interaction Vq = [-3.39998, -2.9012,-2.75093, -2.9012, -2.9012,-2.75093,-2.74927,-2.75093,-2.75093,-2.74927,-3.39718,-2.74927, -2.9012,-2.75093,-2.74927,-2.75093]
	PARPACK diagonalization completed after 30 matrix-vector product operations.
	iteration results: : total energy is -83.919816 | electron energy -84.187129 + phonon energy 0.267312 | electron momentum kIdx = 0
	Nq(0) = 16,	Nq(1) = 0.146915,	Nq(2) = 0.228858,	Nq(3) = 0.146915,	Nq(4) = 0.146915,	Nq(5) = 0.228858,	Nq(6) = 0.33067,	Nq(7) = 0.228858,	Nq(8) = 0.228858,	Nq(9) = 0.33067,	Nq(10) = 9.37149,	Nq(11) = 0.33067,	Nq(12) = 0.146915,	Nq(13) = 0.228858,	Nq(14) = 0.33067,	Nq(15) = 0.228858,	Sq(0) = -4.6863e-18,	Sq(1) = 0.133857,	Sq(2) = 0.210412,	Sq(3) = 0.133857,	Sq(4) = 0.133857,	Sq(5) = 0.210412,	Sq(6) = 0.294901,	Sq(7) = 0.210412,	Sq(8) = 0.210412,	Sq(9) = 0.294901,	Sq(10) = 0.367521,	Sq(11) = 0.294901,	Sq(12) = 0.133857,	Sq(13) = 0.210412,	Sq(14) = 0.294901,	Sq(15) = 0.210412,	N(0) = 1.91313,	N(1) = 1.76119,	N(2) = 1,	N(3) = 1.76119,	N(4) = 1.76119,	N(5) = 1,	N(6) = 0.238814,	N(7) = 1,	N(8) = 1,	N(9) = 0.238814,	N(10) = 0.0868687,	N(11) = 0.238814,	N(12) = 1.76119,	N(13) = 1,	N(14) = 0.238814,	N(15) = 1,	Delta[s](0) = 0.458269,	Delta[s](1) = 0.416072,	Delta[s](2) = 0.395245,	Delta[s](3) = 0.416072,	Delta[s](4) = 0.416072,	Delta[s](5) = 0.395245,	Delta[s](6) = 0.370945,	Delta[s](7) = 0.395245,	Delta[s](8) = 0.395245,	Delta[s](9) = 0.370945,	Delta[s](10) = 0.34968,	Delta[s](11) = 0.370945,	Delta[s](12) = 0.416072,	Delta[s](13) = 0.395245,	Delta[s](14) = 0.370945,	Delta[s](15) = 0.395245,	Delta[d](0) = 0.139768,	Delta[d](1) = 0.125739,	Delta[d](2) = 0.147549,	Delta[d](3) = 0.125739,	Delta[d](4) = 0.125739,	Delta[d](5) = 0.088217,	Delta[d](6) = 0.0951238,	Delta[d](7) = 0.088217,	Delta[d](8) = 0.147549,	Delta[d](9) = 0.0951238,	Delta[d](10) = 0.0365532,	Delta[d](11) = 0.0951238,	Delta[d](12) = 0.125739,	Delta[d](13) = 0.088217,	Delta[d](14) = 0.0951238,	Delta[d](15) = 0.088217,	Delta[s+](0) = 0.321063,	Delta[s+](1) = 0.238878,	Delta[s+](2) = 0.147549,	Delta[s+](3) = 0.238878,	Delta[s+](4) = 0.238878,	Delta[s+](5) = 0.147549,	Delta[s+](6) = 0.0607307,	Delta[s+](7) = 0.147549,	Delta[s+](8) = 0.147549,	Delta[s+](9) = 0.0607307,	Delta[s+](10) = 0.0231584,	Delta[s+](11) = 0.0607307,	Delta[s+](12) = 0.238878,	Delta[s+](13) = 0.147549,	Delta[s+](14) = 0.0607307,	Delta[s+](15) = 0.147549
The 10-th iteration is completed.	|| time cost : 0h 4m 23.084s
********************************************************************************************************************
Start the 11 rounds of NGS-ED iteration
	effective electronic model is modified as: kinetic energy t = 0.791106
	                                           effective interaction Vq = [-3.39999,-2.89874,-2.74892,-2.89874,-2.89874,-2.74892, -2.7468,-2.74892,-2.74892, -2.7468,-3.39722, -2.7468,-2.89874,-2.74892, -2.7468,-2.74892]
	PARPACK diagonalization completed after 30 matrix-vector product operations.
	iteration results: : total energy is -83.919990 | electron energy -84.186551 + phonon energy 0.266561 | electron momentum kIdx = 0
The 11-th iteration is completed.	|| time cost : 0h 0m 27.377s
********************************************************************************************************************
Start the 12 rounds of NGS-ED iteration
	effective electronic model is modified as: kinetic energy t = 0.791332
	                                           effective interaction Vq = [-3.39999,-2.89705,-2.74753,-2.89705,-2.89705,-2.74753,-2.74509,-2.74753,-2.74753,-2.74509,-3.39724,-2.74509,-2.89705,-2.74753,-2.74509,-2.74753]
	PARPACK diagonalization completed after 30 matrix-vector product operations.
	iteration results: : total energy is -83.920057 | electron energy -84.186073 + phonon energy 0.266016 | electron momentum kIdx = 0
The 12-th iteration is completed.	|| time cost : 0h 0m 27.338s
********************************************************************************************************************
Start the 13 rounds of NGS-ED iteration
	effective electronic model is modified as: kinetic energy t = 0.79149
	                                           effective interaction Vq = [-3.39999,-2.89588,-2.74657,-2.89588,-2.89588,-2.74657, -2.7439,-2.74657,-2.74657, -2.7439,-3.39726, -2.7439,-2.89588,-2.74657, -2.7439,-2.74657]
	PARPACK diagonalization completed after 30 matrix-vector product operations.
	iteration results: : total energy is -83.920083 | electron energy -84.185710 + phonon energy 0.265626 | electron momentum kIdx = 0
The 13-th iteration is completed.	|| time cost : 0h 0m 27.353s
********************************************************************************************************************
Start the 14 rounds of NGS-ED iteration
	effective electronic model is modified as: kinetic energy t = 0.791598
	                                           effective interaction Vq = [-3.39999,-2.89508, -2.7459,-2.89508,-2.89508, -2.7459,-2.74308, -2.7459, -2.7459,-2.74308,-3.39727,-2.74308,-2.89508, -2.7459,-2.74308, -2.7459]
	PARPACK diagonalization completed after 30 matrix-vector product operations.
	iteration results: : total energy is -83.920094 | electron energy -84.185446 + phonon energy 0.265352 | electron momentum kIdx = 0
The 14-th iteration is completed.	|| time cost : 0h 0m 27.365s
********************************************************************************************************************
Start the 15 rounds of NGS-ED iteration
	effective electronic model is modified as: kinetic energy t = 0.791673
	                                           effective interaction Vq = [-3.39999,-2.89453,-2.74545,-2.89453,-2.89453,-2.74545,-2.74252,-2.74545,-2.74545,-2.74252,-3.39727,-2.74252,-2.89453,-2.74545,-2.74252,-2.74545]
	PARPACK diagonalization completed after 30 matrix-vector product operations.
	iteration results: : total energy is -83.920098 | electron energy -84.185258 + phonon energy 0.265160 | electron momentum kIdx = 0
The 15-th iteration is completed.	|| time cost : 0h 0m 27.357s
********************************************************************************************************************
Start the 16 rounds of NGS-ED iteration
	effective electronic model is modified as: kinetic energy t = 0.791725
	                                           effective interaction Vq = [-3.39999,-2.89416,-2.74513,-2.89416,-2.89416,-2.74513,-2.74214,-2.74513,-2.74513,-2.74214,-3.39727,-2.74214,-2.89416,-2.74513,-2.74214,-2.74513]
	PARPACK diagonalization completed after 30 matrix-vector product operations.
	iteration results: : total energy is -83.920100 | electron energy -84.185126 + phonon energy 0.265027 | electron momentum kIdx = 0
The 16-th iteration is completed.	|| time cost : 0h 0m 27.453s
********************************************************************************************************************
Start the 17 rounds of NGS-ED iteration
	effective electronic model is modified as: kinetic energy t = 0.79176
	                                           effective interaction Vq = [-3.39999, -2.8939,-2.74491, -2.8939, -2.8939,-2.74491,-2.74187,-2.74491,-2.74491,-2.74187,-3.39727,-2.74187, -2.8939,-2.74491,-2.74187,-2.74491]
	PARPACK diagonalization completed after 30 matrix-vector product operations.
	iteration results: : total energy is -83.920101 | electron energy -84.185035 + phonon energy 0.264934 | electron momentum kIdx = 0
The 17-th iteration is completed.	|| time cost : 0h 0m 27.398s
********************************************************************************************************************
Start the 18 rounds of NGS-ED iteration
	effective electronic model is modified as: kinetic energy t = 0.791784
	                                           effective interaction Vq = [-3.39999,-2.89372,-2.74477,-2.89372,-2.89372,-2.74477,-2.74169,-2.74477,-2.74477,-2.74169,-3.39728,-2.74169,-2.89372,-2.74477,-2.74169,-2.74477]
	PARPACK diagonalization completed after 30 matrix-vector product operations.
	iteration results: : total energy is -83.920101 | electron energy -84.184971 + phonon energy 0.264871 | electron momentum kIdx = 0
The 18-th iteration is completed.	|| time cost : 0h 0m 27.43s
********************************************************************************************************************
Start the 19 rounds of NGS-ED iteration
	effective electronic model is modified as: kinetic energy t = 0.791801
	                                           effective interaction Vq = [-3.39999, -2.8936,-2.74466, -2.8936, -2.8936,-2.74466,-2.74156,-2.74466,-2.74466,-2.74156,-3.39728,-2.74156, -2.8936,-2.74466,-2.74156,-2.74466]
	PARPACK diagonalization completed after 30 matrix-vector product operations.
	iteration results: : total energy is -83.920101 | electron energy -84.184928 + phonon energy 0.264827 | electron momentum kIdx = 0
The 19-th iteration is completed.	|| time cost : 0h 0m 27.673s
********************************************************************************************************************
Start the 20 rounds of NGS-ED iteration
	effective electronic model is modified as: kinetic energy t = 0.791812
	                                           effective interaction Vq = [-3.39999,-2.89352,-2.74459,-2.89352,-2.89352,-2.74459,-2.74148,-2.74459,-2.74459,-2.74148,-3.39728,-2.74148,-2.89352,-2.74459,-2.74148,-2.74459]
	PARPACK diagonalization completed after 30 matrix-vector product operations.
	iteration results: : total energy is -83.920101 | electron energy -84.184898 + phonon energy 0.264796 | electron momentum kIdx = 0
