SNEDics v3.2 diagonalization test program		Start at Tue May  7 02:29:29 2019

parallized on 80 MPI threads  * 6 OpenMP threads = 480 total threads.
************************************************************************************
************************************************************************************

Input file "model_params.in"
Hubbard-Holstein model parameters : 	t = 1    U = 1    g = 4.4721    W = 5    
************************************************************************************
Input file "hilbertspace_params.in"

Cluster Positions:				Cluster symmetry group : D4
 x ... x ... x ... x .....                       x ... x ... x ... x .....
 |           |           :                       |           |           :
 |           |           :                       |           |           :
12    13    14    15     x                       1     5     6     5     x
 |           |           :                       |           |           :
 |           |           :                       |           |           :
 8 --- 9 ---10 ---11 --- x                       2 --- 6 ---10 --- 6 --- x
 |           |           :                       |           |           :
 |           |           :                       |           |           :
 4     5     6     7     x                       1     5     6     5     x
 |           |           :                       |           |           :
 |           |           :                       |           |           :
 0 --- 1 --- 2 --- 3 --- x                       0 --- 1 --- 2 --- 1 --- x
orbital number : 1
************************************************************************************
** NOTE ** Detected low phonon energy W < 10. The initial state will be prepared through a warm-up process.
starting warm-up calculation for scaling factor 2
0 rounds of non-Gaussian ED iteration : ground-state energy is -20.7784 | electron energy -20.7784 + phonon energy 0 | electron momentum kIdx = 10
Nq = 	16	0.308747	0.347489	0.308747	0.308747	0.347489	0.5325	0.347489	0.347489	0.5325	0.575044	0.5325	0.308747	0.347489	0.5325	0.347489
Sq = 	-7.09497e-18	0.375318	0.421871	0.375318	0.375318	0.421871	0.652592	0.421871	0.421871	0.652592	3.33217	0.652592	0.375318	0.421871	0.652592	0.421871
1 rounds of non-Gaussian ED iteration : ground-state energy is -106.956 | electron energy -106.97 + phonon energy 0.0144388 | electron momentum kIdx = 10
Nq = 	16	0.392871	0.541678	0.392871	0.392871	0.541678	0.77676	0.541678	0.541678	0.77676	5.45321	0.77676	0.392871	0.541678	0.77676	0.541678
Sq = 	2.34386e-18	0.10608	0.167708	0.10608	0.10608	0.167708	0.227322	0.167708	0.167708	0.227322	0.278346	0.227322	0.10608	0.167708	0.227322	0.167708
2 rounds of non-Gaussian ED iteration : ground-state energy is -122.602 | electron energy -122.66 + phonon energy 0.0571894 | electron momentum kIdx = 10
Nq = 	16	0.128937	0.223554	0.128937	0.128937	0.223554	0.327775	0.223554	0.223554	0.327775	11.3303	0.327775	0.128937	0.223554	0.327775	0.223554
Sq = 	4.20728e-20	0.0540813	0.0963328	0.0540813	0.0540813	0.0963328	0.134368	0.0963328	0.0963328	0.134368	0.169757	0.134368	0.0540813	0.0963328	0.134368	0.0963328
3 rounds of non-Gaussian ED iteration : ground-state energy is -124.864 | electron energy -124.922 + phonon energy 0.0572886 | electron momentum kIdx = 10
Nq = 	16	0.0790708	0.145133	0.0790708	0.0790708	0.145133	0.212239	0.145133	0.145133	0.212239	12.6439	0.212239	0.0790708	0.145133	0.212239	0.145133
Sq = 	1.08222e-18	0.0466364	0.0845673	0.0466364	0.0466364	0.0845673	0.118836	0.0845673	0.0845673	0.118836	0.150804	0.118836	0.0466364	0.0845673	0.118836	0.0845673
4 rounds of non-Gaussian ED iteration : ground-state energy is -125.248 | electron energy -125.298 + phonon energy 0.0496187 | electron momentum kIdx = 10
Nq = 	16	0.0612849	0.114898	0.0612849	0.0612849	0.114898	0.168281	0.114898	0.114898	0.168281	13.1194	0.168281	0.0612849	0.114898	0.168281	0.114898
Sq = 	1.91239e-19	0.0445952	0.0814557	0.0445952	0.0445952	0.0814557	0.114904	0.0814557	0.0814557	0.114904	0.146189	0.114904	0.0445952	0.0814557	0.114904	0.0814557
5 rounds of non-Gaussian ED iteration : ground-state energy is -125.345 | electron energy -125.388 + phonon energy 0.0431414 | electron momentum kIdx = 10
Nq = 	16	0.0529667	0.100306	0.0529667	0.0529667	0.100306	0.147058	0.100306	0.100306	0.147058	13.3614	0.147058	0.0529667	0.100306	0.147058	0.100306
Sq = 	-1.6185e-18	0.0430044	0.0790437	0.0430044	0.0430044	0.0790437	0.111911	0.0790437	0.0790437	0.111911	0.142765	0.111911	0.0430044	0.0790437	0.111911	0.0790437
6 rounds of non-Gaussian ED iteration : ground-state energy is -125.373 | electron energy -125.412 + phonon energy 0.0385874 | electron momentum kIdx = 10
Nq = 	16	0.0489776	0.093168	0.0489776	0.0489776	0.093168	0.136624	0.093168	0.093168	0.136624	13.4898	0.136624	0.0489776	0.093168	0.136624	0.093168
Sq = 	-7.65108e-19	0.0418096	0.0771906	0.0418096	0.0418096	0.0771906	0.109582	0.0771906	0.0771906	0.109582	0.140076	0.109582	0.0418096	0.0771906	0.109582	0.0771906
7 rounds of non-Gaussian ED iteration : ground-state energy is -125.381 | electron energy -125.417 + phonon energy 0.0358465 | electron momentum kIdx = 10
Nq = 	16	0.0470611	0.089701	0.0470611	0.0470611	0.089701	0.131537	0.089701	0.089701	0.131537	13.5558	0.131537	0.0470611	0.089701	0.131537	0.089701
Sq = 	-6.73281e-19	0.0410865	0.0760508	0.0410865	0.0410865	0.0760508	0.108134	0.0760508	0.0760508	0.108134	0.13839	0.108134	0.0410865	0.0760508	0.108134	0.0760508
8 rounds of non-Gaussian ED iteration : ground-state energy is -125.383 | electron energy -125.417 + phonon energy 0.0343615 | electron momentum kIdx = 10
Nq = 	16	0.0461427	0.0880303	0.0461427	0.0461427	0.0880303	0.129082	0.0880303	0.0880303	0.129082	13.5886	0.129082	0.0461427	0.0880303	0.129082	0.0880303
Sq = 	-1.54266e-19	0.0407001	0.0754366	0.0407001	0.0407001	0.0754366	0.107349	0.0754366	0.0754366	0.107349	0.137471	0.107349	0.0407001	0.0754366	0.107349	0.0754366
Ground state is obtained after 9 iterations. The current ground-state energy is -125.383, in which electron energy is -125.417 and phonon energy is 0.0336035
final variational state is: 
Gamma_x =       1  1.0091 1.01754  1.0091  1.0091 1.01754 1.02588 1.01754 1.01754 1.02588 1.09765 1.02588  1.0091 1.01754 1.02588 1.01754
lambda_q = 0.632372 0.372945 0.366906 0.372945 0.372945 0.366906 0.364659 0.366906 0.366906 0.364659 0.626908 0.364659 0.372945 0.366906 0.364659 0.366906
o___o  -------------------------------------
| L |	Time since last clock: 0h 48m 1.733s
A===A	Time since the beginning: 0h 48m 1.733s
********************************************

************************************************************************************
Warm up completed
o___o  -------------------------------------
| L |	Time since last clock: 0h 0m 0.028s
A===A	Time since the beginning: 0h 48m 1.761s
********************************************

************************************************************************************
0 rounds of non-Gaussian ED iteration : ground-state energy is -114.223 | electron energy -114.24 + phonon energy 0.0168018 | electron momentum kIdx = 10
Nq = 	16	0.0433478	0.0825985	0.0433478	0.0433478	0.0825985	0.120689	0.0825985	0.0825985	0.120689	13.6525	0.120689	0.0433478	0.0825985	0.120689	0.0825985
Sq = 	5.3981e-19	0.0408521	0.0761396	0.0408521	0.0408521	0.0761396	0.108879	0.0761396	0.0761396	0.108879	0.140044	0.108879	0.0408521	0.0761396	0.108879	0.0761396
1 rounds of non-Gaussian ED iteration : ground-state energy is -120.839 | electron energy -120.891 + phonon energy 0.0515121 | electron momentum kIdx = 10
Nq = 	16	0.0337009	0.0649754	0.0337009	0.0337009	0.0649754	0.0952435	0.0649754	0.0649754	0.0952435	14.1243	0.0952435	0.0337009	0.0649754	0.0952435	0.0649754
Sq = 	-1.04547e-19	0.0324857	0.0615965	0.0324857	0.0324857	0.0615965	0.0888889	0.0615965	0.0615965	0.0888889	0.11502	0.0888889	0.0324857	0.0615965	0.0888889	0.0615965
2 rounds of non-Gaussian ED iteration : ground-state energy is -123.193 | electron energy -123.262 + phonon energy 0.0696796 | electron momentum kIdx = 10
Nq = 	16	0.0301638	0.0583608	0.0301638	0.0301638	0.0583608	0.0856289	0.0583608	0.0583608	0.0856289	14.3024	0.0856289	0.0301638	0.0583608	0.0856289	0.0583608
Sq = 	-3.54487e-19	0.0293751	0.0560701	0.0293751	0.0293751	0.0560701	0.0812398	0.0560701	0.0560701	0.0812398	0.105418	0.0812398	0.0293751	0.0560701	0.0812398	0.0560701
3 rounds of non-Gaussian ED iteration : ground-state energy is -123.994 | electron energy -124.073 + phonon energy 0.0790186 | electron momentum kIdx = 10
Nq = 	16	0.0287144	0.0556272	0.0287144	0.0287144	0.0556272	0.0816431	0.0556272	0.0556272	0.0816431	14.3764	0.0816431	0.0287144	0.0556272	0.0816431	0.0556272
Sq = 	-5.2513e-19	0.0280854	0.0537587	0.0280854	0.0280854	0.0537587	0.0780299	0.0537587	0.0537587	0.0780299	0.101383	0.0780299	0.0280854	0.0537587	0.0780299	0.0537587
4 rounds of non-Gaussian ED iteration : ground-state energy is -124.263 | electron energy -124.348 + phonon energy 0.0843426 | electron momentum kIdx = 10
Nq = 	16	0.0280855	0.0544369	0.0280855	0.0280855	0.0544369	0.0799048	0.0544369	0.0544369	0.0799048	14.4088	0.0799048	0.0280855	0.0544369	0.0799048	0.0544369
Sq = 	-6.27659e-20	0.0275218	0.052745	0.0275218	0.0275218	0.052745	0.0766198	0.052745	0.052745	0.0766198	0.0996089	0.0766198	0.0275218	0.052745	0.0766198	0.052745
5 rounds of non-Gaussian ED iteration : ground-state energy is -124.354 | electron energy -124.442 + phonon energy 0.087469 | electron momentum kIdx = 10
Nq = 	16	0.0278031	0.0539018	0.0278031	0.0278031	0.0539018	0.0791227	0.0539018	0.0539018	0.0791227	14.4234	0.0791227	0.0278031	0.0539018	0.0791227	0.0539018
Sq = 	-3.18062e-19	0.0272678	0.0522872	0.0272678	0.0272678	0.0522872	0.0759825	0.0522872	0.0522872	0.0759825	0.0988067	0.0759825	0.0272678	0.0522872	0.0759825	0.0522872
6 rounds of non-Gaussian ED iteration : ground-state energy is -124.385 | electron energy -124.475 + phonon energy 0.0892809 | electron momentum kIdx = 10
Nq = 	16	0.0276729	0.0536548	0.0276729	0.0276729	0.0536548	0.0787616	0.0536548	0.0536548	0.0787616	14.4301	0.0787616	0.0276729	0.0536548	0.0787616	0.0536548
Sq = 	4.46218e-19	0.0271502	0.0520752	0.0271502	0.0271502	0.0520752	0.0756871	0.0520752	0.0520752	0.0756871	0.0984348	0.0756871	0.0271502	0.0520752	0.0756871	0.0520752
7 rounds of non-Gaussian ED iteration : ground-state energy is -124.396 | electron energy -124.486 + phonon energy 0.0903085 | electron momentum kIdx = 10
Nq = 	16	0.0276114	0.0535382	0.0276114	0.0276114	0.0535382	0.0785911	0.0535382	0.0535382	0.0785911	14.4333	0.0785911	0.0276114	0.0535382	0.0785911	0.0535382
Sq = 	-3.4673e-19	0.0270946	0.0519747	0.0270946	0.0270946	0.0519747	0.0755471	0.0519747	0.0519747	0.0755471	0.0982584	0.0755471	0.0270946	0.0519747	0.0755471	0.0519747
8 rounds of non-Gaussian ED iteration : ground-state energy is -124.4 | electron energy -124.491 + phonon energy 0.0908804 | electron momentum kIdx = 10
Nq = 	16	0.0275817	0.053482	0.0275817	0.0275817	0.053482	0.078509	0.053482	0.053482	0.078509	14.4348	0.078509	0.0275817	0.053482	0.078509	0.053482
Sq = 	4.31344e-20	0.0270677	0.0519262	0.0270677	0.0270677	0.0519262	0.0754794	0.0519262	0.0519262	0.0754794	0.098173	0.0754794	0.0270677	0.0519262	0.0754794	0.0519262
9 rounds of non-Gaussian ED iteration : ground-state energy is -124.401 | electron energy -124.492 + phonon energy 0.0911942 | electron momentum kIdx = 10
Nq = 	16	0.0275672	0.0534546	0.0275672	0.0275672	0.0534546	0.0784688	0.0534546	0.0534546	0.0784688	14.4356	0.0784688	0.0275672	0.0534546	0.0784688	0.0534546
Sq = 	-8.19246e-20	0.0270545	0.0519023	0.0270545	0.0270545	0.0519023	0.0754462	0.0519023	0.0519023	0.0754462	0.0981311	0.0754462	0.0270545	0.0519023	0.0754462	0.0519023
10 rounds of non-Gaussian ED iteration : ground-state energy is -124.402 | electron energy -124.493 + phonon energy 0.0913645 | electron momentum kIdx = 10
Nq = 	16	0.0275601	0.053441	0.0275601	0.0275601	0.053441	0.078449	0.053441	0.053441	0.078449	14.436	0.078449	0.0275601	0.053441	0.078449	0.053441
Sq = 	-3.05116e-20	0.027048	0.0518905	0.027048	0.027048	0.0518905	0.0754297	0.0518905	0.0518905	0.0754297	0.0981103	0.0754297	0.027048	0.0518905	0.0754297	0.0518905
11 rounds of non-Gaussian ED iteration : ground-state energy is -124.402 | electron energy -124.493 + phonon energy 0.0914562 | electron momentum kIdx = 10
Nq = 	16	0.0275565	0.0534342	0.0275565	0.0275565	0.0534342	0.078439	0.0534342	0.0534342	0.078439	14.4361	0.078439	0.0275565	0.0534342	0.078439	0.0534342
Sq = 	-2.49236e-19	0.0270447	0.0518846	0.0270447	0.0270447	0.0518846	0.0754214	0.0518846	0.0518846	0.0754214	0.0980998	0.0754214	0.0270447	0.0518846	0.0754214	0.0518846
12 rounds of non-Gaussian ED iteration : ground-state energy is -124.402 | electron energy -124.493 + phonon energy 0.0915054 | electron momentum kIdx = 10
Nq = 	16	0.0275547	0.0534308	0.0275547	0.0275547	0.0534308	0.078434	0.0534308	0.0534308	0.078434	14.4362	0.078434	0.0275547	0.0534308	0.078434	0.0534308
Sq = 	7.70441e-20	0.027043	0.0518816	0.027043	0.027043	0.0518816	0.0754172	0.0518816	0.0518816	0.0754172	0.0980946	0.0754172	0.027043	0.0518816	0.0754172	0.0518816
13 rounds of non-Gaussian ED iteration : ground-state energy is -124.402 | electron energy -124.493 + phonon energy 0.0915316 | electron momentum kIdx = 10
Nq = 	16	0.0275538	0.053429	0.0275538	0.0275538	0.053429	0.0784315	0.053429	0.053429	0.0784315	14.4363	0.0784315	0.0275538	0.053429	0.0784315	0.053429
Sq = 	-4.97145e-19	0.0270422	0.0518801	0.0270422	0.0270422	0.0518801	0.0754151	0.0518801	0.0518801	0.0754151	0.0980919	0.0754151	0.0270422	0.0518801	0.0754151	0.0518801
14 rounds of non-Gaussian ED iteration : ground-state energy is -124.402 | electron energy -124.493 + phonon energy 0.0915455 | electron momentum kIdx = 10
Nq = 	16	0.0275533	0.0534282	0.0275533	0.0275533	0.0534282	0.0784302	0.0534282	0.0534282	0.0784302	14.4363	0.0784302	0.0275533	0.0534282	0.0784302	0.0534282
Sq = 	1.11556e-19	0.0270418	0.0518793	0.0270418	0.0270418	0.0518793	0.075414	0.0518793	0.0518793	0.075414	0.0980905	0.075414	0.0270418	0.0518793	0.075414	0.0518793
15 rounds of non-Gaussian ED iteration : ground-state energy is -124.402 | electron energy -124.493 + phonon energy 0.0915529 | electron momentum kIdx = 10
Nq = 	16	0.027553	0.0534277	0.027553	0.027553	0.0534277	0.0784296	0.0534277	0.0534277	0.0784296	14.4363	0.0784296	0.027553	0.0534277	0.0784296	0.0534277
Sq = 	6.08417e-19	0.0270415	0.0518789	0.0270415	0.0270415	0.0518789	0.0754134	0.0518789	0.0518789	0.0754134	0.0980898	0.0754134	0.0270415	0.0518789	0.0754134	0.0518789
16 rounds of non-Gaussian ED iteration : ground-state energy is -124.402 | electron energy -124.493 + phonon energy 0.0915568 | electron momentum kIdx = 10
Nq = 	16	0.0275529	0.0534275	0.0275529	0.0275529	0.0534275	0.0784292	0.0534275	0.0534275	0.0784292	14.4363	0.0784292	0.0275529	0.0534275	0.0784292	0.0534275
Sq = 	3.74369e-19	0.0270414	0.0518787	0.0270414	0.0270414	0.0518787	0.0754132	0.0518787	0.0518787	0.0754132	0.0980894	0.0754132	0.0270414	0.0518787	0.0754132	0.0518787
Ground state is obtained after 17 iterations. The current ground-state energy is -124.402, in which electron energy is -124.493 and phonon energy is 0.0915588
final variational state is: 
Gamma_x =       1 1.00992 1.01919 1.00992 1.00992 1.01919 1.02817 1.01919 1.01919 1.02817 1.29599 1.02817 1.00992 1.01919 1.02817 1.01919
lambda_q = 0.894367 0.302918 0.298567 0.302918 0.302918 0.298567 0.296023 0.298567 0.298567 0.296023 0.884144 0.296023 0.302918 0.298567 0.296023 0.298567
o___o  -------------------------------------
| L |	Time since last clock: 1h 26m 42.955s
A===A	Time since the beginning: 2h 14m 44.716s
********************************************

************************************************************************************
