SNEDics v3.4 Non-Gaussian ED ground state program		Start at Sun Sep 22 02:57:16 2019

parallized on 16 MPI threads  * 8 OpenMP threads = 128 total threads.
********************************************************************************************************************
********************************************************************************************************************

********************************************************************************************************************
System parameters and configurations
********************************************************************************************************************
Special program options are enabled: splitted diagonal Hamiltonian
********************************************************************************************************************
Read input file "model_params.in"
	Hubbard-Holstein model parameters : 	t = 1    U = 7.7    g = 4.7434    W = 5    
********************************************************************************************************************
Read input file "hilbertspace_params.in"
	Requested 16-site 2D lattice, with 16 electrons (8, 8)
	Boundary : Periodic		Hilbert space representation : momentum-space (restricted to kIdx = 10)
	Conservation: particle number[U(1)]      spin[U(1)]     momentum
********************************************************************************************************************

Cluster Positions:				Cluster symmetry group : D4
 x ... x ... x ... x .....                       x ... x ... x ... x .....
 |           |           :                       |           |           :
 |           |           :                       |           |           :
12    13    14    15     x                       1     5     6     5     x
 |           |           :                       |           |           :
 |           |           :                       |           |           :
 8 --- 9 ---10 ---11 --- x                       2 --- 6 ---10 --- 6 --- x
 |           |           :                       |           |           :
 |           |           :                       |           |           :
 4     5     6     7     x                       1     5     6     5     x
 |           |           :                       |           |           :
 |           |           :                       |           |           :
 0 --- 1 --- 2 --- 3 --- x                       0 --- 1 --- 2 --- 1 --- x
orbital number : 1
********************************************************************************************************************
Read input file "obs_params.in"
	Observable Type : Nq(All),   Sq(All),   N(All),   Delta[s](All),   Delta[d](All),   Delta[s+](All)
********************************************************************************************************************
** WARNING ** the input observables have non-local factors which have been reinterpreted. The total observable number is 96
********************************************************************************************************************


********************************************************************************************************************
Start calculating the non-Gaussian ED ground state
** WARNING ** Detected low phonon energy W < 10. The initial state will be prepared through a warm-up process.
********************************************************************************************************************
Start warm-up calculation for scaling factor 2
open output files: NGSEDWarmUpW10Obs.txt
********************************************************************************************************************
Start the 0 rounds of NGS-ED iteration
	effective electronic model is modified as: kinetic energy t = 1
	                                           effective interaction Vq = [-0,-0,-0,-0,-0,-0,-0,-0,-0,-0,-0,-0,-0,-0,-0,-0]
	first Hamiltonian is constructed, non-zero numbers = 2845334624
	PARPACK diagonalization completed after 105 matrix-vector product operations.
	iteration results: : total energy is -8.546723 | electron energy -8.546723 + phonon energy 0.000000 | electron momentum kIdx = 10
	Nq(0) = 16,	Nq(1) = 0.0667029,	Nq(2) = 0.115363,	Nq(3) = 0.0667029,	Nq(4) = 0.0667029,	Nq(5) = 0.115363,	Nq(6) = 0.159315,	Nq(7) = 0.115363,	Nq(8) = 0.115363,	Nq(9) = 0.159315,	Nq(10) = 0.199865,	Nq(11) = 0.159315,	Nq(12) = 0.0667029,	Nq(13) = 0.115363,	Nq(14) = 0.159315,	Nq(15) = 0.115363,	Sq(0) = -3.0659e-19,	Sq(1) = 0.238113,	Sq(2) = 0.386156,	Sq(3) = 0.238113,	Sq(4) = 0.238113,	Sq(5) = 0.386156,	Sq(6) = 0.57065,	Sq(7) = 0.386156,	Sq(8) = 0.386156,	Sq(9) = 0.57065,	Sq(10) = 8.6519,	Sq(11) = 0.57065,	Sq(12) = 0.238113,	Sq(13) = 0.386156,	Sq(14) = 0.57065,	Sq(15) = 0.386156,	N(0) = 1.78407,	N(1) = 1.57432,	N(2) = 1,	N(3) = 1.57432,	N(4) = 1.57432,	N(5) = 1,	N(6) = 0.425676,	N(7) = 1,	N(8) = 1,	N(9) = 0.425676,	N(10) = 0.215927,	N(11) = 0.425676,	N(12) = 1.57432,	N(13) = 1,	N(14) = 0.425676,	N(15) = 1,	Delta[s](0) = 0.0860048,	Delta[s](1) = 0.0721652,	Delta[s](2) = 0.0571766,	Delta[s](3) = 0.0721652,	Delta[s](4) = 0.0721652,	Delta[s](5) = 0.0571766,	Delta[s](6) = 0.0405971,	Delta[s](7) = 0.0571766,	Delta[s](8) = 0.0571766,	Delta[s](9) = 0.0405971,	Delta[s](10) = 0.0179431,	Delta[s](11) = 0.0405971,	Delta[s](12) = 0.0721652,	Delta[s](13) = 0.0571766,	Delta[s](14) = 0.0405971,	Delta[s](15) = 0.0571766,	Delta[d](0) = 0.561574,	Delta[d](1) = 0.467571,	Delta[d](2) = 0.386974,	Delta[d](3) = 0.467571,	Delta[d](4) = 0.467571,	Delta[d](5) = 0.411338,	Delta[d](6) = 0.342079,	Delta[d](7) = 0.411338,	Delta[d](8) = 0.386974,	Delta[d](9) = 0.342079,	Delta[d](10) = 0.277668,	Delta[d](11) = 0.342079,	Delta[d](12) = 0.467571,	Delta[d](13) = 0.411338,	Delta[d](14) = 0.342079,	Delta[d](15) = 0.411338,	Delta[s+](0) = 0.604438,	Delta[s+](1) = 0.507195,	Delta[s+](2) = 0.386974,	Delta[s+](3) = 0.507195,	Delta[s+](4) = 0.507195,	Delta[s+](5) = 0.386974,	Delta[s+](6) = 0.265344,	Delta[s+](7) = 0.386974,	Delta[s+](8) = 0.386974,	Delta[s+](9) = 0.265344,	Delta[s+](10) = 0.15516,	Delta[s+](11) = 0.265344,	Delta[s+](12) = 0.507195,	Delta[s+](13) = 0.386974,	Delta[s+](14) = 0.265344,	Delta[s+](15) = 0.386974
The 0-th iteration is completed.	|| time cost : 0h 14m 11.432s
********************************************************************************************************************
Start the 1 rounds of NGS-ED iteration
	effective electronic model is modified as: kinetic energy t = 0.908551
	                                           effective interaction Vq = [-3.89096,-3.31024,-3.22778,-3.31024,-3.31024,-3.22778,-3.17753,-3.22778,-3.22778,-3.17753,-3.13903,-3.17753,-3.31024,-3.22778,-3.17753,-3.22778]
	PARPACK diagonalization completed after 45 matrix-vector product operations.
	iteration results: : total energy is -80.088827 | electron energy -80.093533 + phonon energy 0.004706 | electron momentum kIdx = 10
The 1-th iteration is completed.	|| time cost : 0h 10m 13.424s
********************************************************************************************************************
Start the 2 rounds of NGS-ED iteration
	effective electronic model is modified as: kinetic energy t = 0.823294
	                                           effective interaction Vq = [-4.41755,-4.16379,-4.00619,-4.16379,-4.16379,-4.00619,-4.00036,-4.00619,-4.00619,-4.00036,-3.92197,-4.00036,-4.16379,-4.00619,-4.00036,-4.00619]
	PARPACK diagonalization completed after 45 matrix-vector product operations.
	iteration results: : total energy is -91.885836 | electron energy -91.952848 + phonon energy 0.067012 | electron momentum kIdx = 10
The 2-th iteration is completed.	|| time cost : 0h 1m 8.972s
********************************************************************************************************************
Start the 3 rounds of NGS-ED iteration
	effective electronic model is modified as: kinetic energy t = 0.773862
	                                           effective interaction Vq = [-4.48881,-4.37136,-4.31609,-4.37136,-4.37136,-4.31609,-4.24406,-4.31609,-4.31609,-4.24406, -4.1448,-4.24406,-4.37136,-4.31609,-4.24406,-4.31609]
	PARPACK diagonalization completed after 30 matrix-vector product operations.
	iteration results: : total energy is -94.148137 | electron energy -94.285258 + phonon energy 0.137121 | electron momentum kIdx = 10
The 3-th iteration is completed.	|| time cost : 0h 0m 56.711s
********************************************************************************************************************
Start the 4 rounds of NGS-ED iteration
	effective electronic model is modified as: kinetic energy t = 0.754505
	                                           effective interaction Vq = [-4.49846,-4.42147,-4.39603,-4.42147,-4.42147,-4.39603,-4.31564,-4.39603,-4.39603,-4.31564,-4.21569,-4.31564,-4.42147,-4.39603,-4.31564,-4.39603]
	PARPACK diagonalization completed after 30 matrix-vector product operations.
	iteration results: : total energy is -94.469802 | electron energy -94.644000 + phonon energy 0.174198 | electron momentum kIdx = 10
The 4-th iteration is completed.	|| time cost : 0h 0m 56.343s
********************************************************************************************************************
Start the 5 rounds of NGS-ED iteration
	effective electronic model is modified as: kinetic energy t = 0.747229
	                                           effective interaction Vq = [-4.49976,-4.43606,-4.41998,-4.43606,-4.43606,-4.41998,-4.33977,-4.41998,-4.41998,-4.33977,-4.24096,-4.33977,-4.43606,-4.41998,-4.33977,-4.41998]
	PARPACK diagonalization completed after 30 matrix-vector product operations.
	iteration results: : total energy is -94.513834 | electron energy -94.703178 + phonon energy 0.189344 | electron momentum kIdx = 10
The 5-th iteration is completed.	|| time cost : 0h 0m 56.682s
********************************************************************************************************************
Start the 6 rounds of NGS-ED iteration
	effective electronic model is modified as: kinetic energy t = 0.744536
	                                           effective interaction Vq = [-4.49994, -4.4408, -4.4279, -4.4408, -4.4408, -4.4279,-4.34851, -4.4279, -4.4279,-4.34851,-4.25045,-4.34851, -4.4408, -4.4279,-4.34851, -4.4279]
	PARPACK diagonalization completed after 30 matrix-vector product operations.
	iteration results: : total energy is -94.519771 | electron energy -94.714909 + phonon energy 0.195138 | electron momentum kIdx = 10
The 6-th iteration is completed.	|| time cost : 0h 0m 56.352s
********************************************************************************************************************
Start the 7 rounds of NGS-ED iteration
	effective electronic model is modified as: kinetic energy t = 0.743544
	                                           effective interaction Vq = [-4.49996, -4.4424,-4.43065, -4.4424, -4.4424,-4.43065,-4.35179,-4.43065,-4.43065,-4.35179, -4.2541,-4.35179, -4.4424,-4.43065,-4.35179,-4.43065]
	PARPACK diagonalization completed after 30 matrix-vector product operations.
	iteration results: : total energy is -94.520568 | electron energy -94.717881 + phonon energy 0.197313 | electron momentum kIdx = 10
The 7-th iteration is completed.	|| time cost : 0h 0m 56.463s
********************************************************************************************************************
Start the 8 rounds of NGS-ED iteration
	effective electronic model is modified as: kinetic energy t = 0.743179
	                                           effective interaction Vq = [-4.49997,-4.44296,-4.43162,-4.44296,-4.44296,-4.43162,-4.35303,-4.43162,-4.43162,-4.35303, -4.2555,-4.35303,-4.44296,-4.43162,-4.35303,-4.43162]
	PARPACK diagonalization completed after 30 matrix-vector product operations.
	iteration results: : total energy is -94.520675 | electron energy -94.718800 + phonon energy 0.198125 | electron momentum kIdx = 10
The 8-th iteration is completed.	|| time cost : 0h 0m 56.92s
********************************************************************************************************************
Start the 9 rounds of NGS-ED iteration
	effective electronic model is modified as: kinetic energy t = 0.743044
	                                           effective interaction Vq = [-4.49997,-4.44315,-4.43197,-4.44315,-4.44315,-4.43197,-4.35351,-4.43197,-4.43197,-4.35351,-4.25605,-4.35351,-4.44315,-4.43197,-4.35351,-4.43197]
	PARPACK diagonalization completed after 90 matrix-vector product operations.
	iteration results: : total energy is -94.851503 | electron energy -95.049931 + phonon energy 0.198428 | electron momentum kIdx = 10
The 9-th iteration is completed.	|| time cost : 0h 1m 46.014s
********************************************************************************************************************
Start the 10 rounds of NGS-ED iteration
	effective electronic model is modified as: kinetic energy t = 0.740061
	                                           effective interaction Vq = [-4.49997,-4.43818, -4.4403,-4.43818,-4.43818, -4.4403,-4.34515, -4.4403, -4.4403,-4.34515,-4.34715,-4.34515,-4.43818, -4.4403,-4.34515, -4.4403]
	PARPACK diagonalization completed after 45 matrix-vector product operations.
	iteration results: : total energy is -94.882157 | electron energy -95.085162 + phonon energy 0.203005 | electron momentum kIdx = 10
	Nq(0) = 16,	Nq(1) = 0.389286,	Nq(2) = 0.799022,	Nq(3) = 0.389286,	Nq(4) = 0.389286,	Nq(5) = 0.799022,	Nq(6) = 0.648424,	Nq(7) = 0.799022,	Nq(8) = 0.799022,	Nq(9) = 0.648424,	Nq(10) = 1.13835,	Nq(11) = 0.648424,	Nq(12) = 0.389286,	Nq(13) = 0.799022,	Nq(14) = 0.648424,	Nq(15) = 0.799022,	Sq(0) = -3.81529e-18,	Sq(1) = 0.307871,	Sq(2) = 0.342827,	Sq(3) = 0.307871,	Sq(4) = 0.307871,	Sq(5) = 0.342827,	Sq(6) = 0.519046,	Sq(7) = 0.342827,	Sq(8) = 0.342827,	Sq(9) = 0.519046,	Sq(10) = 0.552044,	Sq(11) = 0.519046,	Sq(12) = 0.307871,	Sq(13) = 0.342827,	Sq(14) = 0.519046,	Sq(15) = 0.342827,	N(0) = 1.99246,	N(1) = 1.98081,	N(2) = 1,	N(3) = 1.98081,	N(4) = 1.98081,	N(5) = 1,	N(6) = 0.0191855,	N(7) = 1,	N(8) = 1,	N(9) = 0.0191855,	N(10) = 0.00754144,	N(11) = 0.0191855,	N(12) = 1.98081,	N(13) = 1,	N(14) = 0.0191855,	N(15) = 1,	Delta[s](0) = 0.434129,	Delta[s](1) = 0.325851,	Delta[s](2) = 0.297618,	Delta[s](3) = 0.325851,	Delta[s](4) = 0.325851,	Delta[s](5) = 0.297618,	Delta[s](6) = 0.281619,	Delta[s](7) = 0.297618,	Delta[s](8) = 0.297618,	Delta[s](9) = 0.281619,	Delta[s](10) = 0.391941,	Delta[s](11) = 0.281619,	Delta[s](12) = 0.325851,	Delta[s](13) = 0.297618,	Delta[s](14) = 0.281619,	Delta[s](15) = 0.297618,	Delta[d](0) = 0.326304,	Delta[d](1) = 0.280827,	Delta[d](2) = 0.256063,	Delta[d](3) = 0.280827,	Delta[d](4) = 0.280827,	Delta[d](5) = 0.25503,	Delta[d](6) = 0.245202,	Delta[d](7) = 0.25503,	Delta[d](8) = 0.256063,	Delta[d](9) = 0.245202,	Delta[d](10) = 0.184524,	Delta[d](11) = 0.245202,	Delta[d](12) = 0.280827,	Delta[d](13) = 0.25503,	Delta[d](14) = 0.245202,	Delta[d](15) = 0.25503,	Delta[s+](0) = 0.434531,	Delta[s+](1) = 0.362178,	Delta[s+](2) = 0.256063,	Delta[s+](3) = 0.362178,	Delta[s+](4) = 0.362178,	Delta[s+](5) = 0.256063,	Delta[s+](6) = 0.142341,	Delta[s+](7) = 0.256063,	Delta[s+](8) = 0.256063,	Delta[s+](9) = 0.142341,	Delta[s+](10) = 0.0633009,	Delta[s+](11) = 0.142341,	Delta[s+](12) = 0.362178,	Delta[s+](13) = 0.256063,	Delta[s+](14) = 0.142341,	Delta[s+](15) = 0.256063
The 10-th iteration is completed.	|| time cost : 0h 8m 57.765s
********************************************************************************************************************
Start the 11 rounds of NGS-ED iteration
	effective electronic model is modified as: kinetic energy t = 0.738528
	                                           effective interaction Vq = [-4.49997,-4.43682,-4.44198,-4.43682,-4.43682,-4.44198,-4.34254,-4.44198,-4.44198,-4.34254,-4.39046,-4.34254,-4.43682,-4.44198,-4.34254,-4.44198]
	PARPACK diagonalization completed after 45 matrix-vector product operations.
	iteration results: : total energy is -94.898780 | electron energy -95.105447 + phonon energy 0.206667 | electron momentum kIdx = 10
The 11-th iteration is completed.	|| time cost : 0h 1m 9.309s
********************************************************************************************************************
Start the 12 rounds of NGS-ED iteration
	effective electronic model is modified as: kinetic energy t = 0.737542
	                                           effective interaction Vq = [-4.49997,-4.43716,-4.43407,-4.43716,-4.43716,-4.43407,-4.34315,-4.43407,-4.43407,-4.34315, -4.4402,-4.34315,-4.43716,-4.43407,-4.34315,-4.43407]
	PARPACK diagonalization completed after 45 matrix-vector product operations.
	iteration results: : total energy is -95.008855 | electron energy -95.218848 + phonon energy 0.209993 | electron momentum kIdx = 10
The 12-th iteration is completed.	|| time cost : 0h 1m 8.873s
********************************************************************************************************************
Start the 13 rounds of NGS-ED iteration
	effective electronic model is modified as: kinetic energy t = 0.747472
	                                           effective interaction Vq = [-4.49997,-4.42965,-4.35419,-4.42965,-4.42965,-4.35419,-4.33265,-4.35419,-4.35419,-4.33265,-4.48053,-4.33265,-4.42965,-4.35419,-4.33265,-4.35419]
	PARPACK diagonalization completed after 30 matrix-vector product operations.
	iteration results: : total energy is -95.204024 | electron energy -95.409981 + phonon energy 0.205958 | electron momentum kIdx = 10
The 13-th iteration is completed.	|| time cost : 0h 0m 56.74s
********************************************************************************************************************
Start the 14 rounds of NGS-ED iteration
	effective electronic model is modified as: kinetic energy t = 0.753559
	                                           effective interaction Vq = [-4.49997, -4.4194,-4.30442, -4.4194, -4.4194,-4.30442,-4.31851,-4.30442,-4.30442,-4.31851,-4.48994,-4.31851, -4.4194,-4.30442,-4.31851,-4.30442]
	PARPACK diagonalization completed after 30 matrix-vector product operations.
	iteration results: : total energy is -95.240178 | electron energy -95.440741 + phonon energy 0.200564 | electron momentum kIdx = 10
The 14-th iteration is completed.	|| time cost : 0h 0m 56.568s
********************************************************************************************************************
Start the 15 rounds of NGS-ED iteration
	effective electronic model is modified as: kinetic energy t = 0.7563
	                                           effective interaction Vq = [-4.49997,-4.41299,-4.28331,-4.41299,-4.41299,-4.28331,-4.30979,-4.28331,-4.28331,-4.30979, -4.4925,-4.30979,-4.41299,-4.28331,-4.30979,-4.28331]
	PARPACK diagonalization completed after 30 matrix-vector product operations.
	iteration results: : total energy is -95.245722 | electron energy -95.442961 + phonon energy 0.197238 | electron momentum kIdx = 10
The 15-th iteration is completed.	|| time cost : 0h 0m 56.447s
********************************************************************************************************************
Start the 16 rounds of NGS-ED iteration
	effective electronic model is modified as: kinetic energy t = 0.757517
	                                           effective interaction Vq = [-4.49997,-4.40962,-4.27481,-4.40962,-4.40962,-4.27481,-4.30518,-4.27481,-4.27481,-4.30518,-4.49331,-4.30518,-4.40962,-4.27481,-4.30518,-4.27481]
	PARPACK diagonalization completed after 30 matrix-vector product operations.
	iteration results: : total energy is -95.246616 | electron energy -95.442144 + phonon energy 0.195528 | electron momentum kIdx = 10
The 16-th iteration is completed.	|| time cost : 0h 0m 56.775s
********************************************************************************************************************
Start the 17 rounds of NGS-ED iteration
	effective electronic model is modified as: kinetic energy t = 0.758056
	                                           effective interaction Vq = [-4.49997,-4.40798,-4.27142,-4.40798,-4.40798,-4.27142, -4.3029,-4.27142,-4.27142, -4.3029,-4.49359, -4.3029,-4.40798,-4.27142, -4.3029,-4.27142]
	PARPACK diagonalization completed after 30 matrix-vector product operations.
	iteration results: : total energy is -95.246769 | electron energy -95.441470 + phonon energy 0.194701 | electron momentum kIdx = 10
The 17-th iteration is completed.	|| time cost : 0h 0m 57.073s
********************************************************************************************************************
Start the 18 rounds of NGS-ED iteration
	effective electronic model is modified as: kinetic energy t = 0.758293
	                                           effective interaction Vq = [-4.49997,-4.40721,-4.27006,-4.40721,-4.40721,-4.27006, -4.3018,-4.27006,-4.27006, -4.3018,-4.49369, -4.3018,-4.40721,-4.27006, -4.3018,-4.27006]
	PARPACK diagonalization completed after 30 matrix-vector product operations.
	iteration results: : total energy is -95.246796 | electron energy -95.441110 + phonon energy 0.194314 | electron momentum kIdx = 10
The 18-th iteration is completed.	|| time cost : 0h 0m 56.53s
********************************************************************************************************************
Start the 19 rounds of NGS-ED iteration
	effective electronic model is modified as: kinetic energy t = 0.758398
	                                           effective interaction Vq = [-4.49997,-4.40685,-4.26951,-4.40685,-4.40685,-4.26951,-4.30129,-4.26951,-4.26951,-4.30129,-4.49373,-4.30129,-4.40685,-4.26951,-4.30129,-4.26951]
	PARPACK diagonalization completed after 30 matrix-vector product operations.
	iteration results: : total energy is -95.246801 | electron energy -95.440938 + phonon energy 0.194137 | electron momentum kIdx = 10
	Nq(0) = 16,	Nq(1) = 0.316712,	Nq(2) = 0.35649,	Nq(3) = 0.316712,	Nq(4) = 0.316712,	Nq(5) = 0.35649,	Nq(6) = 0.571021,	Nq(7) = 0.35649,	Nq(8) = 0.35649,	Nq(9) = 0.571021,	Nq(10) = 4.88702,	Nq(11) = 0.571021,	Nq(12) = 0.316712,	Nq(13) = 0.35649,	Nq(14) = 0.571021,	Nq(15) = 0.35649,	Sq(0) = -1.24338e-18,	Sq(1) = 0.260676,	Sq(2) = 0.32252,	Sq(3) = 0.260676,	Sq(4) = 0.260676,	Sq(5) = 0.32252,	Sq(6) = 0.475875,	Sq(7) = 0.32252,	Sq(8) = 0.32252,	Sq(9) = 0.475875,	Sq(10) = 0.541783,	Sq(11) = 0.475875,	Sq(12) = 0.260676,	Sq(13) = 0.32252,	Sq(14) = 0.475875,	Sq(15) = 0.32252,	N(0) = 1.98666,	N(1) = 1.9622,	N(2) = 1,	N(3) = 1.9622,	N(4) = 1.9622,	N(5) = 1,	N(6) = 0.0377963,	N(7) = 1,	N(8) = 1,	N(9) = 0.0377963,	N(10) = 0.0133379,	N(11) = 0.0377963,	N(12) = 1.9622,	N(13) = 1,	N(14) = 0.0377963,	N(15) = 1,	Delta[s](0) = 0.417569,	Delta[s](1) = 0.345958,	Delta[s](2) = 0.335372,	Delta[s](3) = 0.345958,	Delta[s](4) = 0.345958,	Delta[s](5) = 0.335372,	Delta[s](6) = 0.298322,	Delta[s](7) = 0.335372,	Delta[s](8) = 0.335372,	Delta[s](9) = 0.298322,	Delta[s](10) = 0.281527,	Delta[s](11) = 0.298322,	Delta[s](12) = 0.345958,	Delta[s](13) = 0.335372,	Delta[s](14) = 0.298322,	Delta[s](15) = 0.335372,	Delta[d](0) = 0.220004,	Delta[d](1) = 0.215085,	Delta[d](2) = 0.217658,	Delta[d](3) = 0.215085,	Delta[d](4) = 0.215085,	Delta[d](5) = 0.14882,	Delta[d](6) = 0.178426,	Delta[d](7) = 0.14882,	Delta[d](8) = 0.217658,	Delta[d](9) = 0.178426,	Delta[d](10) = 0.0775675,	Delta[d](11) = 0.178426,	Delta[d](12) = 0.215085,	Delta[d](13) = 0.14882,	Delta[d](14) = 0.178426,	Delta[d](15) = 0.14882,	Delta[s+](0) = 0.416523,	Delta[s+](1) = 0.329141,	Delta[s+](2) = 0.217658,	Delta[s+](3) = 0.329141,	Delta[s+](4) = 0.329141,	Delta[s+](5) = 0.217658,	Delta[s+](6) = 0.106139,	Delta[s+](7) = 0.217658,	Delta[s+](8) = 0.217658,	Delta[s+](9) = 0.106139,	Delta[s+](10) = 0.0445585,	Delta[s+](11) = 0.106139,	Delta[s+](12) = 0.329141,	Delta[s+](13) = 0.217658,	Delta[s+](14) = 0.106139,	Delta[s+](15) = 0.217658
The 19-th iteration is completed.	|| time cost : 0h 8m 46.44s
********************************************************************************************************************
********************************************************************************************************************
Ground state is obtained after 20 iterations. The current ground-state energy is -95.2468, in which electron energy is -95.4409 and phonon energy is 0.194137
final variational state is: 
	Gamma_x = [      1,1.03577,1.05779,1.03577,1.03577,1.05779,  1.089,1.05779,1.05779,  1.089,1.16978,  1.089,1.03577,1.05779,  1.089,1.05779]
	lambda_q = [0.670818,0.574238,0.518936,0.574238,0.574238,0.518936,0.529782,0.518936,0.518936,0.529782,0.645861,0.529782,0.574238,0.518936,0.529782,0.518936]
********************************************************************************************************************
o___o  ----------------------------------------
| L |	Time since last clock: 0h 0m 0s
A===A	Time since the beginning: 0h 58m 41.844s
***********************************************


********************************************************************************************************************
Warm up runs have been completed. Start calculating W = 5 phonon.
open output files: NGSEDIterationObs.txt
********************************************************************************************************************
Start the 0 rounds of NGS-ED iteration
	effective electronic model is modified as: kinetic energy t = 0.758444
	                                           effective interaction Vq = [-4.11393,-3.79893,-3.57657,-3.79893,-3.79893,-3.57657,-3.62259,-3.57657,-3.57657,-3.62259,-4.04147,-3.62259,-3.79893,-3.57657,-3.62259,-3.57657]
	PARPACK diagonalization completed after 45 matrix-vector product operations.
	iteration results: : total energy is -83.403680 | electron energy -83.500708 + phonon energy 0.097028 | electron momentum kIdx = 10
	Nq(0) = 16,	Nq(1) = 0.318646,	Nq(2) = 0.340907,	Nq(3) = 0.318646,	Nq(4) = 0.318646,	Nq(5) = 0.340907,	Nq(6) = 0.53001,	Nq(7) = 0.340907,	Nq(8) = 0.340907,	Nq(9) = 0.53001,	Nq(10) = 4.13816,	Nq(11) = 0.53001,	Nq(12) = 0.318646,	Nq(13) = 0.340907,	Nq(14) = 0.53001,	Nq(15) = 0.340907,	Sq(0) = -2.92111e-18,	Sq(1) = 0.32415,	Sq(2) = 0.36171,	Sq(3) = 0.32415,	Sq(4) = 0.32415,	Sq(5) = 0.36171,	Sq(6) = 0.581968,	Sq(7) = 0.36171,	Sq(8) = 0.36171,	Sq(9) = 0.581968,	Sq(10) = 0.627039,	Sq(11) = 0.581968,	Sq(12) = 0.32415,	Sq(13) = 0.36171,	Sq(14) = 0.581968,	Sq(15) = 0.36171,	N(0) = 1.99421,	N(1) = 1.98553,	N(2) = 1,	N(3) = 1.98553,	N(4) = 1.98553,	N(5) = 1,	N(6) = 0.0144693,	N(7) = 1,	N(8) = 1,	N(9) = 0.0144693,	N(10) = 0.00578916,	N(11) = 0.0144693,	N(12) = 1.98553,	N(13) = 1,	N(14) = 0.0144693,	N(15) = 1,	Delta[s](0) = 0.348251,	Delta[s](1) = 0.310095,	Delta[s](2) = 0.303493,	Delta[s](3) = 0.310095,	Delta[s](4) = 0.310095,	Delta[s](5) = 0.303493,	Delta[s](6) = 0.277228,	Delta[s](7) = 0.303493,	Delta[s](8) = 0.303493,	Delta[s](9) = 0.277228,	Delta[s](10) = 0.27061,	Delta[s](11) = 0.277228,	Delta[s](12) = 0.310095,	Delta[s](13) = 0.303493,	Delta[s](14) = 0.277228,	Delta[s](15) = 0.303493,	Delta[d](0) = 0.239648,	Delta[d](1) = 0.242821,	Delta[d](2) = 0.245928,	Delta[d](3) = 0.242821,	Delta[d](4) = 0.242821,	Delta[d](5) = 0.167314,	Delta[d](6) = 0.203421,	Delta[d](7) = 0.167314,	Delta[d](8) = 0.245928,	Delta[d](9) = 0.203421,	Delta[d](10) = 0.0950156,	Delta[d](11) = 0.203421,	Delta[d](12) = 0.242821,	Delta[d](13) = 0.167314,	Delta[d](14) = 0.203421,	Delta[d](15) = 0.167314,	Delta[s+](0) = 0.476116,	Delta[s+](1) = 0.370623,	Delta[s+](2) = 0.245928,	Delta[s+](3) = 0.370623,	Delta[s+](4) = 0.370623,	Delta[s+](5) = 0.245928,	Delta[s+](6) = 0.123519,	Delta[s+](7) = 0.245928,	Delta[s+](8) = 0.245928,	Delta[s+](9) = 0.123519,	Delta[s+](10) = 0.0545652,	Delta[s+](11) = 0.123519,	Delta[s+](12) = 0.370623,	Delta[s+](13) = 0.245928,	Delta[s+](14) = 0.123519,	Delta[s+](15) = 0.245928
The 0-th iteration is completed.	|| time cost : 0h 9m 5.397s
********************************************************************************************************************
Start the 1 rounds of NGS-ED iteration
	effective electronic model is modified as: kinetic energy t = 0.726427
	                                           effective interaction Vq = [-4.35795,-4.03902,-3.75778,-4.03902,-4.03902,-3.75778,-3.81388,-3.75778,-3.75778,-3.81388,-4.31996,-3.81388,-4.03902,-3.75778,-3.81388,-3.75778]
	PARPACK diagonalization completed after 30 matrix-vector product operations.
	iteration results: : total energy is -88.736721 | electron energy -89.032863 + phonon energy 0.296143 | electron momentum kIdx = 10
The 1-th iteration is completed.	|| time cost : 0h 0m 56.652s
********************************************************************************************************************
Start the 2 rounds of NGS-ED iteration
	effective electronic model is modified as: kinetic energy t = 0.710449
	                                           effective interaction Vq = [-4.44772,-4.12093,-3.83678,-4.12093,-4.12093,-3.83678,-3.88976,-3.83678,-3.83678,-3.88976,-4.43164,-3.88976,-4.12093,-3.83678,-3.88976,-3.83678]
	PARPACK diagonalization completed after 30 matrix-vector product operations.
	iteration results: : total energy is -90.727615 | electron energy -91.147171 + phonon energy 0.419556 | electron momentum kIdx = 10
The 2-th iteration is completed.	|| time cost : 0h 0m 56.474s
********************************************************************************************************************
Start the 3 rounds of NGS-ED iteration
	effective electronic model is modified as: kinetic energy t = 0.703915
	                                           effective interaction Vq = [-4.48075,-4.14195,-3.86657,-4.14195,-4.14195,-3.86657,-3.91304,-3.86657,-3.86657,-3.91304,-4.47113,-3.91304,-4.14195,-3.86657,-3.91304,-3.86657]
	PARPACK diagonalization completed after 30 matrix-vector product operations.
	iteration results: : total energy is -91.425858 | electron energy -91.902708 + phonon energy 0.476850 | electron momentum kIdx = 10
The 3-th iteration is completed.	|| time cost : 0h 0m 56.67s
********************************************************************************************************************
Start the 4 rounds of NGS-ED iteration
	effective electronic model is modified as: kinetic energy t = 0.701573
	                                           effective interaction Vq = [ -4.4929,-4.14385,-3.87682,-4.14385,-4.14385,-3.87682,-3.91766,-3.87682,-3.87682,-3.91766,-4.48508,-3.91766,-4.14385,-3.87682,-3.91766,-3.87682]
	PARPACK diagonalization completed after 30 matrix-vector product operations.
	iteration results: : total energy is -91.665799 | electron energy -92.167416 + phonon energy 0.501618 | electron momentum kIdx = 10
The 4-th iteration is completed.	|| time cost : 0h 0m 56.532s
********************************************************************************************************************
Start the 5 rounds of NGS-ED iteration
	effective electronic model is modified as: kinetic energy t = 0.700904
	                                           effective interaction Vq = [-4.49737,-4.14082,-3.87976,-4.14082,-4.14082,-3.87976,-3.91651,-3.87976,-3.87976,-3.91651,-4.49036,-3.91651,-4.14082,-3.87976,-3.91651,-3.87976]
	PARPACK diagonalization completed after 30 matrix-vector product operations.
	iteration results: : total energy is -91.748806 | electron energy -92.260849 + phonon energy 0.512044 | electron momentum kIdx = 10
The 5-th iteration is completed.	|| time cost : 0h 0m 56.846s
********************************************************************************************************************
Start the 6 rounds of NGS-ED iteration
	effective electronic model is modified as: kinetic energy t = 0.700867
	                                           effective interaction Vq = [-4.49901,-4.13715,-3.87997,-4.13715,-4.13715,-3.87997,-3.91392,-3.87997,-3.87997,-3.91392,-4.49254,-3.91392,-4.13715,-3.87997,-3.91392,-3.87997]
	PARPACK diagonalization completed after 30 matrix-vector product operations.
	iteration results: : total energy is -91.777973 | electron energy -92.294093 + phonon energy 0.516120 | electron momentum kIdx = 10
The 6-th iteration is completed.	|| time cost : 0h 0m 56.688s
********************************************************************************************************************
Start the 7 rounds of NGS-ED iteration
	effective electronic model is modified as: kinetic energy t = 0.701041
	                                           effective interaction Vq = [-4.49962,-4.13397,-3.87926,-4.13397,-4.13397,-3.87926, -3.9113,-3.87926,-3.87926, -3.9113, -4.4935, -3.9113,-4.13397,-3.87926, -3.9113,-3.87926]
	PARPACK diagonalization completed after 30 matrix-vector product operations.
	iteration results: : total energy is -91.788382 | electron energy -92.305791 + phonon energy 0.517408 | electron momentum kIdx = 10
The 7-th iteration is completed.	|| time cost : 0h 0m 56.606s
********************************************************************************************************************
Start the 8 rounds of NGS-ED iteration
	effective electronic model is modified as: kinetic energy t = 0.70126
	                                           effective interaction Vq = [-4.49984,-4.13149,-3.87831,-4.13149,-4.13149,-3.87831,-3.90907,-3.87831,-3.87831,-3.90907,-4.49395,-3.90907,-4.13149,-3.87831,-3.90907,-3.87831]
	PARPACK diagonalization completed after 30 matrix-vector product operations.
	iteration results: : total energy is -91.792144 | electron energy -92.309680 + phonon energy 0.517536 | electron momentum kIdx = 10
The 8-th iteration is completed.	|| time cost : 0h 0m 56.681s
********************************************************************************************************************
Start the 9 rounds of NGS-ED iteration
	effective electronic model is modified as: kinetic energy t = 0.701463
	                                           effective interaction Vq = [-4.49992,-4.12963,-3.87741,-4.12963,-4.12963,-3.87741, -3.9073,-3.87741,-3.87741, -3.9073,-4.49417, -3.9073,-4.12963,-3.87741, -3.9073,-3.87741]
	PARPACK diagonalization completed after 30 matrix-vector product operations.
	iteration results: : total energy is -91.793517 | electron energy -92.310756 + phonon energy 0.517239 | electron momentum kIdx = 10
The 9-th iteration is completed.	|| time cost : 0h 0m 56.523s
********************************************************************************************************************
Start the 10 rounds of NGS-ED iteration
	effective electronic model is modified as: kinetic energy t = 0.70163
	                                           effective interaction Vq = [-4.49995,-4.12827,-3.87665,-4.12827,-4.12827,-3.87665,-3.90594,-3.87665,-3.87665,-3.90594,-4.49428,-3.90594,-4.12827,-3.87665,-3.90594,-3.87665]
	PARPACK diagonalization completed after 30 matrix-vector product operations.
	iteration results: : total energy is -91.794022 | electron energy -92.310858 + phonon energy 0.516836 | electron momentum kIdx = 10
	Nq(0) = 16,	Nq(1) = 0.219729,	Nq(2) = 0.287958,	Nq(3) = 0.219729,	Nq(4) = 0.219729,	Nq(5) = 0.287958,	Nq(6) = 0.424222,	Nq(7) = 0.287958,	Nq(8) = 0.287958,	Nq(9) = 0.424222,	Nq(10) = 6.97674,	Nq(11) = 0.424222,	Nq(12) = 0.219729,	Nq(13) = 0.287958,	Nq(14) = 0.424222,	Nq(15) = 0.287958,	Sq(0) = -1.42389e-18,	Sq(1) = 0.206981,	Sq(2) = 0.286496,	Sq(3) = 0.206981,	Sq(4) = 0.206981,	Sq(5) = 0.286496,	Sq(6) = 0.417611,	Sq(7) = 0.286496,	Sq(8) = 0.286496,	Sq(9) = 0.417611,	Sq(10) = 0.502362,	Sq(11) = 0.417611,	Sq(12) = 0.206981,	Sq(13) = 0.286496,	Sq(14) = 0.417611,	Sq(15) = 0.286496,	N(0) = 1.96451,	N(1) = 1.89232,	N(2) = 1,	N(3) = 1.89232,	N(4) = 1.89232,	N(5) = 1,	N(6) = 0.107676,	N(7) = 1,	N(8) = 1,	N(9) = 0.107676,	N(10) = 0.0354912,	N(11) = 0.107676,	N(12) = 1.89232,	N(13) = 1,	N(14) = 0.107676,	N(15) = 1,	Delta[s](0) = 0.39225,	Delta[s](1) = 0.364109,	Delta[s](2) = 0.353689,	Delta[s](3) = 0.364109,	Delta[s](4) = 0.364109,	Delta[s](5) = 0.353689,	Delta[s](6) = 0.336096,	Delta[s](7) = 0.353689,	Delta[s](8) = 0.353689,	Delta[s](9) = 0.336096,	Delta[s](10) = 0.324942,	Delta[s](11) = 0.336096,	Delta[s](12) = 0.364109,	Delta[s](13) = 0.353689,	Delta[s](14) = 0.336096,	Delta[s](15) = 0.353689,	Delta[d](0) = 0.195502,	Delta[d](1) = 0.185007,	Delta[d](2) = 0.202613,	Delta[d](3) = 0.185007,	Delta[d](4) = 0.185007,	Delta[d](5) = 0.136379,	Delta[d](6) = 0.151202,	Delta[d](7) = 0.136379,	Delta[d](8) = 0.202613,	Delta[d](9) = 0.151202,	Delta[d](10) = 0.0772423,	Delta[d](11) = 0.151202,	Delta[d](12) = 0.185007,	Delta[d](13) = 0.136379,	Delta[d](14) = 0.151202,	Delta[d](15) = 0.136379,	Delta[s+](0) = 0.410458,	Delta[s+](1) = 0.310998,	Delta[s+](2) = 0.202613,	Delta[s+](3) = 0.310998,	Delta[s+](4) = 0.310998,	Delta[s+](5) = 0.202613,	Delta[s+](6) = 0.0978995,	Delta[s+](7) = 0.202613,	Delta[s+](8) = 0.202613,	Delta[s+](9) = 0.0978995,	Delta[s+](10) = 0.0466114,	Delta[s+](11) = 0.0978995,	Delta[s+](12) = 0.310998,	Delta[s+](13) = 0.202613,	Delta[s+](14) = 0.0978995,	Delta[s+](15) = 0.202613
The 10-th iteration is completed.	|| time cost : 0h 8m 49.207s
********************************************************************************************************************
Start the 11 rounds of NGS-ED iteration
	effective electronic model is modified as: kinetic energy t = 0.70176
	                                           effective interaction Vq = [-4.49996,-4.12729,-3.87605,-4.12729,-4.12729,-3.87605,-3.90493,-3.87605,-3.87605,-3.90493,-4.49433,-3.90493,-4.12729,-3.87605,-3.90493,-3.87605]
	PARPACK diagonalization completed after 30 matrix-vector product operations.
	iteration results: : total energy is -91.794209 | electron energy -92.310663 + phonon energy 0.516454 | electron momentum kIdx = 10
The 11-th iteration is completed.	|| time cost : 0h 0m 56.997s
********************************************************************************************************************
Start the 12 rounds of NGS-ED iteration
	effective electronic model is modified as: kinetic energy t = 0.70186
	                                           effective interaction Vq = [-4.49997,-4.12658,-3.87558,-4.12658,-4.12658,-3.87558,-3.90418,-3.87558,-3.87558,-3.90418,-4.49436,-3.90418,-4.12658,-3.87558,-3.90418,-3.87558]
	PARPACK diagonalization completed after 30 matrix-vector product operations.
	iteration results: : total energy is -91.794279 | electron energy -92.310413 + phonon energy 0.516134 | electron momentum kIdx = 10
The 12-th iteration is completed.	|| time cost : 0h 0m 56.757s
********************************************************************************************************************
Start the 13 rounds of NGS-ED iteration
	effective electronic model is modified as: kinetic energy t = 0.701934
	                                           effective interaction Vq = [-4.49997,-4.12608,-3.87523,-4.12608,-4.12608,-3.87523,-3.90363,-3.87523,-3.87523,-3.90363,-4.49438,-3.90363,-4.12608,-3.87523,-3.90363,-3.87523]
	PARPACK diagonalization completed after 30 matrix-vector product operations.
	iteration results: : total energy is -91.794305 | electron energy -92.310188 + phonon energy 0.515882 | electron momentum kIdx = 10
The 13-th iteration is completed.	|| time cost : 0h 1m 5.182s
********************************************************************************************************************
Start the 14 rounds of NGS-ED iteration
	effective electronic model is modified as: kinetic energy t = 0.701988
	                                           effective interaction Vq = [-4.49997,-4.12572,-3.87497,-4.12572,-4.12572,-3.87497,-3.90323,-3.87497,-3.87497,-3.90323,-4.49439,-3.90323,-4.12572,-3.87497,-3.90323,-3.87497]
	PARPACK diagonalization completed after 30 matrix-vector product operations.
	iteration results: : total energy is -91.794315 | electron energy -92.310006 + phonon energy 0.515690 | electron momentum kIdx = 10
The 14-th iteration is completed.	|| time cost : 0h 0m 56.621s
