SNEDics v3.21.4 Non-Gaussian ED ground state program		Start at Wed Jul 28 02:57:24 2021

parallized on 32 MPI threads  * 8 OpenMP threads = 256 total threads.
********************************************************************************************************************
********************************************************************************************************************

********************************************************************************************************************
System parameters and configurations
	special program options are enabled: splitted diagonal Hamiltonian | splitted Hamiltonian terms
********************************************************************************************************************
Read input file "model_params.in"
	Hubbard-Holstein model parameters : 	t = 1    U = 8    g = 0.05    W = 0.2    g' = 0.06    
********************************************************************************************************************
Read input file "hilbertspace_params.in"
	Requested 16-site 2D lattice, with 12 electrons (6, 6)
	Boundary : Periodic		Hilbert space representation : momentum-space (restricted to kIdx = 0)
	Conservation: particle number[U(1)]      spin[U(1)]     momentum
********************************************************************************************************************

Cluster Positions:				Cluster symmetry group : D4
 x ... x ... x ... x .....                       x ... x ... x ... x .....
 |           |           :                       |           |           :
 |           |           :                       |           |           :
12    13    14    15     x                       1     5     6     5     x
 |           |           :                       |           |           :
 |           |           :                       |           |           :
 8 --- 9 ---10 ---11 --- x                       2 --- 6 ---10 --- 6 --- x
 |           |           :                       |           |           :
 |           |           :                       |           |           :
 4     5     6     7     x                       1     5     6     5     x
 |           |           :                       |           |           :
 |           |           :                       |           |           :
 0 --- 1 --- 2 --- 3 --- x                       0 --- 1 --- 2 --- 1 --- x
orbital number : 1
********************************************************************************************************************
Read input file "obs_params.in"
	Observable Type : Nq(All),   Sq(All),   N(All),   Delta[s](All),   Delta[d](All),   Delta[s+](All)
** WARNING ** the input observables have non-local factors which have been reinterpreted. The total observable number is 96
********************************************************************************************************************


********************************************************************************************************************
Start calculating the non-Gaussian ED ground state
Maximal iteration number is 1000; energy resolution is 1e-06. Phonon state relaxation time is 2000
W = 0.2 is relatively large. The non-Gaussian ED calculation starts directly.
open output files: NGSED_iteration_obserbles.txt
********************************************************************************************************************
Start the 0 rounds of NGS-ED iteration
	effective electronic model is modified as: kinetic energy t = 1
	                                           effective interaction Vq = [0,0,0,0,0,0,0,0,0,0,0,0,0,0,0,0]
	first Hamiltonian is constructed, size = 4008592 and non-zero numbers = 969134044
	PARPACK diagonalization completed after 150 matrix-vector product operations.
	iteration results: : total energy is -14.925310 | electron energy -14.925310 + phonon energy 0.000000 | electron momentum kIdx = 0
	Nq(0) = 9,	Nq(1) = 0.191675,	Nq(2) = 0.266183,	Nq(3) = 0.191675,	Nq(4) = 0.191675,	Nq(5) = 0.245517,	
	Nq(6) = 0.314107,	Nq(7) = 0.245517,	Nq(8) = 0.266183,	Nq(9) = 0.314107,	Nq(10) = 0.369338,	
	Nq(11) = 0.314107,	Nq(12) = 0.191675,	Nq(13) = 0.245517,	Nq(14) = 0.314107,	Nq(15) = 0.245517;	
	Sq(0) = 3.02743e-18,	Sq(1) = 0.554662,	Sq(2) = 0.424361,	Sq(3) = 0.554662,	Sq(4) = 0.554662,	
	Sq(5) = 0.79749,	Sq(6) = 1.01287,	Sq(7) = 0.79749,	Sq(8) = 0.424361,	Sq(9) = 1.01287,	
	Sq(10) = 0.784303,	Sq(11) = 1.01287,	Sq(12) = 0.554662,	Sq(13) = 0.79749,	Sq(14) = 1.01287,	
	Sq(15) = 0.79749;	N(0) = 1.76735,	N(1) = 1.6264,	N(2) = 0.74365,	N(3) = 1.6264,	
	N(4) = 1.6264,	N(5) = 0.392302,	N(6) = 0.144321,	N(7) = 0.392302,	N(8) = 0.74365,	
	N(9) = 0.144321,	N(10) = 0.0932732,	N(11) = 0.144321,	N(12) = 1.6264,	N(13) = 0.392302,	
	N(14) = 0.144321,	N(15) = 0.392302;	Delta[s](0) = 0.0657622,	Delta[s](1) = 0.045402,	Delta[s](2) = 0.0304012,	
	Delta[s](3) = 0.045402,	Delta[s](4) = 0.045402,	Delta[s](5) = 0.027093,	Delta[s](6) = 0.0092134,	Delta[s](7) = 0.027093,	
	Delta[s](8) = 0.0304012,	Delta[s](9) = 0.0092134,	Delta[s](10) = 5.17009e-05,	Delta[s](11) = 0.0092134,	Delta[s](12) = 0.045402,	
	Delta[s](13) = 0.027093,	Delta[s](14) = 0.0092134,	Delta[s](15) = 0.027093;	Delta[d](0) = 0.22951,	Delta[d](1) = 0.180077,	
	Delta[d](2) = 0.22229,	Delta[d](3) = 0.180077,	Delta[d](4) = 0.180077,	Delta[d](5) = 0.122959,	Delta[d](6) = 0.150472,	
	Delta[d](7) = 0.122959,	Delta[d](8) = 0.22229,	Delta[d](9) = 0.150472,	Delta[d](10) = 0.0766544,	Delta[d](11) = 0.150472,	
	Delta[d](12) = 0.180077,	Delta[d](13) = 0.122959,	Delta[d](14) = 0.150472,	Delta[d](15) = 0.122959;	Delta[s+](0) = 0.529841,	
	Delta[s+](1) = 0.36132,	Delta[s+](2) = 0.22229,	Delta[s+](3) = 0.36132,	Delta[s+](4) = 0.36132,	Delta[s+](5) = 0.177145,	
	Delta[s+](6) = 0.0625856,	Delta[s+](7) = 0.177145,	Delta[s+](8) = 0.22229,	Delta[s+](9) = 0.0625856,	Delta[s+](10) = 0.0156386,	
	Delta[s+](11) = 0.0625856,	Delta[s+](12) = 0.36132,	Delta[s+](13) = 0.177145,	Delta[s+](14) = 0.0625856,	Delta[s+](15) = 0.177145
	
The 0-th iteration is completed.	|| time cost : 0h 2m 2.486s
********************************************************************************************************************
Start the 1 rounds of NGS-ED iteration
	effective electronic model is modified as: kinetic energy t = 0.999441
	                                           effective interaction Vq = [     -0.4205,  -0.0176363, -0.00107528,  -0.0176363,  -0.0176363,-0.000996671, -0.00168335,-0.000996671, -0.00107528, -0.00168335,  -0.0111923, -0.00168335,  -0.0176363,-0.000996671, -0.00168335,-0.000996671]
	PARPACK diagonalization completed after 45 matrix-vector product operations.
	iteration results: : total energy is -18.720695 | electron energy -18.720771 + phonon energy 0.000076 | electron momentum kIdx = 0
The 1-th iteration is completed.	|| time cost : 0h 1m 18.3s
********************************************************************************************************************
Start the 2 rounds of NGS-ED iteration
	effective electronic model is modified as: kinetic energy t = 0.999439
	                                           effective interaction Vq = [     -0.4205,  -0.0176654,  -0.0010745,  -0.0176654,  -0.0176654,-0.000996145, -0.00168267,-0.000996145,  -0.0010745, -0.00168267,  -0.0112031, -0.00168267,  -0.0176654,-0.000996145, -0.00168267,-0.000996145]
	PARPACK diagonalization completed after 30 matrix-vector product operations.
	iteration results: : total energy is -18.720695 | electron energy -18.720772 + phonon energy 0.000076 | electron momentum kIdx = 0
The 2-th iteration is completed.	|| time cost : 0h 0m 9.725s
********************************************************************************************************************
Start the 3 rounds of NGS-ED iteration
	effective electronic model is modified as: kinetic energy t = 0.999439
	                                           effective interaction Vq = [     -0.4205,  -0.0176654, -0.00107449,  -0.0176654,  -0.0176654,-0.000996144, -0.00168267,-0.000996144, -0.00107449, -0.00168267,  -0.0112031, -0.00168267,  -0.0176654,-0.000996144, -0.00168267,-0.000996144]
	PARPACK diagonalization completed after 30 matrix-vector product operations.
	iteration results: : total energy is -18.720695 | electron energy -18.720772 + phonon energy 0.000076 | electron momentum kIdx = 0
	Nq(0) = 9,	Nq(1) = 0.192065,	Nq(2) = 0.266048,	Nq(3) = 0.192065,	Nq(4) = 0.192065,	Nq(5) = 0.245446,	
	Nq(6) = 0.314058,	Nq(7) = 0.245446,	Nq(8) = 0.266048,	Nq(9) = 0.314058,	Nq(10) = 0.369795,	
	Nq(11) = 0.314058,	Nq(12) = 0.192065,	Nq(13) = 0.245446,	Nq(14) = 0.314058,	Nq(15) = 0.245446;	
	Sq(0) = -2.08876e-18,	Sq(1) = 0.554437,	Sq(2) = 0.424372,	Sq(3) = 0.554437,	Sq(4) = 0.554437,	
	Sq(5) = 0.797347,	Sq(6) = 1.01278,	Sq(7) = 0.797347,	Sq(8) = 0.424372,	Sq(9) = 1.01278,	
	Sq(10) = 0.784815,	Sq(11) = 1.01278,	Sq(12) = 0.554437,	Sq(13) = 0.797347,	Sq(14) = 1.01278,	
	Sq(15) = 0.797347;	N(0) = 1.7675,	N(1) = 1.62692,	N(2) = 0.743376,	N(3) = 1.62692,	
	N(4) = 1.62692,	N(5) = 0.391933,	N(6) = 0.144252,	N(7) = 0.391933,	N(8) = 0.743376,	
	N(9) = 0.144252,	N(10) = 0.0933389,	N(11) = 0.144252,	N(12) = 1.62692,	N(13) = 0.391933,	
	N(14) = 0.144252,	N(15) = 0.391933;	Delta[s](0) = 0.0658456,	Delta[s](1) = 0.0454599,	Delta[s](2) = 0.0304512,	
	Delta[s](3) = 0.0454599,	Delta[s](4) = 0.0454599,	Delta[s](5) = 0.0271368,	Delta[s](6) = 0.00922402,	Delta[s](7) = 0.0271368,	
	Delta[s](8) = 0.0304512,	Delta[s](9) = 0.00922402,	Delta[s](10) = 5.18952e-05,	Delta[s](11) = 0.00922402,	Delta[s](12) = 0.0454599,	
	Delta[s](13) = 0.0271368,	Delta[s](14) = 0.00922402,	Delta[s](15) = 0.0271368;	Delta[d](0) = 0.229576,	Delta[d](1) = 0.180127,	
	Delta[d](2) = 0.222335,	Delta[d](3) = 0.180127,	Delta[d](4) = 0.180127,	Delta[d](5) = 0.122957,	Delta[d](6) = 0.150479,	
	Delta[d](7) = 0.122957,	Delta[d](8) = 0.222335,	Delta[d](9) = 0.150479,	Delta[d](10) = 0.0765085,	Delta[d](11) = 0.150479,	
	Delta[d](12) = 0.180127,	Delta[d](13) = 0.122957,	Delta[d](14) = 0.150479,	Delta[d](15) = 0.122957;	Delta[s+](0) = 0.530021,	
	Delta[s+](1) = 0.361425,	Delta[s+](2) = 0.222335,	Delta[s+](3) = 0.361425,	Delta[s+](4) = 0.361425,	Delta[s+](5) = 0.177179,	
	Delta[s+](6) = 0.0625817,	Delta[s+](7) = 0.177179,	Delta[s+](8) = 0.222335,	Delta[s+](9) = 0.0625817,	Delta[s+](10) = 0.0156481,	
	Delta[s+](11) = 0.0625817,	Delta[s+](12) = 0.361425,	Delta[s+](13) = 0.177179,	Delta[s+](14) = 0.0625817,	Delta[s+](15) = 0.177179
	
The 3-th iteration is completed.	|| time cost : 0h 1m 19.204s
********************************************************************************************************************
********************************************************************************************************************
Ground state is obtained after 4 iterations. The current ground-state energy is -18.7207, in which electron energy is -18.7208 and phonon energy is 7.64643e-05
Final variational state is: 
	Gamma_x = [      1,1.01655, 1.0014,1.01655,1.01655, 1.0012, 1.0026, 1.0012, 1.0014, 1.0026,1.02059, 1.0026,1.01655, 1.0012, 1.0026, 1.0012]
	lambda_q = [      1.45, 0.0536503, 0.0109863, 0.0536503, 0.0536503, 0.0101682,-0.0122328, 0.0101682, 0.0109863,-0.0122328, -0.029954,-0.0122328, 0.0536503, 0.0101682,-0.0122328, 0.0101682]
Effective e-e interactions mediated by phonons are:
	momentum-space Vq = [     -0.4205,  -0.0176654, -0.00107449,  -0.0176654,  -0.0176654,-0.000996144, -0.00168267,-0.000996144, -0.00107449, -0.00168267,  -0.0112031, -0.00168267,  -0.0176654,-0.000996144, -0.00168267,-0.000996144]
	real-space Vr = [-0.0322018,-0.0275789,-0.0268667,-0.0275789,-0.0275789,-0.0268471,-0.0235832,-0.0268471,-0.0268667,-0.0235832,-0.0225278,-0.0235832,-0.0275789,-0.0268471,-0.0235832,-0.0268471]
********************************************************************************************************************
o___o  ----------------------------------------
| L |	Time since last clock: 0h 0m 0.012s
A===A	Time since the beginning: 0h 4m 49.73s
***********************************************


Non-Gaussina ED ground state calculation is completed. The final ground-state energy is -18.7207
********************************************************************************************************************
o___o  ----------------------------------------
| L |	Time since last clock: 0h 0m 0.005s
A===A	Time since the beginning: 0h 4m 49.735s
***********************************************



********************************************************************************************************************
All non-Gaussian ED ground state calculations have been completed. Exit now.
