SNEDics v3.21.4 Non-Gaussian ED ground state program		Start at Wed Jul 28 03:48:57 2021

parallized on 32 MPI threads  * 8 OpenMP threads = 256 total threads.
********************************************************************************************************************
********************************************************************************************************************

********************************************************************************************************************
System parameters and configurations
	special program options are enabled: splitted diagonal Hamiltonian | splitted Hamiltonian terms
********************************************************************************************************************
Read input file "model_params.in"
	Hubbard-Holstein model parameters : 	t = 1    U = 8    g = 0.05    W = 0.2    g' = 0.11    
********************************************************************************************************************
Read input file "hilbertspace_params.in"
	Requested 16-site 2D lattice, with 12 electrons (6, 6)
	Boundary : Periodic		Hilbert space representation : momentum-space (restricted to kIdx = 0)
	Conservation: particle number[U(1)]      spin[U(1)]     momentum
********************************************************************************************************************

Cluster Positions:				Cluster symmetry group : D4
 x ... x ... x ... x .....                       x ... x ... x ... x .....
 |           |           :                       |           |           :
 |           |           :                       |           |           :
12    13    14    15     x                       1     5     6     5     x
 |           |           :                       |           |           :
 |           |           :                       |           |           :
 8 --- 9 ---10 ---11 --- x                       2 --- 6 ---10 --- 6 --- x
 |           |           :                       |           |           :
 |           |           :                       |           |           :
 4     5     6     7     x                       1     5     6     5     x
 |           |           :                       |           |           :
 |           |           :                       |           |           :
 0 --- 1 --- 2 --- 3 --- x                       0 --- 1 --- 2 --- 1 --- x
orbital number : 1
********************************************************************************************************************
Read input file "obs_params.in"
	Observable Type : Nq(All),   Sq(All),   N(All),   Delta[s](All),   Delta[d](All),   Delta[s+](All)
** WARNING ** the input observables have non-local factors which have been reinterpreted. The total observable number is 96
********************************************************************************************************************


********************************************************************************************************************
Start calculating the non-Gaussian ED ground state
Maximal iteration number is 1000; energy resolution is 1e-06. Phonon state relaxation time is 2000
W = 0.2 is relatively large. The non-Gaussian ED calculation starts directly.
open output files: NGSED_iteration_obserbles.txt
********************************************************************************************************************
Start the 0 rounds of NGS-ED iteration
	effective electronic model is modified as: kinetic energy t = 1
	                                           effective interaction Vq = [0,0,0,0,0,0,0,0,0,0,0,0,0,0,0,0]
	first Hamiltonian is constructed, size = 4008592 and non-zero numbers = 969134044
	PARPACK diagonalization completed after 150 matrix-vector product operations.
	iteration results: : total energy is -14.925310 | electron energy -14.925310 + phonon energy 0.000000 | electron momentum kIdx = 0
	Nq(0) = 9,	Nq(1) = 0.191675,	Nq(2) = 0.266183,	Nq(3) = 0.191675,	Nq(4) = 0.191675,	Nq(5) = 0.245517,	
	Nq(6) = 0.314107,	Nq(7) = 0.245517,	Nq(8) = 0.266183,	Nq(9) = 0.314107,	Nq(10) = 0.369338,	
	Nq(11) = 0.314107,	Nq(12) = 0.191675,	Nq(13) = 0.245517,	Nq(14) = 0.314107,	Nq(15) = 0.245517;	
	Sq(0) = 3.02743e-18,	Sq(1) = 0.554662,	Sq(2) = 0.424361,	Sq(3) = 0.554662,	Sq(4) = 0.554662,	
	Sq(5) = 0.79749,	Sq(6) = 1.01287,	Sq(7) = 0.79749,	Sq(8) = 0.424361,	Sq(9) = 1.01287,	
	Sq(10) = 0.784303,	Sq(11) = 1.01287,	Sq(12) = 0.554662,	Sq(13) = 0.79749,	Sq(14) = 1.01287,	
	Sq(15) = 0.79749;	N(0) = 1.76735,	N(1) = 1.6264,	N(2) = 0.74365,	N(3) = 1.6264,	
	N(4) = 1.6264,	N(5) = 0.392302,	N(6) = 0.144321,	N(7) = 0.392302,	N(8) = 0.74365,	
	N(9) = 0.144321,	N(10) = 0.0932732,	N(11) = 0.144321,	N(12) = 1.6264,	N(13) = 0.392302,	
	N(14) = 0.144321,	N(15) = 0.392302;	Delta[s](0) = 0.0655788,	Delta[s](1) = 0.0453213,	Delta[s](2) = 0.0303851,	
	Delta[s](3) = 0.0453213,	Delta[s](4) = 0.0453213,	Delta[s](5) = 0.0270941,	Delta[s](6) = 0.0093156,	Delta[s](7) = 0.0270941,	
	Delta[s](8) = 0.0303851,	Delta[s](9) = 0.0093156,	Delta[s](10) = 0.000176882,	Delta[s](11) = 0.0093156,	Delta[s](12) = 0.0453213,	
	Delta[s](13) = 0.0270941,	Delta[s](14) = 0.0093156,	Delta[s](15) = 0.0270941;	Delta[d](0) = 0.229364,	Delta[d](1) = 0.180047,	
	Delta[d](2) = 0.222203,	Delta[d](3) = 0.180047,	Delta[d](4) = 0.180047,	Delta[d](5) = 0.123018,	Delta[d](6) = 0.150443,	
	Delta[d](7) = 0.123018,	Delta[d](8) = 0.222203,	Delta[d](9) = 0.150443,	Delta[d](10) = 0.0769181,	Delta[d](11) = 0.150443,	
	Delta[d](12) = 0.180047,	Delta[d](13) = 0.123018,	Delta[d](14) = 0.150443,	Delta[d](15) = 0.123018;	Delta[s+](0) = 0.529442,	
	Delta[s+](1) = 0.361088,	Delta[s+](2) = 0.222203,	Delta[s+](3) = 0.361088,	Delta[s+](4) = 0.361088,	Delta[s+](5) = 0.177116,	
	Delta[s+](6) = 0.0626833,	Delta[s+](7) = 0.177116,	Delta[s+](8) = 0.222203,	Delta[s+](9) = 0.0626833,	Delta[s+](10) = 0.0157258,	
	Delta[s+](11) = 0.0626833,	Delta[s+](12) = 0.361088,	Delta[s+](13) = 0.177116,	Delta[s+](14) = 0.0626833,	Delta[s+](15) = 0.177116
	
The 0-th iteration is completed.	|| time cost : 0h 2m 2.408s
********************************************************************************************************************
Start the 1 rounds of NGS-ED iteration
	effective electronic model is modified as: kinetic energy t = 0.998218
	                                           effective interaction Vq = [     -1.2005,  -0.0455922, -0.00107651,  -0.0455922,  -0.0455922,-0.000997819,  -0.0100623,-0.000997819, -0.00107651,  -0.0100623,  -0.0505215,  -0.0100623,  -0.0455922,-0.000997819,  -0.0100623,-0.000997819]
	PARPACK diagonalization completed after 45 matrix-vector product operations.
	iteration results: : total energy is -25.763866 | electron energy -25.764690 + phonon energy 0.000825 | electron momentum kIdx = 0
The 1-th iteration is completed.	|| time cost : 0h 1m 18.335s
********************************************************************************************************************
Start the 2 rounds of NGS-ED iteration
	effective electronic model is modified as: kinetic energy t = 0.998206
	                                           effective interaction Vq = [     -1.2005,   -0.045784, -0.00107386,   -0.045784,   -0.045784,-0.000995903,   -0.010055,-0.000995903, -0.00107386,   -0.010055,  -0.0508106,   -0.010055,   -0.045784,-0.000995903,   -0.010055,-0.000995903]
	PARPACK diagonalization completed after 30 matrix-vector product operations.
	iteration results: : total energy is -25.763866 | electron energy -25.764707 + phonon energy 0.000841 | electron momentum kIdx = 0
The 2-th iteration is completed.	|| time cost : 0h 0m 9.721s
********************************************************************************************************************
Start the 3 rounds of NGS-ED iteration
	effective electronic model is modified as: kinetic energy t = 0.998206
	                                           effective interaction Vq = [     -1.2005,  -0.0457849, -0.00107385,  -0.0457849,  -0.0457849,-0.000995895,   -0.010055,-0.000995895, -0.00107385,   -0.010055,  -0.0508124,   -0.010055,  -0.0457849,-0.000995895,   -0.010055,-0.000995895]
	PARPACK diagonalization completed after 30 matrix-vector product operations.
	iteration results: : total energy is -25.763866 | electron energy -25.764707 + phonon energy 0.000841 | electron momentum kIdx = 0
The 3-th iteration is completed.	|| time cost : 0h 0m 9.719s
********************************************************************************************************************
Start the 4 rounds of NGS-ED iteration
	effective electronic model is modified as: kinetic energy t = 0.998206
	                                           effective interaction Vq = [     -1.2005,  -0.0457849, -0.00107385,  -0.0457849,  -0.0457849,-0.000995895,   -0.010055,-0.000995895, -0.00107385,   -0.010055,  -0.0508124,   -0.010055,  -0.0457849,-0.000995895,   -0.010055,-0.000995895]
	PARPACK diagonalization completed after 30 matrix-vector product operations.
	iteration results: : total energy is -25.763866 | electron energy -25.764707 + phonon energy 0.000841 | electron momentum kIdx = 0
	Nq(0) = 9,	Nq(1) = 0.192672,	Nq(2) = 0.265723,	Nq(3) = 0.192672,	Nq(4) = 0.192672,	Nq(5) = 0.245238,	
	Nq(6) = 0.314155,	Nq(7) = 0.245238,	Nq(8) = 0.265723,	Nq(9) = 0.314155,	Nq(10) = 0.371524,	
	Nq(11) = 0.314155,	Nq(12) = 0.192672,	Nq(13) = 0.245238,	Nq(14) = 0.314155,	Nq(15) = 0.245238;	
	Sq(0) = -2.96946e-19,	Sq(1) = 0.554004,	Sq(2) = 0.424328,	Sq(3) = 0.554004,	Sq(4) = 0.554004,	
	Sq(5) = 0.797107,	Sq(6) = 1.0125,	Sq(7) = 0.797107,	Sq(8) = 0.424328,	Sq(9) = 1.0125,	
	Sq(10) = 0.785685,	Sq(11) = 1.0125,	Sq(12) = 0.554004,	Sq(13) = 0.797107,	Sq(14) = 1.0125,	
	Sq(15) = 0.797107;	N(0) = 1.76781,	N(1) = 1.62803,	N(2) = 0.742784,	N(3) = 1.62803,	
	N(4) = 1.62803,	N(5) = 0.391268,	N(6) = 0.144027,	N(7) = 0.391268,	N(8) = 0.742784,	
	N(9) = 0.144027,	N(10) = 0.0933032,	N(11) = 0.144027,	N(12) = 1.62803,	N(13) = 0.391268,	
	N(14) = 0.144027,	N(15) = 0.391268;	Delta[s](0) = 0.0658523,	Delta[s](1) = 0.0455158,	Delta[s](2) = 0.030549,	
	Delta[s](3) = 0.0455158,	Delta[s](4) = 0.0455158,	Delta[s](5) = 0.0272436,	Delta[s](6) = 0.00936187,	Delta[s](7) = 0.0272436,	
	Delta[s](8) = 0.030549,	Delta[s](9) = 0.00936187,	Delta[s](10) = 0.000179126,	Delta[s](11) = 0.00936187,	Delta[s](12) = 0.0455158,	
	Delta[s](13) = 0.0272436,	Delta[s](14) = 0.00936187,	Delta[s](15) = 0.0272436;	Delta[d](0) = 0.229445,	Delta[d](1) = 0.180114,	
	Delta[d](2) = 0.222293,	Delta[d](3) = 0.180114,	Delta[d](4) = 0.180114,	Delta[d](5) = 0.122996,	Delta[d](6) = 0.150426,	
	Delta[d](7) = 0.122996,	Delta[d](8) = 0.222293,	Delta[d](9) = 0.150426,	Delta[d](10) = 0.0765186,	Delta[d](11) = 0.150426,	
	Delta[d](12) = 0.180114,	Delta[d](13) = 0.122996,	Delta[d](14) = 0.150426,	Delta[d](15) = 0.122996;	Delta[s+](0) = 0.529872,	
	Delta[s+](1) = 0.361336,	Delta[s+](2) = 0.222293,	Delta[s+](3) = 0.361336,	Delta[s+](4) = 0.361336,	Delta[s+](5) = 0.177201,	
	Delta[s+](6) = 0.062668,	Delta[s+](7) = 0.177201,	Delta[s+](8) = 0.222293,	Delta[s+](9) = 0.062668,	Delta[s+](10) = 0.0157464,	
	Delta[s+](11) = 0.062668,	Delta[s+](12) = 0.361336,	Delta[s+](13) = 0.177201,	Delta[s+](14) = 0.062668,	Delta[s+](15) = 0.177201
	
The 4-th iteration is completed.	|| time cost : 0h 1m 19.019s
********************************************************************************************************************
********************************************************************************************************************
Ground state is obtained after 5 iterations. The current ground-state energy is -25.7639, in which electron energy is -25.7647 and phonon energy is 0.000841129
Final variational state is: 
	Gamma_x = [      1,1.04354, 1.0014,1.04354,1.04354, 1.0012,1.01563, 1.0012, 1.0014,1.01563,1.09705,1.01563,1.04354, 1.0012,1.01563, 1.0012]
	lambda_q = [      2.45, 0.0876309, 0.0109796, 0.0876309, 0.0876309, 0.0101656,-0.0301066, 0.0101656, 0.0109796,-0.0301066,-0.0662702,-0.0301066, 0.0876309, 0.0101656,-0.0301066, 0.0101656]
Effective e-e interactions mediated by phonons are:
	momentum-space Vq = [     -1.2005,  -0.0457849, -0.00107385,  -0.0457849,  -0.0457849,-0.000995895,   -0.010055,-0.000995895, -0.00107385,   -0.010055,  -0.0508124,   -0.010055,  -0.0457849,-0.000995895,   -0.010055,-0.000995895]
	real-space Vr = [-0.0925502,-0.0763217,-0.0780923,-0.0763217,-0.0763217,-0.0780728,-0.0673892,-0.0780728,-0.0780923,-0.0673892,-0.0646303,-0.0673892,-0.0763217,-0.0780728,-0.0673892,-0.0780728]
********************************************************************************************************************
o___o  ----------------------------------------
| L |	Time since last clock: 0h 0m 0.015s
A===A	Time since the beginning: 0h 4m 59.219s
***********************************************


Non-Gaussina ED ground state calculation is completed. The final ground-state energy is -25.7639
********************************************************************************************************************
o___o  ----------------------------------------
| L |	Time since last clock: 0h 0m 0.003s
A===A	Time since the beginning: 0h 4m 59.223s
***********************************************



********************************************************************************************************************
All non-Gaussian ED ground state calculations have been completed. Exit now.
