SNEDics v3.4 Non-Gaussian ED ground state program		Start at Thu Sep 26 01:18:30 2019

parallized on 16 MPI threads  * 8 OpenMP threads = 128 total threads.
********************************************************************************************************************
********************************************************************************************************************

********************************************************************************************************************
System parameters and configurations
********************************************************************************************************************
Special program options are enabled: splitted diagonal Hamiltonian
********************************************************************************************************************
Read input file "model_params.in"
	Hubbard-Holstein model parameters : 	t = 1    U = 6.4    g = 4.1833    W = 5    
********************************************************************************************************************
Read input file "hilbertspace_params.in"
	Requested 16-site 2D lattice, with 14 electrons (7, 7)
	Boundary : Periodic		Hilbert space representation : momentum-space (restricted to kIdx = 0)
	Conservation: particle number[U(1)]      spin[U(1)]     momentum
********************************************************************************************************************

Cluster Positions:				Cluster symmetry group : D4
 x ... x ... x ... x .....                       x ... x ... x ... x .....
 |           |           :                       |           |           :
 |           |           :                       |           |           :
12    13    14    15     x                       1     5     6     5     x
 |           |           :                       |           |           :
 |           |           :                       |           |           :
 8 --- 9 ---10 ---11 --- x                       2 --- 6 ---10 --- 6 --- x
 |           |           :                       |           |           :
 |           |           :                       |           |           :
 4     5     6     7     x                       1     5     6     5     x
 |           |           :                       |           |           :
 |           |           :                       |           |           :
 0 --- 1 --- 2 --- 3 --- x                       0 --- 1 --- 2 --- 1 --- x
orbital number : 1
********************************************************************************************************************
Read input file "obs_params.in"
	Observable Type : Nq(All),   Sq(All),   N(All),   Delta[s](All),   Delta[d](All),   Delta[s+](All)
********************************************************************************************************************
** WARNING ** the input observables have non-local factors which have been reinterpreted. The total observable number is 96
********************************************************************************************************************


********************************************************************************************************************
Start calculating the non-Gaussian ED ground state
** WARNING ** Detected low phonon energy W < 10. The initial state will be prepared through a warm-up process.
********************************************************************************************************************
Start warm-up calculation for scaling factor 2
open output files: NGSEDWarmUpW10Obs.txt
********************************************************************************************************************
Start the 0 rounds of NGS-ED iteration
	effective electronic model is modified as: kinetic energy t = 1
	                                           effective interaction Vq = [-0,-0,-0,-0,-0,-0,-0,-0,-0,-0,-0,-0,-0,-0,-0,-0]
	first Hamiltonian is constructed, non-zero numbers = 2178478298
	PARPACK diagonalization completed after 150 matrix-vector product operations.
	iteration results: : total energy is -13.059370 | electron energy -13.059370 + phonon energy 0.000000 | electron momentum kIdx = 0
	Nq(0) = 12.25,	Nq(1) = 0.170761,	Nq(2) = 0.213009,	Nq(3) = 0.170761,	Nq(4) = 0.170761,	Nq(5) = 0.237308,	Nq(6) = 0.276394,	Nq(7) = 0.237308,	Nq(8) = 0.213009,	Nq(9) = 0.276394,	Nq(10) = 0.323222,	Nq(11) = 0.276394,	Nq(12) = 0.170761,	Nq(13) = 0.237308,	Nq(14) = 0.276394,	Nq(15) = 0.237308,	Sq(0) = -1.57093e-18,	Sq(1) = 0.474844,	Sq(2) = 0.736411,	Sq(3) = 0.474844,	Sq(4) = 0.474844,	Sq(5) = 0.615749,	Sq(6) = 0.983301,	Sq(7) = 0.615749,	Sq(8) = 0.736411,	Sq(9) = 0.983301,	Sq(10) = 2.49451,	Sq(11) = 0.983301,	Sq(12) = 0.474844,	Sq(13) = 0.615749,	Sq(14) = 0.983301,	Sq(15) = 0.615749,	N(0) = 1.8215,	N(1) = 1.68585,	N(2) = 0.239911,	N(3) = 1.68585,	N(4) = 1.68585,	N(5) = 0.999248,	N(6) = 0.209798,	N(7) = 0.999248,	N(8) = 0.239911,	N(9) = 0.209798,	N(10) = 0.119088,	N(11) = 0.209798,	N(12) = 1.68585,	N(13) = 0.999248,	N(14) = 0.209798,	N(15) = 0.999248,	Delta[s](0) = 0.0901625,	Delta[s](1) = 0.0719912,	Delta[s](2) = 0.0502923,	Delta[s](3) = 0.0719912,	Delta[s](4) = 0.0719912,	Delta[s](5) = 0.0572705,	Delta[s](6) = 0.0360065,	Delta[s](7) = 0.0572705,	Delta[s](8) = 0.0502923,	Delta[s](9) = 0.0360065,	Delta[s](10) = 0.0167277,	Delta[s](11) = 0.0360065,	Delta[s](12) = 0.0719912,	Delta[s](13) = 0.0572705,	Delta[s](14) = 0.0360065,	Delta[s](15) = 0.0572705,	Delta[d](0) = 0.259903,	Delta[d](1) = 0.186008,	Delta[d](2) = 0.197843,	Delta[d](3) = 0.186008,	Delta[d](4) = 0.186008,	Delta[d](5) = 0.17648,	Delta[d](6) = 0.132529,	Delta[d](7) = 0.17648,	Delta[d](8) = 0.197843,	Delta[d](9) = 0.132529,	Delta[d](10) = 0.0540311,	Delta[d](11) = 0.132529,	Delta[d](12) = 0.186008,	Delta[d](13) = 0.17648,	Delta[d](14) = 0.132529,	Delta[d](15) = 0.17648,	Delta[s+](0) = 0.56118,	Delta[s+](1) = 0.418478,	Delta[s+](2) = 0.197843,	Delta[s+](3) = 0.418478,	Delta[s+](4) = 0.418478,	Delta[s+](5) = 0.293397,	Delta[s+](6) = 0.127134,	Delta[s+](7) = 0.293397,	Delta[s+](8) = 0.197843,	Delta[s+](9) = 0.127134,	Delta[s+](10) = 0.040644,	Delta[s+](11) = 0.127134,	Delta[s+](12) = 0.418478,	Delta[s+](13) = 0.293397,	Delta[s+](14) = 0.127134,	Delta[s+](15) = 0.293397
The 0-th iteration is completed.	|| time cost : 0h 6m 26.102s
********************************************************************************************************************
Start the 1 rounds of NGS-ED iteration
	effective electronic model is modified as: kinetic energy t = 0.912196
	                                           effective interaction Vq = [-3.02633,-2.81024,-2.68349,-2.81024,-2.81024,-2.71831,-2.63358,-2.71831,-2.68349,-2.63358,-2.58248,-2.63358,-2.81024,-2.71831,-2.63358,-2.71831]
	PARPACK diagonalization completed after 45 matrix-vector product operations.
	iteration results: : total energy is -61.051838 | electron energy -61.057639 + phonon energy 0.005801 | electron momentum kIdx = 0
The 1-th iteration is completed.	|| time cost : 0h 5m 44.926s
********************************************************************************************************************
Start the 2 rounds of NGS-ED iteration
	effective electronic model is modified as: kinetic energy t = 0.850042
	                                           effective interaction Vq = [ -3.4359,-3.28824,-3.14704,-3.28824,-3.28824,-3.21252,-3.14338,-3.21252,-3.14704,-3.14338,-3.06749,-3.14338,-3.28824,-3.21252,-3.14338,-3.21252]
	PARPACK diagonalization completed after 45 matrix-vector product operations.
	iteration results: : total energy is -67.937406 | electron energy -67.990050 + phonon energy 0.052643 | electron momentum kIdx = 0
The 2-th iteration is completed.	|| time cost : 0h 0m 24.02s
********************************************************************************************************************
Start the 3 rounds of NGS-ED iteration
	effective electronic model is modified as: kinetic energy t = 0.824427
	                                           effective interaction Vq = [-3.49132,-3.40027, -3.2599,-3.40027,-3.40027,-3.33387,-3.28378,-3.33387, -3.2599,-3.28378,-3.19588,-3.28378,-3.40027,-3.33387,-3.28378,-3.33387]
	PARPACK diagonalization completed after 45 matrix-vector product operations.
	iteration results: : total energy is -68.957433 | electron energy -69.050389 + phonon energy 0.092956 | electron momentum kIdx = 0
The 3-th iteration is completed.	|| time cost : 0h 0m 24.011s
********************************************************************************************************************
Start the 4 rounds of NGS-ED iteration
	effective electronic model is modified as: kinetic energy t = 0.810633
	                                           effective interaction Vq = [-3.49883,-3.43009,-3.40843,-3.43009,-3.43009,-3.36985,-3.32725,-3.36985,-3.40843,-3.32725,-3.23691,-3.32725,-3.43009,-3.36985,-3.32725,-3.36985]
	PARPACK diagonalization completed after 105 matrix-vector product operations.
	iteration results: : total energy is -69.293484 | electron energy -69.407796 + phonon energy 0.114312 | electron momentum kIdx = 0
The 4-th iteration is completed.	|| time cost : 0h 0m 38.478s
********************************************************************************************************************
Start the 5 rounds of NGS-ED iteration
	effective electronic model is modified as: kinetic energy t = 0.803259
	                                           effective interaction Vq = [-3.49984,-3.43819,-3.43453,-3.43819,-3.43819,-3.41655,-3.34026,-3.41655,-3.43453,-3.34026,-3.25182,-3.34026,-3.43819,-3.41655,-3.34026,-3.41655]
	PARPACK diagonalization completed after 45 matrix-vector product operations.
	iteration results: : total energy is -69.349021 | electron energy -69.474652 + phonon energy 0.125631 | electron momentum kIdx = 0
The 5-th iteration is completed.	|| time cost : 0h 0m 24.039s
********************************************************************************************************************
Start the 6 rounds of NGS-ED iteration
	effective electronic model is modified as: kinetic energy t = 0.800715
	                                           effective interaction Vq = [-3.49998,-3.44054,-3.44039,-3.44054,-3.44054,-3.43207,-3.34425,-3.43207,-3.44039,-3.34425,-3.25676,-3.34425,-3.44054,-3.43207,-3.34425,-3.43207]
	PARPACK diagonalization completed after 45 matrix-vector product operations.
	iteration results: : total energy is -69.356670 | electron energy -69.487367 + phonon energy 0.130697 | electron momentum kIdx = 0
The 6-th iteration is completed.	|| time cost : 0h 0m 24.236s
********************************************************************************************************************
Start the 7 rounds of NGS-ED iteration
	effective electronic model is modified as: kinetic energy t = 0.799845
	                                           effective interaction Vq = [    -3.5,-3.44124,-3.44149,-3.44124,-3.44124, -3.4376,-3.34551, -3.4376,-3.44149,-3.34551,-3.25844,-3.34551,-3.44124, -3.4376,-3.34551, -3.4376]
	PARPACK diagonalization completed after 45 matrix-vector product operations.
	iteration results: : total energy is -69.357727 | electron energy -69.490335 + phonon energy 0.132608 | electron momentum kIdx = 0
The 7-th iteration is completed.	|| time cost : 0h 0m 24.233s
********************************************************************************************************************
Start the 8 rounds of NGS-ED iteration
	effective electronic model is modified as: kinetic energy t = 0.799548
	                                           effective interaction Vq = [    -3.5,-3.44145,-3.44149,-3.44145,-3.44145,-3.43966,-3.34591,-3.43966,-3.44149,-3.34591,-3.25902,-3.34591,-3.44145,-3.43966,-3.34591,-3.43966]
	PARPACK diagonalization completed after 30 matrix-vector product operations.
	iteration results: : total energy is -69.357878 | electron energy -69.491164 + phonon energy 0.133286 | electron momentum kIdx = 0
The 8-th iteration is completed.	|| time cost : 0h 0m 20.396s
********************************************************************************************************************
Start the 9 rounds of NGS-ED iteration
	effective electronic model is modified as: kinetic energy t = 0.799447
	                                           effective interaction Vq = [    -3.5,-3.44151,-3.44132,-3.44151,-3.44151,-3.44046,-3.34604,-3.44046,-3.44132,-3.34604,-3.25922,-3.34604,-3.44151,-3.44046,-3.34604,-3.44046]
	PARPACK diagonalization completed after 30 matrix-vector product operations.
	iteration results: : total energy is -69.357902 | electron energy -69.491422 + phonon energy 0.133521 | electron momentum kIdx = 0
The 9-th iteration is completed.	|| time cost : 0h 0m 21.485s
********************************************************************************************************************
Start the 10 rounds of NGS-ED iteration
	effective electronic model is modified as: kinetic energy t = 0.799413
	                                           effective interaction Vq = [    -3.5,-3.44153,-3.44118,-3.44153,-3.44153,-3.44077,-3.34608,-3.44077,-3.44118,-3.34608,-3.25929,-3.34608,-3.44153,-3.44077,-3.34608,-3.44077]
	PARPACK diagonalization completed after 30 matrix-vector product operations.
	iteration results: : total energy is -69.357905 | electron energy -69.491507 + phonon energy 0.133601 | electron momentum kIdx = 0
	Nq(0) = 12.25,	Nq(1) = 0.390819,	Nq(2) = 0.755774,	Nq(3) = 0.390819,	Nq(4) = 0.390819,	Nq(5) = 0.755073,	Nq(6) = 0.628817,	Nq(7) = 0.755073,	Nq(8) = 0.755774,	Nq(9) = 0.628817,	Nq(10) = 0.619121,	Nq(11) = 0.628817,	Nq(12) = 0.390819,	Nq(13) = 0.755073,	Nq(14) = 0.628817,	Nq(15) = 0.755073,	Sq(0) = -7.60391e-18,	Sq(1) = 0.34746,	Sq(2) = 0.365542,	Sq(3) = 0.34746,	Sq(4) = 0.34746,	Sq(5) = 0.365546,	Sq(6) = 0.583429,	Sq(7) = 0.365546,	Sq(8) = 0.365542,	Sq(9) = 0.583429,	Sq(10) = 0.603672,	Sq(11) = 0.583429,	Sq(12) = 0.34746,	Sq(13) = 0.365546,	Sq(14) = 0.583429,	Sq(15) = 0.365546,	N(0) = 1.99891,	N(1) = 1.99669,	N(2) = 0.666151,	N(3) = 1.99669,	N(4) = 1.99669,	N(5) = 0.667862,	N(6) = 0.00245512,	N(7) = 0.667862,	N(8) = 0.666151,	N(9) = 0.00245512,	N(10) = 0.000774155,	N(11) = 0.00245512,	N(12) = 1.99669,	N(13) = 0.667862,	N(14) = 0.00245512,	N(15) = 0.667862,	Delta[s](0) = 0.451745,	Delta[s](1) = 0.246107,	Delta[s](2) = 0.210588,	Delta[s](3) = 0.246107,	Delta[s](4) = 0.246107,	Delta[s](5) = 0.210631,	Delta[s](6) = 0.191558,	Delta[s](7) = 0.210631,	Delta[s](8) = 0.210588,	Delta[s](9) = 0.191558,	Delta[s](10) = 0.273648,	Delta[s](11) = 0.191558,	Delta[s](12) = 0.246107,	Delta[s](13) = 0.210631,	Delta[s](14) = 0.191558,	Delta[s](15) = 0.210631,	Delta[d](0) = 0.281199,	Delta[d](1) = 0.216736,	Delta[d](2) = 0.217262,	Delta[d](3) = 0.216736,	Delta[d](4) = 0.216736,	Delta[d](5) = 0.196597,	Delta[d](6) = 0.173946,	Delta[d](7) = 0.196597,	Delta[d](8) = 0.217262,	Delta[d](9) = 0.173946,	Delta[d](10) = 0.11176,	Delta[d](11) = 0.173946,	Delta[d](12) = 0.216736,	Delta[d](13) = 0.196597,	Delta[d](14) = 0.173946,	Delta[d](15) = 0.196597,	Delta[s+](0) = 0.461555,	Delta[s+](1) = 0.351355,	Delta[s+](2) = 0.217262,	Delta[s+](3) = 0.351355,	Delta[s+](4) = 0.351355,	Delta[s+](5) = 0.217439,	Delta[s+](6) = 0.0964535,	Delta[s+](7) = 0.217439,	Delta[s+](8) = 0.217262,	Delta[s+](9) = 0.0964535,	Delta[s+](10) = 0.0350028,	Delta[s+](11) = 0.0964535,	Delta[s+](12) = 0.351355,	Delta[s+](13) = 0.217439,	Delta[s+](14) = 0.0964535,	Delta[s+](15) = 0.217439
The 10-th iteration is completed.	|| time cost : 0h 3m 18.064s
********************************************************************************************************************
********************************************************************************************************************
Ground state is obtained after 11 iterations. The current ground-state energy is -69.3579, in which electron energy is -69.4915 and phonon energy is 0.133601
final variational state is: 
	Gamma_x = [      1,1.03126,1.06154,1.03126,1.03126, 1.0615, 1.0756, 1.0615,1.06154, 1.0756,1.08735, 1.0756,1.03126, 1.0615, 1.0756, 1.0615]
	lambda_q = [0.591598,0.515145,0.514856,0.515145,0.515145,0.514732,0.467547,0.514732,0.514856,0.467547,0.436466,0.467547,0.515145,0.514732,0.467547,0.514732]
********************************************************************************************************************
o___o  ----------------------------------------
| L |	Time since last clock: 0h 0m 0s
A===A	Time since the beginning: 0h 18m 49.995s
***********************************************


********************************************************************************************************************
Warm up runs have been completed. Start calculating W = 5 phonon.
open output files: NGSEDIterationObs.txt
********************************************************************************************************************
Start the 0 rounds of NGS-ED iteration
	effective electronic model is modified as: kinetic energy t = 0.799401
	                                           effective interaction Vq = [-3.19972,-2.98314,-2.98221,-2.98314,-2.98314,-2.98181,-2.81878,-2.98181,-2.98221,-2.81878,-2.69922,-2.81878,-2.98314,-2.98181,-2.81878,-2.98181]
	PARPACK diagonalization completed after 180 matrix-vector product operations.
	iteration results: : total energy is -61.827778 | electron energy -61.894593 + phonon energy 0.066814 | electron momentum kIdx = 0
	Nq(0) = 12.25,	Nq(1) = 0.344722,	Nq(2) = 0.368362,	Nq(3) = 0.344722,	Nq(4) = 0.344722,	Nq(5) = 0.479372,	Nq(6) = 0.54578,	Nq(7) = 0.479372,	Nq(8) = 0.368362,	Nq(9) = 0.54578,	Nq(10) = 0.558247,	Nq(11) = 0.54578,	Nq(12) = 0.344722,	Nq(13) = 0.479372,	Nq(14) = 0.54578,	Nq(15) = 0.479372,	Sq(0) = -2.32965e-17,	Sq(1) = 0.396457,	Sq(2) = 0.575443,	Sq(3) = 0.396457,	Sq(4) = 0.396457,	Sq(5) = 0.52611,	Sq(6) = 0.668573,	Sq(7) = 0.52611,	Sq(8) = 0.575443,	Sq(9) = 0.668573,	Sq(10) = 1.46008,	Sq(11) = 0.668573,	Sq(12) = 0.396457,	Sq(13) = 0.52611,	Sq(14) = 0.668573,	Sq(15) = 0.52611,	N(0) = 1.99667,	N(1) = 1.99284,	N(2) = 0.00466742,	N(3) = 1.99284,	N(4) = 1.99284,	N(5) = 0.999787,	N(6) = 0.00525281,	N(7) = 0.999787,	N(8) = 0.00466742,	N(9) = 0.00525281,	N(10) = 0.00248093,	N(11) = 0.00525281,	N(12) = 1.99284,	N(13) = 0.999788,	N(14) = 0.00525281,	N(15) = 0.999787,	Delta[s](0) = 0.204438,	Delta[s](1) = 0.181219,	Delta[s](2) = 0.143447,	Delta[s](3) = 0.181219,	Delta[s](4) = 0.181219,	Delta[s](5) = 0.161529,	Delta[s](6) = 0.13766,	Delta[s](7) = 0.161529,	Delta[s](8) = 0.143447,	Delta[s](9) = 0.13766,	Delta[s](10) = 0.0992717,	Delta[s](11) = 0.13766,	Delta[s](12) = 0.181219,	Delta[s](13) = 0.161529,	Delta[s](14) = 0.13766,	Delta[s](15) = 0.161529,	Delta[d](0) = 0.229175,	Delta[d](1) = 0.163483,	Delta[d](2) = 0.16857,	Delta[d](3) = 0.163483,	Delta[d](4) = 0.163483,	Delta[d](5) = 0.16888,	Delta[d](6) = 0.119893,	Delta[d](7) = 0.16888,	Delta[d](8) = 0.16857,	Delta[d](9) = 0.119893,	Delta[d](10) = 0.0535957,	Delta[d](11) = 0.119893,	Delta[d](12) = 0.163483,	Delta[d](13) = 0.16888,	Delta[d](14) = 0.119893,	Delta[d](15) = 0.16888,	Delta[s+](0) = 0.514476,	Delta[s+](1) = 0.390976,	Delta[s+](2) = 0.16857,	Delta[s+](3) = 0.390976,	Delta[s+](4) = 0.390976,	Delta[s+](5) = 0.278127,	Delta[s+](6) = 0.111476,	Delta[s+](7) = 0.278127,	Delta[s+](8) = 0.16857,	Delta[s+](9) = 0.111476,	Delta[s+](10) = 0.0398273,	Delta[s+](11) = 0.111476,	Delta[s+](12) = 0.390976,	Delta[s+](13) = 0.278127,	Delta[s+](14) = 0.111476,	Delta[s+](15) = 0.278127
The 0-th iteration is completed.	|| time cost : 0h 3m 56.418s
********************************************************************************************************************
Start the 1 rounds of NGS-ED iteration
	effective electronic model is modified as: kinetic energy t = 0.782682
	                                           effective interaction Vq = [-3.38953,-3.15215,-3.00404,-3.15215,-3.15215,-3.08463, -2.9439,-3.08463,-3.00404, -2.9439,-2.80096, -2.9439,-3.15215,-3.08463, -2.9439,-3.08463]
	PARPACK diagonalization completed after 45 matrix-vector product operations.
	iteration results: : total energy is -64.424694 | electron energy -64.612792 + phonon energy 0.188098 | electron momentum kIdx = 0
The 1-th iteration is completed.	|| time cost : 0h 0m 23.992s
********************************************************************************************************************
Start the 2 rounds of NGS-ED iteration
	effective electronic model is modified as: kinetic energy t = 0.7698
	                                           effective interaction Vq = [-3.45936,-3.24206,-3.02562,-3.24206,-3.24206,-3.14531,-3.02369,-3.14531,-3.02562,-3.02369,-2.86914,-3.02369,-3.24206,-3.14531,-3.02369,-3.14531]
	PARPACK diagonalization completed after 45 matrix-vector product operations.
	iteration results: : total energy is -65.386104 | electron energy -65.653885 + phonon energy 0.267782 | electron momentum kIdx = 0
The 2-th iteration is completed.	|| time cost : 0h 0m 24.247s
********************************************************************************************************************
Start the 3 rounds of NGS-ED iteration
	effective electronic model is modified as: kinetic energy t = 0.760988
	                                           effective interaction Vq = [-3.48505,-3.29172,-3.04126,-3.29172,-3.29172,-3.18074,-3.07335,-3.18074,-3.04126,-3.07335,-2.91157,-3.07335,-3.29172,-3.18074,-3.07335,-3.18074]
	PARPACK diagonalization completed after 45 matrix-vector product operations.
	iteration results: : total energy is -65.742770 | electron energy -66.058471 + phonon energy 0.315701 | electron momentum kIdx = 0
The 3-th iteration is completed.	|| time cost : 0h 0m 24.032s
********************************************************************************************************************
Start the 4 rounds of NGS-ED iteration
	effective electronic model is modified as: kinetic energy t = 0.75525
	                                           effective interaction Vq = [ -3.4945,   -3.32,-3.05162,   -3.32,   -3.32, -3.2015,-3.10421, -3.2015,-3.05162,-3.10421,-2.93746,-3.10421,   -3.32, -3.2015,-3.10421, -3.2015]
	PARPACK diagonalization completed after 30 matrix-vector product operations.
	iteration results: : total energy is -65.875040 | electron energy -66.219696 + phonon energy 0.344657 | electron momentum kIdx = 0
The 4-th iteration is completed.	|| time cost : 0h 0m 20.635s
********************************************************************************************************************
Start the 5 rounds of NGS-ED iteration
	effective electronic model is modified as: kinetic energy t = 0.751601
	                                           effective interaction Vq = [-3.49798,-3.33649,-3.05825,-3.33649,-3.33649,-3.21374,-3.12347,-3.21374,-3.05825,-3.12347,-2.95318,-3.12347,-3.33649,-3.21374,-3.12347,-3.21374]
	PARPACK diagonalization completed after 30 matrix-vector product operations.
	iteration results: : total energy is -65.924064 | electron energy -66.286443 + phonon energy 0.362379 | electron momentum kIdx = 0
The 5-th iteration is completed.	|| time cost : 0h 0m 20.415s
********************************************************************************************************************
Start the 6 rounds of NGS-ED iteration
	effective electronic model is modified as: kinetic energy t = 0.749308
	                                           effective interaction Vq = [-3.49926,-3.34626,-3.06243,-3.34626,-3.34626,  -3.221,-3.13556,  -3.221,-3.06243,-3.13556,-2.96273,-3.13556,-3.34626,  -3.221,-3.13556,  -3.221]
	PARPACK diagonalization completed after 30 matrix-vector product operations.
	iteration results: : total energy is -65.942228 | electron energy -66.315547 + phonon energy 0.373319 | electron momentum kIdx = 0
The 6-th iteration is completed.	|| time cost : 0h 0m 20.625s
********************************************************************************************************************
Start the 7 rounds of NGS-ED iteration
	effective electronic model is modified as: kinetic energy t = 0.747876
	                                           effective interaction Vq = [-3.49973,-3.35211,-3.06505,-3.35211,-3.35211,-3.22531,-3.14317,-3.22531,-3.06505,-3.14317,-2.96854,-3.14317,-3.35211,-3.22531,-3.14317,-3.22531]
	PARPACK diagonalization completed after 30 matrix-vector product operations.
	iteration results: : total energy is -65.948957 | electron energy -66.329062 + phonon energy 0.380105 | electron momentum kIdx = 0
The 7-th iteration is completed.	|| time cost : 0h 0m 20.444s
********************************************************************************************************************
Start the 8 rounds of NGS-ED iteration
	effective electronic model is modified as: kinetic energy t = 0.746985
	                                           effective interaction Vq = [ -3.4999,-3.35565,-3.06668,-3.35565,-3.35565,-3.22788,-3.14798,-3.22788,-3.06668,-3.14798,-2.97208,-3.14798,-3.35565,-3.22788,-3.14798,-3.22788]
	PARPACK diagonalization completed after 30 matrix-vector product operations.
	iteration results: : total energy is -65.951450 | electron energy -66.335774 + phonon energy 0.384323 | electron momentum kIdx = 0
The 8-th iteration is completed.	|| time cost : 0h 0m 20.65s
********************************************************************************************************************
Start the 9 rounds of NGS-ED iteration
	effective electronic model is modified as: kinetic energy t = 0.746431
	                                           effective interaction Vq = [-3.49996, -3.3578, -3.0677, -3.3578, -3.3578,-3.22942,-3.15102,-3.22942, -3.0677,-3.15102,-2.97424,-3.15102, -3.3578,-3.22942,-3.15102,-3.22942]
	PARPACK diagonalization completed after 30 matrix-vector product operations.
	iteration results: : total energy is -65.952375 | electron energy -66.339323 + phonon energy 0.386948 | electron momentum kIdx = 0
The 9-th iteration is completed.	|| time cost : 0h 0m 20.63s
********************************************************************************************************************
Start the 10 rounds of NGS-ED iteration
	effective electronic model is modified as: kinetic energy t = 0.746087
	                                           effective interaction Vq = [-3.49999,-3.35911,-3.06832,-3.35911,-3.35911,-3.23033,-3.15294,-3.23033,-3.06832,-3.15294,-2.97555,-3.15294,-3.35911,-3.23033,-3.15294,-3.23033]
	PARPACK diagonalization completed after 30 matrix-vector product operations.
	iteration results: : total energy is -65.952717 | electron energy -66.341301 + phonon energy 0.388583 | electron momentum kIdx = 0
	Nq(0) = 12.25,	Nq(1) = 0.409509,	Nq(2) = 0.367865,	Nq(3) = 0.409509,	Nq(4) = 0.409509,	Nq(5) = 0.506458,	Nq(6) = 0.610573,	Nq(7) = 0.506458,	Nq(8) = 0.367865,	Nq(9) = 0.610573,	Nq(10) = 0.585027,	Nq(11) = 0.610573,	Nq(12) = 0.409509,	Nq(13) = 0.506458,	Nq(14) = 0.610573,	Nq(15) = 0.506458,	Sq(0) = -1.83172e-18,	Sq(1) = 0.371026,	Sq(2) = 0.541797,	Sq(3) = 0.371026,	Sq(4) = 0.371026,	Sq(5) = 0.499529,	Sq(6) = 0.622557,	Sq(7) = 0.499529,	Sq(8) = 0.541797,	Sq(9) = 0.622557,	Sq(10) = 1.26704,	Sq(11) = 0.622557,	Sq(12) = 0.371026,	Sq(13) = 0.499529,	Sq(14) = 0.622557,	Sq(15) = 0.499529,	N(0) = 1.99969,	N(1) = 1.99822,	N(2) = 0.00127347,	N(3) = 1.99822,	N(4) = 1.99822,	N(5) = 1.00009,	N(6) = 0.00108529,	N(7) = 1.00009,	N(8) = 0.00127347,	N(9) = 0.00108529,	N(10) = 0.000186725,	N(11) = 0.00108529,	N(12) = 1.99822,	N(13) = 1.00009,	N(14) = 0.00108529,	N(15) = 1.00009,	Delta[s](0) = 0.219251,	Delta[s](1) = 0.200566,	Delta[s](2) = 0.162793,	Delta[s](3) = 0.200566,	Delta[s](4) = 0.200566,	Delta[s](5) = 0.18043,	Delta[s](6) = 0.161248,	Delta[s](7) = 0.18043,	Delta[s](8) = 0.162793,	Delta[s](9) = 0.161248,	Delta[s](10) = 0.12465,	Delta[s](11) = 0.161248,	Delta[s](12) = 0.200566,	Delta[s](13) = 0.18043,	Delta[s](14) = 0.161248,	Delta[s](15) = 0.18043,	Delta[d](0) = 0.238477,	Delta[d](1) = 0.178766,	Delta[d](2) = 0.17909,	Delta[d](3) = 0.178766,	Delta[d](4) = 0.178766,	Delta[d](5) = 0.184777,	Delta[d](6) = 0.133078,	Delta[d](7) = 0.184777,	Delta[d](8) = 0.17909,	Delta[d](9) = 0.133078,	Delta[d](10) = 0.0674053,	Delta[d](11) = 0.133078,	Delta[d](12) = 0.178766,	Delta[d](13) = 0.184777,	Delta[d](14) = 0.133078,	Delta[d](15) = 0.184777,	Delta[s+](0) = 0.519947,	Delta[s+](1) = 0.398104,	Delta[s+](2) = 0.17909,	Delta[s+](3) = 0.398104,	Delta[s+](4) = 0.398104,	Delta[s+](5) = 0.289001,	Delta[s+](6) = 0.122715,	Delta[s+](7) = 0.289001,	Delta[s+](8) = 0.17909,	Delta[s+](9) = 0.122715,	Delta[s+](10) = 0.0513346,	Delta[s+](11) = 0.122715,	Delta[s+](12) = 0.398104,	Delta[s+](13) = 0.289001,	Delta[s+](14) = 0.122715,	Delta[s+](15) = 0.289001
The 10-th iteration is completed.	|| time cost : 0h 3m 11.369s
********************************************************************************************************************
Start the 11 rounds of NGS-ED iteration
	effective electronic model is modified as: kinetic energy t = 0.745873
	                                           effective interaction Vq = [-3.49999,-3.35991,-3.06871,-3.35991,-3.35991,-3.23088,-3.15416,-3.23088,-3.06871,-3.15416,-2.97636,-3.15416,-3.35991,-3.23088,-3.15416,-3.23088]
	PARPACK diagonalization completed after 30 matrix-vector product operations.
	iteration results: : total energy is -65.952845 | electron energy -66.342446 + phonon energy 0.389602 | electron momentum kIdx = 0
The 11-th iteration is completed.	|| time cost : 0h 0m 20.658s
********************************************************************************************************************
Start the 12 rounds of NGS-ED iteration
	effective electronic model is modified as: kinetic energy t = 0.745741
	                                           effective interaction Vq = [    -3.5, -3.3604,-3.06895, -3.3604, -3.3604,-3.23121,-3.15494,-3.23121,-3.06895,-3.15494,-2.97685,-3.15494, -3.3604,-3.23121,-3.15494,-3.23121]
	PARPACK diagonalization completed after 30 matrix-vector product operations.
	iteration results: : total energy is -65.952892 | electron energy -66.343128 + phonon energy 0.390237 | electron momentum kIdx = 0
The 12-th iteration is completed.	|| time cost : 0h 0m 20.412s
********************************************************************************************************************
Start the 13 rounds of NGS-ED iteration
	effective electronic model is modified as: kinetic energy t = 0.745658
	                                           effective interaction Vq = [    -3.5, -3.3607, -3.0691, -3.3607, -3.3607,-3.23141,-3.15543,-3.23141, -3.0691,-3.15543,-2.97715,-3.15543, -3.3607,-3.23141,-3.15543,-3.23141]
	PARPACK diagonalization completed after 30 matrix-vector product operations.
	iteration results: : total energy is -65.952909 | electron energy -66.343542 + phonon energy 0.390632 | electron momentum kIdx = 0
The 13-th iteration is completed.	|| time cost : 0h 0m 20.411s
********************************************************************************************************************
Start the 14 rounds of NGS-ED iteration
	effective electronic model is modified as: kinetic energy t = 0.745607
	                                           effective interaction Vq = [    -3.5,-3.36088,-3.06919,-3.36088,-3.36088,-3.23152,-3.15574,-3.23152,-3.06919,-3.15574,-2.97734,-3.15574,-3.36088,-3.23152,-3.15574,-3.23152]
	PARPACK diagonalization completed after 30 matrix-vector product operations.
	iteration results: : total energy is -65.952916 | electron energy -66.343795 + phonon energy 0.390879 | electron momentum kIdx = 0
The 14-th iteration is completed.	|| time cost : 0h 0m 20.422s
********************************************************************************************************************
Start the 15 rounds of NGS-ED iteration
	effective electronic model is modified as: kinetic energy t = 0.745575
	                                           effective interaction Vq = [    -3.5,-3.36099,-3.06925,-3.36099,-3.36099,-3.23159,-3.15594,-3.23159,-3.06925,-3.15594,-2.97745,-3.15594,-3.36099,-3.23159,-3.15594,-3.23159]
	PARPACK diagonalization completed after 180 matrix-vector product operations.
	iteration results: : total energy is -65.970252 | electron energy -66.361285 + phonon energy 0.391033 | electron momentum kIdx = 0
The 15-th iteration is completed.	|| time cost : 0h 0m 56.383s
********************************************************************************************************************
Start the 16 rounds of NGS-ED iteration
	effective electronic model is modified as: kinetic energy t = 0.740422
	                                           effective interaction Vq = [    -3.5,-3.35929,-3.08049,-3.35929,-3.35929,-3.28699,-3.15661,-3.28699,-3.08049,-3.15661,-2.97931,-3.15661,-3.35929,-3.28699,-3.15661,-3.28699]
	PARPACK diagonalization completed after 60 matrix-vector product operations.
	iteration results: : total energy is -66.011331 | electron energy -66.407451 + phonon energy 0.396120 | electron momentum kIdx = 0
The 16-th iteration is completed.	|| time cost : 0h 0m 27.865s
********************************************************************************************************************
Start the 17 rounds of NGS-ED iteration
	effective electronic model is modified as: kinetic energy t = 0.735746
	                                           effective interaction Vq = [    -3.5,-3.35826,-3.11548,-3.35826,-3.35826,-3.32576,-3.15634,-3.32576,-3.11548,-3.15634,-2.98095,-3.15634,-3.35826,-3.32576,-3.15634,-3.32576]
	PARPACK diagonalization completed after 45 matrix-vector product operations.
	iteration results: : total energy is -66.039432 | electron energy -66.444691 + phonon energy 0.405259 | electron momentum kIdx = 0
The 17-th iteration is completed.	|| time cost : 0h 0m 24.282s
********************************************************************************************************************
Start the 18 rounds of NGS-ED iteration
	effective electronic model is modified as: kinetic energy t = 0.732141
	                                           effective interaction Vq = [    -3.5,-3.35758,-3.15497,-3.35758,-3.35758,-3.34987,-3.15554,-3.34987,-3.15497,-3.15554, -2.9821,-3.15554,-3.35758,-3.34987,-3.15554,-3.34987]
	PARPACK diagonalization completed after 60 matrix-vector product operations.
	iteration results: : total energy is -66.055830 | electron energy -66.470423 + phonon energy 0.414593 | electron momentum kIdx = 0
The 18-th iteration is completed.	|| time cost : 0h 0m 27.615s
********************************************************************************************************************
Start the 19 rounds of NGS-ED iteration
	effective electronic model is modified as: kinetic energy t = 0.729478
	                                           effective interaction Vq = [    -3.5,-3.35713,-3.19127,-3.35713,-3.35713,-3.36439,-3.15459,-3.36439,-3.19127,-3.15459,-2.98283,-3.15459,-3.35713,-3.36439,-3.15459,-3.36439]
	PARPACK diagonalization completed after 60 matrix-vector product operations.
	iteration results: : total energy is -66.065410 | electron energy -66.487914 + phonon energy 0.422504 | electron momentum kIdx = 0
The 19-th iteration is completed.	|| time cost : 0h 0m 27.818s
********************************************************************************************************************
Start the 20 rounds of NGS-ED iteration
	effective electronic model is modified as: kinetic energy t = 0.727521
	                                           effective interaction Vq = [    -3.5,-3.35682,-3.22248,-3.35682,-3.35682,-3.37292,-3.15369,-3.37292,-3.22248,-3.15369, -2.9833,-3.15369,-3.35682,-3.37292,-3.15369,-3.37292]
	PARPACK diagonalization completed after 45 matrix-vector product operations.
	iteration results: : total energy is -66.071365 | electron energy -66.500055 + phonon energy 0.428690 | electron momentum kIdx = 0
	Nq(0) = 12.25,	Nq(1) = 0.391814,	Nq(2) = 0.551293,	Nq(3) = 0.391814,	Nq(4) = 0.391814,	Nq(5) = 0.818912,	Nq(6) = 0.592816,	Nq(7) = 0.818912,	Nq(8) = 0.551293,	Nq(9) = 0.592816,	Nq(10) = 0.576884,	Nq(11) = 0.592816,	Nq(12) = 0.391814,	Nq(13) = 0.818912,	Nq(14) = 0.592816,	Nq(15) = 0.818912,	Sq(0) = 3.8587e-18,	Sq(1) = 0.361007,	Sq(2) = 0.375558,	Sq(3) = 0.361007,	Sq(4) = 0.361007,	Sq(5) = 0.403027,	Sq(6) = 0.606956,	Sq(7) = 0.403027,	Sq(8) = 0.375558,	Sq(9) = 0.606956,	Sq(10) = 0.62129,	Sq(11) = 0.606956,	Sq(12) = 0.361007,	Sq(13) = 0.403027,	Sq(14) = 0.606956,	Sq(15) = 0.403027,	N(0) = 1.99803,	N(1) = 1.99702,	N(2) = 1.25329,	N(3) = 1.99702,	N(4) = 1.99702,	N(5) = 0.374416,	N(6) = 0.00232636,	N(7) = 0.374416,	N(8) = 1.25329,	N(9) = 0.00232636,	N(10) = 0.000337939,	N(11) = 0.00232636,	N(12) = 1.99702,	N(13) = 0.374416,	N(14) = 0.00232636,	N(15) = 0.374416,	Delta[s](0) = 0.338032,	Delta[s](1) = 0.233516,	Delta[s](2) = 0.218785,	Delta[s](3) = 0.233516,	Delta[s](4) = 0.233516,	Delta[s](5) = 0.206337,	Delta[s](6) = 0.19761,	Delta[s](7) = 0.206337,	Delta[s](8) = 0.218785,	Delta[s](9) = 0.19761,	Delta[s](10) = 0.246363,	Delta[s](11) = 0.19761,	Delta[s](12) = 0.233516,	Delta[s](13) = 0.206337,	Delta[s](14) = 0.19761,	Delta[s](15) = 0.206337,	Delta[d](0) = 0.416703,	Delta[d](1) = 0.304144,	Delta[d](2) = 0.305486,	Delta[d](3) = 0.304144,	Delta[d](4) = 0.304144,	Delta[d](5) = 0.234624,	Delta[d](6) = 0.263378,	Delta[d](7) = 0.234624,	Delta[d](8) = 0.305486,	Delta[d](9) = 0.263378,	Delta[d](10) = 0.262384,	Delta[d](11) = 0.263378,	Delta[d](12) = 0.304144,	Delta[d](13) = 0.234624,	Delta[d](14) = 0.263378,	Delta[d](15) = 0.234624,	Delta[s+](0) = 0.50161,	Delta[s+](1) = 0.383489,	Delta[s+](2) = 0.305486,	Delta[s+](3) = 0.383489,	Delta[s+](4) = 0.383489,	Delta[s+](5) = 0.216628,	Delta[s+](6) = 0.122028,	Delta[s+](7) = 0.216628,	Delta[s+](8) = 0.305486,	Delta[s+](9) = 0.122028,	Delta[s+](10) = 0.0539281,	Delta[s+](11) = 0.122028,	Delta[s+](12) = 0.383489,	Delta[s+](13) = 0.216628,	Delta[s+](14) = 0.122028,	Delta[s+](15) = 0.216628
The 20-th iteration is completed.	|| time cost : 0h 3m 14.806s
********************************************************************************************************************
Start the 21 rounds of NGS-ED iteration
	effective electronic model is modified as: kinetic energy t = 0.726075
	                                           effective interaction Vq = [    -3.5,-3.35661,-3.24863,-3.35661,-3.35661,-3.37773, -3.1529,-3.37773,-3.24863, -3.1529,-2.98359, -3.1529,-3.35661,-3.37773, -3.1529,-3.37773]
	PARPACK diagonalization completed after 60 matrix-vector product operations.
	iteration results: : total energy is -66.075349 | electron energy -66.508714 + phonon energy 0.433365 | electron momentum kIdx = 0
The 21-th iteration is completed.	|| time cost : 0h 0m 27.955s
********************************************************************************************************************
Start the 22 rounds of NGS-ED iteration
	effective electronic model is modified as: kinetic energy t = 0.725001
	                                           effective interaction Vq = [    -3.5,-3.35648,-3.27029,-3.35648,-3.35648,-3.38019,-3.15226,-3.38019,-3.27029,-3.15226,-2.98378,-3.15226,-3.35648,-3.38019,-3.15226,-3.38019]
	PARPACK diagonalization completed after 45 matrix-vector product operations.
	iteration results: : total energy is -66.078168 | electron energy -66.515025 + phonon energy 0.436858 | electron momentum kIdx = 0
The 22-th iteration is completed.	|| time cost : 0h 0m 24.249s
********************************************************************************************************************
Start the 23 rounds of NGS-ED iteration
	effective electronic model is modified as: kinetic energy t = 0.724199
	                                           effective interaction Vq = [    -3.5,-3.35638,-3.28811,-3.35638,-3.35638,-3.38117,-3.15175,-3.38117,-3.28811,-3.15175,-2.98391,-3.15175,-3.35638,-3.38117,-3.15175,-3.38117]
	PARPACK diagonalization completed after 45 matrix-vector product operations.
