SNEDics v3.21.4 Non-Gaussian ED ground state program		Start at Wed Jul 28 02:27:41 2021

parallized on 32 MPI threads  * 8 OpenMP threads = 256 total threads.
********************************************************************************************************************
********************************************************************************************************************

********************************************************************************************************************
System parameters and configurations
	special program options are enabled: splitted diagonal Hamiltonian | splitted Hamiltonian terms
********************************************************************************************************************
Read input file "model_params.in"
	Hubbard-Holstein model parameters : 	t = 1    U = 8    g = 0.15    W = 0.2    g' = 0.04    
********************************************************************************************************************
Read input file "hilbertspace_params.in"
	Requested 16-site 2D lattice, with 12 electrons (6, 6)
	Boundary : Periodic		Hilbert space representation : momentum-space (restricted to kIdx = 0)
	Conservation: particle number[U(1)]      spin[U(1)]     momentum
********************************************************************************************************************

Cluster Positions:				Cluster symmetry group : D4
 x ... x ... x ... x .....                       x ... x ... x ... x .....
 |           |           :                       |           |           :
 |           |           :                       |           |           :
12    13    14    15     x                       1     5     6     5     x
 |           |           :                       |           |           :
 |           |           :                       |           |           :
 8 --- 9 ---10 ---11 --- x                       2 --- 6 ---10 --- 6 --- x
 |           |           :                       |           |           :
 |           |           :                       |           |           :
 4     5     6     7     x                       1     5     6     5     x
 |           |           :                       |           |           :
 |           |           :                       |           |           :
 0 --- 1 --- 2 --- 3 --- x                       0 --- 1 --- 2 --- 1 --- x
orbital number : 1
********************************************************************************************************************
Read input file "obs_params.in"
	Observable Type : Nq(All),   Sq(All),   N(All),   Delta[s](All),   Delta[d](All),   Delta[s+](All)
** WARNING ** the input observables have non-local factors which have been reinterpreted. The total observable number is 96
********************************************************************************************************************


********************************************************************************************************************
Start calculating the non-Gaussian ED ground state
Maximal iteration number is 1000; energy resolution is 1e-06. Phonon state relaxation time is 2000
W = 0.2 is relatively large. The non-Gaussian ED calculation starts directly.
open output files: NGSED_iteration_obserbles.txt
********************************************************************************************************************
Start the 0 rounds of NGS-ED iteration
	effective electronic model is modified as: kinetic energy t = 1
	                                           effective interaction Vq = [0,0,0,0,0,0,0,0,0,0,0,0,0,0,0,0]
	first Hamiltonian is constructed, size = 4008592 and non-zero numbers = 969134044
	PARPACK diagonalization completed after 150 matrix-vector product operations.
	iteration results: : total energy is -14.925310 | electron energy -14.925310 + phonon energy 0.000000 | electron momentum kIdx = 0
	Nq(0) = 9,	Nq(1) = 0.191675,	Nq(2) = 0.266183,	Nq(3) = 0.191675,	Nq(4) = 0.191675,	Nq(5) = 0.245517,	
	Nq(6) = 0.314107,	Nq(7) = 0.245517,	Nq(8) = 0.266183,	Nq(9) = 0.314107,	Nq(10) = 0.369338,	
	Nq(11) = 0.314107,	Nq(12) = 0.191675,	Nq(13) = 0.245517,	Nq(14) = 0.314107,	Nq(15) = 0.245517;	
	Sq(0) = 3.02743e-18,	Sq(1) = 0.554662,	Sq(2) = 0.424361,	Sq(3) = 0.554662,	Sq(4) = 0.554662,	
	Sq(5) = 0.79749,	Sq(6) = 1.01287,	Sq(7) = 0.79749,	Sq(8) = 0.424361,	Sq(9) = 1.01287,	
	Sq(10) = 0.784303,	Sq(11) = 1.01287,	Sq(12) = 0.554662,	Sq(13) = 0.79749,	Sq(14) = 1.01287,	
	Sq(15) = 0.79749;	N(0) = 1.76735,	N(1) = 1.6264,	N(2) = 0.74365,	N(3) = 1.6264,	
	N(4) = 1.6264,	N(5) = 0.392302,	N(6) = 0.144321,	N(7) = 0.392302,	N(8) = 0.74365,	
	N(9) = 0.144321,	N(10) = 0.0932732,	N(11) = 0.144321,	N(12) = 1.6264,	N(13) = 0.392302,	
	N(14) = 0.144321,	N(15) = 0.392302;	Delta[s](0) = 0.0656779,	Delta[s](1) = 0.0453672,	Delta[s](2) = 0.0303922,	
	Delta[s](3) = 0.0453672,	Delta[s](4) = 0.0453672,	Delta[s](5) = 0.0270973,	Delta[s](6) = 0.00925823,	Delta[s](7) = 0.0270973,	
	Delta[s](8) = 0.0303922,	Delta[s](9) = 0.00925823,	Delta[s](10) = 9.68705e-05,	Delta[s](11) = 0.00925823,	Delta[s](12) = 0.0453672,	
	Delta[s](13) = 0.0270973,	Delta[s](14) = 0.00925823,	Delta[s](15) = 0.0270973;	Delta[d](0) = 0.229399,	Delta[d](1) = 0.180055,	
	Delta[d](2) = 0.222218,	Delta[d](3) = 0.180055,	Delta[d](4) = 0.180055,	Delta[d](5) = 0.123007,	Delta[d](6) = 0.150457,	
	Delta[d](7) = 0.123007,	Delta[d](8) = 0.222218,	Delta[d](9) = 0.150457,	Delta[d](10) = 0.0768384,	Delta[d](11) = 0.150457,	
	Delta[d](12) = 0.180055,	Delta[d](13) = 0.123007,	Delta[d](14) = 0.150457,	Delta[d](15) = 0.123007;	Delta[s+](0) = 0.529527,	
	Delta[s+](1) = 0.361125,	Delta[s+](2) = 0.222218,	Delta[s+](3) = 0.361125,	Delta[s+](4) = 0.361125,	Delta[s+](5) = 0.177127,	
	Delta[s+](6) = 0.0626695,	Delta[s+](7) = 0.177127,	Delta[s+](8) = 0.222218,	Delta[s+](9) = 0.0626695,	Delta[s+](10) = 0.0157053,	
	Delta[s+](11) = 0.0626695,	Delta[s+](12) = 0.361125,	Delta[s+](13) = 0.177127,	Delta[s+](14) = 0.0626695,	Delta[s+](15) = 0.177127
	
The 0-th iteration is completed.	|| time cost : 0h 2m 2.486s
********************************************************************************************************************
Start the 1 rounds of NGS-ED iteration
	effective electronic model is modified as: kinetic energy t = 0.998918
	                                           effective interaction Vq = [    -0.4805, -0.0327086,-0.00978524, -0.0327086, -0.0327086,-0.00905646,-0.00168418,-0.00905646,-0.00978524,-0.00168418,-3.0425e-05,-0.00168418, -0.0327086,-0.00905646,-0.00168418,-0.00905646]
	PARPACK diagonalization completed after 45 matrix-vector product operations.
	iteration results: : total energy is -19.270854 | electron energy -19.271079 + phonon energy 0.000225 | electron momentum kIdx = 0
The 1-th iteration is completed.	|| time cost : 0h 1m 18.141s
********************************************************************************************************************
Start the 2 rounds of NGS-ED iteration
	effective electronic model is modified as: kinetic energy t = 0.998914
	                                           effective interaction Vq = [     -0.4805,  -0.0328059, -0.00978109,  -0.0328059,  -0.0328059,  -0.0090547, -0.00168258,  -0.0090547, -0.00978109, -0.00168258,-3.03984e-05, -0.00168258,  -0.0328059,  -0.0090547, -0.00168258,  -0.0090547]
	PARPACK diagonalization completed after 30 matrix-vector product operations.
	iteration results: : total energy is -19.270854 | electron energy -19.271081 + phonon energy 0.000227 | electron momentum kIdx = 0
The 2-th iteration is completed.	|| time cost : 0h 0m 9.682s
********************************************************************************************************************
Start the 3 rounds of NGS-ED iteration
	effective electronic model is modified as: kinetic energy t = 0.998914
	                                           effective interaction Vq = [     -0.4805,  -0.0328063, -0.00978105,  -0.0328063,  -0.0328063, -0.00905468, -0.00168258, -0.00905468, -0.00978105, -0.00168258,-3.03984e-05, -0.00168258,  -0.0328063, -0.00905468, -0.00168258, -0.00905468]
	PARPACK diagonalization completed after 30 matrix-vector product operations.
	iteration results: : total energy is -19.270854 | electron energy -19.271081 + phonon energy 0.000227 | electron momentum kIdx = 0
The 3-th iteration is completed.	|| time cost : 0h 0m 9.702s
********************************************************************************************************************
Start the 4 rounds of NGS-ED iteration
	effective electronic model is modified as: kinetic energy t = 0.998914
	                                           effective interaction Vq = [     -0.4805,  -0.0328063, -0.00978105,  -0.0328063,  -0.0328063, -0.00905468, -0.00168258, -0.00905468, -0.00978105, -0.00168258,-3.03984e-05, -0.00168258,  -0.0328063, -0.00905468, -0.00168258, -0.00905468]
	PARPACK diagonalization completed after 30 matrix-vector product operations.
	iteration results: : total energy is -19.270854 | electron energy -19.271081 + phonon energy 0.000227 | electron momentum kIdx = 0
	Nq(0) = 9,	Nq(1) = 0.192351,	Nq(2) = 0.266175,	Nq(3) = 0.192351,	Nq(4) = 0.192351,	Nq(5) = 0.24557,	
	Nq(6) = 0.313925,	Nq(7) = 0.24557,	Nq(8) = 0.266175,	Nq(9) = 0.313925,	Nq(10) = 0.369155,	
	Nq(11) = 0.313925,	Nq(12) = 0.192351,	Nq(13) = 0.24557,	Nq(14) = 0.313925,	Nq(15) = 0.24557;	
	Sq(0) = 4.28138e-18,	Sq(1) = 0.554328,	Sq(2) = 0.424431,	Sq(3) = 0.554328,	Sq(4) = 0.554328,	
	Sq(5) = 0.797208,	Sq(6) = 1.01277,	Sq(7) = 0.797208,	Sq(8) = 0.424431,	Sq(9) = 1.01277,	
	Sq(10) = 0.785024,	Sq(11) = 1.01277,	Sq(12) = 0.554328,	Sq(13) = 0.797208,	Sq(14) = 1.01277,	
	Sq(15) = 0.797208;	N(0) = 1.76773,	N(1) = 1.62718,	N(2) = 0.74331,	N(3) = 1.62718,	
	N(4) = 1.62718,	N(5) = 0.391648,	N(6) = 0.144221,	N(7) = 0.391648,	N(8) = 0.74331,	
	N(9) = 0.144221,	N(10) = 0.0934469,	N(11) = 0.144221,	N(12) = 1.62718,	N(13) = 0.391648,	
	N(14) = 0.144221,	N(15) = 0.391648;	Delta[s](0) = 0.0658197,	Delta[s](1) = 0.0454622,	Delta[s](2) = 0.0304736,	
	Delta[s](3) = 0.0454622,	Delta[s](4) = 0.0454622,	Delta[s](5) = 0.0271631,	Delta[s](6) = 0.00926981,	Delta[s](7) = 0.0271631,	
	Delta[s](8) = 0.0304736,	Delta[s](9) = 0.00926981,	Delta[s](10) = 9.73885e-05,	Delta[s](11) = 0.00926981,	Delta[s](12) = 0.0454622,	
	Delta[s](13) = 0.0271631,	Delta[s](14) = 0.00926981,	Delta[s](15) = 0.0271631;	Delta[d](0) = 0.229593,	Delta[d](1) = 0.18019,	
	Delta[d](2) = 0.222324,	Delta[d](3) = 0.18019,	Delta[d](4) = 0.18019,	Delta[d](5) = 0.123014,	Delta[d](6) = 0.150496,	
	Delta[d](7) = 0.123014,	Delta[d](8) = 0.222324,	Delta[d](9) = 0.150496,	Delta[d](10) = 0.0765879,	Delta[d](11) = 0.150496,	
	Delta[d](12) = 0.18019,	Delta[d](13) = 0.123014,	Delta[d](14) = 0.150496,	Delta[d](15) = 0.123014;	Delta[s+](0) = 0.529886,	
	Delta[s+](1) = 0.361341,	Delta[s+](2) = 0.222324,	Delta[s+](3) = 0.361341,	Delta[s+](4) = 0.361341,	Delta[s+](5) = 0.177182,	
	Delta[s+](6) = 0.0626531,	Delta[s+](7) = 0.177182,	Delta[s+](8) = 0.222324,	Delta[s+](9) = 0.0626531,	Delta[s+](10) = 0.015715,	
	Delta[s+](11) = 0.0626531,	Delta[s+](12) = 0.361341,	Delta[s+](13) = 0.177182,	Delta[s+](14) = 0.0626531,	Delta[s+](15) = 0.177182
	
The 4-th iteration is completed.	|| time cost : 0h 1m 19.125s
********************************************************************************************************************
********************************************************************************************************************
Ground state is obtained after 5 iterations. The current ground-state energy is -19.2709, in which electron energy is -19.2711 and phonon energy is 0.000227321
Final variational state is: 
	Gamma_x = [      1,1.03097, 1.0128,1.03097,1.03097,1.01094, 1.0026,1.01094, 1.0128, 1.0026,1.00006, 1.0026,1.03097,1.01094, 1.0026,1.01094]
	lambda_q = [       1.55,  0.0736782,  0.0333447,  0.0736782,  0.0736782,  0.0308153,  0.0122322,  0.0308153,  0.0333447,  0.0122322,-0.00154375,  0.0122322,  0.0736782,  0.0308153,  0.0122322,  0.0308153]
Effective e-e interactions mediated by phonons are:
	momentum-space Vq = [     -0.4805,  -0.0328063, -0.00978105,  -0.0328063,  -0.0328063, -0.00905468, -0.00168258, -0.00905468, -0.00978105, -0.00168258,-3.03984e-05, -0.00168258,  -0.0328063, -0.00905468, -0.00168258, -0.00905468]
	real-space Vr = [-0.0421417,-0.0339198,-0.0289921,-0.0339198,-0.0339198,-0.0288105,-0.0261389,-0.0288105,-0.0289921,-0.0261389,-0.0248972,-0.0261389,-0.0339198,-0.0288105,-0.0261389,-0.0288105]
********************************************************************************************************************
o___o  ----------------------------------------
| L |	Time since last clock: 0h 0m 0.012s
A===A	Time since the beginning: 0h 4m 59.151s
***********************************************


Non-Gaussina ED ground state calculation is completed. The final ground-state energy is -19.2709
********************************************************************************************************************
o___o  ----------------------------------------
| L |	Time since last clock: 0h 0m 0.004s
A===A	Time since the beginning: 0h 4m 59.156s
***********************************************



********************************************************************************************************************
All non-Gaussian ED ground state calculations have been completed. Exit now.
