SNEDics v3.4 Non-Gaussian ED ground state program		Start at Sat Sep 28 12:24:11 2019

parallized on 16 MPI threads  * 8 OpenMP threads = 128 total threads.
********************************************************************************************************************
********************************************************************************************************************

********************************************************************************************************************
System parameters and configurations
********************************************************************************************************************
Special program options are enabled: splitted diagonal Hamiltonian
********************************************************************************************************************
Read input file "model_params.in"
	Hubbard-Holstein model parameters : 	t = 1    U = 4    g = 2.7386    W = 5    
********************************************************************************************************************
Read input file "hilbertspace_params.in"
	Requested 16-site 2D lattice, with 10 electrons (5, 5)
	Boundary : Periodic		Hilbert space representation : momentum-space (restricted to kIdx = 0)
	Conservation: particle number[U(1)]      spin[U(1)]     momentum
********************************************************************************************************************

Cluster Positions:				Cluster symmetry group : D4
 x ... x ... x ... x .....                       x ... x ... x ... x .....
 |           |           :                       |           |           :
 |           |           :                       |           |           :
12    13    14    15     x                       1     5     6     5     x
 |           |           :                       |           |           :
 |           |           :                       |           |           :
 8 --- 9 ---10 ---11 --- x                       2 --- 6 ---10 --- 6 --- x
 |           |           :                       |           |           :
 |           |           :                       |           |           :
 4     5     6     7     x                       1     5     6     5     x
 |           |           :                       |           |           :
 |           |           :                       |           |           :
 0 --- 1 --- 2 --- 3 --- x                       0 --- 1 --- 2 --- 1 --- x
orbital number : 1
********************************************************************************************************************
Read input file "obs_params.in"
	Observable Type : Nq(All),   Sq(All),   N(All),   Delta[s](All),   Delta[d](All),   Delta[s+](All)
********************************************************************************************************************
** WARNING ** the input observables have non-local factors which have been reinterpreted. The total observable number is 96
********************************************************************************************************************


********************************************************************************************************************
Start calculating the non-Gaussian ED ground state
** WARNING ** Detected low phonon energy W < 10. The initial state will be prepared through a warm-up process.
********************************************************************************************************************
Start warm-up calculation for scaling factor 2
open output files: NGSEDWarmUpW10Obs.txt
********************************************************************************************************************
Start the 0 rounds of NGS-ED iteration
	effective electronic model is modified as: kinetic energy t = 1
	                                           effective interaction Vq = [-0,-0,-0,-0,-0,-0,-0,-0,-0,-0,-0,-0,-0,-0,-0,-0]
	first Hamiltonian is constructed, non-zero numbers = 242521378
	PARPACK diagonalization completed after 60 matrix-vector product operations.
	iteration results: : total energy is -19.580938 | electron energy -19.580938 + phonon energy 0.000000 | electron momentum kIdx = 0
	Nq(0) = 6.25,	Nq(1) = 0.264768,	Nq(2) = 0.313796,	Nq(3) = 0.264768,	Nq(4) = 0.264768,	Nq(5) = 0.313796,	Nq(6) = 0.443062,	Nq(7) = 0.313796,	Nq(8) = 0.313796,	Nq(9) = 0.443062,	Nq(10) = 0.5064,	Nq(11) = 0.443062,	Nq(12) = 0.264768,	Nq(13) = 0.313796,	Nq(14) = 0.443062,	Nq(15) = 0.313796,	Sq(0) = 1.2231e-17,	Sq(1) = 0.474707,	Sq(2) = 0.424665,	Sq(3) = 0.474707,	Sq(4) = 0.474707,	Sq(5) = 0.424665,	Sq(6) = 0.837492,	Sq(7) = 0.424665,	Sq(8) = 0.424665,	Sq(9) = 0.837492,	Sq(10) = 0.732717,	Sq(11) = 0.837492,	Sq(12) = 0.474707,	Sq(13) = 0.424665,	Sq(14) = 0.837492,	Sq(15) = 0.424665,	N(0) = 1.9424,	N(1) = 1.88029,	N(2) = 0.0695446,	N(3) = 1.88029,	N(4) = 1.88029,	N(5) = 0.0695446,	N(6) = 0.0233238,	N(7) = 0.0695446,	N(8) = 0.0695446,	N(9) = 0.0233238,	N(10) = 0.0258595,	N(11) = 0.0233238,	N(12) = 1.88029,	N(13) = 0.0695446,	N(14) = 0.0233238,	N(15) = 0.0695446,	Delta[s](0) = 0.117179,	Delta[s](1) = 0.0670424,	Delta[s](2) = 0.0519868,	Delta[s](3) = 0.0670424,	Delta[s](4) = 0.0670424,	Delta[s](5) = 0.0519868,	Delta[s](6) = 0.00774913,	Delta[s](7) = 0.0519868,	Delta[s](8) = 0.0519868,	Delta[s](9) = 0.00774913,	Delta[s](10) = 0.00698374,	Delta[s](11) = 0.00774913,	Delta[s](12) = 0.0670424,	Delta[s](13) = 0.0519868,	Delta[s](14) = 0.00774913,	Delta[s](15) = 0.0519868,	Delta[d](0) = 0.219717,	Delta[d](1) = 0.0796051,	Delta[d](2) = 0.14605,	Delta[d](3) = 0.0796051,	Delta[d](4) = 0.0796051,	Delta[d](5) = 0.110313,	Delta[d](6) = 0.0209502,	Delta[d](7) = 0.110313,	Delta[d](8) = 0.14605,	Delta[d](9) = 0.0209502,	Delta[d](10) = 0.0118781,	Delta[d](11) = 0.0209502,	Delta[d](12) = 0.0796051,	Delta[d](13) = 0.110313,	Delta[d](14) = 0.0209502,	Delta[d](15) = 0.110313,	Delta[s+](0) = 0.547324,	Delta[s+](1) = 0.335545,	Delta[s+](2) = 0.14605,	Delta[s+](3) = 0.335545,	Delta[s+](4) = 0.335545,	Delta[s+](5) = 0.14605,	Delta[s+](6) = 0.00909348,	Delta[s+](7) = 0.14605,	Delta[s+](8) = 0.14605,	Delta[s+](9) = 0.00909348,	Delta[s+](10) = 0.00284729,	Delta[s+](11) = 0.00909348,	Delta[s+](12) = 0.335545,	Delta[s+](13) = 0.14605,	Delta[s+](14) = 0.00909348,	Delta[s+](15) = 0.14605
The 0-th iteration is completed.	|| time cost : 0h 0m 46.054s
********************************************************************************************************************
Start the 1 rounds of NGS-ED iteration
	effective electronic model is modified as: kinetic energy t = 0.958718
	                                           effective interaction Vq = [-1.29698,-1.22182,-1.17092,-1.22182,-1.22182,-1.17092,-1.16372,-1.17092,-1.17092,-1.16372,-1.14241,-1.16372,-1.22182,-1.17092,-1.16372,-1.17092]
	PARPACK diagonalization completed after 30 matrix-vector product operations.
	iteration results: : total energy is -33.311773 | electron energy -33.313691 + phonon energy 0.001918 | electron momentum kIdx = 0
The 1-th iteration is completed.	|| time cost : 0h 0m 38.968s
********************************************************************************************************************
Start the 2 rounds of NGS-ED iteration
	effective electronic model is modified as: kinetic energy t = 0.934581
	                                           effective interaction Vq = [-1.47251,-1.40539,-1.33744,-1.40539,-1.40539,-1.33744,-1.33956,-1.33744,-1.33744,-1.33956,-1.30296,-1.33956,-1.40539,-1.33744,-1.33956,-1.33744]
	PARPACK diagonalization completed after 30 matrix-vector product operations.
	iteration results: : total energy is -34.883153 | electron energy -34.894668 + phonon energy 0.011515 | electron momentum kIdx = 0
The 2-th iteration is completed.	|| time cost : 0h 0m 2.281s
********************************************************************************************************************
Start the 3 rounds of NGS-ED iteration
	effective electronic model is modified as: kinetic energy t = 0.926897
	                                           effective interaction Vq = [-1.49627,-1.44374,-1.37297,-1.44374,-1.44374,-1.37297,-1.37871,-1.37297,-1.37297,-1.37871,-1.33737,-1.37871,-1.44374,-1.37297,-1.37871,-1.37297]
	PARPACK diagonalization completed after 30 matrix-vector product operations.
	iteration results: : total energy is -35.073275 | electron energy -35.091734 + phonon energy 0.018459 | electron momentum kIdx = 0
The 3-th iteration is completed.	|| time cost : 0h 0m 2.315s
********************************************************************************************************************
Start the 4 rounds of NGS-ED iteration
	effective electronic model is modified as: kinetic energy t = 0.924628
	                                           effective interaction Vq = [-1.49948,-1.45381,-1.38203,-1.45381,-1.45381,-1.38203,-1.38909,-1.38203,-1.38203,-1.38909,-1.34604,-1.38909,-1.45381,-1.38203,-1.38909,-1.38203]
	PARPACK diagonalization completed after 30 matrix-vector product operations.
	iteration results: : total energy is -35.097045 | electron energy -35.118247 + phonon energy 0.021202 | electron momentum kIdx = 0
The 4-th iteration is completed.	|| time cost : 0h 0m 2.283s
********************************************************************************************************************
Start the 5 rounds of NGS-ED iteration
	effective electronic model is modified as: kinetic energy t = 0.923967
	                                           effective interaction Vq = [-1.49992,-1.45677,-1.38449,-1.45677,-1.45677,-1.38449,-1.39203,-1.38449,-1.38449,-1.39203,-1.34835,-1.39203,-1.45677,-1.38449,-1.39203,-1.38449]
	PARPACK diagonalization completed after 30 matrix-vector product operations.
	iteration results: : total energy is -35.100090 | electron energy -35.122180 + phonon energy 0.022089 | electron momentum kIdx = 0
The 5-th iteration is completed.	|| time cost : 0h 0m 2.314s
********************************************************************************************************************
Start the 6 rounds of NGS-ED iteration
	effective electronic model is modified as: kinetic energy t = 0.923774
	                                           effective interaction Vq = [-1.49998,-1.45768,-1.38517,-1.45768,-1.45768,-1.38517,-1.39287,-1.38517,-1.38517,-1.39287,-1.34897,-1.39287,-1.45768,-1.38517,-1.39287,-1.38517]
	PARPACK diagonalization completed after 30 matrix-vector product operations.
	iteration results: : total energy is -35.100487 | electron energy -35.122844 + phonon energy 0.022357 | electron momentum kIdx = 0
The 6-th iteration is completed.	|| time cost : 0h 0m 2.282s
********************************************************************************************************************
Start the 7 rounds of NGS-ED iteration
	effective electronic model is modified as: kinetic energy t = 0.923717
	                                           effective interaction Vq = [-1.49998,-1.45797,-1.38536,-1.45797,-1.45797,-1.38536,-1.39312,-1.38536,-1.38536,-1.39312,-1.34914,-1.39312,-1.45797,-1.38536,-1.39312,-1.38536]
	PARPACK diagonalization completed after 30 matrix-vector product operations.
	iteration results: : total energy is -35.100540 | electron energy -35.122976 + phonon energy 0.022436 | electron momentum kIdx = 0
	Nq(0) = 6.25,	Nq(1) = 0.337558,	Nq(2) = 0.352217,	Nq(3) = 0.337558,	Nq(4) = 0.337558,	Nq(5) = 0.352217,	Nq(6) = 0.548396,	Nq(7) = 0.352217,	Nq(8) = 0.352217,	Nq(9) = 0.548396,	Nq(10) = 0.570322,	Nq(11) = 0.548396,	Nq(12) = 0.337558,	Nq(13) = 0.352217,	Nq(14) = 0.548396,	Nq(15) = 0.352217,	Sq(0) = 1.36166e-17,	Sq(1) = 0.415132,	Sq(2) = 0.395832,	Sq(3) = 0.415132,	Sq(4) = 0.415132,	Sq(5) = 0.395832,	Sq(6) = 0.702675,	Sq(7) = 0.395832,	Sq(8) = 0.395832,	Sq(9) = 0.702675,	Sq(10) = 0.676333,	Sq(11) = 0.702675,	Sq(12) = 0.415132,	Sq(13) = 0.395832,	Sq(14) = 0.702675,	Sq(15) = 0.395832,	N(0) = 1.99277,	N(1) = 1.98338,	N(2) = 0.00940431,	N(3) = 1.98338,	N(4) = 1.98338,	N(5) = 0.00940431,	N(6) = 0.00343484,	N(7) = 0.00940431,	N(8) = 0.00940431,	N(9) = 0.00343484,	N(10) = 0.0035279,	N(11) = 0.00343484,	N(12) = 1.98338,	N(13) = 0.00940431,	N(14) = 0.00343484,	N(15) = 0.00940431,	Delta[s](0) = 0.189421,	Delta[s](1) = 0.0991123,	Delta[s](2) = 0.0908851,	Delta[s](3) = 0.0991123,	Delta[s](4) = 0.0991123,	Delta[s](5) = 0.0908851,	Delta[s](6) = 0.0218321,	Delta[s](7) = 0.0908851,	Delta[s](8) = 0.0908851,	Delta[s](9) = 0.0218321,	Delta[s](10) = 0.0202124,	Delta[s](11) = 0.0218321,	Delta[s](12) = 0.0991123,	Delta[s](13) = 0.0908851,	Delta[s](14) = 0.0218321,	Delta[s](15) = 0.0908851,	Delta[d](0) = 0.229496,	Delta[d](1) = 0.0732177,	Delta[d](2) = 0.136744,	Delta[d](3) = 0.0732177,	Delta[d](4) = 0.0732177,	Delta[d](5) = 0.120129,	Delta[d](6) = 0.01678,	Delta[d](7) = 0.120129,	Delta[d](8) = 0.136744,	Delta[d](9) = 0.01678,	Delta[d](10) = 0.0122011,	Delta[d](11) = 0.01678,	Delta[d](12) = 0.0732177,	Delta[d](13) = 0.120129,	Delta[d](14) = 0.01678,	Delta[d](15) = 0.120129,	Delta[s+](0) = 0.514459,	Delta[s+](1) = 0.320652,	Delta[s+](2) = 0.136744,	Delta[s+](3) = 0.320652,	Delta[s+](4) = 0.320652,	Delta[s+](5) = 0.136744,	Delta[s+](6) = 0.00987207,	Delta[s+](7) = 0.136744,	Delta[s+](8) = 0.136744,	Delta[s+](9) = 0.00987207,	Delta[s+](10) = 0.00285703,	Delta[s+](11) = 0.00987207,	Delta[s+](12) = 0.320652,	Delta[s+](13) = 0.136744,	Delta[s+](14) = 0.00987207,	Delta[s+](15) = 0.136744
The 7-th iteration is completed.	|| time cost : 0h 0m 21.935s
********************************************************************************************************************
********************************************************************************************************************
Ground state is obtained after 8 iterations. The current ground-state energy is -35.1005, in which electron energy is -35.123 and phonon energy is 0.0224357
final variational state is: 
	Gamma_x = [      1,1.01419,1.02135,1.01419,1.01419,1.02135,1.03269,1.02135,1.02135,1.03269,1.03773,1.03269,1.01419,1.02135,1.03269,1.02135]
	lambda_q = [0.387167,0.322544,0.280257,0.322544,0.322544,0.280257,0.283956,0.280257,0.280257,0.283956,0.264496,0.283956,0.322544,0.280257,0.283956,0.280257]
********************************************************************************************************************
o___o  ----------------------------------------
| L |	Time since last clock: 0h 0m 0s
A===A	Time since the beginning: 0h 1m 58.436s
***********************************************


********************************************************************************************************************
Warm up runs have been completed. Start calculating W = 5 phonon.
open output files: NGSEDIterationObs.txt
********************************************************************************************************************
Start the 0 rounds of NGS-ED iteration
	effective electronic model is modified as: kinetic energy t = 0.923701
	                                           effective interaction Vq = [ -1.3711,-1.24647, -1.1423,-1.24647,-1.24647, -1.1423,-1.15213, -1.1423, -1.1423,-1.15213,-1.09891,-1.15213,-1.24647, -1.1423,-1.15213, -1.1423]
	PARPACK diagonalization completed after 30 matrix-vector product operations.
	iteration results: : total energy is -32.862043 | electron energy -32.873272 + phonon energy 0.011229 | electron momentum kIdx = 0
	Nq(0) = 6.25,	Nq(1) = 0.323992,	Nq(2) = 0.343613,	Nq(3) = 0.323992,	Nq(4) = 0.323992,	Nq(5) = 0.343613,	Nq(6) = 0.52288,	Nq(7) = 0.343613,	Nq(8) = 0.343613,	Nq(9) = 0.52288,	Nq(10) = 0.553131,	Nq(11) = 0.52288,	Nq(12) = 0.323992,	Nq(13) = 0.343613,	Nq(14) = 0.52288,	Nq(15) = 0.343613,	Sq(0) = 1.35215e-17,	Sq(1) = 0.428526,	Sq(2) = 0.402757,	Sq(3) = 0.428526,	Sq(4) = 0.428526,	Sq(5) = 0.402757,	Sq(6) = 0.73097,	Sq(7) = 0.402757,	Sq(8) = 0.402757,	Sq(9) = 0.73097,	Sq(10) = 0.693182,	Sq(11) = 0.73097,	Sq(12) = 0.428526,	Sq(13) = 0.402757,	Sq(14) = 0.73097,	Sq(15) = 0.402757,	N(0) = 1.98627,	N(1) = 1.96942,	N(2) = 0.0173204,	N(3) = 1.96942,	N(4) = 1.96942,	N(5) = 0.0173204,	N(6) = 0.00637012,	N(7) = 0.0173204,	N(8) = 0.0173204,	N(9) = 0.00637012,	N(10) = 0.00664216,	N(11) = 0.00637012,	N(12) = 1.96942,	N(13) = 0.0173204,	N(14) = 0.00637012,	N(15) = 0.0173204,	Delta[s](0) = 0.165535,	Delta[s](1) = 0.0912568,	Delta[s](2) = 0.0812106,	Delta[s](3) = 0.0912568,	Delta[s](4) = 0.0912568,	Delta[s](5) = 0.0812106,	Delta[s](6) = 0.0220733,	Delta[s](7) = 0.0812106,	Delta[s](8) = 0.0812106,	Delta[s](9) = 0.0220733,	Delta[s](10) = 0.0200281,	Delta[s](11) = 0.0220733,	Delta[s](12) = 0.0912568,	Delta[s](13) = 0.0812106,	Delta[s](14) = 0.0220733,	Delta[s](15) = 0.0812106,	Delta[d](0) = 0.228417,	Delta[d](1) = 0.0773752,	Delta[d](2) = 0.141988,	Delta[d](3) = 0.0773752,	Delta[d](4) = 0.0773752,	Delta[d](5) = 0.120005,	Delta[d](6) = 0.0207831,	Delta[d](7) = 0.120005,	Delta[d](8) = 0.141988,	Delta[d](9) = 0.0207831,	Delta[d](10) = 0.0142784,	Delta[d](11) = 0.0207831,	Delta[d](12) = 0.0773752,	Delta[d](13) = 0.120005,	Delta[d](14) = 0.0207831,	Delta[d](15) = 0.120005,	Delta[s+](0) = 0.528734,	Delta[s+](1) = 0.328946,	Delta[s+](2) = 0.141988,	Delta[s+](3) = 0.328946,	Delta[s+](4) = 0.328946,	Delta[s+](5) = 0.141988,	Delta[s+](6) = 0.0118219,	Delta[s+](7) = 0.141988,	Delta[s+](8) = 0.141988,	Delta[s+](9) = 0.0118219,	Delta[s+](10) = 0.0034282,	Delta[s+](11) = 0.0118219,	Delta[s+](12) = 0.328946,	Delta[s+](13) = 0.141988,	Delta[s+](14) = 0.0118219,	Delta[s+](15) = 0.141988
The 0-th iteration is completed.	|| time cost : 0h 0m 22.121s
********************************************************************************************************************
Start the 1 rounds of NGS-ED iteration
	effective electronic model is modified as: kinetic energy t = 0.914787
	                                           effective interaction Vq = [-1.45257,-1.31692,-1.18867,-1.31692,-1.31692,-1.18867,-1.19843,-1.18867,-1.18867,-1.19843,-1.13317,-1.19843,-1.31692,-1.18867,-1.19843,-1.18867]
	PARPACK diagonalization completed after 30 matrix-vector product operations.
	iteration results: : total energy is -33.442992 | electron energy -33.475617 + phonon energy 0.032625 | electron momentum kIdx = 0
The 1-th iteration is completed.	|| time cost : 0h 0m 2.31s
********************************************************************************************************************
Start the 2 rounds of NGS-ED iteration
	effective electronic model is modified as: kinetic energy t = 0.910055
	                                           effective interaction Vq = [-1.48254,-1.34998,-1.21023,-1.34998,-1.34998,-1.21023,-1.22129,-1.21023,-1.21023,-1.22129,-1.15041,-1.22129,-1.34998,-1.21023,-1.22129,-1.21023]
	PARPACK diagonalization completed after 30 matrix-vector product operations.
	iteration results: : total energy is -33.649560 | electron energy -33.697011 + phonon energy 0.047451 | electron momentum kIdx = 0
The 2-th iteration is completed.	|| time cost : 0h 0m 2.316s
********************************************************************************************************************
Start the 3 rounds of NGS-ED iteration
	effective electronic model is modified as: kinetic energy t = 0.907593
	                                           effective interaction Vq = [-1.49357, -1.3663,-1.22054, -1.3663, -1.3663,-1.22054,-1.23274,-1.22054,-1.22054,-1.23274,  -1.159,-1.23274, -1.3663,-1.22054,-1.23274,-1.22054]
	PARPACK diagonalization completed after 30 matrix-vector product operations.
	iteration results: : total energy is -33.723648 | electron energy -33.779635 + phonon energy 0.055987 | electron momentum kIdx = 0
The 3-th iteration is completed.	|| time cost : 0h 0m 2.283s
********************************************************************************************************************
Start the 4 rounds of NGS-ED iteration
	effective electronic model is modified as: kinetic energy t = 0.906323
	                                           effective interaction Vq = [-1.49763,-1.37462,-1.22553,-1.37462,-1.37462,-1.22553,-1.23853,-1.22553,-1.22553,-1.23853,-1.16327,-1.23853,-1.37462,-1.22553,-1.23853,-1.22553]
	PARPACK diagonalization completed after 30 matrix-vector product operations.
	iteration results: : total energy is -33.750395 | electron energy -33.810985 + phonon energy 0.060590 | electron momentum kIdx = 0
The 4-th iteration is completed.	|| time cost : 0h 0m 2.283s
********************************************************************************************************************
Start the 5 rounds of NGS-ED iteration
	effective electronic model is modified as: kinetic energy t = 0.905671
	                                           effective interaction Vq = [-1.49912,-1.37894,-1.22798,-1.37894,-1.37894,-1.22798,-1.24147,-1.22798,-1.22798,-1.24147,-1.16538,-1.24147,-1.37894,-1.22798,-1.24147,-1.22798]
	PARPACK diagonalization completed after 30 matrix-vector product operations.
	iteration results: : total energy is -33.760099 | electron energy -33.823102 + phonon energy 0.063004 | electron momentum kIdx = 0
The 5-th iteration is completed.	|| time cost : 0h 0m 2.318s
********************************************************************************************************************
Start the 6 rounds of NGS-ED iteration
	effective electronic model is modified as: kinetic energy t = 0.905337
	                                           effective interaction Vq = [-1.49967,-1.38121,-1.22918,-1.38121,-1.38121,-1.22918,-1.24297,-1.22918,-1.22918,-1.24297,-1.16642,-1.24297,-1.38121,-1.22918,-1.24297,-1.22918]
	PARPACK diagonalization completed after 30 matrix-vector product operations.
	iteration results: : total energy is -33.763632 | electron energy -33.827883 + phonon energy 0.064251 | electron momentum kIdx = 0
The 6-th iteration is completed.	|| time cost : 0h 0m 2.283s
********************************************************************************************************************
Start the 7 rounds of NGS-ED iteration
	effective electronic model is modified as: kinetic energy t = 0.905165
	                                           effective interaction Vq = [-1.49987,-1.38242,-1.22977,-1.38242,-1.38242,-1.22977,-1.24373,-1.22977,-1.22977,-1.24373,-1.16694,-1.24373,-1.38242,-1.22977,-1.24373,-1.22977]
	PARPACK diagonalization completed after 30 matrix-vector product operations.
	iteration results: : total energy is -33.764922 | electron energy -33.829814 + phonon energy 0.064892 | electron momentum kIdx = 0
The 7-th iteration is completed.	|| time cost : 0h 0m 2.285s
********************************************************************************************************************
Start the 8 rounds of NGS-ED iteration
	effective electronic model is modified as: kinetic energy t = 0.905077
	                                           effective interaction Vq = [-1.49994,-1.38305,-1.23006,-1.38305,-1.38305,-1.23006,-1.24412,-1.23006,-1.23006,-1.24412,-1.16719,-1.24412,-1.38305,-1.23006,-1.24412,-1.23006]
	PARPACK diagonalization completed after 30 matrix-vector product operations.
	iteration results: : total energy is -33.765394 | electron energy -33.830614 + phonon energy 0.065220 | electron momentum kIdx = 0
The 8-th iteration is completed.	|| time cost : 0h 0m 2.28s
********************************************************************************************************************
Start the 9 rounds of NGS-ED iteration
	effective electronic model is modified as: kinetic energy t = 0.905032
	                                           effective interaction Vq = [-1.49997,-1.38339,-1.23021,-1.38339,-1.38339,-1.23021,-1.24432,-1.23021,-1.23021,-1.24432,-1.16732,-1.24432,-1.38339,-1.23021,-1.24432,-1.23021]
	PARPACK diagonalization completed after 30 matrix-vector product operations.
	iteration results: : total energy is -33.765567 | electron energy -33.830955 + phonon energy 0.065388 | electron momentum kIdx = 0
The 9-th iteration is completed.	|| time cost : 0h 0m 2.281s
********************************************************************************************************************
Start the 10 rounds of NGS-ED iteration
	effective electronic model is modified as: kinetic energy t = 0.905009
	                                           effective interaction Vq = [-1.49998,-1.38357,-1.23028,-1.38357,-1.38357,-1.23028,-1.24442,-1.23028,-1.23028,-1.24442,-1.16738,-1.24442,-1.38357,-1.23028,-1.24442,-1.23028]
	PARPACK diagonalization completed after 30 matrix-vector product operations.
	iteration results: : total energy is -33.765630 | electron energy -33.831104 + phonon energy 0.065474 | electron momentum kIdx = 0
	Nq(0) = 6.25,	Nq(1) = 0.333707,	Nq(2) = 0.346097,	Nq(3) = 0.333707,	Nq(4) = 0.333707,	Nq(5) = 0.346097,	Nq(6) = 0.529718,	Nq(7) = 0.346097,	Nq(8) = 0.346097,	Nq(9) = 0.529718,	Nq(10) = 0.554487,	Nq(11) = 0.529718,	Nq(12) = 0.333707,	Nq(13) = 0.346097,	Nq(14) = 0.529718,	Nq(15) = 0.346097,	Sq(0) = 1.34614e-17,	Sq(1) = 0.42301,	Sq(2) = 0.400937,	Sq(3) = 0.42301,	Sq(4) = 0.42301,	Sq(5) = 0.400937,	Sq(6) = 0.719442,	Sq(7) = 0.400937,	Sq(8) = 0.400937,	Sq(9) = 0.719442,	Sq(10) = 0.689807,	Sq(11) = 0.719442,	Sq(12) = 0.42301,	Sq(13) = 0.400937,	Sq(14) = 0.719442,	Sq(15) = 0.400937,	N(0) = 1.9885,	N(1) = 1.97539,	N(2) = 0.0137115,	N(3) = 1.97539,	N(4) = 1.97539,	N(5) = 0.0137115,	N(6) = 0.00552304,	N(7) = 0.0137115,	N(8) = 0.0137115,	N(9) = 0.00552304,	N(10) = 0.00559954,	N(11) = 0.00552304,	N(12) = 1.97539,	N(13) = 0.0137115,	N(14) = 0.00552304,	N(15) = 0.0137115,	Delta[s](0) = 0.167866,	Delta[s](1) = 0.0933018,	Delta[s](2) = 0.0837307,	Delta[s](3) = 0.0933018,	Delta[s](4) = 0.0933018,	Delta[s](5) = 0.0837307,	Delta[s](6) = 0.0253508,	Delta[s](7) = 0.0837307,	Delta[s](8) = 0.0837307,	Delta[s](9) = 0.0253508,	Delta[s](10) = 0.0225218,	Delta[s](11) = 0.0253508,	Delta[s](12) = 0.0933018,	Delta[s](13) = 0.0837307,	Delta[s](14) = 0.0253508,	Delta[s](15) = 0.0837307,	Delta[d](0) = 0.233048,	Delta[d](1) = 0.0804356,	Delta[d](2) = 0.145196,	Delta[d](3) = 0.0804356,	Delta[d](4) = 0.0804356,	Delta[d](5) = 0.123384,	Delta[d](6) = 0.0234174,	Delta[d](7) = 0.123384,	Delta[d](8) = 0.145196,	Delta[d](9) = 0.0234174,	Delta[d](10) = 0.0158531,	Delta[d](11) = 0.0234174,	Delta[d](12) = 0.0804356,	Delta[d](13) = 0.123384,	Delta[d](14) = 0.0234174,	Delta[d](15) = 0.123384,	Delta[s+](0) = 0.53786,	Delta[s+](1) = 0.335526,	Delta[s+](2) = 0.145196,	Delta[s+](3) = 0.335526,	Delta[s+](4) = 0.335526,	Delta[s+](5) = 0.145196,	Delta[s+](6) = 0.0133942,	Delta[s+](7) = 0.145196,	Delta[s+](8) = 0.145196,	Delta[s+](9) = 0.0133942,	Delta[s+](10) = 0.0038487,	Delta[s+](11) = 0.0133942,	Delta[s+](12) = 0.335526,	Delta[s+](13) = 0.145196,	Delta[s+](14) = 0.0133942,	Delta[s+](15) = 0.145196
The 10-th iteration is completed.	|| time cost : 0h 0m 21.038s
********************************************************************************************************************
Start the 11 rounds of NGS-ED iteration
	effective electronic model is modified as: kinetic energy t = 0.904997
	                                           effective interaction Vq = [-1.49998,-1.38367,-1.23031,-1.38367,-1.38367,-1.23031,-1.24447,-1.23031,-1.23031,-1.24447,-1.16741,-1.24447,-1.38367,-1.23031,-1.24447,-1.23031]
	PARPACK diagonalization completed after 30 matrix-vector product operations.
	iteration results: : total energy is -33.765654 | electron energy -33.831171 + phonon energy 0.065518 | electron momentum kIdx = 0
The 11-th iteration is completed.	|| time cost : 0h 0m 2.307s
********************************************************************************************************************
Start the 12 rounds of NGS-ED iteration
	effective electronic model is modified as: kinetic energy t = 0.904991
	                                           effective interaction Vq = [-1.49999,-1.38372,-1.23033,-1.38372,-1.38372,-1.23033, -1.2445,-1.23033,-1.23033, -1.2445,-1.16742, -1.2445,-1.38372,-1.23033, -1.2445,-1.23033]
	PARPACK diagonalization completed after 30 matrix-vector product operations.
	iteration results: : total energy is -33.765662 | electron energy -33.831202 + phonon energy 0.065540 | electron momentum kIdx = 0
The 12-th iteration is completed.	|| time cost : 0h 0m 2.276s
********************************************************************************************************************
Start the 13 rounds of NGS-ED iteration
	effective electronic model is modified as: kinetic energy t = 0.904987
	                                           effective interaction Vq = [-1.49999,-1.38374,-1.23034,-1.38374,-1.38374,-1.23034,-1.24451,-1.23034,-1.23034,-1.24451,-1.16743,-1.24451,-1.38374,-1.23034,-1.24451,-1.23034]
	PARPACK diagonalization completed after 30 matrix-vector product operations.
	iteration results: : total energy is -33.765665 | electron energy -33.831217 + phonon energy 0.065552 | electron momentum kIdx = 0
The 13-th iteration is completed.	|| time cost : 0h 0m 2.281s
********************************************************************************************************************
Start the 14 rounds of NGS-ED iteration
	effective electronic model is modified as: kinetic energy t = 0.904986
	                                           effective interaction Vq = [-1.49999,-1.38376,-1.23034,-1.38376,-1.38376,-1.23034,-1.24452,-1.23034,-1.23034,-1.24452,-1.16743,-1.24452,-1.38376,-1.23034,-1.24452,-1.23034]
	PARPACK diagonalization completed after 30 matrix-vector product operations.
	iteration results: : total energy is -33.765666 | electron energy -33.831224 + phonon energy 0.065557 | electron momentum kIdx = 0
The 14-th iteration is completed.	|| time cost : 0h 0m 2.313s
********************************************************************************************************************
Start the 15 rounds of NGS-ED iteration
	effective electronic model is modified as: kinetic energy t = 0.904985
	                                           effective interaction Vq = [-1.49999,-1.38377,-1.23034,-1.38377,-1.38377,-1.23034,-1.24452,-1.23034,-1.23034,-1.24452,-1.16743,-1.24452,-1.38377,-1.23034,-1.24452,-1.23034]
	PARPACK diagonalization completed after 30 matrix-vector product operations.
	iteration results: : total energy is -33.765667 | electron energy -33.831227 + phonon energy 0.065560 | electron momentum kIdx = 0
The 15-th iteration is completed.	|| time cost : 0h 0m 2.282s
********************************************************************************************************************
Start the 16 rounds of NGS-ED iteration
	effective electronic model is modified as: kinetic energy t = 0.904984
	                                           effective interaction Vq = [-1.49999,-1.38377,-1.23035,-1.38377,-1.38377,-1.23035,-1.24453,-1.23035,-1.23035,-1.24453,-1.16744,-1.24453,-1.38377,-1.23035,-1.24453,-1.23035]
	PARPACK diagonalization completed after 30 matrix-vector product operations.
	iteration results: : total energy is -33.765667 | electron energy -33.831229 + phonon energy 0.065562 | electron momentum kIdx = 0
The 16-th iteration is completed.	|| time cost : 0h 0m 2.284s
********************************************************************************************************************
Start the 17 rounds of NGS-ED iteration
	effective electronic model is modified as: kinetic energy t = 0.904984
	                                           effective interaction Vq = [-1.49999,-1.38377,-1.23035,-1.38377,-1.38377,-1.23035,-1.24453,-1.23035,-1.23035,-1.24453,-1.16744,-1.24453,-1.38377,-1.23035,-1.24453,-1.23035]
	PARPACK diagonalization completed after 30 matrix-vector product operations.
	iteration results: : total energy is -33.765667 | electron energy -33.831230 + phonon energy 0.065563 | electron momentum kIdx = 0
The 17-th iteration is completed.	|| time cost : 0h 0m 2.29s
********************************************************************************************************************
Start the 18 rounds of NGS-ED iteration
	effective electronic model is modified as: kinetic energy t = 0.904984
	                                           effective interaction Vq = [-1.49999,-1.38377,-1.23035,-1.38377,-1.38377,-1.23035,-1.24453,-1.23035,-1.23035,-1.24453,-1.16744,-1.24453,-1.38377,-1.23035,-1.24453,-1.23035]
	PARPACK diagonalization completed after 30 matrix-vector product operations.
	iteration results: : total energy is -33.765667 | electron energy -33.831230 + phonon energy 0.065563 | electron momentum kIdx = 0
The 18-th iteration is completed.	|| time cost : 0h 0m 2.312s
********************************************************************************************************************
Start the 19 rounds of NGS-ED iteration
	effective electronic model is modified as: kinetic energy t = 0.904984
	                                           effective interaction Vq = [-1.49999,-1.38378,-1.23035,-1.38378,-1.38378,-1.23035,-1.24453,-1.23035,-1.23035,-1.24453,-1.16744,-1.24453,-1.38378,-1.23035,-1.24453,-1.23035]
	PARPACK diagonalization completed after 30 matrix-vector product operations.
	iteration results: : total energy is -33.765667 | electron energy -33.831231 + phonon energy 0.065563 | electron momentum kIdx = 0
The 19-th iteration is completed.	|| time cost : 0h 0m 2.315s
********************************************************************************************************************
Start the 20 rounds of NGS-ED iteration
	effective electronic model is modified as: kinetic energy t = 0.904984
	                                           effective interaction Vq = [-1.49999,-1.38378,-1.23035,-1.38378,-1.38378,-1.23035,-1.24453,-1.23035,-1.23035,-1.24453,-1.16744,-1.24453,-1.38378,-1.23035,-1.24453,-1.23035]
	PARPACK diagonalization completed after 30 matrix-vector product operations.
	iteration results: : total energy is -33.765667 | electron energy -33.831231 + phonon energy 0.065564 | electron momentum kIdx = 0
	Nq(0) = 6.25,	Nq(1) = 0.333723,	Nq(2) = 0.346098,	Nq(3) = 0.333723,	Nq(4) = 0.333723,	Nq(5) = 0.346098,	Nq(6) = 0.529725,	Nq(7) = 0.346098,	Nq(8) = 0.346098,	Nq(9) = 0.529725,	Nq(10) = 0.554486,	Nq(11) = 0.529725,	Nq(12) = 0.333723,	Nq(13) = 0.346098,	Nq(14) = 0.529725,	Nq(15) = 0.346098,	Sq(0) = -1.34363e-17,	Sq(1) = 0.423002,	Sq(2) = 0.400935,	Sq(3) = 0.423002,	Sq(4) = 0.423002,	Sq(5) = 0.400935,	Sq(6) = 0.719427,	Sq(7) = 0.400935,	Sq(8) = 0.400935,	Sq(9) = 0.719427,	Sq(10) = 0.689806,	Sq(11) = 0.719427,	Sq(12) = 0.423002,	Sq(13) = 0.400935,	Sq(14) = 0.719427,	Sq(15) = 0.400935,	N(0) = 1.9885,	N(1) = 1.97539,	N(2) = 0.013707,	N(3) = 1.97539,	N(4) = 1.97539,	N(5) = 0.013707,	N(6) = 0.00552244,	N(7) = 0.013707,	N(8) = 0.013707,	N(9) = 0.00552244,	N(10) = 0.00559845,	N(11) = 0.00552244,	N(12) = 1.97539,	N(13) = 0.013707,	N(14) = 0.00552244,	N(15) = 0.013707,	Delta[s](0) = 0.167868,	Delta[s](1) = 0.0933044,	Delta[s](2) = 0.0837335,	Delta[s](3) = 0.0933044,	Delta[s](4) = 0.0933044,	Delta[s](5) = 0.0837335,	Delta[s](6) = 0.0253554,	Delta[s](7) = 0.0837335,	Delta[s](8) = 0.0837335,	Delta[s](9) = 0.0253554,	Delta[s](10) = 0.0225246,	Delta[s](11) = 0.0253554,	Delta[s](12) = 0.0933044,	Delta[s](13) = 0.0837335,	Delta[s](14) = 0.0253554,	Delta[s](15) = 0.0837335,	Delta[d](0) = 0.23309,	Delta[d](1) = 0.0804529,	Delta[d](2) = 0.145223,	Delta[d](3) = 0.0804529,	Delta[d](4) = 0.0804529,	Delta[d](5) = 0.123407,	Delta[d](6) = 0.0234255,	Delta[d](7) = 0.123407,	Delta[d](8) = 0.145223,	Delta[d](9) = 0.0234255,	Delta[d](10) = 0.0158575,	Delta[d](11) = 0.0234255,	Delta[d](12) = 0.0804529,	Delta[d](13) = 0.123407,	Delta[d](14) = 0.0234255,	Delta[d](15) = 0.123407,	Delta[s+](0) = 0.537957,	Delta[s+](1) = 0.335587,	Delta[s+](2) = 0.145223,	Delta[s+](3) = 0.335587,	Delta[s+](4) = 0.335587,	Delta[s+](5) = 0.145223,	Delta[s+](6) = 0.0133986,	Delta[s+](7) = 0.145223,	Delta[s+](8) = 0.145223,	Delta[s+](9) = 0.0133986,	Delta[s+](10) = 0.00384987,	Delta[s+](11) = 0.0133986,	Delta[s+](12) = 0.335587,	Delta[s+](13) = 0.145223,	Delta[s+](14) = 0.0133986,	Delta[s+](15) = 0.145223
The 20-th iteration is completed.	|| time cost : 0h 0m 20.944s
********************************************************************************************************************
Start the 21 rounds of NGS-ED iteration
	effective electronic model is modified as: kinetic energy t = 0.904984
	                                           effective interaction Vq = [-1.49999,-1.38378,-1.23035,-1.38378,-1.38378,-1.23035,-1.24453,-1.23035,-1.23035,-1.24453,-1.16744,-1.24453,-1.38378,-1.23035,-1.24453,-1.23035]
	PARPACK diagonalization completed after 30 matrix-vector product operations.
	iteration results: : total energy is -33.765667 | electron energy -33.831231 + phonon energy 0.065564 | electron momentum kIdx = 0
The 21-th iteration is completed.	|| time cost : 0h 0m 2.306s
********************************************************************************************************************
Start the 22 rounds of NGS-ED iteration
	effective electronic model is modified as: kinetic energy t = 0.904984
	                                           effective interaction Vq = [-1.49999,-1.38378,-1.23035,-1.38378,-1.38378,-1.23035,-1.24453,-1.23035,-1.23035,-1.24453,-1.16744,-1.24453,-1.38378,-1.23035,-1.24453,-1.23035]
	PARPACK diagonalization completed after 30 matrix-vector product operations.
	iteration results: : total energy is -33.765667 | electron energy -33.831231 + phonon energy 0.065564 | electron momentum kIdx = 0
The 22-th iteration is completed.	|| time cost : 0h 0m 2.311s
********************************************************************************************************************
Start the 23 rounds of NGS-ED iteration
	effective electronic model is modified as: kinetic energy t = 0.904984
	                                           effective interaction Vq = [-1.49999,-1.38378,-1.23035,-1.38378,-1.38378,-1.23035,-1.24453,-1.23035,-1.23035,-1.24453,-1.16744,-1.24453,-1.38378,-1.23035,-1.24453,-1.23035]
	PARPACK diagonalization completed after 30 matrix-vector product operations.
	iteration results: : total energy is -33.765667 | electron energy -33.831231 + phonon energy 0.065564 | electron momentum kIdx = 0
The 23-th iteration is completed.	|| time cost : 0h 0m 2.31s
********************************************************************************************************************
Start the 24 rounds of NGS-ED iteration
	effective electronic model is modified as: kinetic energy t = 0.904984
	                                           effective interaction Vq = [-1.49999,-1.38378,-1.23035,-1.38378,-1.38378,-1.23035,-1.24453,-1.23035,-1.23035,-1.24453,-1.16744,-1.24453,-1.38378,-1.23035,-1.24453,-1.23035]
	PARPACK diagonalization completed after 30 matrix-vector product operations.
	iteration results: : total energy is -33.765667 | electron energy -33.831231 + phonon energy 0.065564 | electron momentum kIdx = 0
