SNEDics v3.21.4 Non-Gaussian ED ground state program		Start at Mon Jul 26 13:47:11 2021

parallized on 32 MPI threads  * 8 OpenMP threads = 256 total threads.
********************************************************************************************************************
********************************************************************************************************************

********************************************************************************************************************
System parameters and configurations
	special program options are enabled: splitted diagonal Hamiltonian | splitted Hamiltonian terms
********************************************************************************************************************
Read input file "model_params.in"
	Hubbard-Holstein model parameters : 	t = 1    U = 8    g = 0.07    W = 0.2    g' = 0.06    
********************************************************************************************************************
Read input file "hilbertspace_params.in"
	Requested 16-site 2D lattice, with 12 electrons (6, 6)
	Boundary : Periodic		Hilbert space representation : momentum-space (restricted to kIdx = 0)
	Conservation: particle number[U(1)]      spin[U(1)]     momentum
********************************************************************************************************************

Cluster Positions:				Cluster symmetry group : D4
 x ... x ... x ... x .....                       x ... x ... x ... x .....
 |           |           :                       |           |           :
 |           |           :                       |           |           :
12    13    14    15     x                       1     5     6     5     x
 |           |           :                       |           |           :
 |           |           :                       |           |           :
 8 --- 9 ---10 ---11 --- x                       2 --- 6 ---10 --- 6 --- x
 |           |           :                       |           |           :
 |           |           :                       |           |           :
 4     5     6     7     x                       1     5     6     5     x
 |           |           :                       |           |           :
 |           |           :                       |           |           :
 0 --- 1 --- 2 --- 3 --- x                       0 --- 1 --- 2 --- 1 --- x
orbital number : 1
********************************************************************************************************************
Read input file "obs_params.in"
	Observable Type : Nq(All),   Sq(All),   N(All),   Delta[s](All),   Delta[d](All),   Delta[s+](All)
** WARNING ** the input observables have non-local factors which have been reinterpreted. The total observable number is 96
********************************************************************************************************************


********************************************************************************************************************
Start calculating the non-Gaussian ED ground state
Maximal iteration number is 1000; energy resolution is 1e-06. Phonon state relaxation time is 2000
W = 0.2 is relatively large. The non-Gaussian ED calculation starts directly.
open output files: NGSED_iteration_obserbles.txt
********************************************************************************************************************
Start the 0 rounds of NGS-ED iteration
	effective electronic model is modified as: kinetic energy t = 1
	                                           effective interaction Vq = [0,0,0,0,0,0,0,0,0,0,0,0,0,0,0,0]
	first Hamiltonian is constructed, size = 4008592 and non-zero numbers = 969134044
	PARPACK diagonalization completed after 150 matrix-vector product operations.
	iteration results: : total energy is -14.925310 | electron energy -14.925310 + phonon energy 0.000000 | electron momentum kIdx = 0
	Nq(0) = 9,	Nq(1) = 0.191675,	Nq(2) = 0.266183,	Nq(3) = 0.191675,	Nq(4) = 0.191675,	Nq(5) = 0.245517,	
	Nq(6) = 0.314107,	Nq(7) = 0.245517,	Nq(8) = 0.266183,	Nq(9) = 0.314107,	Nq(10) = 0.369338,	
	Nq(11) = 0.314107,	Nq(12) = 0.191675,	Nq(13) = 0.245517,	Nq(14) = 0.314107,	Nq(15) = 0.245517;	
	Sq(0) = 3.02743e-18,	Sq(1) = 0.554662,	Sq(2) = 0.424361,	Sq(3) = 0.554662,	Sq(4) = 0.554662,	
	Sq(5) = 0.79749,	Sq(6) = 1.01287,	Sq(7) = 0.79749,	Sq(8) = 0.424361,	Sq(9) = 1.01287,	
	Sq(10) = 0.784303,	Sq(11) = 1.01287,	Sq(12) = 0.554662,	Sq(13) = 0.79749,	Sq(14) = 1.01287,	
	Sq(15) = 0.79749;	N(0) = 1.76735,	N(1) = 1.6264,	N(2) = 0.74365,	N(3) = 1.6264,	
	N(4) = 1.6264,	N(5) = 0.392302,	N(6) = 0.144321,	N(7) = 0.392302,	N(8) = 0.74365,	
	N(9) = 0.144321,	N(10) = 0.0932732,	N(11) = 0.144321,	N(12) = 1.6264,	N(13) = 0.392302,	
	N(14) = 0.144321,	N(15) = 0.392302;	Delta[s](0) = 0.0657488,	Delta[s](1) = 0.045397,	Delta[s](2) = 0.030399,	
	Delta[s](3) = 0.045397,	Delta[s](4) = 0.045397,	Delta[s](5) = 0.0270936,	Delta[s](6) = 0.00922112,	Delta[s](7) = 0.0270936,	
	Delta[s](8) = 0.030399,	Delta[s](9) = 0.00922112,	Delta[s](10) = 5.64803e-05,	Delta[s](11) = 0.00922112,	Delta[s](12) = 0.045397,	
	Delta[s](13) = 0.0270936,	Delta[s](14) = 0.00922112,	Delta[s](15) = 0.0270936;	Delta[d](0) = 0.229486,	Delta[d](1) = 0.180073,	
	Delta[d](2) = 0.222276,	Delta[d](3) = 0.180073,	Delta[d](4) = 0.180073,	Delta[d](5) = 0.122969,	Delta[d](6) = 0.150467,	
	Delta[d](7) = 0.122969,	Delta[d](8) = 0.222276,	Delta[d](9) = 0.150467,	Delta[d](10) = 0.0766991,	Delta[d](11) = 0.150467,	
	Delta[d](12) = 0.180073,	Delta[d](13) = 0.122969,	Delta[d](14) = 0.150467,	Delta[d](15) = 0.122969;	Delta[s+](0) = 0.529779,	
	Delta[s+](1) = 0.361282,	Delta[s+](2) = 0.222276,	Delta[s+](3) = 0.361282,	Delta[s+](4) = 0.361282,	Delta[s+](5) = 0.17714,	
	Delta[s+](6) = 0.0626013,	Delta[s+](7) = 0.17714,	Delta[s+](8) = 0.222276,	Delta[s+](9) = 0.0626013,	Delta[s+](10) = 0.0156501,	
	Delta[s+](11) = 0.0626013,	Delta[s+](12) = 0.361282,	Delta[s+](13) = 0.17714,	Delta[s+](14) = 0.0626013,	Delta[s+](15) = 0.17714
	
The 0-th iteration is completed.	|| time cost : 0h 2m 3.643s
********************************************************************************************************************
Start the 1 rounds of NGS-ED iteration
	effective electronic model is modified as: kinetic energy t = 0.999362
	                                           effective interaction Vq = [     -0.4805,  -0.0221147, -0.00211035,  -0.0221147,  -0.0221147, -0.00195574,-0.000857879, -0.00195574, -0.00211035,-0.000857879, -0.00892563,-0.000857879,  -0.0221147, -0.00195574,-0.000857879, -0.00195574]
	PARPACK diagonalization completed after 45 matrix-vector product operations.
	iteration results: : total energy is -19.262260 | electron energy -19.262359 + phonon energy 0.000099 | electron momentum kIdx = 0
The 1-th iteration is completed.	|| time cost : 0h 1m 18.194s
********************************************************************************************************************
Start the 2 rounds of NGS-ED iteration
	effective electronic model is modified as: kinetic energy t = 0.99936
	                                           effective interaction Vq = [     -0.4805,  -0.0221619, -0.00210877,  -0.0221619,  -0.0221619, -0.00195474,-0.000857375, -0.00195474, -0.00210877,-0.000857375,  -0.0089311,-0.000857375,  -0.0221619, -0.00195474,-0.000857375, -0.00195474]
	PARPACK diagonalization completed after 30 matrix-vector product operations.
	iteration results: : total energy is -19.262260 | electron energy -19.262360 + phonon energy 0.000100 | electron momentum kIdx = 0
The 2-th iteration is completed.	|| time cost : 0h 0m 9.718s
********************************************************************************************************************
Start the 3 rounds of NGS-ED iteration
	effective electronic model is modified as: kinetic energy t = 0.99936
	                                           effective interaction Vq = [     -0.4805,   -0.022162, -0.00210877,   -0.022162,   -0.022162, -0.00195474,-0.000857374, -0.00195474, -0.00210877,-0.000857374,  -0.0089311,-0.000857374,   -0.022162, -0.00195474,-0.000857374, -0.00195474]
	PARPACK diagonalization completed after 30 matrix-vector product operations.
	iteration results: : total energy is -19.262260 | electron energy -19.262360 + phonon energy 0.000100 | electron momentum kIdx = 0
	Nq(0) = 9,	Nq(1) = 0.192166,	Nq(2) = 0.266048,	Nq(3) = 0.192166,	Nq(4) = 0.192166,	Nq(5) = 0.245456,	
	Nq(6) = 0.314004,	Nq(7) = 0.245456,	Nq(8) = 0.266048,	Nq(9) = 0.314004,	Nq(10) = 0.369675,	
	Nq(11) = 0.314004,	Nq(12) = 0.192166,	Nq(13) = 0.245456,	Nq(14) = 0.314004,	Nq(15) = 0.245456;	
	Sq(0) = 1.45779e-18,	Sq(1) = 0.554398,	Sq(2) = 0.42439,	Sq(3) = 0.554398,	Sq(4) = 0.554398,	
	Sq(5) = 0.797312,	Sq(6) = 1.0128,	Sq(7) = 0.797312,	Sq(8) = 0.42439,	Sq(9) = 1.0128,	
	Sq(10) = 0.784923,	Sq(11) = 1.0128,	Sq(12) = 0.554398,	Sq(13) = 0.797312,	Sq(14) = 1.0128,	
	Sq(15) = 0.797312;	N(0) = 1.76753,	N(1) = 1.62698,	N(2) = 0.743345,	N(3) = 1.62698,	
	N(4) = 1.62698,	N(5) = 0.391856,	N(6) = 0.144258,	N(7) = 0.391856,	N(8) = 0.743345,	
	N(9) = 0.144258,	N(10) = 0.0933865,	N(11) = 0.144258,	N(12) = 1.62698,	N(13) = 0.391856,	
	N(14) = 0.144258,	N(15) = 0.391856;	Delta[s](0) = 0.0658414,	Delta[s](1) = 0.0454604,	Delta[s](2) = 0.0304547,	
	Delta[s](3) = 0.0454604,	Delta[s](4) = 0.0454604,	Delta[s](5) = 0.027141,	Delta[s](6) = 0.00923079,	Delta[s](7) = 0.027141,	
	Delta[s](8) = 0.0304547,	Delta[s](9) = 0.00923079,	Delta[s](10) = 5.67297e-05,	Delta[s](11) = 0.00923079,	Delta[s](12) = 0.0454604,	
	Delta[s](13) = 0.027141,	Delta[s](14) = 0.00923079,	Delta[s](15) = 0.027141;	Delta[d](0) = 0.229589,	Delta[d](1) = 0.18015,	
	Delta[d](2) = 0.222338,	Delta[d](3) = 0.18015,	Delta[d](4) = 0.18015,	Delta[d](5) = 0.12297,	Delta[d](6) = 0.150483,	
	Delta[d](7) = 0.12297,	Delta[d](8) = 0.222338,	Delta[d](9) = 0.150483,	Delta[d](10) = 0.0765217,	Delta[d](11) = 0.150483,	
	Delta[d](12) = 0.18015,	Delta[d](13) = 0.12297,	Delta[d](14) = 0.150483,	Delta[d](15) = 0.12297;	Delta[s+](0) = 0.530012,	
	Delta[s+](1) = 0.361419,	Delta[s+](2) = 0.222338,	Delta[s+](3) = 0.361419,	Delta[s+](4) = 0.361419,	Delta[s+](5) = 0.177183,	
	Delta[s+](6) = 0.0625971,	Delta[s+](7) = 0.177183,	Delta[s+](8) = 0.222338,	Delta[s+](9) = 0.0625971,	Delta[s+](10) = 0.0156627,	
	Delta[s+](11) = 0.0625971,	Delta[s+](12) = 0.361419,	Delta[s+](13) = 0.177183,	Delta[s+](14) = 0.0625971,	Delta[s+](15) = 0.177183
	
The 3-th iteration is completed.	|| time cost : 0h 1m 19.92s
********************************************************************************************************************
********************************************************************************************************************
Ground state is obtained after 4 iterations. The current ground-state energy is -19.2623, in which electron energy is -19.2624 and phonon energy is 0.000100235
Final variational state is: 
	Gamma_x = [      1,1.02081,1.00275,1.02081,1.02081,1.00235,1.00132,1.00235,1.00275,1.00132,1.01638,1.00132,1.02081,1.00235,1.00132,1.00235]
	lambda_q = [       1.55,  0.0602304,  0.0154015,  0.0602304,  0.0602304,  0.0142526,-0.00872603,  0.0142526,  0.0154015,-0.00872603, -0.0266869,-0.00872603,  0.0602304,  0.0142526,-0.00872603,  0.0142526]
Effective e-e interactions mediated by phonons are:
	momentum-space Vq = [     -0.4805,   -0.022162, -0.00210877,   -0.022162,   -0.022162, -0.00195474,-0.000857374, -0.00195474, -0.00210877,-0.000857374,  -0.0089311,-0.000857374,   -0.022162, -0.00195474,-0.000857374, -0.00195474]
	real-space Vr = [-0.0370966,-0.0321361,-0.0303644,-0.0321361,-0.0321361,-0.0303258,  -0.02681,-0.0303258,-0.0303644,  -0.02681,-0.0255869,  -0.02681,-0.0321361,-0.0303258,  -0.02681,-0.0303258]
********************************************************************************************************************
o___o  ----------------------------------------
| L |	Time since last clock: 0h 0m 0.01s
A===A	Time since the beginning: 0h 4m 51.487s
***********************************************


Non-Gaussina ED ground state calculation is completed. The final ground-state energy is -19.2623
********************************************************************************************************************
o___o  ----------------------------------------
| L |	Time since last clock: 0h 0m 0.003s
A===A	Time since the beginning: 0h 4m 51.49s
***********************************************



********************************************************************************************************************
All non-Gaussian ED ground state calculations have been completed. Exit now.
