SNEDics v3.4 Non-Gaussian ED ground state program		Start at Wed Sep 25 00:40:49 2019

parallized on 16 MPI threads  * 8 OpenMP threads = 128 total threads.
********************************************************************************************************************
********************************************************************************************************************

********************************************************************************************************************
System parameters and configurations
********************************************************************************************************************
Special program options are enabled: splitted diagonal Hamiltonian
********************************************************************************************************************
Read input file "model_params.in"
	Hubbard-Holstein model parameters : 	t = 1    U = 3.9    g = 3.5355    W = 5    
********************************************************************************************************************
Read input file "hilbertspace_params.in"
	Requested 16-site 2D lattice, with 14 electrons (7, 7)
	Boundary : Periodic		Hilbert space representation : momentum-space (restricted to kIdx = 0)
	Conservation: particle number[U(1)]      spin[U(1)]     momentum
********************************************************************************************************************

Cluster Positions:				Cluster symmetry group : D4
 x ... x ... x ... x .....                       x ... x ... x ... x .....
 |           |           :                       |           |           :
 |           |           :                       |           |           :
12    13    14    15     x                       1     5     6     5     x
 |           |           :                       |           |           :
 |           |           :                       |           |           :
 8 --- 9 ---10 ---11 --- x                       2 --- 6 ---10 --- 6 --- x
 |           |           :                       |           |           :
 |           |           :                       |           |           :
 4     5     6     7     x                       1     5     6     5     x
 |           |           :                       |           |           :
 |           |           :                       |           |           :
 0 --- 1 --- 2 --- 3 --- x                       0 --- 1 --- 2 --- 1 --- x
orbital number : 1
********************************************************************************************************************
Read input file "obs_params.in"
	Observable Type : Nq(All),   Sq(All),   N(All),   Delta[s](All),   Delta[d](All),   Delta[s+](All)
********************************************************************************************************************
** WARNING ** the input observables have non-local factors which have been reinterpreted. The total observable number is 96
********************************************************************************************************************


********************************************************************************************************************
Start calculating the non-Gaussian ED ground state
** WARNING ** Detected low phonon energy W < 10. The initial state will be prepared through a warm-up process.
********************************************************************************************************************
Start warm-up calculation for scaling factor 2
open output files: NGSEDWarmUpW10Obs.txt
********************************************************************************************************************
Start the 0 rounds of NGS-ED iteration
	effective electronic model is modified as: kinetic energy t = 1
	                                           effective interaction Vq = [-0,-0,-0,-0,-0,-0,-0,-0,-0,-0,-0,-0,-0,-0,-0,-0]
	first Hamiltonian is constructed, non-zero numbers = 2178478298
	PARPACK diagonalization completed after 165 matrix-vector product operations.
	iteration results: : total energy is -15.887004 | electron energy -15.887004 + phonon energy 0.000000 | electron momentum kIdx = 0
	Nq(0) = 12.25,	Nq(1) = 0.218402,	Nq(2) = 0.275182,	Nq(3) = 0.218402,	Nq(4) = 0.218402,	Nq(5) = 0.319695,	Nq(6) = 0.373604,	Nq(7) = 0.319695,	Nq(8) = 0.275182,	Nq(9) = 0.373604,	Nq(10) = 0.429109,	Nq(11) = 0.373604,	Nq(12) = 0.218402,	Nq(13) = 0.319695,	Nq(14) = 0.373604,	Nq(15) = 0.319695,	Sq(0) = 2.52561e-19,	Sq(1) = 0.460587,	Sq(2) = 0.67778,	Sq(3) = 0.460587,	Sq(4) = 0.460587,	Sq(5) = 0.589387,	Sq(6) = 0.85159,	Sq(7) = 0.589387,	Sq(8) = 0.67778,	Sq(9) = 0.85159,	Sq(10) = 2.1619,	Sq(11) = 0.85159,	Sq(12) = 0.460587,	Sq(13) = 0.589387,	Sq(14) = 0.85159,	Sq(15) = 0.589387,	N(0) = 1.92185,	N(1) = 1.85278,	N(2) = 0.10934,	N(3) = 1.85278,	N(4) = 1.85278,	N(5) = 0.997829,	N(6) = 0.101778,	N(7) = 0.997829,	N(8) = 0.10934,	N(9) = 0.101778,	N(10) = 0.049918,	N(11) = 0.101778,	N(12) = 1.85278,	N(13) = 0.997829,	N(14) = 0.101778,	N(15) = 0.997829,	Delta[s](0) = 0.150031,	Delta[s](1) = 0.119019,	Delta[s](2) = 0.0810421,	Delta[s](3) = 0.119019,	Delta[s](4) = 0.119019,	Delta[s](5) = 0.0965396,	Delta[s](6) = 0.0605158,	Delta[s](7) = 0.0965396,	Delta[s](8) = 0.0810421,	Delta[s](9) = 0.0605158,	Delta[s](10) = 0.0217254,	Delta[s](11) = 0.0605158,	Delta[s](12) = 0.119019,	Delta[s](13) = 0.0965396,	Delta[s](14) = 0.0605158,	Delta[s](15) = 0.0965396,	Delta[d](0) = 0.239991,	Delta[d](1) = 0.152523,	Delta[d](2) = 0.172008,	Delta[d](3) = 0.152523,	Delta[d](4) = 0.152523,	Delta[d](5) = 0.151886,	Delta[d](6) = 0.107771,	Delta[d](7) = 0.151886,	Delta[d](8) = 0.172008,	Delta[d](9) = 0.107771,	Delta[d](10) = 0.0329666,	Delta[d](11) = 0.107771,	Delta[d](12) = 0.152523,	Delta[d](13) = 0.151886,	Delta[d](14) = 0.107771,	Delta[d](15) = 0.151886,	Delta[s+](0) = 0.558734,	Delta[s+](1) = 0.415676,	Delta[s+](2) = 0.172008,	Delta[s+](3) = 0.415676,	Delta[s+](4) = 0.415676,	Delta[s+](5) = 0.283527,	Delta[s+](6) = 0.104062,	Delta[s+](7) = 0.283527,	Delta[s+](8) = 0.172008,	Delta[s+](9) = 0.104062,	Delta[s+](10) = 0.0238569,	Delta[s+](11) = 0.104062,	Delta[s+](12) = 0.415676,	Delta[s+](13) = 0.283527,	Delta[s+](14) = 0.104062,	Delta[s+](15) = 0.283527
The 0-th iteration is completed.	|| time cost : 0h 6m 34.844s
********************************************************************************************************************
Start the 1 rounds of NGS-ED iteration
	effective electronic model is modified as: kinetic energy t = 0.933499
	                                           effective interaction Vq = [-2.16162, -2.0198,-1.93838, -2.0198, -2.0198,-1.96938,-1.91677,-1.96938,-1.93838,-1.91677,-1.87952,-1.91677, -2.0198,-1.96938,-1.91677,-1.96938]
	PARPACK diagonalization completed after 45 matrix-vector product operations.
	iteration results: : total energy is -52.302103 | electron energy -52.306564 + phonon energy 0.004461 | electron momentum kIdx = 0
The 1-th iteration is completed.	|| time cost : 0h 5m 35.861s
********************************************************************************************************************
Start the 2 rounds of NGS-ED iteration
	effective electronic model is modified as: kinetic energy t = 0.886394
	                                           effective interaction Vq = [-2.45416,-2.36038,-2.25299,-2.36038,-2.36038,-2.30722, -2.2689,-2.30722,-2.25299, -2.2689,-2.20465, -2.2689,-2.36038,-2.30722, -2.2689,-2.30722]
	PARPACK diagonalization completed after 135 matrix-vector product operations.
	iteration results: : total energy is -57.828302 | electron energy -57.860815 + phonon energy 0.032512 | electron momentum kIdx = 0
The 2-th iteration is completed.	|| time cost : 0h 0m 45.593s
********************************************************************************************************************
Start the 3 rounds of NGS-ED iteration
	effective electronic model is modified as: kinetic energy t = 0.862908
	                                           effective interaction Vq = [-2.49376,-2.43117,-2.39939,-2.43117,-2.43117,-2.41712,-2.35411,-2.41712,-2.39939,-2.35411, -2.3039,-2.35411,-2.43117,-2.41712,-2.35411,-2.41712]
	PARPACK diagonalization completed after 60 matrix-vector product operations.
	iteration results: : total energy is -58.691965 | electron energy -58.749790 + phonon energy 0.057825 | electron momentum kIdx = 0
The 3-th iteration is completed.	|| time cost : 0h 0m 27.623s
********************************************************************************************************************
Start the 4 rounds of NGS-ED iteration
	effective electronic model is modified as: kinetic energy t = 0.85455
	                                           effective interaction Vq = [-2.49911, -2.4494,-2.43727, -2.4494, -2.4494,-2.44339,-2.37842,-2.44339,-2.43727,-2.37842,-2.33643,-2.37842, -2.4494,-2.44339,-2.37842,-2.44339]
	PARPACK diagonalization completed after 45 matrix-vector product operations.
	iteration results: : total energy is -58.803616 | electron energy -58.874383 + phonon energy 0.070767 | electron momentum kIdx = 0
The 4-th iteration is completed.	|| time cost : 0h 0m 24.242s
********************************************************************************************************************
Start the 5 rounds of NGS-ED iteration
	effective electronic model is modified as: kinetic energy t = 0.851599
	                                           effective interaction Vq = [-2.49984,-2.45499,-2.44847,-2.45499,-2.45499,-2.45074,-2.38633,-2.45074,-2.44847,-2.38633,-2.35039,-2.38633,-2.45499,-2.45074,-2.38633,-2.45074]
	PARPACK diagonalization completed after 45 matrix-vector product operations.
	iteration results: : total energy is -58.818047 | electron energy -58.894013 + phonon energy 0.075966 | electron momentum kIdx = 0
The 5-th iteration is completed.	|| time cost : 0h 0m 24.269s
********************************************************************************************************************
Start the 6 rounds of NGS-ED iteration
	effective electronic model is modified as: kinetic energy t = 0.850524
	                                           effective interaction Vq = [-2.49994,-2.45688,  -2.452,-2.45688,-2.45688,-2.45287,-2.38911,-2.45287,  -2.452,-2.38911,-2.35783,-2.38911,-2.45688,-2.45287,-2.38911,-2.45287]
	PARPACK diagonalization completed after 45 matrix-vector product operations.
	iteration results: : total energy is -58.819989 | electron energy -58.897928 + phonon energy 0.077939 | electron momentum kIdx = 0
The 6-th iteration is completed.	|| time cost : 0h 0m 24.208s
********************************************************************************************************************
Start the 7 rounds of NGS-ED iteration
	effective electronic model is modified as: kinetic energy t = 0.8501
	                                           effective interaction Vq = [-2.49995,-2.45756,-2.45308,-2.45756,-2.45756,-2.45342,-2.39015,-2.45342,-2.45308,-2.39015,-2.36255,-2.39015,-2.45756,-2.45342,-2.39015,-2.45342]
	PARPACK diagonalization completed after 45 matrix-vector product operations.
	iteration results: : total energy is -58.820298 | electron energy -58.899015 + phonon energy 0.078717 | electron momentum kIdx = 0
The 7-th iteration is completed.	|| time cost : 0h 0m 24.068s
********************************************************************************************************************
Start the 8 rounds of NGS-ED iteration
	effective electronic model is modified as: kinetic energy t = 0.849908
	                                           effective interaction Vq = [-2.49995,-2.45784,-2.45335,-2.45784,-2.45784,-2.45349,-2.39059,-2.45349,-2.45335,-2.39059,-2.36596,-2.39059,-2.45784,-2.45349,-2.39059,-2.45349]
	PARPACK diagonalization completed after 45 matrix-vector product operations.
	iteration results: : total energy is -58.820378 | electron energy -58.899439 + phonon energy 0.079061 | electron momentum kIdx = 0
The 8-th iteration is completed.	|| time cost : 0h 0m 24.005s
********************************************************************************************************************
Start the 9 rounds of NGS-ED iteration
	effective electronic model is modified as: kinetic energy t = 0.849802
	                                           effective interaction Vq = [-2.49995,-2.45798,-2.45336,-2.45798,-2.45798,-2.45341,-2.39081,-2.45341,-2.45336,-2.39081,-2.36864,-2.39081,-2.45798,-2.45341,-2.39081,-2.45341]
	PARPACK diagonalization completed after 45 matrix-vector product operations.
	iteration results: : total energy is -58.820417 | electron energy -58.899661 + phonon energy 0.079244 | electron momentum kIdx = 0
The 9-th iteration is completed.	|| time cost : 0h 0m 24.01s
********************************************************************************************************************
Start the 10 rounds of NGS-ED iteration
	effective electronic model is modified as: kinetic energy t = 0.849731
	                                           effective interaction Vq = [-2.49995,-2.45806,-2.45328,-2.45806,-2.45806, -2.4533,-2.39094, -2.4533,-2.45328,-2.39094,-2.37089,-2.39094,-2.45806, -2.4533,-2.39094, -2.4533]
	PARPACK diagonalization completed after 45 matrix-vector product operations.
	iteration results: : total energy is -58.820443 | electron energy -58.899807 + phonon energy 0.079364 | electron momentum kIdx = 0
	Nq(0) = 12.25,	Nq(1) = 0.414825,	Nq(2) = 0.760728,	Nq(3) = 0.414825,	Nq(4) = 0.414825,	Nq(5) = 0.760752,	Nq(6) = 0.678396,	Nq(7) = 0.760752,	Nq(8) = 0.760728,	Nq(9) = 0.678396,	Nq(10) = 0.810428,	Nq(11) = 0.678396,	Nq(12) = 0.414825,	Nq(13) = 0.760752,	Nq(14) = 0.678396,	Nq(15) = 0.760752,	Sq(0) = 9.16239e-18,	Sq(1) = 0.309163,	Sq(2) = 0.346709,	Sq(3) = 0.309163,	Sq(4) = 0.309163,	Sq(5) = 0.346709,	Sq(6) = 0.528931,	Sq(7) = 0.346709,	Sq(8) = 0.346709,	Sq(9) = 0.528931,	Sq(10) = 0.569594,	Sq(11) = 0.528931,	Sq(12) = 0.309163,	Sq(13) = 0.346709,	Sq(14) = 0.528931,	Sq(15) = 0.346709,	N(0) = 1.99429,	N(1) = 1.98505,	N(2) = 0.669777,	N(3) = 1.98505,	N(4) = 1.98505,	N(5) = 0.66974,	N(6) = 0.0106295,	N(7) = 0.66974,	N(8) = 0.669777,	N(9) = 0.0106295,	N(10) = 0.00448476,	N(11) = 0.0106295,	N(12) = 1.98505,	N(13) = 0.66974,	N(14) = 0.0106295,	N(15) = 0.66974,	Delta[s](0) = 0.689372,	Delta[s](1) = 0.263525,	Delta[s](2) = 0.217574,	Delta[s](3) = 0.263525,	Delta[s](4) = 0.263525,	Delta[s](5) = 0.217572,	Delta[s](6) = 0.188261,	Delta[s](7) = 0.217572,	Delta[s](8) = 0.217574,	Delta[s](9) = 0.188261,	Delta[s](10) = 0.196933,	Delta[s](11) = 0.188261,	Delta[s](12) = 0.263525,	Delta[s](13) = 0.217572,	Delta[s](14) = 0.188261,	Delta[s](15) = 0.217572,	Delta[d](0) = 0.276489,	Delta[d](1) = 0.21015,	Delta[d](2) = 0.207027,	Delta[d](3) = 0.21015,	Delta[d](4) = 0.21015,	Delta[d](5) = 0.184739,	Delta[d](6) = 0.164796,	Delta[d](7) = 0.184739,	Delta[d](8) = 0.207027,	Delta[d](9) = 0.164796,	Delta[d](10) = 0.0935499,	Delta[d](11) = 0.164796,	Delta[d](12) = 0.21015,	Delta[d](13) = 0.184739,	Delta[d](14) = 0.164796,	Delta[d](15) = 0.184739,	Delta[s+](0) = 0.445209,	Delta[s+](1) = 0.340413,	Delta[s+](2) = 0.207027,	Delta[s+](3) = 0.340413,	Delta[s+](4) = 0.340413,	Delta[s+](5) = 0.207023,	Delta[s+](6) = 0.0850672,	Delta[s+](7) = 0.207023,	Delta[s+](8) = 0.207027,	Delta[s+](9) = 0.0850672,	Delta[s+](10) = 0.0265383,	Delta[s+](11) = 0.0850672,	Delta[s+](12) = 0.340413,	Delta[s+](13) = 0.207023,	Delta[s+](14) = 0.0850672,	Delta[s+](15) = 0.207023
The 10-th iteration is completed.	|| time cost : 0h 3m 21.251s
********************************************************************************************************************
Start the 11 rounds of NGS-ED iteration
	effective electronic model is modified as: kinetic energy t = 0.849676
	                                           effective interaction Vq = [-2.49995,-2.45811,-2.45318,-2.45811,-2.45811,-2.45319,-2.39103,-2.45319,-2.45318,-2.39103,-2.37283,-2.39103,-2.45811,-2.45319,-2.39103,-2.45319]
	PARPACK diagonalization completed after 45 matrix-vector product operations.
	iteration results: : total energy is -58.820464 | electron energy -58.899920 + phonon energy 0.079456 | electron momentum kIdx = 0
	Nq(0) = 12.25,	Nq(1) = 0.415013,	Nq(2) = 0.759696,	Nq(3) = 0.415013,	Nq(4) = 0.415013,	Nq(5) = 0.759705,	Nq(6) = 0.678606,	Nq(7) = 0.759705,	Nq(8) = 0.759696,	Nq(9) = 0.678606,	Nq(10) = 0.817084,	Nq(11) = 0.678606,	Nq(12) = 0.415013,	Nq(13) = 0.759705,	Nq(14) = 0.678606,	Nq(15) = 0.759705,	Sq(0) = -1.25007e-17,	Sq(1) = 0.308981,	Sq(2) = 0.346634,	Sq(3) = 0.308981,	Sq(4) = 0.308981,	Sq(5) = 0.346634,	Sq(6) = 0.528741,	Sq(7) = 0.346634,	Sq(8) = 0.346634,	Sq(9) = 0.528741,	Sq(10) = 0.569533,	Sq(11) = 0.528741,	Sq(12) = 0.308981,	Sq(13) = 0.346634,	Sq(14) = 0.528741,	Sq(15) = 0.346634,	N(0) = 1.99428,	N(1) = 1.98502,	N(2) = 0.669764,	N(3) = 1.98502,	N(4) = 1.98502,	N(5) = 0.66975,	N(6) = 0.0106534,	N(7) = 0.66975,	N(8) = 0.669764,	N(9) = 0.0106534,	N(10) = 0.00449458,	N(11) = 0.0106534,	N(12) = 1.98502,	N(13) = 0.66975,	N(14) = 0.0106534,	N(15) = 0.66975,	Delta[s](0) = 0.69119,	Delta[s](1) = 0.263555,	Delta[s](2) = 0.217713,	Delta[s](3) = 0.263555,	Delta[s](4) = 0.263555,	Delta[s](5) = 0.217712,	Delta[s](6) = 0.188291,	Delta[s](7) = 0.217712,	Delta[s](8) = 0.217713,	Delta[s](9) = 0.188291,	Delta[s](10) = 0.195042,	Delta[s](11) = 0.188291,	Delta[s](12) = 0.263555,	Delta[s](13) = 0.217712,	Delta[s](14) = 0.188291,	Delta[s](15) = 0.217712,	Delta[d](0) = 0.276193,	Delta[d](1) = 0.210043,	Delta[d](2) = 0.206957,	Delta[d](3) = 0.210043,	Delta[d](4) = 0.210043,	Delta[d](5) = 0.184469,	Delta[d](6) = 0.164695,	Delta[d](7) = 0.184469,	Delta[d](8) = 0.206957,	Delta[d](9) = 0.164695,	Delta[d](10) = 0.0932986,	Delta[d](11) = 0.164695,	Delta[d](12) = 0.210043,	Delta[d](13) = 0.184469,	Delta[d](14) = 0.164695,	Delta[d](15) = 0.184469,	Delta[s+](0) = 0.44512,	Delta[s+](1) = 0.340336,	Delta[s+](2) = 0.206957,	Delta[s+](3) = 0.340336,	Delta[s+](4) = 0.340336,	Delta[s+](5) = 0.206955,	Delta[s+](6) = 0.0850318,	Delta[s+](7) = 0.206955,	Delta[s+](8) = 0.206957,	Delta[s+](9) = 0.0850318,	Delta[s+](10) = 0.0265345,	Delta[s+](11) = 0.0850318,	Delta[s+](12) = 0.340336,	Delta[s+](13) = 0.206955,	Delta[s+](14) = 0.0850318,	Delta[s+](15) = 0.206955
The 11-th iteration is completed.	|| time cost : 0h 3m 23.83s
********************************************************************************************************************
********************************************************************************************************************
Ground state is obtained after 12 iterations. The current ground-state energy is -58.8205, in which electron energy is -58.8999 and phonon energy is 0.0794556
final variational state is: 
	Gamma_x = [      1,1.02363,1.04593,1.02363,1.02363,1.04593,1.05758,1.04593,1.04593,1.05758,1.07318,1.05758,1.02363,1.04593,1.05758,1.04593]
	lambda_q = [0.499992,0.435345,0.431528,0.435345,0.435345, 0.43153,0.395665, 0.43153,0.431528,0.395665,0.388017,0.395665,0.435345, 0.43153,0.395665, 0.43153]
********************************************************************************************************************
o___o  ----------------------------------------
| L |	Time since last clock: 0h 0m 0s
A===A	Time since the beginning: 0h 22m 33.809s
***********************************************


********************************************************************************************************************
Warm up runs have been completed. Start calculating W = 5 phonon.
open output files: NGSEDIterationObs.txt
********************************************************************************************************************
Start the 0 rounds of NGS-ED iteration
	effective electronic model is modified as: kinetic energy t = 0.849629
	                                           effective interaction Vq = [-2.28548, -2.1307,-2.12025, -2.1307, -2.1307,-2.12026,-2.01499,-2.12026,-2.12025,-2.01499,-1.99088,-2.01499, -2.1307,-2.12026,-2.01499,-2.12026]
	PARPACK diagonalization completed after 45 matrix-vector product operations.
	iteration results: : total energy is -52.964227 | electron energy -53.003993 + phonon energy 0.039766 | electron momentum kIdx = 0
	Nq(0) = 12.25,	Nq(1) = 0.388074,	Nq(2) = 0.741584,	Nq(3) = 0.388074,	Nq(4) = 0.388074,	Nq(5) = 0.741597,	Nq(6) = 0.617793,	Nq(7) = 0.741597,	Nq(8) = 0.741584,	Nq(9) = 0.617793,	Nq(10) = 0.62137,	Nq(11) = 0.617793,	Nq(12) = 0.388074,	Nq(13) = 0.741597,	Nq(14) = 0.617793,	Nq(15) = 0.741597,	Sq(0) = -1.90188e-19,	Sq(1) = 0.357657,	Sq(2) = 0.369643,	Sq(3) = 0.357657,	Sq(4) = 0.357657,	Sq(5) = 0.369643,	Sq(6) = 0.598726,	Sq(7) = 0.369643,	Sq(8) = 0.369643,	Sq(9) = 0.598726,	Sq(10) = 0.612219,	Sq(11) = 0.598726,	Sq(12) = 0.357657,	Sq(13) = 0.369643,	Sq(14) = 0.598726,	Sq(15) = 0.369643,	N(0) = 1.99956,	N(1) = 1.99845,	N(2) = 0.666983,	N(3) = 1.99845,	N(4) = 1.99845,	N(5) = 0.666947,	N(6) = 0.00115217,	N(7) = 0.666947,	N(8) = 0.666983,	N(9) = 0.00115217,	N(10) = 0.000286789,	N(11) = 0.00115217,	N(12) = 1.99845,	N(13) = 0.666947,	N(14) = 0.00115217,	N(15) = 0.666947,	Delta[s](0) = 0.461153,	Delta[s](1) = 0.243592,	Delta[s](2) = 0.204024,	Delta[s](3) = 0.243592,	Delta[s](4) = 0.243592,	Delta[s](5) = 0.204023,	Delta[s](6) = 0.182529,	Delta[s](7) = 0.204023,	Delta[s](8) = 0.204024,	Delta[s](9) = 0.182529,	Delta[s](10) = 0.282418,	Delta[s](11) = 0.182529,	Delta[s](12) = 0.243592,	Delta[s](13) = 0.204023,	Delta[s](14) = 0.182529,	Delta[s](15) = 0.204023,	Delta[d](0) = 0.288874,	Delta[d](1) = 0.219657,	Delta[d](2) = 0.22084,	Delta[d](3) = 0.219657,	Delta[d](4) = 0.219657,	Delta[d](5) = 0.19804,	Delta[d](6) = 0.173681,	Delta[d](7) = 0.19804,	Delta[d](8) = 0.22084,	Delta[d](9) = 0.173681,	Delta[d](10) = 0.106996,	Delta[d](11) = 0.173681,	Delta[d](12) = 0.219657,	Delta[d](13) = 0.19804,	Delta[d](14) = 0.173681,	Delta[d](15) = 0.19804,	Delta[s+](0) = 0.478326,	Delta[s+](1) = 0.36265,	Delta[s+](2) = 0.22084,	Delta[s+](3) = 0.36265,	Delta[s+](4) = 0.36265,	Delta[s+](5) = 0.220836,	Delta[s+](6) = 0.0938889,	Delta[s+](7) = 0.220836,	Delta[s+](8) = 0.22084,	Delta[s+](9) = 0.0938889,	Delta[s+](10) = 0.0306388,	Delta[s+](11) = 0.0938889,	Delta[s+](12) = 0.36265,	Delta[s+](13) = 0.220836,	Delta[s+](14) = 0.0938889,	Delta[s+](15) = 0.220836
The 0-th iteration is completed.	|| time cost : 0h 3m 15.563s
********************************************************************************************************************
Start the 1 rounds of NGS-ED iteration
	effective electronic model is modified as: kinetic energy t = 0.826861
	                                           effective interaction Vq = [-2.42105,-2.25645,-2.25303,-2.25645,-2.25645,-2.25304, -2.1117,-2.25304,-2.25303, -2.1117,-2.03112, -2.1117,-2.25645,-2.25304, -2.1117,-2.25304]
	PARPACK diagonalization completed after 45 matrix-vector product operations.
	iteration results: : total energy is -55.061902 | electron energy -55.182442 + phonon energy 0.120540 | electron momentum kIdx = 0
The 1-th iteration is completed.	|| time cost : 0h 0m 24.241s
********************************************************************************************************************
Start the 2 rounds of NGS-ED iteration
	effective electronic model is modified as: kinetic energy t = 0.81253
	                                           effective interaction Vq = [-2.47093,-2.31716,  -2.319,-2.31716,-2.31716,-2.31901,-2.16457,-2.31901,  -2.319,-2.16457,-2.06098,-2.16457,-2.31716,-2.31901,-2.16457,-2.31901]
	PARPACK diagonalization completed after 45 matrix-vector product operations.
	iteration results: : total energy is -55.823957 | electron energy -56.004526 + phonon energy 0.180570 | electron momentum kIdx = 0
The 2-th iteration is completed.	|| time cost : 0h 0m 23.996s
********************************************************************************************************************
Start the 3 rounds of NGS-ED iteration
	effective electronic model is modified as: kinetic energy t = 0.803887
	                                           effective interaction Vq = [-2.48927,-2.34813,-2.35301,-2.34813,-2.34813,-2.35301,-2.19402,-2.35301,-2.35301,-2.19402,-2.08044,-2.19402,-2.34813,-2.35301,-2.19402,-2.35301]
	PARPACK diagonalization completed after 30 matrix-vector product operations.
	iteration results: : total energy is -56.100025 | electron energy -56.318759 + phonon energy 0.218735 | electron momentum kIdx = 0
The 3-th iteration is completed.	|| time cost : 0h 0m 20.421s
********************************************************************************************************************
Start the 4 rounds of NGS-ED iteration
	effective electronic model is modified as: kinetic energy t = 0.798783
	                                           effective interaction Vq = [-2.49602,-2.36461,-2.37111,-2.36461,-2.36461,-2.37111,-2.21072,-2.37111,-2.37111,-2.21072,-2.09262,-2.21072,-2.36461,-2.37111,-2.21072,-2.37111]
	PARPACK diagonalization completed after 30 matrix-vector product operations.
	iteration results: : total energy is -56.199893 | electron energy -56.441708 + phonon energy 0.241815 | electron momentum kIdx = 0
The 4-th iteration is completed.	|| time cost : 0h 0m 20.416s
********************************************************************************************************************
Start the 5 rounds of NGS-ED iteration
	effective electronic model is modified as: kinetic energy t = 0.795801
	                                           effective interaction Vq = [-2.49851,-2.37363,-2.38099,-2.37363,-2.37363,-2.38099, -2.2203,-2.38099,-2.38099, -2.2203,-2.10014, -2.2203,-2.37363,-2.38099, -2.2203,-2.38099]
	PARPACK diagonalization completed after 30 matrix-vector product operations.
	iteration results: : total energy is -56.236017 | electron energy -56.491489 + phonon energy 0.255473 | electron momentum kIdx = 0
The 5-th iteration is completed.	|| time cost : 0h 0m 20.46s
********************************************************************************************************************
Start the 6 rounds of NGS-ED iteration
	effective electronic model is modified as: kinetic energy t = 0.794069
	                                           effective interaction Vq = [-2.49942,-2.37866,-2.38646,-2.37866,-2.37866,-2.38646,-2.22584,-2.38646,-2.38646,-2.22584,-2.10476,-2.22584,-2.37866,-2.38646,-2.22584,-2.38646]
	PARPACK diagonalization completed after 30 matrix-vector product operations.
	iteration results: : total energy is -56.249092 | electron energy -56.512559 + phonon energy 0.263467 | electron momentum kIdx = 0
The 6-th iteration is completed.	|| time cost : 0h 0m 20.429s
********************************************************************************************************************
Start the 7 rounds of NGS-ED iteration
	effective electronic model is modified as: kinetic energy t = 0.793066
	                                           effective interaction Vq = [-2.49976,-2.38149,-2.38953,-2.38149,-2.38149,-2.38953,-2.22907,-2.38953,-2.38953,-2.22907,-2.10759,-2.22907,-2.38149,-2.38953,-2.22907,-2.38953]
	PARPACK diagonalization completed after 30 matrix-vector product operations.
	iteration results: : total energy is -56.253830 | electron energy -56.521950 + phonon energy 0.268120 | electron momentum kIdx = 0
The 7-th iteration is completed.	|| time cost : 0h 0m 20.399s
********************************************************************************************************************
Start the 8 rounds of NGS-ED iteration
	effective electronic model is modified as: kinetic energy t = 0.792486
	                                           effective interaction Vq = [-2.49988,-2.38311,-2.39126,-2.38311,-2.38311,-2.39126,-2.23096,-2.39126,-2.39126,-2.23096,-2.10933,-2.23096,-2.38311,-2.39126,-2.23096,-2.39126]
	PARPACK diagonalization completed after 30 matrix-vector product operations.
	iteration results: : total energy is -56.255549 | electron energy -56.526369 + phonon energy 0.270820 | electron momentum kIdx = 0
The 8-th iteration is completed.	|| time cost : 0h 0m 20.397s
********************************************************************************************************************
Start the 9 rounds of NGS-ED iteration
	effective electronic model is modified as: kinetic energy t = 0.792151
	                                           effective interaction Vq = [-2.49993,-2.38403,-2.39223,-2.38403,-2.38403,-2.39223,-2.23207,-2.39223,-2.39223,-2.23207,-2.11039,-2.23207,-2.38403,-2.39223,-2.23207,-2.39223]
	PARPACK diagonalization completed after 30 matrix-vector product operations.
	iteration results: : total energy is -56.256174 | electron energy -56.528558 + phonon energy 0.272384 | electron momentum kIdx = 0
The 9-th iteration is completed.	|| time cost : 0h 0m 20.6s
********************************************************************************************************************
Start the 10 rounds of NGS-ED iteration
	effective electronic model is modified as: kinetic energy t = 0.791957
	                                           effective interaction Vq = [-2.49994,-2.38456,-2.39279,-2.38456,-2.38456,-2.39279,-2.23272,-2.39279,-2.39279,-2.23272,-2.11103,-2.23272,-2.38456,-2.39279,-2.23272,-2.39279]
	PARPACK diagonalization completed after 30 matrix-vector product operations.
	iteration results: : total energy is -56.256401 | electron energy -56.529691 + phonon energy 0.273290 | electron momentum kIdx = 0
	Nq(0) = 12.25,	Nq(1) = 0.403831,	Nq(2) = 0.795771,	Nq(3) = 0.403831,	Nq(4) = 0.403831,	Nq(5) = 0.795771,	Nq(6) = 0.634637,	Nq(7) = 0.795771,	Nq(8) = 0.795771,	Nq(9) = 0.634637,	Nq(10) = 0.624794,	Nq(11) = 0.634637,	Nq(12) = 0.403831,	Nq(13) = 0.795771,	Nq(14) = 0.634637,	Nq(15) = 0.795771,	Sq(0) = -1.6345e-18,	Sq(1) = 0.323589,	Sq(2) = 0.35515,	Sq(3) = 0.323589,	Sq(4) = 0.323589,	Sq(5) = 0.35515,	Sq(6) = 0.547601,	Sq(7) = 0.35515,	Sq(8) = 0.35515,	Sq(9) = 0.547601,	Sq(10) = 0.581049,	Sq(11) = 0.547601,	Sq(12) = 0.323589,	Sq(13) = 0.35515,	Sq(14) = 0.547601,	Sq(15) = 0.35515,	N(0) = 1.99601,	N(1) = 1.98848,	N(2) = 0.668877,	N(3) = 1.98848,	N(4) = 1.98848,	N(5) = 0.668876,	N(6) = 0.00849293,	N(7) = 0.668876,	N(8) = 0.668877,	N(9) = 0.00849293,	N(10) = 0.00284498,	N(11) = 0.00849293,	N(12) = 1.98848,	N(13) = 0.668876,	N(14) = 0.00849293,	N(15) = 0.668876,	Delta[s](0) = 0.482568,	Delta[s](1) = 0.256654,	Delta[s](2) = 0.220904,	Delta[s](3) = 0.256654,	Delta[s](4) = 0.256654,	Delta[s](5) = 0.220904,	Delta[s](6) = 0.200724,	Delta[s](7) = 0.220904,	Delta[s](8) = 0.220904,	Delta[s](9) = 0.200724,	Delta[s](10) = 0.264137,	Delta[s](11) = 0.200724,	Delta[s](12) = 0.256654,	Delta[s](13) = 0.220904,	Delta[s](14) = 0.200724,	Delta[s](15) = 0.220904,	Delta[d](0) = 0.296008,	Delta[d](1) = 0.230245,	Delta[d](2) = 0.227795,	Delta[d](3) = 0.230245,	Delta[d](4) = 0.230245,	Delta[d](5) = 0.209916,	Delta[d](6) = 0.186903,	Delta[d](7) = 0.209916,	Delta[d](8) = 0.227795,	Delta[d](9) = 0.186903,	Delta[d](10) = 0.124235,	Delta[d](11) = 0.186903,	Delta[d](12) = 0.230245,	Delta[d](13) = 0.209916,	Delta[d](14) = 0.186903,	Delta[d](15) = 0.209916,	Delta[s+](0) = 0.472529,	Delta[s+](1) = 0.362256,	Delta[s+](2) = 0.227795,	Delta[s+](3) = 0.362256,	Delta[s+](4) = 0.362256,	Delta[s+](5) = 0.227795,	Delta[s+](6) = 0.103437,	Delta[s+](7) = 0.227795,	Delta[s+](8) = 0.227795,	Delta[s+](9) = 0.103437,	Delta[s+](10) = 0.0399464,	Delta[s+](11) = 0.103437,	Delta[s+](12) = 0.362256,	Delta[s+](13) = 0.227795,	Delta[s+](14) = 0.103437,	Delta[s+](15) = 0.227795
The 10-th iteration is completed.	|| time cost : 0h 3m 12.337s
********************************************************************************************************************
Start the 11 rounds of NGS-ED iteration
	effective electronic model is modified as: kinetic energy t = 0.791845
	                                           effective interaction Vq = [-2.49995,-2.38486, -2.3931,-2.38486,-2.38486, -2.3931, -2.2331, -2.3931, -2.3931, -2.2331,-2.11143, -2.2331,-2.38486, -2.3931, -2.2331, -2.3931]
	PARPACK diagonalization completed after 30 matrix-vector product operations.
	iteration results: : total energy is -56.256484 | electron energy -56.530298 + phonon energy 0.273815 | electron momentum kIdx = 0
The 11-th iteration is completed.	|| time cost : 0h 0m 20.65s
********************************************************************************************************************
Start the 12 rounds of NGS-ED iteration
	effective electronic model is modified as: kinetic energy t = 0.79178
	                                           effective interaction Vq = [-2.49995,-2.38503,-2.39328,-2.38503,-2.38503,-2.39328,-2.23333,-2.39328,-2.39328,-2.23333,-2.11167,-2.23333,-2.38503,-2.39328,-2.23333,-2.39328]
	PARPACK diagonalization completed after 30 matrix-vector product operations.
	iteration results: : total energy is -56.256514 | electron energy -56.530633 + phonon energy 0.274119 | electron momentum kIdx = 0
The 12-th iteration is completed.	|| time cost : 0h 0m 20.382s
********************************************************************************************************************
Start the 13 rounds of NGS-ED iteration
	effective electronic model is modified as: kinetic energy t = 0.791742
	                                           effective interaction Vq = [-2.49995,-2.38513,-2.39338,-2.38513,-2.38513,-2.39338,-2.23346,-2.39338,-2.39338,-2.23346,-2.11181,-2.23346,-2.38513,-2.39338,-2.23346,-2.39338]
	PARPACK diagonalization completed after 30 matrix-vector product operations.
	iteration results: : total energy is -56.256525 | electron energy -56.530820 + phonon energy 0.274295 | electron momentum kIdx = 0
The 13-th iteration is completed.	|| time cost : 0h 0m 20.616s
********************************************************************************************************************
Start the 14 rounds of NGS-ED iteration
	effective electronic model is modified as: kinetic energy t = 0.791721
	                                           effective interaction Vq = [-2.49995,-2.38519,-2.39343,-2.38519,-2.38519,-2.39343,-2.23354,-2.39343,-2.39343,-2.23354, -2.1119,-2.23354,-2.38519,-2.39343,-2.23354,-2.39343]
	PARPACK diagonalization completed after 30 matrix-vector product operations.
	iteration results: : total energy is -56.256529 | electron energy -56.530926 + phonon energy 0.274397 | electron momentum kIdx = 0
The 14-th iteration is completed.	|| time cost : 0h 0m 20.357s
********************************************************************************************************************
Start the 15 rounds of NGS-ED iteration
	effective electronic model is modified as: kinetic energy t = 0.791708
	                                           effective interaction Vq = [-2.49995,-2.38522,-2.39347,-2.38522,-2.38522,-2.39347,-2.23359,-2.39347,-2.39347,-2.23359,-2.11196,-2.23359,-2.38522,-2.39347,-2.23359,-2.39347]
	PARPACK diagonalization completed after 30 matrix-vector product operations.
	iteration results: : total energy is -56.256530 | electron energy -56.530986 + phonon energy 0.274456 | electron momentum kIdx = 0
The 15-th iteration is completed.	|| time cost : 0h 0m 20.643s
********************************************************************************************************************
Start the 16 rounds of NGS-ED iteration
	effective electronic model is modified as: kinetic energy t = 0.791701
	                                           effective interaction Vq = [-2.49995,-2.38524,-2.39348,-2.38524,-2.38524,-2.39348,-2.23361,-2.39348,-2.39348,-2.23361,-2.11199,-2.23361,-2.38524,-2.39348,-2.23361,-2.39348]
	PARPACK diagonalization completed after 30 matrix-vector product operations.
	iteration results: : total energy is -56.256531 | electron energy -56.531021 + phonon energy 0.274491 | electron momentum kIdx = 0
The 16-th iteration is completed.	|| time cost : 0h 0m 20.375s
********************************************************************************************************************
Start the 17 rounds of NGS-ED iteration
	effective electronic model is modified as: kinetic energy t = 0.791697
	                                           effective interaction Vq = [-2.49995,-2.38525,-2.39349,-2.38525,-2.38525,-2.39349,-2.23363,-2.39349,-2.39349,-2.23363,-2.11201,-2.23363,-2.38525,-2.39349,-2.23363,-2.39349]
	PARPACK diagonalization completed after 30 matrix-vector product operations.
	iteration results: : total energy is -56.256531 | electron energy -56.531042 + phonon energy 0.274511 | electron momentum kIdx = 0
The 17-th iteration is completed.	|| time cost : 0h 0m 20.344s
********************************************************************************************************************
Start the 18 rounds of NGS-ED iteration
	effective electronic model is modified as: kinetic energy t = 0.791694
	                                           effective interaction Vq = [-2.49995,-2.38526, -2.3935,-2.38526,-2.38526, -2.3935,-2.23364, -2.3935, -2.3935,-2.23364,-2.11202,-2.23364,-2.38526, -2.3935,-2.23364, -2.3935]
	PARPACK diagonalization completed after 30 matrix-vector product operations.
	iteration results: : total energy is -56.256531 | electron energy -56.531053 + phonon energy 0.274522 | electron momentum kIdx = 0
The 18-th iteration is completed.	|| time cost : 0h 0m 20.639s
********************************************************************************************************************
Start the 19 rounds of NGS-ED iteration
	effective electronic model is modified as: kinetic energy t = 0.791693
	                                           effective interaction Vq = [-2.49995,-2.38526, -2.3935,-2.38526,-2.38526, -2.3935,-2.23364, -2.3935, -2.3935,-2.23364,-2.11203,-2.23364,-2.38526, -2.3935,-2.23364, -2.3935]
	PARPACK diagonalization completed after 30 matrix-vector product operations.
	iteration results: : total energy is -56.256531 | electron energy -56.531060 + phonon energy 0.274529 | electron momentum kIdx = 0
The 19-th iteration is completed.	|| time cost : 0h 0m 20.62s
********************************************************************************************************************
Start the 20 rounds of NGS-ED iteration
	effective electronic model is modified as: kinetic energy t = 0.791692
	                                           effective interaction Vq = [-2.49995,-2.38527,-2.39351,-2.38527,-2.38527,-2.39351,-2.23365,-2.39351,-2.39351,-2.23365,-2.11203,-2.23365,-2.38527,-2.39351,-2.23365,-2.39351]
	PARPACK diagonalization completed after 30 matrix-vector product operations.
	iteration results: : total energy is -56.256531 | electron energy -56.531064 + phonon energy 0.274533 | electron momentum kIdx = 0
