SNEDics v3.2 diagonalization test program		Start at Tue Jul 23 16:29:34 2019

parallized on 80 MPI threads  * 4 OpenMP threads = 320 total threads.
************************************************************************************
************************************************************************************

Input file "model_params.in"
Hubbard-Holstein model parameters : 	t = 1    U = 7.1    g = 4.4721    W = 5    
************************************************************************************
Input file "hilbertspace_params.in"

Cluster Positions:				Cluster symmetry group : D4
 x ... x ... x ... x .....                       x ... x ... x ... x .....
 |           |           :                       |           |           :
 |           |           :                       |           |           :
12    13    14    15     x                       1     5     6     5     x
 |           |           :                       |           |           :
 |           |           :                       |           |           :
 8 --- 9 ---10 ---11 --- x                       2 --- 6 ---10 --- 6 --- x
 |           |           :                       |           |           :
 |           |           :                       |           |           :
 4     5     6     7     x                       1     5     6     5     x
 |           |           :                       |           |           :
 |           |           :                       |           |           :
 0 --- 1 --- 2 --- 3 --- x                       0 --- 1 --- 2 --- 1 --- x
orbital number : 1
************************************************************************************
** NOTE ** Detected low phonon energy W < 10. The initial state will be prepared through a warm-up process.
starting warm-up calculation for scaling factor 2
0 rounds of non-Gaussian ED iteration : ground-state energy is -12.4921 | electron energy -12.4921 + phonon energy 0 | electron momentum kIdx = 0
Nq = 	12.25	0.162515	0.199719	0.162515	0.162515	0.220834	0.25676	0.220834	0.199719	0.25676	0.300466	0.25676	0.162515	0.220834	0.25676	0.220834
Sq = 	-1.88401e-19	0.475147	0.750369	0.475147	0.475147	0.62219	1.01537	0.62219	0.750369	1.01537	2.5381	1.01537	0.475147	0.62219	1.01537	0.62219
1 rounds of non-Gaussian ED iteration : ground-state energy is -66.8791 | electron energy -66.8859 + phonon energy 0.00672649 | electron momentum kIdx = 0
Nq = 	12.25	0.334414	0.354272	0.334414	0.334414	0.453053	0.529284	0.453053	0.354272	0.529284	0.559136	0.529284	0.334414	0.453053	0.529284	0.453053
Sq = 	1.90991e-17	0.404897	0.589134	0.404897	0.404897	0.534628	0.687686	0.534628	0.589134	0.687686	1.52821	0.687686	0.404897	0.534628	0.687686	0.534628
2 rounds of non-Gaussian ED iteration : ground-state energy is -75.0535 | electron energy -75.1194 + phonon energy 0.0658959 | electron momentum kIdx = 0
Nq = 	12.25	0.400337	0.604542	0.400337	0.400337	0.769685	0.620088	0.769685	0.604542	0.620088	0.612263	0.620088	0.400337	0.769685	0.620088	0.769685
Sq = 	3.15128e-18	0.361634	0.372252	0.361634	0.361634	0.385043	0.604774	0.385043	0.372252	0.604774	0.617905	0.604774	0.361634	0.385043	0.604774	0.385043
3 rounds of non-Gaussian ED iteration : ground-state energy is -76.5344 | electron energy -76.6555 + phonon energy 0.121084 | electron momentum kIdx = 0
Nq = 	12.25	0.401857	0.721384	0.401857	0.401857	0.784983	0.637259	0.784983	0.721384	0.637259	0.629215	0.637259	0.401857	0.784983	0.637259	0.784983
Sq = 	2.70617e-18	0.337045	0.361235	0.337045	0.337045	0.361568	0.56756	0.361568	0.361235	0.56756	0.59446	0.56756	0.337045	0.361568	0.56756	0.361568
4 rounds of non-Gaussian ED iteration : ground-state energy is -76.7409 | electron energy -76.8901 + phonon energy 0.149191 | electron momentum kIdx = 0
Nq = 	12.25	0.402144	0.758213	0.402144	0.402144	0.783881	0.644129	0.783881	0.758213	0.644129	0.638059	0.644129	0.402144	0.783881	0.644129	0.783881
Sq = 	3.70653e-18	0.329536	0.357393	0.329536	0.329536	0.357306	0.556474	0.357306	0.357393	0.556474	0.586848	0.556474	0.329536	0.357306	0.556474	0.357306
5 rounds of non-Gaussian ED iteration : ground-state energy is -76.7687 | electron energy -76.9293 + phonon energy 0.160606 | electron momentum kIdx = 0
Nq = 	12.25	0.402359	0.77121	0.402359	0.402359	0.781993	0.647021	0.781993	0.77121	0.647021	0.642534	0.647021	0.402359	0.781993	0.647021	0.781993
Sq = 	1.23519e-17	0.327033	0.356028	0.327033	0.327033	0.355965	0.552807	0.355965	0.356028	0.552807	0.584278	0.552807	0.327033	0.355965	0.552807	0.355965
6 rounds of non-Gaussian ED iteration : ground-state energy is -76.7724 | electron energy -76.9374 + phonon energy 0.164935 | electron momentum kIdx = 0
Nq = 	12.25	0.402485	0.776132	0.402485	0.402485	0.780796	0.648223	0.780796	0.776132	0.648223	0.644691	0.648223	0.402485	0.780796	0.648223	0.780796
Sq = 	-7.2459e-21	0.326146	0.355524	0.326146	0.326146	0.355492	0.551515	0.355492	0.355524	0.551515	0.583367	0.551515	0.326146	0.355492	0.551515	0.355492
Ground state is obtained after 7 iterations. The current ground-state energy is -76.7729, in which electron energy is -76.9395 and phonon energy is 0.166547
final variational state is: 
Gamma_x =       1  1.0348 1.06815  1.0348  1.0348 1.06849 1.08507 1.06849 1.06815 1.08507 1.09953 1.08507  1.0348 1.06849 1.08507 1.06849
lambda_q = 0.631874 0.555461 0.554668 0.555461 0.555461  0.55558 0.507659  0.55558 0.554668 0.507659 0.477278 0.507659 0.555461  0.55558 0.507659  0.55558
o___o  -------------------------------------
| L |	Time since last clock: 0h 24m 28.622s
A===A	Time since the beginning: 0h 24m 28.622s
********************************************

************************************************************************************
Warm up completed
o___o  -------------------------------------
| L |	Time since last clock: 0h 0m 0.023s
A===A	Time since the beginning: 0h 24m 28.645s
********************************************

************************************************************************************
0 rounds of non-Gaussian ED iteration : ground-state energy is -67.9267 | electron energy -68.01 + phonon energy 0.0832733 | electron momentum kIdx = 0
Nq = 	12.25	0.356957	0.373625	0.356957	0.356957	0.491834	0.557728	0.491834	0.373625	0.557728	0.563932	0.557728	0.356957	0.491834	0.557728	0.491834
Sq = 	-1.39599e-17	0.390481	0.566605	0.390481	0.390481	0.519884	0.65645	0.519884	0.566605	0.65645	1.41227	0.65645	0.390481	0.519884	0.65645	0.519884
1 rounds of non-Gaussian ED iteration : ground-state energy is -70.9676 | electron energy -71.2049 + phonon energy 0.237336 | electron momentum kIdx = 0
Nq = 	12.25	0.395023	0.373502	0.395023	0.395023	0.577531	0.585645	0.577533	0.373502	0.585645	0.575059	0.585645	0.395023	0.577533	0.585645	0.577531
Sq = 	1.81538e-17	0.379494	0.633386	0.379494	0.379494	0.562908	0.630482	0.562906	0.633386	0.630482	0.636834	0.630482	0.379494	0.562906	0.630482	0.562908
2 rounds of non-Gaussian ED iteration : ground-state energy is -72.2126 | electron energy -72.5537 + phonon energy 0.341054 | electron momentum kIdx = 0
Nq = 	12.25	0.402639	0.474838	0.402639	0.402639	0.786422	0.600078	0.786427	0.474838	0.600078	0.581542	0.600078	0.402639	0.786427	0.600078	0.786422
Sq = 	-8.40098e-18	0.364808	0.377451	0.364808	0.364808	0.441282	0.61413	0.44128	0.377451	0.61413	0.62644	0.61413	0.364808	0.44128	0.61413	0.441282
3 rounds of non-Gaussian ED iteration : ground-state energy is -72.7757 | electron energy -73.1875 + phonon energy 0.411754 | electron momentum kIdx = 0
Nq = 	12.25	0.403215	0.559369	0.403215	0.403215	0.825656	0.601434	0.82566	0.559369	0.601434	0.582562	0.601434	0.403215	0.82566	0.601434	0.825656
Sq = 	9.08359e-18	0.353582	0.372416	0.353582	0.353582	0.393657	0.594731	0.393656	0.372416	0.594731	0.614762	0.594731	0.353582	0.393656	0.594731	0.393657
4 rounds of non-Gaussian ED iteration : ground-state energy is -73.001 | electron energy -73.4626 + phonon energy 0.461667 | electron momentum kIdx = 0
Nq = 	12.25	0.40218	0.618981	0.40218	0.40218	0.835226	0.601699	0.835229	0.618981	0.601699	0.583053	0.601699	0.40218	0.835229	0.601699	0.835226
Sq = 	-6.65426e-18	0.346218	0.368972	0.346218	0.346218	0.377805	0.582894	0.377805	0.368972	0.582894	0.606948	0.582894	0.346218	0.377805	0.582894	0.377805
5 rounds of non-Gaussian ED iteration : ground-state energy is -73.0895 | electron energy -73.5848 + phonon energy 0.495231 | electron momentum kIdx = 0
Nq = 	12.25	0.401103	0.664435	0.401103	0.401103	0.834523	0.601738	0.834525	0.664435	0.601738	0.583426	0.601738	0.401103	0.834525	0.601738	0.834523
Sq = 	-2.23938e-18	0.341704	0.366745	0.341704	0.341704	0.370638	0.575829	0.370638	0.366745	0.575829	0.602069	0.575829	0.341704	0.370638	0.575829	0.370638
6 rounds of non-Gaussian ED iteration : ground-state energy is -73.1247 | electron energy -73.6417 + phonon energy 0.516968 | electron momentum kIdx = 0
Nq = 	12.25	0.400239	0.699093	0.400239	0.400239	0.830125	0.601699	0.830126	0.699093	0.601699	0.583705	0.601699	0.400239	0.830126	0.601699	0.830125
Sq = 	3.26941e-18	0.338959	0.365313	0.338959	0.338959	0.36699	0.571592	0.36699	0.365313	0.571592	0.59906	0.571592	0.338959	0.36699	0.571592	0.36699
7 rounds of non-Gaussian ED iteration : ground-state energy is -73.139 | electron energy -73.6697 + phonon energy 0.530715 | electron momentum kIdx = 0
Nq = 	12.25	0.399603	0.725167	0.399603	0.399603	0.824835	0.601636	0.824836	0.725167	0.601636	0.583903	0.601636	0.399603	0.824836	0.601636	0.824835
Sq = 	2.45555e-18	0.337291	0.364391	0.337291	0.337291	0.365038	0.569038	0.365038	0.364391	0.569038	0.597212	0.569038	0.337291	0.365038	0.569038	0.365038
8 rounds of non-Gaussian ED iteration : ground-state energy is -73.145 | electron energy -73.6842 + phonon energy 0.539282 | electron momentum kIdx = 0
Nq = 	12.25	0.399156	0.744575	0.399156	0.399156	0.819816	0.601572	0.819817	0.744575	0.601572	0.58404	0.601572	0.399156	0.819817	0.601572	0.819816
Sq = 	-9.63425e-18	0.336277	0.363795	0.336277	0.336277	0.363969	0.567494	0.363969	0.363795	0.567494	0.59608	0.567494	0.336277	0.363969	0.567494	0.363969
9 rounds of non-Gaussian ED iteration : ground-state energy is -73.1476 | electron energy -73.6921 + phonon energy 0.544569 | electron momentum kIdx = 0
Nq = 	12.25	0.39885	0.758934	0.39885	0.39885	0.815478	0.601519	0.815479	0.758934	0.601519	0.584134	0.601519	0.39885	0.815479	0.601519	0.815478
Sq = 	-4.42425e-19	0.335662	0.36341	0.335662	0.335662	0.363377	0.566561	0.363377	0.36341	0.566561	0.595387	0.566561	0.335662	0.363377	0.566561	0.363377
10 rounds of non-Gaussian ED iteration : ground-state energy is -73.1487 | electron energy -73.6965 + phonon energy 0.547813 | electron momentum kIdx = 0
Nq = 	12.25	0.398644	0.769532	0.398644	0.398644	0.811906	0.601479	0.811907	0.769531	0.601479	0.584197	0.601479	0.398644	0.811907	0.601479	0.811906
Sq = 	-6.64227e-18	0.335289	0.36316	0.335289	0.335289	0.363047	0.565998	0.363047	0.36316	0.565998	0.594965	0.565998	0.335289	0.363047	0.565998	0.363047
11 rounds of non-Gaussian ED iteration : ground-state energy is -73.1493 | electron energy -73.6991 + phonon energy 0.549793 | electron momentum kIdx = 0
Nq = 	12.25	0.398509	0.777348	0.398509	0.398509	0.809047	0.60145	0.809047	0.777348	0.60145	0.584239	0.60145	0.398509	0.809047	0.60145	0.809047
Sq = 	-9.32024e-19	0.335063	0.362996	0.335063	0.335063	0.362865	0.565658	0.362865	0.362996	0.565658	0.594708	0.565658	0.335063	0.362865	0.565658	0.362865
12 rounds of non-Gaussian ED iteration : ground-state energy is -73.1496 | electron energy -73.7005 + phonon energy 0.550998 | electron momentum kIdx = 0
Nq = 	12.25	0.39842	0.783116	0.39842	0.39842	0.806799	0.601429	0.8068	0.783116	0.601429	0.584267	0.601429	0.39842	0.8068	0.601429	0.806799
Sq = 	5.03821e-18	0.334927	0.362888	0.334927	0.334927	0.362764	0.565453	0.362764	0.362888	0.565453	0.594552	0.565453	0.334927	0.362764	0.565453	0.362764
13 rounds of non-Gaussian ED iteration : ground-state energy is -73.1497 | electron energy -73.7014 + phonon energy 0.551729 | electron momentum kIdx = 0
Nq = 	12.25	0.398363	0.787375	0.398363	0.398363	0.805055	0.601415	0.805056	0.787375	0.601415	0.584286	0.601415	0.398363	0.805056	0.601415	0.805055
Sq = 	-2.64202e-18	0.334845	0.362816	0.334845	0.334845	0.36271	0.56533	0.36271	0.362816	0.56533	0.594458	0.56533	0.334845	0.36271	0.56533	0.36271
14 rounds of non-Gaussian ED iteration : ground-state energy is -73.1498 | electron energy -73.7019 + phonon energy 0.552171 | electron momentum kIdx = 0
Nq = 	12.25	0.398326	0.790524	0.398326	0.398326	0.803715	0.601406	0.803715	0.790524	0.601406	0.584298	0.601406	0.398326	0.803715	0.601406	0.803715
Sq = 	6.35694e-18	0.334796	0.362768	0.334796	0.334796	0.362681	0.565256	0.362681	0.362768	0.565256	0.5944	0.565256	0.334796	0.362681	0.565256	0.362681
15 rounds of non-Gaussian ED iteration : ground-state energy is -73.1498 | electron energy -73.7022 + phonon energy 0.552439 | electron momentum kIdx = 0
Nq = 	12.25	0.398302	0.792854	0.398302	0.398302	0.802691	0.601399	0.802691	0.792854	0.601399	0.584306	0.601399	0.398302	0.802691	0.601399	0.802691
Sq = 	-4.6939e-18	0.334766	0.362735	0.334766	0.334766	0.362666	0.565212	0.362666	0.362735	0.565212	0.594366	0.565212	0.334766	0.362666	0.565212	0.362666
16 rounds of non-Gaussian ED iteration : ground-state energy is -73.1498 | electron energy -73.7024 + phonon energy 0.5526 | electron momentum kIdx = 0
Nq = 	12.25	0.398287	0.79458	0.398287	0.398287	0.801913	0.601395	0.801913	0.79458	0.601395	0.584311	0.601395	0.398287	0.801913	0.601395	0.801913
Sq = 	-2.8598e-18	0.334749	0.362713	0.334749	0.334749	0.362659	0.565186	0.362659	0.362713	0.565186	0.594345	0.565186	0.334749	0.362659	0.565186	0.362659
17 rounds of non-Gaussian ED iteration : ground-state energy is -73.1498 | electron energy -73.7025 + phonon energy 0.552696 | electron momentum kIdx = 0
Nq = 	12.25	0.398278	0.79586	0.398278	0.398278	0.801325	0.601393	0.801325	0.79586	0.601393	0.584314	0.601393	0.398278	0.801325	0.601393	0.801325
Sq = 	5.13711e-19	0.334738	0.362697	0.334738	0.334738	0.362656	0.56517	0.362656	0.362697	0.56517	0.594333	0.56517	0.334738	0.362656	0.56517	0.362656
18 rounds of non-Gaussian ED iteration : ground-state energy is -73.1498 | electron energy -73.7026 + phonon energy 0.552755 | electron momentum kIdx = 0
Nq = 	12.25	0.398272	0.796809	0.398272	0.398272	0.800882	0.601391	0.800882	0.796809	0.601391	0.584316	0.601391	0.398272	0.800882	0.601391	0.800882
Sq = 	3.49688e-18	0.334732	0.362687	0.334732	0.334732	0.362655	0.56516	0.362655	0.362687	0.56516	0.594325	0.56516	0.334732	0.362655	0.56516	0.362655
19 rounds of non-Gaussian ED iteration : ground-state energy is -73.1498 | electron energy -73.7026 + phonon energy 0.552789 | electron momentum kIdx = 0
Nq = 	12.25	0.398268	0.797514	0.398268	0.398268	0.800548	0.60139	0.800548	0.797514	0.60139	0.584318	0.60139	0.398268	0.800548	0.60139	0.800548
Sq = 	-3.72303e-20	0.334728	0.362679	0.334728	0.334728	0.362655	0.565155	0.362655	0.362679	0.565155	0.594321	0.565155	0.334728	0.362655	0.565155	0.362655
20 rounds of non-Gaussian ED iteration : ground-state energy is -73.1498 | electron energy -73.7026 + phonon energy 0.55281 | electron momentum kIdx = 0
Nq = 	12.25	0.398266	0.798037	0.398266	0.398266	0.800298	0.601389	0.800298	0.798037	0.601389	0.584319	0.601389	0.398266	0.800298	0.601389	0.800298
Sq = 	3.21148e-18	0.334726	0.362674	0.334726	0.334726	0.362656	0.565151	0.362656	0.362674	0.565151	0.594318	0.565151	0.334726	0.362656	0.565151	0.362656
Ground state is obtained after 21 iterations. The current ground-state energy is -73.1498, in which electron energy is -73.7027 and phonon energy is 0.552823
final variational state is: 
Gamma_x =       1 1.10179 1.20056 1.10179 1.10179 1.20096   1.219 1.20096 1.20056   1.219 1.23801   1.219 1.10179 1.20096   1.219 1.20096
lambda_q = 0.894413 0.726696 0.738187 0.726696 0.726696 0.738794 0.632343 0.738794 0.738187 0.632343 0.573339 0.632343 0.726696 0.738794 0.632343 0.738794
o___o  -------------------------------------
| L |	Time since last clock: 1h 11m 40.739s
A===A	Time since the beginning: 1h 36m 9.383s
********************************************

************************************************************************************
