SNEDics v3.4 Non-Gaussian ED ground state program		Start at Wed Oct  2 00:22:43 2019

parallized on 16 MPI threads  * 8 OpenMP threads = 128 total threads.
********************************************************************************************************************
********************************************************************************************************************

********************************************************************************************************************
System parameters and configurations
********************************************************************************************************************
Special program options are enabled: splitted diagonal Hamiltonian
********************************************************************************************************************
Read input file "model_params.in"
	Hubbard-Holstein model parameters : 	t = 1    U = 5.1    g = 4    W = 5    
********************************************************************************************************************
Read input file "hilbertspace_params.in"
	Requested 16-site 2D lattice, with 16 electrons (8, 8)
	Boundary : Periodic		Hilbert space representation : momentum-space (restricted to kIdx = 10)
	Conservation: particle number[U(1)]      spin[U(1)]     momentum
********************************************************************************************************************

Cluster Positions:				Cluster symmetry group : D4
 x ... x ... x ... x .....                       x ... x ... x ... x .....
 |           |           :                       |           |           :
 |           |           :                       |           |           :
12    13    14    15     x                       1     5     6     5     x
 |           |           :                       |           |           :
 |           |           :                       |           |           :
 8 --- 9 ---10 ---11 --- x                       2 --- 6 ---10 --- 6 --- x
 |           |           :                       |           |           :
 |           |           :                       |           |           :
 4     5     6     7     x                       1     5     6     5     x
 |           |           :                       |           |           :
 |           |           :                       |           |           :
 0 --- 1 --- 2 --- 3 --- x                       0 --- 1 --- 2 --- 1 --- x
orbital number : 1
********************************************************************************************************************
Read input file "obs_params.in"
	Observable Type : Nq(All),   Sq(All),   N(All),   Delta[s](All),   Delta[d](All),   Delta[s+](All)
********************************************************************************************************************
** WARNING ** the input observables have non-local factors which have been reinterpreted. The total observable number is 96
********************************************************************************************************************


********************************************************************************************************************
Start calculating the non-Gaussian ED ground state
** WARNING ** Detected low phonon energy W < 10. The initial state will be prepared through a warm-up process.
********************************************************************************************************************
Start warm-up calculation for scaling factor 2
open output files: NGSEDWarmUpW10Obs.txt
********************************************************************************************************************
Start the 0 rounds of NGS-ED iteration
	effective electronic model is modified as: kinetic energy t = 1
	                                           effective interaction Vq = [-0,-0,-0,-0,-0,-0,-0,-0,-0,-0,-0,-0,-0,-0,-0,-0]
	first Hamiltonian is constructed, non-zero numbers = 2845334624
	PARPACK diagonalization completed after 90 matrix-vector product operations.
	iteration results: : total energy is -11.611145 | electron energy -11.611145 + phonon energy 0.000000 | electron momentum kIdx = 10
	Nq(0) = 16,	Nq(1) = 0.125884,	Nq(2) = 0.19358,	Nq(3) = 0.125884,	Nq(4) = 0.125884,	Nq(5) = 0.19358,	Nq(6) = 0.262672,	Nq(7) = 0.19358,	Nq(8) = 0.19358,	Nq(9) = 0.262672,	Nq(10) = 0.32053,	Nq(11) = 0.262672,	Nq(12) = 0.125884,	Nq(13) = 0.19358,	Nq(14) = 0.262672,	Nq(15) = 0.19358,	Sq(0) = 9.48061e-19,	Sq(1) = 0.286493,	Sq(2) = 0.409396,	Sq(3) = 0.286493,	Sq(4) = 0.286493,	Sq(5) = 0.409396,	Sq(6) = 0.607134,	Sq(7) = 0.409396,	Sq(8) = 0.409396,	Sq(9) = 0.607134,	Sq(10) = 6.93288,	Sq(11) = 0.607134,	Sq(12) = 0.286493,	Sq(13) = 0.409396,	Sq(14) = 0.607134,	Sq(15) = 0.409396,	N(0) = 1.89246,	N(1) = 1.76337,	N(2) = 1,	N(3) = 1.76337,	N(4) = 1.76337,	N(5) = 1,	N(6) = 0.236634,	N(7) = 1,	N(8) = 1,	N(9) = 0.236634,	N(10) = 0.10754,	N(11) = 0.236634,	N(12) = 1.76337,	N(13) = 1,	N(14) = 0.236634,	N(15) = 1,	Delta[s](0) = 0.142685,	Delta[s](1) = 0.121503,	Delta[s](2) = 0.09627,	Delta[s](3) = 0.121503,	Delta[s](4) = 0.121503,	Delta[s](5) = 0.09627,	Delta[s](6) = 0.071508,	Delta[s](7) = 0.09627,	Delta[s](8) = 0.09627,	Delta[s](9) = 0.071508,	Delta[s](10) = 0.0257657,	Delta[s](11) = 0.071508,	Delta[s](12) = 0.121503,	Delta[s](13) = 0.09627,	Delta[s](14) = 0.071508,	Delta[s](15) = 0.09627,	Delta[d](0) = 0.528773,	Delta[d](1) = 0.414381,	Delta[d](2) = 0.347329,	Delta[d](3) = 0.414381,	Delta[d](4) = 0.414381,	Delta[d](5) = 0.385984,	Delta[d](6) = 0.319337,	Delta[d](7) = 0.385984,	Delta[d](8) = 0.347329,	Delta[d](9) = 0.319337,	Delta[d](10) = 0.258891,	Delta[d](11) = 0.319337,	Delta[d](12) = 0.414381,	Delta[d](13) = 0.385984,	Delta[d](14) = 0.319337,	Delta[d](15) = 0.385984,	Delta[s+](0) = 0.595287,	Delta[s+](1) = 0.491602,	Delta[s+](2) = 0.347329,	Delta[s+](3) = 0.491602,	Delta[s+](4) = 0.491602,	Delta[s+](5) = 0.347329,	Delta[s+](6) = 0.206416,	Delta[s+](7) = 0.347329,	Delta[s+](8) = 0.347329,	Delta[s+](9) = 0.206416,	Delta[s+](10) = 0.0913463,	Delta[s+](11) = 0.206416,	Delta[s+](12) = 0.491602,	Delta[s+](13) = 0.347329,	Delta[s+](14) = 0.206416,	Delta[s+](15) = 0.347329
The 0-th iteration is completed.	|| time cost : 0h 8m 29.302s
********************************************************************************************************************
Start the 1 rounds of NGS-ED iteration
	effective electronic model is modified as: kinetic energy t = 0.924404
	                                           effective interaction Vq = [-2.76693,-2.48618,-2.40601,-2.48618,-2.48618,-2.40601,-2.37133,-2.40601,-2.40601,-2.37133,-2.33814,-2.37133,-2.48618,-2.40601,-2.37133,-2.40601]
	PARPACK diagonalization completed after 45 matrix-vector product operations.
	iteration results: : total energy is -65.473276 | electron energy -65.478130 + phonon energy 0.004855 | electron momentum kIdx = 10
The 1-th iteration is completed.	|| time cost : 0h 7m 32.149s
********************************************************************************************************************
Start the 2 rounds of NGS-ED iteration
	effective electronic model is modified as: kinetic energy t = 0.863798
	                                           effective interaction Vq = [-3.14139,-3.00145,-2.87329,-3.00145,-3.00145,-2.87329,-2.88719,-2.87329,-2.87329,-2.88719,-2.81486,-2.88719,-3.00145,-2.87329,-2.88719,-2.87329]
	PARPACK diagonalization completed after 45 matrix-vector product operations.
	iteration results: : total energy is -73.952285 | electron energy -73.996927 + phonon energy 0.044642 | electron momentum kIdx = 10
The 2-th iteration is completed.	|| time cost : 0h 0m 32.05s
********************************************************************************************************************
Start the 3 rounds of NGS-ED iteration
	effective electronic model is modified as: kinetic energy t = 0.831174
	                                           effective interaction Vq = [-3.19207,-3.11189,-3.06874,-3.11189,-3.11189,-3.06874,-3.01935,-3.06874,-3.06874,-3.01935,-2.93927,-3.01935,-3.11189,-3.06874,-3.01935,-3.06874]
	PARPACK diagonalization completed after 30 matrix-vector product operations.
	iteration results: : total energy is -75.368351 | electron energy -75.451669 + phonon energy 0.083317 | electron momentum kIdx = 10
The 3-th iteration is completed.	|| time cost : 0h 0m 27.376s
********************************************************************************************************************
Start the 4 rounds of NGS-ED iteration
	effective electronic model is modified as: kinetic energy t = 0.819215
	                                           effective interaction Vq = [-3.19893,-3.13921,-3.11832,-3.13921,-3.13921,-3.11832,-3.05686,-3.11832,-3.11832,-3.05686,-2.97665,-3.05686,-3.13921,-3.11832,-3.05686,-3.11832]
	PARPACK diagonalization completed after 30 matrix-vector product operations.
	iteration results: : total energy is -75.557092 | electron energy -75.660564 + phonon energy 0.103472 | electron momentum kIdx = 10
The 4-th iteration is completed.	|| time cost : 0h 0m 27.324s
********************************************************************************************************************
Start the 5 rounds of NGS-ED iteration
	effective electronic model is modified as: kinetic energy t = 0.814982
	                                           effective interaction Vq = [-3.19985,-3.14727,-3.13309,-3.14727,-3.14727,-3.13309,-3.06898,-3.13309,-3.13309,-3.06898,-2.98911,-3.06898,-3.14727,-3.13309,-3.06898,-3.13309]
	PARPACK diagonalization completed after 30 matrix-vector product operations.
	iteration results: : total energy is -75.581764 | electron energy -75.693336 + phonon energy 0.111572 | electron momentum kIdx = 10
The 5-th iteration is completed.	|| time cost : 0h 0m 27.311s
********************************************************************************************************************
Start the 6 rounds of NGS-ED iteration
	effective electronic model is modified as: kinetic energy t = 0.813501
	                                           effective interaction Vq = [-3.19998,-3.14986, -3.1379,-3.14986,-3.14986, -3.1379,-3.07312, -3.1379, -3.1379,-3.07312,-2.99345,-3.07312,-3.14986, -3.1379,-3.07312, -3.1379]
	PARPACK diagonalization completed after 90 matrix-vector product operations.
	iteration results: : total energy is -75.932039 | electron energy -76.046592 + phonon energy 0.114553 | electron momentum kIdx = 10
The 6-th iteration is completed.	|| time cost : 0h 0m 46.09s
********************************************************************************************************************
Start the 7 rounds of NGS-ED iteration
	effective electronic model is modified as: kinetic energy t = 0.810381
	                                           effective interaction Vq = [    -3.2,-3.14662,-3.14656,-3.14662,-3.14662,-3.14656,-3.06783,-3.14656,-3.14656,-3.06783,-3.07214,-3.06783,-3.14662,-3.14656,-3.06783,-3.14656]
	PARPACK diagonalization completed after 45 matrix-vector product operations.
	iteration results: : total energy is -75.961625 | electron energy -76.080309 + phonon energy 0.118684 | electron momentum kIdx = 10
The 7-th iteration is completed.	|| time cost : 0h 0m 32.01s
********************************************************************************************************************
Start the 8 rounds of NGS-ED iteration
	effective electronic model is modified as: kinetic energy t = 0.8088
	                                           effective interaction Vq = [    -3.2,-3.14607,-3.14742,-3.14607,-3.14607,-3.14742,-3.06681,-3.14742,-3.14742,-3.06681,-3.11334,-3.06681,-3.14607,-3.14742,-3.06681,-3.14742]
	PARPACK diagonalization completed after 45 matrix-vector product operations.
	iteration results: : total energy is -75.990684 | electron energy -76.112641 + phonon energy 0.121957 | electron momentum kIdx = 10
The 8-th iteration is completed.	|| time cost : 0h 0m 32.294s
********************************************************************************************************************
Start the 9 rounds of NGS-ED iteration
	effective electronic model is modified as: kinetic energy t = 0.809844
	                                           effective interaction Vq = [    -3.2,-3.14577,-3.12442,-3.14577,-3.14577,-3.12442,-3.06669,-3.12442,-3.12442,-3.06669, -3.1659,-3.06669,-3.14577,-3.12442,-3.06669,-3.12442]
	PARPACK diagonalization completed after 45 matrix-vector product operations.
	iteration results: : total energy is -76.148549 | electron energy -76.272482 + phonon energy 0.123934 | electron momentum kIdx = 10
The 9-th iteration is completed.	|| time cost : 0h 0m 32.064s
********************************************************************************************************************
Start the 10 rounds of NGS-ED iteration
	effective electronic model is modified as: kinetic energy t = 0.817537
	                                           effective interaction Vq = [    -3.2,-3.13887,-3.06124,-3.13887,-3.13887,-3.06124,-3.05694,-3.06124,-3.06124,-3.05694, -3.1862,-3.05694,-3.13887,-3.06124,-3.05694,-3.06124]
	PARPACK diagonalization completed after 30 matrix-vector product operations.
	iteration results: : total energy is -76.242248 | electron energy -76.363398 + phonon energy 0.121150 | electron momentum kIdx = 10
	Nq(0) = 16,	Nq(1) = 0.340031,	Nq(2) = 0.372577,	Nq(3) = 0.340031,	Nq(4) = 0.340031,	Nq(5) = 0.372577,	Nq(6) = 0.603062,	Nq(7) = 0.372577,	Nq(8) = 0.372577,	Nq(9) = 0.603062,	Nq(10) = 4.40892,	Nq(11) = 0.603062,	Nq(12) = 0.340031,	Nq(13) = 0.372577,	Nq(14) = 0.603062,	Nq(15) = 0.372577,	Sq(0) = 9.19679e-18,	Sq(1) = 0.274042,	Sq(2) = 0.329818,	Sq(3) = 0.274042,	Sq(4) = 0.274042,	Sq(5) = 0.329818,	Sq(6) = 0.489846,	Sq(7) = 0.329818,	Sq(8) = 0.329818,	Sq(9) = 0.489846,	Sq(10) = 0.548787,	Sq(11) = 0.489846,	Sq(12) = 0.274042,	Sq(13) = 0.329818,	Sq(14) = 0.489846,	Sq(15) = 0.329818,	N(0) = 1.98988,	N(1) = 1.97226,	N(2) = 1,	N(3) = 1.97226,	N(4) = 1.97226,	N(5) = 1,	N(6) = 0.0277439,	N(7) = 1,	N(8) = 1,	N(9) = 0.0277439,	N(10) = 0.0101232,	N(11) = 0.0277439,	N(12) = 1.97226,	N(13) = 1,	N(14) = 0.0277439,	N(15) = 1,	Delta[s](0) = 0.45923,	Delta[s](1) = 0.34514,	Delta[s](2) = 0.333347,	Delta[s](3) = 0.34514,	Delta[s](4) = 0.34514,	Delta[s](5) = 0.333347,	Delta[s](6) = 0.278609,	Delta[s](7) = 0.333347,	Delta[s](8) = 0.333347,	Delta[s](9) = 0.278609,	Delta[s](10) = 0.254072,	Delta[s](11) = 0.278609,	Delta[s](12) = 0.34514,	Delta[s](13) = 0.333347,	Delta[s](14) = 0.278609,	Delta[s](15) = 0.333347,	Delta[d](0) = 0.229583,	Delta[d](1) = 0.227072,	Delta[d](2) = 0.223716,	Delta[d](3) = 0.227072,	Delta[d](4) = 0.227072,	Delta[d](5) = 0.146483,	Delta[d](6) = 0.185343,	Delta[d](7) = 0.146483,	Delta[d](8) = 0.223716,	Delta[d](9) = 0.185343,	Delta[d](10) = 0.0633311,	Delta[d](11) = 0.185343,	Delta[d](12) = 0.227072,	Delta[d](13) = 0.146483,	Delta[d](14) = 0.185343,	Delta[d](15) = 0.146483,	Delta[s+](0) = 0.429969,	Delta[s+](1) = 0.343157,	Delta[s+](2) = 0.223716,	Delta[s+](3) = 0.343157,	Delta[s+](4) = 0.343157,	Delta[s+](5) = 0.223716,	Delta[s+](6) = 0.10256,	Delta[s+](7) = 0.223716,	Delta[s+](8) = 0.223716,	Delta[s+](9) = 0.10256,	Delta[s+](10) = 0.0349855,	Delta[s+](11) = 0.10256,	Delta[s+](12) = 0.343157,	Delta[s+](13) = 0.223716,	Delta[s+](14) = 0.10256,	Delta[s+](15) = 0.223716
The 10-th iteration is completed.	|| time cost : 0h 4m 40.938s
********************************************************************************************************************
Start the 11 rounds of NGS-ED iteration
	effective electronic model is modified as: kinetic energy t = 0.82081
	                                           effective interaction Vq = [    -3.2,-3.13344, -3.0326,-3.13344,-3.13344, -3.0326,-3.04956, -3.0326, -3.0326,-3.04956,-3.19129,-3.04956,-3.13344, -3.0326,-3.04956, -3.0326]
	PARPACK diagonalization completed after 30 matrix-vector product operations.
	iteration results: : total energy is -76.255516 | electron energy -76.374111 + phonon energy 0.118595 | electron momentum kIdx = 10
The 11-th iteration is completed.	|| time cost : 0h 0m 27.658s
********************************************************************************************************************
Start the 12 rounds of NGS-ED iteration
	effective electronic model is modified as: kinetic energy t = 0.822113
	                                           effective interaction Vq = [    -3.2,-3.13055,-3.02184,-3.13055,-3.13055,-3.02184,-3.04571,-3.02184,-3.02184,-3.04571,-3.19279,-3.04571,-3.13055,-3.02184,-3.04571,-3.02184]
	PARPACK diagonalization completed after 30 matrix-vector product operations.
	iteration results: : total energy is -76.257289 | electron energy -76.374609 + phonon energy 0.117320 | electron momentum kIdx = 10
The 12-th iteration is completed.	|| time cost : 0h 0m 27.315s
********************************************************************************************************************
Start the 13 rounds of NGS-ED iteration
	effective electronic model is modified as: kinetic energy t = 0.822631
	                                           effective interaction Vq = [    -3.2,-3.12919,-3.01793,-3.12919,-3.12919,-3.01793, -3.0439,-3.01793,-3.01793, -3.0439,-3.19328, -3.0439,-3.12919,-3.01793, -3.0439,-3.01793]
	PARPACK diagonalization completed after 30 matrix-vector product operations.
	iteration results: : total energy is -76.257532 | electron energy -76.374276 + phonon energy 0.116745 | electron momentum kIdx = 10
The 13-th iteration is completed.	|| time cost : 0h 0m 27.337s
********************************************************************************************************************
Start the 14 rounds of NGS-ED iteration
	effective electronic model is modified as: kinetic energy t = 0.822838
	                                           effective interaction Vq = [    -3.2,-3.12858,-3.01652,-3.12858,-3.12858,-3.01652, -3.0431,-3.01652,-3.01652, -3.0431,-3.19345, -3.0431,-3.12858,-3.01652, -3.0431,-3.01652]
	PARPACK diagonalization completed after 30 matrix-vector product operations.
	iteration results: : total energy is -76.257566 | electron energy -76.374061 + phonon energy 0.116495 | electron momentum kIdx = 10
The 14-th iteration is completed.	|| time cost : 0h 0m 27.287s
********************************************************************************************************************
Start the 15 rounds of NGS-ED iteration
	effective electronic model is modified as: kinetic energy t = 0.822921
	                                           effective interaction Vq = [    -3.2,-3.12832,-3.01601,-3.12832,-3.12832,-3.01601,-3.04275,-3.01601,-3.01601,-3.04275,-3.19351,-3.04275,-3.12832,-3.01601,-3.04275,-3.01601]
	PARPACK diagonalization completed after 30 matrix-vector product operations.
	iteration results: : total energy is -76.257571 | electron energy -76.373960 + phonon energy 0.116389 | electron momentum kIdx = 10
	Nq(0) = 16,	Nq(1) = 0.332996,	Nq(2) = 0.36602,	Nq(3) = 0.332996,	Nq(4) = 0.332996,	Nq(5) = 0.36602,	Nq(6) = 0.594304,	Nq(7) = 0.36602,	Nq(8) = 0.36602,	Nq(9) = 0.594304,	Nq(10) = 4.52792,	Nq(11) = 0.594304,	Nq(12) = 0.332996,	Nq(13) = 0.36602,	Nq(14) = 0.594304,	Nq(15) = 0.36602,	Sq(0) = 2.53845e-18,	Sq(1) = 0.272016,	Sq(2) = 0.328955,	Sq(3) = 0.272016,	Sq(4) = 0.272016,	Sq(5) = 0.328955,	Sq(6) = 0.488798,	Sq(7) = 0.328955,	Sq(8) = 0.328955,	Sq(9) = 0.488798,	Sq(10) = 0.549774,	Sq(11) = 0.488798,	Sq(12) = 0.272016,	Sq(13) = 0.328955,	Sq(14) = 0.488798,	Sq(15) = 0.328955,	N(0) = 1.98937,	N(1) = 1.97076,	N(2) = 1,	N(3) = 1.97076,	N(4) = 1.97076,	N(5) = 1,	N(6) = 0.0292388,	N(7) = 1,	N(8) = 1,	N(9) = 0.0292388,	N(10) = 0.0106322,	N(11) = 0.0292388,	N(12) = 1.97076,	N(13) = 1,	N(14) = 0.0292388,	N(15) = 1,	Delta[s](0) = 0.453688,	Delta[s](1) = 0.346064,	Delta[s](2) = 0.333843,	Delta[s](3) = 0.346064,	Delta[s](4) = 0.346064,	Delta[s](5) = 0.333843,	Delta[s](6) = 0.27972,	Delta[s](7) = 0.333843,	Delta[s](8) = 0.333843,	Delta[s](9) = 0.27972,	Delta[s](10) = 0.256736,	Delta[s](11) = 0.27972,	Delta[s](12) = 0.346064,	Delta[s](13) = 0.333843,	Delta[s](14) = 0.27972,	Delta[s](15) = 0.333843,	Delta[d](0) = 0.227661,	Delta[d](1) = 0.224504,	Delta[d](2) = 0.222177,	Delta[d](3) = 0.224504,	Delta[d](4) = 0.224504,	Delta[d](5) = 0.144474,	Delta[d](6) = 0.18262,	Delta[d](7) = 0.144474,	Delta[d](8) = 0.222177,	Delta[d](9) = 0.18262,	Delta[d](10) = 0.061229,	Delta[d](11) = 0.18262,	Delta[d](12) = 0.224504,	Delta[d](13) = 0.144474,	Delta[d](14) = 0.18262,	Delta[d](15) = 0.144474,	Delta[s+](0) = 0.430143,	Delta[s+](1) = 0.342067,	Delta[s+](2) = 0.222177,	Delta[s+](3) = 0.342067,	Delta[s+](4) = 0.342067,	Delta[s+](5) = 0.222177,	Delta[s+](6) = 0.100718,	Delta[s+](7) = 0.222177,	Delta[s+](8) = 0.222177,	Delta[s+](9) = 0.100718,	Delta[s+](10) = 0.0338437,	Delta[s+](11) = 0.100718,	Delta[s+](12) = 0.342067,	Delta[s+](13) = 0.222177,	Delta[s+](14) = 0.100718,	Delta[s+](15) = 0.222177
The 15-th iteration is completed.	|| time cost : 0h 4m 23.96s
********************************************************************************************************************
********************************************************************************************************************
Ground state is obtained after 16 iterations. The current ground-state energy is -76.2576, in which electron energy is -76.374 and phonon energy is 0.116389
final variational state is: 
	Gamma_x = [      1,1.02752,1.04365,1.02752,1.02752,1.04365,1.06782,1.04365,1.04365,1.06782,1.13206,1.06782,1.02752,1.04365,1.06782,1.04365]
	lambda_q = [0.565685,0.480959,0.429972,0.480959,0.480959,0.429972,0.440226,0.429972,0.429972,0.440226,0.540245,0.440226,0.480959,0.429972,0.440226,0.429972]
********************************************************************************************************************
o___o  ----------------------------------------
| L |	Time since last clock: 0h 0m 0s
A===A	Time since the beginning: 0h 31m 12.474s
***********************************************


********************************************************************************************************************
Warm up runs have been completed. Start calculating W = 5 phonon.
open output files: NGSEDIterationObs.txt
********************************************************************************************************************
Start the 0 rounds of NGS-ED iteration
	effective electronic model is modified as: kinetic energy t = 0.822954
	                                           effective interaction Vq = [-2.92548,-2.69106, -2.5154,-2.69106,-2.69106, -2.5154,-2.55281, -2.5154, -2.5154,-2.55281,-2.86264,-2.55281,-2.69106, -2.5154,-2.55281, -2.5154]
	PARPACK diagonalization completed after 30 matrix-vector product operations.
	iteration results: : total energy is -67.706270 | electron energy -67.764442 + phonon energy 0.058172 | electron momentum kIdx = 10
	Nq(0) = 16,	Nq(1) = 0.329315,	Nq(2) = 0.352401,	Nq(3) = 0.329315,	Nq(4) = 0.329315,	Nq(5) = 0.352401,	Nq(6) = 0.558549,	Nq(7) = 0.352401,	Nq(8) = 0.352401,	Nq(9) = 0.558549,	Nq(10) = 4.11255,	Nq(11) = 0.558549,	Nq(12) = 0.329315,	Nq(13) = 0.352401,	Nq(14) = 0.558549,	Nq(15) = 0.352401,	Sq(0) = 6.05538e-18,	Sq(1) = 0.313432,	Sq(2) = 0.354916,	Sq(3) = 0.313432,	Sq(4) = 0.313432,	Sq(5) = 0.354916,	Sq(6) = 0.557988,	Sq(7) = 0.354916,	Sq(8) = 0.354916,	Sq(9) = 0.557988,	Sq(10) = 0.606411,	Sq(11) = 0.557988,	Sq(12) = 0.313432,	Sq(13) = 0.354916,	Sq(14) = 0.557988,	Sq(15) = 0.354916,	N(0) = 1.99567,	N(1) = 1.98706,	N(2) = 1,	N(3) = 1.98706,	N(4) = 1.98706,	N(5) = 1,	N(6) = 0.0129355,	N(7) = 1,	N(8) = 1,	N(9) = 0.0129355,	N(10) = 0.004332,	N(11) = 0.0129355,	N(12) = 1.98706,	N(13) = 1,	N(14) = 0.0129355,	N(15) = 1,	Delta[s](0) = 0.387075,	Delta[s](1) = 0.321458,	Delta[s](2) = 0.312556,	Delta[s](3) = 0.321458,	Delta[s](4) = 0.321458,	Delta[s](5) = 0.312556,	Delta[s](6) = 0.27022,	Delta[s](7) = 0.312556,	Delta[s](8) = 0.312556,	Delta[s](9) = 0.27022,	Delta[s](10) = 0.260081,	Delta[s](11) = 0.27022,	Delta[s](12) = 0.321458,	Delta[s](13) = 0.312556,	Delta[s](14) = 0.27022,	Delta[s](15) = 0.312556,	Delta[d](0) = 0.237815,	Delta[d](1) = 0.24109,	Delta[d](2) = 0.239914,	Delta[d](3) = 0.24109,	Delta[d](4) = 0.24109,	Delta[d](5) = 0.154496,	Delta[d](6) = 0.197668,	Delta[d](7) = 0.154496,	Delta[d](8) = 0.239914,	Delta[d](9) = 0.197668,	Delta[d](10) = 0.0711816,	Delta[d](11) = 0.197668,	Delta[d](12) = 0.24109,	Delta[d](13) = 0.154496,	Delta[d](14) = 0.197668,	Delta[d](15) = 0.154496,	Delta[s+](0) = 0.470441,	Delta[s+](1) = 0.369113,	Delta[s+](2) = 0.239914,	Delta[s+](3) = 0.369113,	Delta[s+](4) = 0.369113,	Delta[s+](5) = 0.239914,	Delta[s+](6) = 0.110808,	Delta[s+](7) = 0.239914,	Delta[s+](8) = 0.239914,	Delta[s+](9) = 0.110808,	Delta[s+](10) = 0.0392843,	Delta[s+](11) = 0.110808,	Delta[s+](12) = 0.369113,	Delta[s+](13) = 0.239914,	Delta[s+](14) = 0.110808,	Delta[s+](15) = 0.239914
The 0-th iteration is completed.	|| time cost : 0h 4m 22.392s
********************************************************************************************************************
Start the 1 rounds of NGS-ED iteration
	effective electronic model is modified as: kinetic energy t = 0.798115
	                                           effective interaction Vq = [-3.09901,-2.85491, -2.6345,-2.85491,-2.85491, -2.6345,-2.68044, -2.6345, -2.6345,-2.68044, -3.0575,-2.68044,-2.85491, -2.6345,-2.68044, -2.6345]
	PARPACK diagonalization completed after 30 matrix-vector product operations.
	iteration results: : total energy is -71.389259 | electron energy -71.568573 + phonon energy 0.179314 | electron momentum kIdx = 10
The 1-th iteration is completed.	|| time cost : 0h 0m 27.354s
********************************************************************************************************************
Start the 2 rounds of NGS-ED iteration
	effective electronic model is modified as: kinetic energy t = 0.785318
	                                           effective interaction Vq = [-3.16285,-2.91798,-2.68868,-2.91798,-2.91798,-2.68868,-2.73493,-2.68868,-2.68868,-2.73493,-3.13809,-2.73493,-2.91798,-2.68868,-2.73493,-2.68868]
	PARPACK diagonalization completed after 30 matrix-vector product operations.
	iteration results: : total energy is -72.742396 | electron energy -73.006255 + phonon energy 0.263859 | electron momentum kIdx = 10
The 2-th iteration is completed.	|| time cost : 0h 0m 27.404s
********************************************************************************************************************
Start the 3 rounds of NGS-ED iteration
	effective electronic model is modified as: kinetic energy t = 0.779241
	                                           effective interaction Vq = [-3.18633, -2.9418, -2.7128, -2.9418, -2.9418, -2.7128,-2.75706, -2.7128, -2.7128,-2.75706,-3.16941,-2.75706, -2.9418, -2.7128,-2.75706, -2.7128]
	PARPACK diagonalization completed after 30 matrix-vector product operations.
	iteration results: : total energy is -73.222175 | electron energy -73.533387 + phonon energy 0.311212 | electron momentum kIdx = 10
The 3-th iteration is completed.	|| time cost : 0h 0m 27.337s
********************************************************************************************************************
Start the 4 rounds of NGS-ED iteration
	effective electronic model is modified as: kinetic energy t = 0.776402
	                                           effective interaction Vq = [-3.19497,-2.95092,-2.72378,-2.95092,-2.95092,-2.72378,-2.76613,-2.72378,-2.72378,-2.76613, -3.1818,-2.76613,-2.95092,-2.72378,-2.76613,-2.72378]
	PARPACK diagonalization completed after 30 matrix-vector product operations.
	iteration results: : total energy is -73.389955 | electron energy -73.725940 + phonon energy 0.335985 | electron momentum kIdx = 10
The 4-th iteration is completed.	|| time cost : 0h 0m 27.315s
********************************************************************************************************************
Start the 5 rounds of NGS-ED iteration
	effective electronic model is modified as: kinetic energy t = 0.77507
	                                           effective interaction Vq = [-3.19815,-2.95444,-2.72896,-2.95444,-2.95444,-2.72896,-2.76992,-2.72896,-2.72896,-2.76992,  -3.187,-2.76992,-2.95444,-2.72896,-2.76992,-2.72896]
	PARPACK diagonalization completed after 30 matrix-vector product operations.
	iteration results: : total energy is -73.448740 | electron energy -73.797354 + phonon energy 0.348614 | electron momentum kIdx = 10
The 5-th iteration is completed.	|| time cost : 0h 0m 27.327s
********************************************************************************************************************
Start the 6 rounds of NGS-ED iteration
	effective electronic model is modified as: kinetic energy t = 0.774444
	                                           effective interaction Vq = [-3.19932,-2.95577,-2.73144,-2.95577,-2.95577,-2.73144, -2.7715,-2.73144,-2.73144, -2.7715,-3.18933, -2.7715,-2.95577,-2.73144, -2.7715,-2.73144]
	PARPACK diagonalization completed after 30 matrix-vector product operations.
	iteration results: : total energy is -73.469514 | electron energy -73.824464 + phonon energy 0.354951 | electron momentum kIdx = 10
The 6-th iteration is completed.	|| time cost : 0h 0m 27.648s
********************************************************************************************************************
Start the 7 rounds of NGS-ED iteration
	effective electronic model is modified as: kinetic energy t = 0.774153
	                                           effective interaction Vq = [-3.19975,-2.95622,-2.73264,-2.95622,-2.95622,-2.73264,-2.77213,-2.73264,-2.73264,-2.77213,-3.19042,-2.77213,-2.95622,-2.73264,-2.77213,-2.73264]
	PARPACK diagonalization completed after 30 matrix-vector product operations.
	iteration results: : total energy is -73.476926 | electron energy -73.835015 + phonon energy 0.358089 | electron momentum kIdx = 10
The 7-th iteration is completed.	|| time cost : 0h 0m 27.342s
********************************************************************************************************************
Start the 8 rounds of NGS-ED iteration
	effective electronic model is modified as: kinetic energy t = 0.774021
	                                           effective interaction Vq = [-3.19991,-2.95632,-2.73321,-2.95632,-2.95632,-2.73321,-2.77235,-2.73321,-2.73321,-2.77235,-3.19095,-2.77235,-2.95632,-2.73321,-2.77235,-2.73321]
	PARPACK diagonalization completed after 30 matrix-vector product operations.
	iteration results: : total energy is -73.479593 | electron energy -73.839216 + phonon energy 0.359624 | electron momentum kIdx = 10
The 8-th iteration is completed.	|| time cost : 0h 0m 27.346s
********************************************************************************************************************
Start the 9 rounds of NGS-ED iteration
	effective electronic model is modified as: kinetic energy t = 0.773963
	                                           effective interaction Vq = [-3.19997,-2.95631,-2.73347,-2.95631,-2.95631,-2.73347, -2.7724,-2.73347,-2.73347, -2.7724,-3.19122, -2.7724,-2.95631,-2.73347, -2.7724,-2.73347]
	PARPACK diagonalization completed after 30 matrix-vector product operations.
	iteration results: : total energy is -73.480559 | electron energy -73.840923 + phonon energy 0.360364 | electron momentum kIdx = 10
The 9-th iteration is completed.	|| time cost : 0h 0m 27.304s
********************************************************************************************************************
Start the 10 rounds of NGS-ED iteration
	effective electronic model is modified as: kinetic energy t = 0.77394
	                                           effective interaction Vq = [-3.19999,-2.95625,-2.73359,-2.95625,-2.95625,-2.73359,-2.77238,-2.73359,-2.73359,-2.77238,-3.19135,-2.77238,-2.95625,-2.73359,-2.77238,-2.73359]
	PARPACK diagonalization completed after 30 matrix-vector product operations.
	iteration results: : total energy is -73.480910 | electron energy -73.841625 + phonon energy 0.360715 | electron momentum kIdx = 10
	Nq(0) = 16,	Nq(1) = 0.271083,	Nq(2) = 0.325317,	Nq(3) = 0.271083,	Nq(4) = 0.271083,	Nq(5) = 0.325317,	Nq(6) = 0.497784,	Nq(7) = 0.325317,	Nq(8) = 0.325317,	Nq(9) = 0.497784,	Nq(10) = 5.72907,	Nq(11) = 0.497784,	Nq(12) = 0.271083,	Nq(13) = 0.325317,	Nq(14) = 0.497784,	Nq(15) = 0.325317,	Sq(0) = -3.22125e-20,	Sq(1) = 0.243126,	Sq(2) = 0.31344,	Sq(3) = 0.243126,	Sq(4) = 0.243126,	Sq(5) = 0.31344,	Sq(6) = 0.462851,	Sq(7) = 0.31344,	Sq(8) = 0.31344,	Sq(9) = 0.462851,	Sq(10) = 0.539008,	Sq(11) = 0.462851,	Sq(12) = 0.243126,	Sq(13) = 0.31344,	Sq(14) = 0.462851,	Sq(15) = 0.31344,	N(0) = 1.98086,	N(1) = 1.94103,	N(2) = 1,	N(3) = 1.94103,	N(4) = 1.94103,	N(5) = 1,	N(6) = 0.0589692,	N(7) = 1,	N(8) = 1,	N(9) = 0.0589692,	N(10) = 0.0191386,	N(11) = 0.0589692,	N(12) = 1.94103,	N(13) = 1,	N(14) = 0.0589692,	N(15) = 1,	Delta[s](0) = 0.408857,	Delta[s](1) = 0.353397,	Delta[s](2) = 0.339623,	Delta[s](3) = 0.353397,	Delta[s](4) = 0.353397,	Delta[s](5) = 0.339623,	Delta[s](6) = 0.306862,	Delta[s](7) = 0.339623,	Delta[s](8) = 0.339623,	Delta[s](9) = 0.306862,	Delta[s](10) = 0.290592,	Delta[s](11) = 0.306862,	Delta[s](12) = 0.353397,	Delta[s](13) = 0.339623,	Delta[s](14) = 0.306862,	Delta[s](15) = 0.339623,	Delta[d](0) = 0.218064,	Delta[d](1) = 0.208823,	Delta[d](2) = 0.219104,	Delta[d](3) = 0.208823,	Delta[d](4) = 0.208823,	Delta[d](5) = 0.143482,	Delta[d](6) = 0.168976,	Delta[d](7) = 0.143482,	Delta[d](8) = 0.219104,	Delta[d](9) = 0.168976,	Delta[d](10) = 0.0688463,	Delta[d](11) = 0.168976,	Delta[d](12) = 0.208823,	Delta[d](13) = 0.143482,	Delta[d](14) = 0.168976,	Delta[d](15) = 0.143482,	Delta[s+](0) = 0.438714,	Delta[s+](1) = 0.338898,	Delta[s+](2) = 0.219104,	Delta[s+](3) = 0.338898,	Delta[s+](4) = 0.338898,	Delta[s+](5) = 0.219104,	Delta[s+](6) = 0.0993514,	Delta[s+](7) = 0.219104,	Delta[s+](8) = 0.219104,	Delta[s+](9) = 0.0993514,	Delta[s+](10) = 0.0388566,	Delta[s+](11) = 0.0993514,	Delta[s+](12) = 0.338898,	Delta[s+](13) = 0.219104,	Delta[s+](14) = 0.0993514,	Delta[s+](15) = 0.219104
The 10-th iteration is completed.	|| time cost : 0h 4m 25.52s
********************************************************************************************************************
Start the 11 rounds of NGS-ED iteration
	effective electronic model is modified as: kinetic energy t = 0.773933
	                                           effective interaction Vq = [    -3.2, -2.9562,-2.73364, -2.9562, -2.9562,-2.73364,-2.77234,-2.73364,-2.73364,-2.77234,-3.19141,-2.77234, -2.9562,-2.73364,-2.77234,-2.73364]
	PARPACK diagonalization completed after 30 matrix-vector product operations.
	iteration results: : total energy is -73.481039 | electron energy -73.841916 + phonon energy 0.360878 | electron momentum kIdx = 10
The 11-th iteration is completed.	|| time cost : 0h 0m 27.638s
********************************************************************************************************************
Start the 12 rounds of NGS-ED iteration
	effective electronic model is modified as: kinetic energy t = 0.773931
	                                           effective interaction Vq = [    -3.2,-2.95615,-2.73365,-2.95615,-2.95615,-2.73365,-2.77231,-2.73365,-2.73365,-2.77231,-3.19145,-2.77231,-2.95615,-2.73365,-2.77231,-2.73365]
	PARPACK diagonalization completed after 30 matrix-vector product operations.
	iteration results: : total energy is -73.481086 | electron energy -73.842036 + phonon energy 0.360950 | electron momentum kIdx = 10
The 12-th iteration is completed.	|| time cost : 0h 0m 27.292s
********************************************************************************************************************
Start the 13 rounds of NGS-ED iteration
	effective electronic model is modified as: kinetic energy t = 0.773932
	                                           effective interaction Vq = [    -3.2,-2.95611,-2.73366,-2.95611,-2.95611,-2.73366,-2.77228,-2.73366,-2.73366,-2.77228,-3.19146,-2.77228,-2.95611,-2.73366,-2.77228,-2.73366]
	PARPACK diagonalization completed after 30 matrix-vector product operations.
	iteration results: : total energy is -73.481103 | electron energy -73.842083 + phonon energy 0.360981 | electron momentum kIdx = 10
The 13-th iteration is completed.	|| time cost : 0h 0m 27.307s
********************************************************************************************************************
Start the 14 rounds of NGS-ED iteration
	effective electronic model is modified as: kinetic energy t = 0.773934
	                                           effective interaction Vq = [    -3.2,-2.95609,-2.73365,-2.95609,-2.95609,-2.73365,-2.77225,-2.73365,-2.73365,-2.77225,-3.19147,-2.77225,-2.95609,-2.73365,-2.77225,-2.73365]
	PARPACK diagonalization completed after 30 matrix-vector product operations.
	iteration results: : total energy is -73.481109 | electron energy -73.842101 + phonon energy 0.360992 | electron momentum kIdx = 10
The 14-th iteration is completed.	|| time cost : 0h 0m 27.298s
********************************************************************************************************************
Start the 15 rounds of NGS-ED iteration
	effective electronic model is modified as: kinetic energy t = 0.773936
	                                           effective interaction Vq = [    -3.2,-2.95607,-2.73365,-2.95607,-2.95607,-2.73365,-2.77224,-2.73365,-2.73365,-2.77224,-3.19148,-2.77224,-2.95607,-2.73365,-2.77224,-2.73365]
	PARPACK diagonalization completed after 30 matrix-vector product operations.
	iteration results: : total energy is -73.481111 | electron energy -73.842106 + phonon energy 0.360995 | electron momentum kIdx = 10
The 15-th iteration is completed.	|| time cost : 0h 0m 27.301s
********************************************************************************************************************
Start the 16 rounds of NGS-ED iteration
	effective electronic model is modified as: kinetic energy t = 0.773937
	                                           effective interaction Vq = [    -3.2,-2.95606,-2.73365,-2.95606,-2.95606,-2.73365,-2.77223,-2.73365,-2.73365,-2.77223,-3.19148,-2.77223,-2.95606,-2.73365,-2.77223,-2.73365]
	PARPACK diagonalization completed after 30 matrix-vector product operations.
	iteration results: : total energy is -73.481112 | electron energy -73.842107 + phonon energy 0.360995 | electron momentum kIdx = 10
The 16-th iteration is completed.	|| time cost : 0h 0m 27.335s
********************************************************************************************************************
Start the 17 rounds of NGS-ED iteration
	effective electronic model is modified as: kinetic energy t = 0.773938
	                                           effective interaction Vq = [    -3.2,-2.95605,-2.73364,-2.95605,-2.95605,-2.73364,-2.77222,-2.73364,-2.73364,-2.77222,-3.19148,-2.77222,-2.95605,-2.73364,-2.77222,-2.73364]
	PARPACK diagonalization completed after 30 matrix-vector product operations.
	iteration results: : total energy is -73.481113 | electron energy -73.842106 + phonon energy 0.360993 | electron momentum kIdx = 10
The 17-th iteration is completed.	|| time cost : 0h 0m 27.344s
********************************************************************************************************************
Start the 18 rounds of NGS-ED iteration
	effective electronic model is modified as: kinetic energy t = 0.773939
	                                           effective interaction Vq = [    -3.2,-2.95605,-2.73364,-2.95605,-2.95605,-2.73364,-2.77221,-2.73364,-2.73364,-2.77221,-3.19148,-2.77221,-2.95605,-2.73364,-2.77221,-2.73364]
	PARPACK diagonalization completed after 30 matrix-vector product operations.
	iteration results: : total energy is -73.481113 | electron energy -73.842105 + phonon energy 0.360992 | electron momentum kIdx = 10
The 18-th iteration is completed.	|| time cost : 0h 0m 27.356s
