SNEDics v3.4 Non-Gaussian ED ground state program		Start at Wed Oct  2 01:42:39 2019

parallized on 16 MPI threads  * 8 OpenMP threads = 128 total threads.
********************************************************************************************************************
********************************************************************************************************************

********************************************************************************************************************
System parameters and configurations
********************************************************************************************************************
Special program options are enabled: splitted diagonal Hamiltonian
********************************************************************************************************************
Read input file "model_params.in"
	Hubbard-Holstein model parameters : 	t = 1    U = 5.11    g = 3.873    W = 5    
********************************************************************************************************************
Read input file "hilbertspace_params.in"
	Requested 16-site 2D lattice, with 16 electrons (8, 8)
	Boundary : Periodic		Hilbert space representation : momentum-space (restricted to kIdx = 10)
	Conservation: particle number[U(1)]      spin[U(1)]     momentum
********************************************************************************************************************

Cluster Positions:				Cluster symmetry group : D4
 x ... x ... x ... x .....                       x ... x ... x ... x .....
 |           |           :                       |           |           :
 |           |           :                       |           |           :
12    13    14    15     x                       1     5     6     5     x
 |           |           :                       |           |           :
 |           |           :                       |           |           :
 8 --- 9 ---10 ---11 --- x                       2 --- 6 ---10 --- 6 --- x
 |           |           :                       |           |           :
 |           |           :                       |           |           :
 4     5     6     7     x                       1     5     6     5     x
 |           |           :                       |           |           :
 |           |           :                       |           |           :
 0 --- 1 --- 2 --- 3 --- x                       0 --- 1 --- 2 --- 1 --- x
orbital number : 1
********************************************************************************************************************
Read input file "obs_params.in"
	Observable Type : Nq(All),   Sq(All),   N(All),   Delta[s](All),   Delta[d](All),   Delta[s+](All)
********************************************************************************************************************
** WARNING ** the input observables have non-local factors which have been reinterpreted. The total observable number is 96
********************************************************************************************************************


********************************************************************************************************************
Start calculating the non-Gaussian ED ground state
** WARNING ** Detected low phonon energy W < 10. The initial state will be prepared through a warm-up process.
********************************************************************************************************************
Start warm-up calculation for scaling factor 2
open output files: NGSEDWarmUpW10Obs.txt
********************************************************************************************************************
Start the 0 rounds of NGS-ED iteration
	effective electronic model is modified as: kinetic energy t = 1
	                                           effective interaction Vq = [-0,-0,-0,-0,-0,-0,-0,-0,-0,-0,-0,-0,-0,-0,-0,-0]
	first Hamiltonian is constructed, non-zero numbers = 2845334624
	PARPACK diagonalization completed after 90 matrix-vector product operations.
	iteration results: : total energy is -11.595979 | electron energy -11.595979 + phonon energy 0.000000 | electron momentum kIdx = 10
	Nq(0) = 16,	Nq(1) = 0.125567,	Nq(2) = 0.193206,	Nq(3) = 0.125567,	Nq(4) = 0.125567,	Nq(5) = 0.193206,	Nq(6) = 0.262163,	Nq(7) = 0.193206,	Nq(8) = 0.193206,	Nq(9) = 0.262163,	Nq(10) = 0.319954,	Nq(11) = 0.262163,	Nq(12) = 0.125567,	Nq(13) = 0.193206,	Nq(14) = 0.262163,	Nq(15) = 0.193206,	Sq(0) = 1.10909e-18,	Sq(1) = 0.286241,	Sq(2) = 0.409287,	Sq(3) = 0.286241,	Sq(4) = 0.286241,	Sq(5) = 0.409287,	Sq(6) = 0.606892,	Sq(7) = 0.409287,	Sq(8) = 0.409287,	Sq(9) = 0.606892,	Sq(10) = 6.94164,	Sq(11) = 0.606892,	Sq(12) = 0.286241,	Sq(13) = 0.409287,	Sq(14) = 0.606892,	Sq(15) = 0.409287,	N(0) = 1.89207,	N(1) = 1.76258,	N(2) = 1,	N(3) = 1.76258,	N(4) = 1.76258,	N(5) = 1,	N(6) = 0.237418,	N(7) = 1,	N(8) = 1,	N(9) = 0.237418,	N(10) = 0.107927,	N(11) = 0.237418,	N(12) = 1.76258,	N(13) = 1,	N(14) = 0.237418,	N(15) = 1,	Delta[s](0) = 0.143393,	Delta[s](1) = 0.121807,	Delta[s](2) = 0.0961102,	Delta[s](3) = 0.121807,	Delta[s](4) = 0.121807,	Delta[s](5) = 0.0961102,	Delta[s](6) = 0.0708683,	Delta[s](7) = 0.0961102,	Delta[s](8) = 0.0961102,	Delta[s](9) = 0.0708683,	Delta[s](10) = 0.0242967,	Delta[s](11) = 0.0708683,	Delta[s](12) = 0.121807,	Delta[s](13) = 0.0961102,	Delta[s](14) = 0.0708683,	Delta[s](15) = 0.0961102,	Delta[d](0) = 0.529119,	Delta[d](1) = 0.414201,	Delta[d](2) = 0.346945,	Delta[d](3) = 0.414201,	Delta[d](4) = 0.414201,	Delta[d](5) = 0.385752,	Delta[d](6) = 0.318923,	Delta[d](7) = 0.385752,	Delta[d](8) = 0.346945,	Delta[d](9) = 0.318923,	Delta[d](10) = 0.258251,	Delta[d](11) = 0.318923,	Delta[d](12) = 0.414201,	Delta[d](13) = 0.385752,	Delta[d](14) = 0.318923,	Delta[d](15) = 0.385752,	Delta[s+](0) = 0.595411,	Delta[s+](1) = 0.491589,	Delta[s+](2) = 0.346945,	Delta[s+](3) = 0.491589,	Delta[s+](4) = 0.491589,	Delta[s+](5) = 0.346945,	Delta[s+](6) = 0.205738,	Delta[s+](7) = 0.346945,	Delta[s+](8) = 0.346945,	Delta[s+](9) = 0.205738,	Delta[s+](10) = 0.0906126,	Delta[s+](11) = 0.205738,	Delta[s+](12) = 0.491589,	Delta[s+](13) = 0.346945,	Delta[s+](14) = 0.205738,	Delta[s+](15) = 0.346945
The 0-th iteration is completed.	|| time cost : 0h 8m 37.435s
********************************************************************************************************************
Start the 1 rounds of NGS-ED iteration
	effective electronic model is modified as: kinetic energy t = 0.929079
	                                           effective interaction Vq = [-2.59402,-2.32932,-2.25386,-2.32932,-2.32932,-2.25386,-2.22107,-2.25386,-2.25386,-2.22107,-2.18976,-2.22107,-2.32932,-2.25386,-2.22107,-2.25386]
	PARPACK diagonalization completed after 45 matrix-vector product operations.
	iteration results: : total energy is -61.802514 | electron energy -61.806796 + phonon energy 0.004282 | electron momentum kIdx = 10
The 1-th iteration is completed.	|| time cost : 0h 7m 31.11s
********************************************************************************************************************
Start the 2 rounds of NGS-ED iteration
	effective electronic model is modified as: kinetic energy t = 0.873492
	                                           effective interaction Vq = [-2.94508,-2.80472,-2.68517,-2.80472,-2.80472,-2.68517,-2.69247,-2.68517,-2.68517,-2.69247,-2.62784,-2.69247,-2.80472,-2.68517,-2.69247,-2.68517]
	PARPACK diagonalization completed after 45 matrix-vector product operations.
	iteration results: : total energy is -69.320848 | electron energy -69.359692 + phonon energy 0.038844 | electron momentum kIdx = 10
The 2-th iteration is completed.	|| time cost : 0h 0m 31.973s
********************************************************************************************************************
Start the 3 rounds of NGS-ED iteration
	effective electronic model is modified as: kinetic energy t = 0.843222
	                                           effective interaction Vq = [-2.99259, -2.9115,-2.86913, -2.9115, -2.9115,-2.86913,-2.81722,-2.86913,-2.86913,-2.81722,-2.74049,-2.81722, -2.9115,-2.86913,-2.81722,-2.86913]
	PARPACK diagonalization completed after 30 matrix-vector product operations.
	iteration results: : total energy is -70.610741 | electron energy -70.684004 + phonon energy 0.073263 | electron momentum kIdx = 10
The 3-th iteration is completed.	|| time cost : 0h 0m 27.305s
********************************************************************************************************************
Start the 4 rounds of NGS-ED iteration
	effective electronic model is modified as: kinetic energy t = 0.832313
	                                           effective interaction Vq = [-2.99902,-2.93803,-2.91585,-2.93803,-2.93803,-2.91585,-2.85236,-2.91585,-2.91585,-2.85236,-2.77368,-2.85236,-2.93803,-2.91585,-2.85236,-2.91585]
	PARPACK diagonalization completed after 30 matrix-vector product operations.
	iteration results: : total energy is -70.780537 | electron energy -70.872095 + phonon energy 0.091558 | electron momentum kIdx = 10
The 4-th iteration is completed.	|| time cost : 0h 0m 27.365s
********************************************************************************************************************
Start the 5 rounds of NGS-ED iteration
	effective electronic model is modified as: kinetic energy t = 0.828518
	                                           effective interaction Vq = [-2.99989,-2.94586,-2.92977,-2.94586,-2.94586,-2.92977,-2.86355,-2.92977,-2.92977,-2.86355,-2.78449,-2.86355,-2.94586,-2.92977,-2.86355,-2.92977]
	PARPACK diagonalization completed after 30 matrix-vector product operations.
	iteration results: : total energy is -70.802533 | electron energy -70.901421 + phonon energy 0.098889 | electron momentum kIdx = 10
The 5-th iteration is completed.	|| time cost : 0h 0m 27.45s
********************************************************************************************************************
Start the 6 rounds of NGS-ED iteration
	effective electronic model is modified as: kinetic energy t = 0.827212
	                                           effective interaction Vq = [-3.00001,-2.94836,-2.93428,-2.94836,-2.94836,-2.93428,-2.86729,-2.93428,-2.93428,-2.86729,-2.78814,-2.86729,-2.94836,-2.93428,-2.86729,-2.93428]
	PARPACK diagonalization completed after 30 matrix-vector product operations.
	iteration results: : total energy is -70.805372 | electron energy -70.906926 + phonon energy 0.101553 | electron momentum kIdx = 10
The 6-th iteration is completed.	|| time cost : 0h 0m 27.424s
********************************************************************************************************************
Start the 7 rounds of NGS-ED iteration
	effective electronic model is modified as: kinetic energy t = 0.826764
	                                           effective interaction Vq = [-3.00002,-2.94918, -2.9358,-2.94918,-2.94918, -2.9358,-2.86857, -2.9358, -2.9358,-2.86857, -2.7894,-2.86857,-2.94918, -2.9358,-2.86857, -2.9358]
	PARPACK diagonalization completed after 105 matrix-vector product operations.
	iteration results: : total energy is -71.027742 | electron energy -71.130229 + phonon energy 0.102487 | electron momentum kIdx = 10
The 7-th iteration is completed.	|| time cost : 0h 0m 51.012s
********************************************************************************************************************
Start the 8 rounds of NGS-ED iteration
	effective electronic model is modified as: kinetic energy t = 0.823873
	                                           effective interaction Vq = [-3.00003,-2.94664,-2.94441,-2.94664,-2.94664,-2.94441,-2.86444,-2.94441,-2.94441,-2.86444,-2.85904,-2.86444,-2.94664,-2.94441,-2.86444,-2.94441]
	PARPACK diagonalization completed after 45 matrix-vector product operations.
	iteration results: : total energy is -71.046377 | electron energy -71.151885 + phonon energy 0.105507 | electron momentum kIdx = 10
The 8-th iteration is completed.	|| time cost : 0h 0m 32.023s
********************************************************************************************************************
Start the 9 rounds of NGS-ED iteration
	effective electronic model is modified as: kinetic energy t = 0.822795
	                                           effective interaction Vq = [-3.00003,-2.94573,-2.94706,-2.94573,-2.94573,-2.94706,-2.86289,-2.94706,-2.94706,-2.86289,-2.88392,-2.86289,-2.94573,-2.94706,-2.86289,-2.94706]
	PARPACK diagonalization completed after 30 matrix-vector product operations.
	iteration results: : total energy is -71.049616 | electron energy -71.157473 + phonon energy 0.107856 | electron momentum kIdx = 10
The 9-th iteration is completed.	|| time cost : 0h 0m 27.432s
********************************************************************************************************************
Start the 10 rounds of NGS-ED iteration
	effective electronic model is modified as: kinetic energy t = 0.822337
	                                           effective interaction Vq = [-3.00003,-2.94548,-2.94773,-2.94548,-2.94548,-2.94773,-2.86244,-2.94773,-2.94773,-2.86244,-2.89511,-2.86244,-2.94548,-2.94773,-2.86244,-2.94773]
	PARPACK diagonalization completed after 30 matrix-vector product operations.
	iteration results: : total energy is -71.050395 | electron energy -71.159416 + phonon energy 0.109021 | electron momentum kIdx = 10
	Nq(0) = 16,	Nq(1) = 0.383084,	Nq(2) = 0.764376,	Nq(3) = 0.383084,	Nq(4) = 0.383084,	Nq(5) = 0.764376,	Nq(6) = 0.633227,	Nq(7) = 0.764376,	Nq(8) = 0.764376,	Nq(9) = 0.633227,	Nq(10) = 1.031,	Nq(11) = 0.633227,	Nq(12) = 0.383084,	Nq(13) = 0.764376,	Nq(14) = 0.633227,	Nq(15) = 0.764376,	Sq(0) = 5.03389e-18,	Sq(1) = 0.335291,	Sq(2) = 0.357488,	Sq(3) = 0.335291,	Sq(4) = 0.335291,	Sq(5) = 0.357488,	Sq(6) = 0.561905,	Sq(7) = 0.357488,	Sq(8) = 0.357488,	Sq(9) = 0.561905,	Sq(10) = 0.583787,	Sq(11) = 0.561905,	Sq(12) = 0.335291,	Sq(13) = 0.357488,	Sq(14) = 0.561905,	Sq(15) = 0.357488,	N(0) = 1.99749,	N(1) = 1.9932,	N(2) = 1,	N(3) = 1.9932,	N(4) = 1.9932,	N(5) = 1,	N(6) = 0.0067956,	N(7) = 1,	N(8) = 1,	N(9) = 0.0067956,	N(10) = 0.00251078,	N(11) = 0.0067956,	N(12) = 1.9932,	N(13) = 1,	N(14) = 0.0067956,	N(15) = 1,	Delta[s](0) = 0.453108,	Delta[s](1) = 0.317485,	Delta[s](2) = 0.276622,	Delta[s](3) = 0.317485,	Delta[s](4) = 0.317485,	Delta[s](5) = 0.276622,	Delta[s](6) = 0.2545,	Delta[s](7) = 0.276622,	Delta[s](8) = 0.276622,	Delta[s](9) = 0.2545,	Delta[s](10) = 0.440466,	Delta[s](11) = 0.2545,	Delta[s](12) = 0.317485,	Delta[s](13) = 0.276622,	Delta[s](14) = 0.2545,	Delta[s](15) = 0.276622,	Delta[d](0) = 0.337221,	Delta[d](1) = 0.281661,	Delta[d](2) = 0.255259,	Delta[d](3) = 0.281661,	Delta[d](4) = 0.281661,	Delta[d](5) = 0.24987,	Delta[d](6) = 0.23833,	Delta[d](7) = 0.24987,	Delta[d](8) = 0.255259,	Delta[d](9) = 0.23833,	Delta[d](10) = 0.16281,	Delta[d](11) = 0.23833,	Delta[d](12) = 0.281661,	Delta[d](13) = 0.24987,	Delta[d](14) = 0.23833,	Delta[d](15) = 0.24987,	Delta[s+](0) = 0.460209,	Delta[s+](1) = 0.378439,	Delta[s+](2) = 0.255259,	Delta[s+](3) = 0.378439,	Delta[s+](4) = 0.378439,	Delta[s+](5) = 0.255259,	Delta[s+](6) = 0.126582,	Delta[s+](7) = 0.255259,	Delta[s+](8) = 0.255259,	Delta[s+](9) = 0.126582,	Delta[s+](10) = 0.0418705,	Delta[s+](11) = 0.126582,	Delta[s+](12) = 0.378439,	Delta[s+](13) = 0.255259,	Delta[s+](14) = 0.126582,	Delta[s+](15) = 0.255259
The 10-th iteration is completed.	|| time cost : 0h 4m 29.42s
********************************************************************************************************************
Start the 11 rounds of NGS-ED iteration
	effective electronic model is modified as: kinetic energy t = 0.822097
	                                           effective interaction Vq = [-3.00003,-2.94548,-2.94767,-2.94548,-2.94548,-2.94767, -2.8624,-2.94767,-2.94767, -2.8624,-2.90181, -2.8624,-2.94548,-2.94767, -2.8624,-2.94767]
	PARPACK diagonalization completed after 30 matrix-vector product operations.
	iteration results: : total energy is -71.050741 | electron energy -71.160364 + phonon energy 0.109624 | electron momentum kIdx = 10
The 11-th iteration is completed.	|| time cost : 0h 0m 27.366s
********************************************************************************************************************
Start the 12 rounds of NGS-ED iteration
	effective electronic model is modified as: kinetic energy t = 0.821929
	                                           effective interaction Vq = [-3.00003,-2.94556,-2.94729,-2.94556,-2.94556,-2.94729,-2.86254,-2.94729,-2.94729,-2.86254,-2.90732,-2.86254,-2.94556,-2.94729,-2.86254,-2.94729]
	PARPACK diagonalization completed after 30 matrix-vector product operations.
	iteration results: : total energy is -71.051056 | electron energy -71.161080 + phonon energy 0.110024 | electron momentum kIdx = 10
The 12-th iteration is completed.	|| time cost : 0h 0m 27.371s
********************************************************************************************************************
Start the 13 rounds of NGS-ED iteration
	effective electronic model is modified as: kinetic energy t = 0.821759
	                                           effective interaction Vq = [-3.00003, -2.9457,-2.94657, -2.9457, -2.9457,-2.94657,-2.86278,-2.94657,-2.94657,-2.86278,-2.91373,-2.86278, -2.9457,-2.94657,-2.86278,-2.94657]
	PARPACK diagonalization completed after 45 matrix-vector product operations.
	iteration results: : total energy is -71.051716 | electron energy -71.162124 + phonon energy 0.110408 | electron momentum kIdx = 10
The 13-th iteration is completed.	|| time cost : 0h 0m 32.074s
********************************************************************************************************************
Start the 14 rounds of NGS-ED iteration
	effective electronic model is modified as: kinetic energy t = 0.821504
	                                           effective interaction Vq = [-3.00003,-2.94594,-2.94476,-2.94594,-2.94594,-2.94476,-2.86322,-2.94476,-2.94476,-2.86322,-2.92544,-2.86322,-2.94594,-2.94476,-2.86322,-2.94476]
	PARPACK diagonalization completed after 45 matrix-vector product operations.
	iteration results: : total energy is -71.057520 | electron energy -71.168531 + phonon energy 0.111011 | electron momentum kIdx = 10
The 14-th iteration is completed.	|| time cost : 0h 0m 32.045s
********************************************************************************************************************
Start the 15 rounds of NGS-ED iteration
	effective electronic model is modified as: kinetic energy t = 0.822233
	                                           effective interaction Vq = [-3.00003,-2.94609,-2.92773,-2.94609,-2.94609,-2.92773,-2.86378,-2.92773,-2.92773,-2.86378,-2.96199,-2.86378,-2.94609,-2.92773,-2.86378,-2.92773]
	PARPACK diagonalization completed after 45 matrix-vector product operations.
	iteration results: : total energy is -71.156114 | electron energy -71.268214 + phonon energy 0.112100 | electron momentum kIdx = 10
The 15-th iteration is completed.	|| time cost : 0h 0m 32.063s
********************************************************************************************************************
Start the 16 rounds of NGS-ED iteration
	effective electronic model is modified as: kinetic energy t = 0.829528
	                                           effective interaction Vq = [-3.00003,-2.94184,-2.86292,-2.94184,-2.94184,-2.86292, -2.8578,-2.86292,-2.86292, -2.8578,-2.98379, -2.8578,-2.94184,-2.86292, -2.8578,-2.86292]
	PARPACK diagonalization completed after 30 matrix-vector product operations.
	iteration results: : total energy is -71.247341 | electron energy -71.357014 + phonon energy 0.109673 | electron momentum kIdx = 10
The 16-th iteration is completed.	|| time cost : 0h 0m 27.349s
********************************************************************************************************************
Start the 17 rounds of NGS-ED iteration
	effective electronic model is modified as: kinetic energy t = 0.832228
	                                           effective interaction Vq = [-3.00003,-2.93833,  -2.836,-2.93833,-2.93833,  -2.836,-2.85308,  -2.836,  -2.836,-2.85308,-2.98932,-2.85308,-2.93833,  -2.836,-2.85308,  -2.836]
	PARPACK diagonalization completed after 30 matrix-vector product operations.
	iteration results: : total energy is -71.258668 | electron energy -71.366421 + phonon energy 0.107753 | electron momentum kIdx = 10
The 17-th iteration is completed.	|| time cost : 0h 0m 27.38s
********************************************************************************************************************
Start the 18 rounds of NGS-ED iteration
	effective electronic model is modified as: kinetic energy t = 0.833214
	                                           effective interaction Vq = [-3.00003, -2.9365, -2.8265, -2.9365, -2.9365, -2.8265,-2.85069, -2.8265, -2.8265,-2.85069,-2.99096,-2.85069, -2.9365, -2.8265,-2.85069, -2.8265]
	PARPACK diagonalization completed after 30 matrix-vector product operations.
	iteration results: : total energy is -71.260027 | electron energy -71.366942 + phonon energy 0.106915 | electron momentum kIdx = 10
The 18-th iteration is completed.	|| time cost : 0h 0m 27.403s
********************************************************************************************************************
Start the 19 rounds of NGS-ED iteration
	effective electronic model is modified as: kinetic energy t = 0.833579
	                                           effective interaction Vq = [-3.00003,-2.93566,-2.82325,-2.93566,-2.93566,-2.82325,-2.84961,-2.82325,-2.82325,-2.84961, -2.9915,-2.84961,-2.93566,-2.82325,-2.84961,-2.82325]
	PARPACK diagonalization completed after 30 matrix-vector product operations.
	iteration results: : total energy is -71.260193 | electron energy -71.366762 + phonon energy 0.106569 | electron momentum kIdx = 10
The 19-th iteration is completed.	|| time cost : 0h 0m 27.356s
********************************************************************************************************************
Start the 20 rounds of NGS-ED iteration
	effective electronic model is modified as: kinetic energy t = 0.833715
	                                           effective interaction Vq = [-3.00003, -2.9353,-2.82215, -2.9353, -2.9353,-2.82215,-2.84915,-2.82215,-2.82215,-2.84915,-2.99168,-2.84915, -2.9353,-2.82215,-2.84915,-2.82215]
	PARPACK diagonalization completed after 30 matrix-vector product operations.
	iteration results: : total energy is -71.260214 | electron energy -71.366643 + phonon energy 0.106429 | electron momentum kIdx = 10
	Nq(0) = 16,	Nq(1) = 0.349397,	Nq(2) = 0.368437,	Nq(3) = 0.349397,	Nq(4) = 0.349397,	Nq(5) = 0.368437,	Nq(6) = 0.602337,	Nq(7) = 0.368437,	Nq(8) = 0.368437,	Nq(9) = 0.602337,	Nq(10) = 3.97228,	Nq(11) = 0.602337,	Nq(12) = 0.349397,	Nq(13) = 0.368437,	Nq(14) = 0.602337,	Nq(15) = 0.368437,	Sq(0) = 2.88447e-18,	Sq(1) = 0.303367,	Sq(2) = 0.347057,	Sq(3) = 0.303367,	Sq(4) = 0.303367,	Sq(5) = 0.347057,	Sq(6) = 0.533073,	Sq(7) = 0.347057,	Sq(8) = 0.347057,	Sq(9) = 0.533073,	Sq(10) = 0.582059,	Sq(11) = 0.533073,	Sq(12) = 0.303367,	Sq(13) = 0.347057,	Sq(14) = 0.533073,	Sq(15) = 0.347057,	N(0) = 1.99533,	N(1) = 1.98672,	N(2) = 1,	N(3) = 1.98672,	N(4) = 1.98672,	N(5) = 1,	N(6) = 0.0132774,	N(7) = 1,	N(8) = 1,	N(9) = 0.0132774,	N(10) = 0.00467471,	N(11) = 0.0132774,	N(12) = 1.98672,	N(13) = 1,	N(14) = 0.0132774,	N(15) = 1,	Delta[s](0) = 0.432707,	Delta[s](1) = 0.330799,	Delta[s](2) = 0.322044,	Delta[s](3) = 0.330799,	Delta[s](4) = 0.330799,	Delta[s](5) = 0.322044,	Delta[s](6) = 0.264577,	Delta[s](7) = 0.322044,	Delta[s](8) = 0.322044,	Delta[s](9) = 0.264577,	Delta[s](10) = 0.248447,	Delta[s](11) = 0.264577,	Delta[s](12) = 0.330799,	Delta[s](13) = 0.322044,	Delta[s](14) = 0.264577,	Delta[s](15) = 0.322044,	Delta[d](0) = 0.236093,	Delta[d](1) = 0.239832,	Delta[d](2) = 0.233194,	Delta[d](3) = 0.239832,	Delta[d](4) = 0.239832,	Delta[d](5) = 0.148034,	Delta[d](6) = 0.195407,	Delta[d](7) = 0.148034,	Delta[d](8) = 0.233194,	Delta[d](9) = 0.195407,	Delta[d](10) = 0.0599276,	Delta[d](11) = 0.195407,	Delta[d](12) = 0.239832,	Delta[d](13) = 0.148034,	Delta[d](14) = 0.195407,	Delta[d](15) = 0.148034,	Delta[s+](0) = 0.452604,	Delta[s+](1) = 0.36028,	Delta[s+](2) = 0.233194,	Delta[s+](3) = 0.36028,	Delta[s+](4) = 0.36028,	Delta[s+](5) = 0.233194,	Delta[s+](6) = 0.105314,	Delta[s+](7) = 0.233194,	Delta[s+](8) = 0.233194,	Delta[s+](9) = 0.105314,	Delta[s+](10) = 0.0328247,	Delta[s+](11) = 0.105314,	Delta[s+](12) = 0.36028,	Delta[s+](13) = 0.233194,	Delta[s+](14) = 0.105314,	Delta[s+](15) = 0.233194
The 20-th iteration is completed.	|| time cost : 0h 4m 40.013s
********************************************************************************************************************
Start the 21 rounds of NGS-ED iteration
	effective electronic model is modified as: kinetic energy t = 0.833765
	                                           effective interaction Vq = [-3.00003,-2.93515,-2.82177,-2.93515,-2.93515,-2.82177,-2.84895,-2.82177,-2.82177,-2.84895,-2.99174,-2.84895,-2.93515,-2.82177,-2.84895,-2.82177]
	PARPACK diagonalization completed after 30 matrix-vector product operations.
	iteration results: : total energy is -71.260217 | electron energy -71.366589 + phonon energy 0.106373 | electron momentum kIdx = 10
	Nq(0) = 16,	Nq(1) = 0.349339,	Nq(2) = 0.368395,	Nq(3) = 0.349339,	Nq(4) = 0.349339,	Nq(5) = 0.368395,	Nq(6) = 0.60226,	Nq(7) = 0.368395,	Nq(8) = 0.368395,	Nq(9) = 0.60226,	Nq(10) = 3.9732,	Nq(11) = 0.60226,	Nq(12) = 0.349339,	Nq(13) = 0.368395,	Nq(14) = 0.60226,	Nq(15) = 0.368395,	Sq(0) = 7.23641e-18,	Sq(1) = 0.303348,	Sq(2) = 0.347052,	Sq(3) = 0.303348,	Sq(4) = 0.303348,	Sq(5) = 0.347052,	Sq(6) = 0.533066,	Sq(7) = 0.347052,	Sq(8) = 0.347052,	Sq(9) = 0.533066,	Sq(10) = 0.582072,	Sq(11) = 0.533066,	Sq(12) = 0.303348,	Sq(13) = 0.347052,	Sq(14) = 0.533066,	Sq(15) = 0.347052,	N(0) = 1.99532,	N(1) = 1.98671,	N(2) = 1,	N(3) = 1.98671,	N(4) = 1.98671,	N(5) = 1,	N(6) = 0.0132872,	N(7) = 1,	N(8) = 1,	N(9) = 0.0132872,	N(10) = 0.00467795,	N(11) = 0.0132872,	N(12) = 1.98671,	N(13) = 1,	N(14) = 0.0132872,	N(15) = 1,	Delta[s](0) = 0.432678,	Delta[s](1) = 0.330807,	Delta[s](2) = 0.322046,	Delta[s](3) = 0.330807,	Delta[s](4) = 0.330807,	Delta[s](5) = 0.322046,	Delta[s](6) = 0.264585,	Delta[s](7) = 0.322046,	Delta[s](8) = 0.322046,	Delta[s](9) = 0.264585,	Delta[s](10) = 0.248462,	Delta[s](11) = 0.264585,	Delta[s](12) = 0.330807,	Delta[s](13) = 0.322046,	Delta[s](14) = 0.264585,	Delta[s](15) = 0.322046,	Delta[d](0) = 0.23608,	Delta[d](1) = 0.239811,	Delta[d](2) = 0.233182,	Delta[d](3) = 0.239811,	Delta[d](4) = 0.239811,	Delta[d](5) = 0.148019,	Delta[d](6) = 0.195384,	Delta[d](7) = 0.148019,	Delta[d](8) = 0.233182,	Delta[d](9) = 0.195384,	Delta[d](10) = 0.0599112,	Delta[d](11) = 0.195384,	Delta[d](12) = 0.239811,	Delta[d](13) = 0.148019,	Delta[d](14) = 0.195384,	Delta[d](15) = 0.148019,	Delta[s+](0) = 0.452608,	Delta[s+](1) = 0.360273,	Delta[s+](2) = 0.233182,	Delta[s+](3) = 0.360273,	Delta[s+](4) = 0.360273,	Delta[s+](5) = 0.233182,	Delta[s+](6) = 0.105299,	Delta[s+](7) = 0.233182,	Delta[s+](8) = 0.233182,	Delta[s+](9) = 0.105299,	Delta[s+](10) = 0.0328156,	Delta[s+](11) = 0.105299,	Delta[s+](12) = 0.360273,	Delta[s+](13) = 0.233182,	Delta[s+](14) = 0.105299,	Delta[s+](15) = 0.233182
The 21-th iteration is completed.	|| time cost : 0h 4m 45.277s
********************************************************************************************************************
********************************************************************************************************************
Ground state is obtained after 22 iterations. The current ground-state energy is -71.2602, in which electron energy is -71.3666 and phonon energy is 0.106373
final variational state is: 
	Gamma_x = [      1,1.02665, 1.0416,1.02665,1.02665, 1.0416,1.06489, 1.0416, 1.0416,1.06489,1.12546,1.06489,1.02665, 1.0416,1.06489, 1.0416]
	lambda_q = [0.547725,0.467143,0.414164,0.467143,0.467143,0.414164,0.424781,0.414164,0.414164,0.424781,0.518979,0.424781,0.467143,0.414164,0.424781,0.414164]
********************************************************************************************************************
o___o  ----------------------------------------
| L |	Time since last clock: 0h 0m 0s
A===A	Time since the beginning: 0h 38m 35.656s
***********************************************


********************************************************************************************************************
Warm up runs have been completed. Start calculating W = 5 phonon.
open output files: NGSEDIterationObs.txt
********************************************************************************************************************
Start the 0 rounds of NGS-ED iteration
	effective electronic model is modified as: kinetic energy t = 0.833784
	                                           effective interaction Vq = [-2.74266,-2.52738,-2.35046,-2.52738,-2.52738,-2.35046,-2.38816,-2.35046,-2.35046,-2.38816,-2.67332,-2.38816,-2.52738,-2.35046,-2.38816,-2.35046]
	PARPACK diagonalization completed after 45 matrix-vector product operations.
	iteration results: : total energy is -63.331750 | electron energy -63.384925 + phonon energy 0.053175 | electron momentum kIdx = 10
	Nq(0) = 16,	Nq(1) = 0.34622,	Nq(2) = 0.354967,	Nq(3) = 0.34622,	Nq(4) = 0.34622,	Nq(5) = 0.354967,	Nq(6) = 0.566499,	Nq(7) = 0.354967,	Nq(8) = 0.354967,	Nq(9) = 0.566499,	Nq(10) = 3.53326,	Nq(11) = 0.566499,	Nq(12) = 0.34622,	Nq(13) = 0.354967,	Nq(14) = 0.566499,	Nq(15) = 0.354967,	Sq(0) = -3.64444e-18,	Sq(1) = 0.349655,	Sq(2) = 0.370507,	Sq(3) = 0.349655,	Sq(4) = 0.349655,	Sq(5) = 0.370507,	Sq(6) = 0.607811,	Sq(7) = 0.370507,	Sq(8) = 0.370507,	Sq(9) = 0.607811,	Sq(10) = 0.633155,	Sq(11) = 0.607811,	Sq(12) = 0.349655,	Sq(13) = 0.370507,	Sq(14) = 0.607811,	Sq(15) = 0.370507,	N(0) = 1.99793,	N(1) = 1.99544,	N(2) = 1,	N(3) = 1.99544,	N(4) = 1.99544,	N(5) = 1,	N(6) = 0.00455964,	N(7) = 1,	N(8) = 1,	N(9) = 0.00455964,	N(10) = 0.00206601,	N(11) = 0.00455964,	N(12) = 1.99544,	N(13) = 1,	N(14) = 0.00455964,	N(15) = 1,	Delta[s](0) = 0.372893,	Delta[s](1) = 0.306136,	Delta[s](2) = 0.299474,	Delta[s](3) = 0.306136,	Delta[s](4) = 0.306136,	Delta[s](5) = 0.299474,	Delta[s](6) = 0.253827,	Delta[s](7) = 0.299474,	Delta[s](8) = 0.299474,	Delta[s](9) = 0.253827,	Delta[s](10) = 0.247377,	Delta[s](11) = 0.253827,	Delta[s](12) = 0.306136,	Delta[s](13) = 0.299474,	Delta[s](14) = 0.253827,	Delta[s](15) = 0.299474,	Delta[d](0) = 0.245928,	Delta[d](1) = 0.257132,	Delta[d](2) = 0.250743,	Delta[d](3) = 0.257132,	Delta[d](4) = 0.257132,	Delta[d](5) = 0.158724,	Delta[d](6) = 0.211536,	Delta[d](7) = 0.158724,	Delta[d](8) = 0.250743,	Delta[d](9) = 0.211536,	Delta[d](10) = 0.0715438,	Delta[d](11) = 0.211536,	Delta[d](12) = 0.257132,	Delta[d](13) = 0.158724,	Delta[d](14) = 0.211536,	Delta[d](15) = 0.158724,	Delta[s+](0) = 0.489991,	Delta[s+](1) = 0.386239,	Delta[s+](2) = 0.250743,	Delta[s+](3) = 0.386239,	Delta[s+](4) = 0.386239,	Delta[s+](5) = 0.250743,	Delta[s+](6) = 0.116366,	Delta[s+](7) = 0.250743,	Delta[s+](8) = 0.250743,	Delta[s+](9) = 0.116366,	Delta[s+](10) = 0.0391028,	Delta[s+](11) = 0.116366,	Delta[s+](12) = 0.386239,	Delta[s+](13) = 0.250743,	Delta[s+](14) = 0.116366,	Delta[s+](15) = 0.250743
The 0-th iteration is completed.	|| time cost : 0h 4m 42.746s
********************************************************************************************************************
Start the 1 rounds of NGS-ED iteration
	effective electronic model is modified as: kinetic energy t = 0.810132
	                                           effective interaction Vq = [-2.90535,-2.68281, -2.4614,-2.68281,-2.68281, -2.4614,-2.50748, -2.4614, -2.4614,-2.50748,-2.85386,-2.50748,-2.68281, -2.4614,-2.50748, -2.4614]
	PARPACK diagonalization completed after 30 matrix-vector product operations.
	iteration results: : total energy is -66.665187 | electron energy -66.827734 + phonon energy 0.162547 | electron momentum kIdx = 10
The 1-th iteration is completed.	|| time cost : 0h 0m 27.418s
********************************************************************************************************************
Start the 2 rounds of NGS-ED iteration
	effective electronic model is modified as: kinetic energy t = 0.797267
	                                           effective interaction Vq = [ -2.9652,-2.74763,-2.51473,-2.74763,-2.74763,-2.51473,-2.56291,-2.51473,-2.51473,-2.56291,-2.93133,-2.56291,-2.74763,-2.51473,-2.56291,-2.51473]
	PARPACK diagonalization completed after 30 matrix-vector product operations.
	iteration results: : total energy is -67.888397 | electron energy -68.131108 + phonon energy 0.242711 | electron momentum kIdx = 10
The 2-th iteration is completed.	|| time cost : 0h 0m 27.366s
********************************************************************************************************************
Start the 3 rounds of NGS-ED iteration
	effective electronic model is modified as: kinetic energy t = 0.790656
	                                           effective interaction Vq = [-2.98721,-2.77549,-2.54054,-2.77549,-2.77549,-2.54054,-2.58854,-2.54054,-2.54054,-2.58854,-2.96306,-2.58854,-2.77549,-2.54054,-2.58854,-2.54054]
	PARPACK diagonalization completed after 30 matrix-vector product operations.
	iteration results: : total energy is -68.325164 | electron energy -68.615620 + phonon energy 0.290456 | electron momentum kIdx = 10
The 3-th iteration is completed.	|| time cost : 0h 0m 27.38s
********************************************************************************************************************
Start the 4 rounds of NGS-ED iteration
	effective electronic model is modified as: kinetic energy t = 0.787288
	                                           effective interaction Vq = [-2.99531,-2.78812,-2.55342,-2.78812,-2.78812,-2.55342,-2.60084,-2.55342,-2.55342,-2.60084,-2.97631,-2.60084,-2.78812,-2.55342,-2.60084,-2.55342]
	PARPACK diagonalization completed after 30 matrix-vector product operations.
	iteration results: : total energy is -68.479327 | electron energy -68.796177 + phonon energy 0.316850 | electron momentum kIdx = 10
The 4-th iteration is completed.	|| time cost : 0h 0m 27.395s
********************************************************************************************************************
Start the 5 rounds of NGS-ED iteration
	effective electronic model is modified as: kinetic energy t = 0.785558
	                                           effective interaction Vq = [-2.99829,-2.79414,-2.56005,-2.79414,-2.79414,-2.56005,-2.60701,-2.56005,-2.56005,-2.60701,-2.98214,-2.60701,-2.79414,-2.56005,-2.60701,-2.56005]
	PARPACK diagonalization completed after 30 matrix-vector product operations.
	iteration results: : total energy is -68.533779 | electron energy -68.864751 + phonon energy 0.330972 | electron momentum kIdx = 10
The 5-th iteration is completed.	|| time cost : 0h 0m 27.425s
********************************************************************************************************************
Start the 6 rounds of NGS-ED iteration
	effective electronic model is modified as: kinetic energy t = 0.784658
	                                           effective interaction Vq = [-2.99939,-2.79712,-2.56353,-2.79712,-2.79712,-2.56353,-2.61021,-2.56353,-2.56353,-2.61021,-2.98484,-2.61021,-2.79712,-2.56353,-2.61021,-2.56353]
	PARPACK diagonalization completed after 30 matrix-vector product operations.
	iteration results: : total energy is -68.553134 | electron energy -68.891538 + phonon energy 0.338404 | electron momentum kIdx = 10
The 6-th iteration is completed.	|| time cost : 0h 0m 27.294s
********************************************************************************************************************
Start the 7 rounds of NGS-ED iteration
	effective electronic model is modified as: kinetic energy t = 0.784187
	                                           effective interaction Vq = [-2.99979,-2.79864,-2.56539,-2.79864,-2.79864,-2.56539,-2.61191,-2.56539,-2.56539,-2.61191,-2.98613,-2.61191,-2.79864,-2.56539,-2.61191,-2.56539]
	PARPACK diagonalization completed after 30 matrix-vector product operations.
	iteration results: : total energy is -68.560066 | electron energy -68.902350 + phonon energy 0.342284 | electron momentum kIdx = 10
The 7-th iteration is completed.	|| time cost : 0h 0m 27.365s
********************************************************************************************************************
Start the 8 rounds of NGS-ED iteration
	effective electronic model is modified as: kinetic energy t = 0.783938
	                                           effective interaction Vq = [-2.99994,-2.79942,-2.56639,-2.79942,-2.79942,-2.56639,-2.61283,-2.56639,-2.56639,-2.61283,-2.98677,-2.61283,-2.79942,-2.56639,-2.61283,-2.56639]
	PARPACK diagonalization completed after 30 matrix-vector product operations.
	iteration results: : total energy is -68.562565 | electron energy -68.906868 + phonon energy 0.344303 | electron momentum kIdx = 10
The 8-th iteration is completed.	|| time cost : 0h 0m 27.385s
********************************************************************************************************************
Start the 9 rounds of NGS-ED iteration
	effective electronic model is modified as: kinetic energy t = 0.783805
	                                           effective interaction Vq = [-2.99999,-2.79984,-2.56693,-2.79984,-2.79984,-2.56693,-2.61333,-2.56693,-2.56693,-2.61333,-2.98709,-2.61333,-2.79984,-2.56693,-2.61333,-2.56693]
	PARPACK diagonalization completed after 30 matrix-vector product operations.
	iteration results: : total energy is -68.563472 | electron energy -68.908826 + phonon energy 0.345354 | electron momentum kIdx = 10
The 9-th iteration is completed.	|| time cost : 0h 0m 27.484s
********************************************************************************************************************
Start the 10 rounds of NGS-ED iteration
	effective electronic model is modified as: kinetic energy t = 0.783734
	                                           effective interaction Vq = [-3.00001,-2.80006,-2.56722,-2.80006,-2.80006,-2.56722, -2.6136,-2.56722,-2.56722, -2.6136,-2.98725, -2.6136,-2.80006,-2.56722, -2.6136,-2.56722]
	PARPACK diagonalization completed after 30 matrix-vector product operations.
	iteration results: : total energy is -68.563801 | electron energy -68.909705 + phonon energy 0.345903 | electron momentum kIdx = 10
