SNEDics v3.2 diagonalization test program		Start at Fri Apr 26 22:35:43 2019

parallized on 80 MPI threads  * 6 OpenMP threads = 480 total threads.
************************************************************************************
************************************************************************************

Input file "model_params.in"
Hubbard-Holstein model parameters : 	t = 1    g = 1.7321    W = 1    
************************************************************************************
Input file "hilbertspace_params.in"

Cluster Positions:				Cluster symmetry group : D4
 x ... x ... x ... x .....                       x ... x ... x ... x .....
 |           |           :                       |           |           :
 |           |           :                       |           |           :
12    13    14    15     x                       1     5     6     5     x
 |           |           :                       |           |           :
 |           |           :                       |           |           :
 8 --- 9 ---10 ---11 --- x                       2 --- 6 ---10 --- 6 --- x
 |           |           :                       |           |           :
 |           |           :                       |           |           :
 4     5     6     7     x                       1     5     6     5     x
 |           |           :                       |           |           :
 |           |           :                       |           |           :
 0 --- 1 --- 2 --- 3 --- x                       0 --- 1 --- 2 --- 1 --- x
orbital number : 1
************************************************************************************
0 rounds of non-Gaussian ED iteration : ground-state energy is -24 | electron energy -24 + phonon energy 0 | electron momentum kIdx = 0
Nq = 	16	0.35572	0.465227	0.35572	0.39428	0.487103	0.60572	0.507462	0.542672	0.64428	0.917633	0.64428	0.39428	0.507462	0.60572	0.487103
Sq = 	8.34467e-18	0.35572	0.425474	0.35572	0.39428	0.540027	0.60572	0.536794	0.565364	0.64428	0.940857	0.64428	0.39428	0.536794	0.60572	0.540027
1 rounds of non-Gaussian ED iteration : ground-state energy is -36.7649 | electron energy -36.765 + phonon energy 8.55852e-05 | electron momentum kIdx = 0
Nq = 	16	0.405944	0.630509	0.405944	0.407231	0.632685	0.677468	0.634566	0.63781	0.679517	1.85428	0.679517	0.407231	0.634566	0.677468	0.632685
Sq = 	5.77375e-18	0.305173	0.34687	0.305173	0.305894	0.347316	0.529558	0.347337	0.347765	0.530493	0.576402	0.530493	0.305894	0.347337	0.529558	0.347316
2 rounds of non-Gaussian ED iteration : ground-state energy is -46.5144 | electron energy -46.5173 + phonon energy 0.00289448 | electron momentum kIdx = 0
Nq = 	16	0.36754	0.427893	0.36754	0.368307	0.428343	0.640887	0.428725	0.429358	0.642066	4.04027	0.642066	0.368307	0.428725	0.640887	0.428343
Sq = 	7.25014e-18	0.258714	0.320067	0.258714	0.259052	0.320252	0.465986	0.320264	0.320438	0.466327	0.529042	0.466327	0.259052	0.320264	0.465986	0.320252
3 rounds of non-Gaussian ED iteration : ground-state energy is -54.5981 | electron energy -54.6158 + phonon energy 0.0176897 | electron momentum kIdx = 0
Nq = 	16	0.273754	0.342211	0.273754	0.274069	0.342324	0.528617	0.342445	0.342607	0.529134	6.17284	0.529134	0.274069	0.342445	0.528617	0.342324
Sq = 	-9.42465e-19	0.206252	0.280569	0.206252	0.206391	0.280635	0.396006	0.28064	0.280699	0.396112	0.468316	0.396112	0.206391	0.28064	0.396006	0.280635
4 rounds of non-Gaussian ED iteration : ground-state energy is -61.8969 | electron energy -61.9498 + phonon energy 0.0528504 | electron momentum kIdx = 0
Nq = 	16	0.171725	0.257011	0.171725	0.171837	0.257064	0.378033	0.257108	0.257179	0.378211	8.76287	0.378211	0.171837	0.257108	0.378033	0.257064
Sq = 	6.28755e-18	0.143613	0.219952	0.143613	0.143672	0.219983	0.305863	0.219984	0.220012	0.305901	0.376983	0.305901	0.143672	0.219984	0.305863	0.219983
5 rounds of non-Gaussian ED iteration : ground-state energy is -68.8738 | electron energy -68.9779 + phonon energy 0.104099 | electron momentum kIdx = 0
Nq = 	16	0.103161	0.175541	0.103161	0.103199	0.175566	0.252979	0.175578	0.175609	0.253034	11.0151	0.253034	0.103199	0.175578	0.252979	0.175566
Sq = 	3.19422e-19	0.0943603	0.159358	0.0943603	0.0943864	0.159375	0.222818	0.159375	0.159391	0.222835	0.28166	0.222835	0.0943864	0.159375	0.222818	0.159375
6 rounds of non-Gaussian ED iteration : ground-state energy is -75.3777 | electron energy -75.5355 + phonon energy 0.157752 | electron momentum kIdx = 0
Nq = 	16	0.0684067	0.12387	0.0684067	0.0684214	0.123881	0.178424	0.123885	0.123898	0.178444	12.4254	0.178444	0.0684214	0.123885	0.178424	0.123881
Sq = 	1.2123e-18	0.065557	0.117361	0.065557	0.0655689	0.11737	0.166169	0.11737	0.117378	0.166177	0.212774	0.166177	0.0655689	0.11737	0.166169	0.11737
7 rounds of non-Gaussian ED iteration : ground-state energy is -81.0388 | electron energy -81.2455 + phonon energy 0.206671 | electron momentum kIdx = 0
Nq = 	16	0.050786	0.0946659	0.050786	0.0507925	0.0946715	0.13688	0.0946726	0.0946786	0.136888	13.2371	0.136888	0.0507925	0.0946726	0.13688	0.0946715
Sq = 	-1.36125e-19	0.0496876	0.0917857	0.0496876	0.0496932	0.0917903	0.131328	0.0917903	0.0917947	0.131333	0.169377	0.131333	0.0496932	0.0917903	0.131328	0.0917903
8 rounds of non-Gaussian ED iteration : ground-state energy is -85.6489 | electron energy -85.9002 + phonon energy 0.251306 | electron momentum kIdx = 0
Nq = 	16	0.041192	0.0779237	0.041192	0.0411952	0.0779265	0.113079	0.0779269	0.0779299	0.113082	13.7109	0.113082	0.0411952	0.0779269	0.113079	0.0779265
Sq = 	3.49071e-19	0.0406719	0.0764273	0.0406719	0.0406748	0.0764297	0.110132	0.0764297	0.0764321	0.110135	0.142662	0.110135	0.0406748	0.0764297	0.110132	0.0764297
9 rounds of non-Gaussian ED iteration : ground-state energy is -89.2163 | electron energy -89.5094 + phonon energy 0.29309 | electron momentum kIdx = 0
Nq = 	16	0.0356892	0.0680638	0.0356892	0.035691	0.0680654	0.0990324	0.0680656	0.0680673	0.0990345	13.9933	0.0990345	0.035691	0.0680656	0.0990324	0.0680654
Sq = 	6.88635e-20	0.0353886	0.0671437	0.0353886	0.0353903	0.0671451	0.0971924	0.0671451	0.0671465	0.0971936	0.126243	0.0971936	0.0353903	0.0671451	0.0971924	0.0671451
10 rounds of non-Gaussian ED iteration : ground-state energy is -91.882 | electron energy -92.214 + phonon energy 0.332034 | electron momentum kIdx = 0
Nq = 	16	0.0324512	0.0621771	0.0324512	0.0324522	0.0621781	0.090628	0.0621782	0.0621792	0.0906293	14.1631	0.0906293	0.0324522	0.0621782	0.090628	0.0621781
Sq = 	9.82011e-20	0.0322451	0.0615212	0.0322451	0.0322461	0.0615221	0.0893033	0.0615221	0.061523	0.0893041	0.116192	0.0893041	0.0322461	0.0615221	0.0893033	0.0615221
11 rounds of non-Gaussian ED iteration : ground-state energy is -93.8362 | electron energy -94.2035 + phonon energy 0.367315 | electron momentum kIdx = 0
Nq = 	16	0.0305266	0.0586491	0.0305266	0.0305273	0.0586497	0.0855822	0.0586498	0.0586505	0.0855831	14.2653	0.0855831	0.0305273	0.0586498	0.0855822	0.0586497
Sq = 	-3.68573e-19	0.0303657	0.0581251	0.0303657	0.0303664	0.0581257	0.0845182	0.0581257	0.0581263	0.0845188	0.110082	0.0845188	0.0303664	0.0581257	0.0845182	0.0581257
12 rounds of non-Gaussian ED iteration : ground-state energy is -95.2638 | electron energy -95.6619 + phonon energy 0.398118 | electron momentum kIdx = 0
Nq = 	16	0.0293792	0.0565353	0.0293792	0.0293797	0.0565358	0.082555	0.0565359	0.0565364	0.0825556	14.3267	0.0825556	0.0293797	0.0565359	0.082555	0.0565358
Sq = 	-6.5994e-19	0.0292417	0.0560818	0.0292417	0.0292422	0.0560822	0.081632	0.0560822	0.0560826	0.0816324	0.106391	0.0816324	0.0292422	0.0560822	0.081632	0.0560822
13 rounds of non-Gaussian ED iteration : ground-state energy is -96.3166 | electron energy -96.7407 + phonon energy 0.424017 | electron momentum kIdx = 0
Nq = 	16	0.0286938	0.0552688	0.0286938	0.0286942	0.0552692	0.0807391	0.0552692	0.0552696	0.0807396	14.3635	0.0807396	0.0286942	0.0552692	0.0807391	0.0552692
Sq = 	1.49027e-19	0.0285691	0.0548549	0.0285691	0.0285695	0.0548553	0.0798966	0.0548553	0.0548556	0.0798969	0.10417	0.0798969	0.0285695	0.0548553	0.0798966	0.0548553
14 rounds of non-Gaussian ED iteration : ground-state energy is -97.107 | electron energy -97.552 + phonon energy 0.445032 | electron momentum kIdx = 0
Nq = 	16	0.0282824	0.054507	0.0282824	0.0282827	0.0545073	0.0796457	0.0545074	0.0545076	0.079646	14.3856	0.079646	0.0282827	0.0545074	0.0796457	0.0545073
Sq = 	-7.10178e-19	0.0281651	0.0541165	0.0281651	0.0281654	0.0541167	0.0788512	0.0541167	0.054117	0.0788515	0.102831	0.0788515	0.0281654	0.0541167	0.0788512	0.0541167
15 rounds of non-Gaussian ED iteration : ground-state energy is -97.7125 | electron energy -98.174 + phonon energy 0.461546 | electron momentum kIdx = 0
Nq = 	16	0.0280327	0.0540442	0.0280327	0.028033	0.0540444	0.0789805	0.0540444	0.0540446	0.0789808	14.3991	0.0789808	0.028033	0.0540444	0.0789805	0.0540444
Sq = 	6.06873e-19	0.0279199	0.0536679	0.0279199	0.0279201	0.0536681	0.0782161	0.0536681	0.0536683	0.0782163	0.102018	0.0782163	0.0279201	0.0536681	0.0782161	0.0536681
16 rounds of non-Gaussian ED iteration : ground-state energy is -98.1853 | electron energy -98.6594 + phonon energy 0.474161 | electron momentum kIdx = 0
Nq = 	16	0.0278786	0.053758	0.0278786	0.0278788	0.0537582	0.0785688	0.0537582	0.0537584	0.078569	14.4074	0.078569	0.0278788	0.0537582	0.0785688	0.0537582
Sq = 	7.24284e-19	0.0277685	0.0533909	0.0277685	0.0277687	0.0533911	0.0778239	0.0533911	0.0533913	0.0778241	0.101516	0.0778241	0.0277687	0.0533911	0.0778239	0.0533911
17 rounds of non-Gaussian ED iteration : ground-state energy is -98.5601 | electron energy -99.0437 + phonon energy 0.483562 | electron momentum kIdx = 0
Nq = 	16	0.0277811	0.0535769	0.0277811	0.0277813	0.0535771	0.0783078	0.0535771	0.0535773	0.078308	14.4127	0.078308	0.0277813	0.0535771	0.0783078	0.0535771
Sq = 	4.10333e-19	0.0276729	0.0532159	0.0276729	0.027673	0.053216	0.0775762	0.053216	0.0532162	0.0775763	0.101199	0.0775763	0.027673	0.053216	0.0775762	0.053216
18 rounds of non-Gaussian ED iteration : ground-state energy is -98.8607 | electron energy -99.3512 + phonon energy 0.490422 | electron momentum kIdx = 0
Nq = 	16	0.0277177	0.053459	0.0277177	0.0277179	0.0534591	0.0781375	0.0534591	0.0534593	0.0781377	14.4161	0.0781377	0.0277179	0.0534591	0.0781375	0.0534591
Sq = 	3.56408e-20	0.0276107	0.0531022	0.0276107	0.0276109	0.0531023	0.0774154	0.0531023	0.0531024	0.0774155	0.100993	0.0774155	0.0276109	0.0531023	0.0774154	0.0531023
19 rounds of non-Gaussian ED iteration : ground-state energy is -99.1036 | electron energy -99.599 + phonon energy 0.495336 | electron momentum kIdx = 0
Nq = 	16	0.0276752	0.0533798	0.0276752	0.0276753	0.0533799	0.078023	0.0533799	0.0533801	0.0780231	14.4184	0.0780231	0.0276753	0.0533799	0.078023	0.0533799
Sq = 	-1.2039e-19	0.0275691	0.0530261	0.0275691	0.0275692	0.0530262	0.0773077	0.0530262	0.0530263	0.0773078	0.100856	0.0773078	0.0275692	0.0530262	0.0773077	0.0530262
20 rounds of non-Gaussian ED iteration : ground-state energy is -99.3009 | electron energy -99.7997 + phonon energy 0.4988 | electron momentum kIdx = 0
Nq = 	16	0.0276459	0.0533251	0.0276459	0.0276459	0.0533252	0.0779436	0.0533252	0.0533252	0.0779437	14.42	0.0779437	0.0276459	0.0533252	0.0779436	0.0533252
Sq = 	3.061e-19	0.0275404	0.0529736	0.0275404	0.0275405	0.0529736	0.0772335	0.0529736	0.0529737	0.0772336	0.100761	0.0772336	0.0275405	0.0529736	0.0772335	0.0529736
21 rounds of non-Gaussian ED iteration : ground-state energy is -99.4615 | electron energy -99.9627 + phonon energy 0.501207 | electron momentum kIdx = 0
Nq = 	16	0.027625	0.0532861	0.027625	0.0276251	0.0532862	0.077887	0.0532862	0.0532863	0.0778871	14.4211	0.0778871	0.0276251	0.0532862	0.077887	0.0532862
Sq = 	3.85592e-19	0.02752	0.0529363	0.02752	0.0275201	0.0529364	0.077181	0.0529364	0.0529364	0.077181	0.100694	0.077181	0.0275201	0.0529364	0.077181	0.0529364
22 rounds of non-Gaussian ED iteration : ground-state energy is -99.5927 | electron energy -100.096 + phonon energy 0.502855 | electron momentum kIdx = 0
Nq = 	16	0.0276098	0.0532577	0.0276098	0.0276098	0.0532578	0.0778457	0.0532578	0.0532578	0.0778457	14.4219	0.0778457	0.0276098	0.0532578	0.0778457	0.0532578
Sq = 	-1.56743e-19	0.0275052	0.0529093	0.0275052	0.0275052	0.0529093	0.0771428	0.0529093	0.0529094	0.0771428	0.100645	0.0771428	0.0275052	0.0529093	0.0771428	0.0529093
23 rounds of non-Gaussian ED iteration : ground-state energy is -99.6999 | electron energy -100.204 + phonon energy 0.503968 | electron momentum kIdx = 0
Nq = 	16	0.0275985	0.0532366	0.0275985	0.0275985	0.0532366	0.0778148	0.0532366	0.0532367	0.0778149	14.4225	0.0778149	0.0275985	0.0532366	0.0778148	0.0532366
Sq = 	-1.41951e-19	0.0274941	0.0528892	0.0274941	0.0274942	0.0528892	0.0771145	0.0528892	0.0528893	0.0771145	0.100609	0.0771145	0.0274942	0.0528892	0.0771145	0.0528892
24 rounds of non-Gaussian ED iteration : ground-state energy is -99.7875 | electron energy -100.292 + phonon energy 0.504708 | electron momentum kIdx = 0
Nq = 	16	0.0275899	0.0532206	0.0275899	0.02759	0.0532206	0.0777915	0.0532206	0.0532207	0.0777915	14.423	0.0777915	0.02759	0.0532206	0.0777915	0.0532206
Sq = 	5.267e-20	0.0274858	0.052874	0.0274858	0.0274859	0.052874	0.0770931	0.052874	0.0528741	0.0770931	0.100582	0.0770931	0.0274859	0.052874	0.0770931	0.052874
25 rounds of non-Gaussian ED iteration : ground-state energy is -99.8592 | electron energy -100.364 + phonon energy 0.505191 | electron momentum kIdx = 0
Nq = 	16	0.0275834	0.0532083	0.0275834	0.0275834	0.0532083	0.0777735	0.0532083	0.0532084	0.0777735	14.4234	0.0777735	0.0275834	0.0532083	0.0777735	0.0532083
Sq = 	-2.52278e-19	0.0274794	0.0528624	0.0274794	0.0274795	0.0528624	0.0770767	0.0528624	0.0528624	0.0770768	0.100561	0.0770768	0.0274795	0.0528624	0.0770767	0.0528624
26 rounds of non-Gaussian ED iteration : ground-state energy is -99.9179 | electron energy -100.423 + phonon energy 0.505499 | electron momentum kIdx = 0
Nq = 	16	0.0275783	0.0531987	0.0275783	0.0275783	0.0531988	0.0777595	0.0531988	0.0531988	0.0777595	14.4236	0.0777595	0.0275783	0.0531988	0.0777595	0.0531988
Sq = 	-2.12098e-19	0.0274745	0.0528534	0.0274745	0.0274745	0.0528534	0.077064	0.0528534	0.0528534	0.0770641	0.100545	0.0770641	0.0274745	0.0528534	0.077064	0.0528534
27 rounds of non-Gaussian ED iteration : ground-state energy is -99.966 | electron energy -100.472 + phonon energy 0.505689 | electron momentum kIdx = 0
Nq = 	16	0.0275743	0.0531912	0.0275743	0.0275743	0.0531913	0.0777485	0.0531913	0.0531913	0.0777485	14.4239	0.0777485	0.0275743	0.0531913	0.0777485	0.0531913
Sq = 	3.49812e-20	0.0274706	0.0528463	0.0274706	0.0274706	0.0528463	0.0770541	0.0528463	0.0528463	0.0770541	0.100533	0.0770541	0.0274706	0.0528463	0.0770541	0.0528463
28 rounds of non-Gaussian ED iteration : ground-state energy is -100.005 | electron energy -100.511 + phonon energy 0.505802 | electron momentum kIdx = 0
Nq = 	16	0.0275711	0.0531853	0.0275711	0.0275711	0.0531853	0.0777398	0.0531853	0.0531854	0.0777398	14.424	0.0777398	0.0275711	0.0531853	0.0777398	0.0531853
Sq = 	-2.98626e-19	0.0274676	0.0528407	0.0274676	0.0274676	0.0528408	0.0770463	0.0528408	0.0528408	0.0770463	0.100523	0.0770463	0.0274676	0.0528408	0.0770463	0.0528408
29 rounds of non-Gaussian ED iteration : ground-state energy is -100.037 | electron energy -100.543 + phonon energy 0.505863 | electron momentum kIdx = 0
Nq = 	16	0.0275686	0.0531806	0.0275686	0.0275686	0.0531806	0.0777329	0.0531806	0.0531806	0.0777329	14.4242	0.0777329	0.0275686	0.0531806	0.0777329	0.0531806
Sq = 	6.59333e-19	0.0274651	0.0528363	0.0274651	0.0274651	0.0528363	0.0770401	0.0528363	0.0528363	0.0770401	0.100515	0.0770401	0.0274651	0.0528363	0.0770401	0.0528363
30 rounds of non-Gaussian ED iteration : ground-state energy is -100.064 | electron energy -100.57 + phonon energy 0.505891 | electron momentum kIdx = 0
Nq = 	16	0.0275666	0.0531768	0.0275666	0.0275666	0.0531768	0.0777273	0.0531768	0.0531768	0.0777273	14.4243	0.0777273	0.0275666	0.0531768	0.0777273	0.0531768
Sq = 	-1.04996e-19	0.0274632	0.0528328	0.0274632	0.0274632	0.0528328	0.0770351	0.0528328	0.0528328	0.0770351	0.100508	0.0770351	0.0274632	0.0528328	0.0770351	0.0528328
31 rounds of non-Gaussian ED iteration : ground-state energy is -100.085 | electron energy -100.591 + phonon energy 0.505899 | electron momentum kIdx = 0
Nq = 	16	0.027565	0.0531738	0.027565	0.027565	0.0531738	0.0777228	0.0531738	0.0531738	0.0777228	14.4244	0.0777228	0.027565	0.0531738	0.0777228	0.0531738
Sq = 	8.18662e-19	0.0274616	0.0528299	0.0274616	0.0274616	0.0528299	0.0770311	0.0528299	0.0528299	0.0770311	0.100503	0.0770311	0.0274616	0.0528299	0.0770311	0.0528299
32 rounds of non-Gaussian ED iteration : ground-state energy is -100.103 | electron energy -100.609 + phonon energy 0.505896 | electron momentum kIdx = 0
Nq = 	16	0.0275637	0.0531713	0.0275637	0.0275637	0.0531713	0.0777192	0.0531713	0.0531713	0.0777192	14.4244	0.0777192	0.0275637	0.0531713	0.0777192	0.0531713
Sq = 	3.78431e-19	0.0274603	0.0528276	0.0274603	0.0274603	0.0528276	0.0770279	0.0528276	0.0528276	0.0770279	0.100499	0.0770279	0.0274603	0.0528276	0.0770279	0.0528276
33 rounds of non-Gaussian ED iteration : ground-state energy is -100.118 | electron energy -100.623 + phonon energy 0.505885 | electron momentum kIdx = 0
Nq = 	16	0.0275626	0.0531693	0.0275626	0.0275626	0.0531693	0.0777163	0.0531693	0.0531694	0.0777163	14.4245	0.0777163	0.0275626	0.0531693	0.0777163	0.0531693
Sq = 	-6.10888e-19	0.0274593	0.0528258	0.0274593	0.0274593	0.0528258	0.0770253	0.0528258	0.0528258	0.0770253	0.100496	0.0770253	0.0274593	0.0528258	0.0770253	0.0528258
34 rounds of non-Gaussian ED iteration : ground-state energy is -100.129 | electron energy -100.635 + phonon energy 0.505871 | electron momentum kIdx = 0
Nq = 	16	0.0275618	0.0531677	0.0275618	0.0275618	0.0531677	0.0777139	0.0531677	0.0531677	0.0777139	14.4245	0.0777139	0.0275618	0.0531677	0.0777139	0.0531677
Sq = 	-6.19953e-20	0.0274585	0.0528243	0.0274585	0.0274585	0.0528243	0.0770232	0.0528243	0.0528243	0.0770232	0.100493	0.0770232	0.0274585	0.0528243	0.0770232	0.0528243
35 rounds of non-Gaussian ED iteration : ground-state energy is -100.139 | electron energy -100.645 + phonon energy 0.505856 | electron momentum kIdx = 0
Nq = 	16	0.0275611	0.0531664	0.0275611	0.0275611	0.0531664	0.077712	0.0531664	0.0531664	0.077712	14.4246	0.077712	0.0275611	0.0531664	0.077712	0.0531664
Sq = 	6.46155e-19	0.0274578	0.052823	0.0274578	0.0274578	0.052823	0.0770214	0.052823	0.052823	0.0770214	0.100491	0.0770214	0.0274578	0.052823	0.0770214	0.052823
36 rounds of non-Gaussian ED iteration : ground-state energy is -100.147 | electron energy -100.653 + phonon energy 0.505841 | electron momentum kIdx = 0
Nq = 	16	0.0275605	0.0531653	0.0275605	0.0275605	0.0531653	0.0777104	0.0531653	0.0531653	0.0777104	14.4246	0.0777104	0.0275605	0.0531653	0.0777104	0.0531653
Sq = 	2.07662e-19	0.0274573	0.052822	0.0274573	0.0274573	0.052822	0.07702	0.052822	0.052822	0.07702	0.100489	0.07702	0.0274573	0.052822	0.07702	0.052822
37 rounds of non-Gaussian ED iteration : ground-state energy is -100.153 | electron energy -100.659 + phonon energy 0.505827 | electron momentum kIdx = 0
Nq = 	16	0.02756	0.0531645	0.02756	0.02756	0.0531645	0.0777091	0.0531645	0.0531645	0.0777091	14.4246	0.0777091	0.02756	0.0531645	0.0777091	0.0531645
Sq = 	1.79876e-19	0.0274568	0.0528212	0.0274568	0.0274568	0.0528212	0.0770189	0.0528212	0.0528212	0.0770189	0.100488	0.0770189	0.0274568	0.0528212	0.0770189	0.0528212
38 rounds of non-Gaussian ED iteration : ground-state energy is -100.159 | electron energy -100.665 + phonon energy 0.505815 | electron momentum kIdx = 0
Nq = 	16	0.0275597	0.0531637	0.0275597	0.0275597	0.0531637	0.077708	0.0531637	0.0531637	0.077708	14.4246	0.077708	0.0275597	0.0531637	0.077708	0.0531637
Sq = 	-3.988e-19	0.0274564	0.0528205	0.0274564	0.0274564	0.0528205	0.0770179	0.0528205	0.0528205	0.0770179	0.100487	0.0770179	0.0274564	0.0528205	0.0770179	0.0528205
39 rounds of non-Gaussian ED iteration : ground-state energy is -100.163 | electron energy -100.669 + phonon energy 0.505803 | electron momentum kIdx = 0
Nq = 	16	0.0275593	0.0531631	0.0275593	0.0275593	0.0531631	0.0777071	0.0531631	0.0531631	0.0777071	14.4247	0.0777071	0.0275593	0.0531631	0.0777071	0.0531631
Sq = 	-3.00203e-19	0.0274561	0.05282	0.0274561	0.0274561	0.05282	0.0770172	0.05282	0.05282	0.0770172	0.100486	0.0770172	0.0274561	0.05282	0.0770172	0.05282
40 rounds of non-Gaussian ED iteration : ground-state energy is -100.167 | electron energy -100.673 + phonon energy 0.505793 | electron momentum kIdx = 0
Nq = 	16	0.0275591	0.0531627	0.0275591	0.0275591	0.0531627	0.0777064	0.0531627	0.0531627	0.0777064	14.4247	0.0777064	0.0275591	0.0531627	0.0777064	0.0531627
Sq = 	3.25856e-19	0.0274559	0.0528195	0.0274559	0.0274559	0.0528195	0.0770165	0.0528195	0.0528195	0.0770165	0.100485	0.0770165	0.0274559	0.0528195	0.0770165	0.0528195
41 rounds of non-Gaussian ED iteration : ground-state energy is -100.17 | electron energy -100.675 + phonon energy 0.505785 | electron momentum kIdx = 0
Nq = 	16	0.0275589	0.0531623	0.0275589	0.0275589	0.0531623	0.0777058	0.0531623	0.0531623	0.0777058	14.4247	0.0777058	0.0275589	0.0531623	0.0777058	0.0531623
Sq = 	-3.46607e-19	0.0274557	0.0528192	0.0274557	0.0274557	0.0528192	0.077016	0.0528192	0.0528192	0.077016	0.100484	0.077016	0.0274557	0.0528192	0.077016	0.0528192
42 rounds of non-Gaussian ED iteration : ground-state energy is -100.172 | electron energy -100.678 + phonon energy 0.505777 | electron momentum kIdx = 0
Nq = 	16	0.0275587	0.0531619	0.0275587	0.0275587	0.0531619	0.0777053	0.0531619	0.0531619	0.0777053	14.4247	0.0777053	0.0275587	0.0531619	0.0777053	0.0531619
Sq = 	-5.22963e-19	0.0274555	0.0528189	0.0274555	0.0274555	0.0528189	0.0770156	0.0528189	0.0528189	0.0770156	0.100484	0.0770156	0.0274555	0.0528189	0.0770156	0.0528189
43 rounds of non-Gaussian ED iteration : ground-state energy is -100.174 | electron energy -100.68 + phonon energy 0.505771 | electron momentum kIdx = 0
Nq = 	16	0.0275586	0.0531617	0.0275586	0.0275586	0.0531617	0.0777049	0.0531617	0.0531617	0.0777049	14.4247	0.0777049	0.0275586	0.0531617	0.0777049	0.0531617
Sq = 	-9.81689e-20	0.0274554	0.0528186	0.0274554	0.0274554	0.0528186	0.0770152	0.0528186	0.0528186	0.0770152	0.100483	0.0770152	0.0274554	0.0528186	0.0770152	0.0528186
44 rounds of non-Gaussian ED iteration : ground-state energy is -100.176 | electron energy -100.681 + phonon energy 0.505766 | electron momentum kIdx = 0
Nq = 	16	0.0275584	0.0531614	0.0275584	0.0275584	0.0531614	0.0777046	0.0531614	0.0531614	0.0777046	14.4247	0.0777046	0.0275584	0.0531614	0.0777046	0.0531614
Sq = 	-8.09656e-20	0.0274553	0.0528184	0.0274553	0.0274553	0.0528184	0.0770149	0.0528184	0.0528184	0.0770149	0.100483	0.0770149	0.0274553	0.0528184	0.0770149	0.0528184
45 rounds of non-Gaussian ED iteration : ground-state energy is -100.177 | electron energy -100.683 + phonon energy 0.505761 | electron momentum kIdx = 0
Nq = 	16	0.0275583	0.0531613	0.0275583	0.0275583	0.0531613	0.0777043	0.0531613	0.0531613	0.0777043	14.4247	0.0777043	0.0275583	0.0531613	0.0777043	0.0531613
Sq = 	1.99615e-19	0.0274552	0.0528182	0.0274552	0.0274552	0.0528182	0.0770147	0.0528182	0.0528182	0.0770147	0.100482	0.0770147	0.0274552	0.0528182	0.0770147	0.0528182
46 rounds of non-Gaussian ED iteration : ground-state energy is -100.178 | electron energy -100.684 + phonon energy 0.505757 | electron momentum kIdx = 0
Nq = 	16	0.0275583	0.0531611	0.0275583	0.0275583	0.0531611	0.0777041	0.0531611	0.0531611	0.0777041	14.4247	0.0777041	0.0275583	0.0531611	0.0777041	0.0531611
Sq = 	3.89933e-19	0.0274551	0.0528181	0.0274551	0.0274551	0.0528181	0.0770145	0.0528181	0.0528181	0.0770145	0.100482	0.0770145	0.0274551	0.0528181	0.0770145	0.0528181
47 rounds of non-Gaussian ED iteration : ground-state energy is -100.179 | electron energy -100.685 + phonon energy 0.505754 | electron momentum kIdx = 0
Nq = 	16	0.0275582	0.053161	0.0275582	0.0275582	0.053161	0.0777039	0.053161	0.053161	0.0777039	14.4247	0.0777039	0.0275582	0.053161	0.0777039	0.053161
Sq = 	8.40861e-20	0.027455	0.052818	0.027455	0.027455	0.052818	0.0770143	0.052818	0.052818	0.0770143	0.100482	0.0770143	0.027455	0.052818	0.0770143	0.052818
48 rounds of non-Gaussian ED iteration : ground-state energy is -100.18 | electron energy -100.685 + phonon energy 0.505752 | electron momentum kIdx = 0
Nq = 	16	0.0275581	0.0531609	0.0275581	0.0275581	0.0531609	0.0777038	0.0531609	0.0531609	0.0777038	14.4247	0.0777038	0.0275581	0.0531609	0.0777038	0.0531609
Sq = 	-3.70782e-19	0.027455	0.0528179	0.027455	0.027455	0.0528179	0.0770142	0.0528179	0.0528179	0.0770142	0.100482	0.0770142	0.027455	0.0528179	0.0770142	0.0528179
49 rounds of non-Gaussian ED iteration : ground-state energy is -100.18 | electron energy -100.686 + phonon energy 0.505749 | electron momentum kIdx = 0
Nq = 	16	0.0275581	0.0531608	0.0275581	0.0275581	0.0531608	0.0777036	0.0531608	0.0531608	0.0777036	14.4247	0.0777036	0.0275581	0.0531608	0.0777036	0.0531608
Sq = 	6.09508e-19	0.0274549	0.0528178	0.0274549	0.0274549	0.0528178	0.0770141	0.0528178	0.0528178	0.0770141	0.100482	0.0770141	0.0274549	0.0528178	0.0770141	0.0528178
50 rounds of non-Gaussian ED iteration : ground-state energy is -100.181 | electron energy -100.686 + phonon energy 0.505748 | electron momentum kIdx = 0
Nq = 	16	0.0275581	0.0531607	0.0275581	0.0275581	0.0531607	0.0777035	0.0531607	0.0531607	0.0777035	14.4247	0.0777035	0.0275581	0.0531607	0.0777035	0.0531607
Sq = 	2.86185e-19	0.0274549	0.0528177	0.0274549	0.0274549	0.0528177	0.077014	0.0528177	0.0528177	0.077014	0.100482	0.077014	0.0274549	0.0528177	0.077014	0.0528177
51 rounds of non-Gaussian ED iteration : ground-state energy is -100.181 | electron energy -100.687 + phonon energy 0.505746 | electron momentum kIdx = 0
Nq = 	16	0.027558	0.0531607	0.027558	0.027558	0.0531607	0.0777035	0.0531607	0.0531607	0.0777035	14.4247	0.0777035	0.027558	0.0531607	0.0777035	0.0531607
Sq = 	-2.44493e-19	0.0274549	0.0528177	0.0274549	0.0274549	0.0528177	0.0770139	0.0528177	0.0528177	0.0770139	0.100482	0.0770139	0.0274549	0.0528177	0.0770139	0.0528177
52 rounds of non-Gaussian ED iteration : ground-state energy is -100.181 | electron energy -100.687 + phonon energy 0.505745 | electron momentum kIdx = 0
Nq = 	16	0.027558	0.0531606	0.027558	0.027558	0.0531606	0.0777034	0.0531606	0.0531606	0.0777034	14.4247	0.0777034	0.027558	0.0531606	0.0777034	0.0531606
Sq = 	8.36794e-19	0.0274548	0.0528176	0.0274548	0.0274548	0.0528176	0.0770139	0.0528176	0.0528176	0.0770139	0.100481	0.0770139	0.0274548	0.0528176	0.0770139	0.0528176
53 rounds of non-Gaussian ED iteration : ground-state energy is -100.182 | electron energy -100.687 + phonon energy 0.505744 | electron momentum kIdx = 0
Nq = 	16	0.027558	0.0531606	0.027558	0.027558	0.0531606	0.0777033	0.0531606	0.0531606	0.0777033	14.4247	0.0777033	0.027558	0.0531606	0.0777033	0.0531606
Sq = 	2.24967e-19	0.0274548	0.0528176	0.0274548	0.0274548	0.0528176	0.0770138	0.0528176	0.0528176	0.0770138	0.100481	0.0770138	0.0274548	0.0528176	0.0770138	0.0528176
54 rounds of non-Gaussian ED iteration : ground-state energy is -100.182 | electron energy -100.688 + phonon energy 0.505743 | electron momentum kIdx = 0
Nq = 	16	0.027558	0.0531605	0.027558	0.027558	0.0531605	0.0777033	0.0531605	0.0531605	0.0777033	14.4247	0.0777033	0.027558	0.0531605	0.0777033	0.0531605
Sq = 	-4.63634e-19	0.0274548	0.0528176	0.0274548	0.0274548	0.0528176	0.0770138	0.0528176	0.0528176	0.0770138	0.100481	0.0770138	0.0274548	0.0528176	0.0770138	0.0528176
55 rounds of non-Gaussian ED iteration : ground-state energy is -100.182 | electron energy -100.688 + phonon energy 0.505742 | electron momentum kIdx = 0
Nq = 	16	0.0275579	0.0531605	0.0275579	0.0275579	0.0531605	0.0777032	0.0531605	0.0531605	0.0777032	14.4247	0.0777032	0.0275579	0.0531605	0.0777032	0.0531605
Sq = 	7.70385e-20	0.0274548	0.0528175	0.0274548	0.0274548	0.0528175	0.0770137	0.0528175	0.0528175	0.0770137	0.100481	0.0770137	0.0274548	0.0528175	0.0770137	0.0528175
56 rounds of non-Gaussian ED iteration : ground-state energy is -100.182 | electron energy -100.688 + phonon energy 0.505742 | electron momentum kIdx = 0
Nq = 	16	0.0275579	0.0531605	0.0275579	0.0275579	0.0531605	0.0777032	0.0531605	0.0531605	0.0777032	14.4247	0.0777032	0.0275579	0.0531605	0.0777032	0.0531605
Sq = 	-3.18641e-19	0.0274548	0.0528175	0.0274548	0.0274548	0.0528175	0.0770137	0.0528175	0.0528175	0.0770137	0.100481	0.0770137	0.0274548	0.0528175	0.0770137	0.0528175
57 rounds of non-Gaussian ED iteration : ground-state energy is -100.182 | electron energy -100.688 + phonon energy 0.505741 | electron momentum kIdx = 0
Nq = 	16	0.0275579	0.0531605	0.0275579	0.0275579	0.0531605	0.0777032	0.0531605	0.0531605	0.0777032	14.4247	0.0777032	0.0275579	0.0531605	0.0777032	0.0531605
Sq = 	4.67675e-19	0.0274548	0.0528175	0.0274548	0.0274548	0.0528175	0.0770137	0.0528175	0.0528175	0.0770137	0.100481	0.0770137	0.0274548	0.0528175	0.0770137	0.0528175
58 rounds of non-Gaussian ED iteration : ground-state energy is -100.182 | electron energy -100.688 + phonon energy 0.505741 | electron momentum kIdx = 0
Nq = 	16	0.0275579	0.0531605	0.0275579	0.0275579	0.0531605	0.0777032	0.0531605	0.0531605	0.0777032	14.4247	0.0777032	0.0275579	0.0531605	0.0777032	0.0531605
Sq = 	5.374e-19	0.0274548	0.0528175	0.0274548	0.0274548	0.0528175	0.0770137	0.0528175	0.0528175	0.0770137	0.100481	0.0770137	0.0274548	0.0528175	0.0770137	0.0528175
59 rounds of non-Gaussian ED iteration : ground-state energy is -100.182 | electron energy -100.688 + phonon energy 0.50574 | electron momentum kIdx = 0
Nq = 	16	0.0275579	0.0531605	0.0275579	0.0275579	0.0531605	0.0777031	0.0531605	0.0531605	0.0777031	14.4247	0.0777031	0.0275579	0.0531605	0.0777031	0.0531605
Sq = 	-5.44942e-19	0.0274547	0.0528175	0.0274547	0.0274547	0.0528175	0.0770136	0.0528175	0.0528175	0.0770136	0.100481	0.0770136	0.0274547	0.0528175	0.0770136	0.0528175
60 rounds of non-Gaussian ED iteration : ground-state energy is -100.183 | electron energy -100.688 + phonon energy 0.50574 | electron momentum kIdx = 0
Nq = 	16	0.0275579	0.0531604	0.0275579	0.0275579	0.0531604	0.0777031	0.0531604	0.0531604	0.0777031	14.4247	0.0777031	0.0275579	0.0531604	0.0777031	0.0531604
Sq = 	-2.8585e-19	0.0274547	0.0528175	0.0274547	0.0274547	0.0528175	0.0770136	0.0528175	0.0528175	0.0770136	0.100481	0.0770136	0.0274547	0.0528175	0.0770136	0.0528175
61 rounds of non-Gaussian ED iteration : ground-state energy is -100.183 | electron energy -100.688 + phonon energy 0.50574 | electron momentum kIdx = 0
Nq = 	16	0.0275579	0.0531604	0.0275579	0.0275579	0.0531604	0.0777031	0.0531604	0.0531604	0.0777031	14.4247	0.0777031	0.0275579	0.0531604	0.0777031	0.0531604
Sq = 	2.96042e-20	0.0274547	0.0528175	0.0274547	0.0274547	0.0528175	0.0770136	0.0528175	0.0528175	0.0770136	0.100481	0.0770136	0.0274547	0.0528175	0.0770136	0.0528175
62 rounds of non-Gaussian ED iteration : ground-state energy is -100.183 | electron energy -100.688 + phonon energy 0.50574 | electron momentum kIdx = 0
Nq = 	16	0.0275579	0.0531604	0.0275579	0.0275579	0.0531604	0.0777031	0.0531604	0.0531604	0.0777031	14.4247	0.0777031	0.0275579	0.0531604	0.0777031	0.0531604
Sq = 	-7.49573e-21	0.0274547	0.0528175	0.0274547	0.0274547	0.0528175	0.0770136	0.0528175	0.0528175	0.0770136	0.100481	0.0770136	0.0274547	0.0528175	0.0770136	0.0528175
63 rounds of non-Gaussian ED iteration : ground-state energy is -100.183 | electron energy -100.688 + phonon energy 0.505739 | electron momentum kIdx = 0
Nq = 	16	0.0275579	0.0531604	0.0275579	0.0275579	0.0531604	0.0777031	0.0531604	0.0531604	0.0777031	14.4247	0.0777031	0.0275579	0.0531604	0.0777031	0.0531604
Sq = 	3.85547e-19	0.0274547	0.0528175	0.0274547	0.0274547	0.0528175	0.0770136	0.0528175	0.0528175	0.0770136	0.100481	0.0770136	0.0274547	0.0528175	0.0770136	0.0528175
64 rounds of non-Gaussian ED iteration : ground-state energy is -100.183 | electron energy -100.688 + phonon energy 0.505739 | electron momentum kIdx = 0
Nq = 	16	0.0275579	0.0531604	0.0275579	0.0275579	0.0531604	0.0777031	0.0531604	0.0531604	0.0777031	14.4247	0.0777031	0.0275579	0.0531604	0.0777031	0.0531604
Sq = 	-2.06146e-19	0.0274547	0.0528174	0.0274547	0.0274547	0.0528174	0.0770136	0.0528174	0.0528174	0.0770136	0.100481	0.0770136	0.0274547	0.0528174	0.0770136	0.0528174
65 rounds of non-Gaussian ED iteration : ground-state energy is -100.183 | electron energy -100.688 + phonon energy 0.505739 | electron momentum kIdx = 0
Nq = 	16	0.0275579	0.0531604	0.0275579	0.0275579	0.0531604	0.0777031	0.0531604	0.0531604	0.0777031	14.4247	0.0777031	0.0275579	0.0531604	0.0777031	0.0531604
Sq = 	2.81312e-19	0.0274547	0.0528174	0.0274547	0.0274547	0.0528174	0.0770136	0.0528174	0.0528174	0.0770136	0.100481	0.0770136	0.0274547	0.0528174	0.0770136	0.0528174
66 rounds of non-Gaussian ED iteration : ground-state energy is -100.183 | electron energy -100.688 + phonon energy 0.505739 | electron momentum kIdx = 0
Nq = 	16	0.0275579	0.0531604	0.0275579	0.0275579	0.0531604	0.0777031	0.0531604	0.0531604	0.0777031	14.4247	0.0777031	0.0275579	0.0531604	0.0777031	0.0531604
Sq = 	-1.45966e-19	0.0274547	0.0528174	0.0274547	0.0274547	0.0528174	0.0770136	0.0528174	0.0528174	0.0770136	0.100481	0.0770136	0.0274547	0.0528174	0.0770136	0.0528174
67 rounds of non-Gaussian ED iteration : ground-state energy is -100.183 | electron energy -100.688 + phonon energy 0.505739 | electron momentum kIdx = 0
Nq = 	16	0.0275579	0.0531604	0.0275579	0.0275579	0.0531604	0.0777031	0.0531604	0.0531604	0.0777031	14.4247	0.0777031	0.0275579	0.0531604	0.0777031	0.0531604
Sq = 	-1.56135e-19	0.0274547	0.0528174	0.0274547	0.0274547	0.0528174	0.0770136	0.0528174	0.0528174	0.0770136	0.100481	0.0770136	0.0274547	0.0528174	0.0770136	0.0528174
srun: Job step aborted: Waiting up to 32 seconds for job step to finish.
slurmstepd: error: *** STEP 13182202.0 ON nid01713 CANCELLED AT 2019-04-27T03:35:55 DUE TO TIME LIMIT ***
srun: got SIGCONT
srun: forcing job termination
