SNEDics v3.22.2 Non-Gaussian ED ground state program		Start at Tue Apr 19 06:25:57 2022

Parallelization: 32 MPI threads  * 8 OpenMP threads = 256 total threads.
********************************************************************************************************************
********************************************************************************************************************

********************************************************************************************************************
System parameters and configurations
	special program options are enabled: splitted diagonal Hamiltonian | splitted Hamiltonian terms
********************************************************************************************************************
Read input file "model_params.in"
	Hubbard-Holstein model parameters : 	t = 1    U = 8    g = 0.15    W = 0.2    g' = 0.15    
********************************************************************************************************************
Read input file "hilbertspace_params.in"
	Requested 16-site 2D lattice, with 12 electrons (6, 6)
	Boundary : Periodic		Hilbert space representation : momentum-space (restricted to kIdx = 10)
	Conservation: particle number[U(1)]      spin[U(1)]     momentum
********************************************************************************************************************

Cluster Positions:				Cluster symmetry group : D4
 x ... x ... x ... x .....                       x ... x ... x ... x .....
 |           |           :                       |           |           :
 |           |           :                       |           |           :
12    13    14    15     x                       1     5     6     5     x
 |           |           :                       |           |           :
 |           |           :                       |           |           :
 8 --- 9 ---10 ---11 --- x                       2 --- 6 ---10 --- 6 --- x
 |           |           :                       |           |           :
 |           |           :                       |           |           :
 4     5     6     7     x                       1     5     6     5     x
 |           |           :                       |           |           :
 |           |           :                       |           |           :
 0 --- 1 --- 2 --- 3 --- x                       0 --- 1 --- 2 --- 1 --- x
orbital number : 1
********************************************************************************************************************
Read input file "obs_params.in"
	Observable Type : Nq(All),   Sq(All),   N(All-Orbital),   Delta[s](All),   Delta[d](All),   Delta[s+](All)
** WARNING ** the input observables have non-local factors which have been reinterpreted. The total observable number is 96
********************************************************************************************************************


********************************************************************************************************************
Start calculating the non-Gaussian ED ground state
Maximal iteration number is 1000; energy resolution is 1e-06. Phonon state relaxation time is 2000
W = 0.2 is relatively large. The non-Gaussian ED calculation starts directly.
open output files: NGSED_iteration_observables.txt
********************************************************************************************************************
Start the 0 rounds of NGS-ED iteration
	effective electronic model is modified as: kinetic energy t = 1
	                                           effective interaction Vq = [0,0,0,0,0,0,0,0,0,0,0,0,0,0,0,0]
	first Hamiltonian is constructed, size = 4008592 and non-zero numbers = 969134084
	PARPACK diagonalization completed after 150 matrix-vector product operations.
	iteration results: : total energy is -14.925310 | electron energy -14.925310 + phonon energy 0.000000 | electron momentum kIdx = 10
	Nq(0) = 9,	Nq(1) = 0.191675,	Nq(2) = 0.238629,	Nq(3) = 0.191675,	Nq(4) = 0.191675,	Nq(5) = 0.259295,	
	Nq(6) = 0.314107,	Nq(7) = 0.259295,	Nq(8) = 0.238629,	Nq(9) = 0.314107,	Nq(10) = 0.369338,	
	Nq(11) = 0.314107,	Nq(12) = 0.191675,	Nq(13) = 0.259295,	Nq(14) = 0.314107,	Nq(15) = 0.259295;	
	Sq(0) = -1.73566e-18,	Sq(1) = 0.554662,	Sq(2) = 0.921866,	Sq(3) = 0.554662,	Sq(4) = 0.554662,	
	Sq(5) = 0.548737,	Sq(6) = 1.01287,	Sq(7) = 0.548737,	Sq(8) = 0.921866,	Sq(9) = 1.01287,	
	Sq(10) = 0.784303,	Sq(11) = 1.01287,	Sq(12) = 0.554662,	Sq(13) = 0.548737,	Sq(14) = 1.01287,	
	Sq(15) = 0.548737;	N(0) = 1.76735,	N(1) = 1.6264,	N(2) = 0.275186,	N(3) = 1.6264,	
	N(4) = 1.6264,	N(5) = 0.626534,	N(6) = 0.144321,	N(7) = 0.626534,	N(8) = 0.275186,	
	N(9) = 0.144321,	N(10) = 0.0932732,	N(11) = 0.144321,	N(12) = 1.6264,	N(13) = 0.626534,	
	N(14) = 0.144321,	N(15) = 0.626534;	Delta[s](0) = 0.0652217,	Delta[s](1) = 0.0451754,	Delta[s](2) = 0.026022,	
	Delta[s](3) = 0.0451754,	Delta[s](4) = 0.0451754,	Delta[s](5) = 0.0292603,	Delta[s](6) = 0.00951949,	Delta[s](7) = 0.0292603,	
	Delta[s](8) = 0.026022,	Delta[s](9) = 0.00951949,	Delta[s](10) = 0.00036343,	Delta[s](11) = 0.00951949,	Delta[s](12) = 0.0451754,	
	Delta[s](13) = 0.0292603,	Delta[s](14) = 0.00951949,	Delta[s](15) = 0.0292603;	Delta[d](0) = 0.198651,	Delta[d](1) = 0.128525,	
	Delta[d](2) = 0.162065,	Delta[d](3) = 0.128525,	Delta[d](4) = 0.128525,	Delta[d](5) = 0.118322,	Delta[d](6) = 0.0878492,	
	Delta[d](7) = 0.118322,	Delta[d](8) = 0.162065,	Delta[d](9) = 0.0878492,	Delta[d](10) = 0.0384798,	Delta[d](11) = 0.0878492,	
	Delta[d](12) = 0.128525,	Delta[d](13) = 0.118322,	Delta[d](14) = 0.0878492,	Delta[d](15) = 0.118322;	Delta[s+](0) = 0.528257,	
	Delta[s+](1) = 0.360377,	Delta[s+](2) = 0.162065,	Delta[s+](3) = 0.360377,	Delta[s+](4) = 0.360377,	Delta[s+](5) = 0.206964,	
	Delta[s+](6) = 0.0629759,	Delta[s+](7) = 0.206964,	Delta[s+](8) = 0.162065,	Delta[s+](9) = 0.0629759,	Delta[s+](10) = 0.0159556,	
	Delta[s+](11) = 0.0629759,	Delta[s+](12) = 0.360377,	Delta[s+](13) = 0.206964,	Delta[s+](14) = 0.0629759,	Delta[s+](15) = 0.206964
	
The 0-th iteration is completed.	|| time cost : 0h 2m 2.191s
********************************************************************************************************************
Start the 1 rounds of NGS-ED iteration
	effective electronic model is modified as: kinetic energy t = 0.995953
	                                           effective interaction Vq = [    -2.8125,  -0.136853,-0.00883756,  -0.136853,  -0.136853,-0.00956961,-0.00782522,-0.00956961,-0.00883756,-0.00782522, -0.0696451,-0.00782522,  -0.136853,-0.00956961,-0.00782522,-0.00956961]
	PARPACK diagonalization completed after 45 matrix-vector product operations.
	iteration results: : total energy is -40.314137 | electron energy -40.318184 + phonon energy 0.004047 | electron momentum kIdx = 10
The 1-th iteration is completed.	|| time cost : 0h 1m 17.851s
********************************************************************************************************************
Start the 2 rounds of NGS-ED iteration
	effective electronic model is modified as: kinetic energy t = 0.995866
	                                           effective interaction Vq = [    -2.8125,  -0.139104,-0.00881095,  -0.139104,  -0.139104,-0.00952465,-0.00779831,-0.00952465,-0.00881095,-0.00779831, -0.0701431,-0.00779831,  -0.139104,-0.00952465,-0.00779831,-0.00952465]
	PARPACK diagonalization completed after 30 matrix-vector product operations.
	iteration results: : total energy is -40.314151 | electron energy -40.318427 + phonon energy 0.004276 | electron momentum kIdx = 10
The 2-th iteration is completed.	|| time cost : 0h 0m 9.33s
********************************************************************************************************************
Start the 3 rounds of NGS-ED iteration
	effective electronic model is modified as: kinetic energy t = 0.995865
	                                           effective interaction Vq = [    -2.8125,  -0.139145,-0.00881053,  -0.139145,  -0.139145,-0.00952387,-0.00779784,-0.00952387,-0.00881053,-0.00779784, -0.0701451,-0.00779784,  -0.139145,-0.00952387,-0.00779784,-0.00952387]
	PARPACK diagonalization completed after 30 matrix-vector product operations.
	iteration results: : total energy is -40.314151 | electron energy -40.318431 + phonon energy 0.004280 | electron momentum kIdx = 10
The 3-th iteration is completed.	|| time cost : 0h 0m 9.321s
********************************************************************************************************************
Start the 4 rounds of NGS-ED iteration
	effective electronic model is modified as: kinetic energy t = 0.995865
	                                           effective interaction Vq = [    -2.8125,  -0.139145,-0.00881053,  -0.139145,  -0.139145,-0.00952386,-0.00779784,-0.00952386,-0.00881053,-0.00779784, -0.0701451,-0.00779784,  -0.139145,-0.00952386,-0.00779784,-0.00952386]
	PARPACK diagonalization completed after 30 matrix-vector product operations.
	iteration results: : total energy is -40.314151 | electron energy -40.318431 + phonon energy 0.004280 | electron momentum kIdx = 10
The 4-th iteration is completed.	|| time cost : 0h 0m 9.322s
********************************************************************************************************************
Start the 5 rounds of NGS-ED iteration
	effective electronic model is modified as: kinetic energy t = 0.995865
	                                           effective interaction Vq = [    -2.8125,  -0.139145,-0.00881053,  -0.139145,  -0.139145,-0.00952386,-0.00779784,-0.00952386,-0.00881053,-0.00779784, -0.0701451,-0.00779784,  -0.139145,-0.00952386,-0.00779784,-0.00952386]
	PARPACK diagonalization completed after 30 matrix-vector product operations.
	iteration results: : total energy is -40.314151 | electron energy -40.318431 + phonon energy 0.004280 | electron momentum kIdx = 10
	Nq(0) = 9,	Nq(1) = 0.194824,	Nq(2) = 0.238303,	Nq(3) = 0.194824,	Nq(4) = 0.194824,	Nq(5) = 0.258471,	
	Nq(6) = 0.313545,	Nq(7) = 0.258471,	Nq(8) = 0.238303,	Nq(9) = 0.313545,	Nq(10) = 0.372139,	
	Nq(11) = 0.313545,	Nq(12) = 0.194824,	Nq(13) = 0.258471,	Nq(14) = 0.313545,	Nq(15) = 0.258471;	
	Sq(0) = 4.7786e-19,	Sq(1) = 0.552925,	Sq(2) = 0.920326,	Sq(3) = 0.552925,	Sq(4) = 0.552925,	
	Sq(5) = 0.548457,	Sq(6) = 1.01234,	Sq(7) = 0.548457,	Sq(8) = 0.920326,	Sq(9) = 1.01234,	
	Sq(10) = 0.788346,	Sq(11) = 1.01234,	Sq(12) = 0.552925,	Sq(13) = 0.548457,	Sq(14) = 1.01234,	
	Sq(15) = 0.548457;	N(0) = 1.76844,	N(1) = 1.63025,	N(2) = 0.272059,	N(3) = 1.63025,	
	N(4) = 1.63025,	N(5) = 0.624224,	N(6) = 0.143899,	N(7) = 0.624224,	N(8) = 0.272059,	
	N(9) = 0.143899,	N(10) = 0.0939341,	N(11) = 0.143899,	N(12) = 1.63025,	N(13) = 0.624224,	
	N(14) = 0.143899,	N(15) = 0.624224;	Delta[s](0) = 0.0658153,	Delta[s](1) = 0.0455906,	Delta[s](2) = 0.0263244,	
	Delta[s](3) = 0.0455906,	Delta[s](4) = 0.0455906,	Delta[s](5) = 0.0296105,	Delta[s](6) = 0.00960241,	Delta[s](7) = 0.0296105,	
	Delta[s](8) = 0.0263244,	Delta[s](9) = 0.00960241,	Delta[s](10) = 0.000375034,	Delta[s](11) = 0.00960241,	Delta[s](12) = 0.0455906,	
	Delta[s](13) = 0.0296105,	Delta[s](14) = 0.00960241,	Delta[s](15) = 0.0296105;	Delta[d](0) = 0.200203,	Delta[d](1) = 0.128379,	
	Delta[d](2) = 0.162299,	Delta[d](3) = 0.128379,	Delta[d](4) = 0.128379,	Delta[d](5) = 0.118538,	Delta[d](6) = 0.0874785,	
	Delta[d](7) = 0.118538,	Delta[d](8) = 0.162299,	Delta[d](9) = 0.0874785,	Delta[d](10) = 0.0383181,	Delta[d](11) = 0.0874785,	
	Delta[d](12) = 0.128379,	Delta[d](13) = 0.118538,	Delta[d](14) = 0.0874785,	Delta[d](15) = 0.118538;	Delta[s+](0) = 0.529654,	
	Delta[s+](1) = 0.3612,	Delta[s+](2) = 0.162299,	Delta[s+](3) = 0.3612,	Delta[s+](4) = 0.3612,	Delta[s+](5) = 0.207297,	
	Delta[s+](6) = 0.0629651,	Delta[s+](7) = 0.207297,	Delta[s+](8) = 0.162299,	Delta[s+](9) = 0.0629651,	Delta[s+](10) = 0.016047,	
	Delta[s+](11) = 0.0629651,	Delta[s+](12) = 0.3612,	Delta[s+](13) = 0.207297,	Delta[s+](14) = 0.0629651,	Delta[s+](15) = 0.207297
	
The 5-th iteration is completed.	|| time cost : 0h 1m 19.24s
********************************************************************************************************************
********************************************************************************************************************
Ground state is obtained after 6 iterations. The current ground-state energy is -40.3142, in which electron energy is -40.3184 and phonon energy is 0.00428007
Final variational state is: 
	Gamma_x = [      1,1.13902,1.01034,1.13902,1.13902,1.01211,1.01208,1.01211,1.01034,1.01208,1.13636,1.01208,1.13902,1.01211,1.01208,1.01211]
	lambda_q = [      3.75,  0.160318, 0.0299671,  0.160318,  0.160318, 0.0324481,-0.0264595, 0.0324481, 0.0299671,-0.0264595,-0.0793377,-0.0264595,  0.160318, 0.0324481,-0.0264595, 0.0324481]
Effective e-e interactions mediated by phonons are:
	momentum-space Vq = [    -2.8125,  -0.139145,-0.00881053,  -0.139145,  -0.139145,-0.00952386,-0.00779784,-0.00952386,-0.00881053,-0.00779784, -0.0701451,-0.00779784,  -0.139145,-0.00952386,-0.00779784,-0.00952386]
	real-space Vr = [-0.220383,-0.187816,-0.178886,-0.187816,-0.187816,-0.179064,-0.154979,-0.179064,-0.178886,-0.154979,-0.146912,-0.154979,-0.187816,-0.179064,-0.154979,-0.179064]
********************************************************************************************************************
o___o  ----------------------------------------
| L |	Time since last clock: 0h 0m 0.008s
A===A	Time since the beginning: 0h 5m 7.265s
***********************************************


Non-Gaussina ED ground state calculation is completed. The final ground-state energy is -40.3142
********************************************************************************************************************
o___o  ----------------------------------------
| L |	Time since last clock: 0h 0m 0.004s
A===A	Time since the beginning: 0h 5m 7.27s
***********************************************



********************************************************************************************************************
All non-Gaussian ED ground state calculations have been completed. Exit now.
