SNEDics v3.4 Non-Gaussian ED ground state program		Start at Wed Oct  2 01:59:10 2019

parallized on 16 MPI threads  * 8 OpenMP threads = 128 total threads.
********************************************************************************************************************
********************************************************************************************************************

********************************************************************************************************************
System parameters and configurations
********************************************************************************************************************
Special program options are enabled: splitted diagonal Hamiltonian
********************************************************************************************************************
Read input file "model_params.in"
	Hubbard-Holstein model parameters : 	t = 1    U = 6.12    g = 4.1833    W = 5    
********************************************************************************************************************
Read input file "hilbertspace_params.in"
	Requested 16-site 2D lattice, with 16 electrons (8, 8)
	Boundary : Periodic		Hilbert space representation : momentum-space (restricted to kIdx = 10)
	Conservation: particle number[U(1)]      spin[U(1)]     momentum
********************************************************************************************************************

Cluster Positions:				Cluster symmetry group : D4
 x ... x ... x ... x .....                       x ... x ... x ... x .....
 |           |           :                       |           |           :
 |           |           :                       |           |           :
12    13    14    15     x                       1     5     6     5     x
 |           |           :                       |           |           :
 |           |           :                       |           |           :
 8 --- 9 ---10 ---11 --- x                       2 --- 6 ---10 --- 6 --- x
 |           |           :                       |           |           :
 |           |           :                       |           |           :
 4     5     6     7     x                       1     5     6     5     x
 |           |           :                       |           |           :
 |           |           :                       |           |           :
 0 --- 1 --- 2 --- 3 --- x                       0 --- 1 --- 2 --- 1 --- x
orbital number : 1
********************************************************************************************************************
Read input file "obs_params.in"
	Observable Type : Nq(All),   Sq(All),   N(All),   Delta[s](All),   Delta[d](All),   Delta[s+](All)
********************************************************************************************************************
** WARNING ** the input observables have non-local factors which have been reinterpreted. The total observable number is 96
********************************************************************************************************************


********************************************************************************************************************
Start calculating the non-Gaussian ED ground state
** WARNING ** Detected low phonon energy W < 10. The initial state will be prepared through a warm-up process.
********************************************************************************************************************
Start warm-up calculation for scaling factor 2
open output files: NGSEDWarmUpW10Obs.txt
********************************************************************************************************************
Start the 0 rounds of NGS-ED iteration
	effective electronic model is modified as: kinetic energy t = 1
	                                           effective interaction Vq = [-0,-0,-0,-0,-0,-0,-0,-0,-0,-0,-0,-0,-0,-0,-0,-0]
	first Hamiltonian is constructed, non-zero numbers = 2845334624
	PARPACK diagonalization completed after 90 matrix-vector product operations.
	iteration results: : total energy is -10.213112 | electron energy -10.213112 + phonon energy 0.000000 | electron momentum kIdx = 10
	Nq(0) = 16,	Nq(1) = 0.0973581,	Nq(2) = 0.15805,	Nq(3) = 0.0973581,	Nq(4) = 0.0973581,	Nq(5) = 0.15805,	Nq(6) = 0.215215,	Nq(7) = 0.15805,	Nq(8) = 0.15805,	Nq(9) = 0.215215,	Nq(10) = 0.266023,	Nq(11) = 0.215215,	Nq(12) = 0.0973581,	Nq(13) = 0.15805,	Nq(14) = 0.215215,	Nq(15) = 0.15805,	Sq(0) = -1.54698e-18,	Sq(1) = 0.263311,	Sq(2) = 0.39868,	Sq(3) = 0.263311,	Sq(4) = 0.263311,	Sq(5) = 0.39868,	Sq(6) = 0.586263,	Sq(7) = 0.39868,	Sq(8) = 0.39868,	Sq(9) = 0.586263,	Sq(10) = 7.74501,	Sq(11) = 0.586263,	Sq(12) = 0.263311,	Sq(13) = 0.39868,	Sq(14) = 0.586263,	Sq(15) = 0.39868,	N(0) = 1.85118,	N(1) = 1.68409,	N(2) = 1,	N(3) = 1.68409,	N(4) = 1.68409,	N(5) = 1,	N(6) = 0.315913,	N(7) = 1,	N(8) = 1,	N(9) = 0.315913,	N(10) = 0.14882,	N(11) = 0.315913,	N(12) = 1.68409,	N(13) = 1,	N(14) = 0.315913,	N(15) = 1,	Delta[s](0) = 0.117497,	Delta[s](1) = 0.0991134,	Delta[s](2) = 0.0784566,	Delta[s](3) = 0.0991134,	Delta[s](4) = 0.0991134,	Delta[s](5) = 0.0784566,	Delta[s](6) = 0.0565262,	Delta[s](7) = 0.0784566,	Delta[s](8) = 0.0784566,	Delta[s](9) = 0.0565262,	Delta[s](10) = 0.0215128,	Delta[s](11) = 0.0565262,	Delta[s](12) = 0.0991134,	Delta[s](13) = 0.0784566,	Delta[s](14) = 0.0565262,	Delta[s](15) = 0.0784566,	Delta[d](0) = 0.542346,	Delta[d](1) = 0.438528,	Delta[d](2) = 0.364658,	Delta[d](3) = 0.438528,	Delta[d](4) = 0.438528,	Delta[d](5) = 0.396418,	Delta[d](6) = 0.330024,	Delta[d](7) = 0.396418,	Delta[d](8) = 0.364658,	Delta[d](9) = 0.330024,	Delta[d](10) = 0.26783,	Delta[d](11) = 0.330024,	Delta[d](12) = 0.438528,	Delta[d](13) = 0.396418,	Delta[d](14) = 0.330024,	Delta[d](15) = 0.396418,	Delta[s+](0) = 0.600654,	Delta[s+](1) = 0.4992,	Delta[s+](2) = 0.364658,	Delta[s+](3) = 0.4992,	Delta[s+](4) = 0.4992,	Delta[s+](5) = 0.364658,	Delta[s+](6) = 0.231333,	Delta[s+](7) = 0.364658,	Delta[s+](8) = 0.364658,	Delta[s+](9) = 0.231333,	Delta[s+](10) = 0.117596,	Delta[s+](11) = 0.231333,	Delta[s+](12) = 0.4992,	Delta[s+](13) = 0.364658,	Delta[s+](14) = 0.231333,	Delta[s+](15) = 0.364658
The 0-th iteration is completed.	|| time cost : 0h 8m 27.348s
********************************************************************************************************************
Start the 1 rounds of NGS-ED iteration
	effective electronic model is modified as: kinetic energy t = 0.921834
	                                           effective interaction Vq = [-3.02633,-2.66404,-2.58537,-2.66404,-2.66404,-2.58537, -2.5449,-2.58537,-2.58537, -2.5449, -2.5112, -2.5449,-2.66404,-2.58537, -2.5449,-2.58537]
	PARPACK diagonalization completed after 45 matrix-vector product operations.
	iteration results: : total energy is -67.458753 | electron energy -67.463195 + phonon energy 0.004442 | electron momentum kIdx = 10
The 1-th iteration is completed.	|| time cost : 0h 7m 28.717s
********************************************************************************************************************
Start the 2 rounds of NGS-ED iteration
	effective electronic model is modified as: kinetic energy t = 0.856837
	                                           effective interaction Vq = [ -3.4359,-3.25615,-3.12357,-3.25615,-3.25615,-3.12357,-3.12431,-3.12357,-3.12357,-3.12431, -3.0559,-3.12431,-3.25615,-3.12357,-3.12431,-3.12357]
	PARPACK diagonalization completed after 45 matrix-vector product operations.
	iteration results: : total energy is -76.192731 | electron energy -76.240294 + phonon energy 0.047563 | electron momentum kIdx = 10
The 2-th iteration is completed.	|| time cost : 0h 0m 31.994s
********************************************************************************************************************
Start the 3 rounds of NGS-ED iteration
	effective electronic model is modified as: kinetic energy t = 0.820443
	                                           effective interaction Vq = [-3.49132,-3.39562,-3.34779,-3.39562,-3.39562,-3.34779,-3.28673,-3.34779,-3.34779,-3.28673,-3.20146,-3.28673,-3.39562,-3.34779,-3.28673,-3.34779]
	PARPACK diagonalization completed after 30 matrix-vector product operations.
	iteration results: : total energy is -77.766423 | electron energy -77.859268 + phonon energy 0.092846 | electron momentum kIdx = 10
The 3-th iteration is completed.	|| time cost : 0h 0m 27.367s
********************************************************************************************************************
Start the 4 rounds of NGS-ED iteration
	effective electronic model is modified as: kinetic energy t = 0.806979
	                                           effective interaction Vq = [-3.49883,-3.42999,-3.40531,-3.42999,-3.42999,-3.40531,-3.33325,-3.40531,-3.40531,-3.33325,-3.24545,-3.33325,-3.42999,-3.40531,-3.33325,-3.40531]
	PARPACK diagonalization completed after 30 matrix-vector product operations.
	iteration results: : total energy is -77.978009 | electron energy -78.095248 + phonon energy 0.117239 | electron momentum kIdx = 10
The 4-th iteration is completed.	|| time cost : 0h 0m 27.37s
********************************************************************************************************************
Start the 5 rounds of NGS-ED iteration
	effective electronic model is modified as: kinetic energy t = 0.802181
	                                           effective interaction Vq = [-3.49984, -3.4401,-3.42255, -3.4401, -3.4401,-3.42255,-3.34837,-3.42255,-3.42255,-3.34837,-3.26021,-3.34837, -3.4401,-3.42255,-3.34837,-3.42255]
	PARPACK diagonalization completed after 30 matrix-vector product operations.
	iteration results: : total energy is -78.005789 | electron energy -78.132932 + phonon energy 0.127143 | electron momentum kIdx = 10
The 5-th iteration is completed.	|| time cost : 0h 0m 27.269s
********************************************************************************************************************
Start the 6 rounds of NGS-ED iteration
	effective electronic model is modified as: kinetic energy t = 0.800492
	                                           effective interaction Vq = [-3.49998,-3.44335,-3.42819,-3.44335,-3.44335,-3.42819,-3.35357,-3.42819,-3.42819,-3.35357,-3.26537,-3.35357,-3.44335,-3.42819,-3.35357,-3.42819]
	PARPACK diagonalization completed after 30 matrix-vector product operations.
	iteration results: : total energy is -78.009408 | electron energy -78.140217 + phonon energy 0.130810 | electron momentum kIdx = 10
The 6-th iteration is completed.	|| time cost : 0h 0m 27.348s
********************************************************************************************************************
Start the 7 rounds of NGS-ED iteration
	effective electronic model is modified as: kinetic energy t = 0.799899
	                                           effective interaction Vq = [    -3.5,-3.44443,-3.43011,-3.44443,-3.44443,-3.43011,-3.35539,-3.43011,-3.43011,-3.35539, -3.2672,-3.35539,-3.44443,-3.43011,-3.35539,-3.43011]
	PARPACK diagonalization completed after 30 matrix-vector product operations.
	iteration results: : total energy is -78.009879 | electron energy -78.142002 + phonon energy 0.132123 | electron momentum kIdx = 10
The 7-th iteration is completed.	|| time cost : 0h 0m 27.287s
********************************************************************************************************************
Start the 8 rounds of NGS-ED iteration
	effective electronic model is modified as: kinetic energy t = 0.799692
	                                           effective interaction Vq = [    -3.5,-3.44479,-3.43077,-3.44479,-3.44479,-3.43077,-3.35604,-3.43077,-3.43077,-3.35604,-3.26786,-3.35604,-3.44479,-3.43077,-3.35604,-3.43077]
	PARPACK diagonalization completed after 30 matrix-vector product operations.
	iteration results: : total energy is -78.009940 | electron energy -78.142529 + phonon energy 0.132589 | electron momentum kIdx = 10
The 8-th iteration is completed.	|| time cost : 0h 0m 27.313s
********************************************************************************************************************
Start the 9 rounds of NGS-ED iteration
	effective electronic model is modified as: kinetic energy t = 0.799619
	                                           effective interaction Vq = [    -3.5,-3.44491,  -3.431,-3.44491,-3.44491,  -3.431,-3.35627,  -3.431,  -3.431,-3.35627,-3.26809,-3.35627,-3.44491,  -3.431,-3.35627,  -3.431]
	PARPACK diagonalization completed after 105 matrix-vector product operations.
	iteration results: : total energy is -78.221226 | electron energy -78.353978 + phonon energy 0.132753 | electron momentum kIdx = 10
The 9-th iteration is completed.	|| time cost : 0h 0m 51.079s
********************************************************************************************************************
Start the 10 rounds of NGS-ED iteration
	effective electronic model is modified as: kinetic energy t = 0.796608
	                                           effective interaction Vq = [    -3.5,-3.44195,-3.43995,-3.44195,-3.44195,-3.43995, -3.3514,-3.43995,-3.43995, -3.3514,-3.34401, -3.3514,-3.44195,-3.43995, -3.3514,-3.43995]
	PARPACK diagonalization completed after 45 matrix-vector product operations.
	iteration results: : total energy is -78.240842 | electron energy -78.376903 + phonon energy 0.136061 | electron momentum kIdx = 10
	Nq(0) = 16,	Nq(1) = 0.383535,	Nq(2) = 0.772898,	Nq(3) = 0.383535,	Nq(4) = 0.383535,	Nq(5) = 0.772898,	Nq(6) = 0.631074,	Nq(7) = 0.772898,	Nq(8) = 0.772898,	Nq(9) = 0.631074,	Nq(10) = 0.954063,	Nq(11) = 0.631074,	Nq(12) = 0.383535,	Nq(13) = 0.772898,	Nq(14) = 0.631074,	Nq(15) = 0.772898,	Sq(0) = -2.12786e-18,	Sq(1) = 0.337939,	Sq(2) = 0.358807,	Sq(3) = 0.337939,	Sq(4) = 0.337939,	Sq(5) = 0.358807,	Sq(6) = 0.565064,	Sq(7) = 0.358807,	Sq(8) = 0.358807,	Sq(9) = 0.565064,	Sq(10) = 0.585261,	Sq(11) = 0.565064,	Sq(12) = 0.337939,	Sq(13) = 0.358807,	Sq(14) = 0.565064,	Sq(15) = 0.358807,	N(0) = 1.99768,	N(1) = 1.99362,	N(2) = 1,	N(3) = 1.99362,	N(4) = 1.99362,	N(5) = 1,	N(6) = 0.00638478,	N(7) = 1,	N(8) = 1,	N(9) = 0.00638478,	N(10) = 0.00232335,	N(11) = 0.00638478,	N(12) = 1.99362,	N(13) = 1,	N(14) = 0.00638478,	N(15) = 1,	Delta[s](0) = 0.417004,	Delta[s](1) = 0.314742,	Delta[s](2) = 0.278737,	Delta[s](3) = 0.314742,	Delta[s](4) = 0.314742,	Delta[s](5) = 0.278737,	Delta[s](6) = 0.259845,	Delta[s](7) = 0.278737,	Delta[s](8) = 0.278737,	Delta[s](9) = 0.259845,	Delta[s](10) = 0.437165,	Delta[s](11) = 0.259845,	Delta[s](12) = 0.314742,	Delta[s](13) = 0.278737,	Delta[s](14) = 0.259845,	Delta[s](15) = 0.278737,	Delta[d](0) = 0.33801,	Delta[d](1) = 0.284342,	Delta[d](2) = 0.258706,	Delta[d](3) = 0.284342,	Delta[d](4) = 0.284342,	Delta[d](5) = 0.25516,	Delta[d](6) = 0.243105,	Delta[d](7) = 0.25516,	Delta[d](8) = 0.258706,	Delta[d](9) = 0.243105,	Delta[d](10) = 0.17261,	Delta[d](11) = 0.243105,	Delta[d](12) = 0.284342,	Delta[d](13) = 0.25516,	Delta[d](14) = 0.243105,	Delta[d](15) = 0.25516,	Delta[s+](0) = 0.460012,	Delta[s+](1) = 0.378907,	Delta[s+](2) = 0.258706,	Delta[s+](3) = 0.378907,	Delta[s+](4) = 0.378907,	Delta[s+](5) = 0.258706,	Delta[s+](6) = 0.13318,	Delta[s+](7) = 0.258706,	Delta[s+](8) = 0.258706,	Delta[s+](9) = 0.13318,	Delta[s+](10) = 0.0487578,	Delta[s+](11) = 0.13318,	Delta[s+](12) = 0.378907,	Delta[s+](13) = 0.258706,	Delta[s+](14) = 0.13318,	Delta[s+](15) = 0.258706
The 10-th iteration is completed.	|| time cost : 0h 4m 36.089s
********************************************************************************************************************
Start the 11 rounds of NGS-ED iteration
	effective electronic model is modified as: kinetic energy t = 0.795474
	                                           effective interaction Vq = [    -3.5,-3.44083, -3.4428,-3.44083,-3.44083, -3.4428,-3.34944, -3.4428, -3.4428,-3.34944,-3.37161,-3.34944,-3.44083, -3.4428,-3.34944, -3.4428]
	PARPACK diagonalization completed after 30 matrix-vector product operations.
	iteration results: : total energy is -78.244342 | electron energy -78.383090 + phonon energy 0.138748 | electron momentum kIdx = 10
The 11-th iteration is completed.	|| time cost : 0h 0m 27.63s
********************************************************************************************************************
Start the 12 rounds of NGS-ED iteration
	effective electronic model is modified as: kinetic energy t = 0.795003
	                                           effective interaction Vq = [    -3.5,-3.44048,-3.44362,-3.44048,-3.44048,-3.44362,-3.34877,-3.44362,-3.44362,-3.34877,-3.38346,-3.34877,-3.44048,-3.44362,-3.34877,-3.44362]
	PARPACK diagonalization completed after 30 matrix-vector product operations.
	iteration results: : total energy is -78.245089 | electron energy -78.385160 + phonon energy 0.140071 | electron momentum kIdx = 10
The 12-th iteration is completed.	|| time cost : 0h 0m 27.579s
********************************************************************************************************************
Start the 13 rounds of NGS-ED iteration
	effective electronic model is modified as: kinetic energy t = 0.794778
	                                           effective interaction Vq = [    -3.5,-3.44041,-3.44373,-3.44041,-3.44041,-3.44373, -3.3486,-3.44373,-3.44373, -3.3486,-3.38962, -3.3486,-3.44041,-3.44373, -3.3486,-3.44373]
	PARPACK diagonalization completed after 30 matrix-vector product operations.
	iteration results: : total energy is -78.245315 | electron energy -78.386027 + phonon energy 0.140712 | electron momentum kIdx = 10
The 13-th iteration is completed.	|| time cost : 0h 0m 27.292s
********************************************************************************************************************
Start the 14 rounds of NGS-ED iteration
	effective electronic model is modified as: kinetic energy t = 0.79465
	                                           effective interaction Vq = [    -3.5,-3.44043,-3.44361,-3.44043,-3.44043,-3.44361,-3.34863,-3.44361,-3.44361,-3.34863,-3.39349,-3.34863,-3.44043,-3.44361,-3.34863,-3.44361]
	PARPACK diagonalization completed after 30 matrix-vector product operations.
	iteration results: : total energy is -78.245418 | electron energy -78.386482 + phonon energy 0.141064 | electron momentum kIdx = 10
The 14-th iteration is completed.	|| time cost : 0h 0m 27.295s
********************************************************************************************************************
Start the 15 rounds of NGS-ED iteration
	effective electronic model is modified as: kinetic energy t = 0.794561
	                                           effective interaction Vq = [    -3.5,-3.44049,-3.44341,-3.44049,-3.44049,-3.44341,-3.34871,-3.44341,-3.44341,-3.34871, -3.3964,-3.34871,-3.44049,-3.44341,-3.34871,-3.44341]
	PARPACK diagonalization completed after 30 matrix-vector product operations.
	iteration results: : total energy is -78.245484 | electron energy -78.386781 + phonon energy 0.141297 | electron momentum kIdx = 10
The 15-th iteration is completed.	|| time cost : 0h 0m 27.599s
********************************************************************************************************************
Start the 16 rounds of NGS-ED iteration
	effective electronic model is modified as: kinetic energy t = 0.794489
	                                           effective interaction Vq = [    -3.5,-3.44055,-3.44317,-3.44055,-3.44055,-3.44317,-3.34882,-3.44317,-3.44317,-3.34882,-3.39896,-3.34882,-3.44055,-3.44317,-3.34882,-3.44317]
	PARPACK diagonalization completed after 30 matrix-vector product operations.
	iteration results: : total energy is -78.245544 | electron energy -78.387026 + phonon energy 0.141482 | electron momentum kIdx = 10
The 16-th iteration is completed.	|| time cost : 0h 0m 27.375s
********************************************************************************************************************
Start the 17 rounds of NGS-ED iteration
	effective electronic model is modified as: kinetic energy t = 0.794417
	                                           effective interaction Vq = [    -3.5,-3.44062,-3.44288,-3.44062,-3.44062,-3.44288,-3.34894,-3.44288,-3.44288,-3.34894,-3.40159,-3.34894,-3.44062,-3.44288,-3.34894,-3.44288]
	PARPACK diagonalization completed after 30 matrix-vector product operations.
	iteration results: : total energy is -78.245617 | electron energy -78.387275 + phonon energy 0.141658 | electron momentum kIdx = 10
The 17-th iteration is completed.	|| time cost : 0h 0m 27.334s
********************************************************************************************************************
Start the 18 rounds of NGS-ED iteration
	effective electronic model is modified as: kinetic energy t = 0.794334
	                                           effective interaction Vq = [    -3.5, -3.4407, -3.4425, -3.4407, -3.4407, -3.4425,-3.34909, -3.4425, -3.4425,-3.34909,-3.40479,-3.34909, -3.4407, -3.4425,-3.34909, -3.4425]
	PARPACK diagonalization completed after 30 matrix-vector product operations.
	iteration results: : total energy is -78.245746 | electron energy -78.387604 + phonon energy 0.141859 | electron momentum kIdx = 10
The 18-th iteration is completed.	|| time cost : 0h 0m 27.28s
********************************************************************************************************************
Start the 19 rounds of NGS-ED iteration
	effective electronic model is modified as: kinetic energy t = 0.794217
	                                           effective interaction Vq = [    -3.5,-3.44081,-3.44187,-3.44081,-3.44081,-3.44187, -3.3493,-3.44187,-3.44187, -3.3493,-3.40958, -3.3493,-3.44081,-3.44187, -3.3493,-3.44187]
	PARPACK diagonalization completed after 30 matrix-vector product operations.
	iteration results: : total energy is -78.246143 | electron energy -78.388285 + phonon energy 0.142142 | electron momentum kIdx = 10
The 19-th iteration is completed.	|| time cost : 0h 0m 27.359s
********************************************************************************************************************
Start the 20 rounds of NGS-ED iteration
	effective electronic model is modified as: kinetic energy t = 0.794002
	                                           effective interaction Vq = [    -3.5,-3.44101,-3.44026,-3.44101,-3.44101,-3.44026,-3.34969,-3.44026,-3.44026,-3.34969,-3.41967,-3.34969,-3.44101,-3.44026,-3.34969,-3.44026]
	PARPACK diagonalization completed after 45 matrix-vector product operations.
	iteration results: : total energy is -78.250202 | electron energy -78.392896 + phonon energy 0.142694 | electron momentum kIdx = 10
	Nq(0) = 16,	Nq(1) = 0.38592,	Nq(2) = 0.627266,	Nq(3) = 0.38592,	Nq(4) = 0.38592,	Nq(5) = 0.627266,	Nq(6) = 0.63408,	Nq(7) = 0.627266,	Nq(8) = 0.627266,	Nq(9) = 0.63408,	Nq(10) = 1.96714,	Nq(11) = 0.63408,	Nq(12) = 0.38592,	Nq(13) = 0.627266,	Nq(14) = 0.63408,	Nq(15) = 0.627266,	Sq(0) = -5.74739e-18,	Sq(1) = 0.322429,	Sq(2) = 0.353586,	Sq(3) = 0.322429,	Sq(4) = 0.322429,	Sq(5) = 0.353586,	Sq(6) = 0.549085,	Sq(7) = 0.353586,	Sq(8) = 0.353586,	Sq(9) = 0.549085,	Sq(10) = 0.581692,	Sq(11) = 0.549085,	Sq(12) = 0.322429,	Sq(13) = 0.353586,	Sq(14) = 0.549085,	Sq(15) = 0.353586,	N(0) = 1.997,	N(1) = 1.99168,	N(2) = 1,	N(3) = 1.99168,	N(4) = 1.99168,	N(5) = 1,	N(6) = 0.00831806,	N(7) = 1,	N(8) = 1,	N(9) = 0.00831806,	N(10) = 0.00299601,	N(11) = 0.00831806,	N(12) = 1.99168,	N(13) = 1,	N(14) = 0.00831806,	N(15) = 1,	Delta[s](0) = 0.497366,	Delta[s](1) = 0.319464,	Delta[s](2) = 0.294416,	Delta[s](3) = 0.319464,	Delta[s](4) = 0.319464,	Delta[s](5) = 0.294416,	Delta[s](6) = 0.263554,	Delta[s](7) = 0.294416,	Delta[s](8) = 0.294416,	Delta[s](9) = 0.263554,	Delta[s](10) = 0.309435,	Delta[s](11) = 0.263554,	Delta[s](12) = 0.319464,	Delta[s](13) = 0.294416,	Delta[s](14) = 0.263554,	Delta[s](15) = 0.294416,	Delta[d](0) = 0.299153,	Delta[d](1) = 0.268982,	Delta[d](2) = 0.249655,	Delta[d](3) = 0.268982,	Delta[d](4) = 0.268982,	Delta[d](5) = 0.217284,	Delta[d](6) = 0.227722,	Delta[d](7) = 0.217284,	Delta[d](8) = 0.249655,	Delta[d](9) = 0.227722,	Delta[d](10) = 0.135492,	Delta[d](11) = 0.227722,	Delta[d](12) = 0.268982,	Delta[d](13) = 0.217284,	Delta[d](14) = 0.227722,	Delta[d](15) = 0.217284,	Delta[s+](0) = 0.453237,	Delta[s+](1) = 0.370303,	Delta[s+](2) = 0.249655,	Delta[s+](3) = 0.370303,	Delta[s+](4) = 0.370303,	Delta[s+](5) = 0.249655,	Delta[s+](6) = 0.126054,	Delta[s+](7) = 0.249655,	Delta[s+](8) = 0.249655,	Delta[s+](9) = 0.126054,	Delta[s+](10) = 0.0464069,	Delta[s+](11) = 0.126054,	Delta[s+](12) = 0.370303,	Delta[s+](13) = 0.249655,	Delta[s+](14) = 0.126054,	Delta[s+](15) = 0.249655
The 20-th iteration is completed.	|| time cost : 0h 4m 39.653s
********************************************************************************************************************
Start the 21 rounds of NGS-ED iteration
	effective electronic model is modified as: kinetic energy t = 0.79437
	                                           effective interaction Vq = [    -3.5,-3.44122,-3.42618,-3.44122,-3.44122,-3.42618,-3.35038,-3.42618,-3.42618,-3.35038,-3.45526,-3.35038,-3.44122,-3.42618,-3.35038,-3.42618]
	PARPACK diagonalization completed after 45 matrix-vector product operations.
	iteration results: : total energy is -78.342412 | electron energy -78.486454 + phonon energy 0.144041 | electron momentum kIdx = 10
The 21-th iteration is completed.	|| time cost : 0h 0m 32.314s
********************************************************************************************************************
Start the 22 rounds of NGS-ED iteration
	effective electronic model is modified as: kinetic energy t = 0.802812
	                                           effective interaction Vq = [    -3.5, -3.4364,-3.35217, -3.4364, -3.4364,-3.35217, -3.3436,-3.35217,-3.35217, -3.3436,-3.48198, -3.3436, -3.4364,-3.35217, -3.3436,-3.35217]
	PARPACK diagonalization completed after 30 matrix-vector product operations.
	iteration results: : total energy is -78.457797 | electron energy -78.598730 + phonon energy 0.140934 | electron momentum kIdx = 10
The 22-th iteration is completed.	|| time cost : 0h 0m 27.311s
********************************************************************************************************************
Start the 23 rounds of NGS-ED iteration
	effective electronic model is modified as: kinetic energy t = 0.80614
	                                           effective interaction Vq = [    -3.5,-3.43188,-3.31975,-3.43188,-3.43188,-3.31975, -3.3375,-3.31975,-3.31975, -3.3375, -3.4886, -3.3375,-3.43188,-3.31975, -3.3375,-3.31975]
	PARPACK diagonalization completed after 30 matrix-vector product operations.
	iteration results: : total energy is -78.472860 | electron energy -78.611175 + phonon energy 0.138315 | electron momentum kIdx = 10
The 23-th iteration is completed.	|| time cost : 0h 0m 27.569s
********************************************************************************************************************
Start the 24 rounds of NGS-ED iteration
	effective electronic model is modified as: kinetic energy t = 0.807413
	                                           effective interaction Vq = [    -3.5,-3.42943,-3.30787,-3.42943,-3.42943,-3.30787,-3.33425,-3.30787,-3.30787,-3.33425,-3.49054,-3.33425,-3.42943,-3.30787,-3.33425,-3.30787]
	PARPACK diagonalization completed after 30 matrix-vector product operations.
	iteration results: : total energy is -78.474753 | electron energy -78.611839 + phonon energy 0.137086 | electron momentum kIdx = 10
The 24-th iteration is completed.	|| time cost : 0h 0m 27.614s
********************************************************************************************************************
Start the 25 rounds of NGS-ED iteration
	effective electronic model is modified as: kinetic energy t = 0.807905
	                                           effective interaction Vq = [    -3.5,-3.42827,-3.30365,-3.42827,-3.42827,-3.30365,-3.33273,-3.30365,-3.30365,-3.33273,-3.49117,-3.33273,-3.42827,-3.30365,-3.33273,-3.30365]
	PARPACK diagonalization completed after 30 matrix-vector product operations.
	iteration results: : total energy is -78.474996 | electron energy -78.611544 + phonon energy 0.136548 | electron momentum kIdx = 10
The 25-th iteration is completed.	|| time cost : 0h 0m 27.324s
********************************************************************************************************************
Start the 26 rounds of NGS-ED iteration
	effective electronic model is modified as: kinetic energy t = 0.808096
	                                           effective interaction Vq = [    -3.5,-3.42776,-3.30217,-3.42776,-3.42776,-3.30217,-3.33205,-3.30217,-3.30217,-3.33205,-3.49138,-3.33205,-3.42776,-3.30217,-3.33205,-3.30217]
	PARPACK diagonalization completed after 30 matrix-vector product operations.
	iteration results: : total energy is -78.475028 | electron energy -78.611348 + phonon energy 0.136319 | electron momentum kIdx = 10
The 26-th iteration is completed.	|| time cost : 0h 0m 27.343s
********************************************************************************************************************
Start the 27 rounds of NGS-ED iteration
	effective electronic model is modified as: kinetic energy t = 0.80817
	                                           effective interaction Vq = [    -3.5,-3.42754,-3.30165,-3.42754,-3.42754,-3.30165,-3.33176,-3.30165,-3.30165,-3.33176,-3.49145,-3.33176,-3.42754,-3.30165,-3.33176,-3.30165]
	PARPACK diagonalization completed after 30 matrix-vector product operations.
	iteration results: : total energy is -78.475033 | electron energy -78.611256 + phonon energy 0.136223 | electron momentum kIdx = 10
	Nq(0) = 16,	Nq(1) = 0.345755,	Nq(2) = 0.365917,	Nq(3) = 0.345755,	Nq(4) = 0.345755,	Nq(5) = 0.365917,	Nq(6) = 0.59579,	Nq(7) = 0.365917,	Nq(8) = 0.365917,	Nq(9) = 0.59579,	Nq(10) = 4.04866,	Nq(11) = 0.59579,	Nq(12) = 0.345755,	Nq(13) = 0.365917,	Nq(14) = 0.59579,	Nq(15) = 0.365917,	Sq(0) = 3.63077e-18,	Sq(1) = 0.301164,	Sq(2) = 0.346274,	Sq(3) = 0.301164,	Sq(4) = 0.301164,	Sq(5) = 0.346274,	Sq(6) = 0.531337,	Sq(7) = 0.346274,	Sq(8) = 0.346274,	Sq(9) = 0.531337,	Sq(10) = 0.582004,	Sq(11) = 0.531337,	Sq(12) = 0.301164,	Sq(13) = 0.346274,	Sq(14) = 0.531337,	Sq(15) = 0.346274,	N(0) = 1.995,	N(1) = 1.98563,	N(2) = 1,	N(3) = 1.98563,	N(4) = 1.98563,	N(5) = 1,	N(6) = 0.0143659,	N(7) = 1,	N(8) = 1,	N(9) = 0.0143659,	N(10) = 0.00500401,	N(11) = 0.0143659,	N(12) = 1.98563,	N(13) = 1,	N(14) = 0.0143659,	N(15) = 1,	Delta[s](0) = 0.416948,	Delta[s](1) = 0.329598,	Delta[s](2) = 0.321226,	Delta[s](3) = 0.329598,	Delta[s](4) = 0.329598,	Delta[s](5) = 0.321226,	Delta[s](6) = 0.271326,	Delta[s](7) = 0.321226,	Delta[s](8) = 0.321226,	Delta[s](9) = 0.271326,	Delta[s](10) = 0.257172,	Delta[s](11) = 0.271326,	Delta[s](12) = 0.329598,	Delta[s](13) = 0.321226,	Delta[s](14) = 0.271326,	Delta[s](15) = 0.321226,	Delta[d](0) = 0.234477,	Delta[d](1) = 0.237301,	Delta[d](2) = 0.232687,	Delta[d](3) = 0.237301,	Delta[d](4) = 0.237301,	Delta[d](5) = 0.151162,	Delta[d](6) = 0.194963,	Delta[d](7) = 0.151162,	Delta[d](8) = 0.232687,	Delta[d](9) = 0.194963,	Delta[d](10) = 0.0678008,	Delta[d](11) = 0.194963,	Delta[d](12) = 0.237301,	Delta[d](13) = 0.151162,	Delta[d](14) = 0.194963,	Delta[d](15) = 0.151162,	Delta[s+](0) = 0.449314,	Delta[s+](1) = 0.356808,	Delta[s+](2) = 0.232687,	Delta[s+](3) = 0.356808,	Delta[s+](4) = 0.356808,	Delta[s+](5) = 0.232687,	Delta[s+](6) = 0.108321,	Delta[s+](7) = 0.232687,	Delta[s+](8) = 0.232687,	Delta[s+](9) = 0.108321,	Delta[s+](10) = 0.0376425,	Delta[s+](11) = 0.108321,	Delta[s+](12) = 0.356808,	Delta[s+](13) = 0.232687,	Delta[s+](14) = 0.108321,	Delta[s+](15) = 0.232687
The 27-th iteration is completed.	|| time cost : 0h 4m 38.292s
********************************************************************************************************************
********************************************************************************************************************
Ground state is obtained after 28 iterations. The current ground-state energy is -78.475, in which electron energy is -78.6113 and phonon energy is 0.136223
final variational state is: 
	Gamma_x = [      1,1.03029,1.04757,1.03029,1.03029,1.04757,1.07398,1.04757,1.04757,1.07398,1.14162,1.07398,1.03029,1.04757,1.07398,1.04757]
	lambda_q = [0.591608,0.506431,0.450704,0.506431,0.506431,0.450704,0.461852,0.450704,0.450704,0.461852,0.562417,0.461852,0.506431,0.450704,0.461852,0.450704]
********************************************************************************************************************
o___o  ----------------------------------------
| L |	Time since last clock: 0h 0m 0s
A===A	Time since the beginning: 0h 40m 53.355s
***********************************************


********************************************************************************************************************
Warm up runs have been completed. Start calculating W = 5 phonon.
open output files: NGSEDIterationObs.txt
********************************************************************************************************************
Start the 0 rounds of NGS-ED iteration
	effective electronic model is modified as: kinetic energy t = 0.808199
	                                           effective interaction Vq = [-3.19975,-2.95475,-2.75519,-2.95475,-2.95475,-2.75519,-2.79759,-2.75519,-2.75519,-2.79759,-3.12395,-2.79759,-2.95475,-2.75519,-2.79759,-2.75519]
	PARPACK diagonalization completed after 45 matrix-vector product operations.
	iteration results: : total energy is -69.293815 | electron energy -69.361907 + phonon energy 0.068092 | electron momentum kIdx = 10
	Nq(0) = 16,	Nq(1) = 0.343444,	Nq(2) = 0.350647,	Nq(3) = 0.343444,	Nq(4) = 0.343444,	Nq(5) = 0.350647,	Nq(6) = 0.555582,	Nq(7) = 0.350647,	Nq(8) = 0.350647,	Nq(9) = 0.555582,	Nq(10) = 3.49017,	Nq(11) = 0.555582,	Nq(12) = 0.343444,	Nq(13) = 0.350647,	Nq(14) = 0.555582,	Nq(15) = 0.350647,	Sq(0) = 3.70158e-18,	Sq(1) = 0.357846,	Sq(2) = 0.37422,	Sq(3) = 0.357846,	Sq(4) = 0.357846,	Sq(5) = 0.37422,	Sq(6) = 0.622615,	Sq(7) = 0.37422,	Sq(8) = 0.37422,	Sq(9) = 0.622615,	Sq(10) = 0.642685,	Sq(11) = 0.622615,	Sq(12) = 0.357846,	Sq(13) = 0.37422,	Sq(14) = 0.622615,	Sq(15) = 0.37422,	N(0) = 1.99723,	N(1) = 1.99481,	N(2) = 1,	N(3) = 1.99481,	N(4) = 1.99481,	N(5) = 1,	N(6) = 0.00518996,	N(7) = 1,	N(8) = 1,	N(9) = 0.00518996,	N(10) = 0.00276515,	N(11) = 0.00518996,	N(12) = 1.99481,	N(13) = 1,	N(14) = 0.00518996,	N(15) = 1,	Delta[s](0) = 0.354736,	Delta[s](1) = 0.300198,	Delta[s](2) = 0.29417,	Delta[s](3) = 0.300198,	Delta[s](4) = 0.300198,	Delta[s](5) = 0.29417,	Delta[s](6) = 0.256031,	Delta[s](7) = 0.29417,	Delta[s](8) = 0.29417,	Delta[s](9) = 0.256031,	Delta[s](10) = 0.250404,	Delta[s](11) = 0.256031,	Delta[s](12) = 0.300198,	Delta[s](13) = 0.29417,	Delta[s](14) = 0.256031,	Delta[s](15) = 0.29417,	Delta[d](0) = 0.24756,	Delta[d](1) = 0.258889,	Delta[d](2) = 0.254182,	Delta[d](3) = 0.258889,	Delta[d](4) = 0.258889,	Delta[d](5) = 0.165007,	Delta[d](6) = 0.214998,	Delta[d](7) = 0.165007,	Delta[d](8) = 0.254182,	Delta[d](9) = 0.214998,	Delta[d](10) = 0.0824737,	Delta[d](11) = 0.214998,	Delta[d](12) = 0.258889,	Delta[d](13) = 0.165007,	Delta[d](14) = 0.214998,	Delta[d](15) = 0.165007,	Delta[s+](0) = 0.493721,	Delta[s+](1) = 0.388102,	Delta[s+](2) = 0.254182,	Delta[s+](3) = 0.388102,	Delta[s+](4) = 0.388102,	Delta[s+](5) = 0.254182,	Delta[s+](6) = 0.122278,	Delta[s+](7) = 0.254182,	Delta[s+](8) = 0.254182,	Delta[s+](9) = 0.122278,	Delta[s+](10) = 0.0457795,	Delta[s+](11) = 0.122278,	Delta[s+](12) = 0.388102,	Delta[s+](13) = 0.254182,	Delta[s+](14) = 0.122278,	Delta[s+](15) = 0.254182
The 0-th iteration is completed.	|| time cost : 0h 4m 28.774s
********************************************************************************************************************
Start the 1 rounds of NGS-ED iteration
	effective electronic model is modified as: kinetic energy t = 0.781587
	                                           effective interaction Vq = [-3.38954,-3.13885,-2.88875,-3.13885,-3.13885,-2.88875,-2.94023,-2.88875,-2.88875,-2.94023,-3.33602,-2.94023,-3.13885,-2.88875,-2.94023,-2.88875]
	PARPACK diagonalization completed after 30 matrix-vector product operations.
	iteration results: : total energy is -73.213593 | electron energy -73.420203 + phonon energy 0.206610 | electron momentum kIdx = 10
The 1-th iteration is completed.	|| time cost : 0h 0m 27.638s
********************************************************************************************************************
Start the 2 rounds of NGS-ED iteration
	effective electronic model is modified as: kinetic energy t = 0.766997
	                                           effective interaction Vq = [-3.45937,-3.21442,-2.95348,-3.21442,-3.21442,-2.95348,-3.00663,-2.95348,-2.95348,-3.00663,-3.42657,-3.00663,-3.21442,-2.95348,-3.00663,-2.95348]
	PARPACK diagonalization completed after 30 matrix-vector product operations.
	iteration results: : total energy is -74.661133 | electron energy -74.966596 + phonon energy 0.305464 | electron momentum kIdx = 10
The 2-th iteration is completed.	|| time cost : 0h 0m 27.387s
********************************************************************************************************************
Start the 3 rounds of NGS-ED iteration
	effective electronic model is modified as: kinetic energy t = 0.759575
	                                           effective interaction Vq = [-3.48505,-3.24569,-2.98465,-3.24569,-3.24569,-2.98465,-3.03676,-2.98465,-2.98465,-3.03676, -3.4626,-3.03676,-3.24569,-2.98465,-3.03676,-2.98465]
	PARPACK diagonalization completed after 30 matrix-vector product operations.
	iteration results: : total energy is -75.176909 | electron energy -75.539325 + phonon energy 0.362416 | electron momentum kIdx = 10
The 3-th iteration is completed.	|| time cost : 0h 0m 27.277s
********************************************************************************************************************
Start the 4 rounds of NGS-ED iteration
	effective electronic model is modified as: kinetic energy t = 0.75584
	                                           effective interaction Vq = [ -3.4945, -3.2593,-3.00016, -3.2593, -3.2593,-3.00016,-3.05096,-3.00016,-3.00016,-3.05096,-3.47709,-3.05096, -3.2593,-3.00016,-3.05096,-3.00016]
	PARPACK diagonalization completed after 30 matrix-vector product operations.
	iteration results: : total energy is -75.357934 | electron energy -75.750944 + phonon energy 0.393010 | electron momentum kIdx = 10
The 4-th iteration is completed.	|| time cost : 0h 0m 27.673s
********************************************************************************************************************
Start the 5 rounds of NGS-ED iteration
	effective electronic model is modified as: kinetic energy t = 0.753933
	                                           effective interaction Vq = [-3.49798,-3.26561,-3.00818,-3.26561,-3.26561,-3.00818,-3.05804,-3.00818,-3.00818,-3.05804,-3.48323,-3.05804,-3.26561,-3.00818,-3.05804,-3.00818]
	PARPACK diagonalization completed after 30 matrix-vector product operations.
	iteration results: : total energy is -75.421544 | electron energy -75.830585 + phonon energy 0.409041 | electron momentum kIdx = 10
The 5-th iteration is completed.	|| time cost : 0h 0m 27.745s
********************************************************************************************************************
Start the 6 rounds of NGS-ED iteration
	effective electronic model is modified as: kinetic energy t = 0.752942
	                                           effective interaction Vq = [-3.49926,-3.26869,-3.01245,-3.26869,-3.26869,-3.01245,-3.06174,-3.01245,-3.01245,-3.06174,-3.48599,-3.06174,-3.26869,-3.01245,-3.06174,-3.01245]
	PARPACK diagonalization completed after 30 matrix-vector product operations.
	iteration results: : total energy is -75.444077 | electron energy -75.861436 + phonon energy 0.417358 | electron momentum kIdx = 10
The 6-th iteration is completed.	|| time cost : 0h 0m 27.643s
