TACC:  Starting up job 4377000 
TACC:  Starting parallel tasks... 
SNEDics v3.4 Non-Gaussian ED ground state program		Start at Sun Sep 22 00:40:13 2019

parallized on 32 MPI threads  * 6 OpenMP threads = 192 total threads.
********************************************************************************************************************
********************************************************************************************************************

********************************************************************************************************************
System parameters and configurations
********************************************************************************************************************
Special program options are enabled: splitted diagonal Hamiltonian
********************************************************************************************************************
Read input file "model_params.in"
	Hubbard-Holstein model parameters : 	t = 1    U = 8.7    g = 5    W = 5    
********************************************************************************************************************
Read input file "hilbertspace_params.in"
	Requested 16-site 2D lattice, with 16 electrons (8, 8)
	Boundary : Periodic		Hilbert space representation : momentum-space (restricted to kIdx = 0)
	Conservation: particle number[U(1)]      spin[U(1)]     momentum
********************************************************************************************************************

Cluster Positions:				Cluster symmetry group : D4
 x ... x ... x ... x .....                       x ... x ... x ... x .....
 |           |           :                       |           |           :
 |           |           :                       |           |           :
12    13    14    15     x                       1     5     6     5     x
 |           |           :                       |           |           :
 |           |           :                       |           |           :
 8 --- 9 ---10 ---11 --- x                       2 --- 6 ---10 --- 6 --- x
 |           |           :                       |           |           :
 |           |           :                       |           |           :
 4     5     6     7     x                       1     5     6     5     x
 |           |           :                       |           |           :
 |           |           :                       |           |           :
 0 --- 1 --- 2 --- 3 --- x                       0 --- 1 --- 2 --- 1 --- x
orbital number : 1
********************************************************************************************************************
Read input file "obs_params.in"
	Observable Type : Nq(All),   Sq(All),   N(All),   Delta[s](All),   Delta[d](All),   Delta[s+](All)
********************************************************************************************************************
** WARNING ** the input observables have non-local factors which have been reinterpreted. The total observable number is 96
********************************************************************************************************************


********************************************************************************************************************
Start calculating the non-Gaussian ED ground state
** WARNING ** Detected low phonon energy W < 10. The initial state will be prepared through a warm-up process.
********************************************************************************************************************
Start warm-up calculation for scaling factor 2
open output files: NGSEDWarmUpW10Obs.txt
********************************************************************************************************************
Start the 0 rounds of NGS-ED iteration
	effective electronic model is modified as: kinetic energy t = 1
	                                           effective interaction Vq = [0,0,0,0,0,0,0,0,0,0,0,0,0,0,0,0]
	first Hamiltonian is constructed, non-zero numbers = 2845383612
	PARPACK diagonalization completed after 120 matrix-vector product operations.
	iteration results: : total energy is -7.906488 | electron energy -7.906488 + phonon energy 0.000000 | electron momentum kIdx = 0
	Nq(0) = 16,	Nq(1) = 0.0540345,	Nq(2) = 0.0966776,	Nq(3) = 0.0540345,	Nq(4) = 0.0540345,	Nq(5) = 0.0966776,	Nq(6) = 0.135029,	Nq(7) = 0.0966776,	Nq(8) = 0.0966776,	Nq(9) = 0.135029,	Nq(10) = 0.171257,	Nq(11) = 0.135029,	Nq(12) = 0.0540345,	Nq(13) = 0.0966776,	Nq(14) = 0.135029,	Nq(15) = 0.0966776,	Sq(0) = -1.45264e-19,	Sq(1) = 0.408766,	Sq(2) = 0.643413,	Sq(3) = 0.408766,	Sq(4) = 0.408766,	Sq(5) = 0.643413,	Sq(6) = 0.957703,	Sq(7) = 0.643413,	Sq(8) = 0.643413,	Sq(9) = 0.957703,	Sq(10) = 5.16607,	Sq(11) = 0.957703,	Sq(12) = 0.408766,	Sq(13) = 0.643413,	Sq(14) = 0.957703,	Sq(15) = 0.643413,	N(0) = 1.74711,	N(1) = 1.53047,	N(2) = 1,	N(3) = 1.53047,	N(4) = 1.53047,	N(5) = 1,	N(6) = 0.469529,	N(7) = 1,	N(8) = 1,	N(9) = 0.469529,	N(10) = 0.252885,	N(11) = 0.469529,	N(12) = 1.53047,	N(13) = 1,	N(14) = 0.469529,	N(15) = 1,	Delta[s](0) = 0.072927,	Delta[s](1) = 0.0607794,	Delta[s](2) = 0.0479258,	Delta[s](3) = 0.0607794,	Delta[s](4) = 0.0607794,	Delta[s](5) = 0.0479258,	Delta[s](6) = 0.0336481,	Delta[s](7) = 0.0479258,	Delta[s](8) = 0.0479258,	Delta[s](9) = 0.0336481,	Delta[s](10) = 0.0155966,	Delta[s](11) = 0.0336481,	Delta[s](12) = 0.0607794,	Delta[s](13) = 0.0479258,	Delta[s](14) = 0.0336481,	Delta[s](15) = 0.0479258,	Delta[d](0) = 0.596724,	Delta[d](1) = 0.463161,	Delta[d](2) = 0.349646,	Delta[d](3) = 0.463161,	Delta[d](4) = 0.463161,	Delta[d](5) = 0.355419,	Delta[d](6) = 0.24574,	Delta[d](7) = 0.355419,	Delta[d](8) = 0.349646,	Delta[d](9) = 0.24574,	Delta[d](10) = 0.128452,	Delta[d](11) = 0.24574,	Delta[d](12) = 0.463161,	Delta[d](13) = 0.355419,	Delta[d](14) = 0.24574,	Delta[d](15) = 0.355419,	Delta[s+](0) = 0.617678,	Delta[s+](1) = 0.489603,	Delta[s+](2) = 0.349646,	Delta[s+](3) = 0.489603,	Delta[s+](4) = 0.489603,	Delta[s+](5) = 0.349646,	Delta[s+](6) = 0.211211,	Delta[s+](7) = 0.349646,	Delta[s+](8) = 0.349646,	Delta[s+](9) = 0.211211,	Delta[s+](10) = 0.0847845,	Delta[s+](11) = 0.211211,	Delta[s+](12) = 0.489603,	Delta[s+](13) = 0.349646,	Delta[s+](14) = 0.211211,	Delta[s+](15) = 0.349646
The 0-th iteration is completed.	|| time cost : 0h 5m 33.734s
********************************************************************************************************************
Start the 1 rounds of NGS-ED iteration
	effective electronic model is modified as: kinetic energy t = 0.904639
	                                           effective interaction Vq = [-4.32332,-3.58639,-3.50947,-3.58639,-3.58639,-3.50947,-3.45768,-3.50947,-3.50947,-3.45768,-3.42065,-3.45768,-3.58639,-3.50947,-3.45768,-3.50947]
	PARPACK diagonalization completed after 60 matrix-vector product operations.
	iteration results: : total energy is -85.739663 | electron energy -85.744225 + phonon energy 0.004563 | electron momentum kIdx = 0
The 1-th iteration is completed.	|| time cost : 0h 3m 38.461s
********************************************************************************************************************
Start the 2 rounds of NGS-ED iteration
	effective electronic model is modified as: kinetic energy t = 0.810961
	                                           effective interaction Vq = [-4.90842,-4.58713,-4.42635,-4.58713,-4.58713,-4.42635,-4.40718,-4.42635,-4.42635,-4.40718,-4.33439,-4.40718,-4.58713,-4.42635,-4.40718,-4.42635]
	PARPACK diagonalization completed after 75 matrix-vector product operations.
	iteration results: : total energy is -98.755550 | electron energy -98.828256 + phonon energy 0.072706 | electron momentum kIdx = 0
The 2-th iteration is completed.	|| time cost : 0h 0m 31.785s
********************************************************************************************************************
Start the 3 rounds of NGS-ED iteration
	effective electronic model is modified as: kinetic energy t = 0.749376
	                                           effective interaction Vq = [-4.98761,-4.85395,-4.81183,-4.85395,-4.85395,-4.81183,-4.71411,-4.81183,-4.81183,-4.71411,-4.70649,-4.71411,-4.85395,-4.81183,-4.71411,-4.81183]
	PARPACK diagonalization completed after 60 matrix-vector product operations.
	iteration results: : total energy is -101.778974 | electron energy -101.940005 + phonon energy 0.161031 | electron momentum kIdx = 0
The 3-th iteration is completed.	|| time cost : 0h 0m 31.863s
********************************************************************************************************************
Start the 4 rounds of NGS-ED iteration
	effective electronic model is modified as: kinetic energy t = 0.724462
	                                           effective interaction Vq = [-4.99832,-4.91802,-4.90471,-4.91802,-4.91802,-4.90471,-4.80535,-4.90471,-4.90471,-4.80535,-4.82435,-4.80535,-4.91802,-4.90471,-4.80535,-4.90471]
	PARPACK diagonalization completed after 45 matrix-vector product operations.
	iteration results: : total energy is -102.228913 | electron energy -102.439221 + phonon energy 0.210308 | electron momentum kIdx = 0
The 4-th iteration is completed.	|| time cost : 0h 0m 28.008s
********************************************************************************************************************
Start the 5 rounds of NGS-ED iteration
	effective electronic model is modified as: kinetic energy t = 0.714694
	                                           effective interaction Vq = [-4.99977, -4.9368,-4.93054, -4.9368, -4.9368,-4.93054,-4.83699,-4.93054,-4.93054,-4.83699,-4.87008,-4.83699, -4.9368,-4.93054,-4.83699,-4.93054]
	PARPACK diagonalization completed after 45 matrix-vector product operations.
	iteration results: : total energy is -102.294111 | electron energy -102.525049 + phonon energy 0.230938 | electron momentum kIdx = 0
The 5-th iteration is completed.	|| time cost : 0h 0m 27.829s
********************************************************************************************************************
Start the 6 rounds of NGS-ED iteration
	effective electronic model is modified as: kinetic energy t = 0.710809
	                                           effective interaction Vq = [-4.99997,-4.94308,-4.93802,-4.94308,-4.94308,-4.93802,-4.84903,-4.93802,-4.93802,-4.84903,-4.89376,-4.84903,-4.94308,-4.93802,-4.84903,-4.93802]
	PARPACK diagonalization completed after 45 matrix-vector product operations.
	iteration results: : total energy is -102.305035 | electron energy -102.544459 + phonon energy 0.239424 | electron momentum kIdx = 0
The 6-th iteration is completed.	|| time cost : 0h 0m 26.026s
********************************************************************************************************************
Start the 7 rounds of NGS-ED iteration
	effective electronic model is modified as: kinetic energy t = 0.709144
	                                           effective interaction Vq = [      -5,-4.94526,-4.93916,-4.94526,-4.94526,-4.93916,-4.85377,-4.93916,-4.93916,-4.85377,-4.91248,-4.85377,-4.94526,-4.93916,-4.85377,-4.93916]
	PARPACK diagonalization completed after 45 matrix-vector product operations.
	iteration results: : total energy is -102.310423 | electron energy -102.553767 + phonon energy 0.243344 | electron momentum kIdx = 0
The 7-th iteration is completed.	|| time cost : 0h 0m 24.323s
********************************************************************************************************************
Start the 8 rounds of NGS-ED iteration
	effective electronic model is modified as: kinetic energy t = 0.708455
	                                           effective interaction Vq = [      -5,-4.94557,-4.93513,-4.94557,-4.94557,-4.93513,-4.85498,-4.93513,-4.93513,-4.85498,-4.93801,-4.85498,-4.94557,-4.93513,-4.85498,-4.93513]
	PARPACK diagonalization completed after 45 matrix-vector product operations.
	iteration results: : total energy is -102.339897 | electron energy -102.585820 + phonon energy 0.245923 | electron momentum kIdx = 0
The 8-th iteration is completed.	|| time cost : 0h 0m 24.312s
********************************************************************************************************************
Start the 9 rounds of NGS-ED iteration
	effective electronic model is modified as: kinetic energy t = 0.714305
	                                           effective interaction Vq = [      -5,-4.93843,-4.89238,-4.93843,-4.93843,-4.89238,-4.84415,-4.89238,-4.89238,-4.84415,-4.97598,-4.84415,-4.93843,-4.89238,-4.84415,-4.89238]
	PARPACK diagonalization completed after 45 matrix-vector product operations.
	iteration results: : total energy is -102.495385 | electron energy -102.740231 + phonon energy 0.244846 | electron momentum kIdx = 0
The 9-th iteration is completed.	|| time cost : 0h 0m 24.327s
********************************************************************************************************************
Start the 10 rounds of NGS-ED iteration
	effective electronic model is modified as: kinetic energy t = 0.725252
	                                           effective interaction Vq = [      -5,-4.92241,-4.81782,-4.92241,-4.92241,-4.81782,-4.82065,-4.81782,-4.81782,-4.82065,-4.98887,-4.82065,-4.92241,-4.81782,-4.82065,-4.81782]
	PARPACK diagonalization completed after 30 matrix-vector product operations.
	iteration results: : total energy is -102.577422 | electron energy -102.814717 + phonon energy 0.237295 | electron momentum kIdx = 0
	Nq(0) = 16,	Nq(1) = 0.321615,	Nq(2) = 0.362104,	Nq(3) = 0.321615,	Nq(4) = 0.321615,	Nq(5) = 0.362104,	Nq(6) = 0.577927,	Nq(7) = 0.362104,	Nq(8) = 0.362104,	Nq(9) = 0.577927,	Nq(10) = 4.84508,	Nq(11) = 0.577927,	Nq(12) = 0.321615,	Nq(13) = 0.362104,	Nq(14) = 0.577927,	Nq(15) = 0.362104,	Sq(0) = 1.63848e-18,	Sq(1) = 0.258831,	Sq(2) = 0.320978,	Sq(3) = 0.258831,	Sq(4) = 0.258831,	Sq(5) = 0.320978,	Sq(6) = 0.471566,	Sq(7) = 0.320978,	Sq(8) = 0.320978,	Sq(9) = 0.471566,	Sq(10) = 0.536674,	Sq(11) = 0.471566,	Sq(12) = 0.258831,	Sq(13) = 0.320978,	Sq(14) = 0.471566,	Sq(15) = 0.320978,	N(0) = 1.98632,	N(1) = 1.96138,	N(2) = 1,	N(3) = 1.96138,	N(4) = 1.96138,	N(5) = 1,	N(6) = 0.038617,	N(7) = 1,	N(8) = 1,	N(9) = 0.038617,	N(10) = 0.0136792,	N(11) = 0.038617,	N(12) = 1.96138,	N(13) = 1,	N(14) = 0.038617,	N(15) = 1,	Delta[s](0) = 0.412453,	Delta[s](1) = 0.345228,	Delta[s](2) = 0.335792,	Delta[s](3) = 0.345228,	Delta[s](4) = 0.345228,	Delta[s](5) = 0.335792,	Delta[s](6) = 0.303276,	Delta[s](7) = 0.335792,	Delta[s](8) = 0.335792,	Delta[s](9) = 0.303276,	Delta[s](10) = 0.286714,	Delta[s](11) = 0.303276,	Delta[s](12) = 0.345228,	Delta[s](13) = 0.335792,	Delta[s](14) = 0.303276,	Delta[s](15) = 0.335792,	Delta[d](0) = 0.220133,	Delta[d](1) = 0.215358,	Delta[d](2) = 0.218037,	Delta[d](3) = 0.215358,	Delta[d](4) = 0.215358,	Delta[d](5) = 0.153368,	Delta[d](6) = 0.180785,	Delta[d](7) = 0.153368,	Delta[d](8) = 0.218037,	Delta[d](9) = 0.180785,	Delta[d](10) = 0.0865335,	Delta[d](11) = 0.180785,	Delta[d](12) = 0.215358,	Delta[d](13) = 0.153368,	Delta[d](14) = 0.180785,	Delta[d](15) = 0.153368,	Delta[s+](0) = 0.410443,	Delta[s+](1) = 0.325516,	Delta[s+](2) = 0.218037,	Delta[s+](3) = 0.325516,	Delta[s+](4) = 0.325516,	Delta[s+](5) = 0.218037,	Delta[s+](6) = 0.11092,	Delta[s+](7) = 0.218037,	Delta[s+](8) = 0.218037,	Delta[s+](9) = 0.11092,	Delta[s+](10) = 0.0504743,	Delta[s+](11) = 0.11092,	Delta[s+](12) = 0.325516,	Delta[s+](13) = 0.218037,	Delta[s+](14) = 0.11092,	Delta[s+](15) = 0.218037
The 10-th iteration is completed.	|| time cost : 0h 4m 24.849s
********************************************************************************************************************
Start the 11 rounds of NGS-ED iteration
	effective electronic model is modified as: kinetic energy t = 0.730401
	                                           effective interaction Vq = [      -5,-4.91134,-4.78144,-4.91134,-4.91134,-4.78144,-4.80495,-4.78144,-4.78144,-4.80495,-4.99232,-4.80495,-4.91134,-4.78144,-4.80495,-4.78144]
	PARPACK diagonalization completed after 30 matrix-vector product operations.
	iteration results: : total energy is -102.591867 | electron energy -102.822793 + phonon energy 0.230926 | electron momentum kIdx = 0
The 11-th iteration is completed.	|| time cost : 0h 0m 24.2s
********************************************************************************************************************
Start the 12 rounds of NGS-ED iteration
	effective electronic model is modified as: kinetic energy t = 0.732727
	                                           effective interaction Vq = [      -5,-4.90521,-4.76594,-4.90521,-4.90521,-4.76594,-4.79629,-4.76594,-4.76594,-4.79629, -4.9934,-4.79629,-4.90521,-4.76594,-4.79629,-4.76594]
	PARPACK diagonalization completed after 30 matrix-vector product operations.
	iteration results: : total energy is -102.594437 | electron energy -102.821863 + phonon energy 0.227426 | electron momentum kIdx = 0
The 12-th iteration is completed.	|| time cost : 0h 0m 20.602s
********************************************************************************************************************
Start the 13 rounds of NGS-ED iteration
	effective electronic model is modified as: kinetic energy t = 0.73378
	                                           effective interaction Vq = [      -5,-4.90208,-4.75949,-4.90208,-4.90208,-4.75949,-4.79184,-4.75949,-4.75949,-4.79184,-4.99379,-4.79184,-4.90208,-4.75949,-4.79184,-4.75949]
	PARPACK diagonalization completed after 30 matrix-vector product operations.
	iteration results: : total energy is -102.594920 | electron energy -102.820607 + phonon energy 0.225687 | electron momentum kIdx = 0
The 13-th iteration is completed.	|| time cost : 0h 0m 20.587s
********************************************************************************************************************
Start the 14 rounds of NGS-ED iteration
	effective electronic model is modified as: kinetic energy t = 0.734258
	                                           effective interaction Vq = [      -5,-4.90056,-4.75681,-4.90056,-4.90056,-4.75681,-4.78964,-4.75681,-4.75681,-4.78964,-4.99393,-4.78964,-4.90056,-4.75681,-4.78964,-4.75681]
	PARPACK diagonalization completed after 30 matrix-vector product operations.
	iteration results: : total energy is -102.595014 | electron energy -102.819870 + phonon energy 0.224856 | electron momentum kIdx = 0
The 14-th iteration is completed.	|| time cost : 0h 0m 20.599s
********************************************************************************************************************
Start the 15 rounds of NGS-ED iteration
	effective electronic model is modified as: kinetic energy t = 0.734475
	                                           effective interaction Vq = [      -5,-4.89983,-4.75568,-4.89983,-4.89983,-4.75568,-4.78857,-4.75568,-4.75568,-4.78857,-4.99399,-4.78857,-4.89983,-4.75568,-4.78857,-4.75568]
	PARPACK diagonalization completed after 30 matrix-vector product operations.
	iteration results: : total energy is -102.595033 | electron energy -102.819499 + phonon energy 0.224465 | electron momentum kIdx = 0
The 15-th iteration is completed.	|| time cost : 0h 0m 20.631s
********************************************************************************************************************
Start the 16 rounds of NGS-ED iteration
	effective electronic model is modified as: kinetic energy t = 0.734574
	                                           effective interaction Vq = [      -5,-4.89949, -4.7552,-4.89949,-4.89949, -4.7552,-4.78806, -4.7552, -4.7552,-4.78806,-4.99401,-4.78806,-4.89949, -4.7552,-4.78806, -4.7552]
	PARPACK diagonalization completed after 30 matrix-vector product operations.
	iteration results: : total energy is -102.595037 | electron energy -102.819321 + phonon energy 0.224283 | electron momentum kIdx = 0
	Nq(0) = 16,	Nq(1) = 0.310205,	Nq(2) = 0.352715,	Nq(3) = 0.310205,	Nq(4) = 0.310205,	Nq(5) = 0.352715,	Nq(6) = 0.561983,	Nq(7) = 0.352715,	Nq(8) = 0.352715,	Nq(9) = 0.561983,	Nq(10) = 5.03607,	Nq(11) = 0.561983,	Nq(12) = 0.310205,	Nq(13) = 0.352715,	Nq(14) = 0.561983,	Nq(15) = 0.352715,	Sq(0) = 3.51975e-18,	Sq(1) = 0.255797,	Sq(2) = 0.31958,	Sq(3) = 0.255797,	Sq(4) = 0.255797,	Sq(5) = 0.31958,	Sq(6) = 0.470084,	Sq(7) = 0.31958,	Sq(8) = 0.31958,	Sq(9) = 0.470084,	Sq(10) = 0.537881,	Sq(11) = 0.470084,	Sq(12) = 0.255797,	Sq(13) = 0.31958,	Sq(14) = 0.470084,	Sq(15) = 0.31958,	N(0) = 1.98537,	N(1) = 1.95816,	N(2) = 1,	N(3) = 1.95816,	N(4) = 1.95816,	N(5) = 1,	N(6) = 0.0418441,	N(7) = 1,	N(8) = 1,	N(9) = 0.0418441,	N(10) = 0.0146341,	N(11) = 0.0418441,	N(12) = 1.95816,	N(13) = 1,	N(14) = 0.0418441,	N(15) = 1,	Delta[s](0) = 0.408334,	Delta[s](1) = 0.346419,	Delta[s](2) = 0.336514,	Delta[s](3) = 0.346419,	Delta[s](4) = 0.346419,	Delta[s](5) = 0.336514,	Delta[s](6) = 0.30458,	Delta[s](7) = 0.336514,	Delta[s](8) = 0.336514,	Delta[s](9) = 0.30458,	Delta[s](10) = 0.289146,	Delta[s](11) = 0.30458,	Delta[s](12) = 0.346419,	Delta[s](13) = 0.336514,	Delta[s](14) = 0.30458,	Delta[s](15) = 0.336514,	Delta[d](0) = 0.216988,	Delta[d](1) = 0.211539,	Delta[d](2) = 0.215655,	Delta[d](3) = 0.211539,	Delta[d](4) = 0.211539,	Delta[d](5) = 0.149994,	Delta[d](6) = 0.176667,	Delta[d](7) = 0.149994,	Delta[d](8) = 0.215655,	Delta[d](9) = 0.176667,	Delta[d](10) = 0.0829285,	Delta[d](11) = 0.176667,	Delta[d](12) = 0.211539,	Delta[d](13) = 0.149994,	Delta[d](14) = 0.176667,	Delta[d](15) = 0.149994,	Delta[s+](0) = 0.41074,	Delta[s+](1) = 0.323927,	Delta[s+](2) = 0.215655,	Delta[s+](3) = 0.323927,	Delta[s+](4) = 0.323927,	Delta[s+](5) = 0.215655,	Delta[s+](6) = 0.10793,	Delta[s+](7) = 0.215655,	Delta[s+](8) = 0.215655,	Delta[s+](9) = 0.10793,	Delta[s+](10) = 0.0483288,	Delta[s+](11) = 0.10793,	Delta[s+](12) = 0.323927,	Delta[s+](13) = 0.215655,	Delta[s+](14) = 0.10793,	Delta[s+](15) = 0.215655
The 16-th iteration is completed.	|| time cost : 0h 4m 46.283s
********************************************************************************************************************
********************************************************************************************************************
Ground state is obtained after 17 iterations. The current ground-state energy is -102.595, in which electron energy is -102.819 and phonon energy is 0.224283
final variational state is: 
	Gamma_x = [      1, 1.0385,1.06266, 1.0385, 1.0385,1.06266,1.09617,1.06266,1.06266,1.09617,1.18209,1.09617, 1.0385,1.06266,1.09617,1.06266]
	lambda_q = [0.707107,0.606774,0.550579,0.606774,0.606774,0.550579,0.561441,0.550579,0.550579,0.561441,0.682654,0.561441,0.606774,0.550579,0.561441,0.550579]
********************************************************************************************************************
o___o  ----------------------------------------
| L |	Time since last clock: 0h 0m 0s
A===A	Time since the beginning: 0h 23m 48.428s
***********************************************


********************************************************************************************************************
Warm up runs have been completed. Start calculating W = 5 phonon.
open output files: NGSEDIterationObs.txt
********************************************************************************************************************
Start the 0 rounds of NGS-ED iteration
	effective electronic model is modified as: kinetic energy t = 0.734619
	                                           effective interaction Vq = [-4.57107,-4.22687, -3.9901,-4.22687,-4.22687, -3.9901,-4.03833, -3.9901, -3.9901,-4.03833,-4.49646,-4.03833,-4.22687, -3.9901,-4.03833, -3.9901]
	PARPACK diagonalization completed after 45 matrix-vector product operations.
	iteration results: : total energy is -89.507729 | electron energy -89.619828 + phonon energy 0.112100 | electron momentum kIdx = 0
	Nq(0) = 16,	Nq(1) = 0.315158,	Nq(2) = 0.336805,	Nq(3) = 0.315158,	Nq(4) = 0.315158,	Nq(5) = 0.336805,	Nq(6) = 0.520052,	Nq(7) = 0.336805,	Nq(8) = 0.336805,	Nq(9) = 0.520052,	Nq(10) = 4.12599,	Nq(11) = 0.520052,	Nq(12) = 0.315158,	Nq(13) = 0.336805,	Nq(14) = 0.520052,	Nq(15) = 0.336805,	Sq(0) = -6.53517e-18,	Sq(1) = 0.32945,	Sq(2) = 0.364598,	Sq(3) = 0.32945,	Sq(4) = 0.32945,	Sq(5) = 0.364598,	Sq(6) = 0.592905,	Sq(7) = 0.364598,	Sq(8) = 0.364598,	Sq(9) = 0.592905,	Sq(10) = 0.635335,	Sq(11) = 0.592905,	Sq(12) = 0.32945,	Sq(13) = 0.364598,	Sq(14) = 0.592905,	Sq(15) = 0.364598,	N(0) = 1.99324,	N(1) = 1.98453,	N(2) = 1,	N(3) = 1.98453,	N(4) = 1.98453,	N(5) = 1,	N(6) = 0.0154708,	N(7) = 1,	N(8) = 1,	N(9) = 0.0154708,	N(10) = 0.00675673,	N(11) = 0.0154708,	N(12) = 1.98453,	N(13) = 1,	N(14) = 0.0154708,	N(15) = 1,	Delta[s](0) = 0.336719,	Delta[s](1) = 0.305699,	Delta[s](2) = 0.299907,	Delta[s](3) = 0.305699,	Delta[s](4) = 0.305699,	Delta[s](5) = 0.299907,	Delta[s](6) = 0.278111,	Delta[s](7) = 0.299907,	Delta[s](8) = 0.299907,	Delta[s](9) = 0.278111,	Delta[s](10) = 0.27243,	Delta[s](11) = 0.278111,	Delta[s](12) = 0.305699,	Delta[s](13) = 0.299907,	Delta[s](14) = 0.278111,	Delta[s](15) = 0.299907,	Delta[d](0) = 0.241273,	Delta[d](1) = 0.244432,	Delta[d](2) = 0.248678,	Delta[d](3) = 0.244432,	Delta[d](4) = 0.244432,	Delta[d](5) = 0.172582,	Delta[d](6) = 0.206236,	Delta[d](7) = 0.172582,	Delta[d](8) = 0.248678,	Delta[d](9) = 0.206236,	Delta[d](10) = 0.103921,	Delta[d](11) = 0.206236,	Delta[d](12) = 0.244432,	Delta[d](13) = 0.172582,	Delta[d](14) = 0.206236,	Delta[d](15) = 0.172582,	Delta[s+](0) = 0.47837,	Delta[s+](1) = 0.371676,	Delta[s+](2) = 0.248678,	Delta[s+](3) = 0.371676,	Delta[s+](4) = 0.371676,	Delta[s+](5) = 0.248678,	Delta[s+](6) = 0.128773,	Delta[s+](7) = 0.248678,	Delta[s+](8) = 0.248678,	Delta[s+](9) = 0.128773,	Delta[s+](10) = 0.0606076,	Delta[s+](11) = 0.128773,	Delta[s+](12) = 0.371676,	Delta[s+](13) = 0.248678,	Delta[s+](14) = 0.128773,	Delta[s+](15) = 0.248678
The 0-th iteration is completed.	|| time cost : 0h 4m 49.99s
********************************************************************************************************************
Start the 1 rounds of NGS-ED iteration
	effective electronic model is modified as: kinetic energy t = 0.700018
	                                           effective interaction Vq = [ -4.8422,-4.49811,-4.19739,-4.49811,-4.49811,-4.19739,-4.25618,-4.19739,-4.19739,-4.25618,-4.80702,-4.25618,-4.49811,-4.19739,-4.25618,-4.19739]
	PARPACK diagonalization completed after 30 matrix-vector product operations.
	iteration results: : total energy is -95.494227 | electron energy -95.835431 + phonon energy 0.341204 | electron momentum kIdx = 0
The 1-th iteration is completed.	|| time cost : 0h 0m 24.065s
********************************************************************************************************************
Start the 2 rounds of NGS-ED iteration
	effective electronic model is modified as: kinetic energy t = 0.683015
	                                           effective interaction Vq = [-4.94195,-4.58564, -4.2855,-4.58564,-4.58564, -4.2855,-4.33958, -4.2855, -4.2855,-4.33958,-4.93016,-4.33958,-4.58564, -4.2855,-4.33958, -4.2855]
	PARPACK diagonalization completed after 30 matrix-vector product operations.
	iteration results: : total energy is -97.745328 | electron energy -98.221205 + phonon energy 0.475877 | electron momentum kIdx = 0
The 2-th iteration is completed.	|| time cost : 0h 0m 20.643s
********************************************************************************************************************
Start the 3 rounds of NGS-ED iteration
	effective electronic model is modified as: kinetic energy t = 0.676659
	                                           effective interaction Vq = [-4.97864,-4.60213,-4.31514,-4.60213,-4.60213,-4.31514,-4.36063,-4.31514,-4.31514,-4.36063,-4.97218,-4.36063,-4.60213,-4.31514,-4.36063,-4.31514]
	PARPACK diagonalization completed after 30 matrix-vector product operations.
	iteration results: : total energy is -98.531586 | electron energy -99.063364 + phonon energy 0.531778 | electron momentum kIdx = 0
The 3-th iteration is completed.	|| time cost : 0h 0m 20.684s
********************************************************************************************************************
Start the 4 rounds of NGS-ED iteration
	effective electronic model is modified as: kinetic energy t = 0.674885
	                                           effective interaction Vq = [-4.99214,-4.59789,-4.32252,-4.59789,-4.59789,-4.32252,-4.36063,-4.32252,-4.32252,-4.36063, -4.9864,-4.36063,-4.59789,-4.32252,-4.36063,-4.32252]
	PARPACK diagonalization completed after 30 matrix-vector product operations.
	iteration results: : total energy is -98.800325 | electron energy -99.353037 + phonon energy 0.552712 | electron momentum kIdx = 0
The 4-th iteration is completed.	|| time cost : 0h 0m 21.175s
********************************************************************************************************************
Start the 5 rounds of NGS-ED iteration
	effective electronic model is modified as: kinetic energy t = 0.674812
	                                           effective interaction Vq = [-4.99711,-4.58953, -4.3223,-4.58953,-4.58953, -4.3223,-4.35496, -4.3223, -4.3223,-4.35496,-4.99158,-4.35496,-4.58953, -4.3223,-4.35496, -4.3223]
	PARPACK diagonalization completed after 30 matrix-vector product operations.
	iteration results: : total energy is -98.893089 | electron energy -99.452946 + phonon energy 0.559857 | electron momentum kIdx = 0
The 5-th iteration is completed.	|| time cost : 0h 0m 23.329s
********************************************************************************************************************
Start the 6 rounds of NGS-ED iteration
	effective electronic model is modified as: kinetic energy t = 0.67529
	                                           effective interaction Vq = [-4.99894,-4.58166,-4.31974,-4.58166,-4.58166,-4.31974,-4.34856,-4.31974,-4.31974,-4.34856,-4.99366,-4.34856,-4.58166,-4.31974,-4.34856,-4.31974]
	PARPACK diagonalization completed after 30 matrix-vector product operations.
	iteration results: : total energy is -98.925736 | electron energy -99.487218 + phonon energy 0.561483 | electron momentum kIdx = 0
The 6-th iteration is completed.	|| time cost : 0h 0m 20.658s
********************************************************************************************************************
Start the 7 rounds of NGS-ED iteration
	effective electronic model is modified as: kinetic energy t = 0.67588
	                                           effective interaction Vq = [-4.99961,-4.57528,-4.31673,-4.57528,-4.57528,-4.31673,-4.34287,-4.31673,-4.31673,-4.34287,-4.99457,-4.34287,-4.57528,-4.31673,-4.34287,-4.31673]
	PARPACK diagonalization completed after 30 matrix-vector product operations.
	iteration results: : total energy is -98.937447 | electron energy -99.498412 + phonon energy 0.560965 | electron momentum kIdx = 0
The 7-th iteration is completed.	|| time cost : 0h 0m 20.674s
********************************************************************************************************************
Start the 8 rounds of NGS-ED iteration
	effective electronic model is modified as: kinetic energy t = 0.676425
	                                           effective interaction Vq = [-4.99986,-4.57037,-4.31395,-4.57037,-4.57037,-4.31395,-4.33822,-4.31395,-4.31395,-4.33822,-4.99499,-4.33822,-4.57037,-4.31395,-4.33822,-4.31395]
	PARPACK diagonalization completed after 30 matrix-vector product operations.
	iteration results: : total energy is -98.941718 | electron energy -99.501469 + phonon energy 0.559751 | electron momentum kIdx = 0
The 8-th iteration is completed.	|| time cost : 0h 0m 20.637s
********************************************************************************************************************
Start the 9 rounds of NGS-ED iteration
	effective electronic model is modified as: kinetic energy t = 0.67688
	                                           effective interaction Vq = [-4.99995,-4.56669,-4.31162,-4.56669,-4.56669,-4.31162,-4.33457,-4.31162,-4.31162,-4.33457,-4.99519,-4.33457,-4.56669,-4.31162,-4.33457,-4.31162]
	PARPACK diagonalization completed after 30 matrix-vector product operations.
	iteration results: : total energy is -98.943299 | electron energy -99.501747 + phonon energy 0.558448 | electron momentum kIdx = 0
The 9-th iteration is completed.	|| time cost : 0h 0m 20.637s
********************************************************************************************************************
Start the 10 rounds of NGS-ED iteration
	effective electronic model is modified as: kinetic energy t = 0.677242
	                                           effective interaction Vq = [-4.99998,-4.56395,-4.30974,-4.56395,-4.56395,-4.30974,-4.33176,-4.30974,-4.30974,-4.33176,-4.99529,-4.33176,-4.56395,-4.30974,-4.33176,-4.30974]
	PARPACK diagonalization completed after 30 matrix-vector product operations.
	iteration results: : total energy is -98.943893 | electron energy -99.501180 + phonon energy 0.557288 | electron momentum kIdx = 0
	Nq(0) = 16,	Nq(1) = 0.198538,	Nq(2) = 0.270427,	Nq(3) = 0.198538,	Nq(4) = 0.198538,	Nq(5) = 0.270427,	Nq(6) = 0.393093,	Nq(7) = 0.270427,	Nq(8) = 0.270427,	Nq(9) = 0.393093,	Nq(10) = 7.55353,	Nq(11) = 0.393093,	Nq(12) = 0.198538,	Nq(13) = 0.270427,	Nq(14) = 0.393093,	Nq(15) = 0.270427,	Sq(0) = 1.50572e-19,	Sq(1) = 0.190577,	Sq(2) = 0.272301,	Sq(3) = 0.190577,	Sq(4) = 0.190577,	Sq(5) = 0.272301,	Sq(6) = 0.394997,	Sq(7) = 0.272301,	Sq(8) = 0.272301,	Sq(9) = 0.394997,	Sq(10) = 0.481285,	Sq(11) = 0.394997,	Sq(12) = 0.190577,	Sq(13) = 0.272301,	Sq(14) = 0.394997,	Sq(15) = 0.272301,	N(0) = 1.95481,	N(1) = 1.86548,	N(2) = 1,	N(3) = 1.86548,	N(4) = 1.86548,	N(5) = 1,	N(6) = 0.13452,	N(7) = 1,	N(8) = 1,	N(9) = 0.13452,	N(10) = 0.0451882,	N(11) = 0.13452,	N(12) = 1.86548,	N(13) = 1,	N(14) = 0.13452,	N(15) = 1,	Delta[s](0) = 0.391911,	Delta[s](1) = 0.370493,	Delta[s](2) = 0.361403,	Delta[s](3) = 0.370493,	Delta[s](4) = 0.370493,	Delta[s](5) = 0.361403,	Delta[s](6) = 0.347693,	Delta[s](7) = 0.361403,	Delta[s](8) = 0.361403,	Delta[s](9) = 0.347693,	Delta[s](10) = 0.338236,	Delta[s](11) = 0.347693,	Delta[s](12) = 0.370493,	Delta[s](13) = 0.361403,	Delta[s](14) = 0.347693,	Delta[s](15) = 0.361403,	Delta[d](0) = 0.184071,	Delta[d](1) = 0.173781,	Delta[d](2) = 0.193315,	Delta[d](3) = 0.173781,	Delta[d](4) = 0.173781,	Delta[d](5) = 0.130584,	Delta[d](6) = 0.142211,	Delta[d](7) = 0.130584,	Delta[d](8) = 0.193315,	Delta[d](9) = 0.142211,	Delta[d](10) = 0.0770963,	Delta[d](11) = 0.142211,	Delta[d](12) = 0.173781,	Delta[d](13) = 0.130584,	Delta[d](14) = 0.142211,	Delta[d](15) = 0.130584,	Delta[s+](0) = 0.394419,	Delta[s+](1) = 0.29655,	Delta[s+](2) = 0.193315,	Delta[s+](3) = 0.29655,	Delta[s+](4) = 0.29655,	Delta[s+](5) = 0.193315,	Delta[s+](6) = 0.0952777,	Delta[s+](7) = 0.193315,	Delta[s+](8) = 0.193315,	Delta[s+](9) = 0.0952777,	Delta[s+](10) = 0.047846,	Delta[s+](11) = 0.0952777,	Delta[s+](12) = 0.29655,	Delta[s+](13) = 0.193315,	Delta[s+](14) = 0.0952777,	Delta[s+](15) = 0.193315
The 10-th iteration is completed.	|| time cost : 0h 4m 0.368s
********************************************************************************************************************
Start the 11 rounds of NGS-ED iteration
	effective electronic model is modified as: kinetic energy t = 0.677522
	                                           effective interaction Vq = [-4.99999,-4.56192,-4.30827,-4.56192,-4.56192,-4.30827,-4.32963,-4.30827,-4.30827,-4.32963,-4.99535,-4.32963,-4.56192,-4.30827,-4.32963,-4.30827]
	PARPACK diagonalization completed after 30 matrix-vector product operations.
	iteration results: : total energy is -98.944119 | electron energy -99.500452 + phonon energy 0.556333 | electron momentum kIdx = 0
The 11-th iteration is completed.	|| time cost : 0h 0m 24.263s
********************************************************************************************************************
Start the 12 rounds of NGS-ED iteration
	effective electronic model is modified as: kinetic energy t = 0.677735
	                                           effective interaction Vq = [      -5,-4.56043,-4.30714,-4.56043,-4.56043,-4.30714,-4.32802,-4.30714,-4.30714,-4.32802,-4.99538,-4.32802,-4.56043,-4.30714,-4.32802,-4.30714]
	PARPACK diagonalization completed after 30 matrix-vector product operations.
	iteration results: : total energy is -98.944208 | electron energy -99.499786 + phonon energy 0.555579 | electron momentum kIdx = 0
The 12-th iteration is completed.	|| time cost : 0h 0m 22.057s
********************************************************************************************************************
Start the 13 rounds of NGS-ED iteration
	effective electronic model is modified as: kinetic energy t = 0.677897
	                                           effective interaction Vq = [      -5,-4.55933,-4.30628,-4.55933,-4.55933,-4.30628,-4.32681,-4.30628,-4.30628,-4.32681,-4.99539,-4.32681,-4.55933,-4.30628,-4.32681,-4.30628]
	PARPACK diagonalization completed after 30 matrix-vector product operations.
	iteration results: : total energy is -98.944243 | electron energy -99.499240 + phonon energy 0.554997 | electron momentum kIdx = 0
The 13-th iteration is completed.	|| time cost : 0h 0m 20.731s
********************************************************************************************************************
Start the 14 rounds of NGS-ED iteration
	effective electronic model is modified as: kinetic energy t = 0.678018
	                                           effective interaction Vq = [      -5,-4.55851,-4.30563,-4.55851,-4.55851,-4.30563,-4.32591,-4.30563,-4.30563,-4.32591, -4.9954,-4.32591,-4.55851,-4.30563,-4.32591,-4.30563]
	PARPACK diagonalization completed after 30 matrix-vector product operations.
	iteration results: : total energy is -98.944257 | electron energy -99.498812 + phonon energy 0.554555 | electron momentum kIdx = 0
The 14-th iteration is completed.	|| time cost : 0h 0m 20.641s
********************************************************************************************************************
Start the 15 rounds of NGS-ED iteration
	effective electronic model is modified as: kinetic energy t = 0.678108
	                                           effective interaction Vq = [      -5,-4.55791,-4.30514,-4.55791,-4.55791,-4.30514,-4.32524,-4.30514,-4.30514,-4.32524,-4.99541,-4.32524,-4.55791,-4.30514,-4.32524,-4.30514]
	PARPACK diagonalization completed after 30 matrix-vector product operations.
	iteration results: : total energy is -98.944264 | electron energy -99.498484 + phonon energy 0.554221 | electron momentum kIdx = 0
The 15-th iteration is completed.	|| time cost : 0h 0m 20.768s
********************************************************************************************************************
Start the 16 rounds of NGS-ED iteration
	effective electronic model is modified as: kinetic energy t = 0.678176
	                                           effective interaction Vq = [      -5,-4.55747,-4.30477,-4.55747,-4.55747,-4.30477,-4.32474,-4.30477,-4.30477,-4.32474,-4.99541,-4.32474,-4.55747,-4.30477,-4.32474,-4.30477]
	PARPACK diagonalization completed after 30 matrix-vector product operations.
	iteration results: : total energy is -98.944266 | electron energy -99.498237 + phonon energy 0.553971 | electron momentum kIdx = 0
The 16-th iteration is completed.	|| time cost : 0h 0m 20.604s
********************************************************************************************************************
Start the 17 rounds of NGS-ED iteration
	effective electronic model is modified as: kinetic energy t = 0.678226
	                                           effective interaction Vq = [      -5,-4.55714,-4.30449,-4.55714,-4.55714,-4.30449,-4.32436,-4.30449,-4.30449,-4.32436,-4.99542,-4.32436,-4.55714,-4.30449,-4.32436,-4.30449]
	PARPACK diagonalization completed after 30 matrix-vector product operations.
	iteration results: : total energy is -98.944268 | electron energy -99.498051 + phonon energy 0.553783 | electron momentum kIdx = 0
