TACC:  Starting up job 4238624 
TACC:  Starting parallel tasks... 
SNEDics v3.4 Non-Gaussian ED ground state program		Start at Tue Aug 27 03:22:36 2019

parallized on 32 MPI threads  * 6 OpenMP threads = 192 total threads.
********************************************************************************************************************
********************************************************************************************************************

********************************************************************************************************************
System parameters and configurations
********************************************************************************************************************
Special program options are enabled: splitted diagonal Hamiltonian
********************************************************************************************************************
Read input file "model_params.in"
	Hubbard-Holstein model parameters : 	t = 1    U = 7    g = 2    W = 1    
********************************************************************************************************************
Read input file "hilbertspace_params.in"
	Requested 16-site 2D lattice, with 14 electrons (7, 7)
	Boundary : Periodic		Hilbert space representation : momentum-space (restricted to kIdx = 0)
	Conservation: particle number[U(1)]      spin[U(1)]     momentum
********************************************************************************************************************

Cluster Positions:				Cluster symmetry group : D4
 x ... x ... x ... x .....                       x ... x ... x ... x .....
 |           |           :                       |           |           :
 |           |           :                       |           |           :
12    13    14    15     x                       1     5     6     5     x
 |           |           :                       |           |           :
 |           |           :                       |           |           :
 8 --- 9 ---10 ---11 --- x                       2 --- 6 ---10 --- 6 --- x
 |           |           :                       |           |           :
 |           |           :                       |           |           :
 4     5     6     7     x                       1     5     6     5     x
 |           |           :                       |           |           :
 |           |           :                       |           |           :
 0 --- 1 --- 2 --- 3 --- x                       0 --- 1 --- 2 --- 1 --- x
orbital number : 1
********************************************************************************************************************
Read input file "obs_params.in"
	Observable Type : Nq[All],   Sq[All],   N[All]
********************************************************************************************************************
** WARNING ** the input observables have non-local factors which have been reinterpreted. The total observable number is 48
********************************************************************************************************************


********************************************************************************************************************
Start calculating the non-Gaussian ED ground state
** WARNING ** Detected low phonon energy W < 10. The initial state will be prepared through a warm-up process.
********************************************************************************************************************
Start warm-up calculation for scaling factor 16
open output files: NGSEDWarmUpW16Obs.txt
********************************************************************************************************************
Start the 0 rounds of NGS-ED iteration
	effective electronic model is modified as: kinetic energy t = 1
	                                           effective interaction Vq = [0,0,0,0,0,0,0,0,0,0,0,0,0,0,0,0]
	first Hamiltonian is constructed, non-zero numbers = 2178478298
	PARPACK diagonalization completed after 165 matrix-vector product operations.
	iteration results: : total energy is -12.568403 | electron energy -12.568403 + phonon energy 0.000000 | electron momentum kIdx = 0
	Nq(0) = 12.25,	Nq(1) = 0.163588,	Nq(2) = 0.201502,	Nq(3) = 0.163588,	Nq(4) = 0.163588,	Nq(5) = 0.223027,	Nq(6) = 0.259383,	Nq(7) = 0.223027,	Nq(8) = 0.201502,	Nq(9) = 0.259383,	Nq(10) = 0.303533,	Nq(11) = 0.259383,	Nq(12) = 0.163588,	Nq(13) = 0.223027,	Nq(14) = 0.259383,	Nq(15) = 0.223027,	Sq(0) = 1.26091e-18,	Sq(1) = 0.475166,	Sq(2) = 0.748453,	Sq(3) = 0.475166,	Sq(4) = 0.475166,	Sq(5) = 0.621266,	Sq(6) = 1.01094,	Sq(7) = 0.621266,	Sq(8) = 0.748453,	Sq(9) = 1.01094,	Sq(10) = 2.53306,	Sq(11) = 1.01094,	Sq(12) = 0.475166,	Sq(13) = 0.621266,	Sq(14) = 1.01094,	Sq(15) = 0.621266,	N(0) = 1.7961,	N(1) = 1.64834,	N(2) = 0.271797,	N(3) = 1.64834,	N(4) = 1.64834,	N(5) = 0.999573,	N(6) = 0.232977,	N(7) = 0.999573,	N(8) = 0.271797,	N(9) = 0.232977,	N(10) = 0.136758,	N(11) = 0.232977,	N(12) = 1.64834,	N(13) = 0.999573,	N(14) = 0.232977,	N(15) = 0.999573
The 0-th iteration is completed.	|| time cost : 0h 2m 6.564s
********************************************************************************************************************
Start the 1 rounds of NGS-ED iteration
	effective electronic model is modified as: kinetic energy t = 0.896417
	                                           effective interaction Vq = [-3.83695,-3.67068,-3.55769,-3.67068,-3.67068,-3.58699, -3.5093,-3.58699,-3.55769, -3.5093,-3.46156, -3.5093,-3.67068,-3.58699, -3.5093,-3.58699]
	PARPACK diagonalization completed after 60 matrix-vector product operations.
	iteration results: : total energy is -75.173369 | electron energy -75.181488 + phonon energy 0.008119 | electron momentum kIdx = 0
The 1-th iteration is completed.	|| time cost : 0h 2m 47.893s
********************************************************************************************************************
Start the 2 rounds of NGS-ED iteration
	effective electronic model is modified as: kinetic energy t = 0.845469
	                                           effective interaction Vq = [-3.99335,-3.93847,-3.93849,-3.93847,-3.93847,-3.89519,-3.86135,-3.89519,-3.93849,-3.86135,-3.80308,-3.86135,-3.93847,-3.89519,-3.86135,-3.89519]
	PARPACK diagonalization completed after 120 matrix-vector product operations.
	iteration results: : total energy is -78.915156 | electron energy -78.961543 + phonon energy 0.046387 | electron momentum kIdx = 0
The 2-th iteration is completed.	|| time cost : 0h 0m 45.275s
********************************************************************************************************************
Start the 3 rounds of NGS-ED iteration
	effective electronic model is modified as: kinetic energy t = 0.831838
	                                           effective interaction Vq = [-3.99973,-3.96607,-3.96573,-3.96607,-3.96607,-3.95691,-3.90977,-3.95691,-3.96573,-3.90977,-3.86965,-3.90977,-3.96607,-3.95691,-3.90977,-3.95691]
	PARPACK diagonalization completed after 60 matrix-vector product operations.
	iteration results: : total energy is -79.106870 | electron energy -79.166824 + phonon energy 0.059954 | electron momentum kIdx = 0
The 3-th iteration is completed.	|| time cost : 0h 0m 26.35s
********************************************************************************************************************
Start the 4 rounds of NGS-ED iteration
	effective electronic model is modified as: kinetic energy t = 0.828809
	                                           effective interaction Vq = [-3.99999,-3.97056,-3.96818,-3.97056,-3.97056,-3.96613,-3.91889,-3.96613,-3.96818,-3.91889,-3.89203,-3.91889,-3.97056,-3.96613,-3.91889,-3.96613]
	PARPACK diagonalization completed after 45 matrix-vector product operations.
	iteration results: : total energy is -79.115872 | electron energy -79.179287 + phonon energy 0.063415 | electron momentum kIdx = 0
The 4-th iteration is completed.	|| time cost : 0h 0m 22.381s
********************************************************************************************************************
Start the 5 rounds of NGS-ED iteration
	effective electronic model is modified as: kinetic energy t = 0.827988
	                                           effective interaction Vq = [      -4,-3.97154,-3.96793,-3.97154,-3.97154,-3.96743,-3.92104,-3.96743,-3.96793,-3.92104,-3.90452,-3.92104,-3.97154,-3.96743,-3.92104,-3.96743]
	PARPACK diagonalization completed after 45 matrix-vector product operations.
	iteration results: : total energy is -79.116907 | electron energy -79.181293 + phonon energy 0.064386 | electron momentum kIdx = 0
The 5-th iteration is completed.	|| time cost : 0h 0m 19.253s
********************************************************************************************************************
Start the 6 rounds of NGS-ED iteration
	effective electronic model is modified as: kinetic energy t = 0.827635
	                                           effective interaction Vq = [      -4,-3.97186,-3.96736,-3.97186,-3.97186,-3.96724,-3.92172,-3.96724,-3.96736,-3.92172,-3.91408,-3.92172,-3.97186,-3.96724,-3.92172,-3.96724]
	PARPACK diagonalization completed after 45 matrix-vector product operations.
	iteration results: : total energy is -79.117519 | electron energy -79.182329 + phonon energy 0.064810 | electron momentum kIdx = 0
The 6-th iteration is completed.	|| time cost : 0h 0m 18.142s
********************************************************************************************************************
Start the 7 rounds of NGS-ED iteration
	effective electronic model is modified as: kinetic energy t = 0.827387
	                                           effective interaction Vq = [      -4,-3.97203,-3.96672,-3.97203,-3.97203,-3.96669,-3.92205,-3.96669,-3.96672,-3.92205, -3.9228,-3.92205,-3.97203,-3.96669,-3.92205,-3.96669]
	PARPACK diagonalization completed after 45 matrix-vector product operations.
	iteration results: : total energy is -79.118160 | electron energy -79.183278 + phonon energy 0.065119 | electron momentum kIdx = 0
The 7-th iteration is completed.	|| time cost : 0h 0m 20.372s
********************************************************************************************************************
Start the 8 rounds of NGS-ED iteration
	effective electronic model is modified as: kinetic energy t = 0.827165
	                                           effective interaction Vq = [      -4,-3.97214,-3.96593,-3.97214,-3.97214,-3.96592,-3.92228,-3.96592,-3.96593,-3.92228,-3.93156,-3.92228,-3.97214,-3.96592,-3.92228,-3.96592]
	PARPACK diagonalization completed after 45 matrix-vector product operations.
	iteration results: : total energy is -79.118977 | electron energy -79.184393 + phonon energy 0.065416 | electron momentum kIdx = 0
The 8-th iteration is completed.	|| time cost : 0h 0m 22.023s
********************************************************************************************************************
Start the 9 rounds of NGS-ED iteration
	effective electronic model is modified as: kinetic energy t = 0.826954
	                                           effective interaction Vq = [      -4,-3.97222,-3.96489,-3.97222,-3.97222,-3.96489,-3.92244,-3.96489,-3.96489,-3.92244,-3.94079,-3.92244,-3.97222,-3.96489,-3.92244,-3.96489]
	PARPACK diagonalization completed after 45 matrix-vector product operations.
	iteration results: : total energy is -79.120130 | electron energy -79.185864 + phonon energy 0.065734 | electron momentum kIdx = 0
The 9-th iteration is completed.	|| time cost : 0h 0m 21.629s
********************************************************************************************************************
Start the 10 rounds of NGS-ED iteration
	effective electronic model is modified as: kinetic energy t = 0.826777
	                                           effective interaction Vq = [      -4,-3.97223,-3.96346,-3.97223,-3.97223,-3.96346,-3.92248,-3.96346,-3.96346,-3.92248,-3.95036,-3.92248,-3.97223,-3.96346,-3.92248,-3.96346]
	PARPACK diagonalization completed after 45 matrix-vector product operations.
	iteration results: : total energy is -79.121732 | electron energy -79.187803 + phonon energy 0.066071 | electron momentum kIdx = 0
	Nq(0) = 12.25,	Nq(1) = 0.414231,	Nq(2) = 0.681009,	Nq(3) = 0.414231,	Nq(4) = 0.414231,	Nq(5) = 0.681009,	Nq(6) = 0.682016,	Nq(7) = 0.681009,	Nq(8) = 0.681009,	Nq(9) = 0.682016,	Nq(10) = 1.32081,	Nq(11) = 0.682016,	Nq(12) = 0.414231,	Nq(13) = 0.681009,	Nq(14) = 0.682016,	Nq(15) = 0.681009,	Sq(0) = -4.4762e-18,	Sq(1) = 0.304185,	Sq(2) = 0.345153,	Sq(3) = 0.304185,	Sq(4) = 0.304185,	Sq(5) = 0.345153,	Sq(6) = 0.525122,	Sq(7) = 0.345153,	Sq(8) = 0.345153,	Sq(9) = 0.525122,	Sq(10) = 0.570005,	Sq(11) = 0.525122,	Sq(12) = 0.304185,	Sq(13) = 0.345153,	Sq(14) = 0.525122,	Sq(15) = 0.345153,	N(0) = 1.99435,	N(1) = 1.98513,	N(2) = 0.669567,	N(3) = 1.98513,	N(4) = 1.98513,	N(5) = 0.669568,	N(6) = 0.0107934,	N(7) = 0.669568,	N(8) = 0.669567,	N(9) = 0.0107934,	N(10) = 0.00453787,	N(11) = 0.0107934,	N(12) = 1.98513,	N(13) = 0.669568,	N(14) = 0.0107934,	N(15) = 0.669568
The 10-th iteration is completed.	|| time cost : 0h 0m 50.462s
********************************************************************************************************************
Start the 11 rounds of NGS-ED iteration
	effective electronic model is modified as: kinetic energy t = 0.826685
	                                           effective interaction Vq = [      -4,-3.97212,-3.96155,-3.97212,-3.97212,-3.96155,-3.92232,-3.96155,-3.96155,-3.92232,-3.95942,-3.92232,-3.97212,-3.96155,-3.92232,-3.96155]
	PARPACK diagonalization completed after 30 matrix-vector product operations.
	iteration results: : total energy is -79.123590 | electron energy -79.189983 + phonon energy 0.066393 | electron momentum kIdx = 0
The 11-th iteration is completed.	|| time cost : 0h 0m 17.801s
********************************************************************************************************************
Start the 12 rounds of NGS-ED iteration
	effective electronic model is modified as: kinetic energy t = 0.826715
	                                           effective interaction Vq = [      -4,-3.97187,-3.95938,-3.97187,-3.97187,-3.95938,-3.92192,-3.95938,-3.95938,-3.92192,-3.96667,-3.92192,-3.97187,-3.95938,-3.92192,-3.95938]
	PARPACK diagonalization completed after 45 matrix-vector product operations.
	iteration results: : total energy is -79.125121 | electron energy -79.191763 + phonon energy 0.066642 | electron momentum kIdx = 0
The 12-th iteration is completed.	|| time cost : 0h 0m 20.885s
********************************************************************************************************************
Start the 13 rounds of NGS-ED iteration
	effective electronic model is modified as: kinetic energy t = 0.826827
	                                           effective interaction Vq = [      -4,-3.97156,-3.95741,-3.97156,-3.97156,-3.95741,-3.92139,-3.95741,-3.95741,-3.92139,-3.97145,-3.92139,-3.97156,-3.95741,-3.92139,-3.95741]
	PARPACK diagonalization completed after 30 matrix-vector product operations.
	iteration results: : total energy is -79.125962 | electron energy -79.192750 + phonon energy 0.066788 | electron momentum kIdx = 0
The 13-th iteration is completed.	|| time cost : 0h 0m 17.898s
********************************************************************************************************************
Start the 14 rounds of NGS-ED iteration
	effective electronic model is modified as: kinetic energy t = 0.826945
	                                           effective interaction Vq = [      -4,-3.97129,  -3.956,-3.97129,-3.97129,  -3.956,-3.92093,  -3.956,  -3.956,-3.92093,-3.97417,-3.92093,-3.97129,  -3.956,-3.92093,  -3.956]
	PARPACK diagonalization completed after 30 matrix-vector product operations.
	iteration results: : total energy is -79.126290 | electron energy -79.193144 + phonon energy 0.066854 | electron momentum kIdx = 0
The 14-th iteration is completed.	|| time cost : 0h 0m 18.457s
********************************************************************************************************************
Start the 15 rounds of NGS-ED iteration
	effective electronic model is modified as: kinetic energy t = 0.827031
	                                           effective interaction Vq = [      -4, -3.9711,-3.95515, -3.9711, -3.9711,-3.95515,-3.92061,-3.95515,-3.95515,-3.92061,-3.97559,-3.92061, -3.9711,-3.95515,-3.92061,-3.95515]
	PARPACK diagonalization completed after 30 matrix-vector product operations.
	iteration results: : total energy is -79.126392 | electron energy -79.193270 + phonon energy 0.066878 | electron momentum kIdx = 0
The 15-th iteration is completed.	|| time cost : 0h 0m 18.086s
********************************************************************************************************************
Start the 16 rounds of NGS-ED iteration
	effective electronic model is modified as: kinetic energy t = 0.827082
	                                           effective interaction Vq = [      -4,-3.97099,-3.95469,-3.97099,-3.97099,-3.95469,-3.92042,-3.95469,-3.95469,-3.92042,-3.97631,-3.92042,-3.97099,-3.95469,-3.92042,-3.95469]
	PARPACK diagonalization completed after 30 matrix-vector product operations.
	iteration results: : total energy is -79.126420 | electron energy -79.193305 + phonon energy 0.066885 | electron momentum kIdx = 0
	Nq(0) = 12.25,	Nq(1) = 0.40514,	Nq(2) = 0.623097,	Nq(3) = 0.40514,	Nq(4) = 0.40514,	Nq(5) = 0.623097,	Nq(6) = 0.672287,	Nq(7) = 0.623097,	Nq(8) = 0.623097,	Nq(9) = 0.672287,	Nq(10) = 1.74755,	Nq(11) = 0.672287,	Nq(12) = 0.40514,	Nq(13) = 0.623097,	Nq(14) = 0.672287,	Nq(15) = 0.623097,	Sq(0) = 8.15191e-18,	Sq(1) = 0.30385,	Sq(2) = 0.344841,	Sq(3) = 0.30385,	Sq(4) = 0.30385,	Sq(5) = 0.344841,	Sq(6) = 0.524995,	Sq(7) = 0.344841,	Sq(8) = 0.344841,	Sq(9) = 0.524995,	Sq(10) = 0.569734,	Sq(11) = 0.524995,	Sq(12) = 0.30385,	Sq(13) = 0.344841,	Sq(14) = 0.524995,	Sq(15) = 0.344841,	N(0) = 1.99434,	N(1) = 1.98483,	N(2) = 0.669552,	N(3) = 1.98483,	N(4) = 1.98483,	N(5) = 0.669552,	N(6) = 0.0111069,	N(7) = 0.669552,	N(8) = 0.669552,	N(9) = 0.0111069,	N(10) = 0.00458788,	N(11) = 0.0111069,	N(12) = 1.98483,	N(13) = 0.669552,	N(14) = 0.0111069,	N(15) = 0.669552
The 16-th iteration is completed.	|| time cost : 0h 0m 49.501s
********************************************************************************************************************
********************************************************************************************************************
Ground state is obtained after 17 iterations. The current ground-state energy is -79.1264, in which electron energy is -79.1933 and phonon energy is 0.0668849
final variational state is: 
	Gamma_x = [      1,1.01593,1.03016,1.01593,1.01593,1.03016,1.04159,1.03016,1.03016,1.04159,1.06343,1.04159,1.01593,1.03016,1.04159,1.03016]
	lambda_q = [     0.5,0.457377, 0.44664,0.457377,0.457377, 0.44664,0.429427, 0.44664, 0.44664,0.429427,0.461806,0.429427,0.457377, 0.44664,0.429427, 0.44664]
********************************************************************************************************************
o___o  ----------------------------------------
| L |	Time since last clock: 0h 0m 0s
A===A	Time since the beginning: 0h 11m 22.979s
***********************************************

********************************************************************************************************************
Start warm-up calculation for scaling factor 8
open output files: NGSEDWarmUpW8Obs.txt
********************************************************************************************************************
Start the 0 rounds of NGS-ED iteration
	effective electronic model is modified as: kinetic energy t = 0.827111
	                                           effective interaction Vq = [-3.65685,-3.50108,-3.45726,-3.50108,-3.50108,-3.45726,-3.38315,-3.45726,-3.45726,-3.38315,-3.51862,-3.38315,-3.50108,-3.45726,-3.38315,-3.45726]
	PARPACK diagonalization completed after 45 matrix-vector product operations.
	iteration results: : total energy is -70.349049 | electron energy -70.382492 + phonon energy 0.033443 | electron momentum kIdx = 0
	Nq(0) = 12.25,	Nq(1) = 0.379092,	Nq(2) = 0.456825,	Nq(3) = 0.379092,	Nq(4) = 0.379092,	Nq(5) = 0.456825,	Nq(6) = 0.598481,	Nq(7) = 0.456825,	Nq(8) = 0.456825,	Nq(9) = 0.598481,	Nq(10) = 0.657575,	Nq(11) = 0.598481,	Nq(12) = 0.379092,	Nq(13) = 0.456825,	Nq(14) = 0.598481,	Nq(15) = 0.456825,	Sq(0) = -4.65753e-19,	Sq(1) = 0.378186,	Sq(2) = 0.627412,	Sq(3) = 0.378186,	Sq(4) = 0.378186,	Sq(5) = 0.627412,	Sq(6) = 0.633524,	Sq(7) = 0.627412,	Sq(8) = 0.627412,	Sq(9) = 0.633524,	Sq(10) = 0.629866,	Sq(11) = 0.633524,	Sq(12) = 0.378186,	Sq(13) = 0.627412,	Sq(14) = 0.633524,	Sq(15) = 0.627412,	N(0) = 1.99973,	N(1) = 1.99951,	N(2) = 0.666815,	N(3) = 1.99951,	N(4) = 1.99951,	N(5) = 0.666815,	N(6) = 0.00028541,	N(7) = 0.666815,	N(8) = 0.666815,	N(9) = 0.00028541,	N(10) = 0.000188064,	N(11) = 0.00028541,	N(12) = 1.99951,	N(13) = 0.666815,	N(14) = 0.00028541,	N(15) = 0.666815
The 0-th iteration is completed.	|| time cost : 0h 0m 43.351s
********************************************************************************************************************
Start the 1 rounds of NGS-ED iteration
	effective electronic model is modified as: kinetic energy t = 0.788661
	                                           effective interaction Vq = [-3.93072,-3.78183,-3.68314,-3.78183,-3.78183,-3.68314,-3.63582,-3.68314,-3.68314,-3.63582,-3.61941,-3.63582,-3.78183,-3.68314,-3.63582,-3.68314]
	PARPACK diagonalization completed after 60 matrix-vector product operations.
	iteration results: : total energy is -74.719283 | electron energy -74.853595 + phonon energy 0.134312 | electron momentum kIdx = 0
The 1-th iteration is completed.	|| time cost : 0h 0m 21.012s
********************************************************************************************************************
Start the 2 rounds of NGS-ED iteration
	effective electronic model is modified as: kinetic energy t = 0.761308
	                                           effective interaction Vq = [-3.98601,-3.87221,-3.83853,-3.87221,-3.87221,-3.83853,-3.73481,-3.83853,-3.83853,-3.73481,-3.66461,-3.73481,-3.87221,-3.83853,-3.73481,-3.83853]
	PARPACK diagonalization completed after 45 matrix-vector product operations.
	iteration results: : total energy is -75.809528 | electron energy -76.005000 + phonon energy 0.195472 | electron momentum kIdx = 0
The 2-th iteration is completed.	|| time cost : 0h 0m 18.135s
********************************************************************************************************************
Start the 3 rounds of NGS-ED iteration
	effective electronic model is modified as: kinetic energy t = 0.749087
	                                           effective interaction Vq = [-3.99718,-3.90297,-3.89174,-3.90297,-3.90297,-3.89174,-3.77316,-3.89174,-3.89174,-3.77316,-3.68102,-3.77316,-3.90297,-3.89174,-3.77316,-3.89174]
	PARPACK diagonalization completed after 30 matrix-vector product operations.
	iteration results: : total energy is -76.029517 | electron energy -76.257026 + phonon energy 0.227509 | electron momentum kIdx = 0
The 3-th iteration is completed.	|| time cost : 0h 0m 15.303s
********************************************************************************************************************
Start the 4 rounds of NGS-ED iteration
	effective electronic model is modified as: kinetic energy t = 0.743677
	                                           effective interaction Vq = [-3.99943,-3.91466,-3.91178,-3.91466,-3.91466,-3.91178,-3.78927,-3.91178,-3.91178,-3.78927,-3.68878,-3.78927,-3.91466,-3.91178,-3.78927,-3.91178]
	PARPACK diagonalization completed after 45 matrix-vector product operations.
	iteration results: : total energy is -76.073204 | electron energy -76.315745 + phonon energy 0.242541 | electron momentum kIdx = 0
The 4-th iteration is completed.	|| time cost : 0h 0m 18.175s
********************************************************************************************************************
Start the 5 rounds of NGS-ED iteration
	effective electronic model is modified as: kinetic energy t = 0.741298
	                                           effective interaction Vq = [-3.99988,-3.91939,-3.91983,-3.91939,-3.91939,-3.91983,-3.79633,-3.91983,-3.91983,-3.79633,-3.69263,-3.79633,-3.91939,-3.91983,-3.79633,-3.91983]
	PARPACK diagonalization completed after 30 matrix-vector product operations.
	iteration results: : total energy is -76.081820 | electron energy -76.331151 + phonon energy 0.249331 | electron momentum kIdx = 0
The 5-th iteration is completed.	|| time cost : 0h 0m 15.376s
********************************************************************************************************************
Start the 6 rounds of NGS-ED iteration
	effective electronic model is modified as: kinetic energy t = 0.740253
	                                           effective interaction Vq = [-3.99998,-3.92135,-3.92317,-3.92135,-3.92135,-3.92317,-3.79949,-3.92317,-3.92317,-3.79949,-3.69458,-3.79949,-3.92135,-3.92317,-3.79949,-3.92317]
	PARPACK diagonalization completed after 30 matrix-vector product operations.
	iteration results: : total energy is -76.083517 | electron energy -76.335872 + phonon energy 0.252356 | electron momentum kIdx = 0
The 6-th iteration is completed.	|| time cost : 0h 0m 15.35s
********************************************************************************************************************
Start the 7 rounds of NGS-ED iteration
	effective electronic model is modified as: kinetic energy t = 0.739794
	                                           effective interaction Vq = [      -4,-3.92219,-3.92458,-3.92219,-3.92219,-3.92458,-3.80092,-3.92458,-3.92458,-3.80092,-3.69556,-3.80092,-3.92219,-3.92458,-3.80092,-3.92458]
	PARPACK diagonalization completed after 30 matrix-vector product operations.
	iteration results: : total energy is -76.083851 | electron energy -76.337548 + phonon energy 0.253698 | electron momentum kIdx = 0
The 7-th iteration is completed.	|| time cost : 0h 0m 15.307s
********************************************************************************************************************
Start the 8 rounds of NGS-ED iteration
	effective electronic model is modified as: kinetic energy t = 0.739591
	                                           effective interaction Vq = [      -4,-3.92254,-3.92518,-3.92254,-3.92254,-3.92518,-3.80158,-3.92518,-3.92518,-3.80158,-3.69607,-3.80158,-3.92254,-3.92518,-3.80158,-3.92518]
	PARPACK diagonalization completed after 30 matrix-vector product operations.
	iteration results: : total energy is -76.083917 | electron energy -76.338210 + phonon energy 0.254293 | electron momentum kIdx = 0
The 8-th iteration is completed.	|| time cost : 0h 0m 15.287s
********************************************************************************************************************
Start the 9 rounds of NGS-ED iteration
	effective electronic model is modified as: kinetic energy t = 0.739502
	                                           effective interaction Vq = [      -4,-3.92269,-3.92543,-3.92269,-3.92269,-3.92543,-3.80188,-3.92543,-3.92543,-3.80188,-3.69632,-3.80188,-3.92269,-3.92543,-3.80188,-3.92543]
	PARPACK diagonalization completed after 30 matrix-vector product operations.
	iteration results: : total energy is -76.083930 | electron energy -76.338488 + phonon energy 0.254558 | electron momentum kIdx = 0
	Nq(0) = 12.25,	Nq(1) = 0.405898,	Nq(2) = 0.793099,	Nq(3) = 0.405898,	Nq(4) = 0.405898,	Nq(5) = 0.793099,	Nq(6) = 0.644973,	Nq(7) = 0.793099,	Nq(8) = 0.793099,	Nq(9) = 0.644973,	Nq(10) = 0.637152,	Nq(11) = 0.644973,	Nq(12) = 0.405898,	Nq(13) = 0.793099,	Nq(14) = 0.644973,	Nq(15) = 0.793099,	Sq(0) = 1.94541e-18,	Sq(1) = 0.320478,	Sq(2) = 0.353162,	Sq(3) = 0.320478,	Sq(4) = 0.320478,	Sq(5) = 0.353162,	Sq(6) = 0.543013,	Sq(7) = 0.353162,	Sq(8) = 0.353162,	Sq(9) = 0.543013,	Sq(10) = 0.577835,	Sq(11) = 0.543013,	Sq(12) = 0.320478,	Sq(13) = 0.353162,	Sq(14) = 0.543013,	Sq(15) = 0.353162,	N(0) = 1.99557,	N(1) = 1.9876,	N(2) = 0.669147,	N(3) = 1.9876,	N(4) = 1.9876,	N(5) = 0.669147,	N(6) = 0.00897787,	N(7) = 0.669147,	N(8) = 0.669147,	N(9) = 0.00897787,	N(10) = 0.00324659,	N(11) = 0.00897787,	N(12) = 1.9876,	N(13) = 0.669147,	N(14) = 0.00897787,	N(15) = 0.669147
The 9-th iteration is completed.	|| time cost : 0h 0m 40.1s
********************************************************************************************************************
********************************************************************************************************************
Ground state is obtained after 10 iterations. The current ground-state energy is -76.0839, in which electron energy is -76.3385 and phonon energy is 0.254558
final variational state is: 
	Gamma_x = [      1,1.04973,1.09774,1.04973,1.04973,1.09774,1.11773,1.09774,1.09774,1.11773,1.13519,1.11773,1.04973,1.09774,1.11773,1.09774]
	lambda_q = [0.707037,0.608847, 0.61063,0.608847,0.608847, 0.61063,0.549794, 0.61063, 0.61063,0.549794,0.512316,0.549794,0.608847, 0.61063,0.549794, 0.61063]
********************************************************************************************************************
o___o  ----------------------------------------
| L |	Time since last clock: 0h 0m 0s
A===A	Time since the beginning: 0h 15m 0.38s
***********************************************

********************************************************************************************************************
Start warm-up calculation for scaling factor 4
open output files: NGSEDWarmUpW4Obs.txt
********************************************************************************************************************
Start the 0 rounds of NGS-ED iteration
	effective electronic model is modified as: kinetic energy t = 0.739462
	                                           effective interaction Vq = [-3.65669,  -3.388,-3.39356,  -3.388,  -3.388,-3.39356,-3.18926,-3.39356,-3.39356,-3.18926,-3.04866,-3.18926,  -3.388,-3.39356,-3.18926,-3.39356]
	PARPACK diagonalization completed after 60 matrix-vector product operations.
	iteration results: : total energy is -67.081777 | electron energy -67.209115 + phonon energy 0.127338 | electron momentum kIdx = 0
	Nq(0) = 12.25,	Nq(1) = 0.365737,	Nq(2) = 0.454471,	Nq(3) = 0.365737,	Nq(4) = 0.365737,	Nq(5) = 0.454471,	Nq(6) = 0.558271,	Nq(7) = 0.454471,	Nq(8) = 0.454471,	Nq(9) = 0.558271,	Nq(10) = 0.556656,	Nq(11) = 0.558271,	Nq(12) = 0.365737,	Nq(13) = 0.454471,	Nq(14) = 0.558271,	Nq(15) = 0.454471,	Sq(0) = 9.96135e-19,	Sq(1) = 0.387805,	Sq(2) = 0.658135,	Sq(3) = 0.387805,	Sq(4) = 0.387805,	Sq(5) = 0.658135,	Sq(6) = 0.655063,	Sq(7) = 0.658135,	Sq(8) = 0.658135,	Sq(9) = 0.655063,	Sq(10) = 0.650204,	Sq(11) = 0.655063,	Sq(12) = 0.387805,	Sq(13) = 0.658135,	Sq(14) = 0.655063,	Sq(15) = 0.658135,	N(0) = 1.99758,	N(1) = 1.99544,	N(2) = 0.667695,	N(3) = 1.99544,	N(4) = 1.99544,	N(5) = 0.667695,	N(6) = 0.00318986,	N(7) = 0.667695,	N(8) = 0.667695,	N(9) = 0.00318986,	N(10) = 0.00174734,	N(11) = 0.00318986,	N(12) = 1.99544,	N(13) = 0.667695,	N(14) = 0.00318986,	N(15) = 0.667695
The 0-th iteration is completed.	|| time cost : 0h 0m 45.995s
********************************************************************************************************************
Start the 1 rounds of NGS-ED iteration
	effective electronic model is modified as: kinetic energy t = 0.728544
	                                           effective interaction Vq = [-3.84574,-3.55526,-3.45735,-3.55526,-3.55526,-3.45735,-3.30459,-3.45735,-3.45735,-3.30459,-3.12432,-3.30459,-3.55526,-3.45735,-3.30459,-3.45735]
	PARPACK diagonalization completed after 45 matrix-vector product operations.
	iteration results: : total energy is -69.681020 | electron energy -69.995657 + phonon energy 0.314637 | electron momentum kIdx = 0
The 1-th iteration is completed.	|| time cost : 0h 0m 18.81s
********************************************************************************************************************
Start the 2 rounds of NGS-ED iteration
	effective electronic model is modified as: kinetic energy t = 0.716391
	                                           effective interaction Vq = [-3.93069,-3.65829,-3.50781,-3.65829,-3.65829,-3.50781,-3.39308,-3.50781,-3.50781,-3.39308, -3.1933,-3.39308,-3.65829,-3.50781,-3.39308,-3.50781]
	PARPACK diagonalization completed after 45 matrix-vector product operations.
	iteration results: : total energy is -70.865971 | electron energy -71.308334 + phonon energy 0.442363 | electron momentum kIdx = 0
The 2-th iteration is completed.	|| time cost : 0h 0m 21.496s
********************************************************************************************************************
Start the 3 rounds of NGS-ED iteration
	effective electronic model is modified as: kinetic energy t = 0.694501
	                                           effective interaction Vq = [-3.96886,-3.72508,-3.64498,-3.72508,-3.72508,-3.64498, -3.4585,-3.64498,-3.64498, -3.4585,-3.25033, -3.4585,-3.72508,-3.64498, -3.4585,-3.64498]
	PARPACK diagonalization completed after 45 matrix-vector product operations.
	iteration results: : total energy is -71.612996 | electron energy -72.147766 + phonon energy 0.534769 | electron momentum kIdx = 0
The 3-th iteration is completed.	|| time cost : 0h 0m 22.354s
********************************************************************************************************************
Start the 4 rounds of NGS-ED iteration
	effective electronic model is modified as: kinetic energy t = 0.679767
	                                           effective interaction Vq = [-3.98601,-3.76364,-3.72657,-3.76364,-3.76364,-3.72657,-3.50067,-3.72657,-3.72657,-3.50067,-3.29065,-3.50067,-3.76364,-3.72657,-3.50067,-3.72657]
	PARPACK diagonalization completed after 45 matrix-vector product operations.
	iteration results: : total energy is -71.955910 | electron energy -72.562907 + phonon energy 0.606997 | electron momentum kIdx = 0
The 4-th iteration is completed.	|| time cost : 0h 0m 22.364s
********************************************************************************************************************
Start the 5 rounds of NGS-ED iteration
	effective electronic model is modified as: kinetic energy t = 0.669941
	                                           effective interaction Vq = [-3.99371, -3.7866,-3.77596, -3.7866, -3.7866,-3.77596,-3.52786,-3.77596,-3.77596,-3.52786,-3.31849,-3.52786, -3.7866,-3.77596,-3.52786,-3.77596]
	PARPACK diagonalization completed after 30 matrix-vector product operations.
	iteration results: : total energy is -72.111643 | electron energy -72.771182 + phonon energy 0.659539 | electron momentum kIdx = 0
The 5-th iteration is completed.	|| time cost : 0h 0m 18.883s
********************************************************************************************************************
Start the 6 rounds of NGS-ED iteration
	effective electronic model is modified as: kinetic energy t = 0.663399
	                                           effective interaction Vq = [-3.99717,-3.80054,-3.80647,-3.80054,-3.80054,-3.80647,-3.54555,-3.80647,-3.80647,-3.54555,-3.33759,-3.54555,-3.80054,-3.80647,-3.54555,-3.80647]
	PARPACK diagonalization completed after 45 matrix-vector product operations.
	iteration results: : total energy is -72.181807 | electron energy -72.877964 + phonon energy 0.696157 | electron momentum kIdx = 0
The 6-th iteration is completed.	|| time cost : 0h 0m 20.816s
********************************************************************************************************************
Start the 7 rounds of NGS-ED iteration
	effective electronic model is modified as: kinetic energy t = 0.659053
	                                           effective interaction Vq = [-3.99873,-3.80912,-3.82561,-3.80912,-3.80912,-3.82561,-3.55715,-3.82561,-3.82561,-3.55715,-3.35069,-3.55715,-3.80912,-3.82561,-3.55715,-3.82561]
	PARPACK diagonalization completed after 30 matrix-vector product operations.
	iteration results: : total energy is -72.213210 | electron energy -72.934259 + phonon energy 0.721049 | electron momentum kIdx = 0
The 7-th iteration is completed.	|| time cost : 0h 0m 17.85s
********************************************************************************************************************
Start the 8 rounds of NGS-ED iteration
	effective electronic model is modified as: kinetic energy t = 0.656174
	                                           effective interaction Vq = [-3.99943,-3.81445,-3.83777,-3.81445,-3.81445,-3.83777,-3.56481,-3.83777,-3.83777,-3.56481,-3.35968,-3.56481,-3.81445,-3.83777,-3.56481,-3.83777]
	PARPACK diagonalization completed after 30 matrix-vector product operations.
	iteration results: : total energy is -72.227199 | electron energy -72.964931 + phonon energy 0.737732 | electron momentum kIdx = 0
The 8-th iteration is completed.	|| time cost : 0h 0m 17.859s
********************************************************************************************************************
Start the 9 rounds of NGS-ED iteration
	effective electronic model is modified as: kinetic energy t = 0.65427
	                                           effective interaction Vq = [-3.99974,-3.81779,-3.84555,-3.81779,-3.81779,-3.84555,-3.56989,-3.84555,-3.84555,-3.56989,-3.36585,-3.56989,-3.81779,-3.84555,-3.56989,-3.84555]
	PARPACK diagonalization completed after 30 matrix-vector product operations.
	iteration results: : total energy is -72.233410 | electron energy -72.982239 + phonon energy 0.748829 | electron momentum kIdx = 0
The 9-th iteration is completed.	|| time cost : 0h 0m 17.87s
********************************************************************************************************************
Start the 10 rounds of NGS-ED iteration
	effective electronic model is modified as: kinetic energy t = 0.653013
	                                           effective interaction Vq = [-3.99988,-3.81988,-3.85057,-3.81988,-3.81988,-3.85057,-3.57328,-3.85057,-3.85057,-3.57328, -3.3701,-3.57328,-3.81988,-3.85057,-3.57328,-3.85057]
	PARPACK diagonalization completed after 30 matrix-vector product operations.
	iteration results: : total energy is -72.236164 | electron energy -72.992343 + phonon energy 0.756180 | electron momentum kIdx = 0
	Nq(0) = 12.25,	Nq(1) = 0.399102,	Nq(2) = 0.816939,	Nq(3) = 0.399102,	Nq(4) = 0.399102,	Nq(5) = 0.816938,	Nq(6) = 0.586751,	Nq(7) = 0.816938,	Nq(8) = 0.816939,	Nq(9) = 0.586751,	Nq(10) = 0.568524,	Nq(11) = 0.586751,	Nq(12) = 0.399102,	Nq(13) = 0.816938,	Nq(14) = 0.586751,	Nq(15) = 0.816938,	Sq(0) = 6.22257e-18,	Sq(1) = 0.331567,	Sq(2) = 0.362388,	Sq(3) = 0.331567,	Sq(4) = 0.331567,	Sq(5) = 0.362388,	Sq(6) = 0.560916,	Sq(7) = 0.362388,	Sq(8) = 0.362388,	Sq(9) = 0.560916,	Sq(10) = 0.592174,	Sq(11) = 0.560916,	Sq(12) = 0.331567,	Sq(13) = 0.362388,	Sq(14) = 0.560916,	Sq(15) = 0.362388,	N(0) = 1.99631,	N(1) = 1.9878,	N(2) = 0.668468,	N(3) = 1.9878,	N(4) = 1.9878,	N(5) = 0.668468,	N(6) = 0.00985115,	N(7) = 0.668468,	N(8) = 0.668468,	N(9) = 0.00985115,	N(10) = 0.00226532,	N(11) = 0.00985115,	N(12) = 1.9878,	N(13) = 0.668468,	N(14) = 0.00985115,	N(15) = 0.668468
The 10-th iteration is completed.	|| time cost : 0h 0m 49.612s
********************************************************************************************************************
Start the 11 rounds of NGS-ED iteration
	effective electronic model is modified as: kinetic energy t = 0.652183
	                                           effective interaction Vq = [-3.99995, -3.8212,-3.85383, -3.8212, -3.8212,-3.85383,-3.57555,-3.85383,-3.85383,-3.57555,-3.37303,-3.57555, -3.8212,-3.85383,-3.57555,-3.85383]
	PARPACK diagonalization completed after 30 matrix-vector product operations.
	iteration results: : total energy is -72.237383 | electron energy -72.998423 + phonon energy 0.761040 | electron momentum kIdx = 0
