TACC:  Starting up job 1742712 
TACC:  Starting parallel tasks... 
SNEDics v3.4 Non-Gaussian ED ground state program		Start at Sat Oct 10 05:47:03 2020

parallized on 16 MPI threads  * 7 OpenMP threads = 112 total threads.
********************************************************************************************************************
********************************************************************************************************************

********************************************************************************************************************
System parameters and configurations
********************************************************************************************************************
Special program options are enabled: splitted diagonal Hamiltonian
********************************************************************************************************************
Read input file "model_params.in"
	Hubbard-Holstein model parameters : 	t = 1    U = 8    g = 0.25    W = 0.2    g' = 0.14    
********************************************************************************************************************
Read input file "hilbertspace_params.in"
	Requested 16-site 2D lattice, with 14 electrons (7, 7)
	Boundary : Periodic		Hilbert space representation : momentum-space (restricted to kIdx = 0)
	Conservation: particle number[U(1)]      spin[U(1)]     momentum
********************************************************************************************************************

Cluster Positions:				Cluster symmetry group : D4
 x ... x ... x ... x .....                       x ... x ... x ... x .....
 |           |           :                       |           |           :
 |           |           :                       |           |           :
12    13    14    15     x                       1     5     6     5     x
 |           |           :                       |           |           :
 |           |           :                       |           |           :
 8 --- 9 ---10 ---11 --- x                       2 --- 6 ---10 --- 6 --- x
 |           |           :                       |           |           :
 |           |           :                       |           |           :
 4     5     6     7     x                       1     5     6     5     x
 |           |           :                       |           |           :
 |           |           :                       |           |           :
 0 --- 1 --- 2 --- 3 --- x                       0 --- 1 --- 2 --- 1 --- x
orbital number : 1
********************************************************************************************************************
Read input file "obs_params.in"
	Observable Type : Nq(All),   Sq(All),   N(All),   Delta[s](All),   Delta[d](All),   Delta[s+](All)
********************************************************************************************************************
** WARNING ** the input observables have non-local factors which have been reinterpreted. The total observable number is 96
********************************************************************************************************************


********************************************************************************************************************
Start calculating the non-Gaussian ED ground state
** WARNING ** Detected low phonon energy W < 10. The initial state will be prepared through a warm-up process.
********************************************************************************************************************
Start warm-up calculation for scaling factor 64
open output files: NGSEDWarmUpW12.8Obs.txt
********************************************************************************************************************
Start the 0 rounds of NGS-ED iteration
	effective electronic model is modified as: kinetic energy t = 1
	                                           effective interaction Vq = [0,0,0,0,0,0,0,0,0,0,0,0,0,0,0,0]
	first Hamiltonian is constructed, non-zero numbers = 2178478298
	PARPACK diagonalization completed after 165 matrix-vector product operations.
	iteration results: : total energy is -11.868836 | electron energy -11.868836 + phonon energy 0.000000 | electron momentum kIdx = 0
	Nq(0) = 12.25,	Nq(1) = 0.154193,	Nq(2) = 0.185311,	Nq(3) = 0.154193,	Nq(4) = 0.154193,	Nq(5) = 0.203281,	Nq(6) = 0.235634,	Nq(7) = 0.203281,	Nq(8) = 0.185311,	Nq(9) = 0.235634,	Nq(10) = 0.275446,	Nq(11) = 0.235634,	Nq(12) = 0.154193,	Nq(13) = 0.203281,	Nq(14) = 0.235634,	Nq(15) = 0.203281,	Sq(0) = 1.11096e-18,	Sq(1) = 0.474292,	Sq(2) = 0.766364,	Sq(3) = 0.474292,	Sq(4) = 0.474292,	Sq(5) = 0.630724,	Sq(6) = 1.05279,	Sq(7) = 0.630724,	Sq(8) = 0.766364,	Sq(9) = 1.05279,	Sq(10) = 2.56755,	Sq(11) = 1.05279,	Sq(12) = 0.474292,	Sq(13) = 0.630724,	Sq(14) = 1.05279,	Sq(15) = 0.630724,	N(0) = 1.75464,	N(1) = 1.59086,	N(2) = 0.323321,	N(3) = 1.59086,	N(4) = 1.59086,	N(5) = 0.999881,	N(6) = 0.267546,	N(7) = 0.999881,	N(8) = 0.323321,	N(9) = 0.267546,	N(10) = 0.165565,	N(11) = 0.267546,	N(12) = 1.59086,	N(13) = 0.999881,	N(14) = 0.267546,	N(15) = 0.999881,	Delta[s](0) = 0.0778219,	Delta[s](1) = 0.0585237,	Delta[s](2) = 0.0356338,	Delta[s](3) = 0.0585237,	Delta[s](4) = 0.0585237,	Delta[s](5) = 0.0421438,	Delta[s](6) = 0.0202321,	Delta[s](7) = 0.0421438,	Delta[s](8) = 0.0356338,	Delta[s](9) = 0.0202321,	Delta[s](10) = 0.00156227,	Delta[s](11) = 0.0202321,	Delta[s](12) = 0.0585237,	Delta[s](13) = 0.0421438,	Delta[s](14) = 0.0202321,	Delta[s](15) = 0.0421438,	Delta[d](0) = 0.288046,	Delta[d](1) = 0.201872,	Delta[d](2) = 0.210814,	Delta[d](3) = 0.201872,	Delta[d](4) = 0.201872,	Delta[d](5) = 0.187186,	Delta[d](6) = 0.140796,	Delta[d](7) = 0.187186,	Delta[d](8) = 0.210814,	Delta[d](9) = 0.140796,	Delta[d](10) = 0.057328,	Delta[d](11) = 0.140796,	Delta[d](12) = 0.201872,	Delta[d](13) = 0.187186,	Delta[d](14) = 0.140796,	Delta[d](15) = 0.187186,	Delta[s+](0) = 0.586984,	Delta[s+](1) = 0.437349,	Delta[s+](2) = 0.210814,	Delta[s+](3) = 0.437349,	Delta[s+](4) = 0.437349,	Delta[s+](5) = 0.306246,	Delta[s+](6) = 0.133776,	Delta[s+](7) = 0.306246,	Delta[s+](8) = 0.210814,	Delta[s+](9) = 0.133776,	Delta[s+](10) = 0.0414145,	Delta[s+](11) = 0.133776,	Delta[s+](12) = 0.437349,	Delta[s+](13) = 0.306246,	Delta[s+](14) = 0.133776,	Delta[s+](15) = 0.306246
The 0-th iteration is completed.	|| time cost : 0h 6m 30.337s
********************************************************************************************************************
Start the 1 rounds of NGS-ED iteration
	effective electronic model is modified as: kinetic energy t = 0.989924
	                                           effective interaction Vq = [    -3.0269,   -1.21623,   -0.25837,   -1.21623,   -1.21623,   -0.26107,-0.00364143,   -0.26107,   -0.25837,-0.00364143,  -0.381311,-0.00364143,   -1.21623,   -0.26107,-0.00364143,   -0.26107]
	PARPACK diagonalization completed after 60 matrix-vector product operations.
	iteration results: : total energy is -49.992544 | electron energy -49.992646 + phonon energy 0.000103 | electron momentum kIdx = 0
The 1-th iteration is completed.	|| time cost : 0h 5m 14.73s
********************************************************************************************************************
Start the 2 rounds of NGS-ED iteration
	effective electronic model is modified as: kinetic energy t = 0.985809
	                                           effective interaction Vq = [    -3.2609,   -1.33022,  -0.280072,   -1.33022,   -1.33022,  -0.283208,-0.00392552,  -0.283208,  -0.280072,-0.00392552,  -0.412158,-0.00392552,   -1.33022,  -0.283208,-0.00392552,  -0.283208]
	PARPACK diagonalization completed after 60 matrix-vector product operations.
	iteration results: : total energy is -52.902047 | electron energy -52.902477 + phonon energy 0.000430 | electron momentum kIdx = 0
The 2-th iteration is completed.	|| time cost : 0h 0m 27.162s
********************************************************************************************************************
Start the 3 rounds of NGS-ED iteration
	effective electronic model is modified as: kinetic energy t = 0.984935
	                                           effective interaction Vq = [   -3.27898,   -1.34781,  -0.283082,   -1.34781,   -1.34781,  -0.286322,-0.00396124,  -0.286322,  -0.283082,-0.00396124,  -0.416072,-0.00396124,   -1.34781,  -0.286322,-0.00396124,  -0.286322]
	PARPACK diagonalization completed after 45 matrix-vector product operations.
	iteration results: : total energy is -53.125435 | electron energy -53.126011 + phonon energy 0.000576 | electron momentum kIdx = 0
The 3-th iteration is completed.	|| time cost : 0h 0m 24.319s
********************************************************************************************************************
Start the 4 rounds of NGS-ED iteration
	effective electronic model is modified as: kinetic energy t = 0.984761
	                                           effective interaction Vq = [   -3.28038,   -1.35123,   -0.28356,   -1.35123,   -1.35123,  -0.286829,-0.00396622,  -0.286829,   -0.28356,-0.00396622,   -0.41662,-0.00396622,   -1.35123,  -0.286829,-0.00396622,  -0.286829]
	PARPACK diagonalization completed after 45 matrix-vector product operations.
	iteration results: : total energy is -53.142642 | electron energy -53.143255 + phonon energy 0.000613 | electron momentum kIdx = 0
The 4-th iteration is completed.	|| time cost : 0h 0m 24.329s
********************************************************************************************************************
Start the 5 rounds of NGS-ED iteration
	effective electronic model is modified as: kinetic energy t = 0.984726
	                                           effective interaction Vq = [   -3.28049,   -1.35194,  -0.283638,   -1.35194,   -1.35194,  -0.286914,-0.00396693,  -0.286914,  -0.283638,-0.00396693,  -0.416699,-0.00396693,   -1.35194,  -0.286914,-0.00396693,  -0.286914]
	PARPACK diagonalization completed after 30 matrix-vector product operations.
	iteration results: : total energy is -53.143969 | electron energy -53.144590 + phonon energy 0.000621 | electron momentum kIdx = 0
The 5-th iteration is completed.	|| time cost : 0h 0m 21.509s
********************************************************************************************************************
Start the 6 rounds of NGS-ED iteration
	effective electronic model is modified as: kinetic energy t = 0.984719
	                                           effective interaction Vq = [    -3.2805,   -1.35209,   -0.28365,   -1.35209,   -1.35209,  -0.286928,-0.00396703,  -0.286928,   -0.28365,-0.00396703,   -0.41671,-0.00396703,   -1.35209,  -0.286928,-0.00396703,  -0.286928]
	PARPACK diagonalization completed after 30 matrix-vector product operations.
	iteration results: : total energy is -53.144072 | electron energy -53.144694 + phonon energy 0.000623 | electron momentum kIdx = 0
	Nq(0) = 12.25,	Nq(1) = 0.175087,	Nq(2) = 0.19278,	Nq(3) = 0.175087,	Nq(4) = 0.175087,	Nq(5) = 0.209972,	Nq(6) = 0.24098,	Nq(7) = 0.209972,	Nq(8) = 0.19278,	Nq(9) = 0.24098,	Nq(10) = 0.292649,	Nq(11) = 0.24098,	Nq(12) = 0.175087,	Nq(13) = 0.209972,	Nq(14) = 0.24098,	Nq(15) = 0.209972,	Sq(0) = 4.81783e-19,	Sq(1) = 0.461545,	Sq(2) = 0.752203,	Sq(3) = 0.461545,	Sq(4) = 0.461545,	Sq(5) = 0.622,	Sq(6) = 1.04679,	Sq(7) = 0.622,	Sq(8) = 0.752203,	Sq(9) = 1.04679,	Sq(10) = 2.54189,	Sq(11) = 1.04679,	Sq(12) = 0.461545,	Sq(13) = 0.622,	Sq(14) = 1.04679,	Sq(15) = 0.622,	N(0) = 1.77689,	N(1) = 1.62777,	N(2) = 0.300079,	N(3) = 1.62777,	N(4) = 1.62777,	N(5) = 0.992648,	N(6) = 0.246043,	N(7) = 0.992648,	N(8) = 0.300079,	N(9) = 0.246043,	N(10) = 0.157114,	N(11) = 0.246043,	N(12) = 1.62777,	N(13) = 0.992648,	N(14) = 0.246043,	N(15) = 0.992648,	Delta[s](0) = 0.0861194,	Delta[s](1) = 0.0653185,	Delta[s](2) = 0.0401015,	Delta[s](3) = 0.0653185,	Delta[s](4) = 0.0653185,	Delta[s](5) = 0.0478562,	Delta[s](6) = 0.0235567,	Delta[s](7) = 0.0478562,	Delta[s](8) = 0.0401015,	Delta[s](9) = 0.0235567,	Delta[s](10) = 0.00293597,	Delta[s](11) = 0.0235567,	Delta[s](12) = 0.0653185,	Delta[s](13) = 0.0478562,	Delta[s](14) = 0.0235567,	Delta[s](15) = 0.0478562,	Delta[d](0) = 0.330364,	Delta[d](1) = 0.209782,	Delta[d](2) = 0.218527,	Delta[d](3) = 0.209782,	Delta[d](4) = 0.209782,	Delta[d](5) = 0.194326,	Delta[d](6) = 0.143145,	Delta[d](7) = 0.194326,	Delta[d](8) = 0.218527,	Delta[d](9) = 0.143145,	Delta[d](10) = 0.060388,	Delta[d](11) = 0.143145,	Delta[d](12) = 0.209782,	Delta[d](13) = 0.194326,	Delta[d](14) = 0.143145,	Delta[d](15) = 0.194326,	Delta[s+](0) = 0.618785,	Delta[s+](1) = 0.460128,	Delta[s+](2) = 0.218527,	Delta[s+](3) = 0.460128,	Delta[s+](4) = 0.460128,	Delta[s+](5) = 0.319383,	Delta[s+](6) = 0.136812,	Delta[s+](7) = 0.319383,	Delta[s+](8) = 0.218527,	Delta[s+](9) = 0.136812,	Delta[s+](10) = 0.0414801,	Delta[s+](11) = 0.136812,	Delta[s+](12) = 0.460128,	Delta[s+](13) = 0.319383,	Delta[s+](14) = 0.136812,	Delta[s+](15) = 0.319383
The 6-th iteration is completed.	|| time cost : 0h 4m 0.89s
********************************************************************************************************************
********************************************************************************************************************
Ground state is obtained after 7 iterations. The current ground-state energy is -53.1441, in which electron energy is -53.1447 and phonon energy is 0.000622682
final variational state is: 
	Gamma_x = [      1,  1.006,1.00199,  1.006,  1.006, 1.0021,1.00004, 1.0021,1.00199,1.00004, 1.0051,1.00004,  1.006, 1.0021,1.00004, 1.0021]
	lambda_q = [  0.506185,  0.267282,  0.108777,  0.267282,  0.267282,  0.111555,-0.0122973,  0.111555,  0.108777,-0.0122973, -0.123156,-0.0122973,  0.267282,  0.111555,-0.0122973,  0.111555]
The effective e-e interactions mediated by phonons are: [    3.2805,   1.35212,  0.283652,   1.35212,   1.35212,   0.28693,0.00396704,   0.28693,  0.283652,0.00396704,  0.416712,0.00396704,   1.35212,   0.28693,0.00396704,   0.28693]
The real-space interactions mediated by phonons are: [ -10.8366, -4.66421,-0.859905, -2.36132,  -5.5601, -3.82055,-0.859905, -1.14131,  -3.1168, -1.14131,-0.859905, -3.82055,  -5.5601, -2.36132,-0.859905, -4.66421]
********************************************************************************************************************
o___o  ----------------------------------------
| L |	Time since last clock: 0h 0m 0s
A===A	Time since the beginning: 0h 17m 23.279s
***********************************************

********************************************************************************************************************
Start warm-up calculation for scaling factor 32
open output files: NGSEDWarmUpW6.4Obs.txt
********************************************************************************************************************
Start the 0 rounds of NGS-ED iteration
	effective electronic model is modified as: kinetic energy t = 0.984718
	                                           effective interaction Vq = [    -2.9989,   -1.14548,   -0.23194,   -1.14548,   -1.14548,   -0.23588,-0.00320601,   -0.23588,   -0.23194,-0.00320601,  -0.334868,-0.00320601,   -1.14548,   -0.23588,-0.00320601,   -0.23588]
	PARPACK diagonalization completed after 60 matrix-vector product operations.
	iteration results: : total energy is -49.464712 | electron energy -49.465023 + phonon energy 0.000312 | electron momentum kIdx = 0
	Nq(0) = 12.25,	Nq(1) = 0.17115,	Nq(2) = 0.190833,	Nq(3) = 0.17115,	Nq(4) = 0.17115,	Nq(5) = 0.208143,	Nq(6) = 0.239425,	Nq(7) = 0.208143,	Nq(8) = 0.190833,	Nq(9) = 0.239425,	Nq(10) = 0.288614,	Nq(11) = 0.239425,	Nq(12) = 0.17115,	Nq(13) = 0.208143,	Nq(14) = 0.239425,	Nq(15) = 0.208143,	Sq(0) = 1.87972e-18,	Sq(1) = 0.463235,	Sq(2) = 0.755027,	Sq(3) = 0.463235,	Sq(4) = 0.463235,	Sq(5) = 0.623606,	Sq(6) = 1.04995,	Sq(7) = 0.623606,	Sq(8) = 0.755027,	Sq(9) = 1.04995,	Sq(10) = 2.54763,	Sq(11) = 1.04995,	Sq(12) = 0.463235,	Sq(13) = 0.623606,	Sq(14) = 1.04995,	Sq(15) = 0.623606,	N(0) = 1.7722,	N(1) = 1.61988,	N(2) = 0.305458,	N(3) = 1.61988,	N(4) = 1.61988,	N(5) = 0.99398,	N(6) = 0.250522,	N(7) = 0.99398,	N(8) = 0.305458,	N(9) = 0.250522,	N(10) = 0.15935,	N(11) = 0.250522,	N(12) = 1.61988,	N(13) = 0.99398,	N(14) = 0.250522,	N(15) = 0.99398,	Delta[s](0) = 0.0836706,	Delta[s](1) = 0.0635021,	Delta[s](2) = 0.0391806,	Delta[s](3) = 0.0635021,	Delta[s](4) = 0.0635021,	Delta[s](5) = 0.046483,	Delta[s](6) = 0.0230977,	Delta[s](7) = 0.046483,	Delta[s](8) = 0.0391806,	Delta[s](9) = 0.0230977,	Delta[s](10) = 0.00321536,	Delta[s](11) = 0.0230977,	Delta[s](12) = 0.0635021,	Delta[s](13) = 0.046483,	Delta[s](14) = 0.0230977,	Delta[s](15) = 0.046483,	Delta[d](0) = 0.336196,	Delta[d](1) = 0.219042,	Delta[d](2) = 0.227196,	Delta[d](3) = 0.219042,	Delta[d](4) = 0.219042,	Delta[d](5) = 0.202363,	Delta[d](6) = 0.149892,	Delta[d](7) = 0.202363,	Delta[d](8) = 0.227196,	Delta[d](9) = 0.149892,	Delta[d](10) = 0.0631288,	Delta[d](11) = 0.149892,	Delta[d](12) = 0.219042,	Delta[d](13) = 0.202363,	Delta[d](14) = 0.149892,	Delta[d](15) = 0.202363,	Delta[s+](0) = 0.638638,	Delta[s+](1) = 0.475241,	Delta[s+](2) = 0.227196,	Delta[s+](3) = 0.475241,	Delta[s+](4) = 0.475241,	Delta[s+](5) = 0.33072,	Delta[s+](6) = 0.142912,	Delta[s+](7) = 0.33072,	Delta[s+](8) = 0.227196,	Delta[s+](9) = 0.142912,	Delta[s+](10) = 0.0439862,	Delta[s+](11) = 0.142912,	Delta[s+](12) = 0.475241,	Delta[s+](13) = 0.33072,	Delta[s+](14) = 0.142912,	Delta[s+](15) = 0.33072
The 0-th iteration is completed.	|| time cost : 0h 4m 3.418s
********************************************************************************************************************
Start the 1 rounds of NGS-ED iteration
	effective electronic model is modified as: kinetic energy t = 0.982016
	                                           effective interaction Vq = [   -3.20221,   -1.21674,  -0.240928,   -1.21674,   -1.21674,  -0.246252,-0.00329207,  -0.246252,  -0.240928,-0.00329207,  -0.341113,-0.00329207,   -1.21674,  -0.246252,-0.00329207,  -0.246252]
	PARPACK diagonalization completed after 45 matrix-vector product operations.
	iteration results: : total energy is -51.970212 | electron energy -51.971331 + phonon energy 0.001119 | electron momentum kIdx = 0
The 1-th iteration is completed.	|| time cost : 0h 0m 24.408s
********************************************************************************************************************
Start the 2 rounds of NGS-ED iteration
	effective electronic model is modified as: kinetic energy t = 0.980923
	                                           effective interaction Vq = [   -3.25873,   -1.24248,   -0.24365,   -1.24248,   -1.24248,   -0.24945,-0.00331522,   -0.24945,   -0.24365,-0.00331522,  -0.342975,-0.00331522,   -1.24248,   -0.24945,-0.00331522,   -0.24945]
	PARPACK diagonalization completed after 45 matrix-vector product operations.
	iteration results: : total energy is -52.665074 | electron energy -52.666742 + phonon energy 0.001668 | electron momentum kIdx = 0
The 2-th iteration is completed.	|| time cost : 0h 0m 24.354s
********************************************************************************************************************
Start the 3 rounds of NGS-ED iteration
	effective electronic model is modified as: kinetic energy t = 0.98049
	                                           effective interaction Vq = [   -3.27445,   -1.25243,  -0.244504,   -1.25243,   -1.25243,  -0.250474,-0.00332161,  -0.250474,  -0.244504,-0.00332161,  -0.343546,-0.00332161,   -1.25243,  -0.250474,-0.00332161,  -0.250474]
	PARPACK diagonalization completed after 45 matrix-vector product operations.
	iteration results: : total energy is -52.857993 | electron energy -52.859942 + phonon energy 0.001949 | electron momentum kIdx = 0
The 3-th iteration is completed.	|| time cost : 0h 0m 24.337s
********************************************************************************************************************
Start the 4 rounds of NGS-ED iteration
	effective electronic model is modified as: kinetic energy t = 0.980319
	                                           effective interaction Vq = [  -3.27882,  -1.25639, -0.244777,  -1.25639,  -1.25639, -0.250806,-0.0033234, -0.250806, -0.244777,-0.0033234, -0.343725,-0.0033234,  -1.25639, -0.250806,-0.0033234, -0.250806]
	PARPACK diagonalization completed after 45 matrix-vector product operations.
	iteration results: : total energy is -52.911587 | electron energy -52.913663 + phonon energy 0.002076 | electron momentum kIdx = 0
The 4-th iteration is completed.	|| time cost : 0h 0m 24.368s
********************************************************************************************************************
Start the 5 rounds of NGS-ED iteration
	effective electronic model is modified as: kinetic energy t = 0.980251
	                                           effective interaction Vq = [   -3.28003,   -1.25799,  -0.244865,   -1.25799,   -1.25799,  -0.250915,-0.00332391,  -0.250915,  -0.244865,-0.00332391,  -0.343783,-0.00332391,   -1.25799,  -0.250915,-0.00332391,  -0.250915]
	PARPACK diagonalization completed after 45 matrix-vector product operations.
	iteration results: : total energy is -52.926481 | electron energy -52.928612 + phonon energy 0.002131 | electron momentum kIdx = 0
The 5-th iteration is completed.	|| time cost : 0h 0m 24.37s
********************************************************************************************************************
Start the 6 rounds of NGS-ED iteration
	effective electronic model is modified as: kinetic energy t = 0.980224
	                                           effective interaction Vq = [   -3.28037,   -1.25864,  -0.244893,   -1.25864,   -1.25864,   -0.25095,-0.00332406,   -0.25095,  -0.244893,-0.00332406,  -0.343801,-0.00332406,   -1.25864,   -0.25095,-0.00332406,   -0.25095]
	PARPACK diagonalization completed after 30 matrix-vector product operations.
	iteration results: : total energy is -52.930621 | electron energy -52.932775 + phonon energy 0.002154 | electron momentum kIdx = 0
The 6-th iteration is completed.	|| time cost : 0h 0m 21.519s
********************************************************************************************************************
Start the 7 rounds of NGS-ED iteration
	effective electronic model is modified as: kinetic energy t = 0.980213
	                                           effective interaction Vq = [  -3.28046,  -1.25891, -0.244903,  -1.25891,  -1.25891, -0.250962,-0.0033241, -0.250962, -0.244903,-0.0033241, -0.343808,-0.0033241,  -1.25891, -0.250962,-0.0033241, -0.250962]
	PARPACK diagonalization completed after 30 matrix-vector product operations.
	iteration results: : total energy is -52.931772 | electron energy -52.933935 + phonon energy 0.002163 | electron momentum kIdx = 0
The 7-th iteration is completed.	|| time cost : 0h 0m 21.754s
********************************************************************************************************************
Start the 8 rounds of NGS-ED iteration
	effective electronic model is modified as: kinetic energy t = 0.980209
	                                           effective interaction Vq = [   -3.28049,   -1.25901,  -0.244906,   -1.25901,   -1.25901,  -0.250966,-0.00332412,  -0.250966,  -0.244906,-0.00332412,   -0.34381,-0.00332412,   -1.25901,  -0.250966,-0.00332412,  -0.250966]
	PARPACK diagonalization completed after 30 matrix-vector product operations.
	iteration results: : total energy is -52.932092 | electron energy -52.934259 + phonon energy 0.002167 | electron momentum kIdx = 0
The 8-th iteration is completed.	|| time cost : 0h 0m 21.594s
********************************************************************************************************************
Start the 9 rounds of NGS-ED iteration
	effective electronic model is modified as: kinetic energy t = 0.980207
	                                           effective interaction Vq = [    -3.2805,   -1.25906,  -0.244907,   -1.25906,   -1.25906,  -0.250967,-0.00332412,  -0.250967,  -0.244907,-0.00332412,  -0.343811,-0.00332412,   -1.25906,  -0.250967,-0.00332412,  -0.250967]
	PARPACK diagonalization completed after 30 matrix-vector product operations.
	iteration results: : total energy is -52.932180 | electron energy -52.934349 + phonon energy 0.002169 | electron momentum kIdx = 0
	Nq(0) = 12.25,	Nq(1) = 0.172852,	Nq(2) = 0.1909,	Nq(3) = 0.172852,	Nq(4) = 0.172852,	Nq(5) = 0.207982,	Nq(6) = 0.239154,	Nq(7) = 0.207982,	Nq(8) = 0.1909,	Nq(9) = 0.239154,	Nq(10) = 0.288641,	Nq(11) = 0.239154,	Nq(12) = 0.172852,	Nq(13) = 0.207982,	Nq(14) = 0.239154,	Nq(15) = 0.207982,	Sq(0) = 1.35652e-18,	Sq(1) = 0.461982,	Sq(2) = 0.754333,	Sq(3) = 0.461982,	Sq(4) = 0.461982,	Sq(5) = 0.623209,	Sq(6) = 1.0509,	Sq(7) = 0.623209,	Sq(8) = 0.754333,	Sq(9) = 1.0509,	Sq(10) = 2.54658,	Sq(11) = 1.0509,	Sq(12) = 0.461982,	Sq(13) = 0.623209,	Sq(14) = 1.0509,	Sq(15) = 0.623209,	N(0) = 1.77258,	N(1) = 1.62102,	N(2) = 0.305479,	N(3) = 1.62102,	N(4) = 1.62102,	N(5) = 0.993139,	N(6) = 0.250023,	N(7) = 0.993139,	N(8) = 0.305479,	N(9) = 0.250023,	N(10) = 0.159732,	N(11) = 0.250023,	N(12) = 1.62102,	N(13) = 0.993139,	N(14) = 0.250023,	N(15) = 0.993139,	Delta[s](0) = 0.0836384,	Delta[s](1) = 0.0635813,	Delta[s](2) = 0.0393583,	Delta[s](3) = 0.0635813,	Delta[s](4) = 0.0635813,	Delta[s](5) = 0.0466363,	Delta[s](6) = 0.023351,	Delta[s](7) = 0.0466363,	Delta[s](8) = 0.0393583,	Delta[s](9) = 0.023351,	Delta[s](10) = 0.00356614,	Delta[s](11) = 0.023351,	Delta[s](12) = 0.0635813,	Delta[s](13) = 0.0466363,	Delta[s](14) = 0.023351,	Delta[s](15) = 0.0466363,	Delta[d](0) = 0.353391,	Delta[d](1) = 0.229416,	Delta[d](2) = 0.237298,	Delta[d](3) = 0.229416,	Delta[d](4) = 0.229416,	Delta[d](5) = 0.211633,	Delta[d](6) = 0.156628,	Delta[d](7) = 0.211633,	Delta[d](8) = 0.237298,	Delta[d](9) = 0.156628,	Delta[d](10) = 0.0664375,	Delta[d](11) = 0.156628,	Delta[d](12) = 0.229416,	Delta[d](13) = 0.211633,	Delta[d](14) = 0.156628,	Delta[d](15) = 0.211633,	Delta[s+](0) = 0.666012,	Delta[s+](1) = 0.495616,	Delta[s+](2) = 0.237298,	Delta[s+](3) = 0.495616,	Delta[s+](4) = 0.495616,	Delta[s+](5) = 0.344824,	Delta[s+](6) = 0.149272,	Delta[s+](7) = 0.344824,	Delta[s+](8) = 0.237298,	Delta[s+](9) = 0.149272,	Delta[s+](10) = 0.0461864,	Delta[s+](11) = 0.149272,	Delta[s+](12) = 0.495616,	Delta[s+](13) = 0.344824,	Delta[s+](14) = 0.149272,	Delta[s+](15) = 0.344824
The 9-th iteration is completed.	|| time cost : 0h 3m 57.286s
********************************************************************************************************************
********************************************************************************************************************
Ground state is obtained after 10 iterations. The current ground-state energy is -52.9322, in which electron energy is -52.9343 and phonon energy is 0.002169
final variational state is: 
	Gamma_x = [      1,1.01669,1.00465,1.01669,1.01669,1.00503,1.00008,1.00503,1.00465,1.00008,1.01085,1.00008,1.01669,1.00503,1.00008,1.00503]
	lambda_q = [  0.715597,  0.317719,  0.118203,  0.317719,  0.317719,  0.122917,-0.0129618,  0.122917,  0.118203,-0.0129618, -0.127861,-0.0129618,  0.317719,  0.122917,-0.0129618,  0.122917]
The effective e-e interactions mediated by phonons are: [    3.2805,   1.25908,  0.244908,   1.25908,   1.25908,  0.250967,0.00332412,  0.250967,  0.244908,0.00332412,  0.343811,0.00332412,   1.25908,  0.250967,0.00332412,  0.250967]
The real-space interactions mediated by phonons are: [-10.1676,-4.60638,-1.00725,-2.42592, -5.4482,-3.78514,-1.00725,-1.32494,-3.11026,-1.32494,-1.00725,-3.78514, -5.4482,-2.42592,-1.00725,-4.60638]
********************************************************************************************************************
o___o  ----------------------------------------
| L |	Time since last clock: 0h 0m 0s
A===A	Time since the beginning: 0h 28m 30.69s
***********************************************

********************************************************************************************************************
Start warm-up calculation for scaling factor 16
open output files: NGSEDWarmUpW3.2Obs.txt
********************************************************************************************************************
Start the 0 rounds of NGS-ED iteration
	effective electronic model is modified as: kinetic energy t = 0.980206
	                                           effective interaction Vq = [  -2.99842,   -1.0241, -0.191695,   -1.0241,   -1.0241, -0.197487,-0.0025732, -0.197487, -0.191695,-0.0025732, -0.264781,-0.0025732,   -1.0241, -0.197487,-0.0025732, -0.197487]
	PARPACK diagonalization completed after 60 matrix-vector product operations.
	iteration results: : total energy is -49.229462 | electron energy -49.230546 + phonon energy 0.001085 | electron momentum kIdx = 0
	Nq(0) = 12.25,	Nq(1) = 0.168586,	Nq(2) = 0.188934,	Nq(3) = 0.168586,	Nq(4) = 0.168586,	Nq(5) = 0.206148,	Nq(6) = 0.237563,	Nq(7) = 0.206148,	Nq(8) = 0.188934,	Nq(9) = 0.237563,	Nq(10) = 0.284653,	Nq(11) = 0.237563,	Nq(12) = 0.168586,	Nq(13) = 0.206148,	Nq(14) = 0.237563,	Nq(15) = 0.206148,	Sq(0) = -1.11875e-18,	Sq(1) = 0.464015,	Sq(2) = 0.757405,	Sq(3) = 0.464015,	Sq(4) = 0.464015,	Sq(5) = 0.624983,	Sq(6) = 1.05383,	Sq(7) = 0.624983,	Sq(8) = 0.757405,	Sq(9) = 1.05383,	Sq(10) = 2.55215,	Sq(11) = 1.05383,	Sq(12) = 0.464015,	Sq(13) = 0.624983,	Sq(14) = 1.05383,	Sq(15) = 0.624983,	N(0) = 1.76754,	N(1) = 1.61266,	N(2) = 0.311117,	N(3) = 1.61266,	N(4) = 1.61266,	N(5) = 0.994639,	N(6) = 0.254752,	N(7) = 0.994639,	N(8) = 0.311117,	N(9) = 0.254752,	N(10) = 0.162035,	N(11) = 0.254752,	N(12) = 1.61266,	N(13) = 0.994639,	N(14) = 0.254752,	N(15) = 0.994639,	Delta[s](0) = 0.0815122,	Delta[s](1) = 0.061898,	Delta[s](2) = 0.0383305,	Delta[s](3) = 0.061898,	Delta[s](4) = 0.061898,	Delta[s](5) = 0.0452629,	Delta[s](6) = 0.0226542,	Delta[s](7) = 0.0452629,	Delta[s](8) = 0.0383305,	Delta[s](9) = 0.0226542,	Delta[s](10) = 0.00342251,	Delta[s](11) = 0.0226542,	Delta[s](12) = 0.061898,	Delta[s](13) = 0.0452629,	Delta[s](14) = 0.0226542,	Delta[s](15) = 0.0452629,	Delta[d](0) = 0.359341,	Delta[d](1) = 0.238401,	Delta[d](2) = 0.246087,	Delta[d](3) = 0.238401,	Delta[d](4) = 0.238401,	Delta[d](5) = 0.21961,	Delta[d](6) = 0.163302,	Delta[d](7) = 0.21961,	Delta[d](8) = 0.246087,	Delta[d](9) = 0.163302,	Delta[d](10) = 0.0689858,	Delta[d](11) = 0.163302,	Delta[d](12) = 0.238401,	Delta[d](13) = 0.21961,	Delta[d](14) = 0.163302,	Delta[d](15) = 0.21961,	Delta[s+](0) = 0.686929,	Delta[s+](1) = 0.511478,	Delta[s+](2) = 0.246087,	Delta[s+](3) = 0.511478,	Delta[s+](4) = 0.511478,	Delta[s+](5) = 0.356635,	Delta[s+](6) = 0.155365,	Delta[s+](7) = 0.356635,	Delta[s+](8) = 0.246087,	Delta[s+](9) = 0.155365,	Delta[s+](10) = 0.0485127,	Delta[s+](11) = 0.155365,	Delta[s+](12) = 0.511478,	Delta[s+](13) = 0.356635,	Delta[s+](14) = 0.155365,	Delta[s+](15) = 0.356635
The 0-th iteration is completed.	|| time cost : 0h 4m 3.656s
********************************************************************************************************************
Start the 1 rounds of NGS-ED iteration
	effective electronic model is modified as: kinetic energy t = 0.979948
	                                           effective interaction Vq = [   -3.13176,    -1.0449,  -0.188623,    -1.0449,    -1.0449,  -0.195776,-0.00249133,  -0.195776,  -0.188623,-0.00249133,  -0.253519,-0.00249133,    -1.0449,  -0.195776,-0.00249133,  -0.195776]
	PARPACK diagonalization completed after 45 matrix-vector product operations.
	iteration results: : total energy is -50.865347 | electron energy -50.867730 + phonon energy 0.002382 | electron momentum kIdx = 0
The 1-th iteration is completed.	|| time cost : 0h 0m 24.334s
********************************************************************************************************************
Start the 2 rounds of NGS-ED iteration
	effective electronic model is modified as: kinetic energy t = 0.979697
	                                           effective interaction Vq = [  -3.20207,  -1.05703,  -0.18741,  -1.05703,  -1.05703, -0.195097,-0.0024605, -0.195097,  -0.18741,-0.0024605, -0.249753,-0.0024605,  -1.05703, -0.195097,-0.0024605, -0.195097]
	PARPACK diagonalization completed after 45 matrix-vector product operations.
	iteration results: : total energy is -51.727417 | electron energy -51.730779 + phonon energy 0.003363 | electron momentum kIdx = 0
The 2-th iteration is completed.	|| time cost : 0h 0m 24.358s
********************************************************************************************************************
Start the 3 rounds of NGS-ED iteration
	effective electronic model is modified as: kinetic energy t = 0.979514
	                                           effective interaction Vq = [   -3.23914,   -1.06416,  -0.186944,   -1.06416,   -1.06416,  -0.194837,-0.00244903,  -0.194837,  -0.186944,-0.00244903,  -0.248535,-0.00244903,   -1.06416,  -0.194837,-0.00244903,  -0.194837]
	PARPACK diagonalization completed after 45 matrix-vector product operations.
	iteration results: : total energy is -52.181836 | electron energy -52.185853 + phonon energy 0.004017 | electron momentum kIdx = 0
The 3-th iteration is completed.	|| time cost : 0h 0m 24.384s
********************************************************************************************************************
Start the 4 rounds of NGS-ED iteration
	effective electronic model is modified as: kinetic energy t = 0.979393
	                                           effective interaction Vq = [  -3.25869,  -1.06838, -0.186771,  -1.06838,  -1.06838, -0.194744,-0.0024448, -0.194744, -0.186771,-0.0024448, -0.248156,-0.0024448,  -1.06838, -0.194744,-0.0024448, -0.194744]
	PARPACK diagonalization completed after 45 matrix-vector product operations.
	iteration results: : total energy is -52.421402 | electron energy -52.425834 + phonon energy 0.004432 | electron momentum kIdx = 0
The 4-th iteration is completed.	|| time cost : 0h 0m 24.326s
********************************************************************************************************************
Start the 5 rounds of NGS-ED iteration
	effective electronic model is modified as: kinetic energy t = 0.979316
	                                           effective interaction Vq = [     -3.269,   -1.07087,   -0.18671,   -1.07087,   -1.07087,  -0.194713,-0.00244326,  -0.194713,   -0.18671,-0.00244326,  -0.248048,-0.00244326,   -1.07087,  -0.194713,-0.00244326,  -0.194713]
	PARPACK diagonalization completed after 45 matrix-vector product operations.
	iteration results: : total energy is -52.547708 | electron energy -52.552395 + phonon energy 0.004688 | electron momentum kIdx = 0
The 5-th iteration is completed.	|| time cost : 0h 0m 24.439s
********************************************************************************************************************
Start the 6 rounds of NGS-ED iteration
	effective electronic model is modified as: kinetic energy t = 0.979269
	                                           effective interaction Vq = [   -3.27444,   -1.07236,  -0.186691,   -1.07236,   -1.07236,  -0.194705,-0.00244271,  -0.194705,  -0.186691,-0.00244271,  -0.248021,-0.00244271,   -1.07236,  -0.194705,-0.00244271,  -0.194705]
	PARPACK diagonalization completed after 45 matrix-vector product operations.
	iteration results: : total energy is -52.614302 | electron energy -52.619146 + phonon energy 0.004843 | electron momentum kIdx = 0
The 6-th iteration is completed.	|| time cost : 0h 0m 24.374s
********************************************************************************************************************
Start the 7 rounds of NGS-ED iteration
	effective electronic model is modified as: kinetic energy t = 0.97924
	                                           effective interaction Vq = [    -3.2773,   -1.07324,  -0.186686,   -1.07324,   -1.07324,  -0.194705,-0.00244251,  -0.194705,  -0.186686,-0.00244251,  -0.248019,-0.00244251,   -1.07324,  -0.194705,-0.00244251,  -0.194705]
	PARPACK diagonalization completed after 30 matrix-vector product operations.
	iteration results: : total energy is -52.649415 | electron energy -52.654353 + phonon energy 0.004937 | electron momentum kIdx = 0
The 7-th iteration is completed.	|| time cost : 0h 0m 21.547s
********************************************************************************************************************
Start the 8 rounds of NGS-ED iteration
	effective electronic model is modified as: kinetic energy t = 0.979223
	                                           effective interaction Vq = [   -3.27881,   -1.07377,  -0.186686,   -1.07377,   -1.07377,  -0.194706,-0.00244245,  -0.194706,  -0.186686,-0.00244245,  -0.248021,-0.00244245,   -1.07377,  -0.194706,-0.00244245,  -0.194706]
	PARPACK diagonalization completed after 30 matrix-vector product operations.
	iteration results: : total energy is -52.667929 | electron energy -52.672923 + phonon energy 0.004994 | electron momentum kIdx = 0
The 8-th iteration is completed.	|| time cost : 0h 0m 21.542s
********************************************************************************************************************
Start the 9 rounds of NGS-ED iteration
	effective electronic model is modified as: kinetic energy t = 0.979212
	                                           effective interaction Vq = [   -3.27961,   -1.07409,  -0.186687,   -1.07409,   -1.07409,  -0.194707,-0.00244243,  -0.194707,  -0.186687,-0.00244243,  -0.248024,-0.00244243,   -1.07409,  -0.194707,-0.00244243,  -0.194707]
	PARPACK diagonalization completed after 30 matrix-vector product operations.
	iteration results: : total energy is -52.677692 | electron energy -52.682719 + phonon energy 0.005028 | electron momentum kIdx = 0
The 9-th iteration is completed.	|| time cost : 0h 0m 21.539s
********************************************************************************************************************
Start the 10 rounds of NGS-ED iteration
	effective electronic model is modified as: kinetic energy t = 0.979206
	                                           effective interaction Vq = [   -3.28003,   -1.07427,  -0.186688,   -1.07427,   -1.07427,  -0.194708,-0.00244242,  -0.194708,  -0.186688,-0.00244242,  -0.248026,-0.00244242,   -1.07427,  -0.194708,-0.00244242,  -0.194708]
	PARPACK diagonalization completed after 30 matrix-vector product operations.
	iteration results: : total energy is -52.682839 | electron energy -52.687887 + phonon energy 0.005048 | electron momentum kIdx = 0
