SNEDics v3.21.4 Non-Gaussian ED ground state program		Start at Tue Jul 27 00:57:37 2021

parallized on 32 MPI threads  * 8 OpenMP threads = 256 total threads.
********************************************************************************************************************
********************************************************************************************************************

********************************************************************************************************************
System parameters and configurations
	special program options are enabled: splitted diagonal Hamiltonian | splitted Hamiltonian terms
********************************************************************************************************************
Read input file "model_params.in"
	Hubbard-Holstein model parameters : 	t = 1    U = 8    g = 0.11    W = 0.2    g' = 0.11    
********************************************************************************************************************
Read input file "hilbertspace_params.in"
	Requested 16-site 2D lattice, with 14 electrons (7, 7)
	Boundary : Periodic		Hilbert space representation : momentum-space (restricted to kIdx = 0)
	Conservation: particle number[U(1)]      spin[U(1)]     momentum
********************************************************************************************************************

Cluster Positions:				Cluster symmetry group : D4
 x ... x ... x ... x .....                       x ... x ... x ... x .....
 |           |           :                       |           |           :
 |           |           :                       |           |           :
12    13    14    15     x                       1     5     6     5     x
 |           |           :                       |           |           :
 |           |           :                       |           |           :
 8 --- 9 ---10 ---11 --- x                       2 --- 6 ---10 --- 6 --- x
 |           |           :                       |           |           :
 |           |           :                       |           |           :
 4     5     6     7     x                       1     5     6     5     x
 |           |           :                       |           |           :
 |           |           :                       |           |           :
 0 --- 1 --- 2 --- 3 --- x                       0 --- 1 --- 2 --- 1 --- x
orbital number : 1
********************************************************************************************************************
Read input file "obs_params.in"
	Observable Type : Nq(All),   Sq(All),   N(All),   Delta[s](All),   Delta[d](All),   Delta[s+](All)
** WARNING ** the input observables have non-local factors which have been reinterpreted. The total observable number is 96
********************************************************************************************************************


********************************************************************************************************************
Start calculating the non-Gaussian ED ground state
Maximal iteration number is 1000; energy resolution is 1e-06. Phonon state relaxation time is 2000
W = 0.2 is relatively large. The non-Gaussian ED calculation starts directly.
open output files: NGSED_iteration_obserbles.txt
********************************************************************************************************************
Start the 0 rounds of NGS-ED iteration
	effective electronic model is modified as: kinetic energy t = 1
	                                           effective interaction Vq = [0,0,0,0,0,0,0,0,0,0,0,0,0,0,0,0]
	first Hamiltonian is constructed, size = 8179600 and non-zero numbers = 2178478298
	PARPACK diagonalization completed after 180 matrix-vector product operations.
	iteration results: : total energy is -11.868836 | electron energy -11.868836 + phonon energy 0.000000 | electron momentum kIdx = 0
	Nq(0) = 12.25,	Nq(1) = 0.154193,	Nq(2) = 0.185311,	Nq(3) = 0.154193,	Nq(4) = 0.154193,	Nq(5) = 0.203281,	
	Nq(6) = 0.235634,	Nq(7) = 0.203281,	Nq(8) = 0.185311,	Nq(9) = 0.235634,	Nq(10) = 0.275446,	
	Nq(11) = 0.235634,	Nq(12) = 0.154193,	Nq(13) = 0.203281,	Nq(14) = 0.235634,	Nq(15) = 0.203281;	
	Sq(0) = -1.83137e-18,	Sq(1) = 0.474292,	Sq(2) = 0.766364,	Sq(3) = 0.474292,	Sq(4) = 0.474292,	
	Sq(5) = 0.630724,	Sq(6) = 1.05279,	Sq(7) = 0.630724,	Sq(8) = 0.766364,	Sq(9) = 1.05279,	
	Sq(10) = 2.56755,	Sq(11) = 1.05279,	Sq(12) = 0.474292,	Sq(13) = 0.630724,	Sq(14) = 1.05279,	
	Sq(15) = 0.630724;	N(0) = 1.75464,	N(1) = 1.59086,	N(2) = 0.323321,	N(3) = 1.59086,	
	N(4) = 1.59086,	N(5) = 0.999881,	N(6) = 0.267546,	N(7) = 0.999881,	N(8) = 0.323321,	
	N(9) = 0.267546,	N(10) = 0.165565,	N(11) = 0.267546,	N(12) = 1.59086,	N(13) = 0.999881,	
	N(14) = 0.267546,	N(15) = 0.999881;	Delta[s](0) = 0.0791578,	Delta[s](1) = 0.0591745,	Delta[s](2) = 0.0354272,	
	Delta[s](3) = 0.0591745,	Delta[s](4) = 0.0591745,	Delta[s](5) = 0.0422817,	Delta[s](6) = 0.0195429,	Delta[s](7) = 0.0422817,	
	Delta[s](8) = 0.0354272,	Delta[s](9) = 0.0195429,	Delta[s](10) = 0.000241397,	Delta[s](11) = 0.0195429,	Delta[s](12) = 0.0591745,	
	Delta[s](13) = 0.0422817,	Delta[s](14) = 0.0195429,	Delta[s](15) = 0.0422817;	Delta[d](0) = 0.275577,	Delta[d](1) = 0.18991,	
	Delta[d](2) = 0.19954,	Delta[d](3) = 0.18991,	Delta[d](4) = 0.18991,	Delta[d](5) = 0.176546,	Delta[d](6) = 0.132478,	
	Delta[d](7) = 0.176546,	Delta[d](8) = 0.19954,	Delta[d](9) = 0.132478,	Delta[d](10) = 0.0534373,	Delta[d](11) = 0.132478,	
	Delta[d](12) = 0.18991,	Delta[d](13) = 0.176546,	Delta[d](14) = 0.132478,	Delta[d](15) = 0.176546;	Delta[s+](0) = 0.559381,	
	Delta[s+](1) = 0.416539,	Delta[s+](2) = 0.19954,	Delta[s+](3) = 0.416539,	Delta[s+](4) = 0.416539,	Delta[s+](5) = 0.291149,	
	Delta[s+](6) = 0.126083,	Delta[s+](7) = 0.291149,	Delta[s+](8) = 0.19954,	Delta[s+](9) = 0.126083,	Delta[s+](10) = 0.0382607,	
	Delta[s+](11) = 0.126083,	Delta[s+](12) = 0.416539,	Delta[s+](13) = 0.291149,	Delta[s+](14) = 0.126083,	Delta[s+](15) = 0.291149
	
The 0-th iteration is completed.	|| time cost : 0h 4m 42.744s
********************************************************************************************************************
Start the 1 rounds of NGS-ED iteration
	effective electronic model is modified as: kinetic energy t = 0.998455
	                                           effective interaction Vq = [    -1.5125, -0.0608568, -0.0040426, -0.0608568, -0.0608568,-0.00441592,-0.00345466,-0.00441592, -0.0040426,-0.00345466, -0.0283282,-0.00345466, -0.0608568,-0.00441592,-0.00345466,-0.00441592]
	PARPACK diagonalization completed after 60 matrix-vector product operations.
	iteration results: : total energy is -30.424054 | electron energy -30.424551 + phonon energy 0.000497 | electron momentum kIdx = 0
The 1-th iteration is completed.	|| time cost : 0h 2m 59.759s
********************************************************************************************************************
Start the 2 rounds of NGS-ED iteration
	effective electronic model is modified as: kinetic energy t = 0.998446
	                                           effective interaction Vq = [    -1.5125, -0.0611048,-0.00403945, -0.0611048, -0.0611048,-0.00441113,-0.00345275,-0.00441113,-0.00403945,-0.00345275, -0.0283744,-0.00345275, -0.0611048,-0.00441113,-0.00345275,-0.00441113]
	PARPACK diagonalization completed after 30 matrix-vector product operations.
	iteration results: : total energy is -30.424055 | electron energy -30.424559 + phonon energy 0.000505 | electron momentum kIdx = 0
The 2-th iteration is completed.	|| time cost : 0h 0m 21.873s
********************************************************************************************************************
Start the 3 rounds of NGS-ED iteration
	effective electronic model is modified as: kinetic energy t = 0.998446
	                                           effective interaction Vq = [    -1.5125,  -0.061106,-0.00403943,  -0.061106,  -0.061106, -0.0044111,-0.00345273, -0.0044111,-0.00403943,-0.00345273, -0.0283744,-0.00345273,  -0.061106, -0.0044111,-0.00345273, -0.0044111]
	PARPACK diagonalization completed after 30 matrix-vector product operations.
	iteration results: : total energy is -30.424055 | electron energy -30.424559 + phonon energy 0.000505 | electron momentum kIdx = 0
The 3-th iteration is completed.	|| time cost : 0h 0m 21.847s
********************************************************************************************************************
Start the 4 rounds of NGS-ED iteration
	effective electronic model is modified as: kinetic energy t = 0.998446
	                                           effective interaction Vq = [    -1.5125,  -0.061106,-0.00403943,  -0.061106,  -0.061106, -0.0044111,-0.00345273, -0.0044111,-0.00403943,-0.00345273, -0.0283744,-0.00345273,  -0.061106, -0.0044111,-0.00345273, -0.0044111]
	PARPACK diagonalization completed after 30 matrix-vector product operations.
	iteration results: : total energy is -30.424055 | electron energy -30.424559 + phonon energy 0.000505 | electron momentum kIdx = 0
	Nq(0) = 12.25,	Nq(1) = 0.154959,	Nq(2) = 0.185324,	Nq(3) = 0.154959,	Nq(4) = 0.154959,	Nq(5) = 0.203229,	
	Nq(6) = 0.235708,	Nq(7) = 0.203229,	Nq(8) = 0.185324,	Nq(9) = 0.235708,	Nq(10) = 0.276117,	
	Nq(11) = 0.235708,	Nq(12) = 0.154959,	Nq(13) = 0.203229,	Nq(14) = 0.235708,	Nq(15) = 0.203229;	
	Sq(0) = -3.46768e-18,	Sq(1) = 0.473641,	Sq(2) = 0.765978,	Sq(3) = 0.473641,	Sq(4) = 0.473641,	
	Sq(5) = 0.630395,	Sq(6) = 1.05331,	Sq(7) = 0.630395,	Sq(8) = 0.765978,	Sq(9) = 1.05331,	
	Sq(10) = 2.56631,	Sq(11) = 1.05331,	Sq(12) = 0.473641,	Sq(13) = 0.630395,	Sq(14) = 1.05331,	
	Sq(15) = 0.630395;	N(0) = 1.75516,	N(1) = 1.59182,	N(2) = 0.32305,	N(3) = 1.59182,	
	N(4) = 1.59182,	N(5) = 0.999602,	N(6) = 0.266903,	N(7) = 0.999602,	N(8) = 0.32305,	
	N(9) = 0.266903,	N(10) = 0.165455,	N(11) = 0.266903,	N(12) = 1.59182,	N(13) = 0.999602,	
	N(14) = 0.266903,	N(15) = 0.999602;	Delta[s](0) = 0.0793908,	Delta[s](1) = 0.0593521,	Delta[s](2) = 0.0355257,	
	Delta[s](3) = 0.0593521,	Delta[s](4) = 0.0593521,	Delta[s](5) = 0.0424185,	Delta[s](6) = 0.0196012,	Delta[s](7) = 0.0424185,	
	Delta[s](8) = 0.0355257,	Delta[s](9) = 0.0196012,	Delta[s](10) = 0.000243933,	Delta[s](11) = 0.0196012,	Delta[s](12) = 0.0593521,	
	Delta[s](13) = 0.0424185,	Delta[s](14) = 0.0196012,	Delta[s](15) = 0.0424185;	Delta[d](0) = 0.27701,	Delta[d](1) = 0.189984,	
	Delta[d](2) = 0.199532,	Delta[d](3) = 0.189984,	Delta[d](4) = 0.189984,	Delta[d](5) = 0.176571,	Delta[d](6) = 0.132368,	
	Delta[d](7) = 0.176571,	Delta[d](8) = 0.199532,	Delta[d](9) = 0.132368,	Delta[d](10) = 0.053515,	Delta[d](11) = 0.132368,	
	Delta[d](12) = 0.189984,	Delta[d](13) = 0.176571,	Delta[d](14) = 0.132368,	Delta[d](15) = 0.176571;	Delta[s+](0) = 0.559543,	
	Delta[s+](1) = 0.41664,	Delta[s+](2) = 0.199532,	Delta[s+](3) = 0.41664,	Delta[s+](4) = 0.41664,	Delta[s+](5) = 0.291131,	
	Delta[s+](6) = 0.126008,	Delta[s+](7) = 0.291131,	Delta[s+](8) = 0.199532,	Delta[s+](9) = 0.126008,	Delta[s+](10) = 0.038208,	
	Delta[s+](11) = 0.126008,	Delta[s+](12) = 0.41664,	Delta[s+](13) = 0.291131,	Delta[s+](14) = 0.126008,	Delta[s+](15) = 0.291131
	
The 4-th iteration is completed.	|| time cost : 0h 3m 6.876s
********************************************************************************************************************
********************************************************************************************************************
Ground state is obtained after 5 iterations. The current ground-state energy is -30.4241, in which electron energy is -30.4246 and phonon energy is 0.000504896
Final variational state is: 
	Gamma_x = [      1,1.04699,1.00369,1.04699,1.04699,1.00441,1.00402,1.00441,1.00369,1.00402, 1.0394,1.00402,1.04699,1.00441,1.00402,1.00441]
	lambda_q = [      2.75, 0.0953392, 0.0186782, 0.0953392, 0.0953392, 0.0204299,-0.0159248, 0.0204299, 0.0186782,-0.0159248,-0.0435667,-0.0159248, 0.0953392, 0.0204299,-0.0159248, 0.0204299]
Effective e-e interactions mediated by phonons are:
	momentum-space Vq = [    -1.5125,  -0.061106,-0.00403943,  -0.061106,  -0.061106, -0.0044111,-0.00345273, -0.0044111,-0.00403943,-0.00345273, -0.0283744,-0.00345273,  -0.061106, -0.0044111,-0.00345273, -0.0044111]
	real-space Vr = [ -0.114052,-0.0999645,-0.0957068,-0.0999645,-0.0999645,-0.0957997,-0.0855512,-0.0957997,-0.0957068,-0.0855512,-0.0817727,-0.0855512,-0.0999645,-0.0957997,-0.0855512,-0.0957997]
********************************************************************************************************************
o___o  ----------------------------------------
| L |	Time since last clock: 0h 0m 0.01s
A===A	Time since the beginning: 0h 11m 33.111s
***********************************************


Non-Gaussina ED ground state calculation is completed. The final ground-state energy is -30.4241
********************************************************************************************************************
o___o  ----------------------------------------
| L |	Time since last clock: 0h 0m 0.003s
A===A	Time since the beginning: 0h 11m 33.114s
***********************************************



********************************************************************************************************************
All non-Gaussian ED ground state calculations have been completed. Exit now.
