TACC:  Starting up job 4228483 
TACC:  Starting parallel tasks... 
SNEDics v3.4 Non-Gaussian ED ground state program		Start at Sun Aug 25 13:58:40 2019

parallized on 32 MPI threads  * 6 OpenMP threads = 192 total threads.
********************************************************************************************************************
********************************************************************************************************************

********************************************************************************************************************
System parameters and configurations
********************************************************************************************************************
Special program options are enabled: splitted diagonal Hamiltonian
********************************************************************************************************************
Read input file "model_params.in"
	Hubbard-Holstein model parameters : 	t = 1    U = 6    g = 1    W = 1    
********************************************************************************************************************
Read input file "hilbertspace_params.in"
	Requested 16-site 2D lattice, with 14 electrons (7, 7)
	Boundary : Periodic		Hilbert space representation : momentum-space (restricted to kIdx = 0)
	Conservation: particle number[U(1)]      spin[U(1)]     momentum
********************************************************************************************************************

Cluster Positions:				Cluster symmetry group : D4
 x ... x ... x ... x .....                       x ... x ... x ... x .....
 |           |           :                       |           |           :
 |           |           :                       |           |           :
12    13    14    15     x                       1     5     6     5     x
 |           |           :                       |           |           :
 |           |           :                       |           |           :
 8 --- 9 ---10 ---11 --- x                       2 --- 6 ---10 --- 6 --- x
 |           |           :                       |           |           :
 |           |           :                       |           |           :
 4     5     6     7     x                       1     5     6     5     x
 |           |           :                       |           |           :
 |           |           :                       |           |           :
 0 --- 1 --- 2 --- 3 --- x                       0 --- 1 --- 2 --- 1 --- x
orbital number : 1
********************************************************************************************************************
Read input file "obs_params.in"
	Observable Type : Nq[All],   Sq[All],   N[All]
********************************************************************************************************************
** WARNING ** the input observables have non-local factors which have been reinterpreted. The total observable number is 48
********************************************************************************************************************


********************************************************************************************************************
Start calculating the non-Gaussian ED ground state
** WARNING ** Detected low phonon energy W < 10. The initial state will be prepared through a warm-up process.
********************************************************************************************************************
Start warm-up calculation for scaling factor 16
open output files: NGSEDWarmUpW16Obs.txt
********************************************************************************************************************
Start the 0 rounds of NGS-ED iteration
	effective electronic model is modified as: kinetic energy t = 1
	                                           effective interaction Vq = [0,0,0,0,0,0,0,0,0,0,0,0,0,0,0,0]
	first Hamiltonian is constructed, non-zero numbers = 2178478298
	PARPACK diagonalization completed after 165 matrix-vector product operations.
	iteration results: : total energy is -13.421234 | electron energy -13.421234 + phonon energy 0.000000 | electron momentum kIdx = 0
	Nq(0) = 12.25,	Nq(1) = 0.176319,	Nq(2) = 0.221467,	Nq(3) = 0.176319,	Nq(4) = 0.176319,	Nq(5) = 0.247959,	Nq(6) = 0.289011,	Nq(7) = 0.247959,	Nq(8) = 0.221467,	Nq(9) = 0.289011,	Nq(10) = 0.337607,	Nq(11) = 0.289011,	Nq(12) = 0.176319,	Nq(13) = 0.247959,	Nq(14) = 0.289011,	Nq(15) = 0.247959,	Sq(0) = 1.10868e-18,	Sq(1) = 0.474134,	Sq(2) = 0.727895,	Sq(3) = 0.474134,	Sq(4) = 0.474134,	Sq(5) = 0.61204,	Sq(6) = 0.963872,	Sq(7) = 0.61204,	Sq(8) = 0.727895,	Sq(9) = 0.963872,	Sq(10) = 2.46032,	Sq(11) = 0.963872,	Sq(12) = 0.474134,	Sq(13) = 0.61204,	Sq(14) = 0.963872,	Sq(15) = 0.61204,	N(0) = 1.83844,	N(1) = 1.71191,	N(2) = 0.218446,	N(3) = 1.71191,	N(4) = 1.71191,	N(5) = 0.998994,	N(6) = 0.193434,	N(7) = 0.998994,	N(8) = 0.218446,	N(9) = 0.193434,	N(10) = 0.107309,	N(11) = 0.193434,	N(12) = 1.71191,	N(13) = 0.998994,	N(14) = 0.193434,	N(15) = 0.998994
The 0-th iteration is completed.	|| time cost : 0h 2m 14.504s
********************************************************************************************************************
Start the 1 rounds of NGS-ED iteration
	effective electronic model is modified as: kinetic energy t = 0.973101
	                                           effective interaction Vq = [-0.959238,-0.915123,-0.886442,-0.915123,-0.915123,-0.894829,-0.874775,-0.894829,-0.886442,-0.874775,-0.862006,-0.874775,-0.915123,-0.894829,-0.874775,-0.894829]
	PARPACK diagonalization completed after 60 matrix-vector product operations.
	iteration results: : total energy is -28.173594 | electron energy -28.174252 + phonon energy 0.000659 | electron momentum kIdx = 0
The 1-th iteration is completed.	|| time cost : 0h 2m 43.616s
********************************************************************************************************************
Start the 2 rounds of NGS-ED iteration
	effective electronic model is modified as: kinetic energy t = 0.96499
	                                           effective interaction Vq = [-0.998338,-0.967927,-0.940457,-0.967927,-0.967927,-0.950598,-0.930848,-0.950598,-0.940457,-0.930848,-0.916605,-0.930848,-0.967927,-0.950598,-0.930848,-0.950598]
	PARPACK diagonalization completed after 45 matrix-vector product operations.
	iteration results: : total energy is -28.722661 | electron energy -28.724832 + phonon energy 0.002171 | electron momentum kIdx = 0
The 2-th iteration is completed.	|| time cost : 0h 0m 21.544s
********************************************************************************************************************
Start the 3 rounds of NGS-ED iteration
	effective electronic model is modified as: kinetic energy t = 0.963781
	                                           effective interaction Vq = [-0.999932,-0.973893,-0.946469,-0.973893,-0.973893,-0.956949,-0.937107,-0.956949,-0.946469,-0.937107,-0.922497,-0.937107,-0.973893,-0.956949,-0.937107,-0.956949]
	PARPACK diagonalization completed after 30 matrix-vector product operations.
	iteration results: : total energy is -28.743615 | electron energy -28.746171 + phonon energy 0.002556 | electron momentum kIdx = 0
The 3-th iteration is completed.	|| time cost : 0h 0m 18.401s
********************************************************************************************************************
Start the 4 rounds of NGS-ED iteration
	effective electronic model is modified as: kinetic energy t = 0.963612
	                                           effective interaction Vq = [-0.999997,-0.974759,-0.947256,-0.974759,-0.974759, -0.95782,-0.937912, -0.95782,-0.947256,-0.937912,-0.923214,-0.937912,-0.974759, -0.95782,-0.937912, -0.95782]
	PARPACK diagonalization completed after 30 matrix-vector product operations.
	iteration results: : total energy is -28.744440 | electron energy -28.747056 + phonon energy 0.002616 | electron momentum kIdx = 0
The 4-th iteration is completed.	|| time cost : 0h 0m 17.824s
********************************************************************************************************************
Start the 5 rounds of NGS-ED iteration
	effective electronic model is modified as: kinetic energy t = 0.963589
	                                           effective interaction Vq = [       -1,-0.974892,-0.947361,-0.974892,-0.974892,-0.957943,-0.938017,-0.957943,-0.947361,-0.938017,-0.923303,-0.938017,-0.974892,-0.957943,-0.938017,-0.957943]
	PARPACK diagonalization completed after 30 matrix-vector product operations.
	iteration results: : total energy is -28.744473 | electron energy -28.747098 + phonon energy 0.002624 | electron momentum kIdx = 0
	Nq(0) = 12.25,	Nq(1) = 0.210277,	Nq(2) = 0.265234,	Nq(3) = 0.210277,	Nq(4) = 0.210277,	Nq(5) = 0.306028,	Nq(6) = 0.356453,	Nq(7) = 0.306028,	Nq(8) = 0.265234,	Nq(9) = 0.356453,	Nq(10) = 0.410515,	Nq(11) = 0.356453,	Nq(12) = 0.210277,	Nq(13) = 0.306028,	Nq(14) = 0.356453,	Nq(15) = 0.306028,	Sq(0) = 3.11773e-18,	Sq(1) = 0.464054,	Sq(2) = 0.687024,	Sq(3) = 0.464054,	Sq(4) = 0.464054,	Sq(5) = 0.593927,	Sq(6) = 0.871539,	Sq(7) = 0.593927,	Sq(8) = 0.687024,	Sq(9) = 0.871539,	Sq(10) = 2.22586,	Sq(11) = 0.871539,	Sq(12) = 0.464054,	Sq(13) = 0.593927,	Sq(14) = 0.871539,	Sq(15) = 0.593927,	N(0) = 1.90877,	N(1) = 1.82979,	N(2) = 0.126349,	N(3) = 1.82979,	N(4) = 1.82979,	N(5) = 0.997877,	N(6) = 0.117245,	N(7) = 0.997877,	N(8) = 0.126349,	N(9) = 0.117245,	N(10) = 0.058904,	N(11) = 0.117245,	N(12) = 1.82979,	N(13) = 0.997877,	N(14) = 0.117245,	N(15) = 0.997877
The 5-th iteration is completed.	|| time cost : 0h 0m 48.438s
********************************************************************************************************************
********************************************************************************************************************
Ground state is obtained after 6 iterations. The current ground-state energy is -28.7445, in which electron energy is -28.7471 and phonon energy is 0.00262447
final variational state is: 
	Gamma_x = [      1,1.00351,1.00588,1.00351,1.00351,1.00625,1.00836,1.00625,1.00588,1.00836,1.01033,1.00836,1.00351,1.00625,1.00836,1.00625]
	lambda_q = [0.249983,0.210402, 0.19265,0.210402,0.210402,0.198741,0.187766,0.198741, 0.19265,0.187766,0.180769,0.187766,0.210402,0.198741,0.187766,0.198741]
********************************************************************************************************************
o___o  ----------------------------------------
| L |	Time since last clock: 0h 0m 0s
A===A	Time since the beginning: 0h 6m 44.33s
***********************************************

********************************************************************************************************************
Start warm-up calculation for scaling factor 8
open output files: NGSEDWarmUpW8Obs.txt
********************************************************************************************************************
Start the 0 rounds of NGS-ED iteration
	effective electronic model is modified as: kinetic energy t = 0.963586
	                                           effective interaction Vq = [-0.914186,-0.836062,-0.792881,-0.836062,-0.836062,-0.808266,-0.780117,-0.808266,-0.792881,-0.780117,-0.761166,-0.780117,-0.836062,-0.808266,-0.780117,-0.808266]
	PARPACK diagonalization completed after 45 matrix-vector product operations.
	iteration results: : total energy is -27.033465 | electron energy -27.034778 + phonon energy 0.001313 | electron momentum kIdx = 0
	Nq(0) = 12.25,	Nq(1) = 0.203329,	Nq(2) = 0.256554,	Nq(3) = 0.203329,	Nq(4) = 0.203329,	Nq(5) = 0.294216,	Nq(6) = 0.342288,	Nq(7) = 0.294216,	Nq(8) = 0.256554,	Nq(9) = 0.342288,	Nq(10) = 0.395385,	Nq(11) = 0.342288,	Nq(12) = 0.203329,	Nq(13) = 0.294216,	Nq(14) = 0.342288,	Nq(15) = 0.294216,	Sq(0) = -6.1559e-18,	Sq(1) = 0.466688,	Sq(2) = 0.694959,	Sq(3) = 0.466688,	Sq(4) = 0.466688,	Sq(5) = 0.597622,	Sq(6) = 0.889116,	Sq(7) = 0.597622,	Sq(8) = 0.694959,	Sq(9) = 0.889116,	Sq(10) = 2.27855,	Sq(11) = 0.889116,	Sq(12) = 0.466688,	Sq(13) = 0.597622,	Sq(14) = 0.889116,	Sq(15) = 0.597622,	N(0) = 1.89664,	N(1) = 1.80872,	N(2) = 0.142215,	N(3) = 1.80872,	N(4) = 1.80872,	N(5) = 0.997969,	N(6) = 0.131228,	N(7) = 0.997969,	N(8) = 0.142215,	N(9) = 0.131228,	N(10) = 0.0672444,	N(11) = 0.131228,	N(12) = 1.80872,	N(13) = 0.997969,	N(14) = 0.131228,	N(15) = 0.997969
The 0-th iteration is completed.	|| time cost : 0h 0m 45.61s
********************************************************************************************************************
Start the 1 rounds of NGS-ED iteration
	effective electronic model is modified as: kinetic energy t = 0.955719
	                                           effective interaction Vq = [-0.982674,-0.898965,-0.842581,-0.898965,-0.898965,-0.862562,-0.824534,-0.862562,-0.842581,-0.824534,-0.799126,-0.824534,-0.898965,-0.862562,-0.824534,-0.862562]
	PARPACK diagonalization completed after 45 matrix-vector product operations.
	iteration results: : total energy is -27.922384 | electron energy -27.927601 + phonon energy 0.005217 | electron momentum kIdx = 0
The 1-th iteration is completed.	|| time cost : 0h 0m 18.076s
********************************************************************************************************************
Start the 2 rounds of NGS-ED iteration
	effective electronic model is modified as: kinetic energy t = 0.953087
	                                           effective interaction Vq = [-0.996502,-0.917318,-0.856494,-0.917318,-0.917318, -0.87822,-0.837018, -0.87822,-0.856494,-0.837018,-0.809578,-0.837018,-0.917318, -0.87822,-0.837018, -0.87822]
	PARPACK diagonalization completed after 45 matrix-vector product operations.
	iteration results: : total energy is -28.097138 | electron energy -28.104474 + phonon energy 0.007337 | electron momentum kIdx = 0
The 2-th iteration is completed.	|| time cost : 0h 0m 18.005s
********************************************************************************************************************
Start the 3 rounds of NGS-ED iteration
	effective electronic model is modified as: kinetic energy t = 0.952234
	                                           effective interaction Vq = [-0.999294,-0.923268,-0.860659,-0.923268,-0.923268,-0.883091,-0.840729,-0.883091,-0.860659,-0.840729,-0.812597,-0.840729,-0.923268,-0.883091,-0.840729,-0.883091]
	PARPACK diagonalization completed after 30 matrix-vector product operations.
	iteration results: : total energy is -28.131919 | electron energy -28.140080 + phonon energy 0.008162 | electron momentum kIdx = 0
The 3-th iteration is completed.	|| time cost : 0h 0m 15.215s
********************************************************************************************************************
Start the 4 rounds of NGS-ED iteration
	effective electronic model is modified as: kinetic energy t = 0.951959
	                                           effective interaction Vq = [-0.999857,-0.925283,-0.861938,-0.925283,-0.925283,-0.884648,-0.841855,-0.884648,-0.861938,-0.841855,-0.813486,-0.841855,-0.925283,-0.884648,-0.841855,-0.884648]
	PARPACK diagonalization completed after 30 matrix-vector product operations.
	iteration results: : total energy is -28.138887 | electron energy -28.147336 + phonon energy 0.008449 | electron momentum kIdx = 0
The 4-th iteration is completed.	|| time cost : 0h 0m 15.237s
********************************************************************************************************************
Start the 5 rounds of NGS-ED iteration
	effective electronic model is modified as: kinetic energy t = 0.95187
	                                           effective interaction Vq = [-0.999971,-0.925977,-0.862334,-0.925977,-0.925977,-0.885152,  -0.8422,-0.885152,-0.862334,  -0.8422, -0.81375,  -0.8422,-0.925977,-0.885152,  -0.8422,-0.885152]
	PARPACK diagonalization completed after 30 matrix-vector product operations.
	iteration results: : total energy is -28.140288 | electron energy -28.148832 + phonon energy 0.008544 | electron momentum kIdx = 0
The 5-th iteration is completed.	|| time cost : 0h 0m 15.275s
********************************************************************************************************************
Start the 6 rounds of NGS-ED iteration
	effective electronic model is modified as: kinetic energy t = 0.951841
	                                           effective interaction Vq = [-0.999994,-0.926217,-0.862458,-0.926217,-0.926217,-0.885315,-0.842306,-0.885315,-0.862458,-0.842306,-0.813829,-0.842306,-0.926217,-0.885315,-0.842306,-0.885315]
	PARPACK diagonalization completed after 30 matrix-vector product operations.
	iteration results: : total energy is -28.140570 | electron energy -28.149146 + phonon energy 0.008575 | electron momentum kIdx = 0
The 6-th iteration is completed.	|| time cost : 0h 0m 15.233s
********************************************************************************************************************
Start the 7 rounds of NGS-ED iteration
	effective electronic model is modified as: kinetic energy t = 0.951831
	                                           effective interaction Vq = [-0.999999,  -0.9263,-0.862497,  -0.9263,  -0.9263,-0.885368,-0.842339,-0.885368,-0.862497,-0.842339,-0.813853,-0.842339,  -0.9263,-0.885368,-0.842339,-0.885368]
	PARPACK diagonalization completed after 30 matrix-vector product operations.
	iteration results: : total energy is -28.140627 | electron energy -28.149213 + phonon energy 0.008585 | electron momentum kIdx = 0
	Nq(0) = 12.25,	Nq(1) = 0.205966,	Nq(2) = 0.259098,	Nq(3) = 0.205966,	Nq(4) = 0.205966,	Nq(5) = 0.297866,	Nq(6) = 0.345863,	Nq(7) = 0.297866,	Nq(8) = 0.259098,	Nq(9) = 0.345863,	Nq(10) = 0.398692,	Nq(11) = 0.345863,	Nq(12) = 0.205966,	Nq(13) = 0.297866,	Nq(14) = 0.345863,	Nq(15) = 0.297866,	Sq(0) = -2.88557e-18,	Sq(1) = 0.465736,	Sq(2) = 0.692769,	Sq(3) = 0.465736,	Sq(4) = 0.465736,	Sq(5) = 0.596599,	Sq(6) = 0.884024,	Sq(7) = 0.596599,	Sq(8) = 0.692769,	Sq(9) = 0.884024,	Sq(10) = 2.26336,	Sq(11) = 0.884024,	Sq(12) = 0.465736,	Sq(13) = 0.596599,	Sq(14) = 0.884024,	Sq(15) = 0.596599,	N(0) = 1.90014,	N(1) = 1.81519,	N(2) = 0.137155,	N(3) = 1.81519,	N(4) = 1.81519,	N(5) = 0.997867,	N(6) = 0.127096,	N(7) = 0.997867,	N(8) = 0.137155,	N(9) = 0.127096,	N(10) = 0.0649387,	N(11) = 0.127096,	N(12) = 1.81519,	N(13) = 0.997867,	N(14) = 0.127096,	N(15) = 0.997867
The 7-th iteration is completed.	|| time cost : 0h 0m 40.016s
********************************************************************************************************************
********************************************************************************************************************
Ground state is obtained after 8 iterations. The current ground-state energy is -28.1406, in which electron energy is -28.1492 and phonon energy is 0.00858532
final variational state is: 
	Gamma_x = [      1,1.01023,1.01523,1.01023,1.01023,1.01681,1.02091,1.01681,1.01523,1.02091,1.02475,1.02091,1.01023,1.01681,1.02091,1.01681]
	lambda_q = [0.353381, 0.25759,0.222456, 0.25759, 0.25759,0.233859,0.213174,0.233859,0.222456,0.213174,0.201016,0.213174, 0.25759,0.233859,0.213174,0.233859]
********************************************************************************************************************
o___o  ----------------------------------------
| L |	Time since last clock: 0h 0m 0s
A===A	Time since the beginning: 0h 9m 47.001s
***********************************************

********************************************************************************************************************
Start warm-up calculation for scaling factor 4
open output files: NGSEDWarmUpW4Obs.txt
********************************************************************************************************************
Start the 0 rounds of NGS-ED iteration
	effective electronic model is modified as: kinetic energy t = 0.951828
	                                           effective interaction Vq = [-0.914012,-0.764951,-0.691878,-0.764951,-0.764951,-0.716675,-0.670923,-0.716675,-0.691878,-0.670923,-0.642435,-0.670923,-0.764951,-0.716675,-0.670923,-0.716675]
	PARPACK diagonalization completed after 45 matrix-vector product operations.
	iteration results: : total energy is -26.378800 | electron energy -26.383095 + phonon energy 0.004294 | electron momentum kIdx = 0
	Nq(0) = 12.25,	Nq(1) = 0.198364,	Nq(2) = 0.24956,	Nq(3) = 0.198364,	Nq(4) = 0.198364,	Nq(5) = 0.284973,	Nq(6) = 0.330822,	Nq(7) = 0.284973,	Nq(8) = 0.24956,	Nq(9) = 0.330822,	Nq(10) = 0.382698,	Nq(11) = 0.330822,	Nq(12) = 0.198364,	Nq(13) = 0.284973,	Nq(14) = 0.330822,	Nq(15) = 0.284973,	Sq(0) = 7.63524e-18,	Sq(1) = 0.468341,	Sq(2) = 0.701452,	Sq(3) = 0.468341,	Sq(4) = 0.468341,	Sq(5) = 0.600515,	Sq(6) = 0.90357,	Sq(7) = 0.600515,	Sq(8) = 0.701452,	Sq(9) = 0.90357,	Sq(10) = 2.31894,	Sq(11) = 0.90357,	Sq(12) = 0.468341,	Sq(13) = 0.600515,	Sq(14) = 0.90357,	Sq(15) = 0.600515,	N(0) = 1.8862,	N(1) = 1.7912,	N(2) = 0.155462,	N(3) = 1.7912,	N(4) = 1.7912,	N(5) = 0.998012,	N(6) = 0.142876,	N(7) = 0.998012,	N(8) = 0.155462,	N(9) = 0.142876,	N(10) = 0.0745373,	N(11) = 0.142876,	N(12) = 1.7912,	N(13) = 0.998012,	N(14) = 0.142876,	N(15) = 0.998012
The 0-th iteration is completed.	|| time cost : 0h 0m 51.311s
********************************************************************************************************************
Start the 1 rounds of NGS-ED iteration
	effective electronic model is modified as: kinetic energy t = 0.950613
	                                           effective interaction Vq = [-0.961363,-0.791158,-0.699204,-0.791158,-0.791158,-0.729795,-0.671731,-0.729795,-0.699204,-0.671731,-0.636407,-0.671731,-0.791158,-0.729795,-0.671731,-0.729795]
	PARPACK diagonalization completed after 45 matrix-vector product operations.
	iteration results: : total energy is -26.966375 | electron energy -26.976533 + phonon energy 0.010158 | electron momentum kIdx = 0
The 1-th iteration is completed.	|| time cost : 0h 0m 20.368s
********************************************************************************************************************
Start the 2 rounds of NGS-ED iteration
	effective electronic model is modified as: kinetic energy t = 0.949796
	                                           effective interaction Vq = [-0.982639,-0.804395,-0.703318,-0.804395,-0.804395,-0.736665,-0.673377,-0.736665,-0.703318,-0.673377,-0.635676,-0.673377,-0.804395,-0.736665,-0.673377,-0.736665]
	PARPACK diagonalization completed after 45 matrix-vector product operations.
	iteration results: : total energy is -27.228958 | electron energy -27.242807 + phonon energy 0.013849 | electron momentum kIdx = 0
The 2-th iteration is completed.	|| time cost : 0h 0m 18.09s
********************************************************************************************************************
Start the 3 rounds of NGS-ED iteration
	effective electronic model is modified as: kinetic energy t = 0.949307
	                                           effective interaction Vq = [-0.992199,-0.811239,-0.705564,-0.811239,-0.811239, -0.74027,-0.674656, -0.74027,-0.705564,-0.674656,-0.636075,-0.674656,-0.811239, -0.74027,-0.674656, -0.74027]
	PARPACK diagonalization completed after 30 matrix-vector product operations.
	iteration results: : total energy is -27.346596 | electron energy -27.362475 + phonon energy 0.015880 | electron momentum kIdx = 0
The 3-th iteration is completed.	|| time cost : 0h 0m 15.258s
********************************************************************************************************************
Start the 4 rounds of NGS-ED iteration
	effective electronic model is modified as: kinetic energy t = 0.949031
	                                           effective interaction Vq = [-0.996495,-0.814826,-0.706769,-0.814826,-0.814826,-0.742164,-0.675466,-0.742164,-0.706769,-0.675466,-0.636532,-0.675466,-0.814826,-0.742164,-0.675466,-0.742164]
	PARPACK diagonalization completed after 30 matrix-vector product operations.
	iteration results: : total energy is -27.399362 | electron energy -27.416317 + phonon energy 0.016954 | electron momentum kIdx = 0
The 4-th iteration is completed.	|| time cost : 0h 0m 15.206s
********************************************************************************************************************
Start the 5 rounds of NGS-ED iteration
	effective electronic model is modified as: kinetic energy t = 0.948878
	                                           effective interaction Vq = [-0.998425,-0.816723,-0.707407,-0.816723,-0.816723,-0.743159,-0.675936,-0.743159,-0.707407,-0.675936,-0.636848,-0.675936,-0.816723,-0.743159,-0.675936,-0.743159]
	PARPACK diagonalization completed after 30 matrix-vector product operations.
	iteration results: : total energy is -27.423047 | electron energy -27.440563 + phonon energy 0.017516 | electron momentum kIdx = 0
The 5-th iteration is completed.	|| time cost : 0h 0m 15.231s
********************************************************************************************************************
Start the 6 rounds of NGS-ED iteration
	effective electronic model is modified as: kinetic energy t = 0.948796
	                                           effective interaction Vq = [-0.999292,-0.817732,-0.707742,-0.817732,-0.817732,-0.743681,-0.676197,-0.743681,-0.707742,-0.676197,-0.637037,-0.676197,-0.817732,-0.743681,-0.676197,-0.743681]
	PARPACK diagonalization completed after 30 matrix-vector product operations.
	iteration results: : total energy is -27.433682 | electron energy -27.451491 + phonon energy 0.017809 | electron momentum kIdx = 0
The 6-th iteration is completed.	|| time cost : 0h 0m 15.241s
********************************************************************************************************************
Start the 7 rounds of NGS-ED iteration
	effective electronic model is modified as: kinetic energy t = 0.948752
	                                           effective interaction Vq = [-0.999682,-0.818269,-0.707917,-0.818269,-0.818269,-0.743955,-0.676338,-0.743955,-0.707917,-0.676338,-0.637143,-0.676338,-0.818269,-0.743955,-0.676338,-0.743955]
	PARPACK diagonalization completed after 30 matrix-vector product operations.
	iteration results: : total energy is -27.438459 | electron energy -27.456420 + phonon energy 0.017961 | electron momentum kIdx = 0
The 7-th iteration is completed.	|| time cost : 0h 0m 15.244s
********************************************************************************************************************
Start the 8 rounds of NGS-ED iteration
	effective electronic model is modified as: kinetic energy t = 0.948728
	                                           effective interaction Vq = [-0.999857,-0.818556,-0.708008,-0.818556,-0.818556,-0.744098,-0.676413,-0.744098,-0.708008,-0.676413,  -0.6372,-0.676413,-0.818556,-0.744098,-0.676413,-0.744098]
	PARPACK diagonalization completed after 30 matrix-vector product operations.
	iteration results: : total energy is -27.440605 | electron energy -27.458646 + phonon energy 0.018041 | electron momentum kIdx = 0
The 8-th iteration is completed.	|| time cost : 0h 0m 15.258s
********************************************************************************************************************
Start the 9 rounds of NGS-ED iteration
	effective electronic model is modified as: kinetic energy t = 0.948716
	                                           effective interaction Vq = [-0.999936, -0.81871,-0.708055, -0.81871, -0.81871,-0.744173,-0.676453,-0.744173,-0.708055,-0.676453, -0.63723,-0.676453, -0.81871,-0.744173,-0.676453,-0.744173]
	PARPACK diagonalization completed after 30 matrix-vector product operations.
	iteration results: : total energy is -27.441569 | electron energy -27.459651 + phonon energy 0.018082 | electron momentum kIdx = 0
The 9-th iteration is completed.	|| time cost : 0h 0m 15.264s
********************************************************************************************************************
Start the 10 rounds of NGS-ED iteration
	effective electronic model is modified as: kinetic energy t = 0.948709
	                                           effective interaction Vq = [-0.999971,-0.818793,-0.708079,-0.818793,-0.818793,-0.744213,-0.676474,-0.744213,-0.708079,-0.676474,-0.637246,-0.676474,-0.818793,-0.744213,-0.676474,-0.744213]
	PARPACK diagonalization completed after 30 matrix-vector product operations.
	iteration results: : total energy is -27.442002 | electron energy -27.460106 + phonon energy 0.018104 | electron momentum kIdx = 0
	Nq(0) = 12.25,	Nq(1) = 0.199793,	Nq(2) = 0.250237,	Nq(3) = 0.199793,	Nq(4) = 0.199793,	Nq(5) = 0.286095,	Nq(6) = 0.331266,	Nq(7) = 0.286095,	Nq(8) = 0.250237,	Nq(9) = 0.331266,	Nq(10) = 0.382714,	Nq(11) = 0.331266,	Nq(12) = 0.199793,	Nq(13) = 0.286095,	Nq(14) = 0.331266,	Nq(15) = 0.286095,	Sq(0) = 6.29664e-18,	Sq(1) = 0.46783,	Sq(2) = 0.700967,	Sq(3) = 0.46783,	Sq(4) = 0.46783,	Sq(5) = 0.600248,	Sq(6) = 0.902288,	Sq(7) = 0.600248,	Sq(8) = 0.700967,	Sq(9) = 0.902288,	Sq(10) = 2.3148,	Sq(11) = 0.902288,	Sq(12) = 0.46783,	Sq(13) = 0.600248,	Sq(14) = 0.902288,	Sq(15) = 0.600248,	N(0) = 1.88706,	N(1) = 1.79331,	N(2) = 0.153677,	N(3) = 1.79331,	N(4) = 1.79331,	N(5) = 0.997868,	N(6) = 0.141692,	N(7) = 0.997868,	N(8) = 0.153677,	N(9) = 0.141692,	N(10) = 0.0740866,	N(11) = 0.141692,	N(12) = 1.79331,	N(13) = 0.997868,	N(14) = 0.141692,	N(15) = 0.997868
The 10-th iteration is completed.	|| time cost : 0h 0m 40.009s
********************************************************************************************************************
Start the 11 rounds of NGS-ED iteration
	effective electronic model is modified as: kinetic energy t = 0.948706
	                                           effective interaction Vq = [-0.999987,-0.818837,-0.708092,-0.818837,-0.818837,-0.744233,-0.676484,-0.744233,-0.708092,-0.676484,-0.637254,-0.676484,-0.818837,-0.744233,-0.676484,-0.744233]
	PARPACK diagonalization completed after 30 matrix-vector product operations.
	iteration results: : total energy is -27.442197 | electron energy -27.460312 + phonon energy 0.018115 | electron momentum kIdx = 0
	Nq(0) = 12.25,	Nq(1) = 0.199795,	Nq(2) = 0.250238,	Nq(3) = 0.199795,	Nq(4) = 0.199795,	Nq(5) = 0.286095,	Nq(6) = 0.331267,	Nq(7) = 0.286095,	Nq(8) = 0.250238,	Nq(9) = 0.331267,	Nq(10) = 0.382715,	Nq(11) = 0.331267,	Nq(12) = 0.199795,	Nq(13) = 0.286095,	Nq(14) = 0.331267,	Nq(15) = 0.286095,	Sq(0) = 3.63701e-20,	Sq(1) = 0.46783,	Sq(2) = 0.700967,	Sq(3) = 0.46783,	Sq(4) = 0.46783,	Sq(5) = 0.600248,	Sq(6) = 0.902287,	Sq(7) = 0.600248,	Sq(8) = 0.700967,	Sq(9) = 0.902287,	Sq(10) = 2.31479,	Sq(11) = 0.902287,	Sq(12) = 0.46783,	Sq(13) = 0.600248,	Sq(14) = 0.902287,	Sq(15) = 0.600248,	N(0) = 1.88706,	N(1) = 1.79332,	N(2) = 0.153675,	N(3) = 1.79332,	N(4) = 1.79332,	N(5) = 0.997868,	N(6) = 0.141691,	N(7) = 0.997868,	N(8) = 0.153675,	N(9) = 0.141691,	N(10) = 0.0740862,	N(11) = 0.141691,	N(12) = 1.79332,	N(13) = 0.997868,	N(14) = 0.141691,	N(15) = 0.997868
The 11-th iteration is completed.	|| time cost : 0h 0m 40.026s
********************************************************************************************************************
********************************************************************************************************************
Ground state is obtained after 12 iterations. The current ground-state energy is -27.4422, in which electron energy is -27.4603 and phonon energy is 0.0181153
final variational state is: 
	Gamma_x = [      1,1.02471,1.03156,1.02471,1.02471,1.03639,1.04145,1.03639,1.03156,1.04145,1.04688,1.04145,1.02471,1.03639,1.04145,1.03639]
	lambda_q = [0.498793,0.287197, 0.22986,0.287197,0.287197,0.247138, 0.21561,0.247138, 0.22986, 0.21561, 0.19886, 0.21561,0.287197,0.247138, 0.21561,0.247138]
********************************************************************************************************************
o___o  ----------------------------------------
| L |	Time since last clock: 0h 0m 0s
A===A	Time since the beginning: 0h 14m 23.513s
***********************************************

********************************************************************************************************************
Start warm-up calculation for scaling factor 2
open output files: NGSEDWarmUpW2Obs.txt
********************************************************************************************************************
Start the 0 rounds of NGS-ED iteration
	effective electronic model is modified as: kinetic energy t = 0.948704
	                                           effective interaction Vq = [-0.913211,-0.647352,-0.544472,-0.647352,-0.647352,-0.576858,-0.516863,-0.576858,-0.544472,-0.516863, -0.48337,-0.516863,-0.647352,-0.576858,-0.516863,-0.576858]
	PARPACK diagonalization completed after 45 matrix-vector product operations.
	iteration results: : total energy is -25.720846 | electron energy -25.729906 + phonon energy 0.009061 | electron momentum kIdx = 0
	Nq(0) = 12.25,	Nq(1) = 0.192567,	Nq(2) = 0.2413,	Nq(3) = 0.192567,	Nq(4) = 0.192567,	Nq(5) = 0.274111,	Nq(6) = 0.317754,	Nq(7) = 0.274111,	Nq(8) = 0.2413,	Nq(9) = 0.317754,	Nq(10) = 0.368381,	Nq(11) = 0.317754,	Nq(12) = 0.192567,	Nq(13) = 0.274111,	Nq(14) = 0.317754,	Nq(15) = 0.274111,	Sq(0) = -1.80434e-18,	Sq(1) = 0.469991,	Sq(2) = 0.709119,	Sq(3) = 0.469991,	Sq(4) = 0.469991,	Sq(5) = 0.603818,	Sq(6) = 0.920955,	Sq(7) = 0.603818,	Sq(8) = 0.709119,	Sq(9) = 0.920955,	Sq(10) = 2.364,	Sq(11) = 0.920955,	Sq(12) = 0.469991,	Sq(13) = 0.603818,	Sq(14) = 0.920955,	Sq(15) = 0.603818,	N(0) = 1.87319,	N(1) = 1.76965,	N(2) = 0.172065,	N(3) = 1.76965,	N(4) = 1.76965,	N(5) = 0.998088,	N(6) = 0.157025,	N(7) = 0.998088,	N(8) = 0.172065,	N(9) = 0.157025,	N(10) = 0.0836267,	N(11) = 0.157025,	N(12) = 1.76965,	N(13) = 0.998088,	N(14) = 0.157025,	N(15) = 0.998088
The 0-th iteration is completed.	|| time cost : 0h 0m 44.073s
********************************************************************************************************************
Start the 1 rounds of NGS-ED iteration
	effective electronic model is modified as: kinetic energy t = 0.953247
	                                           effective interaction Vq = [-0.941824,-0.644041,-0.524156,-0.644041,-0.644041,-0.560953,-0.491417,-0.560953,-0.524156,-0.491417,-0.453515,-0.491417,-0.644041,-0.560953,-0.491417,-0.560953]
	PARPACK diagonalization completed after 45 matrix-vector product operations.
	iteration results: : total energy is -26.083589 | electron energy -26.098444 + phonon energy 0.014855 | electron momentum kIdx = 0
The 1-th iteration is completed.	|| time cost : 0h 0m 20.607s
********************************************************************************************************************
Start the 2 rounds of NGS-ED iteration
	effective electronic model is modified as: kinetic energy t = 0.955267
	                                           effective interaction Vq = [-0.961003,-0.642521,-0.514226,-0.642521,-0.642521,-0.552955,-0.479791,-0.552955,-0.514226,-0.479791,-0.440959,-0.479791,-0.642521,-0.552955,-0.479791,-0.552955]
	PARPACK diagonalization completed after 45 matrix-vector product operations.
	iteration results: : total energy is -26.321343 | electron energy -26.339825 + phonon energy 0.018482 | electron momentum kIdx = 0
The 2-th iteration is completed.	|| time cost : 0h 0m 18.042s
********************************************************************************************************************
Start the 3 rounds of NGS-ED iteration
	effective electronic model is modified as: kinetic energy t = 0.956178
	                                           effective interaction Vq = [ -0.97386,-0.641962, -0.50949,-0.641962,-0.641962,-0.549061,-0.474611,-0.549061, -0.50949,-0.474611,-0.435816,-0.474611,-0.641962,-0.549061,-0.474611,-0.549061]
	PARPACK diagonalization completed after 30 matrix-vector product operations.
	iteration results: : total energy is -26.479518 | electron energy -26.500165 + phonon energy 0.020647 | electron momentum kIdx = 0
The 3-th iteration is completed.	|| time cost : 0h 0m 15.226s
********************************************************************************************************************
Start the 4 rounds of NGS-ED iteration
	effective electronic model is modified as: kinetic energy t = 0.956588
	                                           effective interaction Vq = [-0.982478,-0.641881,-0.507283,-0.641881,-0.641881,-0.547235,-0.472357,-0.547235,-0.507283,-0.472357,-0.433759,-0.472357,-0.641881,-0.547235,-0.472357,-0.547235]
	PARPACK diagonalization completed after 30 matrix-vector product operations.
	iteration results: : total energy is -26.585269 | electron energy -26.607213 + phonon energy 0.021944 | electron momentum kIdx = 0
The 4-th iteration is completed.	|| time cost : 0h 0m 15.302s
********************************************************************************************************************
Start the 5 rounds of NGS-ED iteration
	effective electronic model is modified as: kinetic energy t = 0.956768
	                                           effective interaction Vq = [-0.988254, -0.64201,-0.506284, -0.64201, -0.64201,-0.546424,-0.471407,-0.546424,-0.506284,-0.471407,-0.432967,-0.471407, -0.64201,-0.546424,-0.471407,-0.546424]
	PARPACK diagonalization completed after 30 matrix-vector product operations.
	iteration results: : total energy is -26.656090 | electron energy -26.678825 + phonon energy 0.022735 | electron momentum kIdx = 0
The 5-th iteration is completed.	|| time cost : 0h 0m 15.228s
********************************************************************************************************************
Start the 6 rounds of NGS-ED iteration
	effective electronic model is modified as: kinetic energy t = 0.956843
	                                           effective interaction Vq = [-0.992127,-0.642211,-0.505854,-0.642211,-0.642211,-0.546098,-0.471028,-0.546098,-0.505854,-0.471028,-0.432683,-0.471028,-0.642211,-0.546098,-0.471028,-0.546098]
	PARPACK diagonalization completed after 30 matrix-vector product operations.
	iteration results: : total energy is -26.703544 | electron energy -26.726775 + phonon energy 0.023230 | electron momentum kIdx = 0
The 6-th iteration is completed.	|| time cost : 0h 0m 15.303s
********************************************************************************************************************
Start the 7 rounds of NGS-ED iteration
	effective electronic model is modified as: kinetic energy t = 0.956872
	                                           effective interaction Vq = [-0.994722,-0.642417,-0.505684,-0.642417,-0.642417,-0.545994,-0.470893,-0.545994,-0.505684,-0.470893,-0.432598,-0.470893,-0.642417,-0.545994,-0.470893,-0.545994]
	PARPACK diagonalization completed after 30 matrix-vector product operations.
	iteration results: : total energy is -26.735349 | electron energy -26.758897 + phonon energy 0.023548 | electron momentum kIdx = 0
The 7-th iteration is completed.	|| time cost : 0h 0m 15.231s
********************************************************************************************************************
Start the 8 rounds of NGS-ED iteration
	effective electronic model is modified as: kinetic energy t = 0.956879
	                                           effective interaction Vq = [-0.996462,  -0.6426,-0.505629,  -0.6426,  -0.6426,-0.545985,-0.470858,-0.545985,-0.505629,-0.470858,-0.432586,-0.470858,  -0.6426,-0.545985,-0.470858,-0.545985]
	PARPACK diagonalization completed after 30 matrix-vector product operations.
	iteration results: : total energy is -26.756666 | electron energy -26.780422 + phonon energy 0.023756 | electron momentum kIdx = 0
The 8-th iteration is completed.	|| time cost : 0h 0m 15.261s
********************************************************************************************************************
Start the 9 rounds of NGS-ED iteration
	effective electronic model is modified as: kinetic energy t = 0.956879
