SNEDics v3.4 Non-Gaussian ED ground state program		Start at Wed Oct  2 00:47:29 2019

parallized on 16 MPI threads  * 8 OpenMP threads = 128 total threads.
********************************************************************************************************************
********************************************************************************************************************

********************************************************************************************************************
System parameters and configurations
********************************************************************************************************************
Special program options are enabled: splitted diagonal Hamiltonian
********************************************************************************************************************
Read input file "model_params.in"
	Hubbard-Holstein model parameters : 	t = 1    U = 5.4    g = 3.7417    W = 5    
********************************************************************************************************************
Read input file "hilbertspace_params.in"
	Requested 16-site 2D lattice, with 16 electrons (8, 8)
	Boundary : Periodic		Hilbert space representation : momentum-space (restricted to kIdx = 10)
	Conservation: particle number[U(1)]      spin[U(1)]     momentum
********************************************************************************************************************

Cluster Positions:				Cluster symmetry group : D4
 x ... x ... x ... x .....                       x ... x ... x ... x .....
 |           |           :                       |           |           :
 |           |           :                       |           |           :
12    13    14    15     x                       1     5     6     5     x
 |           |           :                       |           |           :
 |           |           :                       |           |           :
 8 --- 9 ---10 ---11 --- x                       2 --- 6 ---10 --- 6 --- x
 |           |           :                       |           |           :
 |           |           :                       |           |           :
 4     5     6     7     x                       1     5     6     5     x
 |           |           :                       |           |           :
 |           |           :                       |           |           :
 0 --- 1 --- 2 --- 3 --- x                       0 --- 1 --- 2 --- 1 --- x
orbital number : 1
********************************************************************************************************************
Read input file "obs_params.in"
	Observable Type : Nq(All),   Sq(All),   N(All),   Delta[s](All),   Delta[d](All),   Delta[s+](All)
********************************************************************************************************************
** WARNING ** the input observables have non-local factors which have been reinterpreted. The total observable number is 96
********************************************************************************************************************


********************************************************************************************************************
Start calculating the non-Gaussian ED ground state
** WARNING ** Detected low phonon energy W < 10. The initial state will be prepared through a warm-up process.
********************************************************************************************************************
Start warm-up calculation for scaling factor 2
open output files: NGSEDWarmUpW10Obs.txt
********************************************************************************************************************
Start the 0 rounds of NGS-ED iteration
	effective electronic model is modified as: kinetic energy t = 1
	                                           effective interaction Vq = [-0,-0,-0,-0,-0,-0,-0,-0,-0,-0,-0,-0,-0,-0,-0,-0]
	first Hamiltonian is constructed, non-zero numbers = 2845334624
	PARPACK diagonalization completed after 90 matrix-vector product operations.
	iteration results: : total energy is -11.169283 | electron energy -11.169283 + phonon energy 0.000000 | electron momentum kIdx = 10
	Nq(0) = 16,	Nq(1) = 0.116709,	Nq(2) = 0.182547,	Nq(3) = 0.116709,	Nq(4) = 0.116709,	Nq(5) = 0.182547,	Nq(6) = 0.247764,	Nq(7) = 0.182547,	Nq(8) = 0.182547,	Nq(9) = 0.247764,	Nq(10) = 0.303591,	Nq(11) = 0.247764,	Nq(12) = 0.116709,	Nq(13) = 0.182547,	Nq(14) = 0.247764,	Nq(15) = 0.182547,	Sq(0) = 2.18086e-18,	Sq(1) = 0.279121,	Sq(2) = 0.406133,	Sq(3) = 0.279121,	Sq(4) = 0.279121,	Sq(5) = 0.406133,	Sq(6) = 0.600161,	Sq(7) = 0.406133,	Sq(8) = 0.406133,	Sq(9) = 0.600161,	Sq(10) = 7.18931,	Sq(11) = 0.600161,	Sq(12) = 0.279121,	Sq(13) = 0.406133,	Sq(14) = 0.600161,	Sq(15) = 0.406133,	N(0) = 1.88067,	N(1) = 1.73982,	N(2) = 1,	N(3) = 1.73982,	N(4) = 1.73982,	N(5) = 1,	N(6) = 0.260177,	N(7) = 1,	N(8) = 1,	N(9) = 0.260177,	N(10) = 0.119328,	N(11) = 0.260177,	N(12) = 1.73982,	N(13) = 1,	N(14) = 0.260177,	N(15) = 1,	Delta[s](0) = 0.137051,	Delta[s](1) = 0.115697,	Delta[s](2) = 0.0907931,	Delta[s](3) = 0.115697,	Delta[s](4) = 0.115697,	Delta[s](5) = 0.0907931,	Delta[s](6) = 0.065632,	Delta[s](7) = 0.0907931,	Delta[s](8) = 0.0907931,	Delta[s](9) = 0.065632,	Delta[s](10) = 0.021257,	Delta[s](11) = 0.065632,	Delta[s](12) = 0.115697,	Delta[s](13) = 0.0907931,	Delta[s](14) = 0.065632,	Delta[s](15) = 0.0907931,	Delta[d](0) = 0.533106,	Delta[d](1) = 0.420897,	Delta[d](2) = 0.351355,	Delta[d](3) = 0.420897,	Delta[d](4) = 0.420897,	Delta[d](5) = 0.388242,	Delta[d](6) = 0.321577,	Delta[d](7) = 0.388242,	Delta[d](8) = 0.351355,	Delta[d](9) = 0.321577,	Delta[d](10) = 0.260113,	Delta[d](11) = 0.321577,	Delta[d](12) = 0.420897,	Delta[d](13) = 0.388242,	Delta[d](14) = 0.321577,	Delta[d](15) = 0.388242,	Delta[s+](0) = 0.597309,	Delta[s+](1) = 0.493847,	Delta[s+](2) = 0.351355,	Delta[s+](3) = 0.493847,	Delta[s+](4) = 0.493847,	Delta[s+](5) = 0.351355,	Delta[s+](6) = 0.211802,	Delta[s+](7) = 0.351355,	Delta[s+](8) = 0.351355,	Delta[s+](9) = 0.211802,	Delta[s+](10) = 0.0968575,	Delta[s+](11) = 0.211802,	Delta[s+](12) = 0.493847,	Delta[s+](13) = 0.351355,	Delta[s+](14) = 0.211802,	Delta[s+](15) = 0.351355
The 0-th iteration is completed.	|| time cost : 0h 8m 33.726s
********************************************************************************************************************
Start the 1 rounds of NGS-ED iteration
	effective electronic model is modified as: kinetic energy t = 0.934729
	                                           effective interaction Vq = [-2.42112,-2.16055,-2.09166,-2.16055,-2.16055,-2.09166,-2.05994,-2.09166,-2.09166,-2.05994,-2.03107,-2.05994,-2.16055,-2.09166,-2.05994,-2.09166]
	PARPACK diagonalization completed after 45 matrix-vector product operations.
	iteration results: : total energy is -57.307537 | electron energy -57.311029 + phonon energy 0.003492 | electron momentum kIdx = 10
The 1-th iteration is completed.	|| time cost : 0h 7m 24.792s
********************************************************************************************************************
Start the 2 rounds of NGS-ED iteration
	effective electronic model is modified as: kinetic energy t = 0.884797
	                                           effective interaction Vq = [-2.74878,-2.59943,-2.49007,-2.59943,-2.59943,-2.49007,-2.48673,-2.49007,-2.49007,-2.48673,-2.43177,-2.48673,-2.59943,-2.49007,-2.48673,-2.49007]
	PARPACK diagonalization completed after 30 matrix-vector product operations.
	iteration results: : total energy is -63.894179 | electron energy -63.926173 + phonon energy 0.031994 | electron momentum kIdx = 10
The 2-th iteration is completed.	|| time cost : 0h 0m 27.337s
********************************************************************************************************************
Start the 3 rounds of NGS-ED iteration
	effective electronic model is modified as: kinetic energy t = 0.864856
	                                           effective interaction Vq = [-2.79312,-2.70236,-2.58596,-2.70236,-2.70236,-2.58596,-2.60143,-2.58596,-2.58596,-2.60143,-2.53349,-2.60143,-2.70236,-2.58596,-2.60143,-2.58596]
	PARPACK diagonalization completed after 30 matrix-vector product operations.
	iteration results: : total energy is -64.793053 | electron energy -64.851003 + phonon energy 0.057950 | electron momentum kIdx = 10
The 3-th iteration is completed.	|| time cost : 0h 0m 27.634s
********************************************************************************************************************
Start the 4 rounds of NGS-ED iteration
	effective electronic model is modified as: kinetic energy t = 0.857664
	                                           effective interaction Vq = [-2.79912,-2.73111,-2.61338,-2.73111,-2.73111,-2.61338,-2.63729,-2.61338,-2.61338,-2.63729,-2.56343,-2.63729,-2.73111,-2.61338,-2.63729,-2.61338]
	PARPACK diagonalization completed after 30 matrix-vector product operations.
	iteration results: : total energy is -64.913683 | electron energy -64.984008 + phonon energy 0.070326 | electron momentum kIdx = 10
The 4-th iteration is completed.	|| time cost : 0h 0m 27.317s
********************************************************************************************************************
Start the 5 rounds of NGS-ED iteration
	effective electronic model is modified as: kinetic energy t = 0.855145
	                                           effective interaction Vq = [-2.79994,-2.74024,-2.62189,-2.74024,-2.74024,-2.62189,-2.64943,-2.62189,-2.62189,-2.64943,-2.57287,-2.64943,-2.74024,-2.62189,-2.64943,-2.62189]
	PARPACK diagonalization completed after 30 matrix-vector product operations.
	iteration results: : total energy is -64.929764 | electron energy -65.004899 + phonon energy 0.075135 | electron momentum kIdx = 10
The 5-th iteration is completed.	|| time cost : 0h 0m 27.403s
********************************************************************************************************************
Start the 6 rounds of NGS-ED iteration
	effective electronic model is modified as: kinetic energy t = 0.85427
	                                           effective interaction Vq = [-2.80005,-2.74334,-2.62462,-2.74334,-2.74334,-2.62462,-2.65369,-2.62462,-2.62462,-2.65369,-2.57593,-2.65369,-2.74334,-2.62462,-2.65369,-2.62462]
	PARPACK diagonalization completed after 30 matrix-vector product operations.
	iteration results: : total energy is -64.931906 | electron energy -65.008780 + phonon energy 0.076874 | electron momentum kIdx = 10
The 6-th iteration is completed.	|| time cost : 0h 0m 27.629s
********************************************************************************************************************
Start the 7 rounds of NGS-ED iteration
	effective electronic model is modified as: kinetic energy t = 0.853966
	                                           effective interaction Vq = [-2.80006,-2.74442, -2.6255,-2.74442,-2.74442, -2.6255, -2.6552, -2.6255, -2.6255, -2.6552,-2.57693, -2.6552,-2.74442, -2.6255, -2.6552, -2.6255]
	PARPACK diagonalization completed after 30 matrix-vector product operations.
	iteration results: : total energy is -64.932191 | electron energy -65.009679 + phonon energy 0.077488 | electron momentum kIdx = 10
The 7-th iteration is completed.	|| time cost : 0h 0m 27.67s
********************************************************************************************************************
Start the 8 rounds of NGS-ED iteration
	effective electronic model is modified as: kinetic energy t = 0.853861
	                                           effective interaction Vq = [-2.80006, -2.7448,-2.62579, -2.7448, -2.7448,-2.62579,-2.65573,-2.62579,-2.62579,-2.65573,-2.57727,-2.65573, -2.7448,-2.62579,-2.65573,-2.62579]
	PARPACK diagonalization completed after 30 matrix-vector product operations.
	iteration results: : total energy is -64.932229 | electron energy -65.009932 + phonon energy 0.077702 | electron momentum kIdx = 10
	Nq(0) = 16,	Nq(1) = 0.382494,	Nq(2) = 0.37074,	Nq(3) = 0.382494,	Nq(4) = 0.382494,	Nq(5) = 0.37074,	Nq(6) = 0.616305,	Nq(7) = 0.37074,	Nq(8) = 0.37074,	Nq(9) = 0.616305,	Nq(10) = 0.608664,	Nq(11) = 0.616305,	Nq(12) = 0.382494,	Nq(13) = 0.37074,	Nq(14) = 0.616305,	Nq(15) = 0.37074,	Sq(0) = -7.49331e-18,	Sq(1) = 0.375202,	Sq(2) = 0.410514,	Sq(3) = 0.375202,	Sq(4) = 0.375202,	Sq(5) = 0.410514,	Sq(6) = 0.628988,	Sq(7) = 0.410514,	Sq(8) = 0.410514,	Sq(9) = 0.628988,	Sq(10) = 2.69186,	Sq(11) = 0.628988,	Sq(12) = 0.375202,	Sq(13) = 0.410514,	Sq(14) = 0.628988,	Sq(15) = 0.410514,	N(0) = 1.99988,	N(1) = 1.99981,	N(2) = 1,	N(3) = 1.99981,	N(4) = 1.99981,	N(5) = 1,	N(6) = 0.000187827,	N(7) = 1,	N(8) = 1,	N(9) = 0.000187827,	N(10) = 0.000119685,	N(11) = 0.000187827,	N(12) = 1.99981,	N(13) = 1,	N(14) = 0.000187827,	N(15) = 1,	Delta[s](0) = 0.265607,	Delta[s](1) = 0.263566,	Delta[s](2) = 0.200008,	Delta[s](3) = 0.263566,	Delta[s](4) = 0.263566,	Delta[s](5) = 0.200008,	Delta[s](6) = 0.197973,	Delta[s](7) = 0.200008,	Delta[s](8) = 0.200008,	Delta[s](9) = 0.197973,	Delta[s](10) = 0.102336,	Delta[s](11) = 0.197973,	Delta[s](12) = 0.263566,	Delta[s](13) = 0.200008,	Delta[s](14) = 0.197973,	Delta[s](15) = 0.200008,	Delta[d](0) = 0.494825,	Delta[d](1) = 0.304708,	Delta[d](2) = 0.273302,	Delta[d](3) = 0.304708,	Delta[d](4) = 0.304708,	Delta[d](5) = 0.363757,	Delta[d](6) = 0.251229,	Delta[d](7) = 0.363757,	Delta[d](8) = 0.273302,	Delta[d](9) = 0.251229,	Delta[d](10) = 0.23369,	Delta[d](11) = 0.251229,	Delta[d](12) = 0.304708,	Delta[d](13) = 0.363757,	Delta[d](14) = 0.251229,	Delta[d](15) = 0.363757,	Delta[s+](0) = 0.500525,	Delta[s+](1) = 0.412139,	Delta[s+](2) = 0.273302,	Delta[s+](3) = 0.412139,	Delta[s+](4) = 0.412139,	Delta[s+](5) = 0.273302,	Delta[s+](6) = 0.131509,	Delta[s+](7) = 0.273302,	Delta[s+](8) = 0.273302,	Delta[s+](9) = 0.131509,	Delta[s+](10) = 0.0357179,	Delta[s+](11) = 0.131509,	Delta[s+](12) = 0.412139,	Delta[s+](13) = 0.273302,	Delta[s+](14) = 0.131509,	Delta[s+](15) = 0.273302
The 8-th iteration is completed.	|| time cost : 0h 4m 31.448s
********************************************************************************************************************
********************************************************************************************************************
Ground state is obtained after 9 iterations. The current ground-state energy is -64.9322, in which electron energy is -65.0099 and phonon energy is 0.0777023
final variational state is: 
	Gamma_x = [      1,1.02615,1.03961,1.02615,1.02615,1.03961,1.06234,1.03961,1.03961,1.06234,1.07138,1.06234,1.02615,1.03961,1.06234,1.03961]
	lambda_q = [0.529091,0.454903,0.397181,0.454903,0.454903,0.397181,0.409099,0.397181,0.397181,0.409099,0.379929,0.409099,0.454903,0.397181,0.409099,0.397181]
********************************************************************************************************************
o___o  ----------------------------------------
| L |	Time since last clock: 0h 0m 0s
A===A	Time since the beginning: 0h 23m 14.962s
***********************************************


********************************************************************************************************************
Warm up runs have been completed. Start calculating W = 5 phonon.
open output files: NGSEDIterationObs.txt
********************************************************************************************************************
Start the 0 rounds of NGS-ED iteration
	effective electronic model is modified as: kinetic energy t = 0.853824
	                                           effective interaction Vq = [-2.55971,-2.36954, -2.1835,-2.36954,-2.36954, -2.1835,-2.22464, -2.1835, -2.1835,-2.22464,-2.12143,-2.22464,-2.36954, -2.1835,-2.22464, -2.1835]
	PARPACK diagonalization completed after 30 matrix-vector product operations.
	iteration results: : total energy is -58.404428 | electron energy -58.443317 + phonon energy 0.038889 | electron momentum kIdx = 10
	Nq(0) = 16,	Nq(1) = 0.317133,	Nq(2) = 0.34275,	Nq(3) = 0.317133,	Nq(4) = 0.317133,	Nq(5) = 0.34275,	Nq(6) = 0.525773,	Nq(7) = 0.34275,	Nq(8) = 0.34275,	Nq(9) = 0.525773,	Nq(10) = 0.557986,	Nq(11) = 0.525773,	Nq(12) = 0.317133,	Nq(13) = 0.34275,	Nq(14) = 0.525773,	Nq(15) = 0.34275,	Sq(0) = 4.11029e-18,	Sq(1) = 0.375172,	Sq(2) = 0.424022,	Sq(3) = 0.375172,	Sq(4) = 0.375172,	Sq(5) = 0.424022,	Sq(6) = 0.656833,	Sq(7) = 0.424022,	Sq(8) = 0.424022,	Sq(9) = 0.656833,	Sq(10) = 3.34173,	Sq(11) = 0.656833,	Sq(12) = 0.375172,	Sq(13) = 0.424022,	Sq(14) = 0.656833,	Sq(15) = 0.424022,	N(0) = 1.99395,	N(1) = 1.98839,	N(2) = 1,	N(3) = 1.98839,	N(4) = 1.98839,	N(5) = 1,	N(6) = 0.0116076,	N(7) = 1,	N(8) = 1,	N(9) = 0.0116076,	N(10) = 0.00605494,	N(11) = 0.0116076,	N(12) = 1.98839,	N(13) = 1,	N(14) = 0.0116076,	N(15) = 1,	Delta[s](0) = 0.23624,	Delta[s](1) = 0.224678,	Delta[s](2) = 0.180527,	Delta[s](3) = 0.224678,	Delta[s](4) = 0.224678,	Delta[s](5) = 0.180527,	Delta[s](6) = 0.169629,	Delta[s](7) = 0.180527,	Delta[s](8) = 0.180527,	Delta[s](9) = 0.169629,	Delta[s](10) = 0.0964232,	Delta[s](11) = 0.169629,	Delta[s](12) = 0.224678,	Delta[s](13) = 0.180527,	Delta[s](14) = 0.169629,	Delta[s](15) = 0.180527,	Delta[d](0) = 0.509238,	Delta[d](1) = 0.336581,	Delta[d](2) = 0.299213,	Delta[d](3) = 0.336581,	Delta[d](4) = 0.336581,	Delta[d](5) = 0.377675,	Delta[d](6) = 0.279544,	Delta[d](7) = 0.377675,	Delta[d](8) = 0.299213,	Delta[d](9) = 0.279544,	Delta[d](10) = 0.247872,	Delta[d](11) = 0.279544,	Delta[d](12) = 0.336581,	Delta[d](13) = 0.377675,	Delta[d](14) = 0.279544,	Delta[d](15) = 0.377675,	Delta[s+](0) = 0.545049,	Delta[s+](1) = 0.448108,	Delta[s+](2) = 0.299213,	Delta[s+](3) = 0.448108,	Delta[s+](4) = 0.448108,	Delta[s+](5) = 0.299213,	Delta[s+](6) = 0.150358,	Delta[s+](7) = 0.299213,	Delta[s+](8) = 0.299213,	Delta[s+](9) = 0.150358,	Delta[s+](10) = 0.0442203,	Delta[s+](11) = 0.150358,	Delta[s+](12) = 0.448108,	Delta[s+](13) = 0.299213,	Delta[s+](14) = 0.150358,	Delta[s+](15) = 0.299213
The 0-th iteration is completed.	|| time cost : 0h 4m 30.247s
********************************************************************************************************************
Start the 1 rounds of NGS-ED iteration
	effective electronic model is modified as: kinetic energy t = 0.839729
	                                           effective interaction Vq = [-2.71164,-2.49004,-2.27321,-2.49004,-2.49004,-2.27321,-2.30718,-2.27321,-2.27321,-2.30718,-2.19446,-2.30718,-2.49004,-2.27321,-2.30718,-2.27321]
	PARPACK diagonalization completed after 30 matrix-vector product operations.
	iteration results: : total energy is -60.989145 | electron energy -61.098960 + phonon energy 0.109815 | electron momentum kIdx = 10
The 1-th iteration is completed.	|| time cost : 0h 0m 27.695s
********************************************************************************************************************
Start the 2 rounds of NGS-ED iteration
	effective electronic model is modified as: kinetic energy t = 0.830041
	                                           effective interaction Vq = [-2.76754,-2.55466,-2.32315,-2.55466,-2.55466,-2.32315,-2.35996,-2.32315,-2.32315,-2.35996,-2.24138,-2.35996,-2.55466,-2.32315,-2.35996,-2.32315]
	PARPACK diagonalization completed after 30 matrix-vector product operations.
	iteration results: : total energy is -61.939016 | electron energy -62.096867 + phonon energy 0.157851 | electron momentum kIdx = 10
The 2-th iteration is completed.	|| time cost : 0h 0m 27.359s
********************************************************************************************************************
Start the 3 rounds of NGS-ED iteration
	effective electronic model is modified as: kinetic energy t = 0.823859
	                                           effective interaction Vq = [ -2.7881,-2.59054,-2.35107,-2.59054,-2.59054,-2.35107, -2.3924,-2.35107,-2.35107, -2.3924,-2.26947, -2.3924,-2.59054,-2.35107, -2.3924,-2.35107]
	PARPACK diagonalization completed after 30 matrix-vector product operations.
	iteration results: : total energy is -62.288301 | electron energy -62.475310 + phonon energy 0.187009 | electron momentum kIdx = 10
The 3-th iteration is completed.	|| time cost : 0h 0m 27.323s
********************************************************************************************************************
Start the 4 rounds of NGS-ED iteration
	effective electronic model is modified as: kinetic energy t = 0.820046
	                                           effective interaction Vq = [-2.79566,-2.61099,-2.36679,-2.61099,-2.61099,-2.36679,-2.41215,-2.36679,-2.36679,-2.41215,-2.28593,-2.41215,-2.61099,-2.36679,-2.41215,-2.36679]
	PARPACK diagonalization completed after 30 matrix-vector product operations.
	iteration results: : total energy is -62.416719 | electron energy -62.621173 + phonon energy 0.204454 | electron momentum kIdx = 10
The 4-th iteration is completed.	|| time cost : 0h 0m 27.4s
********************************************************************************************************************
Start the 5 rounds of NGS-ED iteration
	effective electronic model is modified as: kinetic energy t = 0.817732
	                                           effective interaction Vq = [-2.79844,-2.62287,-2.37571,-2.62287,-2.62287,-2.37571,-2.42416,-2.37571,-2.37571,-2.42416,-2.29552,-2.42416,-2.62287,-2.37571,-2.42416,-2.37571]
	PARPACK diagonalization completed after 30 matrix-vector product operations.
	iteration results: : total energy is -62.463924 | electron energy -62.678816 + phonon energy 0.214892 | electron momentum kIdx = 10
The 5-th iteration is completed.	|| time cost : 0h 0m 27.649s
********************************************************************************************************************
Start the 6 rounds of NGS-ED iteration
	effective electronic model is modified as: kinetic energy t = 0.816339
	                                           effective interaction Vq = [-2.79947,-2.62985,-2.38078,-2.62985,-2.62985,-2.38078,-2.43147,-2.38078,-2.38078,-2.43147, -2.3011,-2.43147,-2.62985,-2.38078,-2.43147,-2.38078]
	PARPACK diagonalization completed after 30 matrix-vector product operations.
	iteration results: : total energy is -62.481274 | electron energy -62.702421 + phonon energy 0.221146 | electron momentum kIdx = 10
The 6-th iteration is completed.	|| time cost : 0h 0m 27.69s
********************************************************************************************************************
Start the 7 rounds of NGS-ED iteration
	effective electronic model is modified as: kinetic energy t = 0.815503
	                                           effective interaction Vq = [-2.79984,-2.63398,-2.38369,-2.63398,-2.63398,-2.38369,-2.43592,-2.38369,-2.38369,-2.43592,-2.30436,-2.43592,-2.63398,-2.38369,-2.43592,-2.38369]
	PARPACK diagonalization completed after 30 matrix-vector product operations.
	iteration results: : total energy is -62.487651 | electron energy -62.712547 + phonon energy 0.224896 | electron momentum kIdx = 10
The 7-th iteration is completed.	|| time cost : 0h 0m 27.394s
********************************************************************************************************************
Start the 8 rounds of NGS-ED iteration
	effective electronic model is modified as: kinetic energy t = 0.815002
	                                           effective interaction Vq = [-2.79998,-2.63644,-2.38535,-2.63644,-2.63644,-2.38535,-2.43863,-2.38535,-2.38535,-2.43863,-2.30626,-2.43863,-2.63644,-2.38535,-2.43863,-2.38535]
	PARPACK diagonalization completed after 30 matrix-vector product operations.
	iteration results: : total energy is -62.489995 | electron energy -62.717139 + phonon energy 0.227144 | electron momentum kIdx = 10
The 8-th iteration is completed.	|| time cost : 0h 0m 27.355s
********************************************************************************************************************
Start the 9 rounds of NGS-ED iteration
	effective electronic model is modified as: kinetic energy t = 0.814703
	                                           effective interaction Vq = [-2.80003,-2.63792,-2.38631,-2.63792,-2.63792,-2.38631,-2.44029,-2.38631,-2.38631,-2.44029,-2.30737,-2.44029,-2.63792,-2.38631,-2.44029,-2.38631]
	PARPACK diagonalization completed after 30 matrix-vector product operations.
	iteration results: : total energy is -62.490857 | electron energy -62.719350 + phonon energy 0.228493 | electron momentum kIdx = 10
The 9-th iteration is completed.	|| time cost : 0h 0m 27.377s
********************************************************************************************************************
Start the 10 rounds of NGS-ED iteration
	effective electronic model is modified as: kinetic energy t = 0.814524
	                                           effective interaction Vq = [-2.80005, -2.6388,-2.38686, -2.6388, -2.6388,-2.38686, -2.4413,-2.38686,-2.38686, -2.4413,-2.30802, -2.4413, -2.6388,-2.38686, -2.4413,-2.38686]
	PARPACK diagonalization completed after 30 matrix-vector product operations.
	iteration results: : total energy is -62.491173 | electron energy -62.720476 + phonon energy 0.229302 | electron momentum kIdx = 10
	Nq(0) = 16,	Nq(1) = 0.360081,	Nq(2) = 0.355886,	Nq(3) = 0.360081,	Nq(4) = 0.360081,	Nq(5) = 0.355886,	Nq(6) = 0.568088,	Nq(7) = 0.355886,	Nq(8) = 0.355886,	Nq(9) = 0.568088,	Nq(10) = 0.577761,	Nq(11) = 0.568088,	Nq(12) = 0.360081,	Nq(13) = 0.355886,	Nq(14) = 0.568088,	Nq(15) = 0.355886,	Sq(0) = 4.28932e-18,	Sq(1) = 0.376734,	Sq(2) = 0.418891,	Sq(3) = 0.376734,	Sq(4) = 0.376734,	Sq(5) = 0.418891,	Sq(6) = 0.646139,	Sq(7) = 0.418891,	Sq(8) = 0.418891,	Sq(9) = 0.646139,	Sq(10) = 2.96941,	Sq(11) = 0.646139,	Sq(12) = 0.376734,	Sq(13) = 0.418891,	Sq(14) = 0.646139,	Sq(15) = 0.418891,	N(0) = 1.99768,	N(1) = 1.99673,	N(2) = 1,	N(3) = 1.99673,	N(4) = 1.99673,	N(5) = 1,	N(6) = 0.00327403,	N(7) = 1,	N(8) = 1,	N(9) = 0.00327403,	N(10) = 0.0023226,	N(11) = 0.00327403,	N(12) = 1.99673,	N(13) = 1,	N(14) = 0.00327403,	N(15) = 1,	Delta[s](0) = 0.244598,	Delta[s](1) = 0.237482,	Delta[s](2) = 0.192913,	Delta[s](3) = 0.237482,	Delta[s](4) = 0.237482,	Delta[s](5) = 0.192913,	Delta[s](6) = 0.186179,	Delta[s](7) = 0.192913,	Delta[s](8) = 0.192913,	Delta[s](9) = 0.186179,	Delta[s](10) = 0.116157,	Delta[s](11) = 0.186179,	Delta[s](12) = 0.237482,	Delta[s](13) = 0.192913,	Delta[s](14) = 0.186179,	Delta[s](15) = 0.192913,	Delta[d](0) = 0.525831,	Delta[d](1) = 0.34608,	Delta[d](2) = 0.309751,	Delta[d](3) = 0.34608,	Delta[d](4) = 0.34608,	Delta[d](5) = 0.393627,	Delta[d](6) = 0.289224,	Delta[d](7) = 0.393627,	Delta[d](8) = 0.309751,	Delta[d](9) = 0.289224,	Delta[d](10) = 0.263319,	Delta[d](11) = 0.289224,	Delta[d](12) = 0.34608,	Delta[d](13) = 0.393627,	Delta[d](14) = 0.289224,	Delta[d](15) = 0.393627,	Delta[s+](0) = 0.555731,	Delta[s+](1) = 0.458366,	Delta[s+](2) = 0.309751,	Delta[s+](3) = 0.458366,	Delta[s+](4) = 0.458366,	Delta[s+](5) = 0.309751,	Delta[s+](6) = 0.158678,	Delta[s+](7) = 0.309751,	Delta[s+](8) = 0.309751,	Delta[s+](9) = 0.158678,	Delta[s+](10) = 0.0518637,	Delta[s+](11) = 0.158678,	Delta[s+](12) = 0.458366,	Delta[s+](13) = 0.309751,	Delta[s+](14) = 0.158678,	Delta[s+](15) = 0.309751
The 10-th iteration is completed.	|| time cost : 0h 4m 22.997s
********************************************************************************************************************
Start the 11 rounds of NGS-ED iteration
	effective electronic model is modified as: kinetic energy t = 0.814416
	                                           effective interaction Vq = [-2.80006,-2.63932,-2.38718,-2.63932,-2.63932,-2.38718,-2.44191,-2.38718,-2.38718,-2.44191, -2.3084,-2.44191,-2.63932,-2.38718,-2.44191,-2.38718]
	PARPACK diagonalization completed after 30 matrix-vector product operations.
	iteration results: : total energy is -62.491290 | electron energy -62.721078 + phonon energy 0.229788 | electron momentum kIdx = 10
The 11-th iteration is completed.	|| time cost : 0h 0m 27.655s
********************************************************************************************************************
Start the 12 rounds of NGS-ED iteration
	effective electronic model is modified as: kinetic energy t = 0.814352
	                                           effective interaction Vq = [-2.80006,-2.63964,-2.38737,-2.63964,-2.63964,-2.38737,-2.44229,-2.38737,-2.38737,-2.44229,-2.30862,-2.44229,-2.63964,-2.38737,-2.44229,-2.38737]
	PARPACK diagonalization completed after 30 matrix-vector product operations.
	iteration results: : total energy is -62.491332 | electron energy -62.721412 + phonon energy 0.230080 | electron momentum kIdx = 10
The 12-th iteration is completed.	|| time cost : 0h 0m 27.316s
********************************************************************************************************************
Start the 13 rounds of NGS-ED iteration
	effective electronic model is modified as: kinetic energy t = 0.814313
	                                           effective interaction Vq = [-2.80006,-2.63983,-2.38748,-2.63983,-2.63983,-2.38748,-2.44252,-2.38748,-2.38748,-2.44252,-2.30876,-2.44252,-2.63983,-2.38748,-2.44252,-2.38748]
	PARPACK diagonalization completed after 30 matrix-vector product operations.
	iteration results: : total energy is -62.491348 | electron energy -62.721603 + phonon energy 0.230255 | electron momentum kIdx = 10
The 13-th iteration is completed.	|| time cost : 0h 0m 27.305s
********************************************************************************************************************
Start the 14 rounds of NGS-ED iteration
	effective electronic model is modified as: kinetic energy t = 0.81429
	                                           effective interaction Vq = [-2.80006,-2.63994,-2.38754,-2.63994,-2.63994,-2.38754,-2.44266,-2.38754,-2.38754,-2.44266,-2.30883,-2.44266,-2.63994,-2.38754,-2.44266,-2.38754]
	PARPACK diagonalization completed after 30 matrix-vector product operations.
	iteration results: : total energy is -62.491354 | electron energy -62.721714 + phonon energy 0.230360 | electron momentum kIdx = 10
The 14-th iteration is completed.	|| time cost : 0h 0m 27.695s
********************************************************************************************************************
Start the 15 rounds of NGS-ED iteration
	effective electronic model is modified as: kinetic energy t = 0.814276
	                                           effective interaction Vq = [-2.80006,-2.64001,-2.38758,-2.64001,-2.64001,-2.38758,-2.44274,-2.38758,-2.38758,-2.44274,-2.30888,-2.44274,-2.64001,-2.38758,-2.44274,-2.38758]
	PARPACK diagonalization completed after 30 matrix-vector product operations.
	iteration results: : total energy is -62.491356 | electron energy -62.721780 + phonon energy 0.230424 | electron momentum kIdx = 10
The 15-th iteration is completed.	|| time cost : 0h 0m 27.45s
********************************************************************************************************************
Start the 16 rounds of NGS-ED iteration
	effective electronic model is modified as: kinetic energy t = 0.814268
	                                           effective interaction Vq = [-2.80006,-2.64005, -2.3876,-2.64005,-2.64005, -2.3876,-2.44279, -2.3876, -2.3876,-2.44279,-2.30891,-2.44279,-2.64005, -2.3876,-2.44279, -2.3876]
	PARPACK diagonalization completed after 30 matrix-vector product operations.
	iteration results: : total energy is -62.491357 | electron energy -62.721819 + phonon energy 0.230462 | electron momentum kIdx = 10
The 16-th iteration is completed.	|| time cost : 0h 0m 27.363s
********************************************************************************************************************
Start the 17 rounds of NGS-ED iteration
	effective electronic model is modified as: kinetic energy t = 0.814263
	                                           effective interaction Vq = [-2.80006,-2.64008,-2.38761,-2.64008,-2.64008,-2.38761,-2.44282,-2.38761,-2.38761,-2.44282,-2.30892,-2.44282,-2.64008,-2.38761,-2.44282,-2.38761]
	PARPACK diagonalization completed after 30 matrix-vector product operations.
	iteration results: : total energy is -62.491357 | electron energy -62.721842 + phonon energy 0.230485 | electron momentum kIdx = 10
The 17-th iteration is completed.	|| time cost : 0h 0m 27.458s
********************************************************************************************************************
Start the 18 rounds of NGS-ED iteration
	effective electronic model is modified as: kinetic energy t = 0.81426
	                                           effective interaction Vq = [-2.80006,-2.64009,-2.38762,-2.64009,-2.64009,-2.38762,-2.44284,-2.38762,-2.38762,-2.44284,-2.30893,-2.44284,-2.64009,-2.38762,-2.44284,-2.38762]
	PARPACK diagonalization completed after 30 matrix-vector product operations.
	iteration results: : total energy is -62.491357 | electron energy -62.721856 + phonon energy 0.230498 | electron momentum kIdx = 10
The 18-th iteration is completed.	|| time cost : 0h 0m 27.622s
********************************************************************************************************************
Start the 19 rounds of NGS-ED iteration
	effective electronic model is modified as: kinetic energy t = 0.814258
	                                           effective interaction Vq = [-2.80006, -2.6401,-2.38762, -2.6401, -2.6401,-2.38762,-2.44285,-2.38762,-2.38762,-2.44285,-2.30894,-2.44285, -2.6401,-2.38762,-2.44285,-2.38762]
	PARPACK diagonalization completed after 30 matrix-vector product operations.
	iteration results: : total energy is -62.491357 | electron energy -62.721864 + phonon energy 0.230507 | electron momentum kIdx = 10
The 19-th iteration is completed.	|| time cost : 0h 0m 27.671s
********************************************************************************************************************
Start the 20 rounds of NGS-ED iteration
	effective electronic model is modified as: kinetic energy t = 0.814257
	                                           effective interaction Vq = [-2.80006,-2.64011,-2.38762,-2.64011,-2.64011,-2.38762,-2.44286,-2.38762,-2.38762,-2.44286,-2.30894,-2.44286,-2.64011,-2.38762,-2.44286,-2.38762]
	PARPACK diagonalization completed after 30 matrix-vector product operations.
	iteration results: : total energy is -62.491357 | electron energy -62.721869 + phonon energy 0.230512 | electron momentum kIdx = 10
	Nq(0) = 16,	Nq(1) = 0.360331,	Nq(2) = 0.355924,	Nq(3) = 0.360331,	Nq(4) = 0.360331,	Nq(5) = 0.355924,	Nq(6) = 0.568423,	Nq(7) = 0.355924,	Nq(8) = 0.355924,	Nq(9) = 0.568423,	Nq(10) = 0.577852,	Nq(11) = 0.568423,	Nq(12) = 0.360331,	Nq(13) = 0.355924,	Nq(14) = 0.568423,	Nq(15) = 0.355924,	Sq(0) = 5.72482e-18,	Sq(1) = 0.37673,	Sq(2) = 0.418851,	Sq(3) = 0.37673,	Sq(4) = 0.37673,	Sq(5) = 0.418851,	Sq(6) = 0.646063,	Sq(7) = 0.418851,	Sq(8) = 0.418851,	Sq(9) = 0.646063,	Sq(10) = 2.96731,	Sq(11) = 0.646063,	Sq(12) = 0.37673,	Sq(13) = 0.418851,	Sq(14) = 0.646063,	Sq(15) = 0.418851,	N(0) = 1.99769,	N(1) = 1.99676,	N(2) = 1,	N(3) = 1.99676,	N(4) = 1.99676,	N(5) = 1,	N(6) = 0.00324199,	N(7) = 1,	N(8) = 1,	N(9) = 0.00324199,	N(10) = 0.00230798,	N(11) = 0.00324199,	N(12) = 1.99676,	N(13) = 1,	N(14) = 0.00324199,	N(15) = 1,	Delta[s](0) = 0.244644,	Delta[s](1) = 0.237557,	Delta[s](2) = 0.192989,	Delta[s](3) = 0.237557,	Delta[s](4) = 0.237557,	Delta[s](5) = 0.192989,	Delta[s](6) = 0.186279,	Delta[s](7) = 0.192989,	Delta[s](8) = 0.192989,	Delta[s](9) = 0.186279,	Delta[s](10) = 0.116282,	Delta[s](11) = 0.186279,	Delta[s](12) = 0.237557,	Delta[s](13) = 0.192989,	Delta[s](14) = 0.186279,	Delta[s](15) = 0.192989,	Delta[d](0) = 0.525937,	Delta[d](1) = 0.346159,	Delta[d](2) = 0.309835,	Delta[d](3) = 0.346159,	Delta[d](4) = 0.346159,	Delta[d](5) = 0.393735,	Delta[d](6) = 0.289299,	Delta[d](7) = 0.393735,	Delta[d](8) = 0.309835,	Delta[d](9) = 0.289299,	Delta[d](10) = 0.263428,	Delta[d](11) = 0.289299,	Delta[d](12) = 0.346159,	Delta[d](13) = 0.393735,	Delta[d](14) = 0.289299,	Delta[d](15) = 0.393735,	Delta[s+](0) = 0.555824,	Delta[s+](1) = 0.458449,	Delta[s+](2) = 0.309835,	Delta[s+](3) = 0.458449,	Delta[s+](4) = 0.458449,	Delta[s+](5) = 0.309835,	Delta[s+](6) = 0.158744,	Delta[s+](7) = 0.309835,	Delta[s+](8) = 0.309835,	Delta[s+](9) = 0.158744,	Delta[s+](10) = 0.051922,	Delta[s+](11) = 0.158744,	Delta[s+](12) = 0.458449,	Delta[s+](13) = 0.309835,	Delta[s+](14) = 0.158744,	Delta[s+](15) = 0.309835
The 20-th iteration is completed.	|| time cost : 0h 4m 21.602s
********************************************************************************************************************
Start the 21 rounds of NGS-ED iteration
	effective electronic model is modified as: kinetic energy t = 0.814256
	                                           effective interaction Vq = [-2.80006,-2.64011,-2.38763,-2.64011,-2.64011,-2.38763,-2.44286,-2.38763,-2.38763,-2.44286,-2.30894,-2.44286,-2.64011,-2.38763,-2.44286,-2.38763]
	PARPACK diagonalization completed after 30 matrix-vector product operations.
	iteration results: : total energy is -62.491357 | electron energy -62.721872 + phonon energy 0.230515 | electron momentum kIdx = 10
The 21-th iteration is completed.	|| time cost : 0h 0m 27.384s
********************************************************************************************************************
Start the 22 rounds of NGS-ED iteration
	effective electronic model is modified as: kinetic energy t = 0.814256
	                                           effective interaction Vq = [-2.80006,-2.64011,-2.38763,-2.64011,-2.64011,-2.38763,-2.44287,-2.38763,-2.38763,-2.44287,-2.30895,-2.44287,-2.64011,-2.38763,-2.44287,-2.38763]
	PARPACK diagonalization completed after 30 matrix-vector product operations.
	iteration results: : total energy is -62.491357 | electron energy -62.721874 + phonon energy 0.230517 | electron momentum kIdx = 10
The 22-th iteration is completed.	|| time cost : 0h 0m 27.645s
********************************************************************************************************************
Start the 23 rounds of NGS-ED iteration
	effective electronic model is modified as: kinetic energy t = 0.814256
	                                           effective interaction Vq = [-2.80006,-2.64011,-2.38763,-2.64011,-2.64011,-2.38763,-2.44287,-2.38763,-2.38763,-2.44287,-2.30895,-2.44287,-2.64011,-2.38763,-2.44287,-2.38763]
	PARPACK diagonalization completed after 30 matrix-vector product operations.
	iteration results: : total energy is -62.491357 | electron energy -62.721875 + phonon energy 0.230518 | electron momentum kIdx = 10
The 23-th iteration is completed.	|| time cost : 0h 0m 27.639s
********************************************************************************************************************
Start the 24 rounds of NGS-ED iteration
	effective electronic model is modified as: kinetic energy t = 0.814256
	                                           effective interaction Vq = [-2.80006,-2.64011,-2.38763,-2.64011,-2.64011,-2.38763,-2.44287,-2.38763,-2.38763,-2.44287,-2.30895,-2.44287,-2.64011,-2.38763,-2.44287,-2.38763]
	PARPACK diagonalization completed after 30 matrix-vector product operations.
	iteration results: : total energy is -62.491357 | electron energy -62.721876 + phonon energy 0.230518 | electron momentum kIdx = 10
The 24-th iteration is completed.	|| time cost : 0h 0m 27.675s
********************************************************************************************************************
Start the 25 rounds of NGS-ED iteration
	effective electronic model is modified as: kinetic energy t = 0.814255
	                                           effective interaction Vq = [-2.80006,-2.64011,-2.38763,-2.64011,-2.64011,-2.38763,-2.44287,-2.38763,-2.38763,-2.44287,-2.30895,-2.44287,-2.64011,-2.38763,-2.44287,-2.38763]
	PARPACK diagonalization completed after 30 matrix-vector product operations.
	iteration results: : total energy is -62.491357 | electron energy -62.721876 + phonon energy 0.230519 | electron momentum kIdx = 10
