SNEDics v3.2 diagonalization test program		Start at Fri May  3 19:31:28 2019

parallized on 80 MPI threads  * 6 OpenMP threads = 480 total threads.
************************************************************************************
************************************************************************************

Input file "model_params.in"
Hubbard-Holstein model parameters : 	t = 1    U = 1    g = 2.1213    W = 1    
************************************************************************************
Input file "hilbertspace_params.in"

Cluster Positions:				Cluster symmetry group : D4
 x ... x ... x ... x .....                       x ... x ... x ... x .....
 |           |           :                       |           |           :
 |           |           :                       |           |           :
12    13    14    15     x                       1     5     6     5     x
 |           |           :                       |           |           :
 |           |           :                       |           |           :
 8 --- 9 ---10 ---11 --- x                       2 --- 6 ---10 --- 6 --- x
 |           |           :                       |           |           :
 |           |           :                       |           |           :
 4     5     6     7     x                       1     5     6     5     x
 |           |           :                       |           |           :
 |           |           :                       |           |           :
 0 --- 1 --- 2 --- 3 --- x                       0 --- 1 --- 2 --- 1 --- x
orbital number : 1
************************************************************************************
** NOTE ** Detected low phonon energy W < 10. The initial state will be prepared through a warm-up process.
starting warm-up calculation for scaling factor 16
0 rounds of non-Gaussian ED iteration : ground-state energy is -20.7936 | electron energy -20.7936 + phonon energy 0 | electron momentum kIdx = 0
Nq = 	16	0.302822	0.345909	0.302822	0.302822	0.345909	0.526848	0.345909	0.345909	0.526848	0.574284	0.526848	0.302822	0.345909	0.526848	0.345909
Sq = 	-2.54719e-18	0.397734	0.575092	0.397734	0.397734	0.575092	0.677148	0.575092	0.575092	0.677148	2.2815	0.677148	0.397734	0.575092	0.677148	0.575092
1 rounds of non-Gaussian ED iteration : ground-state energy is -133.771 | electron energy -133.792 + phonon energy 0.020821 | electron momentum kIdx = 0
Nq = 	16	0.629969	0.813834	0.629969	0.629969	0.813834	1.19092	0.813834	0.813834	1.19092	2.19521	1.19092	0.629969	0.813834	1.19092	0.813834
Sq = 	2.37477e-18	0.0597206	0.105274	0.0597206	0.0597206	0.105274	0.145931	0.105274	0.105274	0.145931	0.183981	0.145931	0.0597206	0.105274	0.145931	0.105274
2 rounds of non-Gaussian ED iteration : ground-state energy is -140.873 | electron energy -140.903 + phonon energy 0.0304176 | electron momentum kIdx = 0
Nq = 	16	0.388182	0.61192	0.388182	0.388182	0.61192	0.930404	0.61192	0.61192	0.930404	5.82989	0.930404	0.388182	0.61192	0.930404	0.61192
Sq = 	-1.31081e-18	0.0427436	0.0783063	0.0427436	0.0427436	0.0783063	0.110573	0.0783063	0.0783063	0.110573	0.141141	0.110573	0.0427436	0.0783063	0.110573	0.0783063
3 rounds of non-Gaussian ED iteration : ground-state energy is -141.205 | electron energy -141.235 + phonon energy 0.0300512 | electron momentum kIdx = 0
Nq = 	16	0.316607	0.515957	0.316607	0.316607	0.515957	0.786679	0.515957	0.515957	0.786679	7.31991	0.786679	0.316607	0.515957	0.786679	0.515957
Sq = 	1.59508e-19	0.0406968	0.07487	0.0406968	0.0406968	0.07487	0.105951	0.07487	0.07487	0.105951	0.135393	0.105951	0.0406968	0.07487	0.105951	0.07487
4 rounds of non-Gaussian ED iteration : ground-state energy is -141.22 | electron energy -141.25 + phonon energy 0.0295343 | electron momentum kIdx = 0
Nq = 	16	0.295493	0.484754	0.295493	0.295493	0.484754	0.738312	0.484754	0.484754	0.738312	7.78816	0.738312	0.295493	0.484754	0.738312	0.484754
Sq = 	-4.53539e-19	0.0405862	0.0746723	0.0405862	0.0405862	0.0746723	0.105673	0.0746723	0.0746723	0.105673	0.135026	0.105673	0.0405862	0.0746723	0.105673	0.0746723
5 rounds of non-Gaussian ED iteration : ground-state energy is -141.222 | electron energy -141.251 + phonon energy 0.0292858 | electron momentum kIdx = 0
Nq = 	16	0.281656	0.463744	0.281656	0.281656	0.463744	0.705359	0.463744	0.463744	0.705359	8.1001	0.705359	0.281656	0.463744	0.705359	0.463744
Sq = 	3.87675e-19	0.0406435	0.0747585	0.0406435	0.0406435	0.0747585	0.105779	0.0747585	0.0747585	0.105779	0.135139	0.105779	0.0406435	0.0747585	0.105779	0.0747585
Ground state is obtained after 6 iterations. The current ground-state energy is -141.223, in which electron energy is -141.252 and phonon energy is 0.0290756
final variational state is: 
Gamma_x =       1 1.00968 1.01878 1.00968 1.00968 1.01878 1.02813 1.01878 1.01878 1.02813 1.04261 1.02813 1.00968 1.01878 1.02813 1.01878
lambda_q = 0.530289 0.496287 0.489825 0.496287 0.496287 0.489825 0.490682 0.489825 0.489825 0.490682 0.525312 0.490682 0.496287 0.489825 0.490682 0.489825
o___o  -------------------------------------
| L |	Time since last clock: 0h 33m 41.995s
A===A	Time since the beginning: 0h 33m 41.995s
********************************************

************************************************************************************
starting warm-up calculation for scaling factor 8
0 rounds of non-Gaussian ED iteration : ground-state energy is -128.711 | electron energy -128.726 + phonon energy 0.0145378 | electron momentum kIdx = 0
Nq = 	16	0.0968311	0.174461	0.0968311	0.0968311	0.174461	0.255861	0.174461	0.174461	0.255861	12.2422	0.255861	0.0968311	0.174461	0.255861	0.174461
Sq = 	-1.63985e-19	0.0459158	0.083305	0.0459158	0.0459158	0.083305	0.117059	0.083305	0.083305	0.117059	0.148586	0.117059	0.0459158	0.083305	0.117059	0.083305
1 rounds of non-Gaussian ED iteration : ground-state energy is -137.772 | electron energy -137.83 + phonon energy 0.057404 | electron momentum kIdx = 0
Nq = 	16	0.0426208	0.0820376	0.0426208	0.0426208	0.0820376	0.120856	0.0820376	0.0820376	0.120856	13.9067	0.120856	0.0426208	0.0820376	0.120856	0.0820376
Sq = 	4.1392e-19	0.0322403	0.0604087	0.0322403	0.0322403	0.0604087	0.0862868	0.0604087	0.0604087	0.0862868	0.110636	0.0862868	0.0322403	0.0604087	0.0862868	0.0604087
2 rounds of non-Gaussian ED iteration : ground-state energy is -139.777 | electron energy -139.83 + phonon energy 0.0526849 | electron momentum kIdx = 0
Nq = 	16	0.031909	0.0620612	0.031909	0.031909	0.0620611	0.0916097	0.0620611	0.0620611	0.0916097	14.2741	0.0916097	0.031909	0.0620611	0.0916097	0.0620611
Sq = 	-1.11612e-19	0.0288139	0.0546463	0.0288139	0.0288139	0.0546463	0.0786933	0.0546463	0.0546463	0.0786933	0.101523	0.0786933	0.0288139	0.0546463	0.0786933	0.0546463
3 rounds of non-Gaussian ED iteration : ground-state energy is -140.202 | electron energy -140.248 + phonon energy 0.0455072 | electron momentum kIdx = 0
Nq = 	16	0.0284998	0.0555187	0.0284998	0.0284998	0.0555187	0.081891	0.0555187	0.0555187	0.081891	14.4147	0.081891	0.0284998	0.0555187	0.081891	0.0555187
Sq = 	-2.88842e-19	0.0269467	0.0514436	0.0269467	0.0269467	0.0514436	0.0744358	0.0514436	0.0514436	0.0744358	0.0963964	0.0744358	0.0269467	0.0514436	0.0744358	0.0514436
4 rounds of non-Gaussian ED iteration : ground-state energy is -140.283 | electron energy -140.325 + phonon energy 0.0418538 | electron momentum kIdx = 0
Nq = 	16	0.0271877	0.0529838	0.0271877	0.0271877	0.0529838	0.0781177	0.0529838	0.0529838	0.0781177	14.4746	0.0781177	0.0271877	0.0529838	0.0781177	0.0529838
Sq = 	3.06003e-19	0.0260433	0.0498617	0.0260433	0.0260433	0.0498617	0.0722978	0.0498617	0.0498617	0.0722978	0.093784	0.0722978	0.0260433	0.0498617	0.0722978	0.0498617
5 rounds of non-Gaussian ED iteration : ground-state energy is -140.298 | electron energy -140.338 + phonon energy 0.0402685 | electron momentum kIdx = 0
Nq = 	16	0.0266777	0.0519973	0.0266777	0.0266777	0.0519973	0.07665	0.0519973	0.0519973	0.07665	14.4986	0.07665	0.0266777	0.0519973	0.07665	0.0519973
Sq = 	-3.65203e-19	0.0256659	0.049195	0.0256659	0.0256659	0.049195	0.0713903	0.049195	0.049195	0.0713903	0.0926682	0.0713903	0.0256659	0.049195	0.0713903	0.049195
6 rounds of non-Gaussian ED iteration : ground-state energy is -140.3 | electron energy -140.34 + phonon energy 0.0396158 | electron momentum kIdx = 0
Nq = 	16	0.0264807	0.051616	0.0264807	0.0264807	0.051616	0.0760828	0.051616	0.051616	0.0760828	14.5081	0.0760828	0.0264807	0.051616	0.0760828	0.051616
Sq = 	-1.81846e-19	0.0255163	0.0489298	0.0255163	0.0255163	0.0489298	0.0710284	0.0489298	0.0489298	0.0710284	0.092222	0.0710284	0.0255163	0.0489298	0.0710284	0.0489298
Ground state is obtained after 7 iterations. The current ground-state energy is -140.301, in which electron energy is -140.34 and phonon energy is 0.0393566
final variational state is: 
Gamma_x =       1 1.00747 1.01458 1.00747 1.00747 1.01458 1.02155 1.01458 1.01458 1.02155 1.13644 1.02155 1.00747 1.01458 1.02155 1.01458
lambda_q =  0.74918 0.335777 0.332312 0.335777 0.335777 0.332312 0.330355 0.332312 0.332312 0.330355 0.743623 0.330355 0.335777 0.332312 0.330355 0.332312
o___o  -------------------------------------
| L |	Time since last clock: 0h 37m 43.135s
A===A	Time since the beginning: 1h 11m 25.13s
********************************************

************************************************************************************
starting warm-up calculation for scaling factor 4
0 rounds of non-Gaussian ED iteration : ground-state energy is -127.765 | electron energy -127.785 + phonon energy 0.0196783 | electron momentum kIdx = 0
Nq = 	16	0.026921	0.0522802	0.026921	0.026921	0.0522802	0.0768237	0.0522802	0.0522802	0.0768237	14.472	0.0768237	0.026921	0.0522802	0.0768237	0.0522802
Sq = 	-3.79093e-19	0.0263684	0.050621	0.0263684	0.0263684	0.050621	0.0735993	0.050621	0.050621	0.0735993	0.0957276	0.0735993	0.0263684	0.050621	0.0735993	0.050621
1 rounds of non-Gaussian ED iteration : ground-state energy is -134.562 | electron energy -134.617 + phonon energy 0.0551856 | electron momentum kIdx = 0
Nq = 	16	0.0218098	0.0425854	0.0218098	0.0218098	0.0425854	0.0627341	0.0425854	0.0425854	0.0627341	14.7463	0.0627341	0.0218098	0.0425854	0.0627341	0.0425854
Sq = 	3.0001e-19	0.0215317	0.0417089	0.0215317	0.0215317	0.0417089	0.0609941	0.0417089	0.0417089	0.0609941	0.079654	0.0609941	0.0215317	0.0417089	0.0609941	0.0417089
2 rounds of non-Gaussian ED iteration : ground-state energy is -137.483 | electron energy -137.562 + phonon energy 0.0794154 | electron momentum kIdx = 0
Nq = 	16	0.0196927	0.0385301	0.0196927	0.0196927	0.0385301	0.0568185	0.0385301	0.0385301	0.0568185	14.862	0.0568185	0.0196927	0.0385301	0.0568185	0.0385301
Sq = 	3.26514e-19	0.0195079	0.03793	0.0195079	0.0195079	0.03793	0.0556113	0.03793	0.03793	0.0556113	0.0727613	0.0556113	0.0195079	0.03793	0.0556113	0.03793
3 rounds of non-Gaussian ED iteration : ground-state energy is -138.687 | electron energy -138.782 + phonon energy 0.094899 | electron momentum kIdx = 0
Nq = 	16	0.0187722	0.0367606	0.0187722	0.0187722	0.0367606	0.0542333	0.0367606	0.0367606	0.0542333	14.9127	0.0542333	0.0187722	0.0367606	0.0542333	0.0367606
Sq = 	6.27819e-20	0.0186224	0.0362672	0.0186224	0.0186224	0.0362672	0.0532344	0.0362672	0.0362672	0.0532344	0.0697107	0.0532344	0.0186224	0.0362672	0.0532344	0.0362672
4 rounds of non-Gaussian ED iteration : ground-state energy is -139.178 | electron energy -139.283 + phonon energy 0.104902 | electron momentum kIdx = 0
Nq = 	16	0.0183591	0.0359654	0.0183591	0.0183591	0.0359654	0.0530709	0.0359654	0.0359654	0.0530709	14.9355	0.0530709	0.0183591	0.0359654	0.0530709	0.0359654
Sq = 	-2.89208e-19	0.0182237	0.0355163	0.0182237	0.0182237	0.0355163	0.0521591	0.0355163	0.0355163	0.0521591	0.0683291	0.0521591	0.0182237	0.0355163	0.0521591	0.0355163
5 rounds of non-Gaussian ED iteration : ground-state energy is -139.379 | electron energy -139.491 + phonon energy 0.111325 | electron momentum kIdx = 0
Nq = 	16	0.0181677	0.0355968	0.0181677	0.0181677	0.0355968	0.052532	0.0355968	0.0355968	0.052532	14.9461	0.052532	0.0181677	0.0355968	0.052532	0.0355968
Sq = 	3.21869e-19	0.0180385	0.035167	0.0180385	0.0180385	0.035167	0.0516586	0.035167	0.035167	0.0516586	0.0676855	0.0516586	0.0180385	0.035167	0.0516586	0.035167
6 rounds of non-Gaussian ED iteration : ground-state energy is -139.463 | electron energy -139.578 + phonon energy 0.115366 | electron momentum kIdx = 0
Nq = 	16	0.0180758	0.0354198	0.0180758	0.0180758	0.0354198	0.0522732	0.0354198	0.0354198	0.0522732	14.9513	0.0522732	0.0180758	0.0354198	0.0522732	0.0354198
Sq = 	-1.77165e-19	0.0179493	0.0349988	0.0179493	0.0179493	0.0349988	0.0514173	0.0349988	0.0349988	0.0514173	0.0673751	0.0514173	0.0179493	0.0349988	0.0514173	0.0349988
7 rounds of non-Gaussian ED iteration : ground-state energy is -139.498 | electron energy -139.615 + phonon energy 0.117852 | electron momentum kIdx = 0
Nq = 	16	0.0180299	0.0353315	0.0180299	0.0180299	0.0353315	0.0521442	0.0353315	0.0353315	0.0521442	14.9538	0.0521442	0.0180299	0.0353315	0.0521442	0.0353315
Sq = 	-4.15819e-19	0.0179048	0.0349148	0.0179048	0.0179048	0.0349148	0.0512967	0.0349148	0.0349148	0.0512967	0.0672199	0.0512967	0.0179048	0.0349148	0.0512967	0.0349148
8 rounds of non-Gaussian ED iteration : ground-state energy is -139.512 | electron energy -139.632 + phonon energy 0.119352 | electron momentum kIdx = 0
Nq = 	16	0.0180063	0.0352861	0.0180063	0.0180063	0.0352861	0.0520778	0.0352861	0.0352861	0.0520778	14.9551	0.0520778	0.0180063	0.0352861	0.0520778	0.0352861
Sq = 	-1.67639e-19	0.0178819	0.0348714	0.0178819	0.0178819	0.0348714	0.0512345	0.0348714	0.0348714	0.0512345	0.0671397	0.0512345	0.0178819	0.0348714	0.0512345	0.0348714
9 rounds of non-Gaussian ED iteration : ground-state energy is -139.519 | electron energy -139.639 + phonon energy 0.120242 | electron momentum kIdx = 0
Nq = 	16	0.0179938	0.035262	0.0179938	0.0179938	0.035262	0.0520427	0.035262	0.035262	0.0520427	14.9558	0.0520427	0.0179938	0.035262	0.0520427	0.035262
Sq = 	-8.18855e-19	0.0178697	0.0348484	0.0178697	0.0178697	0.0348484	0.0512014	0.0348484	0.0348484	0.0512014	0.0670972	0.0512014	0.0178697	0.0348484	0.0512014	0.0348484
10 rounds of non-Gaussian ED iteration : ground-state energy is -139.522 | electron energy -139.642 + phonon energy 0.120765 | electron momentum kIdx = 0
Nq = 	16	0.017987	0.035249	0.017987	0.017987	0.035249	0.0520237	0.035249	0.035249	0.0520237	14.9562	0.0520237	0.017987	0.035249	0.0520237	0.035249
Sq = 	-4.88721e-20	0.0178631	0.0348359	0.0178631	0.0178631	0.0348359	0.0511835	0.0348359	0.0348359	0.0511835	0.0670741	0.0511835	0.0178631	0.0348359	0.0511835	0.0348359
11 rounds of non-Gaussian ED iteration : ground-state energy is -139.523 | electron energy -139.644 + phonon energy 0.121069 | electron momentum kIdx = 0
Nq = 	16	0.0179833	0.0352419	0.0179833	0.0179833	0.0352419	0.0520133	0.0352419	0.0352419	0.0520133	14.9564	0.0520133	0.0179833	0.0352419	0.0520133	0.0352419
Sq = 	-3.83006e-20	0.0178595	0.0348291	0.0178595	0.0178595	0.0348291	0.0511737	0.0348291	0.0348291	0.0511737	0.0670615	0.0511737	0.0178595	0.0348291	0.0511737	0.0348291
Ground state is obtained after 12 iterations. The current ground-state energy is -139.523, in which electron energy is -139.645 and phonon energy is 0.121245
final variational state is: 
Gamma_x =       1 1.00753  1.0147 1.00753 1.00753  1.0147 1.02167  1.0147  1.0147 1.02167 1.40735 1.02167 1.00753  1.0147 1.02167  1.0147
lambda_q =  1.05809 0.260241 0.257646 0.260241 0.260241 0.257646 0.255826 0.257646 0.257646 0.255826  1.04909 0.255826 0.260241 0.257646 0.255826 0.257646
o___o  -------------------------------------
| L |	Time since last clock: 1h 1m 56.886s
A===A	Time since the beginning: 2h 13m 22.016s
********************************************

************************************************************************************
starting warm-up calculation for scaling factor 2
0 rounds of non-Gaussian ED iteration : ground-state energy is -127.022 | electron energy -127.082 + phonon energy 0.0606225 | electron momentum kIdx = 0
Nq = 	16	0.0197985	0.0386618	0.0197985	0.0197985	0.0386618	0.0569182	0.0386618	0.0386618	0.0569182	14.8534	0.0569182	0.0197985	0.0386618	0.0569182	0.0386618
Sq = 	-6.6472e-20	0.0197077	0.0383524	0.0197077	0.0197077	0.0383524	0.0562864	0.0383524	0.0383524	0.0562864	0.0737205	0.0562864	0.0197077	0.0383524	0.0562864	0.0383524
1 rounds of non-Gaussian ED iteration : ground-state energy is -131.623 | electron energy -131.741 + phonon energy 0.118172 | electron momentum kIdx = 0
Nq = 	16	0.017294	0.0338686	0.017294	0.017294	0.0338686	0.0499471	0.0338686	0.0338686	0.0499471	14.9933	0.0499471	0.017294	0.0338686	0.0499471	0.0338686
Sq = 	1.47276e-19	0.0172433	0.0336923	0.0172433	0.0172433	0.0336923	0.0495845	0.0336923	0.0336923	0.0495845	0.0650717	0.0495845	0.0172433	0.0336923	0.0495845	0.0336923
2 rounds of non-Gaussian ED iteration : ground-state energy is -134.522 | electron energy -134.687 + phonon energy 0.165865 | electron momentum kIdx = 0
Nq = 	16	0.0159121	0.0312136	0.0159121	0.0159121	0.0312136	0.0460808	0.0312136	0.0312136	0.0460808	15.0712	0.0460808	0.0159121	0.0312136	0.0460808	0.0312136
Sq = 	-4.99703e-21	0.0158768	0.0310891	0.0158768	0.0158768	0.0310891	0.0458226	0.0310891	0.0310891	0.0458226	0.0602008	0.0458226	0.0158768	0.0310891	0.0458226	0.0310891
3 rounds of non-Gaussian ED iteration : ground-state energy is -136.269 | electron energy -136.471 + phonon energy 0.202471 | electron momentum kIdx = 0
Nq = 	16	0.0151561	0.0297575	0.0151561	0.0151561	0.0297575	0.043958	0.0297575	0.0297575	0.043958	15.1141	0.043958	0.0151561	0.0297575	0.043958	0.0297575
Sq = 	3.88431e-19	0.0151275	0.0296558	0.0151275	0.0151275	0.0296558	0.0437462	0.0296558	0.0296558	0.0437462	0.0575076	0.0437462	0.0151275	0.0296558	0.0437462	0.0296558
4 rounds of non-Gaussian ED iteration : ground-state energy is -137.304 | electron energy -137.534 + phonon energy 0.229764 | electron momentum kIdx = 0
Nq = 	16	0.0147419	0.0289589	0.0147419	0.0147419	0.0289589	0.042793	0.0289589	0.0289589	0.042793	15.1376	0.042793	0.0147419	0.0289589	0.042793	0.0289589
Sq = 	1.47668e-19	0.0147165	0.0288682	0.0147165	0.0147165	0.0288682	0.0426035	0.0288682	0.0288682	0.0426035	0.056024	0.0426035	0.0147165	0.0288682	0.0426035	0.0288682
5 rounds of non-Gaussian ED iteration : ground-state energy is -137.919 | electron energy -138.169 + phonon energy 0.249765 | electron momentum kIdx = 0
Nq = 	16	0.0145135	0.0285182	0.0145135	0.0145135	0.0285182	0.0421497	0.0285182	0.0285182	0.0421497	15.1506	0.0421497	0.0145135	0.0285182	0.0421497	0.0285182
Sq = 	3.61704e-19	0.0144897	0.028433	0.0144897	0.0144897	0.028433	0.0419716	0.028433	0.028433	0.0419716	0.0552032	0.0419716	0.0144897	0.028433	0.0419716	0.028433
6 rounds of non-Gaussian ED iteration : ground-state energy is -138.291 | electron energy -138.555 + phonon energy 0.264195 | electron momentum kIdx = 0
Nq = 	16	0.0143859	0.028272	0.0143859	0.0143859	0.028272	0.0417903	0.028272	0.028272	0.0417903	15.1579	0.0417903	0.0143859	0.028272	0.0417903	0.028272
Sq = 	-2.9209e-19	0.014363	0.0281897	0.014363	0.014363	0.0281897	0.0416183	0.0281897	0.0281897	0.0416183	0.0547441	0.0416183	0.014363	0.0281897	0.0416183	0.0281897
7 rounds of non-Gaussian ED iteration : ground-state energy is -138.52 | electron energy -138.795 + phonon energy 0.274444 | electron momentum kIdx = 0
Nq = 	16	0.0143135	0.0281321	0.0143135	0.0143135	0.0281321	0.0415861	0.0281321	0.0281321	0.0415861	15.162	0.0415861	0.0143135	0.0281321	0.0415861	0.0281321
Sq = 	1.26297e-19	0.014291	0.0280515	0.014291	0.014291	0.0280515	0.0414174	0.0280515	0.0280515	0.0414174	0.054483	0.0414174	0.014291	0.0280515	0.0414174	0.0280515
8 rounds of non-Gaussian ED iteration : ground-state energy is -138.665 | electron energy -138.946 + phonon energy 0.281616 | electron momentum kIdx = 0
Nq = 	16	0.0142715	0.028051	0.0142715	0.0142715	0.028051	0.0414677	0.028051	0.028051	0.0414677	15.1644	0.0414677	0.0142715	0.028051	0.0414677	0.028051
Sq = 	-3.03834e-20	0.0142493	0.0279713	0.0142493	0.0142493	0.0279713	0.0413009	0.0279713	0.0279713	0.0413009	0.0543316	0.0413009	0.0142493	0.0279713	0.0413009	0.0279713
9 rounds of non-Gaussian ED iteration : ground-state energy is -138.757 | electron energy -139.043 + phonon energy 0.286569 | electron momentum kIdx = 0
Nq = 	16	0.0142466	0.028003	0.0142466	0.0142466	0.028003	0.0413976	0.028003	0.028003	0.0413976	15.1658	0.0413976	0.0142466	0.028003	0.0413976	0.028003
Sq = 	-1.60439e-19	0.0142246	0.0279238	0.0142246	0.0142246	0.0279238	0.0412319	0.0279238	0.0279238	0.0412319	0.0542419	0.0412319	0.0142246	0.0279238	0.0412319	0.0279238
10 rounds of non-Gaussian ED iteration : ground-state energy is -138.817 | electron energy -139.107 + phonon energy 0.289952 | electron momentum kIdx = 0
Nq = 	16	0.0142316	0.027974	0.0142316	0.0142316	0.027974	0.0413551	0.027974	0.027974	0.0413551	15.1667	0.0413551	0.0142316	0.027974	0.0413551	0.027974
Sq = 	-8.06287e-21	0.0142096	0.027895	0.0142096	0.0142096	0.027895	0.0411901	0.027895	0.027895	0.0411901	0.0541876	0.0411901	0.0142096	0.027895	0.0411901	0.027895
11 rounds of non-Gaussian ED iteration : ground-state energy is -138.856 | electron energy -139.148 + phonon energy 0.29224 | electron momentum kIdx = 0
Nq = 	16	0.0142223	0.027956	0.0142223	0.0142223	0.027956	0.041329	0.027956	0.027956	0.041329	15.1672	0.041329	0.0142223	0.027956	0.041329	0.027956
Sq = 	1.47879e-19	0.0142004	0.0278773	0.0142004	0.0142004	0.0278773	0.0411643	0.0278773	0.0278773	0.0411643	0.0541541	0.0411643	0.0142004	0.0278773	0.0411643	0.0278773
12 rounds of non-Gaussian ED iteration : ground-state energy is -138.882 | electron energy -139.176 + phonon energy 0.293777 | electron momentum kIdx = 0
Nq = 	16	0.0142165	0.0279448	0.0142165	0.0142165	0.0279448	0.0413126	0.0279448	0.0279448	0.0413126	15.1675	0.0413126	0.0142165	0.0279448	0.0413126	0.0279448
Sq = 	-4.56325e-21	0.0141946	0.0278662	0.0141946	0.0141946	0.0278662	0.0411482	0.0278662	0.0278662	0.0411482	0.0541331	0.0411482	0.0141946	0.0278662	0.0411482	0.0278662
13 rounds of non-Gaussian ED iteration : ground-state energy is -138.899 | electron energy -139.194 + phonon energy 0.294803 | electron momentum kIdx = 0
Nq = 	16	0.0142128	0.0279377	0.0142128	0.0142128	0.0279377	0.0413022	0.0279377	0.0279377	0.0413022	15.1677	0.0413022	0.0142128	0.0279377	0.0413022	0.0279377
Sq = 	1.77605e-19	0.0141909	0.0278591	0.0141909	0.0141909	0.0278591	0.0411379	0.0278591	0.0278591	0.0411379	0.0541198	0.0411379	0.0141909	0.0278591	0.0411379	0.0278591
14 rounds of non-Gaussian ED iteration : ground-state energy is -138.911 | electron energy -139.206 + phonon energy 0.295485 | electron momentum kIdx = 0
Nq = 	16	0.0142104	0.0279331	0.0142104	0.0142104	0.0279331	0.0412955	0.0279331	0.0279331	0.0412955	15.1679	0.0412955	0.0142104	0.0279331	0.0412955	0.0279331
Sq = 	1.32237e-20	0.0141886	0.0278546	0.0141886	0.0141886	0.0278546	0.0411314	0.0278546	0.0278546	0.0411314	0.0541113	0.0411314	0.0141886	0.0278546	0.0411314	0.0278546
15 rounds of non-Gaussian ED iteration : ground-state energy is -138.919 | electron energy -139.215 + phonon energy 0.295937 | electron momentum kIdx = 0
Nq = 	16	0.0142089	0.0279302	0.0142089	0.0142089	0.0279302	0.0412912	0.0279302	0.0279302	0.0412912	15.1679	0.0412912	0.0142089	0.0279302	0.0412912	0.0279302
Sq = 	1.99474e-19	0.0141871	0.0278517	0.0141871	0.0141871	0.0278517	0.0411271	0.0278517	0.0278517	0.0411271	0.0541057	0.0411271	0.0141871	0.0278517	0.0411271	0.0278517
16 rounds of non-Gaussian ED iteration : ground-state energy is -138.924 | electron energy -139.22 + phonon energy 0.296236 | electron momentum kIdx = 0
Nq = 	16	0.0142079	0.0279283	0.0142079	0.0142079	0.0279283	0.0412884	0.0279283	0.0279283	0.0412884	15.168	0.0412884	0.0142079	0.0279283	0.0412884	0.0279283
Sq = 	1.44006e-19	0.0141861	0.0278498	0.0141861	0.0141861	0.0278498	0.0411244	0.0278498	0.0278498	0.0411244	0.0541022	0.0411244	0.0141861	0.0278498	0.0411244	0.0278498
17 rounds of non-Gaussian ED iteration : ground-state energy is -138.927 | electron energy -139.224 + phonon energy 0.296433 | electron momentum kIdx = 0
Nq = 	16	0.0142073	0.027927	0.0142073	0.0142073	0.027927	0.0412866	0.027927	0.027927	0.0412866	15.168	0.0412866	0.0142073	0.027927	0.0412866	0.027927
Sq = 	-3.00132e-20	0.0141854	0.0278486	0.0141854	0.0141854	0.0278486	0.0411226	0.0278486	0.0278486	0.0411226	0.0540998	0.0411226	0.0141854	0.0278486	0.0411226	0.0278486
18 rounds of non-Gaussian ED iteration : ground-state energy is -138.929 | electron energy -139.226 + phonon energy 0.296563 | electron momentum kIdx = 0
Nq = 	16	0.0142069	0.0279262	0.0142069	0.0142069	0.0279262	0.0412854	0.0279262	0.0279262	0.0412854	15.1681	0.0412854	0.0142069	0.0279262	0.0412854	0.0279262
Sq = 	-3.89547e-19	0.014185	0.0278478	0.014185	0.014185	0.0278478	0.0411214	0.0278478	0.0278478	0.0411214	0.0540983	0.0411214	0.014185	0.0278478	0.0411214	0.0278478
19 rounds of non-Gaussian ED iteration : ground-state energy is -138.931 | electron energy -139.228 + phonon energy 0.296648 | electron momentum kIdx = 0
Nq = 	16	0.0142066	0.0279256	0.0142066	0.0142066	0.0279256	0.0412846	0.0279256	0.0279256	0.0412846	15.1681	0.0412846	0.0142066	0.0279256	0.0412846	0.0279256
Sq = 	1.65915e-19	0.0141847	0.0278472	0.0141847	0.0141847	0.0278472	0.0411206	0.0278472	0.0278472	0.0411206	0.0540973	0.0411206	0.0141847	0.0278472	0.0411206	0.0278472
20 rounds of non-Gaussian ED iteration : ground-state energy is -138.932 | electron energy -139.229 + phonon energy 0.296704 | electron momentum kIdx = 0
Nq = 	16	0.0142064	0.0279253	0.0142064	0.0142064	0.0279253	0.041284	0.0279253	0.0279253	0.041284	15.1681	0.041284	0.0142064	0.0279253	0.041284	0.0279253
Sq = 	-7.21104e-19	0.0141845	0.0278469	0.0141845	0.0141845	0.0278469	0.0411201	0.0278469	0.0278469	0.0411201	0.0540966	0.0411201	0.0141845	0.0278469	0.0411201	0.0278469
Ground state is obtained after 21 iterations. The current ground-state energy is -138.933, in which electron energy is -139.229 and phonon energy is 0.296741
final variational state is: 
Gamma_x =       1 1.00706 1.01382 1.00706 1.00706 1.01382 1.02038 1.01382 1.01382 1.02038 2.11849 1.02038 1.00706 1.01382 1.02038 1.01382
lambda_q =  1.49336 0.188854 0.187109 0.188854 0.188854 0.187109  0.18579 0.187109 0.187109  0.18579  1.48157  0.18579 0.188854 0.187109  0.18579 0.187109
o___o  -------------------------------------
| L |	Time since last clock: 1h 45m 41.612s
A===A	Time since the beginning: 3h 59m 3.628s
********************************************

************************************************************************************
Warm up completed
o___o  -------------------------------------
| L |	Time since last clock: 0h 0m 0.03s
A===A	Time since the beginning: 3h 59m 3.659s
********************************************

************************************************************************************
0 rounds of non-Gaussian ED iteration : ground-state energy is -126.478 | electron energy -126.627 + phonon energy 0.14837 | electron momentum kIdx = 0
Nq = 	16	0.0164112	0.0321473	0.0164112	0.0164112	0.0321473	0.0474082	0.0321473	0.0321473	0.0474082	15.0423	0.0474082	0.0164112	0.0321473	0.0474082	0.0321473
Sq = 	-2.1142e-19	0.0163971	0.032097	0.0163971	0.0163971	0.032097	0.047304	0.032097	0.032097	0.047304	0.062151	0.047304	0.0163971	0.032097	0.047304	0.032097
1 rounds of non-Gaussian ED iteration : ground-state energy is -129.722 | electron energy -129.948 + phonon energy 0.225934 | electron momentum kIdx = 0
Nq = 	16	0.0150288	0.02949	0.0150288	0.0150288	0.02949	0.0435388	0.02949	0.02949	0.0435388	15.1207	0.0435388	0.0150288	0.02949	0.0435388	0.02949
Sq = 	5.41153e-20	0.0150223	0.0294672	0.0150223	0.0150223	0.0294672	0.0434923	0.0294672	0.0294672	0.0434923	0.0572041	0.0434923	0.0150223	0.0294672	0.0434923	0.0294672
2 rounds of non-Gaussian ED iteration : ground-state energy is -132.141 | electron energy -132.432 + phonon energy 0.291658 | electron momentum kIdx = 0
Nq = 	16	0.0141033	0.0277074	0.0141033	0.0141033	0.0277074	0.0409414	0.0277074	0.0277074	0.0409414	15.1735	0.0409414	0.0141033	0.0277074	0.0409414	0.0277074
Sq = 	-1.21044e-19	0.0140994	0.027694	0.0140994	0.0140994	0.027694	0.0409143	0.027694	0.027694	0.0409143	0.0538509	0.0409143	0.0140994	0.027694	0.0409143	0.027694
3 rounds of non-Gaussian ED iteration : ground-state energy is -133.854 | electron energy -134.199 + phonon energy 0.344557 | electron momentum kIdx = 0
Nq = 	16	0.0135104	0.0265635	0.0135104	0.0135104	0.0265635	0.0392732	0.0265635	0.0265635	0.0392732	15.2074	0.0392732	0.0135104	0.0265635	0.0392732	0.0265635
Sq = 	-5.43039e-20	0.0135078	0.0265542	0.0135078	0.0135078	0.0265542	0.0392543	0.0265542	0.0265542	0.0392543	0.0516892	0.0392543	0.0135078	0.0265542	0.0392543	0.0265542
4 rounds of non-Gaussian ED iteration : ground-state energy is -135.042 | electron energy -135.428 + phonon energy 0.385972 | electron momentum kIdx = 0
Nq = 	16	0.0131421	0.0258519	0.0131421	0.0131421	0.0258519	0.0382346	0.0258519	0.0258519	0.0382346	15.2285	0.0382346	0.0131421	0.0258519	0.0382346	0.0258519
Sq = 	-3.5592e-19	0.01314	0.0258446	0.01314	0.01314	0.0258446	0.0382199	0.0258446	0.0258446	0.0382199	0.0503412	0.0382199	0.01314	0.0258446	0.0382199	0.0258446
5 rounds of non-Gaussian ED iteration : ground-state energy is -135.868 | electron energy -136.286 + phonon energy 0.417811 | electron momentum kIdx = 0
Nq = 	16	0.012918	0.0254186	0.012918	0.012918	0.0254186	0.0376019	0.0254186	0.0254186	0.0376019	15.2414	0.0376019	0.012918	0.0254186	0.0376019	0.0254186
Sq = 	-3.51347e-19	0.0129162	0.0254124	0.0129162	0.0129162	0.0254124	0.0375894	0.0254124	0.0254124	0.0375894	0.0495193	0.0375894	0.0129162	0.0254124	0.0375894	0.0254124
6 rounds of non-Gaussian ED iteration : ground-state energy is -136.456 | electron energy -136.898 + phonon energy 0.441936 | electron momentum kIdx = 0
Nq = 	16	0.0127832	0.0251579	0.0127832	0.0127832	0.0251579	0.0372212	0.0251579	0.0251579	0.0372212	15.2491	0.0372212	0.0127832	0.0251579	0.0372212	0.0251579
Sq = 	1.076e-19	0.0127816	0.0251524	0.0127816	0.0127816	0.0251524	0.0372099	0.0251524	0.0251524	0.0372099	0.0490245	0.0372099	0.0127816	0.0251524	0.0372099	0.0251524
7 rounds of non-Gaussian ED iteration : ground-state energy is -136.887 | electron energy -137.347 + phonon energy 0.459973 | electron momentum kIdx = 0
Nq = 	16	0.0127025	0.0250018	0.0127025	0.0127025	0.0250018	0.0369931	0.0250018	0.0250018	0.0369931	15.2538	0.0369931	0.0127025	0.0250018	0.0369931	0.0250018
Sq = 	4.87358e-20	0.012701	0.0249966	0.012701	0.012701	0.0249966	0.0369826	0.0249966	0.0249966	0.0369826	0.048728	0.0369826	0.012701	0.0249966	0.0369826	0.0249966
8 rounds of non-Gaussian ED iteration : ground-state energy is -137.213 | electron energy -137.686 + phonon energy 0.473292 | electron momentum kIdx = 0
Nq = 	16	0.0126541	0.0249081	0.0126541	0.0126541	0.0249081	0.0368561	0.0249081	0.0249081	0.0368561	15.2565	0.0368561	0.0126541	0.0249081	0.0368561	0.0249081
Sq = 	3.19642e-19	0.0126526	0.0249031	0.0126526	0.0126526	0.0249031	0.036846	0.0249031	0.0249031	0.036846	0.0485499	0.036846	0.0126526	0.0249031	0.036846	0.0249031
9 rounds of non-Gaussian ED iteration : ground-state energy is -137.465 | electron energy -137.948 + phonon energy 0.483014 | electron momentum kIdx = 0
Nq = 	16	0.0126248	0.0248513	0.0126248	0.0126248	0.0248513	0.0367732	0.0248513	0.0248513	0.0367732	15.2582	0.0367732	0.0126248	0.0248513	0.0367732	0.0248513
Sq = 	1.37162e-19	0.0126233	0.0248464	0.0126233	0.0126233	0.0248464	0.0367634	0.0248464	0.0248464	0.0367634	0.048442	0.0367634	0.0126233	0.0248464	0.0367634	0.0248464
10 rounds of non-Gaussian ED iteration : ground-state energy is -137.665 | electron energy -138.155 + phonon energy 0.490036 | electron momentum kIdx = 0
Nq = 	16	0.0126068	0.0248165	0.0126068	0.0126068	0.0248165	0.0367223	0.0248165	0.0248165	0.0367223	15.2593	0.0367223	0.0126068	0.0248165	0.0367223	0.0248165
Sq = 	-5.9649e-20	0.0126054	0.0248117	0.0126054	0.0126054	0.0248117	0.0367127	0.0248117	0.0248117	0.0367127	0.0483759	0.0367127	0.0126054	0.0248117	0.0367127	0.0248117
11 rounds of non-Gaussian ED iteration : ground-state energy is -137.825 | electron energy -138.32 + phonon energy 0.495062 | electron momentum kIdx = 0
Nq = 	16	0.0125956	0.0247949	0.0125956	0.0125956	0.0247949	0.0366907	0.0247949	0.0247949	0.0366907	15.2599	0.0366907	0.0125956	0.0247949	0.0366907	0.0247949
Sq = 	3.81265e-20	0.0125942	0.0247901	0.0125942	0.0125942	0.0247901	0.0366811	0.0247901	0.0247901	0.0366811	0.0483348	0.0366811	0.0125942	0.0247901	0.0366811	0.0247901
12 rounds of non-Gaussian ED iteration : ground-state energy is -137.954 | electron energy -138.453 + phonon energy 0.498633 | electron momentum kIdx = 0
Nq = 	16	0.0125885	0.0247812	0.0125885	0.0125885	0.0247812	0.0366707	0.0247812	0.0247812	0.0366707	15.2603	0.0366707	0.0125885	0.0247812	0.0366707	0.0247812
Sq = 	1.07225e-19	0.0125872	0.0247765	0.0125872	0.0125872	0.0247765	0.0366612	0.0247765	0.0247765	0.0366612	0.0483088	0.0366612	0.0125872	0.0247765	0.0366612	0.0247765
13 rounds of non-Gaussian ED iteration : ground-state energy is -138.059 | electron energy -138.56 + phonon energy 0.501153 | electron momentum kIdx = 0
Nq = 	16	0.012584	0.0247724	0.012584	0.012584	0.0247724	0.0366578	0.0247724	0.0247724	0.0366578	15.2606	0.0366578	0.012584	0.0247724	0.0366578	0.0247724
Sq = 	-3.7671e-20	0.0125826	0.0247677	0.0125826	0.0125826	0.0247677	0.0366484	0.0247677	0.0247677	0.0366484	0.0482921	0.0366484	0.0125826	0.0247677	0.0366484	0.0247677
14 rounds of non-Gaussian ED iteration : ground-state energy is -138.145 | electron energy -138.647 + phonon energy 0.502923 | electron momentum kIdx = 0
Nq = 	16	0.012581	0.0247667	0.012581	0.012581	0.0247667	0.0366495	0.0247667	0.0247667	0.0366495	15.2607	0.0366495	0.012581	0.0247667	0.0366495	0.0247667
Sq = 	9.8868e-21	0.0125797	0.024762	0.0125797	0.0125797	0.024762	0.0366401	0.024762	0.024762	0.0366401	0.0482812	0.0366401	0.0125797	0.024762	0.0366401	0.024762
15 rounds of non-Gaussian ED iteration : ground-state energy is -138.214 | electron energy -138.719 + phonon energy 0.504159 | electron momentum kIdx = 0
Nq = 	16	0.0125791	0.0247629	0.0125791	0.0125791	0.0247629	0.0366439	0.0247629	0.0247629	0.0366439	15.2609	0.0366439	0.0125791	0.0247629	0.0366439	0.0247629
Sq = 	1.95064e-19	0.0125777	0.0247582	0.0125777	0.0125777	0.0247582	0.0366345	0.0247582	0.0247582	0.0366345	0.048274	0.0366345	0.0125777	0.0247582	0.0366345	0.0247582
16 rounds of non-Gaussian ED iteration : ground-state energy is -138.271 | electron energy -138.776 + phonon energy 0.505021 | electron momentum kIdx = 0
Nq = 	16	0.0125778	0.0247603	0.0125778	0.0125778	0.0247603	0.0366402	0.0247603	0.0247603	0.0366402	15.2609	0.0366402	0.0125778	0.0247603	0.0366402	0.0247603
Sq = 	8.37022e-20	0.0125764	0.0247556	0.0125764	0.0125764	0.0247556	0.0366308	0.0247556	0.0247556	0.0366308	0.0482692	0.0366308	0.0125764	0.0247556	0.0366308	0.0247556
17 rounds of non-Gaussian ED iteration : ground-state energy is -138.318 | electron energy -138.824 + phonon energy 0.50562 | electron momentum kIdx = 0
Nq = 	16	0.0125769	0.0247586	0.0125769	0.0125769	0.0247586	0.0366376	0.0247586	0.0247586	0.0366376	15.261	0.0366376	0.0125769	0.0247586	0.0366376	0.0247586
Sq = 	-1.11957e-19	0.0125755	0.0247539	0.0125755	0.0125755	0.0247539	0.0366283	0.0247539	0.0247539	0.0366283	0.0482659	0.0366283	0.0125755	0.0247539	0.0366283	0.0247539
18 rounds of non-Gaussian ED iteration : ground-state energy is -138.356 | electron energy -138.862 + phonon energy 0.506034 | electron momentum kIdx = 0
Nq = 	16	0.0125763	0.0247574	0.0125763	0.0125763	0.0247574	0.0366359	0.0247574	0.0247574	0.0366359	15.261	0.0366359	0.0125763	0.0247574	0.0366359	0.0247574
Sq = 	-4.47804e-20	0.0125749	0.0247527	0.0125749	0.0125749	0.0247527	0.0366266	0.0247527	0.0247527	0.0366266	0.0482636	0.0366266	0.0125749	0.0247527	0.0366266	0.0247527
19 rounds of non-Gaussian ED iteration : ground-state energy is -138.388 | electron energy -138.894 + phonon energy 0.506321 | electron momentum kIdx = 0
Nq = 	16	0.0125758	0.0247566	0.0125758	0.0125758	0.0247566	0.0366347	0.0247566	0.0247566	0.0366347	15.261	0.0366347	0.0125758	0.0247566	0.0366347	0.0247566
Sq = 	4.66424e-19	0.0125745	0.0247519	0.0125745	0.0125745	0.0247519	0.0366254	0.0247519	0.0247519	0.0366254	0.0482621	0.0366254	0.0125745	0.0247519	0.0366254	0.0247519
20 rounds of non-Gaussian ED iteration : ground-state energy is -138.413 | electron energy -138.92 + phonon energy 0.506519 | electron momentum kIdx = 0
Nq = 	16	0.0125755	0.024756	0.0125755	0.0125755	0.024756	0.0366339	0.024756	0.024756	0.0366339	15.2611	0.0366339	0.0125755	0.024756	0.0366339	0.024756
Sq = 	1.2023e-19	0.0125742	0.0247513	0.0125742	0.0125742	0.0247513	0.0366246	0.0247513	0.0247513	0.0366246	0.048261	0.0366246	0.0125742	0.0247513	0.0366246	0.0247513
21 rounds of non-Gaussian ED iteration : ground-state energy is -138.434 | electron energy -138.941 + phonon energy 0.506655 | electron momentum kIdx = 0
Nq = 	16	0.0125753	0.0247556	0.0125753	0.0125753	0.0247556	0.0366333	0.0247556	0.0247556	0.0366333	15.2611	0.0366333	0.0125753	0.0247556	0.0366333	0.0247556
Sq = 	-4.15418e-19	0.012574	0.0247509	0.012574	0.012574	0.0247509	0.036624	0.0247509	0.0247509	0.036624	0.0482602	0.036624	0.012574	0.0247509	0.036624	0.0247509
22 rounds of non-Gaussian ED iteration : ground-state energy is -138.451 | electron energy -138.958 + phonon energy 0.506749 | electron momentum kIdx = 0
Nq = 	16	0.0125752	0.0247553	0.0125752	0.0125752	0.0247553	0.0366328	0.0247553	0.0247553	0.0366328	15.2611	0.0366328	0.0125752	0.0247553	0.0366328	0.0247553
Sq = 	3.62721e-20	0.0125738	0.0247506	0.0125738	0.0125738	0.0247506	0.0366235	0.0247506	0.0247506	0.0366235	0.0482597	0.0366235	0.0125738	0.0247506	0.0366235	0.0247506
23 rounds of non-Gaussian ED iteration : ground-state energy is -138.465 | electron energy -138.972 + phonon energy 0.506813 | electron momentum kIdx = 0
Nq = 	16	0.0125751	0.0247551	0.0125751	0.0125751	0.0247551	0.0366325	0.0247551	0.0247551	0.0366325	15.2611	0.0366325	0.0125751	0.0247551	0.0366325	0.0247551
Sq = 	-9.5852e-20	0.0125737	0.0247504	0.0125737	0.0125737	0.0247504	0.0366232	0.0247504	0.0247504	0.0366232	0.0482593	0.0366232	0.0125737	0.0247504	0.0366232	0.0247504
24 rounds of non-Gaussian ED iteration : ground-state energy is -138.477 | electron energy -138.984 + phonon energy 0.506857 | electron momentum kIdx = 0
Nq = 	16	0.012575	0.024755	0.012575	0.012575	0.024755	0.0366323	0.024755	0.024755	0.0366323	15.2611	0.0366323	0.012575	0.024755	0.0366323	0.024755
Sq = 	4.73018e-20	0.0125736	0.0247503	0.0125736	0.0125736	0.0247503	0.036623	0.0247503	0.0247503	0.036623	0.048259	0.036623	0.0125736	0.0247503	0.036623	0.0247503
25 rounds of non-Gaussian ED iteration : ground-state energy is -138.486 | electron energy -138.993 + phonon energy 0.506888 | electron momentum kIdx = 0
Nq = 	16	0.0125749	0.0247549	0.0125749	0.0125749	0.0247549	0.0366322	0.0247549	0.0247549	0.0366322	15.2611	0.0366322	0.0125749	0.0247549	0.0366322	0.0247549
Sq = 	-1.5215e-19	0.0125736	0.0247502	0.0125736	0.0125736	0.0247502	0.0366229	0.0247502	0.0247502	0.0366229	0.0482588	0.0366229	0.0125736	0.0247502	0.0366229	0.0247502
26 rounds of non-Gaussian ED iteration : ground-state energy is -138.494 | electron energy -139.001 + phonon energy 0.506908 | electron momentum kIdx = 0
Nq = 	16	0.0125749	0.0247548	0.0125749	0.0125749	0.0247548	0.036632	0.0247548	0.0247548	0.036632	15.2611	0.036632	0.0125749	0.0247548	0.036632	0.0247548
Sq = 	-2.63022e-19	0.0125735	0.0247501	0.0125735	0.0125735	0.0247501	0.0366228	0.0247501	0.0247501	0.0366228	0.0482586	0.0366228	0.0125735	0.0247501	0.0366228	0.0247501
27 rounds of non-Gaussian ED iteration : ground-state energy is -138.5 | electron energy -139.007 + phonon energy 0.506922 | electron momentum kIdx = 0
