SNEDics v3.2 diagonalization test program		Start at Sat May  4 16:09:34 2019

parallized on 80 MPI threads  * 6 OpenMP threads = 480 total threads.
************************************************************************************
************************************************************************************

Input file "model_params.in"
Hubbard-Holstein model parameters : 	t = 1    U = 10    g = 1    W = 1    
************************************************************************************
Input file "hilbertspace_params.in"

Cluster Positions:				Cluster symmetry group : D4
 x ... x ... x ... x .....                       x ... x ... x ... x .....
 |           |           :                       |           |           :
 |           |           :                       |           |           :
12    13    14    15     x                       1     5     6     5     x
 |           |           :                       |           |           :
 |           |           :                       |           |           :
 8 --- 9 ---10 ---11 --- x                       2 --- 6 ---10 --- 6 --- x
 |           |           :                       |           |           :
 |           |           :                       |           |           :
 4     5     6     7     x                       1     5     6     5     x
 |           |           :                       |           |           :
 |           |           :                       |           |           :
 0 --- 1 --- 2 --- 3 --- x                       0 --- 1 --- 2 --- 1 --- x
orbital number : 1
************************************************************************************
** NOTE ** Detected low phonon energy W < 10. The initial state will be prepared through a warm-up process.
starting warm-up calculation for scaling factor 16
0 rounds of non-Gaussian ED iteration : ground-state energy is -7.029 | electron energy -7.029 + phonon energy 0 | electron momentum kIdx = 0
Nq = 	16	0.0420847	0.0772202	0.0420847	0.0420847	0.0772202	0.109143	0.0772202	0.0772202	0.109143	0.139405	0.109143	0.0420847	0.0772202	0.109143	0.0772202
Sq = 	-6.79764e-19	0.401736	0.646986	0.401736	0.401736	0.646986	0.988392	0.646986	0.646986	0.988392	5.34993	0.988392	0.401736	0.646986	0.988392	0.646986
1 rounds of non-Gaussian ED iteration : ground-state energy is -23.2113 | electron energy -23.2115 + phonon energy 0.000177973 | electron momentum kIdx = 0
Nq = 	16	0.0557001	0.0993001	0.0557001	0.0557001	0.0993001	0.138452	0.0993001	0.0993001	0.138452	0.175392	0.138452	0.0557001	0.0993001	0.138452	0.0993001
Sq = 	-4.512e-19	0.40965	0.642996	0.40965	0.40965	0.642996	0.953823	0.642996	0.642996	0.953823	5.14033	0.953823	0.40965	0.642996	0.953823	0.642996
2 rounds of non-Gaussian ED iteration : ground-state energy is -23.8511 | electron energy -23.8517 + phonon energy 0.000534016 | electron momentum kIdx = 0
Nq = 	16	0.0565408	0.100618	0.0565408	0.0565408	0.100618	0.140177	0.100618	0.100618	0.140177	0.177485	0.140177	0.0565408	0.100618	0.140177	0.100618
Sq = 	-3.10764e-20	0.410081	0.642787	0.410081	0.410081	0.642787	0.951899	0.642787	0.642787	0.951899	5.12729	0.951899	0.410081	0.642787	0.951899	0.642787
3 rounds of non-Gaussian ED iteration : ground-state energy is -23.8768 | electron energy -23.8774 + phonon energy 0.000610046 | electron momentum kIdx = 0
Nq = 	16	0.056616	0.100736	0.056616	0.056616	0.100736	0.140329	0.100736	0.100736	0.140329	0.177668	0.140329	0.056616	0.100736	0.140329	0.100736
Sq = 	-5.00833e-19	0.41012	0.642769	0.41012	0.41012	0.642769	0.951729	0.642769	0.642769	0.951729	5.12613	0.951729	0.41012	0.642769	0.951729	0.642769
4 rounds of non-Gaussian ED iteration : ground-state energy is -23.8779 | electron energy -23.8785 + phonon energy 0.000619461 | electron momentum kIdx = 0
Nq = 	16	0.0566238	0.100748	0.0566238	0.0566238	0.100748	0.140345	0.100748	0.100748	0.140345	0.177687	0.140345	0.0566238	0.100748	0.140345	0.100748
Sq = 	-6.20401e-19	0.410124	0.642768	0.410124	0.410124	0.642768	0.951711	0.642768	0.642768	0.951711	5.12601	0.951711	0.410124	0.642768	0.951711	0.642768
Ground state is obtained after 5 iterations. The current ground-state energy is -23.8779, in which electron energy is -23.8785 and phonon energy is 0.00062049
final variational state is: 
Gamma_x =       1 1.00157 1.00289 1.00157 1.00157 1.00289 1.00412 1.00289 1.00289 1.00412 1.00528 1.00412 1.00157 1.00289 1.00412 1.00289
lambda_q = 0.249916 0.167251  0.16073 0.167251 0.167251  0.16073 0.156512  0.16073  0.16073 0.156512 0.153532 0.156512 0.167251  0.16073 0.156512  0.16073
o___o  -------------------------------------
| L |	Time since last clock: 0h 28m 31.684s
A===A	Time since the beginning: 0h 28m 31.684s
********************************************

************************************************************************************
starting warm-up calculation for scaling factor 8
0 rounds of non-Gaussian ED iteration : ground-state energy is -22.2445 | electron energy -22.2448 + phonon energy 0.000310245 | electron momentum kIdx = 0
Nq = 	16	0.052746	0.0946033	0.052746	0.052746	0.0946033	0.13224	0.0946033	0.0946033	0.13224	0.167776	0.13224	0.052746	0.0946033	0.13224	0.0946033
Sq = 	-2.90789e-19	0.408111	0.643787	0.408111	0.408111	0.643787	0.960766	0.643787	0.643787	0.960766	5.18643	0.960766	0.408111	0.643787	0.960766	0.643787
1 rounds of non-Gaussian ED iteration : ground-state energy is -23.3423 | electron energy -23.3433 + phonon energy 0.000985923 | electron momentum kIdx = 0
Nq = 	16	0.0528672	0.0947898	0.0528672	0.0528672	0.0947898	0.132471	0.0947898	0.0947898	0.132471	0.168037	0.132471	0.0528672	0.0947898	0.132471	0.0947898
Sq = 	4.59938e-19	0.408186	0.643763	0.408186	0.408186	0.643763	0.960476	0.643763	0.643763	0.960476	5.18465	0.960476	0.408186	0.643763	0.960476	0.643763
2 rounds of non-Gaussian ED iteration : ground-state energy is -23.5639 | electron energy -23.5651 + phonon energy 0.00119182 | electron momentum kIdx = 0
Nq = 	16	0.0528956	0.0948337	0.0528956	0.0528956	0.0948337	0.132526	0.0948337	0.0948337	0.132526	0.168101	0.132526	0.0528956	0.0948337	0.132526	0.0948337
Sq = 	1.37076e-18	0.408203	0.643757	0.408203	0.408203	0.643757	0.960408	0.643757	0.643757	0.960408	5.18422	0.960408	0.408203	0.643757	0.960408	0.643757
3 rounds of non-Gaussian ED iteration : ground-state energy is -23.6086 | electron energy -23.6099 + phonon energy 0.00124185 | electron momentum kIdx = 0
Nq = 	16	0.0529024	0.0948441	0.0529024	0.0529024	0.0948441	0.132539	0.0948441	0.0948441	0.132539	0.168117	0.132539	0.0529024	0.0948441	0.132539	0.0948441
Sq = 	1.27204e-18	0.408207	0.643756	0.408207	0.408207	0.643756	0.960392	0.643756	0.643756	0.960392	5.18412	0.960392	0.408207	0.643756	0.960392	0.643756
4 rounds of non-Gaussian ED iteration : ground-state energy is -23.6177 | electron energy -23.6189 + phonon energy 0.00125359 | electron momentum kIdx = 0
Nq = 	16	0.052904	0.0948466	0.052904	0.052904	0.0948466	0.132542	0.0948466	0.0948466	0.132542	0.16812	0.132542	0.052904	0.0948466	0.132542	0.0948466
Sq = 	1.1805e-19	0.408208	0.643755	0.408208	0.408208	0.643755	0.960388	0.643755	0.643755	0.960388	5.1841	0.960388	0.408208	0.643755	0.960388	0.643755
5 rounds of non-Gaussian ED iteration : ground-state energy is -23.6195 | electron energy -23.6207 + phonon energy 0.00125633 | electron momentum kIdx = 0
Nq = 	16	0.0529044	0.0948472	0.0529044	0.0529044	0.0948472	0.132543	0.0948472	0.0948472	0.132543	0.168121	0.132543	0.0529044	0.0948472	0.132543	0.0948472
Sq = 	-8.30796e-19	0.408208	0.643755	0.408208	0.408208	0.643755	0.960387	0.643755	0.643755	0.960387	5.18409	0.960387	0.408208	0.643755	0.960387	0.643755
Ground state is obtained after 6 iterations. The current ground-state energy is -23.6199, in which electron energy is -23.6211 and phonon energy is 0.00125697
final variational state is: 
Gamma_x =       1 1.00331 1.00592 1.00331 1.00331 1.00592 1.00823 1.00592 1.00592 1.00823  1.0104 1.00823 1.00331 1.00592 1.00823 1.00592
lambda_q =   0.3527 0.174344 0.164925 0.174344 0.174344 0.164925 0.158912 0.164925 0.164925 0.158912 0.154744 0.158912 0.174344 0.164925 0.158912 0.164925
o___o  -------------------------------------
| L |	Time since last clock: 0h 33m 35.511s
A===A	Time since the beginning: 1h 2m 7.196s
********************************************

************************************************************************************
starting warm-up calculation for scaling factor 4
0 rounds of non-Gaussian ED iteration : ground-state energy is -21.9969 | electron energy -21.9976 + phonon energy 0.000628486 | electron momentum kIdx = 0
Nq = 	16	0.0494872	0.0893621	0.0494872	0.0494872	0.0893621	0.125293	0.0893621	0.0893621	0.125293	0.159245	0.125293	0.0494872	0.0893621	0.125293	0.0893621
Sq = 	-7.68254e-19	0.406307	0.644706	0.406307	0.406307	0.644706	0.968758	0.644706	0.644706	0.968758	5.23697	0.968758	0.406307	0.644706	0.968758	0.644706
1 rounds of non-Gaussian ED iteration : ground-state energy is -22.7669 | electron energy -22.7682 + phonon energy 0.00125332 | electron momentum kIdx = 0
Nq = 	16	0.0491668	0.0888398	0.0491668	0.0491668	0.0888398	0.124591	0.0888398	0.0888398	0.124591	0.158374	0.124591	0.0491668	0.0888398	0.124591	0.0888398
Sq = 	-8.98502e-19	0.406129	0.644804	0.406129	0.406129	0.644804	0.969562	0.644804	0.644804	0.969562	5.24197	0.969562	0.406129	0.644804	0.969562	0.644804
2 rounds of non-Gaussian ED iteration : ground-state energy is -23.1109 | electron energy -23.1123 + phonon energy 0.00144454 | electron momentum kIdx = 0
Nq = 	16	0.0490689	0.0886811	0.0490689	0.0490689	0.0886811	0.124381	0.0886811	0.0886811	0.124381	0.158116	0.124381	0.0490689	0.0886811	0.124381	0.0886811
Sq = 	1.14201e-18	0.406072	0.644832	0.406072	0.406072	0.644832	0.969809	0.644832	0.644832	0.969809	5.24348	0.969809	0.406072	0.644832	0.969809	0.644832
3 rounds of non-Gaussian ED iteration : ground-state energy is -23.2653 | electron energy -23.2668 + phonon energy 0.00149357 | electron momentum kIdx = 0
Nq = 	16	0.0490408	0.0886357	0.0490408	0.0490408	0.0886357	0.124322	0.0886357	0.0886357	0.124322	0.158044	0.124322	0.0490408	0.0886357	0.124322	0.0886357
Sq = 	-8.39174e-19	0.406056	0.64484	0.406056	0.406056	0.64484	0.96988	0.64484	0.64484	0.96988	5.24391	0.96988	0.406056	0.64484	0.96988	0.64484
4 rounds of non-Gaussian ED iteration : ground-state energy is -23.3347 | electron energy -23.3362 + phonon energy 0.00150477 | electron momentum kIdx = 0
Nq = 	16	0.0490327	0.0886229	0.0490327	0.0490327	0.0886229	0.124305	0.0886229	0.0886229	0.124305	0.158024	0.124305	0.0490327	0.0886229	0.124305	0.0886229
Sq = 	-1.1879e-18	0.406051	0.644842	0.406051	0.406051	0.644842	0.969901	0.644842	0.644842	0.969901	5.24403	0.969901	0.406051	0.644842	0.969901	0.644842
5 rounds of non-Gaussian ED iteration : ground-state energy is -23.3658 | electron energy -23.3674 + phonon energy 0.0015068 | electron momentum kIdx = 0
Nq = 	16	0.0490304	0.0886192	0.0490304	0.0490304	0.0886192	0.1243	0.0886192	0.0886192	0.1243	0.158018	0.1243	0.0490304	0.0886192	0.1243	0.0886192
Sq = 	1.4867e-18	0.406049	0.644843	0.406049	0.406049	0.644843	0.969907	0.644843	0.644843	0.969907	5.24406	0.969907	0.406049	0.644843	0.969907	0.644843
6 rounds of non-Gaussian ED iteration : ground-state energy is -23.3799 | electron energy -23.3814 + phonon energy 0.00150687 | electron momentum kIdx = 0
Nq = 	16	0.0490298	0.0886181	0.0490298	0.0490298	0.0886181	0.124299	0.0886181	0.0886181	0.124299	0.158016	0.124299	0.0490298	0.0886181	0.124299	0.0886181
Sq = 	1.23945e-19	0.406049	0.644843	0.406049	0.406049	0.644843	0.969908	0.644843	0.644843	0.969908	5.24407	0.969908	0.406049	0.644843	0.969908	0.644843
7 rounds of non-Gaussian ED iteration : ground-state energy is -23.3861 | electron energy -23.3877 + phonon energy 0.00150667 | electron momentum kIdx = 0
Nq = 	16	0.0490296	0.0886178	0.0490296	0.0490296	0.0886178	0.124298	0.0886178	0.0886178	0.124298	0.158016	0.124298	0.0490296	0.0886178	0.124298	0.0886178
Sq = 	1.29073e-18	0.406049	0.644843	0.406049	0.406049	0.644843	0.969909	0.644843	0.644843	0.969909	5.24408	0.969909	0.406049	0.644843	0.969909	0.644843
8 rounds of non-Gaussian ED iteration : ground-state energy is -23.389 | electron energy -23.3905 + phonon energy 0.00150651 | electron momentum kIdx = 0
Nq = 	16	0.0490295	0.0886177	0.0490295	0.0490295	0.0886177	0.124298	0.0886177	0.0886177	0.124298	0.158016	0.124298	0.0490295	0.0886177	0.124298	0.0886177
Sq = 	3.79319e-19	0.406049	0.644843	0.406049	0.406049	0.644843	0.969909	0.644843	0.644843	0.969909	5.24408	0.969909	0.406049	0.644843	0.969909	0.644843
9 rounds of non-Gaussian ED iteration : ground-state energy is -23.3902 | electron energy -23.3918 + phonon energy 0.00150642 | electron momentum kIdx = 0
Nq = 	16	0.0490295	0.0886177	0.0490295	0.0490295	0.0886177	0.124298	0.0886177	0.0886177	0.124298	0.158016	0.124298	0.0490295	0.0886177	0.124298	0.0886177
Sq = 	1.9835e-18	0.406049	0.644843	0.406049	0.406049	0.644843	0.969909	0.644843	0.644843	0.969909	5.24408	0.969909	0.406049	0.644843	0.969909	0.644843
Ground state is obtained after 10 iterations. The current ground-state energy is -23.3908, in which electron energy is -23.3923 and phonon energy is 0.00150638
final variational state is: 
Gamma_x =       1 1.00532 1.00927 1.00532 1.00532 1.00927 1.01269 1.00927 1.00927 1.01269 1.01584 1.01269 1.00532 1.00927 1.01269 1.00927
lambda_q = 0.497302 0.158296 0.147962 0.158296 0.158296 0.147962 0.141409 0.147962 0.147962 0.141409 0.136934 0.141409 0.158296 0.147962 0.141409 0.147962
o___o  -------------------------------------
| L |	Time since last clock: 0h 53m 49.283s
A===A	Time since the beginning: 1h 55m 56.479s
********************************************

************************************************************************************
starting warm-up calculation for scaling factor 2
0 rounds of non-Gaussian ED iteration : ground-state energy is -21.8101 | electron energy -21.8108 + phonon energy 0.000753188 | electron momentum kIdx = 0
Nq = 	16	0.0466051	0.0846748	0.0466051	0.0466051	0.0846748	0.119069	0.0846748	0.0846748	0.119069	0.151604	0.119069	0.0466051	0.0846748	0.119069	0.0846748
Sq = 	4.84393e-19	0.404608	0.64556	0.404608	0.404608	0.64556	0.976142	0.64556	0.64556	0.976142	5.28129	0.976142	0.404608	0.64556	0.976142	0.64556
1 rounds of non-Gaussian ED iteration : ground-state energy is -22.2858 | electron energy -22.2869 + phonon energy 0.00110753 | electron momentum kIdx = 0
Nq = 	16	0.0462471	0.0840875	0.0462471	0.0462471	0.0840875	0.118285	0.0840875	0.0840875	0.118285	0.150636	0.118285	0.0462471	0.0840875	0.118285	0.0840875
Sq = 	-1.6964e-18	0.404393	0.64567	0.404393	0.404393	0.64567	0.977081	0.64567	0.64567	0.977081	5.28679	0.977081	0.404393	0.64567	0.977081	0.64567
2 rounds of non-Gaussian ED iteration : ground-state energy is -22.5982 | electron energy -22.5994 + phonon energy 0.00120884 | electron momentum kIdx = 0
Nq = 	16	0.0461144	0.0838709	0.0461144	0.0461144	0.0838709	0.117999	0.0838709	0.0838709	0.117999	0.150287	0.117999	0.0461144	0.0838709	0.117999	0.0838709
Sq = 	-4.74893e-19	0.404311	0.64571	0.404311	0.404311	0.64571	0.977431	0.64571	0.64571	0.977431	5.28881	0.977431	0.404311	0.64571	0.977431	0.64571
3 rounds of non-Gaussian ED iteration : ground-state energy is -22.8069 | electron energy -22.8082 + phonon energy 0.00122921 | electron momentum kIdx = 0
Nq = 	16	0.0460698	0.0837984	0.0460698	0.0460698	0.0837984	0.117904	0.0837984	0.0837984	0.117904	0.150172	0.117904	0.0460698	0.0837984	0.117904	0.0837984
Sq = 	-6.96336e-19	0.404282	0.645723	0.404282	0.404282	0.645723	0.977549	0.645723	0.645723	0.977549	5.28948	0.977549	0.404282	0.645723	0.977549	0.645723
4 rounds of non-Gaussian ED iteration : ground-state energy is -22.9468 | electron energy -22.948 + phonon energy 0.00122775 | electron momentum kIdx = 0
Nq = 	16	0.0460551	0.0837746	0.0460551	0.0460551	0.0837746	0.117873	0.0837746	0.0837746	0.117873	0.150134	0.117873	0.0460551	0.0837746	0.117873	0.0837746
Sq = 	-2.02723e-19	0.404273	0.645727	0.404273	0.404273	0.645727	0.977588	0.645727	0.645727	0.977588	5.2897	0.977588	0.404273	0.645727	0.977588	0.645727
5 rounds of non-Gaussian ED iteration : ground-state energy is -23.0406 | electron energy -23.0418 + phonon energy 0.00122204 | electron momentum kIdx = 0
Nq = 	16	0.0460501	0.0837667	0.0460501	0.0460501	0.0837667	0.117863	0.0837667	0.0837667	0.117863	0.150122	0.117863	0.0460501	0.0837667	0.117863	0.0837667
Sq = 	-1.02053e-18	0.404269	0.645728	0.404269	0.404269	0.645728	0.977601	0.645728	0.645728	0.977601	5.28977	0.977601	0.404269	0.645728	0.977601	0.645728
6 rounds of non-Gaussian ED iteration : ground-state energy is -23.1034 | electron energy -23.1046 + phonon energy 0.0012167 | electron momentum kIdx = 0
Nq = 	16	0.0460485	0.083764	0.0460485	0.0460485	0.083764	0.117859	0.083764	0.083764	0.117859	0.150118	0.117859	0.0460485	0.083764	0.117859	0.083764
Sq = 	-5.41279e-19	0.404268	0.645729	0.404268	0.404268	0.645729	0.977606	0.645729	0.645729	0.977606	5.2898	0.977606	0.404268	0.645729	0.977606	0.645729
7 rounds of non-Gaussian ED iteration : ground-state energy is -23.1456 | electron energy -23.1468 + phonon energy 0.00121263 | electron momentum kIdx = 0
Nq = 	16	0.0460479	0.083763	0.0460479	0.0460479	0.083763	0.117858	0.083763	0.083763	0.117858	0.150116	0.117858	0.0460479	0.083763	0.117858	0.083763
Sq = 	-1.83635e-19	0.404268	0.645729	0.404268	0.404268	0.645729	0.977607	0.645729	0.645729	0.977607	5.28981	0.977607	0.404268	0.645729	0.977607	0.645729
8 rounds of non-Gaussian ED iteration : ground-state energy is -23.1738 | electron energy -23.175 + phonon energy 0.00120974 | electron momentum kIdx = 0
Nq = 	16	0.0460476	0.0837626	0.0460476	0.0460476	0.0837626	0.117857	0.0837626	0.0837626	0.117857	0.150116	0.117857	0.0460476	0.0837626	0.117857	0.0837626
Sq = 	-4.1844e-19	0.404268	0.645729	0.404268	0.404268	0.645729	0.977608	0.645729	0.645729	0.977608	5.28981	0.977608	0.404268	0.645729	0.977608	0.645729
9 rounds of non-Gaussian ED iteration : ground-state energy is -23.1927 | electron energy -23.1939 + phonon energy 0.00120773 | electron momentum kIdx = 0
Nq = 	16	0.0460475	0.0837625	0.0460475	0.0460475	0.0837625	0.117857	0.0837625	0.0837625	0.117857	0.150116	0.117857	0.0460475	0.0837625	0.117857	0.0837625
Sq = 	2.1935e-20	0.404268	0.645729	0.404268	0.404268	0.645729	0.977608	0.645729	0.645729	0.977608	5.28981	0.977608	0.404268	0.645729	0.977608	0.645729
10 rounds of non-Gaussian ED iteration : ground-state energy is -23.2054 | electron energy -23.2066 + phonon energy 0.00120636 | electron momentum kIdx = 0
Nq = 	16	0.0460475	0.0837624	0.0460475	0.0460475	0.0837624	0.117857	0.0837624	0.0837624	0.117857	0.150115	0.117857	0.0460475	0.0837624	0.117857	0.0837624
Sq = 	3.43416e-19	0.404268	0.645729	0.404268	0.404268	0.645729	0.977608	0.645729	0.645729	0.977608	5.28981	0.977608	0.404268	0.645729	0.977608	0.645729
11 rounds of non-Gaussian ED iteration : ground-state energy is -23.2139 | electron energy -23.2151 + phonon energy 0.00120543 | electron momentum kIdx = 0
Nq = 	16	0.0460474	0.0837623	0.0460474	0.0460474	0.0837623	0.117857	0.0837623	0.0837623	0.117857	0.150115	0.117857	0.0460474	0.0837623	0.117857	0.0837623
Sq = 	-4.73481e-19	0.404268	0.645729	0.404268	0.404268	0.645729	0.977608	0.645729	0.645729	0.977608	5.28981	0.977608	0.404268	0.645729	0.977608	0.645729
12 rounds of non-Gaussian ED iteration : ground-state energy is -23.2196 | electron energy -23.2208 + phonon energy 0.0012048 | electron momentum kIdx = 0
Nq = 	16	0.0460474	0.0837623	0.0460474	0.0460474	0.0837623	0.117857	0.0837623	0.0837623	0.117857	0.150115	0.117857	0.0460474	0.0837623	0.117857	0.0837623
Sq = 	1.89341e-19	0.404268	0.645729	0.404268	0.404268	0.645729	0.977608	0.645729	0.645729	0.977608	5.28981	0.977608	0.404268	0.645729	0.977608	0.645729
13 rounds of non-Gaussian ED iteration : ground-state energy is -23.2234 | electron energy -23.2246 + phonon energy 0.00120438 | electron momentum kIdx = 0
Nq = 	16	0.0460474	0.0837623	0.0460474	0.0460474	0.0837623	0.117857	0.0837623	0.0837623	0.117857	0.150115	0.117857	0.0460474	0.0837623	0.117857	0.0837623
Sq = 	8.69367e-21	0.404268	0.645729	0.404268	0.404268	0.645729	0.977608	0.645729	0.645729	0.977608	5.28981	0.977608	0.404268	0.645729	0.977608	0.645729
14 rounds of non-Gaussian ED iteration : ground-state energy is -23.226 | electron energy -23.2272 + phonon energy 0.00120409 | electron momentum kIdx = 0
Nq = 	16	0.0460474	0.0837623	0.0460474	0.0460474	0.0837623	0.117857	0.0837623	0.0837623	0.117857	0.150115	0.117857	0.0460474	0.0837623	0.117857	0.0837623
Sq = 	4.52716e-19	0.404268	0.645729	0.404268	0.404268	0.645729	0.977608	0.645729	0.645729	0.977608	5.28982	0.977608	0.404268	0.645729	0.977608	0.645729
15 rounds of non-Gaussian ED iteration : ground-state energy is -23.2277 | electron energy -23.2289 + phonon energy 0.00120389 | electron momentum kIdx = 0
Nq = 	16	0.0460474	0.0837623	0.0460474	0.0460474	0.0837623	0.117857	0.0837623	0.0837623	0.117857	0.150115	0.117857	0.0460474	0.0837623	0.117857	0.0837623
Sq = 	-8.7502e-19	0.404268	0.645729	0.404268	0.404268	0.645729	0.977608	0.645729	0.645729	0.977608	5.28982	0.977608	0.404268	0.645729	0.977608	0.645729
16 rounds of non-Gaussian ED iteration : ground-state energy is -23.2289 | electron energy -23.2301 + phonon energy 0.00120376 | electron momentum kIdx = 0
Nq = 	16	0.0460474	0.0837623	0.0460474	0.0460474	0.0837623	0.117857	0.0837623	0.0837623	0.117857	0.150115	0.117857	0.0460474	0.0837623	0.117857	0.0837623
Sq = 	7.65804e-19	0.404268	0.645729	0.404268	0.404268	0.645729	0.977608	0.645729	0.645729	0.977608	5.28982	0.977608	0.404268	0.645729	0.977608	0.645729
Ground state is obtained after 17 iterations. The current ground-state energy is -23.2296, in which electron energy is -23.2308 and phonon energy is 0.00120367
final variational state is: 
Gamma_x =       1 1.00687 1.01181 1.00687 1.00687 1.01181   1.016 1.01181 1.01181   1.016 1.01983   1.016 1.00687 1.01181   1.016 1.01181
lambda_q = 0.700105 0.128381 0.119201 0.128381 0.128381 0.119201 0.113386 0.119201 0.119201 0.113386 0.109446 0.113386 0.128381 0.119201 0.113386 0.119201
o___o  -------------------------------------
| L |	Time since last clock: 1h 29m 21.1s
A===A	Time since the beginning: 3h 25m 17.58s
********************************************

************************************************************************************
Warm up completed
o___o  -------------------------------------
| L |	Time since last clock: 0h 0m 0.028s
A===A	Time since the beginning: 3h 25m 17.608s
********************************************

************************************************************************************
0 rounds of non-Gaussian ED iteration : ground-state energy is -21.6853 | electron energy -21.6859 + phonon energy 0.000601835 | electron momentum kIdx = 0
Nq = 	16	0.0445964	0.0813783	0.0445964	0.0445964	0.0813783	0.114685	0.0813783	0.0813783	0.114685	0.146219	0.114685	0.0445964	0.0813783	0.114685	0.0813783
Sq = 	9.65834e-20	0.403364	0.646179	0.403364	0.403364	0.646179	0.98148	0.646179	0.646179	0.981481	5.31193	0.981481	0.403364	0.646179	0.98148	0.646179
1 rounds of non-Gaussian ED iteration : ground-state energy is -21.9564 | electron energy -21.9572 + phonon energy 0.000740544 | electron momentum kIdx = 0
Nq = 	16	0.0443491	0.0809701	0.0443491	0.0443491	0.0809701	0.114141	0.0809701	0.0809701	0.114141	0.145547	0.114141	0.0443491	0.0809701	0.114141	0.0809701
Sq = 	-7.0379e-19	0.403208	0.646258	0.403208	0.403208	0.646258	0.982148	0.646258	0.646258	0.982148	5.3157	0.982148	0.403208	0.646258	0.982148	0.646258
2 rounds of non-Gaussian ED iteration : ground-state energy is -22.1711 | electron energy -22.1719 + phonon energy 0.000779976 | electron momentum kIdx = 0
Nq = 	16	0.0442508	0.0808084	0.0442508	0.0442508	0.0808084	0.113927	0.0808084	0.0808084	0.113927	0.145286	0.113927	0.0442508	0.0808084	0.113927	0.0808084
Sq = 	9.96883e-19	0.403145	0.646288	0.403145	0.403145	0.646288	0.982415	0.646288	0.646288	0.982415	5.31718	0.982415	0.403145	0.646288	0.982415	0.646288
3 rounds of non-Gaussian ED iteration : ground-state energy is -22.3461 | electron energy -22.3469 + phonon energy 0.000787937 | electron momentum kIdx = 0
Nq = 	16	0.0442159	0.0807514	0.0442159	0.0442159	0.0807514	0.113852	0.0807514	0.0807514	0.113852	0.145195	0.113852	0.0442159	0.0807514	0.113852	0.0807514
Sq = 	5.54769e-19	0.403122	0.646298	0.403122	0.403122	0.646298	0.982511	0.646298	0.646298	0.982511	5.31771	0.982511	0.403122	0.646298	0.982511	0.646298
4 rounds of non-Gaussian ED iteration : ground-state energy is -22.4893 | electron energy -22.4901 + phonon energy 0.000786565 | electron momentum kIdx = 0
Nq = 	16	0.0442038	0.0807318	0.0442038	0.0442038	0.0807318	0.113826	0.0807318	0.0807318	0.113826	0.145164	0.113826	0.0442038	0.0807318	0.113826	0.0807318
Sq = 	1.18447e-20	0.403114	0.646302	0.403114	0.403114	0.646302	0.982543	0.646302	0.646302	0.982543	5.31789	0.982543	0.403114	0.646302	0.982543	0.646302
5 rounds of non-Gaussian ED iteration : ground-state energy is -22.6065 | electron energy -22.6073 + phonon energy 0.000782869 | electron momentum kIdx = 0
Nq = 	16	0.0441997	0.080725	0.0441997	0.0441997	0.080725	0.113817	0.080725	0.080725	0.113817	0.145154	0.113817	0.0441997	0.080725	0.113817	0.080725
Sq = 	-5.86041e-19	0.403111	0.646303	0.403111	0.403111	0.646303	0.982555	0.646303	0.646303	0.982555	5.31795	0.982555	0.403111	0.646303	0.982555	0.646303
6 rounds of non-Gaussian ED iteration : ground-state energy is -22.7025 | electron energy -22.7032 + phonon energy 0.000778998 | electron momentum kIdx = 0
Nq = 	16	0.0441982	0.0807226	0.0441982	0.0441982	0.0807226	0.113814	0.0807226	0.0807226	0.113814	0.14515	0.113814	0.0441982	0.0807226	0.113814	0.0807226
Sq = 	-7.38562e-19	0.40311	0.646303	0.40311	0.40311	0.646303	0.982559	0.646303	0.646303	0.982559	5.31797	0.982559	0.40311	0.646303	0.982559	0.646303
7 rounds of non-Gaussian ED iteration : ground-state energy is -22.781 | electron energy -22.7818 + phonon energy 0.000775547 | electron momentum kIdx = 0
Nq = 	16	0.0441976	0.0807218	0.0441976	0.0441976	0.0807218	0.113813	0.0807218	0.0807218	0.113813	0.145149	0.113813	0.0441976	0.0807218	0.113813	0.0807218
Sq = 	-4.09166e-20	0.403109	0.646304	0.403109	0.403109	0.646304	0.98256	0.646304	0.646304	0.98256	5.31798	0.98256	0.403109	0.646304	0.98256	0.646304
8 rounds of non-Gaussian ED iteration : ground-state energy is -22.8454 | electron energy -22.8461 + phonon energy 0.000772625 | electron momentum kIdx = 0
Nq = 	16	0.0441974	0.0807214	0.0441974	0.0441974	0.0807214	0.113813	0.0807214	0.0807214	0.113813	0.145148	0.113813	0.0441974	0.0807214	0.113813	0.0807214
Sq = 	-8.01114e-20	0.403109	0.646304	0.403109	0.403109	0.646304	0.982561	0.646304	0.646304	0.982561	5.31798	0.982561	0.403109	0.646304	0.982561	0.646304
9 rounds of non-Gaussian ED iteration : ground-state energy is -22.898 | electron energy -22.8988 + phonon energy 0.000770196 | electron momentum kIdx = 0
Nq = 	16	0.0441973	0.0807212	0.0441973	0.0441973	0.0807212	0.113812	0.0807212	0.0807212	0.113812	0.145148	0.113812	0.0441973	0.0807212	0.113812	0.0807212
Sq = 	-1.45848e-19	0.403109	0.646304	0.403109	0.403109	0.646304	0.982561	0.646304	0.646304	0.982561	5.31798	0.982561	0.403109	0.646304	0.982561	0.646304
10 rounds of non-Gaussian ED iteration : ground-state energy is -22.9411 | electron energy -22.9419 + phonon energy 0.000768193 | electron momentum kIdx = 0
Nq = 	16	0.0441972	0.0807211	0.0441972	0.0441972	0.0807211	0.113812	0.0807211	0.0807211	0.113812	0.145148	0.113812	0.0441972	0.0807211	0.113812	0.0807211
Sq = 	2.49815e-19	0.403109	0.646304	0.403109	0.403109	0.646304	0.982561	0.646304	0.646304	0.982561	5.31798	0.982561	0.403109	0.646304	0.982561	0.646304
11 rounds of non-Gaussian ED iteration : ground-state energy is -22.9764 | electron energy -22.9772 + phonon energy 0.000766545 | electron momentum kIdx = 0
Nq = 	16	0.0441972	0.080721	0.0441972	0.0441972	0.080721	0.113812	0.080721	0.080721	0.113812	0.145148	0.113812	0.0441972	0.080721	0.113812	0.080721
Sq = 	3.53139e-19	0.403109	0.646304	0.403109	0.403109	0.646304	0.982562	0.646304	0.646304	0.982562	5.31798	0.982562	0.403109	0.646304	0.982562	0.646304
12 rounds of non-Gaussian ED iteration : ground-state energy is -23.0053 | electron energy -23.0061 + phonon energy 0.00076519 | electron momentum kIdx = 0
Nq = 	16	0.0441972	0.080721	0.0441972	0.0441972	0.080721	0.113812	0.080721	0.080721	0.113812	0.145148	0.113812	0.0441972	0.080721	0.113812	0.080721
Sq = 	-1.34842e-18	0.403109	0.646304	0.403109	0.403109	0.646304	0.982562	0.646304	0.646304	0.982562	5.31798	0.982562	0.403109	0.646304	0.982562	0.646304
13 rounds of non-Gaussian ED iteration : ground-state energy is -23.029 | electron energy -23.0298 + phonon energy 0.000764077 | electron momentum kIdx = 0
Nq = 	16	0.0441971	0.0807209	0.0441971	0.0441971	0.0807209	0.113812	0.0807209	0.0807209	0.113812	0.145148	0.113812	0.0441971	0.0807209	0.113812	0.0807209
Sq = 	7.09203e-19	0.403109	0.646304	0.403109	0.403109	0.646304	0.982562	0.646304	0.646304	0.982562	5.31798	0.982562	0.403109	0.646304	0.982562	0.646304
14 rounds of non-Gaussian ED iteration : ground-state energy is -23.0484 | electron energy -23.0491 + phonon energy 0.000763163 | electron momentum kIdx = 0
Nq = 	16	0.0441971	0.0807209	0.0441971	0.0441971	0.0807209	0.113812	0.0807209	0.0807209	0.113812	0.145147	0.113812	0.0441971	0.0807209	0.113812	0.0807209
Sq = 	-4.97427e-19	0.403109	0.646304	0.403109	0.403109	0.646304	0.982562	0.646304	0.646304	0.982562	5.31798	0.982562	0.403109	0.646304	0.982562	0.646304
15 rounds of non-Gaussian ED iteration : ground-state energy is -23.0642 | electron energy -23.065 + phonon energy 0.000762412 | electron momentum kIdx = 0
Nq = 	16	0.0441971	0.0807209	0.0441971	0.0441971	0.0807209	0.113812	0.0807209	0.0807209	0.113812	0.145147	0.113812	0.0441971	0.0807209	0.113812	0.0807209
Sq = 	-3.25349e-19	0.403109	0.646304	0.403109	0.403109	0.646304	0.982562	0.646304	0.646304	0.982562	5.31799	0.982562	0.403109	0.646304	0.982562	0.646304
16 rounds of non-Gaussian ED iteration : ground-state energy is -23.0772 | electron energy -23.078 + phonon energy 0.000761794 | electron momentum kIdx = 0
Nq = 	16	0.0441971	0.0807209	0.0441971	0.0441971	0.0807209	0.113812	0.0807209	0.0807209	0.113812	0.145147	0.113812	0.0441971	0.0807209	0.113812	0.0807209
Sq = 	-5.54125e-21	0.403109	0.646304	0.403109	0.403109	0.646304	0.982562	0.646304	0.646304	0.982562	5.31799	0.982562	0.403109	0.646304	0.982562	0.646304
17 rounds of non-Gaussian ED iteration : ground-state energy is -23.0879 | electron energy -23.0886 + phonon energy 0.000761287 | electron momentum kIdx = 0
Nq = 	16	0.0441971	0.0807208	0.0441971	0.0441971	0.0807208	0.113812	0.0807208	0.0807208	0.113812	0.145147	0.113812	0.0441971	0.0807208	0.113812	0.0807208
Sq = 	-7.68999e-19	0.403109	0.646304	0.403109	0.403109	0.646304	0.982562	0.646304	0.646304	0.982562	5.31799	0.982562	0.403109	0.646304	0.982562	0.646304
18 rounds of non-Gaussian ED iteration : ground-state energy is -23.0966 | electron energy -23.0973 + phonon energy 0.00076087 | electron momentum kIdx = 0
Nq = 	16	0.0441971	0.0807208	0.0441971	0.0441971	0.0807208	0.113812	0.0807208	0.0807208	0.113812	0.145147	0.113812	0.0441971	0.0807208	0.113812	0.0807208
Sq = 	4.52881e-19	0.403109	0.646304	0.403109	0.403109	0.646304	0.982562	0.646304	0.646304	0.982562	5.31799	0.982562	0.403109	0.646304	0.982562	0.646304
19 rounds of non-Gaussian ED iteration : ground-state energy is -23.1037 | electron energy -23.1044 + phonon energy 0.000760528 | electron momentum kIdx = 0
Nq = 	16	0.0441971	0.0807208	0.0441971	0.0441971	0.0807208	0.113812	0.0807208	0.0807208	0.113812	0.145147	0.113812	0.0441971	0.0807208	0.113812	0.0807208
Sq = 	-2.87795e-19	0.403109	0.646304	0.403109	0.403109	0.646304	0.982562	0.646304	0.646304	0.982562	5.31799	0.982562	0.403109	0.646304	0.982562	0.646304
20 rounds of non-Gaussian ED iteration : ground-state energy is -23.1095 | electron energy -23.1103 + phonon energy 0.000760246 | electron momentum kIdx = 0
Nq = 	16	0.0441971	0.0807208	0.0441971	0.0441971	0.0807208	0.113812	0.0807208	0.0807208	0.113812	0.145147	0.113812	0.0441971	0.0807208	0.113812	0.0807208
Sq = 	3.46661e-19	0.403109	0.646304	0.403109	0.403109	0.646304	0.982562	0.646304	0.646304	0.982562	5.31799	0.982562	0.403109	0.646304	0.982562	0.646304
21 rounds of non-Gaussian ED iteration : ground-state energy is -23.1143 | electron energy -23.1151 + phonon energy 0.000760015 | electron momentum kIdx = 0
Nq = 	16	0.0441971	0.0807208	0.0441971	0.0441971	0.0807208	0.113812	0.0807208	0.0807208	0.113812	0.145147	0.113812	0.0441971	0.0807208	0.113812	0.0807208
Sq = 	-1.07694e-19	0.403109	0.646304	0.403109	0.403109	0.646304	0.982562	0.646304	0.646304	0.982562	5.31799	0.982562	0.403109	0.646304	0.982562	0.646304
22 rounds of non-Gaussian ED iteration : ground-state energy is -23.1182 | electron energy -23.119 + phonon energy 0.000759825 | electron momentum kIdx = 0
Nq = 	16	0.0441971	0.0807208	0.0441971	0.0441971	0.0807208	0.113812	0.0807208	0.0807208	0.113812	0.145147	0.113812	0.0441971	0.0807208	0.113812	0.0807208
Sq = 	1.20538e-18	0.403109	0.646304	0.403109	0.403109	0.646304	0.982562	0.646304	0.646304	0.982562	5.31799	0.982562	0.403109	0.646304	0.982562	0.646304
23 rounds of non-Gaussian ED iteration : ground-state energy is -23.1214 | electron energy -23.1222 + phonon energy 0.000759668 | electron momentum kIdx = 0
Nq = 	16	0.0441971	0.0807208	0.0441971	0.0441971	0.0807208	0.113812	0.0807208	0.0807208	0.113812	0.145147	0.113812	0.0441971	0.0807208	0.113812	0.0807208
Sq = 	-1.05122e-18	0.403109	0.646304	0.403109	0.403109	0.646304	0.982562	0.646304	0.646304	0.982562	5.31799	0.982562	0.403109	0.646304	0.982562	0.646304
24 rounds of non-Gaussian ED iteration : ground-state energy is -23.124 | electron energy -23.1248 + phonon energy 0.00075954 | electron momentum kIdx = 0
Nq = 	16	0.044197	0.0807208	0.044197	0.044197	0.0807208	0.113812	0.0807208	0.0807208	0.113812	0.145147	0.113812	0.044197	0.0807208	0.113812	0.0807208
Sq = 	1.31359e-19	0.403109	0.646304	0.403109	0.403109	0.646304	0.982562	0.646304	0.646304	0.982562	5.31799	0.982562	0.403109	0.646304	0.982562	0.646304
25 rounds of non-Gaussian ED iteration : ground-state energy is -23.1262 | electron energy -23.1269 + phonon energy 0.000759434 | electron momentum kIdx = 0
Nq = 	16	0.044197	0.0807208	0.044197	0.044197	0.0807208	0.113812	0.0807208	0.0807208	0.113812	0.145147	0.113812	0.044197	0.0807208	0.113812	0.0807208
Sq = 	2.50357e-19	0.403109	0.646304	0.403109	0.403109	0.646304	0.982562	0.646304	0.646304	0.982562	5.31799	0.982562	0.403109	0.646304	0.982562	0.646304
26 rounds of non-Gaussian ED iteration : ground-state energy is -23.1279 | electron energy -23.1287 + phonon energy 0.000759348 | electron momentum kIdx = 0
Nq = 	16	0.044197	0.0807208	0.044197	0.044197	0.0807208	0.113812	0.0807208	0.0807208	0.113812	0.145147	0.113812	0.044197	0.0807208	0.113812	0.0807208
Sq = 	-5.09261e-19	0.403109	0.646304	0.403109	0.403109	0.646304	0.982562	0.646304	0.646304	0.982562	5.31799	0.982562	0.403109	0.646304	0.982562	0.646304
27 rounds of non-Gaussian ED iteration : ground-state energy is -23.1294 | electron energy -23.1301 + phonon energy 0.000759276 | electron momentum kIdx = 0
Nq = 	16	0.044197	0.0807208	0.044197	0.044197	0.0807208	0.113812	0.0807208	0.0807208	0.113812	0.145147	0.113812	0.044197	0.0807208	0.113812	0.0807208
Sq = 	-1.06494e-18	0.403109	0.646304	0.403109	0.403109	0.646304	0.982562	0.646304	0.646304	0.982562	5.31799	0.982562	0.403109	0.646304	0.982562	0.646304
28 rounds of non-Gaussian ED iteration : ground-state energy is -23.1306 | electron energy -23.1313 + phonon energy 0.000759218 | electron momentum kIdx = 0
Nq = 	16	0.044197	0.0807208	0.044197	0.044197	0.0807208	0.113812	0.0807208	0.0807208	0.113812	0.145147	0.113812	0.044197	0.0807208	0.113812	0.0807208
Sq = 	4.80617e-19	0.403109	0.646304	0.403109	0.403109	0.646304	0.982562	0.646304	0.646304	0.982562	5.31799	0.982562	0.403109	0.646304	0.982562	0.646304
29 rounds of non-Gaussian ED iteration : ground-state energy is -23.1315 | electron energy -23.1323 + phonon energy 0.000759169 | electron momentum kIdx = 0
Nq = 	16	0.044197	0.0807208	0.044197	0.044197	0.0807208	0.113812	0.0807208	0.0807208	0.113812	0.145147	0.113812	0.044197	0.0807208	0.113812	0.0807208
Sq = 	1.0475e-19	0.403109	0.646304	0.403109	0.403109	0.646304	0.982562	0.646304	0.646304	0.982562	5.31799	0.982562	0.403109	0.646304	0.982562	0.646304
30 rounds of non-Gaussian ED iteration : ground-state energy is -23.1323 | electron energy -23.1331 + phonon energy 0.00075913 | electron momentum kIdx = 0
Nq = 	16	0.044197	0.0807208	0.044197	0.044197	0.0807208	0.113812	0.0807208	0.0807208	0.113812	0.145147	0.113812	0.044197	0.0807208	0.113812	0.0807208
Sq = 	-3.34514e-19	0.403109	0.646304	0.403109	0.403109	0.646304	0.982562	0.646304	0.646304	0.982562	5.31799	0.982562	0.403109	0.646304	0.982562	0.646304
31 rounds of non-Gaussian ED iteration : ground-state energy is -23.133 | electron energy -23.1337 + phonon energy 0.000759097 | electron momentum kIdx = 0
Nq = 	16	0.044197	0.0807208	0.044197	0.044197	0.0807208	0.113812	0.0807208	0.0807208	0.113812	0.145147	0.113812	0.044197	0.0807208	0.113812	0.0807208
Sq = 	7.22789e-19	0.403109	0.646304	0.403109	0.403109	0.646304	0.982562	0.646304	0.646304	0.982562	5.31799	0.982562	0.403109	0.646304	0.982562	0.646304
32 rounds of non-Gaussian ED iteration : ground-state energy is -23.1335 | electron energy -23.1342 + phonon energy 0.00075907 | electron momentum kIdx = 0
Nq = 	16	0.044197	0.0807208	0.044197	0.044197	0.0807208	0.113812	0.0807208	0.0807208	0.113812	0.145147	0.113812	0.044197	0.0807208	0.113812	0.0807208
Sq = 	7.26041e-20	0.403109	0.646304	0.403109	0.403109	0.646304	0.982562	0.646304	0.646304	0.982562	5.31799	0.982562	0.403109	0.646304	0.982562	0.646304
33 rounds of non-Gaussian ED iteration : ground-state energy is -23.1339 | electron energy -23.1347 + phonon energy 0.000759048 | electron momentum kIdx = 0
Nq = 	16	0.044197	0.0807208	0.044197	0.044197	0.0807208	0.113812	0.0807208	0.0807208	0.113812	0.145147	0.113812	0.044197	0.0807208	0.113812	0.0807208
Sq = 	-7.26818e-19	0.403109	0.646304	0.403109	0.403109	0.646304	0.982562	0.646304	0.646304	0.982562	5.31799	0.982562	0.403109	0.646304	0.982562	0.646304
34 rounds of non-Gaussian ED iteration : ground-state energy is -23.1343 | electron energy -23.135 + phonon energy 0.00075903 | electron momentum kIdx = 0
Nq = 	16	0.044197	0.0807208	0.044197	0.044197	0.0807208	0.113812	0.0807208	0.0807208	0.113812	0.145147	0.113812	0.044197	0.0807208	0.113812	0.0807208
Sq = 	-1.86879e-19	0.403109	0.646304	0.403109	0.403109	0.646304	0.982562	0.646304	0.646304	0.982562	5.31799	0.982562	0.403109	0.646304	0.982562	0.646304
35 rounds of non-Gaussian ED iteration : ground-state energy is -23.1346 | electron energy -23.1353 + phonon energy 0.000759015 | electron momentum kIdx = 0
Nq = 	16	0.044197	0.0807208	0.044197	0.044197	0.0807208	0.113812	0.0807208	0.0807208	0.113812	0.145147	0.113812	0.044197	0.0807208	0.113812	0.0807208
Sq = 	8.82006e-19	0.403109	0.646304	0.403109	0.403109	0.646304	0.982562	0.646304	0.646304	0.982562	5.31799	0.982562	0.403109	0.646304	0.982562	0.646304
36 rounds of non-Gaussian ED iteration : ground-state energy is -23.1348 | electron energy -23.1356 + phonon energy 0.000759003 | electron momentum kIdx = 0
Nq = 	16	0.044197	0.0807208	0.044197	0.044197	0.0807208	0.113812	0.0807208	0.0807208	0.113812	0.145147	0.113812	0.044197	0.0807208	0.113812	0.0807208
Sq = 	-6.15518e-19	0.403109	0.646304	0.403109	0.403109	0.646304	0.982562	0.646304	0.646304	0.982562	5.31799	0.982562	0.403109	0.646304	0.982562	0.646304
37 rounds of non-Gaussian ED iteration : ground-state energy is -23.135 | electron energy -23.1358 + phonon energy 0.000758993 | electron momentum kIdx = 0
