SNEDics v3.4 Non-Gaussian ED ground state program		Start at Thu Oct  3 09:53:39 2019

parallized on 16 MPI threads  * 8 OpenMP threads = 128 total threads.
********************************************************************************************************************
********************************************************************************************************************

********************************************************************************************************************
System parameters and configurations
********************************************************************************************************************
Special program options are enabled: splitted diagonal Hamiltonian
********************************************************************************************************************
Read input file "model_params.in"
	Hubbard-Holstein model parameters : 	t = 1    U = 4.3    g = 3.4641    W = 5    
********************************************************************************************************************
Read input file "hilbertspace_params.in"
	Requested 16-site 2D lattice, with 16 electrons (8, 8)
	Boundary : Periodic		Hilbert space representation : momentum-space (restricted to kIdx = 0)
	Conservation: particle number[U(1)]      spin[U(1)]     momentum
********************************************************************************************************************

Cluster Positions:				Cluster symmetry group : D4
 x ... x ... x ... x .....                       x ... x ... x ... x .....
 |           |           :                       |           |           :
 |           |           :                       |           |           :
12    13    14    15     x                       1     5     6     5     x
 |           |           :                       |           |           :
 |           |           :                       |           |           :
 8 --- 9 ---10 ---11 --- x                       2 --- 6 ---10 --- 6 --- x
 |           |           :                       |           |           :
 |           |           :                       |           |           :
 4     5     6     7     x                       1     5     6     5     x
 |           |           :                       |           |           :
 |           |           :                       |           |           :
 0 --- 1 --- 2 --- 3 --- x                       0 --- 1 --- 2 --- 1 --- x
orbital number : 1
********************************************************************************************************************
Read input file "obs_params.in"
	Observable Type : Nq(All),   Sq(All),   N(All),   Delta[s](All),   Delta[d](All),   Delta[s+](All)
********************************************************************************************************************
** WARNING ** the input observables have non-local factors which have been reinterpreted. The total observable number is 96
********************************************************************************************************************


********************************************************************************************************************
Start calculating the non-Gaussian ED ground state
** WARNING ** Detected low phonon energy W < 10. The initial state will be prepared through a warm-up process.
********************************************************************************************************************
Start warm-up calculation for scaling factor 2
open output files: NGSEDWarmUpW10Obs.txt
********************************************************************************************************************
Start the 0 rounds of NGS-ED iteration
	effective electronic model is modified as: kinetic energy t = 1
	                                           effective interaction Vq = [-0,-0,-0,-0,-0,-0,-0,-0,-0,-0,-0,-0,-0,-0,-0,-0]
	first Hamiltonian is constructed, non-zero numbers = 2845383612
	PARPACK diagonalization completed after 90 matrix-vector product operations.
	iteration results: : total energy is -13.084126 | electron energy -13.084126 + phonon energy 0.000000 | electron momentum kIdx = 0
	Nq(0) = 16,	Nq(1) = 0.146938,	Nq(2) = 0.221472,	Nq(3) = 0.146938,	Nq(4) = 0.146938,	Nq(5) = 0.221472,	Nq(6) = 0.300835,	Nq(7) = 0.221472,	Nq(8) = 0.221472,	Nq(9) = 0.300835,	Nq(10) = 0.366905,	Nq(11) = 0.300835,	Nq(12) = 0.146938,	Nq(13) = 0.221472,	Nq(14) = 0.300835,	Nq(15) = 0.221472,	Sq(0) = 1.66796e-18,	Sq(1) = 0.42744,	Sq(2) = 0.626004,	Sq(3) = 0.42744,	Sq(4) = 0.42744,	Sq(5) = 0.626004,	Sq(6) = 0.815682,	Sq(7) = 0.626004,	Sq(8) = 0.626004,	Sq(9) = 0.815682,	Sq(10) = 3.78466,	Sq(11) = 0.815682,	Sq(12) = 0.42744,	Sq(13) = 0.626004,	Sq(14) = 0.815682,	Sq(15) = 0.626004,	N(0) = 1.92113,	N(1) = 1.82574,	N(2) = 1,	N(3) = 1.82574,	N(4) = 1.82574,	N(5) = 1,	N(6) = 0.174265,	N(7) = 1,	N(8) = 1,	N(9) = 0.174265,	N(10) = 0.0788686,	N(11) = 0.174265,	N(12) = 1.82574,	N(13) = 1,	N(14) = 0.174265,	N(15) = 1,	Delta[s](0) = 0.16746,	Delta[s](1) = 0.141489,	Delta[s](2) = 0.110354,	Delta[s](3) = 0.141489,	Delta[s](4) = 0.141489,	Delta[s](5) = 0.110354,	Delta[s](6) = 0.0810606,	Delta[s](7) = 0.110354,	Delta[s](8) = 0.110354,	Delta[s](9) = 0.0810606,	Delta[s](10) = 0.0236365,	Delta[s](11) = 0.0810606,	Delta[s](12) = 0.141489,	Delta[s](13) = 0.110354,	Delta[s](14) = 0.0810606,	Delta[s](15) = 0.110354,	Delta[d](0) = 0.560792,	Delta[d](1) = 0.386072,	Delta[d](2) = 0.308323,	Delta[d](3) = 0.386072,	Delta[d](4) = 0.386072,	Delta[d](5) = 0.326185,	Delta[d](6) = 0.234793,	Delta[d](7) = 0.326185,	Delta[d](8) = 0.308323,	Delta[d](9) = 0.234793,	Delta[d](10) = 0.102947,	Delta[d](11) = 0.234793,	Delta[d](12) = 0.386072,	Delta[d](13) = 0.326185,	Delta[d](14) = 0.234793,	Delta[d](15) = 0.326185,	Delta[s+](0) = 0.591393,	Delta[s+](1) = 0.469029,	Delta[s+](2) = 0.308323,	Delta[s+](3) = 0.469029,	Delta[s+](4) = 0.469029,	Delta[s+](5) = 0.308323,	Delta[s+](6) = 0.154811,	Delta[s+](7) = 0.308323,	Delta[s+](8) = 0.308323,	Delta[s+](9) = 0.154811,	Delta[s+](10) = 0.0381364,	Delta[s+](11) = 0.154811,	Delta[s+](12) = 0.469029,	Delta[s+](13) = 0.308323,	Delta[s+](14) = 0.154811,	Delta[s+](15) = 0.308323
The 0-th iteration is completed.	|| time cost : 0h 8m 33.706s
********************************************************************************************************************
Start the 1 rounds of NGS-ED iteration
	effective electronic model is modified as: kinetic energy t = 0.941152
	                                           effective interaction Vq = [-2.07519,-1.88042,-1.81936,-1.88042,-1.88042,-1.81936,-1.79474,-1.81936,-1.81936,-1.79474,-1.77074,-1.79474,-1.88042,-1.81936,-1.79474,-1.81936]
	PARPACK diagonalization completed after 60 matrix-vector product operations.
	iteration results: : total energy is -53.619523 | electron energy -53.622861 + phonon energy 0.003338 | electron momentum kIdx = 0
The 1-th iteration is completed.	|| time cost : 0h 7m 47.03s
********************************************************************************************************************
Start the 2 rounds of NGS-ED iteration
	effective electronic model is modified as: kinetic energy t = 0.897734
	                                           effective interaction Vq = [-2.35604,-2.24099,-2.14368,-2.24099,-2.24099,-2.14368,-2.14846,-2.14368,-2.14368,-2.14846,-2.09699,-2.14846,-2.24099,-2.14368,-2.14846,-2.14368]
	PARPACK diagonalization completed after 60 matrix-vector product operations.
	iteration results: : total energy is -59.304220 | electron energy -59.330634 + phonon energy 0.026414 | electron momentum kIdx = 0
The 2-th iteration is completed.	|| time cost : 0h 0m 36.704s
********************************************************************************************************************
Start the 3 rounds of NGS-ED iteration
	effective electronic model is modified as: kinetic energy t = 0.880639
	                                           effective interaction Vq = [-2.39405,-2.32402,-2.22007,-2.32402,-2.32402,-2.22007,-2.24183,-2.22007,-2.22007,-2.24183,-2.17629,-2.24183,-2.32402,-2.22007,-2.24183,-2.22007]
	PARPACK diagonalization completed after 75 matrix-vector product operations.
	iteration results: : total energy is -60.216860 | electron energy -60.263357 + phonon energy 0.046497 | electron momentum kIdx = 0
The 3-th iteration is completed.	|| time cost : 0h 0m 41.684s
********************************************************************************************************************
Start the 4 rounds of NGS-ED iteration
	effective electronic model is modified as: kinetic energy t = 0.865031
	                                           effective interaction Vq = [-2.39919,-2.34591,-2.31611,-2.34591,-2.34591,-2.31611,-2.26962,-2.31611,-2.31611,-2.26962,-2.25805,-2.26962,-2.34591,-2.31611,-2.26962,-2.31611]
	PARPACK diagonalization completed after 60 matrix-vector product operations.
	iteration results: : total energy is -60.504520 | electron energy -60.565346 + phonon energy 0.060825 | electron momentum kIdx = 0
The 4-th iteration is completed.	|| time cost : 0h 0m 36.759s
********************************************************************************************************************
Start the 5 rounds of NGS-ED iteration
	effective electronic model is modified as: kinetic energy t = 0.859743
	                                           effective interaction Vq = [-2.39989,-2.35173,-2.34078,-2.35173,-2.35173,-2.34078,-2.27705,-2.34078,-2.34078,-2.27705,-2.28274,-2.27705,-2.35173,-2.34078,-2.27705,-2.34078]
	PARPACK diagonalization completed after 45 matrix-vector product operations.
	iteration results: : total energy is -60.540106 | electron energy -60.609116 + phonon energy 0.069010 | electron momentum kIdx = 0
The 5-th iteration is completed.	|| time cost : 0h 0m 32.064s
********************************************************************************************************************
Start the 6 rounds of NGS-ED iteration
	effective electronic model is modified as: kinetic energy t = 0.857978
	                                           effective interaction Vq = [-2.39998,-2.35344,-2.34816,-2.35344,-2.35344,-2.34816, -2.2792,-2.34816,-2.34816, -2.2792,-2.29097, -2.2792,-2.35344,-2.34816, -2.2792,-2.34816]
	PARPACK diagonalization completed after 30 matrix-vector product operations.
	iteration results: : total energy is -60.544433 | electron energy -60.616737 + phonon energy 0.072303 | electron momentum kIdx = 0
The 6-th iteration is completed.	|| time cost : 0h 0m 27.466s
********************************************************************************************************************
Start the 7 rounds of NGS-ED iteration
	effective electronic model is modified as: kinetic energy t = 0.85739
	                                           effective interaction Vq = [    -2.4,-2.35396,-2.35053,-2.35396,-2.35396,-2.35053,-2.27984,-2.35053,-2.35053,-2.27984,-2.29382,-2.27984,-2.35396,-2.35053,-2.27984,-2.35053]
	PARPACK diagonalization completed after 30 matrix-vector product operations.
	iteration results: : total energy is -60.544958 | electron energy -60.618442 + phonon energy 0.073483 | electron momentum kIdx = 0
The 7-th iteration is completed.	|| time cost : 0h 0m 27.65s
********************************************************************************************************************
Start the 8 rounds of NGS-ED iteration
	effective electronic model is modified as: kinetic energy t = 0.857195
	                                           effective interaction Vq = [    -2.4,-2.35412,-2.35131,-2.35412,-2.35412,-2.35131,-2.28003,-2.35131,-2.35131,-2.28003,-2.29483,-2.28003,-2.35412,-2.35131,-2.28003,-2.35131]
	PARPACK diagonalization completed after 30 matrix-vector product operations.
	iteration results: : total energy is -60.545023 | electron energy -60.618911 + phonon energy 0.073889 | electron momentum kIdx = 0
The 8-th iteration is completed.	|| time cost : 0h 0m 27.376s
********************************************************************************************************************
Start the 9 rounds of NGS-ED iteration
	effective electronic model is modified as: kinetic energy t = 0.85713
	                                           effective interaction Vq = [    -2.4,-2.35416,-2.35157,-2.35416,-2.35416,-2.35157,-2.28008,-2.35157,-2.35157,-2.28008,-2.29519,-2.28008,-2.35416,-2.35157,-2.28008,-2.35157]
	PARPACK diagonalization completed after 30 matrix-vector product operations.
	iteration results: : total energy is -60.545030 | electron energy -60.619056 + phonon energy 0.074026 | electron momentum kIdx = 0
	Nq(0) = 16,	Nq(1) = 0.391492,	Nq(2) = 0.743492,	Nq(3) = 0.391492,	Nq(4) = 0.391492,	Nq(5) = 0.743492,	Nq(6) = 0.634506,	Nq(7) = 0.743492,	Nq(8) = 0.743492,	Nq(9) = 0.634506,	Nq(10) = 0.905456,	Nq(11) = 0.634506,	Nq(12) = 0.391492,	Nq(13) = 0.743492,	Nq(14) = 0.634506,	Nq(15) = 0.743492,	Sq(0) = 7.39766e-18,	Sq(1) = 0.347416,	Sq(2) = 0.365374,	Sq(3) = 0.347416,	Sq(4) = 0.347416,	Sq(5) = 0.365374,	Sq(6) = 0.585324,	Sq(7) = 0.365374,	Sq(8) = 0.365374,	Sq(9) = 0.585324,	Sq(10) = 0.606393,	Sq(11) = 0.585324,	Sq(12) = 0.347416,	Sq(13) = 0.365374,	Sq(14) = 0.585324,	Sq(15) = 0.365374,	N(0) = 1.9993,	N(1) = 1.99797,	N(2) = 1,	N(3) = 1.99797,	N(4) = 1.99797,	N(5) = 1,	N(6) = 0.00202573,	N(7) = 1,	N(8) = 1,	N(9) = 0.00202573,	N(10) = 0.0006989,	N(11) = 0.00202573,	N(12) = 1.99797,	N(13) = 1,	N(14) = 0.00202573,	N(15) = 1,	Delta[s](0) = 0.72011,	Delta[s](1) = 0.311301,	Delta[s](2) = 0.263964,	Delta[s](3) = 0.311301,	Delta[s](4) = 0.311301,	Delta[s](5) = 0.263964,	Delta[s](6) = 0.239099,	Delta[s](7) = 0.263964,	Delta[s](8) = 0.263964,	Delta[s](9) = 0.239099,	Delta[s](10) = 0.229708,	Delta[s](11) = 0.239099,	Delta[s](12) = 0.311301,	Delta[s](13) = 0.263964,	Delta[s](14) = 0.239099,	Delta[s](15) = 0.263964,	Delta[d](0) = 0.34478,	Delta[d](1) = 0.283851,	Delta[d](2) = 0.257587,	Delta[d](3) = 0.283851,	Delta[d](4) = 0.283851,	Delta[d](5) = 0.249974,	Delta[d](6) = 0.236019,	Delta[d](7) = 0.249974,	Delta[d](8) = 0.257587,	Delta[d](9) = 0.236019,	Delta[d](10) = 0.155099,	Delta[d](11) = 0.236019,	Delta[d](12) = 0.283851,	Delta[d](13) = 0.249974,	Delta[d](14) = 0.236019,	Delta[d](15) = 0.249974,	Delta[s+](0) = 0.477919,	Delta[s+](1) = 0.391054,	Delta[s+](2) = 0.257587,	Delta[s+](3) = 0.391054,	Delta[s+](4) = 0.391054,	Delta[s+](5) = 0.257587,	Delta[s+](6) = 0.121224,	Delta[s+](7) = 0.257587,	Delta[s+](8) = 0.257587,	Delta[s+](9) = 0.121224,	Delta[s+](10) = 0.0335795,	Delta[s+](11) = 0.121224,	Delta[s+](12) = 0.391054,	Delta[s+](13) = 0.257587,	Delta[s+](14) = 0.121224,	Delta[s+](15) = 0.257587
The 9-th iteration is completed.	|| time cost : 0h 4m 46.727s
********************************************************************************************************************
********************************************************************************************************************
Ground state is obtained after 10 iterations. The current ground-state energy is -60.545, in which electron energy is -60.6191 and phonon energy is 0.0740255
final variational state is: 
	Gamma_x = [      1,1.02263,1.04438,1.02263,1.02263,1.04438,1.05425,1.04438,1.04438,1.05425,1.07436,1.05425,1.02263,1.04438,1.05425,1.04438]
	lambda_q = [0.489875,0.422207,0.420373,0.422207,0.422207,0.420373,  0.3804,0.420373,0.420373,  0.3804,0.387582,  0.3804,0.422207,0.420373,  0.3804,0.420373]
********************************************************************************************************************
o___o  ----------------------------------------
| L |	Time since last clock: 0h 0m 0s
A===A	Time since the beginning: 0h 24m 57.171s
***********************************************


********************************************************************************************************************
Warm up runs have been completed. Start calculating W = 5 phonon.
open output files: NGSEDIterationObs.txt
********************************************************************************************************************
Start the 0 rounds of NGS-ED iteration
	effective electronic model is modified as: kinetic energy t = 0.857109
	                                           effective interaction Vq = [-2.19407,-2.03384,-2.02886,-2.03384,-2.03384,-2.02886,-1.91197,-2.02886,-2.02886,-1.91197,-1.93415,-1.91197,-2.03384,-2.02886,-1.91197,-2.02886]
	PARPACK diagonalization completed after 75 matrix-vector product operations.
	iteration results: : total energy is -54.499841 | electron energy -54.536877 + phonon energy 0.037036 | electron momentum kIdx = 0
	Nq(0) = 16,	Nq(1) = 0.350768,	Nq(2) = 0.369537,	Nq(3) = 0.350768,	Nq(4) = 0.350768,	Nq(5) = 0.369537,	Nq(6) = 0.568901,	Nq(7) = 0.369537,	Nq(8) = 0.369537,	Nq(9) = 0.568901,	Nq(10) = 0.598245,	Nq(11) = 0.568901,	Nq(12) = 0.350768,	Nq(13) = 0.369537,	Nq(14) = 0.568901,	Nq(15) = 0.369537,	Sq(0) = 1.41605e-18,	Sq(1) = 0.386412,	Sq(2) = 0.557231,	Sq(3) = 0.386412,	Sq(4) = 0.386412,	Sq(5) = 0.557231,	Sq(6) = 0.646546,	Sq(7) = 0.557231,	Sq(8) = 0.557231,	Sq(9) = 0.646546,	Sq(10) = 2.03064,	Sq(11) = 0.646546,	Sq(12) = 0.386412,	Sq(13) = 0.557231,	Sq(14) = 0.646546,	Sq(15) = 0.557231,	N(0) = 1.99914,	N(1) = 1.99778,	N(2) = 1,	N(3) = 1.99778,	N(4) = 1.99778,	N(5) = 1,	N(6) = 0.00222294,	N(7) = 1,	N(8) = 1,	N(9) = 0.00222294,	N(10) = 0.000862122,	N(11) = 0.00222294,	N(12) = 1.99778,	N(13) = 1,	N(14) = 0.00222294,	N(15) = 1,	Delta[s](0) = 0.25661,	Delta[s](1) = 0.247991,	Delta[s](2) = 0.193001,	Delta[s](3) = 0.247991,	Delta[s](4) = 0.247991,	Delta[s](5) = 0.193001,	Delta[s](6) = 0.185411,	Delta[s](7) = 0.193001,	Delta[s](8) = 0.193001,	Delta[s](9) = 0.185411,	Delta[s](10) = 0.0988449,	Delta[s](11) = 0.185411,	Delta[s](12) = 0.247991,	Delta[s](13) = 0.193001,	Delta[s](14) = 0.185411,	Delta[s](15) = 0.193001,	Delta[d](0) = 0.553038,	Delta[d](1) = 0.319752,	Delta[d](2) = 0.279032,	Delta[d](3) = 0.319752,	Delta[d](4) = 0.319752,	Delta[d](5) = 0.331518,	Delta[d](6) = 0.246164,	Delta[d](7) = 0.331518,	Delta[d](8) = 0.279032,	Delta[d](9) = 0.246164,	Delta[d](10) = 0.11374,	Delta[d](11) = 0.246164,	Delta[d](12) = 0.319752,	Delta[d](13) = 0.331518,	Delta[d](14) = 0.246164,	Delta[d](15) = 0.331518,	Delta[s+](0) = 0.517472,	Delta[s+](1) = 0.424273,	Delta[s+](2) = 0.279032,	Delta[s+](3) = 0.424273,	Delta[s+](4) = 0.424273,	Delta[s+](5) = 0.279032,	Delta[s+](6) = 0.134999,	Delta[s+](7) = 0.279032,	Delta[s+](8) = 0.279032,	Delta[s+](9) = 0.134999,	Delta[s+](10) = 0.0361472,	Delta[s+](11) = 0.134999,	Delta[s+](12) = 0.424273,	Delta[s+](13) = 0.279032,	Delta[s+](14) = 0.134999,	Delta[s+](15) = 0.279032
The 0-th iteration is completed.	|| time cost : 0h 4m 37.055s
********************************************************************************************************************
Start the 1 rounds of NGS-ED iteration
	effective electronic model is modified as: kinetic energy t = 0.850684
	                                           effective interaction Vq = [-2.32424,-2.14607,-2.02775,-2.14607,-2.14607,-2.02775,-1.99247,-2.02775,-2.02775,-1.99247,-1.94029,-1.99247,-2.14607,-2.02775,-1.99247,-2.02775]
	PARPACK diagonalization completed after 45 matrix-vector product operations.
	iteration results: : total energy is -56.713728 | electron energy -56.815107 + phonon energy 0.101379 | electron momentum kIdx = 0
The 1-th iteration is completed.	|| time cost : 0h 0m 32.357s
********************************************************************************************************************
Start the 2 rounds of NGS-ED iteration
	effective electronic model is modified as: kinetic energy t = 0.844972
	                                           effective interaction Vq = [-2.37213,-2.20403,-2.03227,-2.20403,-2.20403,-2.03227,-2.04097,-2.03227,-2.03227,-2.04097,-1.95251,-2.04097,-2.20403,-2.03227,-2.04097,-2.03227]
	PARPACK diagonalization completed after 45 matrix-vector product operations.
	iteration results: : total energy is -57.525062 | electron energy -57.664429 + phonon energy 0.139367 | electron momentum kIdx = 0
The 2-th iteration is completed.	|| time cost : 0h 0m 32.081s
********************************************************************************************************************
Start the 3 rounds of NGS-ED iteration
	effective electronic model is modified as: kinetic energy t = 0.840962
	                                           effective interaction Vq = [-2.38974,-2.23535, -2.0366,-2.23535,-2.23535, -2.0366,-2.06993, -2.0366, -2.0366,-2.06993, -1.9619,-2.06993,-2.23535, -2.0366,-2.06993, -2.0366]
	PARPACK diagonalization completed after 45 matrix-vector product operations.
	iteration results: : total energy is -57.823398 | electron energy -57.983795 + phonon energy 0.160397 | electron momentum kIdx = 0
The 3-th iteration is completed.	|| time cost : 0h 0m 32.03s
********************************************************************************************************************
Start the 4 rounds of NGS-ED iteration
	effective electronic model is modified as: kinetic energy t = 0.83837
	                                           effective interaction Vq = [-2.39623,-2.25284,-2.03969,-2.25284,-2.25284,-2.03969,-2.08723,-2.03969,-2.03969,-2.08723,-1.96798,-2.08723,-2.25284,-2.03969,-2.08723,-2.03969]
	PARPACK diagonalization completed after 45 matrix-vector product operations.
	iteration results: : total energy is -57.933132 | electron energy -58.105532 + phonon energy 0.172399 | electron momentum kIdx = 0
The 4-th iteration is completed.	|| time cost : 0h 0m 32.188s
********************************************************************************************************************
Start the 5 rounds of NGS-ED iteration
	effective electronic model is modified as: kinetic energy t = 0.836753
	                                           effective interaction Vq = [-2.39861,-2.26284,-2.04171,-2.26284,-2.26284,-2.04171,-2.09762,-2.04171,-2.04171,-2.09762,-1.97168,-2.09762,-2.26284,-2.04171,-2.09762,-2.04171]
	PARPACK diagonalization completed after 45 matrix-vector product operations.
	iteration results: : total energy is -57.973484 | electron energy -58.152932 + phonon energy 0.179448 | electron momentum kIdx = 0
The 5-th iteration is completed.	|| time cost : 0h 0m 32.142s
********************************************************************************************************************
Start the 6 rounds of NGS-ED iteration
	effective electronic model is modified as: kinetic energy t = 0.835763
	                                           effective interaction Vq = [-2.39949,-2.26864,-2.04297,-2.26864,-2.26864,-2.04297,-2.10387,-2.04297,-2.04297,-2.10387,-1.97389,-2.10387,-2.26864,-2.04297,-2.10387,-2.04297]
	PARPACK diagonalization completed after 45 matrix-vector product operations.
	iteration results: : total energy is -57.988319 | electron energy -58.171972 + phonon energy 0.183653 | electron momentum kIdx = 0
The 6-th iteration is completed.	|| time cost : 0h 0m 32.055s
********************************************************************************************************************
Start the 7 rounds of NGS-ED iteration
	effective electronic model is modified as: kinetic energy t = 0.835162
	                                           effective interaction Vq = [-2.39981,-2.27204,-2.04375,-2.27204,-2.27204,-2.04375,-2.10764,-2.04375,-2.04375,-2.10764,-1.97519,-2.10764,-2.27204,-2.04375,-2.10764,-2.04375]
	PARPACK diagonalization completed after 45 matrix-vector product operations.
	iteration results: : total energy is -57.993772 | electron energy -58.179953 + phonon energy 0.186181 | electron momentum kIdx = 0
The 7-th iteration is completed.	|| time cost : 0h 0m 32.184s
********************************************************************************************************************
Start the 8 rounds of NGS-ED iteration
	effective electronic model is modified as: kinetic energy t = 0.834798
	                                           effective interaction Vq = [-2.39993,-2.27404,-2.04422,-2.27404,-2.27404,-2.04422,-2.10992,-2.04422,-2.04422,-2.10992,-1.97596,-2.10992,-2.27404,-2.04422,-2.10992,-2.04422]
	PARPACK diagonalization completed after 45 matrix-vector product operations.
	iteration results: : total energy is -57.995776 | electron energy -58.183481 + phonon energy 0.187705 | electron momentum kIdx = 0
The 8-th iteration is completed.	|| time cost : 0h 0m 32.097s
********************************************************************************************************************
Start the 9 rounds of NGS-ED iteration
	effective electronic model is modified as: kinetic energy t = 0.834579
	                                           effective interaction Vq = [-2.39997,-2.27523, -2.0445,-2.27523,-2.27523, -2.0445,-2.11129, -2.0445, -2.0445,-2.11129,-1.97641,-2.11129,-2.27523, -2.0445,-2.11129, -2.0445]
	PARPACK diagonalization completed after 45 matrix-vector product operations.
	iteration results: : total energy is -57.996512 | electron energy -58.185137 + phonon energy 0.188624 | electron momentum kIdx = 0
The 9-th iteration is completed.	|| time cost : 0h 0m 32.161s
********************************************************************************************************************
Start the 10 rounds of NGS-ED iteration
	effective electronic model is modified as: kinetic energy t = 0.834447
	                                           effective interaction Vq = [-2.39999,-2.27594,-2.04467,-2.27594,-2.27594,-2.04467,-2.11213,-2.04467,-2.04467,-2.11213,-1.97667,-2.11213,-2.27594,-2.04467,-2.11213,-2.04467]
	PARPACK diagonalization completed after 45 matrix-vector product operations.
	iteration results: : total energy is -57.996783 | electron energy -58.185962 + phonon energy 0.189179 | electron momentum kIdx = 0
	Nq(0) = 16,	Nq(1) = 0.399327,	Nq(2) = 0.368117,	Nq(3) = 0.399327,	Nq(4) = 0.399327,	Nq(5) = 0.368117,	Nq(6) = 0.62082,	Nq(7) = 0.368117,	Nq(8) = 0.368117,	Nq(9) = 0.62082,	Nq(10) = 0.601045,	Nq(11) = 0.62082,	Nq(12) = 0.399327,	Nq(13) = 0.368117,	Nq(14) = 0.62082,	Nq(15) = 0.368117,	Sq(0) = -6.50807e-18,	Sq(1) = 0.373512,	Sq(2) = 0.543173,	Sq(3) = 0.373512,	Sq(4) = 0.373512,	Sq(5) = 0.543173,	Sq(6) = 0.624962,	Sq(7) = 0.543173,	Sq(8) = 0.543173,	Sq(9) = 0.624962,	Sq(10) = 1.85674,	Sq(11) = 0.624962,	Sq(12) = 0.373512,	Sq(13) = 0.543173,	Sq(14) = 0.624962,	Sq(15) = 0.543173,	N(0) = 1.99975,	N(1) = 1.99931,	N(2) = 1,	N(3) = 1.99931,	N(4) = 1.99931,	N(5) = 1,	N(6) = 0.000688811,	N(7) = 1,	N(8) = 1,	N(9) = 0.000688811,	N(10) = 0.00025372,	N(11) = 0.000688811,	N(12) = 1.99931,	N(13) = 1,	N(14) = 0.000688811,	N(15) = 1,	Delta[s](0) = 0.262763,	Delta[s](1) = 0.260761,	Delta[s](2) = 0.203197,	Delta[s](3) = 0.260761,	Delta[s](4) = 0.260761,	Delta[s](5) = 0.203197,	Delta[s](6) = 0.201205,	Delta[s](7) = 0.203197,	Delta[s](8) = 0.203197,	Delta[s](9) = 0.201205,	Delta[s](10) = 0.115358,	Delta[s](11) = 0.201205,	Delta[s](12) = 0.260761,	Delta[s](13) = 0.203197,	Delta[s](14) = 0.201205,	Delta[s](15) = 0.203197,	Delta[d](0) = 0.570919,	Delta[d](1) = 0.329457,	Delta[d](2) = 0.291204,	Delta[d](3) = 0.329457,	Delta[d](4) = 0.329457,	Delta[d](5) = 0.345633,	Delta[d](6) = 0.259475,	Delta[d](7) = 0.345633,	Delta[d](8) = 0.291204,	Delta[d](9) = 0.259475,	Delta[d](10) = 0.127823,	Delta[d](11) = 0.259475,	Delta[d](12) = 0.329457,	Delta[d](13) = 0.345633,	Delta[d](14) = 0.259475,	Delta[d](15) = 0.345633,	Delta[s+](0) = 0.532986,	Delta[s+](1) = 0.436675,	Delta[s+](2) = 0.291204,	Delta[s+](3) = 0.436675,	Delta[s+](4) = 0.436675,	Delta[s+](5) = 0.291204,	Delta[s+](6) = 0.142775,	Delta[s+](7) = 0.291204,	Delta[s+](8) = 0.291204,	Delta[s+](9) = 0.142775,	Delta[s+](10) = 0.0431557,	Delta[s+](11) = 0.142775,	Delta[s+](12) = 0.436675,	Delta[s+](13) = 0.291204,	Delta[s+](14) = 0.142775,	Delta[s+](15) = 0.291204
The 10-th iteration is completed.	|| time cost : 0h 4m 28.131s
********************************************************************************************************************
Start the 11 rounds of NGS-ED iteration
	effective electronic model is modified as: kinetic energy t = 0.834368
	                                           effective interaction Vq = [-2.39999,-2.27635,-2.04478,-2.27635,-2.27635,-2.04478,-2.11263,-2.04478,-2.04478,-2.11263,-1.97683,-2.11263,-2.27635,-2.04478,-2.11263,-2.04478]
	PARPACK diagonalization completed after 30 matrix-vector product operations.
	iteration results: : total energy is -57.996883 | electron energy -58.186396 + phonon energy 0.189513 | electron momentum kIdx = 0
The 11-th iteration is completed.	|| time cost : 0h 0m 27.642s
********************************************************************************************************************
Start the 12 rounds of NGS-ED iteration
	effective electronic model is modified as: kinetic energy t = 0.83432
	                                           effective interaction Vq = [    -2.4, -2.2766,-2.04484, -2.2766, -2.2766,-2.04484,-2.11294,-2.04484,-2.04484,-2.11294,-1.97692,-2.11294, -2.2766,-2.04484,-2.11294,-2.04484]
	PARPACK diagonalization completed after 30 matrix-vector product operations.
	iteration results: : total energy is -57.996919 | electron energy -58.186634 + phonon energy 0.189715 | electron momentum kIdx = 0
The 12-th iteration is completed.	|| time cost : 0h 0m 27.381s
********************************************************************************************************************
Start the 13 rounds of NGS-ED iteration
	effective electronic model is modified as: kinetic energy t = 0.834292
	                                           effective interaction Vq = [    -2.4,-2.27675,-2.04488,-2.27675,-2.27675,-2.04488,-2.11312,-2.04488,-2.04488,-2.11312,-1.97697,-2.11312,-2.27675,-2.04488,-2.11312,-2.04488]
	PARPACK diagonalization completed after 30 matrix-vector product operations.
	iteration results: : total energy is -57.996933 | electron energy -58.186769 + phonon energy 0.189836 | electron momentum kIdx = 0
The 13-th iteration is completed.	|| time cost : 0h 0m 27.386s
********************************************************************************************************************
Start the 14 rounds of NGS-ED iteration
	effective electronic model is modified as: kinetic energy t = 0.834274
	                                           effective interaction Vq = [    -2.4,-2.27684, -2.0449,-2.27684,-2.27684, -2.0449,-2.11323, -2.0449, -2.0449,-2.11323,  -1.977,-2.11323,-2.27684, -2.0449,-2.11323, -2.0449]
	PARPACK diagonalization completed after 30 matrix-vector product operations.
	iteration results: : total energy is -57.996938 | electron energy -58.186847 + phonon energy 0.189910 | electron momentum kIdx = 0
The 14-th iteration is completed.	|| time cost : 0h 0m 27.319s
********************************************************************************************************************
Start the 15 rounds of NGS-ED iteration
	effective electronic model is modified as: kinetic energy t = 0.834264
	                                           effective interaction Vq = [    -2.4,-2.27689,-2.04491,-2.27689,-2.27689,-2.04491, -2.1133,-2.04491,-2.04491, -2.1133,-1.97702, -2.1133,-2.27689,-2.04491, -2.1133,-2.04491]
	PARPACK diagonalization completed after 30 matrix-vector product operations.
	iteration results: : total energy is -57.996939 | electron energy -58.186893 + phonon energy 0.189954 | electron momentum kIdx = 0
The 15-th iteration is completed.	|| time cost : 0h 0m 27.441s
********************************************************************************************************************
Start the 16 rounds of NGS-ED iteration
	effective electronic model is modified as: kinetic energy t = 0.834258
	                                           effective interaction Vq = [    -2.4,-2.27693,-2.04492,-2.27693,-2.27693,-2.04492,-2.11334,-2.04492,-2.04492,-2.11334,-1.97703,-2.11334,-2.27693,-2.04492,-2.11334,-2.04492]
	PARPACK diagonalization completed after 30 matrix-vector product operations.
	iteration results: : total energy is -57.996940 | electron energy -58.186920 + phonon energy 0.189980 | electron momentum kIdx = 0
The 16-th iteration is completed.	|| time cost : 0h 0m 27.631s
********************************************************************************************************************
Start the 17 rounds of NGS-ED iteration
	effective electronic model is modified as: kinetic energy t = 0.834254
	                                           effective interaction Vq = [    -2.4,-2.27694,-2.04492,-2.27694,-2.27694,-2.04492,-2.11337,-2.04492,-2.04492,-2.11337,-1.97704,-2.11337,-2.27694,-2.04492,-2.11337,-2.04492]
	PARPACK diagonalization completed after 30 matrix-vector product operations.
	iteration results: : total energy is -57.996940 | electron energy -58.186937 + phonon energy 0.189996 | electron momentum kIdx = 0
The 17-th iteration is completed.	|| time cost : 0h 0m 27.393s
********************************************************************************************************************
Start the 18 rounds of NGS-ED iteration
	effective electronic model is modified as: kinetic energy t = 0.834252
	                                           effective interaction Vq = [    -2.4,-2.27696,-2.04493,-2.27696,-2.27696,-2.04493,-2.11338,-2.04493,-2.04493,-2.11338,-1.97704,-2.11338,-2.27696,-2.04493,-2.11338,-2.04493]
	PARPACK diagonalization completed after 30 matrix-vector product operations.
	iteration results: : total energy is -57.996940 | electron energy -58.186946 + phonon energy 0.190006 | electron momentum kIdx = 0
The 18-th iteration is completed.	|| time cost : 0h 0m 27.476s
********************************************************************************************************************
Start the 19 rounds of NGS-ED iteration
	effective electronic model is modified as: kinetic energy t = 0.83425
	                                           effective interaction Vq = [    -2.4,-2.27696,-2.04493,-2.27696,-2.27696,-2.04493,-2.11339,-2.04493,-2.04493,-2.11339,-1.97705,-2.11339,-2.27696,-2.04493,-2.11339,-2.04493]
	PARPACK diagonalization completed after 30 matrix-vector product operations.
	iteration results: : total energy is -57.996940 | electron energy -58.186952 + phonon energy 0.190012 | electron momentum kIdx = 0
The 19-th iteration is completed.	|| time cost : 0h 0m 27.431s
********************************************************************************************************************
Start the 20 rounds of NGS-ED iteration
	effective electronic model is modified as: kinetic energy t = 0.83425
	                                           effective interaction Vq = [    -2.4,-2.27697,-2.04493,-2.27697,-2.27697,-2.04493, -2.1134,-2.04493,-2.04493, -2.1134,-1.97705, -2.1134,-2.27697,-2.04493, -2.1134,-2.04493]
	PARPACK diagonalization completed after 30 matrix-vector product operations.
	iteration results: : total energy is -57.996940 | electron energy -58.186956 + phonon energy 0.190015 | electron momentum kIdx = 0
	Nq(0) = 16,	Nq(1) = 0.399585,	Nq(2) = 0.36811,	Nq(3) = 0.399585,	Nq(4) = 0.399585,	Nq(5) = 0.36811,	Nq(6) = 0.621178,	Nq(7) = 0.36811,	Nq(8) = 0.36811,	Nq(9) = 0.621178,	Nq(10) = 0.601055,	Nq(11) = 0.621178,	Nq(12) = 0.399585,	Nq(13) = 0.36811,	Nq(14) = 0.621178,	Nq(15) = 0.36811,	Sq(0) = 3.83457e-18,	Sq(1) = 0.373429,	Sq(2) = 0.543079,	Sq(3) = 0.373429,	Sq(4) = 0.373429,	Sq(5) = 0.543079,	Sq(6) = 0.624827,	Sq(7) = 0.543079,	Sq(8) = 0.543079,	Sq(9) = 0.624827,	Sq(10) = 1.85574,	Sq(11) = 0.624827,	Sq(12) = 0.373429,	Sq(13) = 0.543079,	Sq(14) = 0.624827,	Sq(15) = 0.543079,	N(0) = 1.99975,	N(1) = 1.9993,	N(2) = 1,	N(3) = 1.9993,	N(4) = 1.9993,	N(5) = 1,	N(6) = 0.000695313,	N(7) = 1,	N(8) = 1,	N(9) = 0.000695313,	N(10) = 0.000252637,	N(11) = 0.000695313,	N(12) = 1.9993,	N(13) = 1,	N(14) = 0.000695313,	N(15) = 1,	Delta[s](0) = 0.262799,	Delta[s](1) = 0.260835,	Delta[s](2) = 0.203263,	Delta[s](3) = 0.260835,	Delta[s](4) = 0.260835,	Delta[s](5) = 0.203263,	Delta[s](6) = 0.2013,	Delta[s](7) = 0.203263,	Delta[s](8) = 0.203263,	Delta[s](9) = 0.2013,	Delta[s](10) = 0.115469,	Delta[s](11) = 0.2013,	Delta[s](12) = 0.260835,	Delta[s](13) = 0.203263,	Delta[s](14) = 0.2013,	Delta[s](15) = 0.203263,	Delta[d](0) = 0.571011,	Delta[d](1) = 0.32953,	Delta[d](2) = 0.291285,	Delta[d](3) = 0.32953,	Delta[d](4) = 0.32953,	Delta[d](5) = 0.345727,	Delta[d](6) = 0.259562,	Delta[d](7) = 0.345727,	Delta[d](8) = 0.291285,	Delta[d](9) = 0.259562,	Delta[d](10) = 0.127923,	Delta[d](11) = 0.259562,	Delta[d](12) = 0.32953,	Delta[d](13) = 0.345727,	Delta[d](14) = 0.259562,	Delta[d](15) = 0.345727,	Delta[s+](0) = 0.533081,	Delta[s+](1) = 0.436754,	Delta[s+](2) = 0.291285,	Delta[s+](3) = 0.436754,	Delta[s+](4) = 0.436754,	Delta[s+](5) = 0.291285,	Delta[s+](6) = 0.142835,	Delta[s+](7) = 0.291285,	Delta[s+](8) = 0.291285,	Delta[s+](9) = 0.142835,	Delta[s+](10) = 0.0432083,	Delta[s+](11) = 0.142835,	Delta[s+](12) = 0.436754,	Delta[s+](13) = 0.291285,	Delta[s+](14) = 0.142835,	Delta[s+](15) = 0.291285
The 20-th iteration is completed.	|| time cost : 0h 4m 23.309s
********************************************************************************************************************
Start the 21 rounds of NGS-ED iteration
	effective electronic model is modified as: kinetic energy t = 0.834249
	                                           effective interaction Vq = [    -2.4,-2.27697,-2.04493,-2.27697,-2.27697,-2.04493, -2.1134,-2.04493,-2.04493, -2.1134,-1.97705, -2.1134,-2.27697,-2.04493, -2.1134,-2.04493]
	PARPACK diagonalization completed after 30 matrix-vector product operations.
	iteration results: : total energy is -57.996940 | electron energy -58.186958 + phonon energy 0.190017 | electron momentum kIdx = 0
The 21-th iteration is completed.	|| time cost : 0h 0m 27.672s
********************************************************************************************************************
Start the 22 rounds of NGS-ED iteration
	effective electronic model is modified as: kinetic energy t = 0.834249
	                                           effective interaction Vq = [    -2.4,-2.27697,-2.04493,-2.27697,-2.27697,-2.04493, -2.1134,-2.04493,-2.04493, -2.1134,-1.97705, -2.1134,-2.27697,-2.04493, -2.1134,-2.04493]
	PARPACK diagonalization completed after 30 matrix-vector product operations.
	iteration results: : total energy is -57.996940 | electron energy -58.186959 + phonon energy 0.190019 | electron momentum kIdx = 0
The 22-th iteration is completed.	|| time cost : 0h 0m 27.327s
********************************************************************************************************************
Start the 23 rounds of NGS-ED iteration
	effective electronic model is modified as: kinetic energy t = 0.834249
	                                           effective interaction Vq = [    -2.4,-2.27697,-2.04493,-2.27697,-2.27697,-2.04493, -2.1134,-2.04493,-2.04493, -2.1134,-1.97705, -2.1134,-2.27697,-2.04493, -2.1134,-2.04493]
	PARPACK diagonalization completed after 30 matrix-vector product operations.
	iteration results: : total energy is -57.996940 | electron energy -58.186960 + phonon energy 0.190019 | electron momentum kIdx = 0
The 23-th iteration is completed.	|| time cost : 0h 0m 27.651s
********************************************************************************************************************
Start the 24 rounds of NGS-ED iteration
	effective electronic model is modified as: kinetic energy t = 0.834249
	                                           effective interaction Vq = [    -2.4,-2.27697,-2.04493,-2.27697,-2.27697,-2.04493, -2.1134,-2.04493,-2.04493, -2.1134,-1.97705, -2.1134,-2.27697,-2.04493, -2.1134,-2.04493]
	PARPACK diagonalization completed after 30 matrix-vector product operations.
	iteration results: : total energy is -57.996940 | electron energy -58.186960 + phonon energy 0.190020 | electron momentum kIdx = 0
The 24-th iteration is completed.	|| time cost : 0h 0m 27.396s
