SNEDics v3.22.2 Non-Gaussian ED ground state program		Start at Fri Jun 10 23:54:47 2022

Parallelization: 32 MPI threads  * 8 OpenMP threads = 256 total threads.
********************************************************************************************************************
********************************************************************************************************************

********************************************************************************************************************
System parameters and configurations
	special program options are enabled: splitted diagonal Hamiltonian | splitted Hamiltonian terms
********************************************************************************************************************
Read input file "model_params.in"
	Hubbard-Holstein model parameters : 	t = 1    t' = -0.3    U = 8    g = 0.7    W = 0.2    g' = 0.3    
********************************************************************************************************************
Read input file "hilbertspace_params.in"
	Requested 16-site 2D lattice, with 8 electrons (4, 4)
	Boundary : Periodic		Hilbert space representation : momentum-space (restricted to kIdx = 0)
	Conservation: particle number[U(1)]      spin[U(1)]     momentum
********************************************************************************************************************

Cluster Positions:				Cluster symmetry group : D4
 x ... x ... x ... x .....                       x ... x ... x ... x .....
 |           |           :                       |           |           :
 |           |           :                       |           |           :
12    13    14    15     x                       1     5     6     5     x
 |           |           :                       |           |           :
 |           |           :                       |           |           :
 8 --- 9 ---10 ---11 --- x                       2 --- 6 ---10 --- 6 --- x
 |           |           :                       |           |           :
 |           |           :                       |           |           :
 4     5     6     7     x                       1     5     6     5     x
 |           |           :                       |           |           :
 |           |           :                       |           |           :
 0 --- 1 --- 2 --- 3 --- x                       0 --- 1 --- 2 --- 1 --- x
orbital number : 1
********************************************************************************************************************
Read input file "obs_params.in"
	Observable Type : Nq(All),   Sq(All),   N(All-Orbital),   Delta[s](All),   Delta[d](All),   Delta[s+](All)
** WARNING ** the input observables have non-local factors which have been reinterpreted. The total observable number is 96
********************************************************************************************************************


********************************************************************************************************************
Start calculating the non-Gaussian ED ground state
Maximal iteration number is 1000; energy resolution is 1e-06. Phonon state relaxation time is 2000
W = 0.2 is relatively large. The non-Gaussian ED calculation starts directly.
open output files: NGSED_iteration_observables.txt
********************************************************************************************************************
Start the 0 rounds of NGS-ED iteration
	effective electronic model is modified as: kinetic energy t = 1, t' = -0.3
	                                           effective interaction Vq = [0,0,0,0,0,0,0,0,0,0,0,0,0,0,0,0]
	first Hamiltonian is constructed, size = 207184 and non-zero numbers = 32252562
	PARPACK diagonalization completed after 120 matrix-vector product operations.
	iteration results: : total energy is -14.600323 | electron energy -14.600323 + phonon energy 0.000000 | electron momentum kIdx = 0
	Nq(0) = 4,	Nq(1) = 0.197198,	Nq(2) = 0.25408,	Nq(3) = 0.197198,	Nq(4) = 0.197198,	Nq(5) = 0.267076,	
	Nq(6) = 0.353825,	Nq(7) = 0.267076,	Nq(8) = 0.25408,	Nq(9) = 0.353825,	Nq(10) = 0.466428,	
	Nq(11) = 0.353825,	Nq(12) = 0.197198,	Nq(13) = 0.267076,	Nq(14) = 0.353825,	Nq(15) = 0.267076;	
	Sq(0) = 8.19558e-19,	Sq(1) = 0.482052,	Sq(2) = 0.340779,	Sq(3) = 0.482052,	Sq(4) = 0.482052,	
	Sq(5) = 0.566062,	Sq(6) = 0.591821,	Sq(7) = 0.566062,	Sq(8) = 0.340779,	Sq(9) = 0.591821,	
	Sq(10) = 0.511715,	Sq(11) = 0.591821,	Sq(12) = 0.482052,	Sq(13) = 0.566062,	Sq(14) = 0.591821,	
	Sq(15) = 0.566062;	N(0) = 1.72489,	N(1) = 1.32099,	N(2) = 0.213478,	N(3) = 1.32099,	
	N(4) = 1.32099,	N(5) = 0.105651,	N(6) = 0.0323985,	N(7) = 0.105651,	N(8) = 0.213478,	
	N(9) = 0.0323985,	N(10) = 0.0120143,	N(11) = 0.0323985,	N(12) = 1.32099,	N(13) = 0.105651,	
	N(14) = 0.0323985,	N(15) = 0.105651;	Delta[s](0) = 0.0152713,	Delta[s](1) = 0.0108805,	Delta[s](2) = 0.00812192,	
	Delta[s](3) = 0.0108805,	Delta[s](4) = 0.0108805,	Delta[s](5) = 0.00716659,	Delta[s](6) = 0.00433421,	Delta[s](7) = 0.00716659,	
	Delta[s](8) = 0.00812192,	Delta[s](9) = 0.00433421,	Delta[s](10) = 0.00245253,	Delta[s](11) = 0.00433421,	Delta[s](12) = 0.0108805,	
	Delta[s](13) = 0.00716659,	Delta[s](14) = 0.00433421,	Delta[s](15) = 0.00716659;	Delta[d](0) = 0.126789,	Delta[d](1) = 0.0710351,	
	Delta[d](2) = 0.0803747,	Delta[d](3) = 0.0710351,	Delta[d](4) = 0.0710351,	Delta[d](5) = 0.0480798,	Delta[d](6) = 0.0409651,	
	Delta[d](7) = 0.0480798,	Delta[d](8) = 0.0803747,	Delta[d](9) = 0.0409651,	Delta[d](10) = 0.0262745,	Delta[d](11) = 0.0409651,	
	Delta[d](12) = 0.0710351,	Delta[d](13) = 0.0480798,	Delta[d](14) = 0.0409651,	Delta[d](15) = 0.0480798;	Delta[s+](0) = 0.270323,	
	Delta[s+](1) = 0.160953,	Delta[s+](2) = 0.0803747,	Delta[s+](3) = 0.160953,	Delta[s+](4) = 0.160953,	Delta[s+](5) = 0.0667406,	
	Delta[s+](6) = 0.0180985,	Delta[s+](7) = 0.0667406,	Delta[s+](8) = 0.0803747,	Delta[s+](9) = 0.0180985,	Delta[s+](10) = 0.00422409,	
	Delta[s+](11) = 0.0180985,	Delta[s+](12) = 0.160953,	Delta[s+](13) = 0.0667406,	Delta[s+](14) = 0.0180985,	Delta[s+](15) = 0.0667406
	
The 0-th iteration is completed.	|| time cost : 0h 0m 4.979s
********************************************************************************************************************
Start the 1 rounds of NGS-ED iteration
	effective electronic model is modified as: kinetic energy t = 0.847469, t' = -0.220518
	                                           effective interaction Vq = [     -18.05,   -6.02736,   -0.47919,   -6.02736,   -6.02736,  -0.468946,-0.00510212,  -0.468946,   -0.47919,-0.00510212,  -0.166271,-0.00510212,   -6.02736,  -0.468946,-0.00510212,  -0.468946]
	PARPACK diagonalization completed after 60 matrix-vector product operations.
	iteration results: : total energy is -98.853514 | electron energy -100.261624 + phonon energy 1.408110 | electron momentum kIdx = 0
The 1-th iteration is completed.	|| time cost : 0h 0m 3.627s
********************************************************************************************************************
Start the 2 rounds of NGS-ED iteration
	effective electronic model is modified as: kinetic energy t = 0.674281, t' = -0.137597
	                                           effective interaction Vq = [    -18.05,  -8.40549, -0.239361,  -8.40549,  -8.40549, -0.239035,-0.0034225, -0.239035, -0.239361,-0.0034225,-0.0838434,-0.0034225,  -8.40549, -0.239035,-0.0034225, -0.239035]
	PARPACK diagonalization completed after 90 matrix-vector product operations.
	iteration results: : total energy is -107.574377 | electron energy -109.568157 + phonon energy 1.993780 | electron momentum kIdx = 0
The 2-th iteration is completed.	|| time cost : 0h 0m 0.646s
********************************************************************************************************************
Start the 3 rounds of NGS-ED iteration
	effective electronic model is modified as: kinetic energy t = 2.17783e-05, t' = -1.62498e-08
	                                           effective interaction Vq = [    -18.05,     -8.45,     -2.45,     -8.45,     -8.45,     -2.45,-0.0499999,     -2.45,     -2.45,-0.0499999,     -1.25,-0.0499999,     -8.45,     -2.45,-0.0499999,     -2.45]
	PARPACK diagonalization completed after 30 matrix-vector product operations.
	iteration results: : total energy is -117.600000 | electron energy -117.600000 + phonon energy 0.000000 | electron momentum kIdx = 0
The 3-th iteration is completed.	|| time cost : 0h 0m 37.318s
********************************************************************************************************************
Start the 4 rounds of NGS-ED iteration
	effective electronic model is modified as: kinetic energy t = 0.00109995, t' = -3.62965e-07
	                                           effective interaction Vq = [     -18.05,      -8.45,      -2.45,      -8.45,      -8.45,-0.00204134,-4.1657e-05,-0.00204134,      -2.45,-4.1657e-05,-0.00104142,-4.1657e-05,      -8.45,-0.00204134,-4.1657e-05,-0.00204134]
	PARPACK diagonalization completed after 30 matrix-vector product operations.
	iteration results: : total energy is -117.600002 | electron energy -117.600002 + phonon energy 0.000000 | electron momentum kIdx = 0
The 4-th iteration is completed.	|| time cost : 0h 0m 1.307s
********************************************************************************************************************
Start the 5 rounds of NGS-ED iteration
	effective electronic model is modified as: kinetic energy t = 0.00109889, t' = -3.62812e-07
	                                           effective interaction Vq = [     -18.05,      -8.45,      -2.45,      -8.45,      -8.45, -0.0862374,-0.00175995, -0.0862374,      -2.45,-0.00175995, -0.0439987,-0.00175995,      -8.45, -0.0862374,-0.00175995, -0.0862374]
	PARPACK diagonalization completed after 30 matrix-vector product operations.
	iteration results: : total energy is -117.600002 | electron energy -117.600002 + phonon energy 0.000000 | electron momentum kIdx = 0
The 5-th iteration is completed.	|| time cost : 0h 0m 1.247s
********************************************************************************************************************
Start the 6 rounds of NGS-ED iteration
	effective electronic model is modified as: kinetic energy t = 0.00109888, t' = -3.6281e-07
	                                           effective interaction Vq = [     -18.05,      -8.45,      -2.45,      -8.45,      -8.45, -0.0865696,-0.00176673, -0.0865696,      -2.45,-0.00176673, -0.0441682,-0.00176673,      -8.45, -0.0865696,-0.00176673, -0.0865696]
	PARPACK diagonalization completed after 30 matrix-vector product operations.
	iteration results: : total energy is -117.600002 | electron energy -117.600002 + phonon energy 0.000000 | electron momentum kIdx = 0
The 6-th iteration is completed.	|| time cost : 0h 0m 1.249s
********************************************************************************************************************
Start the 7 rounds of NGS-ED iteration
	effective electronic model is modified as: kinetic energy t = 0.00109888, t' = -3.6281e-07
	                                           effective interaction Vq = [     -18.05,      -8.45,      -2.45,      -8.45,      -8.45, -0.0865706,-0.00176675, -0.0865706,      -2.45,-0.00176675, -0.0441687,-0.00176675,      -8.45, -0.0865706,-0.00176675, -0.0865706]
	PARPACK diagonalization completed after 30 matrix-vector product operations.
	iteration results: : total energy is -117.600002 | electron energy -117.600002 + phonon energy 0.000000 | electron momentum kIdx = 0
The 7-th iteration is completed.	|| time cost : 0h 0m 1.237s
********************************************************************************************************************
Start the 8 rounds of NGS-ED iteration
	effective electronic model is modified as: kinetic energy t = 0.00109888, t' = -3.6281e-07
	                                           effective interaction Vq = [     -18.05,      -8.45,      -2.45,      -8.45,      -8.45, -0.0865706,-0.00176675, -0.0865706,      -2.45,-0.00176675, -0.0441687,-0.00176675,      -8.45, -0.0865706,-0.00176675, -0.0865706]
	PARPACK diagonalization completed after 30 matrix-vector product operations.
	iteration results: : total energy is -117.600002 | electron energy -117.600002 + phonon energy 0.000000 | electron momentum kIdx = 0
	Nq(0) = 4,	Nq(1) = 2.00296,	Nq(2) = 2.00296,	Nq(3) = 2.00296,	Nq(4) = 1.99704,	Nq(5) = 1.98894e-08,	
	Nq(6) = 2.98488e-08,	Nq(7) = 1.98894e-08,	Nq(8) = 1.99703,	Nq(9) = 2.98194e-08,	Nq(10) = 3.97788e-08,	
	Nq(11) = 2.98194e-08,	Nq(12) = 1.99704,	Nq(13) = 1.98894e-08,	Nq(14) = 2.98488e-08,	Nq(15) = 1.98894e-08;	
	Sq(0) = 3.10371e-20,	Sq(1) = 9.95945e-09,	Sq(2) = 1.99189e-08,	Sq(3) = 9.95945e-09,	Sq(4) = 9.92996e-09,	
	Sq(5) = 1.98894e-08,	Sq(6) = 2.98488e-08,	Sq(7) = 1.98894e-08,	Sq(8) = 1.98599e-08,	Sq(9) = 2.98194e-08,	
	Sq(10) = 3.97788e-08,	Sq(11) = 2.98194e-08,	Sq(12) = 9.92996e-09,	Sq(13) = 1.98894e-08,	Sq(14) = 2.98488e-08,	
	Sq(15) = 1.98894e-08;	N(0) = 0.500199,	N(1) = 0.5001,	N(2) = 0.5,	N(3) = 0.5001,	
	N(4) = 0.5001,	N(5) = 0.5,	N(6) = 0.4999,	N(7) = 0.5,	N(8) = 0.5,	
	N(9) = 0.4999,	N(10) = 0.4998,	N(11) = 0.4999,	N(12) = 0.5001,	N(13) = 0.5,	
	N(14) = 0.4999,	N(15) = 0.5;	Delta[s](0) = 0.25,	Delta[s](1) = 0.25,	Delta[s](2) = 0.25,	
	Delta[s](3) = 0.25,	Delta[s](4) = 0.25,	Delta[s](5) = 0.25,	Delta[s](6) = 0.25,	Delta[s](7) = 0.25,	
	Delta[s](8) = 0.25,	Delta[s](9) = 0.25,	Delta[s](10) = 0.25,	Delta[s](11) = 0.25,	Delta[s](12) = 0.25,	
	Delta[s](13) = 0.25,	Delta[s](14) = 0.25,	Delta[s](15) = 0.25;	Delta[d](0) = 0.125,	Delta[d](1) = 0.125,	
	Delta[d](2) = 0.125,	Delta[d](3) = 0.125,	Delta[d](4) = 0.125,	Delta[d](5) = 0.125,	Delta[d](6) = 0.125,	
	Delta[d](7) = 0.125,	Delta[d](8) = 0.125,	Delta[d](9) = 0.125,	Delta[d](10) = 0.125,	Delta[d](11) = 0.125,	
	Delta[d](12) = 0.125,	Delta[d](13) = 0.125,	Delta[d](14) = 0.125,	Delta[d](15) = 0.125;	Delta[s+](0) = 0.125,	
	Delta[s+](1) = 0.125,	Delta[s+](2) = 0.125,	Delta[s+](3) = 0.125,	Delta[s+](4) = 0.125,	Delta[s+](5) = 0.125,	
	Delta[s+](6) = 0.125,	Delta[s+](7) = 0.125,	Delta[s+](8) = 0.125,	Delta[s+](9) = 0.125,	Delta[s+](10) = 0.125,	
	Delta[s+](11) = 0.125,	Delta[s+](12) = 0.125,	Delta[s+](13) = 0.125,	Delta[s+](14) = 0.125,	Delta[s+](15) = 0.125
	
The 8-th iteration is completed.	|| time cost : 0h 0m 3.444s
********************************************************************************************************************
********************************************************************************************************************
Ground state is obtained after 9 iterations. The current ground-state energy is -117.6, in which electron energy is -117.6 and phonon energy is 5.00763e-10
Final variational state is: 
	Gamma_x = [      1,1.00005,1.00003,1.00005,1.00005,      1,      1,      1,1.00003,      1,      1,      1,1.00005,      1,      1,      1]
	lambda_q = [       9.5,       6.5,       3.5,       6.5,       6.5, 0.0623923,0.00891318, 0.0623923,       3.5,0.00891318,-0.0445659,0.00891318,       6.5, 0.0623923,0.00891318, 0.0623923]
Effective e-e interactions mediated by phonons are:
	momentum-space Vq = [     -18.05,      -8.45,      -2.45,      -8.45,      -8.45, -0.0865706,-0.00176675, -0.0865706,      -2.45,-0.00176675, -0.0441687,-0.00176675,      -8.45, -0.0865706,-0.00176675, -0.0865706]
	real-space Vr = [  -3.57172,  -2.18139,  -1.41549,  -2.18139,  -2.18139, -0.824636,-0.0693353, -0.824636,  -1.41549,-0.0693353,  0.654163,-0.0693353,  -2.18139, -0.824636,-0.0693353, -0.824636]
********************************************************************************************************************
o___o  ----------------------------------------
| L |	Time since last clock: 0h 0m 0.007s
A===A	Time since the beginning: 0h 0m 55.066s
***********************************************


Non-Gaussina ED ground state calculation is completed. The final ground-state energy is -117.6
********************************************************************************************************************
o___o  ----------------------------------------
| L |	Time since last clock: 0h 0m 0.002s
A===A	Time since the beginning: 0h 0m 55.069s
***********************************************



********************************************************************************************************************
All non-Gaussian ED ground state calculations have been completed. Exit now.
