SNEDics v3.22.2 Non-Gaussian ED ground state program		Start at Wed Jun 29 23:13:20 2022

Parallelization: 32 MPI threads  * 8 OpenMP threads = 256 total threads.
********************************************************************************************************************
********************************************************************************************************************

********************************************************************************************************************
System parameters and configurations
	special program options are enabled: splitted diagonal Hamiltonian | splitted Hamiltonian terms
********************************************************************************************************************
Read input file "model_params.in"
	Hubbard-Holstein model parameters : 	t = 1    t' = -0.3    U = 8    g = 0.95    W = 0.2    g' = 0.45    
********************************************************************************************************************
Read input file "hilbertspace_params.in"
	Requested 16-site 2D lattice, with 12 electrons (6, 6)
	Boundary : Periodic		Hilbert space representation : momentum-space (restricted to kIdx = 2)
	Conservation: particle number[U(1)]      spin[U(1)]     momentum
********************************************************************************************************************

Cluster Positions:				Cluster symmetry group : D4
 x ... x ... x ... x .....                       x ... x ... x ... x .....
 |           |           :                       |           |           :
 |           |           :                       |           |           :
12    13    14    15     x                       1     5     6     5     x
 |           |           :                       |           |           :
 |           |           :                       |           |           :
 8 --- 9 ---10 ---11 --- x                       2 --- 6 ---10 --- 6 --- x
 |           |           :                       |           |           :
 |           |           :                       |           |           :
 4     5     6     7     x                       1     5     6     5     x
 |           |           :                       |           |           :
 |           |           :                       |           |           :
 0 --- 1 --- 2 --- 3 --- x                       0 --- 1 --- 2 --- 1 --- x
orbital number : 1
********************************************************************************************************************
Read input file "obs_params.in"
	Observable Type : Nq(All),   Sq(All),   N(All-Orbital),   Delta[s](All),   Delta[d](All),   Delta[s+](All)
** WARNING ** the input observables have non-local factors which have been reinterpreted. The total observable number is 96
********************************************************************************************************************


********************************************************************************************************************
Start calculating the non-Gaussian ED ground state
Maximal iteration number is 1000; energy resolution is 1e-06. Phonon state relaxation time is 2000
W = 0.2 is relatively large. The non-Gaussian ED calculation starts directly.
open output files: NGSED_iteration_observables.txt
********************************************************************************************************************
Start the 0 rounds of NGS-ED iteration
	effective electronic model is modified as: kinetic energy t = 1, t' = -0.3
	                                           effective interaction Vq = [0,0,0,0,0,0,0,0,0,0,0,0,0,0,0,0]
	first Hamiltonian is constructed, size = 4008592 and non-zero numbers = 969952416
	PARPACK diagonalization completed after 165 matrix-vector product operations.
	iteration results: : total energy is -14.676119 | electron energy -14.676119 + phonon energy 0.000000 | electron momentum kIdx = 2
	Nq(0) = 9,	Nq(1) = 0.180746,	Nq(2) = 0.262696,	Nq(3) = 0.180746,	Nq(4) = 0.160685,	Nq(5) = 0.243809,	
	Nq(6) = 0.295913,	Nq(7) = 0.243809,	Nq(8) = 0.247904,	Nq(9) = 0.289802,	Nq(10) = 0.319793,	
	Nq(11) = 0.289802,	Nq(12) = 0.160685,	Nq(13) = 0.243809,	Nq(14) = 0.295913,	Nq(15) = 0.243809;	
	Sq(0) = 5.17377e-18,	Sq(1) = 0.69324,	Sq(2) = 0.877777,	Sq(3) = 0.69324,	Sq(4) = 0.331561,	
	Sq(5) = 1.14401,	Sq(6) = 0.61305,	Sq(7) = 1.14401,	Sq(8) = 0.28674,	Sq(9) = 0.820764,	
	Sq(10) = 0.682279,	Sq(11) = 0.820764,	Sq(12) = 0.331561,	Sq(13) = 1.14401,	Sq(14) = 0.61305,	
	Sq(15) = 1.14401;	N(0) = 1.62631,	N(1) = 1.15756,	N(2) = 1.38536,	N(3) = 1.15756,	
	N(4) = 1.52851,	N(5) = 0.378152,	N(6) = 0.163271,	N(7) = 0.378152,	N(8) = 1.47223,	
	N(9) = 0.12918,	N(10) = 0.0464381,	N(11) = 0.12918,	N(12) = 1.52851,	N(13) = 0.378152,	
	N(14) = 0.163271,	N(15) = 0.378152;	Delta[s](0) = 0.0280353,	Delta[s](1) = 0.0226603,	Delta[s](2) = 0.0191974,	
	Delta[s](3) = 0.0226603,	Delta[s](4) = 0.0250741,	Delta[s](5) = 0.0198175,	Delta[s](6) = 0.0166334,	Delta[s](7) = 0.0198175,	
	Delta[s](8) = 0.0233219,	Delta[s](9) = 0.0181951,	Delta[s](10) = 0.0150099,	Delta[s](11) = 0.0181951,	Delta[s](12) = 0.0250741,	
	Delta[s](13) = 0.0198175,	Delta[s](14) = 0.0166334,	Delta[s](15) = 0.0198175;	Delta[d](0) = 0.268988,	Delta[d](1) = 0.169546,	
	Delta[d](2) = 0.166921,	Delta[d](3) = 0.169546,	Delta[d](4) = 0.230328,	Delta[d](5) = 0.152129,	Delta[d](6) = 0.16558,	
	Delta[d](7) = 0.152129,	Delta[d](8) = 0.235333,	Delta[d](9) = 0.177197,	Delta[d](10) = 0.206796,	Delta[d](11) = 0.177197,	
	Delta[d](12) = 0.230328,	Delta[d](13) = 0.152129,	Delta[d](14) = 0.16558,	Delta[d](15) = 0.152129;	Delta[s+](0) = 0.294355,	
	Delta[s+](1) = 0.196738,	Delta[s+](2) = 0.166921,	Delta[s+](3) = 0.196738,	Delta[s+](4) = 0.24943,	Delta[s+](5) = 0.131203,	
	Delta[s+](6) = 0.0878905,	Delta[s+](7) = 0.131203,	Delta[s+](8) = 0.235333,	Delta[s+](9) = 0.104038,	Delta[s+](10) = 0.0535653,	
	Delta[s+](11) = 0.104038,	Delta[s+](12) = 0.24943,	Delta[s+](13) = 0.131203,	Delta[s+](14) = 0.0878905,	Delta[s+](15) = 0.131203
	
The 0-th iteration is completed.	|| time cost : 0h 2m 3.92s
********************************************************************************************************************
Start the 1 rounds of NGS-ED iteration
	effective electronic model is modified as: kinetic energy (tx,ty)=(0.74867, 0.727384), t' = -0.174931
	                                           effective interaction Vq = [   -37.8125,   -13.5819,   -1.40985,   -13.5819,   -13.5049,   -1.47303,-0.00115133,   -1.47303,   -1.66445,-0.00121295,  -0.649669,-0.00121295,   -13.5049,   -1.47303,-0.00115133,   -1.47303]
	PARPACK diagonalization completed after 120 matrix-vector product operations.
	iteration results: : total energy is -445.072729 | electron energy -448.204839 + phonon energy 3.132110 | electron momentum kIdx = 2
The 1-th iteration is completed.	|| time cost : 0h 1m 27.228s
********************************************************************************************************************
Start the 2 rounds of NGS-ED iteration
	effective electronic model is modified as: kinetic energy t = 4.89567e-10, t' = -1.91039e-15
	                                           effective interaction Vq = [-37.8125,-17.1125, -4.5125,-17.1125,-17.1125, -4.5125, -0.0125, -4.5125, -4.5125, -0.0125, -3.6125, -0.0125,-17.1125, -4.5125, -0.0125, -4.5125]
	PARPACK diagonalization completed after 45 matrix-vector product operations.
	iteration results: : total energy is -494.100000 | electron energy -494.100000 + phonon energy 0.000000 | electron momentum kIdx = 2
The 2-th iteration is completed.	|| time cost : 0h 0m 15.842s
********************************************************************************************************************
Start the 3 rounds of NGS-ED iteration
	effective electronic model is modified as: kinetic energy t = 4.6812e-09, t' = -1.91038e-15
	                                           effective interaction Vq = [  -37.8125,  -17.1125,   -4.5125,  -17.1125,  -17.1125,   -4.5125,   -0.0125,   -4.5125,   -4.5125,   -0.0125,-0.0229229,   -0.0125,  -17.1125,   -4.5125,   -0.0125,   -4.5125]
	PARPACK diagonalization completed after 30 matrix-vector product operations.
	iteration results: : total energy is -494.100000 | electron energy -494.100000 + phonon energy 0.000000 | electron momentum kIdx = 2
The 3-th iteration is completed.	|| time cost : 0h 0m 10.032s
********************************************************************************************************************
Start the 4 rounds of NGS-ED iteration
	effective electronic model is modified as: kinetic energy t = 4.6789e-09, t' = -1.91038e-15
	                                           effective interaction Vq = [-37.8125,-17.1125, -4.5125,-17.1125,-17.1125, -4.5125, -0.0125, -4.5125, -4.5125, -0.0125,-0.10826, -0.0125,-17.1125, -4.5125, -0.0125, -4.5125]
	PARPACK diagonalization completed after 30 matrix-vector product operations.
	iteration results: : total energy is -494.100000 | electron energy -494.100000 + phonon energy 0.000000 | electron momentum kIdx = 2
The 4-th iteration is completed.	|| time cost : 0h 0m 10.043s
********************************************************************************************************************
Start the 5 rounds of NGS-ED iteration
	effective electronic model is modified as: kinetic energy t = 4.6789e-09, t' = -1.91038e-15
	                                           effective interaction Vq = [ -37.8125, -17.1125,  -4.5125, -17.1125, -17.1125,  -4.5125,  -0.0125,  -4.5125,  -4.5125,  -0.0125,-0.108311,  -0.0125, -17.1125,  -4.5125,  -0.0125,  -4.5125]
	PARPACK diagonalization completed after 30 matrix-vector product operations.
	iteration results: : total energy is -494.100000 | electron energy -494.100000 + phonon energy 0.000000 | electron momentum kIdx = 2
The 5-th iteration is completed.	|| time cost : 0h 0m 10.118s
********************************************************************************************************************
Start the 6 rounds of NGS-ED iteration
	effective electronic model is modified as: kinetic energy t = 4.67916e-09, t' = -1.91038e-15
	                                           effective interaction Vq = [ -37.8125, -17.1125,  -4.5125, -17.1125, -17.1125,  -4.5125,  -0.0125,  -4.5125,  -4.5125,  -0.0125,-0.102251,  -0.0125, -17.1125,  -4.5125,  -0.0125,  -4.5125]
	PARPACK diagonalization completed after 30 matrix-vector product operations.
	iteration results: : total energy is -494.100000 | electron energy -494.100000 + phonon energy 0.000000 | electron momentum kIdx = 2
The 6-th iteration is completed.	|| time cost : 0h 0m 9.947s
********************************************************************************************************************
Start the 7 rounds of NGS-ED iteration
	effective electronic model is modified as: kinetic energy t = 4.67897e-09, t' = -1.91038e-15
	                                           effective interaction Vq = [ -37.8125, -17.1125,  -4.5125, -17.1125, -17.1125,  -4.5125,  -0.0125,  -4.5125,  -4.5125,  -0.0125,-0.106771,  -0.0125, -17.1125,  -4.5125,  -0.0125,  -4.5125]
	PARPACK diagonalization completed after 30 matrix-vector product operations.
	iteration results: : total energy is -494.100000 | electron energy -494.100000 + phonon energy 0.000000 | electron momentum kIdx = 2
The 7-th iteration is completed.	|| time cost : 0h 0m 10.044s
********************************************************************************************************************
Start the 8 rounds of NGS-ED iteration
	effective electronic model is modified as: kinetic energy t = 4.67884e-09, t' = -1.91038e-15
	                                           effective interaction Vq = [ -37.8125, -17.1125,  -4.5125, -17.1125, -17.1125,  -4.5125,  -0.0125,  -4.5125,  -4.5125,  -0.0125,-0.109565,  -0.0125, -17.1125,  -4.5125,  -0.0125,  -4.5125]
	PARPACK diagonalization completed after 30 matrix-vector product operations.
	iteration results: : total energy is -494.100000 | electron energy -494.100000 + phonon energy 0.000000 | electron momentum kIdx = 2
The 8-th iteration is completed.	|| time cost : 0h 0m 10.05s
********************************************************************************************************************
Start the 9 rounds of NGS-ED iteration
	effective electronic model is modified as: kinetic energy t = 4.67896e-09, t' = -1.91038e-15
	                                           effective interaction Vq = [ -37.8125, -17.1125,  -4.5125, -17.1125, -17.1125,  -4.5125,  -0.0125,  -4.5125,  -4.5125,  -0.0125,-0.107022,  -0.0125, -17.1125,  -4.5125,  -0.0125,  -4.5125]
	PARPACK diagonalization completed after 30 matrix-vector product operations.
	iteration results: : total energy is -494.100000 | electron energy -494.100000 + phonon energy 0.000000 | electron momentum kIdx = 2
The 9-th iteration is completed.	|| time cost : 0h 0m 10.068s
********************************************************************************************************************
Start the 10 rounds of NGS-ED iteration
	effective electronic model is modified as: kinetic energy t = 4.67887e-09, t' = -1.91038e-15
	                                           effective interaction Vq = [ -37.8125, -17.1125,  -4.5125, -17.1125, -17.1125,  -4.5125,  -0.0125,  -4.5125,  -4.5125,  -0.0125,-0.109009,  -0.0125, -17.1125,  -4.5125,  -0.0125,  -4.5125]
	PARPACK diagonalization completed after 30 matrix-vector product operations.
	iteration results: : total energy is -494.100000 | electron energy -494.100000 + phonon energy 0.000000 | electron momentum kIdx = 2
The 10-th iteration is completed.	|| time cost : 0h 0m 10.091s
********************************************************************************************************************
Start the 11 rounds of NGS-ED iteration
	effective electronic model is modified as: kinetic energy t = 4.67904e-09, t' = -1.91038e-15
	                                           effective interaction Vq = [ -37.8125, -17.1125,  -4.5125, -17.1125, -17.1125,  -4.5125,  -0.0125,  -4.5125,  -4.5125,  -0.0125,-0.105066,  -0.0125, -17.1125,  -4.5125,  -0.0125,  -4.5125]
	PARPACK diagonalization completed after 30 matrix-vector product operations.
	iteration results: : total energy is -494.100000 | electron energy -494.100000 + phonon energy 0.000000 | electron momentum kIdx = 2
The 11-th iteration is completed.	|| time cost : 0h 0m 10.08s
********************************************************************************************************************
Start the 12 rounds of NGS-ED iteration
	effective electronic model is modified as: kinetic energy t = 4.67908e-09, t' = -1.91038e-15
	                                           effective interaction Vq = [ -37.8125, -17.1125,  -4.5125, -17.1125, -17.1125,  -4.5125,  -0.0125,  -4.5125,  -4.5125,  -0.0125,-0.104158,  -0.0125, -17.1125,  -4.5125,  -0.0125,  -4.5125]
	PARPACK diagonalization completed after 30 matrix-vector product operations.
	iteration results: : total energy is -494.100000 | electron energy -494.100000 + phonon energy 0.000000 | electron momentum kIdx = 2
The 12-th iteration is completed.	|| time cost : 0h 0m 10.019s
********************************************************************************************************************
Start the 13 rounds of NGS-ED iteration
	effective electronic model is modified as: kinetic energy t = 4.67888e-09, t' = -1.91038e-15
	                                           effective interaction Vq = [ -37.8125, -17.1125,  -4.5125, -17.1125, -17.1125,  -4.5125,  -0.0125,  -4.5125,  -4.5125,  -0.0125,-0.108848,  -0.0125, -17.1125,  -4.5125,  -0.0125,  -4.5125]
	PARPACK diagonalization completed after 30 matrix-vector product operations.
	iteration results: : total energy is -494.100000 | electron energy -494.100000 + phonon energy 0.000000 | electron momentum kIdx = 2
The 13-th iteration is completed.	|| time cost : 0h 0m 10.062s
********************************************************************************************************************
Start the 14 rounds of NGS-ED iteration
	effective electronic model is modified as: kinetic energy t = 4.67895e-09, t' = -1.91038e-15
	                                           effective interaction Vq = [ -37.8125, -17.1125,  -4.5125, -17.1125, -17.1125,  -4.5125,  -0.0125,  -4.5125,  -4.5125,  -0.0125,-0.107171,  -0.0125, -17.1125,  -4.5125,  -0.0125,  -4.5125]
	PARPACK diagonalization completed after 30 matrix-vector product operations.
	iteration results: : total energy is -494.100000 | electron energy -494.100000 + phonon energy 0.000000 | electron momentum kIdx = 2
The 14-th iteration is completed.	|| time cost : 0h 0m 10.115s
********************************************************************************************************************
Start the 15 rounds of NGS-ED iteration
	effective electronic model is modified as: kinetic energy t = 4.67919e-09, t' = -1.91038e-15
	                                           effective interaction Vq = [ -37.8125, -17.1125,  -4.5125, -17.1125, -17.1125,  -4.5125,  -0.0125,  -4.5125,  -4.5125,  -0.0125,-0.101562,  -0.0125, -17.1125,  -4.5125,  -0.0125,  -4.5125]
	PARPACK diagonalization completed after 30 matrix-vector product operations.
	iteration results: : total energy is -494.100000 | electron energy -494.100000 + phonon energy 0.000000 | electron momentum kIdx = 2
The 15-th iteration is completed.	|| time cost : 0h 0m 10.103s
********************************************************************************************************************
Start the 16 rounds of NGS-ED iteration
	effective electronic model is modified as: kinetic energy t = 4.67914e-09, t' = -1.91038e-15
	                                           effective interaction Vq = [-37.8125,-17.1125, -4.5125,-17.1125,-17.1125, -4.5125, -0.0125, -4.5125, -4.5125, -0.0125,-0.10288, -0.0125,-17.1125, -4.5125, -0.0125, -4.5125]
	PARPACK diagonalization completed after 30 matrix-vector product operations.
	iteration results: : total energy is -494.100000 | electron energy -494.100000 + phonon energy 0.000000 | electron momentum kIdx = 2
The 16-th iteration is completed.	|| time cost : 0h 0m 10.076s
********************************************************************************************************************
Start the 17 rounds of NGS-ED iteration
	effective electronic model is modified as: kinetic energy t = 4.67902e-09, t' = -1.91038e-15
	                                           effective interaction Vq = [ -37.8125, -17.1125,  -4.5125, -17.1125, -17.1125,  -4.5125,  -0.0125,  -4.5125,  -4.5125,  -0.0125,-0.105662,  -0.0125, -17.1125,  -4.5125,  -0.0125,  -4.5125]
	PARPACK diagonalization completed after 30 matrix-vector product operations.
	iteration results: : total energy is -494.100000 | electron energy -494.100000 + phonon energy 0.000000 | electron momentum kIdx = 2
The 17-th iteration is completed.	|| time cost : 0h 0m 10.048s
********************************************************************************************************************
Start the 18 rounds of NGS-ED iteration
	effective electronic model is modified as: kinetic energy t = 4.67878e-09, t' = -1.91038e-15
	                                           effective interaction Vq = [-37.8125,-17.1125, -4.5125,-17.1125,-17.1125, -4.5125, -0.0125, -4.5125, -4.5125, -0.0125,-0.11089, -0.0125,-17.1125, -4.5125, -0.0125, -4.5125]
	PARPACK diagonalization completed after 30 matrix-vector product operations.
	iteration results: : total energy is -494.100000 | electron energy -494.100000 + phonon energy 0.000000 | electron momentum kIdx = 2
The 18-th iteration is completed.	|| time cost : 0h 0m 10.053s
********************************************************************************************************************
Start the 19 rounds of NGS-ED iteration
	effective electronic model is modified as: kinetic energy t = 4.6789e-09, t' = -1.91038e-15
	                                           effective interaction Vq = [ -37.8125, -17.1125,  -4.5125, -17.1125, -17.1125,  -4.5125,  -0.0125,  -4.5125,  -4.5125,  -0.0125,-0.108378,  -0.0125, -17.1125,  -4.5125,  -0.0125,  -4.5125]
	PARPACK diagonalization completed after 30 matrix-vector product operations.
	iteration results: : total energy is -494.100000 | electron energy -494.100000 + phonon energy 0.000000 | electron momentum kIdx = 2
The 19-th iteration is completed.	|| time cost : 0h 0m 10.128s
********************************************************************************************************************
Start the 20 rounds of NGS-ED iteration
	effective electronic model is modified as: kinetic energy t = 4.67926e-09, t' = -1.91038e-15
	                                           effective interaction Vq = [ -37.8125, -17.1125,  -4.5125, -17.1125, -17.1125,  -4.5125,  -0.0125,  -4.5125,  -4.5125,  -0.0125,-0.099964,  -0.0125, -17.1125,  -4.5125,  -0.0125,  -4.5125]
	PARPACK diagonalization completed after 30 matrix-vector product operations.
	iteration results: : total energy is -494.100000 | electron energy -494.100000 + phonon energy 0.000000 | electron momentum kIdx = 2
The 20-th iteration is completed.	|| time cost : 0h 0m 10.096s
********************************************************************************************************************
Start the 21 rounds of NGS-ED iteration
	effective electronic model is modified as: kinetic energy t = 4.67909e-09, t' = -1.91038e-15
	                                           effective interaction Vq = [ -37.8125, -17.1125,  -4.5125, -17.1125, -17.1125,  -4.5125,  -0.0125,  -4.5125,  -4.5125,  -0.0125,-0.104102,  -0.0125, -17.1125,  -4.5125,  -0.0125,  -4.5125]
	PARPACK diagonalization completed after 30 matrix-vector product operations.
	iteration results: : total energy is -494.100000 | electron energy -494.100000 + phonon energy 0.000000 | electron momentum kIdx = 2
The 21-th iteration is completed.	|| time cost : 0h 0m 10.078s
********************************************************************************************************************
Start the 22 rounds of NGS-ED iteration
	effective electronic model is modified as: kinetic energy t = 4.67902e-09, t' = -1.91038e-15
	                                           effective interaction Vq = [ -37.8125, -17.1125,  -4.5125, -17.1125, -17.1125,  -4.5125,  -0.0125,  -4.5125,  -4.5125,  -0.0125,-0.105636,  -0.0125, -17.1125,  -4.5125,  -0.0125,  -4.5125]
	PARPACK diagonalization completed after 30 matrix-vector product operations.
	iteration results: : total energy is -494.100000 | electron energy -494.100000 + phonon energy 0.000000 | electron momentum kIdx = 2
The 22-th iteration is completed.	|| time cost : 0h 0m 10.03s
********************************************************************************************************************
Start the 23 rounds of NGS-ED iteration
	effective electronic model is modified as: kinetic energy t = 4.67875e-09, t' = -1.91038e-15
	                                           effective interaction Vq = [ -37.8125, -17.1125,  -4.5125, -17.1125, -17.1125,  -4.5125,  -0.0125,  -4.5125,  -4.5125,  -0.0125,-0.111545,  -0.0125, -17.1125,  -4.5125,  -0.0125,  -4.5125]
	PARPACK diagonalization completed after 30 matrix-vector product operations.
	iteration results: : total energy is -494.100000 | electron energy -494.100000 + phonon energy 0.000000 | electron momentum kIdx = 2
The 23-th iteration is completed.	|| time cost : 0h 0m 10.085s
********************************************************************************************************************
Start the 24 rounds of NGS-ED iteration
	effective electronic model is modified as: kinetic energy t = 4.67911e-09, t' = -1.91038e-15
	                                           effective interaction Vq = [ -37.8125, -17.1125,  -4.5125, -17.1125, -17.1125,  -4.5125,  -0.0125,  -4.5125,  -4.5125,  -0.0125,-0.103498,  -0.0125, -17.1125,  -4.5125,  -0.0125,  -4.5125]
	PARPACK diagonalization completed after 30 matrix-vector product operations.
	iteration results: : total energy is -494.100000 | electron energy -494.100000 + phonon energy 0.000000 | electron momentum kIdx = 2
The 24-th iteration is completed.	|| time cost : 0h 0m 10.101s
********************************************************************************************************************
Start the 25 rounds of NGS-ED iteration
	effective electronic model is modified as: kinetic energy t = 4.67911e-09, t' = -1.91038e-15
	                                           effective interaction Vq = [ -37.8125, -17.1125,  -4.5125, -17.1125, -17.1125,  -4.5125,  -0.0125,  -4.5125,  -4.5125,  -0.0125,-0.103465,  -0.0125, -17.1125,  -4.5125,  -0.0125,  -4.5125]
	PARPACK diagonalization completed after 30 matrix-vector product operations.
	iteration results: : total energy is -494.100000 | electron energy -494.100000 + phonon energy 0.000000 | electron momentum kIdx = 2
The 25-th iteration is completed.	|| time cost : 0h 0m 10.058s
********************************************************************************************************************
Start the 26 rounds of NGS-ED iteration
	effective electronic model is modified as: kinetic energy t = 4.679e-09, t' = -1.91038e-15
	                                           effective interaction Vq = [ -37.8125, -17.1125,  -4.5125, -17.1125, -17.1125,  -4.5125,  -0.0125,  -4.5125,  -4.5125,  -0.0125,-0.106145,  -0.0125, -17.1125,  -4.5125,  -0.0125,  -4.5125]
	PARPACK diagonalization completed after 30 matrix-vector product operations.
	iteration results: : total energy is -494.100000 | electron energy -494.100000 + phonon energy 0.000000 | electron momentum kIdx = 2
The 26-th iteration is completed.	|| time cost : 0h 0m 10.064s
********************************************************************************************************************
Start the 27 rounds of NGS-ED iteration
	effective electronic model is modified as: kinetic energy t = 4.67894e-09, t' = -1.91038e-15
	                                           effective interaction Vq = [ -37.8125, -17.1125,  -4.5125, -17.1125, -17.1125,  -4.5125,  -0.0125,  -4.5125,  -4.5125,  -0.0125,-0.107329,  -0.0125, -17.1125,  -4.5125,  -0.0125,  -4.5125]
	PARPACK diagonalization completed after 30 matrix-vector product operations.
	iteration results: : total energy is -494.100000 | electron energy -494.100000 + phonon energy 0.000000 | electron momentum kIdx = 2
The 27-th iteration is completed.	|| time cost : 0h 0m 10.066s
********************************************************************************************************************
Start the 28 rounds of NGS-ED iteration
	effective electronic model is modified as: kinetic energy t = 4.67901e-09, t' = -1.91038e-15
	                                           effective interaction Vq = [ -37.8125, -17.1125,  -4.5125, -17.1125, -17.1125,  -4.5125,  -0.0125,  -4.5125,  -4.5125,  -0.0125,-0.105733,  -0.0125, -17.1125,  -4.5125,  -0.0125,  -4.5125]
	PARPACK diagonalization completed after 30 matrix-vector product operations.
	iteration results: : total energy is -494.100000 | electron energy -494.100000 + phonon energy 0.000000 | electron momentum kIdx = 2
The 28-th iteration is completed.	|| time cost : 0h 0m 10.088s
********************************************************************************************************************
Start the 29 rounds of NGS-ED iteration
	effective electronic model is modified as: kinetic energy t = 4.67901e-09, t' = -1.91038e-15
	                                           effective interaction Vq = [ -37.8125, -17.1125,  -4.5125, -17.1125, -17.1125,  -4.5125,  -0.0125,  -4.5125,  -4.5125,  -0.0125,-0.105769,  -0.0125, -17.1125,  -4.5125,  -0.0125,  -4.5125]
	PARPACK diagonalization completed after 30 matrix-vector product operations.
	iteration results: : total energy is -494.100000 | electron energy -494.100000 + phonon energy 0.000000 | electron momentum kIdx = 2
The 29-th iteration is completed.	|| time cost : 0h 0m 10.078s
********************************************************************************************************************
Start the 30 rounds of NGS-ED iteration
	effective electronic model is modified as: kinetic energy t = 4.67902e-09, t' = -1.91038e-15
	                                           effective interaction Vq = [ -37.8125, -17.1125,  -4.5125, -17.1125, -17.1125,  -4.5125,  -0.0125,  -4.5125,  -4.5125,  -0.0125,-0.105514,  -0.0125, -17.1125,  -4.5125,  -0.0125,  -4.5125]
	PARPACK diagonalization completed after 30 matrix-vector product operations.
	iteration results: : total energy is -494.100000 | electron energy -494.100000 + phonon energy 0.000000 | electron momentum kIdx = 2
The 30-th iteration is completed.	|| time cost : 0h 0m 10.089s
********************************************************************************************************************
Start the 31 rounds of NGS-ED iteration
	effective electronic model is modified as: kinetic energy t = 4.67901e-09, t' = -1.91038e-15
	                                           effective interaction Vq = [ -37.8125, -17.1125,  -4.5125, -17.1125, -17.1125,  -4.5125,  -0.0125,  -4.5125,  -4.5125,  -0.0125,-0.105868,  -0.0125, -17.1125,  -4.5125,  -0.0125,  -4.5125]
	PARPACK diagonalization completed after 30 matrix-vector product operations.
	iteration results: : total energy is -494.100000 | electron energy -494.100000 + phonon energy 0.000000 | electron momentum kIdx = 2
The 31-th iteration is completed.	|| time cost : 0h 0m 10.057s
********************************************************************************************************************
Start the 32 rounds of NGS-ED iteration
	effective electronic model is modified as: kinetic energy t = 4.67898e-09, t' = -1.91038e-15
	                                           effective interaction Vq = [ -37.8125, -17.1125,  -4.5125, -17.1125, -17.1125,  -4.5125,  -0.0125,  -4.5125,  -4.5125,  -0.0125,-0.106627,  -0.0125, -17.1125,  -4.5125,  -0.0125,  -4.5125]
	PARPACK diagonalization completed after 30 matrix-vector product operations.
	iteration results: : total energy is -494.100000 | electron energy -494.100000 + phonon energy 0.000000 | electron momentum kIdx = 2
The 32-th iteration is completed.	|| time cost : 0h 0m 10.101s
********************************************************************************************************************
Start the 33 rounds of NGS-ED iteration
	effective electronic model is modified as: kinetic energy t = 4.67909e-09, t' = -1.91038e-15
	                                           effective interaction Vq = [ -37.8125, -17.1125,  -4.5125, -17.1125, -17.1125,  -4.5125,  -0.0125,  -4.5125,  -4.5125,  -0.0125,-0.103905,  -0.0125, -17.1125,  -4.5125,  -0.0125,  -4.5125]
	PARPACK diagonalization completed after 30 matrix-vector product operations.
	iteration results: : total energy is -494.100000 | electron energy -494.100000 + phonon energy 0.000000 | electron momentum kIdx = 2
The 33-th iteration is completed.	|| time cost : 0h 0m 10.042s
********************************************************************************************************************
Start the 34 rounds of NGS-ED iteration
	effective electronic model is modified as: kinetic energy t = 4.67886e-09, t' = -1.91038e-15
	                                           effective interaction Vq = [ -37.8125, -17.1125,  -4.5125, -17.1125, -17.1125,  -4.5125,  -0.0125,  -4.5125,  -4.5125,  -0.0125,-0.109302,  -0.0125, -17.1125,  -4.5125,  -0.0125,  -4.5125]
	PARPACK diagonalization completed after 30 matrix-vector product operations.
	iteration results: : total energy is -494.100000 | electron energy -494.100000 + phonon energy 0.000000 | electron momentum kIdx = 2
The 34-th iteration is completed.	|| time cost : 0h 0m 10.095s
********************************************************************************************************************
Start the 35 rounds of NGS-ED iteration
	effective electronic model is modified as: kinetic energy t = 4.67906e-09, t' = -1.91038e-15
	                                           effective interaction Vq = [ -37.8125, -17.1125,  -4.5125, -17.1125, -17.1125,  -4.5125,  -0.0125,  -4.5125,  -4.5125,  -0.0125,-0.104771,  -0.0125, -17.1125,  -4.5125,  -0.0125,  -4.5125]
	PARPACK diagonalization completed after 30 matrix-vector product operations.
	iteration results: : total energy is -494.100000 | electron energy -494.100000 + phonon energy 0.000000 | electron momentum kIdx = 2
The 35-th iteration is completed.	|| time cost : 0h 0m 10.088s
********************************************************************************************************************
Start the 36 rounds of NGS-ED iteration
	effective electronic model is modified as: kinetic energy t = 4.67897e-09, t' = -1.91038e-15
	                                           effective interaction Vq = [ -37.8125, -17.1125,  -4.5125, -17.1125, -17.1125,  -4.5125,  -0.0125,  -4.5125,  -4.5125,  -0.0125,-0.106738,  -0.0125, -17.1125,  -4.5125,  -0.0125,  -4.5125]
	PARPACK diagonalization completed after 30 matrix-vector product operations.
	iteration results: : total energy is -494.100000 | electron energy -494.100000 + phonon energy 0.000000 | electron momentum kIdx = 2
The 36-th iteration is completed.	|| time cost : 0h 0m 10.075s
********************************************************************************************************************
Start the 37 rounds of NGS-ED iteration
	effective electronic model is modified as: kinetic energy t = 4.67893e-09, t' = -1.91038e-15
	                                           effective interaction Vq = [-37.8125,-17.1125, -4.5125,-17.1125,-17.1125, -4.5125, -0.0125, -4.5125, -4.5125, -0.0125,-0.10756, -0.0125,-17.1125, -4.5125, -0.0125, -4.5125]
	PARPACK diagonalization completed after 30 matrix-vector product operations.
	iteration results: : total energy is -494.100000 | electron energy -494.100000 + phonon energy 0.000000 | electron momentum kIdx = 2
The 37-th iteration is completed.	|| time cost : 0h 0m 9.979s
********************************************************************************************************************
Start the 38 rounds of NGS-ED iteration
	effective electronic model is modified as: kinetic energy t = 4.67883e-09, t' = -1.91038e-15
	                                           effective interaction Vq = [ -37.8125, -17.1125,  -4.5125, -17.1125, -17.1125,  -4.5125,  -0.0125,  -4.5125,  -4.5125,  -0.0125,-0.109958,  -0.0125, -17.1125,  -4.5125,  -0.0125,  -4.5125]
	PARPACK diagonalization completed after 30 matrix-vector product operations.
	iteration results: : total energy is -494.100000 | electron energy -494.100000 + phonon energy 0.000000 | electron momentum kIdx = 2
The 38-th iteration is completed.	|| time cost : 0h 0m 10.059s
********************************************************************************************************************
Start the 39 rounds of NGS-ED iteration
	effective electronic model is modified as: kinetic energy t = 4.67885e-09, t' = -1.91038e-15
	                                           effective interaction Vq = [ -37.8125, -17.1125,  -4.5125, -17.1125, -17.1125,  -4.5125,  -0.0125,  -4.5125,  -4.5125,  -0.0125,-0.109334,  -0.0125, -17.1125,  -4.5125,  -0.0125,  -4.5125]
	PARPACK diagonalization completed after 30 matrix-vector product operations.
	iteration results: : total energy is -494.100000 | electron energy -494.100000 + phonon energy 0.000000 | electron momentum kIdx = 2
The 39-th iteration is completed.	|| time cost : 0h 0m 10.069s
********************************************************************************************************************
Start the 40 rounds of NGS-ED iteration
	effective electronic model is modified as: kinetic energy t = 4.67892e-09, t' = -1.91038e-15
	                                           effective interaction Vq = [ -37.8125, -17.1125,  -4.5125, -17.1125, -17.1125,  -4.5125,  -0.0125,  -4.5125,  -4.5125,  -0.0125,-0.107962,  -0.0125, -17.1125,  -4.5125,  -0.0125,  -4.5125]
	PARPACK diagonalization completed after 30 matrix-vector product operations.
	iteration results: : total energy is -494.100000 | electron energy -494.100000 + phonon energy 0.000000 | electron momentum kIdx = 2
The 40-th iteration is completed.	|| time cost : 0h 0m 10.055s
********************************************************************************************************************
Start the 41 rounds of NGS-ED iteration
	effective electronic model is modified as: kinetic energy t = 4.67894e-09, t' = -1.91038e-15
	                                           effective interaction Vq = [ -37.8125, -17.1125,  -4.5125, -17.1125, -17.1125,  -4.5125,  -0.0125,  -4.5125,  -4.5125,  -0.0125,-0.107521,  -0.0125, -17.1125,  -4.5125,  -0.0125,  -4.5125]
	PARPACK diagonalization completed after 30 matrix-vector product operations.
	iteration results: : total energy is -494.100000 | electron energy -494.100000 + phonon energy 0.000000 | electron momentum kIdx = 2
The 41-th iteration is completed.	|| time cost : 0h 0m 10.085s
********************************************************************************************************************
Start the 42 rounds of NGS-ED iteration
	effective electronic model is modified as: kinetic energy t = 4.67897e-09, t' = -1.91038e-15
	                                           effective interaction Vq = [ -37.8125, -17.1125,  -4.5125, -17.1125, -17.1125,  -4.5125,  -0.0125,  -4.5125,  -4.5125,  -0.0125,-0.106677,  -0.0125, -17.1125,  -4.5125,  -0.0125,  -4.5125]
	PARPACK diagonalization completed after 30 matrix-vector product operations.
	iteration results: : total energy is -494.100000 | electron energy -494.100000 + phonon energy 0.000000 | electron momentum kIdx = 2
The 42-th iteration is completed.	|| time cost : 0h 0m 10.068s
********************************************************************************************************************
Start the 43 rounds of NGS-ED iteration
	effective electronic model is modified as: kinetic energy t = 4.67897e-09, t' = -1.91038e-15
	                                           effective interaction Vq = [ -37.8125, -17.1125,  -4.5125, -17.1125, -17.1125,  -4.5125,  -0.0125,  -4.5125,  -4.5125,  -0.0125,-0.106732,  -0.0125, -17.1125,  -4.5125,  -0.0125,  -4.5125]
	PARPACK diagonalization completed after 30 matrix-vector product operations.
	iteration results: : total energy is -494.100000 | electron energy -494.100000 + phonon energy 0.000000 | electron momentum kIdx = 2
The 43-th iteration is completed.	|| time cost : 0h 0m 10.09s
********************************************************************************************************************
Start the 44 rounds of NGS-ED iteration
	effective electronic model is modified as: kinetic energy t = 4.67899e-09, t' = -1.91038e-15
	                                           effective interaction Vq = [ -37.8125, -17.1125,  -4.5125, -17.1125, -17.1125,  -4.5125,  -0.0125,  -4.5125,  -4.5125,  -0.0125,-0.106236,  -0.0125, -17.1125,  -4.5125,  -0.0125,  -4.5125]
	PARPACK diagonalization completed after 30 matrix-vector product operations.
	iteration results: : total energy is -494.100000 | electron energy -494.100000 + phonon energy 0.000000 | electron momentum kIdx = 2
The 44-th iteration is completed.	|| time cost : 0h 0m 10.096s
********************************************************************************************************************
Start the 45 rounds of NGS-ED iteration
	effective electronic model is modified as: kinetic energy t = 4.67905e-09, t' = -1.91038e-15
	                                           effective interaction Vq = [ -37.8125, -17.1125,  -4.5125, -17.1125, -17.1125,  -4.5125,  -0.0125,  -4.5125,  -4.5125,  -0.0125,-0.104893,  -0.0125, -17.1125,  -4.5125,  -0.0125,  -4.5125]
