TACC:  Starting up job 4247388 
TACC:  Starting parallel tasks... 
SNEDics v3.4 Non-Gaussian ED ground state program		Start at Wed Aug 28 19:20:09 2019

parallized on 32 MPI threads  * 6 OpenMP threads = 192 total threads.
********************************************************************************************************************
********************************************************************************************************************

********************************************************************************************************************
System parameters and configurations
********************************************************************************************************************
Special program options are enabled: splitted diagonal Hamiltonian
********************************************************************************************************************
Read input file "model_params.in"
	Hubbard-Holstein model parameters : 	t = 1    U = 8    g = 2.7928    W = 1    
********************************************************************************************************************
Read input file "hilbertspace_params.in"
	Requested 16-site 2D lattice, with 14 electrons (7, 7)
	Boundary : Periodic		Hilbert space representation : momentum-space (restricted to kIdx = 0)
	Conservation: particle number[U(1)]      spin[U(1)]     momentum
********************************************************************************************************************

Cluster Positions:				Cluster symmetry group : D4
 x ... x ... x ... x .....                       x ... x ... x ... x .....
 |           |           :                       |           |           :
 |           |           :                       |           |           :
12    13    14    15     x                       1     5     6     5     x
 |           |           :                       |           |           :
 |           |           :                       |           |           :
 8 --- 9 ---10 ---11 --- x                       2 --- 6 ---10 --- 6 --- x
 |           |           :                       |           |           :
 |           |           :                       |           |           :
 4     5     6     7     x                       1     5     6     5     x
 |           |           :                       |           |           :
 |           |           :                       |           |           :
 0 --- 1 --- 2 --- 3 --- x                       0 --- 1 --- 2 --- 1 --- x
orbital number : 1
********************************************************************************************************************
Read input file "obs_params.in"
	Observable Type : Nq[All],   Sq[All],   N[All]
********************************************************************************************************************
** WARNING ** the input observables have non-local factors which have been reinterpreted. The total observable number is 48
********************************************************************************************************************


********************************************************************************************************************
Start calculating the non-Gaussian ED ground state
** WARNING ** Detected low phonon energy W < 10. The initial state will be prepared through a warm-up process.
********************************************************************************************************************
Start warm-up calculation for scaling factor 16
open output files: NGSEDWarmUpW16Obs.txt
********************************************************************************************************************
Start the 0 rounds of NGS-ED iteration
	effective electronic model is modified as: kinetic energy t = 1
	                                           effective interaction Vq = [0,0,0,0,0,0,0,0,0,0,0,0,0,0,0,0]
	first Hamiltonian is constructed, non-zero numbers = 2178478298
	PARPACK diagonalization completed after 180 matrix-vector product operations.
	iteration results: : total energy is -11.868836 | electron energy -11.868836 + phonon energy 0.000000 | electron momentum kIdx = 0
	Nq(0) = 12.25,	Nq(1) = 0.154193,	Nq(2) = 0.185311,	Nq(3) = 0.154193,	Nq(4) = 0.154193,	Nq(5) = 0.203281,	Nq(6) = 0.235634,	Nq(7) = 0.203281,	Nq(8) = 0.185311,	Nq(9) = 0.235634,	Nq(10) = 0.275446,	Nq(11) = 0.235634,	Nq(12) = 0.154193,	Nq(13) = 0.203281,	Nq(14) = 0.235634,	Nq(15) = 0.203281,	Sq(0) = -1.43419e-18,	Sq(1) = 0.474292,	Sq(2) = 0.766364,	Sq(3) = 0.474292,	Sq(4) = 0.474292,	Sq(5) = 0.630724,	Sq(6) = 1.05279,	Sq(7) = 0.630724,	Sq(8) = 0.766364,	Sq(9) = 1.05279,	Sq(10) = 2.56755,	Sq(11) = 1.05279,	Sq(12) = 0.474292,	Sq(13) = 0.630724,	Sq(14) = 1.05279,	Sq(15) = 0.630724,	N(0) = 1.75464,	N(1) = 1.59086,	N(2) = 0.323321,	N(3) = 1.59086,	N(4) = 1.59086,	N(5) = 0.999881,	N(6) = 0.267546,	N(7) = 0.999881,	N(8) = 0.323321,	N(9) = 0.267546,	N(10) = 0.165565,	N(11) = 0.267546,	N(12) = 1.59086,	N(13) = 0.999881,	N(14) = 0.267546,	N(15) = 0.999881
The 0-th iteration is completed.	|| time cost : 0h 2m 20.052s
********************************************************************************************************************
Start the 1 rounds of NGS-ED iteration
	effective electronic model is modified as: kinetic energy t = 0.805916
	                                           effective interaction Vq = [ -7.4818,-7.18667,-6.97467,-7.18667,-7.18667,-7.02383,-6.88108,-7.02383,-6.97467,-6.88108,-6.79486,-6.88108,-7.18667,-7.02383,-6.88108,-7.02383]
	PARPACK diagonalization completed after 150 matrix-vector product operations.
	iteration results: : total energy is -152.651204 | electron energy -152.674513 + phonon energy 0.023309 | electron momentum kIdx = 0
The 1-th iteration is completed.	|| time cost : 0h 3m 7.249s
********************************************************************************************************************
Start the 2 rounds of NGS-ED iteration
	effective electronic model is modified as: kinetic energy t = 0.682877
	                                           effective interaction Vq = [-7.78677,-7.75959,-7.72591,-7.75959,-7.75959, -7.7333,-7.70605, -7.7333,-7.72591,-7.70605,-7.69614,-7.70605,-7.75959, -7.7333,-7.70605, -7.7333]
	PARPACK diagonalization completed after 75 matrix-vector product operations.
	iteration results: : total energy is -165.268820 | electron energy -165.334705 + phonon energy 0.065884 | electron momentum kIdx = 0
The 2-th iteration is completed.	|| time cost : 0h 0m 27.222s
********************************************************************************************************************
Start the 3 rounds of NGS-ED iteration
	effective electronic model is modified as: kinetic energy t = 0.649701
	                                           effective interaction Vq = [ -7.7992,-7.79077,-7.78371,-7.79077,-7.79077,-7.78476,-7.78129,-7.78476,-7.78371,-7.78129,-7.78669,-7.78129,-7.79077,-7.78476,-7.78129,-7.78476]
	PARPACK diagonalization completed after 60 matrix-vector product operations.
	iteration results: : total energy is -165.994755 | electron energy -166.048217 + phonon energy 0.053462 | electron momentum kIdx = 0
The 3-th iteration is completed.	|| time cost : 0h 0m 24.349s
********************************************************************************************************************
Start the 4 rounds of NGS-ED iteration
	effective electronic model is modified as: kinetic energy t = 0.643003
	                                           effective interaction Vq = [-7.79971,-7.79342,-7.78943,-7.79342,-7.79342,-7.78963, -7.7896,-7.78963,-7.78943, -7.7896, -7.7964, -7.7896,-7.79342,-7.78963, -7.7896,-7.78963]
	PARPACK diagonalization completed after 60 matrix-vector product operations.
	iteration results: : total energy is -166.030367 | electron energy -166.080740 + phonon energy 0.050373 | electron momentum kIdx = 0
The 4-th iteration is completed.	|| time cost : 0h 0m 24.32s
********************************************************************************************************************
Start the 5 rounds of NGS-ED iteration
	effective electronic model is modified as: kinetic energy t = 0.641709
	                                           effective interaction Vq = [-7.79973,-7.79379,-7.79029,-7.79379,-7.79379,-7.79034,-7.79095,-7.79034,-7.79029,-7.79095,-7.79769,-7.79095,-7.79379,-7.79034,-7.79095,-7.79034]
	PARPACK diagonalization completed after 45 matrix-vector product operations.
	iteration results: : total energy is -166.031908 | electron energy -166.081666 + phonon energy 0.049759 | electron momentum kIdx = 0
The 5-th iteration is completed.	|| time cost : 0h 0m 21.242s
********************************************************************************************************************
Start the 6 rounds of NGS-ED iteration
	effective electronic model is modified as: kinetic energy t = 0.641448
	                                           effective interaction Vq = [-7.79973,-7.79385,-7.79045,-7.79385,-7.79385,-7.79046,-7.79123,-7.79046,-7.79045,-7.79123,-7.79791,-7.79123,-7.79385,-7.79046,-7.79123,-7.79046]
	PARPACK diagonalization completed after 45 matrix-vector product operations.
	iteration results: : total energy is -166.031972 | electron energy -166.081623 + phonon energy 0.049651 | electron momentum kIdx = 0
The 6-th iteration is completed.	|| time cost : 0h 0m 21.205s
********************************************************************************************************************
Start the 7 rounds of NGS-ED iteration
	effective electronic model is modified as: kinetic energy t = 0.641394
	                                           effective interaction Vq = [-7.79973,-7.79386,-7.79049,-7.79386,-7.79386,-7.79049,-7.79129,-7.79049,-7.79049,-7.79129,-7.79796,-7.79129,-7.79386,-7.79049,-7.79129,-7.79049]
	PARPACK diagonalization completed after 30 matrix-vector product operations.
	iteration results: : total energy is -166.031974 | electron energy -166.081605 + phonon energy 0.049631 | electron momentum kIdx = 0
	Nq(0) = 12.25,	Nq(1) = 0.491828,	Nq(2) = 0.768751,	Nq(3) = 0.491828,	Nq(4) = 0.491828,	Nq(5) = 0.768756,	Nq(6) = 1.19456,	Nq(7) = 0.768756,	Nq(8) = 0.768751,	Nq(9) = 1.19456,	Nq(10) = 3.49691,	Nq(11) = 1.19456,	Nq(12) = 0.491828,	Nq(13) = 0.768756,	Nq(14) = 1.19456,	Nq(15) = 0.768756,	Sq(0) = -6.87873e-20,	Sq(1) = 0.0304024,	Sq(2) = 0.0570413,	Sq(3) = 0.0304024,	Sq(4) = 0.0304024,	Sq(5) = 0.0570413,	Sq(6) = 0.0815913,	Sq(7) = 0.0570413,	Sq(8) = 0.0570413,	Sq(9) = 0.0815913,	Sq(10) = 0.104804,	Sq(11) = 0.0815913,	Sq(12) = 0.0304024,	Sq(13) = 0.0570413,	Sq(14) = 0.0815913,	Sq(15) = 0.0570413,	N(0) = 1.55786,	N(1) = 1.27122,	N(2) = 0.844825,	N(3) = 1.27122,	N(4) = 1.27122,	N(5) = 0.844825,	N(6) = 0.495399,	N(7) = 0.844825,	N(8) = 0.844825,	N(9) = 0.495399,	N(10) = 0.306728,	N(11) = 0.495399,	N(12) = 1.27122,	N(13) = 0.844825,	N(14) = 0.495399,	N(15) = 0.844825
The 7-th iteration is completed.	|| time cost : 0h 0m 41.413s
********************************************************************************************************************
********************************************************************************************************************
Ground state is obtained after 8 iterations. The current ground-state energy is -166.032, in which electron energy is -166.082 and phonon energy is 0.0496307
final variational state is: 
	Gamma_x = [      1,1.01287,1.02521,1.01287,1.01287,1.02521,1.03771,1.02521,1.02521,1.03771,1.05179,1.03771,1.01287,1.02521,1.03771,1.02521]
	lambda_q = [0.698198,0.679055,0.674171,0.679055,0.679055,0.674172,0.675245,0.674172,0.674171,0.675245,0.687691,0.675245,0.679055,0.674172,0.675245,0.674172]
********************************************************************************************************************
o___o  ----------------------------------------
| L |	Time since last clock: 0h 0m 0s
A===A	Time since the beginning: 0h 8m 7.055s
***********************************************

********************************************************************************************************************
Start warm-up calculation for scaling factor 8
open output files: NGSEDWarmUpW8Obs.txt
********************************************************************************************************************
Start the 0 rounds of NGS-ED iteration
	effective electronic model is modified as: kinetic energy t = 0.641382
	                                           effective interaction Vq = [-7.13061, -7.0391,-7.01481, -7.0391, -7.0391,-7.01482,-7.02019,-7.01482,-7.01481,-7.02019,-7.08111,-7.02019, -7.0391,-7.01482,-7.02019,-7.01482]
	PARPACK diagonalization completed after 60 matrix-vector product operations.
	iteration results: : total energy is -146.810473 | electron energy -146.835286 + phonon energy 0.024813 | electron momentum kIdx = 0
	Nq(0) = 12.25,	Nq(1) = 0.405191,	Nq(2) = 0.579786,	Nq(3) = 0.405191,	Nq(4) = 0.405191,	Nq(5) = 0.579789,	Nq(6) = 0.837224,	Nq(7) = 0.579789,	Nq(8) = 0.579786,	Nq(9) = 0.837224,	Nq(10) = 6.04182,	Nq(11) = 0.837224,	Nq(12) = 0.405191,	Nq(13) = 0.579789,	Nq(14) = 0.837224,	Nq(15) = 0.579789,	Sq(0) = 2.37742e-20,	Sq(1) = 0.0445403,	Sq(2) = 0.0807223,	Sq(3) = 0.0445403,	Sq(4) = 0.0445403,	Sq(5) = 0.0807223,	Sq(6) = 0.113384,	Sq(7) = 0.0807223,	Sq(8) = 0.0807223,	Sq(9) = 0.113384,	Sq(10) = 0.143762,	Sq(11) = 0.113384,	Sq(12) = 0.0445403,	Sq(13) = 0.0807223,	Sq(14) = 0.113384,	Sq(15) = 0.0807223,	N(0) = 1.64898,	N(1) = 1.35201,	N(2) = 0.830667,	N(3) = 1.35201,	N(4) = 1.35201,	N(5) = 0.830667,	N(6) = 0.428798,	N(7) = 0.830667,	N(8) = 0.830667,	N(9) = 0.428798,	N(10) = 0.243791,	N(11) = 0.428798,	N(12) = 1.35201,	N(13) = 0.830667,	N(14) = 0.428798,	N(15) = 0.830667
The 0-th iteration is completed.	|| time cost : 0h 0m 45.791s
********************************************************************************************************************
Start the 1 rounds of NGS-ED iteration
	effective electronic model is modified as: kinetic energy t = 0.536391
	                                           effective interaction Vq = [-7.66464,-7.57875,-7.54872,-7.57875,-7.57875,-7.54872,-7.55306,-7.54872,-7.54872,-7.55306,-7.65817,-7.55306,-7.57875,-7.54872,-7.55306,-7.54872]
	PARPACK diagonalization completed after 60 matrix-vector product operations.
	iteration results: : total energy is -160.373578 | electron energy -160.502904 + phonon energy 0.129325 | electron momentum kIdx = 0
The 1-th iteration is completed.	|| time cost : 0h 0m 21.025s
********************************************************************************************************************
Start the 2 rounds of NGS-ED iteration
	effective electronic model is modified as: kinetic energy t = 0.487186
	                                           effective interaction Vq = [-7.77246,-7.71765,-7.68297,-7.71765,-7.71765,-7.68297,-7.67269,-7.68297,-7.68297,-7.67269, -7.7729,-7.67269,-7.71765,-7.68297,-7.67269,-7.68297]
	PARPACK diagonalization completed after 60 matrix-vector product operations.
	iteration results: : total energy is -163.124502 | electron energy -163.225925 + phonon energy 0.101423 | electron momentum kIdx = 0
The 2-th iteration is completed.	|| time cost : 0h 0m 20.987s
********************************************************************************************************************
Start the 3 rounds of NGS-ED iteration
	effective electronic model is modified as: kinetic energy t = 0.462999
	                                           effective interaction Vq = [-7.79423,  -7.761,-7.73148,  -7.761,  -7.761,-7.73148,-7.71731,-7.73148,-7.73148,-7.71731,-7.79398,-7.71731,  -7.761,-7.73148,-7.71731,-7.73148]
	PARPACK diagonalization completed after 60 matrix-vector product operations.
	iteration results: : total energy is -163.670338 | electron energy -163.753525 + phonon energy 0.083187 | electron momentum kIdx = 0
The 3-th iteration is completed.	|| time cost : 0h 0m 21.019s
********************************************************************************************************************
Start the 4 rounds of NGS-ED iteration
	effective electronic model is modified as: kinetic energy t = 0.449365
	                                           effective interaction Vq = [-7.79862,-7.77686, -7.7543,-7.77686,-7.77686, -7.7543,-7.74279, -7.7543, -7.7543,-7.74279,-7.79816,-7.74279,-7.77686, -7.7543,-7.74279, -7.7543]
	PARPACK diagonalization completed after 60 matrix-vector product operations.
	iteration results: : total energy is -163.793743 | electron energy -163.870936 + phonon energy 0.077193 | electron momentum kIdx = 0
The 4-th iteration is completed.	|| time cost : 0h 0m 24.132s
********************************************************************************************************************
Start the 5 rounds of NGS-ED iteration
	effective electronic model is modified as: kinetic energy t = 0.44017
	                                           effective interaction Vq = [-7.79951,-7.78399,-7.76776,-7.78399,-7.78399,-7.76776,-7.76053,-7.76776,-7.76776,-7.76053, -7.7991,-7.76053,-7.78399,-7.76776,-7.76053,-7.76776]
	PARPACK diagonalization completed after 60 matrix-vector product operations.
	iteration results: : total energy is -163.835834 | electron energy -163.912201 + phonon energy 0.076367 | electron momentum kIdx = 0
The 5-th iteration is completed.	|| time cost : 0h 0m 24.368s
********************************************************************************************************************
Start the 6 rounds of NGS-ED iteration
	effective electronic model is modified as: kinetic energy t = 0.433082
	                                           effective interaction Vq = [-7.79969,-7.78802,-7.77692,-7.78802,-7.78802,-7.77692, -7.7734,-7.77692,-7.77692, -7.7734,-7.79931, -7.7734,-7.78802,-7.77692, -7.7734,-7.77692]
	PARPACK diagonalization completed after 75 matrix-vector product operations.
	iteration results: : total energy is -163.860882 | electron energy -163.938277 + phonon energy 0.077394 | electron momentum kIdx = 0
The 6-th iteration is completed.	|| time cost : 0h 0m 27.714s
********************************************************************************************************************
Start the 7 rounds of NGS-ED iteration
	effective electronic model is modified as: kinetic energy t = 0.427543
	                                           effective interaction Vq = [-7.79972,-7.79063,-7.78316,-7.79063,-7.79063,-7.78316,-7.78208,-7.78316,-7.78316,-7.78208,-7.79932,-7.78208,-7.79063,-7.78316,-7.78208,-7.78316]
	PARPACK diagonalization completed after 75 matrix-vector product operations.
	iteration results: : total energy is -163.877860 | electron energy -163.956366 + phonon energy 0.078506 | electron momentum kIdx = 0
The 7-th iteration is completed.	|| time cost : 0h 0m 27.422s
********************************************************************************************************************
Start the 8 rounds of NGS-ED iteration
	effective electronic model is modified as: kinetic energy t = 0.423548
	                                           effective interaction Vq = [-7.79973, -7.7923,-7.78708, -7.7923, -7.7923,-7.78708,-7.78729,-7.78708,-7.78708,-7.78729,-7.79923,-7.78729, -7.7923,-7.78708,-7.78729,-7.78708]
	PARPACK diagonalization completed after 60 matrix-vector product operations.
	iteration results: : total energy is -163.887231 | electron energy -163.966068 + phonon energy 0.078837 | electron momentum kIdx = 0
The 8-th iteration is completed.	|| time cost : 0h 0m 24.24s
********************************************************************************************************************
Start the 9 rounds of NGS-ED iteration
	effective electronic model is modified as: kinetic energy t = 0.420925
	                                           effective interaction Vq = [-7.79973,-7.79332,-7.78936,-7.79332,-7.79332,-7.78936,-7.79018,-7.78936,-7.78936,-7.79018, -7.7991,-7.79018,-7.79332,-7.78936,-7.79018,-7.78936]
	PARPACK diagonalization completed after 60 matrix-vector product operations.
	iteration results: : total energy is -163.891362 | electron energy -163.969903 + phonon energy 0.078541 | electron momentum kIdx = 0
The 9-th iteration is completed.	|| time cost : 0h 0m 24.36s
********************************************************************************************************************
Start the 10 rounds of NGS-ED iteration
	effective electronic model is modified as: kinetic energy t = 0.419316
	                                           effective interaction Vq = [-7.79973,-7.79391,-7.79065,-7.79391,-7.79391,-7.79065,-7.79174,-7.79065,-7.79065,-7.79174,-7.79898,-7.79174,-7.79391,-7.79065,-7.79174,-7.79065]
	PARPACK diagonalization completed after 60 matrix-vector product operations.
	iteration results: : total energy is -163.892938 | electron energy -163.971013 + phonon energy 0.078075 | electron momentum kIdx = 0
	Nq(0) = 12.25,	Nq(1) = 0.467203,	Nq(2) = 0.741686,	Nq(3) = 0.467203,	Nq(4) = 0.467203,	Nq(5) = 0.741686,	Nq(6) = 1.19219,	Nq(7) = 0.741686,	Nq(8) = 0.741686,	Nq(9) = 1.19219,	Nq(10) = 4.24531,	Nq(11) = 1.19219,	Nq(12) = 0.467203,	Nq(13) = 0.741686,	Nq(14) = 1.19219,	Nq(15) = 0.741686,	Sq(0) = -2.97725e-19,	Sq(1) = 0.0135229,	Sq(2) = 0.0263372,	Sq(3) = 0.0135229,	Sq(4) = 0.0135229,	Sq(5) = 0.0263372,	Sq(6) = 0.0386079,	Sq(7) = 0.0263372,	Sq(8) = 0.0263372,	Sq(9) = 0.0386079,	Sq(10) = 0.0504522,	Sq(11) = 0.0386079,	Sq(12) = 0.0135229,	Sq(13) = 0.0263372,	Sq(14) = 0.0386079,	Sq(15) = 0.0263372,	N(0) = 1.3667,	N(1) = 1.13228,	N(2) = 0.861823,	N(3) = 1.13228,	N(4) = 1.13228,	N(5) = 0.861823,	N(6) = 0.621484,	N(7) = 0.861823,	N(8) = 0.861823,	N(9) = 0.621484,	N(10) = 0.447282,	N(11) = 0.621484,	N(12) = 1.13228,	N(13) = 0.861823,	N(14) = 0.621484,	N(15) = 0.861823
The 10-th iteration is completed.	|| time cost : 0h 0m 49.499s
********************************************************************************************************************
Start the 11 rounds of NGS-ED iteration
	effective electronic model is modified as: kinetic energy t = 0.418368
	                                           effective interaction Vq = [-7.79973,-7.79426,-7.79138,-7.79426,-7.79426,-7.79138,-7.79258,-7.79138,-7.79138,-7.79258,-7.79889,-7.79258,-7.79426,-7.79138,-7.79258,-7.79138]
	PARPACK diagonalization completed after 60 matrix-vector product operations.
	iteration results: : total energy is -163.893494 | electron energy -163.971174 + phonon energy 0.077681 | electron momentum kIdx = 0
The 11-th iteration is completed.	|| time cost : 0h 0m 21.044s
********************************************************************************************************************
Start the 12 rounds of NGS-ED iteration
	effective electronic model is modified as: kinetic energy t = 0.417821
	                                           effective interaction Vq = [-7.79973,-7.79445,-7.79178,-7.79445,-7.79445,-7.79178,-7.79303,-7.79178,-7.79178,-7.79303,-7.79882,-7.79303,-7.79445,-7.79178,-7.79303,-7.79178]
	PARPACK diagonalization completed after 60 matrix-vector product operations.
	iteration results: : total energy is -163.893682 | electron energy -163.971091 + phonon energy 0.077409 | electron momentum kIdx = 0
The 12-th iteration is completed.	|| time cost : 0h 0m 20.981s
********************************************************************************************************************
Start the 13 rounds of NGS-ED iteration
	effective electronic model is modified as: kinetic energy t = 0.417509
	                                           effective interaction Vq = [-7.79973,-7.79457,-7.79201,-7.79457,-7.79457,-7.79201,-7.79328,-7.79201,-7.79201,-7.79328,-7.79878,-7.79328,-7.79457,-7.79201,-7.79328,-7.79201]
	PARPACK diagonalization completed after 45 matrix-vector product operations.
	iteration results: : total energy is -163.893744 | electron energy -163.970984 + phonon energy 0.077240 | electron momentum kIdx = 0
The 13-th iteration is completed.	|| time cost : 0h 0m 18.173s
********************************************************************************************************************
Start the 14 rounds of NGS-ED iteration
	effective electronic model is modified as: kinetic energy t = 0.417332
	                                           effective interaction Vq = [-7.79973,-7.79463,-7.79214,-7.79463,-7.79463,-7.79214,-7.79342,-7.79214,-7.79214,-7.79342,-7.79875,-7.79342,-7.79463,-7.79214,-7.79342,-7.79214]
	PARPACK diagonalization completed after 45 matrix-vector product operations.
	iteration results: : total energy is -163.893764 | electron energy -163.970903 + phonon energy 0.077138 | electron momentum kIdx = 0
	Nq(0) = 12.25,	Nq(1) = 0.472904,	Nq(2) = 0.756063,	Nq(3) = 0.472904,	Nq(4) = 0.472904,	Nq(5) = 0.756063,	Nq(6) = 1.22418,	Nq(7) = 0.756063,	Nq(8) = 0.756063,	Nq(9) = 1.22418,	Nq(10) = 4.01176,	Nq(11) = 1.22418,	Nq(12) = 0.472904,	Nq(13) = 0.756063,	Nq(14) = 1.22418,	Nq(15) = 0.756063,	Sq(0) = -1.11797e-19,	Sq(1) = 0.0134039,	Sq(2) = 0.0261142,	Sq(3) = 0.0134039,	Sq(4) = 0.0134039,	Sq(5) = 0.0261142,	Sq(6) = 0.0382916,	Sq(7) = 0.0261142,	Sq(8) = 0.0261142,	Sq(9) = 0.0382916,	Sq(10) = 0.0500505,	Sq(11) = 0.0382916,	Sq(12) = 0.0134039,	Sq(13) = 0.0261142,	Sq(14) = 0.0382916,	Sq(15) = 0.0261142,	N(0) = 1.365,	N(1) = 1.13127,	N(2) = 0.861925,	N(3) = 1.13127,	N(4) = 1.13127,	N(5) = 0.861925,	N(6) = 0.62245,	N(7) = 0.861925,	N(8) = 0.861925,	N(9) = 0.62245,	N(10) = 0.448586,	N(11) = 0.62245,	N(12) = 1.13127,	N(13) = 0.861925,	N(14) = 0.62245,	N(15) = 0.861925
The 14-th iteration is completed.	|| time cost : 0h 0m 43.405s
********************************************************************************************************************
********************************************************************************************************************
Ground state is obtained after 15 iterations. The current ground-state energy is -163.894, in which electron energy is -163.971 and phonon energy is 0.0771384
final variational state is: 
	Gamma_x = [      1,1.02309,1.04515,1.02309,1.02309,1.04515,1.06738,1.04515,1.04515,1.06738,1.09194,1.06738,1.02309,1.04515,1.06738,1.04515]
	lambda_q = [0.987402,0.962252,0.956755,0.962252,0.962252,0.956755,0.959499,0.956755,0.956755,0.959499,0.976231,0.959499,0.962252,0.956755,0.959499,0.956755]
********************************************************************************************************************
o___o  ----------------------------------------
| L |	Time since last clock: 0h 0m 0s
A===A	Time since the beginning: 0h 15m 1.223s
***********************************************

********************************************************************************************************************
Start warm-up calculation for scaling factor 4
open output files: NGSEDWarmUpW4Obs.txt
********************************************************************************************************************
Start the 0 rounds of NGS-ED iteration
	effective electronic model is modified as: kinetic energy t = 0.417232
	                                           effective interaction Vq = [-7.13061,-7.04579,-7.02658,-7.04579,-7.04579,-7.02658, -7.0362,-7.02658,-7.02658, -7.0362,-7.09356, -7.0362,-7.04579,-7.02658, -7.0362,-7.02658]
	PARPACK diagonalization completed after 60 matrix-vector product operations.
	iteration results: : total energy is -144.545557 | electron energy -144.584097 + phonon energy 0.038540 | electron momentum kIdx = 0
	Nq(0) = 12.25,	Nq(1) = 0.307837,	Nq(2) = 0.393677,	Nq(3) = 0.307837,	Nq(4) = 0.307837,	Nq(5) = 0.393677,	Nq(6) = 0.527378,	Nq(7) = 0.393677,	Nq(8) = 0.393677,	Nq(9) = 0.527378,	Nq(10) = 9.49006,	Nq(11) = 0.527378,	Nq(12) = 0.307837,	Nq(13) = 0.393677,	Nq(14) = 0.527378,	Nq(15) = 0.393677,	Sq(0) = -5.92487e-20,	Sq(1) = 0.0184511,	Sq(2) = 0.0353714,	Sq(3) = 0.0184511,	Sq(4) = 0.0184511,	Sq(5) = 0.0353714,	Sq(6) = 0.0512018,	Sq(7) = 0.0353714,	Sq(8) = 0.0353714,	Sq(9) = 0.0512018,	Sq(10) = 0.0661851,	Sq(11) = 0.0512018,	Sq(12) = 0.0184511,	Sq(13) = 0.0353714,	Sq(14) = 0.0512018,	Sq(15) = 0.0353714,	N(0) = 1.42155,	N(1) = 1.15977,	N(2) = 0.857686,	N(3) = 1.15977,	N(4) = 1.15977,	N(5) = 0.857686,	N(6) = 0.596134,	N(7) = 0.857686,	N(8) = 0.857686,	N(9) = 0.596134,	N(10) = 0.408719,	N(11) = 0.596134,	N(12) = 1.15977,	N(13) = 0.857686,	N(14) = 0.596134,	N(15) = 0.857686
The 0-th iteration is completed.	|| time cost : 0h 0m 52.873s
********************************************************************************************************************
Start the 1 rounds of NGS-ED iteration
	effective electronic model is modified as: kinetic energy t = 0.34777
	                                           effective interaction Vq = [-7.49908,-7.40303,-7.36449,-7.40303,-7.40303,-7.36449,-7.36571,-7.36449,-7.36449,-7.36571,-7.50608,-7.36571,-7.40303,-7.36449,-7.36571,-7.36449]
	PARPACK diagonalization completed after 45 matrix-vector product operations.
	iteration results: : total energy is -154.500866 | electron energy -154.609139 + phonon energy 0.108273 | electron momentum kIdx = 0
The 1-th iteration is completed.	|| time cost : 0h 0m 18.144s
********************************************************************************************************************
Start the 2 rounds of NGS-ED iteration
	effective electronic model is modified as: kinetic energy t = 0.294831
	                                           effective interaction Vq = [-7.66464,-7.59159,-7.54621,-7.59159,-7.59159,-7.54621,-7.52501,-7.54621,-7.54621,-7.52501,-7.68079,-7.52501,-7.59159,-7.54621,-7.52501,-7.54621]
	PARPACK diagonalization completed after 45 matrix-vector product operations.
	iteration results: : total energy is -158.987006 | electron energy -159.082563 + phonon energy 0.095557 | electron momentum kIdx = 0
The 2-th iteration is completed.	|| time cost : 0h 0m 18.194s
********************************************************************************************************************
Start the 3 rounds of NGS-ED iteration
	effective electronic model is modified as: kinetic energy t = 0.255704
	                                           effective interaction Vq = [-7.73903,-7.68974, -7.6514,-7.68974,-7.68974, -7.6514,-7.62526, -7.6514, -7.6514,-7.62526,-7.75084,-7.62526,-7.68974, -7.6514,-7.62526, -7.6514]
	PARPACK diagonalization completed after 45 matrix-vector product operations.
	iteration results: : total energy is -160.967327 | electron energy -161.036966 + phonon energy 0.069638 | electron momentum kIdx = 0
The 3-th iteration is completed.	|| time cost : 0h 0m 18.172s
********************************************************************************************************************
Start the 4 rounds of NGS-ED iteration
	effective electronic model is modified as: kinetic energy t = 0.228139
	                                           effective interaction Vq = [-7.77246,-7.74044,-7.71128,-7.74044,-7.74044,-7.71128,-7.68759,-7.71128,-7.71128,-7.68759,-7.77919,-7.68759,-7.74044,-7.71128,-7.68759,-7.71128]
	PARPACK diagonalization completed after 60 matrix-vector product operations.
	iteration results: : total energy is -161.847134 | electron energy -161.896529 + phonon energy 0.049395 | electron momentum kIdx = 0
The 4-th iteration is completed.	|| time cost : 0h 0m 20.952s
********************************************************************************************************************
Start the 5 rounds of NGS-ED iteration
	effective electronic model is modified as: kinetic energy t = 0.209
	                                           effective interaction Vq = [-7.78748, -7.7668,-7.74537, -7.7668, -7.7668,-7.74537,-7.72596,-7.74537,-7.74537,-7.72596, -7.7909,-7.72596, -7.7668,-7.74537,-7.72596,-7.74537]
	PARPACK diagonalization completed after 60 matrix-vector product operations.
	iteration results: : total energy is -162.242986 | electron energy -162.279084 + phonon energy 0.036098 | electron momentum kIdx = 0
The 5-th iteration is completed.	|| time cost : 0h 0m 20.958s
********************************************************************************************************************
Start the 6 rounds of NGS-ED iteration
	effective electronic model is modified as: kinetic energy t = 0.195705
	                                           effective interaction Vq = [-7.79423,-7.78071,-7.76503,-7.78071,-7.78071,-7.76503,-7.74974,-7.76503,-7.76503,-7.74974,-7.79584,-7.74974,-7.78071,-7.76503,-7.74974,-7.76503]
	PARPACK diagonalization completed after 60 matrix-vector product operations.
	iteration results: : total energy is -162.423757 | electron energy -162.451572 + phonon energy 0.027816 | electron momentum kIdx = 0
The 6-th iteration is completed.	|| time cost : 0h 0m 20.993s
********************************************************************************************************************
Start the 7 rounds of NGS-ED iteration
	effective electronic model is modified as: kinetic energy t = 0.186388
	                                           effective interaction Vq = [-7.79726, -7.7882,-7.77662, -7.7882, -7.7882,-7.77662,-7.76479,-7.77662,-7.77662,-7.76479,-7.79797,-7.76479, -7.7882,-7.77662,-7.76479,-7.77662]
	PARPACK diagonalization completed after 60 matrix-vector product operations.
	iteration results: : total energy is -162.507930 | electron energy -162.530668 + phonon energy 0.022738 | electron momentum kIdx = 0
The 7-th iteration is completed.	|| time cost : 0h 0m 21.042s
********************************************************************************************************************
Start the 8 rounds of NGS-ED iteration
	effective electronic model is modified as: kinetic energy t = 0.179752
	                                           effective interaction Vq = [-7.79862,-7.79236,-7.78367,-7.79236,-7.79236,-7.78367,-7.77462,-7.78367,-7.78367,-7.77462,-7.79891,-7.77462,-7.79236,-7.78367,-7.77462,-7.78367]
	PARPACK diagonalization completed after 75 matrix-vector product operations.
	iteration results: : total energy is -162.548333 | electron energy -162.567975 + phonon energy 0.019642 | electron momentum kIdx = 0
The 8-th iteration is completed.	|| time cost : 0h 0m 23.824s
********************************************************************************************************************
Start the 9 rounds of NGS-ED iteration
	effective electronic model is modified as: kinetic energy t = 0.17491
	                                           effective interaction Vq = [-7.79923,-7.79474,-7.78814,-7.79474,-7.79474,-7.78814,-7.78131,-7.78814,-7.78814,-7.78131,-7.79933,-7.78131,-7.79474,-7.78814,-7.78131,-7.78814]
	PARPACK diagonalization completed after 75 matrix-vector product operations.
	iteration results: : total energy is -162.568764 | electron energy -162.586536 + phonon energy 0.017772 | electron momentum kIdx = 0
The 9-th iteration is completed.	|| time cost : 0h 0m 23.831s
********************************************************************************************************************
Start the 10 rounds of NGS-ED iteration
	effective electronic model is modified as: kinetic energy t = 0.171258
	                                           effective interaction Vq = [-7.79951,-7.79616,-7.79112,-7.79616,-7.79616,-7.79112,-7.78607,-7.79112,-7.79112,-7.78607,-7.79952,-7.78607,-7.79616,-7.79112,-7.78607,-7.79112]
	PARPACK diagonalization completed after 75 matrix-vector product operations.
	iteration results: : total energy is -162.580058 | electron energy -162.596735 + phonon energy 0.016677 | electron momentum kIdx = 0
	Nq(0) = 12.25,	Nq(1) = 0.298547,	Nq(2) = 0.364032,	Nq(3) = 0.298547,	Nq(4) = 0.298547,	Nq(5) = 0.364032,	Nq(6) = 0.441177,	Nq(7) = 0.364032,	Nq(8) = 0.364032,	Nq(9) = 0.441177,	Nq(10) = 10.54,	Nq(11) = 0.441177,	Nq(12) = 0.298547,	Nq(13) = 0.364032,	Nq(14) = 0.441177,	Nq(15) = 0.364032,	Sq(0) = 2.92233e-20,	Sq(1) = 0.00210586,	Sq(2) = 0.00419113,	Sq(3) = 0.00210586,	Sq(4) = 0.00210586,	Sq(5) = 0.00419113,	Sq(6) = 0.00625656,	Sq(7) = 0.00419113,	Sq(8) = 0.00419113,	Sq(9) = 0.00625656,	Sq(10) = 0.00830285,	Sq(11) = 0.00625656,	Sq(12) = 0.00210586,	Sq(13) = 0.00419113,	Sq(14) = 0.00625656,	Sq(15) = 0.00419113,	N(0) = 1.06579,	N(1) = 0.968778,	N(2) = 0.873076,	N(3) = 0.968778,	N(4) = 0.968778,	N(5) = 0.873076,	N(6) = 0.781306,	N(7) = 0.873076,	N(8) = 0.873076,	N(9) = 0.781306,	N(10) = 0.695417,	N(11) = 0.781306,	N(12) = 0.968778,	N(13) = 0.873076,	N(14) = 0.781306,	N(15) = 0.873076
The 10-th iteration is completed.	|| time cost : 0h 0m 48.634s
********************************************************************************************************************
Start the 11 rounds of NGS-ED iteration
	effective electronic model is modified as: kinetic energy t = 0.168392
	                                           effective interaction Vq = [-7.79963,-7.79706,-7.79321,-7.79706,-7.79706,-7.79321,-7.78961,-7.79321,-7.79321,-7.78961,-7.79962,-7.78961,-7.79706,-7.79321,-7.78961,-7.79321]
	PARPACK diagonalization completed after 75 matrix-vector product operations.
	iteration results: : total energy is -162.587231 | electron energy -162.603319 + phonon energy 0.016088 | electron momentum kIdx = 0
The 11-th iteration is completed.	|| time cost : 0h 0m 26.14s
********************************************************************************************************************
Start the 12 rounds of NGS-ED iteration
	effective electronic model is modified as: kinetic energy t = 0.166048
	                                           effective interaction Vq = [-7.79969,-7.79766,-7.79476,-7.79766,-7.79766,-7.79476,-7.79231,-7.79476,-7.79476,-7.79231,-7.79966,-7.79231,-7.79766,-7.79476,-7.79231,-7.79476]
	PARPACK diagonalization completed after 75 matrix-vector product operations.
	iteration results: : total energy is -162.592644 | electron energy -162.608489 + phonon energy 0.015845 | electron momentum kIdx = 0
The 12-th iteration is completed.	|| time cost : 0h 0m 25.454s
********************************************************************************************************************
Start the 13 rounds of NGS-ED iteration
	effective electronic model is modified as: kinetic energy t = 0.16407
	                                           effective interaction Vq = [-7.79971,-7.79809,-7.79596,-7.79809,-7.79809,-7.79596, -7.7944,-7.79596,-7.79596, -7.7944,-7.79968, -7.7944,-7.79809,-7.79596, -7.7944,-7.79596]
	PARPACK diagonalization completed after 75 matrix-vector product operations.
	iteration results: : total energy is -162.597309 | electron energy -162.613144 + phonon energy 0.015835 | electron momentum kIdx = 0
The 13-th iteration is completed.	|| time cost : 0h 0m 23.849s
********************************************************************************************************************
Start the 14 rounds of NGS-ED iteration
	effective electronic model is modified as: kinetic energy t = 0.162389
	                                           effective interaction Vq = [-7.79972,-7.79841,-7.79689,-7.79841,-7.79841,-7.79689,-7.79596,-7.79689,-7.79689,-7.79596,-7.79969,-7.79596,-7.79841,-7.79689,-7.79596,-7.79689]
	PARPACK diagonalization completed after 75 matrix-vector product operations.
	iteration results: : total energy is -162.601368 | electron energy -162.617311 + phonon energy 0.015943 | electron momentum kIdx = 0
The 14-th iteration is completed.	|| time cost : 0h 0m 23.797s
********************************************************************************************************************
Start the 15 rounds of NGS-ED iteration
	effective electronic model is modified as: kinetic energy t = 0.160991
	                                           effective interaction Vq = [-7.79973,-7.79866,-7.79757,-7.79866,-7.79866,-7.79757,-7.79706,-7.79757,-7.79757,-7.79706,-7.79969,-7.79706,-7.79866,-7.79757,-7.79706,-7.79757]
	PARPACK diagonalization completed after 75 matrix-vector product operations.
