TACC:  Starting up job 4238628 
TACC:  Starting parallel tasks... 
SNEDics v3.4 Non-Gaussian ED ground state program		Start at Tue Aug 27 03:22:36 2019

parallized on 32 MPI threads  * 6 OpenMP threads = 192 total threads.
********************************************************************************************************************
********************************************************************************************************************

********************************************************************************************************************
System parameters and configurations
********************************************************************************************************************
Special program options are enabled: splitted diagonal Hamiltonian
********************************************************************************************************************
Read input file "model_params.in"
	Hubbard-Holstein model parameters : 	t = 1    U = 7.4    g = 2    W = 1    
********************************************************************************************************************
Read input file "hilbertspace_params.in"
	Requested 16-site 2D lattice, with 14 electrons (7, 7)
	Boundary : Periodic		Hilbert space representation : momentum-space (restricted to kIdx = 0)
	Conservation: particle number[U(1)]      spin[U(1)]     momentum
********************************************************************************************************************

Cluster Positions:				Cluster symmetry group : D4
 x ... x ... x ... x .....                       x ... x ... x ... x .....
 |           |           :                       |           |           :
 |           |           :                       |           |           :
12    13    14    15     x                       1     5     6     5     x
 |           |           :                       |           |           :
 |           |           :                       |           |           :
 8 --- 9 ---10 ---11 --- x                       2 --- 6 ---10 --- 6 --- x
 |           |           :                       |           |           :
 |           |           :                       |           |           :
 4     5     6     7     x                       1     5     6     5     x
 |           |           :                       |           |           :
 |           |           :                       |           |           :
 0 --- 1 --- 2 --- 3 --- x                       0 --- 1 --- 2 --- 1 --- x
orbital number : 1
********************************************************************************************************************
Read input file "obs_params.in"
	Observable Type : Nq[All],   Sq[All],   N[All]
********************************************************************************************************************
** WARNING ** the input observables have non-local factors which have been reinterpreted. The total observable number is 48
********************************************************************************************************************


********************************************************************************************************************
Start calculating the non-Gaussian ED ground state
** WARNING ** Detected low phonon energy W < 10. The initial state will be prepared through a warm-up process.
********************************************************************************************************************
Start warm-up calculation for scaling factor 16
open output files: NGSEDWarmUpW16Obs.txt
********************************************************************************************************************
Start the 0 rounds of NGS-ED iteration
	effective electronic model is modified as: kinetic energy t = 1
	                                           effective interaction Vq = [0,0,0,0,0,0,0,0,0,0,0,0,0,0,0,0]
	first Hamiltonian is constructed, non-zero numbers = 2178478298
	PARPACK diagonalization completed after 180 matrix-vector product operations.
	iteration results: : total energy is -12.272141 | electron energy -12.272141 + phonon energy 0.000000 | electron momentum kIdx = 0
	Nq(0) = 12.25,	Nq(1) = 0.159485,	Nq(2) = 0.194595,	Nq(3) = 0.159485,	Nq(4) = 0.159485,	Nq(5) = 0.214557,	Nq(6) = 0.249234,	Nq(7) = 0.214557,	Nq(8) = 0.194595,	Nq(9) = 0.249234,	Nq(10) = 0.291619,	Nq(11) = 0.249234,	Nq(12) = 0.159485,	Nq(13) = 0.214557,	Nq(14) = 0.249234,	Nq(15) = 0.214557,	Sq(0) = 5.19171e-19,	Sq(1) = 0.474989,	Sq(2) = 0.755954,	Sq(3) = 0.474989,	Sq(4) = 0.474989,	Sq(5) = 0.624985,	Sq(6) = 1.02832,	Sq(7) = 0.624985,	Sq(8) = 0.755954,	Sq(9) = 1.02832,	Sq(10) = 2.55099,	Sq(11) = 1.02832,	Sq(12) = 0.474989,	Sq(13) = 0.624985,	Sq(14) = 1.02832,	Sq(15) = 0.624985,	N(0) = 1.77934,	N(1) = 1.62455,	N(2) = 0.292698,	N(3) = 1.62455,	N(4) = 1.62455,	N(5) = 0.999735,	N(6) = 0.247429,	N(7) = 0.999735,	N(8) = 0.292698,	N(9) = 0.247429,	N(10) = 0.148418,	N(11) = 0.247429,	N(12) = 1.62455,	N(13) = 0.999735,	N(14) = 0.247429,	N(15) = 0.999735
The 0-th iteration is completed.	|| time cost : 0h 2m 14.095s
********************************************************************************************************************
Start the 1 rounds of NGS-ED iteration
	effective electronic model is modified as: kinetic energy t = 0.896888
	                                           effective interaction Vq = [-3.83695,-3.67026,-3.55404,-3.67026,-3.67026,-3.58265,-3.50315,-3.58265,-3.55404,-3.50315,-3.45445,-3.50315,-3.67026,-3.58265,-3.50315,-3.58265]
	PARPACK diagonalization completed after 45 matrix-vector product operations.
	iteration results: : total energy is -73.983638 | electron energy -73.991315 + phonon energy 0.007677 | electron momentum kIdx = 0
The 1-th iteration is completed.	|| time cost : 0h 2m 43.874s
********************************************************************************************************************
Start the 2 rounds of NGS-ED iteration
	effective electronic model is modified as: kinetic energy t = 0.850148
	                                           effective interaction Vq = [-3.99335,-3.93426,-3.84395,-3.93426,-3.93426,-3.88914,-3.85159,-3.88914,-3.84395,-3.85159,-3.79407,-3.85159,-3.93426,-3.88914,-3.85159,-3.88914]
	PARPACK diagonalization completed after 60 matrix-vector product operations.
	iteration results: : total energy is -77.199384 | electron energy -77.243648 + phonon energy 0.044264 | electron momentum kIdx = 0
The 2-th iteration is completed.	|| time cost : 0h 0m 26.438s
********************************************************************************************************************
Start the 3 rounds of NGS-ED iteration
	effective electronic model is modified as: kinetic energy t = 0.836281
	                                           effective interaction Vq = [-3.99973,-3.96363,-3.96138,-3.96363,-3.96363,-3.92827,-3.90231,-3.92827,-3.96138,-3.90231,-3.84479,-3.90231,-3.96363,-3.92827,-3.90231,-3.92827]
	PARPACK diagonalization completed after 120 matrix-vector product operations.
	iteration results: : total energy is -77.539075 | electron energy -77.596778 + phonon energy 0.057703 | electron momentum kIdx = 0
The 3-th iteration is completed.	|| time cost : 0h 0m 36.767s
********************************************************************************************************************
Start the 4 rounds of NGS-ED iteration
	effective electronic model is modified as: kinetic energy t = 0.831656
	                                           effective interaction Vq = [-3.99999,-3.96772,-3.96774,-3.96772,-3.96772,-3.95931,-3.91066,-3.95931,-3.96774,-3.91066, -3.8576,-3.91066,-3.96772,-3.95931,-3.91066,-3.95931]
	PARPACK diagonalization completed after 45 matrix-vector product operations.
	iteration results: : total energy is -77.564687 | electron energy -77.626548 + phonon energy 0.061861 | electron momentum kIdx = 0
The 4-th iteration is completed.	|| time cost : 0h 0m 21.799s
********************************************************************************************************************
Start the 5 rounds of NGS-ED iteration
	effective electronic model is modified as: kinetic energy t = 0.830782
	                                           effective interaction Vq = [      -4,-3.96831,-3.96748,-3.96831,-3.96831,-3.96522,-3.91203,-3.96522,-3.96748,-3.91203,-3.85971,-3.91203,-3.96831,-3.96522,-3.91203,-3.96522]
	PARPACK diagonalization completed after 45 matrix-vector product operations.
	iteration results: : total energy is -77.565961 | electron energy -77.628848 + phonon energy 0.062887 | electron momentum kIdx = 0
The 5-th iteration is completed.	|| time cost : 0h 0m 20.825s
********************************************************************************************************************
Start the 6 rounds of NGS-ED iteration
	effective electronic model is modified as: kinetic energy t = 0.830619
	                                           effective interaction Vq = [      -4, -3.9684,-3.96709, -3.9684, -3.9684,-3.96648,-3.91226,-3.96648,-3.96709,-3.91226,-3.86007,-3.91226, -3.9684,-3.96648,-3.91226,-3.96648]
	PARPACK diagonalization completed after 45 matrix-vector product operations.
	iteration results: : total energy is -77.566026 | electron energy -77.629116 + phonon energy 0.063090 | electron momentum kIdx = 0
The 6-th iteration is completed.	|| time cost : 0h 0m 21.593s
********************************************************************************************************************
Start the 7 rounds of NGS-ED iteration
	effective electronic model is modified as: kinetic energy t = 0.830589
	                                           effective interaction Vq = [      -4,-3.96841,-3.96693,-3.96841,-3.96841,-3.96676,-3.91229,-3.96676,-3.96693,-3.91229,-3.86012,-3.91229,-3.96841,-3.96676,-3.91229,-3.96676]
	PARPACK diagonalization completed after 30 matrix-vector product operations.
	iteration results: : total energy is -77.566030 | electron energy -77.629157 + phonon energy 0.063128 | electron momentum kIdx = 0
	Nq(0) = 12.25,	Nq(1) = 0.391829,	Nq(2) = 0.75183,	Nq(3) = 0.391829,	Nq(4) = 0.391829,	Nq(5) = 0.751565,	Nq(6) = 0.643567,	Nq(7) = 0.751565,	Nq(8) = 0.75183,	Nq(9) = 0.643567,	Nq(10) = 0.643077,	Nq(11) = 0.643567,	Nq(12) = 0.391829,	Nq(13) = 0.751565,	Nq(14) = 0.643567,	Nq(15) = 0.751565,	Sq(0) = 3.19103e-18,	Sq(1) = 0.343143,	Sq(2) = 0.362734,	Sq(3) = 0.343143,	Sq(4) = 0.343143,	Sq(5) = 0.362736,	Sq(6) = 0.576874,	Sq(7) = 0.362736,	Sq(8) = 0.362734,	Sq(9) = 0.576874,	Sq(10) = 0.598942,	Sq(11) = 0.576874,	Sq(12) = 0.343143,	Sq(13) = 0.362736,	Sq(14) = 0.576874,	Sq(15) = 0.362736,	N(0) = 1.99857,	N(1) = 1.99605,	N(2) = 0.667049,	N(3) = 1.99605,	N(4) = 1.99605,	N(5) = 0.66768,	N(6) = 0.00282996,	N(7) = 0.66768,	N(8) = 0.667049,	N(9) = 0.00282996,	N(10) = 0.00110032,	N(11) = 0.00282996,	N(12) = 1.99605,	N(13) = 0.66768,	N(14) = 0.00282996,	N(15) = 0.66768
The 7-th iteration is completed.	|| time cost : 0h 0m 48.76s
********************************************************************************************************************
********************************************************************************************************************
Ground state is obtained after 8 iterations. The current ground-state energy is -77.566, in which electron energy is -77.6292 and phonon energy is 0.0631277
final variational state is: 
	Gamma_x = [      1,1.01599,1.03159,1.01599,1.01599,1.03158,1.04141,1.03158,1.03159,1.04141,1.05008,1.04141,1.01599,1.03158,1.04141,1.03158]
	lambda_q = [0.499999,0.455565,0.454499,0.455565,0.455565,0.454468,0.425965,0.454468,0.454499,0.425965,0.406502,0.425965,0.455565,0.454468,0.425965,0.454468]
********************************************************************************************************************
o___o  ----------------------------------------
| L |	Time since last clock: 0h 0m 0s
A===A	Time since the beginning: 0h 7m 54.155s
***********************************************

********************************************************************************************************************
Start warm-up calculation for scaling factor 8
open output files: NGSEDWarmUpW8Obs.txt
********************************************************************************************************************
Start the 0 rounds of NGS-ED iteration
	effective electronic model is modified as: kinetic energy t = 0.830584
	                                           effective interaction Vq = [-3.65685,-3.49381,-3.48952,-3.49381,-3.49381,-3.48939,-3.36767,-3.48939,-3.48952,-3.36767, -3.2771,-3.36767,-3.49381,-3.48939,-3.36767,-3.48939]
	PARPACK diagonalization completed after 105 matrix-vector product operations.
	iteration results: : total energy is -69.261285 | electron energy -69.292853 + phonon energy 0.031567 | electron momentum kIdx = 0
	Nq(0) = 12.25,	Nq(1) = 0.356521,	Nq(2) = 0.481085,	Nq(3) = 0.356521,	Nq(4) = 0.356521,	Nq(5) = 0.421319,	Nq(6) = 0.564804,	Nq(7) = 0.421319,	Nq(8) = 0.481085,	Nq(9) = 0.564804,	Nq(10) = 0.57145,	Nq(11) = 0.564804,	Nq(12) = 0.356521,	Nq(13) = 0.421319,	Nq(14) = 0.564804,	Nq(15) = 0.421319,	Sq(0) = 1.97585e-17,	Sq(1) = 0.3915,	Sq(2) = 0.512505,	Sq(3) = 0.3915,	Sq(4) = 0.3915,	Sq(5) = 0.740222,	Sq(6) = 0.659969,	Sq(7) = 0.740222,	Sq(8) = 0.512506,	Sq(9) = 0.659969,	Sq(10) = 0.654026,	Sq(11) = 0.659969,	Sq(12) = 0.3915,	Sq(13) = 0.740222,	Sq(14) = 0.659969,	Sq(15) = 0.740222,	N(0) = 1.99675,	N(1) = 1.99535,	N(2) = 1.02843,	N(3) = 1.99535,	N(4) = 1.99535,	N(5) = 0.487598,	N(6) = 0.00326129,	N(7) = 0.487598,	N(8) = 1.02843,	N(9) = 0.0032613,	N(10) = 0.00156864,	N(11) = 0.0032613,	N(12) = 1.99535,	N(13) = 0.487598,	N(14) = 0.00326129,	N(15) = 0.487598
The 0-th iteration is completed.	|| time cost : 0h 0m 58.782s
********************************************************************************************************************
Start the 1 rounds of NGS-ED iteration
	effective electronic model is modified as: kinetic energy t = 0.793242
	                                           effective interaction Vq = [-3.93072,-3.77096,-3.70384,-3.77096,-3.77096,-3.67025,-3.61382,-3.67025,-3.70384,-3.61382,-3.49879,-3.61382,-3.77096,-3.67025,-3.61382,-3.67025]
	PARPACK diagonalization completed after 75 matrix-vector product operations.
	iteration results: : total energy is -73.273184 | electron energy -73.399638 + phonon energy 0.126454 | electron momentum kIdx = 0
The 1-th iteration is completed.	|| time cost : 0h 0m 23.934s
********************************************************************************************************************
Start the 2 rounds of NGS-ED iteration
	effective electronic model is modified as: kinetic energy t = 0.774733
	                                           effective interaction Vq = [-3.98601,-3.86273, -3.8425,-3.86273,-3.86273,-3.70197,-3.71183,-3.70197, -3.8425,-3.71183,-3.58961,-3.71183,-3.86273,-3.70197,-3.71183,-3.70197]
	PARPACK diagonalization completed after 60 matrix-vector product operations.
	iteration results: : total energy is -74.191643 | electron energy -74.372954 + phonon energy 0.181311 | electron momentum kIdx = 0
The 2-th iteration is completed.	|| time cost : 0h 0m 20.968s
********************************************************************************************************************
Start the 3 rounds of NGS-ED iteration
	effective electronic model is modified as: kinetic energy t = 0.760608
	                                           effective interaction Vq = [-3.99718,-3.89551,-3.90935,-3.89551,-3.89551,-3.78338,-3.75309,-3.78338,-3.90935,-3.75309,-3.63018,-3.75309,-3.89551,-3.78338,-3.75309,-3.78338]
	PARPACK diagonalization completed after 60 matrix-vector product operations.
	iteration results: : total energy is -74.444114 | electron energy -74.655716 + phonon energy 0.211601 | electron momentum kIdx = 0
The 3-th iteration is completed.	|| time cost : 0h 0m 21.066s
********************************************************************************************************************
Start the 4 rounds of NGS-ED iteration
	effective electronic model is modified as: kinetic energy t = 0.752216
	                                           effective interaction Vq = [-3.99943,-3.90804,-3.92972,-3.90804,-3.90804,-3.84499,-3.77035,-3.84499,-3.92972,-3.77035,-3.64837,-3.77035,-3.90804,-3.84499,-3.77035,-3.84499]
	PARPACK diagonalization completed after 45 matrix-vector product operations.
	iteration results: : total energy is -74.521035 | electron energy -74.750626 + phonon energy 0.229591 | electron momentum kIdx = 0
The 4-th iteration is completed.	|| time cost : 0h 0m 22.23s
********************************************************************************************************************
Start the 5 rounds of NGS-ED iteration
	effective electronic model is modified as: kinetic energy t = 0.747871
	                                           effective interaction Vq = [-3.99988,-3.91293, -3.9327,-3.91293,-3.91293,-3.88012,-3.77744,-3.88012, -3.9327,-3.77744,-3.65651,-3.77744,-3.91293,-3.88012,-3.77744,-3.88012]
	PARPACK diagonalization completed after 45 matrix-vector product operations.
	iteration results: : total energy is -74.545402 | electron energy -74.785131 + phonon energy 0.239729 | electron momentum kIdx = 0
The 5-th iteration is completed.	|| time cost : 0h 0m 22.048s
********************************************************************************************************************
Start the 6 rounds of NGS-ED iteration
	effective electronic model is modified as: kinetic energy t = 0.745808
	                                           effective interaction Vq = [-3.99998,-3.91481, -3.9303,-3.91481,-3.91481,-3.89834,-3.78028,-3.89834, -3.9303,-3.78028,-3.66013,-3.78028,-3.91481,-3.89834,-3.78028,-3.89834]
	PARPACK diagonalization completed after 45 matrix-vector product operations.
	iteration results: : total energy is -74.552927 | electron energy -74.797926 + phonon energy 0.244998 | electron momentum kIdx = 0
The 6-th iteration is completed.	|| time cost : 0h 0m 22.163s
********************************************************************************************************************
Start the 7 rounds of NGS-ED iteration
	effective electronic model is modified as: kinetic energy t = 0.744868
	                                           effective interaction Vq = [      -4,-3.91551,-3.92698,-3.91551,-3.91551,-3.90767,-3.78139,-3.90767,-3.92698,-3.78139,-3.66172,-3.78139,-3.91551,-3.90767,-3.78139,-3.90767]
	PARPACK diagonalization completed after 45 matrix-vector product operations.
	iteration results: : total energy is -74.555241 | electron energy -74.802806 + phonon energy 0.247565 | electron momentum kIdx = 0
The 7-th iteration is completed.	|| time cost : 0h 0m 21.947s
********************************************************************************************************************
Start the 8 rounds of NGS-ED iteration
	effective electronic model is modified as: kinetic energy t = 0.744449
	                                           effective interaction Vq = [      -4,-3.91577,-3.92414,-3.91577,-3.91577, -3.9125,-3.78181, -3.9125,-3.92414,-3.78181,-3.66242,-3.78181,-3.91577, -3.9125,-3.78181, -3.9125]
	PARPACK diagonalization completed after 45 matrix-vector product operations.
	iteration results: : total energy is -74.555969 | electron energy -74.804731 + phonon energy 0.248762 | electron momentum kIdx = 0
The 8-th iteration is completed.	|| time cost : 0h 0m 19.217s
********************************************************************************************************************
Start the 9 rounds of NGS-ED iteration
	effective electronic model is modified as: kinetic energy t = 0.744265
	                                           effective interaction Vq = [      -4,-3.91586,-3.92206,-3.91586,-3.91586,-3.91505,-3.78197,-3.91505,-3.92206,-3.78197,-3.66273,-3.78197,-3.91586,-3.91505,-3.78197,-3.91505]
	PARPACK diagonalization completed after 30 matrix-vector product operations.
	iteration results: : total energy is -74.556206 | electron energy -74.805511 + phonon energy 0.249305 | electron momentum kIdx = 0
The 9-th iteration is completed.	|| time cost : 0h 0m 15.318s
********************************************************************************************************************
Start the 10 rounds of NGS-ED iteration
	effective electronic model is modified as: kinetic energy t = 0.744184
	                                           effective interaction Vq = [      -4,-3.91589,-3.92065,-3.91589,-3.91589,-3.91642,-3.78202,-3.91642,-3.92065,-3.78202,-3.66286,-3.78202,-3.91589,-3.91642,-3.78202,-3.91642]
	PARPACK diagonalization completed after 45 matrix-vector product operations.
	iteration results: : total energy is -74.556286 | electron energy -74.805832 + phonon energy 0.249547 | electron momentum kIdx = 0
	Nq(0) = 12.25,	Nq(1) = 0.391039,	Nq(2) = 0.76533,	Nq(3) = 0.391039,	Nq(4) = 0.391039,	Nq(5) = 0.757219,	Nq(6) = 0.61451,	Nq(7) = 0.757219,	Nq(8) = 0.765334,	Nq(9) = 0.61451,	Nq(10) = 0.601595,	Nq(11) = 0.61451,	Nq(12) = 0.391039,	Nq(13) = 0.757219,	Nq(14) = 0.61451,	Nq(15) = 0.757219,	Sq(0) = -8.13816e-18,	Sq(1) = 0.350103,	Sq(2) = 0.367804,	Sq(3) = 0.350103,	Sq(4) = 0.350103,	Sq(5) = 0.367863,	Sq(6) = 0.587916,	Sq(7) = 0.367863,	Sq(8) = 0.367805,	Sq(9) = 0.587916,	Sq(10) = 0.60753,	Sq(11) = 0.587916,	Sq(12) = 0.350103,	Sq(13) = 0.367863,	Sq(14) = 0.587916,	Sq(15) = 0.367863,	N(0) = 1.99902,	N(1) = 1.99669,	N(2) = 0.654086,	N(3) = 1.99669,	N(4) = 1.99669,	N(5) = 0.673796,	N(6) = 0.00256017,	N(7) = 0.673796,	N(8) = 0.654086,	N(9) = 0.00256018,	N(10) = 0.000637829,	N(11) = 0.00256018,	N(12) = 1.99669,	N(13) = 0.673796,	N(14) = 0.00256017,	N(15) = 0.673796
The 10-th iteration is completed.	|| time cost : 0h 0m 43.547s
********************************************************************************************************************
Start the 11 rounds of NGS-ED iteration
	effective electronic model is modified as: kinetic energy t = 0.74415
	                                           effective interaction Vq = [      -4,-3.91589,-3.91972,-3.91589,-3.91589,-3.91718,-3.78204,-3.91718,-3.91972,-3.78204,-3.66292,-3.78204,-3.91589,-3.91718,-3.78204,-3.91718]
	PARPACK diagonalization completed after 30 matrix-vector product operations.
	iteration results: : total energy is -74.556313 | electron energy -74.805966 + phonon energy 0.249653 | electron momentum kIdx = 0
The 11-th iteration is completed.	|| time cost : 0h 0m 15.334s
********************************************************************************************************************
Start the 12 rounds of NGS-ED iteration
	effective electronic model is modified as: kinetic energy t = 0.744135
	                                           effective interaction Vq = [      -4, -3.9159,-3.91913, -3.9159, -3.9159, -3.9176,-3.78204, -3.9176,-3.91913,-3.78204,-3.66294,-3.78204, -3.9159, -3.9176,-3.78204, -3.9176]
	PARPACK diagonalization completed after 30 matrix-vector product operations.
	iteration results: : total energy is -74.556323 | electron energy -74.806022 + phonon energy 0.249699 | electron momentum kIdx = 0
	Nq(0) = 12.25,	Nq(1) = 0.391012,	Nq(2) = 0.761976,	Nq(3) = 0.391012,	Nq(4) = 0.391012,	Nq(5) = 0.759053,	Nq(6) = 0.614478,	Nq(7) = 0.759053,	Nq(8) = 0.761981,	Nq(9) = 0.614479,	Nq(10) = 0.601586,	Nq(11) = 0.614479,	Nq(12) = 0.391012,	Nq(13) = 0.759053,	Nq(14) = 0.614478,	Nq(15) = 0.759053,	Sq(0) = 8.354e-20,	Sq(1) = 0.350077,	Sq(2) = 0.367813,	Sq(3) = 0.350077,	Sq(4) = 0.350077,	Sq(5) = 0.367831,	Sq(6) = 0.587879,	Sq(7) = 0.367831,	Sq(8) = 0.367813,	Sq(9) = 0.58788,	Sq(10) = 0.607504,	Sq(11) = 0.58788,	Sq(12) = 0.350077,	Sq(13) = 0.367831,	Sq(14) = 0.587879,	Sq(15) = 0.367831,	N(0) = 1.99902,	N(1) = 1.99668,	N(2) = 0.66248,	N(3) = 1.99668,	N(4) = 1.99668,	N(5) = 0.669599,	N(6) = 0.00256639,	N(7) = 0.669599,	N(8) = 0.66248,	N(9) = 0.0025664,	N(10) = 0.000639508,	N(11) = 0.0025664,	N(12) = 1.99668,	N(13) = 0.669599,	N(14) = 0.00256639,	N(15) = 0.669599
The 12-th iteration is completed.	|| time cost : 0h 0m 41.991s
********************************************************************************************************************
********************************************************************************************************************
Ground state is obtained after 13 iterations. The current ground-state energy is -74.5563, in which electron energy is -74.806 and phonon energy is 0.249699
final variational state is: 
	Gamma_x = [      1,1.04965,1.09764,1.04965,1.04965, 1.0974,1.11598, 1.0974,1.09764,1.11598,1.13159,1.11598,1.04965, 1.0974,1.11598, 1.0974]
	lambda_q = [  0.7071,0.604574,0.606336,0.604574,0.604574,0.605768,0.542046,0.605768,0.606337,0.542046,0.501849,0.542046,0.604574,0.605768,0.542046,0.605768]
********************************************************************************************************************
o___o  ----------------------------------------
| L |	Time since last clock: 0h 0m 0s
A===A	Time since the beginning: 0h 13m 42.707s
***********************************************

********************************************************************************************************************
Start warm-up calculation for scaling factor 4
open output files: NGSEDWarmUpW4Obs.txt
********************************************************************************************************************
Start the 0 rounds of NGS-ED iteration
	effective electronic model is modified as: kinetic energy t = 0.744128
	                                           effective interaction Vq = [-3.65684,-3.37455,-3.38011,-3.37455,-3.37455,-3.37833,-3.16111,-3.37833,-3.38012,-3.16111,-3.00738,-3.16111,-3.37455,-3.37833,-3.16111,-3.37833]
	PARPACK diagonalization completed after 135 matrix-vector product operations.
	iteration results: : total energy is -66.074458 | electron energy -66.199317 + phonon energy 0.124860 | electron momentum kIdx = 0
	Nq(0) = 12.25,	Nq(1) = 0.326888,	Nq(2) = 0.361747,	Nq(3) = 0.326888,	Nq(4) = 0.326888,	Nq(5) = 0.463918,	Nq(6) = 0.512516,	Nq(7) = 0.463918,	Nq(8) = 0.361747,	Nq(9) = 0.512516,	Nq(10) = 0.530257,	Nq(11) = 0.512516,	Nq(12) = 0.326888,	Nq(13) = 0.463918,	Nq(14) = 0.512516,	Nq(15) = 0.463918,	Sq(0) = 1.74933e-17,	Sq(1) = 0.406922,	Sq(2) = 0.591725,	Sq(3) = 0.406922,	Sq(4) = 0.406922,	Sq(5) = 0.538143,	Sq(6) = 0.691605,	Sq(7) = 0.538143,	Sq(8) = 0.591725,	Sq(9) = 0.691605,	Sq(10) = 1.55283,	Sq(11) = 0.691605,	Sq(12) = 0.406922,	Sq(13) = 0.538143,	Sq(14) = 0.691605,	Sq(15) = 0.538143,	N(0) = 1.99232,	N(1) = 1.98394,	N(2) = 0.010564,	N(3) = 1.98394,	N(4) = 1.98394,	N(5) = 0.999551,	N(6) = 0.0117448,	N(7) = 0.999551,	N(8) = 0.010564,	N(9) = 0.0117448,	N(10) = 0.0056212,	N(11) = 0.0117448,	N(12) = 1.98394,	N(13) = 0.999551,	N(14) = 0.0117448,	N(15) = 0.999551
The 0-th iteration is completed.	|| time cost : 0h 1m 17.067s
********************************************************************************************************************
Start the 1 rounds of NGS-ED iteration
	effective electronic model is modified as: kinetic energy t = 0.736783
	                                           effective interaction Vq = [-3.84581,-3.52501,-3.36686,-3.52501,-3.52501,-3.45608,-3.25522,-3.45608,-3.36686,-3.25522,-3.07851,-3.25522,-3.52501,-3.45608,-3.25522,-3.45608]
	PARPACK diagonalization completed after 45 matrix-vector product operations.
	iteration results: : total energy is -68.613244 | electron energy -68.912847 + phonon energy 0.299603 | electron momentum kIdx = 0
The 1-th iteration is completed.	|| time cost : 0h 0m 20.864s
********************************************************************************************************************
Start the 2 rounds of NGS-ED iteration
	effective electronic model is modified as: kinetic energy t = 0.72692
	                                           effective interaction Vq = [-3.93072,-3.62058,-3.37364,-3.62058,-3.62058, -3.5141,-3.33207, -3.5141,-3.37364,-3.33207,-3.14448,-3.33207,-3.62058, -3.5141,-3.33207, -3.5141]
	PARPACK diagonalization completed after 45 matrix-vector product operations.
	iteration results: : total energy is -69.753932 | electron energy -70.170010 + phonon energy 0.416078 | electron momentum kIdx = 0
The 2-th iteration is completed.	|| time cost : 0h 0m 20.553s
********************************************************************************************************************
Start the 3 rounds of NGS-ED iteration
	effective electronic model is modified as: kinetic energy t = 0.718222
	                                           effective interaction Vq = [-3.96887,-3.68242,-3.38467,-3.68242,-3.68242,-3.55485,-3.38945,-3.55485,-3.38467,-3.38945,-3.19494,-3.38945,-3.68242,-3.55485,-3.38945,-3.55485]
	PARPACK diagonalization completed after 45 matrix-vector product operations.
	iteration results: : total energy is -70.271371 | electron energy -70.761147 + phonon energy 0.489776 | electron momentum kIdx = 0
The 3-th iteration is completed.	|| time cost : 0h 0m 18.185s
********************************************************************************************************************
Start the 4 rounds of NGS-ED iteration
	effective electronic model is modified as: kinetic energy t = 0.711412
	                                           effective interaction Vq = [-3.98601,-3.72307, -3.3949,-3.72307,-3.72307,-3.58282,  -3.431,-3.58282, -3.3949,  -3.431,-3.23129,  -3.431,-3.72307,-3.58282,  -3.431,-3.58282]
	PARPACK diagonalization completed after 30 matrix-vector product operations.
	iteration results: : total energy is -70.506808 | electron energy -71.044585 + phonon energy 0.537777 | electron momentum kIdx = 0
The 4-th iteration is completed.	|| time cost : 0h 0m 15.347s
********************************************************************************************************************
Start the 5 rounds of NGS-ED iteration
	effective electronic model is modified as: kinetic energy t = 0.706336
	                                           effective interaction Vq = [-3.99371,-3.75016,-3.40314,-3.75016,-3.75016,-3.60188,-3.46082,-3.60188,-3.40314,-3.46082,-3.25692,-3.46082,-3.75016,-3.60188,-3.46082,-3.60188]
	PARPACK diagonalization completed after 45 matrix-vector product operations.
	iteration results: : total energy is -70.614078 | electron energy -71.184162 + phonon energy 0.570083 | electron momentum kIdx = 0
The 5-th iteration is completed.	|| time cost : 0h 0m 18.221s
********************************************************************************************************************
Start the 6 rounds of NGS-ED iteration
	effective electronic model is modified as: kinetic energy t = 0.702641
	                                           effective interaction Vq = [-3.99718, -3.7684,-3.40943, -3.7684, -3.7684,-3.61485,-3.48218,-3.61485,-3.40943,-3.48218,-3.27486,-3.48218, -3.7684,-3.61485,-3.48218,-3.61485]
	PARPACK diagonalization completed after 30 matrix-vector product operations.
	iteration results: : total energy is -70.663003 | electron energy -71.255334 + phonon energy 0.592331 | electron momentum kIdx = 0
The 6-th iteration is completed.	|| time cost : 0h 0m 15.343s
********************************************************************************************************************
Start the 7 rounds of NGS-ED iteration
	effective electronic model is modified as: kinetic energy t = 0.699986
	                                           effective interaction Vq = [-3.99873,-3.78079,-3.41409,-3.78079,-3.78079,-3.62366,-3.49748,-3.62366,-3.41409,-3.49748,-3.28739,-3.49748,-3.78079,-3.62366,-3.49748,-3.62366]
	PARPACK diagonalization completed after 45 matrix-vector product operations.
	iteration results: : total energy is -70.685341 | electron energy -71.293203 + phonon energy 0.607862 | electron momentum kIdx = 0
The 7-th iteration is completed.	|| time cost : 0h 0m 18.22s
********************************************************************************************************************
Start the 8 rounds of NGS-ED iteration
	effective electronic model is modified as: kinetic energy t = 0.69809
	                                           effective interaction Vq = [-3.99943,-3.78927, -3.4175,-3.78927,-3.78927,-3.62967,-3.50846,-3.62967, -3.4175,-3.50846,-3.29614,-3.50846,-3.78927,-3.62967,-3.50846,-3.62967]
	PARPACK diagonalization completed after 30 matrix-vector product operations.
	iteration results: : total energy is -70.695554 | electron energy -71.314342 + phonon energy 0.618788 | electron momentum kIdx = 0
The 8-th iteration is completed.	|| time cost : 0h 0m 15.357s
********************************************************************************************************************
Start the 9 rounds of NGS-ED iteration
	effective electronic model is modified as: kinetic energy t = 0.696743
	                                           effective interaction Vq = [-3.99974,-3.79509,-3.41997,-3.79509,-3.79509,-3.63376,-3.51636,-3.63376,-3.41997,-3.51636,-3.30225,-3.51636,-3.79509,-3.63376,-3.51636,-3.63376]
	PARPACK diagonalization completed after 30 matrix-vector product operations.
	iteration results: : total energy is -70.700230 | electron energy -71.326735 + phonon energy 0.626506 | electron momentum kIdx = 0
The 9-th iteration is completed.	|| time cost : 0h 0m 15.327s
********************************************************************************************************************
Start the 10 rounds of NGS-ED iteration
	effective electronic model is modified as: kinetic energy t = 0.695786
	                                           effective interaction Vq = [-3.99988,-3.79911,-3.42175,-3.79911,-3.79911,-3.63655,-3.52203,-3.63655,-3.42175,-3.52203,-3.30653,-3.52203,-3.79911,-3.63655,-3.52203,-3.63655]
	PARPACK diagonalization completed after 30 matrix-vector product operations.
	iteration results: : total energy is -70.702374 | electron energy -71.334345 + phonon energy 0.631970 | electron momentum kIdx = 0
	Nq(0) = 12.25,	Nq(1) = 0.401218,	Nq(2) = 0.359653,	Nq(3) = 0.401218,	Nq(4) = 0.401218,	Nq(5) = 0.494765,	Nq(6) = 0.579094,	Nq(7) = 0.494765,	Nq(8) = 0.359653,	Nq(9) = 0.579094,	Nq(10) = 0.561549,	Nq(11) = 0.579094,	Nq(12) = 0.401218,	Nq(13) = 0.494765,	Nq(14) = 0.579094,	Nq(15) = 0.494765,	Sq(0) = -1.13648e-17,	Sq(1) = 0.37962,	Sq(2) = 0.557123,	Sq(3) = 0.37962,	Sq(4) = 0.37962,	Sq(5) = 0.510598,	Sq(6) = 0.640721,	Sq(7) = 0.510598,	Sq(8) = 0.557123,	Sq(9) = 0.640721,	Sq(10) = 1.33083,	Sq(11) = 0.640721,	Sq(12) = 0.37962,	Sq(13) = 0.510598,	Sq(14) = 0.640721,	Sq(15) = 0.510598,	N(0) = 1.99853,	N(1) = 1.99656,	N(2) = 0.00238699,	N(3) = 1.99656,	N(4) = 1.99656,	N(5) = 1.00014,	N(6) = 0.0022459,	N(7) = 1.00014,	N(8) = 0.00238699,	N(9) = 0.0022459,	N(10) = 0.000915529,	N(11) = 0.0022459,	N(12) = 1.99656,	N(13) = 1.00014,	N(14) = 0.0022459,	N(15) = 1.00014
The 10-th iteration is completed.	|| time cost : 0h 0m 40.118s
********************************************************************************************************************
Start the 11 rounds of NGS-ED iteration
	effective electronic model is modified as: kinetic energy t = 0.695108
	                                           effective interaction Vq = [-3.99995, -3.8019,-3.42302, -3.8019, -3.8019,-3.63845,-3.52612,-3.63845,-3.42302,-3.52612,-3.30951,-3.52612, -3.8019,-3.63845,-3.52612,-3.63845]
	PARPACK diagonalization completed after 30 matrix-vector product operations.
	iteration results: : total energy is -70.703360 | electron energy -71.339204 + phonon energy 0.635844 | electron momentum kIdx = 0
The 11-th iteration is completed.	|| time cost : 0h 0m 15.336s
********************************************************************************************************************
Start the 12 rounds of NGS-ED iteration
	effective electronic model is modified as: kinetic energy t = 0.694628
	                                           effective interaction Vq = [-3.99998,-3.80383,-3.42394,-3.80383,-3.80383,-3.63975,-3.52906,-3.63975,-3.42394,-3.52906, -3.3116,-3.52906,-3.80383,-3.63975,-3.52906,-3.63975]
	PARPACK diagonalization completed after 30 matrix-vector product operations.
	iteration results: : total energy is -70.703814 | electron energy -71.342406 + phonon energy 0.638592 | electron momentum kIdx = 0
The 12-th iteration is completed.	|| time cost : 0h 0m 15.362s
********************************************************************************************************************
Start the 13 rounds of NGS-ED iteration
	effective electronic model is modified as: kinetic energy t = 0.694289
	                                           effective interaction Vq = [-3.99999,-3.80517,-3.42459,-3.80517,-3.80517,-3.64064,-3.53119,-3.64064,-3.42459,-3.53119,-3.31307,-3.53119,-3.80517,-3.64064,-3.53119,-3.64064]
	PARPACK diagonalization completed after 30 matrix-vector product operations.
	iteration results: : total energy is -70.704024 | electron energy -71.344567 + phonon energy 0.640543 | electron momentum kIdx = 0
The 13-th iteration is completed.	|| time cost : 0h 0m 15.373s
********************************************************************************************************************
Start the 14 rounds of NGS-ED iteration
	effective electronic model is modified as: kinetic energy t = 0.694048
	                                           effective interaction Vq = [      -4, -3.8061,-3.42505, -3.8061, -3.8061,-3.64125,-3.53272,-3.64125,-3.42505,-3.53272,-3.31409,-3.53272, -3.8061,-3.64125,-3.53272,-3.64125]
	PARPACK diagonalization completed after 30 matrix-vector product operations.
	iteration results: : total energy is -70.704121 | electron energy -71.346049 + phonon energy 0.641928 | electron momentum kIdx = 0
The 14-th iteration is completed.	|| time cost : 0h 0m 15.361s
********************************************************************************************************************
Start the 15 rounds of NGS-ED iteration
	effective electronic model is modified as: kinetic energy t = 0.693878
	                                           effective interaction Vq = [      -4,-3.80675,-3.42538,-3.80675,-3.80675,-3.64166,-3.53382,-3.64166,-3.42538,-3.53382,-3.31481,-3.53382,-3.80675,-3.64166,-3.53382,-3.64166]
	PARPACK diagonalization completed after 30 matrix-vector product operations.
	iteration results: : total energy is -70.704166 | electron energy -71.347078 + phonon energy 0.642912 | electron momentum kIdx = 0
The 15-th iteration is completed.	|| time cost : 0h 0m 15.339s
********************************************************************************************************************
Start the 16 rounds of NGS-ED iteration
	effective electronic model is modified as: kinetic energy t = 0.693757
	                                           effective interaction Vq = [      -4,-3.80721,-3.42561,-3.80721,-3.80721,-3.64194,-3.53462,-3.64194,-3.42561,-3.53462,-3.31531,-3.53462,-3.80721,-3.64194,-3.53462,-3.64194]
	PARPACK diagonalization completed after 30 matrix-vector product operations.
	iteration results: : total energy is -70.704187 | electron energy -71.347798 + phonon energy 0.643611 | electron momentum kIdx = 0
The 16-th iteration is completed.	|| time cost : 0h 0m 15.418s
********************************************************************************************************************
Start the 17 rounds of NGS-ED iteration
	effective electronic model is modified as: kinetic energy t = 0.693672
	                                           effective interaction Vq = [      -4,-3.80752,-3.42578,-3.80752,-3.80752,-3.64214,-3.53519,-3.64214,-3.42578,-3.53519,-3.31566,-3.53519,-3.80752,-3.64214,-3.53519,-3.64214]
	PARPACK diagonalization completed after 30 matrix-vector product operations.
	iteration results: : total energy is -70.704197 | electron energy -71.348305 + phonon energy 0.644108 | electron momentum kIdx = 0
