SNEDics v3.4 Non-Gaussian ED ground state program		Start at Mon Feb 24 10:17:01 2020

parallized on 16 MPI threads  * 8 OpenMP threads = 128 total threads.
********************************************************************************************************************
********************************************************************************************************************

********************************************************************************************************************
System parameters and configurations
********************************************************************************************************************
Special program options are enabled: splitted diagonal Hamiltonian
********************************************************************************************************************
Read input file "model_params.in"
	Hubbard-Holstein model parameters : 	t = 1    U = 8    g = 8    W = 16    
********************************************************************************************************************
Read input file "hilbertspace_params.in"
	Requested 16-site 2D lattice, with 16 electrons (8, 8)
	Boundary : Periodic		Hilbert space representation : momentum-space (restricted to kIdx = 0)
	Conservation: particle number[U(1)]      spin[U(1)]     momentum
********************************************************************************************************************

Cluster Positions:				Cluster symmetry group : D4
 x ... x ... x ... x .....                       x ... x ... x ... x .....
 |           |           :                       |           |           :
 |           |           :                       |           |           :
12    13    14    15     x                       1     5     6     5     x
 |           |           :                       |           |           :
 |           |           :                       |           |           :
 8 --- 9 ---10 ---11 --- x                       2 --- 6 ---10 --- 6 --- x
 |           |           :                       |           |           :
 |           |           :                       |           |           :
 4     5     6     7     x                       1     5     6     5     x
 |           |           :                       |           |           :
 |           |           :                       |           |           :
 0 --- 1 --- 2 --- 3 --- x                       0 --- 1 --- 2 --- 1 --- x
orbital number : 1
********************************************************************************************************************
Read input file "obs_params.in"
	Observable Type : Nq(All),   Sq(All),   N(All),   Delta[s](All),   Delta[d](All),   Delta[s+](All)
********************************************************************************************************************
** WARNING ** the input observables have non-local factors which have been reinterpreted. The total observable number is 96
********************************************************************************************************************


********************************************************************************************************************
Start calculating the non-Gaussian ED ground state
W = 16 is relatively large. The non-Gaussian ED calculation starts directly.
open output files: NGSEDIterationObs.txt
********************************************************************************************************************
Start the 0 rounds of NGS-ED iteration
	effective electronic model is modified as: kinetic energy t = 1
	                                           effective interaction Vq = [-0,-0,-0,-0,-0,-0,-0,-0,-0,-0,-0,-0,-0,-0,-0,-0]
	first Hamiltonian is constructed, non-zero numbers = 2845383612
	PARPACK diagonalization completed after 105 matrix-vector product operations.
	iteration results: : total energy is -8.468875 | electron energy -8.468875 + phonon energy 0.000000 | electron momentum kIdx = 0
	Nq(0) = 16,	Nq(1) = 0.0625034,	Nq(2) = 0.109912,	Nq(3) = 0.0625034,	Nq(4) = 0.0625034,	Nq(5) = 0.109912,	Nq(6) = 0.152438,	Nq(7) = 0.109912,	Nq(8) = 0.109912,	Nq(9) = 0.152438,	Nq(10) = 0.1925,	Nq(11) = 0.152438,	Nq(12) = 0.0625034,	Nq(13) = 0.109912,	Nq(14) = 0.152438,	Nq(15) = 0.109912,	Sq(0) = 1.02167e-18,	Sq(1) = 0.412873,	Sq(2) = 0.641315,	Sq(3) = 0.412873,	Sq(4) = 0.412873,	Sq(5) = 0.641315,	Sq(6) = 0.93882,	Sq(7) = 0.641315,	Sq(8) = 0.641315,	Sq(9) = 0.93882,	Sq(10) = 5.0336,	Sq(11) = 0.93882,	Sq(12) = 0.412873,	Sq(13) = 0.641315,	Sq(14) = 0.93882,	Sq(15) = 0.641315,	N(0) = 1.77534,	N(1) = 1.56957,	N(2) = 1,	N(3) = 1.56957,	N(4) = 1.56957,	N(5) = 1,	N(6) = 0.430429,	N(7) = 1,	N(8) = 1,	N(9) = 0.430429,	N(10) = 0.224665,	N(11) = 0.430429,	N(12) = 1.56957,	N(13) = 1,	N(14) = 0.430429,	N(15) = 1,	Delta[s](0) = 0.0834101,	Delta[s](1) = 0.0693871,	Delta[s](2) = 0.0545075,	Delta[s](3) = 0.0693871,	Delta[s](4) = 0.0693871,	Delta[s](5) = 0.0545075,	Delta[s](6) = 0.0379335,	Delta[s](7) = 0.0545075,	Delta[s](8) = 0.0545075,	Delta[s](9) = 0.0379335,	Delta[s](10) = 0.0161299,	Delta[s](11) = 0.0379335,	Delta[s](12) = 0.0693871,	Delta[s](13) = 0.0545075,	Delta[s](14) = 0.0379335,	Delta[s](15) = 0.0545075,	Delta[d](0) = 0.588342,	Delta[d](1) = 0.452657,	Delta[d](2) = 0.342967,	Delta[d](3) = 0.452657,	Delta[d](4) = 0.452657,	Delta[d](5) = 0.349166,	Delta[d](6) = 0.242556,	Delta[d](7) = 0.349166,	Delta[d](8) = 0.342967,	Delta[d](9) = 0.242556,	Delta[d](10) = 0.125196,	Delta[d](11) = 0.242556,	Delta[d](12) = 0.452657,	Delta[d](13) = 0.349166,	Delta[d](14) = 0.242556,	Delta[d](15) = 0.349166,	Delta[s+](0) = 0.612917,	Delta[s+](1) = 0.485177,	Delta[s+](2) = 0.342967,	Delta[s+](3) = 0.485177,	Delta[s+](4) = 0.485177,	Delta[s+](5) = 0.342967,	Delta[s+](6) = 0.202918,	Delta[s+](7) = 0.342967,	Delta[s+](8) = 0.342967,	Delta[s+](9) = 0.202918,	Delta[s+](10) = 0.0776886,	Delta[s+](11) = 0.202918,	Delta[s+](12) = 0.485177,	Delta[s+](13) = 0.342967,	Delta[s+](14) = 0.202918,	Delta[s+](15) = 0.342967
The 0-th iteration is completed.	|| time cost : 0h 8m 7.805s
********************************************************************************************************************
Start the 1 rounds of NGS-ED iteration
	effective electronic model is modified as: kinetic energy t = 0.914442
	                                           effective interaction Vq = [-3.83695,-3.43425,-3.37712,-3.43425,-3.43425,-3.37712,-3.33934,-3.37712,-3.37712,-3.33934,  -3.312,-3.33934,-3.43425,-3.37712,-3.33934,-3.37712]
	PARPACK diagonalization completed after 60 matrix-vector product operations.
	iteration results: : total energy is -79.392239 | electron energy -79.396611 + phonon energy 0.004372 | electron momentum kIdx = 0
The 1-th iteration is completed.	|| time cost : 0h 7m 22.172s
********************************************************************************************************************
Start the 2 rounds of NGS-ED iteration
	effective electronic model is modified as: kinetic energy t = 0.86073
	                                           effective interaction Vq = [-3.99335,-3.89376,-3.80963,-3.89376,-3.89376,-3.80963, -3.8053,-3.80963,-3.80963, -3.8053,-3.76058, -3.8053,-3.89376,-3.80963, -3.8053,-3.80963]
	PARPACK diagonalization completed after 45 matrix-vector product operations.
	iteration results: : total energy is -83.322664 | electron energy -83.359417 + phonon energy 0.036753 | electron momentum kIdx = 0
The 2-th iteration is completed.	|| time cost : 0h 0m 33.607s
********************************************************************************************************************
Start the 3 rounds of NGS-ED iteration
	effective electronic model is modified as: kinetic energy t = 0.847077
	                                           effective interaction Vq = [-3.99973,-3.95125,-3.86797,-3.95125,-3.95125,-3.86797,-3.88016,-3.86797,-3.86797,-3.88016,-3.82683,-3.88016,-3.95125,-3.86797,-3.88016,-3.86797]
	PARPACK diagonalization completed after 45 matrix-vector product operations.
	iteration results: : total energy is -83.508960 | electron energy -83.560341 + phonon energy 0.051381 | electron momentum kIdx = 0
The 3-th iteration is completed.	|| time cost : 0h 0m 33.75s
********************************************************************************************************************
Start the 4 rounds of NGS-ED iteration
	effective electronic model is modified as: kinetic energy t = 0.844148
	                                           effective interaction Vq = [-3.99999,-3.96081, -3.8779,-3.96081,-3.96081, -3.8779,-3.89469, -3.8779, -3.8779,-3.89469, -3.8386,-3.89469,-3.96081, -3.8779,-3.89469, -3.8779]
	PARPACK diagonalization completed after 30 matrix-vector product operations.
	iteration results: : total energy is -83.517037 | electron energy -83.571966 + phonon energy 0.054929 | electron momentum kIdx = 0
The 4-th iteration is completed.	|| time cost : 0h 0m 28.286s
********************************************************************************************************************
Start the 5 rounds of NGS-ED iteration
	effective electronic model is modified as: kinetic energy t = 0.843544
	                                           effective interaction Vq = [      -4,-3.96267,-3.87972,-3.96267,-3.96267,-3.87972,-3.89774,-3.87972,-3.87972,-3.89774,-3.84083,-3.89774,-3.96267,-3.87972,-3.89774,-3.87972]
	PARPACK diagonalization completed after 30 matrix-vector product operations.
	iteration results: : total energy is -83.517379 | electron energy -83.573070 + phonon energy 0.055691 | electron momentum kIdx = 0
The 5-th iteration is completed.	|| time cost : 0h 0m 28.42s
********************************************************************************************************************
Start the 6 rounds of NGS-ED iteration
	effective electronic model is modified as: kinetic energy t = 0.843419
	                                           effective interaction Vq = [      -4,-3.96305,-3.88007,-3.96305,-3.96305,-3.88007,-3.89839,-3.88007,-3.88007,-3.89839,-3.84126,-3.89839,-3.96305,-3.88007,-3.89839,-3.88007]
	PARPACK diagonalization completed after 30 matrix-vector product operations.
	iteration results: : total energy is -83.517393 | electron energy -83.573243 + phonon energy 0.055850 | electron momentum kIdx = 0
The 6-th iteration is completed.	|| time cost : 0h 0m 28.44s
********************************************************************************************************************
Start the 7 rounds of NGS-ED iteration
	effective electronic model is modified as: kinetic energy t = 0.843394
	                                           effective interaction Vq = [      -4,-3.96313,-3.88013,-3.96313,-3.96313,-3.88013,-3.89854,-3.88013,-3.88013,-3.89854,-3.84134,-3.89854,-3.96313,-3.88013,-3.89854,-3.88013]
	PARPACK diagonalization completed after 30 matrix-vector product operations.
	iteration results: : total energy is -83.517394 | electron energy -83.573277 + phonon energy 0.055883 | electron momentum kIdx = 0
The 7-th iteration is completed.	|| time cost : 0h 0m 28.387s
********************************************************************************************************************
Start the 8 rounds of NGS-ED iteration
	effective electronic model is modified as: kinetic energy t = 0.843388
	                                           effective interaction Vq = [      -4,-3.96315,-3.88014,-3.96315,-3.96315,-3.88014,-3.89857,-3.88014,-3.88014,-3.89857,-3.84136,-3.89857,-3.96315,-3.88014,-3.89857,-3.88014]
	PARPACK diagonalization completed after 30 matrix-vector product operations.
	iteration results: : total energy is -83.517394 | electron energy -83.573284 + phonon energy 0.055890 | electron momentum kIdx = 0
The 8-th iteration is completed.	|| time cost : 0h 0m 28.398s
********************************************************************************************************************
Start the 9 rounds of NGS-ED iteration
	effective electronic model is modified as: kinetic energy t = 0.843387
	                                           effective interaction Vq = [      -4,-3.96315,-3.88014,-3.96315,-3.96315,-3.88014,-3.89857,-3.88014,-3.88014,-3.89857,-3.84136,-3.89857,-3.96315,-3.88014,-3.89857,-3.88014]
	PARPACK diagonalization completed after 30 matrix-vector product operations.
	iteration results: : total energy is -83.517394 | electron energy -83.573285 + phonon energy 0.055891 | electron momentum kIdx = 0
The 9-th iteration is completed.	|| time cost : 0h 0m 28.356s
********************************************************************************************************************
Start the 10 rounds of NGS-ED iteration
	effective electronic model is modified as: kinetic energy t = 0.843387
	                                           effective interaction Vq = [      -4,-3.96315,-3.88015,-3.96315,-3.96315,-3.88015,-3.89857,-3.88015,-3.88015,-3.89857,-3.84136,-3.89857,-3.96315,-3.88015,-3.89857,-3.88015]
	PARPACK diagonalization completed after 30 matrix-vector product operations.
	iteration results: : total energy is -83.517394 | electron energy -83.573285 + phonon energy 0.055892 | electron momentum kIdx = 0
	Nq(0) = 16,	Nq(1) = 0.366316,	Nq(2) = 0.367723,	Nq(3) = 0.366316,	Nq(4) = 0.366316,	Nq(5) = 0.367723,	Nq(6) = 0.601229,	Nq(7) = 0.367723,	Nq(8) = 0.367723,	Nq(9) = 0.601229,	Nq(10) = 0.605669,	Nq(11) = 0.601229,	Nq(12) = 0.366316,	Nq(13) = 0.367723,	Nq(14) = 0.601229,	Nq(15) = 0.367723,	Sq(0) = 5.05154e-18,	Sq(1) = 0.38001,	Sq(2) = 0.550228,	Sq(3) = 0.38001,	Sq(4) = 0.38001,	Sq(5) = 0.550228,	Sq(6) = 0.636434,	Sq(7) = 0.550228,	Sq(8) = 0.550228,	Sq(9) = 0.636434,	Sq(10) = 1.95068,	Sq(11) = 0.636434,	Sq(12) = 0.38001,	Sq(13) = 0.550228,	Sq(14) = 0.636434,	Sq(15) = 0.550228,	N(0) = 1.99965,	N(1) = 1.99947,	N(2) = 1,	N(3) = 1.99947,	N(4) = 1.99947,	N(5) = 1,	N(6) = 0.000532861,	N(7) = 1,	N(8) = 1,	N(9) = 0.000532861,	N(10) = 0.000352686,	N(11) = 0.000532861,	N(12) = 1.99947,	N(13) = 1,	N(14) = 0.000532861,	N(15) = 1,	Delta[s](0) = 0.259042,	Delta[s](1) = 0.255089,	Delta[s](2) = 0.197077,	Delta[s](3) = 0.255089,	Delta[s](4) = 0.255089,	Delta[s](5) = 0.197077,	Delta[s](6) = 0.19364,	Delta[s](7) = 0.197077,	Delta[s](8) = 0.197077,	Delta[s](9) = 0.19364,	Delta[s](10) = 0.104668,	Delta[s](11) = 0.19364,	Delta[s](12) = 0.255089,	Delta[s](13) = 0.197077,	Delta[s](14) = 0.19364,	Delta[s](15) = 0.197077,	Delta[d](0) = 0.529982,	Delta[d](1) = 0.303214,	Delta[d](2) = 0.267301,	Delta[d](3) = 0.303214,	Delta[d](4) = 0.303214,	Delta[d](5) = 0.318956,	Delta[d](6) = 0.236688,	Delta[d](7) = 0.318956,	Delta[d](8) = 0.267301,	Delta[d](9) = 0.236688,	Delta[d](10) = 0.10998,	Delta[d](11) = 0.236688,	Delta[d](12) = 0.303214,	Delta[d](13) = 0.318956,	Delta[d](14) = 0.236688,	Delta[d](15) = 0.318956,	Delta[s+](0) = 0.493561,	Delta[s+](1) = 0.404273,	Delta[s+](2) = 0.267301,	Delta[s+](3) = 0.404273,	Delta[s+](4) = 0.404273,	Delta[s+](5) = 0.267301,	Delta[s+](6) = 0.12924,	Delta[s+](7) = 0.267301,	Delta[s+](8) = 0.267301,	Delta[s+](9) = 0.12924,	Delta[s+](10) = 0.0357625,	Delta[s+](11) = 0.12924,	Delta[s+](12) = 0.404273,	Delta[s+](13) = 0.267301,	Delta[s+](14) = 0.12924,	Delta[s+](15) = 0.267301
The 10-th iteration is completed.	|| time cost : 0h 4m 40.204s
********************************************************************************************************************
Start the 11 rounds of NGS-ED iteration
	effective electronic model is modified as: kinetic energy t = 0.843387
	                                           effective interaction Vq = [      -4,-3.96315,-3.88015,-3.96315,-3.96315,-3.88015,-3.89857,-3.88015,-3.88015,-3.89857,-3.84136,-3.89857,-3.96315,-3.88015,-3.89857,-3.88015]
	PARPACK diagonalization completed after 30 matrix-vector product operations.
	iteration results: : total energy is -83.517394 | electron energy -83.573286 + phonon energy 0.055892 | electron momentum kIdx = 0
	Nq(0) = 16,	Nq(1) = 0.366316,	Nq(2) = 0.367723,	Nq(3) = 0.366316,	Nq(4) = 0.366316,	Nq(5) = 0.367723,	Nq(6) = 0.601229,	Nq(7) = 0.367723,	Nq(8) = 0.367723,	Nq(9) = 0.601229,	Nq(10) = 0.605669,	Nq(11) = 0.601229,	Nq(12) = 0.366316,	Nq(13) = 0.367723,	Nq(14) = 0.601229,	Nq(15) = 0.367723,	Sq(0) = 1.09788e-17,	Sq(1) = 0.38001,	Sq(2) = 0.550228,	Sq(3) = 0.38001,	Sq(4) = 0.38001,	Sq(5) = 0.550228,	Sq(6) = 0.636434,	Sq(7) = 0.550228,	Sq(8) = 0.550228,	Sq(9) = 0.636434,	Sq(10) = 1.95068,	Sq(11) = 0.636434,	Sq(12) = 0.38001,	Sq(13) = 0.550228,	Sq(14) = 0.636434,	Sq(15) = 0.550228,	N(0) = 1.99965,	N(1) = 1.99947,	N(2) = 1,	N(3) = 1.99947,	N(4) = 1.99947,	N(5) = 1,	N(6) = 0.000532859,	N(7) = 1,	N(8) = 1,	N(9) = 0.000532859,	N(10) = 0.000352685,	N(11) = 0.000532859,	N(12) = 1.99947,	N(13) = 1,	N(14) = 0.000532859,	N(15) = 1,	Delta[s](0) = 0.259042,	Delta[s](1) = 0.255089,	Delta[s](2) = 0.197077,	Delta[s](3) = 0.255089,	Delta[s](4) = 0.255089,	Delta[s](5) = 0.197077,	Delta[s](6) = 0.19364,	Delta[s](7) = 0.197077,	Delta[s](8) = 0.197077,	Delta[s](9) = 0.19364,	Delta[s](10) = 0.104668,	Delta[s](11) = 0.19364,	Delta[s](12) = 0.255089,	Delta[s](13) = 0.197077,	Delta[s](14) = 0.19364,	Delta[s](15) = 0.197077,	Delta[d](0) = 0.529982,	Delta[d](1) = 0.303214,	Delta[d](2) = 0.267301,	Delta[d](3) = 0.303214,	Delta[d](4) = 0.303214,	Delta[d](5) = 0.318956,	Delta[d](6) = 0.236688,	Delta[d](7) = 0.318956,	Delta[d](8) = 0.267301,	Delta[d](9) = 0.236688,	Delta[d](10) = 0.10998,	Delta[d](11) = 0.236688,	Delta[d](12) = 0.303214,	Delta[d](13) = 0.318956,	Delta[d](14) = 0.236688,	Delta[d](15) = 0.318956,	Delta[s+](0) = 0.493561,	Delta[s+](1) = 0.404273,	Delta[s+](2) = 0.267301,	Delta[s+](3) = 0.404273,	Delta[s+](4) = 0.404273,	Delta[s+](5) = 0.267301,	Delta[s+](6) = 0.12924,	Delta[s+](7) = 0.267301,	Delta[s+](8) = 0.267301,	Delta[s+](9) = 0.12924,	Delta[s+](10) = 0.0357625,	Delta[s+](11) = 0.12924,	Delta[s+](12) = 0.404273,	Delta[s+](13) = 0.267301,	Delta[s+](14) = 0.12924,	Delta[s+](15) = 0.267301
The 11-th iteration is completed.	|| time cost : 0h 4m 40.227s
********************************************************************************************************************
********************************************************************************************************************
Ground state is obtained after 12 iterations. The current ground-state energy is -83.5174, in which electron energy is -83.5733 and phonon energy is 0.0558916
final variational state is: 
	Gamma_x = [      1,1.01602,1.02666,1.01602,1.01602,1.02666,1.04106,1.02666,1.02666,1.04106,1.04946,1.04106,1.01602,1.02666,1.04106,1.02666]
	lambda_q = [     0.5, 0.45201, 0.41345, 0.45201, 0.45201, 0.41345,0.420382, 0.41345, 0.41345,0.420382,0.400427,0.420382, 0.45201, 0.41345,0.420382, 0.41345]
********************************************************************************************************************
o___o  ----------------------------------------
| L |	Time since last clock: 0h 0m 0s
A===A	Time since the beginning: 0h 28m 48.057s
***********************************************


Non-Gaussina ED ground state calculation is completed. The final ground-state energy is -83.5174
********************************************************************************************************************
o___o  ----------------------------------------
| L |	Time since last clock: 0h 0m 0.006s
A===A	Time since the beginning: 0h 28m 48.064s
***********************************************



********************************************************************************************************************
All non-Gaussian ED ground state calculations have been completed. Exit now.
