SNEDics v3.22.2 Non-Gaussian ED ground state program		Start at Thu Feb  3 04:58:37 2022

Parallelization: 32 MPI threads  * 8 OpenMP threads = 256 total threads.
********************************************************************************************************************
********************************************************************************************************************

********************************************************************************************************************
System parameters and configurations
	special program options are enabled: splitted diagonal Hamiltonian | splitted Hamiltonian terms
********************************************************************************************************************
Read input file "model_params.in"
	Hubbard-Holstein model parameters : 	t = 1    t' = -0.2    U = 8    g = 1    W = 1    
********************************************************************************************************************
Read input file "hilbertspace_params.in"
	Requested 16-site 2D lattice, with 10 electrons (5, 5)
	Boundary : Periodic		Hilbert space representation : momentum-space (restricted to kIdx = 0)
	Conservation: particle number[U(1)]      spin[U(1)]     momentum
********************************************************************************************************************

Cluster Positions:				Cluster symmetry group : D4
 x ... x ... x ... x .....                       x ... x ... x ... x .....
 |           |           :                       |           |           :
 |           |           :                       |           |           :
12    13    14    15     x                       1     5     6     5     x
 |           |           :                       |           |           :
 |           |           :                       |           |           :
 8 --- 9 ---10 ---11 --- x                       2 --- 6 ---10 --- 6 --- x
 |           |           :                       |           |           :
 |           |           :                       |           |           :
 4     5     6     7     x                       1     5     6     5     x
 |           |           :                       |           |           :
 |           |           :                       |           |           :
 0 --- 1 --- 2 --- 3 --- x                       0 --- 1 --- 2 --- 1 --- x
orbital number : 1
********************************************************************************************************************
Read input file "obs_params.in"
	Observable Type : Nq(All),   Sq(All),   N(All-Orbital),   Delta[s](All),   Delta[d](All),   Delta[s+](All)
** WARNING ** the input observables have non-local factors which have been reinterpreted. The total observable number is 96
********************************************************************************************************************


********************************************************************************************************************
Start calculating the non-Gaussian ED ground state
Maximal iteration number is 1000; energy resolution is 1e-06. Phonon state relaxation time is 2000
W = 1 is relatively large. The non-Gaussian ED calculation starts directly.
open output files: NGSED_iteration_observables.txt
********************************************************************************************************************
Start the 0 rounds of NGS-ED iteration
	effective electronic model is modified as: kinetic energy t = 1, t' = -0.2
	                                           effective interaction Vq = [0,0,0,0,0,0,0,0,0,0,0,0,0,0,0,0]
	first Hamiltonian is constructed, size = 1192464 and non-zero numbers = 242772364
	PARPACK diagonalization completed after 90 matrix-vector product operations.
	iteration results: : total energy is -16.326666 | electron energy -16.326666 + phonon energy 0.000000 | electron momentum kIdx = 0
	Nq(0) = 6.25,	Nq(1) = 0.202338,	Nq(2) = 0.268998,	Nq(3) = 0.202338,	Nq(4) = 0.202338,	Nq(5) = 0.281666,	
	Nq(6) = 0.358706,	Nq(7) = 0.281666,	Nq(8) = 0.268998,	Nq(9) = 0.358706,	Nq(10) = 0.446937,	
	Nq(11) = 0.358706,	Nq(12) = 0.202338,	Nq(13) = 0.281666,	Nq(14) = 0.358706,	Nq(15) = 0.281666;	
	Sq(0) = 8.85037e-19,	Sq(1) = 0.543263,	Sq(2) = 0.466005,	Sq(3) = 0.543263,	Sq(4) = 0.543263,	
	Sq(5) = 0.45115,	Sq(6) = 0.943619,	Sq(7) = 0.45115,	Sq(8) = 0.466005,	Sq(9) = 0.943619,	
	Sq(10) = 0.710091,	Sq(11) = 0.943619,	Sq(12) = 0.543263,	Sq(13) = 0.45115,	Sq(14) = 0.943619,	
	Sq(15) = 0.45115;	N(0) = 1.79578,	N(1) = 1.67335,	N(2) = 0.240649,	N(3) = 1.67335,	
	N(4) = 1.67335,	N(5) = 0.17929,	N(6) = 0.0652386,	N(7) = 0.17929,	N(8) = 0.240649,	
	N(9) = 0.0652386,	N(10) = 0.0513937,	N(11) = 0.0652386,	N(12) = 1.67335,	N(13) = 0.17929,	
	N(14) = 0.0652386,	N(15) = 0.17929;	Delta[s](0) = 0.0470966,	Delta[s](1) = 0.0297025,	Delta[s](2) = 0.0214,	
	Delta[s](3) = 0.0297025,	Delta[s](4) = 0.0297025,	Delta[s](5) = 0.018762,	Delta[s](6) = 0.00413231,	Delta[s](7) = 0.018762,	
	Delta[s](8) = 0.0214,	Delta[s](9) = 0.00413231,	Delta[s](10) = 0.00260301,	Delta[s](11) = 0.00413231,	Delta[s](12) = 0.0297025,	
	Delta[s](13) = 0.018762,	Delta[s](14) = 0.00413231,	Delta[s](15) = 0.018762;	Delta[d](0) = 0.192023,	Delta[d](1) = 0.101526,	
	Delta[d](2) = 0.148849,	Delta[d](3) = 0.101526,	Delta[d](4) = 0.101526,	Delta[d](5) = 0.0944027,	Delta[d](6) = 0.0466241,	
	Delta[d](7) = 0.0944027,	Delta[d](8) = 0.148849,	Delta[d](9) = 0.0466241,	Delta[d](10) = 0.0269396,	Delta[d](11) = 0.0466241,	
	Delta[d](12) = 0.101526,	Delta[d](13) = 0.0944027,	Delta[d](14) = 0.0466241,	Delta[d](15) = 0.0944027;	Delta[s+](0) = 0.520755,	
	Delta[s+](1) = 0.318997,	Delta[s+](2) = 0.148849,	Delta[s+](3) = 0.318997,	Delta[s+](4) = 0.318997,	Delta[s+](5) = 0.140343,	
	Delta[s+](6) = 0.0159513,	Delta[s+](7) = 0.140343,	Delta[s+](8) = 0.148849,	Delta[s+](9) = 0.0159513,	Delta[s+](10) = 0.00329164,	
	Delta[s+](11) = 0.0159513,	Delta[s+](12) = 0.318997,	Delta[s+](13) = 0.140343,	Delta[s+](14) = 0.0159513,	Delta[s+](15) = 0.140343
	
The 0-th iteration is completed.	|| time cost : 0h 0m 30.387s
********************************************************************************************************************
Start the 1 rounds of NGS-ED iteration
	effective electronic model is modified as: kinetic energy t = 0.959568, t' = -0.190404
	                                           effective interaction Vq = [       -1,-0.500659,-0.387815,-0.500659,-0.500659,-0.385224,-0.341929,-0.385224,-0.387815,-0.341929,-0.321157,-0.341929,-0.500659,-0.385224,-0.341929,-0.385224]
	PARPACK diagonalization completed after 45 matrix-vector product operations.
	iteration results: : total energy is -23.480261 | electron energy -23.516768 + phonon energy 0.036507 | electron momentum kIdx = 0
The 1-th iteration is completed.	|| time cost : 0h 0m 20.658s
********************************************************************************************************************
Start the 2 rounds of NGS-ED iteration
	effective electronic model is modified as: kinetic energy t = 0.959361, t' = -0.190263
	                                           effective interaction Vq = [       -1,-0.510306,-0.388014,-0.510306,-0.510306,-0.384595,-0.340906,-0.384595,-0.388014,-0.340906, -0.31774,-0.340906,-0.510306,-0.384595,-0.340906,-0.384595]
	PARPACK diagonalization completed after 30 matrix-vector product operations.
	iteration results: : total energy is -23.480402 | electron energy -23.517920 + phonon energy 0.037518 | electron momentum kIdx = 0
The 2-th iteration is completed.	|| time cost : 0h 0m 2.835s
********************************************************************************************************************
Start the 3 rounds of NGS-ED iteration
	effective electronic model is modified as: kinetic energy t = 0.959354, t' = -0.190256
	                                           effective interaction Vq = [       -1,-0.510859,-0.387984,-0.510859,-0.510859,-0.384507, -0.34081,-0.384507,-0.387984, -0.34081,-0.317473, -0.34081,-0.510859,-0.384507, -0.34081,-0.384507]
	PARPACK diagonalization completed after 30 matrix-vector product operations.
	iteration results: : total energy is -23.480403 | electron energy -23.517924 + phonon energy 0.037521 | electron momentum kIdx = 0
The 3-th iteration is completed.	|| time cost : 0h 0m 2.817s
********************************************************************************************************************
Start the 4 rounds of NGS-ED iteration
	effective electronic model is modified as: kinetic energy t = 0.959354, t' = -0.190255
	                                           effective interaction Vq = [       -1,-0.510893,-0.387982,-0.510893,-0.510893,-0.384501,-0.340805,-0.384501,-0.387982,-0.340805,-0.317456,-0.340805,-0.510893,-0.384501,-0.340805,-0.384501]
	PARPACK diagonalization completed after 30 matrix-vector product operations.
	iteration results: : total energy is -23.480403 | electron energy -23.517924 + phonon energy 0.037522 | electron momentum kIdx = 0
The 4-th iteration is completed.	|| time cost : 0h 0m 2.795s
********************************************************************************************************************
Start the 5 rounds of NGS-ED iteration
	effective electronic model is modified as: kinetic energy t = 0.959354, t' = -0.190255
	                                           effective interaction Vq = [       -1,-0.510895,-0.387982,-0.510895,-0.510895,  -0.3845,-0.340805,  -0.3845,-0.387982,-0.340805,-0.317455,-0.340805,-0.510895,  -0.3845,-0.340805,  -0.3845]
	PARPACK diagonalization completed after 30 matrix-vector product operations.
	iteration results: : total energy is -23.480403 | electron energy -23.517924 + phonon energy 0.037522 | electron momentum kIdx = 0
The 5-th iteration is completed.	|| time cost : 0h 0m 2.766s
********************************************************************************************************************
Start the 6 rounds of NGS-ED iteration
	effective electronic model is modified as: kinetic energy t = 0.959354, t' = -0.190255
	                                           effective interaction Vq = [       -1,-0.510895,-0.387982,-0.510895,-0.510895,  -0.3845,-0.340805,  -0.3845,-0.387982,-0.340805,-0.317455,-0.340805,-0.510895,  -0.3845,-0.340805,  -0.3845]
	PARPACK diagonalization completed after 30 matrix-vector product operations.
	iteration results: : total energy is -23.480403 | electron energy -23.517924 + phonon energy 0.037522 | electron momentum kIdx = 0
	Nq(0) = 6.25,	Nq(1) = 0.210667,	Nq(2) = 0.271658,	Nq(3) = 0.210667,	Nq(4) = 0.210667,	Nq(5) = 0.283953,	
	Nq(6) = 0.361176,	Nq(7) = 0.283953,	Nq(8) = 0.271658,	Nq(9) = 0.361176,	Nq(10) = 0.446277,	
	Nq(11) = 0.361176,	Nq(12) = 0.210667,	Nq(13) = 0.283953,	Nq(14) = 0.361176,	Nq(15) = 0.283953;	
	Sq(0) = 9.70055e-18,	Sq(1) = 0.537231,	Sq(2) = 0.463706,	Sq(3) = 0.537231,	Sq(4) = 0.537231,	
	Sq(5) = 0.449714,	Sq(6) = 0.935661,	Sq(7) = 0.449714,	Sq(8) = 0.463706,	Sq(9) = 0.935661,	
	Sq(10) = 0.719392,	Sq(11) = 0.935661,	Sq(12) = 0.537231,	Sq(13) = 0.449714,	Sq(14) = 0.935661,	
	Sq(15) = 0.449714;	N(0) = 1.81026,	N(1) = 1.6942,	N(2) = 0.224357,	N(3) = 1.6942,	
	N(4) = 1.6942,	N(5) = 0.166568,	N(6) = 0.0619432,	N(7) = 0.166568,	N(8) = 0.224357,	
	N(9) = 0.0619432,	N(10) = 0.0502026,	N(11) = 0.0619432,	N(12) = 1.6942,	N(13) = 0.166568,	
	N(14) = 0.0619432,	N(15) = 0.166568;	Delta[s](0) = 0.0515042,	Delta[s](1) = 0.0323267,	Delta[s](2) = 0.0235351,	
	Delta[s](3) = 0.0323267,	Delta[s](4) = 0.0323267,	Delta[s](5) = 0.0207805,	Delta[s](6) = 0.00439168,	Delta[s](7) = 0.0207805,	
	Delta[s](8) = 0.0235351,	Delta[s](9) = 0.00439168,	Delta[s](10) = 0.00281739,	Delta[s](11) = 0.00439168,	Delta[s](12) = 0.0323267,	
	Delta[s](13) = 0.0207805,	Delta[s](14) = 0.00439168,	Delta[s](15) = 0.0207805;	Delta[d](0) = 0.19595,	Delta[d](1) = 0.100105,	
	Delta[d](2) = 0.149369,	Delta[d](3) = 0.100105,	Delta[d](4) = 0.100105,	Delta[d](5) = 0.0962836,	Delta[d](6) = 0.0444716,	
	Delta[d](7) = 0.0962836,	Delta[d](8) = 0.149369,	Delta[d](9) = 0.0444716,	Delta[d](10) = 0.0254361,	Delta[d](11) = 0.0444716,	
	Delta[d](12) = 0.100105,	Delta[d](13) = 0.0962836,	Delta[d](14) = 0.0444716,	Delta[d](15) = 0.0962836;	Delta[s+](0) = 0.525521,	
	Delta[s+](1) = 0.321843,	Delta[s+](2) = 0.149369,	Delta[s+](3) = 0.321843,	Delta[s+](4) = 0.321843,	Delta[s+](5) = 0.141303,	
	Delta[s+](6) = 0.015289,	Delta[s+](7) = 0.141303,	Delta[s+](8) = 0.149369,	Delta[s+](9) = 0.015289,	Delta[s+](10) = 0.00327883,	
	Delta[s+](11) = 0.015289,	Delta[s+](12) = 0.321843,	Delta[s+](13) = 0.141303,	Delta[s+](14) = 0.015289,	Delta[s+](15) = 0.141303
	
The 6-th iteration is completed.	|| time cost : 0h 0m 19.13s
********************************************************************************************************************
********************************************************************************************************************
Ground state is obtained after 7 iterations. The current ground-state energy is -23.4804, in which electron energy is -23.5179 and phonon energy is 0.0375215
Final variational state is: 
	Gamma_x = [      1, 1.0925, 1.0968, 1.0925, 1.0925, 1.1006,1.11638, 1.1006, 1.0968,1.11638,1.13637,1.11638, 1.0925, 1.1006,1.11638, 1.1006]
	lambda_q = [       1, 0.30064,0.217684, 0.30064, 0.30064,0.215462,0.188091,0.215462,0.217684,0.188091,0.173837,0.188091, 0.30064,0.215462,0.188091,0.215462]
Effective e-e interactions mediated by phonons are:
	momentum-space Vq = [       -1,-0.510895,-0.387982,-0.510895,-0.510895,  -0.3845,-0.340805,  -0.3845,-0.387982,-0.340805,-0.317455,-0.340805,-0.510895,  -0.3845,-0.340805,  -0.3845]
	real-space Vr = [ -0.439889,-0.0639204,-0.0347136,-0.0639204,-0.0639204,-0.0338431,-0.0213977,-0.0338431,-0.0347136,-0.0213977,-0.0140388,-0.0213977,-0.0639204,-0.0338431,-0.0213977,-0.0338431]
********************************************************************************************************************
o___o  ----------------------------------------
| L |	Time since last clock: 0h 0m 0.008s
A===A	Time since the beginning: 0h 1m 21.399s
***********************************************


Non-Gaussina ED ground state calculation is completed. The final ground-state energy is -23.4804
********************************************************************************************************************
o___o  ----------------------------------------
| L |	Time since last clock: 0h 0m 0.003s
A===A	Time since the beginning: 0h 1m 21.403s
***********************************************



********************************************************************************************************************
All non-Gaussian ED ground state calculations have been completed. Exit now.
