SNEDics v3.21.4 Non-Gaussian ED ground state program		Start at Mon Jul 26 23:28:22 2021

parallized on 32 MPI threads  * 8 OpenMP threads = 256 total threads.
********************************************************************************************************************
********************************************************************************************************************

********************************************************************************************************************
System parameters and configurations
	special program options are enabled: splitted diagonal Hamiltonian | splitted Hamiltonian terms
********************************************************************************************************************
Read input file "model_params.in"
	Hubbard-Holstein model parameters : 	t = 1    U = 8    g = 0.09    W = 0.2    g' = 0.08    
********************************************************************************************************************
Read input file "hilbertspace_params.in"
	Requested 16-site 2D lattice, with 12 electrons (6, 6)
	Boundary : Periodic		Hilbert space representation : momentum-space (restricted to kIdx = 0)
	Conservation: particle number[U(1)]      spin[U(1)]     momentum
********************************************************************************************************************

Cluster Positions:				Cluster symmetry group : D4
 x ... x ... x ... x .....                       x ... x ... x ... x .....
 |           |           :                       |           |           :
 |           |           :                       |           |           :
12    13    14    15     x                       1     5     6     5     x
 |           |           :                       |           |           :
 |           |           :                       |           |           :
 8 --- 9 ---10 ---11 --- x                       2 --- 6 ---10 --- 6 --- x
 |           |           :                       |           |           :
 |           |           :                       |           |           :
 4     5     6     7     x                       1     5     6     5     x
 |           |           :                       |           |           :
 |           |           :                       |           |           :
 0 --- 1 --- 2 --- 3 --- x                       0 --- 1 --- 2 --- 1 --- x
orbital number : 1
********************************************************************************************************************
Read input file "obs_params.in"
	Observable Type : Nq(All),   Sq(All),   N(All),   Delta[s](All),   Delta[d](All),   Delta[s+](All)
** WARNING ** the input observables have non-local factors which have been reinterpreted. The total observable number is 96
********************************************************************************************************************


********************************************************************************************************************
Start calculating the non-Gaussian ED ground state
Maximal iteration number is 1000; energy resolution is 1e-06. Phonon state relaxation time is 2000
W = 0.2 is relatively large. The non-Gaussian ED calculation starts directly.
open output files: NGSED_iteration_obserbles.txt
********************************************************************************************************************
Start the 0 rounds of NGS-ED iteration
	effective electronic model is modified as: kinetic energy t = 1
	                                           effective interaction Vq = [0,0,0,0,0,0,0,0,0,0,0,0,0,0,0,0]
	first Hamiltonian is constructed, size = 4008592 and non-zero numbers = 969134044
	PARPACK diagonalization completed after 150 matrix-vector product operations.
	iteration results: : total energy is -14.925310 | electron energy -14.925310 + phonon energy 0.000000 | electron momentum kIdx = 0
	Nq(0) = 9,	Nq(1) = 0.191675,	Nq(2) = 0.266183,	Nq(3) = 0.191675,	Nq(4) = 0.191675,	Nq(5) = 0.245517,	
	Nq(6) = 0.314107,	Nq(7) = 0.245517,	Nq(8) = 0.266183,	Nq(9) = 0.314107,	Nq(10) = 0.369338,	
	Nq(11) = 0.314107,	Nq(12) = 0.191675,	Nq(13) = 0.245517,	Nq(14) = 0.314107,	Nq(15) = 0.245517;	
	Sq(0) = 3.02743e-18,	Sq(1) = 0.554662,	Sq(2) = 0.424361,	Sq(3) = 0.554662,	Sq(4) = 0.554662,	
	Sq(5) = 0.79749,	Sq(6) = 1.01287,	Sq(7) = 0.79749,	Sq(8) = 0.424361,	Sq(9) = 1.01287,	
	Sq(10) = 0.784303,	Sq(11) = 1.01287,	Sq(12) = 0.554662,	Sq(13) = 0.79749,	Sq(14) = 1.01287,	
	Sq(15) = 0.79749;	N(0) = 1.76735,	N(1) = 1.6264,	N(2) = 0.74365,	N(3) = 1.6264,	
	N(4) = 1.6264,	N(5) = 0.392302,	N(6) = 0.144321,	N(7) = 0.392302,	N(8) = 0.74365,	
	N(9) = 0.144321,	N(10) = 0.0932732,	N(11) = 0.144321,	N(12) = 1.6264,	N(13) = 0.392302,	
	N(14) = 0.144321,	N(15) = 0.392302;	Delta[s](0) = 0.0656725,	Delta[s](1) = 0.0453651,	Delta[s](2) = 0.0303903,	
	Delta[s](3) = 0.0453651,	Delta[s](4) = 0.0453651,	Delta[s](5) = 0.0270948,	Delta[s](6) = 0.00926435,	Delta[s](7) = 0.0270948,	
	Delta[s](8) = 0.0303903,	Delta[s](9) = 0.00926435,	Delta[s](10) = 0.000100129,	Delta[s](11) = 0.00926435,	Delta[s](12) = 0.0453651,	
	Delta[s](13) = 0.0270948,	Delta[s](14) = 0.00926435,	Delta[s](15) = 0.0270948;	Delta[d](0) = 0.229399,	Delta[d](1) = 0.180056,	
	Delta[d](2) = 0.222225,	Delta[d](3) = 0.180056,	Delta[d](4) = 0.180056,	Delta[d](5) = 0.123004,	Delta[d](6) = 0.150449,	
	Delta[d](7) = 0.123004,	Delta[d](8) = 0.222225,	Delta[d](9) = 0.150449,	Delta[d](10) = 0.0768579,	Delta[d](11) = 0.150449,	
	Delta[d](12) = 0.180056,	Delta[d](13) = 0.123004,	Delta[d](14) = 0.150449,	Delta[d](15) = 0.123004;	Delta[s+](0) = 0.529554,	
	Delta[s+](1) = 0.361148,	Delta[s+](2) = 0.222225,	Delta[s+](3) = 0.361148,	Delta[s+](4) = 0.361148,	Delta[s+](5) = 0.177124,	
	Delta[s+](6) = 0.0626568,	Delta[s+](7) = 0.177124,	Delta[s+](8) = 0.222225,	Delta[s+](9) = 0.0626568,	Delta[s+](10) = 0.0156951,	
	Delta[s+](11) = 0.0626568,	Delta[s+](12) = 0.361148,	Delta[s+](13) = 0.177124,	Delta[s+](14) = 0.0626568,	Delta[s+](15) = 0.177124
	
The 0-th iteration is completed.	|| time cost : 0h 2m 5.238s
********************************************************************************************************************
Start the 1 rounds of NGS-ED iteration
	effective electronic model is modified as: kinetic energy t = 0.998872
	                                           effective interaction Vq = [    -0.8405,  -0.038845,-0.00349603,  -0.038845,  -0.038845,-0.00323913,-0.00168426,-0.00323913,-0.00349603,-0.00168426,  -0.016563,-0.00168426,  -0.038845,-0.00323913,-0.00168426,-0.00323913]
	PARPACK diagonalization completed after 45 matrix-vector product operations.
	iteration results: : total energy is -22.511698 | electron energy -22.512008 + phonon energy 0.000311 | electron momentum kIdx = 0
The 1-th iteration is completed.	|| time cost : 0h 1m 18.578s
********************************************************************************************************************
Start the 2 rounds of NGS-ED iteration
	effective electronic model is modified as: kinetic energy t = 0.998866
	                                           effective interaction Vq = [    -0.8405, -0.0389954, -0.0034913, -0.0389954, -0.0389954,-0.00323613,-0.00168254,-0.00323613, -0.0034913,-0.00168254, -0.0165832,-0.00168254, -0.0389954,-0.00323613,-0.00168254,-0.00323613]
	PARPACK diagonalization completed after 30 matrix-vector product operations.
	iteration results: : total energy is -22.511698 | electron energy -22.512013 + phonon energy 0.000315 | electron momentum kIdx = 0
The 2-th iteration is completed.	|| time cost : 0h 0m 9.965s
********************************************************************************************************************
Start the 3 rounds of NGS-ED iteration
	effective electronic model is modified as: kinetic energy t = 0.998866
	                                           effective interaction Vq = [    -0.8405,  -0.038996,-0.00349128,  -0.038996,  -0.038996,-0.00323612,-0.00168254,-0.00323612,-0.00349128,-0.00168254, -0.0165832,-0.00168254,  -0.038996,-0.00323612,-0.00168254,-0.00323612]
	PARPACK diagonalization completed after 30 matrix-vector product operations.
	iteration results: : total energy is -22.511698 | electron energy -22.512013 + phonon energy 0.000315 | electron momentum kIdx = 0
The 3-th iteration is completed.	|| time cost : 0h 0m 9.878s
********************************************************************************************************************
Start the 4 rounds of NGS-ED iteration
	effective electronic model is modified as: kinetic energy t = 0.998866
	                                           effective interaction Vq = [    -0.8405,  -0.038996,-0.00349128,  -0.038996,  -0.038996,-0.00323612,-0.00168254,-0.00323612,-0.00349128,-0.00168254, -0.0165832,-0.00168254,  -0.038996,-0.00323612,-0.00168254,-0.00323612]
	PARPACK diagonalization completed after 30 matrix-vector product operations.
	iteration results: : total energy is -22.511698 | electron energy -22.512013 + phonon energy 0.000315 | electron momentum kIdx = 0
	Nq(0) = 9,	Nq(1) = 0.192541,	Nq(2) = 0.265937,	Nq(3) = 0.192541,	Nq(4) = 0.192541,	Nq(5) = 0.245402,	
	Nq(6) = 0.313932,	Nq(7) = 0.245402,	Nq(8) = 0.265937,	Nq(9) = 0.313932,	Nq(10) = 0.369972,	
	Nq(11) = 0.313932,	Nq(12) = 0.192541,	Nq(13) = 0.245402,	Nq(14) = 0.313932,	Nq(15) = 0.245402;	
	Sq(0) = 2.21279e-18,	Sq(1) = 0.554193,	Sq(2) = 0.424409,	Sq(3) = 0.554193,	Sq(4) = 0.554193,	
	Sq(5) = 0.797177,	Sq(6) = 1.01274,	Sq(7) = 0.797177,	Sq(8) = 0.424409,	Sq(9) = 1.01274,	
	Sq(10) = 0.785403,	Sq(11) = 1.01274,	Sq(12) = 0.554193,	Sq(13) = 0.797177,	Sq(14) = 1.01274,	
	Sq(15) = 0.797177;	N(0) = 1.76766,	N(1) = 1.62744,	N(2) = 0.743105,	N(3) = 1.62744,	
	N(4) = 1.62744,	N(5) = 0.391515,	N(6) = 0.144208,	N(7) = 0.391515,	N(8) = 0.743105,	
	N(9) = 0.144208,	N(10) = 0.0934687,	N(11) = 0.144208,	N(12) = 1.62744,	N(13) = 0.391515,	
	N(14) = 0.144208,	N(15) = 0.391515;	Delta[s](0) = 0.0658366,	Delta[s](1) = 0.0454779,	Delta[s](2) = 0.0304893,	
	Delta[s](3) = 0.0454779,	Delta[s](4) = 0.0454779,	Delta[s](5) = 0.0271795,	Delta[s](6) = 0.00928241,	Delta[s](7) = 0.0271795,	
	Delta[s](8) = 0.0304893,	Delta[s](9) = 0.00928241,	Delta[s](10) = 0.000100923,	Delta[s](11) = 0.00928241,	Delta[s](12) = 0.0454779,	
	Delta[s](13) = 0.0271795,	Delta[s](14) = 0.00928241,	Delta[s](15) = 0.0271795;	Delta[d](0) = 0.229578,	Delta[d](1) = 0.180189,	
	Delta[d](2) = 0.222333,	Delta[d](3) = 0.180189,	Delta[d](4) = 0.180189,	Delta[d](5) = 0.123005,	Delta[d](6) = 0.150476,	
	Delta[d](7) = 0.123005,	Delta[d](8) = 0.222333,	Delta[d](9) = 0.150476,	Delta[d](10) = 0.0765464,	Delta[d](11) = 0.150476,	
	Delta[d](12) = 0.180189,	Delta[d](13) = 0.123005,	Delta[d](14) = 0.150476,	Delta[d](15) = 0.123005;	Delta[s+](0) = 0.529961,	
	Delta[s+](1) = 0.361388,	Delta[s+](2) = 0.222333,	Delta[s+](3) = 0.361388,	Delta[s+](4) = 0.361388,	Delta[s+](5) = 0.1772,	
	Delta[s+](6) = 0.0626501,	Delta[s+](7) = 0.1772,	Delta[s+](8) = 0.222333,	Delta[s+](9) = 0.0626501,	Delta[s+](10) = 0.0157177,	
	Delta[s+](11) = 0.0626501,	Delta[s+](12) = 0.361388,	Delta[s+](13) = 0.1772,	Delta[s+](14) = 0.0626501,	Delta[s+](15) = 0.1772
	
The 4-th iteration is completed.	|| time cost : 0h 1m 21.593s
********************************************************************************************************************
********************************************************************************************************************
Ground state is obtained after 5 iterations. The current ground-state energy is -22.5117, in which electron energy is -22.512 and phonon energy is 0.000315284
Final variational state is: 
	Gamma_x = [      1,1.03695,1.00455,1.03695,1.03695, 1.0039, 1.0026, 1.0039,1.00455, 1.0026,1.03064, 1.0026,1.03695, 1.0039, 1.0026, 1.0039]
	lambda_q = [      2.05,   0.08059, 0.0198331,   0.08059,   0.08059, 0.0183527,-0.0122319, 0.0183527, 0.0198331,-0.0122319, -0.036634,-0.0122319,   0.08059, 0.0183527,-0.0122319, 0.0183527]
Effective e-e interactions mediated by phonons are:
	momentum-space Vq = [    -0.8405,  -0.038996,-0.00349128,  -0.038996,  -0.038996,-0.00323612,-0.00168254,-0.00323612,-0.00349128,-0.00168254, -0.0165832,-0.00168254,  -0.038996,-0.00323612,-0.00168254,-0.00323612]
	real-space Vr = [-0.0649828, -0.056159,-0.0531951, -0.056159, -0.056159,-0.0531313,-0.0468306,-0.0531313,-0.0531951,-0.0468306,-0.0446435,-0.0468306, -0.056159,-0.0531313,-0.0468306,-0.0531313]
********************************************************************************************************************
o___o  ----------------------------------------
| L |	Time since last clock: 0h 0m 0.009s
A===A	Time since the beginning: 0h 5m 5.263s
***********************************************


Non-Gaussina ED ground state calculation is completed. The final ground-state energy is -22.5117
********************************************************************************************************************
o___o  ----------------------------------------
| L |	Time since last clock: 0h 0m 0.004s
A===A	Time since the beginning: 0h 5m 5.267s
***********************************************



********************************************************************************************************************
All non-Gaussian ED ground state calculations have been completed. Exit now.
