SNEDics v3.22.2 Non-Gaussian ED ground state program		Start at Sun Jun  5 06:25:06 2022

Parallelization: 32 MPI threads  * 8 OpenMP threads = 256 total threads.
********************************************************************************************************************
********************************************************************************************************************

********************************************************************************************************************
System parameters and configurations
	special program options are enabled: splitted diagonal Hamiltonian | splitted Hamiltonian terms
********************************************************************************************************************
Read input file "model_params.in"
	Hubbard-Holstein model parameters : 	t = 1    t' = -0.3    U = 8    g = 0.6    W = 0.2    
********************************************************************************************************************
Read input file "hilbertspace_params.in"
	Requested 16-site 2D lattice, with 8 electrons (4, 4)
	Boundary : Periodic		Hilbert space representation : momentum-space (restricted to kIdx = 10)
	Conservation: particle number[U(1)]      spin[U(1)]     momentum
********************************************************************************************************************

Cluster Positions:				Cluster symmetry group : D4
 x ... x ... x ... x .....                       x ... x ... x ... x .....
 |           |           :                       |           |           :
 |           |           :                       |           |           :
12    13    14    15     x                       1     5     6     5     x
 |           |           :                       |           |           :
 |           |           :                       |           |           :
 8 --- 9 ---10 ---11 --- x                       2 --- 6 ---10 --- 6 --- x
 |           |           :                       |           |           :
 |           |           :                       |           |           :
 4     5     6     7     x                       1     5     6     5     x
 |           |           :                       |           |           :
 |           |           :                       |           |           :
 0 --- 1 --- 2 --- 3 --- x                       0 --- 1 --- 2 --- 1 --- x
orbital number : 1
********************************************************************************************************************
Read input file "obs_params.in"
	Observable Type : Nq(All),   Sq(All),   N(All-Orbital),   Delta[s](All),   Delta[d](All),   Delta[s+](All)
** WARNING ** the input observables have non-local factors which have been reinterpreted. The total observable number is 96
********************************************************************************************************************


********************************************************************************************************************
Start calculating the non-Gaussian ED ground state
Maximal iteration number is 1000; energy resolution is 1e-06. Phonon state relaxation time is 2000
W = 0.2 is relatively large. The non-Gaussian ED calculation starts directly.
open output files: NGSED_iteration_observables.txt
********************************************************************************************************************
Start the 0 rounds of NGS-ED iteration
	effective electronic model is modified as: kinetic energy t = 1, t' = -0.3
	                                           effective interaction Vq = [0,0,0,0,0,0,0,0,0,0,0,0,0,0,0,0]
	first Hamiltonian is constructed, size = 207168 and non-zero numbers = 32240256
	PARPACK diagonalization completed after 105 matrix-vector product operations.
	iteration results: : total energy is -14.405877 | electron energy -14.405877 + phonon energy 0.000000 | electron momentum kIdx = 10
	Nq(0) = 4,	Nq(1) = 0.191255,	Nq(2) = 0.234333,	Nq(3) = 0.191255,	Nq(4) = 0.191255,	Nq(5) = 0.305984,	
	Nq(6) = 0.331756,	Nq(7) = 0.305984,	Nq(8) = 0.234333,	Nq(9) = 0.331756,	Nq(10) = 0.361611,	
	Nq(11) = 0.331756,	Nq(12) = 0.191255,	Nq(13) = 0.305984,	Nq(14) = 0.331756,	Nq(15) = 0.305984;	
	Sq(0) = -3.48352e-18,	Sq(1) = 0.388709,	Sq(2) = 0.400904,	Sq(3) = 0.388709,	Sq(4) = 0.388709,	
	Sq(5) = 0.66772,	Sq(6) = 0.571758,	Sq(7) = 0.66772,	Sq(8) = 0.400904,	Sq(9) = 0.571758,	
	Sq(10) = 0.539189,	Sq(11) = 0.571758,	Sq(12) = 0.388709,	Sq(13) = 0.66772,	Sq(14) = 0.571758,	
	Sq(15) = 0.66772;	N(0) = 1.74885,	N(1) = 0.991935,	N(2) = 0.972078,	N(3) = 0.991935,	
	N(4) = 0.991935,	N(5) = 0.0652548,	N(6) = 0.0181601,	N(7) = 0.0652548,	N(8) = 0.972078,	
	N(9) = 0.0181601,	N(10) = 0.00559157,	N(11) = 0.0181601,	N(12) = 0.991935,	N(13) = 0.0652548,	
	N(14) = 0.0181601,	N(15) = 0.0652548;	Delta[s](0) = 0.0122981,	Delta[s](1) = 0.00927618,	Delta[s](2) = 0.00821007,	
	Delta[s](3) = 0.00927618,	Delta[s](4) = 0.00927618,	Delta[s](5) = 0.00097407,	Delta[s](6) = 0.00073335,	Delta[s](7) = 0.00097407,	
	Delta[s](8) = 0.00821007,	Delta[s](9) = 0.00073335,	Delta[s](10) = 0.000474762,	Delta[s](11) = 0.00073335,	Delta[s](12) = 0.00927618,	
	Delta[s](13) = 0.00097407,	Delta[s](14) = 0.00073335,	Delta[s](15) = 0.00097407;	Delta[d](0) = 0.0196706,	Delta[d](1) = 0.061934,	
	Delta[d](2) = 0.124918,	Delta[d](3) = 0.061934,	Delta[d](4) = 0.061934,	Delta[d](5) = 0.0790337,	Delta[d](6) = 0.158481,	
	Delta[d](7) = 0.0790337,	Delta[d](8) = 0.124918,	Delta[d](9) = 0.158481,	Delta[d](10) = 0.274996,	Delta[d](11) = 0.158481,	
	Delta[d](12) = 0.061934,	Delta[d](13) = 0.0790337,	Delta[d](14) = 0.158481,	Delta[d](15) = 0.0790337;	Delta[s+](0) = 0.219444,	
	Delta[s+](1) = 0.150825,	Delta[s+](2) = 0.124918,	Delta[s+](3) = 0.150825,	Delta[s+](4) = 0.150825,	Delta[s+](5) = 0.0115809,	
	Delta[s+](6) = 0.0227825,	Delta[s+](7) = 0.0115809,	Delta[s+](8) = 0.124918,	Delta[s+](9) = 0.0227825,	Delta[s+](10) = 0.00489754,	
	Delta[s+](11) = 0.0227825,	Delta[s+](12) = 0.150825,	Delta[s+](13) = 0.0115809,	Delta[s+](14) = 0.0227825,	Delta[s+](15) = 0.0115809
	
The 0-th iteration is completed.	|| time cost : 0h 0m 4.921s
********************************************************************************************************************
Start the 1 rounds of NGS-ED iteration
	effective electronic model is modified as: kinetic energy t = 0.962735, t' = -0.28703
	                                           effective interaction Vq = [     -1.8,-0.349766,-0.213156,-0.349766,-0.349766,-0.334908,-0.229786,-0.334908,-0.213156,-0.229786, -0.18641,-0.229786,-0.349766,-0.334908,-0.229786,-0.334908]
	PARPACK diagonalization completed after 30 matrix-vector product operations.
	iteration results: : total energy is -22.096254 | electron energy -22.197795 + phonon energy 0.101541 | electron momentum kIdx = 10
The 1-th iteration is completed.	|| time cost : 0h 0m 3.437s
********************************************************************************************************************
Start the 2 rounds of NGS-ED iteration
	effective electronic model is modified as: kinetic energy t = 0.962415, t' = -0.286819
	                                           effective interaction Vq = [     -1.8,-0.356988,-0.210328,-0.356988,-0.356988,-0.343062, -0.22625,-0.343062,-0.210328, -0.22625,-0.181038, -0.22625,-0.356988,-0.343062, -0.22625,-0.343062]
	PARPACK diagonalization completed after 30 matrix-vector product operations.
	iteration results: : total energy is -22.096413 | electron energy -22.200763 + phonon energy 0.104350 | electron momentum kIdx = 10
The 2-th iteration is completed.	|| time cost : 0h 0m 0.803s
********************************************************************************************************************
Start the 3 rounds of NGS-ED iteration
	effective electronic model is modified as: kinetic energy t = 0.962386, t' = -0.286802
	                                           effective interaction Vq = [     -1.8, -0.35746,-0.210161, -0.35746, -0.35746,-0.343888, -0.22586,-0.343888,-0.210161, -0.22586,-0.180674, -0.22586, -0.35746,-0.343888, -0.22586,-0.343888]
	PARPACK diagonalization completed after 30 matrix-vector product operations.
	iteration results: : total energy is -22.096414 | electron energy -22.200998 + phonon energy 0.104584 | electron momentum kIdx = 10
The 3-th iteration is completed.	|| time cost : 0h 0m 0.8s
********************************************************************************************************************
Start the 4 rounds of NGS-ED iteration
	effective electronic model is modified as: kinetic energy t = 0.962383, t' = -0.286801
	                                           effective interaction Vq = [     -1.8,-0.357487, -0.21015,-0.357487,-0.357487,-0.343976, -0.22582,-0.343976, -0.21015, -0.22582,-0.180646, -0.22582,-0.357487,-0.343976, -0.22582,-0.343976]
	PARPACK diagonalization completed after 30 matrix-vector product operations.
	iteration results: : total energy is -22.096414 | electron energy -22.201021 + phonon energy 0.104607 | electron momentum kIdx = 10
The 4-th iteration is completed.	|| time cost : 0h 0m 0.789s
********************************************************************************************************************
Start the 5 rounds of NGS-ED iteration
	effective electronic model is modified as: kinetic energy t = 0.962383, t' = -0.286801
	                                           effective interaction Vq = [     -1.8,-0.357488, -0.21015,-0.357488,-0.357488,-0.343986,-0.225816,-0.343986, -0.21015,-0.225816,-0.180644,-0.225816,-0.357488,-0.343986,-0.225816,-0.343986]
	PARPACK diagonalization completed after 30 matrix-vector product operations.
	iteration results: : total energy is -22.096414 | electron energy -22.201023 + phonon energy 0.104609 | electron momentum kIdx = 10
The 5-th iteration is completed.	|| time cost : 0h 0m 0.799s
********************************************************************************************************************
Start the 6 rounds of NGS-ED iteration
	effective electronic model is modified as: kinetic energy t = 0.962383, t' = -0.286801
	                                           effective interaction Vq = [     -1.8,-0.357488, -0.21015,-0.357488,-0.357488,-0.343987,-0.225816,-0.343987, -0.21015,-0.225816,-0.180644,-0.225816,-0.357488,-0.343987,-0.225816,-0.343987]
	PARPACK diagonalization completed after 30 matrix-vector product operations.
	iteration results: : total energy is -22.096414 | electron energy -22.201023 + phonon energy 0.104610 | electron momentum kIdx = 10
The 6-th iteration is completed.	|| time cost : 0h 0m 0.798s
********************************************************************************************************************
Start the 7 rounds of NGS-ED iteration
	effective electronic model is modified as: kinetic energy t = 0.962383, t' = -0.286801
	                                           effective interaction Vq = [     -1.8,-0.357488, -0.21015,-0.357488,-0.357488,-0.343987,-0.225816,-0.343987, -0.21015,-0.225816,-0.180644,-0.225816,-0.357488,-0.343987,-0.225816,-0.343987]
	PARPACK diagonalization completed after 30 matrix-vector product operations.
	iteration results: : total energy is -22.096414 | electron energy -22.201023 + phonon energy 0.104610 | electron momentum kIdx = 10
	Nq(0) = 4,	Nq(1) = 0.194334,	Nq(2) = 0.232241,	Nq(3) = 0.194334,	Nq(4) = 0.194334,	Nq(5) = 0.310771,	
	Nq(6) = 0.329043,	Nq(7) = 0.310771,	Nq(8) = 0.232241,	Nq(9) = 0.329043,	Nq(10) = 0.355674,	
	Nq(11) = 0.329043,	Nq(12) = 0.194334,	Nq(13) = 0.310771,	Nq(14) = 0.329043,	Nq(15) = 0.310771;	
	Sq(0) = 3.35463e-18,	Sq(1) = 0.389032,	Sq(2) = 0.400033,	Sq(3) = 0.389032,	Sq(4) = 0.389032,	
	Sq(5) = 0.661683,	Sq(6) = 0.574184,	Sq(7) = 0.661683,	Sq(8) = 0.400033,	Sq(9) = 0.574184,	
	Sq(10) = 0.543591,	Sq(11) = 0.574184,	Sq(12) = 0.389032,	Sq(13) = 0.661683,	Sq(14) = 0.574184,	
	Sq(15) = 0.661683;	N(0) = 1.76292,	N(1) = 0.991745,	N(2) = 0.974018,	N(3) = 0.991745,	
	N(4) = 0.991745,	N(5) = 0.0607873,	N(6) = 0.0181887,	N(7) = 0.0607873,	N(8) = 0.974018,	
	N(9) = 0.0181887,	N(10) = 0.00616442,	N(11) = 0.0181887,	N(12) = 0.991745,	N(13) = 0.0607873,	
	N(14) = 0.0181887,	N(15) = 0.0607873;	Delta[s](0) = 0.0130998,	Delta[s](1) = 0.00996135,	Delta[s](2) = 0.00882841,	
	Delta[s](3) = 0.00996135,	Delta[s](4) = 0.00996135,	Delta[s](5) = 0.00103821,	Delta[s](6) = 0.000780285,	Delta[s](7) = 0.00103821,	
	Delta[s](8) = 0.00882841,	Delta[s](9) = 0.000780285,	Delta[s](10) = 0.000497231,	Delta[s](11) = 0.000780285,	Delta[s](12) = 0.00996135,	
	Delta[s](13) = 0.00103821,	Delta[s](14) = 0.000780285,	Delta[s](15) = 0.00103821;	Delta[d](0) = 0.0191313,	Delta[d](1) = 0.0619679,	
	Delta[d](2) = 0.125923,	Delta[d](3) = 0.0619679,	Delta[d](4) = 0.0619679,	Delta[d](5) = 0.0791555,	Delta[d](6) = 0.159288,	
	Delta[d](7) = 0.0791555,	Delta[d](8) = 0.125923,	Delta[d](9) = 0.159288,	Delta[d](10) = 0.275558,	Delta[d](11) = 0.159288,	
	Delta[d](12) = 0.0619679,	Delta[d](13) = 0.0791555,	Delta[d](14) = 0.159288,	Delta[d](15) = 0.0791555;	Delta[s+](0) = 0.223127,	
	Delta[s+](1) = 0.153457,	Delta[s+](2) = 0.125923,	Delta[s+](3) = 0.153457,	Delta[s+](4) = 0.153457,	Delta[s+](5) = 0.0113745,	
	Delta[s+](6) = 0.0227277,	Delta[s+](7) = 0.0113745,	Delta[s+](8) = 0.125923,	Delta[s+](9) = 0.0227277,	Delta[s+](10) = 0.00494373,	
	Delta[s+](11) = 0.0227277,	Delta[s+](12) = 0.153457,	Delta[s+](13) = 0.0113745,	Delta[s+](14) = 0.0227277,	Delta[s+](15) = 0.0113745
	
The 7-th iteration is completed.	|| time cost : 0h 0m 3s
********************************************************************************************************************
********************************************************************************************************************
Ground state is obtained after 8 iterations. The current ground-state energy is -22.0964, in which electron energy is -22.201 and phonon energy is 0.10461
Final variational state is: 
	Gamma_x = [      1,1.38062,1.26403,1.38062,1.38062,1.62701,1.42158,1.62701,1.26403,1.42158,1.36053,1.42158,1.38062,1.62701,1.42158,1.62701]
	lambda_q = [       3,0.314379,0.180558,0.314379,0.314379, 0.30184,0.194484, 0.30184,0.180558,0.194484,0.154516,0.194484,0.314379, 0.30184,0.194484, 0.30184]
Effective e-e interactions mediated by phonons are:
	momentum-space Vq = [     -1.8,-0.357488, -0.21015,-0.357488,-0.357488,-0.343987,-0.225816,-0.343987, -0.21015,-0.225816,-0.180644,-0.225816,-0.357488,-0.343987,-0.225816,-0.343987]
	real-space Vr = [ -0.381881, -0.117669,-0.0640622, -0.117669, -0.117669,-0.0975215,-0.0847508,-0.0975215,-0.0640622,-0.0847508,-0.0902298,-0.0847508, -0.117669,-0.0975215,-0.0847508,-0.0975215]
********************************************************************************************************************
o___o  ----------------------------------------
| L |	Time since last clock: 0h 0m 0.003s
A===A	Time since the beginning: 0h 0m 15.355s
***********************************************


Non-Gaussina ED ground state calculation is completed. The final ground-state energy is -22.0964
********************************************************************************************************************
o___o  ----------------------------------------
| L |	Time since last clock: 0h 0m 0.002s
A===A	Time since the beginning: 0h 0m 15.357s
***********************************************



********************************************************************************************************************
All non-Gaussian ED ground state calculations have been completed. Exit now.
