SNEDics v3.4 Non-Gaussian ED ground state program		Start at Thu Sep 26 01:18:26 2019

parallized on 16 MPI threads  * 8 OpenMP threads = 128 total threads.
********************************************************************************************************************
********************************************************************************************************************

********************************************************************************************************************
System parameters and configurations
********************************************************************************************************************
Special program options are enabled: splitted diagonal Hamiltonian
********************************************************************************************************************
Read input file "model_params.in"
	Hubbard-Holstein model parameters : 	t = 1    U = 2.3    g = 2.7386    W = 5    
********************************************************************************************************************
Read input file "hilbertspace_params.in"
	Requested 16-site 2D lattice, with 14 electrons (7, 7)
	Boundary : Periodic		Hilbert space representation : momentum-space (restricted to kIdx = 0)
	Conservation: particle number[U(1)]      spin[U(1)]     momentum
********************************************************************************************************************

Cluster Positions:				Cluster symmetry group : D4
 x ... x ... x ... x .....                       x ... x ... x ... x .....
 |           |           :                       |           |           :
 |           |           :                       |           |           :
12    13    14    15     x                       1     5     6     5     x
 |           |           :                       |           |           :
 |           |           :                       |           |           :
 8 --- 9 ---10 ---11 --- x                       2 --- 6 ---10 --- 6 --- x
 |           |           :                       |           |           :
 |           |           :                       |           |           :
 4     5     6     7     x                       1     5     6     5     x
 |           |           :                       |           |           :
 |           |           :                       |           |           :
 0 --- 1 --- 2 --- 3 --- x                       0 --- 1 --- 2 --- 1 --- x
orbital number : 1
********************************************************************************************************************
Read input file "obs_params.in"
	Observable Type : Nq(All),   Sq(All),   N(All),   Delta[s](All),   Delta[d](All),   Delta[s+](All)
********************************************************************************************************************
** WARNING ** the input observables have non-local factors which have been reinterpreted. The total observable number is 96
********************************************************************************************************************


********************************************************************************************************************
Start calculating the non-Gaussian ED ground state
** WARNING ** Detected low phonon energy W < 10. The initial state will be prepared through a warm-up process.
********************************************************************************************************************
Start warm-up calculation for scaling factor 2
open output files: NGSEDWarmUpW10Obs.txt
********************************************************************************************************************
Start the 0 rounds of NGS-ED iteration
	effective electronic model is modified as: kinetic energy t = 1
	                                           effective interaction Vq = [-0,-0,-0,-0,-0,-0,-0,-0,-0,-0,-0,-0,-0,-0,-0,-0]
	first Hamiltonian is constructed, non-zero numbers = 2178478298
	PARPACK diagonalization completed after 180 matrix-vector product operations.
	iteration results: : total energy is -18.574458 | electron energy -18.574458 + phonon energy 0.000000 | electron momentum kIdx = 0
	Nq(0) = 12.25,	Nq(1) = 0.268145,	Nq(2) = 0.320959,	Nq(3) = 0.268145,	Nq(4) = 0.268145,	Nq(5) = 0.389907,	Nq(6) = 0.459646,	Nq(7) = 0.389907,	Nq(8) = 0.320959,	Nq(9) = 0.459646,	Nq(10) = 0.511329,	Nq(11) = 0.459646,	Nq(12) = 0.268145,	Nq(13) = 0.389907,	Nq(14) = 0.459646,	Nq(15) = 0.389907,	Sq(0) = 2.90531e-18,	Sq(1) = 0.435425,	Sq(2) = 0.632361,	Sq(3) = 0.435425,	Sq(4) = 0.435425,	Sq(5) = 0.563336,	Sq(6) = 0.760191,	Sq(7) = 0.563336,	Sq(8) = 0.632361,	Sq(9) = 0.760191,	Sq(10) = 1.82543,	Sq(11) = 0.760191,	Sq(12) = 0.435425,	Sq(13) = 0.563336,	Sq(14) = 0.760191,	Sq(15) = 0.563336,	N(0) = 1.97025,	N(1) = 1.94303,	N(2) = 0.0426086,	N(3) = 1.94303,	N(4) = 1.94303,	N(5) = 0.998173,	N(6) = 0.0404081,	N(7) = 0.998173,	N(8) = 0.0426086,	N(9) = 0.0404081,	N(10) = 0.0180905,	N(11) = 0.0404081,	N(12) = 1.94303,	N(13) = 0.998173,	N(14) = 0.0404081,	N(15) = 0.998173,	Delta[s](0) = 0.207234,	Delta[s](1) = 0.162642,	Delta[s](2) = 0.103407,	Delta[s](3) = 0.162642,	Delta[s](4) = 0.162642,	Delta[s](5) = 0.131171,	Delta[s](6) = 0.0821335,	Delta[s](7) = 0.131171,	Delta[s](8) = 0.103407,	Delta[s](9) = 0.0821335,	Delta[s](10) = 0.0191896,	Delta[s](11) = 0.0821335,	Delta[s](12) = 0.162642,	Delta[s](13) = 0.131171,	Delta[s](14) = 0.0821335,	Delta[s](15) = 0.131171,	Delta[d](0) = 0.238929,	Delta[d](1) = 0.135367,	Delta[d](2) = 0.151811,	Delta[d](3) = 0.135367,	Delta[d](4) = 0.135367,	Delta[d](5) = 0.137233,	Delta[d](6) = 0.0883203,	Delta[d](7) = 0.137233,	Delta[d](8) = 0.151811,	Delta[d](9) = 0.0883203,	Delta[d](10) = 0.017285,	Delta[d](11) = 0.0883203,	Delta[d](12) = 0.135367,	Delta[d](13) = 0.137233,	Delta[d](14) = 0.0883203,	Delta[d](15) = 0.137233,	Delta[s+](0) = 0.543719,	Delta[s+](1) = 0.405434,	Delta[s+](2) = 0.151811,	Delta[s+](3) = 0.405434,	Delta[s+](4) = 0.405434,	Delta[s+](5) = 0.271941,	Delta[s+](6) = 0.0861049,	Delta[s+](7) = 0.271941,	Delta[s+](8) = 0.151811,	Delta[s+](9) = 0.0861049,	Delta[s+](10) = 0.0122723,	Delta[s+](11) = 0.0861049,	Delta[s+](12) = 0.405434,	Delta[s+](13) = 0.271941,	Delta[s+](14) = 0.0861049,	Delta[s+](15) = 0.271941
The 0-th iteration is completed.	|| time cost : 0h 6m 27.993s
********************************************************************************************************************
Start the 1 rounds of NGS-ED iteration
	effective electronic model is modified as: kinetic energy t = 0.958059
	                                           effective interaction Vq = [-1.29698,-1.22114,-1.17103,-1.22114,-1.22114,-1.19324,-1.16571,-1.19324,-1.17103,-1.16571,-1.14059,-1.16571,-1.22114,-1.19324,-1.16571,-1.19324]
	PARPACK diagonalization completed after 150 matrix-vector product operations.
	iteration results: : total energy is -41.187760 | electron energy -41.189810 + phonon energy 0.002050 | electron momentum kIdx = 0
The 1-th iteration is completed.	|| time cost : 0h 6m 5.49s
********************************************************************************************************************
Start the 2 rounds of NGS-ED iteration
	effective electronic model is modified as: kinetic energy t = 0.926979
	                                           effective interaction Vq = [-1.47251,-1.41464,-1.39443,-1.41464,-1.41464,-1.40973,-1.35907,-1.40973,-1.39443,-1.35907,-1.31808,-1.35907,-1.41464,-1.40973,-1.35907,-1.40973]
	PARPACK diagonalization completed after 60 matrix-vector product operations.
	iteration results: : total energy is -44.435594 | electron energy -44.449421 + phonon energy 0.013827 | electron momentum kIdx = 0
The 2-th iteration is completed.	|| time cost : 0h 0m 27.585s
********************************************************************************************************************
Start the 3 rounds of NGS-ED iteration
	effective electronic model is modified as: kinetic energy t = 0.915592
	                                           effective interaction Vq = [-1.49627,-1.45365,-1.44666,-1.45365,-1.45365,-1.45149,-1.40197,-1.45149,-1.44666,-1.40197,-1.36072,-1.40197,-1.45365,-1.45149,-1.40197,-1.45149]
	PARPACK diagonalization completed after 45 matrix-vector product operations.
	iteration results: : total energy is -44.846146 | electron energy -44.869914 + phonon energy 0.023768 | electron momentum kIdx = 0
The 3-th iteration is completed.	|| time cost : 0h 0m 24.022s
********************************************************************************************************************
Start the 4 rounds of NGS-ED iteration
	effective electronic model is modified as: kinetic energy t = 0.911814
	                                           effective interaction Vq = [-1.49948,-1.46382,-1.46034,-1.46382,-1.46382,  -1.462,-1.41376,  -1.462,-1.46034,-1.41376,-1.37402,-1.41376,-1.46382,  -1.462,-1.41376,  -1.462]
	PARPACK diagonalization completed after 45 matrix-vector product operations.
	iteration results: : total energy is -44.898114 | electron energy -44.926365 + phonon energy 0.028250 | electron momentum kIdx = 0
The 4-th iteration is completed.	|| time cost : 0h 0m 24.261s
********************************************************************************************************************
Start the 5 rounds of NGS-ED iteration
	effective electronic model is modified as: kinetic energy t = 0.910584
	                                           effective interaction Vq = [-1.49992,-1.46687,-1.46442,-1.46687,-1.46687,-1.46503,-1.41732,-1.46503,-1.46442,-1.41732,-1.37868,-1.41732,-1.46687,-1.46503,-1.41732,-1.46503]
	PARPACK diagonalization completed after 45 matrix-vector product operations.
	iteration results: : total energy is -44.904760 | electron energy -44.934647 + phonon energy 0.029887 | electron momentum kIdx = 0
The 5-th iteration is completed.	|| time cost : 0h 0m 24.28s
********************************************************************************************************************
Start the 6 rounds of NGS-ED iteration
	effective electronic model is modified as: kinetic energy t = 0.910184
	                                           effective interaction Vq = [-1.49998,-1.46784,-1.46572,-1.46784,-1.46784,-1.46595,-1.41843,-1.46595,-1.46572,-1.41843, -1.3804,-1.41843,-1.46784,-1.46595,-1.41843,-1.46595]
	PARPACK diagonalization completed after 45 matrix-vector product operations.
	iteration results: : total energy is -44.905619 | electron energy -44.936062 + phonon energy 0.030442 | electron momentum kIdx = 0
The 6-th iteration is completed.	|| time cost : 0h 0m 24.003s
********************************************************************************************************************
Start the 7 rounds of NGS-ED iteration
	effective electronic model is modified as: kinetic energy t = 0.910053
	                                           effective interaction Vq = [-1.49998,-1.46816,-1.46614,-1.46816,-1.46816,-1.46623,-1.41878,-1.46623,-1.46614,-1.41878,-1.38106,-1.41878,-1.46816,-1.46623,-1.41878,-1.46623]
	PARPACK diagonalization completed after 45 matrix-vector product operations.
	iteration results: : total energy is -44.905732 | electron energy -44.936358 + phonon energy 0.030627 | electron momentum kIdx = 0
The 7-th iteration is completed.	|| time cost : 0h 0m 24.011s
********************************************************************************************************************
Start the 8 rounds of NGS-ED iteration
	effective electronic model is modified as: kinetic energy t = 0.91001
	                                           effective interaction Vq = [-1.49999,-1.46826,-1.46628,-1.46826,-1.46826,-1.46631,-1.41889,-1.46631,-1.46628,-1.41889,-1.38132,-1.41889,-1.46826,-1.46631,-1.41889,-1.46631]
	PARPACK diagonalization completed after 45 matrix-vector product operations.
	iteration results: : total energy is -44.905746 | electron energy -44.936434 + phonon energy 0.030688 | electron momentum kIdx = 0
	Nq(0) = 12.25,	Nq(1) = 0.394265,	Nq(2) = 0.750538,	Nq(3) = 0.394265,	Nq(4) = 0.394265,	Nq(5) = 0.750582,	Nq(6) = 0.650814,	Nq(7) = 0.750582,	Nq(8) = 0.750538,	Nq(9) = 0.650814,	Nq(10) = 0.668251,	Nq(11) = 0.650814,	Nq(12) = 0.394265,	Nq(13) = 0.750582,	Nq(14) = 0.650814,	Nq(15) = 0.750582,	Sq(0) = -6.86045e-19,	Sq(1) = 0.338861,	Sq(2) = 0.360643,	Sq(3) = 0.338861,	Sq(4) = 0.338861,	Sq(5) = 0.360643,	Sq(6) = 0.570848,	Sq(7) = 0.360643,	Sq(8) = 0.360643,	Sq(9) = 0.570848,	Sq(10) = 0.595339,	Sq(11) = 0.570848,	Sq(12) = 0.338861,	Sq(13) = 0.360643,	Sq(14) = 0.570848,	Sq(15) = 0.360643,	N(0) = 1.9982,	N(1) = 1.99516,	N(2) = 0.667724,	N(3) = 1.99516,	N(4) = 1.99516,	N(5) = 0.667623,	N(6) = 0.003452,	N(7) = 0.667623,	N(8) = 0.667724,	N(9) = 0.003452,	N(10) = 0.00141227,	N(11) = 0.003452,	N(12) = 1.99516,	N(13) = 0.667623,	N(14) = 0.003452,	N(15) = 0.667623,	Delta[s](0) = 0.682302,	Delta[s](1) = 0.256644,	Delta[s](2) = 0.196426,	Delta[s](3) = 0.256644,	Delta[s](4) = 0.256644,	Delta[s](5) = 0.196421,	Delta[s](6) = 0.163792,	Delta[s](7) = 0.196421,	Delta[s](8) = 0.196426,	Delta[s](9) = 0.163792,	Delta[s](10) = 0.258403,	Delta[s](11) = 0.163792,	Delta[s](12) = 0.256644,	Delta[s](13) = 0.196421,	Delta[s](14) = 0.163792,	Delta[s](15) = 0.196421,	Delta[d](0) = 0.291222,	Delta[d](1) = 0.210851,	Delta[d](2) = 0.208584,	Delta[d](3) = 0.210851,	Delta[d](4) = 0.210851,	Delta[d](5) = 0.18602,	Delta[d](6) = 0.158819,	Delta[d](7) = 0.18602,	Delta[d](8) = 0.208584,	Delta[d](9) = 0.158819,	Delta[d](10) = 0.0810489,	Delta[d](11) = 0.158819,	Delta[d](12) = 0.210851,	Delta[d](13) = 0.18602,	Delta[d](14) = 0.158819,	Delta[d](15) = 0.18602,	Delta[s+](0) = 0.46983,	Delta[s+](1) = 0.355655,	Delta[s+](2) = 0.208584,	Delta[s+](3) = 0.355655,	Delta[s+](4) = 0.355655,	Delta[s+](5) = 0.208573,	Delta[s+](6) = 0.0760368,	Delta[s+](7) = 0.208573,	Delta[s+](8) = 0.208584,	Delta[s+](9) = 0.0760368,	Delta[s+](10) = 0.0154164,	Delta[s+](11) = 0.0760368,	Delta[s+](12) = 0.355655,	Delta[s+](13) = 0.208573,	Delta[s+](14) = 0.0760368,	Delta[s+](15) = 0.208573
The 8-th iteration is completed.	|| time cost : 0h 3m 25.39s
********************************************************************************************************************
********************************************************************************************************************
Ground state is obtained after 9 iterations. The current ground-state energy is -44.9057, in which electron energy is -44.9364 and phonon energy is 0.0306876
final variational state is: 
	Gamma_x = [      1, 1.0148,1.02908, 1.0148, 1.0148,1.02908,1.03544,1.02908,1.02908,1.03544,1.04132,1.03544, 1.0148,1.02908,1.03544,1.02908]
	lambda_q = [0.387249,0.331003,0.329276,0.331003,0.331003,0.329286,0.297264,0.329286,0.329276,0.297264,0.278411,0.297264,0.331003,0.329286,0.297264,0.329286]
********************************************************************************************************************
o___o  ----------------------------------------
| L |	Time since last clock: 0h 0m 0s
A===A	Time since the beginning: 0h 18m 27.039s
***********************************************


********************************************************************************************************************
Warm up runs have been completed. Start calculating W = 5 phonon.
open output files: NGSEDIterationObs.txt
********************************************************************************************************************
Start the 0 rounds of NGS-ED iteration
	effective electronic model is modified as: kinetic energy t = 0.909996
	                                           effective interaction Vq = [-1.37123,-1.26516, -1.2614,-1.26516,-1.26516,-1.26142,-1.18635,-1.26142, -1.2614,-1.18635,-1.13735,-1.18635,-1.26516,-1.26142,-1.18635,-1.26142]
	PARPACK diagonalization completed after 60 matrix-vector product operations.
	iteration results: : total energy is -41.372234 | electron energy -41.387588 + phonon energy 0.015354 | electron momentum kIdx = 0
	Nq(0) = 12.25,	Nq(1) = 0.382533,	Nq(2) = 0.729405,	Nq(3) = 0.382533,	Nq(4) = 0.382533,	Nq(5) = 0.729466,	Nq(6) = 0.619536,	Nq(7) = 0.729466,	Nq(8) = 0.729405,	Nq(9) = 0.619536,	Nq(10) = 0.616319,	Nq(11) = 0.619536,	Nq(12) = 0.382533,	Nq(13) = 0.729466,	Nq(14) = 0.619536,	Nq(15) = 0.729466,	Sq(0) = 5.17947e-18,	Sq(1) = 0.364658,	Sq(2) = 0.372262,	Sq(3) = 0.364658,	Sq(4) = 0.364658,	Sq(5) = 0.372262,	Sq(6) = 0.609565,	Sq(7) = 0.372262,	Sq(8) = 0.372262,	Sq(9) = 0.609565,	Sq(10) = 0.61827,	Sq(11) = 0.609565,	Sq(12) = 0.364658,	Sq(13) = 0.372262,	Sq(14) = 0.609565,	Sq(15) = 0.372262,	N(0) = 1.99984,	N(1) = 1.99941,	N(2) = 0.666898,	N(3) = 1.99941,	N(4) = 1.99941,	N(5) = 0.666704,	N(6) = 0.00044679,	N(7) = 0.666704,	N(8) = 0.666898,	N(9) = 0.00044679,	N(10) = 0.000104221,	N(11) = 0.00044679,	N(12) = 1.99941,	N(13) = 0.666704,	N(14) = 0.00044679,	N(15) = 0.666704,	Delta[s](0) = 0.533863,	Delta[s](1) = 0.245242,	Delta[s](2) = 0.191309,	Delta[s](3) = 0.245242,	Delta[s](4) = 0.245242,	Delta[s](5) = 0.191301,	Delta[s](6) = 0.163014,	Delta[s](7) = 0.191301,	Delta[s](8) = 0.191309,	Delta[s](9) = 0.163014,	Delta[s](10) = 0.310924,	Delta[s](11) = 0.163014,	Delta[s](12) = 0.245242,	Delta[s](13) = 0.191301,	Delta[s](14) = 0.163014,	Delta[s](15) = 0.191301,	Delta[d](0) = 0.295143,	Delta[d](1) = 0.215163,	Delta[d](2) = 0.216192,	Delta[d](3) = 0.215163,	Delta[d](4) = 0.215163,	Delta[d](5) = 0.191354,	Delta[d](6) = 0.163104,	Delta[d](7) = 0.191354,	Delta[d](8) = 0.216192,	Delta[d](9) = 0.163104,	Delta[d](10) = 0.0873996,	Delta[d](11) = 0.163104,	Delta[d](12) = 0.215163,	Delta[d](13) = 0.191354,	Delta[d](14) = 0.163104,	Delta[d](15) = 0.191354,	Delta[s+](0) = 0.488278,	Delta[s+](1) = 0.368016,	Delta[s+](2) = 0.216192,	Delta[s+](3) = 0.368016,	Delta[s+](4) = 0.368016,	Delta[s+](5) = 0.21617,	Delta[s+](6) = 0.0812789,	Delta[s+](7) = 0.21617,	Delta[s+](8) = 0.216192,	Delta[s+](9) = 0.0812789,	Delta[s+](10) = 0.0180786,	Delta[s+](11) = 0.0812789,	Delta[s+](12) = 0.368016,	Delta[s+](13) = 0.21617,	Delta[s+](14) = 0.0812789,	Delta[s+](15) = 0.21617
The 0-th iteration is completed.	|| time cost : 0h 3m 23.089s
********************************************************************************************************************
Start the 1 rounds of NGS-ED iteration
	effective electronic model is modified as: kinetic energy t = 0.895116
	                                           effective interaction Vq = [-1.45262,-1.33994, -1.3371,-1.33994,-1.33994,-1.33711, -1.2418,-1.33711, -1.3371, -1.2418,-1.17219, -1.2418,-1.33994,-1.33711, -1.2418,-1.33711]
	PARPACK diagonalization completed after 45 matrix-vector product operations.
	iteration results: : total energy is -42.589062 | electron energy -42.636219 + phonon energy 0.047156 | electron momentum kIdx = 0
The 1-th iteration is completed.	|| time cost : 0h 0m 24.031s
********************************************************************************************************************
Start the 2 rounds of NGS-ED iteration
	effective electronic model is modified as: kinetic energy t = 0.886558
	                                           effective interaction Vq = [-1.48256,-1.37485,-1.37334,-1.37485,-1.37485,-1.37335,-1.26955,-1.37335,-1.37334,-1.26955,-1.19158,-1.26955,-1.37485,-1.37335,-1.26955,-1.37335]
	PARPACK diagonalization completed after 30 matrix-vector product operations.
	iteration results: : total energy is -43.023400 | electron energy -43.095302 + phonon energy 0.071902 | electron momentum kIdx = 0
The 2-th iteration is completed.	|| time cost : 0h 0m 20.41s
********************************************************************************************************************
Start the 3 rounds of NGS-ED iteration
	effective electronic model is modified as: kinetic energy t = 0.881768
	                                           effective interaction Vq = [-1.49358,-1.39214,-1.39156,-1.39214,-1.39214,-1.39157,-1.28385,-1.39157,-1.39156,-1.28385, -1.2022,-1.28385,-1.39214,-1.39157,-1.28385,-1.39157]
	PARPACK diagonalization completed after 30 matrix-vector product operations.
	iteration results: : total energy is -43.178918 | electron energy -43.266704 + phonon energy 0.087786 | electron momentum kIdx = 0
The 3-th iteration is completed.	|| time cost : 0h 0m 20.422s
********************************************************************************************************************
Start the 4 rounds of NGS-ED iteration
	effective electronic model is modified as: kinetic energy t = 0.87912
	                                           effective interaction Vq = [-1.49763,-1.40104,-1.40106,-1.40104,-1.40104,-1.40106,-1.29135,-1.40106,-1.40106,-1.29135,-1.20799,-1.29135,-1.40104,-1.40106,-1.29135,-1.40106]
	PARPACK diagonalization completed after 30 matrix-vector product operations.
	iteration results: : total energy is -43.234792 | electron energy -43.332028 + phonon energy 0.097236 | electron momentum kIdx = 0
The 4-th iteration is completed.	|| time cost : 0h 0m 20.658s
********************************************************************************************************************
Start the 5 rounds of NGS-ED iteration
	effective electronic model is modified as: kinetic energy t = 0.877665
	                                           effective interaction Vq = [-1.49912,-1.40575,-1.40611,-1.40575,-1.40575,-1.40612,-1.29533,-1.40612,-1.40611,-1.29533,-1.21114,-1.29533,-1.40575,-1.40612,-1.29533,-1.40612]
	PARPACK diagonalization completed after 30 matrix-vector product operations.
	iteration results: : total energy is -43.254934 | electron energy -43.357584 + phonon energy 0.102650 | electron momentum kIdx = 0
The 5-th iteration is completed.	|| time cost : 0h 0m 20.664s
********************************************************************************************************************
Start the 6 rounds of NGS-ED iteration
	effective electronic model is modified as: kinetic energy t = 0.876869
	                                           effective interaction Vq = [-1.49967,-1.40826,-1.40885,-1.40826,-1.40826,-1.40885,-1.29745,-1.40885,-1.40885,-1.29745,-1.21285,-1.29745,-1.40826,-1.40885,-1.29745,-1.40885]
	PARPACK diagonalization completed after 30 matrix-vector product operations.
	iteration results: : total energy is -43.262219 | electron energy -43.367906 + phonon energy 0.105688 | electron momentum kIdx = 0
The 6-th iteration is completed.	|| time cost : 0h 0m 20.361s
********************************************************************************************************************
Start the 7 rounds of NGS-ED iteration
	effective electronic model is modified as: kinetic energy t = 0.876434
	                                           effective interaction Vq = [-1.49987,-1.40962,-1.41033,-1.40962,-1.40962,-1.41033,-1.29858,-1.41033,-1.41033,-1.29858,-1.21377,-1.29858,-1.40962,-1.41033,-1.29858,-1.41033]
	PARPACK diagonalization completed after 30 matrix-vector product operations.
	iteration results: : total energy is -43.264860 | electron energy -43.372233 + phonon energy 0.107373 | electron momentum kIdx = 0
The 7-th iteration is completed.	|| time cost : 0h 0m 20.409s
********************************************************************************************************************
Start the 8 rounds of NGS-ED iteration
	effective electronic model is modified as: kinetic energy t = 0.876196
	                                           effective interaction Vq = [-1.49994,-1.41036,-1.41115,-1.41036,-1.41036,-1.41115,-1.29919,-1.41115,-1.41115,-1.29919,-1.21427,-1.29919,-1.41036,-1.41115,-1.29919,-1.41115]
	PARPACK diagonalization completed after 30 matrix-vector product operations.
	iteration results: : total energy is -43.265821 | electron energy -43.374122 + phonon energy 0.108301 | electron momentum kIdx = 0
The 8-th iteration is completed.	|| time cost : 0h 0m 20.386s
********************************************************************************************************************
Start the 9 rounds of NGS-ED iteration
	effective electronic model is modified as: kinetic energy t = 0.876066
	                                           effective interaction Vq = [-1.49997,-1.41076,-1.41159,-1.41076,-1.41076, -1.4116,-1.29951, -1.4116,-1.41159,-1.29951,-1.21455,-1.29951,-1.41076, -1.4116,-1.29951, -1.4116]
	PARPACK diagonalization completed after 30 matrix-vector product operations.
	iteration results: : total energy is -43.266171 | electron energy -43.374981 + phonon energy 0.108811 | electron momentum kIdx = 0
The 9-th iteration is completed.	|| time cost : 0h 0m 20.418s
********************************************************************************************************************
Start the 10 rounds of NGS-ED iteration
	effective electronic model is modified as: kinetic energy t = 0.875995
	                                           effective interaction Vq = [-1.49998,-1.41098,-1.41184,-1.41098,-1.41098,-1.41184,-1.29968,-1.41184,-1.41184,-1.29968,-1.21469,-1.29968,-1.41098,-1.41184,-1.29968,-1.41184]
	PARPACK diagonalization completed after 30 matrix-vector product operations.
	iteration results: : total energy is -43.266298 | electron energy -43.375388 + phonon energy 0.109090 | electron momentum kIdx = 0
	Nq(0) = 12.25,	Nq(1) = 0.390655,	Nq(2) = 0.755726,	Nq(3) = 0.390655,	Nq(4) = 0.390655,	Nq(5) = 0.755727,	Nq(6) = 0.626519,	Nq(7) = 0.755727,	Nq(8) = 0.755726,	Nq(9) = 0.626519,	Nq(10) = 0.619222,	Nq(11) = 0.626519,	Nq(12) = 0.390655,	Nq(13) = 0.755727,	Nq(14) = 0.626519,	Nq(15) = 0.755727,	Sq(0) = 4.22451e-19,	Sq(1) = 0.347982,	Sq(2) = 0.365808,	Sq(3) = 0.347982,	Sq(4) = 0.347982,	Sq(5) = 0.365808,	Sq(6) = 0.584216,	Sq(7) = 0.365808,	Sq(8) = 0.365808,	Sq(9) = 0.584216,	Sq(10) = 0.604081,	Sq(11) = 0.584216,	Sq(12) = 0.347982,	Sq(13) = 0.365808,	Sq(14) = 0.584216,	Sq(15) = 0.365808,	N(0) = 1.99895,	N(1) = 1.99675,	N(2) = 0.667269,	N(3) = 1.99675,	N(4) = 1.99675,	N(5) = 0.667268,	N(6) = 0.00242456,	N(7) = 0.667268,	N(8) = 0.667269,	N(9) = 0.00242456,	N(10) = 0.000738056,	N(11) = 0.00242456,	N(12) = 1.99675,	N(13) = 0.667268,	N(14) = 0.00242456,	N(15) = 0.667268,	Delta[s](0) = 0.546155,	Delta[s](1) = 0.251285,	Delta[s](2) = 0.200218,	Delta[s](3) = 0.251285,	Delta[s](4) = 0.251285,	Delta[s](5) = 0.200218,	Delta[s](6) = 0.172796,	Delta[s](7) = 0.200218,	Delta[s](8) = 0.200218,	Delta[s](9) = 0.172796,	Delta[s](10) = 0.292353,	Delta[s](11) = 0.172796,	Delta[s](12) = 0.251285,	Delta[s](13) = 0.200218,	Delta[s](14) = 0.172796,	Delta[s](15) = 0.200218,	Delta[d](0) = 0.299833,	Delta[d](1) = 0.221443,	Delta[d](2) = 0.22061,	Delta[d](3) = 0.221443,	Delta[d](4) = 0.221443,	Delta[d](5) = 0.19819,	Delta[d](6) = 0.170673,	Delta[d](7) = 0.19819,	Delta[d](8) = 0.22061,	Delta[d](9) = 0.170673,	Delta[d](10) = 0.0965439,	Delta[d](11) = 0.170673,	Delta[d](12) = 0.221443,	Delta[d](13) = 0.19819,	Delta[d](14) = 0.170673,	Delta[d](15) = 0.19819,	Delta[s+](0) = 0.488307,	Delta[s+](1) = 0.369526,	Delta[s+](2) = 0.22061,	Delta[s+](3) = 0.369526,	Delta[s+](4) = 0.369526,	Delta[s+](5) = 0.22061,	Delta[s+](6) = 0.0860977,	Delta[s+](7) = 0.22061,	Delta[s+](8) = 0.22061,	Delta[s+](9) = 0.0860977,	Delta[s+](10) = 0.0224407,	Delta[s+](11) = 0.0860977,	Delta[s+](12) = 0.369526,	Delta[s+](13) = 0.22061,	Delta[s+](14) = 0.0860977,	Delta[s+](15) = 0.22061
The 10-th iteration is completed.	|| time cost : 0h 3m 11.518s
********************************************************************************************************************
Start the 11 rounds of NGS-ED iteration
	effective electronic model is modified as: kinetic energy t = 0.875957
	                                           effective interaction Vq = [-1.49998, -1.4111,-1.41198, -1.4111, -1.4111,-1.41198,-1.29978,-1.41198,-1.41198,-1.29978,-1.21477,-1.29978, -1.4111,-1.41198,-1.29978,-1.41198]
	PARPACK diagonalization completed after 30 matrix-vector product operations.
	iteration results: : total energy is -43.266345 | electron energy -43.375587 + phonon energy 0.109242 | electron momentum kIdx = 0
The 11-th iteration is completed.	|| time cost : 0h 0m 20.643s
********************************************************************************************************************
Start the 12 rounds of NGS-ED iteration
	effective electronic model is modified as: kinetic energy t = 0.875935
	                                           effective interaction Vq = [-1.49999,-1.41117,-1.41205,-1.41117,-1.41117,-1.41205,-1.29983,-1.41205,-1.41205,-1.29983,-1.21481,-1.29983,-1.41117,-1.41205,-1.29983,-1.41205]
	PARPACK diagonalization completed after 30 matrix-vector product operations.
	iteration results: : total energy is -43.266362 | electron energy -43.375687 + phonon energy 0.109325 | electron momentum kIdx = 0
The 12-th iteration is completed.	|| time cost : 0h 0m 20.36s
********************************************************************************************************************
Start the 13 rounds of NGS-ED iteration
	effective electronic model is modified as: kinetic energy t = 0.875924
	                                           effective interaction Vq = [-1.49999, -1.4112,-1.41209, -1.4112, -1.4112,-1.41209,-1.29985,-1.41209,-1.41209,-1.29985,-1.21484,-1.29985, -1.4112,-1.41209,-1.29985,-1.41209]
	PARPACK diagonalization completed after 30 matrix-vector product operations.
	iteration results: : total energy is -43.266368 | electron energy -43.375739 + phonon energy 0.109371 | electron momentum kIdx = 0
The 13-th iteration is completed.	|| time cost : 0h 0m 20.604s
********************************************************************************************************************
Start the 14 rounds of NGS-ED iteration
	effective electronic model is modified as: kinetic energy t = 0.875918
	                                           effective interaction Vq = [-1.49999,-1.41122,-1.41211,-1.41122,-1.41122,-1.41211,-1.29987,-1.41211,-1.41211,-1.29987,-1.21485,-1.29987,-1.41122,-1.41211,-1.29987,-1.41211]
	PARPACK diagonalization completed after 30 matrix-vector product operations.
	iteration results: : total energy is -43.266371 | electron energy -43.375766 + phonon energy 0.109396 | electron momentum kIdx = 0
The 14-th iteration is completed.	|| time cost : 0h 0m 20.351s
********************************************************************************************************************
Start the 15 rounds of NGS-ED iteration
	effective electronic model is modified as: kinetic energy t = 0.875914
	                                           effective interaction Vq = [-1.49999,-1.41123,-1.41213,-1.41123,-1.41123,-1.41213,-1.29987,-1.41213,-1.41213,-1.29987,-1.21486,-1.29987,-1.41123,-1.41213,-1.29987,-1.41213]
	PARPACK diagonalization completed after 30 matrix-vector product operations.
	iteration results: : total energy is -43.266371 | electron energy -43.375781 + phonon energy 0.109409 | electron momentum kIdx = 0
The 15-th iteration is completed.	|| time cost : 0h 0m 20.65s
********************************************************************************************************************
Start the 16 rounds of NGS-ED iteration
	effective electronic model is modified as: kinetic energy t = 0.875912
	                                           effective interaction Vq = [-1.49999,-1.41124,-1.41213,-1.41124,-1.41124,-1.41213,-1.29988,-1.41213,-1.41213,-1.29988,-1.21486,-1.29988,-1.41124,-1.41213,-1.29988,-1.41213]
	PARPACK diagonalization completed after 30 matrix-vector product operations.
	iteration results: : total energy is -43.266372 | electron energy -43.375789 + phonon energy 0.109417 | electron momentum kIdx = 0
The 16-th iteration is completed.	|| time cost : 0h 0m 20.649s
********************************************************************************************************************
Start the 17 rounds of NGS-ED iteration
	effective electronic model is modified as: kinetic energy t = 0.875911
	                                           effective interaction Vq = [-1.49999,-1.41124,-1.41214,-1.41124,-1.41124,-1.41214,-1.29988,-1.41214,-1.41214,-1.29988,-1.21486,-1.29988,-1.41124,-1.41214,-1.29988,-1.41214]
	PARPACK diagonalization completed after 30 matrix-vector product operations.
	iteration results: : total energy is -43.266372 | electron energy -43.375793 + phonon energy 0.109421 | electron momentum kIdx = 0
The 17-th iteration is completed.	|| time cost : 0h 0m 20.399s
********************************************************************************************************************
Start the 18 rounds of NGS-ED iteration
	effective electronic model is modified as: kinetic energy t = 0.875911
	                                           effective interaction Vq = [-1.49999,-1.41124,-1.41214,-1.41124,-1.41124,-1.41214,-1.29988,-1.41214,-1.41214,-1.29988,-1.21486,-1.29988,-1.41124,-1.41214,-1.29988,-1.41214]
	PARPACK diagonalization completed after 30 matrix-vector product operations.
	iteration results: : total energy is -43.266372 | electron energy -43.375795 + phonon energy 0.109423 | electron momentum kIdx = 0
The 18-th iteration is completed.	|| time cost : 0h 0m 20.396s
********************************************************************************************************************
Start the 19 rounds of NGS-ED iteration
	effective electronic model is modified as: kinetic energy t = 0.87591
	                                           effective interaction Vq = [-1.49999,-1.41124,-1.41214,-1.41124,-1.41124,-1.41214,-1.29988,-1.41214,-1.41214,-1.29988,-1.21486,-1.29988,-1.41124,-1.41214,-1.29988,-1.41214]
	PARPACK diagonalization completed after 30 matrix-vector product operations.
	iteration results: : total energy is -43.266372 | electron energy -43.375796 + phonon energy 0.109424 | electron momentum kIdx = 0
The 19-th iteration is completed.	|| time cost : 0h 0m 20.438s
********************************************************************************************************************
Start the 20 rounds of NGS-ED iteration
	effective electronic model is modified as: kinetic energy t = 0.87591
	                                           effective interaction Vq = [-1.49999,-1.41124,-1.41214,-1.41124,-1.41124,-1.41214,-1.29988,-1.41214,-1.41214,-1.29988,-1.21486,-1.29988,-1.41124,-1.41214,-1.29988,-1.41214]
	PARPACK diagonalization completed after 30 matrix-vector product operations.
	iteration results: : total energy is -43.266372 | electron energy -43.375797 + phonon energy 0.109425 | electron momentum kIdx = 0
	Nq(0) = 12.25,	Nq(1) = 0.390669,	Nq(2) = 0.755786,	Nq(3) = 0.390669,	Nq(4) = 0.390669,	Nq(5) = 0.755786,	Nq(6) = 0.626528,	Nq(7) = 0.755786,	Nq(8) = 0.755786,	Nq(9) = 0.626528,	Nq(10) = 0.619232,	Nq(11) = 0.626528,	Nq(12) = 0.390669,	Nq(13) = 0.755786,	Nq(14) = 0.626528,	Nq(15) = 0.755786,	Sq(0) = 7.54144e-18,	Sq(1) = 0.347949,	Sq(2) = 0.365794,	Sq(3) = 0.347949,	Sq(4) = 0.347949,	Sq(5) = 0.365794,	Sq(6) = 0.584165,	Sq(7) = 0.365794,	Sq(8) = 0.365794,	Sq(9) = 0.584165,	Sq(10) = 0.60405,	Sq(11) = 0.584165,	Sq(12) = 0.347949,	Sq(13) = 0.365794,	Sq(14) = 0.584165,	Sq(15) = 0.365794,	N(0) = 1.99894,	N(1) = 1.99674,	N(2) = 0.66727,	N(3) = 1.99674,	N(4) = 1.99674,	N(5) = 0.66727,	N(6) = 0.00243051,	N(7) = 0.66727,	N(8) = 0.66727,	N(9) = 0.00243051,	N(10) = 0.000740002,	N(11) = 0.00243051,	N(12) = 1.99674,	N(13) = 0.66727,	N(14) = 0.00243051,	N(15) = 0.66727,	Delta[s](0) = 0.546162,	Delta[s](1) = 0.251297,	Delta[s](2) = 0.200238,	Delta[s](3) = 0.251297,	Delta[s](4) = 0.251297,	Delta[s](5) = 0.200238,	Delta[s](6) = 0.172818,	Delta[s](7) = 0.200238,	Delta[s](8) = 0.200238,	Delta[s](9) = 0.172818,	Delta[s](10) = 0.292316,	Delta[s](11) = 0.172818,	Delta[s](12) = 0.251297,	Delta[s](13) = 0.200238,	Delta[s](14) = 0.172818,	Delta[s](15) = 0.200238,	Delta[d](0) = 0.29988,	Delta[d](1) = 0.221485,	Delta[d](2) = 0.220649,	Delta[d](3) = 0.221485,	Delta[d](4) = 0.221485,	Delta[d](5) = 0.19823,	Delta[d](6) = 0.170712,	Delta[d](7) = 0.19823,	Delta[d](8) = 0.220649,	Delta[d](9) = 0.170712,	Delta[d](10) = 0.0965786,	Delta[d](11) = 0.170712,	Delta[d](12) = 0.221485,	Delta[d](13) = 0.19823,	Delta[d](14) = 0.170712,	Delta[d](15) = 0.19823,	Delta[s+](0) = 0.488368,	Delta[s+](1) = 0.369576,	Delta[s+](2) = 0.220649,	Delta[s+](3) = 0.369576,	Delta[s+](4) = 0.369576,	Delta[s+](5) = 0.220649,	Delta[s+](6) = 0.0861208,	Delta[s+](7) = 0.220649,	Delta[s+](8) = 0.220649,	Delta[s+](9) = 0.0861208,	Delta[s+](10) = 0.0224545,	Delta[s+](11) = 0.0861208,	Delta[s+](12) = 0.369576,	Delta[s+](13) = 0.220649,	Delta[s+](14) = 0.0861208,	Delta[s+](15) = 0.220649
The 20-th iteration is completed.	|| time cost : 0h 3m 13.26s
********************************************************************************************************************
Start the 21 rounds of NGS-ED iteration
	effective electronic model is modified as: kinetic energy t = 0.87591
	                                           effective interaction Vq = [-1.49999,-1.41124,-1.41214,-1.41124,-1.41124,-1.41214,-1.29988,-1.41214,-1.41214,-1.29988,-1.21486,-1.29988,-1.41124,-1.41214,-1.29988,-1.41214]
	PARPACK diagonalization completed after 30 matrix-vector product operations.
	iteration results: : total energy is -43.266372 | electron energy -43.375797 + phonon energy 0.109425 | electron momentum kIdx = 0
The 21-th iteration is completed.	|| time cost : 0h 0m 20.64s
********************************************************************************************************************
Start the 22 rounds of NGS-ED iteration
	effective electronic model is modified as: kinetic energy t = 0.87591
	                                           effective interaction Vq = [-1.49999,-1.41124,-1.41214,-1.41124,-1.41124,-1.41214,-1.29988,-1.41214,-1.41214,-1.29988,-1.21486,-1.29988,-1.41124,-1.41214,-1.29988,-1.41214]
	PARPACK diagonalization completed after 30 matrix-vector product operations.
	iteration results: : total energy is -43.266372 | electron energy -43.375797 + phonon energy 0.109426 | electron momentum kIdx = 0
The 22-th iteration is completed.	|| time cost : 0h 0m 20.38s
********************************************************************************************************************
Start the 23 rounds of NGS-ED iteration
	effective electronic model is modified as: kinetic energy t = 0.87591
	                                           effective interaction Vq = [-1.49999,-1.41124,-1.41214,-1.41124,-1.41124,-1.41214,-1.29988,-1.41214,-1.41214,-1.29988,-1.21486,-1.29988,-1.41124,-1.41214,-1.29988,-1.41214]
	PARPACK diagonalization completed after 30 matrix-vector product operations.
	iteration results: : total energy is -43.266372 | electron energy -43.375798 + phonon energy 0.109426 | electron momentum kIdx = 0
The 23-th iteration is completed.	|| time cost : 0h 0m 20.414s
********************************************************************************************************************
Start the 24 rounds of NGS-ED iteration
	effective electronic model is modified as: kinetic energy t = 0.87591
	                                           effective interaction Vq = [-1.49999,-1.41124,-1.41214,-1.41124,-1.41124,-1.41214,-1.29988,-1.41214,-1.41214,-1.29988,-1.21486,-1.29988,-1.41124,-1.41214,-1.29988,-1.41214]
	PARPACK diagonalization completed after 30 matrix-vector product operations.
	iteration results: : total energy is -43.266372 | electron energy -43.375798 + phonon energy 0.109426 | electron momentum kIdx = 0
