SNEDics v3.21.4 Non-Gaussian ED ground state program		Start at Sun Jul 25 23:49:31 2021

parallized on 32 MPI threads  * 8 OpenMP threads = 256 total threads.
********************************************************************************************************************
********************************************************************************************************************

********************************************************************************************************************
System parameters and configurations
	special program options are enabled: splitted diagonal Hamiltonian | splitted Hamiltonian terms
********************************************************************************************************************
Read input file "model_params.in"
	Hubbard-Holstein model parameters : 	t = 1    U = 8    g = 0.01    W = 0.2    g' = 0.04    
********************************************************************************************************************
Read input file "hilbertspace_params.in"
	Requested 16-site 2D lattice, with 14 electrons (7, 7)
	Boundary : Periodic		Hilbert space representation : momentum-space (restricted to kIdx = 0)
	Conservation: particle number[U(1)]      spin[U(1)]     momentum
********************************************************************************************************************

Cluster Positions:				Cluster symmetry group : D4
 x ... x ... x ... x .....                       x ... x ... x ... x .....
 |           |           :                       |           |           :
 |           |           :                       |           |           :
12    13    14    15     x                       1     5     6     5     x
 |           |           :                       |           |           :
 |           |           :                       |           |           :
 8 --- 9 ---10 ---11 --- x                       2 --- 6 ---10 --- 6 --- x
 |           |           :                       |           |           :
 |           |           :                       |           |           :
 4     5     6     7     x                       1     5     6     5     x
 |           |           :                       |           |           :
 |           |           :                       |           |           :
 0 --- 1 --- 2 --- 3 --- x                       0 --- 1 --- 2 --- 1 --- x
orbital number : 1
********************************************************************************************************************
Read input file "obs_params.in"
	Observable Type : Nq(All),   Sq(All),   N(All),   Delta[s](All),   Delta[d](All),   Delta[s+](All)
** WARNING ** the input observables have non-local factors which have been reinterpreted. The total observable number is 96
********************************************************************************************************************


********************************************************************************************************************
Start calculating the non-Gaussian ED ground state
Maximal iteration number is 1000; energy resolution is 1e-06. Phonon state relaxation time is 2000
W = 0.2 is relatively large. The non-Gaussian ED calculation starts directly.
open output files: NGSED_iteration_obserbles.txt
********************************************************************************************************************
Start the 0 rounds of NGS-ED iteration
	effective electronic model is modified as: kinetic energy t = 1
	                                           effective interaction Vq = [0,0,0,0,0,0,0,0,0,0,0,0,0,0,0,0]
	first Hamiltonian is constructed, size = 8179600 and non-zero numbers = 2178478298
	PARPACK diagonalization completed after 180 matrix-vector product operations.
	iteration results: : total energy is -11.868836 | electron energy -11.868836 + phonon energy 0.000000 | electron momentum kIdx = 0
	Nq(0) = 12.25,	Nq(1) = 0.154193,	Nq(2) = 0.185311,	Nq(3) = 0.154193,	Nq(4) = 0.154193,	Nq(5) = 0.203281,	
	Nq(6) = 0.235634,	Nq(7) = 0.203281,	Nq(8) = 0.185311,	Nq(9) = 0.235634,	Nq(10) = 0.275446,	
	Nq(11) = 0.235634,	Nq(12) = 0.154193,	Nq(13) = 0.203281,	Nq(14) = 0.235634,	Nq(15) = 0.203281;	
	Sq(0) = -1.83137e-18,	Sq(1) = 0.474292,	Sq(2) = 0.766364,	Sq(3) = 0.474292,	Sq(4) = 0.474292,	
	Sq(5) = 0.630724,	Sq(6) = 1.05279,	Sq(7) = 0.630724,	Sq(8) = 0.766364,	Sq(9) = 1.05279,	
	Sq(10) = 2.56755,	Sq(11) = 1.05279,	Sq(12) = 0.474292,	Sq(13) = 0.630724,	Sq(14) = 1.05279,	
	Sq(15) = 0.630724;	N(0) = 1.75464,	N(1) = 1.59086,	N(2) = 0.323321,	N(3) = 1.59086,	
	N(4) = 1.59086,	N(5) = 0.999881,	N(6) = 0.267546,	N(7) = 0.999881,	N(8) = 0.323321,	
	N(9) = 0.267546,	N(10) = 0.165565,	N(11) = 0.267546,	N(12) = 1.59086,	N(13) = 0.999881,	
	N(14) = 0.267546,	N(15) = 0.999881;	Delta[s](0) = 0.0793787,	Delta[s](1) = 0.0592803,	Delta[s](2) = 0.0353915,	
	Delta[s](3) = 0.0592803,	Delta[s](4) = 0.0592803,	Delta[s](5) = 0.0423076,	Delta[s](6) = 0.0194279,	Delta[s](7) = 0.0423076,	
	Delta[s](8) = 0.0353915,	Delta[s](9) = 0.0194279,	Delta[s](10) = 2.54088e-05,	Delta[s](11) = 0.0194279,	Delta[s](12) = 0.0592803,	
	Delta[s](13) = 0.0423076,	Delta[s](14) = 0.0194279,	Delta[s](15) = 0.0423076;	Delta[d](0) = 0.330779,	Delta[d](1) = 0.227164,	
	Delta[d](2) = 0.238993,	Delta[d](3) = 0.227164,	Delta[d](4) = 0.227164,	Delta[d](5) = 0.21132,	Delta[d](6) = 0.158482,	
	Delta[d](7) = 0.21132,	Delta[d](8) = 0.238993,	Delta[d](9) = 0.158482,	Delta[d](10) = 0.0638599,	Delta[d](11) = 0.158482,	
	Delta[d](12) = 0.227164,	Delta[d](13) = 0.21132,	Delta[d](14) = 0.158482,	Delta[d](15) = 0.21132;	Delta[s+](0) = 0.670731,	
	Delta[s+](1) = 0.499396,	Delta[s+](2) = 0.238993,	Delta[s+](3) = 0.499396,	Delta[s+](4) = 0.499396,	Delta[s+](5) = 0.348966,	
	Delta[s+](6) = 0.1509,	Delta[s+](7) = 0.348966,	Delta[s+](8) = 0.238993,	Delta[s+](9) = 0.1509,	Delta[s+](10) = 0.0456328,	
	Delta[s+](11) = 0.1509,	Delta[s+](12) = 0.499396,	Delta[s+](13) = 0.348966,	Delta[s+](14) = 0.1509,	Delta[s+](15) = 0.348966
	
The 0-th iteration is completed.	|| time cost : 0h 4m 39.833s
********************************************************************************************************************
Start the 1 rounds of NGS-ED iteration
	effective electronic model is modified as: kinetic energy t = 0.999838
	                                           effective interaction Vq = [     -0.1445, -0.00434912,-3.32506e-05, -0.00434912, -0.00434912,-3.62975e-05, -0.00139395,-3.62975e-05,-3.32506e-05, -0.00139395, -0.00567479, -0.00139395, -0.00434912,-3.62975e-05, -0.00139395,-3.62975e-05]
	PARPACK diagonalization completed after 45 matrix-vector product operations.
	iteration results: : total energy is -13.641814 | electron energy -13.641820 + phonon energy 0.000006 | electron momentum kIdx = 0
The 1-th iteration is completed.	|| time cost : 0h 2m 53.655s
********************************************************************************************************************
Start the 2 rounds of NGS-ED iteration
	effective electronic model is modified as: kinetic energy t = 0.999838
	                                           effective interaction Vq = [     -0.1445, -0.00435012,-3.32474e-05, -0.00435012, -0.00435012,-3.62933e-05, -0.00139399,-3.62933e-05,-3.32474e-05, -0.00139399, -0.00567679, -0.00139399, -0.00435012,-3.62933e-05, -0.00139399,-3.62933e-05]
	PARPACK diagonalization completed after 30 matrix-vector product operations.
	iteration results: : total energy is -13.641814 | electron energy -13.641820 + phonon energy 0.000006 | electron momentum kIdx = 0
The 2-th iteration is completed.	|| time cost : 0h 0m 20.659s
********************************************************************************************************************
Start the 3 rounds of NGS-ED iteration
	effective electronic model is modified as: kinetic energy t = 0.999838
	                                           effective interaction Vq = [     -0.1445, -0.00435012,-3.32474e-05, -0.00435012, -0.00435012,-3.62933e-05, -0.00139399,-3.62933e-05,-3.32474e-05, -0.00139399, -0.00567679, -0.00139399, -0.00435012,-3.62933e-05, -0.00139399,-3.62933e-05]
	PARPACK diagonalization completed after 30 matrix-vector product operations.
	iteration results: : total energy is -13.641814 | electron energy -13.641820 + phonon energy 0.000006 | electron momentum kIdx = 0
	Nq(0) = 12.25,	Nq(1) = 0.154249,	Nq(2) = 0.185314,	Nq(3) = 0.154249,	Nq(4) = 0.154249,	Nq(5) = 0.20328,	
	Nq(6) = 0.235669,	Nq(7) = 0.20328,	Nq(8) = 0.185314,	Nq(9) = 0.235669,	Nq(10) = 0.275577,	
	Nq(11) = 0.235669,	Nq(12) = 0.154249,	Nq(13) = 0.20328,	Nq(14) = 0.235669,	Nq(15) = 0.20328;	
	Sq(0) = 8.44409e-18,	Sq(1) = 0.474253,	Sq(2) = 0.766324,	Sq(3) = 0.474253,	Sq(4) = 0.474253,	
	Sq(5) = 0.630688,	Sq(6) = 1.0528,	Sq(7) = 0.630688,	Sq(8) = 0.766324,	Sq(9) = 1.0528,	
	Sq(10) = 2.56738,	Sq(11) = 1.0528,	Sq(12) = 0.474253,	Sq(13) = 0.630688,	Sq(14) = 1.0528,	
	Sq(15) = 0.630688;	N(0) = 1.75471,	N(1) = 1.59097,	N(2) = 0.323288,	N(3) = 1.59097,	
	N(4) = 1.59097,	N(5) = 0.99986,	N(6) = 0.267464,	N(7) = 0.99986,	N(8) = 0.323288,	
	N(9) = 0.267464,	N(10) = 0.165522,	N(11) = 0.267464,	N(12) = 1.59097,	N(13) = 0.99986,	
	N(14) = 0.267464,	N(15) = 0.99986;	Delta[s](0) = 0.0794086,	Delta[s](1) = 0.059303,	Delta[s](2) = 0.0354057,	
	Delta[s](3) = 0.059303,	Delta[s](4) = 0.059303,	Delta[s](5) = 0.0423245,	Delta[s](6) = 0.019436,	Delta[s](7) = 0.0423245,	
	Delta[s](8) = 0.0354057,	Delta[s](9) = 0.019436,	Delta[s](10) = 2.54332e-05,	Delta[s](11) = 0.019436,	Delta[s](12) = 0.059303,	
	Delta[s](13) = 0.0423245,	Delta[s](14) = 0.019436,	Delta[s](15) = 0.0423245;	Delta[d](0) = 0.330873,	Delta[d](1) = 0.227163,	
	Delta[d](2) = 0.238985,	Delta[d](3) = 0.227163,	Delta[d](4) = 0.227163,	Delta[d](5) = 0.211317,	Delta[d](6) = 0.158468,	
	Delta[d](7) = 0.211317,	Delta[d](8) = 0.238985,	Delta[d](9) = 0.158468,	Delta[d](10) = 0.0638607,	Delta[d](11) = 0.158468,	
	Delta[d](12) = 0.227163,	Delta[d](13) = 0.211317,	Delta[d](14) = 0.158468,	Delta[d](15) = 0.211317;	Delta[s+](0) = 0.670732,	
	Delta[s+](1) = 0.499397,	Delta[s+](2) = 0.238985,	Delta[s+](3) = 0.499397,	Delta[s+](4) = 0.499397,	Delta[s+](5) = 0.34896,	
	Delta[s+](6) = 0.150889,	Delta[s+](7) = 0.34896,	Delta[s+](8) = 0.238985,	Delta[s+](9) = 0.150889,	Delta[s+](10) = 0.0456241,	
	Delta[s+](11) = 0.150889,	Delta[s+](12) = 0.499397,	Delta[s+](13) = 0.34896,	Delta[s+](14) = 0.150889,	Delta[s+](15) = 0.34896
	
The 3-th iteration is completed.	|| time cost : 0h 3m 4.357s
********************************************************************************************************************
********************************************************************************************************************
Ground state is obtained after 4 iterations. The current ground-state energy is -13.6418, in which electron energy is -13.6418 and phonon energy is 5.6299e-06
Final variational state is: 
	Gamma_x = [      1,1.00327,1.00003,1.00327,1.00327,1.00004,1.00162,1.00004,1.00003,1.00162,1.00775,1.00162,1.00327,1.00004,1.00162,1.00004]
	lambda_q = [      0.85, 0.0248537,0.00169096, 0.0248537, 0.0248537,0.00184885,-0.0101029,0.00184885,0.00169096,-0.0101029,-0.0191676,-0.0101029, 0.0248537,0.00184885,-0.0101029,0.00184885]
Effective e-e interactions mediated by phonons are:
	momentum-space Vq = [     -0.1445, -0.00435012,-3.32474e-05, -0.00435012, -0.00435012,-3.62933e-05, -0.00139399,-3.62933e-05,-3.32474e-05, -0.00139399, -0.00567679, -0.00139399, -0.00435012,-3.62933e-05, -0.00139399,-3.62933e-05]
	real-space Vr = [ -0.0108353,-0.00904597,-0.00938113,-0.00904597,-0.00904597,-0.00938189,-0.00830693,-0.00938189,-0.00938113,-0.00830693,-0.00796325,-0.00830693,-0.00904597,-0.00938189,-0.00830693,-0.00938189]
********************************************************************************************************************
o___o  ----------------------------------------
| L |	Time since last clock: 0h 0m 0.011s
A===A	Time since the beginning: 0h 10m 58.517s
***********************************************


Non-Gaussina ED ground state calculation is completed. The final ground-state energy is -13.6418
********************************************************************************************************************
o___o  ----------------------------------------
| L |	Time since last clock: 0h 0m 0.007s
A===A	Time since the beginning: 0h 10m 58.524s
***********************************************



********************************************************************************************************************
All non-Gaussian ED ground state calculations have been completed. Exit now.
