SNEDics v3.22.2 Non-Gaussian ED ground state program		Start at Sun Feb  6 11:27:42 2022

Parallelization: 32 MPI threads  * 8 OpenMP threads = 256 total threads.
********************************************************************************************************************
********************************************************************************************************************

********************************************************************************************************************
System parameters and configurations
	special program options are enabled: splitted diagonal Hamiltonian | splitted Hamiltonian terms
********************************************************************************************************************
Read input file "model_params.in"
	Hubbard-Holstein model parameters : 	t = 1    t' = -0.2    U = 8    g = 0.25    W = 0.2    
********************************************************************************************************************
Read input file "hilbertspace_params.in"
	Requested 16-site 2D lattice, with 8 electrons (4, 4)
	Boundary : Periodic		Hilbert space representation : momentum-space (restricted to kIdx = 0)
	Conservation: particle number[U(1)]      spin[U(1)]     momentum
********************************************************************************************************************

Cluster Positions:				Cluster symmetry group : D4
 x ... x ... x ... x .....                       x ... x ... x ... x .....
 |           |           :                       |           |           :
 |           |           :                       |           |           :
12    13    14    15     x                       1     5     6     5     x
 |           |           :                       |           |           :
 |           |           :                       |           |           :
 8 --- 9 ---10 ---11 --- x                       2 --- 6 ---10 --- 6 --- x
 |           |           :                       |           |           :
 |           |           :                       |           |           :
 4     5     6     7     x                       1     5     6     5     x
 |           |           :                       |           |           :
 |           |           :                       |           |           :
 0 --- 1 --- 2 --- 3 --- x                       0 --- 1 --- 2 --- 1 --- x
orbital number : 1
********************************************************************************************************************
Read input file "obs_params.in"
	Observable Type : Nq(All),   Sq(All),   N(All-Orbital),   Delta[s](All),   Delta[d](All),   Delta[s+](All)
** WARNING ** the input observables have non-local factors which have been reinterpreted. The total observable number is 96
********************************************************************************************************************


********************************************************************************************************************
Start calculating the non-Gaussian ED ground state
Maximal iteration number is 1000; energy resolution is 1e-06. Phonon state relaxation time is 2000
W = 0.2 is relatively large. The non-Gaussian ED calculation starts directly.
open output files: NGSED_iteration_observables.txt
********************************************************************************************************************
Start the 0 rounds of NGS-ED iteration
	effective electronic model is modified as: kinetic energy t = 1, t' = -0.2
	                                           effective interaction Vq = [0,0,0,0,0,0,0,0,0,0,0,0,0,0,0,0]
	first Hamiltonian is constructed, size = 207184 and non-zero numbers = 32252562
	PARPACK diagonalization completed after 90 matrix-vector product operations.
	iteration results: : total energy is -15.168777 | electron energy -15.168777 + phonon energy 0.000000 | electron momentum kIdx = 0
	Nq(0) = 4,	Nq(1) = 0.20523,	Nq(2) = 0.263122,	Nq(3) = 0.20523,	Nq(4) = 0.20523,	Nq(5) = 0.263625,	
	Nq(6) = 0.361995,	Nq(7) = 0.263625,	Nq(8) = 0.263122,	Nq(9) = 0.361995,	Nq(10) = 0.44622,	
	Nq(11) = 0.361995,	Nq(12) = 0.20523,	Nq(13) = 0.263625,	Nq(14) = 0.361995,	Nq(15) = 0.263625;	
	Sq(0) = 5.67426e-18,	Sq(1) = 0.444725,	Sq(2) = 0.345597,	Sq(3) = 0.444725,	Sq(4) = 0.444725,	
	Sq(5) = 0.567872,	Sq(6) = 0.6085,	Sq(7) = 0.567872,	Sq(8) = 0.345597,	Sq(9) = 0.6085,	
	Sq(10) = 0.528556,	Sq(11) = 0.6085,	Sq(12) = 0.444725,	Sq(13) = 0.567872,	Sq(14) = 0.6085,	
	Sq(15) = 0.567872;	N(0) = 1.77435,	N(1) = 1.35236,	N(2) = 0.139788,	N(3) = 1.35236,	
	N(4) = 1.35236,	N(5) = 0.0934138,	N(6) = 0.0369723,	N(7) = 0.0934138,	N(8) = 0.139788,	
	N(9) = 0.0369723,	N(10) = 0.0150942,	N(11) = 0.0369723,	N(12) = 1.35236,	N(13) = 0.0934138,	
	N(14) = 0.0369723,	N(15) = 0.0934138;	Delta[s](0) = 0.0302991,	Delta[s](1) = 0.0162614,	Delta[s](2) = 0.00970024,	
	Delta[s](3) = 0.0162614,	Delta[s](4) = 0.0162614,	Delta[s](5) = 0.00795048,	Delta[s](6) = 0.000310828,	Delta[s](7) = 0.00795048,	
	Delta[s](8) = 0.00970024,	Delta[s](9) = 0.000310828,	Delta[s](10) = 0.00014075,	Delta[s](11) = 0.000310828,	Delta[s](12) = 0.0162614,	
	Delta[s](13) = 0.00795048,	Delta[s](14) = 0.000310828,	Delta[s](15) = 0.00795048;	Delta[d](0) = 0.247371,	Delta[d](1) = 0.0597752,	
	Delta[d](2) = 0.0812455,	Delta[d](3) = 0.0597752,	Delta[d](4) = 0.0597752,	Delta[d](5) = 0.055891,	Delta[d](6) = 0.0168715,	
	Delta[d](7) = 0.055891,	Delta[d](8) = 0.0812455,	Delta[d](9) = 0.0168715,	Delta[d](10) = 0.00822852,	Delta[d](11) = 0.0168715,	
	Delta[d](12) = 0.0597752,	Delta[d](13) = 0.055891,	Delta[d](14) = 0.0168715,	Delta[d](15) = 0.055891;	Delta[s+](0) = 0.379569,	
	Delta[s+](1) = 0.212473,	Delta[s+](2) = 0.0812455,	Delta[s+](3) = 0.212473,	Delta[s+](4) = 0.212473,	Delta[s+](5) = 0.068479,	
	Delta[s+](6) = 0.00248424,	Delta[s+](7) = 0.068479,	Delta[s+](8) = 0.0812455,	Delta[s+](9) = 0.00248424,	Delta[s+](10) = 0.000444501,	
	Delta[s+](11) = 0.00248424,	Delta[s+](12) = 0.212473,	Delta[s+](13) = 0.068479,	Delta[s+](14) = 0.00248424,	Delta[s+](15) = 0.068479
	
The 0-th iteration is completed.	|| time cost : 0h 0m 4.781s
********************************************************************************************************************
Start the 1 rounds of NGS-ED iteration
	effective electronic model is modified as: kinetic energy t = 0.995637, t' = -0.198897
	                                           effective interaction Vq = [   -0.3125,-0.0501924,-0.0334665,-0.0501924,-0.0501924,-0.0311603,-0.0283318,-0.0311603,-0.0334665,-0.0283318,-0.0253221,-0.0283318,-0.0501924,-0.0311603,-0.0283318,-0.0311603]
	PARPACK diagonalization completed after 45 matrix-vector product operations.
	iteration results: : total energy is -16.491228 | electron energy -16.492869 + phonon energy 0.001641 | electron momentum kIdx = 0
The 1-th iteration is completed.	|| time cost : 0h 0m 3.475s
********************************************************************************************************************
Start the 2 rounds of NGS-ED iteration
	effective electronic model is modified as: kinetic energy t = 0.995632, t' = -0.198893
	                                           effective interaction Vq = [   -0.3125,-0.0503822,-0.0334802,-0.0503822,-0.0503822,-0.0311476,-0.0282998,-0.0311476,-0.0334802,-0.0282998, -0.025243,-0.0282998,-0.0503822,-0.0311476,-0.0282998,-0.0311476]
	PARPACK diagonalization completed after 30 matrix-vector product operations.
	iteration results: : total energy is -16.491229 | electron energy -16.492874 + phonon energy 0.001646 | electron momentum kIdx = 0
The 2-th iteration is completed.	|| time cost : 0h 0m 0.807s
********************************************************************************************************************
Start the 3 rounds of NGS-ED iteration
	effective electronic model is modified as: kinetic energy t = 0.995632, t' = -0.198893
	                                           effective interaction Vq = [   -0.3125,-0.0503841,-0.0334803,-0.0503841,-0.0503841,-0.0311475,-0.0282994,-0.0311475,-0.0334803,-0.0282994,-0.0252423,-0.0282994,-0.0503841,-0.0311475,-0.0282994,-0.0311475]
	PARPACK diagonalization completed after 30 matrix-vector product operations.
	iteration results: : total energy is -16.491229 | electron energy -16.492874 + phonon energy 0.001646 | electron momentum kIdx = 0
The 3-th iteration is completed.	|| time cost : 0h 0m 0.775s
********************************************************************************************************************
Start the 4 rounds of NGS-ED iteration
	effective electronic model is modified as: kinetic energy t = 0.995632, t' = -0.198893
	                                           effective interaction Vq = [   -0.3125,-0.0503841,-0.0334803,-0.0503841,-0.0503841,-0.0311475,-0.0282994,-0.0311475,-0.0334803,-0.0282994,-0.0252423,-0.0282994,-0.0503841,-0.0311475,-0.0282994,-0.0311475]
	PARPACK diagonalization completed after 30 matrix-vector product operations.
	iteration results: : total energy is -16.491229 | electron energy -16.492874 + phonon energy 0.001646 | electron momentum kIdx = 0
	Nq(0) = 4,	Nq(1) = 0.206121,	Nq(2) = 0.263326,	Nq(3) = 0.206121,	Nq(4) = 0.206121,	Nq(5) = 0.263647,	
	Nq(6) = 0.361782,	Nq(7) = 0.263647,	Nq(8) = 0.263326,	Nq(9) = 0.361782,	Nq(10) = 0.44514,	
	Nq(11) = 0.361782,	Nq(12) = 0.206121,	Nq(13) = 0.263647,	Nq(14) = 0.361782,	Nq(15) = 0.263647;	
	Sq(0) = -5.36464e-18,	Sq(1) = 0.444203,	Sq(2) = 0.345678,	Sq(3) = 0.444203,	Sq(4) = 0.444203,	
	Sq(5) = 0.567841,	Sq(6) = 0.608348,	Sq(7) = 0.567841,	Sq(8) = 0.345678,	Sq(9) = 0.608348,	
	Sq(10) = 0.529085,	Sq(11) = 0.608348,	Sq(12) = 0.444203,	Sq(13) = 0.567841,	Sq(14) = 0.608348,	
	Sq(15) = 0.567841;	N(0) = 1.7756,	N(1) = 1.3532,	N(2) = 0.138728,	N(3) = 1.3532,	
	N(4) = 1.3532,	N(5) = 0.09275,	N(6) = 0.0369943,	N(7) = 0.09275,	N(8) = 0.138728,	
	N(9) = 0.0369943,	N(10) = 0.015173,	N(11) = 0.0369943,	N(12) = 1.3532,	N(13) = 0.09275,	
	N(14) = 0.0369943,	N(15) = 0.09275;	Delta[s](0) = 0.0305242,	Delta[s](1) = 0.0163772,	Delta[s](2) = 0.00975594,	
	Delta[s](3) = 0.0163772,	Delta[s](4) = 0.0163772,	Delta[s](5) = 0.00801615,	Delta[s](6) = 0.000311392,	Delta[s](7) = 0.00801615,	
	Delta[s](8) = 0.00975594,	Delta[s](9) = 0.000311392,	Delta[s](10) = 0.000141124,	Delta[s](11) = 0.000311392,	Delta[s](12) = 0.0163772,	
	Delta[s](13) = 0.00801615,	Delta[s](14) = 0.000311392,	Delta[s](15) = 0.00801615;	Delta[d](0) = 0.248284,	Delta[d](1) = 0.0596747,	
	Delta[d](2) = 0.0812322,	Delta[d](3) = 0.0596747,	Delta[d](4) = 0.0596747,	Delta[d](5) = 0.0560466,	Delta[d](6) = 0.0167894,	
	Delta[d](7) = 0.0560466,	Delta[d](8) = 0.0812322,	Delta[d](9) = 0.0167894,	Delta[d](10) = 0.00823051,	Delta[d](11) = 0.0167894,	
	Delta[d](12) = 0.0596747,	Delta[d](13) = 0.0560466,	Delta[d](14) = 0.0167894,	Delta[d](15) = 0.0560466;	Delta[s+](0) = 0.380121,	
	Delta[s+](1) = 0.212814,	Delta[s+](2) = 0.0812322,	Delta[s+](3) = 0.212814,	Delta[s+](4) = 0.212814,	Delta[s+](5) = 0.0685567,	
	Delta[s+](6) = 0.00248546,	Delta[s+](7) = 0.0685567,	Delta[s+](8) = 0.0812322,	Delta[s+](9) = 0.00248546,	Delta[s+](10) = 0.000448723,	
	Delta[s+](11) = 0.00248546,	Delta[s+](12) = 0.212814,	Delta[s+](13) = 0.0685567,	Delta[s+](14) = 0.00248546,	Delta[s+](15) = 0.0685567
	
The 4-th iteration is completed.	|| time cost : 0h 0m 2.992s
********************************************************************************************************************
********************************************************************************************************************
Ground state is obtained after 5 iterations. The current ground-state energy is -16.4912, in which electron energy is -16.4929 and phonon energy is 0.00164594
Final variational state is: 
	Gamma_x = [      1,1.05088,1.04375,1.05088,1.05088,1.04078,1.05122,1.04078,1.04375,1.05122,1.05651,1.05122,1.05088,1.04078,1.05122,1.04078]
	lambda_q = [     1.25, 0.105194,0.0688571, 0.105194, 0.105194,0.0639299,0.0579418,0.0639299,0.0688571,0.0579418,0.0515474,0.0579418, 0.105194,0.0639299,0.0579418,0.0639299]
Effective e-e interactions mediated by phonons are:
	momentum-space Vq = [   -0.3125,-0.0503841,-0.0334803,-0.0503841,-0.0503841,-0.0311475,-0.0282994,-0.0311475,-0.0334803,-0.0282994,-0.0252423,-0.0282994,-0.0503841,-0.0311475,-0.0282994,-0.0311475]
	real-space Vr = [-0.0527517,-0.0207142, -0.017507,-0.0207142,-0.0207142,-0.0169239, -0.015193,-0.0169239, -0.017507, -0.015193,-0.0134099, -0.015193,-0.0207142,-0.0169239, -0.015193,-0.0169239]
********************************************************************************************************************
o___o  ----------------------------------------
| L |	Time since last clock: 0h 0m 0.011s
A===A	Time since the beginning: 0h 0m 12.844s
***********************************************


Non-Gaussina ED ground state calculation is completed. The final ground-state energy is -16.4912
********************************************************************************************************************
o___o  ----------------------------------------
| L |	Time since last clock: 0h 0m 0.002s
A===A	Time since the beginning: 0h 0m 12.846s
***********************************************



********************************************************************************************************************
All non-Gaussian ED ground state calculations have been completed. Exit now.
