SNEDics v3.4 Non-Gaussian ED ground state program		Start at Fri Sep 27 16:31:42 2019

parallized on 16 MPI threads  * 8 OpenMP threads = 128 total threads.
********************************************************************************************************************
********************************************************************************************************************

********************************************************************************************************************
System parameters and configurations
********************************************************************************************************************
Special program options are enabled: splitted diagonal Hamiltonian
********************************************************************************************************************
Read input file "model_params.in"
	Hubbard-Holstein model parameters : 	t = 1    U = 8    g = 3.873    W = 5    
********************************************************************************************************************
Read input file "hilbertspace_params.in"
	Requested 16-site 2D lattice, with 12 electrons (6, 6)
	Boundary : Periodic		Hilbert space representation : momentum-space (restricted to kIdx = 10)
	Conservation: particle number[U(1)]      spin[U(1)]     momentum
********************************************************************************************************************

Cluster Positions:				Cluster symmetry group : D4
 x ... x ... x ... x .....                       x ... x ... x ... x .....
 |           |           :                       |           |           :
 |           |           :                       |           |           :
12    13    14    15     x                       1     5     6     5     x
 |           |           :                       |           |           :
 |           |           :                       |           |           :
 8 --- 9 ---10 ---11 --- x                       2 --- 6 ---10 --- 6 --- x
 |           |           :                       |           |           :
 |           |           :                       |           |           :
 4     5     6     7     x                       1     5     6     5     x
 |           |           :                       |           |           :
 |           |           :                       |           |           :
 0 --- 1 --- 2 --- 3 --- x                       0 --- 1 --- 2 --- 1 --- x
orbital number : 1
********************************************************************************************************************
Read input file "obs_params.in"
	Observable Type : Nq(All),   Sq(All),   N(All),   Delta[s](All),   Delta[d](All),   Delta[s+](All)
********************************************************************************************************************
** WARNING ** the input observables have non-local factors which have been reinterpreted. The total observable number is 96
********************************************************************************************************************


********************************************************************************************************************
Start calculating the non-Gaussian ED ground state
** WARNING ** Detected low phonon energy W < 10. The initial state will be prepared through a warm-up process.
********************************************************************************************************************
Start warm-up calculation for scaling factor 2
open output files: NGSEDWarmUpW10Obs.txt
********************************************************************************************************************
Start the 0 rounds of NGS-ED iteration
	effective electronic model is modified as: kinetic energy t = 1
	                                           effective interaction Vq = [-0,-0,-0,-0,-0,-0,-0,-0,-0,-0,-0,-0,-0,-0,-0,-0]
	first Hamiltonian is constructed, non-zero numbers = 969134084
	PARPACK diagonalization completed after 150 matrix-vector product operations.
	iteration results: : total energy is -14.925310 | electron energy -14.925310 + phonon energy 0.000000 | electron momentum kIdx = 10
	Nq(0) = 9,	Nq(1) = 0.191675,	Nq(2) = 0.238629,	Nq(3) = 0.191675,	Nq(4) = 0.191675,	Nq(5) = 0.259295,	Nq(6) = 0.314107,	Nq(7) = 0.259295,	Nq(8) = 0.238629,	Nq(9) = 0.314107,	Nq(10) = 0.369338,	Nq(11) = 0.314107,	Nq(12) = 0.191675,	Nq(13) = 0.259295,	Nq(14) = 0.314107,	Nq(15) = 0.259295,	Sq(0) = -3.06892e-18,	Sq(1) = 0.554662,	Sq(2) = 0.921866,	Sq(3) = 0.554662,	Sq(4) = 0.554662,	Sq(5) = 0.548737,	Sq(6) = 1.01287,	Sq(7) = 0.548737,	Sq(8) = 0.921866,	Sq(9) = 1.01287,	Sq(10) = 0.784303,	Sq(11) = 1.01287,	Sq(12) = 0.554662,	Sq(13) = 0.548737,	Sq(14) = 1.01287,	Sq(15) = 0.548737,	N(0) = 1.76735,	N(1) = 1.6264,	N(2) = 0.275186,	N(3) = 1.6264,	N(4) = 1.6264,	N(5) = 0.626534,	N(6) = 0.144321,	N(7) = 0.626534,	N(8) = 0.275186,	N(9) = 0.144321,	N(10) = 0.0932732,	N(11) = 0.144321,	N(12) = 1.6264,	N(13) = 0.626534,	N(14) = 0.144321,	N(15) = 0.626534,	Delta[s](0) = 0.0553173,	Delta[s](1) = 0.0406529,	Delta[s](2) = 0.0266615,	Delta[s](3) = 0.0406529,	Delta[s](4) = 0.0406529,	Delta[s](5) = 0.0290219,	Delta[s](6) = 0.0145589,	Delta[s](7) = 0.0290219,	Delta[s](8) = 0.0266615,	Delta[s](9) = 0.0145589,	Delta[s](10) = 0.007875,	Delta[s](11) = 0.0145589,	Delta[s](12) = 0.0406529,	Delta[s](13) = 0.0290219,	Delta[s](14) = 0.0145589,	Delta[s](15) = 0.0290219,	Delta[d](0) = 0.194286,	Delta[d](1) = 0.134172,	Delta[d](2) = 0.165715,	Delta[d](3) = 0.134172,	Delta[d](4) = 0.134172,	Delta[d](5) = 0.123216,	Delta[d](6) = 0.0954906,	Delta[d](7) = 0.123216,	Delta[d](8) = 0.165715,	Delta[d](9) = 0.0954906,	Delta[d](10) = 0.0482402,	Delta[d](11) = 0.0954906,	Delta[d](12) = 0.134172,	Delta[d](13) = 0.123216,	Delta[d](14) = 0.0954906,	Delta[d](15) = 0.123216,	Delta[s+](0) = 0.513473,	Delta[s+](1) = 0.352227,	Delta[s+](2) = 0.165715,	Delta[s+](3) = 0.352227,	Delta[s+](4) = 0.352227,	Delta[s+](5) = 0.206992,	Delta[s+](6) = 0.0710571,	Delta[s+](7) = 0.206992,	Delta[s+](8) = 0.165715,	Delta[s+](9) = 0.0710571,	Delta[s+](10) = 0.0227942,	Delta[s+](11) = 0.0710571,	Delta[s+](12) = 0.352227,	Delta[s+](13) = 0.206992,	Delta[s+](14) = 0.0710571,	Delta[s+](15) = 0.206992
The 0-th iteration is completed.	|| time cost : 0h 3m 1.466s
********************************************************************************************************************
Start the 1 rounds of NGS-ED iteration
	effective electronic model is modified as: kinetic energy t = 0.92112
	                                           effective interaction Vq = [-2.59402,-2.42824, -2.3299,-2.42824,-2.42824,-2.35087,-2.29535,-2.35087, -2.3299,-2.29535,-2.25785,-2.29535,-2.42824,-2.35087,-2.29535,-2.35087]
	PARPACK diagonalization completed after 45 matrix-vector product operations.
	iteration results: : total energy is -47.054228 | electron energy -47.058869 + phonon energy 0.004641 | electron momentum kIdx = 10
The 1-th iteration is completed.	|| time cost : 0h 2m 31.942s
********************************************************************************************************************
Start the 2 rounds of NGS-ED iteration
	effective electronic model is modified as: kinetic energy t = 0.875273
	                                           effective interaction Vq = [-2.94508,-2.80015,-2.67246,-2.80015,-2.80015,-2.69964,-2.65506,-2.69964,-2.67246,-2.65506,-2.63476,-2.65506,-2.80015,-2.69964,-2.65506,-2.69964]
	PARPACK diagonalization completed after 30 matrix-vector product operations.
	iteration results: : total energy is -51.093641 | electron energy -51.127765 + phonon energy 0.034124 | electron momentum kIdx = 10
The 2-th iteration is completed.	|| time cost : 0h 0m 8.994s
********************************************************************************************************************
Start the 3 rounds of NGS-ED iteration
	effective electronic model is modified as: kinetic energy t = 0.859544
	                                           effective interaction Vq = [-2.99259,-2.88217, -2.7512,-2.88217,-2.88217,-2.78033,-2.74292,-2.78033, -2.7512,-2.74292,-2.73171,-2.74292,-2.88217,-2.78033,-2.74292,-2.78033]
	PARPACK diagonalization completed after 30 matrix-vector product operations.
	iteration results: : total energy is -51.614839 | electron energy -51.671945 + phonon energy 0.057106 | electron momentum kIdx = 10
The 3-th iteration is completed.	|| time cost : 0h 0m 9.043s
********************************************************************************************************************
Start the 4 rounds of NGS-ED iteration
	effective electronic model is modified as: kinetic energy t = 0.854474
	                                           effective interaction Vq = [-2.99902,-2.90449,-2.77283,-2.90449,-2.90449,-2.80273,-2.76818,-2.80273,-2.77283,-2.76818,-2.76073,-2.76818,-2.90449,-2.80273,-2.76818,-2.80273]
	PARPACK diagonalization completed after 30 matrix-vector product operations.
	iteration results: : total energy is -51.682395 | electron energy -51.749186 + phonon energy 0.066791 | electron momentum kIdx = 10
The 4-th iteration is completed.	|| time cost : 0h 0m 9.014s
********************************************************************************************************************
Start the 5 rounds of NGS-ED iteration
	effective electronic model is modified as: kinetic energy t = 0.852864
	                                           effective interaction Vq = [-2.99989,-2.91126,-2.77918,-2.91126,-2.91126,-2.80939,-2.77592,-2.80939,-2.77918,-2.77592,-2.76997,-2.77592,-2.91126,-2.80939,-2.77592,-2.80939]
	PARPACK diagonalization completed after 30 matrix-vector product operations.
	iteration results: : total energy is -51.691215 | electron energy -51.761385 + phonon energy 0.070170 | electron momentum kIdx = 10
The 5-th iteration is completed.	|| time cost : 0h 0m 9.039s
********************************************************************************************************************
Start the 6 rounds of NGS-ED iteration
	effective electronic model is modified as: kinetic energy t = 0.852353
	                                           effective interaction Vq = [-3.00001, -2.9134,-2.78108, -2.9134, -2.9134,-2.81142,-2.77834,-2.81142,-2.78108,-2.77834,-2.77298,-2.77834, -2.9134,-2.81142,-2.77834,-2.81142]
	PARPACK diagonalization completed after 30 matrix-vector product operations.
	iteration results: : total energy is -51.692376 | electron energy -51.763653 + phonon energy 0.071277 | electron momentum kIdx = 10
The 6-th iteration is completed.	|| time cost : 0h 0m 9.032s
********************************************************************************************************************
Start the 7 rounds of NGS-ED iteration
	effective electronic model is modified as: kinetic energy t = 0.852192
	                                           effective interaction Vq = [-3.00002,-2.91409,-2.78166,-2.91409,-2.91409,-2.81205,-2.77911,-2.81205,-2.78166,-2.77911,-2.77397,-2.77911,-2.91409,-2.81205,-2.77911,-2.81205]
	PARPACK diagonalization completed after 30 matrix-vector product operations.
	iteration results: : total energy is -51.692529 | electron energy -51.764162 + phonon energy 0.071633 | electron momentum kIdx = 10
The 7-th iteration is completed.	|| time cost : 0h 0m 8.998s
********************************************************************************************************************
Start the 8 rounds of NGS-ED iteration
	effective electronic model is modified as: kinetic energy t = 0.852141
	                                           effective interaction Vq = [-3.00003,-2.91431,-2.78183,-2.91431,-2.91431,-2.81224,-2.77935,-2.81224,-2.78183,-2.77935, -2.7743,-2.77935,-2.91431,-2.81224,-2.77935,-2.81224]
	PARPACK diagonalization completed after 30 matrix-vector product operations.
	iteration results: : total energy is -51.692550 | electron energy -51.764296 + phonon energy 0.071746 | electron momentum kIdx = 10
	Nq(0) = 9,	Nq(1) = 0.292148,	Nq(2) = 0.317569,	Nq(3) = 0.292148,	Nq(4) = 0.292148,	Nq(5) = 0.35079,	Nq(6) = 0.464495,	Nq(7) = 0.35079,	Nq(8) = 0.317569,	Nq(9) = 0.464495,	Nq(10) = 0.599862,	Nq(11) = 0.464495,	Nq(12) = 0.292148,	Nq(13) = 0.35079,	Nq(14) = 0.464495,	Nq(15) = 0.35079,	Sq(0) = -2.16676e-17,	Sq(1) = 0.462803,	Sq(2) = 0.776651,	Sq(3) = 0.462803,	Sq(4) = 0.462803,	Sq(5) = 0.500071,	Sq(6) = 0.800824,	Sq(7) = 0.500071,	Sq(8) = 0.776651,	Sq(9) = 0.800824,	Sq(10) = 0.727171,	Sq(11) = 0.800824,	Sq(12) = 0.462803,	Sq(13) = 0.500071,	Sq(14) = 0.800824,	Sq(15) = 0.500071,	N(0) = 1.95566,	N(1) = 1.92171,	N(2) = 0.0578828,	N(3) = 1.92171,	N(4) = 1.92171,	N(5) = 0.522521,	N(6) = 0.0332422,	N(7) = 0.522521,	N(8) = 0.0578828,	N(9) = 0.0332422,	N(10) = 0.0186675,	N(11) = 0.0332422,	N(12) = 1.92171,	N(13) = 0.522521,	N(14) = 0.0332422,	N(15) = 0.522521,	Delta[s](0) = 0.135771,	Delta[s](1) = 0.103312,	Delta[s](2) = 0.0811898,	Delta[s](3) = 0.103312,	Delta[s](4) = 0.103312,	Delta[s](5) = 0.0881894,	Delta[s](6) = 0.0572477,	Delta[s](7) = 0.0881894,	Delta[s](8) = 0.0811898,	Delta[s](9) = 0.0572477,	Delta[s](10) = 0.0392191,	Delta[s](11) = 0.0572477,	Delta[s](12) = 0.103312,	Delta[s](13) = 0.0881894,	Delta[s](14) = 0.0572477,	Delta[s](15) = 0.0881894,	Delta[d](0) = 0.216651,	Delta[d](1) = 0.119,	Delta[d](2) = 0.158009,	Delta[d](3) = 0.119,	Delta[d](4) = 0.119,	Delta[d](5) = 0.130074,	Delta[d](6) = 0.0746003,	Delta[d](7) = 0.130074,	Delta[d](8) = 0.158009,	Delta[d](9) = 0.0746003,	Delta[d](10) = 0.0342364,	Delta[d](11) = 0.0746003,	Delta[d](12) = 0.119,	Delta[d](13) = 0.130074,	Delta[d](14) = 0.0746003,	Delta[d](15) = 0.130074,	Delta[s+](0) = 0.527217,	Delta[s+](1) = 0.362279,	Delta[s+](2) = 0.158009,	Delta[s+](3) = 0.362279,	Delta[s+](4) = 0.362279,	Delta[s+](5) = 0.2089,	Delta[s+](6) = 0.0627898,	Delta[s+](7) = 0.2089,	Delta[s+](8) = 0.158009,	Delta[s+](9) = 0.0627898,	Delta[s+](10) = 0.0189644,	Delta[s+](11) = 0.0627898,	Delta[s+](12) = 0.362279,	Delta[s+](13) = 0.2089,	Delta[s+](14) = 0.0627898,	Delta[s+](15) = 0.2089
The 8-th iteration is completed.	|| time cost : 0h 1m 27.317s
********************************************************************************************************************
********************************************************************************************************************
Ground state is obtained after 9 iterations. The current ground-state energy is -51.6925, in which electron energy is -51.7643 and phonon energy is 0.0717461
final variational state is: 
	Gamma_x = [      1,1.02491,1.03823,1.02491,1.02491,1.04025,1.05659,1.04025,1.03823,1.05659,1.07418,1.05659,1.02491,1.04025,1.05659,1.04025]
	lambda_q = [0.547657,0.455183,0.400029,0.455183,0.455183,0.410711,0.399198,0.410711,0.400029,0.399198, 0.39752,0.399198,0.455183,0.410711,0.399198,0.410711]
********************************************************************************************************************
o___o  ----------------------------------------
| L |	Time since last clock: 0h 0m 0s
A===A	Time since the beginning: 0h 7m 54.85s
***********************************************


********************************************************************************************************************
Warm up runs have been completed. Start calculating W = 5 phonon.
open output files: NGSEDIterationObs.txt
********************************************************************************************************************
Start the 0 rounds of NGS-ED iteration
	effective electronic model is modified as: kinetic energy t = 0.852124
	                                           effective interaction Vq = [-2.74251,-2.48989,-2.29851,-2.48989,-2.48989,-2.33795,-2.29539,-2.33795,-2.29851,-2.29539,-2.28908,-2.29539,-2.48989,-2.33795,-2.29539,-2.33795]
	PARPACK diagonalization completed after 30 matrix-vector product operations.
	iteration results: : total energy is -46.883074 | electron energy -46.918965 + phonon energy 0.035891 | electron momentum kIdx = 10
	Nq(0) = 9,	Nq(1) = 0.26349,	Nq(2) = 0.294584,	Nq(3) = 0.26349,	Nq(4) = 0.26349,	Nq(5) = 0.322397,	Nq(6) = 0.416241,	Nq(7) = 0.322397,	Nq(8) = 0.294584,	Nq(9) = 0.416241,	Nq(10) = 0.523078,	Nq(11) = 0.416241,	Nq(12) = 0.26349,	Nq(13) = 0.322397,	Nq(14) = 0.416241,	Nq(15) = 0.322397,	Sq(0) = 2.52089e-17,	Sq(1) = 0.490465,	Sq(2) = 0.821296,	Sq(3) = 0.490465,	Sq(4) = 0.490465,	Sq(5) = 0.51584,	Sq(6) = 0.86406,	Sq(7) = 0.51584,	Sq(8) = 0.821296,	Sq(9) = 0.86406,	Sq(10) = 0.755187,	Sq(11) = 0.86406,	Sq(12) = 0.490465,	Sq(13) = 0.51584,	Sq(14) = 0.86406,	Sq(15) = 0.51584,	N(0) = 1.92009,	N(1) = 1.85918,	N(2) = 0.103621,	N(3) = 1.85918,	N(4) = 1.85918,	N(5) = 0.542457,	N(6) = 0.0579867,	N(7) = 0.542457,	N(8) = 0.103621,	N(9) = 0.0579867,	N(10) = 0.0341793,	N(11) = 0.0579867,	N(12) = 1.85918,	N(13) = 0.542457,	N(14) = 0.0579867,	N(15) = 0.542457,	Delta[s](0) = 0.105394,	Delta[s](1) = 0.0823897,	Delta[s](2) = 0.0647079,	Delta[s](3) = 0.0823897,	Delta[s](4) = 0.0823897,	Delta[s](5) = 0.0693597,	Delta[s](6) = 0.0462734,	Delta[s](7) = 0.0693597,	Delta[s](8) = 0.0647079,	Delta[s](9) = 0.0462734,	Delta[s](10) = 0.0334797,	Delta[s](11) = 0.0462734,	Delta[s](12) = 0.0823897,	Delta[s](13) = 0.0693597,	Delta[s](14) = 0.0462734,	Delta[s](15) = 0.0693597,	Delta[d](0) = 0.216937,	Delta[d](1) = 0.131473,	Delta[d](2) = 0.170374,	Delta[d](3) = 0.131473,	Delta[d](4) = 0.131473,	Delta[d](5) = 0.134949,	Delta[d](6) = 0.0880135,	Delta[d](7) = 0.134949,	Delta[d](8) = 0.170374,	Delta[d](9) = 0.0880135,	Delta[d](10) = 0.0432994,	Delta[d](11) = 0.0880135,	Delta[d](12) = 0.131473,	Delta[d](13) = 0.134949,	Delta[d](14) = 0.0880135,	Delta[d](15) = 0.134949,	Delta[s+](0) = 0.545526,	Delta[s+](1) = 0.375101,	Delta[s+](2) = 0.170374,	Delta[s+](3) = 0.375101,	Delta[s+](4) = 0.375101,	Delta[s+](5) = 0.2191,	Delta[s+](6) = 0.0720166,	Delta[s+](7) = 0.2191,	Delta[s+](8) = 0.170374,	Delta[s+](9) = 0.0720166,	Delta[s+](10) = 0.0241637,	Delta[s+](11) = 0.0720166,	Delta[s+](12) = 0.375101,	Delta[s+](13) = 0.2191,	Delta[s+](14) = 0.0720166,	Delta[s+](15) = 0.2191
The 0-th iteration is completed.	|| time cost : 0h 1m 31.951s
********************************************************************************************************************
Start the 1 rounds of NGS-ED iteration
	effective electronic model is modified as: kinetic energy t = 0.837216
	                                           effective interaction Vq = [-2.90529,-2.62715,-2.39402,-2.62715,-2.62715,-2.44216,-2.38064,-2.44216,-2.39402,-2.38064,-2.36481,-2.38064,-2.62715,-2.44216,-2.38064,-2.44216]
	PARPACK diagonalization completed after 30 matrix-vector product operations.
	iteration results: : total energy is -48.479875 | electron energy -48.576732 + phonon energy 0.096856 | electron momentum kIdx = 10
The 1-th iteration is completed.	|| time cost : 0h 0m 8.978s
********************************************************************************************************************
Start the 2 rounds of NGS-ED iteration
	effective electronic model is modified as: kinetic energy t = 0.828245
	                                           effective interaction Vq = [-2.96517, -2.6951,-2.44329, -2.6951, -2.6951,-2.49584,-2.42871,-2.49584,-2.44329,-2.42871,-2.41153,-2.42871, -2.6951,-2.49584,-2.42871,-2.49584]
	PARPACK diagonalization completed after 30 matrix-vector product operations.
	iteration results: : total energy is -49.058978 | electron energy -49.197093 + phonon energy 0.138116 | electron momentum kIdx = 10
The 2-th iteration is completed.	|| time cost : 0h 0m 9.027s
********************************************************************************************************************
Start the 3 rounds of NGS-ED iteration
	effective electronic model is modified as: kinetic energy t = 0.823083
	                                           effective interaction Vq = [ -2.9872,-2.73022,-2.46911,-2.73022,-2.73022,-2.52403,-2.45536,-2.52403,-2.46911,-2.45536,-2.43876,-2.45536,-2.73022,-2.52403,-2.45536,-2.52403]
	PARPACK diagonalization completed after 30 matrix-vector product operations.
	iteration results: : total energy is -49.269526 | electron energy -49.431971 + phonon energy 0.162445 | electron momentum kIdx = 10
The 3-th iteration is completed.	|| time cost : 0h 0m 9.111s
********************************************************************************************************************
Start the 4 rounds of NGS-ED iteration
	effective electronic model is modified as: kinetic energy t = 0.820177
	                                           effective interaction Vq = [-2.99531,-2.74891,-2.48277,-2.74891,-2.74891,-2.53901,-2.47007,-2.53901,-2.48277,-2.47007,-2.45433,-2.47007,-2.74891,-2.53901,-2.47007,-2.53901]
	PARPACK diagonalization completed after 30 matrix-vector product operations.
	iteration results: : total energy is -49.346216 | electron energy -49.522455 + phonon energy 0.176239 | electron momentum kIdx = 10
The 4-th iteration is completed.	|| time cost : 0h 0m 8.971s
********************************************************************************************************************
Start the 5 rounds of NGS-ED iteration
	effective electronic model is modified as: kinetic energy t = 0.818559
	                                           effective interaction Vq = [-2.99829,-2.75904,-2.49004,-2.75904,-2.75904,-2.54704,-2.47817,-2.54704,-2.49004,-2.47817,-2.46318,-2.47817,-2.75904,-2.54704,-2.47817,-2.54704]
	PARPACK diagonalization completed after 30 matrix-vector product operations.
	iteration results: : total energy is -49.374193 | electron energy -49.558137 + phonon energy 0.183944 | electron momentum kIdx = 10
The 5-th iteration is completed.	|| time cost : 0h 0m 9s
********************************************************************************************************************
Start the 6 rounds of NGS-ED iteration
	effective electronic model is modified as: kinetic energy t = 0.817664
	                                           effective interaction Vq = [-2.99939,-2.76458,-2.49392,-2.76458,-2.76458,-2.55135,-2.48264,-2.55135,-2.49392,-2.48264, -2.4682,-2.48264,-2.76458,-2.55135,-2.48264,-2.55135]
	PARPACK diagonalization completed after 30 matrix-vector product operations.
	iteration results: : total energy is -49.384413 | electron energy -49.572633 + phonon energy 0.188220 | electron momentum kIdx = 10
The 6-th iteration is completed.	|| time cost : 0h 0m 9.035s
********************************************************************************************************************
Start the 7 rounds of NGS-ED iteration
	effective electronic model is modified as: kinetic energy t = 0.817169
	                                           effective interaction Vq = [-2.99979,-2.76764,  -2.496,-2.76764,-2.76764,-2.55367, -2.4851,-2.55367,  -2.496, -2.4851,-2.47105, -2.4851,-2.76764,-2.55367, -2.4851,-2.55367]
	PARPACK diagonalization completed after 30 matrix-vector product operations.
	iteration results: : total energy is -49.388150 | electron energy -49.578736 + phonon energy 0.190586 | electron momentum kIdx = 10
The 7-th iteration is completed.	|| time cost : 0h 0m 8.978s
********************************************************************************************************************
Start the 8 rounds of NGS-ED iteration
	effective electronic model is modified as: kinetic energy t = 0.816897
	                                           effective interaction Vq = [-2.99994,-2.76933,-2.49711,-2.76933,-2.76933,-2.55492,-2.48646,-2.55492,-2.49711,-2.48646,-2.47267,-2.48646,-2.76933,-2.55492,-2.48646,-2.55492]
	PARPACK diagonalization completed after 30 matrix-vector product operations.
	iteration results: : total energy is -49.389519 | electron energy -49.581411 + phonon energy 0.191892 | electron momentum kIdx = 10
The 8-th iteration is completed.	|| time cost : 0h 0m 8.991s
********************************************************************************************************************
Start the 9 rounds of NGS-ED iteration
	effective electronic model is modified as: kinetic energy t = 0.816747
	                                           effective interaction Vq = [-2.99999,-2.77027,-2.49771,-2.77027,-2.77027,-2.55559,-2.48721,-2.55559,-2.49771,-2.48721,-2.47359,-2.48721,-2.77027,-2.55559,-2.48721,-2.55559]
	PARPACK diagonalization completed after 30 matrix-vector product operations.
	iteration results: : total energy is -49.390020 | electron energy -49.582633 + phonon energy 0.192613 | electron momentum kIdx = 10
The 9-th iteration is completed.	|| time cost : 0h 0m 8.99s
********************************************************************************************************************
Start the 10 rounds of NGS-ED iteration
	effective electronic model is modified as: kinetic energy t = 0.816664
	                                           effective interaction Vq = [-3.00001,-2.77078,-2.49803,-2.77078,-2.77078,-2.55595,-2.48762,-2.55595,-2.49803,-2.48762,-2.47411,-2.48762,-2.77078,-2.55595,-2.48762,-2.55595]
	PARPACK diagonalization completed after 30 matrix-vector product operations.
	iteration results: : total energy is -49.390204 | electron energy -49.583215 + phonon energy 0.193011 | electron momentum kIdx = 10
	Nq(0) = 9,	Nq(1) = 0.278713,	Nq(2) = 0.301056,	Nq(3) = 0.278713,	Nq(4) = 0.278713,	Nq(5) = 0.331089,	Nq(6) = 0.427766,	Nq(7) = 0.331089,	Nq(8) = 0.301056,	Nq(9) = 0.427766,	Nq(10) = 0.53986,	Nq(11) = 0.427766,	Nq(12) = 0.278713,	Nq(13) = 0.331089,	Nq(14) = 0.427766,	Nq(15) = 0.331089,	Sq(0) = -2.54863e-19,	Sq(1) = 0.480802,	Sq(2) = 0.806624,	Sq(3) = 0.480802,	Sq(4) = 0.480802,	Sq(5) = 0.511187,	Sq(6) = 0.844287,	Sq(7) = 0.511187,	Sq(8) = 0.806624,	Sq(9) = 0.844287,	Sq(10) = 0.749406,	Sq(11) = 0.844287,	Sq(12) = 0.480802,	Sq(13) = 0.511187,	Sq(14) = 0.844287,	Sq(15) = 0.511187,	N(0) = 1.93195,	N(1) = 1.88188,	N(2) = 0.0862959,	N(3) = 1.88188,	N(4) = 1.88188,	N(5) = 0.534486,	N(6) = 0.0500862,	N(7) = 0.534486,	N(8) = 0.0862959,	N(9) = 0.0500862,	N(10) = 0.0296586,	N(11) = 0.0500862,	N(12) = 1.88188,	N(13) = 0.534486,	N(14) = 0.0500862,	N(15) = 0.534486,	Delta[s](0) = 0.109638,	Delta[s](1) = 0.0870414,	Delta[s](2) = 0.0701302,	Delta[s](3) = 0.0870414,	Delta[s](4) = 0.0870414,	Delta[s](5) = 0.0747656,	Delta[s](6) = 0.0523727,	Delta[s](7) = 0.0747656,	Delta[s](8) = 0.0701302,	Delta[s](9) = 0.0523727,	Delta[s](10) = 0.0395045,	Delta[s](11) = 0.0523727,	Delta[s](12) = 0.0870414,	Delta[s](13) = 0.0747656,	Delta[s](14) = 0.0523727,	Delta[s](15) = 0.0747656,	Delta[d](0) = 0.22792,	Delta[d](1) = 0.139654,	Delta[d](2) = 0.179617,	Delta[d](3) = 0.139654,	Delta[d](4) = 0.139654,	Delta[d](5) = 0.144153,	Delta[d](6) = 0.0943726,	Delta[d](7) = 0.144153,	Delta[d](8) = 0.179617,	Delta[d](9) = 0.0943726,	Delta[d](10) = 0.0480266,	Delta[d](11) = 0.0943726,	Delta[d](12) = 0.139654,	Delta[d](13) = 0.144153,	Delta[d](14) = 0.0943726,	Delta[d](15) = 0.144153,	Delta[s+](0) = 0.56992,	Delta[s+](1) = 0.39272,	Delta[s+](2) = 0.179617,	Delta[s+](3) = 0.39272,	Delta[s+](4) = 0.39272,	Delta[s+](5) = 0.230577,	Delta[s+](6) = 0.0776558,	Delta[s+](7) = 0.230577,	Delta[s+](8) = 0.179617,	Delta[s+](9) = 0.0776558,	Delta[s+](10) = 0.027234,	Delta[s+](11) = 0.0776558,	Delta[s+](12) = 0.39272,	Delta[s+](13) = 0.230577,	Delta[s+](14) = 0.0776558,	Delta[s+](15) = 0.230577
The 10-th iteration is completed.	|| time cost : 0h 1m 27.587s
********************************************************************************************************************
Start the 11 rounds of NGS-ED iteration
	effective electronic model is modified as: kinetic energy t = 0.816619
	                                           effective interaction Vq = [-3.00002,-2.77107, -2.4982,-2.77107,-2.77107,-2.55615,-2.48785,-2.55615, -2.4982,-2.48785,-2.47441,-2.48785,-2.77107,-2.55615,-2.48785,-2.55615]
	PARPACK diagonalization completed after 30 matrix-vector product operations.
	iteration results: : total energy is -49.390271 | electron energy -49.583502 + phonon energy 0.193231 | electron momentum kIdx = 10
The 11-th iteration is completed.	|| time cost : 0h 0m 9.106s
********************************************************************************************************************
Start the 12 rounds of NGS-ED iteration
	effective electronic model is modified as: kinetic energy t = 0.816593
	                                           effective interaction Vq = [-3.00002,-2.77123, -2.4983,-2.77123,-2.77123,-2.55626,-2.48797,-2.55626, -2.4983,-2.48797,-2.47458,-2.48797,-2.77123,-2.55626,-2.48797,-2.55626]
	PARPACK diagonalization completed after 30 matrix-vector product operations.
	iteration results: : total energy is -49.390296 | electron energy -49.583648 + phonon energy 0.193352 | electron momentum kIdx = 10
The 12-th iteration is completed.	|| time cost : 0h 0m 8.984s
********************************************************************************************************************
Start the 13 rounds of NGS-ED iteration
	effective electronic model is modified as: kinetic energy t = 0.81658
	                                           effective interaction Vq = [-3.00003,-2.77132,-2.49835,-2.77132,-2.77132,-2.55631,-2.48804,-2.55631,-2.49835,-2.48804,-2.47467,-2.48804,-2.77132,-2.55631,-2.48804,-2.55631]
	PARPACK diagonalization completed after 30 matrix-vector product operations.
	iteration results: : total energy is -49.390305 | electron energy -49.583724 + phonon energy 0.193419 | electron momentum kIdx = 10
The 13-th iteration is completed.	|| time cost : 0h 0m 8.992s
********************************************************************************************************************
Start the 14 rounds of NGS-ED iteration
	effective electronic model is modified as: kinetic energy t = 0.816572
	                                           effective interaction Vq = [-3.00003,-2.77137,-2.49837,-2.77137,-2.77137,-2.55634,-2.48808,-2.55634,-2.49837,-2.48808,-2.47473,-2.48808,-2.77137,-2.55634,-2.48808,-2.55634]
	PARPACK diagonalization completed after 30 matrix-vector product operations.
	iteration results: : total energy is -49.390308 | electron energy -49.583764 + phonon energy 0.193456 | electron momentum kIdx = 10
The 14-th iteration is completed.	|| time cost : 0h 0m 9.022s
********************************************************************************************************************
Start the 15 rounds of NGS-ED iteration
	effective electronic model is modified as: kinetic energy t = 0.816568
	                                           effective interaction Vq = [-3.00003, -2.7714,-2.49839, -2.7714, -2.7714,-2.55636, -2.4881,-2.55636,-2.49839, -2.4881,-2.47476, -2.4881, -2.7714,-2.55636, -2.4881,-2.55636]
	PARPACK diagonalization completed after 30 matrix-vector product operations.
	iteration results: : total energy is -49.390310 | electron energy -49.583786 + phonon energy 0.193476 | electron momentum kIdx = 10
The 15-th iteration is completed.	|| time cost : 0h 0m 8.989s
********************************************************************************************************************
Start the 16 rounds of NGS-ED iteration
	effective electronic model is modified as: kinetic energy t = 0.816565
	                                           effective interaction Vq = [-3.00003,-2.77141, -2.4984,-2.77141,-2.77141,-2.55637,-2.48811,-2.55637, -2.4984,-2.48811,-2.47478,-2.48811,-2.77141,-2.55637,-2.48811,-2.55637]
	PARPACK diagonalization completed after 30 matrix-vector product operations.
	iteration results: : total energy is -49.390310 | electron energy -49.583797 + phonon energy 0.193487 | electron momentum kIdx = 10
The 16-th iteration is completed.	|| time cost : 0h 0m 8.989s
********************************************************************************************************************
Start the 17 rounds of NGS-ED iteration
	effective electronic model is modified as: kinetic energy t = 0.816564
	                                           effective interaction Vq = [-3.00003,-2.77142, -2.4984,-2.77142,-2.77142,-2.55637,-2.48812,-2.55637, -2.4984,-2.48812,-2.47479,-2.48812,-2.77142,-2.55637,-2.48812,-2.55637]
	PARPACK diagonalization completed after 30 matrix-vector product operations.
	iteration results: : total energy is -49.390310 | electron energy -49.583804 + phonon energy 0.193493 | electron momentum kIdx = 10
The 17-th iteration is completed.	|| time cost : 0h 0m 9.117s
********************************************************************************************************************
Start the 18 rounds of NGS-ED iteration
	effective electronic model is modified as: kinetic energy t = 0.816563
	                                           effective interaction Vq = [-3.00003,-2.77143, -2.4984,-2.77143,-2.77143,-2.55638,-2.48812,-2.55638, -2.4984,-2.48812,-2.47479,-2.48812,-2.77143,-2.55638,-2.48812,-2.55638]
	PARPACK diagonalization completed after 30 matrix-vector product operations.
	iteration results: : total energy is -49.390310 | electron energy -49.583807 + phonon energy 0.193497 | electron momentum kIdx = 10
The 18-th iteration is completed.	|| time cost : 0h 0m 9.078s
********************************************************************************************************************
Start the 19 rounds of NGS-ED iteration
	effective electronic model is modified as: kinetic energy t = 0.816563
	                                           effective interaction Vq = [-3.00003,-2.77143, -2.4984,-2.77143,-2.77143,-2.55638,-2.48813,-2.55638, -2.4984,-2.48813, -2.4748,-2.48813,-2.77143,-2.55638,-2.48813,-2.55638]
	PARPACK diagonalization completed after 30 matrix-vector product operations.
	iteration results: : total energy is -49.390310 | electron energy -49.583809 + phonon energy 0.193499 | electron momentum kIdx = 10
The 19-th iteration is completed.	|| time cost : 0h 0m 8.999s
********************************************************************************************************************
Start the 20 rounds of NGS-ED iteration
	effective electronic model is modified as: kinetic energy t = 0.816563
	                                           effective interaction Vq = [-3.00003,-2.77143, -2.4984,-2.77143,-2.77143,-2.55638,-2.48813,-2.55638, -2.4984,-2.48813, -2.4748,-2.48813,-2.77143,-2.55638,-2.48813,-2.55638]
	PARPACK diagonalization completed after 30 matrix-vector product operations.
	iteration results: : total energy is -49.390310 | electron energy -49.583810 + phonon energy 0.193500 | electron momentum kIdx = 10
	Nq(0) = 9,	Nq(1) = 0.27875,	Nq(2) = 0.301066,	Nq(3) = 0.27875,	Nq(4) = 0.27875,	Nq(5) = 0.331102,	Nq(6) = 0.427798,	Nq(7) = 0.331102,	Nq(8) = 0.301066,	Nq(9) = 0.427798,	Nq(10) = 0.539937,	Nq(11) = 0.427798,	Nq(12) = 0.27875,	Nq(13) = 0.331102,	Nq(14) = 0.427798,	Nq(15) = 0.331102,	Sq(0) = -2.01691e-17,	Sq(1) = 0.480776,	Sq(2) = 0.806591,	Sq(3) = 0.480776,	Sq(4) = 0.480776,	Sq(5) = 0.511175,	Sq(6) = 0.844237,	Sq(7) = 0.511175,	Sq(8) = 0.806591,	Sq(9) = 0.844237,	Sq(10) = 0.749395,	Sq(11) = 0.844237,	Sq(12) = 0.480776,	Sq(13) = 0.511175,	Sq(14) = 0.844237,	Sq(15) = 0.511175,	N(0) = 1.93198,	N(1) = 1.88193,	N(2) = 0.0862577,	N(3) = 1.88193,	N(4) = 1.88193,	N(5) = 0.534466,	N(6) = 0.0500673,	N(7) = 0.534466,	N(8) = 0.0862577,	N(9) = 0.0500673,	N(10) = 0.029647,	N(11) = 0.0500673,	N(12) = 1.88193,	N(13) = 0.534466,	N(14) = 0.0500673,	N(15) = 0.534466,	Delta[s](0) = 0.109647,	Delta[s](1) = 0.0870525,	Delta[s](2) = 0.0701437,	Delta[s](3) = 0.0870525,	Delta[s](4) = 0.0870525,	Delta[s](5) = 0.0747787,	Delta[s](6) = 0.0523886,	Delta[s](7) = 0.0747787,	Delta[s](8) = 0.0701437,	Delta[s](9) = 0.0523886,	Delta[s](10) = 0.0395205,	Delta[s](11) = 0.0523886,	Delta[s](12) = 0.0870525,	Delta[s](13) = 0.0747787,	Delta[s](14) = 0.0523886,	Delta[s](15) = 0.0747787,	Delta[d](0) = 0.228,	Delta[d](1) = 0.139709,	Delta[d](2) = 0.179683,	Delta[d](3) = 0.139709,	Delta[d](4) = 0.139709,	Delta[d](5) = 0.14421,	Delta[d](6) = 0.0944122,	Delta[d](7) = 0.14421,	Delta[d](8) = 0.179683,	Delta[d](9) = 0.0944122,	Delta[d](10) = 0.0480507,	Delta[d](11) = 0.0944122,	Delta[d](12) = 0.139709,	Delta[d](13) = 0.14421,	Delta[d](14) = 0.0944122,	Delta[d](15) = 0.14421,	Delta[s+](0) = 0.570114,	Delta[s+](1) = 0.392856,	Delta[s+](2) = 0.179683,	Delta[s+](3) = 0.392856,	Delta[s+](4) = 0.392856,	Delta[s+](5) = 0.230659,	Delta[s+](6) = 0.0776889,	Delta[s+](7) = 0.230659,	Delta[s+](8) = 0.179683,	Delta[s+](9) = 0.0776889,	Delta[s+](10) = 0.0272489,	Delta[s+](11) = 0.0776889,	Delta[s+](12) = 0.392856,	Delta[s+](13) = 0.230659,	Delta[s+](14) = 0.0776889,	Delta[s+](15) = 0.230659
The 20-th iteration is completed.	|| time cost : 0h 1m 24.299s
********************************************************************************************************************
Start the 21 rounds of NGS-ED iteration
	effective electronic model is modified as: kinetic energy t = 0.816563
	                                           effective interaction Vq = [-3.00003,-2.77143, -2.4984,-2.77143,-2.77143,-2.55638,-2.48813,-2.55638, -2.4984,-2.48813, -2.4748,-2.48813,-2.77143,-2.55638,-2.48813,-2.55638]
	PARPACK diagonalization completed after 30 matrix-vector product operations.
	iteration results: : total energy is -49.390310 | electron energy -49.583811 + phonon energy 0.193500 | electron momentum kIdx = 10
The 21-th iteration is completed.	|| time cost : 0h 0m 9.093s
********************************************************************************************************************
Start the 22 rounds of NGS-ED iteration
	effective electronic model is modified as: kinetic energy t = 0.816563
	                                           effective interaction Vq = [-3.00003,-2.77143, -2.4984,-2.77143,-2.77143,-2.55638,-2.48813,-2.55638, -2.4984,-2.48813, -2.4748,-2.48813,-2.77143,-2.55638,-2.48813,-2.55638]
	PARPACK diagonalization completed after 30 matrix-vector product operations.
	iteration results: : total energy is -49.390310 | electron energy -49.583811 + phonon energy 0.193501 | electron momentum kIdx = 10
The 22-th iteration is completed.	|| time cost : 0h 0m 8.974s
********************************************************************************************************************
Start the 23 rounds of NGS-ED iteration
	effective electronic model is modified as: kinetic energy t = 0.816563
	                                           effective interaction Vq = [-3.00003,-2.77143,-2.49841,-2.77143,-2.77143,-2.55638,-2.48813,-2.55638,-2.49841,-2.48813, -2.4748,-2.48813,-2.77143,-2.55638,-2.48813,-2.55638]
	PARPACK diagonalization completed after 30 matrix-vector product operations.
	iteration results: : total energy is -49.390310 | electron energy -49.583811 + phonon energy 0.193501 | electron momentum kIdx = 10
The 23-th iteration is completed.	|| time cost : 0h 0m 9.117s
********************************************************************************************************************
Start the 24 rounds of NGS-ED iteration
	effective electronic model is modified as: kinetic energy t = 0.816563
	                                           effective interaction Vq = [-3.00003,-2.77143,-2.49841,-2.77143,-2.77143,-2.55638,-2.48813,-2.55638,-2.49841,-2.48813, -2.4748,-2.48813,-2.77143,-2.55638,-2.48813,-2.55638]
	PARPACK diagonalization completed after 30 matrix-vector product operations.
	iteration results: : total energy is -49.390310 | electron energy -49.583811 + phonon energy 0.193501 | electron momentum kIdx = 10
