SNEDics v3.22.2 Non-Gaussian ED ground state program		Start at Sun Apr 24 22:11:46 2022

Parallelization: 32 MPI threads  * 8 OpenMP threads = 256 total threads.
********************************************************************************************************************
********************************************************************************************************************

********************************************************************************************************************
System parameters and configurations
	special program options are enabled: splitted diagonal Hamiltonian | splitted Hamiltonian terms
********************************************************************************************************************
Read input file "model_params.in"
	Hubbard-Holstein model parameters : 	t = 1    U = 8    g = 0.2    W = 0.2    g' = 0.3    
********************************************************************************************************************
Read input file "hilbertspace_params.in"
	Requested 16-site 2D lattice, with 12 electrons (6, 6)
	Boundary : Periodic		Hilbert space representation : momentum-space (restricted to kIdx = 10)
	Conservation: particle number[U(1)]      spin[U(1)]     momentum
********************************************************************************************************************

Cluster Positions:				Cluster symmetry group : D4
 x ... x ... x ... x .....                       x ... x ... x ... x .....
 |           |           :                       |           |           :
 |           |           :                       |           |           :
12    13    14    15     x                       1     5     6     5     x
 |           |           :                       |           |           :
 |           |           :                       |           |           :
 8 --- 9 ---10 ---11 --- x                       2 --- 6 ---10 --- 6 --- x
 |           |           :                       |           |           :
 |           |           :                       |           |           :
 4     5     6     7     x                       1     5     6     5     x
 |           |           :                       |           |           :
 |           |           :                       |           |           :
 0 --- 1 --- 2 --- 3 --- x                       0 --- 1 --- 2 --- 1 --- x
orbital number : 1
********************************************************************************************************************
Read input file "obs_params.in"
	Observable Type : Nq(All),   Sq(All),   N(All-Orbital),   Delta[s](All),   Delta[d](All),   Delta[s+](All)
** WARNING ** the input observables have non-local factors which have been reinterpreted. The total observable number is 96
********************************************************************************************************************


********************************************************************************************************************
Start calculating the non-Gaussian ED ground state
Maximal iteration number is 1000; energy resolution is 1e-06. Phonon state relaxation time is 2000
W = 0.2 is relatively large. The non-Gaussian ED calculation starts directly.
open output files: NGSED_iteration_observables.txt
********************************************************************************************************************
Start the 0 rounds of NGS-ED iteration
	effective electronic model is modified as: kinetic energy t = 1
	                                           effective interaction Vq = [0,0,0,0,0,0,0,0,0,0,0,0,0,0,0,0]
	first Hamiltonian is constructed, size = 4008592 and non-zero numbers = 969134084
	PARPACK diagonalization completed after 150 matrix-vector product operations.
	iteration results: : total energy is -14.925310 | electron energy -14.925310 + phonon energy 0.000000 | electron momentum kIdx = 10
	Nq(0) = 9,	Nq(1) = 0.191675,	Nq(2) = 0.238629,	Nq(3) = 0.191675,	Nq(4) = 0.191675,	Nq(5) = 0.259295,	
	Nq(6) = 0.314107,	Nq(7) = 0.259295,	Nq(8) = 0.238629,	Nq(9) = 0.314107,	Nq(10) = 0.369338,	
	Nq(11) = 0.314107,	Nq(12) = 0.191675,	Nq(13) = 0.259295,	Nq(14) = 0.314107,	Nq(15) = 0.259295;	
	Sq(0) = -1.73566e-18,	Sq(1) = 0.554662,	Sq(2) = 0.921866,	Sq(3) = 0.554662,	Sq(4) = 0.554662,	
	Sq(5) = 0.548737,	Sq(6) = 1.01287,	Sq(7) = 0.548737,	Sq(8) = 0.921866,	Sq(9) = 1.01287,	
	Sq(10) = 0.784303,	Sq(11) = 1.01287,	Sq(12) = 0.554662,	Sq(13) = 0.548737,	Sq(14) = 1.01287,	
	Sq(15) = 0.548737;	N(0) = 1.76735,	N(1) = 1.6264,	N(2) = 0.275186,	N(3) = 1.6264,	
	N(4) = 1.6264,	N(5) = 0.626534,	N(6) = 0.144321,	N(7) = 0.626534,	N(8) = 0.275186,	
	N(9) = 0.144321,	N(10) = 0.0932732,	N(11) = 0.144321,	N(12) = 1.6264,	N(13) = 0.626534,	
	N(14) = 0.144321,	N(15) = 0.626534;	Delta[s](0) = 0.0621384,	Delta[s](1) = 0.0437671,	Delta[s](2) = 0.026142,	
	Delta[s](3) = 0.0437671,	Delta[s](4) = 0.0437671,	Delta[s](5) = 0.0291108,	Delta[s](6) = 0.011239,	Delta[s](7) = 0.0291108,	
	Delta[s](8) = 0.026142,	Delta[s](9) = 0.011239,	Delta[s](10) = 0.00255971,	Delta[s](11) = 0.011239,	Delta[s](12) = 0.0437671,	
	Delta[s](13) = 0.0291108,	Delta[s](14) = 0.011239,	Delta[s](15) = 0.0291108;	Delta[d](0) = 0.194146,	Delta[d](1) = 0.130153,	
	Delta[d](2) = 0.161934,	Delta[d](3) = 0.130153,	Delta[d](4) = 0.130153,	Delta[d](5) = 0.118562,	Delta[d](6) = 0.0900228,	
	Delta[d](7) = 0.118562,	Delta[d](8) = 0.161934,	Delta[d](9) = 0.0900228,	Delta[d](10) = 0.0404353,	Delta[d](11) = 0.0900228,	
	Delta[d](12) = 0.130153,	Delta[d](13) = 0.118562,	Delta[d](14) = 0.0900228,	Delta[d](15) = 0.118562;	Delta[s+](0) = 0.521865,	
	Delta[s+](1) = 0.356594,	Delta[s+](2) = 0.161934,	Delta[s+](3) = 0.356594,	Delta[s+](4) = 0.356594,	Delta[s+](5) = 0.205853,	
	Delta[s+](6) = 0.0645425,	Delta[s+](7) = 0.205853,	Delta[s+](8) = 0.161934,	Delta[s+](9) = 0.0645425,	Delta[s+](10) = 0.017263,	
	Delta[s+](11) = 0.0645425,	Delta[s+](12) = 0.356594,	Delta[s+](13) = 0.205853,	Delta[s+](14) = 0.0645425,	Delta[s+](15) = 0.205853
	
The 0-th iteration is completed.	|| time cost : 0h 2m 4.12s
********************************************************************************************************************
Start the 1 rounds of NGS-ED iteration
	effective electronic model is modified as: kinetic energy t = 0.974155
	                                           effective interaction Vq = [      -9.8, -0.637834,-0.0161707, -0.637834, -0.637834,-0.0175323,-0.0614154,-0.0175323,-0.0161707,-0.0614154,  -1.10812,-0.0614154, -0.637834,-0.0175323,-0.0614154,-0.0175323]
	PARPACK diagonalization completed after 45 matrix-vector product operations.
	iteration results: : total energy is -103.513859 | electron energy -103.693991 + phonon energy 0.180132 | electron momentum kIdx = 10
The 1-th iteration is completed.	|| time cost : 0h 1m 18.114s
********************************************************************************************************************
Start the 2 rounds of NGS-ED iteration
	effective electronic model is modified as: kinetic energy t = 0.960919
	                                           effective interaction Vq = [      -9.8, -0.754769,-0.0159247, -0.754769, -0.754769,-0.0171224,-0.0607651,-0.0171224,-0.0159247,-0.0607651,  -2.02218,-0.0607651, -0.754769,-0.0171224,-0.0607651,-0.0171224]
	PARPACK diagonalization completed after 45 matrix-vector product operations.
	iteration results: : total energy is -103.582056 | electron energy -103.972434 + phonon energy 0.390378 | electron momentum kIdx = 10
The 2-th iteration is completed.	|| time cost : 0h 0m 11.602s
********************************************************************************************************************
Start the 3 rounds of NGS-ED iteration
	effective electronic model is modified as: kinetic energy t = 0.948214
	                                           effective interaction Vq = [      -9.8, -0.782306,-0.0158475, -0.782306, -0.782306,-0.0170119,-0.0605946,-0.0170119,-0.0158475,-0.0605946,  -2.95993,-0.0605946, -0.782306,-0.0170119,-0.0605946,-0.0170119]
	PARPACK diagonalization completed after 45 matrix-vector product operations.
	iteration results: : total energy is -103.707125 | electron energy -104.324068 + phonon energy 0.616943 | electron momentum kIdx = 10
The 3-th iteration is completed.	|| time cost : 0h 0m 11.685s
********************************************************************************************************************
Start the 4 rounds of NGS-ED iteration
	effective electronic model is modified as: kinetic energy t = 0.932011
	                                           effective interaction Vq = [      -9.8, -0.788148, -0.015791, -0.788148, -0.788148,-0.0168998,-0.0605637,-0.0168998, -0.015791,-0.0605637,  -3.94928,-0.0605637, -0.788148,-0.0168998,-0.0605637,-0.0168998]
	PARPACK diagonalization completed after 45 matrix-vector product operations.
	iteration results: : total energy is -104.156460 | electron energy -105.071425 + phonon energy 0.914965 | electron momentum kIdx = 10
The 4-th iteration is completed.	|| time cost : 0h 0m 11.758s
********************************************************************************************************************
Start the 5 rounds of NGS-ED iteration
	effective electronic model is modified as: kinetic energy t = 0.907931
	                                           effective interaction Vq = [      -9.8, -0.794519,-0.0158201, -0.794519, -0.794519,-0.0165323,-0.0607011,-0.0165323,-0.0158201,-0.0607011,   -4.8157,-0.0607011, -0.794519,-0.0165323,-0.0607011,-0.0165323]
	PARPACK diagonalization completed after 45 matrix-vector product operations.
	iteration results: : total energy is -106.345181 | electron energy -107.687241 + phonon energy 1.342060 | electron momentum kIdx = 10
The 5-th iteration is completed.	|| time cost : 0h 0m 11.666s
********************************************************************************************************************
Start the 6 rounds of NGS-ED iteration
	effective electronic model is modified as: kinetic energy t = 0.87568
	                                           effective interaction Vq = [      -9.8,  -1.04678,-0.0166882,  -1.04678,  -1.04678,-0.0161205,-0.0680343,-0.0161205,-0.0166882,-0.0680343,  -4.98613,-0.0680343,  -1.04678,-0.0161205,-0.0680343,-0.0161205]
	PARPACK diagonalization completed after 45 matrix-vector product operations.
	iteration results: : total energy is -106.993394 | electron energy -108.426100 + phonon energy 1.432706 | electron momentum kIdx = 10
The 6-th iteration is completed.	|| time cost : 0h 0m 11.631s
********************************************************************************************************************
Start the 7 rounds of NGS-ED iteration
	effective electronic model is modified as: kinetic energy t = 0.861327
	                                           effective interaction Vq = [      -9.8,  -1.26545, -0.016863,  -1.26545,  -1.26545,-0.0157629,-0.0728162,-0.0157629, -0.016863,-0.0728162,  -4.99023,-0.0728162,  -1.26545,-0.0157629,-0.0728162,-0.0157629]
	PARPACK diagonalization completed after 45 matrix-vector product operations.
	iteration results: : total energy is -107.010652 | electron energy -108.437443 + phonon energy 1.426791 | electron momentum kIdx = 10
The 7-th iteration is completed.	|| time cost : 0h 0m 11.629s
********************************************************************************************************************
Start the 8 rounds of NGS-ED iteration
	effective electronic model is modified as: kinetic energy t = 0.856445
	                                           effective interaction Vq = [      -9.8,  -1.36831,-0.0166442,  -1.36831,  -1.36831, -0.015413,-0.0741458, -0.015413,-0.0166442,-0.0741458,  -4.99068,-0.0741458,  -1.36831, -0.015413,-0.0741458, -0.015413]
	PARPACK diagonalization completed after 45 matrix-vector product operations.
	iteration results: : total energy is -107.013102 | electron energy -108.461007 + phonon energy 1.447905 | electron momentum kIdx = 10
The 8-th iteration is completed.	|| time cost : 0h 0m 11.619s
********************************************************************************************************************
Start the 9 rounds of NGS-ED iteration
	effective electronic model is modified as: kinetic energy t = 0.854368
	                                           effective interaction Vq = [      -9.8,  -1.41371,-0.0165259,  -1.41371,  -1.41371,-0.0152571,-0.0746808,-0.0152571,-0.0165259,-0.0746808,  -4.99083,-0.0746808,  -1.41371,-0.0152571,-0.0746808,-0.0152571]
	PARPACK diagonalization completed after 30 matrix-vector product operations.
	iteration results: : total energy is -107.013569 | electron energy -108.472536 + phonon energy 1.458967 | electron momentum kIdx = 10
The 9-th iteration is completed.	|| time cost : 0h 0m 9.65s
********************************************************************************************************************
Start the 10 rounds of NGS-ED iteration
	effective electronic model is modified as: kinetic energy t = 0.853452
	                                           effective interaction Vq = [      -9.8,   -1.4336,-0.0164721,   -1.4336,   -1.4336,-0.0151897,-0.0749158,-0.0151897,-0.0164721,-0.0749158,  -4.99089,-0.0749158,   -1.4336,-0.0151897,-0.0749158,-0.0151897]
	PARPACK diagonalization completed after 30 matrix-vector product operations.
	iteration results: : total energy is -107.013659 | electron energy -108.477584 + phonon energy 1.463925 | electron momentum kIdx = 10
The 10-th iteration is completed.	|| time cost : 0h 0m 9.681s
********************************************************************************************************************
Start the 11 rounds of NGS-ED iteration
	effective electronic model is modified as: kinetic energy t = 0.853047
	                                           effective interaction Vq = [      -9.8,  -1.44233,-0.0164483,  -1.44233,  -1.44233,-0.0151603,-0.0750198,-0.0151603,-0.0164483,-0.0750198,  -4.99091,-0.0750198,  -1.44233,-0.0151603,-0.0750198,-0.0151603]
	PARPACK diagonalization completed after 30 matrix-vector product operations.
	iteration results: : total energy is -107.013676 | electron energy -108.479781 + phonon energy 1.466104 | electron momentum kIdx = 10
The 11-th iteration is completed.	|| time cost : 0h 0m 9.639s
********************************************************************************************************************
Start the 12 rounds of NGS-ED iteration
	effective electronic model is modified as: kinetic energy t = 0.852869
	                                           effective interaction Vq = [      -9.8,  -1.44616,-0.0164378,  -1.44616,  -1.44616,-0.0151474,-0.0750657,-0.0151474,-0.0164378,-0.0750657,  -4.99092,-0.0750657,  -1.44616,-0.0151474,-0.0750657,-0.0151474]
	PARPACK diagonalization completed after 30 matrix-vector product operations.
	iteration results: : total energy is -107.013680 | electron energy -108.480740 + phonon energy 1.467060 | electron momentum kIdx = 10
The 12-th iteration is completed.	|| time cost : 0h 0m 9.669s
********************************************************************************************************************
Start the 13 rounds of NGS-ED iteration
	effective electronic model is modified as: kinetic energy t = 0.85279
	                                           effective interaction Vq = [      -9.8,  -1.44785,-0.0164332,  -1.44785,  -1.44785,-0.0151418, -0.075086,-0.0151418,-0.0164332, -0.075086,  -4.99093, -0.075086,  -1.44785,-0.0151418, -0.075086,-0.0151418]
	PARPACK diagonalization completed after 30 matrix-vector product operations.
	iteration results: : total energy is -107.013680 | electron energy -108.481161 + phonon energy 1.467480 | electron momentum kIdx = 10
The 13-th iteration is completed.	|| time cost : 0h 0m 9.83s
********************************************************************************************************************
Start the 14 rounds of NGS-ED iteration
	effective electronic model is modified as: kinetic energy t = 0.852756
	                                           effective interaction Vq = [      -9.8,  -1.44859,-0.0164311,  -1.44859,  -1.44859,-0.0151393,-0.0750949,-0.0151393,-0.0164311,-0.0750949,  -4.99093,-0.0750949,  -1.44859,-0.0151393,-0.0750949,-0.0151393]
	PARPACK diagonalization completed after 30 matrix-vector product operations.
	iteration results: : total energy is -107.013681 | electron energy -108.481346 + phonon energy 1.467665 | electron momentum kIdx = 10
The 14-th iteration is completed.	|| time cost : 0h 0m 9.672s
********************************************************************************************************************
Start the 15 rounds of NGS-ED iteration
	effective electronic model is modified as: kinetic energy t = 0.852741
	                                           effective interaction Vq = [      -9.8,  -1.44891,-0.0164302,  -1.44891,  -1.44891,-0.0151382,-0.0750988,-0.0151382,-0.0164302,-0.0750988,  -4.99093,-0.0750988,  -1.44891,-0.0151382,-0.0750988,-0.0151382]
	PARPACK diagonalization completed after 30 matrix-vector product operations.
	iteration results: : total energy is -107.013681 | electron energy -108.481427 + phonon energy 1.467746 | electron momentum kIdx = 10
The 15-th iteration is completed.	|| time cost : 0h 0m 9.635s
********************************************************************************************************************
Start the 16 rounds of NGS-ED iteration
	effective electronic model is modified as: kinetic energy t = 0.852734
	                                           effective interaction Vq = [      -9.8,  -1.44906,-0.0164298,  -1.44906,  -1.44906,-0.0151377,-0.0751005,-0.0151377,-0.0164298,-0.0751005,  -4.99093,-0.0751005,  -1.44906,-0.0151377,-0.0751005,-0.0151377]
	PARPACK diagonalization completed after 30 matrix-vector product operations.
	iteration results: : total energy is -107.013681 | electron energy -108.481462 + phonon energy 1.467782 | electron momentum kIdx = 10
The 16-th iteration is completed.	|| time cost : 0h 0m 9.67s
********************************************************************************************************************
Start the 17 rounds of NGS-ED iteration
	effective electronic model is modified as: kinetic energy t = 0.852731
	                                           effective interaction Vq = [      -9.8,  -1.44912,-0.0164297,  -1.44912,  -1.44912,-0.0151375,-0.0751013,-0.0151375,-0.0164297,-0.0751013,  -4.99093,-0.0751013,  -1.44912,-0.0151375,-0.0751013,-0.0151375]
	PARPACK diagonalization completed after 30 matrix-vector product operations.
	iteration results: : total energy is -107.013681 | electron energy -108.481478 + phonon energy 1.467797 | electron momentum kIdx = 10
The 17-th iteration is completed.	|| time cost : 0h 0m 9.657s
********************************************************************************************************************
Start the 18 rounds of NGS-ED iteration
	effective electronic model is modified as: kinetic energy t = 0.85273
	                                           effective interaction Vq = [      -9.8,  -1.44915,-0.0164296,  -1.44915,  -1.44915,-0.0151374,-0.0751016,-0.0151374,-0.0164296,-0.0751016,  -4.99093,-0.0751016,  -1.44915,-0.0151374,-0.0751016,-0.0151374]
	PARPACK diagonalization completed after 30 matrix-vector product operations.
	iteration results: : total energy is -107.013681 | electron energy -108.481485 + phonon energy 1.467804 | electron momentum kIdx = 10
The 18-th iteration is completed.	|| time cost : 0h 0m 9.673s
********************************************************************************************************************
Start the 19 rounds of NGS-ED iteration
	effective electronic model is modified as: kinetic energy t = 0.852729
	                                           effective interaction Vq = [      -9.8,  -1.44916,-0.0164296,  -1.44916,  -1.44916,-0.0151374,-0.0751018,-0.0151374,-0.0164296,-0.0751018,  -4.99093,-0.0751018,  -1.44916,-0.0151374,-0.0751018,-0.0151374]
	PARPACK diagonalization completed after 30 matrix-vector product operations.
	iteration results: : total energy is -107.013681 | electron energy -108.481488 + phonon energy 1.467807 | electron momentum kIdx = 10
The 19-th iteration is completed.	|| time cost : 0h 0m 9.666s
********************************************************************************************************************
Start the 20 rounds of NGS-ED iteration
	effective electronic model is modified as: kinetic energy t = 0.852729
	                                           effective interaction Vq = [      -9.8,  -1.44916,-0.0164295,  -1.44916,  -1.44916,-0.0151373,-0.0751018,-0.0151373,-0.0164295,-0.0751018,  -4.99093,-0.0751018,  -1.44916,-0.0151373,-0.0751018,-0.0151373]
	PARPACK diagonalization completed after 30 matrix-vector product operations.
	iteration results: : total energy is -107.013681 | electron energy -108.481489 + phonon energy 1.467809 | electron momentum kIdx = 10
The 20-th iteration is completed.	|| time cost : 0h 0m 9.665s
********************************************************************************************************************
Start the 21 rounds of NGS-ED iteration
	effective electronic model is modified as: kinetic energy t = 0.852729
	                                           effective interaction Vq = [      -9.8,  -1.44917,-0.0164295,  -1.44917,  -1.44917,-0.0151373,-0.0751019,-0.0151373,-0.0164295,-0.0751019,  -4.99093,-0.0751019,  -1.44917,-0.0151373,-0.0751019,-0.0151373]
	PARPACK diagonalization completed after 30 matrix-vector product operations.
	iteration results: : total energy is -107.013681 | electron energy -108.481490 + phonon energy 1.467809 | electron momentum kIdx = 10
The 21-th iteration is completed.	|| time cost : 0h 0m 9.658s
********************************************************************************************************************
Start the 22 rounds of NGS-ED iteration
	effective electronic model is modified as: kinetic energy t = 0.852729
	                                           effective interaction Vq = [      -9.8,  -1.44917,-0.0164295,  -1.44917,  -1.44917,-0.0151373,-0.0751019,-0.0151373,-0.0164295,-0.0751019,  -4.99093,-0.0751019,  -1.44917,-0.0151373,-0.0751019,-0.0151373]
	PARPACK diagonalization completed after 30 matrix-vector product operations.
	iteration results: : total energy is -107.013681 | electron energy -108.481490 + phonon energy 1.467809 | electron momentum kIdx = 10
The 22-th iteration is completed.	|| time cost : 0h 0m 9.787s
********************************************************************************************************************
Start the 23 rounds of NGS-ED iteration
	effective electronic model is modified as: kinetic energy t = 0.852729
	                                           effective interaction Vq = [      -9.8,  -1.44917,-0.0164295,  -1.44917,  -1.44917,-0.0151373,-0.0751019,-0.0151373,-0.0164295,-0.0751019,  -4.99093,-0.0751019,  -1.44917,-0.0151373,-0.0751019,-0.0151373]
	PARPACK diagonalization completed after 30 matrix-vector product operations.
	iteration results: : total energy is -107.013681 | electron energy -108.481490 + phonon energy 1.467810 | electron momentum kIdx = 10
The 23-th iteration is completed.	|| time cost : 0h 0m 9.658s
********************************************************************************************************************
Start the 24 rounds of NGS-ED iteration
	effective electronic model is modified as: kinetic energy t = 0.852729
	                                           effective interaction Vq = [      -9.8,  -1.44917,-0.0164295,  -1.44917,  -1.44917,-0.0151373,-0.0751019,-0.0151373,-0.0164295,-0.0751019,  -4.99093,-0.0751019,  -1.44917,-0.0151373,-0.0751019,-0.0151373]
	PARPACK diagonalization completed after 30 matrix-vector product operations.
	iteration results: : total energy is -107.013681 | electron energy -108.481490 + phonon energy 1.467810 | electron momentum kIdx = 10
The 24-th iteration is completed.	|| time cost : 0h 0m 9.664s
********************************************************************************************************************
Start the 25 rounds of NGS-ED iteration
	effective electronic model is modified as: kinetic energy t = 0.852729
	                                           effective interaction Vq = [      -9.8,  -1.44917,-0.0164295,  -1.44917,  -1.44917,-0.0151373,-0.0751019,-0.0151373,-0.0164295,-0.0751019,  -4.99093,-0.0751019,  -1.44917,-0.0151373,-0.0751019,-0.0151373]
	PARPACK diagonalization completed after 30 matrix-vector product operations.
	iteration results: : total energy is -107.013681 | electron energy -108.481490 + phonon energy 1.467810 | electron momentum kIdx = 10
	Nq(0) = 9,	Nq(1) = 0.215871,	Nq(2) = 0.158817,	Nq(3) = 0.215871,	Nq(4) = 0.215871,	Nq(5) = 0.145847,	
	Nq(6) = 0.25372,	Nq(7) = 0.145847,	Nq(8) = 0.158817,	Nq(9) = 0.25372,	Nq(10) = 6.36057,	
	Nq(11) = 0.25372,	Nq(12) = 0.215871,	Nq(13) = 0.145847,	Nq(14) = 0.25372,	Nq(15) = 0.145847;	
	Sq(0) = 1.1563e-18,	Sq(1) = 0.344512,	Sq(2) = 0.598753,	Sq(3) = 0.344512,	Sq(4) = 0.344512,	
	Sq(5) = 0.262152,	Sq(6) = 0.495813,	Sq(7) = 0.262152,	Sq(8) = 0.598753,	Sq(9) = 0.495813,	
	Sq(10) = 0.252632,	Sq(11) = 0.495813,	Sq(12) = 0.344512,	Sq(13) = 0.262152,	Sq(14) = 0.495813,	
	Sq(15) = 0.262152;	N(0) = 1.63133,	N(1) = 1.45973,	N(2) = 0.221939,	N(3) = 1.45973,	
	N(4) = 1.45973,	N(5) = 0.52738,	N(6) = 0.435862,	N(7) = 0.52738,	N(8) = 0.221939,	
	N(9) = 0.435862,	N(10) = 0.232913,	N(11) = 0.435862,	N(12) = 1.45973,	N(13) = 0.52738,	
	N(14) = 0.435862,	N(15) = 0.52738;	Delta[s](0) = 0.205907,	Delta[s](1) = 0.199352,	Delta[s](2) = 0.192573,	
	Delta[s](3) = 0.199352,	Delta[s](4) = 0.199352,	Delta[s](5) = 0.192077,	Delta[s](6) = 0.184426,	Delta[s](7) = 0.192077,	
	Delta[s](8) = 0.192573,	Delta[s](9) = 0.184426,	Delta[s](10) = 0.175501,	Delta[s](11) = 0.184426,	Delta[s](12) = 0.199352,	
	Delta[s](13) = 0.192077,	Delta[s](14) = 0.184426,	Delta[s](15) = 0.192077;	Delta[d](0) = 0.0635242,	Delta[d](1) = 0.0428958,	
	Delta[d](2) = 0.0567331,	Delta[d](3) = 0.0428958,	Delta[d](4) = 0.0428958,	Delta[d](5) = 0.0350617,	Delta[d](6) = 0.021998,	
	Delta[d](7) = 0.0350617,	Delta[d](8) = 0.0567331,	Delta[d](9) = 0.021998,	Delta[d](10) = 0.00645194,	Delta[d](11) = 0.021998,	
	Delta[d](12) = 0.0428958,	Delta[d](13) = 0.0350617,	Delta[d](14) = 0.021998,	Delta[d](15) = 0.0350617;	Delta[s+](0) = 0.216733,	
	Delta[s+](1) = 0.140518,	Delta[s+](2) = 0.0567331,	Delta[s+](3) = 0.140518,	Delta[s+](4) = 0.140518,	Delta[s+](5) = 0.0692166,	
	Delta[s+](6) = 0.0207314,	Delta[s+](7) = 0.0692166,	Delta[s+](8) = 0.0567331,	Delta[s+](9) = 0.0207314,	Delta[s+](10) = 0.00673416,	
	Delta[s+](11) = 0.0207314,	Delta[s+](12) = 0.140518,	Delta[s+](13) = 0.0692166,	Delta[s+](14) = 0.0207314,	Delta[s+](15) = 0.0692166
	
The 25-th iteration is completed.	|| time cost : 0h 1m 20.747s
********************************************************************************************************************
********************************************************************************************************************
Ground state is obtained after 26 iterations. The current ground-state energy is -107.014, in which electron energy is -108.481 and phonon energy is 1.46781
Final variational state is: 
	Gamma_x = [      1,2.99421,1.01285,2.99421,2.99421,1.01088,1.09724,1.01088,1.01285,1.09724,25.9697,1.09724,2.99421,1.01088,1.09724,1.01088]
	lambda_q = [         7,   1.04126, 0.0419539,   1.04126,   1.04126, 0.0385878,-0.0961905, 0.0385878, 0.0419539,-0.0961905,  -4.78709,-0.0961905,   1.04126, 0.0385878,-0.0961905, 0.0385878]
Effective e-e interactions mediated by phonons are:
	momentum-space Vq = [      -9.8,  -1.44917,-0.0164295,  -1.44917,  -1.44917,-0.0151373,-0.0751019,-0.0151373,-0.0164295,-0.0751019,  -4.99093,-0.0751019,  -1.44917,-0.0151373,-0.0751019,-0.0151373]
	real-space Vr = [ -1.31134,-0.472325,-0.922703,-0.472325,-0.472325, -0.92238,-0.128808, -0.92238,-0.922703,-0.128808,-0.549204,-0.128808,-0.472325, -0.92238,-0.128808, -0.92238]
********************************************************************************************************************
o___o  ----------------------------------------
| L |	Time since last clock: 0h 0m 0.009s
A===A	Time since the beginning: 0h 8m 39.469s
***********************************************


Non-Gaussina ED ground state calculation is completed. The final ground-state energy is -107.014
********************************************************************************************************************
o___o  ----------------------------------------
| L |	Time since last clock: 0h 0m 0.003s
A===A	Time since the beginning: 0h 8m 39.473s
***********************************************



********************************************************************************************************************
All non-Gaussian ED ground state calculations have been completed. Exit now.
