SNEDics v3.22.2 Non-Gaussian ED ground state program		Start at Tue May 31 01:00:20 2022

Parallelization: 32 MPI threads  * 8 OpenMP threads = 256 total threads.
********************************************************************************************************************
********************************************************************************************************************

********************************************************************************************************************
System parameters and configurations
	special program options are enabled: splitted diagonal Hamiltonian | splitted Hamiltonian terms
********************************************************************************************************************
Read input file "model_params.in"
	Hubbard-Holstein model parameters : 	t = 1    t' = -0.3    U = 8    g = 0.5    W = 0.2    g' = 0.05    
********************************************************************************************************************
Read input file "hilbertspace_params.in"
	Requested 16-site 2D lattice, with 12 electrons (6, 6)
	Boundary : Periodic		Hilbert space representation : momentum-space (restricted to kIdx = 0)
	Conservation: particle number[U(1)]      spin[U(1)]     momentum
********************************************************************************************************************

Cluster Positions:				Cluster symmetry group : D4
 x ... x ... x ... x .....                       x ... x ... x ... x .....
 |           |           :                       |           |           :
 |           |           :                       |           |           :
12    13    14    15     x                       1     5     6     5     x
 |           |           :                       |           |           :
 |           |           :                       |           |           :
 8 --- 9 ---10 ---11 --- x                       2 --- 6 ---10 --- 6 --- x
 |           |           :                       |           |           :
 |           |           :                       |           |           :
 4     5     6     7     x                       1     5     6     5     x
 |           |           :                       |           |           :
 |           |           :                       |           |           :
 0 --- 1 --- 2 --- 3 --- x                       0 --- 1 --- 2 --- 1 --- x
orbital number : 1
********************************************************************************************************************
Read input file "obs_params.in"
	Observable Type : Nq(All),   Sq(All),   N(All-Orbital),   Delta[s](All),   Delta[d](All),   Delta[s+](All)
** WARNING ** the input observables have non-local factors which have been reinterpreted. The total observable number is 96
********************************************************************************************************************


********************************************************************************************************************
Start calculating the non-Gaussian ED ground state
Maximal iteration number is 1000; energy resolution is 1e-06. Phonon state relaxation time is 2000
W = 0.2 is relatively large. The non-Gaussian ED calculation starts directly.
open output files: NGSED_iteration_observables.txt
********************************************************************************************************************
Start the 0 rounds of NGS-ED iteration
	effective electronic model is modified as: kinetic energy t = 1, t' = -0.3
	                                           effective interaction Vq = [0,0,0,0,0,0,0,0,0,0,0,0,0,0,0,0]
	first Hamiltonian is constructed, size = 4008592 and non-zero numbers = 969952250
	PARPACK diagonalization completed after 135 matrix-vector product operations.
	iteration results: : total energy is -15.091341 | electron energy -15.091341 + phonon energy 0.000000 | electron momentum kIdx = 0
	Nq(0) = 9,	Nq(1) = 0.182775,	Nq(2) = 0.248843,	Nq(3) = 0.182775,	Nq(4) = 0.182775,	Nq(5) = 0.263236,	
	Nq(6) = 0.307436,	Nq(7) = 0.263236,	Nq(8) = 0.248843,	Nq(9) = 0.307436,	Nq(10) = 0.356784,	
	Nq(11) = 0.307436,	Nq(12) = 0.182775,	Nq(13) = 0.263236,	Nq(14) = 0.307436,	Nq(15) = 0.263236;	
	Sq(0) = 2.57275e-18,	Sq(1) = 0.523525,	Sq(2) = 0.451304,	Sq(3) = 0.523525,	Sq(4) = 0.523525,	
	Sq(5) = 0.707557,	Sq(6) = 1.00669,	Sq(7) = 0.707557,	Sq(8) = 0.451304,	Sq(9) = 1.00669,	
	Sq(10) = 1.27807,	Sq(11) = 1.00669,	Sq(12) = 0.523525,	Sq(13) = 0.707557,	Sq(14) = 1.00669,	
	Sq(15) = 0.707557;	N(0) = 1.72657,	N(1) = 1.59708,	N(2) = 1.0703,	N(3) = 1.59708,	
	N(4) = 1.59708,	N(5) = 0.264255,	N(6) = 0.153085,	N(7) = 0.264255,	N(8) = 1.0703,	
	N(9) = 0.153085,	N(10) = 0.0751403,	N(11) = 0.153085,	N(12) = 1.59708,	N(13) = 0.264255,	
	N(14) = 0.153085,	N(15) = 0.264255;	Delta[s](0) = 0.0610949,	Delta[s](1) = 0.0408689,	Delta[s](2) = 0.0330512,	
	Delta[s](3) = 0.0408689,	Delta[s](4) = 0.0408689,	Delta[s](5) = 0.0228899,	Delta[s](6) = 0.0123824,	Delta[s](7) = 0.0228899,	
	Delta[s](8) = 0.0330512,	Delta[s](9) = 0.0123824,	Delta[s](10) = 0.00236628,	Delta[s](11) = 0.0123824,	Delta[s](12) = 0.0408689,	
	Delta[s](13) = 0.0228899,	Delta[s](14) = 0.0123824,	Delta[s](15) = 0.0228899;	Delta[d](0) = 0.52992,	Delta[d](1) = 0.257097,	
	Delta[d](2) = 0.264205,	Delta[d](3) = 0.257097,	Delta[d](4) = 0.257097,	Delta[d](5) = 0.141966,	Delta[d](6) = 0.158896,	
	Delta[d](7) = 0.141966,	Delta[d](8) = 0.264205,	Delta[d](9) = 0.158896,	Delta[d](10) = 0.109279,	Delta[d](11) = 0.158896,	
	Delta[d](12) = 0.257097,	Delta[d](13) = 0.141966,	Delta[d](14) = 0.158896,	Delta[d](15) = 0.141966;	Delta[s+](0) = 0.514437,	
	Delta[s+](1) = 0.353936,	Delta[s+](2) = 0.264205,	Delta[s+](3) = 0.353936,	Delta[s+](4) = 0.353936,	Delta[s+](5) = 0.155402,	
	Delta[s+](6) = 0.0657695,	Delta[s+](7) = 0.155402,	Delta[s+](8) = 0.264205,	Delta[s+](9) = 0.0657695,	Delta[s+](10) = 0.0133259,	
	Delta[s+](11) = 0.0657695,	Delta[s+](12) = 0.353936,	Delta[s+](13) = 0.155402,	Delta[s+](14) = 0.0657695,	Delta[s+](15) = 0.155402
	
The 0-th iteration is completed.	|| time cost : 0h 2m 2.273s
********************************************************************************************************************
Start the 1 rounds of NGS-ED iteration
	effective electronic model is modified as: kinetic energy t = 0.988178, t' = -0.294908
	                                           effective interaction Vq = [     -2.45, -0.249993, -0.113497, -0.249993, -0.249993, -0.124434,-0.0594896, -0.124434, -0.113497,-0.0594896,-0.0286633,-0.0594896, -0.249993, -0.124434,-0.0594896, -0.124434]
	PARPACK diagonalization completed after 60 matrix-vector product operations.
	iteration results: : total energy is -37.357338 | electron energy -37.375575 + phonon energy 0.018237 | electron momentum kIdx = 0
The 1-th iteration is completed.	|| time cost : 0h 1m 19.883s
********************************************************************************************************************
Start the 2 rounds of NGS-ED iteration
	effective electronic model is modified as: kinetic energy t = 0.987972, t' = -0.294782
	                                           effective interaction Vq = [     -2.45, -0.256912, -0.112926, -0.256912, -0.256912, -0.125066, -0.059145, -0.125066, -0.112926, -0.059145,-0.0284245, -0.059145, -0.256912, -0.125066, -0.059145, -0.125066]
	PARPACK diagonalization completed after 45 matrix-vector product operations.
	iteration results: : total energy is -37.357395 | electron energy -37.376715 + phonon energy 0.019320 | electron momentum kIdx = 0
The 2-th iteration is completed.	|| time cost : 0h 0m 11.432s
********************************************************************************************************************
Start the 3 rounds of NGS-ED iteration
	effective electronic model is modified as: kinetic energy t = 0.987965, t' = -0.294777
	                                           effective interaction Vq = [     -2.45, -0.257194,  -0.11288, -0.257194, -0.257194,  -0.12506, -0.059133,  -0.12506,  -0.11288, -0.059133,-0.0284197, -0.059133, -0.257194,  -0.12506, -0.059133,  -0.12506]
	PARPACK diagonalization completed after 45 matrix-vector product operations.
	iteration results: : total energy is -37.357395 | electron energy -37.376750 + phonon energy 0.019354 | electron momentum kIdx = 0
The 3-th iteration is completed.	|| time cost : 0h 0m 11.424s
********************************************************************************************************************
Start the 4 rounds of NGS-ED iteration
	effective electronic model is modified as: kinetic energy t = 0.987965, t' = -0.294777
	                                           effective interaction Vq = [     -2.45, -0.257206, -0.112878, -0.257206, -0.257206, -0.125059,-0.0591326, -0.125059, -0.112878,-0.0591326,-0.0284196,-0.0591326, -0.257206, -0.125059,-0.0591326, -0.125059]
	PARPACK diagonalization completed after 30 matrix-vector product operations.
	iteration results: : total energy is -37.357395 | electron energy -37.376751 + phonon energy 0.019356 | electron momentum kIdx = 0
The 4-th iteration is completed.	|| time cost : 0h 0m 9.529s
********************************************************************************************************************
Start the 5 rounds of NGS-ED iteration
	effective electronic model is modified as: kinetic energy t = 0.987965, t' = -0.294777
	                                           effective interaction Vq = [     -2.45, -0.257206, -0.112877, -0.257206, -0.257206, -0.125059,-0.0591326, -0.125059, -0.112877,-0.0591326,-0.0284196,-0.0591326, -0.257206, -0.125059,-0.0591326, -0.125059]
	PARPACK diagonalization completed after 30 matrix-vector product operations.
	iteration results: : total energy is -37.357395 | electron energy -37.376751 + phonon energy 0.019356 | electron momentum kIdx = 0
The 5-th iteration is completed.	|| time cost : 0h 0m 9.471s
********************************************************************************************************************
Start the 6 rounds of NGS-ED iteration
	effective electronic model is modified as: kinetic energy t = 0.987965, t' = -0.294777
	                                           effective interaction Vq = [     -2.45, -0.257206, -0.112877, -0.257206, -0.257206, -0.125059,-0.0591326, -0.125059, -0.112877,-0.0591326,-0.0284196,-0.0591326, -0.257206, -0.125059,-0.0591326, -0.125059]
	PARPACK diagonalization completed after 30 matrix-vector product operations.
	iteration results: : total energy is -37.357395 | electron energy -37.376751 + phonon energy 0.019356 | electron momentum kIdx = 0
	Nq(0) = 9,	Nq(1) = 0.187311,	Nq(2) = 0.248592,	Nq(3) = 0.187311,	Nq(4) = 0.187311,	Nq(5) = 0.265466,	
	Nq(6) = 0.307334,	Nq(7) = 0.265466,	Nq(8) = 0.248592,	Nq(9) = 0.307334,	Nq(10) = 0.356009,	
	Nq(11) = 0.307334,	Nq(12) = 0.187311,	Nq(13) = 0.265466,	Nq(14) = 0.307334,	Nq(15) = 0.265466;	
	Sq(0) = -4.66985e-18,	Sq(1) = 0.523485,	Sq(2) = 0.451987,	Sq(3) = 0.523485,	Sq(4) = 0.523485,	
	Sq(5) = 0.701317,	Sq(6) = 1.00293,	Sq(7) = 0.701317,	Sq(8) = 0.451987,	Sq(9) = 1.00293,	
	Sq(10) = 1.29148,	Sq(11) = 1.00293,	Sq(12) = 0.523485,	Sq(13) = 0.701317,	Sq(14) = 1.00293,	
	Sq(15) = 0.701317;	N(0) = 1.73245,	N(1) = 1.60742,	N(2) = 1.06565,	N(3) = 1.60742,	
	N(4) = 1.60742,	N(5) = 0.256399,	N(6) = 0.151316,	N(7) = 0.256399,	N(8) = 1.06565,	
	N(9) = 0.151316,	N(10) = 0.0757103,	N(11) = 0.151316,	N(12) = 1.60742,	N(13) = 0.256399,	
	N(14) = 0.151316,	N(15) = 0.256399;	Delta[s](0) = 0.0628528,	Delta[s](1) = 0.0420738,	Delta[s](2) = 0.0341086,	
	Delta[s](3) = 0.0420738,	Delta[s](4) = 0.0420738,	Delta[s](5) = 0.0236487,	Delta[s](6) = 0.0126293,	Delta[s](7) = 0.0236487,	
	Delta[s](8) = 0.0341086,	Delta[s](9) = 0.0126293,	Delta[s](10) = 0.00233908,	Delta[s](11) = 0.0126293,	Delta[s](12) = 0.0420738,	
	Delta[s](13) = 0.0236487,	Delta[s](14) = 0.0126293,	Delta[s](15) = 0.0236487;	Delta[d](0) = 0.533907,	Delta[d](1) = 0.257538,	
	Delta[d](2) = 0.265281,	Delta[d](3) = 0.257538,	Delta[d](4) = 0.257538,	Delta[d](5) = 0.141947,	Delta[d](6) = 0.158535,	
	Delta[d](7) = 0.141947,	Delta[d](8) = 0.265281,	Delta[d](9) = 0.158535,	Delta[d](10) = 0.106264,	Delta[d](11) = 0.158535,	
	Delta[d](12) = 0.257538,	Delta[d](13) = 0.141947,	Delta[d](14) = 0.158535,	Delta[d](15) = 0.141947;	Delta[s+](0) = 0.518325,	
	Delta[s+](1) = 0.356286,	Delta[s+](2) = 0.265281,	Delta[s+](3) = 0.356286,	Delta[s+](4) = 0.356286,	Delta[s+](5) = 0.155953,	
	Delta[s+](6) = 0.0653974,	Delta[s+](7) = 0.155953,	Delta[s+](8) = 0.265281,	Delta[s+](9) = 0.0653974,	Delta[s+](10) = 0.0133415,	
	Delta[s+](11) = 0.0653974,	Delta[s+](12) = 0.356286,	Delta[s+](13) = 0.155953,	Delta[s+](14) = 0.0653974,	Delta[s+](15) = 0.155953
	
The 6-th iteration is completed.	|| time cost : 0h 1m 19.535s
********************************************************************************************************************
********************************************************************************************************************
Ground state is obtained after 7 iterations. The current ground-state energy is -37.3574, in which electron energy is -37.3768 and phonon energy is 0.0193557
Final variational state is: 
	Gamma_x = [      1,1.25808,1.14632,1.25808,1.25808, 1.1746,1.09309, 1.1746,1.14632,1.09309,  1.051,1.09309,1.25808, 1.1746,1.09309, 1.1746]
	lambda_q = [      3.5, 0.222597, 0.115548, 0.222597, 0.222597, 0.128354,0.0753346, 0.128354, 0.115548,0.0753346,0.0481384,0.0753346, 0.222597, 0.128354,0.0753346, 0.128354]
Effective e-e interactions mediated by phonons are:
	momentum-space Vq = [     -2.45, -0.257206, -0.112877, -0.257206, -0.257206, -0.125059,-0.0591326, -0.125059, -0.112877,-0.0591326,-0.0284196,-0.0591326, -0.257206, -0.125059,-0.0591326, -0.125059]
	real-space Vr = [ -0.27936,-0.176108,-0.137746,-0.176108,-0.176108,-0.140792, -0.12659,-0.140792,-0.137746, -0.12659,-0.121191, -0.12659,-0.176108,-0.140792, -0.12659,-0.140792]
********************************************************************************************************************
o___o  ----------------------------------------
| L |	Time since last clock: 0h 0m 0.008s
A===A	Time since the beginning: 0h 5m 23.558s
***********************************************


Non-Gaussina ED ground state calculation is completed. The final ground-state energy is -37.3574
********************************************************************************************************************
o___o  ----------------------------------------
| L |	Time since last clock: 0h 0m 0.003s
A===A	Time since the beginning: 0h 5m 23.562s
***********************************************



********************************************************************************************************************
All non-Gaussian ED ground state calculations have been completed. Exit now.
