SNEDics v3.4 Non-Gaussian ED ground state program		Start at Sun Sep 22 05:40:25 2019

parallized on 16 MPI threads  * 8 OpenMP threads = 128 total threads.
********************************************************************************************************************
********************************************************************************************************************

********************************************************************************************************************
System parameters and configurations
********************************************************************************************************************
Special program options are enabled: splitted diagonal Hamiltonian
********************************************************************************************************************
Read input file "model_params.in"
	Hubbard-Holstein model parameters : 	t = 1    g = 1.5811    W = 5    
********************************************************************************************************************
Read input file "hilbertspace_params.in"
	Requested 16-site 2D lattice, with 16 electrons (8, 8)
	Boundary : Periodic		Hilbert space representation : momentum-space (restricted to kIdx = 10)
	Conservation: particle number[U(1)]      spin[U(1)]     momentum
********************************************************************************************************************

Cluster Positions:				Cluster symmetry group : D4
 x ... x ... x ... x .....                       x ... x ... x ... x .....
 |           |           :                       |           |           :
 |           |           :                       |           |           :
12    13    14    15     x                       1     5     6     5     x
 |           |           :                       |           |           :
 |           |           :                       |           |           :
 8 --- 9 ---10 ---11 --- x                       2 --- 6 ---10 --- 6 --- x
 |           |           :                       |           |           :
 |           |           :                       |           |           :
 4     5     6     7     x                       1     5     6     5     x
 |           |           :                       |           |           :
 |           |           :                       |           |           :
 0 --- 1 --- 2 --- 3 --- x                       0 --- 1 --- 2 --- 1 --- x
orbital number : 1
********************************************************************************************************************
Read input file "obs_params.in"
	Observable Type : Nq(All),   Sq(All),   N(All),   Delta[s](All),   Delta[d](All),   Delta[s+](All)
********************************************************************************************************************
** WARNING ** the input observables have non-local factors which have been reinterpreted. The total observable number is 96
********************************************************************************************************************


********************************************************************************************************************
Start calculating the non-Gaussian ED ground state
** WARNING ** Detected low phonon energy W < 10. The initial state will be prepared through a warm-up process.
********************************************************************************************************************
Start warm-up calculation for scaling factor 2
open output files: NGSEDWarmUpW10Obs.txt
********************************************************************************************************************
Start the 0 rounds of NGS-ED iteration
	effective electronic model is modified as: kinetic energy t = 1
	                                           effective interaction Vq = [-0,-0,-0,-0,-0,-0,-0,-0,-0,-0,-0,-0,-0,-0,-0,-0]
	first Hamiltonian is constructed, non-zero numbers = 7586336
	PARPACK diagonalization completed after 30 matrix-vector product operations.
	iteration results: : total energy is -24.000000 | electron energy -24.000000 + phonon energy 0.000000 | electron momentum kIdx = 10
	Nq(0) = 16,	Nq(1) = 0.369139,	Nq(2) = 0.508775,	Nq(3) = 0.369139,	Nq(4) = 0.380861,	Nq(5) = 0.486919,	Nq(6) = 0.619139,	Nq(7) = 0.52782,	Nq(8) = 0.529662,	Nq(9) = 0.630861,	Nq(10) = 1.06055,	Nq(11) = 0.630861,	Nq(12) = 0.380861,	Nq(13) = 0.52782,	Nq(14) = 0.619139,	Nq(15) = 0.486919,	Sq(0) = 7.77272e-18,	Sq(1) = 0.369139,	Sq(2) = 0.556954,	Sq(3) = 0.369139,	Sq(4) = 0.380861,	Sq(5) = 0.483595,	Sq(6) = 0.619139,	Sq(7) = 0.485395,	Sq(8) = 0.492922,	Sq(9) = 0.630861,	Sq(10) = 0.883681,	Sq(11) = 0.630861,	Sq(12) = 0.380861,	Sq(13) = 0.485395,	Sq(14) = 0.619139,	Sq(15) = 0.483595,	N(0) = 2,	N(1) = 2,	N(2) = 1.07102,	N(3) = 2,	N(4) = 2,	N(5) = 0.504543,	N(6) = 3.9189e-26,	N(7) = 1.09067,	N(8) = 0.977246,	N(9) = 3.95575e-26,	N(10) = 1.33461e-26,	N(11) = 3.96537e-26,	N(12) = 2,	N(13) = 0.905021,	N(14) = 3.95077e-26,	N(15) = 1.4515,	Delta[s](0) = 0.383909,	Delta[s](1) = 0.27849,	Delta[s](2) = 0.270517,	Delta[s](3) = 0.344958,	Delta[s](4) = 0.283878,	Delta[s](5) = 0.20575,	Delta[s](6) = 0.171921,	Delta[s](7) = 0.268079,	Delta[s](8) = 0.273207,	Delta[s](9) = 0.155539,	Delta[s](10) = 0.101551,	Delta[s](11) = 0.222007,	Delta[s](12) = 0.328576,	Delta[s](13) = 0.277432,	Delta[s](14) = 0.216619,	Delta[s](15) = 0.281799,	Delta[d](0) = 0.385835,	Delta[d](1) = 0.273739,	Delta[d](2) = 0.26324,	Delta[d](3) = 0.312185,	Delta[d](4) = 0.259167,	Delta[d](5) = 0.2925,	Delta[d](6) = 0.224429,	Delta[d](7) = 0.204485,	Delta[d](8) = 0.236056,	Delta[d](9) = 0.187084,	Delta[d](10) = 0.147152,	Delta[d](11) = 0.225476,	Delta[d](12) = 0.274698,	Delta[d](13) = 0.202037,	Delta[d](14) = 0.240025,	Delta[d](15) = 0.220994,	Delta[s+](0) = 0.4976,	Delta[s+](1) = 0.38404,	Delta[s+](2) = 0.255207,	Delta[s+](3) = 0.423659,	Delta[s+](4) = 0.396743,	Delta[s+](5) = 0.18667,	Delta[s+](6) = 0.0879478,	Delta[s+](7) = 0.275383,	Delta[s+](8) = 0.259359,	Delta[s+](9) = 0.0772911,	Delta[s+](10) = 0.00341917,	Delta[s+](11) = 0.116957,	Delta[s+](12) = 0.412972,	Delta[s+](13) = 0.229042,	Delta[s+](14) = 0.104119,	Delta[s+](15) = 0.297054
The 0-th iteration is completed.	|| time cost : 0h 8m 48.771s
********************************************************************************************************************
Start the 1 rounds of NGS-ED iteration
	effective electronic model is modified as: kinetic energy (tx,ty)=(0.984507, 0.984499)
	                                           effective interaction Vq = [-0.432311,-0.413031,-0.404386,-0.413031,-0.413033,-0.402671,-0.397614,-0.404969, -0.40464,-0.397903,-0.405236,-0.397903,-0.413033,-0.404969,-0.397614,-0.402671]
	PARPACK diagonalization completed after 120 matrix-vector product operations.
	iteration results: : total energy is -34.376835 | electron energy -34.377140 + phonon energy 0.000305 | electron momentum kIdx = 10
The 1-th iteration is completed.	|| time cost : 0h 10m 26.048s
********************************************************************************************************************
Start the 2 rounds of NGS-ED iteration
	effective electronic model is modified as: kinetic energy (tx,ty)=(0.974746, 0.974743)
	                                           effective interaction Vq = [-0.490818, -0.47144,-0.453634, -0.47144,-0.471442,-0.453301,-0.453832,-0.453753,-0.453689,-0.453891,-0.480065,-0.453891,-0.471442,-0.453753,-0.453832,-0.453301]
	PARPACK diagonalization completed after 60 matrix-vector product operations.
	iteration results: : total energy is -35.685452 | electron energy -35.687348 + phonon energy 0.001896 | electron momentum kIdx = 10
The 2-th iteration is completed.	|| time cost : 0h 0m 46.455s
********************************************************************************************************************
Start the 3 rounds of NGS-ED iteration
	effective electronic model is modified as: kinetic energy t = 0.971757
	                                           effective interaction Vq = [-0.498736,-0.482674,-0.461415,-0.482674,-0.482675,-0.461335,-0.464957,-0.461444,-0.461429,-0.464972,-0.493276,-0.464972,-0.482675,-0.461444,-0.464957,-0.461335]
	PARPACK diagonalization completed after 45 matrix-vector product operations.
	iteration results: : total energy is -35.850452 | electron energy -35.853638 + phonon energy 0.003186 | electron momentum kIdx = 10
The 3-th iteration is completed.	|| time cost : 0h 0m 40.27s
********************************************************************************************************************
Start the 4 rounds of NGS-ED iteration
	effective electronic model is modified as: kinetic energy t = 0.970864
	                                           effective interaction Vq = [-0.499808,-0.485508,-0.463207,-0.485508,-0.485508,-0.463186,-0.467685,-0.463215,-0.463211,-0.467689,-0.496189,-0.467689,-0.485508,-0.463215,-0.467685,-0.463186]
	PARPACK diagonalization completed after 45 matrix-vector product operations.
	iteration results: : total energy is -35.871667 | electron energy -35.875415 + phonon energy 0.003748 | electron momentum kIdx = 10
The 4-th iteration is completed.	|| time cost : 0h 0m 39.786s
********************************************************************************************************************
Start the 5 rounds of NGS-ED iteration
	effective electronic model is modified as: kinetic energy t = 0.970597
	                                           effective interaction Vq = [-0.499953,-0.486317,-0.463655,-0.486317,-0.486317, -0.46365,-0.468408,-0.463657,-0.463656,-0.468409,-0.496989,-0.468409,-0.486317,-0.463657,-0.468408, -0.46365]
	PARPACK diagonalization completed after 45 matrix-vector product operations.
	iteration results: : total energy is -35.874426 | electron energy -35.878372 + phonon energy 0.003947 | electron momentum kIdx = 10
The 5-th iteration is completed.	|| time cost : 0h 0m 39.822s
********************************************************************************************************************
Start the 6 rounds of NGS-ED iteration
	effective electronic model is modified as: kinetic energy t = 0.970517
	                                           effective interaction Vq = [-0.499972,-0.486557,-0.463768,-0.486557,-0.486557,-0.463766,-0.468603,-0.463768,-0.463768,-0.468604,-0.497238,-0.468604,-0.486557,-0.463768,-0.468603,-0.463766]
	PARPACK diagonalization completed after 30 matrix-vector product operations.
	iteration results: : total energy is -35.874787 | electron energy -35.878799 + phonon energy 0.004012 | electron momentum kIdx = 10
The 6-th iteration is completed.	|| time cost : 0h 0m 33.805s
********************************************************************************************************************
Start the 7 rounds of NGS-ED iteration
	effective electronic model is modified as: kinetic energy t = 0.970493
	                                           effective interaction Vq = [-0.499975, -0.48663,-0.463795, -0.48663, -0.48663,-0.463794,-0.468656,-0.463795,-0.463795,-0.468656, -0.49732,-0.468656, -0.48663,-0.463795,-0.468656,-0.463794]
	PARPACK diagonalization completed after 30 matrix-vector product operations.
	iteration results: : total energy is -35.874835 | electron energy -35.878868 + phonon energy 0.004033 | electron momentum kIdx = 10
	Nq(0) = 16,	Nq(1) = 0.368031,	Nq(2) = 0.389088,	Nq(3) = 0.368031,	Nq(4) = 0.368031,	Nq(5) = 0.389088,	Nq(6) = 0.64072,	Nq(7) = 0.389088,	Nq(8) = 0.389088,	Nq(9) = 0.64072,	Nq(10) = 3.61292,	Nq(11) = 0.64072,	Nq(12) = 0.368031,	Nq(13) = 0.389088,	Nq(14) = 0.64072,	Nq(15) = 0.389088,	Sq(0) = -1.00156e-19,	Sq(1) = 0.307611,	Sq(2) = 0.347231,	Sq(3) = 0.307611,	Sq(4) = 0.307611,	Sq(5) = 0.347231,	Sq(6) = 0.532024,	Sq(7) = 0.347231,	Sq(8) = 0.347231,	Sq(9) = 0.532024,	Sq(10) = 0.575618,	Sq(11) = 0.532024,	Sq(12) = 0.307611,	Sq(13) = 0.347231,	Sq(14) = 0.532024,	Sq(15) = 0.347231,	N(0) = 1.99554,	N(1) = 1.98873,	N(2) = 1,	N(3) = 1.98873,	N(4) = 1.98873,	N(5) = 1,	N(6) = 0.0112663,	N(7) = 1,	N(8) = 1,	N(9) = 0.0112663,	N(10) = 0.00446082,	N(11) = 0.0112663,	N(12) = 1.98873,	N(13) = 1,	N(14) = 0.0112663,	N(15) = 1,	Delta[s](0) = 0.602508,	Delta[s](1) = 0.342017,	Delta[s](2) = 0.331115,	Delta[s](3) = 0.342017,	Delta[s](4) = 0.342017,	Delta[s](5) = 0.331115,	Delta[s](6) = 0.21763,	Delta[s](7) = 0.331115,	Delta[s](8) = 0.331115,	Delta[s](9) = 0.21763,	Delta[s](10) = 0.163441,	Delta[s](11) = 0.21763,	Delta[s](12) = 0.342017,	Delta[s](13) = 0.331115,	Delta[s](14) = 0.21763,	Delta[s](15) = 0.331115,	Delta[d](0) = 0.247426,	Delta[d](1) = 0.254287,	Delta[d](2) = 0.234565,	Delta[d](3) = 0.254287,	Delta[d](4) = 0.254287,	Delta[d](5) = 0.131643,	Delta[d](6) = 0.197367,	Delta[d](7) = 0.131643,	Delta[d](8) = 0.234565,	Delta[d](9) = 0.197367,	Delta[d](10) = 0.0158423,	Delta[d](11) = 0.197367,	Delta[d](12) = 0.254287,	Delta[d](13) = 0.131643,	Delta[d](14) = 0.197367,	Delta[d](15) = 0.131643,	Delta[s+](0) = 0.464718,	Delta[s+](1) = 0.376312,	Delta[s+](2) = 0.234565,	Delta[s+](3) = 0.376312,	Delta[s+](4) = 0.376312,	Delta[s+](5) = 0.234565,	Delta[s+](6) = 0.0890816,	Delta[s+](7) = 0.234565,	Delta[s+](8) = 0.234565,	Delta[s+](9) = 0.0890816,	Delta[s+](10) = 0.00699923,	Delta[s+](11) = 0.0890816,	Delta[s+](12) = 0.376312,	Delta[s+](13) = 0.234565,	Delta[s+](14) = 0.0890816,	Delta[s+](15) = 0.234565
The 7-th iteration is completed.	|| time cost : 0h 5m 35.855s
********************************************************************************************************************
********************************************************************************************************************
Ground state is obtained after 8 iterations. The current ground-state energy is -35.8748, in which electron energy is -35.8789 and phonon energy is 0.00403331
final variational state is: 
	Gamma_x = [      1,1.00504,1.00768,1.00504,1.00504,1.00768,1.01209,1.00768,1.00768,1.01209,1.02451,1.01209,1.00504,1.00768,1.01209,1.00768]
	lambda_q = [0.223526,0.187099,0.163456,0.187099,0.187099,0.163456, 0.16765,0.163456,0.163456, 0.16765, 0.20739, 0.16765,0.187099,0.163456, 0.16765,0.163456]
********************************************************************************************************************
o___o  ----------------------------------------
| L |	Time since last clock: 0h 0m 0s
A===A	Time since the beginning: 0h 28m 10.817s
***********************************************


********************************************************************************************************************
Warm up runs have been completed. Start calculating W = 5 phonon.
open output files: NGSEDIterationObs.txt
********************************************************************************************************************
Start the 0 rounds of NGS-ED iteration
	effective electronic model is modified as: kinetic energy t = 0.970486
	                                           effective interaction Vq = [-0.457015,-0.416615,-0.383291,-0.416615,-0.416615,-0.383291, -0.38961,-0.383291,-0.383291, -0.38961,-0.440756, -0.38961,-0.416615,-0.383291, -0.38961,-0.383291]
	PARPACK diagonalization completed after 45 matrix-vector product operations.
	iteration results: : total energy is -34.495413 | electron energy -34.497433 + phonon energy 0.002020 | electron momentum kIdx = 10
	Nq(0) = 16,	Nq(1) = 0.365033,	Nq(2) = 0.381219,	Nq(3) = 0.365033,	Nq(4) = 0.365033,	Nq(5) = 0.381219,	Nq(6) = 0.631848,	Nq(7) = 0.381219,	Nq(8) = 0.381219,	Nq(9) = 0.631848,	Nq(10) = 3.60464,	Nq(11) = 0.631848,	Nq(12) = 0.365033,	Nq(13) = 0.381219,	Nq(14) = 0.631848,	Nq(15) = 0.381219,	Sq(0) = 2.32808e-20,	Sq(1) = 0.314675,	Sq(2) = 0.351082,	Sq(3) = 0.314675,	Sq(4) = 0.314675,	Sq(5) = 0.351082,	Sq(6) = 0.542956,	Sq(7) = 0.351082,	Sq(8) = 0.351082,	Sq(9) = 0.542956,	Sq(10) = 0.583512,	Sq(11) = 0.542956,	Sq(12) = 0.314675,	Sq(13) = 0.351082,	Sq(14) = 0.542956,	Sq(15) = 0.351082,	N(0) = 1.99661,	N(1) = 1.99107,	N(2) = 1,	N(3) = 1.99107,	N(4) = 1.99107,	N(5) = 1,	N(6) = 0.00892526,	N(7) = 1,	N(8) = 1,	N(9) = 0.00892526,	N(10) = 0.00339485,	N(11) = 0.00892526,	N(12) = 1.99107,	N(13) = 1,	N(14) = 0.00892526,	N(15) = 1,	Delta[s](0) = 0.558738,	Delta[s](1) = 0.338351,	Delta[s](2) = 0.328836,	Delta[s](3) = 0.338351,	Delta[s](4) = 0.338351,	Delta[s](5) = 0.328836,	Delta[s](6) = 0.218648,	Delta[s](7) = 0.328836,	Delta[s](8) = 0.328836,	Delta[s](9) = 0.218648,	Delta[s](10) = 0.179986,	Delta[s](11) = 0.218648,	Delta[s](12) = 0.338351,	Delta[s](13) = 0.328836,	Delta[s](14) = 0.218648,	Delta[s](15) = 0.328836,	Delta[d](0) = 0.246542,	Delta[d](1) = 0.255963,	Delta[d](2) = 0.236738,	Delta[d](3) = 0.255963,	Delta[d](4) = 0.255963,	Delta[d](5) = 0.131061,	Delta[d](6) = 0.198947,	Delta[d](7) = 0.131061,	Delta[d](8) = 0.236738,	Delta[d](9) = 0.198947,	Delta[d](10) = 0.0155511,	Delta[d](11) = 0.198947,	Delta[d](12) = 0.255963,	Delta[d](13) = 0.131061,	Delta[d](14) = 0.198947,	Delta[d](15) = 0.131061,	Delta[s+](0) = 0.470375,	Delta[s+](1) = 0.379878,	Delta[s+](2) = 0.236738,	Delta[s+](3) = 0.379878,	Delta[s+](4) = 0.379878,	Delta[s+](5) = 0.236738,	Delta[s+](6) = 0.0901495,	Delta[s+](7) = 0.236738,	Delta[s+](8) = 0.236738,	Delta[s+](9) = 0.0901495,	Delta[s+](10) = 0.00752905,	Delta[s+](11) = 0.0901495,	Delta[s+](12) = 0.379878,	Delta[s+](13) = 0.236738,	Delta[s+](14) = 0.0901495,	Delta[s+](15) = 0.236738
The 0-th iteration is completed.	|| time cost : 0h 5m 40.042s
********************************************************************************************************************
Start the 1 rounds of NGS-ED iteration
	effective electronic model is modified as: kinetic energy t = 0.965494
	                                           effective interaction Vq = [-0.484171,-0.440667,-0.398448,-0.440667,-0.440667,-0.398448,-0.407119,-0.398448,-0.398448,-0.407119,-0.468874,-0.407119,-0.440667,-0.398448,-0.407119,-0.398448]
	PARPACK diagonalization completed after 45 matrix-vector product operations.
	iteration results: : total energy is -35.022808 | electron energy -35.029249 + phonon energy 0.006441 | electron momentum kIdx = 10
The 1-th iteration is completed.	|| time cost : 0h 0m 39.8s
********************************************************************************************************************
Start the 2 rounds of NGS-ED iteration
	effective electronic model is modified as: kinetic energy t = 0.962921
	                                           effective interaction Vq = [-0.494161,-0.451156,-0.404745,-0.451156,-0.451156,-0.404745,-0.414557,-0.404745,-0.404745,-0.414557,-0.481029,-0.414557,-0.451156,-0.404745,-0.414557,-0.404745]
	PARPACK diagonalization completed after 30 matrix-vector product operations.
	iteration results: : total energy is -35.210854 | electron energy -35.221051 + phonon energy 0.010197 | electron momentum kIdx = 10
The 2-th iteration is completed.	|| time cost : 0h 0m 33.893s
********************************************************************************************************************
Start the 3 rounds of NGS-ED iteration
	effective electronic model is modified as: kinetic energy t = 0.961612
	                                           effective interaction Vq = [-0.497837,-0.456021,-0.407461,-0.456021,-0.456021,-0.407461,-0.417841,-0.407461,-0.407461,-0.417841,-0.486621,-0.417841,-0.456021,-0.407461,-0.417841,-0.407461]
	PARPACK diagonalization completed after 30 matrix-vector product operations.
	iteration results: : total energy is -35.278271 | electron energy -35.291009 + phonon energy 0.012738 | electron momentum kIdx = 10
The 3-th iteration is completed.	|| time cost : 0h 0m 33.875s
********************************************************************************************************************
Start the 4 rounds of NGS-ED iteration
	effective electronic model is modified as: kinetic energy t = 0.960947
	                                           effective interaction Vq = [-0.499189,-0.458359,-0.408654,-0.458359,-0.458359,-0.408654, -0.41932,-0.408654,-0.408654, -0.41932,-0.489352, -0.41932,-0.458359,-0.408654, -0.41932,-0.408654]
	PARPACK diagonalization completed after 30 matrix-vector product operations.
	iteration results: : total energy is -35.302542 | electron energy -35.316835 + phonon energy 0.014293 | electron momentum kIdx = 10
The 4-th iteration is completed.	|| time cost : 0h 0m 33.967s
********************************************************************************************************************
Start the 5 rounds of NGS-ED iteration
	effective electronic model is modified as: kinetic energy t = 0.960608
	                                           effective interaction Vq = [-0.499686,-0.459506,-0.409183,-0.459506,-0.459506,-0.409183,-0.419991,-0.409183,-0.409183,-0.419991,-0.490751,-0.419991,-0.459506,-0.409183,-0.419991,-0.409183]
	PARPACK diagonalization completed after 30 matrix-vector product operations.
	iteration results: : total energy is -35.311309 | electron energy -35.326505 + phonon energy 0.015196 | electron momentum kIdx = 10
The 5-th iteration is completed.	|| time cost : 0h 0m 34.024s
********************************************************************************************************************
Start the 6 rounds of NGS-ED iteration
	effective electronic model is modified as: kinetic energy t = 0.960434
	                                           effective interaction Vq = [-0.499869,-0.460073,-0.409418,-0.460073,-0.460073,-0.409418,-0.420296,-0.409418,-0.409418,-0.420296,-0.491493,-0.420296,-0.460073,-0.409418,-0.420296,-0.409418]
	PARPACK diagonalization completed after 30 matrix-vector product operations.
	iteration results: : total energy is -35.314486 | electron energy -35.330191 + phonon energy 0.015705 | electron momentum kIdx = 10
The 6-th iteration is completed.	|| time cost : 0h 0m 33.824s
********************************************************************************************************************
Start the 7 rounds of NGS-ED iteration
	effective electronic model is modified as: kinetic energy t = 0.960345
	                                           effective interaction Vq = [-0.499936,-0.460353,-0.409522,-0.460353,-0.460353,-0.409522,-0.420433,-0.409522,-0.409522,-0.420433,-0.491895,-0.420433,-0.460353,-0.409522,-0.420433,-0.409522]
	PARPACK diagonalization completed after 30 matrix-vector product operations.
	iteration results: : total energy is -35.315640 | electron energy -35.331627 + phonon energy 0.015986 | electron momentum kIdx = 10
The 7-th iteration is completed.	|| time cost : 0h 0m 34.201s
********************************************************************************************************************
Start the 8 rounds of NGS-ED iteration
	effective electronic model is modified as: kinetic energy t = 0.960298
	                                           effective interaction Vq = [-0.499961,-0.460492,-0.409567,-0.460492,-0.460492,-0.409567,-0.420493,-0.409567,-0.409567,-0.420493,-0.492116,-0.420493,-0.460492,-0.409567,-0.420493,-0.409567]
	PARPACK diagonalization completed after 30 matrix-vector product operations.
	iteration results: : total energy is -35.316060 | electron energy -35.332201 + phonon energy 0.016141 | electron momentum kIdx = 10
The 8-th iteration is completed.	|| time cost : 0h 0m 34.075s
********************************************************************************************************************
Start the 9 rounds of NGS-ED iteration
	effective electronic model is modified as: kinetic energy t = 0.960274
	                                           effective interaction Vq = [ -0.49997, -0.46056,-0.409586, -0.46056, -0.46056,-0.409586, -0.42052,-0.409586,-0.409586, -0.42052,-0.492238, -0.42052, -0.46056,-0.409586, -0.42052,-0.409586]
	PARPACK diagonalization completed after 30 matrix-vector product operations.
	iteration results: : total energy is -35.316213 | electron energy -35.332439 + phonon energy 0.016226 | electron momentum kIdx = 10
The 9-th iteration is completed.	|| time cost : 0h 0m 34.312s
********************************************************************************************************************
Start the 10 rounds of NGS-ED iteration
	effective electronic model is modified as: kinetic energy t = 0.960262
	                                           effective interaction Vq = [-0.499973,-0.460594,-0.409594,-0.460594,-0.460594,-0.409594,-0.420531,-0.409594,-0.409594,-0.420531,-0.492306,-0.420531,-0.460594,-0.409594,-0.420531,-0.409594]
	PARPACK diagonalization completed after 30 matrix-vector product operations.
	iteration results: : total energy is -35.316269 | electron energy -35.332542 + phonon energy 0.016272 | electron momentum kIdx = 10
	Nq(0) = 16,	Nq(1) = 0.360753,	Nq(2) = 0.378882,	Nq(3) = 0.360753,	Nq(4) = 0.360753,	Nq(5) = 0.378882,	Nq(6) = 0.626927,	Nq(7) = 0.378882,	Nq(8) = 0.378882,	Nq(9) = 0.626927,	Nq(10) = 3.74874,	Nq(11) = 0.626927,	Nq(12) = 0.360753,	Nq(13) = 0.378882,	Nq(14) = 0.626927,	Nq(15) = 0.378882,	Sq(0) = -5.42361e-18,	Sq(1) = 0.307244,	Sq(2) = 0.347636,	Sq(3) = 0.307244,	Sq(4) = 0.307244,	Sq(5) = 0.347636,	Sq(6) = 0.533552,	Sq(7) = 0.347636,	Sq(8) = 0.347636,	Sq(9) = 0.533552,	Sq(10) = 0.578247,	Sq(11) = 0.533552,	Sq(12) = 0.307244,	Sq(13) = 0.347636,	Sq(14) = 0.533552,	Sq(15) = 0.347636,	N(0) = 1.99569,	N(1) = 1.98854,	N(2) = 1,	N(3) = 1.98854,	N(4) = 1.98854,	N(5) = 1,	N(6) = 0.0114584,	N(7) = 1,	N(8) = 1,	N(9) = 0.0114584,	N(10) = 0.0043128,	N(11) = 0.0114584,	N(12) = 1.98854,	N(13) = 1,	N(14) = 0.0114584,	N(15) = 1,	Delta[s](0) = 0.553359,	Delta[s](1) = 0.341898,	Delta[s](2) = 0.330684,	Delta[s](3) = 0.341898,	Delta[s](4) = 0.341898,	Delta[s](5) = 0.330684,	Delta[s](6) = 0.223613,	Delta[s](7) = 0.330684,	Delta[s](8) = 0.330684,	Delta[s](9) = 0.223613,	Delta[s](10) = 0.18687,	Delta[s](11) = 0.223613,	Delta[s](12) = 0.341898,	Delta[s](13) = 0.330684,	Delta[s](14) = 0.223613,	Delta[s](15) = 0.330684,	Delta[d](0) = 0.246264,	Delta[d](1) = 0.253043,	Delta[d](2) = 0.2358,	Delta[d](3) = 0.253043,	Delta[d](4) = 0.253043,	Delta[d](5) = 0.131815,	Delta[d](6) = 0.196477,	Delta[d](7) = 0.131815,	Delta[d](8) = 0.2358,	Delta[d](9) = 0.196477,	Delta[d](10) = 0.0173297,	Delta[d](11) = 0.196477,	Delta[d](12) = 0.253043,	Delta[d](13) = 0.131815,	Delta[d](14) = 0.196477,	Delta[d](15) = 0.131815,	Delta[s+](0) = 0.469013,	Delta[s+](1) = 0.37807,	Delta[s+](2) = 0.2358,	Delta[s+](3) = 0.37807,	Delta[s+](4) = 0.37807,	Delta[s+](5) = 0.2358,	Delta[s+](6) = 0.0896708,	Delta[s+](7) = 0.2358,	Delta[s+](8) = 0.2358,	Delta[s+](9) = 0.0896708,	Delta[s+](10) = 0.00840856,	Delta[s+](11) = 0.0896708,	Delta[s+](12) = 0.37807,	Delta[s+](13) = 0.2358,	Delta[s+](14) = 0.0896708,	Delta[s+](15) = 0.2358
The 10-th iteration is completed.	|| time cost : 0h 5m 34.917s
********************************************************************************************************************
Start the 11 rounds of NGS-ED iteration
	effective electronic model is modified as: kinetic energy t = 0.960255
	                                           effective interaction Vq = [-0.499975, -0.46061,-0.409598, -0.46061, -0.46061,-0.409598,-0.420535,-0.409598,-0.409598,-0.420535,-0.492344,-0.420535, -0.46061,-0.409598,-0.420535,-0.409598]
	PARPACK diagonalization completed after 30 matrix-vector product operations.
	iteration results: : total energy is -35.316290 | electron energy -35.332587 + phonon energy 0.016298 | electron momentum kIdx = 10
The 11-th iteration is completed.	|| time cost : 0h 0m 33.951s
********************************************************************************************************************
Start the 12 rounds of NGS-ED iteration
	effective electronic model is modified as: kinetic energy t = 0.960251
	                                           effective interaction Vq = [-0.499975,-0.460618,-0.409599,-0.460618,-0.460618,-0.409599,-0.420536,-0.409599,-0.409599,-0.420536,-0.492366,-0.420536,-0.460618,-0.409599,-0.420536,-0.409599]
	PARPACK diagonalization completed after 30 matrix-vector product operations.
	iteration results: : total energy is -35.316297 | electron energy -35.332609 + phonon energy 0.016311 | electron momentum kIdx = 10
The 12-th iteration is completed.	|| time cost : 0h 0m 33.729s
********************************************************************************************************************
Start the 13 rounds of NGS-ED iteration
	effective electronic model is modified as: kinetic energy t = 0.96025
	                                           effective interaction Vq = [-0.499975,-0.460621,-0.409599,-0.460621,-0.460621,-0.409599,-0.420537,-0.409599,-0.409599,-0.420537,-0.492377,-0.420537,-0.460621,-0.409599,-0.420537,-0.409599]
	PARPACK diagonalization completed after 30 matrix-vector product operations.
	iteration results: : total energy is -35.316300 | electron energy -35.332619 + phonon energy 0.016319 | electron momentum kIdx = 10
The 13-th iteration is completed.	|| time cost : 0h 0m 33.87s
********************************************************************************************************************
Start the 14 rounds of NGS-ED iteration
	effective electronic model is modified as: kinetic energy t = 0.960249
	                                           effective interaction Vq = [-0.499975,-0.460623,-0.409599,-0.460623,-0.460623,-0.409599,-0.420537,-0.409599,-0.409599,-0.420537,-0.492384,-0.420537,-0.460623,-0.409599,-0.420537,-0.409599]
	PARPACK diagonalization completed after 30 matrix-vector product operations.
	iteration results: : total energy is -35.316301 | electron energy -35.332624 + phonon energy 0.016323 | electron momentum kIdx = 10
The 14-th iteration is completed.	|| time cost : 0h 0m 33.874s
********************************************************************************************************************
Start the 15 rounds of NGS-ED iteration
	effective electronic model is modified as: kinetic energy t = 0.960248
	                                           effective interaction Vq = [-0.499975,-0.460624,-0.409599,-0.460624,-0.460624,-0.409599,-0.420537,-0.409599,-0.409599,-0.420537,-0.492388,-0.420537,-0.460624,-0.409599,-0.420537,-0.409599]
	PARPACK diagonalization completed after 30 matrix-vector product operations.
	iteration results: : total energy is -35.316301 | electron energy -35.332627 + phonon energy 0.016325 | electron momentum kIdx = 10
The 15-th iteration is completed.	|| time cost : 0h 0m 34.051s
********************************************************************************************************************
Start the 16 rounds of NGS-ED iteration
	effective electronic model is modified as: kinetic energy t = 0.960248
	                                           effective interaction Vq = [-0.499975,-0.460624,-0.409599,-0.460624,-0.460624,-0.409599,-0.420537,-0.409599,-0.409599,-0.420537, -0.49239,-0.420537,-0.460624,-0.409599,-0.420537,-0.409599]
	PARPACK diagonalization completed after 30 matrix-vector product operations.
	iteration results: : total energy is -35.316301 | electron energy -35.332628 + phonon energy 0.016327 | electron momentum kIdx = 10
The 16-th iteration is completed.	|| time cost : 0h 0m 34.11s
********************************************************************************************************************
Start the 17 rounds of NGS-ED iteration
	effective electronic model is modified as: kinetic energy t = 0.960248
	                                           effective interaction Vq = [-0.499975,-0.460624,-0.409599,-0.460624,-0.460624,-0.409599,-0.420537,-0.409599,-0.409599,-0.420537,-0.492391,-0.420537,-0.460624,-0.409599,-0.420537,-0.409599]
	PARPACK diagonalization completed after 30 matrix-vector product operations.
	iteration results: : total energy is -35.316301 | electron energy -35.332629 + phonon energy 0.016327 | electron momentum kIdx = 10
The 17-th iteration is completed.	|| time cost : 0h 0m 34.061s
********************************************************************************************************************
Start the 18 rounds of NGS-ED iteration
	effective electronic model is modified as: kinetic energy t = 0.960248
	                                           effective interaction Vq = [-0.499975,-0.460625,-0.409599,-0.460625,-0.460625,-0.409599,-0.420537,-0.409599,-0.409599,-0.420537,-0.492392,-0.420537,-0.460625,-0.409599,-0.420537,-0.409599]
	PARPACK diagonalization completed after 30 matrix-vector product operations.
	iteration results: : total energy is -35.316302 | electron energy -35.332629 + phonon energy 0.016328 | electron momentum kIdx = 10
The 18-th iteration is completed.	|| time cost : 0h 0m 33.762s
********************************************************************************************************************
Start the 19 rounds of NGS-ED iteration
	effective electronic model is modified as: kinetic energy t = 0.960248
	                                           effective interaction Vq = [-0.499975,-0.460625,-0.409599,-0.460625,-0.460625,-0.409599,-0.420537,-0.409599,-0.409599,-0.420537,-0.492392,-0.420537,-0.460625,-0.409599,-0.420537,-0.409599]
	PARPACK diagonalization completed after 30 matrix-vector product operations.
	iteration results: : total energy is -35.316302 | electron energy -35.332630 + phonon energy 0.016328 | electron momentum kIdx = 10
The 19-th iteration is completed.	|| time cost : 0h 0m 35.367s
********************************************************************************************************************
Start the 20 rounds of NGS-ED iteration
	effective electronic model is modified as: kinetic energy t = 0.960247
	                                           effective interaction Vq = [-0.499975,-0.460625,-0.409599,-0.460625,-0.460625,-0.409599,-0.420537,-0.409599,-0.409599,-0.420537,-0.492392,-0.420537,-0.460625,-0.409599,-0.420537,-0.409599]
	PARPACK diagonalization completed after 30 matrix-vector product operations.
	iteration results: : total energy is -35.316302 | electron energy -35.332630 + phonon energy 0.016328 | electron momentum kIdx = 10
	Nq(0) = 16,	Nq(1) = 0.360736,	Nq(2) = 0.378873,	Nq(3) = 0.360736,	Nq(4) = 0.360736,	Nq(5) = 0.378873,	Nq(6) = 0.626904,	Nq(7) = 0.378873,	Nq(8) = 0.378873,	Nq(9) = 0.626904,	Nq(10) = 3.74911,	Nq(11) = 0.626904,	Nq(12) = 0.360736,	Nq(13) = 0.378873,	Nq(14) = 0.626904,	Nq(15) = 0.378873,	Sq(0) = 7.45824e-18,	Sq(1) = 0.30723,	Sq(2) = 0.34763,	Sq(3) = 0.30723,	Sq(4) = 0.30723,	Sq(5) = 0.34763,	Sq(6) = 0.533537,	Sq(7) = 0.34763,	Sq(8) = 0.34763,	Sq(9) = 0.533537,	Sq(10) = 0.57824,	Sq(11) = 0.533537,	Sq(12) = 0.30723,	Sq(13) = 0.34763,	Sq(14) = 0.533537,	Sq(15) = 0.34763,	N(0) = 1.99569,	N(1) = 1.98854,	N(2) = 1,	N(3) = 1.98854,	N(4) = 1.98854,	N(5) = 1,	N(6) = 0.0114634,	N(7) = 1,	N(8) = 1,	N(9) = 0.0114634,	N(10) = 0.00431434,	N(11) = 0.0114634,	N(12) = 1.98854,	N(13) = 1,	N(14) = 0.0114634,	N(15) = 1,	Delta[s](0) = 0.553331,	Delta[s](1) = 0.341905,	Delta[s](2) = 0.330687,	Delta[s](3) = 0.341905,	Delta[s](4) = 0.341905,	Delta[s](5) = 0.330687,	Delta[s](6) = 0.223623,	Delta[s](7) = 0.330687,	Delta[s](8) = 0.330687,	Delta[s](9) = 0.223623,	Delta[s](10) = 0.186891,	Delta[s](11) = 0.223623,	Delta[s](12) = 0.341905,	Delta[s](13) = 0.330687,	Delta[s](14) = 0.223623,	Delta[s](15) = 0.330687,	Delta[d](0) = 0.246272,	Delta[d](1) = 0.253046,	Delta[d](2) = 0.235807,	Delta[d](3) = 0.253046,	Delta[d](4) = 0.253046,	Delta[d](5) = 0.131819,	Delta[d](6) = 0.196478,	Delta[d](7) = 0.131819,	Delta[d](8) = 0.235807,	Delta[d](9) = 0.196478,	Delta[d](10) = 0.0173303,	Delta[d](11) = 0.196478,	Delta[d](12) = 0.253046,	Delta[d](13) = 0.131819,	Delta[d](14) = 0.196478,	Delta[d](15) = 0.131819,	Delta[s+](0) = 0.469031,	Delta[s+](1) = 0.378082,	Delta[s+](2) = 0.235807,	Delta[s+](3) = 0.378082,	Delta[s+](4) = 0.378082,	Delta[s+](5) = 0.235807,	Delta[s+](6) = 0.0896715,	Delta[s+](7) = 0.235807,	Delta[s+](8) = 0.235807,	Delta[s+](9) = 0.0896715,	Delta[s+](10) = 0.008409,	Delta[s+](11) = 0.0896715,	Delta[s+](12) = 0.378082,	Delta[s+](13) = 0.235807,	Delta[s+](14) = 0.0896715,	Delta[s+](15) = 0.235807
The 20-th iteration is completed.	|| time cost : 0h 5m 55.678s
********************************************************************************************************************
Start the 21 rounds of NGS-ED iteration
	effective electronic model is modified as: kinetic energy t = 0.960247
	                                           effective interaction Vq = [-0.499975,-0.460625,-0.409599,-0.460625,-0.460625,-0.409599,-0.420537,-0.409599,-0.409599,-0.420537,-0.492392,-0.420537,-0.460625,-0.409599,-0.420537,-0.409599]
	PARPACK diagonalization completed after 30 matrix-vector product operations.
	iteration results: : total energy is -35.316302 | electron energy -35.332630 + phonon energy 0.016328 | electron momentum kIdx = 10
The 21-th iteration is completed.	|| time cost : 0h 0m 33.983s
********************************************************************************************************************
Start the 22 rounds of NGS-ED iteration
	effective electronic model is modified as: kinetic energy t = 0.960247
	                                           effective interaction Vq = [-0.499975,-0.460625,-0.409599,-0.460625,-0.460625,-0.409599,-0.420537,-0.409599,-0.409599,-0.420537,-0.492392,-0.420537,-0.460625,-0.409599,-0.420537,-0.409599]
	PARPACK diagonalization completed after 30 matrix-vector product operations.
	iteration results: : total energy is -35.316302 | electron energy -35.332630 + phonon energy 0.016328 | electron momentum kIdx = 10
The 22-th iteration is completed.	|| time cost : 0h 0m 33.961s
********************************************************************************************************************
Start the 23 rounds of NGS-ED iteration
	effective electronic model is modified as: kinetic energy t = 0.960247
	                                           effective interaction Vq = [-0.499975,-0.460625,-0.409599,-0.460625,-0.460625,-0.409599,-0.420537,-0.409599,-0.409599,-0.420537,-0.492392,-0.420537,-0.460625,-0.409599,-0.420537,-0.409599]
	PARPACK diagonalization completed after 30 matrix-vector product operations.
	iteration results: : total energy is -35.316302 | electron energy -35.332630 + phonon energy 0.016328 | electron momentum kIdx = 10
