TACC:  Starting up job 4238623 
TACC:  Starting parallel tasks... 
SNEDics v3.4 Non-Gaussian ED ground state program		Start at Tue Aug 27 03:22:36 2019

parallized on 32 MPI threads  * 6 OpenMP threads = 192 total threads.
********************************************************************************************************************
********************************************************************************************************************

********************************************************************************************************************
System parameters and configurations
********************************************************************************************************************
Special program options are enabled: splitted diagonal Hamiltonian
********************************************************************************************************************
Read input file "model_params.in"
	Hubbard-Holstein model parameters : 	t = 1    U = 6.9    g = 2    W = 1    
********************************************************************************************************************
Read input file "hilbertspace_params.in"
	Requested 16-site 2D lattice, with 14 electrons (7, 7)
	Boundary : Periodic		Hilbert space representation : momentum-space (restricted to kIdx = 0)
	Conservation: particle number[U(1)]      spin[U(1)]     momentum
********************************************************************************************************************

Cluster Positions:				Cluster symmetry group : D4
 x ... x ... x ... x .....                       x ... x ... x ... x .....
 |           |           :                       |           |           :
 |           |           :                       |           |           :
12    13    14    15     x                       1     5     6     5     x
 |           |           :                       |           |           :
 |           |           :                       |           |           :
 8 --- 9 ---10 ---11 --- x                       2 --- 6 ---10 --- 6 --- x
 |           |           :                       |           |           :
 |           |           :                       |           |           :
 4     5     6     7     x                       1     5     6     5     x
 |           |           :                       |           |           :
 |           |           :                       |           |           :
 0 --- 1 --- 2 --- 3 --- x                       0 --- 1 --- 2 --- 1 --- x
orbital number : 1
********************************************************************************************************************
Read input file "obs_params.in"
	Observable Type : Nq[All],   Sq[All],   N[All]
********************************************************************************************************************
** WARNING ** the input observables have non-local factors which have been reinterpreted. The total observable number is 48
********************************************************************************************************************


********************************************************************************************************************
Start calculating the non-Gaussian ED ground state
** WARNING ** Detected low phonon energy W < 10. The initial state will be prepared through a warm-up process.
********************************************************************************************************************
Start warm-up calculation for scaling factor 16
open output files: NGSEDWarmUpW16Obs.txt
********************************************************************************************************************
Start the 0 rounds of NGS-ED iteration
	effective electronic model is modified as: kinetic energy t = 1
	                                           effective interaction Vq = [0,0,0,0,0,0,0,0,0,0,0,0,0,0,0,0]
	first Hamiltonian is constructed, non-zero numbers = 2178478298
	PARPACK diagonalization completed after 165 matrix-vector product operations.
	iteration results: : total energy is -12.646199 | electron energy -12.646199 + phonon energy 0.000000 | electron momentum kIdx = 0
	Nq(0) = 12.25,	Nq(1) = 0.164694,	Nq(2) = 0.203323,	Nq(3) = 0.164694,	Nq(4) = 0.164694,	Nq(5) = 0.225272,	Nq(6) = 0.262066,	Nq(7) = 0.225272,	Nq(8) = 0.203323,	Nq(9) = 0.262066,	Nq(10) = 0.306661,	Nq(11) = 0.262066,	Nq(12) = 0.164694,	Nq(13) = 0.225272,	Nq(14) = 0.262066,	Nq(15) = 0.225272,	Sq(0) = 6.88066e-18,	Sq(1) = 0.475166,	Sq(2) = 0.746511,	Sq(3) = 0.475166,	Sq(4) = 0.475166,	Sq(5) = 0.620344,	Sq(6) = 1.00647,	Sq(7) = 0.620344,	Sq(8) = 0.746511,	Sq(9) = 1.00647,	Sq(10) = 2.52765,	Sq(11) = 1.00647,	Sq(12) = 0.475166,	Sq(13) = 0.620344,	Sq(14) = 1.00647,	Sq(15) = 0.620344,	N(0) = 1.80032,	N(1) = 1.65444,	N(2) = 0.266522,	N(3) = 1.65444,	N(4) = 1.65444,	N(5) = 0.999525,	N(6) = 0.229236,	N(7) = 0.999525,	N(8) = 0.266522,	N(9) = 0.229236,	N(10) = 0.133823,	N(11) = 0.229236,	N(12) = 1.65444,	N(13) = 0.999525,	N(14) = 0.229236,	N(15) = 0.999525
The 0-th iteration is completed.	|| time cost : 0h 2m 8.888s
********************************************************************************************************************
Start the 1 rounds of NGS-ED iteration
	effective electronic model is modified as: kinetic energy t = 0.896291
	                                           effective interaction Vq = [-3.83695,-3.67085,-3.55867,-3.67085,-3.67085,-3.58815,-3.51091,-3.58815,-3.55867,-3.51091, -3.4634,-3.51091,-3.67085,-3.58815,-3.51091,-3.58815]
	PARPACK diagonalization completed after 60 matrix-vector product operations.
	iteration results: : total energy is -75.518339 | electron energy -75.526574 + phonon energy 0.008235 | electron momentum kIdx = 0
The 1-th iteration is completed.	|| time cost : 0h 2m 45.262s
********************************************************************************************************************
Start the 2 rounds of NGS-ED iteration
	effective electronic model is modified as: kinetic energy t = 0.845133
	                                           effective interaction Vq = [-3.99335,-3.93904,-3.93937,-3.93904,-3.93904,-3.89639,-3.86312,-3.89639,-3.93937,-3.86312, -3.8052,-3.86312,-3.93904,-3.89639,-3.86312,-3.89639]
	PARPACK diagonalization completed after 120 matrix-vector product operations.
	iteration results: : total energy is -79.312551 | electron energy -79.359101 + phonon energy 0.046549 | electron momentum kIdx = 0
The 2-th iteration is completed.	|| time cost : 0h 0m 41.49s
********************************************************************************************************************
Start the 3 rounds of NGS-ED iteration
	effective electronic model is modified as: kinetic energy t = 0.831254
	                                           effective interaction Vq = [-3.99973,-3.96685,-3.96596,-3.96685,-3.96685,-3.95743,-3.91193,-3.95743,-3.96596,-3.91193,-3.87806,-3.91193,-3.96685,-3.95743,-3.91193,-3.95743]
	PARPACK diagonalization completed after 60 matrix-vector product operations.
	iteration results: : total energy is -79.507889 | electron energy -79.568041 + phonon energy 0.060152 | electron momentum kIdx = 0
The 3-th iteration is completed.	|| time cost : 0h 0m 23.958s
********************************************************************************************************************
Start the 4 rounds of NGS-ED iteration
	effective electronic model is modified as: kinetic energy t = 0.828043
	                                           effective interaction Vq = [-3.99999,-3.97144,-3.96812,-3.97144,-3.97144,-3.96617,-3.92129,-3.96617,-3.96812,-3.92129,-3.90578,-3.92129,-3.97144,-3.96617,-3.92129,-3.96617]
	PARPACK diagonalization completed after 45 matrix-vector product operations.
	iteration results: : total energy is -79.518432 | electron energy -79.582202 + phonon energy 0.063770 | electron momentum kIdx = 0
The 4-th iteration is completed.	|| time cost : 0h 0m 20.869s
********************************************************************************************************************
Start the 5 rounds of NGS-ED iteration
	effective electronic model is modified as: kinetic energy t = 0.827069
	                                           effective interaction Vq = [      -4,-3.97249,-3.96736,-3.97249,-3.97249,-3.96689,-3.92357,-3.96689,-3.96736,-3.92357,-3.92377,-3.92357,-3.97249,-3.96689,-3.92357,-3.96689]
	PARPACK diagonalization completed after 45 matrix-vector product operations.
	iteration results: : total energy is -79.521085 | electron energy -79.586022 + phonon energy 0.064937 | electron momentum kIdx = 0
The 5-th iteration is completed.	|| time cost : 0h 0m 18.215s
********************************************************************************************************************
Start the 6 rounds of NGS-ED iteration
	effective electronic model is modified as: kinetic energy t = 0.826597
	                                           effective interaction Vq = [      -4,-3.97281,-3.96596,-3.97281,-3.97281,-3.96585,-3.92427,-3.96585,-3.96596,-3.92427,-3.93885,-3.92427,-3.97281,-3.96585,-3.92427,-3.96585]
	PARPACK diagonalization completed after 45 matrix-vector product operations.
	iteration results: : total energy is -79.523695 | electron energy -79.589271 + phonon energy 0.065576 | electron momentum kIdx = 0
The 6-th iteration is completed.	|| time cost : 0h 0m 18.243s
********************************************************************************************************************
Start the 7 rounds of NGS-ED iteration
	effective electronic model is modified as: kinetic energy t = 0.82632
	                                           effective interaction Vq = [      -4,-3.97286,-3.96407,-3.97286,-3.97286,-3.96405,-3.92443,-3.96405,-3.96407,-3.92443,-3.95202,-3.92443,-3.97286,-3.96405,-3.92443,-3.96405]
	PARPACK diagonalization completed after 45 matrix-vector product operations.
	iteration results: : total energy is -79.526558 | electron energy -79.592634 + phonon energy 0.066076 | electron momentum kIdx = 0
The 7-th iteration is completed.	|| time cost : 0h 0m 18.251s
********************************************************************************************************************
Start the 8 rounds of NGS-ED iteration
	effective electronic model is modified as: kinetic energy t = 0.826226
	                                           effective interaction Vq = [      -4, -3.9727, -3.9618, -3.9727, -3.9727, -3.9618,-3.92418, -3.9618, -3.9618,-3.92418,-3.96238,-3.92418, -3.9727, -3.9618,-3.92418, -3.9618]
	PARPACK diagonalization completed after 45 matrix-vector product operations.
	iteration results: : total energy is -79.529010 | electron energy -79.595472 + phonon energy 0.066462 | electron momentum kIdx = 0
The 8-th iteration is completed.	|| time cost : 0h 0m 18.21s
********************************************************************************************************************
Start the 9 rounds of NGS-ED iteration
	effective electronic model is modified as: kinetic energy t = 0.826284
	                                           effective interaction Vq = [      -4,-3.97239, -3.9596,-3.97239,-3.97239, -3.9596,-3.92367, -3.9596, -3.9596,-3.92367,-3.96921,-3.92367,-3.97239, -3.9596,-3.92367, -3.9596]
	PARPACK diagonalization completed after 45 matrix-vector product operations.
	iteration results: : total energy is -79.530434 | electron energy -79.597136 + phonon energy 0.066703 | electron momentum kIdx = 0
The 9-th iteration is completed.	|| time cost : 0h 0m 18.258s
********************************************************************************************************************
Start the 10 rounds of NGS-ED iteration
	effective electronic model is modified as: kinetic energy t = 0.826396
	                                           effective interaction Vq = [      -4,-3.97209,-3.95794,-3.97209,-3.97209,-3.95794,-3.92315,-3.95794,-3.95794,-3.92315,-3.97305,-3.92315,-3.97209,-3.95794,-3.92315,-3.95794]
	PARPACK diagonalization completed after 30 matrix-vector product operations.
	iteration results: : total energy is -79.531005 | electron energy -79.597824 + phonon energy 0.066819 | electron momentum kIdx = 0
	Nq(0) = 12.25,	Nq(1) = 0.410826,	Nq(2) = 0.639346,	Nq(3) = 0.410826,	Nq(4) = 0.410826,	Nq(5) = 0.639346,	Nq(6) = 0.68212,	Nq(7) = 0.639346,	Nq(8) = 0.639346,	Nq(9) = 0.68212,	Nq(10) = 1.69129,	Nq(11) = 0.68212,	Nq(12) = 0.410826,	Nq(13) = 0.639346,	Nq(14) = 0.68212,	Nq(15) = 0.639346,	Sq(0) = -3.72533e-18,	Sq(1) = 0.296341,	Sq(2) = 0.34085,	Sq(3) = 0.296341,	Sq(4) = 0.296341,	Sq(5) = 0.34085,	Sq(6) = 0.514456,	Sq(7) = 0.34085,	Sq(8) = 0.34085,	Sq(9) = 0.514456,	Sq(10) = 0.562558,	Sq(11) = 0.514456,	Sq(12) = 0.296341,	Sq(13) = 0.34085,	Sq(14) = 0.514456,	Sq(15) = 0.34085,	N(0) = 1.99292,	N(1) = 1.98133,	N(2) = 0.670308,	N(3) = 1.98133,	N(4) = 1.98133,	N(5) = 0.670308,	N(6) = 0.0135495,	N(7) = 0.670308,	N(8) = 0.670308,	N(9) = 0.0135495,	N(10) = 0.00570046,	N(11) = 0.0135495,	N(12) = 1.98133,	N(13) = 0.670308,	N(14) = 0.0135495,	N(15) = 0.670308
The 10-th iteration is completed.	|| time cost : 0h 0m 40.234s
********************************************************************************************************************
Start the 11 rounds of NGS-ED iteration
	effective electronic model is modified as: kinetic energy t = 0.826489
	                                           effective interaction Vq = [      -4,-3.97186,-3.95691,-3.97186,-3.97186,-3.95691,-3.92276,-3.95691,-3.95691,-3.92276,-3.97503,-3.92276,-3.97186,-3.95691,-3.92276,-3.95691]
	PARPACK diagonalization completed after 30 matrix-vector product operations.
	iteration results: : total energy is -79.531183 | electron energy -79.598048 + phonon energy 0.066865 | electron momentum kIdx = 0
The 11-th iteration is completed.	|| time cost : 0h 0m 15.404s
********************************************************************************************************************
Start the 12 rounds of NGS-ED iteration
	effective electronic model is modified as: kinetic energy t = 0.826549
	                                           effective interaction Vq = [      -4,-3.97173,-3.95634,-3.97173,-3.97173,-3.95634,-3.92253,-3.95634,-3.95634,-3.92253,  -3.976,-3.92253,-3.97173,-3.95634,-3.92253,-3.95634]
	PARPACK diagonalization completed after 30 matrix-vector product operations.
	iteration results: : total energy is -79.531231 | electron energy -79.598111 + phonon energy 0.066880 | electron momentum kIdx = 0
The 12-th iteration is completed.	|| time cost : 0h 0m 15.419s
********************************************************************************************************************
Start the 13 rounds of NGS-ED iteration
	effective electronic model is modified as: kinetic energy t = 0.826582
	                                           effective interaction Vq = [      -4,-3.97166,-3.95604,-3.97166,-3.97166,-3.95604, -3.9224,-3.95604,-3.95604, -3.9224,-3.97647, -3.9224,-3.97166,-3.95604, -3.9224,-3.95604]
	PARPACK diagonalization completed after 30 matrix-vector product operations.
	iteration results: : total energy is -79.531243 | electron energy -79.598128 + phonon energy 0.066885 | electron momentum kIdx = 0
	Nq(0) = 12.25,	Nq(1) = 0.409247,	Nq(2) = 0.632677,	Nq(3) = 0.409247,	Nq(4) = 0.409247,	Nq(5) = 0.632677,	Nq(6) = 0.680326,	Nq(7) = 0.632677,	Nq(8) = 0.632677,	Nq(9) = 0.680326,	Nq(10) = 1.74316,	Nq(11) = 0.680326,	Nq(12) = 0.409247,	Nq(13) = 0.632677,	Nq(14) = 0.680326,	Nq(15) = 0.632677,	Sq(0) = -7.56215e-18,	Sq(1) = 0.2965,	Sq(2) = 0.340876,	Sq(3) = 0.2965,	Sq(4) = 0.2965,	Sq(5) = 0.340876,	Sq(6) = 0.51466,	Sq(7) = 0.340876,	Sq(8) = 0.340876,	Sq(9) = 0.51466,	Sq(10) = 0.562596,	Sq(11) = 0.51466,	Sq(12) = 0.2965,	Sq(13) = 0.340876,	Sq(14) = 0.51466,	Sq(15) = 0.340876,	N(0) = 1.99294,	N(1) = 1.98132,	N(2) = 0.670299,	N(3) = 1.98132,	N(4) = 1.98132,	N(5) = 0.670299,	N(6) = 0.0135774,	N(7) = 0.670299,	N(8) = 0.670299,	N(9) = 0.0135774,	N(10) = 0.00569633,	N(11) = 0.0135774,	N(12) = 1.98132,	N(13) = 0.670299,	N(14) = 0.0135774,	N(15) = 0.670299
The 13-th iteration is completed.	|| time cost : 0h 0m 40.181s
********************************************************************************************************************
********************************************************************************************************************
Ground state is obtained after 14 iterations. The current ground-state energy is -79.5312, in which electron energy is -79.5981 and phonon energy is 0.0668852
final variational state is: 
	Gamma_x = [      1,1.01591,1.03018,1.01591,1.01591,1.03018,1.04163,1.03018,1.03018,1.04163,1.06325,1.04163,1.01591,1.03018,1.04163,1.03018]
	lambda_q = [     0.5,0.457883,0.447498,0.457883,0.457883,0.447498,0.430328,0.447498,0.447498,0.430328,0.461839,0.430328,0.457883,0.447498,0.430328,0.447498]
********************************************************************************************************************
o___o  ----------------------------------------
| L |	Time since last clock: 0h 0m 0s
A===A	Time since the beginning: 0h 9m 42.888s
***********************************************

********************************************************************************************************************
Start warm-up calculation for scaling factor 8
open output files: NGSEDWarmUpW8Obs.txt
********************************************************************************************************************
Start the 0 rounds of NGS-ED iteration
	effective electronic model is modified as: kinetic energy t = 0.826599
	                                           effective interaction Vq = [-3.65685, -3.5031,-3.46083, -3.5031, -3.5031,-3.46083,-3.38715,-3.46083,-3.46083,-3.38715,-3.51875,-3.38715, -3.5031,-3.46083,-3.38715,-3.46083]
	PARPACK diagonalization completed after 45 matrix-vector product operations.
	iteration results: : total energy is -70.715618 | electron energy -70.749061 + phonon energy 0.033443 | electron momentum kIdx = 0
	Nq(0) = 12.25,	Nq(1) = 0.378785,	Nq(2) = 0.543154,	Nq(3) = 0.378785,	Nq(4) = 0.378785,	Nq(5) = 0.543154,	Nq(6) = 0.601882,	Nq(7) = 0.543154,	Nq(8) = 0.543154,	Nq(9) = 0.601882,	Nq(10) = 1.73979,	Nq(11) = 0.601882,	Nq(12) = 0.378785,	Nq(13) = 0.543154,	Nq(14) = 0.601882,	Nq(15) = 0.543154,	Sq(0) = -2.87173e-18,	Sq(1) = 0.369759,	Sq(2) = 0.374289,	Sq(3) = 0.369759,	Sq(4) = 0.369759,	Sq(5) = 0.374289,	Sq(6) = 0.619922,	Sq(7) = 0.374289,	Sq(8) = 0.374289,	Sq(9) = 0.619922,	Sq(10) = 0.624151,	Sq(11) = 0.619922,	Sq(12) = 0.369759,	Sq(13) = 0.374289,	Sq(14) = 0.619922,	Sq(15) = 0.374289,	N(0) = 1.99985,	N(1) = 1.99945,	N(2) = 0.666761,	N(3) = 1.99945,	N(4) = 1.99945,	N(5) = 0.66676,	N(6) = 0.000412076,	N(7) = 0.66676,	N(8) = 0.666761,	N(9) = 0.000412076,	N(10) = 0.000137477,	N(11) = 0.000412076,	N(12) = 1.99945,	N(13) = 0.66676,	N(14) = 0.000412076,	N(15) = 0.66676
The 0-th iteration is completed.	|| time cost : 0h 0m 48.574s
********************************************************************************************************************
Start the 1 rounds of NGS-ED iteration
	effective electronic model is modified as: kinetic energy t = 0.778589
	                                           effective interaction Vq = [-3.93072,-3.78337,-3.72469,-3.78337,-3.78337,-3.72469,-3.64087,-3.72469,-3.72469,-3.64087,-3.82328,-3.64087,-3.78337,-3.72469,-3.64087,-3.72469]
	PARPACK diagonalization completed after 45 matrix-vector product operations.
	iteration results: : total energy is -75.314468 | electron energy -75.459828 + phonon energy 0.145360 | electron momentum kIdx = 0
The 1-th iteration is completed.	|| time cost : 0h 0m 22.172s
********************************************************************************************************************
Start the 2 rounds of NGS-ED iteration
	effective electronic model is modified as: kinetic energy t = 0.755993
	                                           effective interaction Vq = [-3.98601,-3.86787,-3.81513,-3.86787,-3.86787,-3.81513,-3.73214,-3.81513,-3.81513,-3.73214,-3.91951,-3.73214,-3.86787,-3.81513,-3.73214,-3.81513]
	PARPACK diagonalization completed after 45 matrix-vector product operations.
	iteration results: : total energy is -76.259744 | electron energy -76.473245 + phonon energy 0.213501 | electron momentum kIdx = 0
The 2-th iteration is completed.	|| time cost : 0h 0m 20.337s
********************************************************************************************************************
Start the 3 rounds of NGS-ED iteration
	effective electronic model is modified as: kinetic energy t = 0.74582
	                                           effective interaction Vq = [-3.99718,-3.89744,-3.84966,-3.89744,-3.89744,-3.84966,-3.76863,-3.84966,-3.84966,-3.76863, -3.9504,-3.76863,-3.89744,-3.84966,-3.76863,-3.84966]
	PARPACK diagonalization completed after 45 matrix-vector product operations.
	iteration results: : total energy is -76.449075 | electron energy -76.694597 + phonon energy 0.245523 | electron momentum kIdx = 0
The 3-th iteration is completed.	|| time cost : 0h 0m 18.278s
********************************************************************************************************************
Start the 4 rounds of NGS-ED iteration
	effective electronic model is modified as: kinetic energy t = 0.741291
	                                           effective interaction Vq = [-3.99943,-3.90903,-3.86392,-3.90903,-3.90903,-3.86392,-3.78443,-3.86392,-3.86392,-3.78443,-3.96103,-3.78443,-3.90903,-3.86392,-3.78443,-3.86392]
	PARPACK diagonalization completed after 30 matrix-vector product operations.
	iteration results: : total energy is -76.486589 | electron energy -76.746350 + phonon energy 0.259762 | electron momentum kIdx = 0
The 4-th iteration is completed.	|| time cost : 0h 0m 15.408s
********************************************************************************************************************
Start the 5 rounds of NGS-ED iteration
	effective electronic model is modified as: kinetic energy t = 0.739267
	                                           effective interaction Vq = [-3.99988,-3.91391,-3.87011,-3.91391,-3.91391,-3.87011,-3.79162,-3.87011,-3.87011,-3.79162,-3.96487,-3.79162,-3.91391,-3.87011,-3.79162,-3.87011]
	PARPACK diagonalization completed after 30 matrix-vector product operations.
	iteration results: : total energy is -76.494027 | electron energy -76.760042 + phonon energy 0.266015 | electron momentum kIdx = 0
The 5-th iteration is completed.	|| time cost : 0h 0m 15.401s
********************************************************************************************************************
Start the 6 rounds of NGS-ED iteration
	effective electronic model is modified as: kinetic energy t = 0.738353
	                                           effective interaction Vq = [-3.99998,-3.91606,-3.87288,-3.91606,-3.91606,-3.87288,  -3.795,-3.87288,-3.87288,  -3.795,-3.96627,  -3.795,-3.91606,-3.87288,  -3.795,-3.87288]
	PARPACK diagonalization completed after 30 matrix-vector product operations.
	iteration results: : total energy is -76.495512 | electron energy -76.764274 + phonon energy 0.268762 | electron momentum kIdx = 0
The 6-th iteration is completed.	|| time cost : 0h 0m 15.403s
********************************************************************************************************************
Start the 7 rounds of NGS-ED iteration
	effective electronic model is modified as: kinetic energy t = 0.737936
	                                           effective interaction Vq = [      -4,-3.91703,-3.87415,-3.91703,-3.91703,-3.87415,-3.79662,-3.87415,-3.87415,-3.79662,-3.96677,-3.79662,-3.91703,-3.87415,-3.79662,-3.87415]
	PARPACK diagonalization completed after 30 matrix-vector product operations.
	iteration results: : total energy is -76.495811 | electron energy -76.765788 + phonon energy 0.269977 | electron momentum kIdx = 0
The 7-th iteration is completed.	|| time cost : 0h 0m 15.384s
********************************************************************************************************************
Start the 8 rounds of NGS-ED iteration
	effective electronic model is modified as: kinetic energy t = 0.737743
	                                           effective interaction Vq = [      -4,-3.91748,-3.87473,-3.91748,-3.91748,-3.87473,-3.79741,-3.87473,-3.87473,-3.79741,-3.96693,-3.79741,-3.91748,-3.87473,-3.79741,-3.87473]
	PARPACK diagonalization completed after 30 matrix-vector product operations.
	iteration results: : total energy is -76.495872 | electron energy -76.766392 + phonon energy 0.270520 | electron momentum kIdx = 0
The 8-th iteration is completed.	|| time cost : 0h 0m 15.374s
********************************************************************************************************************
Start the 9 rounds of NGS-ED iteration
	effective electronic model is modified as: kinetic energy t = 0.737652
	                                           effective interaction Vq = [      -4, -3.9177,-3.87501, -3.9177, -3.9177,-3.87501, -3.7978,-3.87501,-3.87501, -3.7978,-3.96698, -3.7978, -3.9177,-3.87501, -3.7978,-3.87501]
	PARPACK diagonalization completed after 30 matrix-vector product operations.
	iteration results: : total energy is -76.495885 | electron energy -76.766649 + phonon energy 0.270764 | electron momentum kIdx = 0
	Nq(0) = 12.25,	Nq(1) = 0.388749,	Nq(2) = 0.58415,	Nq(3) = 0.388749,	Nq(4) = 0.388749,	Nq(5) = 0.58415,	Nq(6) = 0.632572,	Nq(7) = 0.58415,	Nq(8) = 0.58415,	Nq(9) = 0.632572,	Nq(10) = 2.26656,	Nq(11) = 0.632572,	Nq(12) = 0.388749,	Nq(13) = 0.58415,	Nq(14) = 0.632572,	Nq(15) = 0.58415,	Sq(0) = -2.68789e-18,	Sq(1) = 0.300055,	Sq(2) = 0.341948,	Sq(3) = 0.300055,	Sq(4) = 0.300055,	Sq(5) = 0.341948,	Sq(6) = 0.519381,	Sq(7) = 0.341948,	Sq(8) = 0.341948,	Sq(9) = 0.519381,	Sq(10) = 0.563827,	Sq(11) = 0.519381,	Sq(12) = 0.300055,	Sq(13) = 0.341948,	Sq(14) = 0.519381,	Sq(15) = 0.341948,	N(0) = 1.99329,	N(1) = 1.98014,	N(2) = 0.669944,	N(3) = 1.98014,	N(4) = 1.98014,	N(5) = 0.669944,	N(6) = 0.0152565,	N(7) = 0.669944,	N(8) = 0.669944,	N(9) = 0.0152565,	N(10) = 0.00546937,	N(11) = 0.0152565,	N(12) = 1.98014,	N(13) = 0.669944,	N(14) = 0.0152565,	N(15) = 0.669944
The 9-th iteration is completed.	|| time cost : 0h 0m 40.152s
********************************************************************************************************************
********************************************************************************************************************
Ground state is obtained after 10 iterations. The current ground-state energy is -76.4959, in which electron energy is -76.7666 and phonon energy is 0.270764
final variational state is: 
	Gamma_x = [      1,1.04885,1.08853,1.04885,1.04885,1.08853,1.11621,1.08853,1.08853,1.11621,1.20457,1.11621,1.04885,1.08853,1.11621,1.08853]
	lambda_q = [0.707037, 0.60574,0.582176, 0.60574, 0.60574,0.582176,0.548202,0.582176,0.582176,0.548202,0.642866,0.548202, 0.60574,0.582176,0.548202,0.582176]
********************************************************************************************************************
o___o  ----------------------------------------
| L |	Time since last clock: 0h 0m 0s
A===A	Time since the beginning: 0h 13m 29.376s
***********************************************

********************************************************************************************************************
Start warm-up calculation for scaling factor 4
open output files: NGSEDWarmUpW4Obs.txt
********************************************************************************************************************
Start the 0 rounds of NGS-ED iteration
	effective electronic model is modified as: kinetic energy t = 0.737609
	                                           effective interaction Vq = [-3.65669,-3.37824,-3.30169,-3.37824,-3.37824,-3.30169,-3.18351,-3.30169,-3.30169,-3.18351,-3.48982,-3.18351,-3.37824,-3.30169,-3.18351,-3.30169]
	PARPACK diagonalization completed after 120 matrix-vector product operations.
	iteration results: : total energy is -67.367513 | electron energy -67.502951 + phonon energy 0.135438 | electron momentum kIdx = 0
	Nq(0) = 12.25,	Nq(1) = 0.364448,	Nq(2) = 0.441074,	Nq(3) = 0.364448,	Nq(4) = 0.364448,	Nq(5) = 0.383931,	Nq(6) = 0.55945,	Nq(7) = 0.38394,	Nq(8) = 0.441074,	Nq(9) = 0.55945,	Nq(10) = 1.84748,	Nq(11) = 0.55945,	Nq(12) = 0.364448,	Nq(13) = 0.38394,	Nq(14) = 0.55945,	Nq(15) = 0.383931,	Sq(0) = -1.02945e-18,	Sq(1) = 0.37742,	Sq(2) = 0.379864,	Sq(3) = 0.37742,	Sq(4) = 0.37742,	Sq(5) = 0.580899,	Sq(6) = 0.63927,	Sq(7) = 0.580865,	Sq(8) = 0.379864,	Sq(9) = 0.63927,	Sq(10) = 0.639022,	Sq(11) = 0.63927,	Sq(12) = 0.37742,	Sq(13) = 0.580865,	Sq(14) = 0.63927,	Sq(15) = 0.580899,	N(0) = 1.99849,	N(1) = 1.99648,	N(2) = 0.334868,	N(3) = 1.99648,	N(4) = 1.99648,	N(5) = 0.833493,	N(6) = 0.00256128,	N(7) = 0.833409,	N(8) = 0.334868,	N(9) = 0.00256128,	N(10) = 0.00180735,	N(11) = 0.00256128,	N(12) = 1.99648,	N(13) = 0.833408,	N(14) = 0.00256128,	N(15) = 0.833492
The 0-th iteration is completed.	|| time cost : 0h 1m 1.764s
********************************************************************************************************************
Start the 1 rounds of NGS-ED iteration
	effective electronic model is modified as: kinetic energy t = 0.721901
	                                           effective interaction Vq = [-3.84574,-3.55074, -3.4028,-3.55074,-3.55074, -3.3529,-3.30455,-3.35291, -3.4028,-3.30455,-3.69333,-3.30455,-3.55074,-3.35291,-3.30455, -3.3529]
	PARPACK diagonalization completed after 75 matrix-vector product operations.
	iteration results: : total energy is -70.205592 | electron energy -70.550662 + phonon energy 0.345070 | electron momentum kIdx = 0
The 1-th iteration is completed.	|| time cost : 0h 0m 29.054s
********************************************************************************************************************
Start the 2 rounds of NGS-ED iteration
	effective electronic model is modified as: kinetic energy t = 0.707929
	                                           effective interaction Vq = [-3.93069,-3.64797,-3.49777,-3.64797,-3.64797,-3.37733,-3.38718,-3.37734,-3.49777,-3.38718,-3.81854,-3.38718,-3.64797,-3.37734,-3.38718,-3.37733]
	PARPACK diagonalization completed after 60 matrix-vector product operations.
	iteration results: : total energy is -71.525134 | electron energy -72.020390 + phonon energy 0.495256 | electron momentum kIdx = 0
The 2-th iteration is completed.	|| time cost : 0h 0m 21.3s
********************************************************************************************************************
Start the 3 rounds of NGS-ED iteration
	effective electronic model is modified as: kinetic energy t = 0.696191
	                                           effective interaction Vq = [-3.96886,-3.70272,-3.59637,-3.70272,-3.70272,-3.39588,-3.44012,-3.39588,-3.59637,-3.44012,-3.88792,-3.44012,-3.70272,-3.39588,-3.44012,-3.39588]
	PARPACK diagonalization completed after 60 matrix-vector product operations.
	iteration results: : total energy is -72.145137 | electron energy -72.737167 + phonon energy 0.592030 | electron momentum kIdx = 0
The 3-th iteration is completed.	|| time cost : 0h 0m 21.198s
********************************************************************************************************************
Start the 4 rounds of NGS-ED iteration
	effective electronic model is modified as: kinetic energy t = 0.686212
	                                           effective interaction Vq = [-3.98601,-3.73419,-3.67134,-3.73419,-3.73419,-3.43281,-3.47384,-3.43281,-3.67134,-3.47384,-3.92446,-3.47384,-3.73419,-3.43281,-3.47384,-3.43281]
	PARPACK diagonalization completed after 45 matrix-vector product operations.
	iteration results: : total energy is -72.433196 | electron energy -73.087803 + phonon energy 0.654607 | electron momentum kIdx = 0
The 4-th iteration is completed.	|| time cost : 0h 0m 18.293s
********************************************************************************************************************
Start the 5 rounds of NGS-ED iteration
	effective electronic model is modified as: kinetic energy t = 0.678356
	                                           effective interaction Vq = [-3.99371,-3.75306,-3.72123,-3.75306,-3.75306,-3.47527,-3.49581,-3.47528,-3.72123,-3.49581,-3.94346,-3.49581,-3.75306,-3.47528,-3.49581,-3.47527]
	PARPACK diagonalization completed after 45 matrix-vector product operations.
	iteration results: : total energy is -72.566469 | electron energy -73.262875 + phonon energy 0.696406 | electron momentum kIdx = 0
The 5-th iteration is completed.	|| time cost : 0h 0m 18.216s
********************************************************************************************************************
Start the 6 rounds of NGS-ED iteration
	effective electronic model is modified as: kinetic energy t = 0.672344
	                                           effective interaction Vq = [-3.99717, -3.7649,-3.75281, -3.7649, -3.7649,-3.51607,-3.51053,-3.51607,-3.75281,-3.51053,-3.95342,-3.51053, -3.7649,-3.51607,-3.51053,-3.51607]
	PARPACK diagonalization completed after 45 matrix-vector product operations.
	iteration results: : total energy is -72.629178 | electron energy -73.354333 + phonon energy 0.725156 | electron momentum kIdx = 0
The 6-th iteration is completed.	|| time cost : 0h 0m 18.251s
********************************************************************************************************************
Start the 7 rounds of NGS-ED iteration
	effective electronic model is modified as: kinetic energy t = 0.667771
	                                           effective interaction Vq = [-3.99873,-3.77261,-3.77185,-3.77261,-3.77261,-3.55256,-3.52064,-3.55256,-3.77185,-3.52064,-3.95871,-3.52064,-3.77261,-3.55256,-3.52064,-3.55256]
	PARPACK diagonalization completed after 45 matrix-vector product operations.
	iteration results: : total energy is -72.659826 | electron energy -73.405245 + phonon energy 0.745418 | electron momentum kIdx = 0
The 7-th iteration is completed.	|| time cost : 0h 0m 18.246s
********************************************************************************************************************
Start the 8 rounds of NGS-ED iteration
	effective electronic model is modified as: kinetic energy t = 0.664292
	                                           effective interaction Vq = [-3.99943, -3.7778,-3.78244, -3.7778, -3.7778,-3.58408,-3.52771,-3.58408,-3.78244,-3.52771,-3.96155,-3.52771, -3.7778,-3.58408,-3.52771,-3.58408]
	PARPACK diagonalization completed after 45 matrix-vector product operations.
	iteration results: : total energy is -72.675693 | electron energy -73.435689 + phonon energy 0.759995 | electron momentum kIdx = 0
The 8-th iteration is completed.	|| time cost : 0h 0m 18.257s
********************************************************************************************************************
Start the 9 rounds of NGS-ED iteration
	effective electronic model is modified as: kinetic energy t = 0.66164
	                                           effective interaction Vq = [-3.99974,-3.78137,-3.78735,-3.78137,-3.78137,-3.61076,-3.53273,-3.61076,-3.78735,-3.53273,-3.96307,-3.53273,-3.78137,-3.61076,-3.53273,-3.61076]
	PARPACK diagonalization completed after 45 matrix-vector product operations.
	iteration results: : total energy is -72.684516 | electron energy -73.455176 + phonon energy 0.770660 | electron momentum kIdx = 0
The 9-th iteration is completed.	|| time cost : 0h 0m 18.243s
********************************************************************************************************************
Start the 10 rounds of NGS-ED iteration
	effective electronic model is modified as: kinetic energy t = 0.659619
	                                           effective interaction Vq = [-3.99988,-3.78387,-3.78846,-3.78387,-3.78387,-3.63303,-3.53634,-3.63303,-3.78846,-3.53634,-3.96387,-3.53634,-3.78387,-3.63303,-3.53634,-3.63303]
	PARPACK diagonalization completed after 45 matrix-vector product operations.
	iteration results: : total energy is -72.689798 | electron energy -73.468362 + phonon energy 0.778564 | electron momentum kIdx = 0
	Nq(0) = 12.25,	Nq(1) = 0.356125,	Nq(2) = 0.639385,	Nq(3) = 0.356125,	Nq(4) = 0.356125,	Nq(5) = 0.495151,	Nq(6) = 0.554001,	Nq(7) = 0.495152,	Nq(8) = 0.639385,	Nq(9) = 0.554001,	Nq(10) = 2.89777,	Nq(11) = 0.554001,	Nq(12) = 0.356125,	Nq(13) = 0.495152,	Nq(14) = 0.554001,	Nq(15) = 0.495151,	Sq(0) = 2.77618e-18,	Sq(1) = 0.300594,	Sq(2) = 0.33705,	Sq(3) = 0.300594,	Sq(4) = 0.300594,	Sq(5) = 0.350765,	Sq(6) = 0.52638,	Sq(7) = 0.350765,	Sq(8) = 0.33705,	Sq(9) = 0.52638,	Sq(10) = 0.567294,	Sq(11) = 0.52638,	Sq(12) = 0.300594,	Sq(13) = 0.350765,	Sq(14) = 0.52638,	Sq(15) = 0.350765,	N(0) = 1.99173,	N(1) = 1.96976,	N(2) = 0.861504,	N(3) = 1.96976,	N(4) = 1.96976,	N(5) = 0.571825,	N(6) = 0.0275127,	N(7) = 0.571826,	N(8) = 0.861504,	N(9) = 0.0275127,	N(10) = 0.00885431,	N(11) = 0.0275127,	N(12) = 1.96976,	N(13) = 0.571826,	N(14) = 0.0275127,	N(15) = 0.571825
The 10-th iteration is completed.	|| time cost : 0h 0m 43.043s
********************************************************************************************************************
Start the 11 rounds of NGS-ED iteration
	effective electronic model is modified as: kinetic energy t = 0.65808
	                                           effective interaction Vq = [-3.99995,-3.78564, -3.7871,-3.78564,-3.78564,-3.65144,-3.53895,-3.65144, -3.7871,-3.53895,-3.96429,-3.53895,-3.78564,-3.65144,-3.53895,-3.65144]
	PARPACK diagonalization completed after 45 matrix-vector product operations.
	iteration results: : total energy is -72.693169 | electron energy -73.477646 + phonon energy 0.784477 | electron momentum kIdx = 0
The 11-th iteration is completed.	|| time cost : 0h 0m 18.269s
********************************************************************************************************************
Start the 12 rounds of NGS-ED iteration
	effective electronic model is modified as: kinetic energy t = 0.656912
	                                           effective interaction Vq = [-3.99998,-3.78692,-3.78418,-3.78692,-3.78692,-3.66656,-3.54084,-3.66656,-3.78418,-3.54084,-3.96449,-3.54084,-3.78692,-3.66656,-3.54084,-3.66656]
	PARPACK diagonalization completed after 45 matrix-vector product operations.
	iteration results: : total energy is -72.695427 | electron energy -73.484349 + phonon energy 0.788923 | electron momentum kIdx = 0
The 12-th iteration is completed.	|| time cost : 0h 0m 18.247s
********************************************************************************************************************
Start the 13 rounds of NGS-ED iteration
	effective electronic model is modified as: kinetic energy t = 0.656028
	                                           effective interaction Vq = [-3.99999,-3.78784,-3.78037,-3.78784,-3.78784, -3.6789,-3.54223, -3.6789,-3.78037,-3.54223,-3.96458,-3.54223,-3.78784, -3.6789,-3.54223, -3.6789]
	PARPACK diagonalization completed after 45 matrix-vector product operations.
	iteration results: : total energy is -72.696986 | electron energy -73.489261 + phonon energy 0.792275 | electron momentum kIdx = 0
The 13-th iteration is completed.	|| time cost : 0h 0m 18.279s
********************************************************************************************************************
Start the 14 rounds of NGS-ED iteration
	effective electronic model is modified as: kinetic energy t = 0.655362
	                                           effective interaction Vq = [      -4,-3.78851,-3.77611,-3.78851,-3.78851,-3.68895,-3.54324,-3.68895,-3.77611,-3.54324,-3.96461,-3.54324,-3.78851,-3.68895,-3.54324,-3.68895]
	PARPACK diagonalization completed after 45 matrix-vector product operations.
	iteration results: : total energy is -72.698082 | electron energy -73.492885 + phonon energy 0.794804 | electron momentum kIdx = 0
The 14-th iteration is completed.	|| time cost : 0h 0m 18.25s
