SNEDics v3.2 diagonalization test program		Start at Tue Apr 23 23:24:16 2019

parallized on 80 MPI threads  * 6 OpenMP threads = 480 total threads.
************************************************************************************
************************************************************************************

Input file "model_params.in"
Hubbard-Holstein model parameters : 	t = 1    U = 8    g = 5    W = 5    
************************************************************************************
Input file "hilbertspace_params.in"

Cluster Positions:				Cluster symmetry group : D4
 x ... x ... x ... x .....                       x ... x ... x ... x .....
 |           |           :                       |           |           :
 |           |           :                       |           |           :
12    13    14    15     x                       1     5     6     5     x
 |           |           :                       |           |           :
 |           |           :                       |           |           :
 8 --- 9 ---10 ---11 --- x                       2 --- 6 ---10 --- 6 --- x
 |           |           :                       |           |           :
 |           |           :                       |           |           :
 4     5     6     7     x                       1     5     6     5     x
 |           |           :                       |           |           :
 |           |           :                       |           |           :
 0 --- 1 --- 2 --- 3 --- x                       0 --- 1 --- 2 --- 1 --- x
orbital number : 1
************************************************************************************
0 rounds of non-Gaussian ED iteration : ground-state energy is -8.46888 | electron energy -8.46888 + phonon energy 0 | electron momentum kIdx = 0
Nq = 	16	0.0625034	0.109912	0.0625034	0.0625034	0.109912	0.152438	0.109912	0.109912	0.152438	0.1925	0.152438	0.0625034	0.109912	0.152438	0.109912
Sq = 	2.31488e-18	0.412873	0.641315	0.412873	0.412873	0.641315	0.93882	0.641315	0.641315	0.93882	5.0336	0.93882	0.412873	0.641315	0.93882	0.641315
1 rounds of non-Gaussian ED iteration : ground-state energy is -64.112 | electron energy -64.1141 + phonon energy 0.00208763 | electron momentum kIdx = 0
Nq = 	16	0.178987	0.254071	0.178987	0.178987	0.254071	0.346139	0.254071	0.254071	0.346139	0.413957	0.346139	0.178987	0.254071	0.346139	0.254071
Sq = 	3.35773e-18	0.425632	0.619816	0.425632	0.425632	0.619816	0.784475	0.619816	0.619816	0.784475	3.40179	0.784475	0.425632	0.619816	0.784475	0.619816
2 rounds of non-Gaussian ED iteration : ground-state energy is -85.5022 | electron energy -85.5487 + phonon energy 0.0465116 | electron momentum kIdx = 0
Nq = 	16	0.292548	0.333158	0.292548	0.292548	0.333158	0.484581	0.333158	0.333158	0.484581	0.534039	0.484581	0.292548	0.333158	0.484581	0.333158
Sq = 	-3.02843e-18	0.404883	0.587215	0.404883	0.404883	0.587215	0.695941	0.587215	0.587215	0.695941	2.43192	0.695941	0.404883	0.587215	0.695941	0.587215
3 rounds of non-Gaussian ED iteration : ground-state energy is -94.0483 | electron energy -94.2145 + phonon energy 0.166205 | electron momentum kIdx = 0
Nq = 	16	0.417083	0.371304	0.417083	0.417083	0.371304	0.597064	0.371304	0.371304	0.597064	0.591513	0.597064	0.417083	0.371304	0.597064	0.371304
Sq = 	-4.0321e-18	0.37486	0.542755	0.37486	0.37486	0.542755	0.631486	0.542755	0.542755	0.631486	1.84216	0.631486	0.37486	0.542755	0.631486	0.542755
4 rounds of non-Gaussian ED iteration : ground-state energy is -98.0065 | electron energy -98.32 + phonon energy 0.313495 | electron momentum kIdx = 0
Nq = 	16	0.50979	0.700367	0.50979	0.50979	0.700367	0.681059	0.700367	0.700367	0.681059	0.829182	0.681059	0.50979	0.700367	0.681059	0.700367
Sq = 	2.13564e-18	0.322022	0.357645	0.322022	0.322022	0.357645	0.544932	0.357645	0.357645	0.544932	0.591534	0.544932	0.322022	0.357645	0.544932	0.357645
5 rounds of non-Gaussian ED iteration : ground-state energy is -100.325 | electron energy -100.78 + phonon energy 0.454981 | electron momentum kIdx = 0
Nq = 	16	0.512707	0.783224	0.512707	0.512707	0.783224	0.703407	0.783224	0.783224	0.703407	0.933925	0.703407	0.512707	0.783224	0.703407	0.783224
Sq = 	1.44136e-17	0.271778	0.328705	0.271778	0.271778	0.328705	0.476168	0.328705	0.328705	0.476168	0.538262	0.476168	0.271778	0.328705	0.476168	0.328705
6 rounds of non-Gaussian ED iteration : ground-state energy is -101.286 | electron energy -101.854 + phonon energy 0.568109 | electron momentum kIdx = 0
Nq = 	16	0.506364	0.831226	0.506364	0.506364	0.831226	0.716311	0.831226	0.831226	0.716311	1.04419	0.716311	0.506364	0.831226	0.716311	0.831226
Sq = 	5.81341e-18	0.243603	0.308845	0.243603	0.243603	0.308845	0.436901	0.308845	0.308845	0.436901	0.502666	0.436901	0.243603	0.308845	0.436901	0.308845
7 rounds of non-Gaussian ED iteration : ground-state energy is -101.678 | electron energy -102.32 + phonon energy 0.641505 | electron momentum kIdx = 0
Nq = 	16	0.499441	0.851073	0.499441	0.499441	0.851073	0.725422	0.851073	0.851073	0.725422	1.18545	0.725422	0.499441	0.851073	0.725422	0.851073
Sq = 	4.51919e-19	0.226316	0.295385	0.226316	0.226316	0.295385	0.412826	0.295385	0.295385	0.412826	0.479773	0.412826	0.226316	0.295385	0.412826	0.295385
8 rounds of non-Gaussian ED iteration : ground-state energy is -101.841 | electron energy -102.527 + phonon energy 0.6854 | electron momentum kIdx = 0
Nq = 	16	0.491426	0.839157	0.491426	0.491426	0.839157	0.730514	0.839157	0.839157	0.730514	1.45378	0.730514	0.491426	0.839157	0.730514	0.839157
Sq = 	2.8374e-18	0.214291	0.285793	0.214291	0.214291	0.285793	0.39671	0.285793	0.285793	0.39671	0.464748	0.39671	0.214291	0.285793	0.39671	0.285793
9 rounds of non-Gaussian ED iteration : ground-state energy is -101.932 | electron energy -102.643 + phonon energy 0.711649 | electron momentum kIdx = 0
Nq = 	16	0.452758	0.708932	0.452758	0.452758	0.708932	0.705555	0.708932	0.708932	0.705555	2.66316	0.705555	0.452758	0.708932	0.705555	0.708932
Sq = 	-3.28687e-18	0.201929	0.276649	0.201929	0.201929	0.276649	0.382363	0.276649	0.276649	0.382363	0.452929	0.382363	0.201929	0.276649	0.382363	0.276649
10 rounds of non-Gaussian ED iteration : ground-state energy is -102.178 | electron energy -102.904 + phonon energy 0.726588 | electron momentum kIdx = 0
Nq = 	16	0.290542	0.37584	0.290542	0.290542	0.37584	0.543695	0.37584	0.37584	0.543695	6.20151	0.543695	0.290542	0.37584	0.543695	0.37584
Sq = 	2.04871e-18	0.186299	0.262285	0.186299	0.186299	0.262285	0.363539	0.262285	0.262285	0.363539	0.433439	0.363539	0.186299	0.262285	0.363539	0.262285
11 rounds of non-Gaussian ED iteration : ground-state energy is -102.624 | electron energy -103.331 + phonon energy 0.706175 | electron momentum kIdx = 0
Nq = 	16	0.220307	0.303935	0.220307	0.220307	0.303935	0.449793	0.303935	0.303935	0.449793	7.52687	0.449793	0.220307	0.303935	0.449793	0.303935
Sq = 	-4.65702e-19	0.170577	0.247963	0.170577	0.170577	0.247963	0.345343	0.247963	0.247963	0.345343	0.417662	0.345343	0.170577	0.247963	0.345343	0.247963
12 rounds of non-Gaussian ED iteration : ground-state energy is -102.896 | electron energy -103.553 + phonon energy 0.657035 | electron momentum kIdx = 0
Nq = 	16	0.187792	0.271151	0.187792	0.187792	0.271151	0.397899	0.271151	0.271151	0.397899	8.24252	0.397899	0.187792	0.271151	0.397899	0.271151
Sq = 	1.63206e-18	0.158568	0.23693	0.158568	0.158568	0.23693	0.331479	0.23693	0.23693	0.331479	0.406039	0.331479	0.158568	0.23693	0.331479	0.23693
13 rounds of non-Gaussian ED iteration : ground-state energy is -103.046 | electron energy -103.649 + phonon energy 0.603295 | electron momentum kIdx = 0
Nq = 	16	0.167939	0.249843	0.167939	0.167939	0.249843	0.363659	0.249843	0.249843	0.363659	8.73498	0.363659	0.167939	0.249843	0.363659	0.249843
Sq = 	-6.82295e-18	0.149265	0.227861	0.149265	0.149265	0.227861	0.319947	0.227861	0.227861	0.319947	0.39556	0.319947	0.149265	0.227861	0.319947	0.227861
14 rounds of non-Gaussian ED iteration : ground-state energy is -103.129 | electron energy -103.684 + phonon energy 0.555117 | electron momentum kIdx = 0
Nq = 	16	0.154641	0.234969	0.154641	0.154641	0.234969	0.339732	0.234969	0.234969	0.339732	9.09606	0.339732	0.154641	0.234969	0.339732	0.234969
Sq = 	-2.0445e-18	0.141946	0.220325	0.141946	0.141946	0.220325	0.310207	0.220325	0.220325	0.310207	0.38607	0.310207	0.141946	0.220325	0.310207	0.220325
15 rounds of non-Gaussian ED iteration : ground-state energy is -103.176 | electron energy -103.692 + phonon energy 0.515454 | electron momentum kIdx = 0
Nq = 	16	0.145374	0.224295	0.145374	0.145374	0.224295	0.322625	0.224295	0.224295	0.322625	9.36533	0.322625	0.145374	0.224295	0.322625	0.224295
Sq = 	-5.78606e-19	0.136255	0.214204	0.136255	0.136255	0.214204	0.302194	0.214204	0.214204	0.302194	0.377878	0.302194	0.136255	0.214204	0.302194	0.214204
16 rounds of non-Gaussian ED iteration : ground-state energy is -103.202 | electron energy -103.687 + phonon energy 0.484309 | electron momentum kIdx = 0
Nq = 	16	0.138788	0.216543	0.138788	0.138788	0.216543	0.310267	0.216543	0.216543	0.310267	9.56647	0.310267	0.138788	0.216543	0.310267	0.216543
Sq = 	3.9153e-18	0.131896	0.209361	0.131896	0.131896	0.209361	0.295795	0.209361	0.209361	0.295795	0.371123	0.295795	0.131896	0.209361	0.295795	0.209361
17 rounds of non-Gaussian ED iteration : ground-state energy is -103.217 | electron energy -103.678 + phonon energy 0.460537 | electron momentum kIdx = 0
Nq = 	16	0.134057	0.210883	0.134057	0.134057	0.210883	0.301293	0.210883	0.210883	0.301293	9.71629	0.301293	0.134057	0.210883	0.301293	0.210883
Sq = 	3.33506e-18	0.128601	0.205608	0.128601	0.128601	0.205608	0.290805	0.205608	0.205608	0.290805	0.365741	0.290805	0.128601	0.205608	0.290805	0.205608
18 rounds of non-Gaussian ED iteration : ground-state energy is -103.225 | electron energy -103.668 + phonon energy 0.442699 | electron momentum kIdx = 0
Nq = 	16	0.130637	0.20674	0.130637	0.130637	0.20674	0.294756	0.20674	0.20674	0.294756	9.82751	0.294756	0.130637	0.20674	0.294756	0.20674
Sq = 	-6.80599e-19	0.126131	0.202745	0.126131	0.126131	0.202745	0.286982	0.202745	0.202745	0.286982	0.361557	0.286982	0.126131	0.202745	0.286982	0.202745
19 rounds of non-Gaussian ED iteration : ground-state energy is -103.23 | electron energy -103.659 + phonon energy 0.429449 | electron momentum kIdx = 0
Nq = 	16	0.128155	0.203704	0.128155	0.128155	0.203704	0.289985	0.203704	0.203704	0.289985	9.90982	0.289985	0.128155	0.203704	0.289985	0.203704
Sq = 	1.01583e-18	0.124293	0.200585	0.124293	0.124293	0.200585	0.284089	0.200585	0.200585	0.284089	0.35836	0.284089	0.124293	0.200585	0.284089	0.200585
20 rounds of non-Gaussian ED iteration : ground-state energy is -103.232 | electron energy -103.652 + phonon energy 0.419666 | electron momentum kIdx = 0
Nq = 	16	0.126348	0.201478	0.126348	0.126348	0.201478	0.286501	0.201478	0.201478	0.286501	9.97057	0.286501	0.126348	0.201478	0.286501	0.201478
Sq = 	-1.40057e-19	0.122931	0.198969	0.122931	0.122931	0.198969	0.28192	0.198969	0.198969	0.28192	0.355945	0.28192	0.122931	0.198969	0.28192	0.198969
21 rounds of non-Gaussian ED iteration : ground-state energy is -103.233 | electron energy -103.646 + phonon energy 0.412469 | electron momentum kIdx = 0
Nq = 	16	0.125031	0.199847	0.125031	0.125031	0.199847	0.283953	0.199847	0.199847	0.283953	10.0153	0.283953	0.125031	0.199847	0.283953	0.199847
Sq = 	1.5237e-18	0.121925	0.197767	0.121925	0.121925	0.197767	0.280304	0.197767	0.197767	0.280304	0.354137	0.280304	0.121925	0.197767	0.280304	0.197767
22 rounds of non-Gaussian ED iteration : ground-state energy is -103.234 | electron energy -103.641 + phonon energy 0.407184 | electron momentum kIdx = 0
Nq = 	16	0.124069	0.198651	0.124069	0.124069	0.198651	0.28209	0.198651	0.198651	0.28209	10.0482	0.28209	0.124069	0.198651	0.28209	0.198651
Sq = 	-2.11273e-18	0.121184	0.196877	0.121184	0.121184	0.196877	0.279106	0.196877	0.196877	0.279106	0.352792	0.279106	0.121184	0.196877	0.279106	0.196877
23 rounds of non-Gaussian ED iteration : ground-state energy is -103.235 | electron energy -103.638 + phonon energy 0.403308 | electron momentum kIdx = 0
Nq = 	16	0.123366	0.197775	0.123366	0.123366	0.197775	0.280726	0.197775	0.197775	0.280726	10.0724	0.280726	0.123366	0.197775	0.280726	0.197775
Sq = 	2.9737e-18	0.120639	0.19622	0.120639	0.120638	0.19622	0.27822	0.19622	0.19622	0.27822	0.351795	0.27822	0.120638	0.19622	0.27822	0.19622
24 rounds of non-Gaussian ED iteration : ground-state energy is -103.235 | electron energy -103.635 + phonon energy 0.400467 | electron momentum kIdx = 0
Nq = 	16	0.122853	0.197133	0.122853	0.122853	0.197133	0.279729	0.197133	0.197133	0.279729	10.0902	0.279729	0.122853	0.197133	0.279729	0.197133
Sq = 	4.17828e-19	0.120238	0.195735	0.120238	0.120238	0.195735	0.277568	0.195735	0.195736	0.277568	0.351059	0.277568	0.120238	0.195735	0.277568	0.195735
25 rounds of non-Gaussian ED iteration : ground-state energy is -103.235 | electron energy -103.633 + phonon energy 0.398386 | electron momentum kIdx = 0
Nq = 	16	0.122477	0.196662	0.122477	0.122477	0.196662	0.278998	0.196662	0.196662	0.278998	10.1032	0.278998	0.122477	0.196662	0.278998	0.196662
Sq = 	-1.01301e-19	0.119944	0.195379	0.119944	0.119944	0.195379	0.277087	0.195379	0.195379	0.277087	0.350517	0.277087	0.119944	0.195379	0.277087	0.195379
26 rounds of non-Gaussian ED iteration : ground-state energy is -103.235 | electron energy -103.632 + phonon energy 0.396861 | electron momentum kIdx = 0
Nq = 	16	0.122202	0.196318	0.122202	0.122202	0.196318	0.278464	0.196318	0.196318	0.278464	10.1128	0.278464	0.122202	0.196318	0.278464	0.196318
Sq = 	2.6933e-18	0.119728	0.195118	0.119728	0.119728	0.195118	0.276734	0.195118	0.195118	0.276734	0.350118	0.276734	0.119728	0.195118	0.276734	0.195118
27 rounds of non-Gaussian ED iteration : ground-state energy is -103.235 | electron energy -103.631 + phonon energy 0.395745 | electron momentum kIdx = 0
Nq = 	16	0.122001	0.196065	0.122001	0.122001	0.196065	0.278072	0.196065	0.196065	0.278072	10.1198	0.278072	0.122001	0.196065	0.278072	0.196065
Sq = 	8.23976e-20	0.11957	0.194925	0.11957	0.11957	0.194925	0.276475	0.194925	0.194925	0.276475	0.349825	0.276475	0.11957	0.194925	0.276475	0.194925
28 rounds of non-Gaussian ED iteration : ground-state energy is -103.235 | electron energy -103.63 + phonon energy 0.394927 | electron momentum kIdx = 0
Nq = 	16	0.121854	0.19588	0.121854	0.121854	0.19588	0.277786	0.19588	0.19588	0.277786	10.1249	0.277786	0.121854	0.19588	0.277786	0.19588
Sq = 	-1.29981e-18	0.119454	0.194784	0.119454	0.119454	0.194784	0.276285	0.194784	0.194784	0.276285	0.349609	0.276285	0.119454	0.194784	0.276285	0.194784
29 rounds of non-Gaussian ED iteration : ground-state energy is -103.235 | electron energy -103.629 + phonon energy 0.394329 | electron momentum kIdx = 0
Nq = 	16	0.121746	0.195745	0.121746	0.121746	0.195745	0.277576	0.195745	0.195745	0.277576	10.1286	0.277576	0.121746	0.195745	0.277576	0.195745
Sq = 	1.46718e-18	0.119369	0.194681	0.119369	0.119369	0.194681	0.276145	0.194681	0.194681	0.276145	0.349452	0.276145	0.119369	0.194681	0.276145	0.194681
30 rounds of non-Gaussian ED iteration : ground-state energy is -103.235 | electron energy -103.629 + phonon energy 0.39389 | electron momentum kIdx = 0
Nq = 	16	0.121667	0.195645	0.121667	0.121667	0.195645	0.277422	0.195645	0.195645	0.277422	10.1314	0.277422	0.121667	0.195645	0.277422	0.195645
Sq = 	-3.90134e-19	0.119307	0.194605	0.119307	0.119307	0.194605	0.276043	0.194605	0.194605	0.276043	0.349336	0.276043	0.119307	0.194605	0.276043	0.194605
31 rounds of non-Gaussian ED iteration : ground-state energy is -103.235 | electron energy -103.629 + phonon energy 0.393569 | electron momentum kIdx = 0
Nq = 	16	0.121609	0.195573	0.121609	0.121609	0.195573	0.27731	0.195573	0.195573	0.27731	10.1334	0.27731	0.121609	0.195573	0.27731	0.195573
Sq = 	1.11513e-18	0.119261	0.19455	0.119261	0.119261	0.19455	0.275968	0.19455	0.19455	0.275968	0.349251	0.275968	0.119261	0.19455	0.275968	0.19455
32 rounds of non-Gaussian ED iteration : ground-state energy is -103.235 | electron energy -103.628 + phonon energy 0.393334 | electron momentum kIdx = 0
Nq = 	16	0.121567	0.195519	0.121567	0.121567	0.195519	0.277227	0.195519	0.195519	0.277227	10.1349	0.277227	0.121567	0.195519	0.277227	0.195519
Sq = 	2.63132e-18	0.119228	0.194509	0.119228	0.119228	0.194509	0.275913	0.194509	0.194509	0.275913	0.349189	0.275913	0.119228	0.194509	0.275913	0.194509
Ground state is obtained after 33 iterations. The current ground-state energy is -103.235, in which electron energy is -103.628 and phonon energy is 0.393162
o___o  -------------------------------------
| L |	Time since last clock: 2h 46m 34.653s
A===A	Time since the beginning: 2h 46m 34.653s
********************************************

************************************************************************************
