SNEDics v3.21.4 Non-Gaussian ED ground state program		Start at Tue Jul 27 00:58:42 2021

parallized on 32 MPI threads  * 8 OpenMP threads = 256 total threads.
********************************************************************************************************************
********************************************************************************************************************

********************************************************************************************************************
System parameters and configurations
	special program options are enabled: splitted diagonal Hamiltonian | splitted Hamiltonian terms
********************************************************************************************************************
Read input file "model_params.in"
	Hubbard-Holstein model parameters : 	t = 1    U = 8    g = 0.11    W = 0.2    g' = 0.11    
********************************************************************************************************************
Read input file "hilbertspace_params.in"
	Requested 16-site 2D lattice, with 12 electrons (6, 6)
	Boundary : Periodic		Hilbert space representation : momentum-space (restricted to kIdx = 0)
	Conservation: particle number[U(1)]      spin[U(1)]     momentum
********************************************************************************************************************

Cluster Positions:				Cluster symmetry group : D4
 x ... x ... x ... x .....                       x ... x ... x ... x .....
 |           |           :                       |           |           :
 |           |           :                       |           |           :
12    13    14    15     x                       1     5     6     5     x
 |           |           :                       |           |           :
 |           |           :                       |           |           :
 8 --- 9 ---10 ---11 --- x                       2 --- 6 ---10 --- 6 --- x
 |           |           :                       |           |           :
 |           |           :                       |           |           :
 4     5     6     7     x                       1     5     6     5     x
 |           |           :                       |           |           :
 |           |           :                       |           |           :
 0 --- 1 --- 2 --- 3 --- x                       0 --- 1 --- 2 --- 1 --- x
orbital number : 1
********************************************************************************************************************
Read input file "obs_params.in"
	Observable Type : Nq(All),   Sq(All),   N(All),   Delta[s](All),   Delta[d](All),   Delta[s+](All)
** WARNING ** the input observables have non-local factors which have been reinterpreted. The total observable number is 96
********************************************************************************************************************


********************************************************************************************************************
Start calculating the non-Gaussian ED ground state
Maximal iteration number is 1000; energy resolution is 1e-06. Phonon state relaxation time is 2000
W = 0.2 is relatively large. The non-Gaussian ED calculation starts directly.
open output files: NGSED_iteration_obserbles.txt
********************************************************************************************************************
Start the 0 rounds of NGS-ED iteration
	effective electronic model is modified as: kinetic energy t = 1
	                                           effective interaction Vq = [0,0,0,0,0,0,0,0,0,0,0,0,0,0,0,0]
	first Hamiltonian is constructed, size = 4008592 and non-zero numbers = 969134044
	PARPACK diagonalization completed after 150 matrix-vector product operations.
	iteration results: : total energy is -14.925310 | electron energy -14.925310 + phonon energy 0.000000 | electron momentum kIdx = 0
	Nq(0) = 9,	Nq(1) = 0.191675,	Nq(2) = 0.266183,	Nq(3) = 0.191675,	Nq(4) = 0.191675,	Nq(5) = 0.245517,	
	Nq(6) = 0.314107,	Nq(7) = 0.245517,	Nq(8) = 0.266183,	Nq(9) = 0.314107,	Nq(10) = 0.369338,	
	Nq(11) = 0.314107,	Nq(12) = 0.191675,	Nq(13) = 0.245517,	Nq(14) = 0.314107,	Nq(15) = 0.245517;	
	Sq(0) = 3.02743e-18,	Sq(1) = 0.554662,	Sq(2) = 0.424361,	Sq(3) = 0.554662,	Sq(4) = 0.554662,	
	Sq(5) = 0.79749,	Sq(6) = 1.01287,	Sq(7) = 0.79749,	Sq(8) = 0.424361,	Sq(9) = 1.01287,	
	Sq(10) = 0.784303,	Sq(11) = 1.01287,	Sq(12) = 0.554662,	Sq(13) = 0.79749,	Sq(14) = 1.01287,	
	Sq(15) = 0.79749;	N(0) = 1.76735,	N(1) = 1.6264,	N(2) = 0.74365,	N(3) = 1.6264,	
	N(4) = 1.6264,	N(5) = 0.392302,	N(6) = 0.144321,	N(7) = 0.392302,	N(8) = 0.74365,	
	N(9) = 0.144321,	N(10) = 0.0932732,	N(11) = 0.144321,	N(12) = 1.6264,	N(13) = 0.392302,	
	N(14) = 0.144321,	N(15) = 0.392302;	Delta[s](0) = 0.0655267,	Delta[s](1) = 0.0453035,	Delta[s](2) = 0.0303743,	
	Delta[s](3) = 0.0453035,	Delta[s](4) = 0.0453035,	Delta[s](5) = 0.0270967,	Delta[s](6) = 0.00934683,	Delta[s](7) = 0.0270967,	
	Delta[s](8) = 0.0303743,	Delta[s](9) = 0.00934683,	Delta[s](10) = 0.000186561,	Delta[s](11) = 0.00934683,	Delta[s](12) = 0.0453035,	
	Delta[s](13) = 0.0270967,	Delta[s](14) = 0.00934683,	Delta[s](15) = 0.0270967;	Delta[d](0) = 0.229244,	Delta[d](1) = 0.180025,	
	Delta[d](2) = 0.222133,	Delta[d](3) = 0.180025,	Delta[d](4) = 0.180025,	Delta[d](5) = 0.123067,	Delta[d](6) = 0.150416,	
	Delta[d](7) = 0.123067,	Delta[d](8) = 0.222133,	Delta[d](9) = 0.150416,	Delta[d](10) = 0.0771449,	Delta[d](11) = 0.150416,	
	Delta[d](12) = 0.180025,	Delta[d](13) = 0.123067,	Delta[d](14) = 0.150416,	Delta[d](15) = 0.123067;	Delta[s+](0) = 0.529147,	
	Delta[s+](1) = 0.360906,	Delta[s+](2) = 0.222133,	Delta[s+](3) = 0.360906,	Delta[s+](4) = 0.360906,	Delta[s+](5) = 0.177095,	
	Delta[s+](6) = 0.0627568,	Delta[s+](7) = 0.177095,	Delta[s+](8) = 0.222133,	Delta[s+](9) = 0.0627568,	Delta[s+](10) = 0.0157774,	
	Delta[s+](11) = 0.0627568,	Delta[s+](12) = 0.360906,	Delta[s+](13) = 0.177095,	Delta[s+](14) = 0.0627568,	Delta[s+](15) = 0.177095
	
The 0-th iteration is completed.	|| time cost : 0h 2m 2.617s
********************************************************************************************************************
Start the 1 rounds of NGS-ED iteration
	effective electronic model is modified as: kinetic energy t = 0.997928
	                                           effective interaction Vq = [    -1.5125, -0.0694958,-0.00523815, -0.0694958, -0.0694958,-0.00485183,-0.00417802,-0.00485183,-0.00523815,-0.00417802, -0.0352452,-0.00417802, -0.0694958,-0.00485183,-0.00417802,-0.00485183]
	PARPACK diagonalization completed after 45 matrix-vector product operations.
	iteration results: : total energy is -28.577630 | electron energy -28.578682 + phonon energy 0.001051 | electron momentum kIdx = 0
The 1-th iteration is completed.	|| time cost : 0h 1m 18.213s
********************************************************************************************************************
Start the 2 rounds of NGS-ED iteration
	effective electronic model is modified as: kinetic energy t = 0.997907
	                                           effective interaction Vq = [    -1.5125, -0.0700041,-0.00522448, -0.0700041, -0.0700041,-0.00484296,-0.00417073,-0.00484296,-0.00522448,-0.00417073, -0.0353545,-0.00417073, -0.0700041,-0.00484296,-0.00417073,-0.00484296]
	PARPACK diagonalization completed after 30 matrix-vector product operations.
	iteration results: : total energy is -28.577632 | electron energy -28.578711 + phonon energy 0.001079 | electron momentum kIdx = 0
The 2-th iteration is completed.	|| time cost : 0h 0m 9.691s
********************************************************************************************************************
Start the 3 rounds of NGS-ED iteration
	effective electronic model is modified as: kinetic energy t = 0.997907
	                                           effective interaction Vq = [    -1.5125, -0.0700081,-0.00522437, -0.0700081, -0.0700081,-0.00484289,-0.00417068,-0.00484289,-0.00522437,-0.00417068, -0.0353547,-0.00417068, -0.0700081,-0.00484289,-0.00417068,-0.00484289]
	PARPACK diagonalization completed after 30 matrix-vector product operations.
	iteration results: : total energy is -28.577632 | electron energy -28.578711 + phonon energy 0.001079 | electron momentum kIdx = 0
The 3-th iteration is completed.	|| time cost : 0h 0m 9.71s
********************************************************************************************************************
Start the 4 rounds of NGS-ED iteration
	effective electronic model is modified as: kinetic energy t = 0.997907
	                                           effective interaction Vq = [    -1.5125, -0.0700082,-0.00522437, -0.0700082, -0.0700082,-0.00484289,-0.00417068,-0.00484289,-0.00522437,-0.00417068, -0.0353547,-0.00417068, -0.0700082,-0.00484289,-0.00417068,-0.00484289]
	PARPACK diagonalization completed after 30 matrix-vector product operations.
	iteration results: : total energy is -28.577632 | electron energy -28.578711 + phonon energy 0.001079 | electron momentum kIdx = 0
	Nq(0) = 9,	Nq(1) = 0.193239,	Nq(2) = 0.265698,	Nq(3) = 0.193239,	Nq(4) = 0.193239,	Nq(5) = 0.245276,	
	Nq(6) = 0.313832,	Nq(7) = 0.245276,	Nq(8) = 0.265698,	Nq(9) = 0.313832,	Nq(10) = 0.370741,	
	Nq(11) = 0.313832,	Nq(12) = 0.193239,	Nq(13) = 0.245276,	Nq(14) = 0.313832,	Nq(15) = 0.245276;	
	Sq(0) = -4.49916e-18,	Sq(1) = 0.553796,	Sq(2) = 0.424431,	Sq(3) = 0.553796,	Sq(4) = 0.553796,	
	Sq(5) = 0.796927,	Sq(6) = 1.0126,	Sq(7) = 0.796927,	Sq(8) = 0.424431,	Sq(9) = 1.0126,	
	Sq(10) = 0.786314,	Sq(11) = 1.0126,	Sq(12) = 0.553796,	Sq(13) = 0.796927,	Sq(14) = 1.0126,	
	Sq(15) = 0.796927;	N(0) = 1.76791,	N(1) = 1.62834,	N(2) = 0.742626,	N(3) = 1.62834,	
	N(4) = 1.62834,	N(5) = 0.390871,	N(6) = 0.144098,	N(7) = 0.390871,	N(8) = 0.742626,	
	N(9) = 0.144098,	N(10) = 0.0935965,	N(11) = 0.144098,	N(12) = 1.62834,	N(13) = 0.390871,	
	N(14) = 0.144098,	N(15) = 0.390871;	Delta[s](0) = 0.0658311,	Delta[s](1) = 0.0455146,	Delta[s](2) = 0.0305591,	
	Delta[s](3) = 0.0455146,	Delta[s](4) = 0.0455146,	Delta[s](5) = 0.0272568,	Delta[s](6) = 0.00938481,	Delta[s](7) = 0.0272568,	
	Delta[s](8) = 0.0305591,	Delta[s](9) = 0.00938481,	Delta[s](10) = 0.000189359,	Delta[s](11) = 0.00938481,	Delta[s](12) = 0.0455146,	
	Delta[s](13) = 0.0272568,	Delta[s](14) = 0.00938481,	Delta[s](15) = 0.0272568;	Delta[d](0) = 0.229541,	Delta[d](1) = 0.18025,	
	Delta[d](2) = 0.222319,	Delta[d](3) = 0.18025,	Delta[d](4) = 0.18025,	Delta[d](5) = 0.123066,	Delta[d](6) = 0.150457,	
	Delta[d](7) = 0.123066,	Delta[d](8) = 0.222319,	Delta[d](9) = 0.150457,	Delta[d](10) = 0.0765847,	Delta[d](11) = 0.150457,	
	Delta[d](12) = 0.18025,	Delta[d](13) = 0.123066,	Delta[d](14) = 0.150457,	Delta[d](15) = 0.123066;	Delta[s+](0) = 0.529863,	
	Delta[s+](1) = 0.361328,	Delta[s+](2) = 0.222319,	Delta[s+](3) = 0.361328,	Delta[s+](4) = 0.361328,	Delta[s+](5) = 0.17723,	
	Delta[s+](6) = 0.0627464,	Delta[s+](7) = 0.17723,	Delta[s+](8) = 0.222319,	Delta[s+](9) = 0.0627464,	Delta[s+](10) = 0.0158193,	
	Delta[s+](11) = 0.0627464,	Delta[s+](12) = 0.361328,	Delta[s+](13) = 0.17723,	Delta[s+](14) = 0.0627464,	Delta[s+](15) = 0.17723
	
The 4-th iteration is completed.	|| time cost : 0h 1m 18.93s
********************************************************************************************************************
********************************************************************************************************************
Ground state is obtained after 5 iterations. The current ground-state energy is -28.5776, in which electron energy is -28.5787 and phonon energy is 0.00107933
Final variational state is: 
	Gamma_x = [      1,1.06745,1.00681,1.06745,1.06745,1.00583,1.00645,1.00583,1.00681,1.00645,1.06651,1.00645,1.06745,1.00583,1.00645,1.00583]
	lambda_q = [      2.75,  0.109721, 0.0242832,  0.109721,  0.109721, 0.0224722,-0.0192961, 0.0224722, 0.0242832,-0.0192961,-0.0544667,-0.0192961,  0.109721, 0.0224722,-0.0192961, 0.0224722]
Effective e-e interactions mediated by phonons are:
	momentum-space Vq = [    -1.5125, -0.0700082,-0.00522437, -0.0700082, -0.0700082,-0.00484289,-0.00417068,-0.00484289,-0.00522437,-0.00417068, -0.0353547,-0.00417068, -0.0700082,-0.00484289,-0.00417068,-0.00484289]
	real-space Vr = [ -0.117149, -0.100551,-0.0961832, -0.100551, -0.100551,-0.0960879,-0.0840919,-0.0960879,-0.0961832,-0.0840919,  -0.08006,-0.0840919, -0.100551,-0.0960879,-0.0840919,-0.0960879]
********************************************************************************************************************
o___o  ----------------------------------------
| L |	Time since last clock: 0h 0m 0.011s
A===A	Time since the beginning: 0h 4m 59.174s
***********************************************


Non-Gaussina ED ground state calculation is completed. The final ground-state energy is -28.5776
********************************************************************************************************************
o___o  ----------------------------------------
| L |	Time since last clock: 0h 0m 0.003s
A===A	Time since the beginning: 0h 4m 59.177s
***********************************************



********************************************************************************************************************
All non-Gaussian ED ground state calculations have been completed. Exit now.
