SNEDics v3.4 Non-Gaussian ED ground state program		Start at Thu Oct  3 16:09:28 2019

parallized on 16 MPI threads  * 8 OpenMP threads = 128 total threads.
********************************************************************************************************************
********************************************************************************************************************

********************************************************************************************************************
System parameters and configurations
********************************************************************************************************************
Special program options are enabled: splitted diagonal Hamiltonian
********************************************************************************************************************
Read input file "model_params.in"
	Hubbard-Holstein model parameters : 	t = 1    U = 3.5    g = 3.4641    W = 5    
********************************************************************************************************************
Read input file "hilbertspace_params.in"
	Requested 16-site 2D lattice, with 16 electrons (8, 8)
	Boundary : Periodic		Hilbert space representation : momentum-space (restricted to kIdx = 10)
	Conservation: particle number[U(1)]      spin[U(1)]     momentum
********************************************************************************************************************

Cluster Positions:				Cluster symmetry group : D4
 x ... x ... x ... x .....                       x ... x ... x ... x .....
 |           |           :                       |           |           :
 |           |           :                       |           |           :
12    13    14    15     x                       1     5     6     5     x
 |           |           :                       |           |           :
 |           |           :                       |           |           :
 8 --- 9 ---10 ---11 --- x                       2 --- 6 ---10 --- 6 --- x
 |           |           :                       |           |           :
 |           |           :                       |           |           :
 4     5     6     7     x                       1     5     6     5     x
 |           |           :                       |           |           :
 |           |           :                       |           |           :
 0 --- 1 --- 2 --- 3 --- x                       0 --- 1 --- 2 --- 1 --- x
orbital number : 1
********************************************************************************************************************
Read input file "obs_params.in"
	Observable Type : Nq(All),   Sq(All),   N(All),   Delta[s](All),   Delta[d](All),   Delta[s+](All)
********************************************************************************************************************
** WARNING ** the input observables have non-local factors which have been reinterpreted. The total observable number is 96
********************************************************************************************************************


********************************************************************************************************************
Start calculating the non-Gaussian ED ground state
** WARNING ** Detected low phonon energy W < 10. The initial state will be prepared through a warm-up process.
********************************************************************************************************************
Start warm-up calculation for scaling factor 2
open output files: NGSEDWarmUpW10Obs.txt
********************************************************************************************************************
Start the 0 rounds of NGS-ED iteration
	effective electronic model is modified as: kinetic energy t = 1
	                                           effective interaction Vq = [-0,-0,-0,-0,-0,-0,-0,-0,-0,-0,-0,-0,-0,-0,-0,-0]
	first Hamiltonian is constructed, non-zero numbers = 2845334624
	PARPACK diagonalization completed after 90 matrix-vector product operations.
	iteration results: : total energy is -14.460938 | electron energy -14.460938 + phonon energy 0.000000 | electron momentum kIdx = 10
	Nq(0) = 16,	Nq(1) = 0.185165,	Nq(2) = 0.256894,	Nq(3) = 0.185165,	Nq(4) = 0.185165,	Nq(5) = 0.256894,	Nq(6) = 0.353962,	Nq(7) = 0.256894,	Nq(8) = 0.256894,	Nq(9) = 0.353962,	Nq(10) = 0.419629,	Nq(11) = 0.353962,	Nq(12) = 0.185165,	Nq(13) = 0.256894,	Nq(14) = 0.353962,	Nq(15) = 0.256894,	Sq(0) = 1.75341e-19,	Sq(1) = 0.329811,	Sq(2) = 0.424619,	Sq(3) = 0.329811,	Sq(4) = 0.329811,	Sq(5) = 0.424619,	Sq(6) = 0.64706,	Sq(7) = 0.424619,	Sq(8) = 0.424619,	Sq(9) = 0.64706,	Sq(10) = 5.4273,	Sq(11) = 0.64706,	Sq(12) = 0.329811,	Sq(13) = 0.424619,	Sq(14) = 0.64706,	Sq(15) = 0.424619,	N(0) = 1.94734,	N(1) = 1.88049,	N(2) = 1,	N(3) = 1.88049,	N(4) = 1.88049,	N(5) = 1,	N(6) = 0.11951,	N(7) = 1,	N(8) = 1,	N(9) = 0.11951,	N(10) = 0.0526602,	N(11) = 0.11951,	N(12) = 1.88049,	N(13) = 1,	N(14) = 0.11951,	N(15) = 1,	Delta[s](0) = 0.191728,	Delta[s](1) = 0.166135,	Delta[s](2) = 0.128527,	Delta[s](3) = 0.166135,	Delta[s](4) = 0.166135,	Delta[s](5) = 0.128527,	Delta[s](6) = 0.100561,	Delta[s](7) = 0.128527,	Delta[s](8) = 0.128527,	Delta[s](9) = 0.100561,	Delta[s](10) = 0.029079,	Delta[s](11) = 0.100561,	Delta[s](12) = 0.166135,	Delta[s](13) = 0.128527,	Delta[s](14) = 0.100561,	Delta[s](15) = 0.128527,	Delta[d](0) = 0.512635,	Delta[d](1) = 0.369366,	Delta[d](2) = 0.315079,	Delta[d](3) = 0.369366,	Delta[d](4) = 0.369366,	Delta[d](5) = 0.370543,	Delta[d](6) = 0.294289,	Delta[d](7) = 0.370543,	Delta[d](8) = 0.315079,	Delta[d](9) = 0.294289,	Delta[d](10) = 0.238454,	Delta[d](11) = 0.294289,	Delta[d](12) = 0.369366,	Delta[d](13) = 0.370543,	Delta[d](14) = 0.294289,	Delta[d](15) = 0.370543,	Delta[s+](0) = 0.576926,	Delta[s+](1) = 0.472235,	Delta[s+](2) = 0.315079,	Delta[s+](3) = 0.472235,	Delta[s+](4) = 0.472235,	Delta[s+](5) = 0.315079,	Delta[s+](6) = 0.16408,	Delta[s+](7) = 0.315079,	Delta[s+](8) = 0.315079,	Delta[s+](9) = 0.16408,	Delta[s+](10) = 0.0501384,	Delta[s+](11) = 0.16408,	Delta[s+](12) = 0.472235,	Delta[s+](13) = 0.315079,	Delta[s+](14) = 0.16408,	Delta[s+](15) = 0.315079
The 0-th iteration is completed.	|| time cost : 0h 8m 28.447s
********************************************************************************************************************
Start the 1 rounds of NGS-ED iteration
	effective electronic model is modified as: kinetic energy t = 0.938565
	                                           effective interaction Vq = [-2.07519,-1.91266,-1.84311,-1.91266,-1.91266,-1.84311,-1.82431,-1.84311,-1.84311,-1.82431,-1.79508,-1.82431,-1.91266,-1.84311,-1.82431,-1.84311]
	PARPACK diagonalization completed after 45 matrix-vector product operations.
	iteration results: : total energy is -56.540758 | electron energy -56.544721 + phonon energy 0.003963 | electron momentum kIdx = 10
The 1-th iteration is completed.	|| time cost : 0h 7m 22.564s
********************************************************************************************************************
Start the 2 rounds of NGS-ED iteration
	effective electronic model is modified as: kinetic energy t = 0.887624
	                                           effective interaction Vq = [-2.35604,-2.26228,-2.23425,-2.26228,-2.26228,-2.23425,-2.17858,-2.23425,-2.23425,-2.17858,-2.11843,-2.17858,-2.26228,-2.23425,-2.17858,-2.23425]
	PARPACK diagonalization completed after 30 matrix-vector product operations.
	iteration results: : total energy is -63.036361 | electron energy -63.067170 + phonon energy 0.030809 | electron momentum kIdx = 10
The 2-th iteration is completed.	|| time cost : 0h 0m 27.335s
********************************************************************************************************************
Start the 3 rounds of NGS-ED iteration
	effective electronic model is modified as: kinetic energy t = 0.867862
	                                           effective interaction Vq = [-2.39405,-2.33277,-2.31741,-2.33277,-2.33277,-2.31741,-2.26106,-2.31741,-2.31741,-2.26106,  -2.197,-2.26106,-2.33277,-2.31741,-2.26106,-2.31741]
	PARPACK diagonalization completed after 120 matrix-vector product operations.
	iteration results: : total energy is -64.235987 | electron energy -64.290177 + phonon energy 0.054190 | electron momentum kIdx = 10
The 3-th iteration is completed.	|| time cost : 0h 0m 55.557s
********************************************************************************************************************
Start the 4 rounds of NGS-ED iteration
	effective electronic model is modified as: kinetic energy t = 0.858724
	                                           effective interaction Vq = [-2.39919,-2.34749,-2.34569,-2.34749,-2.34749,-2.34569,-2.27941,-2.34569,-2.34569,-2.27941,-2.28583,-2.27941,-2.34749,-2.34569,-2.27941,-2.34569]
	PARPACK diagonalization completed after 45 matrix-vector product operations.
	iteration results: : total energy is -64.391122 | electron energy -64.458110 + phonon energy 0.066988 | electron momentum kIdx = 10
The 4-th iteration is completed.	|| time cost : 0h 0m 32.05s
********************************************************************************************************************
Start the 5 rounds of NGS-ED iteration
	effective electronic model is modified as: kinetic energy t = 0.855101
	                                           effective interaction Vq = [-2.39989,-2.35254,-2.35054,-2.35254,-2.35254,-2.35054,-2.28617,-2.35054,-2.35054,-2.28617,-2.33341,-2.28617,-2.35254,-2.35054,-2.28617,-2.35054]
	PARPACK diagonalization completed after 45 matrix-vector product operations.
	iteration results: : total energy is -64.461716 | electron energy -64.535079 + phonon energy 0.073363 | electron momentum kIdx = 10
The 5-th iteration is completed.	|| time cost : 0h 0m 32.045s
********************************************************************************************************************
Start the 6 rounds of NGS-ED iteration
	effective electronic model is modified as: kinetic energy t = 0.858028
	                                           effective interaction Vq = [-2.39998,-2.35251,-2.31335,-2.35251,-2.35251,-2.31335,-2.28623,-2.31335,-2.31335,-2.28623,-2.37752,-2.28623,-2.35251,-2.31335,-2.28623,-2.31335]
	PARPACK diagonalization completed after 45 matrix-vector product operations.
	iteration results: : total energy is -64.612047 | electron energy -64.686973 + phonon energy 0.074926 | electron momentum kIdx = 10
The 6-th iteration is completed.	|| time cost : 0h 0m 32.294s
********************************************************************************************************************
Start the 7 rounds of NGS-ED iteration
	effective electronic model is modified as: kinetic energy t = 0.862132
	                                           effective interaction Vq = [    -2.4,-2.34828,-2.27478,-2.34828,-2.34828,-2.27478,-2.28034,-2.27478,-2.27478,-2.28034, -2.3893,-2.28034,-2.34828,-2.27478,-2.28034,-2.27478]
	PARPACK diagonalization completed after 30 matrix-vector product operations.
	iteration results: : total energy is -64.651126 | electron energy -64.725184 + phonon energy 0.074058 | electron momentum kIdx = 10
The 7-th iteration is completed.	|| time cost : 0h 0m 27.404s
********************************************************************************************************************
Start the 8 rounds of NGS-ED iteration
	effective electronic model is modified as: kinetic energy t = 0.863706
	                                           effective interaction Vq = [    -2.4,-2.34556,-2.25977,-2.34556,-2.34556,-2.25977,-2.27672,-2.25977,-2.25977,-2.27672,-2.39243,-2.27672,-2.34556,-2.25977,-2.27672,-2.25977]
	PARPACK diagonalization completed after 30 matrix-vector product operations.
	iteration results: : total energy is -64.656106 | electron energy -64.729360 + phonon energy 0.073254 | electron momentum kIdx = 10
The 8-th iteration is completed.	|| time cost : 0h 0m 27.347s
********************************************************************************************************************
Start the 9 rounds of NGS-ED iteration
	effective electronic model is modified as: kinetic energy t = 0.864294
	                                           effective interaction Vq = [    -2.4,-2.34423,-2.25452,-2.34423,-2.34423,-2.25452,  -2.275,-2.25452,-2.25452,  -2.275,-2.39339,  -2.275,-2.34423,-2.25452,  -2.275,-2.25452]
	PARPACK diagonalization completed after 30 matrix-vector product operations.
	iteration results: : total energy is -64.656720 | electron energy -64.729591 + phonon energy 0.072871 | electron momentum kIdx = 10
The 9-th iteration is completed.	|| time cost : 0h 0m 27.435s
********************************************************************************************************************
Start the 10 rounds of NGS-ED iteration
	effective electronic model is modified as: kinetic energy t = 0.864514
	                                           effective interaction Vq = [    -2.4,-2.34364,-2.25273,-2.34364,-2.34364,-2.25273,-2.27425,-2.25273,-2.25273,-2.27425,-2.39371,-2.27425,-2.34364,-2.25273,-2.27425,-2.25273]
	PARPACK diagonalization completed after 30 matrix-vector product operations.
	iteration results: : total energy is -64.656797 | electron energy -64.729503 + phonon energy 0.072706 | electron momentum kIdx = 10
	Nq(0) = 16,	Nq(1) = 0.342476,	Nq(2) = 0.371945,	Nq(3) = 0.342476,	Nq(4) = 0.342476,	Nq(5) = 0.371945,	Nq(6) = 0.608619,	Nq(7) = 0.371945,	Nq(8) = 0.371945,	Nq(9) = 0.608619,	Nq(10) = 4.32336,	Nq(11) = 0.608619,	Nq(12) = 0.342476,	Nq(13) = 0.371945,	Nq(14) = 0.608619,	Nq(15) = 0.371945,	Sq(0) = -1.54491e-17,	Sq(1) = 0.278192,	Sq(2) = 0.332149,	Sq(3) = 0.278192,	Sq(4) = 0.278192,	Sq(5) = 0.332149,	Sq(6) = 0.495414,	Sq(7) = 0.332149,	Sq(8) = 0.332149,	Sq(9) = 0.495414,	Sq(10) = 0.553269,	Sq(11) = 0.495414,	Sq(12) = 0.278192,	Sq(13) = 0.332149,	Sq(14) = 0.495414,	Sq(15) = 0.332149,	N(0) = 1.99061,	N(1) = 1.97482,	N(2) = 1,	N(3) = 1.97482,	N(4) = 1.97482,	N(5) = 1,	N(6) = 0.0251795,	N(7) = 1,	N(8) = 1,	N(9) = 0.0251795,	N(10) = 0.00938705,	N(11) = 0.0251795,	N(12) = 1.97482,	N(13) = 1,	N(14) = 0.0251795,	N(15) = 1,	Delta[s](0) = 0.486442,	Delta[s](1) = 0.347021,	Delta[s](2) = 0.333995,	Delta[s](3) = 0.347021,	Delta[s](4) = 0.347021,	Delta[s](5) = 0.333995,	Delta[s](6) = 0.265997,	Delta[s](7) = 0.333995,	Delta[s](8) = 0.333995,	Delta[s](9) = 0.265997,	Delta[s](10) = 0.23722,	Delta[s](11) = 0.265997,	Delta[s](12) = 0.347021,	Delta[s](13) = 0.333995,	Delta[s](14) = 0.265997,	Delta[s](15) = 0.333995,	Delta[d](0) = 0.232382,	Delta[d](1) = 0.230608,	Delta[d](2) = 0.224563,	Delta[d](3) = 0.230608,	Delta[d](4) = 0.230608,	Delta[d](5) = 0.140939,	Delta[d](6) = 0.185056,	Delta[d](7) = 0.140939,	Delta[d](8) = 0.224563,	Delta[d](9) = 0.185056,	Delta[d](10) = 0.0494523,	Delta[d](11) = 0.185056,	Delta[d](12) = 0.230608,	Delta[d](13) = 0.140939,	Delta[d](14) = 0.185056,	Delta[d](15) = 0.140939,	Delta[s+](0) = 0.437605,	Delta[s+](1) = 0.349686,	Delta[s+](2) = 0.224563,	Delta[s+](3) = 0.349686,	Delta[s+](4) = 0.349686,	Delta[s+](5) = 0.224563,	Delta[s+](6) = 0.096925,	Delta[s+](7) = 0.224563,	Delta[s+](8) = 0.224563,	Delta[s+](9) = 0.096925,	Delta[s+](10) = 0.0266323,	Delta[s+](11) = 0.096925,	Delta[s+](12) = 0.349686,	Delta[s+](13) = 0.224563,	Delta[s+](14) = 0.096925,	Delta[s+](15) = 0.224563
The 10-th iteration is completed.	|| time cost : 0h 4m 22.463s
********************************************************************************************************************
Start the 11 rounds of NGS-ED iteration
	effective electronic model is modified as: kinetic energy t = 0.864597
	                                           effective interaction Vq = [    -2.4, -2.3434,-2.25211, -2.3434, -2.3434,-2.25211,-2.27394,-2.25211,-2.25211,-2.27394,-2.39382,-2.27394, -2.3434,-2.25211,-2.27394,-2.25211]
	PARPACK diagonalization completed after 30 matrix-vector product operations.
	iteration results: : total energy is -64.656807 | electron energy -64.729445 + phonon energy 0.072638 | electron momentum kIdx = 10
	Nq(0) = 16,	Nq(1) = 0.342358,	Nq(2) = 0.371854,	Nq(3) = 0.342358,	Nq(4) = 0.342358,	Nq(5) = 0.371854,	Nq(6) = 0.608461,	Nq(7) = 0.371854,	Nq(8) = 0.371854,	Nq(9) = 0.608461,	Nq(10) = 4.32523,	Nq(11) = 0.608461,	Nq(12) = 0.342358,	Nq(13) = 0.371854,	Nq(14) = 0.608461,	Nq(15) = 0.371854,	Sq(0) = -4.90505e-18,	Sq(1) = 0.278163,	Sq(2) = 0.332138,	Sq(3) = 0.278163,	Sq(4) = 0.278163,	Sq(5) = 0.332138,	Sq(6) = 0.495401,	Sq(7) = 0.332138,	Sq(8) = 0.332138,	Sq(9) = 0.495401,	Sq(10) = 0.553284,	Sq(11) = 0.495401,	Sq(12) = 0.278163,	Sq(13) = 0.332138,	Sq(14) = 0.495401,	Sq(15) = 0.332138,	N(0) = 1.99061,	N(1) = 1.9748,	N(2) = 1,	N(3) = 1.9748,	N(4) = 1.9748,	N(5) = 1,	N(6) = 0.0251999,	N(7) = 1,	N(8) = 1,	N(9) = 0.0251999,	N(10) = 0.00939204,	N(11) = 0.0251999,	N(12) = 1.9748,	N(13) = 1,	N(14) = 0.0251999,	N(15) = 1,	Delta[s](0) = 0.486321,	Delta[s](1) = 0.347037,	Delta[s](2) = 0.334001,	Delta[s](3) = 0.347037,	Delta[s](4) = 0.347037,	Delta[s](5) = 0.334001,	Delta[s](6) = 0.266016,	Delta[s](7) = 0.334001,	Delta[s](8) = 0.334001,	Delta[s](9) = 0.266016,	Delta[s](10) = 0.237275,	Delta[s](11) = 0.266016,	Delta[s](12) = 0.347037,	Delta[s](13) = 0.334001,	Delta[s](14) = 0.266016,	Delta[s](15) = 0.334001,	Delta[d](0) = 0.232352,	Delta[d](1) = 0.230567,	Delta[d](2) = 0.224541,	Delta[d](3) = 0.230567,	Delta[d](4) = 0.230567,	Delta[d](5) = 0.140908,	Delta[d](6) = 0.185012,	Delta[d](7) = 0.140908,	Delta[d](8) = 0.224541,	Delta[d](9) = 0.185012,	Delta[d](10) = 0.0494199,	Delta[d](11) = 0.185012,	Delta[d](12) = 0.230567,	Delta[d](13) = 0.140908,	Delta[d](14) = 0.185012,	Delta[d](15) = 0.140908,	Delta[s+](0) = 0.437609,	Delta[s+](1) = 0.34967,	Delta[s+](2) = 0.224541,	Delta[s+](3) = 0.34967,	Delta[s+](4) = 0.34967,	Delta[s+](5) = 0.224541,	Delta[s+](6) = 0.096897,	Delta[s+](7) = 0.224541,	Delta[s+](8) = 0.224541,	Delta[s+](9) = 0.096897,	Delta[s+](10) = 0.0266161,	Delta[s+](11) = 0.096897,	Delta[s+](12) = 0.34967,	Delta[s+](13) = 0.224541,	Delta[s+](14) = 0.096897,	Delta[s+](15) = 0.224541
The 11-th iteration is completed.	|| time cost : 0h 4m 21.976s
********************************************************************************************************************
********************************************************************************************************************
Ground state is obtained after 12 iterations. The current ground-state energy is -64.6568, in which electron energy is -64.7294 and phonon energy is 0.0726377
final variational state is: 
	Gamma_x = [      1,1.02162, 1.0339,1.02162,1.02162, 1.0339,1.05296, 1.0339, 1.0339,1.05296,1.10451,1.05296,1.02162, 1.0339,1.05296, 1.0339]
	lambda_q = [0.489895,0.414596,0.368204,0.414596,0.414596,0.368204,0.377565,0.368204,0.368204,0.377565,0.465111,0.377565,0.414596,0.368204,0.377565,0.368204]
********************************************************************************************************************
o___o  ----------------------------------------
| L |	Time since last clock: 0h 0m 0s
A===A	Time since the beginning: 0h 28m 56.922s
***********************************************


********************************************************************************************************************
Warm up runs have been completed. Start calculating W = 5 phonon.
open output files: NGSEDIterationObs.txt
********************************************************************************************************************
Start the 0 rounds of NGS-ED iteration
	effective electronic model is modified as: kinetic energy t = 0.864627
	                                           effective interaction Vq = [ -2.1941,-2.01296,-1.87312,-2.01296,-2.01296,-1.87312,-1.90307,-1.87312,-1.87312,-1.90307,-2.14074,-1.90307,-2.01296,-1.87312,-1.90307,-1.87312]
	PARPACK diagonalization completed after 45 matrix-vector product operations.
	iteration results: : total energy is -58.176855 | electron energy -58.213160 + phonon energy 0.036305 | electron momentum kIdx = 10
	Nq(0) = 16,	Nq(1) = 0.337051,	Nq(2) = 0.360058,	Nq(3) = 0.337051,	Nq(4) = 0.337051,	Nq(5) = 0.360058,	Nq(6) = 0.578256,	Nq(7) = 0.360058,	Nq(8) = 0.360058,	Nq(9) = 0.578256,	Nq(10) = 4.06426,	Nq(11) = 0.578256,	Nq(12) = 0.337051,	Nq(13) = 0.360058,	Nq(14) = 0.578256,	Nq(15) = 0.360058,	Sq(0) = 3.67587e-18,	Sq(1) = 0.308192,	Sq(2) = 0.351018,	Sq(3) = 0.308192,	Sq(4) = 0.308192,	Sq(5) = 0.351018,	Sq(6) = 0.545268,	Sq(7) = 0.351018,	Sq(8) = 0.351018,	Sq(9) = 0.545268,	Sq(10) = 0.59422,	Sq(11) = 0.545268,	Sq(12) = 0.308192,	Sq(13) = 0.351018,	Sq(14) = 0.545268,	Sq(15) = 0.351018,	N(0) = 1.99582,	N(1) = 1.98718,	N(2) = 1,	N(3) = 1.98718,	N(4) = 1.98718,	N(5) = 1,	N(6) = 0.0128159,	N(7) = 1,	N(8) = 1,	N(9) = 0.0128159,	N(10) = 0.00417718,	N(11) = 0.0128159,	N(12) = 1.98718,	N(13) = 1,	N(14) = 0.0128159,	N(15) = 1,	Delta[s](0) = 0.421227,	Delta[s](1) = 0.328796,	Delta[s](2) = 0.318467,	Delta[s](3) = 0.328796,	Delta[s](4) = 0.328796,	Delta[s](5) = 0.318467,	Delta[s](6) = 0.261914,	Delta[s](7) = 0.318467,	Delta[s](8) = 0.318467,	Delta[s](9) = 0.261914,	Delta[s](10) = 0.248045,	Delta[s](11) = 0.261914,	Delta[s](12) = 0.328796,	Delta[s](13) = 0.318467,	Delta[s](14) = 0.261914,	Delta[s](15) = 0.318467,	Delta[d](0) = 0.238228,	Delta[d](1) = 0.241667,	Delta[d](2) = 0.236876,	Delta[d](3) = 0.241667,	Delta[d](4) = 0.241667,	Delta[d](5) = 0.147005,	Delta[d](6) = 0.195129,	Delta[d](7) = 0.147005,	Delta[d](8) = 0.236876,	Delta[d](9) = 0.195129,	Delta[d](10) = 0.0557562,	Delta[d](11) = 0.195129,	Delta[d](12) = 0.241667,	Delta[d](13) = 0.147005,	Delta[d](14) = 0.195129,	Delta[d](15) = 0.147005,	Delta[s+](0) = 0.466965,	Delta[s+](1) = 0.36894,	Delta[s+](2) = 0.236876,	Delta[s+](3) = 0.36894,	Delta[s+](4) = 0.36894,	Delta[s+](5) = 0.236876,	Delta[s+](6) = 0.103527,	Delta[s+](7) = 0.236876,	Delta[s+](8) = 0.236876,	Delta[s+](9) = 0.103527,	Delta[s+](10) = 0.030032,	Delta[s+](11) = 0.103527,	Delta[s+](12) = 0.36894,	Delta[s+](13) = 0.236876,	Delta[s+](14) = 0.103527,	Delta[s+](15) = 0.236876
The 0-th iteration is completed.	|| time cost : 0h 4m 25.652s
********************************************************************************************************************
Start the 1 rounds of NGS-ED iteration
	effective electronic model is modified as: kinetic energy t = 0.844739
	                                           effective interaction Vq = [-2.32425,-2.13305,-1.95791,-2.13305,-2.13305,-1.95791,-1.99517,-1.95791,-1.95791,-1.99517,-2.28464,-1.99517,-2.13305,-1.95791,-1.99517,-1.95791]
	PARPACK diagonalization completed after 30 matrix-vector product operations.
	iteration results: : total energy is -60.884461 | electron energy -60.997301 + phonon energy 0.112840 | electron momentum kIdx = 10
The 1-th iteration is completed.	|| time cost : 0h 0m 27.349s
********************************************************************************************************************
Start the 2 rounds of NGS-ED iteration
	effective electronic model is modified as: kinetic energy t = 0.83438
	                                           effective interaction Vq = [-2.37213,-2.18192,-1.99668,-2.18192,-2.18192,-1.99668,-2.03555,-1.99668,-1.99668,-2.03555,-2.34519,-2.03555,-2.18192,-1.99668,-2.03555,-1.99668]
	PARPACK diagonalization completed after 30 matrix-vector product operations.
	iteration results: : total energy is -61.870806 | electron energy -62.040539 + phonon energy 0.169733 | electron momentum kIdx = 10
The 2-th iteration is completed.	|| time cost : 0h 0m 27.341s
********************************************************************************************************************
Start the 3 rounds of NGS-ED iteration
	effective electronic model is modified as: kinetic energy t = 0.82922
	                                           effective interaction Vq = [-2.38975,-2.20252,-2.01463,-2.20252,-2.20252,-2.01463,-2.05331,-2.01463,-2.01463,-2.05331,-2.37008,-2.05331,-2.20252,-2.01463,-2.05331,-2.01463]
	PARPACK diagonalization completed after 30 matrix-vector product operations.
	iteration results: : total energy is -62.222514 | electron energy -62.426548 + phonon energy 0.204034 | electron momentum kIdx = 10
The 3-th iteration is completed.	|| time cost : 0h 0m 27.484s
********************************************************************************************************************
Start the 4 rounds of NGS-ED iteration
	effective electronic model is modified as: kinetic energy t = 0.826664
	                                           effective interaction Vq = [-2.39623, -2.2116,-2.02317, -2.2116, -2.2116,-2.02317,-2.06136,-2.02317,-2.02317,-2.06136,-2.38063,-2.06136, -2.2116,-2.02317,-2.06136,-2.02317]
	PARPACK diagonalization completed after 30 matrix-vector product operations.
	iteration results: : total energy is -62.346848 | electron energy -62.570023 + phonon energy 0.223175 | electron momentum kIdx = 10
The 4-th iteration is completed.	|| time cost : 0h 0m 27.454s
********************************************************************************************************************
Start the 5 rounds of NGS-ED iteration
	effective electronic model is modified as: kinetic energy t = 0.825391
	                                           effective interaction Vq = [-2.39861,-2.21574,-2.02735,-2.21574,-2.21574,-2.02735,-2.06512,-2.02735,-2.02735,-2.06512,-2.38536,-2.06512,-2.21574,-2.02735,-2.06512,-2.02735]
	PARPACK diagonalization completed after 30 matrix-vector product operations.
	iteration results: : total energy is -62.390839 | electron energy -62.624307 + phonon energy 0.233468 | electron momentum kIdx = 10
The 5-th iteration is completed.	|| time cost : 0h 0m 27.333s
********************************************************************************************************************
Start the 6 rounds of NGS-ED iteration
	effective electronic model is modified as: kinetic energy t = 0.824754
	                                           effective interaction Vq = [-2.39949,-2.21768,-2.02941,-2.21768,-2.21768,-2.02941,-2.06691,-2.02941,-2.02941,-2.06691,-2.38759,-2.06691,-2.21768,-2.02941,-2.06691,-2.02941]
	PARPACK diagonalization completed after 30 matrix-vector product operations.
	iteration results: : total energy is -62.406488 | electron energy -62.645374 + phonon energy 0.238887 | electron momentum kIdx = 10
The 6-th iteration is completed.	|| time cost : 0h 0m 27.39s
********************************************************************************************************************
Start the 7 rounds of NGS-ED iteration
	effective electronic model is modified as: kinetic energy t = 0.824436
	                                           effective interaction Vq = [-2.39981,-2.21859,-2.03045,-2.21859,-2.21859,-2.03045,-2.06777,-2.03045,-2.03045,-2.06777,-2.38869,-2.06777,-2.21859,-2.03045,-2.06777,-2.03045]
	PARPACK diagonalization completed after 30 matrix-vector product operations.
	iteration results: : total energy is -62.412091 | electron energy -62.653793 + phonon energy 0.241702 | electron momentum kIdx = 10
The 7-th iteration is completed.	|| time cost : 0h 0m 27.652s
********************************************************************************************************************
Start the 8 rounds of NGS-ED iteration
	effective electronic model is modified as: kinetic energy t = 0.824277
	                                           effective interaction Vq = [-2.39993,-2.21901,-2.03096,-2.21901,-2.21901,-2.03096,-2.06817,-2.03096,-2.03096,-2.06817,-2.38924,-2.06817,-2.21901,-2.03096,-2.06817,-2.03096]
	PARPACK diagonalization completed after 30 matrix-vector product operations.
	iteration results: : total energy is -62.414109 | electron energy -62.657261 + phonon energy 0.243151 | electron momentum kIdx = 10
The 8-th iteration is completed.	|| time cost : 0h 0m 27.366s
********************************************************************************************************************
Start the 9 rounds of NGS-ED iteration
	effective electronic model is modified as: kinetic energy t = 0.824199
	                                           effective interaction Vq = [-2.39997, -2.2192,-2.03122, -2.2192, -2.2192,-2.03122,-2.06835,-2.03122,-2.03122,-2.06835,-2.38952,-2.06835, -2.2192,-2.03122,-2.06835,-2.03122]
	PARPACK diagonalization completed after 30 matrix-vector product operations.
	iteration results: : total energy is -62.414840 | electron energy -62.658734 + phonon energy 0.243893 | electron momentum kIdx = 10
The 9-th iteration is completed.	|| time cost : 0h 0m 27.387s
********************************************************************************************************************
Start the 10 rounds of NGS-ED iteration
	effective electronic model is modified as: kinetic energy t = 0.824161
	                                           effective interaction Vq = [-2.39999,-2.21928,-2.03134,-2.21928,-2.21928,-2.03134,-2.06843,-2.03134,-2.03134,-2.06843,-2.38967,-2.06843,-2.21928,-2.03134,-2.06843,-2.03134]
	PARPACK diagonalization completed after 30 matrix-vector product operations.
	iteration results: : total energy is -62.415106 | electron energy -62.659377 + phonon energy 0.244271 | electron momentum kIdx = 10
	Nq(0) = 16,	Nq(1) = 0.299099,	Nq(2) = 0.34356,	Nq(3) = 0.299099,	Nq(4) = 0.299099,	Nq(5) = 0.34356,	Nq(6) = 0.538402,	Nq(7) = 0.34356,	Nq(8) = 0.34356,	Nq(9) = 0.538402,	Nq(10) = 5.11959,	Nq(11) = 0.538402,	Nq(12) = 0.299099,	Nq(13) = 0.34356,	Nq(14) = 0.538402,	Nq(15) = 0.34356,	Sq(0) = 4.3962e-18,	Sq(1) = 0.260711,	Sq(2) = 0.324275,	Sq(3) = 0.260711,	Sq(4) = 0.260711,	Sq(5) = 0.324275,	Sq(6) = 0.482292,	Sq(7) = 0.324275,	Sq(8) = 0.324275,	Sq(9) = 0.482292,	Sq(10) = 0.551394,	Sq(11) = 0.482292,	Sq(12) = 0.260711,	Sq(13) = 0.324275,	Sq(14) = 0.482292,	Sq(15) = 0.324275,	N(0) = 1.98665,	N(1) = 1.95948,	N(2) = 1,	N(3) = 1.95948,	N(4) = 1.95948,	N(5) = 1,	N(6) = 0.0405175,	N(7) = 1,	N(8) = 1,	N(9) = 0.0405175,	N(10) = 0.0133483,	N(11) = 0.0405175,	N(12) = 1.95948,	N(13) = 1,	N(14) = 0.0405175,	N(15) = 1,	Delta[s](0) = 0.43345,	Delta[s](1) = 0.350494,	Delta[s](2) = 0.33511,	Delta[s](3) = 0.350494,	Delta[s](4) = 0.350494,	Delta[s](5) = 0.33511,	Delta[s](6) = 0.287909,	Delta[s](7) = 0.33511,	Delta[s](8) = 0.33511,	Delta[s](9) = 0.287909,	Delta[s](10) = 0.267748,	Delta[s](11) = 0.287909,	Delta[s](12) = 0.350494,	Delta[s](13) = 0.33511,	Delta[s](14) = 0.287909,	Delta[s](15) = 0.33511,	Delta[d](0) = 0.227771,	Delta[d](1) = 0.220592,	Delta[d](2) = 0.224841,	Delta[d](3) = 0.220592,	Delta[d](4) = 0.220592,	Delta[d](5) = 0.142897,	Delta[d](6) = 0.176658,	Delta[d](7) = 0.142897,	Delta[d](8) = 0.224841,	Delta[d](9) = 0.176658,	Delta[d](10) = 0.057952,	Delta[d](11) = 0.176658,	Delta[d](12) = 0.220592,	Delta[d](13) = 0.142897,	Delta[d](14) = 0.176658,	Delta[d](15) = 0.142897,	Delta[s+](0) = 0.448474,	Delta[s+](1) = 0.35062,	Delta[s+](2) = 0.224841,	Delta[s+](3) = 0.35062,	Delta[s+](4) = 0.35062,	Delta[s+](5) = 0.224841,	Delta[s+](6) = 0.0972362,	Delta[s+](7) = 0.224841,	Delta[s+](8) = 0.224841,	Delta[s+](9) = 0.0972362,	Delta[s+](10) = 0.0314919,	Delta[s+](11) = 0.0972362,	Delta[s+](12) = 0.35062,	Delta[s+](13) = 0.224841,	Delta[s+](14) = 0.0972362,	Delta[s+](15) = 0.224841
The 10-th iteration is completed.	|| time cost : 0h 4m 22.075s
********************************************************************************************************************
Start the 11 rounds of NGS-ED iteration
	effective electronic model is modified as: kinetic energy t = 0.824142
	                                           effective interaction Vq = [-2.39999,-2.21931, -2.0314,-2.21931,-2.21931, -2.0314,-2.06847, -2.0314, -2.0314,-2.06847,-2.38974,-2.06847,-2.21931, -2.0314,-2.06847, -2.0314]
	PARPACK diagonalization completed after 30 matrix-vector product operations.
	iteration results: : total energy is -62.415203 | electron energy -62.659665 + phonon energy 0.244462 | electron momentum kIdx = 10
The 11-th iteration is completed.	|| time cost : 0h 0m 27.604s
********************************************************************************************************************
Start the 12 rounds of NGS-ED iteration
	effective electronic model is modified as: kinetic energy t = 0.824134
	                                           effective interaction Vq = [    -2.4,-2.21933,-2.03143,-2.21933,-2.21933,-2.03143,-2.06848,-2.03143,-2.03143,-2.06848,-2.38978,-2.06848,-2.21933,-2.03143,-2.06848,-2.03143]
	PARPACK diagonalization completed after 30 matrix-vector product operations.
	iteration results: : total energy is -62.415238 | electron energy -62.659797 + phonon energy 0.244559 | electron momentum kIdx = 10
The 12-th iteration is completed.	|| time cost : 0h 0m 27.325s
********************************************************************************************************************
Start the 13 rounds of NGS-ED iteration
	effective electronic model is modified as: kinetic energy t = 0.82413
	                                           effective interaction Vq = [    -2.4,-2.21933,-2.03144,-2.21933,-2.21933,-2.03144,-2.06848,-2.03144,-2.03144,-2.06848, -2.3898,-2.06848,-2.21933,-2.03144,-2.06848,-2.03144]
	PARPACK diagonalization completed after 30 matrix-vector product operations.
	iteration results: : total energy is -62.415251 | electron energy -62.659858 + phonon energy 0.244607 | electron momentum kIdx = 10
The 13-th iteration is completed.	|| time cost : 0h 0m 27.513s
********************************************************************************************************************
Start the 14 rounds of NGS-ED iteration
	effective electronic model is modified as: kinetic energy t = 0.824128
	                                           effective interaction Vq = [    -2.4,-2.21933,-2.03145,-2.21933,-2.21933,-2.03145,-2.06848,-2.03145,-2.03145,-2.06848,-2.38981,-2.06848,-2.21933,-2.03145,-2.06848,-2.03145]
	PARPACK diagonalization completed after 30 matrix-vector product operations.
	iteration results: : total energy is -62.415256 | electron energy -62.659887 + phonon energy 0.244631 | electron momentum kIdx = 10
The 14-th iteration is completed.	|| time cost : 0h 0m 27.45s
********************************************************************************************************************
Start the 15 rounds of NGS-ED iteration
	effective electronic model is modified as: kinetic energy t = 0.824127
	                                           effective interaction Vq = [    -2.4,-2.21933,-2.03145,-2.21933,-2.21933,-2.03145,-2.06848,-2.03145,-2.03145,-2.06848,-2.38982,-2.06848,-2.21933,-2.03145,-2.06848,-2.03145]
	PARPACK diagonalization completed after 30 matrix-vector product operations.
	iteration results: : total energy is -62.415258 | electron energy -62.659900 + phonon energy 0.244643 | electron momentum kIdx = 10
The 15-th iteration is completed.	|| time cost : 0h 0m 27.432s
********************************************************************************************************************
Start the 16 rounds of NGS-ED iteration
	effective electronic model is modified as: kinetic energy t = 0.824127
	                                           effective interaction Vq = [    -2.4,-2.21932,-2.03145,-2.21932,-2.21932,-2.03145,-2.06848,-2.03145,-2.03145,-2.06848,-2.38982,-2.06848,-2.21932,-2.03145,-2.06848,-2.03145]
	PARPACK diagonalization completed after 30 matrix-vector product operations.
	iteration results: : total energy is -62.415258 | electron energy -62.659907 + phonon energy 0.244648 | electron momentum kIdx = 10
The 16-th iteration is completed.	|| time cost : 0h 0m 27.325s
********************************************************************************************************************
Start the 17 rounds of NGS-ED iteration
	effective electronic model is modified as: kinetic energy t = 0.824127
	                                           effective interaction Vq = [    -2.4,-2.21932,-2.03145,-2.21932,-2.21932,-2.03145,-2.06848,-2.03145,-2.03145,-2.06848,-2.38982,-2.06848,-2.21932,-2.03145,-2.06848,-2.03145]
	PARPACK diagonalization completed after 30 matrix-vector product operations.
	iteration results: : total energy is -62.415259 | electron energy -62.659910 + phonon energy 0.244651 | electron momentum kIdx = 10
The 17-th iteration is completed.	|| time cost : 0h 0m 27.351s
********************************************************************************************************************
Start the 18 rounds of NGS-ED iteration
	effective electronic model is modified as: kinetic energy t = 0.824127
	                                           effective interaction Vq = [    -2.4,-2.21932,-2.03145,-2.21932,-2.21932,-2.03145,-2.06847,-2.03145,-2.03145,-2.06847,-2.38982,-2.06847,-2.21932,-2.03145,-2.06847,-2.03145]
	PARPACK diagonalization completed after 30 matrix-vector product operations.
	iteration results: : total energy is -62.415259 | electron energy -62.659911 + phonon energy 0.244652 | electron momentum kIdx = 10
The 18-th iteration is completed.	|| time cost : 0h 0m 27.375s
********************************************************************************************************************
Start the 19 rounds of NGS-ED iteration
	effective electronic model is modified as: kinetic energy t = 0.824127
	                                           effective interaction Vq = [    -2.4,-2.21932,-2.03145,-2.21932,-2.21932,-2.03145,-2.06847,-2.03145,-2.03145,-2.06847,-2.38982,-2.06847,-2.21932,-2.03145,-2.06847,-2.03145]
	PARPACK diagonalization completed after 30 matrix-vector product operations.
	iteration results: : total energy is -62.415259 | electron energy -62.659911 + phonon energy 0.244653 | electron momentum kIdx = 10
The 19-th iteration is completed.	|| time cost : 0h 0m 27.462s
********************************************************************************************************************
Start the 20 rounds of NGS-ED iteration
	effective electronic model is modified as: kinetic energy t = 0.824127
	                                           effective interaction Vq = [    -2.4,-2.21932,-2.03145,-2.21932,-2.21932,-2.03145,-2.06847,-2.03145,-2.03145,-2.06847,-2.38982,-2.06847,-2.21932,-2.03145,-2.06847,-2.03145]
	PARPACK diagonalization completed after 30 matrix-vector product operations.
	iteration results: : total energy is -62.415259 | electron energy -62.659912 + phonon energy 0.244653 | electron momentum kIdx = 10
