TACC:  Starting up job 1741845 
TACC:  Starting parallel tasks... 
SNEDics v3.4 Non-Gaussian ED ground state program		Start at Fri Oct  9 17:58:33 2020

parallized on 16 MPI threads  * 7 OpenMP threads = 112 total threads.
********************************************************************************************************************
********************************************************************************************************************

********************************************************************************************************************
System parameters and configurations
********************************************************************************************************************
Special program options are enabled: splitted diagonal Hamiltonian
********************************************************************************************************************
Read input file "model_params.in"
	Hubbard-Holstein model parameters : 	t = 1    U = 8    g = 0.1    W = 0.2    g' = 0.09    
********************************************************************************************************************
Read input file "hilbertspace_params.in"
	Requested 16-site 2D lattice, with 12 electrons (6, 6)
	Boundary : Periodic		Hilbert space representation : momentum-space (restricted to kIdx = 0)
	Conservation: particle number[U(1)]      spin[U(1)]     momentum
********************************************************************************************************************

Cluster Positions:				Cluster symmetry group : D4
 x ... x ... x ... x .....                       x ... x ... x ... x .....
 |           |           :                       |           |           :
 |           |           :                       |           |           :
12    13    14    15     x                       1     5     6     5     x
 |           |           :                       |           |           :
 |           |           :                       |           |           :
 8 --- 9 ---10 ---11 --- x                       2 --- 6 ---10 --- 6 --- x
 |           |           :                       |           |           :
 |           |           :                       |           |           :
 4     5     6     7     x                       1     5     6     5     x
 |           |           :                       |           |           :
 |           |           :                       |           |           :
 0 --- 1 --- 2 --- 3 --- x                       0 --- 1 --- 2 --- 1 --- x
orbital number : 1
********************************************************************************************************************
Read input file "obs_params.in"
	Observable Type : Nq(All),   Sq(All),   N(All),   Delta[s](All),   Delta[d](All),   Delta[s+](All)
********************************************************************************************************************
** WARNING ** the input observables have non-local factors which have been reinterpreted. The total observable number is 96
********************************************************************************************************************


********************************************************************************************************************
Start calculating the non-Gaussian ED ground state
** WARNING ** Detected low phonon energy W < 10. The initial state will be prepared through a warm-up process.
********************************************************************************************************************
Start warm-up calculation for scaling factor 64
open output files: NGSEDWarmUpW12.8Obs.txt
********************************************************************************************************************
Start the 0 rounds of NGS-ED iteration
	effective electronic model is modified as: kinetic energy t = 1
	                                           effective interaction Vq = [0,0,0,0,0,0,0,0,0,0,0,0,0,0,0,0]
	first Hamiltonian is constructed, non-zero numbers = 969134044
	PARPACK diagonalization completed after 165 matrix-vector product operations.
	iteration results: : total energy is -14.925310 | electron energy -14.925310 + phonon energy 0.000000 | electron momentum kIdx = 0
	Nq(0) = 9,	Nq(1) = 0.191675,	Nq(2) = 0.266183,	Nq(3) = 0.191675,	Nq(4) = 0.191675,	Nq(5) = 0.245517,	Nq(6) = 0.314107,	Nq(7) = 0.245517,	Nq(8) = 0.266183,	Nq(9) = 0.314107,	Nq(10) = 0.369338,	Nq(11) = 0.314107,	Nq(12) = 0.191675,	Nq(13) = 0.245517,	Nq(14) = 0.314107,	Nq(15) = 0.245517,	Sq(0) = 2.48391e-18,	Sq(1) = 0.554662,	Sq(2) = 0.424361,	Sq(3) = 0.554662,	Sq(4) = 0.554662,	Sq(5) = 0.79749,	Sq(6) = 1.01287,	Sq(7) = 0.79749,	Sq(8) = 0.424361,	Sq(9) = 1.01287,	Sq(10) = 0.784303,	Sq(11) = 1.01287,	Sq(12) = 0.554662,	Sq(13) = 0.79749,	Sq(14) = 1.01287,	Sq(15) = 0.79749,	N(0) = 1.76735,	N(1) = 1.6264,	N(2) = 0.74365,	N(3) = 1.6264,	N(4) = 1.6264,	N(5) = 0.392302,	N(6) = 0.144321,	N(7) = 0.392302,	N(8) = 0.74365,	N(9) = 0.144321,	N(10) = 0.0932732,	N(11) = 0.144321,	N(12) = 1.6264,	N(13) = 0.392302,	N(14) = 0.144321,	N(15) = 0.392302,	Delta[s](0) = 0.0653224,	Delta[s](1) = 0.045203,	Delta[s](2) = 0.0303662,	Delta[s](3) = 0.045203,	Delta[s](4) = 0.045203,	Delta[s](5) = 0.0271013,	Delta[s](6) = 0.00945551,	Delta[s](7) = 0.0271013,	Delta[s](8) = 0.0303662,	Delta[s](9) = 0.00945551,	Delta[s](10) = 0.000355826,	Delta[s](11) = 0.00945551,	Delta[s](12) = 0.045203,	Delta[s](13) = 0.0271013,	Delta[s](14) = 0.00945551,	Delta[s](15) = 0.0271013,	Delta[d](0) = 0.232488,	Delta[d](1) = 0.182632,	Delta[d](2) = 0.22531,	Delta[d](3) = 0.182632,	Delta[d](4) = 0.182632,	Delta[d](5) = 0.124909,	Delta[d](6) = 0.152608,	Delta[d](7) = 0.124909,	Delta[d](8) = 0.22531,	Delta[d](9) = 0.152608,	Delta[d](10) = 0.0784211,	Delta[d](11) = 0.152608,	Delta[d](12) = 0.182632,	Delta[d](13) = 0.124909,	Delta[d](14) = 0.152608,	Delta[d](15) = 0.124909,	Delta[s+](0) = 0.536576,	Delta[s+](1) = 0.365994,	Delta[s+](2) = 0.22531,	Delta[s+](3) = 0.365994,	Delta[s+](4) = 0.365994,	Delta[s+](5) = 0.17967,	Delta[s+](6) = 0.0637566,	Delta[s+](7) = 0.17967,	Delta[s+](8) = 0.22531,	Delta[s+](9) = 0.0637566,	Delta[s+](10) = 0.0160792,	Delta[s+](11) = 0.0637566,	Delta[s+](12) = 0.365994,	Delta[s+](13) = 0.17967,	Delta[s+](14) = 0.0637566,	Delta[s+](15) = 0.17967
The 0-th iteration is completed.	|| time cost : 0h 2m 55.164s
********************************************************************************************************************
Start the 1 rounds of NGS-ED iteration
	effective electronic model is modified as: kinetic energy t = 0.996485
	                                           effective interaction Vq = [ -0.976212, -0.342026,-0.0424795, -0.342026, -0.342026,-0.0421637,-0.0265363,-0.0421637,-0.0424795,-0.0265363, -0.276074,-0.0265363, -0.342026,-0.0421637,-0.0265363,-0.0421637]
	PARPACK diagonalization completed after 45 matrix-vector product operations.
	iteration results: : total energy is -24.114605 | electron energy -24.114626 + phonon energy 0.000021 | electron momentum kIdx = 0
The 1-th iteration is completed.	|| time cost : 0h 2m 17.773s
********************************************************************************************************************
Start the 2 rounds of NGS-ED iteration
	effective electronic model is modified as: kinetic energy t = 0.995072
	                                           effective interaction Vq = [  -1.05168, -0.372902,-0.0460991, -0.372902, -0.372902,-0.0457314,-0.0287121,-0.0457314,-0.0460991,-0.0287121, -0.299523,-0.0287121, -0.372902,-0.0457314,-0.0287121,-0.0457314]
	PARPACK diagonalization completed after 45 matrix-vector product operations.
	iteration results: : total energy is -24.809175 | electron energy -24.809254 + phonon energy 0.000080 | electron momentum kIdx = 0
The 2-th iteration is completed.	|| time cost : 0h 0m 10.234s
********************************************************************************************************************
Start the 3 rounds of NGS-ED iteration
	effective electronic model is modified as: kinetic energy t = 0.994779
	                                           effective interaction Vq = [  -1.05751, -0.377559,-0.0466204, -0.377559, -0.377559, -0.046238,-0.0290067, -0.046238,-0.0466204,-0.0290067, -0.302722,-0.0290067, -0.377559, -0.046238,-0.0290067, -0.046238]
	PARPACK diagonalization completed after 30 matrix-vector product operations.
	iteration results: : total energy is -24.862289 | electron energy -24.862392 + phonon energy 0.000103 | electron momentum kIdx = 0
The 3-th iteration is completed.	|| time cost : 0h 0m 9.161s
********************************************************************************************************************
Start the 4 rounds of NGS-ED iteration
	effective electronic model is modified as: kinetic energy t = 0.994722
	                                           effective interaction Vq = [  -1.05796, -0.378457,-0.0467096, -0.378457, -0.378457,-0.0463224,-0.0290523,-0.0463224,-0.0467096,-0.0290523, -0.303215,-0.0290523, -0.378457,-0.0463224,-0.0290523,-0.0463224]
	PARPACK diagonalization completed after 30 matrix-vector product operations.
	iteration results: : total energy is -24.866372 | electron energy -24.866481 + phonon energy 0.000109 | electron momentum kIdx = 0
The 4-th iteration is completed.	|| time cost : 0h 0m 9.155s
********************************************************************************************************************
Start the 5 rounds of NGS-ED iteration
	effective electronic model is modified as: kinetic energy t = 0.994711
	                                           effective interaction Vq = [    -1.058, -0.378642,-0.0467254, -0.378642, -0.378642,-0.0463368,-0.0290595,-0.0463368,-0.0467254,-0.0290595, -0.303292,-0.0290595, -0.378642,-0.0463368,-0.0290595,-0.0463368]
	PARPACK diagonalization completed after 30 matrix-vector product operations.
	iteration results: : total energy is -24.866687 | electron energy -24.866797 + phonon energy 0.000110 | electron momentum kIdx = 0
The 5-th iteration is completed.	|| time cost : 0h 0m 9.155s
********************************************************************************************************************
Start the 6 rounds of NGS-ED iteration
	effective electronic model is modified as: kinetic energy t = 0.994709
	                                           effective interaction Vq = [    -1.058, -0.378681,-0.0467282, -0.378681, -0.378681,-0.0463393,-0.0290606,-0.0463393,-0.0467282,-0.0290606, -0.303305,-0.0290606, -0.378681,-0.0463393,-0.0290606,-0.0463393]
	PARPACK diagonalization completed after 30 matrix-vector product operations.
	iteration results: : total energy is -24.866712 | electron energy -24.866822 + phonon energy 0.000110 | electron momentum kIdx = 0
	Nq(0) = 9,	Nq(1) = 0.200869,	Nq(2) = 0.264411,	Nq(3) = 0.200869,	Nq(4) = 0.200869,	Nq(5) = 0.245009,	Nq(6) = 0.31349,	Nq(7) = 0.245009,	Nq(8) = 0.264411,	Nq(9) = 0.31349,	Nq(10) = 0.384005,	Nq(11) = 0.31349,	Nq(12) = 0.200869,	Nq(13) = 0.245009,	Nq(14) = 0.31349,	Nq(15) = 0.245009,	Sq(0) = -3.02765e-18,	Sq(1) = 0.54883,	Sq(2) = 0.424398,	Sq(3) = 0.54883,	Sq(4) = 0.54883,	Sq(5) = 0.793561,	Sq(6) = 1.00917,	Sq(7) = 0.793561,	Sq(8) = 0.424398,	Sq(9) = 1.00917,	Sq(10) = 0.794662,	Sq(11) = 1.00917,	Sq(12) = 0.54883,	Sq(13) = 0.793561,	Sq(14) = 1.00917,	Sq(15) = 0.793561,	N(0) = 1.77349,	N(1) = 1.64109,	N(2) = 0.736836,	N(3) = 1.64109,	N(4) = 1.64109,	N(5) = 0.382443,	N(6) = 0.141223,	N(7) = 0.382443,	N(8) = 0.736836,	N(9) = 0.141223,	N(10) = 0.0937964,	N(11) = 0.141223,	N(12) = 1.64109,	N(13) = 0.382443,	N(14) = 0.141223,	N(15) = 0.382443,	Delta[s](0) = 0.0678581,	Delta[s](1) = 0.0470683,	Delta[s](2) = 0.0319849,	Delta[s](3) = 0.0470683,	Delta[s](4) = 0.0470683,	Delta[s](5) = 0.0285601,	Delta[s](6) = 0.0100603,	Delta[s](7) = 0.0285601,	Delta[s](8) = 0.0319849,	Delta[s](9) = 0.0100603,	Delta[s](10) = 0.0005662,	Delta[s](11) = 0.0100603,	Delta[s](12) = 0.0470683,	Delta[s](13) = 0.0285601,	Delta[s](14) = 0.0100603,	Delta[s](15) = 0.0285601,	Delta[d](0) = 0.236536,	Delta[d](1) = 0.185845,	Delta[d](2) = 0.229075,	Delta[d](3) = 0.185845,	Delta[d](4) = 0.185845,	Delta[d](5) = 0.126502,	Delta[d](6) = 0.154501,	Delta[d](7) = 0.126502,	Delta[d](8) = 0.229075,	Delta[d](9) = 0.154501,	Delta[d](10) = 0.0760238,	Delta[d](11) = 0.154501,	Delta[d](12) = 0.185845,	Delta[d](13) = 0.126502,	Delta[d](14) = 0.154501,	Delta[d](15) = 0.126502,	Delta[s+](0) = 0.547071,	Delta[s+](1) = 0.372817,	Delta[s+](2) = 0.229075,	Delta[s+](3) = 0.372817,	Delta[s+](4) = 0.372817,	Delta[s+](5) = 0.182609,	Delta[s+](6) = 0.0644536,	Delta[s+](7) = 0.182609,	Delta[s+](8) = 0.229075,	Delta[s+](9) = 0.0644536,	Delta[s+](10) = 0.0165489,	Delta[s+](11) = 0.0644536,	Delta[s+](12) = 0.372817,	Delta[s+](13) = 0.182609,	Delta[s+](14) = 0.0644536,	Delta[s+](15) = 0.182609
The 6-th iteration is completed.	|| time cost : 0h 1m 41.577s
********************************************************************************************************************
********************************************************************************************************************
Ground state is obtained after 7 iterations. The current ground-state energy is -24.8667, in which electron energy is -24.8668 and phonon energy is 0.000110335
final variational state is: 
	Gamma_x = [      1,1.00185,1.00039,1.00185,1.00185,1.00038,1.00033,1.00038,1.00039,1.00033,1.00443,1.00033,1.00185,1.00038,1.00033,1.00038]
	lambda_q = [  0.287463,  0.142752, 0.0465134,  0.142752,  0.142752, 0.0455898,-0.0348467, 0.0455898, 0.0465134,-0.0348467, -0.110438,-0.0348467,  0.142752, 0.0455898,-0.0348467, 0.0455898]
The effective e-e interactions mediated by phonons are: [    1.058, 0.378689,0.0467287, 0.378689, 0.378689,0.0463398,0.0290608,0.0463398,0.0467287,0.0290608, 0.303307,0.0290608, 0.378689,0.0463398,0.0290608,0.0463398]
The real-space interactions mediated by phonons are: [ -3.27112, -1.28665, -0.34735, -1.00348, -1.45395, -1.38192, -0.34735,-0.373032,  -1.2694,-0.373032, -0.34735, -1.38192, -1.45395, -1.00348, -0.34735, -1.28665]
********************************************************************************************************************
o___o  ----------------------------------------
| L |	Time since last clock: 0h 0m 0s
A===A	Time since the beginning: 0h 7m 32.222s
***********************************************

********************************************************************************************************************
Start warm-up calculation for scaling factor 32
open output files: NGSEDWarmUpW6.4Obs.txt
********************************************************************************************************************
Start the 0 rounds of NGS-ED iteration
	effective electronic model is modified as: kinetic energy t = 0.994709
	                                           effective interaction Vq = [ -0.967182, -0.321796,-0.0387775, -0.321796, -0.321796, -0.038277,-0.0237681, -0.038277,-0.0387775,-0.0237681, -0.246803,-0.0237681, -0.321796, -0.038277,-0.0237681, -0.038277]
	PARPACK diagonalization completed after 45 matrix-vector product operations.
	iteration results: : total energy is -23.963505 | electron energy -23.963560 + phonon energy 0.000055 | electron momentum kIdx = 0
	Nq(0) = 9,	Nq(1) = 0.199373,	Nq(2) = 0.264604,	Nq(3) = 0.199373,	Nq(4) = 0.199373,	Nq(5) = 0.245013,	Nq(6) = 0.313452,	Nq(7) = 0.245013,	Nq(8) = 0.264604,	Nq(9) = 0.313452,	Nq(10) = 0.380981,	Nq(11) = 0.313452,	Nq(12) = 0.199373,	Nq(13) = 0.245013,	Nq(14) = 0.313452,	Nq(15) = 0.245013,	Sq(0) = 2.36061e-18,	Sq(1) = 0.549848,	Sq(2) = 0.424435,	Sq(3) = 0.549848,	Sq(4) = 0.549848,	Sq(5) = 0.794255,	Sq(6) = 1.01001,	Sq(7) = 0.794255,	Sq(8) = 0.424435,	Sq(9) = 1.01001,	Sq(10) = 0.793131,	Sq(11) = 1.01001,	Sq(12) = 0.549848,	Sq(13) = 0.794255,	Sq(14) = 1.01001,	Sq(15) = 0.794255,	N(0) = 1.77223,	N(1) = 1.63839,	N(2) = 0.738027,	N(3) = 1.63839,	N(4) = 1.63839,	N(5) = 0.384182,	N(6) = 0.14189,	N(7) = 0.384182,	N(8) = 0.738027,	N(9) = 0.14189,	N(10) = 0.0938637,	N(11) = 0.14189,	N(12) = 1.63839,	N(13) = 0.384182,	N(14) = 0.14189,	N(15) = 0.384182,	Delta[s](0) = 0.067148,	Delta[s](1) = 0.0466076,	Delta[s](2) = 0.0316406,	Delta[s](3) = 0.0466076,	Delta[s](4) = 0.0466076,	Delta[s](5) = 0.0282707,	Delta[s](6) = 0.0100459,	Delta[s](7) = 0.0282707,	Delta[s](8) = 0.0316406,	Delta[s](9) = 0.0100459,	Delta[s](10) = 0.000644976,	Delta[s](11) = 0.0100459,	Delta[s](12) = 0.0466076,	Delta[s](13) = 0.0282707,	Delta[s](14) = 0.0100459,	Delta[s](15) = 0.0282707,	Delta[d](0) = 0.238819,	Delta[d](1) = 0.187761,	Delta[d](2) = 0.231349,	Delta[d](3) = 0.187761,	Delta[d](4) = 0.187761,	Delta[d](5) = 0.127997,	Delta[d](6) = 0.156205,	Delta[d](7) = 0.127997,	Delta[d](8) = 0.231349,	Delta[d](9) = 0.156205,	Delta[d](10) = 0.0778678,	Delta[d](11) = 0.156205,	Delta[d](12) = 0.187761,	Delta[d](13) = 0.127997,	Delta[d](14) = 0.156205,	Delta[d](15) = 0.127997,	Delta[s+](0) = 0.551971,	Delta[s+](1) = 0.37626,	Delta[s+](2) = 0.231349,	Delta[s+](3) = 0.37626,	Delta[s+](4) = 0.37626,	Delta[s+](5) = 0.184499,	Delta[s+](6) = 0.0653479,	Delta[s+](7) = 0.184499,	Delta[s+](8) = 0.231349,	Delta[s+](9) = 0.0653479,	Delta[s+](10) = 0.0168157,	Delta[s+](11) = 0.0653479,	Delta[s+](12) = 0.37626,	Delta[s+](13) = 0.184499,	Delta[s+](14) = 0.0653479,	Delta[s+](15) = 0.184499
The 0-th iteration is completed.	|| time cost : 0h 1m 42.403s
********************************************************************************************************************
Start the 1 rounds of NGS-ED iteration
	effective electronic model is modified as: kinetic energy t = 0.993756
	                                           effective interaction Vq = [  -1.03275, -0.342385,-0.0407806, -0.342385, -0.342385,-0.0401164,-0.0247054,-0.0401164,-0.0407806,-0.0247054, -0.254987,-0.0247054, -0.342385,-0.0401164,-0.0247054,-0.0401164]
	PARPACK diagonalization completed after 45 matrix-vector product operations.
	iteration results: : total energy is -24.559261 | electron energy -24.559455 + phonon energy 0.000194 | electron momentum kIdx = 0
The 1-th iteration is completed.	|| time cost : 0h 0m 10.281s
********************************************************************************************************************
Start the 2 rounds of NGS-ED iteration
	effective electronic model is modified as: kinetic energy t = 0.99338
	                                           effective interaction Vq = [  -1.05098, -0.349643,-0.0414168, -0.349643, -0.349643,-0.0406877,-0.0249784,-0.0406877,-0.0414168,-0.0249784, -0.257439,-0.0249784, -0.349643,-0.0406877,-0.0249784,-0.0406877]
	PARPACK diagonalization completed after 30 matrix-vector product operations.
	iteration results: : total energy is -24.724197 | electron energy -24.724477 + phonon energy 0.000280 | electron momentum kIdx = 0
The 2-th iteration is completed.	|| time cost : 0h 0m 9.164s
********************************************************************************************************************
Start the 3 rounds of NGS-ED iteration
	effective electronic model is modified as: kinetic energy t = 0.993235
	                                           effective interaction Vq = [  -1.05605, -0.352393,-0.0416282, -0.352393, -0.352393,-0.0408723,-0.0250602,-0.0408723,-0.0416282,-0.0250602, -0.258196,-0.0250602, -0.352393,-0.0408723,-0.0250602,-0.0408723]
	PARPACK diagonalization completed after 30 matrix-vector product operations.
	iteration results: : total energy is -24.769950 | electron energy -24.770271 + phonon energy 0.000321 | electron momentum kIdx = 0
The 3-th iteration is completed.	|| time cost : 0h 0m 9.148s
********************************************************************************************************************
Start the 4 rounds of NGS-ED iteration
	effective electronic model is modified as: kinetic energy t = 0.993179
	                                           effective interaction Vq = [  -1.05746, -0.353471,-0.0416995, -0.353471, -0.353471,-0.0409328, -0.025085,-0.0409328,-0.0416995, -0.025085, -0.258433, -0.025085, -0.353471,-0.0409328, -0.025085,-0.0409328]
	PARPACK diagonalization completed after 30 matrix-vector product operations.
	iteration results: : total energy is -24.782654 | electron energy -24.782993 + phonon energy 0.000339 | electron momentum kIdx = 0
The 4-th iteration is completed.	|| time cost : 0h 0m 9.154s
********************************************************************************************************************
Start the 5 rounds of NGS-ED iteration
	effective electronic model is modified as: kinetic energy t = 0.993157
	                                           effective interaction Vq = [  -1.05785, -0.353899,-0.0417237, -0.353899, -0.353899,-0.0409527,-0.0250926,-0.0409527,-0.0417237,-0.0250926, -0.258508,-0.0250926, -0.353899,-0.0409527,-0.0250926,-0.0409527]
	PARPACK diagonalization completed after 30 matrix-vector product operations.
	iteration results: : total energy is -24.786184 | electron energy -24.786530 + phonon energy 0.000346 | electron momentum kIdx = 0
The 5-th iteration is completed.	|| time cost : 0h 0m 9.189s
********************************************************************************************************************
Start the 6 rounds of NGS-ED iteration
	effective electronic model is modified as: kinetic energy t = 0.993149
	                                           effective interaction Vq = [  -1.05796, -0.354071, -0.041732, -0.354071, -0.354071,-0.0409593,-0.0250948,-0.0409593, -0.041732,-0.0250948, -0.258531,-0.0250948, -0.354071,-0.0409593,-0.0250948,-0.0409593]
	PARPACK diagonalization completed after 30 matrix-vector product operations.
	iteration results: : total energy is -24.787165 | electron energy -24.787514 + phonon energy 0.000349 | electron momentum kIdx = 0
The 6-th iteration is completed.	|| time cost : 0h 0m 9.154s
********************************************************************************************************************
Start the 7 rounds of NGS-ED iteration
	effective electronic model is modified as: kinetic energy t = 0.993146
	                                           effective interaction Vq = [  -1.05799,  -0.35414,-0.0417348,  -0.35414,  -0.35414,-0.0409615,-0.0250955,-0.0409615,-0.0417348,-0.0250955, -0.258539,-0.0250955,  -0.35414,-0.0409615,-0.0250955,-0.0409615]
	PARPACK diagonalization completed after 30 matrix-vector product operations.
	iteration results: : total energy is -24.787438 | electron energy -24.787788 + phonon energy 0.000350 | electron momentum kIdx = 0
The 7-th iteration is completed.	|| time cost : 0h 0m 9.185s
********************************************************************************************************************
Start the 8 rounds of NGS-ED iteration
	effective electronic model is modified as: kinetic energy t = 0.993145
	                                           effective interaction Vq = [    -1.058, -0.354167,-0.0417357, -0.354167, -0.354167,-0.0409622,-0.0250958,-0.0409622,-0.0417357,-0.0250958, -0.258541,-0.0250958, -0.354167,-0.0409622,-0.0250958,-0.0409622]
	PARPACK diagonalization completed after 30 matrix-vector product operations.
	iteration results: : total energy is -24.787514 | electron energy -24.787864 + phonon energy 0.000351 | electron momentum kIdx = 0
	Nq(0) = 9,	Nq(1) = 0.200124,	Nq(2) = 0.264344,	Nq(3) = 0.200124,	Nq(4) = 0.200124,	Nq(5) = 0.244867,	Nq(6) = 0.313223,	Nq(7) = 0.244867,	Nq(8) = 0.264344,	Nq(9) = 0.313223,	Nq(10) = 0.38133,	Nq(11) = 0.313223,	Nq(12) = 0.200124,	Nq(13) = 0.244867,	Nq(14) = 0.313223,	Nq(15) = 0.244867,	Sq(0) = -7.92583e-19,	Sq(1) = 0.549481,	Sq(2) = 0.424485,	Sq(3) = 0.549481,	Sq(4) = 0.549481,	Sq(5) = 0.794043,	Sq(6) = 1.00999,	Sq(7) = 0.794043,	Sq(8) = 0.424485,	Sq(9) = 1.00999,	Sq(10) = 0.794102,	Sq(11) = 1.00999,	Sq(12) = 0.549481,	Sq(13) = 0.794043,	Sq(14) = 1.00999,	Sq(15) = 0.794043,	N(0) = 1.77231,	N(1) = 1.63904,	N(2) = 0.737604,	N(3) = 1.63904,	N(4) = 1.63904,	N(5) = 0.383644,	N(6) = 0.141914,	N(7) = 0.383644,	N(8) = 0.737604,	N(9) = 0.141914,	N(10) = 0.0941081,	N(11) = 0.141914,	N(12) = 1.63904,	N(13) = 0.383644,	N(14) = 0.141914,	N(15) = 0.383644,	Delta[s](0) = 0.0671357,	Delta[s](1) = 0.0466259,	Delta[s](2) = 0.0316859,	Delta[s](3) = 0.0466259,	Delta[s](4) = 0.0466259,	Delta[s](5) = 0.0283205,	Delta[s](6) = 0.0101104,	Delta[s](7) = 0.0283205,	Delta[s](8) = 0.0316859,	Delta[s](9) = 0.0101104,	Delta[s](10) = 0.000702004,	Delta[s](11) = 0.0101104,	Delta[s](12) = 0.0466259,	Delta[s](13) = 0.0283205,	Delta[s](14) = 0.0101104,	Delta[s](15) = 0.0283205,	Delta[d](0) = 0.24207,	Delta[d](1) = 0.190395,	Delta[d](2) = 0.234474,	Delta[d](3) = 0.190395,	Delta[d](4) = 0.190395,	Delta[d](5) = 0.129779,	Delta[d](6) = 0.158311,	Delta[d](7) = 0.129779,	Delta[d](8) = 0.234474,	Delta[d](9) = 0.158311,	Delta[d](10) = 0.0789008,	Delta[d](11) = 0.158311,	Delta[d](12) = 0.190395,	Delta[d](13) = 0.129779,	Delta[d](14) = 0.158311,	Delta[d](15) = 0.129779,	Delta[s+](0) = 0.559395,	Delta[s+](1) = 0.381316,	Delta[s+](2) = 0.234474,	Delta[s+](3) = 0.381316,	Delta[s+](4) = 0.381316,	Delta[s+](5) = 0.187024,	Delta[s+](6) = 0.0663158,	Delta[s+](7) = 0.187024,	Delta[s+](8) = 0.234474,	Delta[s+](9) = 0.0663158,	Delta[s+](10) = 0.0171366,	Delta[s+](11) = 0.0663158,	Delta[s+](12) = 0.381316,	Delta[s+](13) = 0.187024,	Delta[s+](14) = 0.0663158,	Delta[s+](15) = 0.187024
The 8-th iteration is completed.	|| time cost : 0h 1m 42.415s
********************************************************************************************************************
********************************************************************************************************************
Ground state is obtained after 9 iterations. The current ground-state energy is -24.7875, in which electron energy is -24.7879 and phonon energy is 0.000350645
final variational state is: 
	Gamma_x = [      1,1.00526,  1.001,1.00526,1.00526,1.00094,1.00078,1.00094,  1.001,1.00078,1.01011,1.00078,1.00526,1.00094,1.00078,1.00094]
	lambda_q = [  0.406211,  0.170613, 0.0524545,  0.170613,  0.170613, 0.0508101,-0.0378659, 0.0508101, 0.0524545,-0.0378659, -0.118386,-0.0378659,  0.170613, 0.0508101,-0.0378659, 0.0508101]
The effective e-e interactions mediated by phonons are: [    1.058, 0.354178, 0.041736, 0.354178, 0.354178,0.0409624,0.0250958,0.0409624, 0.041736,0.0250958, 0.258542,0.0250958, 0.354178,0.0409624,0.0250958,0.0409624]
The real-space interactions mediated by phonons are: [ -3.08096, -1.29292,-0.391379, -0.99147, -1.45762, -1.34767,-0.391379,-0.432991, -1.23616,-0.432991,-0.391379, -1.34767, -1.45762, -0.99147,-0.391379, -1.29292]
********************************************************************************************************************
o___o  ----------------------------------------
| L |	Time since last clock: 0h 0m 0s
A===A	Time since the beginning: 0h 12m 2.319s
***********************************************

********************************************************************************************************************
Start warm-up calculation for scaling factor 16
open output files: NGSEDWarmUpW3.2Obs.txt
********************************************************************************************************************
Start the 0 rounds of NGS-ED iteration
	effective electronic model is modified as: kinetic energy t = 0.993144
	                                           effective interaction Vq = [ -0.966833, -0.289025,-0.0331589, -0.289025, -0.289025,-0.0323868,-0.0196459,-0.0323868,-0.0331589,-0.0196459, -0.201394,-0.0196459, -0.289025,-0.0323868,-0.0196459,-0.0323868]
	PARPACK diagonalization completed after 45 matrix-vector product operations.
	iteration results: : total energy is -23.873812 | electron energy -23.873987 + phonon energy 0.000175 | electron momentum kIdx = 0
	Nq(0) = 9,	Nq(1) = 0.198421,	Nq(2) = 0.264576,	Nq(3) = 0.198421,	Nq(4) = 0.198421,	Nq(5) = 0.244882,	Nq(6) = 0.313204,	Nq(7) = 0.244882,	Nq(8) = 0.264576,	Nq(9) = 0.313204,	Nq(10) = 0.378321,	Nq(11) = 0.313204,	Nq(12) = 0.198421,	Nq(13) = 0.244882,	Nq(14) = 0.313204,	Nq(15) = 0.244882,	Sq(0) = 1.70642e-18,	Sq(1) = 0.550604,	Sq(2) = 0.424506,	Sq(3) = 0.550604,	Sq(4) = 0.550604,	Sq(5) = 0.794823,	Sq(6) = 1.01087,	Sq(7) = 0.794823,	Sq(8) = 0.424506,	Sq(9) = 1.01087,	Sq(10) = 0.79232,	Sq(11) = 1.01087,	Sq(12) = 0.550604,	Sq(13) = 0.794823,	Sq(14) = 1.01087,	Sq(15) = 0.794823,	N(0) = 1.77094,	N(1) = 1.63607,	N(2) = 0.738917,	N(3) = 1.63607,	N(4) = 1.63607,	N(5) = 0.385587,	N(6) = 0.14261,	N(7) = 0.385587,	N(8) = 0.738917,	N(9) = 0.14261,	N(10) = 0.0941396,	N(11) = 0.14261,	N(12) = 1.63607,	N(13) = 0.385587,	N(14) = 0.14261,	N(15) = 0.385587,	Delta[s](0) = 0.0665126,	Delta[s](1) = 0.0461937,	Delta[s](2) = 0.0313289,	Delta[s](3) = 0.0461937,	Delta[s](4) = 0.0461937,	Delta[s](5) = 0.0280089,	Delta[s](6) = 0.0100189,	Delta[s](7) = 0.0280089,	Delta[s](8) = 0.0313289,	Delta[s](9) = 0.0100189,	Delta[s](10) = 0.000691922,	Delta[s](11) = 0.0100189,	Delta[s](12) = 0.0461937,	Delta[s](13) = 0.0280089,	Delta[s](14) = 0.0100189,	Delta[s](15) = 0.0280089,	Delta[d](0) = 0.244509,	Delta[d](1) = 0.192372,	Delta[d](2) = 0.236878,	Delta[d](3) = 0.192372,	Delta[d](4) = 0.192372,	Delta[d](5) = 0.131285,	Delta[d](6) = 0.160092,	Delta[d](7) = 0.131285,	Delta[d](8) = 0.236878,	Delta[d](9) = 0.160092,	Delta[d](10) = 0.0806774,	Delta[d](11) = 0.160092,	Delta[d](12) = 0.192372,	Delta[d](13) = 0.131285,	Delta[d](14) = 0.160092,	Delta[d](15) = 0.131285,	Delta[s+](0) = 0.564698,	Delta[s+](1) = 0.385018,	Delta[s+](2) = 0.236878,	Delta[s+](3) = 0.385018,	Delta[s+](4) = 0.385018,	Delta[s+](5) = 0.188992,	Delta[s+](6) = 0.0671702,	Delta[s+](7) = 0.188992,	Delta[s+](8) = 0.236878,	Delta[s+](9) = 0.0671702,	Delta[s+](10) = 0.017347,	Delta[s+](11) = 0.0671702,	Delta[s+](12) = 0.385018,	Delta[s+](13) = 0.188992,	Delta[s+](14) = 0.0671702,	Delta[s+](15) = 0.188992
The 0-th iteration is completed.	|| time cost : 0h 1m 44.187s
********************************************************************************************************************
Start the 1 rounds of NGS-ED iteration
	effective electronic model is modified as: kinetic energy t = 0.993029
	                                           effective interaction Vq = [  -1.00993, -0.295788,-0.0332527, -0.295788, -0.295788,-0.0323031,-0.0193541,-0.0323031,-0.0332527,-0.0193541, -0.196638,-0.0193541, -0.295788,-0.0323031,-0.0193541,-0.0323031]
	PARPACK diagonalization completed after 45 matrix-vector product operations.
	iteration results: : total energy is -24.262501 | electron energy -24.262882 + phonon energy 0.000381 | electron momentum kIdx = 0
The 1-th iteration is completed.	|| time cost : 0h 0m 10.263s
********************************************************************************************************************
Start the 2 rounds of NGS-ED iteration
	effective electronic model is modified as: kinetic energy t = 0.992937
	                                           effective interaction Vq = [  -1.03265, -0.299487,-0.0332986, -0.299487, -0.299487,-0.0322676,-0.0192325,-0.0322676,-0.0332986,-0.0192325, -0.194883,-0.0192325, -0.299487,-0.0322676,-0.0192325,-0.0322676]
	PARPACK diagonalization completed after 30 matrix-vector product operations.
	iteration results: : total energy is -24.467256 | electron energy -24.467782 + phonon energy 0.000526 | electron momentum kIdx = 0
The 2-th iteration is completed.	|| time cost : 0h 0m 9.157s
********************************************************************************************************************
Start the 3 rounds of NGS-ED iteration
	effective electronic model is modified as: kinetic energy t = 0.992875
	                                           effective interaction Vq = [  -1.04463, -0.301537,-0.0333211, -0.301537, -0.301537,-0.0322528,-0.0191822,-0.0322528,-0.0333211,-0.0191822, -0.194256,-0.0191822, -0.301537,-0.0322528,-0.0191822,-0.0322528]
	PARPACK diagonalization completed after 30 matrix-vector product operations.
	iteration results: : total energy is -24.575169 | electron energy -24.575787 + phonon energy 0.000619 | electron momentum kIdx = 0
The 3-th iteration is completed.	|| time cost : 0h 0m 9.183s
********************************************************************************************************************
Start the 4 rounds of NGS-ED iteration
	effective electronic model is modified as: kinetic energy t = 0.992836
	                                           effective interaction Vq = [  -1.05095, -0.302683,-0.0333322, -0.302683, -0.302683,-0.0322468,-0.0191615,-0.0322468,-0.0333322,-0.0191615, -0.194043,-0.0191615, -0.302683,-0.0322468,-0.0191615,-0.0322468]
	PARPACK diagonalization completed after 30 matrix-vector product operations.
	iteration results: : total energy is -24.632055 | electron energy -24.632730 + phonon energy 0.000676 | electron momentum kIdx = 0
The 4-th iteration is completed.	|| time cost : 0h 0m 9.152s
********************************************************************************************************************
Start the 5 rounds of NGS-ED iteration
	effective electronic model is modified as: kinetic energy t = 0.992812
	                                           effective interaction Vq = [  -1.05428, -0.303327,-0.0333377, -0.303327, -0.303327,-0.0322444, -0.019153,-0.0322444,-0.0333377, -0.019153, -0.193976, -0.019153, -0.303327,-0.0322444, -0.019153,-0.0322444]
	PARPACK diagonalization completed after 30 matrix-vector product operations.
	iteration results: : total energy is -24.662045 | electron energy -24.662755 + phonon energy 0.000709 | electron momentum kIdx = 0
The 5-th iteration is completed.	|| time cost : 0h 0m 9.164s
********************************************************************************************************************
Start the 6 rounds of NGS-ED iteration
	effective electronic model is modified as: kinetic energy t = 0.992799
	                                           effective interaction Vq = [  -1.05604,  -0.30369,-0.0333405,  -0.30369,  -0.30369,-0.0322435,-0.0191496,-0.0322435,-0.0333405,-0.0191496, -0.193958,-0.0191496,  -0.30369,-0.0322435,-0.0191496,-0.0322435]
	PARPACK diagonalization completed after 30 matrix-vector product operations.
	iteration results: : total energy is -24.677858 | electron energy -24.678587 + phonon energy 0.000730 | electron momentum kIdx = 0
The 6-th iteration is completed.	|| time cost : 0h 0m 9.155s
********************************************************************************************************************
Start the 7 rounds of NGS-ED iteration
	effective electronic model is modified as: kinetic energy t = 0.992791
	                                           effective interaction Vq = [  -1.05697, -0.303896,-0.0333419, -0.303896, -0.303896,-0.0322433,-0.0191482,-0.0322433,-0.0333419,-0.0191482, -0.193955,-0.0191482, -0.303896,-0.0322433,-0.0191482,-0.0322433]
	PARPACK diagonalization completed after 30 matrix-vector product operations.
	iteration results: : total energy is -24.686195 | electron energy -24.686936 + phonon energy 0.000741 | electron momentum kIdx = 0
The 7-th iteration is completed.	|| time cost : 0h 0m 9.159s
********************************************************************************************************************
Start the 8 rounds of NGS-ED iteration
	effective electronic model is modified as: kinetic energy t = 0.992786
	                                           effective interaction Vq = [  -1.05746, -0.304012,-0.0333425, -0.304012, -0.304012,-0.0322432,-0.0191476,-0.0322432,-0.0333425,-0.0191476, -0.193957,-0.0191476, -0.304012,-0.0322432,-0.0191476,-0.0322432]
	PARPACK diagonalization completed after 30 matrix-vector product operations.
	iteration results: : total energy is -24.690591 | electron energy -24.691339 + phonon energy 0.000748 | electron momentum kIdx = 0
The 8-th iteration is completed.	|| time cost : 0h 0m 9.156s
********************************************************************************************************************
Start the 9 rounds of NGS-ED iteration
	effective electronic model is modified as: kinetic energy t = 0.992784
	                                           effective interaction Vq = [  -1.05771, -0.304079,-0.0333429, -0.304079, -0.304079,-0.0322432,-0.0191474,-0.0322432,-0.0333429,-0.0191474, -0.193959,-0.0191474, -0.304079,-0.0322432,-0.0191474,-0.0322432]
	PARPACK diagonalization completed after 30 matrix-vector product operations.
	iteration results: : total energy is -24.692909 | electron energy -24.693661 + phonon energy 0.000752 | electron momentum kIdx = 0
The 9-th iteration is completed.	|| time cost : 0h 0m 9.159s
********************************************************************************************************************
Start the 10 rounds of NGS-ED iteration
	effective electronic model is modified as: kinetic energy t = 0.992782
	                                           effective interaction Vq = [  -1.05785, -0.304116,-0.0333431, -0.304116, -0.304116,-0.0322432,-0.0191473,-0.0322432,-0.0333431,-0.0191473,  -0.19396,-0.0191473, -0.304116,-0.0322432,-0.0191473,-0.0322432]
	PARPACK diagonalization completed after 30 matrix-vector product operations.
	iteration results: : total energy is -24.694131 | electron energy -24.694886 + phonon energy 0.000755 | electron momentum kIdx = 0
	Nq(0) = 9,	Nq(1) = 0.198798,	Nq(2) = 0.26446,	Nq(3) = 0.198798,	Nq(4) = 0.198798,	Nq(5) = 0.244819,	Nq(6) = 0.313108,	Nq(7) = 0.244819,	Nq(8) = 0.26446,	Nq(9) = 0.313108,	Nq(10) = 0.377886,	Nq(11) = 0.313108,	Nq(12) = 0.198798,	Nq(13) = 0.244819,	Nq(14) = 0.313108,	Nq(15) = 0.244819,	Sq(0) = -2.37029e-18,	Sq(1) = 0.550465,	Sq(2) = 0.424555,	Sq(3) = 0.550465,	Sq(4) = 0.550465,	Sq(5) = 0.794717,	Sq(6) = 1.01091,	Sq(7) = 0.794717,	Sq(8) = 0.424555,	Sq(9) = 1.01091,	Sq(10) = 0.792817,	Sq(11) = 1.01091,	Sq(12) = 0.550465,	Sq(13) = 0.794717,	Sq(14) = 1.01091,	Sq(15) = 0.794717,	N(0) = 1.77094,	N(1) = 1.63629,	N(2) = 0.738759,	N(3) = 1.63629,	N(4) = 1.63629,	N(5) = 0.385336,	N(6) = 0.142688,	N(7) = 0.385336,	N(8) = 0.738759,	N(9) = 0.142688,	N(10) = 0.0942903,	N(11) = 0.142688,	N(12) = 1.63629,	N(13) = 0.385336,	N(14) = 0.142688,	N(15) = 0.385336,	Delta[s](0) = 0.0664882,	Delta[s](1) = 0.0461876,	Delta[s](2) = 0.031335,	Delta[s](3) = 0.0461876,	Delta[s](4) = 0.0461876,	Delta[s](5) = 0.0280184,	Delta[s](6) = 0.0100409,	Delta[s](7) = 0.0280184,	Delta[s](8) = 0.031335,	Delta[s](9) = 0.0100409,	Delta[s](10) = 0.000707007,	Delta[s](11) = 0.0100409,	Delta[s](12) = 0.0461876,	Delta[s](13) = 0.0280184,	Delta[s](14) = 0.0100409,	Delta[s](15) = 0.0280184,	Delta[d](0) = 0.252375,	Delta[d](1) = 0.198612,	Delta[d](2) = 0.244469,	Delta[d](3) = 0.198612,	Delta[d](4) = 0.198612,	Delta[d](5) = 0.135533,	Delta[d](6) = 0.16523,	Delta[d](7) = 0.135533,	Delta[d](8) = 0.244469,	Delta[d](9) = 0.16523,	Delta[d](10) = 0.0833085,	Delta[d](11) = 0.16523,	Delta[d](12) = 0.198612,	Delta[d](13) = 0.135533,	Delta[d](14) = 0.16523,	Delta[d](15) = 0.135533,	Delta[s+](0) = 0.582747,	Delta[s+](1) = 0.397327,	Delta[s+](2) = 0.244469,	Delta[s+](3) = 0.397327,	Delta[s+](4) = 0.397327,	Delta[s+](5) = 0.195061,	Delta[s+](6) = 0.0693785,	Delta[s+](7) = 0.195061,	Delta[s+](8) = 0.244469,	Delta[s+](9) = 0.0693785,	Delta[s+](10) = 0.0179556,	Delta[s+](11) = 0.0693785,	Delta[s+](12) = 0.397327,	Delta[s+](13) = 0.195061,	Delta[s+](14) = 0.0693785,	Delta[s+](15) = 0.195061
The 10-th iteration is completed.	|| time cost : 0h 1m 41.45s
********************************************************************************************************************
Start the 11 rounds of NGS-ED iteration
	effective electronic model is modified as: kinetic energy t = 0.992781
	                                           effective interaction Vq = [  -1.05792, -0.304138,-0.0333432, -0.304138, -0.304138,-0.0322432,-0.0191473,-0.0322432,-0.0333432,-0.0191473, -0.193961,-0.0191473, -0.304138,-0.0322432,-0.0191473,-0.0322432]
