TACC:  Starting up job 1743423 
TACC:  Starting parallel tasks... 
SNEDics v3.4 Non-Gaussian ED ground state program		Start at Sat Oct 10 15:37:17 2020

parallized on 16 MPI threads  * 7 OpenMP threads = 112 total threads.
********************************************************************************************************************
********************************************************************************************************************

********************************************************************************************************************
System parameters and configurations
********************************************************************************************************************
Special program options are enabled: splitted diagonal Hamiltonian
********************************************************************************************************************
Read input file "model_params.in"
	Hubbard-Holstein model parameters : 	t = 1    U = 8    g = 0.13    W = 0.2    g' = 0.06    
********************************************************************************************************************
Read input file "hilbertspace_params.in"
	Requested 16-site 2D lattice, with 14 electrons (7, 7)
	Boundary : Periodic		Hilbert space representation : momentum-space (restricted to kIdx = 0)
	Conservation: particle number[U(1)]      spin[U(1)]     momentum
********************************************************************************************************************

Cluster Positions:				Cluster symmetry group : D4
 x ... x ... x ... x .....                       x ... x ... x ... x .....
 |           |           :                       |           |           :
 |           |           :                       |           |           :
12    13    14    15     x                       1     5     6     5     x
 |           |           :                       |           |           :
 |           |           :                       |           |           :
 8 --- 9 ---10 ---11 --- x                       2 --- 6 ---10 --- 6 --- x
 |           |           :                       |           |           :
 |           |           :                       |           |           :
 4     5     6     7     x                       1     5     6     5     x
 |           |           :                       |           |           :
 |           |           :                       |           |           :
 0 --- 1 --- 2 --- 3 --- x                       0 --- 1 --- 2 --- 1 --- x
orbital number : 1
********************************************************************************************************************
Read input file "obs_params.in"
	Observable Type : Nq(All),   Sq(All),   N(All),   Delta[s](All),   Delta[d](All),   Delta[s+](All)
********************************************************************************************************************
** WARNING ** the input observables have non-local factors which have been reinterpreted. The total observable number is 96
********************************************************************************************************************


********************************************************************************************************************
Start calculating the non-Gaussian ED ground state
** WARNING ** Detected low phonon energy W < 10. The initial state will be prepared through a warm-up process.
********************************************************************************************************************
Start warm-up calculation for scaling factor 64
open output files: NGSEDWarmUpW12.8Obs.txt
********************************************************************************************************************
Start the 0 rounds of NGS-ED iteration
	effective electronic model is modified as: kinetic energy t = 1
	                                           effective interaction Vq = [0,0,0,0,0,0,0,0,0,0,0,0,0,0,0,0]
	first Hamiltonian is constructed, non-zero numbers = 2178478298
	PARPACK diagonalization completed after 165 matrix-vector product operations.
	iteration results: : total energy is -11.868836 | electron energy -11.868836 + phonon energy 0.000000 | electron momentum kIdx = 0
	Nq(0) = 12.25,	Nq(1) = 0.154193,	Nq(2) = 0.185311,	Nq(3) = 0.154193,	Nq(4) = 0.154193,	Nq(5) = 0.203281,	Nq(6) = 0.235634,	Nq(7) = 0.203281,	Nq(8) = 0.185311,	Nq(9) = 0.235634,	Nq(10) = 0.275446,	Nq(11) = 0.235634,	Nq(12) = 0.154193,	Nq(13) = 0.203281,	Nq(14) = 0.235634,	Nq(15) = 0.203281,	Sq(0) = 1.11096e-18,	Sq(1) = 0.474292,	Sq(2) = 0.766364,	Sq(3) = 0.474292,	Sq(4) = 0.474292,	Sq(5) = 0.630724,	Sq(6) = 1.05279,	Sq(7) = 0.630724,	Sq(8) = 0.766364,	Sq(9) = 1.05279,	Sq(10) = 2.56755,	Sq(11) = 1.05279,	Sq(12) = 0.474292,	Sq(13) = 0.630724,	Sq(14) = 1.05279,	Sq(15) = 0.630724,	N(0) = 1.75464,	N(1) = 1.59086,	N(2) = 0.323321,	N(3) = 1.59086,	N(4) = 1.59086,	N(5) = 0.999881,	N(6) = 0.267546,	N(7) = 0.999881,	N(8) = 0.323321,	N(9) = 0.267546,	N(10) = 0.165565,	N(11) = 0.267546,	N(12) = 1.59086,	N(13) = 0.999881,	N(14) = 0.267546,	N(15) = 0.999881,	Delta[s](0) = 0.0790453,	Delta[s](1) = 0.0591182,	Delta[s](2) = 0.035448,	Delta[s](3) = 0.0591182,	Delta[s](4) = 0.0591182,	Delta[s](5) = 0.04227,	Delta[s](6) = 0.0196003,	Delta[s](7) = 0.04227,	Delta[s](8) = 0.035448,	Delta[s](9) = 0.0196003,	Delta[s](10) = 0.000354973,	Delta[s](11) = 0.0196003,	Delta[s](12) = 0.0591182,	Delta[s](13) = 0.04227,	Delta[s](14) = 0.0196003,	Delta[s](15) = 0.04227,	Delta[d](0) = 0.278639,	Delta[d](1) = 0.192227,	Delta[d](2) = 0.201904,	Delta[d](3) = 0.192227,	Delta[d](4) = 0.192227,	Delta[d](5) = 0.178698,	Delta[d](6) = 0.134102,	Delta[d](7) = 0.178698,	Delta[d](8) = 0.201904,	Delta[d](9) = 0.134102,	Delta[d](10) = 0.054175,	Delta[d](11) = 0.134102,	Delta[d](12) = 0.192227,	Delta[d](13) = 0.178698,	Delta[d](14) = 0.134102,	Delta[d](15) = 0.178698,	Delta[s+](0) = 0.565615,	Delta[s+](1) = 0.421196,	Delta[s+](2) = 0.201904,	Delta[s+](3) = 0.421196,	Delta[s+](4) = 0.421196,	Delta[s+](5) = 0.294464,	Delta[s+](6) = 0.127629,	Delta[s+](7) = 0.294464,	Delta[s+](8) = 0.201904,	Delta[s+](9) = 0.127629,	Delta[s+](10) = 0.0388057,	Delta[s+](11) = 0.127629,	Delta[s+](12) = 0.421196,	Delta[s+](13) = 0.294464,	Delta[s+](14) = 0.127629,	Delta[s+](15) = 0.294464
The 0-th iteration is completed.	|| time cost : 0h 6m 31.962s
********************************************************************************************************************
Start the 1 rounds of NGS-ED iteration
	effective electronic model is modified as: kinetic energy t = 0.997738
	                                           effective interaction Vq = [   -0.631585,   -0.270449,  -0.0698089,   -0.270449,   -0.270449,  -0.0705432,-0.000404271,  -0.0705432,  -0.0698089,-0.000404271,  -0.0479475,-0.000404271,   -0.270449,  -0.0705432,-0.000404271,  -0.0705432]
	PARPACK diagonalization completed after 60 matrix-vector product operations.
	iteration results: : total energy is -19.833245 | electron energy -19.833250 + phonon energy 0.000005 | electron momentum kIdx = 0
The 1-th iteration is completed.	|| time cost : 0h 5m 14.414s
********************************************************************************************************************
Start the 2 rounds of NGS-ED iteration
	effective electronic model is modified as: kinetic energy t = 0.996847
	                                           effective interaction Vq = [   -0.680409,   -0.294555,  -0.0755792,   -0.294555,   -0.294555,   -0.076484,-0.000435919,   -0.076484,  -0.0755792,-0.000435919,  -0.0515578,-0.000435919,   -0.294555,   -0.076484,-0.000435919,   -0.076484]
	PARPACK diagonalization completed after 45 matrix-vector product operations.
	iteration results: : total energy is -20.439411 | electron energy -20.439431 + phonon energy 0.000019 | electron momentum kIdx = 0
The 2-th iteration is completed.	|| time cost : 0h 0m 24.468s
********************************************************************************************************************
Start the 3 rounds of NGS-ED iteration
	effective electronic model is modified as: kinetic energy t = 0.996666
	                                           effective interaction Vq = [   -0.684184,   -0.298173,  -0.0763602,   -0.298173,   -0.298173,  -0.0773111,-0.000439889,  -0.0773111,  -0.0763602,-0.000439889,   -0.051984,-0.000439889,   -0.298173,  -0.0773111,-0.000439889,  -0.0773111]
	PARPACK diagonalization completed after 45 matrix-vector product operations.
	iteration results: : total energy is -20.485943 | electron energy -20.485969 + phonon energy 0.000026 | electron momentum kIdx = 0
The 3-th iteration is completed.	|| time cost : 0h 0m 24.456s
********************************************************************************************************************
Start the 4 rounds of NGS-ED iteration
	effective electronic model is modified as: kinetic energy t = 0.996632
	                                           effective interaction Vq = [   -0.684476,   -0.298849,  -0.0764805,   -0.298849,   -0.298849,   -0.077444,-0.000440441,   -0.077444,  -0.0764805,-0.000440441,  -0.0520389,-0.000440441,   -0.298849,   -0.077444,-0.000440441,   -0.077444]
	PARPACK diagonalization completed after 45 matrix-vector product operations.
	iteration results: : total energy is -20.489528 | electron energy -20.489556 + phonon energy 0.000027 | electron momentum kIdx = 0
The 4-th iteration is completed.	|| time cost : 0h 0m 24.452s
********************************************************************************************************************
Start the 5 rounds of NGS-ED iteration
	effective electronic model is modified as: kinetic energy t = 0.996626
	                                           effective interaction Vq = [   -0.684498,   -0.298982,  -0.0764994,   -0.298982,   -0.298982,  -0.0774659,-0.000440519,  -0.0774659,  -0.0764994,-0.000440519,  -0.0520461,-0.000440519,   -0.298982,  -0.0774659,-0.000440519,  -0.0774659]
	PARPACK diagonalization completed after 30 matrix-vector product operations.
	iteration results: : total energy is -20.489805 | electron energy -20.489833 + phonon energy 0.000028 | electron momentum kIdx = 0
The 5-th iteration is completed.	|| time cost : 0h 0m 21.641s
********************************************************************************************************************
Start the 6 rounds of NGS-ED iteration
	effective electronic model is modified as: kinetic energy t = 0.996624
	                                           effective interaction Vq = [    -0.6845,  -0.299009, -0.0765024,  -0.299009,  -0.299009, -0.0774695,-0.00044053, -0.0774695, -0.0765024,-0.00044053,  -0.052047,-0.00044053,  -0.299009, -0.0774695,-0.00044053, -0.0774695]
	PARPACK diagonalization completed after 30 matrix-vector product operations.
	iteration results: : total energy is -20.489826 | electron energy -20.489854 + phonon energy 0.000028 | electron momentum kIdx = 0
	Nq(0) = 12.25,	Nq(1) = 0.15819,	Nq(2) = 0.18683,	Nq(3) = 0.15819,	Nq(4) = 0.15819,	Nq(5) = 0.204791,	Nq(6) = 0.236664,	Nq(7) = 0.204791,	Nq(8) = 0.18683,	Nq(9) = 0.236664,	Nq(10) = 0.278124,	Nq(11) = 0.236664,	Nq(12) = 0.15819,	Nq(13) = 0.204791,	Nq(14) = 0.236664,	Nq(15) = 0.204791,	Sq(0) = -1.78778e-18,	Sq(1) = 0.471445,	Sq(2) = 0.763479,	Sq(3) = 0.471445,	Sq(4) = 0.471445,	Sq(5) = 0.628859,	Sq(6) = 1.052,	Sq(7) = 0.628859,	Sq(8) = 0.763479,	Sq(9) = 1.052,	Sq(10) = 2.56346,	Sq(11) = 1.052,	Sq(12) = 0.471445,	Sq(13) = 0.628859,	Sq(14) = 1.052,	Sq(15) = 0.628859,	N(0) = 1.7596,	N(1) = 1.59854,	N(2) = 0.317817,	N(3) = 1.59854,	N(4) = 1.59854,	N(5) = 0.998719,	N(6) = 0.262998,	N(7) = 0.998719,	N(8) = 0.317817,	N(9) = 0.262998,	N(10) = 0.163757,	N(11) = 0.262998,	N(12) = 1.59854,	N(13) = 0.998719,	N(14) = 0.262998,	N(15) = 0.998719,	Delta[s](0) = 0.0807365,	Delta[s](1) = 0.0604733,	Delta[s](2) = 0.0362967,	Delta[s](3) = 0.0604733,	Delta[s](4) = 0.0604733,	Delta[s](5) = 0.0433926,	Delta[s](6) = 0.0202092,	Delta[s](7) = 0.0433926,	Delta[s](8) = 0.0362967,	Delta[s](9) = 0.0202092,	Delta[s](10) = 0.000552179,	Delta[s](11) = 0.0202092,	Delta[s](12) = 0.0604733,	Delta[s](13) = 0.0433926,	Delta[s](14) = 0.0202092,	Delta[s](15) = 0.0433926,	Delta[d](0) = 0.287098,	Delta[d](1) = 0.193719,	Delta[d](2) = 0.203407,	Delta[d](3) = 0.193719,	Delta[d](4) = 0.193719,	Delta[d](5) = 0.180007,	Delta[d](6) = 0.134512,	Delta[d](7) = 0.180007,	Delta[d](8) = 0.203407,	Delta[d](9) = 0.134512,	Delta[d](10) = 0.0546818,	Delta[d](11) = 0.134512,	Delta[d](12) = 0.193719,	Delta[d](13) = 0.180007,	Delta[d](14) = 0.134512,	Delta[d](15) = 0.180007,	Delta[s+](0) = 0.572137,	Delta[s+](1) = 0.425849,	Delta[s+](2) = 0.203407,	Delta[s+](3) = 0.425849,	Delta[s+](4) = 0.425849,	Delta[s+](5) = 0.297176,	Delta[s+](6) = 0.128217,	Delta[s+](7) = 0.297176,	Delta[s+](8) = 0.203407,	Delta[s+](9) = 0.128217,	Delta[s+](10) = 0.0387796,	Delta[s+](11) = 0.128217,	Delta[s+](12) = 0.425849,	Delta[s+](13) = 0.297176,	Delta[s+](14) = 0.128217,	Delta[s+](15) = 0.297176
The 6-th iteration is completed.	|| time cost : 0h 3m 58.053s
********************************************************************************************************************
********************************************************************************************************************
Ground state is obtained after 7 iterations. The current ground-state energy is -20.4898, in which electron energy is -20.4899 and phonon energy is 2.75891e-05
final variational state is: 
	Gamma_x = [      1,1.00127,1.00053,1.00127,1.00127,1.00056,      1,1.00056,1.00053,      1,1.00062,      1,1.00127,1.00056,      1,1.00056]
	lambda_q = [   0.23122,  0.123791, 0.0562545,  0.123791,  0.123791, 0.0578148,0.00409454, 0.0578148, 0.0562545,0.00409454,-0.0430522,0.00409454,  0.123791, 0.0578148,0.00409454, 0.0578148]
The effective e-e interactions mediated by phonons are: [     0.6845,   0.299014,  0.0765029,   0.299014,   0.299014,  0.0774701,0.000440531,  0.0774701,  0.0765029,0.000440531,  0.0520472,0.000440531,   0.299014,  0.0774701,0.000440531,  0.0774701]
The real-space interactions mediated by phonons are: [ -2.39725,  -1.0154,-0.162974,-0.429117,  -1.2296,-0.752291,-0.162974,-0.235184,-0.579672,-0.235184,-0.162974,-0.752291,  -1.2296,-0.429117,-0.162974,  -1.0154]
********************************************************************************************************************
o___o  ----------------------------------------
| L |	Time since last clock: 0h 0m 0s
A===A	Time since the beginning: 0h 17m 19.45s
***********************************************

********************************************************************************************************************
Start warm-up calculation for scaling factor 32
open output files: NGSEDWarmUpW6.4Obs.txt
********************************************************************************************************************
Start the 0 rounds of NGS-ED iteration
	effective electronic model is modified as: kinetic energy t = 0.996624
	                                           effective interaction Vq = [   -0.625743,   -0.252059,  -0.0624849,   -0.252059,   -0.252059,  -0.0636407,-0.000355947,  -0.0636407,  -0.0624849,-0.000355947,  -0.0417164,-0.000355947,   -0.252059,  -0.0636407,-0.000355947,  -0.0636407]
	PARPACK diagonalization completed after 60 matrix-vector product operations.
	iteration results: : total energy is -19.720917 | electron energy -19.720931 + phonon energy 0.000014 | electron momentum kIdx = 0
	Nq(0) = 12.25,	Nq(1) = 0.157507,	Nq(2) = 0.186473,	Nq(3) = 0.157507,	Nq(4) = 0.157507,	Nq(5) = 0.20442,	Nq(6) = 0.23638,	Nq(7) = 0.20442,	Nq(8) = 0.186473,	Nq(9) = 0.23638,	Nq(10) = 0.277513,	Nq(11) = 0.23638,	Nq(12) = 0.157507,	Nq(13) = 0.20442,	Nq(14) = 0.23638,	Nq(15) = 0.20442,	Sq(0) = -1.23713e-18,	Sq(1) = 0.471866,	Sq(2) = 0.764048,	Sq(3) = 0.471866,	Sq(4) = 0.471866,	Sq(5) = 0.629207,	Sq(6) = 1.05243,	Sq(7) = 0.629207,	Sq(8) = 0.764048,	Sq(9) = 1.05243,	Sq(10) = 2.56422,	Sq(11) = 1.05243,	Sq(12) = 0.471866,	Sq(13) = 0.629207,	Sq(14) = 1.05243,	Sq(15) = 0.629207,	N(0) = 1.75856,	N(1) = 1.59697,	N(2) = 0.319018,	N(3) = 1.59697,	N(4) = 1.59697,	N(5) = 0.998905,	N(6) = 0.263919,	N(7) = 0.998905,	N(8) = 0.319018,	N(9) = 0.263919,	N(10) = 0.164217,	N(11) = 0.263919,	N(12) = 1.59697,	N(13) = 0.998905,	N(14) = 0.263919,	N(15) = 0.998905,	Delta[s](0) = 0.0802538,	Delta[s](1) = 0.0601277,	Delta[s](2) = 0.036139,	Delta[s](3) = 0.0601277,	Delta[s](4) = 0.0601277,	Delta[s](5) = 0.0431422,	Delta[s](6) = 0.0201478,	Delta[s](7) = 0.0431422,	Delta[s](8) = 0.036139,	Delta[s](9) = 0.0201478,	Delta[s](10) = 0.000640802,	Delta[s](11) = 0.0201478,	Delta[s](12) = 0.0601277,	Delta[s](13) = 0.0431422,	Delta[s](14) = 0.0201478,	Delta[s](15) = 0.0431422,	Delta[d](0) = 0.288079,	Delta[d](1) = 0.19547,	Delta[d](2) = 0.205068,	Delta[d](3) = 0.19547,	Delta[d](4) = 0.19547,	Delta[d](5) = 0.181563,	Delta[d](6) = 0.135815,	Delta[d](7) = 0.181563,	Delta[d](8) = 0.205068,	Delta[d](9) = 0.135815,	Delta[d](10) = 0.0552272,	Delta[d](11) = 0.135815,	Delta[d](12) = 0.19547,	Delta[d](13) = 0.181563,	Delta[d](14) = 0.135815,	Delta[d](15) = 0.181563,	Delta[s+](0) = 0.575878,	Delta[s+](1) = 0.428701,	Delta[s+](2) = 0.205068,	Delta[s+](3) = 0.428701,	Delta[s+](4) = 0.428701,	Delta[s+](5) = 0.299321,	Delta[s+](6) = 0.12939,	Delta[s+](7) = 0.299321,	Delta[s+](8) = 0.205068,	Delta[s+](9) = 0.12939,	Delta[s+](10) = 0.0392691,	Delta[s+](11) = 0.12939,	Delta[s+](12) = 0.428701,	Delta[s+](13) = 0.299321,	Delta[s+](14) = 0.12939,	Delta[s+](15) = 0.299321
The 0-th iteration is completed.	|| time cost : 0h 4m 3.498s
********************************************************************************************************************
Start the 1 rounds of NGS-ED iteration
	effective electronic model is modified as: kinetic energy t = 0.996028
	                                           effective interaction Vq = [   -0.668163,   -0.267316,  -0.0648382,   -0.267316,   -0.267316,  -0.0663813,-0.000365236,  -0.0663813,  -0.0648382,-0.000365236,  -0.0423744,-0.000365236,   -0.267316,  -0.0663813,-0.000365236,  -0.0663813]
	PARPACK diagonalization completed after 45 matrix-vector product operations.
	iteration results: : total energy is -20.243304 | electron energy -20.243354 + phonon energy 0.000050 | electron momentum kIdx = 0
The 1-th iteration is completed.	|| time cost : 0h 0m 24.537s
********************************************************************************************************************
Start the 2 rounds of NGS-ED iteration
	effective electronic model is modified as: kinetic energy t = 0.995801
	                                           effective interaction Vq = [   -0.679958,   -0.272549,  -0.0655215,   -0.272549,   -0.272549,  -0.0672069,-0.000367689,  -0.0672069,  -0.0655215,-0.000367689,  -0.0425395,-0.000367689,   -0.272549,  -0.0672069,-0.000367689,  -0.0672069]
	PARPACK diagonalization completed after 45 matrix-vector product operations.
	iteration results: : total energy is -20.388167 | electron energy -20.388242 + phonon energy 0.000075 | electron momentum kIdx = 0
The 2-th iteration is completed.	|| time cost : 0h 0m 24.477s
********************************************************************************************************************
Start the 3 rounds of NGS-ED iteration
	effective electronic model is modified as: kinetic energy t = 0.995717
	                                           effective interaction Vq = [   -0.683237,    -0.27446,  -0.0657254,    -0.27446,    -0.27446,  -0.0674639,-0.000368348,  -0.0674639,  -0.0657254,-0.000368348,  -0.0425817,-0.000368348,    -0.27446,  -0.0674639,-0.000368348,  -0.0674639]
	PARPACK diagonalization completed after 45 matrix-vector product operations.
	iteration results: : total energy is -20.428393 | electron energy -20.428480 + phonon energy 0.000087 | electron momentum kIdx = 0
The 3-th iteration is completed.	|| time cost : 0h 0m 24.503s
********************************************************************************************************************
Start the 4 rounds of NGS-ED iteration
	effective electronic model is modified as: kinetic energy t = 0.995685
	                                           effective interaction Vq = [   -0.684149,   -0.275177,  -0.0657869,   -0.275177,   -0.275177,  -0.0675449,-0.000368526,  -0.0675449,  -0.0657869,-0.000368526,  -0.0425926,-0.000368526,   -0.275177,  -0.0675449,-0.000368526,  -0.0675449]
	PARPACK diagonalization completed after 45 matrix-vector product operations.
	iteration results: : total energy is -20.439569 | electron energy -20.439662 + phonon energy 0.000093 | electron momentum kIdx = 0
The 4-th iteration is completed.	|| time cost : 0h 0m 24.502s
********************************************************************************************************************
Start the 5 rounds of NGS-ED iteration
	effective electronic model is modified as: kinetic energy t = 0.995674
	                                           effective interaction Vq = [   -0.684402,   -0.275449,  -0.0658055,   -0.275449,   -0.275449,  -0.0675705,-0.000368574,  -0.0675705,  -0.0658055,-0.000368574,  -0.0425955,-0.000368574,   -0.275449,  -0.0675705,-0.000368574,  -0.0675705]
	PARPACK diagonalization completed after 30 matrix-vector product operations.
	iteration results: : total energy is -20.442676 | electron energy -20.442771 + phonon energy 0.000095 | electron momentum kIdx = 0
The 5-th iteration is completed.	|| time cost : 0h 0m 21.626s
********************************************************************************************************************
Start the 6 rounds of NGS-ED iteration
	effective electronic model is modified as: kinetic energy t = 0.99567
	                                           effective interaction Vq = [   -0.684473,   -0.275553,  -0.0658111,   -0.275553,   -0.275553,  -0.0675786,-0.000368588,  -0.0675786,  -0.0658111,-0.000368588,  -0.0425962,-0.000368588,   -0.275553,  -0.0675786,-0.000368588,  -0.0675786]
	PARPACK diagonalization completed after 30 matrix-vector product operations.
	iteration results: : total energy is -20.443540 | electron energy -20.443635 + phonon energy 0.000096 | electron momentum kIdx = 0
The 6-th iteration is completed.	|| time cost : 0h 0m 21.668s
********************************************************************************************************************
Start the 7 rounds of NGS-ED iteration
	effective electronic model is modified as: kinetic energy t = 0.995668
	                                           effective interaction Vq = [   -0.684492,   -0.275592,  -0.0658129,   -0.275592,   -0.275592,  -0.0675811,-0.000368591,  -0.0675811,  -0.0658129,-0.000368591,  -0.0425964,-0.000368591,   -0.275592,  -0.0675811,-0.000368591,  -0.0675811]
	PARPACK diagonalization completed after 30 matrix-vector product operations.
	iteration results: : total energy is -20.443780 | electron energy -20.443876 + phonon energy 0.000096 | electron momentum kIdx = 0
	Nq(0) = 12.25,	Nq(1) = 0.15778,	Nq(2) = 0.186458,	Nq(3) = 0.15778,	Nq(4) = 0.15778,	Nq(5) = 0.204378,	Nq(6) = 0.236309,	Nq(7) = 0.204378,	Nq(8) = 0.186458,	Nq(9) = 0.236309,	Nq(10) = 0.277479,	Nq(11) = 0.236309,	Nq(12) = 0.15778,	Nq(13) = 0.204378,	Nq(14) = 0.236309,	Nq(15) = 0.204378,	Sq(0) = 5.51459e-18,	Sq(1) = 0.47161,	Sq(2) = 0.763955,	Sq(3) = 0.47161,	Sq(4) = 0.47161,	Sq(5) = 0.62913,	Sq(6) = 1.05271,	Sq(7) = 0.62913,	Sq(8) = 0.763955,	Sq(9) = 1.05271,	Sq(10) = 2.56403,	Sq(11) = 1.05271,	Sq(12) = 0.47161,	Sq(13) = 0.62913,	Sq(14) = 1.05271,	Sq(15) = 0.62913,	N(0) = 1.75862,	N(1) = 1.59715,	N(2) = 0.319009,	N(3) = 1.59715,	N(4) = 1.59715,	N(5) = 0.998796,	N(6) = 0.263825,	N(7) = 0.998796,	N(8) = 0.319009,	N(9) = 0.263825,	N(10) = 0.1643,	N(11) = 0.263825,	N(12) = 1.59715,	N(13) = 0.998796,	N(14) = 0.263825,	N(15) = 0.998796,	Delta[s](0) = 0.0802316,	Delta[s](1) = 0.0601274,	Delta[s](2) = 0.0361597,	Delta[s](3) = 0.0601274,	Delta[s](4) = 0.0601274,	Delta[s](5) = 0.0431576,	Delta[s](6) = 0.0201851,	Delta[s](7) = 0.0431576,	Delta[s](8) = 0.0361597,	Delta[s](9) = 0.0201851,	Delta[s](10) = 0.000699501,	Delta[s](11) = 0.0201851,	Delta[s](12) = 0.0601274,	Delta[s](13) = 0.0431576,	Delta[s](14) = 0.0201851,	Delta[s](15) = 0.0431576,	Delta[d](0) = 0.291057,	Delta[d](1) = 0.197322,	Delta[d](2) = 0.206895,	Delta[d](3) = 0.197322,	Delta[d](4) = 0.197322,	Delta[d](5) = 0.183225,	Delta[d](6) = 0.137036,	Delta[d](7) = 0.183225,	Delta[d](8) = 0.206895,	Delta[d](9) = 0.137036,	Delta[d](10) = 0.0558034,	Delta[d](11) = 0.137036,	Delta[d](12) = 0.197322,	Delta[d](13) = 0.183225,	Delta[d](14) = 0.137036,	Delta[d](15) = 0.183225,	Delta[s+](0) = 0.580843,	Delta[s+](1) = 0.432398,	Delta[s+](2) = 0.206895,	Delta[s+](3) = 0.432398,	Delta[s+](4) = 0.432398,	Delta[s+](5) = 0.301895,	Delta[s+](6) = 0.130547,	Delta[s+](7) = 0.301895,	Delta[s+](8) = 0.206895,	Delta[s+](9) = 0.130547,	Delta[s+](10) = 0.0396598,	Delta[s+](11) = 0.130547,	Delta[s+](12) = 0.432398,	Delta[s+](13) = 0.301895,	Delta[s+](14) = 0.130547,	Delta[s+](15) = 0.301895
The 7-th iteration is completed.	|| time cost : 0h 3m 57.857s
********************************************************************************************************************
********************************************************************************************************************
Ground state is obtained after 8 iterations. The current ground-state energy is -20.4438, in which electron energy is -20.4439 and phonon energy is 9.59849e-05
final variational state is: 
	Gamma_x = [      1,1.00348,1.00123,1.00348,1.00348,1.00134,1.00001,1.00134,1.00123,1.00001, 1.0013,1.00001,1.00348,1.00134,1.00001,1.00134]
	lambda_q = [  0.326464,  0.145047, 0.0608698,  0.145047,  0.145047, 0.0634904,0.00430756, 0.0634904, 0.0608698,0.00430756,-0.0443365,0.00430756,  0.145047, 0.0634904,0.00430756, 0.0634904]
The effective e-e interactions mediated by phonons are: [   0.684498,   0.275607,  0.0658134,   0.275607,   0.275607,  0.0675819,0.000368592,  0.0675819,  0.0658134,0.000368592,  0.0425965,0.000368592,   0.275607,  0.0675819,0.000368592,  0.0675819]
The real-space interactions mediated by phonons are: [ -2.23295,-0.994718,-0.199097, -0.45331, -1.19238,-0.751226,-0.199097,-0.275485,-0.588393,-0.275485,-0.199097,-0.751226, -1.19238, -0.45331,-0.199097,-0.994718]
********************************************************************************************************************
o___o  ----------------------------------------
| L |	Time since last clock: 0h 0m 0s
A===A	Time since the beginning: 0h 27m 42.123s
***********************************************

********************************************************************************************************************
Start warm-up calculation for scaling factor 16
open output files: NGSEDWarmUpW3.2Obs.txt
********************************************************************************************************************
Start the 0 rounds of NGS-ED iteration
	effective electronic model is modified as: kinetic energy t = 0.995667
	                                           effective interaction Vq = [   -0.625282,    -0.22277,  -0.0514482,    -0.22277,    -0.22277,  -0.0531307,-0.000285228,  -0.0531307,  -0.0514482,-0.000285228,  -0.0327258,-0.000285228,    -0.22277,  -0.0531307,-0.000285228,  -0.0531307]
	PARPACK diagonalization completed after 60 matrix-vector product operations.
	iteration results: : total energy is -19.665261 | electron energy -19.665309 + phonon energy 0.000048 | electron momentum kIdx = 0
	Nq(0) = 12.25,	Nq(1) = 0.157019,	Nq(2) = 0.186092,	Nq(3) = 0.157019,	Nq(4) = 0.157019,	Nq(5) = 0.203998,	Nq(6) = 0.23601,	Nq(7) = 0.203998,	Nq(8) = 0.186092,	Nq(9) = 0.23601,	Nq(10) = 0.276853,	Nq(11) = 0.23601,	Nq(12) = 0.157019,	Nq(13) = 0.203998,	Nq(14) = 0.23601,	Nq(15) = 0.203998,	Sq(0) = -4.0743e-18,	Sq(1) = 0.472097,	Sq(2) = 0.764568,	Sq(3) = 0.472097,	Sq(4) = 0.472097,	Sq(5) = 0.629512,	Sq(6) = 1.05311,	Sq(7) = 0.629512,	Sq(8) = 0.764568,	Sq(9) = 1.05311,	Sq(10) = 2.56485,	Sq(11) = 1.05311,	Sq(12) = 0.472097,	Sq(13) = 0.629512,	Sq(14) = 1.05311,	Sq(15) = 0.629512,	N(0) = 1.75751,	N(1) = 1.59547,	N(2) = 0.320279,	N(3) = 1.59547,	N(4) = 1.59547,	N(5) = 0.999008,	N(6) = 0.264813,	N(7) = 0.999008,	N(8) = 0.320279,	N(9) = 0.264813,	N(10) = 0.164779,	N(11) = 0.264813,	N(12) = 1.59547,	N(13) = 0.999008,	N(14) = 0.264813,	N(15) = 0.999008,	Delta[s](0) = 0.0798103,	Delta[s](1) = 0.0598043,	Delta[s](2) = 0.0359762,	Delta[s](3) = 0.0598043,	Delta[s](4) = 0.0598043,	Delta[s](5) = 0.0429014,	Delta[s](6) = 0.0200714,	Delta[s](7) = 0.0429014,	Delta[s](8) = 0.0359762,	Delta[s](9) = 0.0200714,	Delta[s](10) = 0.000700566,	Delta[s](11) = 0.0200714,	Delta[s](12) = 0.0598043,	Delta[s](13) = 0.0429014,	Delta[s](14) = 0.0200714,	Delta[s](15) = 0.0429014,	Delta[d](0) = 0.291954,	Delta[d](1) = 0.198897,	Delta[d](2) = 0.20846,	Delta[d](3) = 0.198897,	Delta[d](4) = 0.198897,	Delta[d](5) = 0.184654,	Delta[d](6) = 0.138235,	Delta[d](7) = 0.184654,	Delta[d](8) = 0.20846,	Delta[d](9) = 0.138235,	Delta[d](10) = 0.0562639,	Delta[d](11) = 0.138235,	Delta[d](12) = 0.198897,	Delta[d](13) = 0.184654,	Delta[d](14) = 0.138235,	Delta[d](15) = 0.184654,	Delta[s+](0) = 0.584529,	Delta[s+](1) = 0.435196,	Delta[s+](2) = 0.20846,	Delta[s+](3) = 0.435196,	Delta[s+](4) = 0.435196,	Delta[s+](5) = 0.30398,	Delta[s+](6) = 0.131631,	Delta[s+](7) = 0.30398,	Delta[s+](8) = 0.20846,	Delta[s+](9) = 0.131631,	Delta[s+](10) = 0.0400753,	Delta[s+](11) = 0.131631,	Delta[s+](12) = 0.435196,	Delta[s+](13) = 0.30398,	Delta[s+](14) = 0.131631,	Delta[s+](15) = 0.30398
The 0-th iteration is completed.	|| time cost : 0h 4m 5.076s
********************************************************************************************************************
Start the 1 rounds of NGS-ED iteration
	effective electronic model is modified as: kinetic energy t = 0.995615
	                                           effective interaction Vq = [   -0.653275,   -0.226591,  -0.0505538,   -0.226591,   -0.226591,  -0.0526064,-0.000275912,  -0.0526064,  -0.0505538,-0.000275912,  -0.0312319,-0.000275912,   -0.226591,  -0.0526064,-0.000275912,  -0.0526064]
	PARPACK diagonalization completed after 45 matrix-vector product operations.
	iteration results: : total energy is -20.008444 | electron energy -20.008550 + phonon energy 0.000107 | electron momentum kIdx = 0
The 1-th iteration is completed.	|| time cost : 0h 0m 24.527s
********************************************************************************************************************
Start the 2 rounds of NGS-ED iteration
	effective electronic model is modified as: kinetic energy t = 0.995575
	                                           effective interaction Vq = [   -0.668035,   -0.228602,  -0.0501872,   -0.228602,   -0.228602,  -0.0523833,-0.000272411,  -0.0523833,  -0.0501872,-0.000272411,  -0.0307211,-0.000272411,   -0.228602,  -0.0523833,-0.000272411,  -0.0523833]
	PARPACK diagonalization completed after 45 matrix-vector product operations.
	iteration results: : total energy is -20.189329 | electron energy -20.189479 + phonon energy 0.000150 | electron momentum kIdx = 0
The 2-th iteration is completed.	|| time cost : 0h 0m 24.476s
********************************************************************************************************************
Start the 3 rounds of NGS-ED iteration
	effective electronic model is modified as: kinetic energy t = 0.995549
	                                           effective interaction Vq = [   -0.675818,   -0.229672,  -0.0500383,   -0.229672,   -0.229672,  -0.0522892,-0.000271108,  -0.0522892,  -0.0500383,-0.000271108,  -0.0305489,-0.000271108,   -0.229672,  -0.0522892,-0.000271108,  -0.0522892]
	PARPACK diagonalization completed after 45 matrix-vector product operations.
	iteration results: : total energy is -20.284690 | electron energy -20.284869 + phonon energy 0.000179 | electron momentum kIdx = 0
The 3-th iteration is completed.	|| time cost : 0h 0m 24.51s
********************************************************************************************************************
Start the 4 rounds of NGS-ED iteration
	effective electronic model is modified as: kinetic energy t = 0.995533
	                                           effective interaction Vq = [   -0.679922,   -0.230244,  -0.0499782,   -0.230244,   -0.230244,  -0.0522497,-0.000270625,  -0.0522497,  -0.0499782,-0.000270625,  -0.0304912,-0.000270625,   -0.230244,  -0.0522497,-0.000270625,  -0.0522497]
	PARPACK diagonalization completed after 45 matrix-vector product operations.
	iteration results: : total energy is -20.334970 | electron energy -20.335166 + phonon energy 0.000196 | electron momentum kIdx = 0
The 4-th iteration is completed.	|| time cost : 0h 0m 24.459s
********************************************************************************************************************
Start the 5 rounds of NGS-ED iteration
	effective electronic model is modified as: kinetic energy t = 0.995524
	                                           effective interaction Vq = [   -0.682086,   -0.230552,  -0.0499541,   -0.230552,   -0.230552,  -0.0522334,-0.000270446,  -0.0522334,  -0.0499541,-0.000270446,   -0.030472,-0.000270446,   -0.230552,  -0.0522334,-0.000270446,  -0.0522334]
	PARPACK diagonalization completed after 30 matrix-vector product operations.
	iteration results: : total energy is -20.361480 | electron energy -20.361687 + phonon energy 0.000207 | electron momentum kIdx = 0
The 5-th iteration is completed.	|| time cost : 0h 0m 21.671s
********************************************************************************************************************
Start the 6 rounds of NGS-ED iteration
	effective electronic model is modified as: kinetic energy t = 0.995519
	                                           effective interaction Vq = [  -0.683227,  -0.230718, -0.0499444,  -0.230718,  -0.230718, -0.0522266,-0.00027038, -0.0522266, -0.0499444,-0.00027038, -0.0304656,-0.00027038,  -0.230718, -0.0522266,-0.00027038, -0.0522266]
	PARPACK diagonalization completed after 30 matrix-vector product operations.
	iteration results: : total energy is -20.375458 | electron energy -20.375671 + phonon energy 0.000213 | electron momentum kIdx = 0
The 6-th iteration is completed.	|| time cost : 0h 0m 21.642s
********************************************************************************************************************
Start the 7 rounds of NGS-ED iteration
	effective electronic model is modified as: kinetic energy t = 0.995516
	                                           effective interaction Vq = [   -0.683829,   -0.230807,  -0.0499406,   -0.230807,   -0.230807,  -0.0522239,-0.000270356,  -0.0522239,  -0.0499406,-0.000270356,  -0.0304636,-0.000270356,   -0.230807,  -0.0522239,-0.000270356,  -0.0522239]
	PARPACK diagonalization completed after 30 matrix-vector product operations.
	iteration results: : total energy is -20.382829 | electron energy -20.383045 + phonon energy 0.000216 | electron momentum kIdx = 0
The 7-th iteration is completed.	|| time cost : 0h 0m 21.64s
********************************************************************************************************************
Start the 8 rounds of NGS-ED iteration
	effective electronic model is modified as: kinetic energy t = 0.995514
	                                           effective interaction Vq = [   -0.684146,   -0.230856,  -0.0499391,   -0.230856,   -0.230856,  -0.0522228,-0.000270347,  -0.0522228,  -0.0499391,-0.000270347,  -0.0304629,-0.000270347,   -0.230856,  -0.0522228,-0.000270347,  -0.0522228]
	PARPACK diagonalization completed after 30 matrix-vector product operations.
	iteration results: : total energy is -20.386715 | electron energy -20.386934 + phonon energy 0.000218 | electron momentum kIdx = 0
The 8-th iteration is completed.	|| time cost : 0h 0m 21.689s
********************************************************************************************************************
Start the 9 rounds of NGS-ED iteration
	effective electronic model is modified as: kinetic energy t = 0.995514
	                                           effective interaction Vq = [   -0.684313,   -0.230882,  -0.0499386,   -0.230882,   -0.230882,  -0.0522224,-0.000270344,  -0.0522224,  -0.0499386,-0.000270344,  -0.0304627,-0.000270344,   -0.230882,  -0.0522224,-0.000270344,  -0.0522224]
	PARPACK diagonalization completed after 30 matrix-vector product operations.
	iteration results: : total energy is -20.388765 | electron energy -20.388984 + phonon energy 0.000219 | electron momentum kIdx = 0
The 9-th iteration is completed.	|| time cost : 0h 0m 21.667s
********************************************************************************************************************
Start the 10 rounds of NGS-ED iteration
	effective electronic model is modified as: kinetic energy t = 0.995513
	                                           effective interaction Vq = [   -0.684402,   -0.230897,  -0.0499384,   -0.230897,   -0.230897,  -0.0522222,-0.000270342,  -0.0522222,  -0.0499384,-0.000270342,  -0.0304626,-0.000270342,   -0.230897,  -0.0522222,-0.000270342,  -0.0522222]
	PARPACK diagonalization completed after 30 matrix-vector product operations.
	iteration results: : total energy is -20.389845 | electron energy -20.390065 + phonon energy 0.000220 | electron momentum kIdx = 0
The 10-th iteration is completed.	|| time cost : 0h 0m 21.647s
********************************************************************************************************************
Start the 11 rounds of NGS-ED iteration
	effective electronic model is modified as: kinetic energy t = 0.995513
	                                           effective interaction Vq = [   -0.684448,   -0.230905,  -0.0499383,   -0.230905,   -0.230905,  -0.0522222,-0.000270342,  -0.0522222,  -0.0499383,-0.000270342,  -0.0304626,-0.000270342,   -0.230905,  -0.0522222,-0.000270342,  -0.0522222]
	PARPACK diagonalization completed after 30 matrix-vector product operations.
	iteration results: : total energy is -20.390415 | electron energy -20.390635 + phonon energy 0.000220 | electron momentum kIdx = 0
The 11-th iteration is completed.	|| time cost : 0h 0m 21.688s
********************************************************************************************************************
Start the 12 rounds of NGS-ED iteration
	effective electronic model is modified as: kinetic energy t = 0.995513
	                                           effective interaction Vq = [   -0.684473,   -0.230909,  -0.0499383,   -0.230909,   -0.230909,  -0.0522221,-0.000270342,  -0.0522221,  -0.0499383,-0.000270342,  -0.0304626,-0.000270342,   -0.230909,  -0.0522221,-0.000270342,  -0.0522221]
	PARPACK diagonalization completed after 30 matrix-vector product operations.
	iteration results: : total energy is -20.390715 | electron energy -20.390936 + phonon energy 0.000221 | electron momentum kIdx = 0
The 12-th iteration is completed.	|| time cost : 0h 0m 21.663s
********************************************************************************************************************
Start the 13 rounds of NGS-ED iteration
	effective electronic model is modified as: kinetic energy t = 0.995513
	                                           effective interaction Vq = [   -0.684486,   -0.230911,  -0.0499383,   -0.230911,   -0.230911,  -0.0522221,-0.000270342,  -0.0522221,  -0.0499383,-0.000270342,  -0.0304626,-0.000270342,   -0.230911,  -0.0522221,-0.000270342,  -0.0522221]
	PARPACK diagonalization completed after 30 matrix-vector product operations.
	iteration results: : total energy is -20.390874 | electron energy -20.391095 + phonon energy 0.000221 | electron momentum kIdx = 0
