SNEDics v3.4 Non-Gaussian ED ground state program		Start at Thu Sep 26 22:38:12 2019

parallized on 16 MPI threads  * 8 OpenMP threads = 128 total threads.
********************************************************************************************************************
********************************************************************************************************************

********************************************************************************************************************
System parameters and configurations
********************************************************************************************************************
Special program options are enabled: splitted diagonal Hamiltonian
********************************************************************************************************************
Read input file "model_params.in"
	Hubbard-Holstein model parameters : 	t = 1    U = 1    g = 3.1623    W = 5    
********************************************************************************************************************
Read input file "hilbertspace_params.in"
	Requested 16-site 2D lattice, with 12 electrons (6, 6)
	Boundary : Periodic		Hilbert space representation : momentum-space (restricted to kIdx = 0)
	Conservation: particle number[U(1)]      spin[U(1)]     momentum
********************************************************************************************************************

Cluster Positions:				Cluster symmetry group : D4
 x ... x ... x ... x .....                       x ... x ... x ... x .....
 |           |           :                       |           |           :
 |           |           :                       |           |           :
12    13    14    15     x                       1     5     6     5     x
 |           |           :                       |           |           :
 |           |           :                       |           |           :
 8 --- 9 ---10 ---11 --- x                       2 --- 6 ---10 --- 6 --- x
 |           |           :                       |           |           :
 |           |           :                       |           |           :
 4     5     6     7     x                       1     5     6     5     x
 |           |           :                       |           |           :
 |           |           :                       |           |           :
 0 --- 1 --- 2 --- 3 --- x                       0 --- 1 --- 2 --- 1 --- x
orbital number : 1
********************************************************************************************************************
Read input file "obs_params.in"
	Observable Type : Nq(All),   Sq(All),   N(All),   Delta[s](All),   Delta[d](All),   Delta[s+](All)
********************************************************************************************************************
** WARNING ** the input observables have non-local factors which have been reinterpreted. The total observable number is 96
********************************************************************************************************************


********************************************************************************************************************
Start calculating the non-Gaussian ED ground state
** WARNING ** Detected low phonon energy W < 10. The initial state will be prepared through a warm-up process.
********************************************************************************************************************
Start warm-up calculation for scaling factor 2
open output files: NGSEDWarmUpW10Obs.txt
********************************************************************************************************************
Start the 0 rounds of NGS-ED iteration
	effective electronic model is modified as: kinetic energy t = 1
	                                           effective interaction Vq = [-0,-0,-0,-0,-0,-0,-0,-0,-0,-0,-0,-0,-0,-0,-0,-0]
	first Hamiltonian is constructed, non-zero numbers = 969134044
	PARPACK diagonalization completed after 105 matrix-vector product operations.
	iteration results: : total energy is -21.984265 | electron energy -21.984265 + phonon energy 0.000000 | electron momentum kIdx = 0
	Nq(0) = 9,	Nq(1) = 0.334947,	Nq(2) = 0.353922,	Nq(3) = 0.334947,	Nq(4) = 0.334947,	Nq(5) = 0.458672,	Nq(6) = 0.558395,	Nq(7) = 0.458672,	Nq(8) = 0.353922,	Nq(9) = 0.558395,	Nq(10) = 0.582612,	Nq(11) = 0.558395,	Nq(12) = 0.334947,	Nq(13) = 0.458672,	Nq(14) = 0.558395,	Nq(15) = 0.458672,	Sq(0) = 1.93058e-17,	Sq(1) = 0.408051,	Sq(2) = 0.390409,	Sq(3) = 0.408051,	Sq(4) = 0.408051,	Sq(5) = 0.537659,	Sq(6) = 0.688092,	Sq(7) = 0.537659,	Sq(8) = 0.390409,	Sq(9) = 0.688092,	Sq(10) = 0.98546,	Sq(11) = 0.688092,	Sq(12) = 0.408051,	Sq(13) = 0.537659,	Sq(14) = 0.688092,	Sq(15) = 0.537659,	N(0) = 1.99423,	N(1) = 1.98866,	N(2) = 0.997745,	N(3) = 1.98866,	N(4) = 1.98866,	N(5) = 0.00799066,	N(6) = 0.00525265,	N(7) = 0.00799066,	N(8) = 0.997745,	N(9) = 0.00525265,	N(10) = 0.00266327,	N(11) = 0.00525265,	N(12) = 1.98866,	N(13) = 0.00799066,	N(14) = 0.00525265,	N(15) = 0.00799066,	Delta[s](0) = 0.22916,	Delta[s](1) = 0.151438,	Delta[s](2) = 0.146552,	Delta[s](3) = 0.151438,	Delta[s](4) = 0.151438,	Delta[s](5) = 0.110332,	Delta[s](6) = 0.0638857,	Delta[s](7) = 0.110332,	Delta[s](8) = 0.146552,	Delta[s](9) = 0.0638857,	Delta[s](10) = 0.0243741,	Delta[s](11) = 0.0638857,	Delta[s](12) = 0.151438,	Delta[s](13) = 0.110332,	Delta[s](14) = 0.0638857,	Delta[s](15) = 0.110332,	Delta[d](0) = 0.688567,	Delta[d](1) = 0.225829,	Delta[d](2) = 0.25447,	Delta[d](3) = 0.225829,	Delta[d](4) = 0.225829,	Delta[d](5) = 0.12979,	Delta[d](6) = 0.15677,	Delta[d](7) = 0.12979,	Delta[d](8) = 0.25447,	Delta[d](9) = 0.15677,	Delta[d](10) = 0.0228881,	Delta[d](11) = 0.15677,	Delta[d](12) = 0.225829,	Delta[d](13) = 0.12979,	Delta[d](14) = 0.15677,	Delta[d](15) = 0.12979,	Delta[s+](0) = 0.509265,	Delta[s+](1) = 0.349995,	Delta[s+](2) = 0.25447,	Delta[s+](3) = 0.349995,	Delta[s+](4) = 0.349995,	Delta[s+](5) = 0.136026,	Delta[s+](6) = 0.0425631,	Delta[s+](7) = 0.136026,	Delta[s+](8) = 0.25447,	Delta[s+](9) = 0.0425631,	Delta[s+](10) = 0.00607704,	Delta[s+](11) = 0.0425631,	Delta[s+](12) = 0.349995,	Delta[s+](13) = 0.136026,	Delta[s+](14) = 0.0425631,	Delta[s+](15) = 0.136026
The 0-th iteration is completed.	|| time cost : 0h 2m 52.158s
********************************************************************************************************************
Start the 1 rounds of NGS-ED iteration
	effective electronic model is modified as: kinetic energy t = 0.942224
	                                           effective interaction Vq = [-1.72935,-1.64689,-1.57399,-1.64689,-1.64689,-1.60965,-1.58274,-1.60965,-1.57399,-1.58274,  -1.543,-1.58274,-1.64689,-1.60965,-1.58274,-1.60965]
	PARPACK diagonalization completed after 45 matrix-vector product operations.
	iteration results: : total energy is -48.754029 | electron energy -48.758110 + phonon energy 0.004082 | electron momentum kIdx = 0
The 1-th iteration is completed.	|| time cost : 0h 2m 30.906s
********************************************************************************************************************
Start the 2 rounds of NGS-ED iteration
	effective electronic model is modified as: kinetic energy t = 0.90022
	                                           effective interaction Vq = [ -1.9634, -1.9108,-1.82967, -1.9108, -1.9108,-1.86972, -1.8586,-1.86972,-1.82967, -1.8586,-1.80066, -1.8586, -1.9108,-1.86972, -1.8586,-1.86972]
	PARPACK diagonalization completed after 45 matrix-vector product operations.
	iteration results: : total energy is -52.421806 | electron energy -52.445325 + phonon energy 0.023519 | electron momentum kIdx = 0
The 2-th iteration is completed.	|| time cost : 0h 0m 10.501s
********************************************************************************************************************
Start the 3 rounds of NGS-ED iteration
	effective electronic model is modified as: kinetic energy t = 0.883253
	                                           effective interaction Vq = [-1.99507,-1.96367,-1.89169,-1.96367,-1.96367,-1.92676,-1.92392,-1.92676,-1.89169,-1.92392,-1.86509,-1.92392,-1.96367,-1.92676,-1.92392,-1.92676]
	PARPACK diagonalization completed after 90 matrix-vector product operations.
	iteration results: : total energy is -53.838498 | electron energy -53.876662 + phonon energy 0.038164 | electron momentum kIdx = 0
The 3-th iteration is completed.	|| time cost : 0h 0m 15.24s
********************************************************************************************************************
Start the 4 rounds of NGS-ED iteration
	effective electronic model is modified as: kinetic energy t = 0.875023
	                                           effective interaction Vq = [-1.99936,-1.97315,-1.93488,-1.97315,-1.97315,-1.94544,-1.93883,-1.94544,-1.93488,-1.93883,  -1.928,-1.93883,-1.97315,-1.94544,-1.93883,-1.94544]
	PARPACK diagonalization completed after 30 matrix-vector product operations.
	iteration results: : total energy is -53.936713 | electron energy -53.983815 + phonon energy 0.047101 | electron momentum kIdx = 0
The 4-th iteration is completed.	|| time cost : 0h 0m 9.106s
********************************************************************************************************************
Start the 5 rounds of NGS-ED iteration
	effective electronic model is modified as: kinetic energy t = 0.872117
	                                           effective interaction Vq = [-1.99994,-1.97596,-1.94739,-1.97596,-1.97596, -1.9509,-1.94342, -1.9509,-1.94739,-1.94342,-1.94702,-1.94342,-1.97596, -1.9509,-1.94342, -1.9509]
	PARPACK diagonalization completed after 30 matrix-vector product operations.
	iteration results: : total energy is -53.949824 | electron energy -54.000808 + phonon energy 0.050984 | electron momentum kIdx = 0
The 5-th iteration is completed.	|| time cost : 0h 0m 9.079s
********************************************************************************************************************
Start the 6 rounds of NGS-ED iteration
	effective electronic model is modified as: kinetic energy t = 0.871107
	                                           effective interaction Vq = [-2.00002,-1.97686,-1.95139,-1.97686,-1.97686,-1.95261,-1.94492,-1.95261,-1.95139,-1.94492,-1.95338,-1.94492,-1.97686,-1.95261,-1.94492,-1.95261]
	PARPACK diagonalization completed after 30 matrix-vector product operations.
	iteration results: : total energy is -53.951544 | electron energy -54.004021 + phonon energy 0.052477 | electron momentum kIdx = 0
The 6-th iteration is completed.	|| time cost : 0h 0m 9.101s
********************************************************************************************************************
Start the 7 rounds of NGS-ED iteration
	effective electronic model is modified as: kinetic energy t = 0.870758
	                                           effective interaction Vq = [-2.00003,-1.97716,-1.95273,-1.97716,-1.97716,-1.95316,-1.94542,-1.95316,-1.95273,-1.94542,-1.95562,-1.94542,-1.97716,-1.95316,-1.94542,-1.95316]
	PARPACK diagonalization completed after 30 matrix-vector product operations.
	iteration results: : total energy is -53.951768 | electron energy -54.004789 + phonon energy 0.053021 | electron momentum kIdx = 0
The 7-th iteration is completed.	|| time cost : 0h 0m 9.107s
********************************************************************************************************************
Start the 8 rounds of NGS-ED iteration
	effective electronic model is modified as: kinetic energy t = 0.870637
	                                           effective interaction Vq = [-2.00003,-1.97726,-1.95318,-1.97726,-1.97726,-1.95333,-1.94559,-1.95333,-1.95318,-1.94559,-1.95642,-1.94559,-1.97726,-1.95333,-1.94559,-1.95333]
	PARPACK diagonalization completed after 30 matrix-vector product operations.
	iteration results: : total energy is -53.951797 | electron energy -54.005011 + phonon energy 0.053214 | electron momentum kIdx = 0
	Nq(0) = 9,	Nq(1) = 0.491379,	Nq(2) = 0.64126,	Nq(3) = 0.491379,	Nq(4) = 0.491379,	Nq(5) = 0.641353,	Nq(6) = 0.865375,	Nq(7) = 0.641353,	Nq(8) = 0.64126,	Nq(9) = 0.865375,	Nq(10) = 1.29944,	Nq(11) = 0.865375,	Nq(12) = 0.491379,	Nq(13) = 0.641353,	Nq(14) = 0.865375,	Nq(15) = 0.641353,	Sq(0) = 4.57577e-18,	Sq(1) = 0.209545,	Sq(2) = 0.272386,	Sq(3) = 0.209545,	Sq(4) = 0.209545,	Sq(5) = 0.272386,	Sq(6) = 0.379286,	Sq(7) = 0.272386,	Sq(8) = 0.272386,	Sq(9) = 0.379286,	Sq(10) = 0.435967,	Sq(11) = 0.379286,	Sq(12) = 0.209545,	Sq(13) = 0.272386,	Sq(14) = 0.379286,	Sq(15) = 0.272386,	N(0) = 1.94156,	N(1) = 1.84901,	N(2) = 0.398717,	N(3) = 1.84901,	N(4) = 1.84901,	N(5) = 0.398654,	N(6) = 0.0594404,	N(7) = 0.398654,	N(8) = 0.398717,	N(9) = 0.0594404,	N(10) = 0.032589,	N(11) = 0.0594404,	N(12) = 1.84901,	N(13) = 0.398654,	N(14) = 0.0594404,	N(15) = 0.398654,	Delta[s](0) = 0.918491,	Delta[s](1) = 0.239657,	Delta[s](2) = 0.208356,	Delta[s](3) = 0.239657,	Delta[s](4) = 0.239657,	Delta[s](5) = 0.20835,	Delta[s](6) = 0.139926,	Delta[s](7) = 0.20835,	Delta[s](8) = 0.208356,	Delta[s](9) = 0.139926,	Delta[s](10) = 0.100259,	Delta[s](11) = 0.139926,	Delta[s](12) = 0.239657,	Delta[s](13) = 0.20835,	Delta[s](14) = 0.139926,	Delta[s](15) = 0.20835,	Delta[d](0) = 0.199071,	Delta[d](1) = 0.125686,	Delta[d](2) = 0.138099,	Delta[d](3) = 0.125686,	Delta[d](4) = 0.125686,	Delta[d](5) = 0.118675,	Delta[d](6) = 0.087626,	Delta[d](7) = 0.118675,	Delta[d](8) = 0.138099,	Delta[d](9) = 0.087626,	Delta[d](10) = 0.042502,	Delta[d](11) = 0.087626,	Delta[d](12) = 0.125686,	Delta[d](13) = 0.118675,	Delta[d](14) = 0.087626,	Delta[d](15) = 0.118675,	Delta[s+](0) = 0.35493,	Delta[s+](1) = 0.254435,	Delta[s+](2) = 0.138099,	Delta[s+](3) = 0.254435,	Delta[s+](4) = 0.254435,	Delta[s+](5) = 0.138092,	Delta[s+](6) = 0.0469461,	Delta[s+](7) = 0.138092,	Delta[s+](8) = 0.138099,	Delta[s+](9) = 0.0469461,	Delta[s+](10) = 0.0194614,	Delta[s+](11) = 0.0469461,	Delta[s+](12) = 0.254435,	Delta[s+](13) = 0.138092,	Delta[s+](14) = 0.0469461,	Delta[s+](15) = 0.138092
The 8-th iteration is completed.	|| time cost : 0h 1m 27.59s
********************************************************************************************************************
********************************************************************************************************************
Ground state is obtained after 9 iterations. The current ground-state energy is -53.9518, in which electron energy is -54.005 and phonon energy is 0.0532142
final variational state is: 
	Gamma_x = [      1,1.01889,1.03372,1.01889,1.01889,1.03373,1.04879,1.03373,1.03372,1.04879,1.06721,1.04879,1.01889,1.03373,1.04879,1.03373]
	lambda_q = [0.447162,0.399537,0.378886,0.399537,0.399537,0.378925,0.373469,0.378925,0.378886,0.373469,0.381405,0.373469,0.399537,0.378925,0.373469,0.378925]
********************************************************************************************************************
o___o  ----------------------------------------
| L |	Time since last clock: 0h 0m 0s
A===A	Time since the beginning: 0h 7m 52.792s
***********************************************


********************************************************************************************************************
Warm up runs have been completed. Start calculating W = 5 phonon.
open output files: NGSEDIterationObs.txt
********************************************************************************************************************
Start the 0 rounds of NGS-ED iteration
	effective electronic model is modified as: kinetic energy t = 0.870595
	                                           effective interaction Vq = [-1.82835,-1.72876,-1.67853,-1.72876,-1.72876,-1.67863,-1.66465,-1.67863,-1.67853,-1.66465,-1.68489,-1.66465,-1.72876,-1.67863,-1.66465,-1.67863]
	PARPACK diagonalization completed after 45 matrix-vector product operations.
	iteration results: : total energy is -49.625690 | electron energy -49.652331 + phonon energy 0.026641 | electron momentum kIdx = 0
	Nq(0) = 9,	Nq(1) = 0.480279,	Nq(2) = 0.6256,	Nq(3) = 0.480279,	Nq(4) = 0.480279,	Nq(5) = 0.625658,	Nq(6) = 0.807023,	Nq(7) = 0.625658,	Nq(8) = 0.6256,	Nq(9) = 0.807023,	Nq(10) = 1.20687,	Nq(11) = 0.807023,	Nq(12) = 0.480279,	Nq(13) = 0.625658,	Nq(14) = 0.807023,	Nq(15) = 0.625658,	Sq(0) = 5.02202e-18,	Sq(1) = 0.238092,	Sq(2) = 0.296443,	Sq(3) = 0.238092,	Sq(4) = 0.238092,	Sq(5) = 0.296442,	Sq(6) = 0.420772,	Sq(7) = 0.296442,	Sq(8) = 0.296443,	Sq(9) = 0.420772,	Sq(10) = 0.47598,	Sq(11) = 0.420772,	Sq(12) = 0.238092,	Sq(13) = 0.296442,	Sq(14) = 0.420772,	Sq(15) = 0.296442,	N(0) = 1.96276,	N(1) = 1.90128,	N(2) = 0.375081,	N(3) = 1.90128,	N(4) = 1.90128,	N(5) = 0.375031,	N(6) = 0.0400474,	N(7) = 0.375031,	N(8) = 0.375081,	N(9) = 0.0400474,	N(10) = 0.0216456,	N(11) = 0.0400474,	N(12) = 1.90128,	N(13) = 0.375031,	N(14) = 0.0400474,	N(15) = 0.375031,	Delta[s](0) = 0.745734,	Delta[s](1) = 0.228981,	Delta[s](2) = 0.202361,	Delta[s](3) = 0.228981,	Delta[s](4) = 0.228981,	Delta[s](5) = 0.202358,	Delta[s](6) = 0.143041,	Delta[s](7) = 0.202358,	Delta[s](8) = 0.202361,	Delta[s](9) = 0.143041,	Delta[s](10) = 0.106979,	Delta[s](11) = 0.143041,	Delta[s](12) = 0.228981,	Delta[s](13) = 0.202358,	Delta[s](14) = 0.143041,	Delta[s](15) = 0.202358,	Delta[d](0) = 0.208086,	Delta[d](1) = 0.131407,	Delta[d](2) = 0.146627,	Delta[d](3) = 0.131407,	Delta[d](4) = 0.131407,	Delta[d](5) = 0.124682,	Delta[d](6) = 0.0916978,	Delta[d](7) = 0.124682,	Delta[d](8) = 0.146627,	Delta[d](9) = 0.0916978,	Delta[d](10) = 0.0445189,	Delta[d](11) = 0.0916978,	Delta[d](12) = 0.131407,	Delta[d](13) = 0.124682,	Delta[d](14) = 0.0916978,	Delta[d](15) = 0.124682,	Delta[s+](0) = 0.379022,	Delta[s+](1) = 0.270917,	Delta[s+](2) = 0.146627,	Delta[s+](3) = 0.270917,	Delta[s+](4) = 0.270917,	Delta[s+](5) = 0.146621,	Delta[s+](6) = 0.0495312,	Delta[s+](7) = 0.146621,	Delta[s+](8) = 0.146627,	Delta[s+](9) = 0.0495312,	Delta[s+](10) = 0.0197879,	Delta[s+](11) = 0.0495312,	Delta[s+](12) = 0.270917,	Delta[s+](13) = 0.146621,	Delta[s+](14) = 0.0495312,	Delta[s+](15) = 0.146621
The 0-th iteration is completed.	|| time cost : 0h 1m 28.806s
********************************************************************************************************************
Start the 1 rounds of NGS-ED iteration
	effective electronic model is modified as: kinetic energy t = 0.847275
	                                           effective interaction Vq = [-1.93687,-1.83488,-1.77749,-1.83488,-1.83488,-1.77755,-1.75657,-1.77755,-1.77749,-1.75657,-1.78416,-1.75657,-1.83488,-1.77755,-1.75657,-1.77755]
	PARPACK diagonalization completed after 45 matrix-vector product operations.
	iteration results: : total energy is -51.020716 | electron energy -51.107141 + phonon energy 0.086425 | electron momentum kIdx = 0
The 1-th iteration is completed.	|| time cost : 0h 0m 10.621s
********************************************************************************************************************
Start the 2 rounds of NGS-ED iteration
	effective electronic model is modified as: kinetic energy t = 0.832496
	                                           effective interaction Vq = [-1.97679,-1.88567,-1.82721,-1.88567,-1.88567,-1.82724,-1.80627,-1.82724,-1.82721,-1.80627,-1.83771,-1.80627,-1.88567,-1.82724,-1.80627,-1.82724]
	PARPACK diagonalization completed after 30 matrix-vector product operations.
	iteration results: : total energy is -51.529531 | electron energy -51.661853 + phonon energy 0.132322 | electron momentum kIdx = 0
The 2-th iteration is completed.	|| time cost : 0h 0m 9.121s
********************************************************************************************************************
Start the 3 rounds of NGS-ED iteration
	effective electronic model is modified as: kinetic energy t = 0.823423
	                                           effective interaction Vq = [-1.99148,-1.91128, -1.8533,-1.91128,-1.91128,-1.85332,-1.83389,-1.85332, -1.8533,-1.83389,-1.86714,-1.83389,-1.91128,-1.85332,-1.83389,-1.85332]
	PARPACK diagonalization completed after 30 matrix-vector product operations.
	iteration results: : total energy is -51.714519 | electron energy -51.876375 + phonon energy 0.161855 | electron momentum kIdx = 0
The 3-th iteration is completed.	|| time cost : 0h 0m 9.102s
********************************************************************************************************************
Start the 4 rounds of NGS-ED iteration
	effective electronic model is modified as: kinetic energy t = 0.817949
	                                           effective interaction Vq = [-1.99688,-1.92479,-1.86747,-1.92479,-1.92479,-1.86748,-1.84964,-1.86748,-1.86747,-1.84964, -1.8837,-1.84964,-1.92479,-1.86748,-1.84964,-1.86748]
	PARPACK diagonalization completed after 30 matrix-vector product operations.
	iteration results: : total energy is -51.781657 | electron energy -51.961540 + phonon energy 0.179883 | electron momentum kIdx = 0
The 4-th iteration is completed.	|| time cost : 0h 0m 8.982s
********************************************************************************************************************
Start the 5 rounds of NGS-ED iteration
	effective electronic model is modified as: kinetic energy t = 0.814681
	                                           effective interaction Vq = [-1.99887,-1.93216,-1.87533,-1.93216,-1.93216,-1.87534,-1.85878,-1.87534,-1.87533,-1.85878,-1.89319,-1.85878,-1.93216,-1.87534,-1.85878,-1.87534]
	PARPACK diagonalization completed after 30 matrix-vector product operations.
	iteration results: : total energy is -51.806006 | electron energy -51.996686 + phonon energy 0.190680 | electron momentum kIdx = 0
The 5-th iteration is completed.	|| time cost : 0h 0m 9.08s
********************************************************************************************************************
Start the 6 rounds of NGS-ED iteration
	effective electronic model is modified as: kinetic energy t = 0.81274
	                                           effective interaction Vq = [ -1.9996,-1.93627,-1.87977,-1.93627,-1.93627,-1.87977,-1.86416,-1.87977,-1.87977,-1.86416,-1.89872,-1.86416,-1.93627,-1.87977,-1.86416,-1.87977]
	PARPACK diagonalization completed after 30 matrix-vector product operations.
	iteration results: : total energy is -51.814836 | electron energy -52.011937 + phonon energy 0.197100 | electron momentum kIdx = 0
The 6-th iteration is completed.	|| time cost : 0h 0m 8.988s
********************************************************************************************************************
Start the 7 rounds of NGS-ED iteration
	effective electronic model is modified as: kinetic energy t = 0.811591
	                                           effective interaction Vq = [-1.99987, -1.9386,-1.88229, -1.9386, -1.9386,-1.88229,-1.86735,-1.88229,-1.88229,-1.86735,-1.90197,-1.86735, -1.9386,-1.88229,-1.86735,-1.88229]
	PARPACK diagonalization completed after 30 matrix-vector product operations.
	iteration results: : total energy is -51.818040 | electron energy -52.018948 + phonon energy 0.200908 | electron momentum kIdx = 0
The 7-th iteration is completed.	|| time cost : 0h 0m 8.987s
********************************************************************************************************************
Start the 8 rounds of NGS-ED iteration
	effective electronic model is modified as: kinetic energy t = 0.810912
	                                           effective interaction Vq = [-1.99997,-1.93993,-1.88373,-1.93993,-1.93993,-1.88374,-1.86926,-1.88374,-1.88373,-1.86926,-1.90389,-1.86926,-1.93993,-1.88374,-1.86926,-1.88374]
	PARPACK diagonalization completed after 30 matrix-vector product operations.
	iteration results: : total energy is -51.819203 | electron energy -52.022367 + phonon energy 0.203163 | electron momentum kIdx = 0
The 8-th iteration is completed.	|| time cost : 0h 0m 9.112s
********************************************************************************************************************
Start the 9 rounds of NGS-ED iteration
	effective electronic model is modified as: kinetic energy t = 0.810512
	                                           effective interaction Vq = [-2.00001, -1.9407,-1.88456, -1.9407, -1.9407,-1.88456, -1.8704,-1.88456,-1.88456, -1.8704,-1.90503, -1.8704, -1.9407,-1.88456, -1.8704,-1.88456]
	PARPACK diagonalization completed after 30 matrix-vector product operations.
	iteration results: : total energy is -51.819626 | electron energy -52.024125 + phonon energy 0.204500 | electron momentum kIdx = 0
The 9-th iteration is completed.	|| time cost : 0h 0m 9.078s
********************************************************************************************************************
Start the 10 rounds of NGS-ED iteration
	effective electronic model is modified as: kinetic energy t = 0.810276
	                                           effective interaction Vq = [-2.00002,-1.94114,-1.88504,-1.94114,-1.94114,-1.88504,-1.87108,-1.88504,-1.88504,-1.87108,-1.90571,-1.87108,-1.94114,-1.88504,-1.87108,-1.88504]
	PARPACK diagonalization completed after 30 matrix-vector product operations.
	iteration results: : total energy is -51.819779 | electron energy -52.025071 + phonon energy 0.205291 | electron momentum kIdx = 0
	Nq(0) = 9,	Nq(1) = 0.506682,	Nq(2) = 0.640558,	Nq(3) = 0.506682,	Nq(4) = 0.506682,	Nq(5) = 0.640558,	Nq(6) = 0.859559,	Nq(7) = 0.640558,	Nq(8) = 0.640558,	Nq(9) = 0.859559,	Nq(10) = 1.33812,	Nq(11) = 0.859559,	Nq(12) = 0.506682,	Nq(13) = 0.640558,	Nq(14) = 0.859559,	Nq(15) = 0.640558,	Sq(0) = 4.33968e-18,	Sq(1) = 0.20526,	Sq(2) = 0.268729,	Sq(3) = 0.20526,	Sq(4) = 0.20526,	Sq(5) = 0.268729,	Sq(6) = 0.372622,	Sq(7) = 0.268729,	Sq(8) = 0.268729,	Sq(9) = 0.372622,	Sq(10) = 0.429669,	Sq(11) = 0.372622,	Sq(12) = 0.20526,	Sq(13) = 0.268729,	Sq(14) = 0.372622,	Sq(15) = 0.268729,	N(0) = 1.93883,	N(1) = 1.83881,	N(2) = 0.403384,	N(3) = 1.83881,	N(4) = 1.83881,	N(5) = 0.403384,	N(6) = 0.0629461,	N(7) = 0.403384,	N(8) = 0.403384,	N(9) = 0.0629461,	N(10) = 0.0338374,	N(11) = 0.0629461,	N(12) = 1.83881,	N(13) = 0.403384,	N(14) = 0.0629461,	N(15) = 0.403384,	Delta[s](0) = 0.754208,	Delta[s](1) = 0.243131,	Delta[s](2) = 0.216738,	Delta[s](3) = 0.243131,	Delta[s](4) = 0.243131,	Delta[s](5) = 0.216738,	Delta[s](6) = 0.165228,	Delta[s](7) = 0.216738,	Delta[s](8) = 0.216738,	Delta[s](9) = 0.165228,	Delta[s](10) = 0.135143,	Delta[s](11) = 0.165228,	Delta[s](12) = 0.243131,	Delta[s](13) = 0.216738,	Delta[s](14) = 0.165228,	Delta[s](15) = 0.216738,	Delta[d](0) = 0.196741,	Delta[d](1) = 0.132147,	Delta[d](2) = 0.14399,	Delta[d](3) = 0.132147,	Delta[d](4) = 0.132147,	Delta[d](5) = 0.124536,	Delta[d](6) = 0.097524,	Delta[d](7) = 0.124536,	Delta[d](8) = 0.14399,	Delta[d](9) = 0.097524,	Delta[d](10) = 0.0563717,	Delta[d](11) = 0.097524,	Delta[d](12) = 0.132147,	Delta[d](13) = 0.124536,	Delta[d](14) = 0.097524,	Delta[d](15) = 0.124536,	Delta[s+](0) = 0.354001,	Delta[s+](1) = 0.255815,	Delta[s+](2) = 0.14399,	Delta[s+](3) = 0.255815,	Delta[s+](4) = 0.255815,	Delta[s+](5) = 0.14399,	Delta[s+](6) = 0.0561943,	Delta[s+](7) = 0.14399,	Delta[s+](8) = 0.14399,	Delta[s+](9) = 0.0561943,	Delta[s+](10) = 0.0264676,	Delta[s+](11) = 0.0561943,	Delta[s+](12) = 0.255815,	Delta[s+](13) = 0.14399,	Delta[s+](14) = 0.0561943,	Delta[s+](15) = 0.14399
The 10-th iteration is completed.	|| time cost : 0h 1m 24.433s
********************************************************************************************************************
Start the 11 rounds of NGS-ED iteration
	effective electronic model is modified as: kinetic energy t = 0.810136
	                                           effective interaction Vq = [-2.00003,-1.94139,-1.88531,-1.94139,-1.94139,-1.88531, -1.8715,-1.88531,-1.88531, -1.8715,-1.90612, -1.8715,-1.94139,-1.88531, -1.8715,-1.88531]
	PARPACK diagonalization completed after 30 matrix-vector product operations.
	iteration results: : total energy is -51.819835 | electron energy -52.025596 + phonon energy 0.205761 | electron momentum kIdx = 0
The 11-th iteration is completed.	|| time cost : 0h 0m 9.078s
********************************************************************************************************************
Start the 12 rounds of NGS-ED iteration
	effective electronic model is modified as: kinetic energy t = 0.810054
	                                           effective interaction Vq = [-2.00003,-1.94154,-1.88547,-1.94154,-1.94154,-1.88547,-1.87175,-1.88547,-1.88547,-1.87175,-1.90636,-1.87175,-1.94154,-1.88547,-1.87175,-1.88547]
	PARPACK diagonalization completed after 30 matrix-vector product operations.
	iteration results: : total energy is -51.819856 | electron energy -52.025895 + phonon energy 0.206039 | electron momentum kIdx = 0
The 12-th iteration is completed.	|| time cost : 0h 0m 9.094s
********************************************************************************************************************
Start the 13 rounds of NGS-ED iteration
	effective electronic model is modified as: kinetic energy t = 0.810006
	                                           effective interaction Vq = [-2.00003,-1.94162,-1.88555,-1.94162,-1.94162,-1.88555,-1.87189,-1.88555,-1.88555,-1.87189,-1.90651,-1.87189,-1.94162,-1.88555,-1.87189,-1.88555]
	PARPACK diagonalization completed after 30 matrix-vector product operations.
	iteration results: : total energy is -51.819863 | electron energy -52.026067 + phonon energy 0.206204 | electron momentum kIdx = 0
The 13-th iteration is completed.	|| time cost : 0h 0m 9.095s
********************************************************************************************************************
Start the 14 rounds of NGS-ED iteration
	effective electronic model is modified as: kinetic energy t = 0.809977
	                                           effective interaction Vq = [-2.00003,-1.94167,-1.88561,-1.94167,-1.94167,-1.88561,-1.87198,-1.88561,-1.88561,-1.87198,-1.90659,-1.87198,-1.94167,-1.88561,-1.87198,-1.88561]
	PARPACK diagonalization completed after 30 matrix-vector product operations.
	iteration results: : total energy is -51.819866 | electron energy -52.026168 + phonon energy 0.206302 | electron momentum kIdx = 0
The 14-th iteration is completed.	|| time cost : 0h 0m 9.074s
********************************************************************************************************************
Start the 15 rounds of NGS-ED iteration
	effective electronic model is modified as: kinetic energy t = 0.80996
	                                           effective interaction Vq = [-2.00003, -1.9417,-1.88564, -1.9417, -1.9417,-1.88564,-1.87204,-1.88564,-1.88564,-1.87204,-1.90665,-1.87204, -1.9417,-1.88564,-1.87204,-1.88564]
	PARPACK diagonalization completed after 30 matrix-vector product operations.
	iteration results: : total energy is -51.819867 | electron energy -52.026227 + phonon energy 0.206361 | electron momentum kIdx = 0
The 15-th iteration is completed.	|| time cost : 0h 0m 9.087s
********************************************************************************************************************
Start the 16 rounds of NGS-ED iteration
	effective electronic model is modified as: kinetic energy t = 0.80995
	                                           effective interaction Vq = [-2.00003,-1.94171,-1.88565,-1.94171,-1.94171,-1.88565,-1.87207,-1.88565,-1.88565,-1.87207,-1.90668,-1.87207,-1.94171,-1.88565,-1.87207,-1.88565]
	PARPACK diagonalization completed after 30 matrix-vector product operations.
	iteration results: : total energy is -51.819867 | electron energy -52.026262 + phonon energy 0.206395 | electron momentum kIdx = 0
The 16-th iteration is completed.	|| time cost : 0h 0m 9.088s
********************************************************************************************************************
Start the 17 rounds of NGS-ED iteration
	effective electronic model is modified as: kinetic energy t = 0.809944
	                                           effective interaction Vq = [-2.00003,-1.94172,-1.88566,-1.94172,-1.94172,-1.88566,-1.87209,-1.88566,-1.88566,-1.87209, -1.9067,-1.87209,-1.94172,-1.88566,-1.87209,-1.88566]
	PARPACK diagonalization completed after 30 matrix-vector product operations.
	iteration results: : total energy is -51.819867 | electron energy -52.026283 + phonon energy 0.206416 | electron momentum kIdx = 0
The 17-th iteration is completed.	|| time cost : 0h 0m 9.102s
********************************************************************************************************************
Start the 18 rounds of NGS-ED iteration
	effective electronic model is modified as: kinetic energy t = 0.809941
	                                           effective interaction Vq = [-2.00003,-1.94173,-1.88567,-1.94173,-1.94173,-1.88567, -1.8721,-1.88567,-1.88567, -1.8721,-1.90671, -1.8721,-1.94173,-1.88567, -1.8721,-1.88567]
	PARPACK diagonalization completed after 30 matrix-vector product operations.
	iteration results: : total energy is -51.819867 | electron energy -52.026295 + phonon energy 0.206428 | electron momentum kIdx = 0
The 18-th iteration is completed.	|| time cost : 0h 0m 9.077s
********************************************************************************************************************
Start the 19 rounds of NGS-ED iteration
	effective electronic model is modified as: kinetic energy t = 0.809939
	                                           effective interaction Vq = [-2.00003,-1.94173,-1.88567,-1.94173,-1.94173,-1.88567,-1.87211,-1.88567,-1.88567,-1.87211,-1.90671,-1.87211,-1.94173,-1.88567,-1.87211,-1.88567]
	PARPACK diagonalization completed after 30 matrix-vector product operations.
	iteration results: : total energy is -51.819867 | electron energy -52.026303 + phonon energy 0.206435 | electron momentum kIdx = 0
The 19-th iteration is completed.	|| time cost : 0h 0m 9.086s
********************************************************************************************************************
Start the 20 rounds of NGS-ED iteration
	effective electronic model is modified as: kinetic energy t = 0.809937
	                                           effective interaction Vq = [-2.00003,-1.94173,-1.88567,-1.94173,-1.94173,-1.88567,-1.87212,-1.88567,-1.88567,-1.87212,-1.90672,-1.87212,-1.94173,-1.88567,-1.87212,-1.88567]
	PARPACK diagonalization completed after 30 matrix-vector product operations.
	iteration results: : total energy is -51.819867 | electron energy -52.026307 + phonon energy 0.206440 | electron momentum kIdx = 0
	Nq(0) = 9,	Nq(1) = 0.506683,	Nq(2) = 0.640534,	Nq(3) = 0.506683,	Nq(4) = 0.506683,	Nq(5) = 0.640534,	Nq(6) = 0.860022,	Nq(7) = 0.640534,	Nq(8) = 0.640534,	Nq(9) = 0.860022,	Nq(10) = 1.33912,	Nq(11) = 0.860022,	Nq(12) = 0.506683,	Nq(13) = 0.640534,	Nq(14) = 0.860022,	Nq(15) = 0.640534,	Sq(0) = 5.50945e-20,	Sq(1) = 0.205095,	Sq(2) = 0.268581,	Sq(3) = 0.205095,	Sq(4) = 0.205095,	Sq(5) = 0.268581,	Sq(6) = 0.37239,	Sq(7) = 0.268581,	Sq(8) = 0.268581,	Sq(9) = 0.37239,	Sq(10) = 0.429439,	Sq(11) = 0.37239,	Sq(12) = 0.205095,	Sq(13) = 0.268581,	Sq(14) = 0.37239,	Sq(15) = 0.268581,	N(0) = 1.93869,	N(1) = 1.83847,	N(2) = 0.403539,	N(3) = 1.83847,	N(4) = 1.83847,	N(5) = 0.403539,	N(6) = 0.0630736,	N(7) = 0.403539,	N(8) = 0.403539,	N(9) = 0.0630736,	N(10) = 0.0339117,	N(11) = 0.0630736,	N(12) = 1.83847,	N(13) = 0.403539,	N(14) = 0.0630736,	N(15) = 0.403539,	Delta[s](0) = 0.754167,	Delta[s](1) = 0.24321,	Delta[s](2) = 0.216816,	Delta[s](3) = 0.24321,	Delta[s](4) = 0.24321,	Delta[s](5) = 0.216816,	Delta[s](6) = 0.165343,	Delta[s](7) = 0.216816,	Delta[s](8) = 0.216816,	Delta[s](9) = 0.165343,	Delta[s](10) = 0.135297,	Delta[s](11) = 0.165343,	Delta[s](12) = 0.24321,	Delta[s](13) = 0.216816,	Delta[s](14) = 0.165343,	Delta[s](15) = 0.216816,	Delta[d](0) = 0.196652,	Delta[d](1) = 0.132131,	Delta[d](2) = 0.143967,	Delta[d](3) = 0.132131,	Delta[d](4) = 0.132131,	Delta[d](5) = 0.124514,	Delta[d](6) = 0.0975363,	Delta[d](7) = 0.124514,	Delta[d](8) = 0.143967,	Delta[d](9) = 0.0975363,	Delta[d](10) = 0.0564139,	Delta[d](11) = 0.0975363,	Delta[d](12) = 0.132131,	Delta[d](13) = 0.124514,	Delta[d](14) = 0.0975363,	Delta[d](15) = 0.124514,	Delta[s+](0) = 0.353879,	Delta[s+](1) = 0.25573,	Delta[s+](2) = 0.143967,	Delta[s+](3) = 0.25573,	Delta[s+](4) = 0.25573,	Delta[s+](5) = 0.143967,	Delta[s+](6) = 0.0562242,	Delta[s+](7) = 0.143967,	Delta[s+](8) = 0.143967,	Delta[s+](9) = 0.0562242,	Delta[s+](10) = 0.0265007,	Delta[s+](11) = 0.0562242,	Delta[s+](12) = 0.25573,	Delta[s+](13) = 0.143967,	Delta[s+](14) = 0.0562242,	Delta[s+](15) = 0.143967
The 20-th iteration is completed.	|| time cost : 0h 1m 27.174s
********************************************************************************************************************
Start the 21 rounds of NGS-ED iteration
	effective electronic model is modified as: kinetic energy t = 0.809937
	                                           effective interaction Vq = [-2.00003,-1.94174,-1.88567,-1.94174,-1.94174,-1.88567,-1.87212,-1.88567,-1.88567,-1.87212,-1.90672,-1.87212,-1.94174,-1.88567,-1.87212,-1.88567]
	PARPACK diagonalization completed after 30 matrix-vector product operations.
	iteration results: : total energy is -51.819867 | electron energy -52.026309 + phonon energy 0.206442 | electron momentum kIdx = 0
The 21-th iteration is completed.	|| time cost : 0h 0m 9.089s
********************************************************************************************************************
Start the 22 rounds of NGS-ED iteration
	effective electronic model is modified as: kinetic energy t = 0.809936
	                                           effective interaction Vq = [-2.00003,-1.94174,-1.88567,-1.94174,-1.94174,-1.88567,-1.87212,-1.88567,-1.88567,-1.87212,-1.90672,-1.87212,-1.94174,-1.88567,-1.87212,-1.88567]
	PARPACK diagonalization completed after 30 matrix-vector product operations.
	iteration results: : total energy is -51.819867 | electron energy -52.026311 + phonon energy 0.206444 | electron momentum kIdx = 0
The 22-th iteration is completed.	|| time cost : 0h 0m 8.96s
********************************************************************************************************************
Start the 23 rounds of NGS-ED iteration
	effective electronic model is modified as: kinetic energy t = 0.809936
	                                           effective interaction Vq = [-2.00003,-1.94174,-1.88567,-1.94174,-1.94174,-1.88567,-1.87212,-1.88567,-1.88567,-1.87212,-1.90672,-1.87212,-1.94174,-1.88567,-1.87212,-1.88567]
	PARPACK diagonalization completed after 30 matrix-vector product operations.
	iteration results: : total energy is -51.819867 | electron energy -52.026312 + phonon energy 0.206445 | electron momentum kIdx = 0
The 23-th iteration is completed.	|| time cost : 0h 0m 9.076s
********************************************************************************************************************
Start the 24 rounds of NGS-ED iteration
	effective electronic model is modified as: kinetic energy t = 0.809936
	                                           effective interaction Vq = [-2.00003,-1.94174,-1.88567,-1.94174,-1.94174,-1.88567,-1.87212,-1.88567,-1.88567,-1.87212,-1.90672,-1.87212,-1.94174,-1.88567,-1.87212,-1.88567]
	PARPACK diagonalization completed after 30 matrix-vector product operations.
	iteration results: : total energy is -51.819867 | electron energy -52.026312 + phonon energy 0.206445 | electron momentum kIdx = 0
The 24-th iteration is completed.	|| time cost : 0h 0m 9.111s
********************************************************************************************************************
Start the 25 rounds of NGS-ED iteration
	effective electronic model is modified as: kinetic energy t = 0.809936
	                                           effective interaction Vq = [-2.00003,-1.94174,-1.88567,-1.94174,-1.94174,-1.88567,-1.87212,-1.88567,-1.88567,-1.87212,-1.90672,-1.87212,-1.94174,-1.88567,-1.87212,-1.88567]
	PARPACK diagonalization completed after 30 matrix-vector product operations.
