TACC:  Starting up job 4390333 
TACC:  Starting parallel tasks... 
SNEDics v3.4 Non-Gaussian ED ground state program		Start at Tue Sep 24 01:51:19 2019

parallized on 32 MPI threads  * 6 OpenMP threads = 192 total threads.
********************************************************************************************************************
********************************************************************************************************************

********************************************************************************************************************
System parameters and configurations
********************************************************************************************************************
Special program options are enabled: splitted diagonal Hamiltonian
********************************************************************************************************************
Read input file "model_params.in"
	Hubbard-Holstein model parameters : 	t = 1    U = 0.6    g = 1.5811    W = 5    
********************************************************************************************************************
Read input file "hilbertspace_params.in"
	Requested 16-site 2D lattice, with 14 electrons (7, 7)
	Boundary : Periodic		Hilbert space representation : momentum-space (restricted to kIdx = 0)
	Conservation: particle number[U(1)]      spin[U(1)]     momentum
********************************************************************************************************************

Cluster Positions:				Cluster symmetry group : D4
 x ... x ... x ... x .....                       x ... x ... x ... x .....
 |           |           :                       |           |           :
 |           |           :                       |           |           :
12    13    14    15     x                       1     5     6     5     x
 |           |           :                       |           |           :
 |           |           :                       |           |           :
 8 --- 9 ---10 ---11 --- x                       2 --- 6 ---10 --- 6 --- x
 |           |           :                       |           |           :
 |           |           :                       |           |           :
 4     5     6     7     x                       1     5     6     5     x
 |           |           :                       |           |           :
 |           |           :                       |           |           :
 0 --- 1 --- 2 --- 3 --- x                       0 --- 1 --- 2 --- 1 --- x
orbital number : 1
********************************************************************************************************************
Read input file "obs_params.in"
	Observable Type : Nq(All),   Sq(All),   N(All),   Delta[s](All),   Delta[d](All),   Delta[s+](All)
********************************************************************************************************************
** WARNING ** the input observables have non-local factors which have been reinterpreted. The total observable number is 96
********************************************************************************************************************


********************************************************************************************************************
Start calculating the non-Gaussian ED ground state
** WARNING ** Detected low phonon energy W < 10. The initial state will be prepared through a warm-up process.
********************************************************************************************************************
Start warm-up calculation for scaling factor 2
open output files: NGSEDWarmUpW10Obs.txt
********************************************************************************************************************
Start the 0 rounds of NGS-ED iteration
	effective electronic model is modified as: kinetic energy t = 1
	                                           effective interaction Vq = [0,0,0,0,0,0,0,0,0,0,0,0,0,0,0,0]
	first Hamiltonian is constructed, non-zero numbers = 2178478298
	PARPACK diagonalization completed after 225 matrix-vector product operations.
	iteration results: : total energy is -22.387362 | electron energy -22.387362 + phonon energy 0.000000 | electron momentum kIdx = 0
	Nq(0) = 12.25,	Nq(1) = 0.342053,	Nq(2) = 0.363371,	Nq(3) = 0.342053,	Nq(4) = 0.342053,	Nq(5) = 0.471449,	Nq(6) = 0.575548,	Nq(7) = 0.471449,	Nq(8) = 0.363371,	Nq(9) = 0.575548,	Nq(10) = 0.597865,	Nq(11) = 0.575548,	Nq(12) = 0.342053,	Nq(13) = 0.471449,	Nq(14) = 0.575548,	Nq(15) = 0.471449,	Sq(0) = 1.44195e-17,	Sq(1) = 0.393505,	Sq(2) = 0.569356,	Sq(3) = 0.393505,	Sq(4) = 0.393505,	Sq(5) = 0.520298,	Sq(6) = 0.661163,	Sq(7) = 0.520298,	Sq(8) = 0.569355,	Sq(9) = 0.661163,	Sq(10) = 1.43062,	Sq(11) = 0.661163,	Sq(12) = 0.393505,	Sq(13) = 0.520298,	Sq(14) = 0.661163,	Sq(15) = 0.520298,	N(0) = 1.99779,	N(1) = 1.99571,	N(2) = 0.00329196,	N(3) = 1.99571,	N(4) = 1.99571,	N(5) = 0.999729,	N(6) = 0.00314391,	N(7) = 0.999729,	N(8) = 0.00329196,	N(9) = 0.00314391,	N(10) = 0.00127913,	N(11) = 0.00314391,	N(12) = 1.99571,	N(13) = 0.999729,	N(14) = 0.00314391,	N(15) = 0.999729,	Delta[s](0) = 0.28148,	Delta[s](1) = 0.222512,	Delta[s](2) = 0.122198,	Delta[s](3) = 0.222512,	Delta[s](4) = 0.222512,	Delta[s](5) = 0.172519,	Delta[s](6) = 0.112509,	Delta[s](7) = 0.172519,	Delta[s](8) = 0.122198,	Delta[s](9) = 0.112509,	Delta[s](10) = 0.00936648,	Delta[s](11) = 0.112509,	Delta[s](12) = 0.222512,	Delta[s](13) = 0.172519,	Delta[s](14) = 0.112509,	Delta[s](15) = 0.172519,	Delta[d](0) = 0.245962,	Delta[d](1) = 0.126316,	Delta[d](2) = 0.131598,	Delta[d](3) = 0.126316,	Delta[d](4) = 0.126316,	Delta[d](5) = 0.127354,	Delta[d](6) = 0.0691178,	Delta[d](7) = 0.127354,	Delta[d](8) = 0.131598,	Delta[d](9) = 0.0691178,	Delta[d](10) = 0.00399689,	Delta[d](11) = 0.0691178,	Delta[d](12) = 0.126316,	Delta[d](13) = 0.127354,	Delta[d](14) = 0.0691178,	Delta[d](15) = 0.127354,	Delta[s+](0) = 0.513073,	Delta[s+](1) = 0.38437,	Delta[s+](2) = 0.131598,	Delta[s+](3) = 0.38437,	Delta[s+](4) = 0.38437,	Delta[s+](5) = 0.256154,	Delta[s+](6) = 0.0685314,	Delta[s+](7) = 0.256154,	Delta[s+](8) = 0.131598,	Delta[s+](9) = 0.0685314,	Delta[s+](10) = 0.00284761,	Delta[s+](11) = 0.0685314,	Delta[s+](12) = 0.38437,	Delta[s+](13) = 0.256154,	Delta[s+](14) = 0.0685314,	Delta[s+](15) = 0.256154
The 0-th iteration is completed.	|| time cost : 0h 4m 17.293s
********************************************************************************************************************
Start the 1 rounds of NGS-ED iteration
	effective electronic model is modified as: kinetic energy t = 0.985198
	                                           effective interaction Vq = [-0.432311,-0.411224,-0.392758,-0.411224,-0.411224, -0.40178,-0.394905, -0.40178,-0.392758,-0.394905,-0.384518,-0.394905,-0.411224, -0.40178,-0.394905, -0.40178]
	PARPACK diagonalization completed after 150 matrix-vector product operations.
	iteration results: : total energy is -30.349134 | electron energy -30.349411 + phonon energy 0.000277 | electron momentum kIdx = 0
The 1-th iteration is completed.	|| time cost : 0h 3m 20.408s
********************************************************************************************************************
Start the 2 rounds of NGS-ED iteration
	effective electronic model is modified as: kinetic energy t = 0.974815
	                                           effective interaction Vq = [-0.490818,-0.471248,-0.466522,-0.471248,-0.471248, -0.46876,-0.452421, -0.46876,-0.466522,-0.452421,-0.438824,-0.452421,-0.471248, -0.46876,-0.452421, -0.46876]
	PARPACK diagonalization completed after 60 matrix-vector product operations.
	iteration results: : total energy is -31.389330 | electron energy -31.391075 + phonon energy 0.001744 | electron momentum kIdx = 0
The 2-th iteration is completed.	|| time cost : 0h 0m 21.13s
********************************************************************************************************************
Start the 3 rounds of NGS-ED iteration
	effective electronic model is modified as: kinetic energy t = 0.971275
	                                           effective interaction Vq = [-0.498736,-0.483173,-0.481167,-0.483173,-0.483173,-0.481779,-0.464309,-0.481779,-0.481167,-0.464309,-0.450346,-0.464309,-0.483173,-0.481779,-0.464309,-0.481779]
	PARPACK diagonalization completed after 45 matrix-vector product operations.
	iteration results: : total energy is -31.515882 | electron energy -31.518830 + phonon energy 0.002948 | electron momentum kIdx = 0
The 3-th iteration is completed.	|| time cost : 0h 0m 18.254s
********************************************************************************************************************
Start the 4 rounds of NGS-ED iteration
	effective electronic model is modified as: kinetic energy t = 0.970186
	                                           effective interaction Vq = [-0.499808,-0.486228,-0.484868,-0.486228,-0.486228,-0.485059,-0.467301,-0.485059,-0.484868,-0.467301,-0.453357,-0.467301,-0.486228,-0.485059,-0.467301,-0.485059]
	PARPACK diagonalization completed after 45 matrix-vector product operations.
	iteration results: : total energy is -31.531715 | electron energy -31.535179 + phonon energy 0.003464 | electron momentum kIdx = 0
The 4-th iteration is completed.	|| time cost : 0h 0m 18.289s
********************************************************************************************************************
Start the 5 rounds of NGS-ED iteration
	effective electronic model is modified as: kinetic energy t = 0.969859
	                                           effective interaction Vq = [-0.499953,-0.487113,-0.485931,-0.487113,-0.487113,-0.485994,-0.468109,-0.485994,-0.485931,-0.468109,-0.454198,-0.468109,-0.487113,-0.485994,-0.468109,-0.485994]
	PARPACK diagonalization completed after 45 matrix-vector product operations.
	iteration results: : total energy is -31.533740 | electron energy -31.537380 + phonon energy 0.003640 | electron momentum kIdx = 0
The 5-th iteration is completed.	|| time cost : 0h 0m 18.415s
********************************************************************************************************************
Start the 6 rounds of NGS-ED iteration
	effective electronic model is modified as: kinetic energy t = 0.969761
	                                           effective interaction Vq = [-0.499972,-0.487382,-0.486252,-0.487382,-0.487382,-0.486273,-0.468332,-0.486273,-0.486252,-0.468332,-0.454435,-0.468332,-0.487382,-0.486273,-0.468332,-0.486273]
	PARPACK diagonalization completed after 45 matrix-vector product operations.
	iteration results: : total energy is -31.534004 | electron energy -31.537699 + phonon energy 0.003695 | electron momentum kIdx = 0
The 6-th iteration is completed.	|| time cost : 0h 0m 18.255s
********************************************************************************************************************
Start the 7 rounds of NGS-ED iteration
	effective electronic model is modified as: kinetic energy t = 0.969732
	                                           effective interaction Vq = [-0.499975,-0.487465,-0.486351,-0.487465,-0.487465,-0.486358,-0.468393,-0.486358,-0.486351,-0.468393,-0.454499,-0.468393,-0.487465,-0.486358,-0.468393,-0.486358]
	PARPACK diagonalization completed after 45 matrix-vector product operations.
	iteration results: : total energy is -31.534038 | electron energy -31.537750 + phonon energy 0.003712 | electron momentum kIdx = 0
	Nq(0) = 12.25,	Nq(1) = 0.38533,	Nq(2) = 0.72899,	Nq(3) = 0.38533,	Nq(4) = 0.38533,	Nq(5) = 0.729003,	Nq(6) = 0.641787,	Nq(7) = 0.729003,	Nq(8) = 0.72899,	Nq(9) = 0.641787,	Nq(10) = 0.663879,	Nq(11) = 0.641787,	Nq(12) = 0.38533,	Nq(13) = 0.729003,	Nq(14) = 0.641787,	Nq(15) = 0.729003,	Sq(0) = -6.82322e-18,	Sq(1) = 0.354288,	Sq(2) = 0.367018,	Sq(3) = 0.354288,	Sq(4) = 0.354288,	Sq(5) = 0.367018,	Sq(6) = 0.593928,	Sq(7) = 0.367018,	Sq(8) = 0.367018,	Sq(9) = 0.593928,	Sq(10) = 0.608683,	Sq(11) = 0.593928,	Sq(12) = 0.354288,	Sq(13) = 0.367018,	Sq(14) = 0.593928,	Sq(15) = 0.367018,	N(0) = 1.99942,	N(1) = 1.99847,	N(2) = 0.667001,	N(3) = 1.99847,	N(4) = 1.99847,	N(5) = 0.666966,	N(6) = 0.00109567,	N(7) = 0.666966,	N(8) = 0.667001,	N(9) = 0.00109567,	N(10) = 0.000462708,	N(11) = 0.00109567,	N(12) = 1.99847,	N(13) = 0.666966,	N(14) = 0.00109567,	N(15) = 0.666966,	Delta[s](0) = 0.771194,	Delta[s](1) = 0.255299,	Delta[s](2) = 0.179733,	Delta[s](3) = 0.255299,	Delta[s](4) = 0.255299,	Delta[s](5) = 0.179731,	Delta[s](6) = 0.13982,	Delta[s](7) = 0.179731,	Delta[s](8) = 0.179733,	Delta[s](9) = 0.13982,	Delta[s](10) = 0.268113,	Delta[s](11) = 0.13982,	Delta[s](12) = 0.255299,	Delta[s](13) = 0.179731,	Delta[s](14) = 0.13982,	Delta[s](15) = 0.179731,	Delta[d](0) = 0.299631,	Delta[d](1) = 0.209066,	Delta[d](2) = 0.207227,	Delta[d](3) = 0.209066,	Delta[d](4) = 0.209066,	Delta[d](5) = 0.181465,	Delta[d](6) = 0.150463,	Delta[d](7) = 0.181465,	Delta[d](8) = 0.207227,	Delta[d](9) = 0.150463,	Delta[d](10) = 0.0633764,	Delta[d](11) = 0.150463,	Delta[d](12) = 0.209066,	Delta[d](13) = 0.181465,	Delta[d](14) = 0.150463,	Delta[d](15) = 0.181465,	Delta[s+](0) = 0.485736,	Delta[s+](1) = 0.365653,	Delta[s+](2) = 0.207227,	Delta[s+](3) = 0.365653,	Delta[s+](4) = 0.365653,	Delta[s+](5) = 0.207223,	Delta[s+](6) = 0.0664085,	Delta[s+](7) = 0.207223,	Delta[s+](8) = 0.207227,	Delta[s+](9) = 0.0664085,	Delta[s+](10) = 0.00511398,	Delta[s+](11) = 0.0664085,	Delta[s+](12) = 0.365653,	Delta[s+](13) = 0.207223,	Delta[s+](14) = 0.0664085,	Delta[s+](15) = 0.207223
The 7-th iteration is completed.	|| time cost : 0h 3m 34.12s
********************************************************************************************************************
********************************************************************************************************************
Ground state is obtained after 8 iterations. The current ground-state energy is -31.534, in which electron energy is -31.5377 and phonon energy is 0.00371176
final variational state is: 
	Gamma_x = [      1,1.00514,1.01008,1.00514,1.00514,1.01008,1.01214,1.01008,1.01008,1.01214,1.01408,1.01214,1.00514,1.01008,1.01214,1.01008]
	lambda_q = [0.223526,0.188267,0.186731,0.188267,0.188267,0.186735,0.167419,0.186735,0.186731,0.167419,0.156178,0.167419,0.188267,0.186735,0.167419,0.186735]
********************************************************************************************************************
o___o  ----------------------------------------
| L |	Time since last clock: 0h 0m 0s
A===A	Time since the beginning: 0h 12m 46.167s
***********************************************


********************************************************************************************************************
Warm up runs have been completed. Start calculating W = 5 phonon.
open output files: NGSEDIterationObs.txt
********************************************************************************************************************
Start the 0 rounds of NGS-ED iteration
	effective electronic model is modified as: kinetic energy t = 0.969723
	                                           effective interaction Vq = [-0.457015,-0.418115,-0.416139,-0.418115,-0.418115,-0.416143,-0.389266,-0.416143,-0.416139,-0.389266,-0.371908,-0.389266,-0.418115,-0.416143,-0.389266,-0.416143]
	PARPACK diagonalization completed after 45 matrix-vector product operations.
	iteration results: : total energy is -30.342206 | electron energy -30.344064 + phonon energy 0.001858 | electron momentum kIdx = 0
	Nq(0) = 12.25,	Nq(1) = 0.381025,	Nq(2) = 0.724818,	Nq(3) = 0.381025,	Nq(4) = 0.381025,	Nq(5) = 0.724829,	Nq(6) = 0.630973,	Nq(7) = 0.724829,	Nq(8) = 0.724818,	Nq(9) = 0.630973,	Nq(10) = 0.630496,	Nq(11) = 0.630973,	Nq(12) = 0.381025,	Nq(13) = 0.724829,	Nq(14) = 0.630973,	Nq(15) = 0.724829,	Sq(0) = -4.87374e-18,	Sq(1) = 0.363346,	Sq(2) = 0.370768,	Sq(3) = 0.363346,	Sq(4) = 0.363346,	Sq(5) = 0.370768,	Sq(6) = 0.607182,	Sq(7) = 0.370768,	Sq(8) = 0.370768,	Sq(9) = 0.607182,	Sq(10) = 0.615844,	Sq(11) = 0.607182,	Sq(12) = 0.363346,	Sq(13) = 0.370768,	Sq(14) = 0.607182,	Sq(15) = 0.370768,	N(0) = 1.99981,	N(1) = 1.99946,	N(2) = 0.666798,	N(3) = 1.99946,	N(4) = 1.99946,	N(5) = 0.666763,	N(6) = 0.000386956,	N(7) = 0.666763,	N(8) = 0.666798,	N(9) = 0.000386956,	N(10) = 0.000144807,	N(11) = 0.000386956,	N(12) = 1.99946,	N(13) = 0.666763,	N(14) = 0.000386956,	N(15) = 0.666763,	Delta[s](0) = 0.671946,	Delta[s](1) = 0.251574,	Delta[s](2) = 0.178124,	Delta[s](3) = 0.251574,	Delta[s](4) = 0.251574,	Delta[s](5) = 0.178122,	Delta[s](6) = 0.140546,	Delta[s](7) = 0.178122,	Delta[s](8) = 0.178124,	Delta[s](9) = 0.140546,	Delta[s](10) = 0.329558,	Delta[s](11) = 0.140546,	Delta[s](12) = 0.251574,	Delta[s](13) = 0.178122,	Delta[s](14) = 0.140546,	Delta[s](15) = 0.178122,	Delta[d](0) = 0.301533,	Delta[d](1) = 0.210384,	Delta[d](2) = 0.20968,	Delta[d](3) = 0.210384,	Delta[d](4) = 0.210384,	Delta[d](5) = 0.18401,	Delta[d](6) = 0.151865,	Delta[d](7) = 0.18401,	Delta[d](8) = 0.20968,	Delta[d](9) = 0.151865,	Delta[d](10) = 0.0664949,	Delta[d](11) = 0.151865,	Delta[d](12) = 0.210384,	Delta[d](13) = 0.18401,	Delta[d](14) = 0.151865,	Delta[d](15) = 0.18401,	Delta[s+](0) = 0.491599,	Delta[s+](1) = 0.369608,	Delta[s+](2) = 0.20968,	Delta[s+](3) = 0.369608,	Delta[s+](4) = 0.369608,	Delta[s+](5) = 0.209676,	Delta[s+](6) = 0.0681681,	Delta[s+](7) = 0.209676,	Delta[s+](8) = 0.20968,	Delta[s+](9) = 0.0681681,	Delta[s+](10) = 0.00597819,	Delta[s+](11) = 0.0681681,	Delta[s+](12) = 0.369608,	Delta[s+](13) = 0.209676,	Delta[s+](14) = 0.0681681,	Delta[s+](15) = 0.209676
The 0-th iteration is completed.	|| time cost : 0h 3m 4.028s
********************************************************************************************************************
Start the 1 rounds of NGS-ED iteration
	effective electronic model is modified as: kinetic energy t = 0.964389
	                                           effective interaction Vq = [-0.484171,-0.442423,-0.440406,-0.442423,-0.442423,-0.440409,-0.406595,-0.440409,-0.440406,-0.406595,-0.381815,-0.406595,-0.442423,-0.440409,-0.406595,-0.440409]
	PARPACK diagonalization completed after 45 matrix-vector product operations.
	iteration results: : total energy is -30.735925 | electron energy -30.741713 + phonon energy 0.005788 | electron momentum kIdx = 0
The 1-th iteration is completed.	|| time cost : 0h 0m 21.54s
********************************************************************************************************************
Start the 2 rounds of NGS-ED iteration
	effective electronic model is modified as: kinetic energy t = 0.961576
	                                           effective interaction Vq = [-0.494161,-0.453297,-0.451357,-0.453297,-0.453297,-0.451358,-0.414222,-0.451358,-0.451357,-0.414222,-0.386261,-0.414222,-0.453297,-0.451358,-0.414222,-0.451358]
	PARPACK diagonalization completed after 30 matrix-vector product operations.
	iteration results: : total energy is -30.874333 | electron energy -30.883258 + phonon energy 0.008926 | electron momentum kIdx = 0
The 2-th iteration is completed.	|| time cost : 0h 0m 18.342s
********************************************************************************************************************
Start the 3 rounds of NGS-ED iteration
	effective electronic model is modified as: kinetic energy t = 0.960127
	                                           effective interaction Vq = [-0.497837,-0.458465,-0.456591,-0.458465,-0.458465,-0.456592,-0.417707,-0.456592,-0.456591,-0.417707,-0.388297,-0.417707,-0.458465,-0.456592,-0.417707,-0.456592]
	PARPACK diagonalization completed after 30 matrix-vector product operations.
	iteration results: : total energy is -30.923579 | electron energy -30.934499 + phonon energy 0.010921 | electron momentum kIdx = 0
The 3-th iteration is completed.	|| time cost : 0h 0m 18.823s
********************************************************************************************************************
Start the 4 rounds of NGS-ED iteration
	effective electronic model is modified as: kinetic energy t = 0.959388
	                                           effective interaction Vq = [-0.499189,-0.461014,-0.459185,-0.461014,-0.461014,-0.459185,-0.419331,-0.459185,-0.459185,-0.419331,-0.389239,-0.419331,-0.461014,-0.459185,-0.419331,-0.459185]
	PARPACK diagonalization completed after 30 matrix-vector product operations.
	iteration results: : total energy is -30.941258 | electron energy -30.953327 + phonon energy 0.012069 | electron momentum kIdx = 0
The 4-th iteration is completed.	|| time cost : 0h 0m 18.194s
********************************************************************************************************************
Start the 5 rounds of NGS-ED iteration
	effective electronic model is modified as: kinetic energy t = 0.959012
	                                           effective interaction Vq = [-0.499686,-0.462299,-0.460496,-0.462299,-0.462299,-0.460496,-0.420096,-0.460496,-0.460496,-0.420096,-0.389677,-0.420096,-0.462299,-0.460496,-0.420096,-0.460496]
	PARPACK diagonalization completed after 30 matrix-vector product operations.
	iteration results: : total energy is -30.947647 | electron energy -30.960342 + phonon energy 0.012696 | electron momentum kIdx = 0
The 5-th iteration is completed.	|| time cost : 0h 0m 17.787s
********************************************************************************************************************
Start the 6 rounds of NGS-ED iteration
	effective electronic model is modified as: kinetic energy t = 0.95882
	                                           effective interaction Vq = [-0.499869,-0.462954,-0.461167,-0.462954,-0.462954,-0.461167,-0.420458,-0.461167,-0.461167,-0.420458,-0.389882,-0.420458,-0.462954,-0.461167,-0.420458,-0.461167]
	PARPACK diagonalization completed after 30 matrix-vector product operations.
	iteration results: : total energy is -30.949967 | electron energy -30.962995 + phonon energy 0.013028 | electron momentum kIdx = 0
The 6-th iteration is completed.	|| time cost : 0h 0m 16.263s
********************************************************************************************************************
Start the 7 rounds of NGS-ED iteration
	effective electronic model is modified as: kinetic energy t = 0.958723
	                                           effective interaction Vq = [-0.499936, -0.46329,-0.461513, -0.46329, -0.46329,-0.461513, -0.42063,-0.461513,-0.461513, -0.42063,-0.389977, -0.42063, -0.46329,-0.461513, -0.42063,-0.461513]
	PARPACK diagonalization completed after 30 matrix-vector product operations.
	iteration results: : total energy is -30.950812 | electron energy -30.964014 + phonon energy 0.013202 | electron momentum kIdx = 0
The 7-th iteration is completed.	|| time cost : 0h 0m 15.518s
********************************************************************************************************************
Start the 8 rounds of NGS-ED iteration
	effective electronic model is modified as: kinetic energy t = 0.958674
	                                           effective interaction Vq = [-0.499961,-0.463463,-0.461691,-0.463463,-0.463463,-0.461691,-0.420712,-0.461691,-0.461691,-0.420712,-0.390022,-0.420712,-0.463463,-0.461691,-0.420712,-0.461691]
	PARPACK diagonalization completed after 30 matrix-vector product operations.
	iteration results: : total energy is -30.951121 | electron energy -30.964412 + phonon energy 0.013291 | electron momentum kIdx = 0
The 8-th iteration is completed.	|| time cost : 0h 0m 15.494s
********************************************************************************************************************
Start the 9 rounds of NGS-ED iteration
	effective electronic model is modified as: kinetic energy t = 0.958648
	                                           effective interaction Vq = [ -0.49997,-0.463552,-0.461784,-0.463552,-0.463552,-0.461784,-0.420751,-0.461784,-0.461784,-0.420751,-0.390042,-0.420751,-0.463552,-0.461784,-0.420751,-0.461784]
	PARPACK diagonalization completed after 30 matrix-vector product operations.
	iteration results: : total energy is -30.951234 | electron energy -30.964571 + phonon energy 0.013337 | electron momentum kIdx = 0
The 9-th iteration is completed.	|| time cost : 0h 0m 15.513s
********************************************************************************************************************
Start the 10 rounds of NGS-ED iteration
	effective electronic model is modified as: kinetic energy t = 0.958635
	                                           effective interaction Vq = [-0.499973,-0.463598,-0.461832,-0.463598,-0.463598,-0.461832,-0.420769,-0.461832,-0.461832,-0.420769,-0.390052,-0.420769,-0.463598,-0.461832,-0.420769,-0.461832]
	PARPACK diagonalization completed after 30 matrix-vector product operations.
	iteration results: : total energy is -30.951276 | electron energy -30.964636 + phonon energy 0.013361 | electron momentum kIdx = 0
	Nq(0) = 12.25,	Nq(1) = 0.383533,	Nq(2) = 0.732034,	Nq(3) = 0.383533,	Nq(4) = 0.383533,	Nq(5) = 0.732034,	Nq(6) = 0.632616,	Nq(7) = 0.732034,	Nq(8) = 0.732034,	Nq(9) = 0.632616,	Nq(10) = 0.630944,	Nq(11) = 0.632616,	Nq(12) = 0.383533,	Nq(13) = 0.732034,	Nq(14) = 0.632616,	Nq(15) = 0.732034,	Sq(0) = -3.59072e-18,	Sq(1) = 0.358705,	Sq(2) = 0.369094,	Sq(3) = 0.358705,	Sq(4) = 0.358705,	Sq(5) = 0.369094,	Sq(6) = 0.600174,	Sq(7) = 0.369094,	Sq(8) = 0.369094,	Sq(9) = 0.600174,	Sq(10) = 0.612177,	Sq(11) = 0.600174,	Sq(12) = 0.358705,	Sq(13) = 0.369094,	Sq(14) = 0.600174,	Sq(15) = 0.369094,	N(0) = 1.99963,	N(1) = 1.99894,	N(2) = 0.666877,	N(3) = 1.99894,	N(4) = 1.99894,	N(5) = 0.666877,	N(6) = 0.00076528,	N(7) = 0.666877,	N(8) = 0.666877,	N(9) = 0.00076528,	N(10) = 0.000280538,	N(11) = 0.00076528,	N(12) = 1.99894,	N(13) = 0.666877,	N(14) = 0.00076528,	N(15) = 0.666877,	Delta[s](0) = 0.67433,	Delta[s](1) = 0.253127,	Delta[s](2) = 0.180849,	Delta[s](3) = 0.253127,	Delta[s](4) = 0.253127,	Delta[s](5) = 0.180849,	Delta[s](6) = 0.143574,	Delta[s](7) = 0.180849,	Delta[s](8) = 0.180849,	Delta[s](9) = 0.143574,	Delta[s](10) = 0.322639,	Delta[s](11) = 0.143574,	Delta[s](12) = 0.253127,	Delta[s](13) = 0.180849,	Delta[s](14) = 0.143574,	Delta[s](15) = 0.180849,	Delta[d](0) = 0.303246,	Delta[d](1) = 0.212457,	Delta[d](2) = 0.211251,	Delta[d](3) = 0.212457,	Delta[d](4) = 0.212457,	Delta[d](5) = 0.186206,	Delta[d](6) = 0.154262,	Delta[d](7) = 0.186206,	Delta[d](8) = 0.211251,	Delta[d](9) = 0.154262,	Delta[d](10) = 0.0691823,	Delta[d](11) = 0.154262,	Delta[d](12) = 0.212457,	Delta[d](13) = 0.186206,	Delta[d](14) = 0.154262,	Delta[d](15) = 0.186206,	Delta[s+](0) = 0.492568,	Delta[s+](1) = 0.37062,	Delta[s+](2) = 0.211251,	Delta[s+](3) = 0.37062,	Delta[s+](4) = 0.37062,	Delta[s+](5) = 0.211251,	Delta[s+](6) = 0.0695458,	Delta[s+](7) = 0.211251,	Delta[s+](8) = 0.211251,	Delta[s+](9) = 0.0695458,	Delta[s+](10) = 0.00713401,	Delta[s+](11) = 0.0695458,	Delta[s+](12) = 0.37062,	Delta[s+](13) = 0.211251,	Delta[s+](14) = 0.0695458,	Delta[s+](15) = 0.211251
The 10-th iteration is completed.	|| time cost : 0h 3m 14.826s
********************************************************************************************************************
Start the 11 rounds of NGS-ED iteration
	effective electronic model is modified as: kinetic energy t = 0.958629
	                                           effective interaction Vq = [-0.499975,-0.463622,-0.461857,-0.463622,-0.463622,-0.461857,-0.420778,-0.461857,-0.461857,-0.420778,-0.390057,-0.420778,-0.463622,-0.461857,-0.420778,-0.461857]
	PARPACK diagonalization completed after 30 matrix-vector product operations.
	iteration results: : total energy is -30.951291 | electron energy -30.964663 + phonon energy 0.013373 | electron momentum kIdx = 0
The 11-th iteration is completed.	|| time cost : 0h 0m 18.156s
********************************************************************************************************************
Start the 12 rounds of NGS-ED iteration
	effective electronic model is modified as: kinetic energy t = 0.958625
	                                           effective interaction Vq = [-0.499975,-0.463634, -0.46187,-0.463634,-0.463634, -0.46187,-0.420782, -0.46187, -0.46187,-0.420782,-0.390059,-0.420782,-0.463634, -0.46187,-0.420782, -0.46187]
	PARPACK diagonalization completed after 30 matrix-vector product operations.
	iteration results: : total energy is -30.951296 | electron energy -30.964675 + phonon energy 0.013379 | electron momentum kIdx = 0
The 12-th iteration is completed.	|| time cost : 0h 0m 17.281s
********************************************************************************************************************
Start the 13 rounds of NGS-ED iteration
	effective electronic model is modified as: kinetic energy t = 0.958624
	                                           effective interaction Vq = [-0.499975, -0.46364,-0.461876, -0.46364, -0.46364,-0.461876,-0.420784,-0.461876,-0.461876,-0.420784, -0.39006,-0.420784, -0.46364,-0.461876,-0.420784,-0.461876]
	PARPACK diagonalization completed after 30 matrix-vector product operations.
	iteration results: : total energy is -30.951298 | electron energy -30.964680 + phonon energy 0.013382 | electron momentum kIdx = 0
The 13-th iteration is completed.	|| time cost : 0h 0m 16.044s
********************************************************************************************************************
Start the 14 rounds of NGS-ED iteration
	effective electronic model is modified as: kinetic energy t = 0.958623
	                                           effective interaction Vq = [-0.499975,-0.463643, -0.46188,-0.463643,-0.463643, -0.46188,-0.420785, -0.46188, -0.46188,-0.420785, -0.39006,-0.420785,-0.463643, -0.46188,-0.420785, -0.46188]
	PARPACK diagonalization completed after 30 matrix-vector product operations.
	iteration results: : total energy is -30.951299 | electron energy -30.964683 + phonon energy 0.013384 | electron momentum kIdx = 0
The 14-th iteration is completed.	|| time cost : 0h 0m 15.512s
********************************************************************************************************************
Start the 15 rounds of NGS-ED iteration
	effective electronic model is modified as: kinetic energy t = 0.958622
	                                           effective interaction Vq = [-0.499975,-0.463645,-0.461882,-0.463645,-0.463645,-0.461882,-0.420785,-0.461882,-0.461882,-0.420785,-0.390061,-0.420785,-0.463645,-0.461882,-0.420785,-0.461882]
	PARPACK diagonalization completed after 30 matrix-vector product operations.
	iteration results: : total energy is -30.951299 | electron energy -30.964684 + phonon energy 0.013385 | electron momentum kIdx = 0
The 15-th iteration is completed.	|| time cost : 0h 0m 15.522s
********************************************************************************************************************
Start the 16 rounds of NGS-ED iteration
	effective electronic model is modified as: kinetic energy t = 0.958622
	                                           effective interaction Vq = [-0.499975,-0.463646,-0.461882,-0.463646,-0.463646,-0.461882,-0.420786,-0.461882,-0.461882,-0.420786,-0.390061,-0.420786,-0.463646,-0.461882,-0.420786,-0.461882]
	PARPACK diagonalization completed after 30 matrix-vector product operations.
	iteration results: : total energy is -30.951299 | electron energy -30.964684 + phonon energy 0.013385 | electron momentum kIdx = 0
The 16-th iteration is completed.	|| time cost : 0h 0m 15.54s
********************************************************************************************************************
Start the 17 rounds of NGS-ED iteration
	effective electronic model is modified as: kinetic energy t = 0.958622
	                                           effective interaction Vq = [-0.499975,-0.463646,-0.461883,-0.463646,-0.463646,-0.461883,-0.420786,-0.461883,-0.461883,-0.420786,-0.390061,-0.420786,-0.463646,-0.461883,-0.420786,-0.461883]
	PARPACK diagonalization completed after 30 matrix-vector product operations.
	iteration results: : total energy is -30.951300 | electron energy -30.964685 + phonon energy 0.013385 | electron momentum kIdx = 0
The 17-th iteration is completed.	|| time cost : 0h 0m 15.474s
********************************************************************************************************************
Start the 18 rounds of NGS-ED iteration
	effective electronic model is modified as: kinetic energy t = 0.958622
	                                           effective interaction Vq = [-0.499975,-0.463647,-0.461883,-0.463647,-0.463647,-0.461883,-0.420786,-0.461883,-0.461883,-0.420786,-0.390061,-0.420786,-0.463647,-0.461883,-0.420786,-0.461883]
	PARPACK diagonalization completed after 30 matrix-vector product operations.
	iteration results: : total energy is -30.951300 | electron energy -30.964685 + phonon energy 0.013385 | electron momentum kIdx = 0
The 18-th iteration is completed.	|| time cost : 0h 0m 15.533s
********************************************************************************************************************
Start the 19 rounds of NGS-ED iteration
	effective electronic model is modified as: kinetic energy t = 0.958622
	                                           effective interaction Vq = [-0.499975,-0.463647,-0.461883,-0.463647,-0.463647,-0.461883,-0.420786,-0.461883,-0.461883,-0.420786,-0.390061,-0.420786,-0.463647,-0.461883,-0.420786,-0.461883]
	PARPACK diagonalization completed after 30 matrix-vector product operations.
	iteration results: : total energy is -30.951300 | electron energy -30.964685 + phonon energy 0.013385 | electron momentum kIdx = 0
The 19-th iteration is completed.	|| time cost : 0h 0m 15.448s
********************************************************************************************************************
Start the 20 rounds of NGS-ED iteration
	effective electronic model is modified as: kinetic energy t = 0.958622
	                                           effective interaction Vq = [-0.499975,-0.463647,-0.461883,-0.463647,-0.463647,-0.461883,-0.420786,-0.461883,-0.461883,-0.420786,-0.390061,-0.420786,-0.463647,-0.461883,-0.420786,-0.461883]
	PARPACK diagonalization completed after 30 matrix-vector product operations.
	iteration results: : total energy is -30.951300 | electron energy -30.964685 + phonon energy 0.013385 | electron momentum kIdx = 0
	Nq(0) = 12.25,	Nq(1) = 0.383536,	Nq(2) = 0.732044,	Nq(3) = 0.383536,	Nq(4) = 0.383536,	Nq(5) = 0.732044,	Nq(6) = 0.632613,	Nq(7) = 0.732044,	Nq(8) = 0.732044,	Nq(9) = 0.632613,	Nq(10) = 0.630941,	Nq(11) = 0.632613,	Nq(12) = 0.383536,	Nq(13) = 0.732044,	Nq(14) = 0.632613,	Nq(15) = 0.732044,	Sq(0) = 3.93348e-18,	Sq(1) = 0.3587,	Sq(2) = 0.369093,	Sq(3) = 0.3587,	Sq(4) = 0.3587,	Sq(5) = 0.369093,	Sq(6) = 0.600167,	Sq(7) = 0.369093,	Sq(8) = 0.369093,	Sq(9) = 0.600167,	Sq(10) = 0.612173,	Sq(11) = 0.600167,	Sq(12) = 0.3587,	Sq(13) = 0.369093,	Sq(14) = 0.600167,	Sq(15) = 0.369093,	N(0) = 1.99963,	N(1) = 1.99894,	N(2) = 0.666877,	N(3) = 1.99894,	N(4) = 1.99894,	N(5) = 0.666877,	N(6) = 0.000765773,	N(7) = 0.666877,	N(8) = 0.666877,	N(9) = 0.000765773,	N(10) = 0.000280682,	N(11) = 0.000765773,	N(12) = 1.99894,	N(13) = 0.666877,	N(14) = 0.000765773,	N(15) = 0.666877,	Delta[s](0) = 0.674321,	Delta[s](1) = 0.253129,	Delta[s](2) = 0.180853,	Delta[s](3) = 0.253129,	Delta[s](4) = 0.253129,	Delta[s](5) = 0.180853,	Delta[s](6) = 0.143577,	Delta[s](7) = 0.180853,	Delta[s](8) = 0.180853,	Delta[s](9) = 0.143577,	Delta[s](10) = 0.322637,	Delta[s](11) = 0.143577,	Delta[s](12) = 0.253129,	Delta[s](13) = 0.180853,	Delta[s](14) = 0.143577,	Delta[s](15) = 0.180853,	Delta[d](0) = 0.303264,	Delta[d](1) = 0.212471,	Delta[d](2) = 0.211264,	Delta[d](3) = 0.212471,	Delta[d](4) = 0.212471,	Delta[d](5) = 0.186219,	Delta[d](6) = 0.154273,	Delta[d](7) = 0.186219,	Delta[d](8) = 0.211264,	Delta[d](9) = 0.154273,	Delta[d](10) = 0.0691895,	Delta[d](11) = 0.154273,	Delta[d](12) = 0.212471,	Delta[d](13) = 0.186219,	Delta[d](14) = 0.154273,	Delta[d](15) = 0.186219,	Delta[s+](0) = 0.492595,	Delta[s+](1) = 0.370641,	Delta[s+](2) = 0.211264,	Delta[s+](3) = 0.370641,	Delta[s+](4) = 0.370641,	Delta[s+](5) = 0.211264,	Delta[s+](6) = 0.0695512,	Delta[s+](7) = 0.211264,	Delta[s+](8) = 0.211264,	Delta[s+](9) = 0.0695512,	Delta[s+](10) = 0.00713582,	Delta[s+](11) = 0.0695512,	Delta[s+](12) = 0.370641,	Delta[s+](13) = 0.211264,	Delta[s+](14) = 0.0695512,	Delta[s+](15) = 0.211264
The 20-th iteration is completed.	|| time cost : 0h 3m 27.386s
********************************************************************************************************************
Start the 21 rounds of NGS-ED iteration
	effective electronic model is modified as: kinetic energy t = 0.958622
	                                           effective interaction Vq = [-0.499975,-0.463647,-0.461883,-0.463647,-0.463647,-0.461883,-0.420786,-0.461883,-0.461883,-0.420786,-0.390061,-0.420786,-0.463647,-0.461883,-0.420786,-0.461883]
	PARPACK diagonalization completed after 30 matrix-vector product operations.
	iteration results: : total energy is -30.951300 | electron energy -30.964685 + phonon energy 0.013385 | electron momentum kIdx = 0
The 21-th iteration is completed.	|| time cost : 0h 0m 15.521s
********************************************************************************************************************
Start the 22 rounds of NGS-ED iteration
	effective electronic model is modified as: kinetic energy t = 0.958622
	                                           effective interaction Vq = [-0.499975,-0.463647,-0.461883,-0.463647,-0.463647,-0.461883,-0.420786,-0.461883,-0.461883,-0.420786,-0.390061,-0.420786,-0.463647,-0.461883,-0.420786,-0.461883]
	PARPACK diagonalization completed after 30 matrix-vector product operations.
	iteration results: : total energy is -30.951300 | electron energy -30.964685 + phonon energy 0.013385 | electron momentum kIdx = 0
The 22-th iteration is completed.	|| time cost : 0h 0m 15.435s
********************************************************************************************************************
Start the 23 rounds of NGS-ED iteration
	effective electronic model is modified as: kinetic energy t = 0.958622
	                                           effective interaction Vq = [-0.499975,-0.463647,-0.461883,-0.463647,-0.463647,-0.461883,-0.420786,-0.461883,-0.461883,-0.420786,-0.390061,-0.420786,-0.463647,-0.461883,-0.420786,-0.461883]
	PARPACK diagonalization completed after 30 matrix-vector product operations.
	iteration results: : total energy is -30.951300 | electron energy -30.964685 + phonon energy 0.013385 | electron momentum kIdx = 0
