SNEDics v3.21.4 Non-Gaussian ED ground state program		Start at Wed Jul 28 02:49:09 2021

parallized on 32 MPI threads  * 8 OpenMP threads = 256 total threads.
********************************************************************************************************************
********************************************************************************************************************

********************************************************************************************************************
System parameters and configurations
	special program options are enabled: splitted diagonal Hamiltonian | splitted Hamiltonian terms
********************************************************************************************************************
Read input file "model_params.in"
	Hubbard-Holstein model parameters : 	t = 1    U = 8    g = 0.1    W = 0.2    g' = 0.09    
********************************************************************************************************************
Read input file "hilbertspace_params.in"
	Requested 16-site 2D lattice, with 12 electrons (6, 6)
	Boundary : Periodic		Hilbert space representation : momentum-space (restricted to kIdx = 0)
	Conservation: particle number[U(1)]      spin[U(1)]     momentum
********************************************************************************************************************

Cluster Positions:				Cluster symmetry group : D4
 x ... x ... x ... x .....                       x ... x ... x ... x .....
 |           |           :                       |           |           :
 |           |           :                       |           |           :
12    13    14    15     x                       1     5     6     5     x
 |           |           :                       |           |           :
 |           |           :                       |           |           :
 8 --- 9 ---10 ---11 --- x                       2 --- 6 ---10 --- 6 --- x
 |           |           :                       |           |           :
 |           |           :                       |           |           :
 4     5     6     7     x                       1     5     6     5     x
 |           |           :                       |           |           :
 |           |           :                       |           |           :
 0 --- 1 --- 2 --- 3 --- x                       0 --- 1 --- 2 --- 1 --- x
orbital number : 1
********************************************************************************************************************
Read input file "obs_params.in"
	Observable Type : Nq(All),   Sq(All),   N(All),   Delta[s](All),   Delta[d](All),   Delta[s+](All)
** WARNING ** the input observables have non-local factors which have been reinterpreted. The total observable number is 96
********************************************************************************************************************


********************************************************************************************************************
Start calculating the non-Gaussian ED ground state
Maximal iteration number is 1000; energy resolution is 1e-06. Phonon state relaxation time is 2000
W = 0.2 is relatively large. The non-Gaussian ED calculation starts directly.
open output files: NGSED_iteration_obserbles.txt
********************************************************************************************************************
Start the 0 rounds of NGS-ED iteration
	effective electronic model is modified as: kinetic energy t = 1
	                                           effective interaction Vq = [0,0,0,0,0,0,0,0,0,0,0,0,0,0,0,0]
	first Hamiltonian is constructed, size = 4008592 and non-zero numbers = 969134044
	PARPACK diagonalization completed after 150 matrix-vector product operations.
	iteration results: : total energy is -14.925310 | electron energy -14.925310 + phonon energy 0.000000 | electron momentum kIdx = 0
	Nq(0) = 9,	Nq(1) = 0.191675,	Nq(2) = 0.266183,	Nq(3) = 0.191675,	Nq(4) = 0.191675,	Nq(5) = 0.245517,	
	Nq(6) = 0.314107,	Nq(7) = 0.245517,	Nq(8) = 0.266183,	Nq(9) = 0.314107,	Nq(10) = 0.369338,	
	Nq(11) = 0.314107,	Nq(12) = 0.191675,	Nq(13) = 0.245517,	Nq(14) = 0.314107,	Nq(15) = 0.245517;	
	Sq(0) = 3.02743e-18,	Sq(1) = 0.554662,	Sq(2) = 0.424361,	Sq(3) = 0.554662,	Sq(4) = 0.554662,	
	Sq(5) = 0.79749,	Sq(6) = 1.01287,	Sq(7) = 0.79749,	Sq(8) = 0.424361,	Sq(9) = 1.01287,	
	Sq(10) = 0.784303,	Sq(11) = 1.01287,	Sq(12) = 0.554662,	Sq(13) = 0.79749,	Sq(14) = 1.01287,	
	Sq(15) = 0.79749;	N(0) = 1.76735,	N(1) = 1.6264,	N(2) = 0.74365,	N(3) = 1.6264,	
	N(4) = 1.6264,	N(5) = 0.392302,	N(6) = 0.144321,	N(7) = 0.392302,	N(8) = 0.74365,	
	N(9) = 0.144321,	N(10) = 0.0932732,	N(11) = 0.144321,	N(12) = 1.6264,	N(13) = 0.392302,	
	N(14) = 0.144321,	N(15) = 0.392302;	Delta[s](0) = 0.0656256,	Delta[s](1) = 0.0453454,	Delta[s](2) = 0.030385,	
	Delta[s](3) = 0.0453454,	Delta[s](4) = 0.0453454,	Delta[s](5) = 0.0270955,	Delta[s](6) = 0.00929094,	Delta[s](7) = 0.0270955,	
	Delta[s](8) = 0.030385,	Delta[s](9) = 0.00929094,	Delta[s](10) = 0.000127039,	Delta[s](11) = 0.00929094,	Delta[s](12) = 0.0453454,	
	Delta[s](13) = 0.0270955,	Delta[s](14) = 0.00929094,	Delta[s](15) = 0.0270955;	Delta[d](0) = 0.229346,	Delta[d](1) = 0.180045,	
	Delta[d](2) = 0.222193,	Delta[d](3) = 0.180045,	Delta[d](4) = 0.180045,	Delta[d](5) = 0.123025,	Delta[d](6) = 0.150437,	
	Delta[d](7) = 0.123025,	Delta[d](8) = 0.222193,	Delta[d](9) = 0.150437,	Delta[d](10) = 0.0769555,	Delta[d](11) = 0.150437,	
	Delta[d](12) = 0.180045,	Delta[d](13) = 0.123025,	Delta[d](14) = 0.150437,	Delta[d](15) = 0.123025;	Delta[s+](0) = 0.529416,	
	Delta[s+](1) = 0.361066,	Delta[s+](2) = 0.222193,	Delta[s+](3) = 0.361066,	Delta[s+](4) = 0.361066,	Delta[s+](5) = 0.177114,	
	Delta[s+](6) = 0.0626908,	Delta[s+](7) = 0.177114,	Delta[s+](8) = 0.222193,	Delta[s+](9) = 0.0626908,	Delta[s+](10) = 0.0157228,	
	Delta[s+](11) = 0.0626908,	Delta[s+](12) = 0.361066,	Delta[s+](13) = 0.177114,	Delta[s+](14) = 0.0626908,	Delta[s+](15) = 0.177114
	
The 0-th iteration is completed.	|| time cost : 0h 2m 2.332s
********************************************************************************************************************
Start the 1 rounds of NGS-ED iteration
	effective electronic model is modified as: kinetic energy t = 0.998571
	                                           effective interaction Vq = [     -1.058, -0.0491627,-0.00432163, -0.0491627, -0.0491627,-0.00400352,-0.00220214,-0.00400352,-0.00432163,-0.00220214, -0.0213474,-0.00220214, -0.0491627,-0.00400352,-0.00220214,-0.00400352]
	PARPACK diagonalization completed after 45 matrix-vector product operations.
	iteration results: : total energy is -24.474971 | electron energy -24.475470 + phonon energy 0.000500 | electron momentum kIdx = 0
The 1-th iteration is completed.	|| time cost : 0h 1m 18.269s
********************************************************************************************************************
Start the 2 rounds of NGS-ED iteration
	effective electronic model is modified as: kinetic energy t = 0.998561
	                                           effective interaction Vq = [     -1.058, -0.0494084,-0.00431417, -0.0494084, -0.0494084,-0.00399876,-0.00219932,-0.00399876,-0.00431417,-0.00219932, -0.0213822,-0.00219932, -0.0494084,-0.00399876,-0.00219932,-0.00399876]
	PARPACK diagonalization completed after 30 matrix-vector product operations.
	iteration results: : total energy is -24.474971 | electron energy -24.475480 + phonon energy 0.000509 | electron momentum kIdx = 0
The 2-th iteration is completed.	|| time cost : 0h 0m 9.703s
********************************************************************************************************************
Start the 3 rounds of NGS-ED iteration
	effective electronic model is modified as: kinetic energy t = 0.998561
	                                           effective interaction Vq = [     -1.058, -0.0494098,-0.00431413, -0.0494098, -0.0494098,-0.00399874,-0.00219931,-0.00399874,-0.00431413,-0.00219931, -0.0213822,-0.00219931, -0.0494098,-0.00399874,-0.00219931,-0.00399874]
	PARPACK diagonalization completed after 30 matrix-vector product operations.
	iteration results: : total energy is -24.474971 | electron energy -24.475480 + phonon energy 0.000509 | electron momentum kIdx = 0
The 3-th iteration is completed.	|| time cost : 0h 0m 9.71s
********************************************************************************************************************
Start the 4 rounds of NGS-ED iteration
	effective electronic model is modified as: kinetic energy t = 0.998561
	                                           effective interaction Vq = [     -1.058, -0.0494098,-0.00431413, -0.0494098, -0.0494098,-0.00399874,-0.00219931,-0.00399874,-0.00431413,-0.00219931, -0.0213822,-0.00219931, -0.0494098,-0.00399874,-0.00219931,-0.00399874]
	PARPACK diagonalization completed after 30 matrix-vector product operations.
	iteration results: : total energy is -24.474971 | electron energy -24.475480 + phonon energy 0.000509 | electron momentum kIdx = 0
	Nq(0) = 9,	Nq(1) = 0.192775,	Nq(2) = 0.265867,	Nq(3) = 0.192775,	Nq(4) = 0.192775,	Nq(5) = 0.245369,	
	Nq(6) = 0.313888,	Nq(7) = 0.245369,	Nq(8) = 0.265867,	Nq(9) = 0.313888,	Nq(10) = 0.370159,	
	Nq(11) = 0.313888,	Nq(12) = 0.192775,	Nq(13) = 0.245369,	Nq(14) = 0.313888,	Nq(15) = 0.245369;	
	Sq(0) = 2.51418e-18,	Sq(1) = 0.554065,	Sq(2) = 0.42442,	Sq(3) = 0.554065,	Sq(4) = 0.554065,	
	Sq(5) = 0.797093,	Sq(6) = 1.0127,	Sq(7) = 0.797093,	Sq(8) = 0.42442,	Sq(9) = 1.0127,	
	Sq(10) = 0.785701,	Sq(11) = 1.0127,	Sq(12) = 0.554065,	Sq(13) = 0.797093,	Sq(14) = 1.0127,	
	Sq(15) = 0.797093;	N(0) = 1.76774,	N(1) = 1.62773,	N(2) = 0.742956,	N(3) = 1.62773,	
	N(4) = 1.62773,	N(5) = 0.391303,	N(6) = 0.144177,	N(7) = 0.391303,	N(8) = 0.742956,	
	N(9) = 0.144177,	N(10) = 0.0935196,	N(11) = 0.144177,	N(12) = 1.62773,	N(13) = 0.391303,	
	N(14) = 0.144177,	N(15) = 0.391303;	Delta[s](0) = 0.0658337,	Delta[s](1) = 0.0454888,	Delta[s](2) = 0.0305107,	
	Delta[s](3) = 0.0454888,	Delta[s](4) = 0.0454888,	Delta[s](5) = 0.0272034,	Delta[s](6) = 0.00931445,	Delta[s](7) = 0.0272034,	
	Delta[s](8) = 0.0305107,	Delta[s](9) = 0.00931445,	Delta[s](10) = 0.000128332,	Delta[s](11) = 0.00931445,	Delta[s](12) = 0.0454888,	
	Delta[s](13) = 0.0272034,	Delta[s](14) = 0.00931445,	Delta[s](15) = 0.0272034;	Delta[d](0) = 0.229571,	Delta[d](1) = 0.180213,	
	Delta[d](2) = 0.22233,	Delta[d](3) = 0.180213,	Delta[d](4) = 0.180213,	Delta[d](5) = 0.123027,	Delta[d](6) = 0.150472,	
	Delta[d](7) = 0.123027,	Delta[d](8) = 0.22233,	Delta[d](9) = 0.150472,	Delta[d](10) = 0.0765616,	Delta[d](11) = 0.150472,	
	Delta[d](12) = 0.180213,	Delta[d](13) = 0.123027,	Delta[d](14) = 0.150472,	Delta[d](15) = 0.123027;	Delta[s+](0) = 0.52993,	
	Delta[s+](1) = 0.361369,	Delta[s+](2) = 0.22233,	Delta[s+](3) = 0.361369,	Delta[s+](4) = 0.361369,	Delta[s+](5) = 0.17721,	
	Delta[s+](6) = 0.0626829,	Delta[s+](7) = 0.17721,	Delta[s+](8) = 0.22233,	Delta[s+](9) = 0.0626829,	Delta[s+](10) = 0.0157518,	
	Delta[s+](11) = 0.0626829,	Delta[s+](12) = 0.361369,	Delta[s+](13) = 0.17721,	Delta[s+](14) = 0.0626829,	Delta[s+](15) = 0.17721
	
The 4-th iteration is completed.	|| time cost : 0h 1m 18.877s
********************************************************************************************************************
********************************************************************************************************************
Ground state is obtained after 5 iterations. The current ground-state energy is -24.475, in which electron energy is -24.4755 and phonon energy is 0.000509164
Final variational state is: 
	Gamma_x = [      1,1.04708,1.00562,1.04708,1.04708,1.00482, 1.0034,1.00482,1.00562, 1.0034,1.03969, 1.0034,1.04708,1.00482, 1.0034,1.00482]
	lambda_q = [       2.3, 0.0912024, 0.0220571, 0.0912024, 0.0912024, 0.0204103,-0.0139903, 0.0204103, 0.0220571,-0.0139903,-0.0417914,-0.0139903, 0.0912024, 0.0204103,-0.0139903, 0.0204103]
Effective e-e interactions mediated by phonons are:
	momentum-space Vq = [     -1.058, -0.0494098,-0.00431413, -0.0494098, -0.0494098,-0.00399874,-0.00219931,-0.00399874,-0.00431413,-0.00219931, -0.0213822,-0.00219931, -0.0494098,-0.00399874,-0.00219931,-0.00399874]
	real-space Vr = [-0.0819026,-0.0706899, -0.067001,-0.0706899,-0.0706899,-0.0669221,-0.0588873,-0.0669221, -0.067001,-0.0588873,-0.0560981,-0.0588873,-0.0706899,-0.0669221,-0.0588873,-0.0669221]
********************************************************************************************************************
o___o  ----------------------------------------
| L |	Time since last clock: 0h 0m 0.013s
A===A	Time since the beginning: 0h 4m 58.906s
***********************************************


Non-Gaussina ED ground state calculation is completed. The final ground-state energy is -24.475
********************************************************************************************************************
o___o  ----------------------------------------
| L |	Time since last clock: 0h 0m 0.004s
A===A	Time since the beginning: 0h 4m 58.911s
***********************************************



********************************************************************************************************************
All non-Gaussian ED ground state calculations have been completed. Exit now.
