SNEDics v3.22.2 Non-Gaussian ED ground state program		Start at Sat Jun 11 02:09:57 2022

Parallelization: 32 MPI threads  * 8 OpenMP threads = 256 total threads.
********************************************************************************************************************
********************************************************************************************************************

********************************************************************************************************************
System parameters and configurations
	special program options are enabled: splitted diagonal Hamiltonian | splitted Hamiltonian terms
********************************************************************************************************************
Read input file "model_params.in"
	Hubbard-Holstein model parameters : 	t = 1    t' = -0.3    U = 8    g = 0.7    W = 0.2    g' = 0.6    
********************************************************************************************************************
Read input file "hilbertspace_params.in"
	Requested 16-site 2D lattice, with 12 electrons (6, 6)
	Boundary : Periodic		Hilbert space representation : momentum-space (restricted to kIdx = 2)
	Conservation: particle number[U(1)]      spin[U(1)]     momentum
********************************************************************************************************************

Cluster Positions:				Cluster symmetry group : D4
 x ... x ... x ... x .....                       x ... x ... x ... x .....
 |           |           :                       |           |           :
 |           |           :                       |           |           :
12    13    14    15     x                       1     5     6     5     x
 |           |           :                       |           |           :
 |           |           :                       |           |           :
 8 --- 9 ---10 ---11 --- x                       2 --- 6 ---10 --- 6 --- x
 |           |           :                       |           |           :
 |           |           :                       |           |           :
 4     5     6     7     x                       1     5     6     5     x
 |           |           :                       |           |           :
 |           |           :                       |           |           :
 0 --- 1 --- 2 --- 3 --- x                       0 --- 1 --- 2 --- 1 --- x
orbital number : 1
********************************************************************************************************************
Read input file "obs_params.in"
	Observable Type : Nq(All),   Sq(All),   N(All-Orbital),   Delta[s](All),   Delta[d](All),   Delta[s+](All)
** WARNING ** the input observables have non-local factors which have been reinterpreted. The total observable number is 96
********************************************************************************************************************


********************************************************************************************************************
Start calculating the non-Gaussian ED ground state
Maximal iteration number is 1000; energy resolution is 1e-06. Phonon state relaxation time is 2000
W = 0.2 is relatively large. The non-Gaussian ED calculation starts directly.
open output files: NGSED_iteration_observables.txt
********************************************************************************************************************
Start the 0 rounds of NGS-ED iteration
	effective electronic model is modified as: kinetic energy t = 1, t' = -0.3
	                                           effective interaction Vq = [0,0,0,0,0,0,0,0,0,0,0,0,0,0,0,0]
	first Hamiltonian is constructed, size = 4008592 and non-zero numbers = 969952416
	PARPACK diagonalization completed after 165 matrix-vector product operations.
	iteration results: : total energy is -14.676119 | electron energy -14.676119 + phonon energy 0.000000 | electron momentum kIdx = 2
	Nq(0) = 9,	Nq(1) = 0.180746,	Nq(2) = 0.262696,	Nq(3) = 0.180746,	Nq(4) = 0.160685,	Nq(5) = 0.243809,	
	Nq(6) = 0.295913,	Nq(7) = 0.243809,	Nq(8) = 0.247904,	Nq(9) = 0.289802,	Nq(10) = 0.319793,	
	Nq(11) = 0.289802,	Nq(12) = 0.160685,	Nq(13) = 0.243809,	Nq(14) = 0.295913,	Nq(15) = 0.243809;	
	Sq(0) = 5.17377e-18,	Sq(1) = 0.69324,	Sq(2) = 0.877777,	Sq(3) = 0.69324,	Sq(4) = 0.331561,	
	Sq(5) = 1.14401,	Sq(6) = 0.61305,	Sq(7) = 1.14401,	Sq(8) = 0.28674,	Sq(9) = 0.820764,	
	Sq(10) = 0.682279,	Sq(11) = 0.820764,	Sq(12) = 0.331561,	Sq(13) = 1.14401,	Sq(14) = 0.61305,	
	Sq(15) = 1.14401;	N(0) = 1.62631,	N(1) = 1.15756,	N(2) = 1.38536,	N(3) = 1.15756,	
	N(4) = 1.52851,	N(5) = 0.378152,	N(6) = 0.163271,	N(7) = 0.378152,	N(8) = 1.47223,	
	N(9) = 0.12918,	N(10) = 0.0464381,	N(11) = 0.12918,	N(12) = 1.52851,	N(13) = 0.378152,	
	N(14) = 0.163271,	N(15) = 0.378152;	Delta[s](0) = 0.0262774,	Delta[s](1) = 0.0220358,	Delta[s](2) = 0.0198348,	
	Delta[s](3) = 0.0220358,	Delta[s](4) = 0.0239037,	Delta[s](5) = 0.019789,	Delta[s](6) = 0.0178173,	Delta[s](7) = 0.019789,	
	Delta[s](8) = 0.0227544,	Delta[s](9) = 0.0187799,	Delta[s](10) = 0.016864,	Delta[s](11) = 0.0187799,	Delta[s](12) = 0.0239037,	
	Delta[s](13) = 0.019789,	Delta[s](14) = 0.0178173,	Delta[s](15) = 0.019789;	Delta[d](0) = 0.269748,	Delta[d](1) = 0.169831,	
	Delta[d](2) = 0.167324,	Delta[d](3) = 0.169831,	Delta[d](4) = 0.231032,	Delta[d](5) = 0.152265,	Delta[d](6) = 0.165989,	
	Delta[d](7) = 0.152265,	Delta[d](8) = 0.236141,	Delta[d](9) = 0.177555,	Delta[d](10) = 0.207537,	Delta[d](11) = 0.177555,	
	Delta[d](12) = 0.231032,	Delta[d](13) = 0.152265,	Delta[d](14) = 0.165989,	Delta[d](15) = 0.152265;	Delta[s+](0) = 0.296136,	
	Delta[s+](1) = 0.19724,	Delta[s+](2) = 0.167324,	Delta[s+](3) = 0.19724,	Delta[s+](4) = 0.250468,	Delta[s+](5) = 0.130929,	
	Delta[s+](6) = 0.0873714,	Delta[s+](7) = 0.130929,	Delta[s+](8) = 0.236141,	Delta[s+](9) = 0.103372,	Delta[s+](10) = 0.0525446,	
	Delta[s+](11) = 0.103372,	Delta[s+](12) = 0.250468,	Delta[s+](13) = 0.130929,	Delta[s+](14) = 0.0873714,	Delta[s+](15) = 0.130929
	
The 0-th iteration is completed.	|| time cost : 0h 2m 4.471s
********************************************************************************************************************
Start the 1 rounds of NGS-ED iteration
	effective electronic model is modified as: kinetic energy (tx,ty)=(0.689664, 0.672202), t' = -0.177087
	                                           effective interaction Vq = [   -48.05, -14.7606,-0.433196, -14.7606, -14.6707,-0.469342,-0.150133,-0.469342,-0.513201,-0.158782, -11.1446,-0.158782, -14.6707,-0.469342,-0.150133,-0.469342]
	PARPACK diagonalization completed after 120 matrix-vector product operations.
	iteration results: : total energy is -547.725595 | electron energy -551.524363 + phonon energy 3.798768 | electron momentum kIdx = 2
The 1-th iteration is completed.	|| time cost : 0h 1m 27.353s
********************************************************************************************************************
Start the 2 rounds of NGS-ED iteration
	effective electronic model is modified as: kinetic energy t = 1.46378e-12, t' = -2.18632e-14
	                                           effective interaction Vq = [-48.05,-18.05, -2.45,-18.05,-18.05, -2.45, -1.25, -2.45, -2.45, -1.25,-14.45, -1.25,-18.05, -2.45, -1.25, -2.45]
	PARPACK diagonalization completed after 45 matrix-vector product operations.
	iteration results: : total energy is -591.600000 | electron energy -591.600000 + phonon energy 0.000000 | electron momentum kIdx = 2
The 2-th iteration is completed.	|| time cost : 0h 0m 10.997s
********************************************************************************************************************
Start the 3 rounds of NGS-ED iteration
	effective electronic model is modified as: kinetic energy t = 1.4637e-12, t' = -2.18632e-14
	                                           effective interaction Vq = [-48.05,-18.05, -2.45,-18.05,-18.05, -2.45, -1.25, -2.45, -2.45, -1.25,-14.45, -1.25,-18.05, -2.45, -1.25, -2.45]
	PARPACK diagonalization completed after 30 matrix-vector product operations.
	iteration results: : total energy is -591.600000 | electron energy -591.600000 + phonon energy 0.000000 | electron momentum kIdx = 2
The 3-th iteration is completed.	|| time cost : 0h 0m 9.095s
********************************************************************************************************************
Start the 4 rounds of NGS-ED iteration
	effective electronic model is modified as: kinetic energy t = 1.44792e-12, t' = -2.18632e-14
	                                           effective interaction Vq = [-48.05,-18.05, -2.45,-18.05,-18.05, -2.45, -1.25, -2.45, -2.45, -1.25,-14.45, -1.25,-18.05, -2.45, -1.25, -2.45]
	PARPACK diagonalization completed after 30 matrix-vector product operations.
	iteration results: : total energy is -591.600000 | electron energy -591.600000 + phonon energy 0.000000 | electron momentum kIdx = 2
The 4-th iteration is completed.	|| time cost : 0h 0m 9.093s
********************************************************************************************************************
Start the 5 rounds of NGS-ED iteration
	effective electronic model is modified as: kinetic energy t = 1.47073e-12, t' = -2.18632e-14
	                                           effective interaction Vq = [-48.05,-18.05, -2.45,-18.05,-18.05, -2.45, -1.25, -2.45, -2.45, -1.25,-14.45, -1.25,-18.05, -2.45, -1.25, -2.45]
	PARPACK diagonalization completed after 30 matrix-vector product operations.
	iteration results: : total energy is -591.600000 | electron energy -591.600000 + phonon energy 0.000000 | electron momentum kIdx = 2
The 5-th iteration is completed.	|| time cost : 0h 0m 9.091s
********************************************************************************************************************
Start the 6 rounds of NGS-ED iteration
	effective electronic model is modified as: kinetic energy t = 1.43798e-12, t' = -2.18632e-14
	                                           effective interaction Vq = [-48.05,-18.05, -2.45,-18.05,-18.05, -2.45, -1.25, -2.45, -2.45, -1.25,-14.45, -1.25,-18.05, -2.45, -1.25, -2.45]
	PARPACK diagonalization completed after 30 matrix-vector product operations.
	iteration results: : total energy is -591.600000 | electron energy -591.600000 + phonon energy 0.000000 | electron momentum kIdx = 2
The 6-th iteration is completed.	|| time cost : 0h 0m 9.083s
********************************************************************************************************************
Start the 7 rounds of NGS-ED iteration
	effective electronic model is modified as: kinetic energy t = 1.456e-12, t' = -2.18632e-14
	                                           effective interaction Vq = [-48.05,-18.05, -2.45,-18.05,-18.05, -2.45, -1.25, -2.45, -2.45, -1.25,-14.45, -1.25,-18.05, -2.45, -1.25, -2.45]
	PARPACK diagonalization completed after 30 matrix-vector product operations.
	iteration results: : total energy is -591.600000 | electron energy -591.600000 + phonon energy 0.000000 | electron momentum kIdx = 2
The 7-th iteration is completed.	|| time cost : 0h 0m 9.089s
********************************************************************************************************************
Start the 8 rounds of NGS-ED iteration
	effective electronic model is modified as: kinetic energy t = 1.44373e-12, t' = -2.18632e-14
	                                           effective interaction Vq = [-48.05,-18.05, -2.45,-18.05,-18.05, -2.45, -1.25, -2.45, -2.45, -1.25,-14.45, -1.25,-18.05, -2.45, -1.25, -2.45]
	PARPACK diagonalization completed after 30 matrix-vector product operations.
	iteration results: : total energy is -591.600000 | electron energy -591.600000 + phonon energy 0.000000 | electron momentum kIdx = 2
The 8-th iteration is completed.	|| time cost : 0h 0m 9.089s
********************************************************************************************************************
Start the 9 rounds of NGS-ED iteration
	effective electronic model is modified as: kinetic energy t = 1.45973e-12, t' = -2.18632e-14
	                                           effective interaction Vq = [-48.05,-18.05, -2.45,-18.05,-18.05, -2.45, -1.25, -2.45, -2.45, -1.25,-14.45, -1.25,-18.05, -2.45, -1.25, -2.45]
	PARPACK diagonalization completed after 30 matrix-vector product operations.
	iteration results: : total energy is -591.600000 | electron energy -591.600000 + phonon energy 0.000000 | electron momentum kIdx = 2
The 9-th iteration is completed.	|| time cost : 0h 0m 9.087s
********************************************************************************************************************
Start the 10 rounds of NGS-ED iteration
	effective electronic model is modified as: kinetic energy t = 1.4399e-12, t' = -2.18632e-14
	                                           effective interaction Vq = [-48.05,-18.05, -2.45,-18.05,-18.05, -2.45, -1.25, -2.45, -2.45, -1.25,-14.45, -1.25,-18.05, -2.45, -1.25, -2.45]
	PARPACK diagonalization completed after 30 matrix-vector product operations.
	iteration results: : total energy is -591.600000 | electron energy -591.600000 + phonon energy 0.000000 | electron momentum kIdx = 2
The 10-th iteration is completed.	|| time cost : 0h 0m 9.087s
********************************************************************************************************************
Start the 11 rounds of NGS-ED iteration
	effective electronic model is modified as: kinetic energy t = 1.40199e-12, t' = -2.18632e-14
	                                           effective interaction Vq = [  -48.05,  -18.05,   -2.45,  -18.05,  -18.05,   -2.45,   -1.25,   -2.45,   -2.45,   -1.25,-14.4499,   -1.25,  -18.05,   -2.45,   -1.25,   -2.45]
	PARPACK diagonalization completed after 30 matrix-vector product operations.
	iteration results: : total energy is -591.600000 | electron energy -591.600000 + phonon energy 0.000000 | electron momentum kIdx = 2
The 11-th iteration is completed.	|| time cost : 0h 0m 9.066s
********************************************************************************************************************
Start the 12 rounds of NGS-ED iteration
	effective electronic model is modified as: kinetic energy t = 1.47076e-12, t' = -2.18632e-14
	                                           effective interaction Vq = [-48.05,-18.05, -2.45,-18.05,-18.05, -2.45, -1.25, -2.45, -2.45, -1.25,-14.45, -1.25,-18.05, -2.45, -1.25, -2.45]
	PARPACK diagonalization completed after 30 matrix-vector product operations.
	iteration results: : total energy is -591.600000 | electron energy -591.600000 + phonon energy 0.000000 | electron momentum kIdx = 2
The 12-th iteration is completed.	|| time cost : 0h 0m 9.075s
********************************************************************************************************************
Start the 13 rounds of NGS-ED iteration
	effective electronic model is modified as: kinetic energy t = 1.48084e-12, t' = -2.18632e-14
	                                           effective interaction Vq = [-48.05,-18.05, -2.45,-18.05,-18.05, -2.45, -1.25, -2.45, -2.45, -1.25,-14.45, -1.25,-18.05, -2.45, -1.25, -2.45]
	PARPACK diagonalization completed after 30 matrix-vector product operations.
	iteration results: : total energy is -591.600000 | electron energy -591.600000 + phonon energy 0.000000 | electron momentum kIdx = 2
The 13-th iteration is completed.	|| time cost : 0h 0m 9.075s
********************************************************************************************************************
Start the 14 rounds of NGS-ED iteration
	effective electronic model is modified as: kinetic energy t = 1.44807e-12, t' = -2.18632e-14
	                                           effective interaction Vq = [-48.05,-18.05, -2.45,-18.05,-18.05, -2.45, -1.25, -2.45, -2.45, -1.25,-14.45, -1.25,-18.05, -2.45, -1.25, -2.45]
	PARPACK diagonalization completed after 30 matrix-vector product operations.
	iteration results: : total energy is -591.600000 | electron energy -591.600000 + phonon energy 0.000000 | electron momentum kIdx = 2
The 14-th iteration is completed.	|| time cost : 0h 0m 9.081s
********************************************************************************************************************
Start the 15 rounds of NGS-ED iteration
	effective electronic model is modified as: kinetic energy t = 1.49747e-12, t' = -2.18632e-14
	                                           effective interaction Vq = [-48.05,-18.05, -2.45,-18.05,-18.05, -2.45, -1.25, -2.45, -2.45, -1.25,-14.45, -1.25,-18.05, -2.45, -1.25, -2.45]
	PARPACK diagonalization completed after 30 matrix-vector product operations.
	iteration results: : total energy is -591.600000 | electron energy -591.600000 + phonon energy 0.000000 | electron momentum kIdx = 2
The 15-th iteration is completed.	|| time cost : 0h 0m 9.081s
********************************************************************************************************************
Start the 16 rounds of NGS-ED iteration
	effective electronic model is modified as: kinetic energy t = 1.47994e-12, t' = -2.18632e-14
	                                           effective interaction Vq = [-48.05,-18.05, -2.45,-18.05,-18.05, -2.45, -1.25, -2.45, -2.45, -1.25,-14.45, -1.25,-18.05, -2.45, -1.25, -2.45]
	PARPACK diagonalization completed after 30 matrix-vector product operations.
	iteration results: : total energy is -591.600000 | electron energy -591.600000 + phonon energy 0.000000 | electron momentum kIdx = 2
The 16-th iteration is completed.	|| time cost : 0h 0m 9.078s
********************************************************************************************************************
Start the 17 rounds of NGS-ED iteration
	effective electronic model is modified as: kinetic energy t = 1.41482e-12, t' = -2.18632e-14
	                                           effective interaction Vq = [  -48.05,  -18.05,   -2.45,  -18.05,  -18.05,   -2.45,   -1.25,   -2.45,   -2.45,   -1.25,-14.4499,   -1.25,  -18.05,   -2.45,   -1.25,   -2.45]
	PARPACK diagonalization completed after 30 matrix-vector product operations.
	iteration results: : total energy is -591.600000 | electron energy -591.600000 + phonon energy 0.000000 | electron momentum kIdx = 2
The 17-th iteration is completed.	|| time cost : 0h 0m 9.077s
********************************************************************************************************************
Start the 18 rounds of NGS-ED iteration
	effective electronic model is modified as: kinetic energy t = 1.47339e-12, t' = -2.18632e-14
	                                           effective interaction Vq = [-48.05,-18.05, -2.45,-18.05,-18.05, -2.45, -1.25, -2.45, -2.45, -1.25,-14.45, -1.25,-18.05, -2.45, -1.25, -2.45]
	PARPACK diagonalization completed after 30 matrix-vector product operations.
	iteration results: : total energy is -591.600000 | electron energy -591.600000 + phonon energy 0.000000 | electron momentum kIdx = 2
The 18-th iteration is completed.	|| time cost : 0h 0m 9.07s
********************************************************************************************************************
Start the 19 rounds of NGS-ED iteration
	effective electronic model is modified as: kinetic energy t = 1.48231e-12, t' = -2.18632e-14
	                                           effective interaction Vq = [-48.05,-18.05, -2.45,-18.05,-18.05, -2.45, -1.25, -2.45, -2.45, -1.25,-14.45, -1.25,-18.05, -2.45, -1.25, -2.45]
	PARPACK diagonalization completed after 30 matrix-vector product operations.
	iteration results: : total energy is -591.600000 | electron energy -591.600000 + phonon energy 0.000000 | electron momentum kIdx = 2
The 19-th iteration is completed.	|| time cost : 0h 0m 9.093s
********************************************************************************************************************
Start the 20 rounds of NGS-ED iteration
	effective electronic model is modified as: kinetic energy t = 1.46963e-12, t' = -2.18632e-14
	                                           effective interaction Vq = [-48.05,-18.05, -2.45,-18.05,-18.05, -2.45, -1.25, -2.45, -2.45, -1.25,-14.45, -1.25,-18.05, -2.45, -1.25, -2.45]
	PARPACK diagonalization completed after 30 matrix-vector product operations.
	iteration results: : total energy is -591.600000 | electron energy -591.600000 + phonon energy 0.000000 | electron momentum kIdx = 2
The 20-th iteration is completed.	|| time cost : 0h 0m 9.079s
********************************************************************************************************************
Start the 21 rounds of NGS-ED iteration
	effective electronic model is modified as: kinetic energy t = 1.44103e-12, t' = -2.18632e-14
	                                           effective interaction Vq = [-48.05,-18.05, -2.45,-18.05,-18.05, -2.45, -1.25, -2.45, -2.45, -1.25,-14.45, -1.25,-18.05, -2.45, -1.25, -2.45]
	PARPACK diagonalization completed after 30 matrix-vector product operations.
	iteration results: : total energy is -591.600000 | electron energy -591.600000 + phonon energy 0.000000 | electron momentum kIdx = 2
The 21-th iteration is completed.	|| time cost : 0h 0m 9.094s
********************************************************************************************************************
Start the 22 rounds of NGS-ED iteration
	effective electronic model is modified as: kinetic energy t = 1.50021e-12, t' = -2.18632e-14
	                                           effective interaction Vq = [-48.05,-18.05, -2.45,-18.05,-18.05, -2.45, -1.25, -2.45, -2.45, -1.25,-14.45, -1.25,-18.05, -2.45, -1.25, -2.45]
	PARPACK diagonalization completed after 30 matrix-vector product operations.
	iteration results: : total energy is -591.600000 | electron energy -591.600000 + phonon energy 0.000000 | electron momentum kIdx = 2
The 22-th iteration is completed.	|| time cost : 0h 0m 9.078s
********************************************************************************************************************
Start the 23 rounds of NGS-ED iteration
	effective electronic model is modified as: kinetic energy t = 1.35486e-12, t' = -2.18632e-14
	                                           effective interaction Vq = [  -48.05,  -18.05,   -2.45,  -18.05,  -18.05,   -2.45,   -1.25,   -2.45,   -2.45,   -1.25,-14.4497,   -1.25,  -18.05,   -2.45,   -1.25,   -2.45]
	PARPACK diagonalization completed after 30 matrix-vector product operations.
	iteration results: : total energy is -591.600000 | electron energy -591.600000 + phonon energy 0.000000 | electron momentum kIdx = 2
The 23-th iteration is completed.	|| time cost : 0h 0m 9.09s
********************************************************************************************************************
Start the 24 rounds of NGS-ED iteration
	effective electronic model is modified as: kinetic energy t = 1.45287e-12, t' = -2.18632e-14
	                                           effective interaction Vq = [-48.05,-18.05, -2.45,-18.05,-18.05, -2.45, -1.25, -2.45, -2.45, -1.25,-14.45, -1.25,-18.05, -2.45, -1.25, -2.45]
	PARPACK diagonalization completed after 30 matrix-vector product operations.
	iteration results: : total energy is -591.600000 | electron energy -591.600000 + phonon energy 0.000000 | electron momentum kIdx = 2
The 24-th iteration is completed.	|| time cost : 0h 0m 9.073s
********************************************************************************************************************
Start the 25 rounds of NGS-ED iteration
	effective electronic model is modified as: kinetic energy t = 1.4352e-12, t' = -2.18632e-14
	                                           effective interaction Vq = [-48.05,-18.05, -2.45,-18.05,-18.05, -2.45, -1.25, -2.45, -2.45, -1.25,-14.45, -1.25,-18.05, -2.45, -1.25, -2.45]
	PARPACK diagonalization completed after 30 matrix-vector product operations.
	iteration results: : total energy is -591.600000 | electron energy -591.600000 + phonon energy 0.000000 | electron momentum kIdx = 2
The 25-th iteration is completed.	|| time cost : 0h 0m 9.091s
********************************************************************************************************************
Start the 26 rounds of NGS-ED iteration
	effective electronic model is modified as: kinetic energy t = 1.42055e-12, t' = -2.18632e-14
	                                           effective interaction Vq = [-48.05,-18.05, -2.45,-18.05,-18.05, -2.45, -1.25, -2.45, -2.45, -1.25,-14.45, -1.25,-18.05, -2.45, -1.25, -2.45]
	PARPACK diagonalization completed after 30 matrix-vector product operations.
	iteration results: : total energy is -591.600000 | electron energy -591.600000 + phonon energy 0.000000 | electron momentum kIdx = 2
The 26-th iteration is completed.	|| time cost : 0h 0m 9.061s
********************************************************************************************************************
Start the 27 rounds of NGS-ED iteration
	effective electronic model is modified as: kinetic energy t = 1.45905e-12, t' = -2.18632e-14
	                                           effective interaction Vq = [-48.05,-18.05, -2.45,-18.05,-18.05, -2.45, -1.25, -2.45, -2.45, -1.25,-14.45, -1.25,-18.05, -2.45, -1.25, -2.45]
	PARPACK diagonalization completed after 30 matrix-vector product operations.
	iteration results: : total energy is -591.600000 | electron energy -591.600000 + phonon energy 0.000000 | electron momentum kIdx = 2
The 27-th iteration is completed.	|| time cost : 0h 0m 9.096s
********************************************************************************************************************
Start the 28 rounds of NGS-ED iteration
	effective electronic model is modified as: kinetic energy t = 1.47003e-12, t' = -2.18632e-14
	                                           effective interaction Vq = [-48.05,-18.05, -2.45,-18.05,-18.05, -2.45, -1.25, -2.45, -2.45, -1.25,-14.45, -1.25,-18.05, -2.45, -1.25, -2.45]
	PARPACK diagonalization completed after 30 matrix-vector product operations.
	iteration results: : total energy is -591.600000 | electron energy -591.600000 + phonon energy 0.000000 | electron momentum kIdx = 2
The 28-th iteration is completed.	|| time cost : 0h 0m 9.071s
********************************************************************************************************************
Start the 29 rounds of NGS-ED iteration
	effective electronic model is modified as: kinetic energy t = 1.47371e-12, t' = -2.18632e-14
	                                           effective interaction Vq = [-48.05,-18.05, -2.45,-18.05,-18.05, -2.45, -1.25, -2.45, -2.45, -1.25,-14.45, -1.25,-18.05, -2.45, -1.25, -2.45]
	PARPACK diagonalization completed after 30 matrix-vector product operations.
	iteration results: : total energy is -591.600000 | electron energy -591.600000 + phonon energy 0.000000 | electron momentum kIdx = 2
The 29-th iteration is completed.	|| time cost : 0h 0m 9.08s
********************************************************************************************************************
Start the 30 rounds of NGS-ED iteration
	effective electronic model is modified as: kinetic energy t = 1.48343e-12, t' = -2.18632e-14
	                                           effective interaction Vq = [-48.05,-18.05, -2.45,-18.05,-18.05, -2.45, -1.25, -2.45, -2.45, -1.25,-14.45, -1.25,-18.05, -2.45, -1.25, -2.45]
	PARPACK diagonalization completed after 30 matrix-vector product operations.
	iteration results: : total energy is -591.600000 | electron energy -591.600000 + phonon energy 0.000000 | electron momentum kIdx = 2
The 30-th iteration is completed.	|| time cost : 0h 0m 9.078s
********************************************************************************************************************
Start the 31 rounds of NGS-ED iteration
	effective electronic model is modified as: kinetic energy t = 1.45112e-12, t' = -2.18632e-14
	                                           effective interaction Vq = [-48.05,-18.05, -2.45,-18.05,-18.05, -2.45, -1.25, -2.45, -2.45, -1.25,-14.45, -1.25,-18.05, -2.45, -1.25, -2.45]
	PARPACK diagonalization completed after 30 matrix-vector product operations.
	iteration results: : total energy is -591.600000 | electron energy -591.600000 + phonon energy 0.000000 | electron momentum kIdx = 2
The 31-th iteration is completed.	|| time cost : 0h 0m 9.095s
********************************************************************************************************************
Start the 32 rounds of NGS-ED iteration
	effective electronic model is modified as: kinetic energy t = 1.43964e-12, t' = -2.18632e-14
	                                           effective interaction Vq = [-48.05,-18.05, -2.45,-18.05,-18.05, -2.45, -1.25, -2.45, -2.45, -1.25,-14.45, -1.25,-18.05, -2.45, -1.25, -2.45]
	PARPACK diagonalization completed after 30 matrix-vector product operations.
	iteration results: : total energy is -591.600000 | electron energy -591.600000 + phonon energy 0.000000 | electron momentum kIdx = 2
The 32-th iteration is completed.	|| time cost : 0h 0m 9.07s
********************************************************************************************************************
Start the 33 rounds of NGS-ED iteration
	effective electronic model is modified as: kinetic energy t = 1.45003e-12, t' = -2.18632e-14
	                                           effective interaction Vq = [-48.05,-18.05, -2.45,-18.05,-18.05, -2.45, -1.25, -2.45, -2.45, -1.25,-14.45, -1.25,-18.05, -2.45, -1.25, -2.45]
	PARPACK diagonalization completed after 30 matrix-vector product operations.
	iteration results: : total energy is -591.600000 | electron energy -591.600000 + phonon energy 0.000000 | electron momentum kIdx = 2
The 33-th iteration is completed.	|| time cost : 0h 0m 9.091s
********************************************************************************************************************
Start the 34 rounds of NGS-ED iteration
	effective electronic model is modified as: kinetic energy t = 1.47547e-12, t' = -2.18632e-14
	                                           effective interaction Vq = [-48.05,-18.05, -2.45,-18.05,-18.05, -2.45, -1.25, -2.45, -2.45, -1.25,-14.45, -1.25,-18.05, -2.45, -1.25, -2.45]
	PARPACK diagonalization completed after 30 matrix-vector product operations.
	iteration results: : total energy is -591.600000 | electron energy -591.600000 + phonon energy 0.000000 | electron momentum kIdx = 2
The 34-th iteration is completed.	|| time cost : 0h 0m 9.089s
********************************************************************************************************************
Start the 35 rounds of NGS-ED iteration
	effective electronic model is modified as: kinetic energy t = 1.47181e-12, t' = -2.18632e-14
	                                           effective interaction Vq = [-48.05,-18.05, -2.45,-18.05,-18.05, -2.45, -1.25, -2.45, -2.45, -1.25,-14.45, -1.25,-18.05, -2.45, -1.25, -2.45]
	PARPACK diagonalization completed after 30 matrix-vector product operations.
	iteration results: : total energy is -591.600000 | electron energy -591.600000 + phonon energy 0.000000 | electron momentum kIdx = 2
The 35-th iteration is completed.	|| time cost : 0h 0m 9.089s
********************************************************************************************************************
Start the 36 rounds of NGS-ED iteration
	effective electronic model is modified as: kinetic energy t = 1.4474e-12, t' = -2.18632e-14
	                                           effective interaction Vq = [-48.05,-18.05, -2.45,-18.05,-18.05, -2.45, -1.25, -2.45, -2.45, -1.25,-14.45, -1.25,-18.05, -2.45, -1.25, -2.45]
	PARPACK diagonalization completed after 30 matrix-vector product operations.
	iteration results: : total energy is -591.600000 | electron energy -591.600000 + phonon energy 0.000000 | electron momentum kIdx = 2
The 36-th iteration is completed.	|| time cost : 0h 0m 9.065s
********************************************************************************************************************
Start the 37 rounds of NGS-ED iteration
	effective electronic model is modified as: kinetic energy t = 1.44746e-12, t' = -2.18632e-14
	                                           effective interaction Vq = [-48.05,-18.05, -2.45,-18.05,-18.05, -2.45, -1.25, -2.45, -2.45, -1.25,-14.45, -1.25,-18.05, -2.45, -1.25, -2.45]
	PARPACK diagonalization completed after 30 matrix-vector product operations.
	iteration results: : total energy is -591.600000 | electron energy -591.600000 + phonon energy 0.000000 | electron momentum kIdx = 2
The 37-th iteration is completed.	|| time cost : 0h 0m 9.084s
********************************************************************************************************************
Start the 38 rounds of NGS-ED iteration
	effective electronic model is modified as: kinetic energy t = 1.48746e-12, t' = -2.18632e-14
	                                           effective interaction Vq = [-48.05,-18.05, -2.45,-18.05,-18.05, -2.45, -1.25, -2.45, -2.45, -1.25,-14.45, -1.25,-18.05, -2.45, -1.25, -2.45]
	PARPACK diagonalization completed after 30 matrix-vector product operations.
	iteration results: : total energy is -591.600000 | electron energy -591.600000 + phonon energy 0.000000 | electron momentum kIdx = 2
The 38-th iteration is completed.	|| time cost : 0h 0m 9.076s
********************************************************************************************************************
Start the 39 rounds of NGS-ED iteration
	effective electronic model is modified as: kinetic energy t = 1.50276e-12, t' = -2.18632e-14
	                                           effective interaction Vq = [-48.05,-18.05, -2.45,-18.05,-18.05, -2.45, -1.25, -2.45, -2.45, -1.25,-14.45, -1.25,-18.05, -2.45, -1.25, -2.45]
	PARPACK diagonalization completed after 30 matrix-vector product operations.
	iteration results: : total energy is -591.600000 | electron energy -591.600000 + phonon energy 0.000000 | electron momentum kIdx = 2
The 39-th iteration is completed.	|| time cost : 0h 0m 9.08s
********************************************************************************************************************
Start the 40 rounds of NGS-ED iteration
	effective electronic model is modified as: kinetic energy t = 1.44275e-12, t' = -2.18632e-14
	                                           effective interaction Vq = [-48.05,-18.05, -2.45,-18.05,-18.05, -2.45, -1.25, -2.45, -2.45, -1.25,-14.45, -1.25,-18.05, -2.45, -1.25, -2.45]
	PARPACK diagonalization completed after 30 matrix-vector product operations.
	iteration results: : total energy is -591.600000 | electron energy -591.600000 + phonon energy 0.000000 | electron momentum kIdx = 2
The 40-th iteration is completed.	|| time cost : 0h 0m 9.068s
********************************************************************************************************************
Start the 41 rounds of NGS-ED iteration
	effective electronic model is modified as: kinetic energy t = 1.37131e-12, t' = -2.18632e-14
	                                           effective interaction Vq = [  -48.05,  -18.05,   -2.45,  -18.05,  -18.05,   -2.45,   -1.25,   -2.45,   -2.45,   -1.25,-14.4498,   -1.25,  -18.05,   -2.45,   -1.25,   -2.45]
	PARPACK diagonalization completed after 30 matrix-vector product operations.
	iteration results: : total energy is -591.600000 | electron energy -591.600000 + phonon energy 0.000000 | electron momentum kIdx = 2
The 41-th iteration is completed.	|| time cost : 0h 0m 9.074s
********************************************************************************************************************
Start the 42 rounds of NGS-ED iteration
	effective electronic model is modified as: kinetic energy t = 1.40965e-12, t' = -2.18632e-14
	                                           effective interaction Vq = [  -48.05,  -18.05,   -2.45,  -18.05,  -18.05,   -2.45,   -1.25,   -2.45,   -2.45,   -1.25,-14.4499,   -1.25,  -18.05,   -2.45,   -1.25,   -2.45]
	PARPACK diagonalization completed after 30 matrix-vector product operations.
	iteration results: : total energy is -591.600000 | electron energy -591.600000 + phonon energy 0.000000 | electron momentum kIdx = 2
The 42-th iteration is completed.	|| time cost : 0h 0m 9.077s
********************************************************************************************************************
Start the 43 rounds of NGS-ED iteration
	effective electronic model is modified as: kinetic energy t = 1.50158e-12, t' = -2.18632e-14
	                                           effective interaction Vq = [-48.05,-18.05, -2.45,-18.05,-18.05, -2.45, -1.25, -2.45, -2.45, -1.25,-14.45, -1.25,-18.05, -2.45, -1.25, -2.45]
	PARPACK diagonalization completed after 30 matrix-vector product operations.
	iteration results: : total energy is -591.600000 | electron energy -591.600000 + phonon energy 0.000000 | electron momentum kIdx = 2
The 43-th iteration is completed.	|| time cost : 0h 0m 9.074s
********************************************************************************************************************
Start the 44 rounds of NGS-ED iteration
	effective electronic model is modified as: kinetic energy t = 1.45145e-12, t' = -2.18632e-14
	                                           effective interaction Vq = [-48.05,-18.05, -2.45,-18.05,-18.05, -2.45, -1.25, -2.45, -2.45, -1.25,-14.45, -1.25,-18.05, -2.45, -1.25, -2.45]
	PARPACK diagonalization completed after 30 matrix-vector product operations.
	iteration results: : total energy is -591.600000 | electron energy -591.600000 + phonon energy 0.000000 | electron momentum kIdx = 2
The 44-th iteration is completed.	|| time cost : 0h 0m 9.089s
********************************************************************************************************************
Start the 45 rounds of NGS-ED iteration
	effective electronic model is modified as: kinetic energy t = 1.5284e-12, t' = -2.18632e-14
	                                           effective interaction Vq = [  -48.05,  -18.05,   -2.45,  -18.05,  -18.05,   -2.45,   -1.25,   -2.45,   -2.45,   -1.25,-14.4499,   -1.25,  -18.05,   -2.45,   -1.25,   -2.45]
	PARPACK diagonalization completed after 30 matrix-vector product operations.
	iteration results: : total energy is -591.600000 | electron energy -591.600000 + phonon energy 0.000000 | electron momentum kIdx = 2
The 45-th iteration is completed.	|| time cost : 0h 0m 9.082s
********************************************************************************************************************
Start the 46 rounds of NGS-ED iteration
	effective electronic model is modified as: kinetic energy t = 1.45858e-12, t' = -2.18632e-14
	                                           effective interaction Vq = [-48.05,-18.05, -2.45,-18.05,-18.05, -2.45, -1.25, -2.45, -2.45, -1.25,-14.45, -1.25,-18.05, -2.45, -1.25, -2.45]
	PARPACK diagonalization completed after 30 matrix-vector product operations.
	iteration results: : total energy is -591.600000 | electron energy -591.600000 + phonon energy 0.000000 | electron momentum kIdx = 2
The 46-th iteration is completed.	|| time cost : 0h 0m 9.076s
********************************************************************************************************************
Start the 47 rounds of NGS-ED iteration
	effective electronic model is modified as: kinetic energy t = 1.47439e-12, t' = -2.18632e-14
	                                           effective interaction Vq = [-48.05,-18.05, -2.45,-18.05,-18.05, -2.45, -1.25, -2.45, -2.45, -1.25,-14.45, -1.25,-18.05, -2.45, -1.25, -2.45]
	PARPACK diagonalization completed after 30 matrix-vector product operations.
	iteration results: : total energy is -591.600000 | electron energy -591.600000 + phonon energy 0.000000 | electron momentum kIdx = 2
The 47-th iteration is completed.	|| time cost : 0h 0m 9.087s
********************************************************************************************************************
Start the 48 rounds of NGS-ED iteration
	effective electronic model is modified as: kinetic energy t = 1.50138e-12, t' = -2.18632e-14
