SNEDics v3.22.2 Non-Gaussian ED ground state program		Start at Tue Jun 14 00:55:48 2022

Parallelization: 32 MPI threads  * 8 OpenMP threads = 256 total threads.
********************************************************************************************************************
********************************************************************************************************************

********************************************************************************************************************
System parameters and configurations
	special program options are enabled: splitted diagonal Hamiltonian | splitted Hamiltonian terms
********************************************************************************************************************
Read input file "model_params.in"
	Hubbard-Holstein model parameters : 	t = 1    U = 8    g = 0.75    W = 0.2    g' = 0.45    
********************************************************************************************************************
Read input file "hilbertspace_params.in"
	Requested 16-site 2D lattice, with 8 electrons (4, 4)
	Boundary : Periodic		Hilbert space representation : momentum-space (restricted to kIdx = 0)
	Conservation: particle number[U(1)]      spin[U(1)]     momentum
********************************************************************************************************************

Cluster Positions:				Cluster symmetry group : D4
 x ... x ... x ... x .....                       x ... x ... x ... x .....
 |           |           :                       |           |           :
 |           |           :                       |           |           :
12    13    14    15     x                       1     5     6     5     x
 |           |           :                       |           |           :
 |           |           :                       |           |           :
 8 --- 9 ---10 ---11 --- x                       2 --- 6 ---10 --- 6 --- x
 |           |           :                       |           |           :
 |           |           :                       |           |           :
 4     5     6     7     x                       1     5     6     5     x
 |           |           :                       |           |           :
 |           |           :                       |           |           :
 0 --- 1 --- 2 --- 3 --- x                       0 --- 1 --- 2 --- 1 --- x
orbital number : 1
********************************************************************************************************************
Read input file "obs_params.in"
	Observable Type : Nq(All),   Sq(All),   N(All-Orbital),   Delta[s](All),   Delta[d](All),   Delta[s+](All)
** WARNING ** the input observables have non-local factors which have been reinterpreted. The total observable number is 96
********************************************************************************************************************


********************************************************************************************************************
Start calculating the non-Gaussian ED ground state
Maximal iteration number is 1000; energy resolution is 1e-06. Phonon state relaxation time is 2000
W = 0.2 is relatively large. The non-Gaussian ED calculation starts directly.
open output files: NGSED_iteration_observables.txt
********************************************************************************************************************
Start the 0 rounds of NGS-ED iteration
	effective electronic model is modified as: kinetic energy t = 1
	                                           effective interaction Vq = [0,0,0,0,0,0,0,0,0,0,0,0,0,0,0,0]
	first Hamiltonian is constructed, size = 207184 and non-zero numbers = 32207050
	PARPACK diagonalization completed after 75 matrix-vector product operations.
	iteration results: : total energy is -16.460627 | electron energy -16.460627 + phonon energy 0.000000 | electron momentum kIdx = 0
	Nq(0) = 4,	Nq(1) = 0.217892,	Nq(2) = 0.275693,	Nq(3) = 0.217892,	Nq(4) = 0.217892,	Nq(5) = 0.260941,	
	Nq(6) = 0.370592,	Nq(7) = 0.260941,	Nq(8) = 0.275693,	Nq(9) = 0.370592,	Nq(10) = 0.4202,	
	Nq(11) = 0.370592,	Nq(12) = 0.217892,	Nq(13) = 0.260941,	Nq(14) = 0.370592,	Nq(15) = 0.260941;	
	Sq(0) = 2.57535e-18,	Sq(1) = 0.41044,	Sq(2) = 0.343979,	Sq(3) = 0.41044,	Sq(4) = 0.41044,	
	Sq(5) = 0.572101,	Sq(6) = 0.615629,	Sq(7) = 0.572101,	Sq(8) = 0.343979,	Sq(9) = 0.615629,	
	Sq(10) = 0.550078,	Sq(11) = 0.615629,	Sq(12) = 0.41044,	Sq(13) = 0.572101,	Sq(14) = 0.615629,	
	Sq(15) = 0.572101;	N(0) = 1.82882,	N(1) = 1.37933,	N(2) = 0.0780726,	N(3) = 1.37933,	
	N(4) = 1.37933,	N(5) = 0.0780398,	N(6) = 0.0412646,	N(7) = 0.0780398,	N(8) = 0.0780726,	
	N(9) = 0.0412646,	N(10) = 0.0205069,	N(11) = 0.0412646,	N(12) = 1.37933,	N(13) = 0.0780398,	
	N(14) = 0.0412646,	N(15) = 0.0780398;	Delta[s](0) = 0.0192948,	Delta[s](1) = 0.0148298,	Delta[s](2) = 0.0111732,	
	Delta[s](3) = 0.0148298,	Delta[s](4) = 0.0148298,	Delta[s](5) = 0.0111887,	Delta[s](6) = 0.00819116,	Delta[s](7) = 0.0111887,	
	Delta[s](8) = 0.0111732,	Delta[s](9) = 0.00819116,	Delta[s](10) = 0.0061622,	Delta[s](11) = 0.00819116,	Delta[s](12) = 0.0148298,	
	Delta[s](13) = 0.0111887,	Delta[s](14) = 0.00819116,	Delta[s](15) = 0.0111887;	Delta[d](0) = 0.130901,	Delta[d](1) = 0.0777012,	
	Delta[d](2) = 0.0821883,	Delta[d](3) = 0.0777012,	Delta[d](4) = 0.0777012,	Delta[d](5) = 0.0485466,	Delta[d](6) = 0.0411008,	
	Delta[d](7) = 0.0485466,	Delta[d](8) = 0.0821883,	Delta[d](9) = 0.0411008,	Delta[d](10) = 0.0243248,	Delta[d](11) = 0.0411008,	
	Delta[d](12) = 0.0777012,	Delta[d](13) = 0.0485466,	Delta[d](14) = 0.0411008,	Delta[d](15) = 0.0485466;	Delta[s+](0) = 0.273374,	
	Delta[s+](1) = 0.166777,	Delta[s+](2) = 0.0821883,	Delta[s+](3) = 0.166777,	Delta[s+](4) = 0.166777,	Delta[s+](5) = 0.0766323,	
	Delta[s+](6) = 0.0248664,	Delta[s+](7) = 0.0766323,	Delta[s+](8) = 0.0821883,	Delta[s+](9) = 0.0248664,	Delta[s+](10) = 0.00671467,	
	Delta[s+](11) = 0.0248664,	Delta[s+](12) = 0.166777,	Delta[s+](13) = 0.0766323,	Delta[s+](14) = 0.0248664,	Delta[s+](15) = 0.0766323
	
The 0-th iteration is completed.	|| time cost : 0h 0m 5.101s
********************************************************************************************************************
Start the 1 rounds of NGS-ED iteration
	effective electronic model is modified as: kinetic energy t = 0.753126
	                                           effective interaction Vq = [  -32.5125,  -11.4003, -0.645702,  -11.4003,  -11.4003, -0.562506,-0.0123444, -0.562506, -0.645702,-0.0123444,  -3.14299,-0.0123444,  -11.4003, -0.562506,-0.0123444, -0.562506]
	PARPACK diagonalization completed after 45 matrix-vector product operations.
	iteration results: : total energy is -189.529121 | electron energy -192.591140 + phonon energy 3.062020 | electron momentum kIdx = 0
The 1-th iteration is completed.	|| time cost : 0h 0m 3.077s
********************************************************************************************************************
Start the 2 rounds of NGS-ED iteration
	effective electronic model is modified as: kinetic energy t = 2.67308e-08
	                                           effective interaction Vq = [-32.5125,-13.6125, -2.8125,-13.6125,-13.6125, -2.8125, -0.1125, -2.8125, -2.8125, -0.1125, -5.5125, -0.1125,-13.6125, -2.8125, -0.1125, -2.8125]
	PARPACK diagonalization completed after 30 matrix-vector product operations.
	iteration results: : total energy is -218.200000 | electron energy -218.200000 + phonon energy 0.000000 | electron momentum kIdx = 0
The 2-th iteration is completed.	|| time cost : 0h 28m 33.011s
********************************************************************************************************************
Start the 3 rounds of NGS-ED iteration
	effective electronic model is modified as: kinetic energy t = 3.48092e-05
	                                           effective interaction Vq = [    -32.5125,    -13.6125,     -2.8125,    -13.6125,    -13.6125, -0.00469248,-1.94869e-06, -0.00469239,     -2.8125,-1.93579e-06,-9.46413e-05,-1.93579e-06,    -13.6125, -0.00469239,-1.94869e-06, -0.00469248]
	PARPACK diagonalization completed after 30 matrix-vector product operations.
	iteration results: : total energy is -218.200000 | electron energy -218.200000 + phonon energy 0.000000 | electron momentum kIdx = 0
The 3-th iteration is completed.	|| time cost : 0h 0m 1.989s
********************************************************************************************************************
Start the 4 rounds of NGS-ED iteration
	effective electronic model is modified as: kinetic energy t = 3.47866e-05
	                                           effective interaction Vq = [   -32.5125,   -13.6125,    -2.8125,   -13.6125,   -13.6125, -0.0534992,-0.00213997, -0.0534992,    -2.8125,-0.00213997,  -0.104859,-0.00213997,   -13.6125, -0.0534992,-0.00213997, -0.0534992]
	PARPACK diagonalization completed after 30 matrix-vector product operations.
	iteration results: : total energy is -218.200000 | electron energy -218.200000 + phonon energy 0.000000 | electron momentum kIdx = 0
The 4-th iteration is completed.	|| time cost : 0h 0m 1.929s
********************************************************************************************************************
Start the 5 rounds of NGS-ED iteration
	effective electronic model is modified as: kinetic energy t = 3.47865e-05
	                                           effective interaction Vq = [   -32.5125,   -13.6125,    -2.8125,   -13.6125,   -13.6125, -0.0535979,-0.00214392, -0.0535979,    -2.8125,-0.00214392,  -0.105052,-0.00214392,   -13.6125, -0.0535979,-0.00214392, -0.0535979]
	PARPACK diagonalization completed after 30 matrix-vector product operations.
	iteration results: : total energy is -218.200000 | electron energy -218.200000 + phonon energy 0.000000 | electron momentum kIdx = 0
The 5-th iteration is completed.	|| time cost : 0h 0m 1.917s
********************************************************************************************************************
Start the 6 rounds of NGS-ED iteration
	effective electronic model is modified as: kinetic energy t = 3.47865e-05
	                                           effective interaction Vq = [   -32.5125,   -13.6125,    -2.8125,   -13.6125,   -13.6125,  -0.053599,-0.00214393, -0.0535991,    -2.8125,-0.00214393,  -0.105053,-0.00214393,   -13.6125, -0.0535991,-0.00214393,  -0.053599]
	PARPACK diagonalization completed after 30 matrix-vector product operations.
	iteration results: : total energy is -218.200000 | electron energy -218.200000 + phonon energy 0.000000 | electron momentum kIdx = 0
The 6-th iteration is completed.	|| time cost : 0h 0m 1.922s
********************************************************************************************************************
Start the 7 rounds of NGS-ED iteration
	effective electronic model is modified as: kinetic energy t = 3.47865e-05
	                                           effective interaction Vq = [   -32.5125,   -13.6125,    -2.8125,   -13.6125,   -13.6125, -0.0535981,-0.00214392, -0.0535981,    -2.8125,-0.00214392,  -0.105052,-0.00214392,   -13.6125, -0.0535981,-0.00214392, -0.0535981]
	PARPACK diagonalization completed after 30 matrix-vector product operations.
	iteration results: : total energy is -218.200000 | electron energy -218.200000 + phonon energy 0.000000 | electron momentum kIdx = 0
The 7-th iteration is completed.	|| time cost : 0h 0m 1.91s
********************************************************************************************************************
Start the 8 rounds of NGS-ED iteration
	effective electronic model is modified as: kinetic energy t = 3.47865e-05
	                                           effective interaction Vq = [   -32.5125,   -13.6125,    -2.8125,   -13.6125,   -13.6125, -0.0535981,-0.00214392, -0.0535981,    -2.8125,-0.00214392,  -0.105052,-0.00214392,   -13.6125, -0.0535981,-0.00214392, -0.0535981]
	PARPACK diagonalization completed after 30 matrix-vector product operations.
	iteration results: : total energy is -218.200000 | electron energy -218.200000 + phonon energy 0.000000 | electron momentum kIdx = 0
	Nq(0) = 4,	Nq(1) = 2.27219,	Nq(2) = 2.27219,	Nq(3) = 2.27219,	Nq(4) = 1.72781,	Nq(5) = 5.65416e-12,	
	Nq(6) = 8.866e-12,	Nq(7) = 5.65416e-12,	Nq(8) = 1.72781,	Nq(9) = 8.09649e-12,	Nq(10) = 1.13083e-11,	
	Nq(11) = 8.09649e-12,	Nq(12) = 1.72781,	Nq(13) = 5.65416e-12,	Nq(14) = 8.866e-12,	Nq(15) = 5.65416e-12;	
	Sq(0) = -2.32086e-20,	Sq(1) = 3.21183e-12,	Sq(2) = 6.42367e-12,	Sq(3) = 3.21183e-12,	Sq(4) = 2.44233e-12,	
	Sq(5) = 5.65416e-12,	Sq(6) = 8.866e-12,	Sq(7) = 5.65416e-12,	Sq(8) = 4.88466e-12,	Sq(9) = 8.09649e-12,	
	Sq(10) = 1.13083e-11,	Sq(11) = 8.09649e-12,	Sq(12) = 2.44233e-12,	Sq(13) = 5.65416e-12,	Sq(14) = 8.866e-12,	
	Sq(15) = 5.65416e-12;	N(0) = 0.500003,	N(1) = 0.500001,	N(2) = 0.5,	N(3) = 0.500001,	
	N(4) = 0.500002,	N(5) = 0.5,	N(6) = 0.499998,	N(7) = 0.5,	N(8) = 0.5,	
	N(9) = 0.499999,	N(10) = 0.499997,	N(11) = 0.499999,	N(12) = 0.500002,	N(13) = 0.5,	
	N(14) = 0.499998,	N(15) = 0.5;	Delta[s](0) = 0.25,	Delta[s](1) = 0.25,	Delta[s](2) = 0.25,	
	Delta[s](3) = 0.25,	Delta[s](4) = 0.25,	Delta[s](5) = 0.25,	Delta[s](6) = 0.25,	Delta[s](7) = 0.25,	
	Delta[s](8) = 0.25,	Delta[s](9) = 0.25,	Delta[s](10) = 0.25,	Delta[s](11) = 0.25,	Delta[s](12) = 0.25,	
	Delta[s](13) = 0.25,	Delta[s](14) = 0.25,	Delta[s](15) = 0.25;	Delta[d](0) = 0.125,	Delta[d](1) = 0.125,	
	Delta[d](2) = 0.125,	Delta[d](3) = 0.125,	Delta[d](4) = 0.125,	Delta[d](5) = 0.125,	Delta[d](6) = 0.125,	
	Delta[d](7) = 0.125,	Delta[d](8) = 0.125,	Delta[d](9) = 0.125,	Delta[d](10) = 0.125,	Delta[d](11) = 0.125,	
	Delta[d](12) = 0.125,	Delta[d](13) = 0.125,	Delta[d](14) = 0.125,	Delta[d](15) = 0.125;	Delta[s+](0) = 0.125,	
	Delta[s+](1) = 0.125,	Delta[s+](2) = 0.125,	Delta[s+](3) = 0.125,	Delta[s+](4) = 0.125,	Delta[s+](5) = 0.125,	
	Delta[s+](6) = 0.125,	Delta[s+](7) = 0.125,	Delta[s+](8) = 0.125,	Delta[s+](9) = 0.125,	Delta[s+](10) = 0.125,	
	Delta[s+](11) = 0.125,	Delta[s+](12) = 0.125,	Delta[s+](13) = 0.125,	Delta[s+](14) = 0.125,	Delta[s+](15) = 0.125
	
The 8-th iteration is completed.	|| time cost : 0h 0m 4.114s
********************************************************************************************************************
********************************************************************************************************************
Ground state is obtained after 9 iterations. The current ground-state energy is -218.2, in which electron energy is -218.2 and phonon energy is 3.33067e-16
Final variational state is: 
	Gamma_x = [1,1,1,1,1,1,1,1,1,1,1,1,1,1,1,1]
	lambda_q = [      12.75,       8.25,       3.75,       8.25,       8.25,  0.0359039,-0.00718079,  0.0359039,       3.75,-0.00718079, -0.0502655,-0.00718079,       8.25,  0.0359039,-0.00718079,  0.0359039]
Effective e-e interactions mediated by phonons are:
	momentum-space Vq = [   -32.5125,   -13.6125,    -2.8125,   -13.6125,   -13.6125, -0.0535981,-0.00214392, -0.0535981,    -2.8125,-0.00214392,  -0.105052,-0.00214392,   -13.6125, -0.0535981,-0.00214392, -0.0535981]
	real-space Vr = [ -5.80722, -3.72676, -2.37676, -3.72676, -3.72676, -1.68703,-0.324171, -1.68703, -2.37676,-0.324171,   1.0001,-0.324171, -3.72676, -1.68703,-0.324171, -1.68703]
********************************************************************************************************************
o___o  ----------------------------------------
| L |	Time since last clock: 0h 0m 0.008s
A===A	Time since the beginning: 0h 28m 54.982s
***********************************************


Non-Gaussina ED ground state calculation is completed. The final ground-state energy is -218.2
********************************************************************************************************************
o___o  ----------------------------------------
| L |	Time since last clock: 0h 0m 0.002s
A===A	Time since the beginning: 0h 28m 54.985s
***********************************************



********************************************************************************************************************
All non-Gaussian ED ground state calculations have been completed. Exit now.
