SNEDics v3.22.2 Non-Gaussian ED ground state program		Start at Wed Jun  8 03:46:01 2022

Parallelization: 32 MPI threads  * 8 OpenMP threads = 256 total threads.
********************************************************************************************************************
********************************************************************************************************************

********************************************************************************************************************
System parameters and configurations
	special program options are enabled: splitted diagonal Hamiltonian | splitted Hamiltonian terms
********************************************************************************************************************
Read input file "model_params.in"
	Hubbard-Holstein model parameters : 	t = 1    t' = -0.3    U = 8    g = 0.65    W = 0.2    g' = 0.1    
********************************************************************************************************************
Read input file "hilbertspace_params.in"
	Requested 16-site 2D lattice, with 12 electrons (6, 6)
	Boundary : Periodic		Hilbert space representation : momentum-space (restricted to kIdx = 0)
	Conservation: particle number[U(1)]      spin[U(1)]     momentum
********************************************************************************************************************

Cluster Positions:				Cluster symmetry group : D4
 x ... x ... x ... x .....                       x ... x ... x ... x .....
 |           |           :                       |           |           :
 |           |           :                       |           |           :
12    13    14    15     x                       1     5     6     5     x
 |           |           :                       |           |           :
 |           |           :                       |           |           :
 8 --- 9 ---10 ---11 --- x                       2 --- 6 ---10 --- 6 --- x
 |           |           :                       |           |           :
 |           |           :                       |           |           :
 4     5     6     7     x                       1     5     6     5     x
 |           |           :                       |           |           :
 |           |           :                       |           |           :
 0 --- 1 --- 2 --- 3 --- x                       0 --- 1 --- 2 --- 1 --- x
orbital number : 1
********************************************************************************************************************
Read input file "obs_params.in"
	Observable Type : Nq(All),   Sq(All),   N(All-Orbital),   Delta[s](All),   Delta[d](All),   Delta[s+](All)
** WARNING ** the input observables have non-local factors which have been reinterpreted. The total observable number is 96
********************************************************************************************************************


********************************************************************************************************************
Start calculating the non-Gaussian ED ground state
Maximal iteration number is 1000; energy resolution is 1e-06. Phonon state relaxation time is 2000
W = 0.2 is relatively large. The non-Gaussian ED calculation starts directly.
open output files: NGSED_iteration_observables.txt
********************************************************************************************************************
Start the 0 rounds of NGS-ED iteration
	effective electronic model is modified as: kinetic energy t = 1, t' = -0.3
	                                           effective interaction Vq = [0,0,0,0,0,0,0,0,0,0,0,0,0,0,0,0]
	first Hamiltonian is constructed, size = 4008592 and non-zero numbers = 969952250
	PARPACK diagonalization completed after 135 matrix-vector product operations.
	iteration results: : total energy is -15.091341 | electron energy -15.091341 + phonon energy 0.000000 | electron momentum kIdx = 0
	Nq(0) = 9,	Nq(1) = 0.182775,	Nq(2) = 0.248843,	Nq(3) = 0.182775,	Nq(4) = 0.182775,	Nq(5) = 0.263236,	
	Nq(6) = 0.307436,	Nq(7) = 0.263236,	Nq(8) = 0.248843,	Nq(9) = 0.307436,	Nq(10) = 0.356784,	
	Nq(11) = 0.307436,	Nq(12) = 0.182775,	Nq(13) = 0.263236,	Nq(14) = 0.307436,	Nq(15) = 0.263236;	
	Sq(0) = 2.57275e-18,	Sq(1) = 0.523525,	Sq(2) = 0.451304,	Sq(3) = 0.523525,	Sq(4) = 0.523525,	
	Sq(5) = 0.707557,	Sq(6) = 1.00669,	Sq(7) = 0.707557,	Sq(8) = 0.451304,	Sq(9) = 1.00669,	
	Sq(10) = 1.27807,	Sq(11) = 1.00669,	Sq(12) = 0.523525,	Sq(13) = 0.707557,	Sq(14) = 1.00669,	
	Sq(15) = 0.707557;	N(0) = 1.72657,	N(1) = 1.59708,	N(2) = 1.0703,	N(3) = 1.59708,	
	N(4) = 1.59708,	N(5) = 0.264255,	N(6) = 0.153085,	N(7) = 0.264255,	N(8) = 1.0703,	
	N(9) = 0.153085,	N(10) = 0.0751403,	N(11) = 0.153085,	N(12) = 1.59708,	N(13) = 0.264255,	
	N(14) = 0.153085,	N(15) = 0.264255;	Delta[s](0) = 0.0590872,	Delta[s](1) = 0.0401946,	Delta[s](2) = 0.0325013,	
	Delta[s](3) = 0.0401946,	Delta[s](4) = 0.0401946,	Delta[s](5) = 0.0232541,	Delta[s](6) = 0.0131843,	Delta[s](7) = 0.0232541,	
	Delta[s](8) = 0.0325013,	Delta[s](9) = 0.0131843,	Delta[s](10) = 0.0035061,	Delta[s](11) = 0.0131843,	Delta[s](12) = 0.0401946,	
	Delta[s](13) = 0.0232541,	Delta[s](14) = 0.0131843,	Delta[s](15) = 0.0232541;	Delta[d](0) = 0.51554,	Delta[d](1) = 0.256197,	
	Delta[d](2) = 0.261724,	Delta[d](3) = 0.256197,	Delta[d](4) = 0.256197,	Delta[d](5) = 0.14311,	Delta[d](6) = 0.15851,	
	Delta[d](7) = 0.14311,	Delta[d](8) = 0.261724,	Delta[d](9) = 0.15851,	Delta[d](10) = 0.111945,	Delta[d](11) = 0.15851,	
	Delta[d](12) = 0.256197,	Delta[d](13) = 0.14311,	Delta[d](14) = 0.15851,	Delta[d](15) = 0.14311;	Delta[s+](0) = 0.508081,	
	Delta[s+](1) = 0.350276,	Delta[s+](2) = 0.261724,	Delta[s+](3) = 0.350276,	Delta[s+](4) = 0.350276,	Delta[s+](5) = 0.155739,	
	Delta[s+](6) = 0.0674975,	Delta[s+](7) = 0.155739,	Delta[s+](8) = 0.261724,	Delta[s+](9) = 0.0674975,	Delta[s+](10) = 0.0147489,	
	Delta[s+](11) = 0.0674975,	Delta[s+](12) = 0.350276,	Delta[s+](13) = 0.155739,	Delta[s+](14) = 0.0674975,	Delta[s+](15) = 0.155739
	
The 0-th iteration is completed.	|| time cost : 0h 2m 2.436s
********************************************************************************************************************
Start the 1 rounds of NGS-ED iteration
	effective electronic model is modified as: kinetic energy t = 0.974888, t' = -0.288211
	                                           effective interaction Vq = [   -5.5125, -0.687414, -0.217794, -0.687414, -0.687414, -0.243837,-0.0783174, -0.243837, -0.217794,-0.0783174,-0.0198696,-0.0783174, -0.687414, -0.243837,-0.0783174, -0.243837]
	PARPACK diagonalization completed after 60 matrix-vector product operations.
	iteration results: : total energy is -65.126483 | electron energy -65.220528 + phonon energy 0.094045 | electron momentum kIdx = 0
The 1-th iteration is completed.	|| time cost : 0h 1m 19.943s
********************************************************************************************************************
Start the 2 rounds of NGS-ED iteration
	effective electronic model is modified as: kinetic energy t = 0.971831, t' = -0.286414
	                                           effective interaction Vq = [   -5.5125, -0.808595, -0.213788, -0.808595, -0.808595,  -0.24757,-0.0770009,  -0.24757, -0.213788,-0.0770009,-0.0194682,-0.0770009, -0.808595,  -0.24757,-0.0770009,  -0.24757]
	PARPACK diagonalization completed after 45 matrix-vector product operations.
	iteration results: : total energy is -65.130331 | electron energy -65.258507 + phonon energy 0.128176 | electron momentum kIdx = 0
The 2-th iteration is completed.	|| time cost : 0h 0m 11.489s
********************************************************************************************************************
Start the 3 rounds of NGS-ED iteration
	effective electronic model is modified as: kinetic energy t = 0.971045, t' = -0.28594
	                                           effective interaction Vq = [   -5.5125,  -0.84143, -0.212251,  -0.84143,  -0.84143, -0.247106,-0.0768123, -0.247106, -0.212251,-0.0768123, -0.019428,-0.0768123,  -0.84143, -0.247106,-0.0768123, -0.247106]
	PARPACK diagonalization completed after 45 matrix-vector product operations.
	iteration results: : total energy is -65.130596 | electron energy -65.268287 + phonon energy 0.137691 | electron momentum kIdx = 0
The 3-th iteration is completed.	|| time cost : 0h 0m 11.489s
********************************************************************************************************************
Start the 4 rounds of NGS-ED iteration
	effective electronic model is modified as: kinetic energy t = 0.970817, t' = -0.285802
	                                           effective interaction Vq = [   -5.5125,  -0.85095, -0.211837,  -0.85095,  -0.85095, -0.246923,-0.0767676, -0.246923, -0.211837,-0.0767676,-0.0194181,-0.0767676,  -0.85095, -0.246923,-0.0767676, -0.246923]
	PARPACK diagonalization completed after 45 matrix-vector product operations.
	iteration results: : total energy is -65.130618 | electron energy -65.271120 + phonon energy 0.140502 | electron momentum kIdx = 0
The 4-th iteration is completed.	|| time cost : 0h 0m 11.527s
********************************************************************************************************************
Start the 5 rounds of NGS-ED iteration
	effective electronic model is modified as: kinetic energy t = 0.97075, t' = -0.285762
	                                           effective interaction Vq = [   -5.5125, -0.853756, -0.211719, -0.853756, -0.853756, -0.246868,-0.0767548, -0.246868, -0.211719,-0.0767548,-0.0194152,-0.0767548, -0.853756, -0.246868,-0.0767548, -0.246868]
	PARPACK diagonalization completed after 45 matrix-vector product operations.
	iteration results: : total energy is -65.130620 | electron energy -65.271956 + phonon energy 0.141336 | electron momentum kIdx = 0
The 5-th iteration is completed.	|| time cost : 0h 0m 11.521s
********************************************************************************************************************
Start the 6 rounds of NGS-ED iteration
	effective electronic model is modified as: kinetic energy t = 0.97073, t' = -0.28575
	                                           effective interaction Vq = [   -5.5125, -0.854586, -0.211685, -0.854586, -0.854586, -0.246852, -0.076751, -0.246852, -0.211685, -0.076751,-0.0194143, -0.076751, -0.854586, -0.246852, -0.076751, -0.246852]
	PARPACK diagonalization completed after 45 matrix-vector product operations.
	iteration results: : total energy is -65.130620 | electron energy -65.272203 + phonon energy 0.141583 | electron momentum kIdx = 0
The 6-th iteration is completed.	|| time cost : 0h 0m 11.51s
********************************************************************************************************************
Start the 7 rounds of NGS-ED iteration
	effective electronic model is modified as: kinetic energy t = 0.970724, t' = -0.285746
	                                           effective interaction Vq = [   -5.5125, -0.854833, -0.211674, -0.854833, -0.854833, -0.246847,-0.0767499, -0.246847, -0.211674,-0.0767499,-0.0194141,-0.0767499, -0.854833, -0.246847,-0.0767499, -0.246847]
	PARPACK diagonalization completed after 30 matrix-vector product operations.
	iteration results: : total energy is -65.130620 | electron energy -65.272277 + phonon energy 0.141657 | electron momentum kIdx = 0
The 7-th iteration is completed.	|| time cost : 0h 0m 9.468s
********************************************************************************************************************
Start the 8 rounds of NGS-ED iteration
	effective electronic model is modified as: kinetic energy t = 0.970722, t' = -0.285745
	                                           effective interaction Vq = [   -5.5125, -0.854906, -0.211671, -0.854906, -0.854906, -0.246845,-0.0767496, -0.246845, -0.211671,-0.0767496, -0.019414,-0.0767496, -0.854906, -0.246845,-0.0767496, -0.246845]
	PARPACK diagonalization completed after 30 matrix-vector product operations.
	iteration results: : total energy is -65.130620 | electron energy -65.272299 + phonon energy 0.141678 | electron momentum kIdx = 0
The 8-th iteration is completed.	|| time cost : 0h 0m 9.547s
********************************************************************************************************************
Start the 9 rounds of NGS-ED iteration
	effective electronic model is modified as: kinetic energy t = 0.970721, t' = -0.285745
	                                           effective interaction Vq = [   -5.5125, -0.854927, -0.211671, -0.854927, -0.854927, -0.246845,-0.0767495, -0.246845, -0.211671,-0.0767495, -0.019414,-0.0767495, -0.854927, -0.246845,-0.0767495, -0.246845]
	PARPACK diagonalization completed after 30 matrix-vector product operations.
	iteration results: : total energy is -65.130620 | electron energy -65.272305 + phonon energy 0.141685 | electron momentum kIdx = 0
The 9-th iteration is completed.	|| time cost : 0h 0m 9.541s
********************************************************************************************************************
Start the 10 rounds of NGS-ED iteration
	effective electronic model is modified as: kinetic energy t = 0.970721, t' = -0.285745
	                                           effective interaction Vq = [   -5.5125, -0.854934,  -0.21167, -0.854934, -0.854934, -0.246845,-0.0767495, -0.246845,  -0.21167,-0.0767495, -0.019414,-0.0767495, -0.854934, -0.246845,-0.0767495, -0.246845]
	PARPACK diagonalization completed after 30 matrix-vector product operations.
	iteration results: : total energy is -65.130620 | electron energy -65.272307 + phonon energy 0.141687 | electron momentum kIdx = 0
The 10-th iteration is completed.	|| time cost : 0h 0m 9.541s
********************************************************************************************************************
Start the 11 rounds of NGS-ED iteration
	effective electronic model is modified as: kinetic energy t = 0.970721, t' = -0.285745
	                                           effective interaction Vq = [   -5.5125, -0.854936,  -0.21167, -0.854936, -0.854936, -0.246845,-0.0767495, -0.246845,  -0.21167,-0.0767495, -0.019414,-0.0767495, -0.854936, -0.246845,-0.0767495, -0.246845]
	PARPACK diagonalization completed after 30 matrix-vector product operations.
	iteration results: : total energy is -65.130620 | electron energy -65.272308 + phonon energy 0.141687 | electron momentum kIdx = 0
The 11-th iteration is completed.	|| time cost : 0h 0m 9.536s
********************************************************************************************************************
Start the 12 rounds of NGS-ED iteration
	effective electronic model is modified as: kinetic energy t = 0.970721, t' = -0.285745
	                                           effective interaction Vq = [   -5.5125, -0.854936,  -0.21167, -0.854936, -0.854936, -0.246845,-0.0767495, -0.246845,  -0.21167,-0.0767495, -0.019414,-0.0767495, -0.854936, -0.246845,-0.0767495, -0.246845]
	PARPACK diagonalization completed after 30 matrix-vector product operations.
	iteration results: : total energy is -65.130620 | electron energy -65.272308 + phonon energy 0.141688 | electron momentum kIdx = 0
The 12-th iteration is completed.	|| time cost : 0h 0m 9.56s
********************************************************************************************************************
Start the 13 rounds of NGS-ED iteration
	effective electronic model is modified as: kinetic energy t = 0.970721, t' = -0.285745
	                                           effective interaction Vq = [   -5.5125, -0.854936,  -0.21167, -0.854936, -0.854936, -0.246845,-0.0767495, -0.246845,  -0.21167,-0.0767495, -0.019414,-0.0767495, -0.854936, -0.246845,-0.0767495, -0.246845]
	PARPACK diagonalization completed after 30 matrix-vector product operations.
	iteration results: : total energy is -65.130620 | electron energy -65.272308 + phonon energy 0.141688 | electron momentum kIdx = 0
	Nq(0) = 9,	Nq(1) = 0.201272,	Nq(2) = 0.245065,	Nq(3) = 0.201272,	Nq(4) = 0.201272,	Nq(5) = 0.266944,	
	Nq(6) = 0.304767,	Nq(7) = 0.266944,	Nq(8) = 0.245065,	Nq(9) = 0.304767,	Nq(10) = 0.352759,	
	Nq(11) = 0.304767,	Nq(12) = 0.201272,	Nq(13) = 0.266944,	Nq(14) = 0.304767,	Nq(15) = 0.266944;	
	Sq(0) = -3.57992e-19,	Sq(1) = 0.521354,	Sq(2) = 0.45441,	Sq(3) = 0.521354,	Sq(4) = 0.521354,	
	Sq(5) = 0.689783,	Sq(6) = 0.99635,	Sq(7) = 0.689783,	Sq(8) = 0.45441,	Sq(9) = 0.99635,	
	Sq(10) = 1.32641,	Sq(11) = 0.99635,	Sq(12) = 0.521354,	Sq(13) = 0.689783,	Sq(14) = 0.99635,	
	Sq(15) = 0.689783;	N(0) = 1.73985,	N(1) = 1.62706,	N(2) = 1.05408,	N(3) = 1.62706,	
	N(4) = 1.62706,	N(5) = 0.240342,	N(6) = 0.150801,	N(7) = 0.240342,	N(8) = 1.05408,	
	N(9) = 0.150801,	N(10) = 0.0791632,	N(11) = 0.150801,	N(12) = 1.62706,	N(13) = 0.240342,	
	N(14) = 0.150801,	N(15) = 0.240342;	Delta[s](0) = 0.0629761,	Delta[s](1) = 0.0431288,	Delta[s](2) = 0.0350733,	
	Delta[s](3) = 0.0431288,	Delta[s](4) = 0.0431288,	Delta[s](5) = 0.0254444,	Delta[s](6) = 0.0140627,	Delta[s](7) = 0.0254444,	
	Delta[s](8) = 0.0350733,	Delta[s](9) = 0.0140627,	Delta[s](10) = 0.00374423,	Delta[s](11) = 0.0140627,	Delta[s](12) = 0.0431288,	
	Delta[s](13) = 0.0254444,	Delta[s](14) = 0.0140627,	Delta[s](15) = 0.0254444;	Delta[d](0) = 0.523655,	Delta[d](1) = 0.257978,	
	Delta[d](2) = 0.264546,	Delta[d](3) = 0.257978,	Delta[d](4) = 0.257978,	Delta[d](5) = 0.143904,	Delta[d](6) = 0.15726,	
	Delta[d](7) = 0.143904,	Delta[d](8) = 0.264546,	Delta[d](9) = 0.15726,	Delta[d](10) = 0.103999,	Delta[d](11) = 0.15726,	
	Delta[d](12) = 0.257978,	Delta[d](13) = 0.143904,	Delta[d](14) = 0.15726,	Delta[d](15) = 0.143904;	Delta[s+](0) = 0.518523,	
	Delta[s+](1) = 0.356599,	Delta[s+](2) = 0.264546,	Delta[s+](3) = 0.356599,	Delta[s+](4) = 0.356599,	Delta[s+](5) = 0.157813,	
	Delta[s+](6) = 0.0673371,	Delta[s+](7) = 0.157813,	Delta[s+](8) = 0.264546,	Delta[s+](9) = 0.0673371,	Delta[s+](10) = 0.0154422,	
	Delta[s+](11) = 0.0673371,	Delta[s+](12) = 0.356599,	Delta[s+](13) = 0.157813,	Delta[s+](14) = 0.0673371,	Delta[s+](15) = 0.157813
	
The 13-th iteration is completed.	|| time cost : 0h 1m 19.573s
********************************************************************************************************************
********************************************************************************************************************
Ground state is obtained after 14 iterations. The current ground-state energy is -65.1306, in which electron energy is -65.2723 and phonon energy is 0.141688
Final variational state is: 
	Gamma_x = [      1,2.08449,1.28391,2.08449,2.08449,1.36896, 1.1212,1.36896,1.28391, 1.1212,1.03426, 1.1212,2.08449,1.36896, 1.1212,1.36896]
	lambda_q = [     5.25, 0.536805,  0.16712, 0.536805, 0.536805, 0.195777,0.0869575, 0.195777,  0.16712,0.0869575,0.0394505,0.0869575, 0.536805, 0.195777,0.0869575, 0.195777]
Effective e-e interactions mediated by phonons are:
	momentum-space Vq = [   -5.5125, -0.854936,  -0.21167, -0.854936, -0.854936, -0.246845,-0.0767495, -0.246845,  -0.21167,-0.0767495, -0.019414,-0.0767495, -0.854936, -0.246845,-0.0767495, -0.246845]
	real-space Vr = [-0.666836,-0.440591,-0.310492,-0.440591,-0.440591,-0.319286,-0.246045,-0.319286,-0.310492,-0.246045,-0.200993,-0.246045,-0.440591,-0.319286,-0.246045,-0.319286]
********************************************************************************************************************
o___o  ----------------------------------------
| L |	Time since last clock: 0h 0m 0.011s
A===A	Time since the beginning: 0h 6m 36.7s
***********************************************


Non-Gaussina ED ground state calculation is completed. The final ground-state energy is -65.1306
********************************************************************************************************************
o___o  ----------------------------------------
| L |	Time since last clock: 0h 0m 0.003s
A===A	Time since the beginning: 0h 6m 36.703s
***********************************************



********************************************************************************************************************
All non-Gaussian ED ground state calculations have been completed. Exit now.
