TACC:  Starting up job 1741875 
TACC:  Starting parallel tasks... 
SNEDics v3.4 Non-Gaussian ED ground state program		Start at Fri Oct  9 18:17:03 2020

parallized on 16 MPI threads  * 7 OpenMP threads = 112 total threads.
********************************************************************************************************************
********************************************************************************************************************

********************************************************************************************************************
System parameters and configurations
********************************************************************************************************************
Special program options are enabled: splitted diagonal Hamiltonian
********************************************************************************************************************
Read input file "model_params.in"
	Hubbard-Holstein model parameters : 	t = 1    U = 8    g = 0.3    W = 0.2    g' = 0.06    
********************************************************************************************************************
Read input file "hilbertspace_params.in"
	Requested 16-site 2D lattice, with 12 electrons (6, 6)
	Boundary : Periodic		Hilbert space representation : momentum-space (restricted to kIdx = 0)
	Conservation: particle number[U(1)]      spin[U(1)]     momentum
********************************************************************************************************************

Cluster Positions:				Cluster symmetry group : D4
 x ... x ... x ... x .....                       x ... x ... x ... x .....
 |           |           :                       |           |           :
 |           |           :                       |           |           :
12    13    14    15     x                       1     5     6     5     x
 |           |           :                       |           |           :
 |           |           :                       |           |           :
 8 --- 9 ---10 ---11 --- x                       2 --- 6 ---10 --- 6 --- x
 |           |           :                       |           |           :
 |           |           :                       |           |           :
 4     5     6     7     x                       1     5     6     5     x
 |           |           :                       |           |           :
 |           |           :                       |           |           :
 0 --- 1 --- 2 --- 3 --- x                       0 --- 1 --- 2 --- 1 --- x
orbital number : 1
********************************************************************************************************************
Read input file "obs_params.in"
	Observable Type : Nq(All),   Sq(All),   N(All),   Delta[s](All),   Delta[d](All),   Delta[s+](All)
********************************************************************************************************************
** WARNING ** the input observables have non-local factors which have been reinterpreted. The total observable number is 96
********************************************************************************************************************


********************************************************************************************************************
Start calculating the non-Gaussian ED ground state
** WARNING ** Detected low phonon energy W < 10. The initial state will be prepared through a warm-up process.
********************************************************************************************************************
Start warm-up calculation for scaling factor 64
open output files: NGSEDWarmUpW12.8Obs.txt
********************************************************************************************************************
Start the 0 rounds of NGS-ED iteration
	effective electronic model is modified as: kinetic energy t = 1
	                                           effective interaction Vq = [0,0,0,0,0,0,0,0,0,0,0,0,0,0,0,0]
	first Hamiltonian is constructed, non-zero numbers = 969134044
	PARPACK diagonalization completed after 165 matrix-vector product operations.
	iteration results: : total energy is -14.925310 | electron energy -14.925310 + phonon energy 0.000000 | electron momentum kIdx = 0
	Nq(0) = 9,	Nq(1) = 0.191675,	Nq(2) = 0.266183,	Nq(3) = 0.191675,	Nq(4) = 0.191675,	Nq(5) = 0.245517,	Nq(6) = 0.314107,	Nq(7) = 0.245517,	Nq(8) = 0.266183,	Nq(9) = 0.314107,	Nq(10) = 0.369338,	Nq(11) = 0.314107,	Nq(12) = 0.191675,	Nq(13) = 0.245517,	Nq(14) = 0.314107,	Nq(15) = 0.245517,	Sq(0) = 2.48391e-18,	Sq(1) = 0.554662,	Sq(2) = 0.424361,	Sq(3) = 0.554662,	Sq(4) = 0.554662,	Sq(5) = 0.79749,	Sq(6) = 1.01287,	Sq(7) = 0.79749,	Sq(8) = 0.424361,	Sq(9) = 1.01287,	Sq(10) = 0.784303,	Sq(11) = 1.01287,	Sq(12) = 0.554662,	Sq(13) = 0.79749,	Sq(14) = 1.01287,	Sq(15) = 0.79749,	N(0) = 1.76735,	N(1) = 1.6264,	N(2) = 0.74365,	N(3) = 1.6264,	N(4) = 1.6264,	N(5) = 0.392302,	N(6) = 0.144321,	N(7) = 0.392302,	N(8) = 0.74365,	N(9) = 0.144321,	N(10) = 0.0932732,	N(11) = 0.144321,	N(12) = 1.6264,	N(13) = 0.392302,	N(14) = 0.144321,	N(15) = 0.392302,	Delta[s](0) = 0.064314,	Delta[s](1) = 0.0447666,	Delta[s](2) = 0.0302864,	Delta[s](3) = 0.0447666,	Delta[s](4) = 0.0447666,	Delta[s](5) = 0.0271559,	Delta[s](6) = 0.00996867,	Delta[s](7) = 0.0271559,	Delta[s](8) = 0.0302864,	Delta[s](9) = 0.00996867,	Delta[s](10) = 0.000998856,	Delta[s](11) = 0.00996867,	Delta[s](12) = 0.0447666,	Delta[s](13) = 0.0271559,	Delta[s](14) = 0.00996867,	Delta[s](15) = 0.0271559,	Delta[d](0) = 0.23422,	Delta[d](1) = 0.184637,	Delta[d](2) = 0.227316,	Delta[d](3) = 0.184637,	Delta[d](4) = 0.184637,	Delta[d](5) = 0.126934,	Delta[d](6) = 0.154422,	Delta[d](7) = 0.126934,	Delta[d](8) = 0.227316,	Delta[d](9) = 0.154422,	Delta[d](10) = 0.081004,	Delta[d](11) = 0.154422,	Delta[d](12) = 0.184637,	Delta[d](13) = 0.126934,	Delta[d](14) = 0.154422,	Delta[d](15) = 0.126934,	Delta[s+](0) = 0.539838,	Delta[s+](1) = 0.368426,	Delta[s+](2) = 0.227316,	Delta[s+](3) = 0.368426,	Delta[s+](4) = 0.368426,	Delta[s+](5) = 0.181743,	Delta[s+](6) = 0.0654637,	Delta[s+](7) = 0.181743,	Delta[s+](8) = 0.227316,	Delta[s+](9) = 0.0654637,	Delta[s+](10) = 0.0170533,	Delta[s+](11) = 0.0654637,	Delta[s+](12) = 0.368426,	Delta[s+](13) = 0.181743,	Delta[s+](14) = 0.0654637,	Delta[s+](15) = 0.181743
The 0-th iteration is completed.	|| time cost : 0h 2m 53.678s
********************************************************************************************************************
Start the 1 rounds of NGS-ED iteration
	effective electronic model is modified as: kinetic energy t = 0.989939
	                                           effective interaction Vq = [ -1.34529, -0.76985,-0.382543, -0.76985, -0.76985,-0.379715,-0.134426,-0.379715,-0.382543,-0.134426,-0.014707,-0.134426, -0.76985,-0.379715,-0.134426,-0.379715]
	PARPACK diagonalization completed after 45 matrix-vector product operations.
	iteration results: : total energy is -28.218657 | electron energy -28.218742 + phonon energy 0.000085 | electron momentum kIdx = 0
The 1-th iteration is completed.	|| time cost : 0h 2m 18.593s
********************************************************************************************************************
Start the 2 rounds of NGS-ED iteration
	effective electronic model is modified as: kinetic energy t = 0.98582
	                                           effective interaction Vq = [  -1.44929, -0.840917, -0.415789, -0.840917, -0.840917, -0.412633, -0.145369, -0.412633, -0.415789, -0.145369,-0.0158458, -0.145369, -0.840917, -0.412633, -0.145369, -0.412633]
	PARPACK diagonalization completed after 45 matrix-vector product operations.
	iteration results: : total energy is -29.201533 | electron energy -29.201882 + phonon energy 0.000349 | electron momentum kIdx = 0
The 2-th iteration is completed.	|| time cost : 0h 0m 10.259s
********************************************************************************************************************
Start the 3 rounds of NGS-ED iteration
	effective electronic model is modified as: kinetic energy t = 0.984949
	                                           effective interaction Vq = [ -1.45733,-0.851751,-0.420668,-0.851751,-0.851751,-0.417421,-0.146852,-0.417421,-0.420668,-0.146852, -0.01599,-0.146852,-0.851751,-0.417421,-0.146852,-0.417421]
	PARPACK diagonalization completed after 30 matrix-vector product operations.
	iteration results: : total energy is -29.275801 | electron energy -29.276266 + phonon energy 0.000465 | electron momentum kIdx = 0
The 3-th iteration is completed.	|| time cost : 0h 0m 9.185s
********************************************************************************************************************
Start the 4 rounds of NGS-ED iteration
	effective electronic model is modified as: kinetic energy t = 0.984776
	                                           effective interaction Vq = [  -1.45795, -0.853878, -0.421523, -0.853878, -0.853878, -0.418243, -0.147081, -0.418243, -0.421523, -0.147081,-0.0160104, -0.147081, -0.853878, -0.418243, -0.147081, -0.418243]
	PARPACK diagonalization completed after 30 matrix-vector product operations.
	iteration results: : total energy is -29.281474 | electron energy -29.281969 + phonon energy 0.000494 | electron momentum kIdx = 0
The 4-th iteration is completed.	|| time cost : 0h 0m 9.177s
********************************************************************************************************************
Start the 5 rounds of NGS-ED iteration
	effective electronic model is modified as: kinetic energy t = 0.984742
	                                           effective interaction Vq = [    -1.458, -0.854327, -0.421679, -0.854327, -0.854327, -0.418389, -0.147118, -0.418389, -0.421679, -0.147118,-0.0160134, -0.147118, -0.854327, -0.418389, -0.147118, -0.418389]
	PARPACK diagonalization completed after 30 matrix-vector product operations.
	iteration results: : total energy is -29.281910 | electron energy -29.282411 + phonon energy 0.000500 | electron momentum kIdx = 0
The 5-th iteration is completed.	|| time cost : 0h 0m 9.17s
********************************************************************************************************************
Start the 6 rounds of NGS-ED iteration
	effective electronic model is modified as: kinetic energy t = 0.984735
	                                           effective interaction Vq = [    -1.458, -0.854424, -0.421708, -0.854424, -0.854424, -0.418415, -0.147124, -0.418415, -0.421708, -0.147124,-0.0160138, -0.147124, -0.854424, -0.418415, -0.147124, -0.418415]
	PARPACK diagonalization completed after 30 matrix-vector product operations.
	iteration results: : total energy is -29.281944 | electron energy -29.282446 + phonon energy 0.000502 | electron momentum kIdx = 0
	Nq(0) = 9,	Nq(1) = 0.211634,	Nq(2) = 0.271741,	Nq(3) = 0.211634,	Nq(4) = 0.211634,	Nq(5) = 0.252344,	Nq(6) = 0.314302,	Nq(7) = 0.252344,	Nq(8) = 0.271741,	Nq(9) = 0.314302,	Nq(10) = 0.366833,	Nq(11) = 0.314302,	Nq(12) = 0.211634,	Nq(13) = 0.252344,	Nq(14) = 0.314302,	Nq(15) = 0.252344,	Sq(0) = 8.24744e-19,	Sq(1) = 0.543753,	Sq(2) = 0.425781,	Sq(3) = 0.543753,	Sq(4) = 0.543753,	Sq(5) = 0.786076,	Sq(6) = 1.00198,	Sq(7) = 0.786076,	Sq(8) = 0.425781,	Sq(9) = 1.00198,	Sq(10) = 0.797746,	Sq(11) = 1.00198,	Sq(12) = 0.543753,	Sq(13) = 0.786076,	Sq(14) = 1.00198,	Sq(15) = 0.786076,	N(0) = 1.79013,	N(1) = 1.65954,	N(2) = 0.733043,	N(3) = 1.65954,	N(4) = 1.65954,	N(5) = 0.367336,	N(6) = 0.13581,	N(7) = 0.367336,	N(8) = 0.733043,	N(9) = 0.13581,	N(10) = 0.0930327,	N(11) = 0.13581,	N(12) = 1.65954,	N(13) = 0.367336,	N(14) = 0.13581,	N(15) = 0.367336,	Delta[s](0) = 0.0712413,	Delta[s](1) = 0.0497851,	Delta[s](2) = 0.0346422,	Delta[s](3) = 0.0497851,	Delta[s](4) = 0.0497851,	Delta[s](5) = 0.0309286,	Delta[s](6) = 0.0116453,	Delta[s](7) = 0.0309286,	Delta[s](8) = 0.0346422,	Delta[s](9) = 0.0116453,	Delta[s](10) = 0.00175786,	Delta[s](11) = 0.0116453,	Delta[s](12) = 0.0497851,	Delta[s](13) = 0.0309286,	Delta[s](14) = 0.0116453,	Delta[s](15) = 0.0309286,	Delta[d](0) = 0.24367,	Delta[d](1) = 0.191866,	Delta[d](2) = 0.235015,	Delta[d](3) = 0.191866,	Delta[d](4) = 0.191866,	Delta[d](5) = 0.130205,	Delta[d](6) = 0.158526,	Delta[d](7) = 0.130205,	Delta[d](8) = 0.235015,	Delta[d](9) = 0.158526,	Delta[d](10) = 0.0753248,	Delta[d](11) = 0.158526,	Delta[d](12) = 0.191866,	Delta[d](13) = 0.130205,	Delta[d](14) = 0.158526,	Delta[d](15) = 0.130205,	Delta[s+](0) = 0.560395,	Delta[s+](1) = 0.381881,	Delta[s+](2) = 0.235015,	Delta[s+](3) = 0.381881,	Delta[s+](4) = 0.381881,	Delta[s+](5) = 0.186628,	Delta[s+](6) = 0.0661614,	Delta[s+](7) = 0.186628,	Delta[s+](8) = 0.235015,	Delta[s+](9) = 0.0661614,	Delta[s+](10) = 0.0175549,	Delta[s+](11) = 0.0661614,	Delta[s+](12) = 0.381881,	Delta[s+](13) = 0.186628,	Delta[s+](14) = 0.0661614,	Delta[s+](15) = 0.186628
The 6-th iteration is completed.	|| time cost : 0h 1m 42.511s
********************************************************************************************************************
********************************************************************************************************************
Ground state is obtained after 7 iterations. The current ground-state energy is -29.2819, in which electron energy is -29.2824 and phonon energy is 0.000501736
final variational state is: 
	Gamma_x = [      1,1.00425, 1.0036,1.00425,1.00425,1.00346,1.00168,1.00346, 1.0036,1.00168,1.00023,1.00168,1.00425,1.00346,1.00168,1.00346]
	lambda_q = [ 0.337457, 0.216102,  0.14049, 0.216102, 0.216102, 0.137829,0.0784096, 0.137829,  0.14049,0.0784096,0.0250433,0.0784096, 0.216102, 0.137829,0.0784096, 0.137829]
The effective e-e interactions mediated by phonons are: [    1.458, 0.854445, 0.421713, 0.854445, 0.854445,  0.41842, 0.147124,  0.41842, 0.421713, 0.147124,0.0160138, 0.147124, 0.854445,  0.41842, 0.147124,  0.41842]
The real-space interactions mediated by phonons are: [  -7.9974, -2.24732,-0.170824,-0.366615, -2.85663, -1.13221,-0.170824,-0.399001, -0.64376,-0.399001,-0.170824, -1.13221, -2.85663,-0.366615,-0.170824, -2.24732]
********************************************************************************************************************
o___o  ----------------------------------------
| L |	Time since last clock: 0h 0m 0s
A===A	Time since the beginning: 0h 7m 32.577s
***********************************************

********************************************************************************************************************
Start warm-up calculation for scaling factor 32
open output files: NGSEDWarmUpW6.4Obs.txt
********************************************************************************************************************
Start the 0 rounds of NGS-ED iteration
	effective electronic model is modified as: kinetic energy t = 0.984734
	                                           effective interaction Vq = [  -1.33285, -0.727984,  -0.35052, -0.727984, -0.727984, -0.346228, -0.120331, -0.346228,  -0.35052, -0.120331,-0.0129861, -0.120331, -0.727984, -0.346228, -0.120331, -0.346228]
	PARPACK diagonalization completed after 45 matrix-vector product operations.
	iteration results: : total energy is -27.903620 | electron energy -27.903871 + phonon energy 0.000251 | electron momentum kIdx = 0
	Nq(0) = 9,	Nq(1) = 0.20819,	Nq(2) = 0.270413,	Nq(3) = 0.20819,	Nq(4) = 0.20819,	Nq(5) = 0.250833,	Nq(6) = 0.313767,	Nq(7) = 0.250833,	Nq(8) = 0.270413,	Nq(9) = 0.313767,	Nq(10) = 0.366771,	Nq(11) = 0.313767,	Nq(12) = 0.20819,	Nq(13) = 0.250833,	Nq(14) = 0.313767,	Nq(15) = 0.250833,	Sq(0) = 1.34436e-19,	Sq(1) = 0.545676,	Sq(2) = 0.425619,	Sq(3) = 0.545676,	Sq(4) = 0.545676,	Sq(5) = 0.788237,	Sq(6) = 1.00455,	Sq(7) = 0.788237,	Sq(8) = 0.425619,	Sq(9) = 1.00455,	Sq(10) = 0.79615,	Sq(11) = 1.00455,	Sq(12) = 0.545676,	Sq(13) = 0.788237,	Sq(14) = 1.00455,	Sq(15) = 0.788237,	N(0) = 1.78557,	N(1) = 1.65321,	N(2) = 0.734893,	N(3) = 1.65321,	N(4) = 1.65321,	N(5) = 0.371929,	N(6) = 0.137639,	N(7) = 0.371929,	N(8) = 0.734893,	N(9) = 0.137639,	N(10) = 0.0935298,	N(11) = 0.137639,	N(12) = 1.65321,	N(13) = 0.371929,	N(14) = 0.137639,	N(15) = 0.371929,	Delta[s](0) = 0.0691694,	Delta[s](1) = 0.0484683,	Delta[s](2) = 0.0336586,	Delta[s](3) = 0.0484683,	Delta[s](4) = 0.0484683,	Delta[s](5) = 0.0301479,	Delta[s](6) = 0.0116107,	Delta[s](7) = 0.0301479,	Delta[s](8) = 0.0336586,	Delta[s](9) = 0.0116107,	Delta[s](10) = 0.00198493,	Delta[s](11) = 0.0116107,	Delta[s](12) = 0.0484683,	Delta[s](13) = 0.0301479,	Delta[s](14) = 0.0116107,	Delta[s](15) = 0.0301479,	Delta[d](0) = 0.246688,	Delta[d](1) = 0.194655,	Delta[d](2) = 0.238314,	Delta[d](3) = 0.194655,	Delta[d](4) = 0.194655,	Delta[d](5) = 0.132728,	Delta[d](6) = 0.161166,	Delta[d](7) = 0.132728,	Delta[d](8) = 0.238314,	Delta[d](9) = 0.161166,	Delta[d](10) = 0.0792429,	Delta[d](11) = 0.161166,	Delta[d](12) = 0.194655,	Delta[d](13) = 0.132728,	Delta[d](14) = 0.161166,	Delta[d](15) = 0.132728,	Delta[s+](0) = 0.566959,	Delta[s+](1) = 0.386585,	Delta[s+](2) = 0.238314,	Delta[s+](3) = 0.386585,	Delta[s+](4) = 0.386585,	Delta[s+](5) = 0.189755,	Delta[s+](6) = 0.0680434,	Delta[s+](7) = 0.189755,	Delta[s+](8) = 0.238314,	Delta[s+](9) = 0.0680434,	Delta[s+](10) = 0.0183183,	Delta[s+](11) = 0.0680434,	Delta[s+](12) = 0.386585,	Delta[s+](13) = 0.189755,	Delta[s+](14) = 0.0680434,	Delta[s+](15) = 0.189755
The 0-th iteration is completed.	|| time cost : 0h 1m 43.146s
********************************************************************************************************************
Start the 1 rounds of NGS-ED iteration
	effective electronic model is modified as: kinetic energy t = 0.981831
	                                           effective interaction Vq = [   -1.4232, -0.775177, -0.369088, -0.775177, -0.775177, -0.363371, -0.125167, -0.363371, -0.369088, -0.125167,-0.0133973, -0.125167, -0.775177, -0.363371, -0.125167, -0.363371]
	PARPACK diagonalization completed after 45 matrix-vector product operations.
	iteration results: : total energy is -28.734192 | electron energy -28.735107 + phonon energy 0.000914 | electron momentum kIdx = 0
The 1-th iteration is completed.	|| time cost : 0h 0m 10.264s
********************************************************************************************************************
Start the 2 rounds of NGS-ED iteration
	effective electronic model is modified as: kinetic energy t = 0.980677
	                                           effective interaction Vq = [  -1.44832, -0.792223, -0.375201, -0.792223, -0.792223, -0.368925, -0.126597, -0.368925, -0.375201, -0.126597,-0.0135091, -0.126597, -0.792223, -0.368925, -0.126597, -0.368925]
	PARPACK diagonalization completed after 45 matrix-vector product operations.
	iteration results: : total energy is -28.963024 | electron energy -28.964393 + phonon energy 0.001368 | electron momentum kIdx = 0
The 2-th iteration is completed.	|| time cost : 0h 0m 10.268s
********************************************************************************************************************
Start the 3 rounds of NGS-ED iteration
	effective electronic model is modified as: kinetic energy t = 0.980228
	                                           effective interaction Vq = [  -1.45531, -0.798856, -0.377314, -0.798856, -0.798856, -0.370807, -0.127034, -0.370807, -0.377314, -0.127034,-0.0135402, -0.127034, -0.798856, -0.370807, -0.127034, -0.370807]
	PARPACK diagonalization completed after 30 matrix-vector product operations.
	iteration results: : total energy is -29.026330 | electron energy -29.027928 + phonon energy 0.001599 | electron momentum kIdx = 0
The 3-th iteration is completed.	|| time cost : 0h 0m 9.18s
********************************************************************************************************************
Start the 4 rounds of NGS-ED iteration
	effective electronic model is modified as: kinetic energy t = 0.980054
	                                           effective interaction Vq = [ -1.45725,-0.801532,-0.378059,-0.801532,-0.801532,-0.371457, -0.12717,-0.371457,-0.378059, -0.12717,-0.013549, -0.12717,-0.801532,-0.371457, -0.12717,-0.371457]
	PARPACK diagonalization completed after 30 matrix-vector product operations.
	iteration results: : total energy is -29.043881 | electron energy -29.045583 + phonon energy 0.001702 | electron momentum kIdx = 0
The 4-th iteration is completed.	|| time cost : 0h 0m 9.184s
********************************************************************************************************************
Start the 5 rounds of NGS-ED iteration
	effective electronic model is modified as: kinetic energy t = 0.979986
	                                           effective interaction Vq = [  -1.45779,  -0.80263, -0.378324,  -0.80263,  -0.80263, -0.371683, -0.127212, -0.371683, -0.378324, -0.127212,-0.0135515, -0.127212,  -0.80263, -0.371683, -0.127212, -0.371683]
	PARPACK diagonalization completed after 30 matrix-vector product operations.
	iteration results: : total energy is -29.048752 | electron energy -29.050498 + phonon energy 0.001746 | electron momentum kIdx = 0
The 5-th iteration is completed.	|| time cost : 0h 0m 9.18s
********************************************************************************************************************
Start the 6 rounds of NGS-ED iteration
	effective electronic model is modified as: kinetic energy t = 0.979959
	                                           effective interaction Vq = [  -1.45794, -0.803083, -0.378418, -0.803083, -0.803083, -0.371762, -0.127225, -0.371762, -0.378418, -0.127225,-0.0135522, -0.127225, -0.803083, -0.371762, -0.127225, -0.371762]
	PARPACK diagonalization completed after 30 matrix-vector product operations.
	iteration results: : total energy is -29.050106 | electron energy -29.051870 + phonon energy 0.001764 | electron momentum kIdx = 0
The 6-th iteration is completed.	|| time cost : 0h 0m 9.185s
********************************************************************************************************************
Start the 7 rounds of NGS-ED iteration
	effective electronic model is modified as: kinetic energy t = 0.979948
	                                           effective interaction Vq = [  -1.45798, -0.803271, -0.378452, -0.803271, -0.803271,  -0.37179, -0.127229,  -0.37179, -0.378452, -0.127229,-0.0135524, -0.127229, -0.803271,  -0.37179, -0.127229,  -0.37179]
	PARPACK diagonalization completed after 30 matrix-vector product operations.
	iteration results: : total energy is -29.050482 | electron energy -29.052253 + phonon energy 0.001772 | electron momentum kIdx = 0
The 7-th iteration is completed.	|| time cost : 0h 0m 9.176s
********************************************************************************************************************
Start the 8 rounds of NGS-ED iteration
	effective electronic model is modified as: kinetic energy t = 0.979944
	                                           effective interaction Vq = [    -1.458, -0.803349, -0.378464, -0.803349, -0.803349, -0.371799, -0.127231, -0.371799, -0.378464, -0.127231,-0.0135525, -0.127231, -0.803349, -0.371799, -0.127231, -0.371799]
	PARPACK diagonalization completed after 30 matrix-vector product operations.
	iteration results: : total energy is -29.050586 | electron energy -29.052361 + phonon energy 0.001775 | electron momentum kIdx = 0
	Nq(0) = 9,	Nq(1) = 0.209996,	Nq(2) = 0.270367,	Nq(3) = 0.209996,	Nq(4) = 0.209996,	Nq(5) = 0.250911,	Nq(6) = 0.313147,	Nq(7) = 0.250911,	Nq(8) = 0.270367,	Nq(9) = 0.313147,	Nq(10) = 0.365882,	Nq(11) = 0.313147,	Nq(12) = 0.209996,	Nq(13) = 0.250911,	Nq(14) = 0.313147,	Nq(15) = 0.250911,	Sq(0) = -1.8198e-18,	Sq(1) = 0.544905,	Sq(2) = 0.4258,	Sq(3) = 0.544905,	Sq(4) = 0.544905,	Sq(5) = 0.787616,	Sq(6) = 1.0044,	Sq(7) = 0.787616,	Sq(8) = 0.4258,	Sq(9) = 1.0044,	Sq(10) = 0.797873,	Sq(11) = 1.0044,	Sq(12) = 0.544905,	Sq(13) = 0.787616,	Sq(14) = 1.0044,	Sq(15) = 0.787616,	N(0) = 1.78617,	N(1) = 1.65461,	N(2) = 0.734107,	N(3) = 1.65461,	N(4) = 1.65461,	N(5) = 0.37062,	N(6) = 0.137649,	N(7) = 0.37062,	N(8) = 0.734107,	N(9) = 0.137649,	N(10) = 0.0941054,	N(11) = 0.137649,	N(12) = 1.65461,	N(13) = 0.37062,	N(14) = 0.137649,	N(15) = 0.37062,	Delta[s](0) = 0.0691231,	Delta[s](1) = 0.0485195,	Delta[s](2) = 0.0337927,	Delta[s](3) = 0.0485195,	Delta[s](4) = 0.0485195,	Delta[s](5) = 0.0302935,	Delta[s](6) = 0.0118171,	Delta[s](7) = 0.0302935,	Delta[s](8) = 0.0337927,	Delta[s](9) = 0.0118171,	Delta[s](10) = 0.00218743,	Delta[s](11) = 0.0118171,	Delta[s](12) = 0.0485195,	Delta[s](13) = 0.0302935,	Delta[s](14) = 0.0118171,	Delta[s](15) = 0.0302935,	Delta[d](0) = 0.251883,	Delta[d](1) = 0.198977,	Delta[d](2) = 0.243229,	Delta[d](3) = 0.198977,	Delta[d](4) = 0.198977,	Delta[d](5) = 0.13568,	Delta[d](6) = 0.164545,	Delta[d](7) = 0.13568,	Delta[d](8) = 0.243229,	Delta[d](9) = 0.164545,	Delta[d](10) = 0.0809711,	Delta[d](11) = 0.164545,	Delta[d](12) = 0.198977,	Delta[d](13) = 0.13568,	Delta[d](14) = 0.164545,	Delta[d](15) = 0.13568,	Delta[s+](0) = 0.578422,	Delta[s+](1) = 0.394415,	Delta[s+](2) = 0.243229,	Delta[s+](3) = 0.394415,	Delta[s+](4) = 0.394415,	Delta[s+](5) = 0.193744,	Delta[s+](6) = 0.0697139,	Delta[s+](7) = 0.193744,	Delta[s+](8) = 0.243229,	Delta[s+](9) = 0.0697139,	Delta[s+](10) = 0.0189667,	Delta[s+](11) = 0.0697139,	Delta[s+](12) = 0.394415,	Delta[s+](13) = 0.193744,	Delta[s+](14) = 0.0697139,	Delta[s+](15) = 0.193744
The 8-th iteration is completed.	|| time cost : 0h 1m 41.767s
********************************************************************************************************************
********************************************************************************************************************
Ground state is obtained after 9 iterations. The current ground-state energy is -29.0506, in which electron energy is -29.0524 and phonon energy is 0.00177463
final variational state is: 
	Gamma_x = [      1,1.01219,1.00916,1.01219,1.01219,1.00861,1.00395,1.00861,1.00916,1.00395,1.00051,1.00395,1.01219,1.00861,1.00395,1.00861]
	lambda_q = [ 0.476856, 0.260397, 0.159444, 0.260397, 0.260397, 0.154628,0.0853925, 0.154628, 0.159444,0.0853925,0.0266716,0.0853925, 0.260397, 0.154628,0.0853925, 0.154628]
The effective e-e interactions mediated by phonons are: [    1.458, 0.803382, 0.378468, 0.803382, 0.803382, 0.371803, 0.127231, 0.371803, 0.378468, 0.127231,0.0135525, 0.127231, 0.803382, 0.371803, 0.127231, 0.371803]
The real-space interactions mediated by phonons are: [ -7.43815,   -2.221,-0.229703,-0.455567, -2.79675, -1.18743,-0.229703,-0.454132,-0.741276,-0.454132,-0.229703, -1.18743, -2.79675,-0.455567,-0.229703,   -2.221]
********************************************************************************************************************
o___o  ----------------------------------------
| L |	Time since last clock: 0h 0m 0s
A===A	Time since the beginning: 0h 12m 3.933s
***********************************************

********************************************************************************************************************
Start warm-up calculation for scaling factor 16
open output files: NGSEDWarmUpW3.2Obs.txt
********************************************************************************************************************
Start the 0 rounds of NGS-ED iteration
	effective electronic model is modified as: kinetic energy t = 0.979942
	                                           effective interaction Vq = [  -1.33237, -0.657953, -0.301314, -0.657953, -0.657953, -0.294596,-0.0996312, -0.294596, -0.301314,-0.0996312, -0.010526,-0.0996312, -0.657953, -0.294596,-0.0996312, -0.294596]
	PARPACK diagonalization completed after 45 matrix-vector product operations.
	iteration results: : total energy is -27.645276 | electron energy -27.646164 + phonon energy 0.000888 | electron momentum kIdx = 0
	Nq(0) = 9,	Nq(1) = 0.206089,	Nq(2) = 0.269021,	Nq(3) = 0.206089,	Nq(4) = 0.206089,	Nq(5) = 0.249359,	Nq(6) = 0.312673,	Nq(7) = 0.249359,	Nq(8) = 0.269021,	Nq(9) = 0.312673,	Nq(10) = 0.365846,	Nq(11) = 0.312673,	Nq(12) = 0.206089,	Nq(13) = 0.249359,	Nq(14) = 0.312673,	Nq(15) = 0.249359,	Sq(0) = -1.79303e-18,	Sq(1) = 0.547084,	Sq(2) = 0.425604,	Sq(3) = 0.547084,	Sq(4) = 0.547084,	Sq(5) = 0.78999,	Sq(6) = 1.00709,	Sq(7) = 0.78999,	Sq(8) = 0.425604,	Sq(9) = 1.00709,	Sq(10) = 0.795775,	Sq(11) = 1.00709,	Sq(12) = 0.547084,	Sq(13) = 0.78999,	Sq(14) = 1.00709,	Sq(15) = 0.78999,	N(0) = 1.78121,	N(1) = 1.64762,	N(2) = 0.736257,	N(3) = 1.64762,	N(4) = 1.64762,	N(5) = 0.375716,	N(6) = 0.139597,	N(7) = 0.375716,	N(8) = 0.736257,	N(9) = 0.139597,	N(10) = 0.0945385,	N(11) = 0.139597,	N(12) = 1.64762,	N(13) = 0.375716,	N(14) = 0.139597,	N(15) = 0.375716,	Delta[s](0) = 0.0673395,	Delta[s](1) = 0.0472938,	Delta[s](2) = 0.0327862,	Delta[s](3) = 0.0472938,	Delta[s](4) = 0.0472938,	Delta[s](5) = 0.0294433,	Delta[s](6) = 0.0115467,	Delta[s](7) = 0.0294433,	Delta[s](8) = 0.0327862,	Delta[s](9) = 0.0115467,	Delta[s](10) = 0.00213952,	Delta[s](11) = 0.0115467,	Delta[s](12) = 0.0472938,	Delta[s](13) = 0.0294433,	Delta[s](14) = 0.0115467,	Delta[s](15) = 0.0294433,	Delta[d](0) = 0.254952,	Delta[d](1) = 0.201603,	Delta[d](2) = 0.246493,	Delta[d](3) = 0.201603,	Delta[d](4) = 0.201603,	Delta[d](5) = 0.137934,	Delta[d](6) = 0.167067,	Delta[d](7) = 0.137934,	Delta[d](8) = 0.246493,	Delta[d](9) = 0.167067,	Delta[d](10) = 0.08443,	Delta[d](11) = 0.167067,	Delta[d](12) = 0.201603,	Delta[d](13) = 0.137934,	Delta[d](14) = 0.167067,	Delta[d](15) = 0.137934,	Delta[s+](0) = 0.585297,	Delta[s+](1) = 0.399278,	Delta[s+](2) = 0.246493,	Delta[s+](3) = 0.399278,	Delta[s+](4) = 0.399278,	Delta[s+](5) = 0.196721,	Delta[s+](6) = 0.0712714,	Delta[s+](7) = 0.196721,	Delta[s+](8) = 0.246493,	Delta[s+](9) = 0.0712714,	Delta[s+](10) = 0.0194742,	Delta[s+](11) = 0.0712714,	Delta[s+](12) = 0.399278,	Delta[s+](13) = 0.196721,	Delta[s+](14) = 0.0712714,	Delta[s+](15) = 0.196721
The 0-th iteration is completed.	|| time cost : 0h 1m 42.338s
********************************************************************************************************************
Start the 1 rounds of NGS-ED iteration
	effective electronic model is modified as: kinetic energy t = 0.979463
	                                           effective interaction Vq = [  -1.39175, -0.674476, -0.302794, -0.674476, -0.674476,  -0.29448,-0.0982645,  -0.29448, -0.302794,-0.0982645,-0.0102604,-0.0982645, -0.674476,  -0.29448,-0.0982645,  -0.29448]
	PARPACK diagonalization completed after 45 matrix-vector product operations.
	iteration results: : total energy is -28.182193 | electron energy -28.184158 + phonon energy 0.001966 | electron momentum kIdx = 0
The 1-th iteration is completed.	|| time cost : 0h 0m 10.298s
********************************************************************************************************************
Start the 2 rounds of NGS-ED iteration
	effective electronic model is modified as: kinetic energy t = 0.97914
	                                           effective interaction Vq = [  -1.42307,  -0.68394, -0.303694,  -0.68394,  -0.68394, -0.294621,-0.0977177, -0.294621, -0.303694,-0.0977177,-0.0101571,-0.0977177,  -0.68394, -0.294621,-0.0977177, -0.294621]
	PARPACK diagonalization completed after 45 matrix-vector product operations.
	iteration results: : total energy is -28.464854 | electron energy -28.467641 + phonon energy 0.002788 | electron momentum kIdx = 0
The 2-th iteration is completed.	|| time cost : 0h 0m 10.27s
********************************************************************************************************************
Start the 3 rounds of NGS-ED iteration
	effective electronic model is modified as: kinetic energy t = 0.978933
	                                           effective interaction Vq = [  -1.43958, -0.689434, -0.304228, -0.689434, -0.689434,  -0.29479,-0.0975031,  -0.29479, -0.304228,-0.0975031,-0.0101174,-0.0975031, -0.689434,  -0.29479,-0.0975031,  -0.29479]
	PARPACK diagonalization completed after 30 matrix-vector product operations.
	iteration results: : total energy is -28.613750 | electron energy -28.617087 + phonon energy 0.003337 | electron momentum kIdx = 0
The 3-th iteration is completed.	|| time cost : 0h 0m 9.191s
********************************************************************************************************************
Start the 4 rounds of NGS-ED iteration
	effective electronic model is modified as: kinetic energy t = 0.978805
	                                           effective interaction Vq = [  -1.44829, -0.692652,  -0.30454, -0.692652, -0.692652, -0.294924,-0.0974209, -0.294924,  -0.30454,-0.0974209,-0.0101022,-0.0974209, -0.692652, -0.294924,-0.0974209, -0.294924]
	PARPACK diagonalization completed after 30 matrix-vector product operations.
	iteration results: : total energy is -28.692211 | electron energy -28.695896 + phonon energy 0.003684 | electron momentum kIdx = 0
The 4-th iteration is completed.	|| time cost : 0h 0m 9.184s
********************************************************************************************************************
Start the 5 rounds of NGS-ED iteration
	effective electronic model is modified as: kinetic energy t = 0.978727
	                                           effective interaction Vq = [  -1.45288, -0.694548,  -0.30472, -0.694548, -0.694548, -0.295016,-0.0973904, -0.295016,  -0.30472,-0.0973904,-0.0100965,-0.0973904, -0.694548, -0.295016,-0.0973904, -0.295016]
	PARPACK diagonalization completed after 30 matrix-vector product operations.
	iteration results: : total energy is -28.733566 | electron energy -28.737464 + phonon energy 0.003898 | electron momentum kIdx = 0
The 5-th iteration is completed.	|| time cost : 0h 0m 9.188s
********************************************************************************************************************
Start the 6 rounds of NGS-ED iteration
	effective electronic model is modified as: kinetic energy t = 0.97868
	                                           effective interaction Vq = [   -1.4553, -0.695669, -0.304823, -0.695669, -0.695669, -0.295074,-0.0973796, -0.295074, -0.304823,-0.0973796,-0.0100943,-0.0973796, -0.695669, -0.295074,-0.0973796, -0.295074]
	PARPACK diagonalization completed after 30 matrix-vector product operations.
	iteration results: : total energy is -28.755366 | electron energy -28.759393 + phonon energy 0.004027 | electron momentum kIdx = 0
The 6-th iteration is completed.	|| time cost : 0h 0m 9.182s
********************************************************************************************************************
Start the 7 rounds of NGS-ED iteration
	effective electronic model is modified as: kinetic energy t = 0.978652
	                                           effective interaction Vq = [  -1.45658, -0.696335, -0.304882, -0.696335, -0.696335,  -0.29511,-0.0973762,  -0.29511, -0.304882,-0.0973762,-0.0100935,-0.0973762, -0.696335,  -0.29511,-0.0973762,  -0.29511]
	PARPACK diagonalization completed after 30 matrix-vector product operations.
	iteration results: : total energy is -28.766858 | electron energy -28.770963 + phonon energy 0.004105 | electron momentum kIdx = 0
The 7-th iteration is completed.	|| time cost : 0h 0m 9.202s
********************************************************************************************************************
Start the 8 rounds of NGS-ED iteration
	effective electronic model is modified as: kinetic energy t = 0.978635
	                                           effective interaction Vq = [  -1.45725,  -0.69673, -0.304915,  -0.69673,  -0.69673, -0.295131,-0.0973753, -0.295131, -0.304915,-0.0973753,-0.0100932,-0.0973753,  -0.69673, -0.295131,-0.0973753, -0.295131]
	PARPACK diagonalization completed after 30 matrix-vector product operations.
	iteration results: : total energy is -28.772918 | electron energy -28.777069 + phonon energy 0.004151 | electron momentum kIdx = 0
The 8-th iteration is completed.	|| time cost : 0h 0m 9.173s
********************************************************************************************************************
Start the 9 rounds of NGS-ED iteration
	effective electronic model is modified as: kinetic energy t = 0.978625
	                                           effective interaction Vq = [   -1.4576, -0.696966, -0.304933, -0.696966, -0.696966, -0.295144,-0.0973752, -0.295144, -0.304933,-0.0973752,-0.0100931,-0.0973752, -0.696966, -0.295144,-0.0973752, -0.295144]
	PARPACK diagonalization completed after 30 matrix-vector product operations.
	iteration results: : total energy is -28.776112 | electron energy -28.780291 + phonon energy 0.004179 | electron momentum kIdx = 0
The 9-th iteration is completed.	|| time cost : 0h 0m 9.193s
********************************************************************************************************************
Start the 10 rounds of NGS-ED iteration
	effective electronic model is modified as: kinetic energy t = 0.978619
	                                           effective interaction Vq = [  -1.45779, -0.697107, -0.304944, -0.697107, -0.697107, -0.295151,-0.0973754, -0.295151, -0.304944,-0.0973754,-0.0100931,-0.0973754, -0.697107, -0.295151,-0.0973754, -0.295151]
	PARPACK diagonalization completed after 30 matrix-vector product operations.
	iteration results: : total energy is -28.777797 | electron energy -28.781992 + phonon energy 0.004195 | electron momentum kIdx = 0
	Nq(0) = 9,	Nq(1) = 0.207163,	Nq(2) = 0.268769,	Nq(3) = 0.207163,	Nq(4) = 0.207163,	Nq(5) = 0.249166,	Nq(6) = 0.312322,	Nq(7) = 0.249166,	Nq(8) = 0.268769,	Nq(9) = 0.312322,	Nq(10) = 0.365599,	Nq(11) = 0.312322,	Nq(12) = 0.207163,	Nq(13) = 0.249166,	Nq(14) = 0.312322,	Nq(15) = 0.249166,	Sq(0) = 6.50436e-19,	Sq(1) = 0.546623,	Sq(2) = 0.425686,	Sq(3) = 0.546623,	Sq(4) = 0.546623,	Sq(5) = 0.789708,	Sq(6) = 1.00712,	Sq(7) = 0.789708,	Sq(8) = 0.425686,	Sq(9) = 1.00712,	Sq(10) = 0.79707,	Sq(11) = 1.00712,	Sq(12) = 0.546623,	Sq(13) = 0.789708,	Sq(14) = 1.00712,	Sq(15) = 0.789708,	N(0) = 1.78127,	N(1) = 1.64831,	N(2) = 0.735683,	N(3) = 1.64831,	N(4) = 1.64831,	N(5) = 0.37507,	N(6) = 0.139728,	N(7) = 0.37507,	N(8) = 0.735683,	N(9) = 0.139728,	N(10) = 0.0949294,	N(11) = 0.139728,	N(12) = 1.64831,	N(13) = 0.37507,	N(14) = 0.139728,	N(15) = 0.37507,	Delta[s](0) = 0.0672855,	Delta[s](1) = 0.0472972,	Delta[s](2) = 0.0328264,	Delta[s](3) = 0.0472972,	Delta[s](4) = 0.0472972,	Delta[s](5) = 0.0294954,	Delta[s](6) = 0.0116375,	Delta[s](7) = 0.0294954,	Delta[s](8) = 0.0328264,	Delta[s](9) = 0.0116375,	Delta[s](10) = 0.00221217,	Delta[s](11) = 0.0116375,	Delta[s](12) = 0.0472972,	Delta[s](13) = 0.0294954,	Delta[s](14) = 0.0116375,	Delta[s](15) = 0.0294954,	Delta[d](0) = 0.266731,	Delta[d](1) = 0.211071,	Delta[d](2) = 0.257839,	Delta[d](3) = 0.211071,	Delta[d](4) = 0.211071,	Delta[d](5) = 0.144416,	Delta[d](6) = 0.174766,	Delta[d](7) = 0.144416,	Delta[d](8) = 0.257839,	Delta[d](9) = 0.174766,	Delta[d](10) = 0.0884408,	Delta[d](11) = 0.174766,	Delta[d](12) = 0.211071,	Delta[d](13) = 0.144416,	Delta[d](14) = 0.174766,	Delta[d](15) = 0.144416,	Delta[s+](0) = 0.612137,	Delta[s+](1) = 0.417597,	Delta[s+](2) = 0.257839,	Delta[s+](3) = 0.417597,	Delta[s+](4) = 0.417597,	Delta[s+](5) = 0.205843,	Delta[s+](6) = 0.0747244,	Delta[s+](7) = 0.205843,	Delta[s+](8) = 0.257839,	Delta[s+](9) = 0.0747244,	Delta[s+](10) = 0.0205352,	Delta[s+](11) = 0.0747244,	Delta[s+](12) = 0.417597,	Delta[s+](13) = 0.205843,	Delta[s+](14) = 0.0747244,	Delta[s+](15) = 0.205843
The 10-th iteration is completed.	|| time cost : 0h 1m 44.187s
********************************************************************************************************************
Start the 11 rounds of NGS-ED iteration
	effective electronic model is modified as: kinetic energy t = 0.978615
	                                           effective interaction Vq = [  -1.45789,  -0.69719, -0.304949,  -0.69719,  -0.69719, -0.295155,-0.0973755, -0.295155, -0.304949,-0.0973755,-0.0100931,-0.0973755,  -0.69719, -0.295155,-0.0973755, -0.295155]
	PARPACK diagonalization completed after 30 matrix-vector product operations.
