TACC:  Starting up job 1744343 
TACC:  Starting parallel tasks... 
SNEDics v3.4 Non-Gaussian ED ground state program		Start at Sun Oct 11 00:48:24 2020

parallized on 16 MPI threads  * 7 OpenMP threads = 112 total threads.
********************************************************************************************************************
********************************************************************************************************************

********************************************************************************************************************
System parameters and configurations
********************************************************************************************************************
Special program options are enabled: splitted diagonal Hamiltonian
********************************************************************************************************************
Read input file "model_params.in"
	Hubbard-Holstein model parameters : 	t = 1    U = 8    g = 0.09    W = 0.2    g' = 0.01    
********************************************************************************************************************
Read input file "hilbertspace_params.in"
	Requested 16-site 2D lattice, with 14 electrons (7, 7)
	Boundary : Periodic		Hilbert space representation : momentum-space (restricted to kIdx = 0)
	Conservation: particle number[U(1)]      spin[U(1)]     momentum
********************************************************************************************************************

Cluster Positions:				Cluster symmetry group : D4
 x ... x ... x ... x .....                       x ... x ... x ... x .....
 |           |           :                       |           |           :
 |           |           :                       |           |           :
12    13    14    15     x                       1     5     6     5     x
 |           |           :                       |           |           :
 |           |           :                       |           |           :
 8 --- 9 ---10 ---11 --- x                       2 --- 6 ---10 --- 6 --- x
 |           |           :                       |           |           :
 |           |           :                       |           |           :
 4     5     6     7     x                       1     5     6     5     x
 |           |           :                       |           |           :
 |           |           :                       |           |           :
 0 --- 1 --- 2 --- 3 --- x                       0 --- 1 --- 2 --- 1 --- x
orbital number : 1
********************************************************************************************************************
Read input file "obs_params.in"
	Observable Type : Nq(All),   Sq(All),   N(All),   Delta[s](All),   Delta[d](All),   Delta[s+](All)
********************************************************************************************************************
** WARNING ** the input observables have non-local factors which have been reinterpreted. The total observable number is 96
********************************************************************************************************************


********************************************************************************************************************
Start calculating the non-Gaussian ED ground state
** WARNING ** Detected low phonon energy W < 10. The initial state will be prepared through a warm-up process.
********************************************************************************************************************
Start warm-up calculation for scaling factor 64
open output files: NGSEDWarmUpW12.8Obs.txt
********************************************************************************************************************
Start the 0 rounds of NGS-ED iteration
	effective electronic model is modified as: kinetic energy t = 1
	                                           effective interaction Vq = [0,0,0,0,0,0,0,0,0,0,0,0,0,0,0,0]
	first Hamiltonian is constructed, non-zero numbers = 2178478298
	PARPACK diagonalization completed after 165 matrix-vector product operations.
	iteration results: : total energy is -11.868836 | electron energy -11.868836 + phonon energy 0.000000 | electron momentum kIdx = 0
	Nq(0) = 12.25,	Nq(1) = 0.154193,	Nq(2) = 0.185311,	Nq(3) = 0.154193,	Nq(4) = 0.154193,	Nq(5) = 0.203281,	Nq(6) = 0.235634,	Nq(7) = 0.203281,	Nq(8) = 0.185311,	Nq(9) = 0.235634,	Nq(10) = 0.275446,	Nq(11) = 0.235634,	Nq(12) = 0.154193,	Nq(13) = 0.203281,	Nq(14) = 0.235634,	Nq(15) = 0.203281,	Sq(0) = 1.11096e-18,	Sq(1) = 0.474292,	Sq(2) = 0.766364,	Sq(3) = 0.474292,	Sq(4) = 0.474292,	Sq(5) = 0.630724,	Sq(6) = 1.05279,	Sq(7) = 0.630724,	Sq(8) = 0.766364,	Sq(9) = 1.05279,	Sq(10) = 2.56755,	Sq(11) = 1.05279,	Sq(12) = 0.474292,	Sq(13) = 0.630724,	Sq(14) = 1.05279,	Sq(15) = 0.630724,	N(0) = 1.75464,	N(1) = 1.59086,	N(2) = 0.323321,	N(3) = 1.59086,	N(4) = 1.59086,	N(5) = 0.999881,	N(6) = 0.267546,	N(7) = 0.999881,	N(8) = 0.323321,	N(9) = 0.267546,	N(10) = 0.165565,	N(11) = 0.267546,	N(12) = 1.59086,	N(13) = 0.999881,	N(14) = 0.267546,	N(15) = 0.999881,	Delta[s](0) = 0.0792597,	Delta[s](1) = 0.0592215,	Delta[s](2) = 0.0354085,	Delta[s](3) = 0.0592215,	Delta[s](4) = 0.0592215,	Delta[s](5) = 0.042297,	Delta[s](6) = 0.0194887,	Delta[s](7) = 0.042297,	Delta[s](8) = 0.0354085,	Delta[s](9) = 0.0194887,	Delta[s](10) = 0.000144296,	Delta[s](11) = 0.0194887,	Delta[s](12) = 0.0592215,	Delta[s](13) = 0.042297,	Delta[s](14) = 0.0194887,	Delta[s](15) = 0.042297,	Delta[d](0) = 0.276362,	Delta[d](1) = 0.189969,	Delta[d](2) = 0.199794,	Delta[d](3) = 0.189969,	Delta[d](4) = 0.189969,	Delta[d](5) = 0.176707,	Delta[d](6) = 0.132542,	Delta[d](7) = 0.176707,	Delta[d](8) = 0.199794,	Delta[d](9) = 0.132542,	Delta[d](10) = 0.053471,	Delta[d](11) = 0.132542,	Delta[d](12) = 0.189969,	Delta[d](13) = 0.176707,	Delta[d](14) = 0.132542,	Delta[d](15) = 0.176707,	Delta[s+](0) = 0.560398,	Delta[s+](1) = 0.417265,	Delta[s+](2) = 0.199794,	Delta[s+](3) = 0.417265,	Delta[s+](4) = 0.417265,	Delta[s+](5) = 0.291623,	Delta[s+](6) = 0.126198,	Delta[s+](7) = 0.291623,	Delta[s+](8) = 0.199794,	Delta[s+](9) = 0.126198,	Delta[s+](10) = 0.0382321,	Delta[s+](11) = 0.126198,	Delta[s+](12) = 0.417265,	Delta[s+](13) = 0.291623,	Delta[s+](14) = 0.126198,	Delta[s+](15) = 0.291623
The 0-th iteration is completed.	|| time cost : 0h 6m 29.681s
********************************************************************************************************************
Start the 1 rounds of NGS-ED iteration
	effective electronic model is modified as: kinetic energy t = 0.999088
	                                           effective interaction Vq = [ -0.0779677, -0.0523528, -0.0334542, -0.0523528, -0.0523528, -0.0338064, -0.0198068, -0.0338064, -0.0334542, -0.0198068,-0.00990448, -0.0198068, -0.0523528, -0.0338064, -0.0198068, -0.0338064]
	PARPACK diagonalization completed after 60 matrix-vector product operations.
	iteration results: : total energy is -12.902230 | electron energy -12.902231 + phonon energy 0.000001 | electron momentum kIdx = 0
The 1-th iteration is completed.	|| time cost : 0h 5m 15.439s
********************************************************************************************************************
Start the 2 rounds of NGS-ED iteration
	effective electronic model is modified as: kinetic energy t = 0.99876
	                                           effective interaction Vq = [ -0.083995,-0.0569625,-0.0362161,-0.0569625,-0.0569625,-0.0366542,-0.0213653,-0.0366542,-0.0362161,-0.0213653,-0.0106442,-0.0213653,-0.0569625,-0.0366542,-0.0213653,-0.0366542]
	PARPACK diagonalization completed after 45 matrix-vector product operations.
	iteration results: : total energy is -12.978392 | electron energy -12.978394 + phonon energy 0.000002 | electron momentum kIdx = 0
The 2-th iteration is completed.	|| time cost : 0h 0m 24.304s
********************************************************************************************************************
Start the 3 rounds of NGS-ED iteration
	effective electronic model is modified as: kinetic energy t = 0.9987
	                                           effective interaction Vq = [ -0.084461,-0.0576496, -0.036589,-0.0576496,-0.0576496,-0.0370504,-0.0215615,-0.0370504, -0.036589,-0.0215615,-0.0107308,-0.0215615,-0.0576496,-0.0370504,-0.0215615,-0.0370504]
	PARPACK diagonalization completed after 45 matrix-vector product operations.
	iteration results: : total energy is -12.984174 | electron energy -12.984176 + phonon energy 0.000003 | electron momentum kIdx = 0
The 3-th iteration is completed.	|| time cost : 0h 0m 24.322s
********************************************************************************************************************
Start the 4 rounds of NGS-ED iteration
	effective electronic model is modified as: kinetic energy t = 0.99869
	                                           effective interaction Vq = [ -0.084497,-0.0577767,-0.0366463,-0.0577767,-0.0577767, -0.037114,-0.0215889, -0.037114,-0.0366463,-0.0215889,-0.0107418,-0.0215889,-0.0577767, -0.037114,-0.0215889, -0.037114]
	PARPACK diagonalization completed after 30 matrix-vector product operations.
	iteration results: : total energy is -12.984617 | electron energy -12.984620 + phonon energy 0.000003 | electron momentum kIdx = 0
The 4-th iteration is completed.	|| time cost : 0h 0m 21.559s
********************************************************************************************************************
Start the 5 rounds of NGS-ED iteration
	effective electronic model is modified as: kinetic energy t = 0.998688
	                                           effective interaction Vq = [-0.0844998,-0.0578015,-0.0366553,-0.0578015,-0.0578015,-0.0371245,-0.0215928,-0.0371245,-0.0366553,-0.0215928,-0.0107433,-0.0215928,-0.0578015,-0.0371245,-0.0215928,-0.0371245]
	PARPACK diagonalization completed after 30 matrix-vector product operations.
	iteration results: : total energy is -12.984651 | electron energy -12.984654 + phonon energy 0.000003 | electron momentum kIdx = 0
	Nq(0) = 12.25,	Nq(1) = 0.154939,	Nq(2) = 0.186103,	Nq(3) = 0.154939,	Nq(4) = 0.154939,	Nq(5) = 0.204211,	Nq(6) = 0.236537,	Nq(7) = 0.204211,	Nq(8) = 0.186103,	Nq(9) = 0.236537,	Nq(10) = 0.276357,	Nq(11) = 0.236537,	Nq(12) = 0.154939,	Nq(13) = 0.204211,	Nq(14) = 0.236537,	Nq(15) = 0.204211,	Sq(0) = 5.36364e-19,	Sq(1) = 0.474037,	Sq(2) = 0.765409,	Sq(3) = 0.474037,	Sq(4) = 0.474037,	Sq(5) = 0.630163,	Sq(6) = 1.05108,	Sq(7) = 0.630163,	Sq(8) = 0.765409,	Sq(9) = 1.05108,	Sq(10) = 2.56674,	Sq(11) = 1.05108,	Sq(12) = 0.474037,	Sq(13) = 0.630163,	Sq(14) = 1.05108,	Sq(15) = 0.630163,	N(0) = 1.7568,	N(1) = 1.59383,	N(2) = 0.320557,	N(3) = 1.59383,	N(4) = 1.59383,	N(5) = 0.999773,	N(6) = 0.265844,	N(7) = 0.999773,	N(8) = 0.320557,	N(9) = 0.265844,	N(10) = 0.1643,	N(11) = 0.265844,	N(12) = 1.59383,	N(13) = 0.999773,	N(14) = 0.265844,	N(15) = 0.999773,	Delta[s](0) = 0.0799387,	Delta[s](1) = 0.0597622,	Delta[s](2) = 0.0357633,	Delta[s](3) = 0.0597622,	Delta[s](4) = 0.0597622,	Delta[s](5) = 0.0427436,	Delta[s](6) = 0.0197394,	Delta[s](7) = 0.0427436,	Delta[s](8) = 0.0357633,	Delta[s](9) = 0.0197394,	Delta[s](10) = 0.000209762,	Delta[s](11) = 0.0197394,	Delta[s](12) = 0.0597622,	Delta[s](13) = 0.0427436,	Delta[s](14) = 0.0197394,	Delta[s](15) = 0.0427436,	Delta[d](0) = 0.276969,	Delta[d](1) = 0.189765,	Delta[d](2) = 0.19978,	Delta[d](3) = 0.189765,	Delta[d](4) = 0.189765,	Delta[d](5) = 0.17661,	Delta[d](6) = 0.132369,	Delta[d](7) = 0.17661,	Delta[d](8) = 0.19978,	Delta[d](9) = 0.132369,	Delta[d](10) = 0.0532976,	Delta[d](11) = 0.132369,	Delta[d](12) = 0.189765,	Delta[d](13) = 0.17661,	Delta[d](14) = 0.132369,	Delta[d](15) = 0.17661,	Delta[s+](0) = 0.561469,	Delta[s+](1) = 0.417999,	Delta[s+](2) = 0.19978,	Delta[s+](3) = 0.417999,	Delta[s+](4) = 0.417999,	Delta[s+](5) = 0.292,	Delta[s+](6) = 0.126102,	Delta[s+](7) = 0.292,	Delta[s+](8) = 0.19978,	Delta[s+](9) = 0.126102,	Delta[s+](10) = 0.038086,	Delta[s+](11) = 0.126102,	Delta[s+](12) = 0.417999,	Delta[s+](13) = 0.292,	Delta[s+](14) = 0.126102,	Delta[s+](15) = 0.292
The 5-th iteration is completed.	|| time cost : 0h 3m 59.209s
********************************************************************************************************************
********************************************************************************************************************
Ground state is obtained after 6 iterations. The current ground-state energy is -12.9847, in which electron energy is -12.9847 and phonon energy is 2.64643e-06
final variational state is: 
	Gamma_x = [      1,1.00024,1.00025,1.00024,1.00024,1.00027, 1.0002,1.00027,1.00025, 1.0002,1.00013, 1.0002,1.00024,1.00027, 1.0002,1.00027]
	lambda_q = [0.0812125,0.0542434, 0.038922,0.0542434,0.0542434, 0.040015,0.0286806, 0.040015, 0.038922,0.0286806,0.0195355,0.0286806,0.0542434, 0.040015,0.0286806, 0.040015]
The effective e-e interactions mediated by phonons are: [   0.0845,0.0578064,0.0366567,0.0578064,0.0578064,0.0371262,0.0215933,0.0371262,0.0366567,0.0215933,0.0107434,0.0215933,0.0578064,0.0371262,0.0215933,0.0371262]
The real-space interactions mediated by phonons are: [   -0.63466,  -0.113481,-0.00554395, -0.0099215,  -0.146183, -0.0491182,-0.00554395, -0.0188521, -0.0200519, -0.0188521,-0.00554395, -0.0491182,  -0.146183, -0.0099215,-0.00554395,  -0.113481]
********************************************************************************************************************
o___o  ----------------------------------------
| L |	Time since last clock: 0h 0m 0s
A===A	Time since the beginning: 0h 16m 54.516s
***********************************************

********************************************************************************************************************
Start warm-up calculation for scaling factor 32
open output files: NGSEDWarmUpW6.4Obs.txt
********************************************************************************************************************
Start the 0 rounds of NGS-ED iteration
	effective electronic model is modified as: kinetic energy t = 0.998688
	                                           effective interaction Vq = [ -0.0772349, -0.0486753, -0.0299362, -0.0486753, -0.0486753, -0.0304969, -0.0174494, -0.0304969, -0.0299362, -0.0174494,-0.00860846, -0.0174494, -0.0486753, -0.0304969, -0.0174494, -0.0304969]
	PARPACK diagonalization completed after 45 matrix-vector product operations.
	iteration results: : total energy is -12.877580 | electron energy -12.877581 + phonon energy 0.000001 | electron momentum kIdx = 0
	Nq(0) = 12.25,	Nq(1) = 0.154805,	Nq(2) = 0.185929,	Nq(3) = 0.154805,	Nq(4) = 0.154805,	Nq(5) = 0.204007,	Nq(6) = 0.236328,	Nq(7) = 0.204007,	Nq(8) = 0.185929,	Nq(9) = 0.236328,	Nq(10) = 0.276142,	Nq(11) = 0.236328,	Nq(12) = 0.154805,	Nq(13) = 0.204007,	Nq(14) = 0.236328,	Nq(15) = 0.204007,	Sq(0) = -2.48778e-18,	Sq(1) = 0.474063,	Sq(2) = 0.765608,	Sq(3) = 0.474063,	Sq(4) = 0.474063,	Sq(5) = 0.630277,	Sq(6) = 1.05149,	Sq(7) = 0.630277,	Sq(8) = 0.765608,	Sq(9) = 1.05149,	Sq(10) = 2.56692,	Sq(11) = 1.05149,	Sq(12) = 0.474063,	Sq(13) = 0.630277,	Sq(14) = 1.05149,	Sq(15) = 0.630277,	N(0) = 1.75634,	N(1) = 1.5932,	N(2) = 0.321149,	N(3) = 1.5932,	N(4) = 1.5932,	N(5) = 0.999787,	N(6) = 0.266207,	N(7) = 0.999787,	N(8) = 0.321149,	N(9) = 0.266207,	N(10) = 0.164586,	N(11) = 0.266207,	N(12) = 1.5932,	N(13) = 0.999787,	N(14) = 0.266207,	N(15) = 0.999787,	Delta[s](0) = 0.0797504,	Delta[s](1) = 0.0596253,	Delta[s](2) = 0.035693,	Delta[s](3) = 0.0596253,	Delta[s](4) = 0.0596253,	Delta[s](5) = 0.0426437,	Delta[s](6) = 0.0197072,	Delta[s](7) = 0.0426437,	Delta[s](8) = 0.035693,	Delta[s](9) = 0.0197072,	Delta[s](10) = 0.000238521,	Delta[s](11) = 0.0197072,	Delta[s](12) = 0.0596253,	Delta[s](13) = 0.0426437,	Delta[s](14) = 0.0197072,	Delta[s](15) = 0.0426437,	Delta[d](0) = 0.277191,	Delta[d](1) = 0.190101,	Delta[d](2) = 0.200052,	Delta[d](3) = 0.190101,	Delta[d](4) = 0.190101,	Delta[d](5) = 0.176889,	Delta[d](6) = 0.132605,	Delta[d](7) = 0.176889,	Delta[d](8) = 0.200052,	Delta[d](9) = 0.132605,	Delta[d](10) = 0.0534415,	Delta[d](11) = 0.132605,	Delta[d](12) = 0.190101,	Delta[d](13) = 0.176889,	Delta[d](14) = 0.132605,	Delta[d](15) = 0.176889,	Delta[s+](0) = 0.561876,	Delta[s+](1) = 0.418321,	Delta[s+](2) = 0.200052,	Delta[s+](3) = 0.418321,	Delta[s+](4) = 0.418321,	Delta[s+](5) = 0.292269,	Delta[s+](6) = 0.126309,	Delta[s+](7) = 0.292269,	Delta[s+](8) = 0.200052,	Delta[s+](9) = 0.126309,	Delta[s+](10) = 0.0382003,	Delta[s+](11) = 0.126309,	Delta[s+](12) = 0.418321,	Delta[s+](13) = 0.292269,	Delta[s+](14) = 0.126309,	Delta[s+](15) = 0.292269
The 0-th iteration is completed.	|| time cost : 0h 4m 2.125s
********************************************************************************************************************
Start the 1 rounds of NGS-ED iteration
	effective electronic model is modified as: kinetic energy t = 0.998503
	                                           effective interaction Vq = [  -0.08248,-0.0516032,-0.0310579,-0.0516032,-0.0516032,-0.0318057,-0.0179042,-0.0318057,-0.0310579,-0.0179042,-0.0087408,-0.0179042,-0.0516032,-0.0318057,-0.0179042,-0.0318057]
	PARPACK diagonalization completed after 45 matrix-vector product operations.
	iteration results: : total energy is -12.942466 | electron energy -12.942470 + phonon energy 0.000005 | electron momentum kIdx = 0
The 1-th iteration is completed.	|| time cost : 0h 0m 24.364s
********************************************************************************************************************
Start the 2 rounds of NGS-ED iteration
	effective electronic model is modified as: kinetic energy t = 0.998439
	                                           effective interaction Vq = [ -0.0839384, -0.0525948, -0.0313817, -0.0525948, -0.0525948, -0.0321988, -0.0180246, -0.0321988, -0.0313817, -0.0180246,-0.00877309, -0.0180246, -0.0525948, -0.0321988, -0.0180246, -0.0321988]
	PARPACK diagonalization completed after 45 matrix-vector product operations.
	iteration results: : total energy is -12.960410 | electron energy -12.960417 + phonon energy 0.000007 | electron momentum kIdx = 0
The 2-th iteration is completed.	|| time cost : 0h 0m 24.347s
********************************************************************************************************************
Start the 3 rounds of NGS-ED iteration
	effective electronic model is modified as: kinetic energy t = 0.998417
	                                           effective interaction Vq = [ -0.0843438, -0.0529519, -0.0314776, -0.0529519, -0.0529519, -0.0323207, -0.0180571, -0.0323207, -0.0314776, -0.0180571,-0.00878106, -0.0180571, -0.0529519, -0.0323207, -0.0180571, -0.0323207]
	PARPACK diagonalization completed after 30 matrix-vector product operations.
	iteration results: : total energy is -12.965388 | electron energy -12.965395 + phonon energy 0.000007 | electron momentum kIdx = 0
The 3-th iteration is completed.	|| time cost : 0h 0m 21.561s
********************************************************************************************************************
Start the 4 rounds of NGS-ED iteration
	effective electronic model is modified as: kinetic energy t = 0.998409
	                                           effective interaction Vq = [ -0.0844566, -0.0530838, -0.0315063, -0.0530838, -0.0530838, -0.0323589, -0.0180659, -0.0323589, -0.0315063, -0.0180659,-0.00878304, -0.0180659, -0.0530838, -0.0323589, -0.0180659, -0.0323589]
	PARPACK diagonalization completed after 30 matrix-vector product operations.
	iteration results: : total energy is -12.966770 | electron energy -12.966778 + phonon energy 0.000008 | electron momentum kIdx = 0
The 4-th iteration is completed.	|| time cost : 0h 0m 21.58s
********************************************************************************************************************
Start the 5 rounds of NGS-ED iteration
	effective electronic model is modified as: kinetic energy t = 0.998406
	                                           effective interaction Vq = [ -0.0844879, -0.0531331, -0.0315149, -0.0531331, -0.0531331, -0.0323709, -0.0180683, -0.0323709, -0.0315149, -0.0180683,-0.00878353, -0.0180683, -0.0531331, -0.0323709, -0.0180683, -0.0323709]
	PARPACK diagonalization completed after 30 matrix-vector product operations.
	iteration results: : total energy is -12.967154 | electron energy -12.967162 + phonon energy 0.000008 | electron momentum kIdx = 0
The 5-th iteration is completed.	|| time cost : 0h 0m 21.545s
********************************************************************************************************************
Start the 6 rounds of NGS-ED iteration
	effective electronic model is modified as: kinetic energy t = 0.998405
	                                           effective interaction Vq = [ -0.0844966, -0.0531515, -0.0315175, -0.0531515, -0.0531515, -0.0323747, -0.0180689, -0.0323747, -0.0315175, -0.0180689,-0.00878365, -0.0180689, -0.0531515, -0.0323747, -0.0180689, -0.0323747]
	PARPACK diagonalization completed after 30 matrix-vector product operations.
	iteration results: : total energy is -12.967261 | electron energy -12.967269 + phonon energy 0.000008 | electron momentum kIdx = 0
	Nq(0) = 12.25,	Nq(1) = 0.154849,	Nq(2) = 0.185937,	Nq(3) = 0.154849,	Nq(4) = 0.154849,	Nq(5) = 0.204017,	Nq(6) = 0.236326,	Nq(7) = 0.204017,	Nq(8) = 0.185937,	Nq(9) = 0.236326,	Nq(10) = 0.276135,	Nq(11) = 0.236326,	Nq(12) = 0.154849,	Nq(13) = 0.204017,	Nq(14) = 0.236326,	Nq(15) = 0.204017,	Sq(0) = 3.53608e-18,	Sq(1) = 0.474026,	Sq(2) = 0.765586,	Sq(3) = 0.474026,	Sq(4) = 0.474026,	Sq(5) = 0.630261,	Sq(6) = 1.0515,	Sq(7) = 0.630261,	Sq(8) = 0.765586,	Sq(9) = 1.0515,	Sq(10) = 2.5669,	Sq(11) = 1.0515,	Sq(12) = 0.474026,	Sq(13) = 0.630261,	Sq(14) = 1.0515,	Sq(15) = 0.630261,	N(0) = 1.75637,	N(1) = 1.59326,	N(2) = 0.321104,	N(3) = 1.59326,	N(4) = 1.59326,	N(5) = 0.999775,	N(6) = 0.266176,	N(7) = 0.999775,	N(8) = 0.321104,	N(9) = 0.266176,	N(10) = 0.164584,	N(11) = 0.266176,	N(12) = 1.59326,	N(13) = 0.999775,	N(14) = 0.266176,	N(15) = 0.999775,	Delta[s](0) = 0.0797478,	Delta[s](1) = 0.0596278,	Delta[s](2) = 0.0357005,	Delta[s](3) = 0.0596278,	Delta[s](4) = 0.0596278,	Delta[s](5) = 0.0426502,	Delta[s](6) = 0.0197187,	Delta[s](7) = 0.0426502,	Delta[s](8) = 0.0357005,	Delta[s](9) = 0.0197187,	Delta[s](10) = 0.000254208,	Delta[s](11) = 0.0197187,	Delta[s](12) = 0.0596278,	Delta[s](13) = 0.0426502,	Delta[s](14) = 0.0197187,	Delta[s](15) = 0.0426502,	Delta[d](0) = 0.277559,	Delta[d](1) = 0.190334,	Delta[d](2) = 0.200281,	Delta[d](3) = 0.190334,	Delta[d](4) = 0.190334,	Delta[d](5) = 0.177098,	Delta[d](6) = 0.132759,	Delta[d](7) = 0.177098,	Delta[d](8) = 0.200281,	Delta[d](9) = 0.132759,	Delta[d](10) = 0.0535159,	Delta[d](11) = 0.132759,	Delta[d](12) = 0.190334,	Delta[d](13) = 0.177098,	Delta[d](14) = 0.132759,	Delta[d](15) = 0.177098,	Delta[s+](0) = 0.562495,	Delta[s+](1) = 0.418782,	Delta[s+](2) = 0.200281,	Delta[s+](3) = 0.418782,	Delta[s+](4) = 0.418782,	Delta[s+](5) = 0.29259,	Delta[s+](6) = 0.126456,	Delta[s+](7) = 0.29259,	Delta[s+](8) = 0.200281,	Delta[s+](9) = 0.126456,	Delta[s+](10) = 0.0382527,	Delta[s+](11) = 0.126456,	Delta[s+](12) = 0.418782,	Delta[s+](13) = 0.29259,	Delta[s+](14) = 0.126456,	Delta[s+](15) = 0.29259
The 6-th iteration is completed.	|| time cost : 0h 3m 59.411s
********************************************************************************************************************
********************************************************************************************************************
Ground state is obtained after 7 iterations. The current ground-state energy is -12.9673, in which electron energy is -12.9673 and phonon energy is 7.92997e-06
final variational state is: 
	Gamma_x = [      1,1.00066,1.00059,1.00066,1.00066,1.00064,1.00045,1.00064,1.00059,1.00045,1.00027,1.00045,1.00066,1.00064,1.00045,1.00064]
	lambda_q = [ 0.114523, 0.063358,0.0420876, 0.063358, 0.063358, 0.043921,0.0301728, 0.043921,0.0420876,0.0301728, 0.020097,0.0301728, 0.063358, 0.043921,0.0301728, 0.043921]
The effective e-e interactions mediated by phonons are: [ 0.0844991, 0.0531584, 0.0315183, 0.0531584, 0.0531584, 0.0323759, 0.0180691, 0.0323759, 0.0315183, 0.0180691,0.00878368, 0.0180691, 0.0531584, 0.0323759, 0.0180691, 0.0323759]
The real-space interactions mediated by phonons are: [  -0.570733,  -0.114903,-0.00970049, -0.0179148,  -0.145894, -0.0558952,-0.00970049, -0.0232102, -0.0268156, -0.0232102,-0.00970049, -0.0558952,  -0.145894, -0.0179148,-0.00970049,  -0.114903]
********************************************************************************************************************
o___o  ----------------------------------------
| L |	Time since last clock: 0h 0m 0s
A===A	Time since the beginning: 0h 26m 49.452s
***********************************************

********************************************************************************************************************
Start warm-up calculation for scaling factor 16
open output files: NGSEDWarmUpW3.2Obs.txt
********************************************************************************************************************
Start the 0 rounds of NGS-ED iteration
	effective electronic model is modified as: kinetic energy t = 0.998405
	                                           effective interaction Vq = [ -0.0771343, -0.0429095, -0.0246347, -0.0429095, -0.0429095, -0.0254502, -0.0139835, -0.0254502, -0.0246347, -0.0139835,-0.00674635, -0.0139835, -0.0429095, -0.0254502, -0.0139835, -0.0254502]
	PARPACK diagonalization completed after 45 matrix-vector product operations.
	iteration results: : total energy is -12.858101 | electron energy -12.858105 + phonon energy 0.000004 | electron momentum kIdx = 0
	Nq(0) = 12.25,	Nq(1) = 0.1547,	Nq(2) = 0.18576,	Nq(3) = 0.1547,	Nq(4) = 0.1547,	Nq(5) = 0.203808,	Nq(6) = 0.236114,	Nq(7) = 0.203808,	Nq(8) = 0.18576,	Nq(9) = 0.236114,	Nq(10) = 0.275915,	Nq(11) = 0.236114,	Nq(12) = 0.1547,	Nq(13) = 0.203808,	Nq(14) = 0.236114,	Nq(15) = 0.203808,	Sq(0) = 1.57963e-20,	Sq(1) = 0.474064,	Sq(2) = 0.765795,	Sq(3) = 0.474064,	Sq(4) = 0.474064,	Sq(5) = 0.630382,	Sq(6) = 1.0519,	Sq(7) = 0.630382,	Sq(8) = 0.765795,	Sq(9) = 1.0519,	Sq(10) = 2.56709,	Sq(11) = 1.0519,	Sq(12) = 0.474064,	Sq(13) = 0.630382,	Sq(14) = 1.0519,	Sq(15) = 0.630382,	N(0) = 1.75589,	N(1) = 1.5926,	N(2) = 0.321718,	N(3) = 1.5926,	N(4) = 1.5926,	N(5) = 0.999793,	N(6) = 0.266553,	N(7) = 0.999793,	N(8) = 0.321718,	N(9) = 0.266553,	N(10) = 0.164876,	N(11) = 0.266553,	N(12) = 1.5926,	N(13) = 0.999793,	N(14) = 0.266553,	N(15) = 0.999793,	Delta[s](0) = 0.0795879,	Delta[s](1) = 0.0595032,	Delta[s](2) = 0.0356228,	Delta[s](3) = 0.0595032,	Delta[s](4) = 0.0595032,	Delta[s](5) = 0.0425496,	Delta[s](6) = 0.0196672,	Delta[s](7) = 0.0425496,	Delta[s](8) = 0.0356228,	Delta[s](9) = 0.0196672,	Delta[s](10) = 0.000248491,	Delta[s](11) = 0.0196672,	Delta[s](12) = 0.0595032,	Delta[s](13) = 0.0425496,	Delta[s](14) = 0.0196672,	Delta[s](15) = 0.0425496,	Delta[d](0) = 0.277775,	Delta[d](1) = 0.19063,	Delta[d](2) = 0.200532,	Delta[d](3) = 0.19063,	Delta[d](4) = 0.19063,	Delta[d](5) = 0.177345,	Delta[d](6) = 0.132968,	Delta[d](7) = 0.177345,	Delta[d](8) = 0.200532,	Delta[d](9) = 0.132968,	Delta[d](10) = 0.0536312,	Delta[d](11) = 0.132968,	Delta[d](12) = 0.19063,	Delta[d](13) = 0.177345,	Delta[d](14) = 0.132968,	Delta[d](15) = 0.177345,	Delta[s+](0) = 0.562919,	Delta[s+](1) = 0.419113,	Delta[s+](2) = 0.200532,	Delta[s+](3) = 0.419113,	Delta[s+](4) = 0.419113,	Delta[s+](5) = 0.292854,	Delta[s+](6) = 0.126637,	Delta[s+](7) = 0.292854,	Delta[s+](8) = 0.200532,	Delta[s+](9) = 0.126637,	Delta[s+](10) = 0.0383411,	Delta[s+](11) = 0.126637,	Delta[s+](12) = 0.419113,	Delta[s+](13) = 0.292854,	Delta[s+](14) = 0.126637,	Delta[s+](15) = 0.292854
The 0-th iteration is completed.	|| time cost : 0h 4m 2.755s
********************************************************************************************************************
Start the 1 rounds of NGS-ED iteration
	effective electronic model is modified as: kinetic energy t = 0.998437
	                                           effective interaction Vq = [ -0.0806161, -0.0436162, -0.0241999, -0.0436162, -0.0436162, -0.0251935,  -0.013526, -0.0251935, -0.0241999,  -0.013526,-0.00643542,  -0.013526, -0.0436162, -0.0251935,  -0.013526, -0.0251935]
	PARPACK diagonalization completed after 45 matrix-vector product operations.
	iteration results: : total energy is -12.900837 | electron energy -12.900845 + phonon energy 0.000009 | electron momentum kIdx = 0
The 1-th iteration is completed.	|| time cost : 0h 0m 24.412s
********************************************************************************************************************
Start the 2 rounds of NGS-ED iteration
	effective electronic model is modified as: kinetic energy t = 0.998445
	                                           effective interaction Vq = [ -0.0824521, -0.0439773, -0.0240207, -0.0439773, -0.0439773,  -0.025083, -0.0133543,  -0.025083, -0.0240207, -0.0133543,-0.00632888, -0.0133543, -0.0439773,  -0.025083, -0.0133543,  -0.025083]
	PARPACK diagonalization completed after 45 matrix-vector product operations.
	iteration results: : total energy is -12.923343 | electron energy -12.923355 + phonon energy 0.000012 | electron momentum kIdx = 0
The 2-th iteration is completed.	|| time cost : 0h 0m 24.446s
********************************************************************************************************************
Start the 3 rounds of NGS-ED iteration
	effective electronic model is modified as: kinetic energy t = 0.998447
	                                           effective interaction Vq = [ -0.0834201, -0.0441633, -0.0239473, -0.0441633, -0.0441633, -0.0250358, -0.0132906, -0.0250358, -0.0239473, -0.0132906,-0.00629282, -0.0132906, -0.0441633, -0.0250358, -0.0132906, -0.0250358]
	PARPACK diagonalization completed after 45 matrix-vector product operations.
	iteration results: : total energy is -12.935206 | electron energy -12.935219 + phonon energy 0.000013 | electron momentum kIdx = 0
The 3-th iteration is completed.	|| time cost : 0h 0m 24.399s
********************************************************************************************************************
Start the 4 rounds of NGS-ED iteration
	effective electronic model is modified as: kinetic energy t = 0.998446
	                                           effective interaction Vq = [ -0.0839306, -0.0442596, -0.0239173, -0.0442596, -0.0442596, -0.0250156,  -0.013267, -0.0250156, -0.0239173,  -0.013267,-0.00628066,  -0.013267, -0.0442596, -0.0250156,  -0.013267, -0.0250156]
	PARPACK diagonalization completed after 30 matrix-vector product operations.
	iteration results: : total energy is -12.941460 | electron energy -12.941474 + phonon energy 0.000014 | electron momentum kIdx = 0
The 4-th iteration is completed.	|| time cost : 0h 0m 21.617s
********************************************************************************************************************
Start the 5 rounds of NGS-ED iteration
	effective electronic model is modified as: kinetic energy t = 0.998446
	                                           effective interaction Vq = [ -0.0841998, -0.0443096, -0.0239051, -0.0443096, -0.0443096, -0.0250071, -0.0132583, -0.0250071, -0.0239051, -0.0132583,-0.00627657, -0.0132583, -0.0443096, -0.0250071, -0.0132583, -0.0250071]
	PARPACK diagonalization completed after 30 matrix-vector product operations.
	iteration results: : total energy is -12.944757 | electron energy -12.944772 + phonon energy 0.000015 | electron momentum kIdx = 0
The 5-th iteration is completed.	|| time cost : 0h 0m 21.586s
********************************************************************************************************************
Start the 6 rounds of NGS-ED iteration
	effective electronic model is modified as: kinetic energy t = 0.998445
	                                           effective interaction Vq = [-0.0843417,-0.0443355,-0.0239002,-0.0443355,-0.0443355,-0.0250035,-0.0132551,-0.0250035,-0.0239002,-0.0132551,-0.0062752,-0.0132551,-0.0443355,-0.0250035,-0.0132551,-0.0250035]
	PARPACK diagonalization completed after 30 matrix-vector product operations.
	iteration results: : total energy is -12.946496 | electron energy -12.946511 + phonon energy 0.000015 | electron momentum kIdx = 0
The 6-th iteration is completed.	|| time cost : 0h 0m 21.6s
********************************************************************************************************************
Start the 7 rounds of NGS-ED iteration
	effective electronic model is modified as: kinetic energy t = 0.998445
	                                           effective interaction Vq = [ -0.0844165,  -0.044349, -0.0238982,  -0.044349,  -0.044349, -0.0250019, -0.0132539, -0.0250019, -0.0238982, -0.0132539,-0.00627474, -0.0132539,  -0.044349, -0.0250019, -0.0132539, -0.0250019]
	PARPACK diagonalization completed after 30 matrix-vector product operations.
	iteration results: : total energy is -12.947412 | electron energy -12.947428 + phonon energy 0.000015 | electron momentum kIdx = 0
The 7-th iteration is completed.	|| time cost : 0h 0m 21.606s
********************************************************************************************************************
Start the 8 rounds of NGS-ED iteration
	effective electronic model is modified as: kinetic energy t = 0.998445
	                                           effective interaction Vq = [  -0.084456, -0.0443561, -0.0238974, -0.0443561, -0.0443561, -0.0250013, -0.0132534, -0.0250013, -0.0238974, -0.0132534,-0.00627459, -0.0132534, -0.0443561, -0.0250013, -0.0132534, -0.0250013]
	PARPACK diagonalization completed after 30 matrix-vector product operations.
	iteration results: : total energy is -12.947896 | electron energy -12.947911 + phonon energy 0.000015 | electron momentum kIdx = 0
The 8-th iteration is completed.	|| time cost : 0h 0m 21.574s
********************************************************************************************************************
Start the 9 rounds of NGS-ED iteration
	effective electronic model is modified as: kinetic energy t = 0.998445
	                                           effective interaction Vq = [ -0.0844768, -0.0443598, -0.0238971, -0.0443598, -0.0443598,  -0.025001, -0.0132533,  -0.025001, -0.0238971, -0.0132533,-0.00627453, -0.0132533, -0.0443598,  -0.025001, -0.0132533,  -0.025001]
	PARPACK diagonalization completed after 30 matrix-vector product operations.
	iteration results: : total energy is -12.948151 | electron energy -12.948166 + phonon energy 0.000016 | electron momentum kIdx = 0
The 9-th iteration is completed.	|| time cost : 0h 0m 21.586s
********************************************************************************************************************
Start the 10 rounds of NGS-ED iteration
	effective electronic model is modified as: kinetic energy t = 0.998445
	                                           effective interaction Vq = [ -0.0844878, -0.0443617, -0.0238969, -0.0443617, -0.0443617, -0.0250009, -0.0132532, -0.0250009, -0.0238969, -0.0132532,-0.00627452, -0.0132532, -0.0443617, -0.0250009, -0.0132532, -0.0250009]
	PARPACK diagonalization completed after 30 matrix-vector product operations.
	iteration results: : total energy is -12.948285 | electron energy -12.948301 + phonon energy 0.000016 | electron momentum kIdx = 0
	Nq(0) = 12.25,	Nq(1) = 0.154721,	Nq(2) = 0.185747,	Nq(3) = 0.154721,	Nq(4) = 0.154721,	Nq(5) = 0.203793,	Nq(6) = 0.236097,	Nq(7) = 0.203793,	Nq(8) = 0.185747,	Nq(9) = 0.236097,	Nq(10) = 0.275903,	Nq(11) = 0.236097,	Nq(12) = 0.154721,	Nq(13) = 0.203793,	Nq(14) = 0.236097,	Nq(15) = 0.203793,	Sq(0) = -5.82407e-19,	Sq(1) = 0.474038,	Sq(2) = 0.765797,	Sq(3) = 0.474038,	Sq(4) = 0.474038,	Sq(5) = 0.630379,	Sq(6) = 1.05195,	Sq(7) = 0.630379,	Sq(8) = 0.765797,	Sq(9) = 1.05195,	Sq(10) = 2.56708,	Sq(11) = 1.05195,	Sq(12) = 0.474038,	Sq(13) = 0.630379,	Sq(14) = 1.05195,	Sq(15) = 0.630379,	N(0) = 1.75587,	N(1) = 1.59259,	N(2) = 0.321746,	N(3) = 1.59259,	N(4) = 1.59259,	N(5) = 0.999783,	N(6) = 0.266561,	N(7) = 0.999783,	N(8) = 0.321746,	N(9) = 0.266561,	N(10) = 0.164898,	N(11) = 0.266561,	N(12) = 1.59259,	N(13) = 0.999783,	N(14) = 0.266561,	N(15) = 0.999783,	Delta[s](0) = 0.0795847,	Delta[s](1) = 0.0595005,	Delta[s](2) = 0.0356201,	Delta[s](3) = 0.0595005,	Delta[s](4) = 0.0595005,	Delta[s](5) = 0.0425467,	Delta[s](6) = 0.0196649,	Delta[s](7) = 0.0425467,	Delta[s](8) = 0.0356201,	Delta[s](9) = 0.0196649,	Delta[s](10) = 0.000247141,	Delta[s](11) = 0.0196649,	Delta[s](12) = 0.0595005,	Delta[s](13) = 0.0425467,	Delta[s](14) = 0.0196649,	Delta[s](15) = 0.0425467,	Delta[d](0) = 0.278534,	Delta[d](1) = 0.191132,	Delta[d](2) = 0.201048,	Delta[d](3) = 0.191132,	Delta[d](4) = 0.191132,	Delta[d](5) = 0.177805,	Delta[d](6) = 0.133311,	Delta[d](7) = 0.177805,	Delta[d](8) = 0.201048,	Delta[d](9) = 0.133311,	Delta[d](10) = 0.0537754,	Delta[d](11) = 0.133311,	Delta[d](12) = 0.191132,	Delta[d](13) = 0.177805,	Delta[d](14) = 0.133311,	Delta[d](15) = 0.177805,	Delta[s+](0) = 0.564354,	Delta[s+](1) = 0.420181,	Delta[s+](2) = 0.201048,	Delta[s+](3) = 0.420181,	Delta[s+](4) = 0.420181,	Delta[s+](5) = 0.293599,	Delta[s+](6) = 0.126961,	Delta[s+](7) = 0.293599,	Delta[s+](8) = 0.201048,	Delta[s+](9) = 0.126961,	Delta[s+](10) = 0.0384415,	Delta[s+](11) = 0.126961,	Delta[s+](12) = 0.420181,	Delta[s+](13) = 0.293599,	Delta[s+](14) = 0.126961,	Delta[s+](15) = 0.293599
The 10-th iteration is completed.	|| time cost : 0h 3m 58.726s
********************************************************************************************************************
********************************************************************************************************************
Ground state is obtained after 11 iterations. The current ground-state energy is -12.9483, in which electron energy is -12.9483 and phonon energy is 1.557e-05
final variational state is: 
	Gamma_x = [      1,1.00146,1.00108,1.00146,1.00146,1.00122,1.00079,1.00122,1.00108,1.00079,1.00045,1.00079,1.00146,1.00122,1.00079,1.00122]
	lambda_q = [  0.16108,0.0664865,0.0404689,0.0664865,0.0664865,0.0429049,0.0282158,0.0429049,0.0404689,0.0282158,0.0183926,0.0282158,0.0664865,0.0429049,0.0282158,0.0429049]
The effective e-e interactions mediated by phonons are: [ 0.0844935, 0.0443627, 0.0238969, 0.0443627, 0.0443627, 0.0250009, 0.0132532, 0.0250009, 0.0238969, 0.0132532,0.00627451, 0.0132532, 0.0443627, 0.0250009, 0.0132532, 0.0250009]
The real-space interactions mediated by phonons are: [ -0.469029, -0.113704,-0.0196651,-0.0312995, -0.140438,-0.0649721,-0.0196651,-0.0324111,-0.0385583,-0.0324111,-0.0196651,-0.0649721, -0.140438,-0.0312995,-0.0196651, -0.113704]
********************************************************************************************************************
o___o  ----------------------------------------
| L |	Time since last clock: 0h 0m 0s
A===A	Time since the beginning: 0h 38m 13.763s
***********************************************

********************************************************************************************************************
Start warm-up calculation for scaling factor 8
open output files: NGSEDWarmUpW1.6Obs.txt
********************************************************************************************************************
Start the 0 rounds of NGS-ED iteration
	effective electronic model is modified as: kinetic energy t = 0.998445
	                                           effective interaction Vq = [ -0.0769419, -0.0342988,  -0.017983, -0.0342988, -0.0342988, -0.0188983,-0.00989907, -0.0188983,  -0.017983,-0.00989907,-0.00466095,-0.00989907, -0.0342988, -0.0188983,-0.00989907, -0.0188983]
	PARPACK diagonalization completed after 45 matrix-vector product operations.
	iteration results: : total energy is -12.838851 | electron energy -12.838859 + phonon energy 0.000008 | electron momentum kIdx = 0
