SNEDics v3.22.2 Non-Gaussian ED ground state program		Start at Tue Apr 19 06:29:27 2022

Parallelization: 32 MPI threads  * 8 OpenMP threads = 256 total threads.
********************************************************************************************************************
********************************************************************************************************************

********************************************************************************************************************
System parameters and configurations
	special program options are enabled: splitted diagonal Hamiltonian | splitted Hamiltonian terms
********************************************************************************************************************
Read input file "model_params.in"
	Hubbard-Holstein model parameters : 	t = 1    U = 8    g = 0.15    W = 0.2    g' = 0.2    
********************************************************************************************************************
Read input file "hilbertspace_params.in"
	Requested 16-site 2D lattice, with 12 electrons (6, 6)
	Boundary : Periodic		Hilbert space representation : momentum-space (restricted to kIdx = 0)
	Conservation: particle number[U(1)]      spin[U(1)]     momentum
********************************************************************************************************************

Cluster Positions:				Cluster symmetry group : D4
 x ... x ... x ... x .....                       x ... x ... x ... x .....
 |           |           :                       |           |           :
 |           |           :                       |           |           :
12    13    14    15     x                       1     5     6     5     x
 |           |           :                       |           |           :
 |           |           :                       |           |           :
 8 --- 9 ---10 ---11 --- x                       2 --- 6 ---10 --- 6 --- x
 |           |           :                       |           |           :
 |           |           :                       |           |           :
 4     5     6     7     x                       1     5     6     5     x
 |           |           :                       |           |           :
 |           |           :                       |           |           :
 0 --- 1 --- 2 --- 3 --- x                       0 --- 1 --- 2 --- 1 --- x
orbital number : 1
********************************************************************************************************************
Read input file "obs_params.in"
	Observable Type : Nq(All),   Sq(All),   N(All-Orbital),   Delta[s](All),   Delta[d](All),   Delta[s+](All)
** WARNING ** the input observables have non-local factors which have been reinterpreted. The total observable number is 96
********************************************************************************************************************


********************************************************************************************************************
Start calculating the non-Gaussian ED ground state
Maximal iteration number is 1000; energy resolution is 1e-06. Phonon state relaxation time is 2000
W = 0.2 is relatively large. The non-Gaussian ED calculation starts directly.
open output files: NGSED_iteration_observables.txt
********************************************************************************************************************
Start the 0 rounds of NGS-ED iteration
	effective electronic model is modified as: kinetic energy t = 1
	                                           effective interaction Vq = [0,0,0,0,0,0,0,0,0,0,0,0,0,0,0,0]
	first Hamiltonian is constructed, size = 4008592 and non-zero numbers = 969134044
	PARPACK diagonalization completed after 150 matrix-vector product operations.
	iteration results: : total energy is -14.925310 | electron energy -14.925310 + phonon energy 0.000000 | electron momentum kIdx = 0
	Nq(0) = 9,	Nq(1) = 0.191675,	Nq(2) = 0.266183,	Nq(3) = 0.191675,	Nq(4) = 0.191675,	Nq(5) = 0.245517,	
	Nq(6) = 0.314107,	Nq(7) = 0.245517,	Nq(8) = 0.266183,	Nq(9) = 0.314107,	Nq(10) = 0.369338,	
	Nq(11) = 0.314107,	Nq(12) = 0.191675,	Nq(13) = 0.245517,	Nq(14) = 0.314107,	Nq(15) = 0.245517;	
	Sq(0) = 3.02743e-18,	Sq(1) = 0.554662,	Sq(2) = 0.424361,	Sq(3) = 0.554662,	Sq(4) = 0.554662,	
	Sq(5) = 0.79749,	Sq(6) = 1.01287,	Sq(7) = 0.79749,	Sq(8) = 0.424361,	Sq(9) = 1.01287,	
	Sq(10) = 0.784303,	Sq(11) = 1.01287,	Sq(12) = 0.554662,	Sq(13) = 0.79749,	Sq(14) = 1.01287,	
	Sq(15) = 0.79749;	N(0) = 1.76735,	N(1) = 1.6264,	N(2) = 0.74365,	N(3) = 1.6264,	
	N(4) = 1.6264,	N(5) = 0.392302,	N(6) = 0.144321,	N(7) = 0.392302,	N(8) = 0.74365,	
	N(9) = 0.144321,	N(10) = 0.0932732,	N(11) = 0.144321,	N(12) = 1.6264,	N(13) = 0.392302,	
	N(14) = 0.144321,	N(15) = 0.392302;	Delta[s](0) = 0.0647572,	Delta[s](1) = 0.0449715,	Delta[s](2) = 0.0302973,	
	Delta[s](3) = 0.0449715,	Delta[s](4) = 0.0449715,	Delta[s](5) = 0.0271051,	Delta[s](6) = 0.00978004,	Delta[s](7) = 0.0271051,	
	Delta[s](8) = 0.0302973,	Delta[s](9) = 0.00978004,	Delta[s](10) = 0.000672066,	Delta[s](11) = 0.00978004,	Delta[s](12) = 0.0449715,	
	Delta[s](13) = 0.0271051,	Delta[s](14) = 0.00978004,	Delta[s](15) = 0.0271051;	Delta[d](0) = 0.228501,	Delta[d](1) = 0.179876,	
	Delta[d](2) = 0.221691,	Delta[d](3) = 0.179876,	Delta[d](4) = 0.179876,	Delta[d](5) = 0.123367,	Delta[d](6) = 0.15026,	
	Delta[d](7) = 0.123367,	Delta[d](8) = 0.221691,	Delta[d](9) = 0.15026,	Delta[d](10) = 0.078512,	Delta[d](11) = 0.15026,	
	Delta[d](12) = 0.179876,	Delta[d](13) = 0.123367,	Delta[d](14) = 0.15026,	Delta[d](15) = 0.123367;	Delta[s+](0) = 0.527176,	
	Delta[s+](1) = 0.359743,	Delta[s+](2) = 0.221691,	Delta[s+](3) = 0.359743,	Delta[s+](4) = 0.359743,	Delta[s+](5) = 0.176952,	
	Delta[s+](6) = 0.0632396,	Delta[s+](7) = 0.176952,	Delta[s+](8) = 0.221691,	Delta[s+](9) = 0.0632396,	Delta[s+](10) = 0.0161816,	
	Delta[s+](11) = 0.0632396,	Delta[s+](12) = 0.359743,	Delta[s+](13) = 0.176952,	Delta[s+](14) = 0.0632396,	Delta[s+](15) = 0.176952
	
The 0-th iteration is completed.	|| time cost : 0h 2m 2.204s
********************************************************************************************************************
Start the 1 rounds of NGS-ED iteration
	effective electronic model is modified as: kinetic energy t = 0.992826
	                                           effective interaction Vq = [    -4.5125,  -0.219071,-0.00984194,  -0.219071,  -0.219071,-0.00910914, -0.0222655,-0.00910914,-0.00984194, -0.0222655,  -0.172986, -0.0222655,  -0.219071,-0.00910914, -0.0222655,-0.00910914]
	PARPACK diagonalization completed after 45 matrix-vector product operations.
	iteration results: : total energy is -55.668114 | electron energy -55.681222 + phonon energy 0.013108 | electron momentum kIdx = 0
The 1-th iteration is completed.	|| time cost : 0h 1m 18.024s
********************************************************************************************************************
Start the 2 rounds of NGS-ED iteration
	effective electronic model is modified as: kinetic energy t = 0.992534
	                                           effective interaction Vq = [    -4.5125,  -0.225666,-0.00974617,  -0.225666,  -0.225666,-0.00904431,  -0.022152,-0.00904431,-0.00974617,  -0.022152,  -0.178206,  -0.022152,  -0.225666,-0.00904431,  -0.022152,-0.00904431]
	PARPACK diagonalization completed after 30 matrix-vector product operations.
	iteration results: : total energy is -55.668193 | electron energy -55.682687 + phonon energy 0.014494 | electron momentum kIdx = 0
The 2-th iteration is completed.	|| time cost : 0h 0m 9.352s
********************************************************************************************************************
Start the 3 rounds of NGS-ED iteration
	effective electronic model is modified as: kinetic energy t = 0.992524
	                                           effective interaction Vq = [    -4.5125,  -0.225884,-0.00974322,  -0.225884,  -0.225884,-0.00904238,  -0.022147,-0.00904238,-0.00974322,  -0.022147,  -0.178375,  -0.022147,  -0.225884,-0.00904238,  -0.022147,-0.00904238]
	PARPACK diagonalization completed after 30 matrix-vector product operations.
	iteration results: : total energy is -55.668193 | electron energy -55.682733 + phonon energy 0.014540 | electron momentum kIdx = 0
The 3-th iteration is completed.	|| time cost : 0h 0m 9.326s
********************************************************************************************************************
Start the 4 rounds of NGS-ED iteration
	effective electronic model is modified as: kinetic energy t = 0.992524
	                                           effective interaction Vq = [    -4.5125,  -0.225892,-0.00974313,  -0.225892,  -0.225892,-0.00904232, -0.0221468,-0.00904232,-0.00974313, -0.0221468,   -0.17838, -0.0221468,  -0.225892,-0.00904232, -0.0221468,-0.00904232]
	PARPACK diagonalization completed after 30 matrix-vector product operations.
	iteration results: : total energy is -55.668193 | electron energy -55.682734 + phonon energy 0.014541 | electron momentum kIdx = 0
The 4-th iteration is completed.	|| time cost : 0h 0m 9.337s
********************************************************************************************************************
Start the 5 rounds of NGS-ED iteration
	effective electronic model is modified as: kinetic energy t = 0.992524
	                                           effective interaction Vq = [    -4.5125,  -0.225892,-0.00974312,  -0.225892,  -0.225892,-0.00904232, -0.0221468,-0.00904232,-0.00974312, -0.0221468,   -0.17838, -0.0221468,  -0.225892,-0.00904232, -0.0221468,-0.00904232]
	PARPACK diagonalization completed after 30 matrix-vector product operations.
	iteration results: : total energy is -55.668193 | electron energy -55.682734 + phonon energy 0.014542 | electron momentum kIdx = 0
The 5-th iteration is completed.	|| time cost : 0h 0m 9.34s
********************************************************************************************************************
Start the 6 rounds of NGS-ED iteration
	effective electronic model is modified as: kinetic energy t = 0.992524
	                                           effective interaction Vq = [    -4.5125,  -0.225892,-0.00974312,  -0.225892,  -0.225892,-0.00904232, -0.0221468,-0.00904232,-0.00974312, -0.0221468,   -0.17838, -0.0221468,  -0.225892,-0.00904232, -0.0221468,-0.00904232]
	PARPACK diagonalization completed after 30 matrix-vector product operations.
	iteration results: : total energy is -55.668193 | electron energy -55.682734 + phonon energy 0.014542 | electron momentum kIdx = 0
	Nq(0) = 9,	Nq(1) = 0.196837,	Nq(2) = 0.264263,	Nq(3) = 0.196837,	Nq(4) = 0.196837,	Nq(5) = 0.244448,	
	Nq(6) = 0.313464,	Nq(7) = 0.244448,	Nq(8) = 0.264263,	Nq(9) = 0.313464,	Nq(10) = 0.37705,	
	Nq(11) = 0.313464,	Nq(12) = 0.196837,	Nq(13) = 0.244448,	Nq(14) = 0.313464,	Nq(15) = 0.244448;	
	Sq(0) = 2.97324e-18,	Sq(1) = 0.551577,	Sq(2) = 0.424423,	Sq(3) = 0.551577,	Sq(4) = 0.551577,	
	Sq(5) = 0.795661,	Sq(6) = 1.01163,	Sq(7) = 0.795661,	Sq(8) = 0.424423,	Sq(9) = 1.01163,	
	Sq(10) = 0.791094,	Sq(11) = 1.01163,	Sq(12) = 0.551577,	Sq(13) = 0.795661,	Sq(14) = 1.01163,	
	Sq(15) = 0.795661;	N(0) = 1.76923,	N(1) = 1.63338,	N(2) = 0.739863,	N(3) = 1.63338,	
	N(4) = 1.63338,	N(5) = 0.387504,	N(6) = 0.143356,	N(7) = 0.387504,	N(8) = 0.739863,	
	N(9) = 0.143356,	N(10) = 0.0940696,	N(11) = 0.143356,	N(12) = 1.63338,	N(13) = 0.387504,	
	N(14) = 0.143356,	N(15) = 0.387504;	Delta[s](0) = 0.0658347,	Delta[s](1) = 0.045748,	Delta[s](2) = 0.0309755,	
	Delta[s](3) = 0.045748,	Delta[s](4) = 0.045748,	Delta[s](5) = 0.0277152,	Delta[s](6) = 0.00998286,	Delta[s](7) = 0.0277152,	
	Delta[s](8) = 0.0309755,	Delta[s](9) = 0.00998286,	Delta[s](10) = 0.000715968,	Delta[s](11) = 0.00998286,	Delta[s](12) = 0.045748,	
	Delta[s](13) = 0.0277152,	Delta[s](14) = 0.00998286,	Delta[s](15) = 0.0277152;	Delta[d](0) = 0.229186,	Delta[d](1) = 0.180441,	
	Delta[d](2) = 0.222197,	Delta[d](3) = 0.180441,	Delta[d](4) = 0.180441,	Delta[d](5) = 0.12335,	Delta[d](6) = 0.150285,	
	Delta[d](7) = 0.12335,	Delta[d](8) = 0.222197,	Delta[d](9) = 0.150285,	Delta[d](10) = 0.0767247,	Delta[d](11) = 0.150285,	
	Delta[d](12) = 0.180441,	Delta[d](13) = 0.12335,	Delta[d](14) = 0.150285,	Delta[d](15) = 0.12335;	Delta[s+](0) = 0.52929,	
	Delta[s+](1) = 0.360979,	Delta[s+](2) = 0.222197,	Delta[s+](3) = 0.360979,	Delta[s+](4) = 0.360979,	Delta[s+](5) = 0.17738,	
	Delta[s+](6) = 0.0632294,	Delta[s+](7) = 0.17738,	Delta[s+](8) = 0.222197,	Delta[s+](9) = 0.0632294,	Delta[s+](10) = 0.016344,	
	Delta[s+](11) = 0.0632294,	Delta[s+](12) = 0.360979,	Delta[s+](13) = 0.17738,	Delta[s+](14) = 0.0632294,	Delta[s+](15) = 0.17738
	
The 6-th iteration is completed.	|| time cost : 0h 1m 19.295s
********************************************************************************************************************
********************************************************************************************************************
Ground state is obtained after 7 iterations. The current ground-state energy is -55.6682, in which electron energy is -55.6827 and phonon energy is 0.0145415
Final variational state is: 
	Gamma_x = [      1,1.23584,1.01266,1.23584,1.23584,1.01088,1.03465,1.01088,1.01266,1.03465,1.38157,1.03465,1.23584,1.01088,1.03465,1.01088]
	lambda_q = [      4.75,  0.213656, 0.0332125,  0.213656,  0.213656, 0.0307724,-0.0451075, 0.0307724, 0.0332125,-0.0451075, -0.140242,-0.0451075,  0.213656, 0.0307724,-0.0451075, 0.0307724]
Effective e-e interactions mediated by phonons are:
	momentum-space Vq = [    -4.5125,  -0.225892,-0.00974312,  -0.225892,  -0.225892,-0.00904232, -0.0221468,-0.00904232,-0.00974312, -0.0221468,   -0.17838, -0.0221468,  -0.225892,-0.00904232, -0.0221468,-0.00904232]
	real-space Vr = [-0.358668,-0.296351,-0.292137,-0.296351,-0.296351,-0.291962,-0.245414,-0.291962,-0.292137,-0.245414,-0.234649,-0.245414,-0.296351,-0.291962,-0.245414,-0.291962]
********************************************************************************************************************
o___o  ----------------------------------------
| L |	Time since last clock: 0h 0m 0.006s
A===A	Time since the beginning: 0h 5m 16.888s
***********************************************


Non-Gaussina ED ground state calculation is completed. The final ground-state energy is -55.6682
********************************************************************************************************************
o___o  ----------------------------------------
| L |	Time since last clock: 0h 0m 0.002s
A===A	Time since the beginning: 0h 5m 16.89s
***********************************************



********************************************************************************************************************
All non-Gaussian ED ground state calculations have been completed. Exit now.
