SNEDics v3.4 Non-Gaussian ED ground state program		Start at Tue Oct  1 14:46:13 2019

parallized on 16 MPI threads  * 8 OpenMP threads = 128 total threads.
********************************************************************************************************************
********************************************************************************************************************

********************************************************************************************************************
System parameters and configurations
********************************************************************************************************************
Special program options are enabled: splitted diagonal Hamiltonian
********************************************************************************************************************
Read input file "model_params.in"
	Hubbard-Holstein model parameters : 	t = 1    U = 6.21    g = 4.1833    W = 5    
********************************************************************************************************************
Read input file "hilbertspace_params.in"
	Requested 16-site 2D lattice, with 16 electrons (8, 8)
	Boundary : Periodic		Hilbert space representation : momentum-space (restricted to kIdx = 0)
	Conservation: particle number[U(1)]      spin[U(1)]     momentum
********************************************************************************************************************

Cluster Positions:				Cluster symmetry group : D4
 x ... x ... x ... x .....                       x ... x ... x ... x .....
 |           |           :                       |           |           :
 |           |           :                       |           |           :
12    13    14    15     x                       1     5     6     5     x
 |           |           :                       |           |           :
 |           |           :                       |           |           :
 8 --- 9 ---10 ---11 --- x                       2 --- 6 ---10 --- 6 --- x
 |           |           :                       |           |           :
 |           |           :                       |           |           :
 4     5     6     7     x                       1     5     6     5     x
 |           |           :                       |           |           :
 |           |           :                       |           |           :
 0 --- 1 --- 2 --- 3 --- x                       0 --- 1 --- 2 --- 1 --- x
orbital number : 1
********************************************************************************************************************
Read input file "obs_params.in"
	Observable Type : Nq(All),   Sq(All),   N(All),   Delta[s](All),   Delta[d](All),   Delta[s+](All)
********************************************************************************************************************
** WARNING ** the input observables have non-local factors which have been reinterpreted. The total observable number is 96
********************************************************************************************************************


********************************************************************************************************************
Start calculating the non-Gaussian ED ground state
** WARNING ** Detected low phonon energy W < 10. The initial state will be prepared through a warm-up process.
********************************************************************************************************************
Start warm-up calculation for scaling factor 2
open output files: NGSEDWarmUpW10Obs.txt
********************************************************************************************************************
Start the 0 rounds of NGS-ED iteration
	effective electronic model is modified as: kinetic energy t = 1
	                                           effective interaction Vq = [-0,-0,-0,-0,-0,-0,-0,-0,-0,-0,-0,-0,-0,-0,-0,-0]
	first Hamiltonian is constructed, non-zero numbers = 2845383612
	PARPACK diagonalization completed after 90 matrix-vector product operations.
	iteration results: : total energy is -10.293596 | electron energy -10.293596 + phonon energy 0.000000 | electron momentum kIdx = 0
	Nq(0) = 16,	Nq(1) = 0.0935552,	Nq(2) = 0.154987,	Nq(3) = 0.0935552,	Nq(4) = 0.0935552,	Nq(5) = 0.154987,	Nq(6) = 0.211313,	Nq(7) = 0.154987,	Nq(8) = 0.154987,	Nq(9) = 0.211313,	Nq(10) = 0.263307,	Nq(11) = 0.211313,	Nq(12) = 0.0935552,	Nq(13) = 0.154987,	Nq(14) = 0.211313,	Nq(15) = 0.154987,	Sq(0) = 1.56647e-18,	Sq(1) = 0.422933,	Sq(2) = 0.635345,	Sq(3) = 0.422933,	Sq(4) = 0.422933,	Sq(5) = 0.635345,	Sq(6) = 0.883419,	Sq(7) = 0.635345,	Sq(8) = 0.635345,	Sq(9) = 0.883419,	Sq(10) = 4.54982,	Sq(11) = 0.883419,	Sq(12) = 0.422933,	Sq(13) = 0.635345,	Sq(14) = 0.883419,	Sq(15) = 0.635345,	N(0) = 1.84888,	N(1) = 1.68712,	N(2) = 1,	N(3) = 1.68712,	N(4) = 1.68712,	N(5) = 1,	N(6) = 0.312876,	N(7) = 1,	N(8) = 1,	N(9) = 0.312876,	N(10) = 0.151118,	N(11) = 0.312876,	N(12) = 1.68712,	N(13) = 1,	N(14) = 0.312876,	N(15) = 1,	Delta[s](0) = 0.116206,	Delta[s](1) = 0.0973345,	Delta[s](2) = 0.0769044,	Delta[s](3) = 0.0973345,	Delta[s](4) = 0.0973345,	Delta[s](5) = 0.0769044,	Delta[s](6) = 0.0546331,	Delta[s](7) = 0.0769044,	Delta[s](8) = 0.0769044,	Delta[s](9) = 0.0546331,	Delta[s](10) = 0.0208482,	Delta[s](11) = 0.0546331,	Delta[s](12) = 0.0973345,	Delta[s](13) = 0.0769044,	Delta[s](14) = 0.0546331,	Delta[s](15) = 0.0769044,	Delta[d](0) = 0.57476,	Delta[d](1) = 0.427538,	Delta[d](2) = 0.329992,	Delta[d](3) = 0.427538,	Delta[d](4) = 0.427538,	Delta[d](5) = 0.338815,	Delta[d](6) = 0.239751,	Delta[d](7) = 0.338815,	Delta[d](8) = 0.329992,	Delta[d](9) = 0.239751,	Delta[d](10) = 0.118365,	Delta[d](11) = 0.239751,	Delta[d](12) = 0.427538,	Delta[d](13) = 0.338815,	Delta[d](14) = 0.239751,	Delta[d](15) = 0.338815,	Delta[s+](0) = 0.608684,	Delta[s+](1) = 0.481155,	Delta[s+](2) = 0.329992,	Delta[s+](3) = 0.481155,	Delta[s+](4) = 0.481155,	Delta[s+](5) = 0.329992,	Delta[s+](6) = 0.183169,	Delta[s+](7) = 0.329992,	Delta[s+](8) = 0.329992,	Delta[s+](9) = 0.183169,	Delta[s+](10) = 0.0603458,	Delta[s+](11) = 0.183169,	Delta[s+](12) = 0.481155,	Delta[s+](13) = 0.329992,	Delta[s+](14) = 0.183169,	Delta[s+](15) = 0.329992
The 0-th iteration is completed.	|| time cost : 0h 8m 46.574s
********************************************************************************************************************
Start the 1 rounds of NGS-ED iteration
	effective electronic model is modified as: kinetic energy t = 0.922671
	                                           effective interaction Vq = [-3.02633,-2.64887,-2.57602,-2.64887,-2.64887,-2.57602,-2.53535,-2.57602,-2.57602,-2.53535,-2.50505,-2.53535,-2.64887,-2.57602,-2.53535,-2.57602]
	PARPACK diagonalization completed after 60 matrix-vector product operations.
	iteration results: : total energy is -67.166281 | electron energy -67.170667 + phonon energy 0.004386 | electron momentum kIdx = 0
The 1-th iteration is completed.	|| time cost : 0h 7m 49.637s
********************************************************************************************************************
Start the 2 rounds of NGS-ED iteration
	effective electronic model is modified as: kinetic energy t = 0.858112
	                                           effective interaction Vq = [ -3.4359,-3.24663, -3.1178,-3.24663,-3.24663, -3.1178,-3.11474, -3.1178, -3.1178,-3.11474,-3.05101,-3.11474,-3.24663, -3.1178,-3.11474, -3.1178]
	PARPACK diagonalization completed after 75 matrix-vector product operations.
	iteration results: : total energy is -75.780792 | electron energy -75.827338 + phonon energy 0.046546 | electron momentum kIdx = 0
The 2-th iteration is completed.	|| time cost : 0h 0m 41.505s
********************************************************************************************************************
Start the 3 rounds of NGS-ED iteration
	effective electronic model is modified as: kinetic energy t = 0.821332
	                                           effective interaction Vq = [-3.49132,-3.39387,-3.34504,-3.39387,-3.39387,-3.34504,-3.28143,-3.34504,-3.34504,-3.28143,-3.19773,-3.28143,-3.39387,-3.34504,-3.28143,-3.34504]
	PARPACK diagonalization completed after 60 matrix-vector product operations.
	iteration results: : total energy is -77.510846 | electron energy -77.602623 + phonon energy 0.091777 | electron momentum kIdx = 0
The 3-th iteration is completed.	|| time cost : 0h 0m 36.77s
********************************************************************************************************************
Start the 4 rounds of NGS-ED iteration
	effective electronic model is modified as: kinetic energy t = 0.803771
	                                           effective interaction Vq = [-3.49883,-3.43038,-3.41468,-3.43038,-3.43038,-3.41468,-3.33208,-3.41468,-3.41468,-3.33208,-3.31755,-3.33208,-3.43038,-3.41468,-3.33208,-3.41468]
	PARPACK diagonalization completed after 45 matrix-vector product operations.
	iteration results: : total energy is -77.794863 | electron energy -77.914757 + phonon energy 0.119894 | electron momentum kIdx = 0
The 4-th iteration is completed.	|| time cost : 0h 0m 32.247s
********************************************************************************************************************
Start the 5 rounds of NGS-ED iteration
	effective electronic model is modified as: kinetic energy t = 0.797473
	                                           effective interaction Vq = [-3.49984,-3.44087,-3.43433,-3.44087,-3.44087,-3.43433,-3.34807,-3.43433,-3.43433,-3.34807,-3.35726,-3.34807,-3.44087,-3.43433,-3.34807,-3.43433]
	PARPACK diagonalization completed after 45 matrix-vector product operations.
	iteration results: : total energy is -77.832679 | electron energy -77.965823 + phonon energy 0.133143 | electron momentum kIdx = 0
The 5-th iteration is completed.	|| time cost : 0h 0m 32.081s
********************************************************************************************************************
Start the 6 rounds of NGS-ED iteration
	effective electronic model is modified as: kinetic energy t = 0.795226
	                                           effective interaction Vq = [-3.49998, -3.4442,-3.44051, -3.4442, -3.4442,-3.44051,-3.35351,-3.44051,-3.44051,-3.35351,-3.37193,-3.35351, -3.4442,-3.44051,-3.35351,-3.44051]
	PARPACK diagonalization completed after 45 matrix-vector product operations.
	iteration results: : total energy is -77.837691 | electron energy -77.976075 + phonon energy 0.138384 | electron momentum kIdx = 0
The 6-th iteration is completed.	|| time cost : 0h 0m 32.077s
********************************************************************************************************************
Start the 7 rounds of NGS-ED iteration
	effective electronic model is modified as: kinetic energy t = 0.79442
	                                           effective interaction Vq = [    -3.5,-3.44531,-3.44253,-3.44531,-3.44531,-3.44253,-3.35542,-3.44253,-3.44253,-3.35542,-3.37774,-3.35542,-3.44531,-3.44253,-3.35542,-3.44253]
	PARPACK diagonalization completed after 45 matrix-vector product operations.
	iteration results: : total energy is -77.838363 | electron energy -77.978715 + phonon energy 0.140351 | electron momentum kIdx = 0
The 7-th iteration is completed.	|| time cost : 0h 0m 32.142s
********************************************************************************************************************
Start the 8 rounds of NGS-ED iteration
	effective electronic model is modified as: kinetic energy t = 0.794129
	                                           effective interaction Vq = [    -3.5,-3.44569, -3.4432,-3.44569,-3.44569, -3.4432, -3.3561, -3.4432, -3.4432, -3.3561,-3.38013, -3.3561,-3.44569, -3.4432, -3.3561, -3.4432]
	PARPACK diagonalization completed after 30 matrix-vector product operations.
	iteration results: : total energy is -77.838456 | electron energy -77.979538 + phonon energy 0.141082 | electron momentum kIdx = 0
The 8-th iteration is completed.	|| time cost : 0h 0m 27.401s
********************************************************************************************************************
Start the 9 rounds of NGS-ED iteration
	effective electronic model is modified as: kinetic energy t = 0.794023
	                                           effective interaction Vq = [    -3.5,-3.44582,-3.44342,-3.44582,-3.44582,-3.44342,-3.35634,-3.44342,-3.44342,-3.35634,-3.38115,-3.35634,-3.44582,-3.44342,-3.35634,-3.44342]
	PARPACK diagonalization completed after 30 matrix-vector product operations.
	iteration results: : total energy is -77.838469 | electron energy -77.979825 + phonon energy 0.141356 | electron momentum kIdx = 0
	Nq(0) = 16,	Nq(1) = 0.404432,	Nq(2) = 0.767054,	Nq(3) = 0.404432,	Nq(4) = 0.404432,	Nq(5) = 0.767054,	Nq(6) = 0.650192,	Nq(7) = 0.767054,	Nq(8) = 0.767054,	Nq(9) = 0.650192,	Nq(10) = 0.952142,	Nq(11) = 0.650192,	Nq(12) = 0.404432,	Nq(13) = 0.767054,	Nq(14) = 0.650192,	Nq(15) = 0.767054,	Sq(0) = 4.33506e-18,	Sq(1) = 0.324204,	Sq(2) = 0.355429,	Sq(3) = 0.324204,	Sq(4) = 0.324204,	Sq(5) = 0.355429,	Sq(6) = 0.552495,	Sq(7) = 0.355429,	Sq(8) = 0.355429,	Sq(9) = 0.552495,	Sq(10) = 0.587671,	Sq(11) = 0.552495,	Sq(12) = 0.324204,	Sq(13) = 0.355429,	Sq(14) = 0.552495,	Sq(15) = 0.355429,	N(0) = 1.99749,	N(1) = 1.99321,	N(2) = 1,	N(3) = 1.99321,	N(4) = 1.99321,	N(5) = 1,	N(6) = 0.00679124,	N(7) = 1,	N(8) = 1,	N(9) = 0.00679124,	N(10) = 0.00250697,	N(11) = 0.00679124,	N(12) = 1.99321,	N(13) = 1,	N(14) = 0.00679124,	N(15) = 1,	Delta[s](0) = 0.649984,	Delta[s](1) = 0.316762,	Delta[s](2) = 0.280256,	Delta[s](3) = 0.316762,	Delta[s](4) = 0.316762,	Delta[s](5) = 0.280256,	Delta[s](6) = 0.260588,	Delta[s](7) = 0.280256,	Delta[s](8) = 0.280256,	Delta[s](9) = 0.260588,	Delta[s](10) = 0.245558,	Delta[s](11) = 0.260588,	Delta[s](12) = 0.316762,	Delta[s](13) = 0.280256,	Delta[s](14) = 0.260588,	Delta[s](15) = 0.280256,	Delta[d](0) = 0.337472,	Delta[d](1) = 0.284182,	Delta[d](2) = 0.259254,	Delta[d](3) = 0.284182,	Delta[d](4) = 0.284182,	Delta[d](5) = 0.255117,	Delta[d](6) = 0.24239,	Delta[d](7) = 0.255117,	Delta[d](8) = 0.259254,	Delta[d](9) = 0.24239,	Delta[d](10) = 0.17292,	Delta[d](11) = 0.24239,	Delta[d](12) = 0.284182,	Delta[d](13) = 0.255117,	Delta[d](14) = 0.24239,	Delta[d](15) = 0.255117,	Delta[s+](0) = 0.461623,	Delta[s+](1) = 0.380669,	Delta[s+](2) = 0.259254,	Delta[s+](3) = 0.380669,	Delta[s+](4) = 0.380669,	Delta[s+](5) = 0.259254,	Delta[s+](6) = 0.13325,	Delta[s+](7) = 0.259254,	Delta[s+](8) = 0.259254,	Delta[s+](9) = 0.13325,	Delta[s+](10) = 0.0494553,	Delta[s+](11) = 0.13325,	Delta[s+](12) = 0.380669,	Delta[s+](13) = 0.259254,	Delta[s+](14) = 0.13325,	Delta[s+](15) = 0.259254
The 9-th iteration is completed.	|| time cost : 0h 4m 36.617s
********************************************************************************************************************
********************************************************************************************************************
Ground state is obtained after 10 iterations. The current ground-state energy is -77.8385, in which electron energy is -77.9798 and phonon energy is 0.141356
final variational state is: 
	Gamma_x = [      1, 1.0313, 1.0613, 1.0313, 1.0313, 1.0613,1.07619, 1.0613, 1.0613,1.07619,1.10491,1.07619, 1.0313, 1.0613,1.07619, 1.0613]
	lambda_q = [0.591581,0.518028,0.516436,0.518028,0.518028,0.516436,0.471786,0.516436,0.516436,0.471786,0.482791,0.471786,0.518028,0.516436,0.471786,0.516436]
********************************************************************************************************************
o___o  ----------------------------------------
| L |	Time since last clock: 0h 0m 0s
A===A	Time since the beginning: 0h 25m 7.056s
***********************************************


********************************************************************************************************************
Warm up runs have been completed. Start calculating W = 5 phonon.
open output files: NGSEDIterationObs.txt
********************************************************************************************************************
Start the 0 rounds of NGS-ED iteration
	effective electronic model is modified as: kinetic energy t = 0.793984
	                                           effective interaction Vq = [-3.19968,-2.99237,-2.98728,-2.99237,-2.99237,-2.98728,-2.83433,-2.98728,-2.98728,-2.83433,-2.87388,-2.83433,-2.99237,-2.98728,-2.83433,-2.98728]
	PARPACK diagonalization completed after 75 matrix-vector product operations.
	iteration results: : total energy is -68.974051 | electron energy -69.044780 + phonon energy 0.070730 | electron momentum kIdx = 0
	Nq(0) = 16,	Nq(1) = 0.348688,	Nq(2) = 0.369764,	Nq(3) = 0.348688,	Nq(4) = 0.348688,	Nq(5) = 0.369764,	Nq(6) = 0.557814,	Nq(7) = 0.369764,	Nq(8) = 0.369764,	Nq(9) = 0.557814,	Nq(10) = 0.593725,	Nq(11) = 0.557814,	Nq(12) = 0.348688,	Nq(13) = 0.369764,	Nq(14) = 0.557814,	Nq(15) = 0.369764,	Sq(0) = 1.12148e-17,	Sq(1) = 0.38828,	Sq(2) = 0.559495,	Sq(3) = 0.38828,	Sq(4) = 0.38828,	Sq(5) = 0.559495,	Sq(6) = 0.649593,	Sq(7) = 0.559495,	Sq(8) = 0.559495,	Sq(9) = 0.649593,	Sq(10) = 2.05323,	Sq(11) = 0.649593,	Sq(12) = 0.38828,	Sq(13) = 0.559495,	Sq(14) = 0.649593,	Sq(15) = 0.559495,	N(0) = 1.9988,	N(1) = 1.99696,	N(2) = 1,	N(3) = 1.99696,	N(4) = 1.99696,	N(5) = 1,	N(6) = 0.0030449,	N(7) = 1,	N(8) = 1,	N(9) = 0.0030449,	N(10) = 0.00120442,	N(11) = 0.0030449,	N(12) = 1.99696,	N(13) = 1,	N(14) = 0.0030449,	N(15) = 1,	Delta[s](0) = 0.240377,	Delta[s](1) = 0.232959,	Delta[s](2) = 0.194604,	Delta[s](3) = 0.232959,	Delta[s](4) = 0.232959,	Delta[s](5) = 0.194604,	Delta[s](6) = 0.188004,	Delta[s](7) = 0.194604,	Delta[s](8) = 0.194604,	Delta[s](9) = 0.188004,	Delta[s](10) = 0.1273,	Delta[s](11) = 0.188004,	Delta[s](12) = 0.232959,	Delta[s](13) = 0.194604,	Delta[s](14) = 0.188004,	Delta[s](15) = 0.194604,	Delta[d](0) = 0.542125,	Delta[d](1) = 0.334616,	Delta[d](2) = 0.291191,	Delta[d](3) = 0.334616,	Delta[d](4) = 0.334616,	Delta[d](5) = 0.337792,	Delta[d](6) = 0.257963,	Delta[d](7) = 0.337792,	Delta[d](8) = 0.291191,	Delta[d](9) = 0.257963,	Delta[d](10) = 0.138037,	Delta[d](11) = 0.257963,	Delta[d](12) = 0.334616,	Delta[d](13) = 0.337792,	Delta[d](14) = 0.257963,	Delta[d](15) = 0.337792,	Delta[s+](0) = 0.52223,	Delta[s+](1) = 0.430039,	Delta[s+](2) = 0.291191,	Delta[s+](3) = 0.430039,	Delta[s+](4) = 0.430039,	Delta[s+](5) = 0.291191,	Delta[s+](6) = 0.153124,	Delta[s+](7) = 0.291191,	Delta[s+](8) = 0.291191,	Delta[s+](9) = 0.153124,	Delta[s+](10) = 0.0533603,	Delta[s+](11) = 0.153124,	Delta[s+](12) = 0.430039,	Delta[s+](13) = 0.291191,	Delta[s+](14) = 0.153124,	Delta[s+](15) = 0.291191
The 0-th iteration is completed.	|| time cost : 0h 4m 38.626s
********************************************************************************************************************
Start the 1 rounds of NGS-ED iteration
	effective electronic model is modified as: kinetic energy t = 0.784318
	                                           effective interaction Vq = [-3.38952,-3.15778,-3.00697,-3.15778,-3.15778,-3.00697,-2.95735,-3.00697,-3.00697,-2.95735,-2.89984,-2.95735,-3.15778,-3.00697,-2.95735,-3.00697]
	PARPACK diagonalization completed after 60 matrix-vector product operations.
	iteration results: : total energy is -72.238907 | electron energy -72.433139 + phonon energy 0.194233 | electron momentum kIdx = 0
The 1-th iteration is completed.	|| time cost : 0h 0m 37.123s
********************************************************************************************************************
Start the 2 rounds of NGS-ED iteration
	effective electronic model is modified as: kinetic energy t = 0.774452
	                                           effective interaction Vq = [-3.45936,-3.24865,-3.02707,-3.24865,-3.24865,-3.02707,-3.03976,-3.02707,-3.02707,-3.03976,-2.93053,-3.03976,-3.24865,-3.02707,-3.03976,-3.02707]
	PARPACK diagonalization completed after 60 matrix-vector product operations.
	iteration results: : total energy is -73.449866 | electron energy -73.717903 + phonon energy 0.268037 | electron momentum kIdx = 0
The 2-th iteration is completed.	|| time cost : 0h 0m 36.847s
********************************************************************************************************************
Start the 3 rounds of NGS-ED iteration
	effective electronic model is modified as: kinetic energy t = 0.766894
	                                           effective interaction Vq = [-3.48505,-3.30044,-3.04193,-3.30044,-3.30044,-3.04193,-3.09328,-3.04193,-3.04193,-3.09328,-2.95302,-3.09328,-3.30044,-3.04193,-3.09328,-3.04193]
	PARPACK diagonalization completed after 60 matrix-vector product operations.
	iteration results: : total energy is -73.902116 | electron energy -74.212533 + phonon energy 0.310417 | electron momentum kIdx = 0
The 3-th iteration is completed.	|| time cost : 0h 0m 37.091s
********************************************************************************************************************
Start the 4 rounds of NGS-ED iteration
	effective electronic model is modified as: kinetic energy t = 0.761602
	                                           effective interaction Vq = [ -3.4945,-3.33083,-3.05195,-3.33083,-3.33083,-3.05195, -3.1279,-3.05195,-3.05195, -3.1279,-2.96774, -3.1279,-3.33083,-3.05195, -3.1279,-3.05195]
	PARPACK diagonalization completed after 60 matrix-vector product operations.
	iteration results: : total energy is -74.071407 | electron energy -74.407430 + phonon energy 0.336023 | electron momentum kIdx = 0
The 4-th iteration is completed.	|| time cost : 0h 0m 36.823s
********************************************************************************************************************
Start the 5 rounds of NGS-ED iteration
	effective electronic model is modified as: kinetic energy t = 0.758033
	                                           effective interaction Vq = [-3.49798,-3.34909,-3.05849,-3.34909,-3.34909,-3.05849,-3.15034,-3.05849,-3.05849,-3.15034,-2.97701,-3.15034,-3.34909,-3.05849,-3.15034,-3.05849]
	PARPACK diagonalization completed after 60 matrix-vector product operations.
	iteration results: : total energy is -74.134869 | electron energy -74.487004 + phonon energy 0.352134 | electron momentum kIdx = 0
The 5-th iteration is completed.	|| time cost : 0h 0m 36.798s
********************************************************************************************************************
Start the 6 rounds of NGS-ED iteration
	effective electronic model is modified as: kinetic energy t = 0.75567
	                                           effective interaction Vq = [-3.49926,-3.36024,-3.06271,-3.36024,-3.36024,-3.06271,-3.16495,-3.06271,-3.06271,-3.16495,-2.98277,-3.16495,-3.36024,-3.06271,-3.16495,-3.06271]
	PARPACK diagonalization completed after 60 matrix-vector product operations.
	iteration results: : total energy is -74.158695 | electron energy -74.521193 + phonon energy 0.362498 | electron momentum kIdx = 0
The 6-th iteration is completed.	|| time cost : 0h 0m 36.767s
********************************************************************************************************************
Start the 7 rounds of NGS-ED iteration
	effective electronic model is modified as: kinetic energy t = 0.754119
	                                           effective interaction Vq = [-3.49973,-3.36715,-3.06543,-3.36715,-3.36715,-3.06543,-3.17449,-3.06543,-3.06543,-3.17449,-2.98634,-3.17449,-3.36715,-3.06543,-3.17449,-3.06543]
	PARPACK diagonalization completed after 60 matrix-vector product operations.
	iteration results: : total energy is -74.167656 | electron energy -74.536888 + phonon energy 0.369232 | electron momentum kIdx = 0
The 7-th iteration is completed.	|| time cost : 0h 0m 36.788s
********************************************************************************************************************
Start the 8 rounds of NGS-ED iteration
	effective electronic model is modified as: kinetic energy t = 0.753106
	                                           effective interaction Vq = [ -3.4999,-3.37147,-3.06717,-3.37147,-3.37147,-3.06717,-3.18075,-3.06717,-3.06717,-3.18075,-2.98854,-3.18075,-3.37147,-3.06717,-3.18075,-3.06717]
	PARPACK diagonalization completed after 60 matrix-vector product operations.
	iteration results: : total energy is -74.171034 | electron energy -74.544659 + phonon energy 0.373625 | electron momentum kIdx = 0
The 8-th iteration is completed.	|| time cost : 0h 0m 36.866s
********************************************************************************************************************
Start the 9 rounds of NGS-ED iteration
	effective electronic model is modified as: kinetic energy t = 0.752446
	                                           effective interaction Vq = [-3.49996,-3.37418,-3.06829,-3.37418,-3.37418,-3.06829,-3.18485,-3.06829,-3.06829,-3.18485, -2.9899,-3.18485,-3.37418,-3.06829,-3.18485,-3.06829]
	PARPACK diagonalization completed after 60 matrix-vector product operations.
	iteration results: : total energy is -74.172311 | electron energy -74.548804 + phonon energy 0.376494 | electron momentum kIdx = 0
The 9-th iteration is completed.	|| time cost : 0h 0m 36.78s
********************************************************************************************************************
Start the 10 rounds of NGS-ED iteration
	effective electronic model is modified as: kinetic energy t = 0.752017
	                                           effective interaction Vq = [-3.49999, -3.3759,  -3.069, -3.3759, -3.3759,  -3.069,-3.18754,  -3.069,  -3.069,-3.18754,-2.99075,-3.18754, -3.3759,  -3.069,-3.18754,  -3.069]
	PARPACK diagonalization completed after 60 matrix-vector product operations.
	iteration results: : total energy is -74.172794 | electron energy -74.551162 + phonon energy 0.378368 | electron momentum kIdx = 0
	Nq(0) = 16,	Nq(1) = 0.446144,	Nq(2) = 0.370386,	Nq(3) = 0.446144,	Nq(4) = 0.446144,	Nq(5) = 0.370386,	Nq(6) = 0.659019,	Nq(7) = 0.370386,	Nq(8) = 0.370386,	Nq(9) = 0.659019,	Nq(10) = 0.600041,	Nq(11) = 0.659019,	Nq(12) = 0.446144,	Nq(13) = 0.370386,	Nq(14) = 0.659019,	Nq(15) = 0.370386,	Sq(0) = -5.77298e-18,	Sq(1) = 0.362123,	Sq(2) = 0.529127,	Sq(3) = 0.362123,	Sq(4) = 0.362123,	Sq(5) = 0.529127,	Sq(6) = 0.605255,	Sq(7) = 0.529127,	Sq(8) = 0.529127,	Sq(9) = 0.605255,	Sq(10) = 1.71272,	Sq(11) = 0.605255,	Sq(12) = 0.362123,	Sq(13) = 0.529127,	Sq(14) = 0.605255,	Sq(15) = 0.529127,	N(0) = 1.99973,	N(1) = 1.99602,	N(2) = 1,	N(3) = 1.99602,	N(4) = 1.99602,	N(5) = 1,	N(6) = 0.00397668,	N(7) = 1,	N(8) = 1,	N(9) = 0.00397668,	N(10) = 0.0002737,	N(11) = 0.00397668,	N(12) = 1.99602,	N(13) = 1,	N(14) = 0.00397668,	N(15) = 1,	Delta[s](0) = 0.25664,	Delta[s](1) = 0.258067,	Delta[s](2) = 0.217103,	Delta[s](3) = 0.258067,	Delta[s](4) = 0.258067,	Delta[s](5) = 0.217103,	Delta[s](6) = 0.2177,	Delta[s](7) = 0.217103,	Delta[s](8) = 0.217103,	Delta[s](9) = 0.2177,	Delta[s](10) = 0.159178,	Delta[s](11) = 0.2177,	Delta[s](12) = 0.258067,	Delta[s](13) = 0.217103,	Delta[s](14) = 0.2177,	Delta[s](15) = 0.217103,	Delta[d](0) = 0.565574,	Delta[d](1) = 0.346748,	Delta[d](2) = 0.307948,	Delta[d](3) = 0.346748,	Delta[d](4) = 0.346748,	Delta[d](5) = 0.356206,	Delta[d](6) = 0.278983,	Delta[d](7) = 0.356206,	Delta[d](8) = 0.307948,	Delta[d](9) = 0.278983,	Delta[d](10) = 0.163293,	Delta[d](11) = 0.278983,	Delta[d](12) = 0.346748,	Delta[d](13) = 0.356206,	Delta[d](14) = 0.278983,	Delta[d](15) = 0.356206,	Delta[s+](0) = 0.535584,	Delta[s+](1) = 0.442362,	Delta[s+](2) = 0.307948,	Delta[s+](3) = 0.442362,	Delta[s+](4) = 0.442362,	Delta[s+](5) = 0.307948,	Delta[s+](6) = 0.167737,	Delta[s+](7) = 0.307948,	Delta[s+](8) = 0.307948,	Delta[s+](9) = 0.167737,	Delta[s+](10) = 0.0691922,	Delta[s+](11) = 0.167737,	Delta[s+](12) = 0.442362,	Delta[s+](13) = 0.307948,	Delta[s+](14) = 0.167737,	Delta[s+](15) = 0.307948
The 10-th iteration is completed.	|| time cost : 0h 4m 33.977s
********************************************************************************************************************
Start the 11 rounds of NGS-ED iteration
	effective electronic model is modified as: kinetic energy t = 0.751739
	                                           effective interaction Vq = [-3.49999,-3.37699,-3.06946,-3.37699,-3.37699,-3.06946,-3.18931,-3.06946,-3.06946,-3.18931,-2.99127,-3.18931,-3.37699,-3.06946,-3.18931,-3.06946]
	PARPACK diagonalization completed after 60 matrix-vector product operations.
	iteration results: : total energy is -74.172978 | electron energy -74.552570 + phonon energy 0.379592 | electron momentum kIdx = 0
The 11-th iteration is completed.	|| time cost : 0h 0m 36.8s
********************************************************************************************************************
Start the 12 rounds of NGS-ED iteration
	effective electronic model is modified as: kinetic energy t = 0.751558
	                                           effective interaction Vq = [    -3.5,-3.37768,-3.06975,-3.37768,-3.37768,-3.06975,-3.19048,-3.06975,-3.06975,-3.19048,-2.99159,-3.19048,-3.37768,-3.06975,-3.19048,-3.06975]
	PARPACK diagonalization completed after 45 matrix-vector product operations.
	iteration results: : total energy is -74.173049 | electron energy -74.553439 + phonon energy 0.380391 | electron momentum kIdx = 0
The 12-th iteration is completed.	|| time cost : 0h 0m 32.16s
********************************************************************************************************************
Start the 13 rounds of NGS-ED iteration
	effective electronic model is modified as: kinetic energy t = 0.75144
	                                           effective interaction Vq = [    -3.5,-3.37812,-3.06993,-3.37812,-3.37812,-3.06993,-3.19124,-3.06993,-3.06993,-3.19124,-2.99179,-3.19124,-3.37812,-3.06993,-3.19124,-3.06993]
	PARPACK diagonalization completed after 45 matrix-vector product operations.
	iteration results: : total energy is -74.173076 | electron energy -74.553988 + phonon energy 0.380912 | electron momentum kIdx = 0
The 13-th iteration is completed.	|| time cost : 0h 0m 32.135s
********************************************************************************************************************
Start the 14 rounds of NGS-ED iteration
	effective electronic model is modified as: kinetic energy t = 0.751364
	                                           effective interaction Vq = [    -3.5, -3.3784,-3.07005, -3.3784, -3.3784,-3.07005,-3.19174,-3.07005,-3.07005,-3.19174,-2.99191,-3.19174, -3.3784,-3.07005,-3.19174,-3.07005]
	PARPACK diagonalization completed after 45 matrix-vector product operations.
	iteration results: : total energy is -74.173086 | electron energy -74.554338 + phonon energy 0.381252 | electron momentum kIdx = 0
The 14-th iteration is completed.	|| time cost : 0h 0m 32.051s
********************************************************************************************************************
Start the 15 rounds of NGS-ED iteration
	effective electronic model is modified as: kinetic energy t = 0.751315
	                                           effective interaction Vq = [    -3.5,-3.37858,-3.07013,-3.37858,-3.37858,-3.07013,-3.19207,-3.07013,-3.07013,-3.19207,-2.99199,-3.19207,-3.37858,-3.07013,-3.19207,-3.07013]
	PARPACK diagonalization completed after 30 matrix-vector product operations.
	iteration results: : total energy is -74.173090 | electron energy -74.554564 + phonon energy 0.381474 | electron momentum kIdx = 0
The 15-th iteration is completed.	|| time cost : 0h 0m 27.733s
********************************************************************************************************************
Start the 16 rounds of NGS-ED iteration
	effective electronic model is modified as: kinetic energy t = 0.751282
	                                           effective interaction Vq = [    -3.5,-3.37869,-3.07018,-3.37869,-3.37869,-3.07018,-3.19229,-3.07018,-3.07018,-3.19229,-2.99204,-3.19229,-3.37869,-3.07018,-3.19229,-3.07018]
	PARPACK diagonalization completed after 30 matrix-vector product operations.
	iteration results: : total energy is -74.173092 | electron energy -74.554710 + phonon energy 0.381619 | electron momentum kIdx = 0
The 16-th iteration is completed.	|| time cost : 0h 0m 27.376s
********************************************************************************************************************
Start the 17 rounds of NGS-ED iteration
	effective electronic model is modified as: kinetic energy t = 0.751262
	                                           effective interaction Vq = [    -3.5,-3.37876,-3.07021,-3.37876,-3.37876,-3.07021,-3.19244,-3.07021,-3.07021,-3.19244,-2.99207,-3.19244,-3.37876,-3.07021,-3.19244,-3.07021]
	PARPACK diagonalization completed after 30 matrix-vector product operations.
	iteration results: : total energy is -74.173092 | electron energy -74.554805 + phonon energy 0.381713 | electron momentum kIdx = 0
The 17-th iteration is completed.	|| time cost : 0h 0m 27.363s
********************************************************************************************************************
Start the 18 rounds of NGS-ED iteration
	effective electronic model is modified as: kinetic energy t = 0.751248
	                                           effective interaction Vq = [    -3.5,-3.37881,-3.07023,-3.37881,-3.37881,-3.07023,-3.19253,-3.07023,-3.07023,-3.19253,-2.99209,-3.19253,-3.37881,-3.07023,-3.19253,-3.07023]
	PARPACK diagonalization completed after 30 matrix-vector product operations.
	iteration results: : total energy is -74.173092 | electron energy -74.554867 + phonon energy 0.381775 | electron momentum kIdx = 0
The 18-th iteration is completed.	|| time cost : 0h 0m 27.293s
********************************************************************************************************************
Start the 19 rounds of NGS-ED iteration
	effective electronic model is modified as: kinetic energy t = 0.751239
	                                           effective interaction Vq = [    -3.5,-3.37884,-3.07024,-3.37884,-3.37884,-3.07024,-3.19259,-3.07024,-3.07024,-3.19259, -2.9921,-3.19259,-3.37884,-3.07024,-3.19259,-3.07024]
	PARPACK diagonalization completed after 30 matrix-vector product operations.
	iteration results: : total energy is -74.173092 | electron energy -74.554907 + phonon energy 0.381815 | electron momentum kIdx = 0
The 19-th iteration is completed.	|| time cost : 0h 0m 27.419s
********************************************************************************************************************
Start the 20 rounds of NGS-ED iteration
	effective electronic model is modified as: kinetic energy t = 0.751234
	                                           effective interaction Vq = [    -3.5,-3.37886,-3.07025,-3.37886,-3.37886,-3.07025,-3.19263,-3.07025,-3.07025,-3.19263,-2.99211,-3.19263,-3.37886,-3.07025,-3.19263,-3.07025]
	PARPACK diagonalization completed after 30 matrix-vector product operations.
	iteration results: : total energy is -74.173093 | electron energy -74.554933 + phonon energy 0.381841 | electron momentum kIdx = 0
	Nq(0) = 16,	Nq(1) = 0.447262,	Nq(2) = 0.370334,	Nq(3) = 0.447262,	Nq(4) = 0.447262,	Nq(5) = 0.370334,	Nq(6) = 0.660839,	Nq(7) = 0.370334,	Nq(8) = 0.370334,	Nq(9) = 0.66084,	Nq(10) = 0.599938,	Nq(11) = 0.66084,	Nq(12) = 0.447262,	Nq(13) = 0.370334,	Nq(14) = 0.660839,	Nq(15) = 0.370334,	Sq(0) = 1.81691e-19,	Sq(1) = 0.361715,	Sq(2) = 0.528646,	Sq(3) = 0.361715,	Sq(4) = 0.361715,	Sq(5) = 0.528646,	Sq(6) = 0.604623,	Sq(7) = 0.528646,	Sq(8) = 0.528646,	Sq(9) = 0.604623,	Sq(10) = 1.70843,	Sq(11) = 0.604623,	Sq(12) = 0.361715,	Sq(13) = 0.528646,	Sq(14) = 0.604623,	Sq(15) = 0.528646,	N(0) = 1.99971,	N(1) = 1.99588,	N(2) = 1,	N(3) = 1.99588,	N(4) = 1.99588,	N(5) = 1,	N(6) = 0.00412204,	N(7) = 1,	N(8) = 1,	N(9) = 0.00412204,	N(10) = 0.000292377,	N(11) = 0.00412204,	N(12) = 1.99588,	N(13) = 1,	N(14) = 0.00412204,	N(15) = 1,	Delta[s](0) = 0.256867,	Delta[s](1) = 0.258407,	Delta[s](2) = 0.217432,	Delta[s](3) = 0.258407,	Delta[s](4) = 0.258407,	Delta[s](5) = 0.217432,	Delta[s](6) = 0.218109,	Delta[s](7) = 0.217432,	Delta[s](8) = 0.217432,	Delta[s](9) = 0.218109,	Delta[s](10) = 0.159648,	Delta[s](11) = 0.218109,	Delta[s](12) = 0.258407,	Delta[s](13) = 0.217432,	Delta[s](14) = 0.218109,	Delta[s](15) = 0.217432,	Delta[d](0) = 0.565429,	Delta[d](1) = 0.346737,	Delta[d](2) = 0.308004,	Delta[d](3) = 0.346737,	Delta[d](4) = 0.346737,	Delta[d](5) = 0.356246,	Delta[d](6) = 0.279106,	Delta[d](7) = 0.356246,	Delta[d](8) = 0.308004,	Delta[d](9) = 0.279106,	Delta[d](10) = 0.163577,	Delta[d](11) = 0.279106,	Delta[d](12) = 0.346737,	Delta[d](13) = 0.356246,	Delta[d](14) = 0.279106,	Delta[d](15) = 0.356246,	Delta[s+](0) = 0.53542,	Delta[s+](1) = 0.442252,	Delta[s+](2) = 0.308004,	Delta[s+](3) = 0.442252,	Delta[s+](4) = 0.442252,	Delta[s+](5) = 0.308004,	Delta[s+](6) = 0.167884,	Delta[s+](7) = 0.308004,	Delta[s+](8) = 0.308004,	Delta[s+](9) = 0.167884,	Delta[s+](10) = 0.0694154,	Delta[s+](11) = 0.167884,	Delta[s+](12) = 0.442252,	Delta[s+](13) = 0.308004,	Delta[s+](14) = 0.167884,	Delta[s+](15) = 0.308004
The 20-th iteration is completed.	|| time cost : 0h 4m 21.818s
********************************************************************************************************************
Start the 21 rounds of NGS-ED iteration
	effective electronic model is modified as: kinetic energy t = 0.75123
	                                           effective interaction Vq = [    -3.5,-3.37887,-3.07025,-3.37887,-3.37887,-3.07025,-3.19266,-3.07025,-3.07025,-3.19266,-2.99211,-3.19266,-3.37887,-3.07025,-3.19266,-3.07025]
	PARPACK diagonalization completed after 30 matrix-vector product operations.
	iteration results: : total energy is -74.173093 | electron energy -74.554950 + phonon energy 0.381858 | electron momentum kIdx = 0
The 21-th iteration is completed.	|| time cost : 0h 0m 27.705s
********************************************************************************************************************
Start the 22 rounds of NGS-ED iteration
	effective electronic model is modified as: kinetic energy t = 0.751227
	                                           effective interaction Vq = [    -3.5,-3.37888,-3.07025,-3.37888,-3.37888,-3.07025,-3.19268,-3.07025,-3.07025,-3.19268,-2.99211,-3.19268,-3.37888,-3.07025,-3.19268,-3.07025]
	PARPACK diagonalization completed after 30 matrix-vector product operations.
	iteration results: : total energy is -74.173093 | electron energy -74.554962 + phonon energy 0.381869 | electron momentum kIdx = 0
The 22-th iteration is completed.	|| time cost : 0h 0m 27.402s
********************************************************************************************************************
Start the 23 rounds of NGS-ED iteration
	effective electronic model is modified as: kinetic energy t = 0.751226
	                                           effective interaction Vq = [    -3.5,-3.37888,-3.07026,-3.37888,-3.37888,-3.07026,-3.19269,-3.07026,-3.07026,-3.19269,-2.99211,-3.19269,-3.37888,-3.07026,-3.19269,-3.07026]
	PARPACK diagonalization completed after 30 matrix-vector product operations.
	iteration results: : total energy is -74.173093 | electron energy -74.554969 + phonon energy 0.381876 | electron momentum kIdx = 0
The 23-th iteration is completed.	|| time cost : 0h 0m 27.433s
********************************************************************************************************************
Start the 24 rounds of NGS-ED iteration
	effective electronic model is modified as: kinetic energy t = 0.751225
	                                           effective interaction Vq = [    -3.5,-3.37889,-3.07026,-3.37889,-3.37889,-3.07026,-3.19269,-3.07026,-3.07026,-3.19269,-2.99212,-3.19269,-3.37889,-3.07026,-3.19269,-3.07026]
	PARPACK diagonalization completed after 30 matrix-vector product operations.
	iteration results: : total energy is -74.173093 | electron energy -74.554974 + phonon energy 0.381881 | electron momentum kIdx = 0
The 24-th iteration is completed.	|| time cost : 0h 0m 27.421s
