SNEDics v3.4 Non-Gaussian ED ground state program		Start at Mon Sep 23 21:20:01 2019

parallized on 16 MPI threads  * 8 OpenMP threads = 128 total threads.
********************************************************************************************************************
********************************************************************************************************************

********************************************************************************************************************
System parameters and configurations
********************************************************************************************************************
Special program options are enabled: splitted diagonal Hamiltonian
********************************************************************************************************************
Read input file "model_params.in"
	Hubbard-Holstein model parameters : 	t = 1    U = 6    g = 2.2361    W = 5    
********************************************************************************************************************
Read input file "hilbertspace_params.in"
	Requested 16-site 2D lattice, with 14 electrons (7, 7)
	Boundary : Periodic		Hilbert space representation : momentum-space (restricted to kIdx = 0)
	Conservation: particle number[U(1)]      spin[U(1)]     momentum
********************************************************************************************************************

Cluster Positions:				Cluster symmetry group : D4
 x ... x ... x ... x .....                       x ... x ... x ... x .....
 |           |           :                       |           |           :
 |           |           :                       |           |           :
12    13    14    15     x                       1     5     6     5     x
 |           |           :                       |           |           :
 |           |           :                       |           |           :
 8 --- 9 ---10 ---11 --- x                       2 --- 6 ---10 --- 6 --- x
 |           |           :                       |           |           :
 |           |           :                       |           |           :
 4     5     6     7     x                       1     5     6     5     x
 |           |           :                       |           |           :
 |           |           :                       |           |           :
 0 --- 1 --- 2 --- 3 --- x                       0 --- 1 --- 2 --- 1 --- x
orbital number : 1
********************************************************************************************************************
Read input file "obs_params.in"
	Observable Type : Nq(All),   Sq(All),   N(All),   Delta[s](All),   Delta[d](All),   Delta[s+](All)
********************************************************************************************************************
** WARNING ** the input observables have non-local factors which have been reinterpreted. The total observable number is 96
********************************************************************************************************************


********************************************************************************************************************
Start calculating the non-Gaussian ED ground state
** WARNING ** Detected low phonon energy W < 10. The initial state will be prepared through a warm-up process.
********************************************************************************************************************
Start warm-up calculation for scaling factor 2
open output files: NGSEDWarmUpW10Obs.txt
********************************************************************************************************************
Start the 0 rounds of NGS-ED iteration
	effective electronic model is modified as: kinetic energy t = 1
	                                           effective interaction Vq = [-0,-0,-0,-0,-0,-0,-0,-0,-0,-0,-0,-0,-0,-0,-0,-0]
	first Hamiltonian is constructed, non-zero numbers = 2178478298
	PARPACK diagonalization completed after 150 matrix-vector product operations.
	iteration results: : total energy is -13.421234 | electron energy -13.421234 + phonon energy 0.000000 | electron momentum kIdx = 0
	Nq(0) = 12.25,	Nq(1) = 0.176319,	Nq(2) = 0.221467,	Nq(3) = 0.176319,	Nq(4) = 0.176319,	Nq(5) = 0.247959,	Nq(6) = 0.289011,	Nq(7) = 0.247959,	Nq(8) = 0.221467,	Nq(9) = 0.289011,	Nq(10) = 0.337607,	Nq(11) = 0.289011,	Nq(12) = 0.176319,	Nq(13) = 0.247959,	Nq(14) = 0.289011,	Nq(15) = 0.247959,	Sq(0) = -2.8025e-18,	Sq(1) = 0.474134,	Sq(2) = 0.727895,	Sq(3) = 0.474134,	Sq(4) = 0.474134,	Sq(5) = 0.61204,	Sq(6) = 0.963872,	Sq(7) = 0.61204,	Sq(8) = 0.727895,	Sq(9) = 0.963872,	Sq(10) = 2.46032,	Sq(11) = 0.963872,	Sq(12) = 0.474134,	Sq(13) = 0.61204,	Sq(14) = 0.963872,	Sq(15) = 0.61204,	N(0) = 1.83844,	N(1) = 1.71191,	N(2) = 0.218446,	N(3) = 1.71191,	N(4) = 1.71191,	N(5) = 0.998994,	N(6) = 0.193434,	N(7) = 0.998994,	N(8) = 0.218446,	N(9) = 0.193434,	N(10) = 0.107309,	N(11) = 0.193434,	N(12) = 1.71191,	N(13) = 0.998994,	N(14) = 0.193434,	N(15) = 0.998994,	Delta[s](0) = 0.108811,	Delta[s](1) = 0.0834689,	Delta[s](2) = 0.0530939,	Delta[s](3) = 0.0834689,	Delta[s](4) = 0.0834689,	Delta[s](5) = 0.0633172,	Delta[s](6) = 0.0334649,	Delta[s](7) = 0.0633172,	Delta[s](8) = 0.0530939,	Delta[s](9) = 0.0334649,	Delta[s](10) = 0.0058473,	Delta[s](11) = 0.0334649,	Delta[s](12) = 0.0834689,	Delta[s](13) = 0.0633172,	Delta[s](14) = 0.0334649,	Delta[s](15) = 0.0633172,	Delta[d](0) = 0.257776,	Delta[d](1) = 0.170885,	Delta[d](2) = 0.18808,	Delta[d](3) = 0.170885,	Delta[d](4) = 0.170885,	Delta[d](5) = 0.164104,	Delta[d](6) = 0.120657,	Delta[d](7) = 0.164104,	Delta[d](8) = 0.18808,	Delta[d](9) = 0.120657,	Delta[d](10) = 0.0425214,	Delta[d](11) = 0.120657,	Delta[d](12) = 0.170885,	Delta[d](13) = 0.164104,	Delta[d](14) = 0.120657,	Delta[d](15) = 0.164104,	Delta[s+](0) = 0.56756,	Delta[s+](1) = 0.421628,	Delta[s+](2) = 0.18808,	Delta[s+](3) = 0.421628,	Delta[s+](4) = 0.421628,	Delta[s+](5) = 0.29086,	Delta[s+](6) = 0.116355,	Delta[s+](7) = 0.29086,	Delta[s+](8) = 0.18808,	Delta[s+](9) = 0.116355,	Delta[s+](10) = 0.0307552,	Delta[s+](11) = 0.116355,	Delta[s+](12) = 0.421628,	Delta[s+](13) = 0.29086,	Delta[s+](14) = 0.116355,	Delta[s+](15) = 0.29086
The 0-th iteration is completed.	|| time cost : 0h 8m 16.546s
********************************************************************************************************************
Start the 1 rounds of NGS-ED iteration
	effective electronic model is modified as: kinetic energy t = 0.974254
	                                           effective interaction Vq = [-0.864689, -0.80008,-0.762679, -0.80008, -0.80008,-0.773373,-0.748124,-0.773373,-0.762679,-0.748124,-0.732535,-0.748124, -0.80008,-0.773373,-0.748124,-0.773373]
	PARPACK diagonalization completed after 60 matrix-vector product operations.
	iteration results: : total energy is -26.508224 | electron energy -26.508771 + phonon energy 0.000547 | electron momentum kIdx = 0
The 1-th iteration is completed.	|| time cost : 0h 7m 1.295s
********************************************************************************************************************
Start the 2 rounds of NGS-ED iteration
	effective electronic model is modified as: kinetic energy t = 0.960356
	                                           effective interaction Vq = [-0.981712,-0.914833,-0.868733,-0.914833,-0.914833,-0.884611,-0.852947,-0.884611,-0.868733,-0.852947, -0.83176,-0.852947,-0.914833,-0.884611,-0.852947,-0.884611]
	PARPACK diagonalization completed after 45 matrix-vector product operations.
	iteration results: : total energy is -28.114592 | electron energy -28.117909 + phonon energy 0.003317 | electron momentum kIdx = 0
The 2-th iteration is completed.	|| time cost : 0h 0m 33.208s
********************************************************************************************************************
Start the 3 rounds of NGS-ED iteration
	effective electronic model is modified as: kinetic energy t = 0.956412
	                                           effective interaction Vq = [ -0.99755,-0.938706,-0.890255,-0.938706,-0.938706,-0.907765,-0.874218,-0.907765,-0.890255,-0.874218,-0.851241,-0.874218,-0.938706,-0.907765,-0.874218,-0.907765]
	PARPACK diagonalization completed after 45 matrix-vector product operations.
	iteration results: : total energy is -28.320512 | electron energy -28.325706 + phonon energy 0.005194 | electron momentum kIdx = 0
The 3-th iteration is completed.	|| time cost : 0h 0m 32.097s
********************************************************************************************************************
Start the 4 rounds of NGS-ED iteration
	effective electronic model is modified as: kinetic energy t = 0.955378
	                                           effective interaction Vq = [-0.999693,-0.944767,-0.895318,-0.944767,-0.944767,-0.913424,-0.879155,-0.913424,-0.895318,-0.879155,-0.855574,-0.879155,-0.944767,-0.913424,-0.879155,-0.913424]
	PARPACK diagonalization completed after 30 matrix-vector product operations.
	iteration results: : total energy is -28.347596 | electron energy -28.353462 + phonon energy 0.005866 | electron momentum kIdx = 0
The 4-th iteration is completed.	|| time cost : 0h 0m 27.012s
********************************************************************************************************************
Start the 5 rounds of NGS-ED iteration
	effective electronic model is modified as: kinetic energy t = 0.955111
	                                           effective interaction Vq = [-0.999983,-0.946426,-0.896565,-0.946426,-0.946426,-0.914882,-0.880349,-0.914882,-0.896565,-0.880349,-0.856576,-0.880349,-0.946426,-0.914882,-0.880349,-0.914882]
	PARPACK diagonalization completed after 30 matrix-vector product operations.
	iteration results: : total energy is -28.351208 | electron energy -28.357269 + phonon energy 0.006061 | electron momentum kIdx = 0
The 5-th iteration is completed.	|| time cost : 0h 0m 26.949s
********************************************************************************************************************
Start the 6 rounds of NGS-ED iteration
	effective electronic model is modified as: kinetic energy t = 0.955041
	                                           effective interaction Vq = [ -1.00002,-0.946891,-0.896876,-0.946891,-0.946891,-0.915263,-0.880641,-0.915263,-0.896876,-0.880641,-0.856811,-0.880641,-0.946891,-0.915263,-0.880641,-0.915263]
	PARPACK diagonalization completed after 30 matrix-vector product operations.
	iteration results: : total energy is -28.351693 | electron energy -28.357807 + phonon energy 0.006114 | electron momentum kIdx = 0
The 6-th iteration is completed.	|| time cost : 0h 0m 27.014s
********************************************************************************************************************
Start the 7 rounds of NGS-ED iteration
	effective electronic model is modified as: kinetic energy t = 0.955023
	                                           effective interaction Vq = [ -1.00003,-0.947022,-0.896954,-0.947022,-0.947022,-0.915363,-0.880713,-0.915363,-0.896954,-0.880713,-0.856866,-0.880713,-0.947022,-0.915363,-0.880713,-0.915363]
	PARPACK diagonalization completed after 30 matrix-vector product operations.
	iteration results: : total energy is -28.351759 | electron energy -28.357886 + phonon energy 0.006127 | electron momentum kIdx = 0
	Nq(0) = 12.25,	Nq(1) = 0.207567,	Nq(2) = 0.261401,	Nq(3) = 0.207567,	Nq(4) = 0.207567,	Nq(5) = 0.300926,	Nq(6) = 0.349796,	Nq(7) = 0.300926,	Nq(8) = 0.261401,	Nq(9) = 0.349796,	Nq(10) = 0.403063,	Nq(11) = 0.349796,	Nq(12) = 0.207567,	Nq(13) = 0.300926,	Nq(14) = 0.349796,	Nq(15) = 0.300926,	Sq(0) = 4.59328e-19,	Sq(1) = 0.465132,	Sq(2) = 0.69062,	Sq(3) = 0.465132,	Sq(4) = 0.465132,	Sq(5) = 0.595612,	Sq(6) = 0.879324,	Sq(7) = 0.595612,	Sq(8) = 0.69062,	Sq(9) = 0.879324,	Sq(10) = 2.24947,	Sq(11) = 0.879324,	Sq(12) = 0.465132,	Sq(13) = 0.595612,	Sq(14) = 0.879324,	Sq(15) = 0.595612,	N(0) = 1.90342,	N(1) = 1.82072,	N(2) = 0.133047,	N(3) = 1.82072,	N(4) = 1.82072,	N(5) = 0.997872,	N(6) = 0.123375,	N(7) = 0.997872,	N(8) = 0.133047,	N(9) = 0.123375,	N(10) = 0.0626425,	N(11) = 0.123375,	N(12) = 1.82072,	N(13) = 0.997872,	N(14) = 0.123375,	N(15) = 0.997872,	Delta[s](0) = 0.142131,	Delta[s](1) = 0.111041,	Delta[s](2) = 0.0732307,	Delta[s](3) = 0.111041,	Delta[s](4) = 0.111041,	Delta[s](5) = 0.0880039,	Delta[s](6) = 0.0514801,	Delta[s](7) = 0.0880039,	Delta[s](8) = 0.0732307,	Delta[s](9) = 0.0514801,	Delta[s](10) = 0.013818,	Delta[s](11) = 0.0514801,	Delta[s](12) = 0.111041,	Delta[s](13) = 0.0880039,	Delta[s](14) = 0.0514801,	Delta[s](15) = 0.0880039,	Delta[d](0) = 0.249016,	Delta[d](1) = 0.157033,	Delta[d](2) = 0.177456,	Delta[d](3) = 0.157033,	Delta[d](4) = 0.157033,	Delta[d](5) = 0.155094,	Delta[d](6) = 0.110567,	Delta[d](7) = 0.155094,	Delta[d](8) = 0.177456,	Delta[d](9) = 0.110567,	Delta[d](10) = 0.0337053,	Delta[d](11) = 0.110567,	Delta[d](12) = 0.157033,	Delta[d](13) = 0.155094,	Delta[d](14) = 0.110567,	Delta[d](15) = 0.155094,	Delta[s+](0) = 0.572201,	Delta[s+](1) = 0.425026,	Delta[s+](2) = 0.177456,	Delta[s+](3) = 0.425026,	Delta[s+](4) = 0.425026,	Delta[s+](5) = 0.289583,	Delta[s+](6) = 0.106913,	Delta[s+](7) = 0.289583,	Delta[s+](8) = 0.177456,	Delta[s+](9) = 0.106913,	Delta[s+](10) = 0.0241669,	Delta[s+](11) = 0.106913,	Delta[s+](12) = 0.425026,	Delta[s+](13) = 0.289583,	Delta[s+](14) = 0.106913,	Delta[s+](15) = 0.289583
The 7-th iteration is completed.	|| time cost : 0h 4m 10.148s
********************************************************************************************************************
********************************************************************************************************************
Ground state is obtained after 8 iterations. The current ground-state energy is -28.3518, in which electron energy is -28.3579 and phonon energy is 0.0061273
final variational state is: 
	Gamma_x = [      1,1.00738,1.01146,1.00738,1.00738,1.01249,1.01594,1.01249,1.01146,1.01594,1.01914,1.01594,1.00738,1.01249,1.01594,1.01249]
	lambda_q = [0.316126,0.243452,0.214716,0.243452,0.243452,0.224233,0.207009,0.224233,0.214716,0.207009,0.196587,0.207009,0.243452,0.224233,0.207009,0.224233]
********************************************************************************************************************
o___o  ----------------------------------------
| L |	Time since last clock: 0h 0m 0s
A===A	Time since the beginning: 0h 21m 54.271s
***********************************************


********************************************************************************************************************
Warm up runs have been completed. Start calculating W = 5 phonon.
open output files: NGSEDIterationObs.txt
********************************************************************************************************************
Start the 0 rounds of NGS-ED iteration
	effective electronic model is modified as: kinetic energy t = 0.955018
	                                           effective interaction Vq = [-0.914101,-0.792422,-0.729739,-0.792422,-0.792422,-0.751412,-0.711521,-0.751412,-0.729739,-0.711521,-0.685945,-0.711521,-0.792422,-0.751412,-0.711521,-0.751412]
	PARPACK diagonalization completed after 45 matrix-vector product operations.
	iteration results: : total energy is -26.597976 | electron energy -26.601042 + phonon energy 0.003065 | electron momentum kIdx = 0
	Nq(0) = 12.25,	Nq(1) = 0.200098,	Nq(2) = 0.252024,	Nq(3) = 0.200098,	Nq(4) = 0.200098,	Nq(5) = 0.288223,	Nq(6) = 0.334823,	Nq(7) = 0.288223,	Nq(8) = 0.252024,	Nq(9) = 0.334823,	Nq(10) = 0.387115,	Nq(11) = 0.334823,	Nq(12) = 0.200098,	Nq(13) = 0.288223,	Nq(14) = 0.334823,	Nq(15) = 0.288223,	Sq(0) = -5.97206e-18,	Sq(1) = 0.467789,	Sq(2) = 0.699165,	Sq(3) = 0.467789,	Sq(4) = 0.467789,	Sq(5) = 0.599508,	Sq(6) = 0.898451,	Sq(7) = 0.599508,	Sq(8) = 0.699165,	Sq(9) = 0.898451,	Sq(10) = 2.30494,	Sq(11) = 0.898451,	Sq(12) = 0.467789,	Sq(13) = 0.599508,	Sq(14) = 0.898451,	Sq(15) = 0.599508,	N(0) = 1.88993,	N(1) = 1.79744,	N(2) = 0.150719,	N(3) = 1.79744,	N(4) = 1.79744,	N(5) = 0.997996,	N(6) = 0.138738,	N(7) = 0.997996,	N(8) = 0.150719,	N(9) = 0.138738,	N(10) = 0.0719245,	N(11) = 0.138738,	N(12) = 1.79744,	N(13) = 0.997996,	N(14) = 0.138738,	N(15) = 0.997996,	Delta[s](0) = 0.132375,	Delta[s](1) = 0.103572,	Delta[s](2) = 0.0687304,	Delta[s](3) = 0.103572,	Delta[s](4) = 0.103572,	Delta[s](5) = 0.0818382,	Delta[s](6) = 0.0478903,	Delta[s](7) = 0.0818382,	Delta[s](8) = 0.0687304,	Delta[s](9) = 0.0478903,	Delta[s](10) = 0.0138333,	Delta[s](11) = 0.0478903,	Delta[s](12) = 0.103572,	Delta[s](13) = 0.0818382,	Delta[s](14) = 0.0478903,	Delta[s](15) = 0.0818382,	Delta[d](0) = 0.253679,	Delta[d](1) = 0.163661,	Delta[d](2) = 0.183507,	Delta[d](3) = 0.163661,	Delta[d](4) = 0.163661,	Delta[d](5) = 0.160549,	Delta[d](6) = 0.115866,	Delta[d](7) = 0.160549,	Delta[d](8) = 0.183507,	Delta[d](9) = 0.115866,	Delta[d](10) = 0.0375696,	Delta[d](11) = 0.115866,	Delta[d](12) = 0.163661,	Delta[d](13) = 0.160549,	Delta[d](14) = 0.115866,	Delta[d](15) = 0.160549,	Delta[s+](0) = 0.579334,	Delta[s+](1) = 0.430366,	Delta[s+](2) = 0.183507,	Delta[s+](3) = 0.430366,	Delta[s+](4) = 0.430366,	Delta[s+](5) = 0.294501,	Delta[s+](6) = 0.111824,	Delta[s+](7) = 0.294501,	Delta[s+](8) = 0.183507,	Delta[s+](9) = 0.111824,	Delta[s+](10) = 0.0271022,	Delta[s+](11) = 0.111824,	Delta[s+](12) = 0.430366,	Delta[s+](13) = 0.294501,	Delta[s+](14) = 0.111824,	Delta[s+](15) = 0.294501
The 0-th iteration is completed.	|| time cost : 0h 4m 13.544s
********************************************************************************************************************
Start the 1 rounds of NGS-ED iteration
	effective electronic model is modified as: kinetic energy t = 0.951534
	                                           effective interaction Vq = [-0.968418,-0.830371,-0.749897,-0.830371,-0.830371, -0.77727, -0.72527, -0.77727,-0.749897, -0.72527,  -0.6926, -0.72527,-0.830371, -0.77727, -0.72527, -0.77727]
	PARPACK diagonalization completed after 45 matrix-vector product operations.
	iteration results: : total energy is -27.277858 | electron energy -27.286301 + phonon energy 0.008444 | electron momentum kIdx = 0
The 1-th iteration is completed.	|| time cost : 0h 0m 32.291s
********************************************************************************************************************
Start the 2 rounds of NGS-ED iteration
	effective electronic model is modified as: kinetic energy t = 0.949867
	                                           effective interaction Vq = [  -0.9884,-0.847025,-0.758521,-0.847025,-0.847025,-0.788508,-0.731583,-0.788508,-0.758521,-0.731583,-0.696406,-0.731583,-0.847025,-0.788508,-0.731583,-0.788508]
	PARPACK diagonalization completed after 45 matrix-vector product operations.
	iteration results: : total energy is -27.525747 | electron energy -27.537508 + phonon energy 0.011761 | electron momentum kIdx = 0
The 2-th iteration is completed.	|| time cost : 0h 0m 32.111s
********************************************************************************************************************
Start the 3 rounds of NGS-ED iteration
	effective electronic model is modified as: kinetic energy t = 0.949086
	                                           effective interaction Vq = [-0.995751, -0.85463,-0.762281, -0.85463, -0.85463,-0.793511,-0.734461,-0.793511,-0.762281,-0.734461,-0.698332,-0.734461, -0.85463,-0.793511,-0.734461,-0.793511]
	PARPACK diagonalization completed after 30 matrix-vector product operations.
	iteration results: : total energy is -27.616469 | electron energy -27.629932 + phonon energy 0.013463 | electron momentum kIdx = 0
The 3-th iteration is completed.	|| time cost : 0h 0m 29.477s
********************************************************************************************************************
Start the 4 rounds of NGS-ED iteration
	effective electronic model is modified as: kinetic energy t = 0.948723
	                                           effective interaction Vq = [-0.998455,-0.858177,-0.763937,-0.858177,-0.858177,-0.795766,-0.735766,-0.795766,-0.763937,-0.735766,-0.699253,-0.735766,-0.858177,-0.795766,-0.735766,-0.795766]
	PARPACK diagonalization completed after 30 matrix-vector product operations.
	iteration results: : total energy is -27.649743 | electron energy -27.664026 + phonon energy 0.014283 | electron momentum kIdx = 0
The 4-th iteration is completed.	|| time cost : 0h 0m 26.894s
********************************************************************************************************************
Start the 5 rounds of NGS-ED iteration
	effective electronic model is modified as: kinetic energy t = 0.948555
	                                           effective interaction Vq = [ -0.99945, -0.85985,-0.764671, -0.85985, -0.85985, -0.79679,-0.736356, -0.79679,-0.764671,-0.736356,-0.699682,-0.736356, -0.85985, -0.79679,-0.736356, -0.79679]
	PARPACK diagonalization completed after 30 matrix-vector product operations.
	iteration results: : total energy is -27.661961 | electron energy -27.676630 + phonon energy 0.014668 | electron momentum kIdx = 0
The 5-th iteration is completed.	|| time cost : 0h 0m 27.057s
********************************************************************************************************************
Start the 6 rounds of NGS-ED iteration
	effective electronic model is modified as: kinetic energy t = 0.948478
	                                           effective interaction Vq = [-0.999816,-0.860643,-0.764997,-0.860643,-0.860643,-0.797256,-0.736622,-0.797256,-0.764997,-0.736622,-0.699877,-0.736622,-0.860643,-0.797256,-0.736622,-0.797256]
	PARPACK diagonalization completed after 30 matrix-vector product operations.
	iteration results: : total energy is -27.666452 | electron energy -27.681299 + phonon energy 0.014847 | electron momentum kIdx = 0
The 6-th iteration is completed.	|| time cost : 0h 0m 26.902s
********************************************************************************************************************
Start the 7 rounds of NGS-ED iteration
	effective electronic model is modified as: kinetic energy t = 0.948442
	                                           effective interaction Vq = [ -0.99995,-0.861021,-0.765142,-0.861021,-0.861021,-0.797469,-0.736742,-0.797469,-0.765142,-0.736742,-0.699966,-0.736742,-0.861021,-0.797469,-0.736742,-0.797469]
	PARPACK diagonalization completed after 30 matrix-vector product operations.
	iteration results: : total energy is -27.668103 | electron energy -27.683033 + phonon energy 0.014930 | electron momentum kIdx = 0
The 7-th iteration is completed.	|| time cost : 0h 0m 38.184s
********************************************************************************************************************
Start the 8 rounds of NGS-ED iteration
	effective electronic model is modified as: kinetic energy t = 0.948426
	                                           effective interaction Vq = [       -1,-0.861201,-0.765208,-0.861201,-0.861201,-0.797566,-0.736796,-0.797566,-0.765208,-0.736796,-0.700006,-0.736796,-0.861201,-0.797566,-0.736796,-0.797566]
	PARPACK diagonalization completed after 30 matrix-vector product operations.
	iteration results: : total energy is -27.668710 | electron energy -27.683678 + phonon energy 0.014968 | electron momentum kIdx = 0
The 8-th iteration is completed.	|| time cost : 0h 0m 30.218s
********************************************************************************************************************
Start the 9 rounds of NGS-ED iteration
	effective electronic model is modified as: kinetic energy t = 0.948418
	                                           effective interaction Vq = [ -1.00002,-0.861287,-0.765237,-0.861287,-0.861287,-0.797611, -0.73682,-0.797611,-0.765237, -0.73682,-0.700024, -0.73682,-0.861287,-0.797611, -0.73682,-0.797611]
	PARPACK diagonalization completed after 30 matrix-vector product operations.
	iteration results: : total energy is -27.668933 | electron energy -27.683919 + phonon energy 0.014986 | electron momentum kIdx = 0
The 9-th iteration is completed.	|| time cost : 0h 0m 26.924s
********************************************************************************************************************
Start the 10 rounds of NGS-ED iteration
	effective electronic model is modified as: kinetic energy t = 0.948414
	                                           effective interaction Vq = [ -1.00002,-0.861328, -0.76525,-0.861328,-0.861328,-0.797631,-0.736831,-0.797631, -0.76525,-0.736831,-0.700032,-0.736831,-0.861328,-0.797631,-0.736831,-0.797631]
	PARPACK diagonalization completed after 30 matrix-vector product operations.
	iteration results: : total energy is -27.669015 | electron energy -27.684009 + phonon energy 0.014994 | electron momentum kIdx = 0
	Nq(0) = 12.25,	Nq(1) = 0.201954,	Nq(2) = 0.253314,	Nq(3) = 0.201954,	Nq(4) = 0.201954,	Nq(5) = 0.290184,	Nq(6) = 0.336237,	Nq(7) = 0.290184,	Nq(8) = 0.253314,	Nq(9) = 0.336237,	Nq(10) = 0.388114,	Nq(11) = 0.336237,	Nq(12) = 0.201954,	Nq(13) = 0.290184,	Nq(14) = 0.336237,	Nq(15) = 0.290184,	Sq(0) = 3.12632e-18,	Sq(1) = 0.467138,	Sq(2) = 0.698131,	Sq(3) = 0.467138,	Sq(4) = 0.467138,	Sq(5) = 0.599004,	Sq(6) = 0.89591,	Sq(7) = 0.599004,	Sq(8) = 0.698131,	Sq(9) = 0.89591,	Sq(10) = 2.29728,	Sq(11) = 0.89591,	Sq(12) = 0.467138,	Sq(13) = 0.599004,	Sq(14) = 0.89591,	Sq(15) = 0.599004,	N(0) = 1.89168,	N(1) = 1.80103,	N(2) = 0.147799,	N(3) = 1.80103,	N(4) = 1.80103,	N(5) = 0.997862,	N(6) = 0.13657,	N(7) = 0.997862,	N(8) = 0.147799,	N(9) = 0.13657,	N(10) = 0.0708551,	N(11) = 0.13657,	N(12) = 1.80103,	N(13) = 0.997862,	N(14) = 0.13657,	N(15) = 0.997862,	Delta[s](0) = 0.132854,	Delta[s](1) = 0.104201,	Delta[s](2) = 0.0694816,	Delta[s](3) = 0.104201,	Delta[s](4) = 0.104201,	Delta[s](5) = 0.0825975,	Delta[s](6) = 0.0488197,	Delta[s](7) = 0.0825975,	Delta[s](8) = 0.0694816,	Delta[s](9) = 0.0488197,	Delta[s](10) = 0.0148335,	Delta[s](11) = 0.0488197,	Delta[s](12) = 0.104201,	Delta[s](13) = 0.0825975,	Delta[s](14) = 0.0488197,	Delta[s](15) = 0.0825975,	Delta[d](0) = 0.258552,	Delta[d](1) = 0.166912,	Delta[d](2) = 0.186944,	Delta[d](3) = 0.166912,	Delta[d](4) = 0.166912,	Delta[d](5) = 0.163783,	Delta[d](6) = 0.118212,	Delta[d](7) = 0.163783,	Delta[d](8) = 0.186944,	Delta[d](9) = 0.118212,	Delta[d](10) = 0.0385775,	Delta[d](11) = 0.118212,	Delta[d](12) = 0.166912,	Delta[d](13) = 0.163783,	Delta[d](14) = 0.118212,	Delta[d](15) = 0.163783,	Delta[s+](0) = 0.589969,	Delta[s+](1) = 0.438281,	Delta[s+](2) = 0.186944,	Delta[s+](3) = 0.438281,	Delta[s+](4) = 0.438281,	Delta[s+](5) = 0.299939,	Delta[s+](6) = 0.113983,	Delta[s+](7) = 0.299939,	Delta[s+](8) = 0.186944,	Delta[s+](9) = 0.113983,	Delta[s+](10) = 0.0278228,	Delta[s+](11) = 0.113983,	Delta[s+](12) = 0.438281,	Delta[s+](13) = 0.299939,	Delta[s+](14) = 0.113983,	Delta[s+](15) = 0.299939
The 10-th iteration is completed.	|| time cost : 0h 4m 7.845s
********************************************************************************************************************
Start the 11 rounds of NGS-ED iteration
	effective electronic model is modified as: kinetic energy t = 0.948413
	                                           effective interaction Vq = [ -1.00003,-0.861348,-0.765256,-0.861348,-0.861348,-0.797641,-0.736836,-0.797641,-0.765256,-0.736836,-0.700036,-0.736836,-0.861348,-0.797641,-0.736836,-0.797641]
	PARPACK diagonalization completed after 30 matrix-vector product operations.
	iteration results: : total energy is -27.669045 | electron energy -27.684043 + phonon energy 0.014998 | electron momentum kIdx = 0
The 11-th iteration is completed.	|| time cost : 0h 0m 27.162s
********************************************************************************************************************
Start the 12 rounds of NGS-ED iteration
	effective electronic model is modified as: kinetic energy t = 0.948412
	                                           effective interaction Vq = [ -1.00003,-0.861357,-0.765258,-0.861357,-0.861357,-0.797645,-0.736838,-0.797645,-0.765258,-0.736838,-0.700037,-0.736838,-0.861357,-0.797645,-0.736838,-0.797645]
	PARPACK diagonalization completed after 30 matrix-vector product operations.
	iteration results: : total energy is -27.669056 | electron energy -27.684056 + phonon energy 0.014999 | electron momentum kIdx = 0
The 12-th iteration is completed.	|| time cost : 0h 0m 26.998s
********************************************************************************************************************
Start the 13 rounds of NGS-ED iteration
	effective electronic model is modified as: kinetic energy t = 0.948412
	                                           effective interaction Vq = [ -1.00003,-0.861362,-0.765259,-0.861362,-0.861362,-0.797647,-0.736839,-0.797647,-0.765259,-0.736839,-0.700038,-0.736839,-0.861362,-0.797647,-0.736839,-0.797647]
	PARPACK diagonalization completed after 30 matrix-vector product operations.
	iteration results: : total energy is -27.669060 | electron energy -27.684060 + phonon energy 0.015000 | electron momentum kIdx = 0
The 13-th iteration is completed.	|| time cost : 0h 0m 26.879s
********************************************************************************************************************
Start the 14 rounds of NGS-ED iteration
	effective electronic model is modified as: kinetic energy t = 0.948411
	                                           effective interaction Vq = [ -1.00003,-0.861364, -0.76526,-0.861364,-0.861364,-0.797648, -0.73684,-0.797648, -0.76526, -0.73684,-0.700038, -0.73684,-0.861364,-0.797648, -0.73684,-0.797648]
	PARPACK diagonalization completed after 30 matrix-vector product operations.
	iteration results: : total energy is -27.669062 | electron energy -27.684062 + phonon energy 0.015000 | electron momentum kIdx = 0
The 14-th iteration is completed.	|| time cost : 0h 0m 26.971s
********************************************************************************************************************
Start the 15 rounds of NGS-ED iteration
	effective electronic model is modified as: kinetic energy t = 0.948411
	                                           effective interaction Vq = [ -1.00003,-0.861365, -0.76526,-0.861365,-0.861365,-0.797648, -0.73684,-0.797648, -0.76526, -0.73684,-0.700039, -0.73684,-0.861365,-0.797648, -0.73684,-0.797648]
	PARPACK diagonalization completed after 30 matrix-vector product operations.
	iteration results: : total energy is -27.669062 | electron energy -27.684063 + phonon energy 0.015001 | electron momentum kIdx = 0
The 15-th iteration is completed.	|| time cost : 0h 0m 26.962s
********************************************************************************************************************
Start the 16 rounds of NGS-ED iteration
	effective electronic model is modified as: kinetic energy t = 0.948411
	                                           effective interaction Vq = [ -1.00003,-0.861365, -0.76526,-0.861365,-0.861365,-0.797649, -0.73684,-0.797649, -0.76526, -0.73684,-0.700039, -0.73684,-0.861365,-0.797649, -0.73684,-0.797649]
	PARPACK diagonalization completed after 30 matrix-vector product operations.
	iteration results: : total energy is -27.669063 | electron energy -27.684063 + phonon energy 0.015001 | electron momentum kIdx = 0
The 16-th iteration is completed.	|| time cost : 0h 0m 26.959s
********************************************************************************************************************
Start the 17 rounds of NGS-ED iteration
	effective electronic model is modified as: kinetic energy t = 0.948411
	                                           effective interaction Vq = [ -1.00003,-0.861366, -0.76526,-0.861366,-0.861366,-0.797649, -0.73684,-0.797649, -0.76526, -0.73684,-0.700039, -0.73684,-0.861366,-0.797649, -0.73684,-0.797649]
	PARPACK diagonalization completed after 30 matrix-vector product operations.
	iteration results: : total energy is -27.669063 | electron energy -27.684063 + phonon energy 0.015001 | electron momentum kIdx = 0
The 17-th iteration is completed.	|| time cost : 0h 0m 26.998s
********************************************************************************************************************
Start the 18 rounds of NGS-ED iteration
	effective electronic model is modified as: kinetic energy t = 0.948411
	                                           effective interaction Vq = [ -1.00003,-0.861366, -0.76526,-0.861366,-0.861366,-0.797649, -0.73684,-0.797649, -0.76526, -0.73684,-0.700039, -0.73684,-0.861366,-0.797649, -0.73684,-0.797649]
	PARPACK diagonalization completed after 30 matrix-vector product operations.
	iteration results: : total energy is -27.669063 | electron energy -27.684063 + phonon energy 0.015001 | electron momentum kIdx = 0
The 18-th iteration is completed.	|| time cost : 0h 0m 27.03s
********************************************************************************************************************
Start the 19 rounds of NGS-ED iteration
	effective electronic model is modified as: kinetic energy t = 0.948411
	                                           effective interaction Vq = [ -1.00003,-0.861366, -0.76526,-0.861366,-0.861366,-0.797649, -0.73684,-0.797649, -0.76526, -0.73684,-0.700039, -0.73684,-0.861366,-0.797649, -0.73684,-0.797649]
	PARPACK diagonalization completed after 30 matrix-vector product operations.
	iteration results: : total energy is -27.669063 | electron energy -27.684063 + phonon energy 0.015001 | electron momentum kIdx = 0
The 19-th iteration is completed.	|| time cost : 0h 0m 27.21s
********************************************************************************************************************
Start the 20 rounds of NGS-ED iteration
	effective electronic model is modified as: kinetic energy t = 0.948411
	                                           effective interaction Vq = [ -1.00003,-0.861366, -0.76526,-0.861366,-0.861366,-0.797649, -0.73684,-0.797649, -0.76526, -0.73684,-0.700039, -0.73684,-0.861366,-0.797649, -0.73684,-0.797649]
	PARPACK diagonalization completed after 30 matrix-vector product operations.
	iteration results: : total energy is -27.669063 | electron energy -27.684063 + phonon energy 0.015001 | electron momentum kIdx = 0
	Nq(0) = 12.25,	Nq(1) = 0.201955,	Nq(2) = 0.253315,	Nq(3) = 0.201955,	Nq(4) = 0.201955,	Nq(5) = 0.290185,	Nq(6) = 0.336237,	Nq(7) = 0.290185,	Nq(8) = 0.253315,	Nq(9) = 0.336237,	Nq(10) = 0.388114,	Nq(11) = 0.336237,	Nq(12) = 0.201955,	Nq(13) = 0.290185,	Nq(14) = 0.336237,	Nq(15) = 0.290185,	Sq(0) = 3.63161e-18,	Sq(1) = 0.467138,	Sq(2) = 0.698131,	Sq(3) = 0.467138,	Sq(4) = 0.467138,	Sq(5) = 0.599004,	Sq(6) = 0.895909,	Sq(7) = 0.599004,	Sq(8) = 0.698131,	Sq(9) = 0.895909,	Sq(10) = 2.29728,	Sq(11) = 0.895909,	Sq(12) = 0.467138,	Sq(13) = 0.599004,	Sq(14) = 0.895909,	Sq(15) = 0.599004,	N(0) = 1.89169,	N(1) = 1.80104,	N(2) = 0.147798,	N(3) = 1.80104,	N(4) = 1.80104,	N(5) = 0.997862,	N(6) = 0.136569,	N(7) = 0.997862,	N(8) = 0.147798,	N(9) = 0.136569,	N(10) = 0.0708548,	N(11) = 0.136569,	N(12) = 1.80104,	N(13) = 0.997862,	N(14) = 0.136569,	N(15) = 0.997862,	Delta[s](0) = 0.132854,	Delta[s](1) = 0.104201,	Delta[s](2) = 0.0694819,	Delta[s](3) = 0.104201,	Delta[s](4) = 0.104201,	Delta[s](5) = 0.0825978,	Delta[s](6) = 0.0488201,	Delta[s](7) = 0.0825978,	Delta[s](8) = 0.0694819,	Delta[s](9) = 0.0488201,	Delta[s](10) = 0.0148339,	Delta[s](11) = 0.0488201,	Delta[s](12) = 0.104201,	Delta[s](13) = 0.0825978,	Delta[s](14) = 0.0488201,	Delta[s](15) = 0.0825978,	Delta[d](0) = 0.258583,	Delta[d](1) = 0.166932,	Delta[d](2) = 0.186966,	Delta[d](3) = 0.166932,	Delta[d](4) = 0.166932,	Delta[d](5) = 0.163803,	Delta[d](6) = 0.118226,	Delta[d](7) = 0.163803,	Delta[d](8) = 0.186966,	Delta[d](9) = 0.118226,	Delta[d](10) = 0.0385823,	Delta[d](11) = 0.118226,	Delta[d](12) = 0.166932,	Delta[d](13) = 0.163803,	Delta[d](14) = 0.118226,	Delta[d](15) = 0.163803,	Delta[s+](0) = 0.59004,	Delta[s+](1) = 0.438334,	Delta[s+](2) = 0.186966,	Delta[s+](3) = 0.438334,	Delta[s+](4) = 0.438334,	Delta[s+](5) = 0.299976,	Delta[s+](6) = 0.113996,	Delta[s+](7) = 0.299976,	Delta[s+](8) = 0.186966,	Delta[s+](9) = 0.113996,	Delta[s+](10) = 0.0278263,	Delta[s+](11) = 0.113996,	Delta[s+](12) = 0.438334,	Delta[s+](13) = 0.299976,	Delta[s+](14) = 0.113996,	Delta[s+](15) = 0.299976
The 20-th iteration is completed.	|| time cost : 0h 4m 7.435s
********************************************************************************************************************
Start the 21 rounds of NGS-ED iteration
	effective electronic model is modified as: kinetic energy t = 0.948411
	                                           effective interaction Vq = [ -1.00003,-0.861366, -0.76526,-0.861366,-0.861366,-0.797649, -0.73684,-0.797649, -0.76526, -0.73684,-0.700039, -0.73684,-0.861366,-0.797649, -0.73684,-0.797649]
	PARPACK diagonalization completed after 30 matrix-vector product operations.
	iteration results: : total energy is -27.669063 | electron energy -27.684063 + phonon energy 0.015001 | electron momentum kIdx = 0
The 21-th iteration is completed.	|| time cost : 0h 0m 26.948s
********************************************************************************************************************
Start the 22 rounds of NGS-ED iteration
	effective electronic model is modified as: kinetic energy t = 0.948411
	                                           effective interaction Vq = [ -1.00003,-0.861366, -0.76526,-0.861366,-0.861366,-0.797649, -0.73684,-0.797649, -0.76526, -0.73684,-0.700039, -0.73684,-0.861366,-0.797649, -0.73684,-0.797649]
	PARPACK diagonalization completed after 30 matrix-vector product operations.
	iteration results: : total energy is -27.669063 | electron energy -27.684063 + phonon energy 0.015001 | electron momentum kIdx = 0
The 22-th iteration is completed.	|| time cost : 0h 0m 26.918s
********************************************************************************************************************
Start the 23 rounds of NGS-ED iteration
	effective electronic model is modified as: kinetic energy t = 0.948411
	                                           effective interaction Vq = [ -1.00003,-0.861366, -0.76526,-0.861366,-0.861366,-0.797649, -0.73684,-0.797649, -0.76526, -0.73684,-0.700039, -0.73684,-0.861366,-0.797649, -0.73684,-0.797649]
	PARPACK diagonalization completed after 30 matrix-vector product operations.
	iteration results: : total energy is -27.669063 | electron energy -27.684063 + phonon energy 0.015001 | electron momentum kIdx = 0
