SNEDics v3.22.2 Non-Gaussian ED ground state program		Start at Sun Apr 24 22:04:11 2022

Parallelization: 32 MPI threads  * 8 OpenMP threads = 256 total threads.
********************************************************************************************************************
********************************************************************************************************************

********************************************************************************************************************
System parameters and configurations
	special program options are enabled: splitted diagonal Hamiltonian | splitted Hamiltonian terms
********************************************************************************************************************
Read input file "model_params.in"
	Hubbard-Holstein model parameters : 	t = 1    U = 8    g = 0.2    W = 0.2    g' = 0.2    
********************************************************************************************************************
Read input file "hilbertspace_params.in"
	Requested 16-site 2D lattice, with 8 electrons (4, 4)
	Boundary : Periodic		Hilbert space representation : momentum-space (restricted to kIdx = 10)
	Conservation: particle number[U(1)]      spin[U(1)]     momentum
********************************************************************************************************************

Cluster Positions:				Cluster symmetry group : D4
 x ... x ... x ... x .....                       x ... x ... x ... x .....
 |           |           :                       |           |           :
 |           |           :                       |           |           :
12    13    14    15     x                       1     5     6     5     x
 |           |           :                       |           |           :
 |           |           :                       |           |           :
 8 --- 9 ---10 ---11 --- x                       2 --- 6 ---10 --- 6 --- x
 |           |           :                       |           |           :
 |           |           :                       |           |           :
 4     5     6     7     x                       1     5     6     5     x
 |           |           :                       |           |           :
 |           |           :                       |           |           :
 0 --- 1 --- 2 --- 3 --- x                       0 --- 1 --- 2 --- 1 --- x
orbital number : 1
********************************************************************************************************************
Read input file "obs_params.in"
	Observable Type : Nq(All),   Sq(All),   N(All-Orbital),   Delta[s](All),   Delta[d](All),   Delta[s+](All)
** WARNING ** the input observables have non-local factors which have been reinterpreted. The total observable number is 96
********************************************************************************************************************


********************************************************************************************************************
Start calculating the non-Gaussian ED ground state
Maximal iteration number is 1000; energy resolution is 1e-06. Phonon state relaxation time is 2000
W = 0.2 is relatively large. The non-Gaussian ED calculation starts directly.
open output files: NGSED_iteration_observables.txt
********************************************************************************************************************
Start the 0 rounds of NGS-ED iteration
	effective electronic model is modified as: kinetic energy t = 1
	                                           effective interaction Vq = [0,0,0,0,0,0,0,0,0,0,0,0,0,0,0,0]
	first Hamiltonian is constructed, size = 207168 and non-zero numbers = 32194784
	PARPACK diagonalization completed after 225 matrix-vector product operations.
	iteration results: : total energy is -14.228491 | electron energy -14.228491 + phonon energy 0.000000 | electron momentum kIdx = 10
	Nq(0) = 4,	Nq(1) = 0.1929,	Nq(2) = 0.241361,	Nq(3) = 0.1929,	Nq(4) = 0.1929,	Nq(5) = 0.2635,	
	Nq(6) = 0.343209,	Nq(7) = 0.2635,	Nq(8) = 0.241361,	Nq(9) = 0.343209,	Nq(10) = 0.497356,	
	Nq(11) = 0.343209,	Nq(12) = 0.1929,	Nq(13) = 0.2635,	Nq(14) = 0.343209,	Nq(15) = 0.2635;	
	Sq(0) = 1.05048e-18,	Sq(1) = 0.540129,	Sq(2) = 0.425883,	Sq(3) = 0.540129,	Sq(4) = 0.540129,	
	Sq(5) = 0.44091,	Sq(6) = 0.633208,	Sq(7) = 0.44091,	Sq(8) = 0.425883,	Sq(9) = 0.633208,	
	Sq(10) = 0.512733,	Sq(11) = 0.633208,	Sq(12) = 0.540129,	Sq(13) = 0.44091,	Sq(14) = 0.633208,	
	Sq(15) = 0.44091;	N(0) = 1.39632,	N(1) = 1.19393,	N(2) = 0.182033,	N(3) = 1.19393,	
	N(4) = 1.19393,	N(5) = 0.343994,	N(6) = 0.0196952,	N(7) = 0.343994,	N(8) = 0.182033,	
	N(9) = 0.0196952,	N(10) = 0.00914957,	N(11) = 0.0196952,	N(12) = 1.19393,	N(13) = 0.343994,	
	N(14) = 0.0196952,	N(15) = 0.343994;	Delta[s](0) = 0.0196708,	Delta[s](1) = 0.00983117,	Delta[s](2) = 0.00255343,	
	Delta[s](3) = 0.00983117,	Delta[s](4) = 0.00983117,	Delta[s](5) = 0.00578776,	Delta[s](6) = 0.000431498,	Delta[s](7) = 0.00578776,	
	Delta[s](8) = 0.00255343,	Delta[s](9) = 0.000431498,	Delta[s](10) = 0.000276363,	Delta[s](11) = 0.000431498,	Delta[s](12) = 0.00983117,	
	Delta[s](13) = 0.00578776,	Delta[s](14) = 0.000431498,	Delta[s](15) = 0.00578776;	Delta[d](0) = 0.0470218,	Delta[d](1) = 0.038741,	
	Delta[d](2) = 0.028765,	Delta[d](3) = 0.038741,	Delta[d](4) = 0.038741,	Delta[d](5) = 0.0660229,	Delta[d](6) = 0.0431239,	
	Delta[d](7) = 0.0660229,	Delta[d](8) = 0.028765,	Delta[d](9) = 0.0431239,	Delta[d](10) = 0.00533385,	Delta[d](11) = 0.0431239,	
	Delta[d](12) = 0.038741,	Delta[d](13) = 0.0660229,	Delta[d](14) = 0.0431239,	Delta[d](15) = 0.0660229;	Delta[s+](0) = 0.201999,	
	Delta[s+](1) = 0.128763,	Delta[s+](2) = 0.028765,	Delta[s+](3) = 0.128763,	Delta[s+](4) = 0.128763,	Delta[s+](5) = 0.0694671,	
	Delta[s+](6) = 0.0125251,	Delta[s+](7) = 0.0694671,	Delta[s+](8) = 0.028765,	Delta[s+](9) = 0.0125251,	Delta[s+](10) = 0.00139826,	
	Delta[s+](11) = 0.0125251,	Delta[s+](12) = 0.128763,	Delta[s+](13) = 0.0694671,	Delta[s+](14) = 0.0125251,	Delta[s+](15) = 0.0694671
	
The 0-th iteration is completed.	|| time cost : 0h 0m 5.061s
********************************************************************************************************************
Start the 1 rounds of NGS-ED iteration
	effective electronic model is modified as: kinetic energy t = 0.983796
	                                           effective interaction Vq = [        -5,  -0.35277,-0.0198941,  -0.35277,  -0.35277,-0.0216545,-0.0190846,-0.0216545,-0.0198941,-0.0190846,  -0.35274,-0.0190846,  -0.35277,-0.0216545,-0.0190846,-0.0216545]
	PARPACK diagonalization completed after 45 matrix-vector product operations.
	iteration results: : total energy is -34.453547 | electron energy -34.504069 + phonon energy 0.050521 | electron momentum kIdx = 10
The 1-th iteration is completed.	|| time cost : 0h 0m 3.423s
********************************************************************************************************************
Start the 2 rounds of NGS-ED iteration
	effective electronic model is modified as: kinetic energy t = 0.980976
	                                           effective interaction Vq = [        -5, -0.372221,-0.0196021, -0.372221, -0.372221,-0.0211243,-0.0187383,-0.0211243,-0.0196021,-0.0187383, -0.455597,-0.0187383, -0.372221,-0.0211243,-0.0187383,-0.0211243]
	PARPACK diagonalization completed after 45 matrix-vector product operations.
	iteration results: : total energy is -34.456985 | electron energy -34.532973 + phonon energy 0.075988 | electron momentum kIdx = 10
The 2-th iteration is completed.	|| time cost : 0h 0m 0.781s
********************************************************************************************************************
Start the 3 rounds of NGS-ED iteration
	effective electronic model is modified as: kinetic energy t = 0.979852
	                                           effective interaction Vq = [        -5, -0.370161,-0.0195401, -0.370161, -0.370161, -0.020996,-0.0186759, -0.020996,-0.0195401,-0.0186759, -0.513884,-0.0186759, -0.370161, -0.020996,-0.0186759, -0.020996]
	PARPACK diagonalization completed after 45 matrix-vector product operations.
	iteration results: : total energy is -34.457993 | electron energy -34.547454 + phonon energy 0.089462 | electron momentum kIdx = 10
The 3-th iteration is completed.	|| time cost : 0h 0m 0.786s
********************************************************************************************************************
Start the 4 rounds of NGS-ED iteration
	effective electronic model is modified as: kinetic energy t = 0.97911
	                                           effective interaction Vq = [        -5, -0.367565,-0.0195091, -0.367565, -0.367565,-0.0209283,-0.0186469,-0.0209283,-0.0195091,-0.0186469, -0.554105,-0.0186469, -0.367565,-0.0209283,-0.0186469,-0.0209283]
	PARPACK diagonalization completed after 45 matrix-vector product operations.
	iteration results: : total energy is -34.458477 | electron energy -34.557549 + phonon energy 0.099072 | electron momentum kIdx = 10
The 4-th iteration is completed.	|| time cost : 0h 0m 0.791s
********************************************************************************************************************
Start the 5 rounds of NGS-ED iteration
	effective electronic model is modified as: kinetic energy t = 0.978548
	                                           effective interaction Vq = [        -5,  -0.36561,-0.0194879,  -0.36561,  -0.36561,-0.0208814,-0.0186269,-0.0208814,-0.0194879,-0.0186269, -0.584188,-0.0186269,  -0.36561,-0.0208814,-0.0186269,-0.0208814]
	PARPACK diagonalization completed after 45 matrix-vector product operations.
	iteration results: : total energy is -34.458750 | electron energy -34.565269 + phonon energy 0.106519 | electron momentum kIdx = 10
The 5-th iteration is completed.	|| time cost : 0h 0m 0.721s
********************************************************************************************************************
Start the 6 rounds of NGS-ED iteration
	effective electronic model is modified as: kinetic energy t = 0.978103
	                                           effective interaction Vq = [        -5, -0.364118,-0.0194719, -0.364118, -0.364118,-0.0208459,-0.0186116,-0.0208459,-0.0194719,-0.0186116, -0.607733,-0.0186116, -0.364118,-0.0208459,-0.0186116,-0.0208459]
	PARPACK diagonalization completed after 45 matrix-vector product operations.
	iteration results: : total energy is -34.458918 | electron energy -34.571422 + phonon energy 0.112503 | electron momentum kIdx = 10
The 6-th iteration is completed.	|| time cost : 0h 0m 0.796s
********************************************************************************************************************
Start the 7 rounds of NGS-ED iteration
	effective electronic model is modified as: kinetic energy t = 0.977739
	                                           effective interaction Vq = [        -5, -0.362937,-0.0194593, -0.362937, -0.362937,-0.0208178,-0.0185992,-0.0208178,-0.0194593,-0.0185992, -0.626725,-0.0185992, -0.362937,-0.0208178,-0.0185992,-0.0208178]
	PARPACK diagonalization completed after 45 matrix-vector product operations.
	iteration results: : total energy is -34.459029 | electron energy -34.576454 + phonon energy 0.117425 | electron momentum kIdx = 10
The 7-th iteration is completed.	|| time cost : 0h 0m 0.79s
********************************************************************************************************************
Start the 8 rounds of NGS-ED iteration
	effective electronic model is modified as: kinetic energy t = 0.977437
	                                           effective interaction Vq = [        -5, -0.361974,-0.0194491, -0.361974, -0.361974,-0.0207949, -0.018589,-0.0207949,-0.0194491, -0.018589,  -0.64238, -0.018589, -0.361974,-0.0207949, -0.018589,-0.0207949]
	PARPACK diagonalization completed after 45 matrix-vector product operations.
	iteration results: : total energy is -34.459105 | electron energy -34.580649 + phonon energy 0.121544 | electron momentum kIdx = 10
The 8-th iteration is completed.	|| time cost : 0h 0m 0.801s
********************************************************************************************************************
Start the 9 rounds of NGS-ED iteration
	effective electronic model is modified as: kinetic energy t = 0.977182
	                                           effective interaction Vq = [        -5, -0.361173,-0.0194406, -0.361173, -0.361173,-0.0207759,-0.0185805,-0.0207759,-0.0194406,-0.0185805, -0.655493,-0.0185805, -0.361173,-0.0207759,-0.0185805,-0.0207759]
	PARPACK diagonalization completed after 45 matrix-vector product operations.
	iteration results: : total energy is -34.459159 | electron energy -34.584194 + phonon energy 0.125036 | electron momentum kIdx = 10
The 9-th iteration is completed.	|| time cost : 0h 0m 0.792s
********************************************************************************************************************
Start the 10 rounds of NGS-ED iteration
	effective electronic model is modified as: kinetic energy t = 0.976964
	                                           effective interaction Vq = [        -5, -0.360497,-0.0194334, -0.360497, -0.360497,-0.0207599,-0.0185733,-0.0207599,-0.0194334,-0.0185733, -0.666612,-0.0185733, -0.360497,-0.0207599,-0.0185733,-0.0207599]
	PARPACK diagonalization completed after 45 matrix-vector product operations.
	iteration results: : total energy is -34.459198 | electron energy -34.587223 + phonon energy 0.128026 | electron momentum kIdx = 10
The 10-th iteration is completed.	|| time cost : 0h 0m 0.802s
********************************************************************************************************************
Start the 11 rounds of NGS-ED iteration
	effective electronic model is modified as: kinetic energy t = 0.976777
	                                           effective interaction Vq = [        -5,  -0.35992,-0.0194272,  -0.35992,  -0.35992,-0.0207462, -0.018567,-0.0207462,-0.0194272, -0.018567, -0.676133, -0.018567,  -0.35992,-0.0207462, -0.018567,-0.0207462]
	PARPACK diagonalization completed after 45 matrix-vector product operations.
	iteration results: : total energy is -34.459226 | electron energy -34.589833 + phonon energy 0.130607 | electron momentum kIdx = 10
The 11-th iteration is completed.	|| time cost : 0h 0m 0.802s
********************************************************************************************************************
Start the 12 rounds of NGS-ED iteration
	effective electronic model is modified as: kinetic energy t = 0.976615
	                                           effective interaction Vq = [        -5, -0.359423, -0.019422, -0.359423, -0.359423,-0.0207344,-0.0185616,-0.0207344, -0.019422,-0.0185616, -0.684349,-0.0185616, -0.359423,-0.0207344,-0.0185616,-0.0207344]
	PARPACK diagonalization completed after 45 matrix-vector product operations.
	iteration results: : total energy is -34.459248 | electron energy -34.592098 + phonon energy 0.132850 | electron momentum kIdx = 10
The 12-th iteration is completed.	|| time cost : 0h 0m 0.797s
********************************************************************************************************************
Start the 13 rounds of NGS-ED iteration
	effective electronic model is modified as: kinetic energy t = 0.976474
	                                           effective interaction Vq = [        -5, -0.358992,-0.0194174, -0.358992, -0.358992,-0.0207242,-0.0185569,-0.0207242,-0.0194174,-0.0185569, -0.691483,-0.0185569, -0.358992,-0.0207242,-0.0185569,-0.0207242]
	PARPACK diagonalization completed after 45 matrix-vector product operations.
	iteration results: : total energy is -34.459264 | electron energy -34.594073 + phonon energy 0.134809 | electron momentum kIdx = 10
The 13-th iteration is completed.	|| time cost : 0h 0m 0.794s
********************************************************************************************************************
Start the 14 rounds of NGS-ED iteration
	effective electronic model is modified as: kinetic energy t = 0.97635
	                                           effective interaction Vq = [        -5, -0.358615,-0.0194134, -0.358615, -0.358615,-0.0207153,-0.0185528,-0.0207153,-0.0194134,-0.0185528,  -0.69771,-0.0185528, -0.358615,-0.0207153,-0.0185528,-0.0207153]
	PARPACK diagonalization completed after 45 matrix-vector product operations.
	iteration results: : total energy is -34.459277 | electron energy -34.595804 + phonon energy 0.136527 | electron momentum kIdx = 10
The 14-th iteration is completed.	|| time cost : 0h 0m 0.797s
********************************************************************************************************************
Start the 15 rounds of NGS-ED iteration
	effective electronic model is modified as: kinetic energy t = 0.976242
	                                           effective interaction Vq = [        -5, -0.358285,-0.0194099, -0.358285, -0.358285,-0.0207075,-0.0185491,-0.0207075,-0.0194099,-0.0185491, -0.703169,-0.0185491, -0.358285,-0.0207075,-0.0185491,-0.0207075]
	PARPACK diagonalization completed after 45 matrix-vector product operations.
	iteration results: : total energy is -34.459286 | electron energy -34.597327 + phonon energy 0.138040 | electron momentum kIdx = 10
The 15-th iteration is completed.	|| time cost : 0h 0m 0.806s
********************************************************************************************************************
Start the 16 rounds of NGS-ED iteration
	effective electronic model is modified as: kinetic energy t = 0.976146
	                                           effective interaction Vq = [        -5, -0.357995,-0.0194068, -0.357995, -0.357995,-0.0207007,-0.0185459,-0.0207007,-0.0194068,-0.0185459, -0.707971,-0.0185459, -0.357995,-0.0207007,-0.0185459,-0.0207007]
	PARPACK diagonalization completed after 30 matrix-vector product operations.
	iteration results: : total energy is -34.459294 | electron energy -34.598670 + phonon energy 0.139377 | electron momentum kIdx = 10
The 16-th iteration is completed.	|| time cost : 0h 0m 0.738s
********************************************************************************************************************
Start the 17 rounds of NGS-ED iteration
	effective electronic model is modified as: kinetic energy t = 0.976061
	                                           effective interaction Vq = [        -5, -0.357739,-0.0194041, -0.357739, -0.357739,-0.0206947,-0.0185431,-0.0206947,-0.0194041,-0.0185431,  -0.71221,-0.0185431, -0.357739,-0.0206947,-0.0185431,-0.0206947]
	PARPACK diagonalization completed after 30 matrix-vector product operations.
	iteration results: : total energy is -34.459300 | electron energy -34.599859 + phonon energy 0.140560 | electron momentum kIdx = 10
The 17-th iteration is completed.	|| time cost : 0h 0m 0.743s
********************************************************************************************************************
Start the 18 rounds of NGS-ED iteration
	effective electronic model is modified as: kinetic energy t = 0.975986
	                                           effective interaction Vq = [        -5, -0.357512,-0.0194017, -0.357512, -0.357512,-0.0206893,-0.0185406,-0.0206893,-0.0194017,-0.0185406,  -0.71596,-0.0185406, -0.357512,-0.0206893,-0.0185406,-0.0206893]
	PARPACK diagonalization completed after 30 matrix-vector product operations.
	iteration results: : total energy is -34.459304 | electron energy -34.600914 + phonon energy 0.141610 | electron momentum kIdx = 10
The 18-th iteration is completed.	|| time cost : 0h 0m 0.731s
********************************************************************************************************************
Start the 19 rounds of NGS-ED iteration
	effective electronic model is modified as: kinetic energy t = 0.975919
	                                           effective interaction Vq = [        -5, -0.357311,-0.0193995, -0.357311, -0.357311,-0.0206846,-0.0185383,-0.0206846,-0.0193995,-0.0185383, -0.719286,-0.0185383, -0.357311,-0.0206846,-0.0185383,-0.0206846]
	PARPACK diagonalization completed after 30 matrix-vector product operations.
	iteration results: : total energy is -34.459308 | electron energy -34.601851 + phonon energy 0.142543 | electron momentum kIdx = 10
The 19-th iteration is completed.	|| time cost : 0h 0m 0.745s
********************************************************************************************************************
Start the 20 rounds of NGS-ED iteration
	effective electronic model is modified as: kinetic energy t = 0.975859
	                                           effective interaction Vq = [        -5, -0.357132,-0.0193976, -0.357132, -0.357132,-0.0206804,-0.0185363,-0.0206804,-0.0193976,-0.0185363,  -0.72224,-0.0185363, -0.357132,-0.0206804,-0.0185363,-0.0206804]
	PARPACK diagonalization completed after 30 matrix-vector product operations.
	iteration results: : total energy is -34.459311 | electron energy -34.602685 + phonon energy 0.143374 | electron momentum kIdx = 10
The 20-th iteration is completed.	|| time cost : 0h 0m 0.741s
********************************************************************************************************************
Start the 21 rounds of NGS-ED iteration
	effective electronic model is modified as: kinetic energy t = 0.975807
	                                           effective interaction Vq = [        -5, -0.356972,-0.0193959, -0.356972, -0.356972,-0.0206766,-0.0185346,-0.0206766,-0.0193959,-0.0185346,  -0.72487,-0.0185346, -0.356972,-0.0206766,-0.0185346,-0.0206766]
	PARPACK diagonalization completed after 30 matrix-vector product operations.
	iteration results: : total energy is -34.459313 | electron energy -34.603428 + phonon energy 0.144116 | electron momentum kIdx = 10
The 21-th iteration is completed.	|| time cost : 0h 0m 0.748s
********************************************************************************************************************
Start the 22 rounds of NGS-ED iteration
	effective electronic model is modified as: kinetic energy t = 0.975759
	                                           effective interaction Vq = [        -5,  -0.35683,-0.0193944,  -0.35683,  -0.35683,-0.0206733, -0.018533,-0.0206733,-0.0193944, -0.018533, -0.727214, -0.018533,  -0.35683,-0.0206733, -0.018533,-0.0206733]
	PARPACK diagonalization completed after 30 matrix-vector product operations.
	iteration results: : total energy is -34.459315 | electron energy -34.604092 + phonon energy 0.144777 | electron momentum kIdx = 10
The 22-th iteration is completed.	|| time cost : 0h 0m 0.74s
********************************************************************************************************************
Start the 23 rounds of NGS-ED iteration
	effective electronic model is modified as: kinetic energy t = 0.975717
	                                           effective interaction Vq = [        -5, -0.356703,-0.0193931, -0.356703, -0.356703,-0.0206703,-0.0185316,-0.0206703,-0.0193931,-0.0185316, -0.729306,-0.0185316, -0.356703,-0.0206703,-0.0185316,-0.0206703]
	PARPACK diagonalization completed after 30 matrix-vector product operations.
	iteration results: : total energy is -34.459316 | electron energy -34.604685 + phonon energy 0.145369 | electron momentum kIdx = 10
The 23-th iteration is completed.	|| time cost : 0h 0m 0.746s
********************************************************************************************************************
Start the 24 rounds of NGS-ED iteration
	effective electronic model is modified as: kinetic energy t = 0.975679
	                                           effective interaction Vq = [        -5,  -0.35659,-0.0193919,  -0.35659,  -0.35659,-0.0206676,-0.0185303,-0.0206676,-0.0193919,-0.0185303, -0.731175,-0.0185303,  -0.35659,-0.0206676,-0.0185303,-0.0206676]
	PARPACK diagonalization completed after 30 matrix-vector product operations.
	iteration results: : total energy is -34.459317 | electron energy -34.605216 + phonon energy 0.145898 | electron momentum kIdx = 10
The 24-th iteration is completed.	|| time cost : 0h 0m 0.696s
********************************************************************************************************************
Start the 25 rounds of NGS-ED iteration
	effective electronic model is modified as: kinetic energy t = 0.975646
	                                           effective interaction Vq = [        -5, -0.356489,-0.0193908, -0.356489, -0.356489,-0.0206652,-0.0185292,-0.0206652,-0.0193908,-0.0185292, -0.732847,-0.0185292, -0.356489,-0.0206652,-0.0185292,-0.0206652]
	PARPACK diagonalization completed after 30 matrix-vector product operations.
	iteration results: : total energy is -34.459318 | electron energy -34.605691 + phonon energy 0.146372 | electron momentum kIdx = 10
The 25-th iteration is completed.	|| time cost : 0h 0m 0.686s
********************************************************************************************************************
Start the 26 rounds of NGS-ED iteration
	effective electronic model is modified as: kinetic energy t = 0.975615
	                                           effective interaction Vq = [        -5, -0.356398,-0.0193898, -0.356398, -0.356398,-0.0206631,-0.0185281,-0.0206631,-0.0193898,-0.0185281, -0.734343,-0.0185281, -0.356398,-0.0206631,-0.0185281,-0.0206631]
	PARPACK diagonalization completed after 30 matrix-vector product operations.
	iteration results: : total energy is -34.459319 | electron energy -34.606116 + phonon energy 0.146797 | electron momentum kIdx = 10
The 26-th iteration is completed.	|| time cost : 0h 0m 0.732s
********************************************************************************************************************
Start the 27 rounds of NGS-ED iteration
	effective electronic model is modified as: kinetic energy t = 0.975588
	                                           effective interaction Vq = [        -5, -0.356316, -0.019389, -0.356316, -0.356316,-0.0206612,-0.0185272,-0.0206612, -0.019389,-0.0185272, -0.735683,-0.0185272, -0.356316,-0.0206612,-0.0185272,-0.0206612]
	PARPACK diagonalization completed after 30 matrix-vector product operations.
	iteration results: : total energy is -34.459320 | electron energy -34.606497 + phonon energy 0.147178 | electron momentum kIdx = 10
The 27-th iteration is completed.	|| time cost : 0h 0m 0.743s
********************************************************************************************************************
Start the 28 rounds of NGS-ED iteration
	effective electronic model is modified as: kinetic energy t = 0.975564
	                                           effective interaction Vq = [        -5, -0.356244,-0.0193882, -0.356244, -0.356244,-0.0206595,-0.0185264,-0.0206595,-0.0193882,-0.0185264, -0.736884,-0.0185264, -0.356244,-0.0206595,-0.0185264,-0.0206595]
	PARPACK diagonalization completed after 30 matrix-vector product operations.
	iteration results: : total energy is -34.459320 | electron energy -34.606840 + phonon energy 0.147519 | electron momentum kIdx = 10
The 28-th iteration is completed.	|| time cost : 0h 0m 0.739s
********************************************************************************************************************
Start the 29 rounds of NGS-ED iteration
	effective electronic model is modified as: kinetic energy t = 0.975542
	                                           effective interaction Vq = [        -5, -0.356178,-0.0193875, -0.356178, -0.356178,-0.0206579,-0.0185257,-0.0206579,-0.0193875,-0.0185257, -0.737961,-0.0185257, -0.356178,-0.0206579,-0.0185257,-0.0206579]
	PARPACK diagonalization completed after 30 matrix-vector product operations.
	iteration results: : total energy is -34.459321 | electron energy -34.607147 + phonon energy 0.147826 | electron momentum kIdx = 10
The 29-th iteration is completed.	|| time cost : 0h 0m 0.741s
********************************************************************************************************************
Start the 30 rounds of NGS-ED iteration
	effective electronic model is modified as: kinetic energy t = 0.975522
	                                           effective interaction Vq = [        -5, -0.356119,-0.0193869, -0.356119, -0.356119,-0.0206565, -0.018525,-0.0206565,-0.0193869, -0.018525, -0.738928, -0.018525, -0.356119,-0.0206565, -0.018525,-0.0206565]
	PARPACK diagonalization completed after 30 matrix-vector product operations.
	iteration results: : total energy is -34.459321 | electron energy -34.607422 + phonon energy 0.148101 | electron momentum kIdx = 10
The 30-th iteration is completed.	|| time cost : 0h 0m 0.743s
********************************************************************************************************************
Start the 31 rounds of NGS-ED iteration
	effective electronic model is modified as: kinetic energy t = 0.975505
	                                           effective interaction Vq = [        -5, -0.356067,-0.0193863, -0.356067, -0.356067,-0.0206553,-0.0185244,-0.0206553,-0.0193863,-0.0185244, -0.739796,-0.0185244, -0.356067,-0.0206553,-0.0185244,-0.0206553]
	PARPACK diagonalization completed after 30 matrix-vector product operations.
	iteration results: : total energy is -34.459321 | electron energy -34.607670 + phonon energy 0.148349 | electron momentum kIdx = 10
The 31-th iteration is completed.	|| time cost : 0h 0m 0.744s
********************************************************************************************************************
Start the 32 rounds of NGS-ED iteration
	effective electronic model is modified as: kinetic energy t = 0.975489
	                                           effective interaction Vq = [        -5, -0.356019,-0.0193858, -0.356019, -0.356019,-0.0206542,-0.0185239,-0.0206542,-0.0193858,-0.0185239, -0.740576,-0.0185239, -0.356019,-0.0206542,-0.0185239,-0.0206542]
	PARPACK diagonalization completed after 30 matrix-vector product operations.
	iteration results: : total energy is -34.459321 | electron energy -34.607892 + phonon energy 0.148571 | electron momentum kIdx = 10
The 32-th iteration is completed.	|| time cost : 0h 0m 0.741s
********************************************************************************************************************
Start the 33 rounds of NGS-ED iteration
	effective electronic model is modified as: kinetic energy t = 0.975475
	                                           effective interaction Vq = [        -5, -0.355977,-0.0193853, -0.355977, -0.355977,-0.0206532,-0.0185234,-0.0206532,-0.0193853,-0.0185234, -0.741276,-0.0185234, -0.355977,-0.0206532,-0.0185234,-0.0206532]
	PARPACK diagonalization completed after 30 matrix-vector product operations.
	iteration results: : total energy is -34.459321 | electron energy -34.608092 + phonon energy 0.148771 | electron momentum kIdx = 10
The 33-th iteration is completed.	|| time cost : 0h 0m 0.728s
********************************************************************************************************************
Start the 34 rounds of NGS-ED iteration
	effective electronic model is modified as: kinetic energy t = 0.975462
	                                           effective interaction Vq = [        -5, -0.355938,-0.0193849, -0.355938, -0.355938,-0.0206523, -0.018523,-0.0206523,-0.0193849, -0.018523, -0.741906, -0.018523, -0.355938,-0.0206523, -0.018523,-0.0206523]
	PARPACK diagonalization completed after 30 matrix-vector product operations.
	iteration results: : total energy is -34.459322 | electron energy -34.608272 + phonon energy 0.148951 | electron momentum kIdx = 10
The 34-th iteration is completed.	|| time cost : 0h 0m 0.745s
********************************************************************************************************************
Start the 35 rounds of NGS-ED iteration
	effective electronic model is modified as: kinetic energy t = 0.975451
	                                           effective interaction Vq = [        -5, -0.355904,-0.0193846, -0.355904, -0.355904,-0.0206515,-0.0185226,-0.0206515,-0.0193846,-0.0185226, -0.742472,-0.0185226, -0.355904,-0.0206515,-0.0185226,-0.0206515]
	PARPACK diagonalization completed after 30 matrix-vector product operations.
	iteration results: : total energy is -34.459322 | electron energy -34.608434 + phonon energy 0.149112 | electron momentum kIdx = 10
The 35-th iteration is completed.	|| time cost : 0h 0m 0.742s
********************************************************************************************************************
Start the 36 rounds of NGS-ED iteration
	effective electronic model is modified as: kinetic energy t = 0.97544
	                                           effective interaction Vq = [        -5, -0.355873,-0.0193842, -0.355873, -0.355873,-0.0206508,-0.0185222,-0.0206508,-0.0193842,-0.0185222, -0.742981,-0.0185222, -0.355873,-0.0206508,-0.0185222,-0.0206508]
	PARPACK diagonalization completed after 30 matrix-vector product operations.
	iteration results: : total energy is -34.459322 | electron energy -34.608580 + phonon energy 0.149258 | electron momentum kIdx = 10
The 36-th iteration is completed.	|| time cost : 0h 0m 0.736s
********************************************************************************************************************
Start the 37 rounds of NGS-ED iteration
	effective electronic model is modified as: kinetic energy t = 0.975431
	                                           effective interaction Vq = [        -5, -0.355845,-0.0193839, -0.355845, -0.355845,-0.0206501,-0.0185219,-0.0206501,-0.0193839,-0.0185219, -0.743438,-0.0185219, -0.355845,-0.0206501,-0.0185219,-0.0206501]
	PARPACK diagonalization completed after 30 matrix-vector product operations.
	iteration results: : total energy is -34.459322 | electron energy -34.608711 + phonon energy 0.149389 | electron momentum kIdx = 10
The 37-th iteration is completed.	|| time cost : 0h 0m 0.742s
********************************************************************************************************************
Start the 38 rounds of NGS-ED iteration
	effective electronic model is modified as: kinetic energy t = 0.975422
	                                           effective interaction Vq = [        -5,  -0.35582,-0.0193837,  -0.35582,  -0.35582,-0.0206495,-0.0185216,-0.0206495,-0.0193837,-0.0185216,  -0.74385,-0.0185216,  -0.35582,-0.0206495,-0.0185216,-0.0206495]
	PARPACK diagonalization completed after 30 matrix-vector product operations.
	iteration results: : total energy is -34.459322 | electron energy -34.608828 + phonon energy 0.149506 | electron momentum kIdx = 10
The 38-th iteration is completed.	|| time cost : 0h 0m 0.747s
********************************************************************************************************************
Start the 39 rounds of NGS-ED iteration
	effective electronic model is modified as: kinetic energy t = 0.975415
	                                           effective interaction Vq = [        -5, -0.355797,-0.0193834, -0.355797, -0.355797, -0.020649,-0.0185214, -0.020649,-0.0193834,-0.0185214, -0.744221,-0.0185214, -0.355797, -0.020649,-0.0185214, -0.020649]
	PARPACK diagonalization completed after 30 matrix-vector product operations.
	iteration results: : total energy is -34.459322 | electron energy -34.608934 + phonon energy 0.149612 | electron momentum kIdx = 10
The 39-th iteration is completed.	|| time cost : 0h 0m 0.742s
********************************************************************************************************************
Start the 40 rounds of NGS-ED iteration
	effective electronic model is modified as: kinetic energy t = 0.975408
	                                           effective interaction Vq = [        -5, -0.355777,-0.0193832, -0.355777, -0.355777,-0.0206485,-0.0185211,-0.0206485,-0.0193832,-0.0185211, -0.744555,-0.0185211, -0.355777,-0.0206485,-0.0185211,-0.0206485]
	PARPACK diagonalization completed after 30 matrix-vector product operations.
	iteration results: : total energy is -34.459322 | electron energy -34.609030 + phonon energy 0.149708 | electron momentum kIdx = 10
The 40-th iteration is completed.	|| time cost : 0h 0m 0.74s
********************************************************************************************************************
Start the 41 rounds of NGS-ED iteration
	effective electronic model is modified as: kinetic energy t = 0.975402
	                                           effective interaction Vq = [        -5, -0.355759, -0.019383, -0.355759, -0.355759,-0.0206481,-0.0185209,-0.0206481, -0.019383,-0.0185209, -0.744855,-0.0185209, -0.355759,-0.0206481,-0.0185209,-0.0206481]
	PARPACK diagonalization completed after 30 matrix-vector product operations.
	iteration results: : total energy is -34.459322 | electron energy -34.609116 + phonon energy 0.149794 | electron momentum kIdx = 10
The 41-th iteration is completed.	|| time cost : 0h 0m 0.746s
********************************************************************************************************************
Start the 42 rounds of NGS-ED iteration
	effective electronic model is modified as: kinetic energy t = 0.975397
	                                           effective interaction Vq = [        -5, -0.355742,-0.0193828, -0.355742, -0.355742,-0.0206477,-0.0185207,-0.0206477,-0.0193828,-0.0185207, -0.745126,-0.0185207, -0.355742,-0.0206477,-0.0185207,-0.0206477]
	PARPACK diagonalization completed after 30 matrix-vector product operations.
	iteration results: : total energy is -34.459322 | electron energy -34.609193 + phonon energy 0.149871 | electron momentum kIdx = 10
The 42-th iteration is completed.	|| time cost : 0h 0m 0.746s
********************************************************************************************************************
Start the 43 rounds of NGS-ED iteration
	effective electronic model is modified as: kinetic energy t = 0.975392
	                                           effective interaction Vq = [        -5, -0.355727,-0.0193827, -0.355727, -0.355727,-0.0206473,-0.0185206,-0.0206473,-0.0193827,-0.0185206, -0.745369,-0.0185206, -0.355727,-0.0206473,-0.0185206,-0.0206473]
	PARPACK diagonalization completed after 30 matrix-vector product operations.
	iteration results: : total energy is -34.459322 | electron energy -34.609263 + phonon energy 0.149941 | electron momentum kIdx = 10
The 43-th iteration is completed.	|| time cost : 0h 0m 0.737s
********************************************************************************************************************
Start the 44 rounds of NGS-ED iteration
	effective electronic model is modified as: kinetic energy t = 0.975387
	                                           effective interaction Vq = [        -5, -0.355714,-0.0193825, -0.355714, -0.355714, -0.020647,-0.0185204, -0.020647,-0.0193825,-0.0185204, -0.745588,-0.0185204, -0.355714, -0.020647,-0.0185204, -0.020647]
	PARPACK diagonalization completed after 30 matrix-vector product operations.
	iteration results: : total energy is -34.459322 | electron energy -34.609326 + phonon energy 0.150004 | electron momentum kIdx = 10
The 44-th iteration is completed.	|| time cost : 0h 0m 0.733s
********************************************************************************************************************
Start the 45 rounds of NGS-ED iteration
	effective electronic model is modified as: kinetic energy t = 0.975383
	                                           effective interaction Vq = [        -5, -0.355702,-0.0193824, -0.355702, -0.355702,-0.0206467,-0.0185203,-0.0206467,-0.0193824,-0.0185203, -0.745786,-0.0185203, -0.355702,-0.0206467,-0.0185203,-0.0206467]
	PARPACK diagonalization completed after 30 matrix-vector product operations.
	iteration results: : total energy is -34.459322 | electron energy -34.609382 + phonon energy 0.150060 | electron momentum kIdx = 10
The 45-th iteration is completed.	|| time cost : 0h 0m 0.744s
