SNEDics v3.22.2 Non-Gaussian ED ground state program		Start at Tue May 17 04:47:40 2022

Parallelization: 32 MPI threads  * 8 OpenMP threads = 256 total threads.
********************************************************************************************************************
********************************************************************************************************************

********************************************************************************************************************
System parameters and configurations
	special program options are enabled: splitted diagonal Hamiltonian | splitted Hamiltonian terms
********************************************************************************************************************
Read input file "model_params.in"
	Hubbard-Holstein model parameters : 	t = 1    t' = -0.3    U = 8    g = 0.35    W = 0.2    g' = 0.5    
********************************************************************************************************************
Read input file "hilbertspace_params.in"
	Requested 16-site 2D lattice, with 8 electrons (4, 4)
	Boundary : Periodic		Hilbert space representation : momentum-space (restricted to kIdx = 0)
	Conservation: particle number[U(1)]      spin[U(1)]     momentum
********************************************************************************************************************

Cluster Positions:				Cluster symmetry group : D4
 x ... x ... x ... x .....                       x ... x ... x ... x .....
 |           |           :                       |           |           :
 |           |           :                       |           |           :
12    13    14    15     x                       1     5     6     5     x
 |           |           :                       |           |           :
 |           |           :                       |           |           :
 8 --- 9 ---10 ---11 --- x                       2 --- 6 ---10 --- 6 --- x
 |           |           :                       |           |           :
 |           |           :                       |           |           :
 4     5     6     7     x                       1     5     6     5     x
 |           |           :                       |           |           :
 |           |           :                       |           |           :
 0 --- 1 --- 2 --- 3 --- x                       0 --- 1 --- 2 --- 1 --- x
orbital number : 1
********************************************************************************************************************
Read input file "obs_params.in"
	Observable Type : Nq(All),   Sq(All),   N(All-Orbital),   Delta[s](All),   Delta[d](All),   Delta[s+](All)
** WARNING ** the input observables have non-local factors which have been reinterpreted. The total observable number is 96
********************************************************************************************************************


********************************************************************************************************************
Start calculating the non-Gaussian ED ground state
Maximal iteration number is 1000; energy resolution is 1e-06. Phonon state relaxation time is 2000
W = 0.2 is relatively large. The non-Gaussian ED calculation starts directly.
open output files: NGSED_iteration_observables.txt
********************************************************************************************************************
Start the 0 rounds of NGS-ED iteration
	effective electronic model is modified as: kinetic energy t = 1, t' = -0.3
	                                           effective interaction Vq = [0,0,0,0,0,0,0,0,0,0,0,0,0,0,0,0]
	first Hamiltonian is constructed, size = 207184 and non-zero numbers = 32252562
	PARPACK diagonalization completed after 120 matrix-vector product operations.
	iteration results: : total energy is -14.600323 | electron energy -14.600323 + phonon energy 0.000000 | electron momentum kIdx = 0
	Nq(0) = 4,	Nq(1) = 0.197198,	Nq(2) = 0.25408,	Nq(3) = 0.197198,	Nq(4) = 0.197198,	Nq(5) = 0.267076,	
	Nq(6) = 0.353825,	Nq(7) = 0.267076,	Nq(8) = 0.25408,	Nq(9) = 0.353825,	Nq(10) = 0.466428,	
	Nq(11) = 0.353825,	Nq(12) = 0.197198,	Nq(13) = 0.267076,	Nq(14) = 0.353825,	Nq(15) = 0.267076;	
	Sq(0) = 8.19558e-19,	Sq(1) = 0.482052,	Sq(2) = 0.340779,	Sq(3) = 0.482052,	Sq(4) = 0.482052,	
	Sq(5) = 0.566062,	Sq(6) = 0.591821,	Sq(7) = 0.566062,	Sq(8) = 0.340779,	Sq(9) = 0.591821,	
	Sq(10) = 0.511715,	Sq(11) = 0.591821,	Sq(12) = 0.482052,	Sq(13) = 0.566062,	Sq(14) = 0.591821,	
	Sq(15) = 0.566062;	N(0) = 1.72489,	N(1) = 1.32099,	N(2) = 0.213478,	N(3) = 1.32099,	
	N(4) = 1.32099,	N(5) = 0.105651,	N(6) = 0.0323985,	N(7) = 0.105651,	N(8) = 0.213478,	
	N(9) = 0.0323985,	N(10) = 0.0120143,	N(11) = 0.0323985,	N(12) = 1.32099,	N(13) = 0.105651,	
	N(14) = 0.0323985,	N(15) = 0.105651;	Delta[s](0) = 0.0119304,	Delta[s](1) = 0.00938416,	Delta[s](2) = 0.00799038,	
	Delta[s](3) = 0.00938416,	Delta[s](4) = 0.00938416,	Delta[s](5) = 0.0072677,	Delta[s](6) = 0.00594995,	Delta[s](7) = 0.0072677,	
	Delta[s](8) = 0.00799038,	Delta[s](9) = 0.00594995,	Delta[s](10) = 0.00517434,	Delta[s](11) = 0.00594995,	Delta[s](12) = 0.00938416,	
	Delta[s](13) = 0.0072677,	Delta[s](14) = 0.00594995,	Delta[s](15) = 0.0072677;	Delta[d](0) = 0.116918,	Delta[d](1) = 0.0718038,	
	Delta[d](2) = 0.079548,	Delta[d](3) = 0.0718038,	Delta[d](4) = 0.0718038,	Delta[d](5) = 0.0479218,	Delta[d](6) = 0.0431115,	
	Delta[d](7) = 0.0479218,	Delta[d](8) = 0.079548,	Delta[d](9) = 0.0431115,	Delta[d](10) = 0.0288835,	Delta[d](11) = 0.0431115,	
	Delta[d](12) = 0.0718038,	Delta[d](13) = 0.0479218,	Delta[d](14) = 0.0431115,	Delta[d](15) = 0.0479218;	Delta[s+](0) = 0.255347,	
	Delta[s+](1) = 0.154331,	Delta[s+](2) = 0.079548,	Delta[s+](3) = 0.154331,	Delta[s+](4) = 0.154331,	Delta[s+](5) = 0.0671574,	
	Delta[s+](6) = 0.0208938,	Delta[s+](7) = 0.0671574,	Delta[s+](8) = 0.079548,	Delta[s+](9) = 0.0208938,	Delta[s+](10) = 0.00573944,	
	Delta[s+](11) = 0.0208938,	Delta[s+](12) = 0.154331,	Delta[s+](13) = 0.0671574,	Delta[s+](14) = 0.0208938,	Delta[s+](15) = 0.0671574
	
The 0-th iteration is completed.	|| time cost : 0h 0m 5.726s
********************************************************************************************************************
Start the 1 rounds of NGS-ED iteration
	effective electronic model is modified as: kinetic energy t = 0.721657, t' = -0.205858
	                                           effective interaction Vq = [  -27.6125,  -7.08297,-0.0963713,  -7.08297,  -7.08297,-0.0922645, -0.461175,-0.0922645,-0.0963713, -0.461175,  -11.8357, -0.461175,  -7.08297,-0.0922645, -0.461175,-0.0922645]
	PARPACK diagonalization completed after 75 matrix-vector product operations.
	iteration results: : total energy is -155.870610 | electron energy -158.782522 + phonon energy 2.911911 | electron momentum kIdx = 0
The 1-th iteration is completed.	|| time cost : 0h 0m 4.177s
********************************************************************************************************************
Start the 2 rounds of NGS-ED iteration
	effective electronic model is modified as: kinetic energy t = 0.572885, t' = -0.29824
	                                           effective interaction Vq = [  -27.6125,  -0.37044,-0.0210007,  -0.37044,  -0.37044,-0.0207159,-0.0677423,-0.0207159,-0.0210007,-0.0677423,  -13.6098,-0.0677423,  -0.37044,-0.0207159,-0.0677423,-0.0207159]
	PARPACK diagonalization completed after 30 matrix-vector product operations.
	iteration results: : total energy is -164.829659 | electron energy -165.480237 + phonon energy 0.650578 | electron momentum kIdx = 0
The 2-th iteration is completed.	|| time cost : 0h 0m 1.495s
********************************************************************************************************************
Start the 3 rounds of NGS-ED iteration
	effective electronic model is modified as: kinetic energy t = 0.446405, t' = -0.29872
	                                           effective interaction Vq = [  -27.6125, -0.311745,-0.0207082, -0.311745, -0.311745,-0.0183018,-0.0582497,-0.0183018,-0.0207082,-0.0582497,  -13.6112,-0.0582497, -0.311745,-0.0183018,-0.0582497,-0.0183018]
	PARPACK diagonalization completed after 30 matrix-vector product operations.
	iteration results: : total energy is -164.900824 | electron energy -165.324752 + phonon energy 0.423929 | electron momentum kIdx = 0
The 3-th iteration is completed.	|| time cost : 0h 0m 1.404s
********************************************************************************************************************
Start the 4 rounds of NGS-ED iteration
	effective electronic model is modified as: kinetic energy t = 0.361543, t' = -0.298446
	                                           effective interaction Vq = [  -27.6125, -0.343386,-0.0229437, -0.343386, -0.343386,-0.0201597,-0.0637637,-0.0201597,-0.0229437,-0.0637637,  -13.6117,-0.0637637, -0.343386,-0.0201597,-0.0637637,-0.0201597]
	PARPACK diagonalization completed after 30 matrix-vector product operations.
	iteration results: : total energy is -164.922485 | electron energy -165.241709 + phonon energy 0.319223 | electron momentum kIdx = 0
The 4-th iteration is completed.	|| time cost : 0h 0m 1.284s
********************************************************************************************************************
Start the 5 rounds of NGS-ED iteration
	effective electronic model is modified as: kinetic energy t = 0.272828, t' = -0.298077
	                                           effective interaction Vq = [  -27.6125, -0.379393,-0.0254069, -0.379393, -0.379393,-0.0229144,-0.0733857,-0.0229144,-0.0254069,-0.0733857,   -13.612,-0.0733857, -0.379393,-0.0229144,-0.0733857,-0.0229144]
	PARPACK diagonalization completed after 30 matrix-vector product operations.
	iteration results: : total energy is -164.940969 | electron energy -165.173377 + phonon energy 0.232408 | electron momentum kIdx = 0
The 5-th iteration is completed.	|| time cost : 0h 0m 0.987s
********************************************************************************************************************
Start the 6 rounds of NGS-ED iteration
	effective electronic model is modified as: kinetic energy t = 0.000222787, t' = -0.296418
	                                           effective interaction Vq = [  -27.6125, -0.486658,-0.0326095, -0.486658, -0.486658,-0.0349154, -0.128859,-0.0349154,-0.0326095, -0.128859,  -13.6125, -0.128859, -0.486658,-0.0349154, -0.128859,-0.0349154]
	PARPACK diagonalization completed after 30 matrix-vector product operations.
	iteration results: : total energy is -165.083241 | electron energy -165.083261 + phonon energy 0.000020 | electron momentum kIdx = 0
The 6-th iteration is completed.	|| time cost : 0h 0m 1.007s
********************************************************************************************************************
Start the 7 rounds of NGS-ED iteration
	effective electronic model is modified as: kinetic energy t = 0.000200501, t' = -0.297004
	                                           effective interaction Vq = [  -27.6125, -0.458717,-0.0308069, -0.458717, -0.458717,-0.0306391, -0.105813,-0.0306391,-0.0308069, -0.105813,  -13.6125, -0.105813, -0.458717,-0.0306391, -0.105813,-0.0306391]
	PARPACK diagonalization completed after 105 matrix-vector product operations.
	iteration results: : total energy is -165.341425 | electron energy -165.341435 + phonon energy 0.000010 | electron momentum kIdx = 0
The 7-th iteration is completed.	|| time cost : 0h 0m 1.35s
********************************************************************************************************************
Start the 8 rounds of NGS-ED iteration
	effective electronic model is modified as: kinetic energy t = 0.000200579, t' = -0.297176
	                                           effective interaction Vq = [  -27.6125, -0.448158,-0.0291005, -0.448158, -0.448158,-0.0297143, -0.102759,-0.0297143,-0.0291005, -0.102759,  -13.6125, -0.102759, -0.448158,-0.0297143, -0.102759,-0.0297143]
	PARPACK diagonalization completed after 30 matrix-vector product operations.
	iteration results: : total energy is -165.341448 | electron energy -165.341495 + phonon energy 0.000047 | electron momentum kIdx = 0
The 8-th iteration is completed.	|| time cost : 0h 0m 1.039s
********************************************************************************************************************
Start the 9 rounds of NGS-ED iteration
	effective electronic model is modified as: kinetic energy t = 0.00020058, t' = -0.297179
	                                           effective interaction Vq = [  -27.6125, -0.447947,-0.0290882, -0.447947, -0.447947,-0.0297011, -0.102712,-0.0297011,-0.0290882, -0.102712,  -13.6125, -0.102712, -0.447947,-0.0297011, -0.102712,-0.0297011]
	PARPACK diagonalization completed after 30 matrix-vector product operations.
	iteration results: : total energy is -165.341448 | electron energy -165.341495 + phonon energy 0.000047 | electron momentum kIdx = 0
The 9-th iteration is completed.	|| time cost : 0h 0m 1.03s
********************************************************************************************************************
Start the 10 rounds of NGS-ED iteration
	effective electronic model is modified as: kinetic energy t = 0.00020058, t' = -0.297179
	                                           effective interaction Vq = [  -27.6125, -0.447943, -0.029088, -0.447943, -0.447943,-0.0297009, -0.102711,-0.0297009, -0.029088, -0.102711,  -13.6125, -0.102711, -0.447943,-0.0297009, -0.102711,-0.0297009]
	PARPACK diagonalization completed after 30 matrix-vector product operations.
	iteration results: : total energy is -165.341448 | electron energy -165.341495 + phonon energy 0.000047 | electron momentum kIdx = 0
The 10-th iteration is completed.	|| time cost : 0h 0m 1.023s
********************************************************************************************************************
Start the 11 rounds of NGS-ED iteration
	effective electronic model is modified as: kinetic energy t = 0.00020058, t' = -0.297179
	                                           effective interaction Vq = [  -27.6125, -0.447943, -0.029088, -0.447943, -0.447943,-0.0297009, -0.102711,-0.0297009, -0.029088, -0.102711,  -13.6125, -0.102711, -0.447943,-0.0297009, -0.102711,-0.0297009]
	PARPACK diagonalization completed after 30 matrix-vector product operations.
	iteration results: : total energy is -165.341448 | electron energy -165.341495 + phonon energy 0.000047 | electron momentum kIdx = 0
	Nq(0) = 4,	Nq(1) = 0.00668475,	Nq(2) = 0.0130669,	Nq(3) = 0.00668475,	Nq(4) = 0.00668475,	Nq(5) = 0.00668237,	
	Nq(6) = 0.00668475,	Nq(7) = 0.00668237,	Nq(8) = 0.0130669,	Nq(9) = 0.00668475,	Nq(10) = 4,	
	Nq(11) = 0.00668475,	Nq(12) = 0.00668475,	Nq(13) = 0.00668237,	Nq(14) = 0.00668475,	Nq(15) = 0.00668237;	
	Sq(0) = -3.57632e-19,	Sq(1) = 0.331105,	Sq(2) = 1.9602,	Sq(3) = 0.331105,	Sq(4) = 0.331105,	
	Sq(5) = 0.331106,	Sq(6) = 0.331105,	Sq(7) = 0.331106,	Sq(8) = 1.9602,	Sq(9) = 0.331105,	
	Sq(10) = 4.51481e-10,	Sq(11) = 0.331105,	Sq(12) = 0.331105,	Sq(13) = 0.331106,	Sq(14) = 0.331105,	
	Sq(15) = 0.331106;	N(0) = 0.321133,	N(1) = 0.500017,	N(2) = 0.678887,	N(3) = 0.500017,	
	N(4) = 0.500017,	N(5) = 0.5,	N(6) = 0.499983,	N(7) = 0.5,	N(8) = 0.678887,	
	N(9) = 0.499983,	N(10) = 0.321093,	N(11) = 0.499983,	N(12) = 0.500017,	N(13) = 0.5,	
	N(14) = 0.499983,	N(15) = 0.5;	Delta[s](0) = 0.00641496,	Delta[s](1) = 0.00334111,	Delta[s](2) = 0.000123814,	
	Delta[s](3) = 0.00334111,	Delta[s](4) = 0.00334111,	Delta[s](5) = 0.00334107,	Delta[s](6) = 0.00334111,	Delta[s](7) = 0.00334107,	
	Delta[s](8) = 0.000123814,	Delta[s](9) = 0.00334111,	Delta[s](10) = 0.00641496,	Delta[s](11) = 0.00334111,	Delta[s](12) = 0.00334111,	
	Delta[s](13) = 0.00334107,	Delta[s](14) = 0.00334111,	Delta[s](15) = 0.00334107;	Delta[d](0) = 8.89602e-14,	Delta[d](1) = 1.76427e-11,	
	Delta[d](2) = 1.51071e-11,	Delta[d](3) = 1.76427e-11,	Delta[d](4) = 1.76427e-11,	Delta[d](5) = 3.33957e-11,	Delta[d](6) = 2.97162e-11,	
	Delta[d](7) = 3.33957e-11,	Delta[d](8) = 1.51071e-11,	Delta[d](9) = 2.97162e-11,	Delta[d](10) = 9.90881e-13,	Delta[d](11) = 2.97162e-11,	
	Delta[d](12) = 1.76427e-11,	Delta[d](13) = 3.33957e-11,	Delta[d](14) = 2.97162e-11,	Delta[d](15) = 3.33957e-11;	Delta[s+](0) = 1.46544e-10,	
	Delta[s+](1) = 1.13629e-10,	Delta[s+](2) = 1.51071e-11,	Delta[s+](3) = 1.13629e-10,	Delta[s+](4) = 1.13629e-10,	Delta[s+](5) = 8.95443e-11,	
	Delta[s+](6) = 1.42999e-11,	Delta[s+](7) = 8.95443e-11,	Delta[s+](8) = 1.51071e-11,	Delta[s+](9) = 1.42999e-11,	Delta[s+](10) = 5.15923e-13,	
	Delta[s+](11) = 1.42999e-11,	Delta[s+](12) = 1.13629e-10,	Delta[s+](13) = 8.95443e-11,	Delta[s+](14) = 1.42999e-11,	Delta[s+](15) = 8.95443e-11
	
The 11-th iteration is completed.	|| time cost : 0h 0m 3.217s
********************************************************************************************************************
********************************************************************************************************************
Ground state is obtained after 12 iterations. The current ground-state energy is -165.341, in which electron energy is -165.341 and phonon energy is 4.65498e-05
Final variational state is: 
	Gamma_x = [      1,1.01489,1.00188,1.01489,1.01489,1.00098, 1.0034,1.00098,1.00188, 1.0034,1.00001, 1.0034,1.01489,1.00098, 1.0034,1.00098]
	lambda_q = [     11.75,  0.167995, 0.0420597,  0.167995,  0.167995,  0.042957,-0.0799929,  0.042957, 0.0420597,-0.0799929,     -8.25,-0.0799929,  0.167995,  0.042957,-0.0799929,  0.042957]
Effective e-e interactions mediated by phonons are:
	momentum-space Vq = [  -27.6125, -0.447943, -0.029088, -0.447943, -0.447943,-0.0297009, -0.102711,-0.0297009, -0.029088, -0.102711,  -13.6125, -0.102711, -0.447943,-0.0297009, -0.102711,-0.0297009]
	real-space Vr = [ -2.72529,-0.918154, -2.57277,-0.918154,-0.918154, -2.57293,-0.831846, -2.57293, -2.57277,-0.831846, -2.44996,-0.831846,-0.918154, -2.57293,-0.831846, -2.57293]
********************************************************************************************************************
o___o  ----------------------------------------
| L |	Time since last clock: 0h 0m 0.006s
A===A	Time since the beginning: 0h 0m 23.749s
***********************************************


Non-Gaussina ED ground state calculation is completed. The final ground-state energy is -165.341
********************************************************************************************************************
o___o  ----------------------------------------
| L |	Time since last clock: 0h 0m 0.002s
A===A	Time since the beginning: 0h 0m 23.752s
***********************************************



********************************************************************************************************************
All non-Gaussian ED ground state calculations have been completed. Exit now.
