SNEDics v3.2 diagonalization test program		Start at Tue May  7 03:01:43 2019

parallized on 80 MPI threads  * 6 OpenMP threads = 480 total threads.
************************************************************************************
************************************************************************************

Input file "model_params.in"
Hubbard-Holstein model parameters : 	t = 1    U = 10    g = 4.4721    W = 5    
************************************************************************************
Input file "hilbertspace_params.in"

Cluster Positions:				Cluster symmetry group : D4
 x ... x ... x ... x .....                       x ... x ... x ... x .....
 |           |           :                       |           |           :
 |           |           :                       |           |           :
12    13    14    15     x                       1     5     6     5     x
 |           |           :                       |           |           :
 |           |           :                       |           |           :
 8 --- 9 ---10 ---11 --- x                       2 --- 6 ---10 --- 6 --- x
 |           |           :                       |           |           :
 |           |           :                       |           |           :
 4     5     6     7     x                       1     5     6     5     x
 |           |           :                       |           |           :
 |           |           :                       |           |           :
 0 --- 1 --- 2 --- 3 --- x                       0 --- 1 --- 2 --- 1 --- x
orbital number : 1
************************************************************************************
** NOTE ** Detected low phonon energy W < 10. The initial state will be prepared through a warm-up process.
starting warm-up calculation for scaling factor 2
0 rounds of non-Gaussian ED iteration : ground-state energy is -6.86306 | electron energy -6.86306 + phonon energy 0 | electron momentum kIdx = 10
Nq = 	16	0.0416001	0.0760849	0.0416001	0.0416001	0.0760849	0.107393	0.0760849	0.0760849	0.107393	0.136772	0.107393	0.0416001	0.0760849	0.107393	0.0760849
Sq = 	-2.25055e-19	0.218062	0.377079	0.218062	0.218062	0.377079	0.57015	0.377079	0.377079	0.57015	9.39542	0.57015	0.218062	0.377079	0.57015	0.377079
1 rounds of non-Gaussian ED iteration : ground-state energy is -66.3582 | electron energy -66.3602 + phonon energy 0.00207594 | electron momentum kIdx = 10
Nq = 	16	0.132075	0.200349	0.132075	0.132075	0.200349	0.270933	0.200349	0.200349	0.270933	0.32872	0.270933	0.132075	0.200349	0.270933	0.200349
Sq = 	1.56355e-18	0.291194	0.411623	0.291194	0.291194	0.411623	0.612143	0.411623	0.411623	0.612143	6.77407	0.612143	0.291194	0.411623	0.612143	0.411623
2 rounds of non-Gaussian ED iteration : ground-state energy is -74.9346 | electron energy -74.9621 + phonon energy 0.0275396 | electron momentum kIdx = 10
Nq = 	16	0.178497	0.248317	0.178497	0.178497	0.248317	0.338072	0.248317	0.248317	0.338072	0.400005	0.338072	0.178497	0.248317	0.338072	0.248317
Sq = 	-2.65177e-19	0.324441	0.423997	0.324441	0.324441	0.423997	0.64432	0.423997	0.423997	0.64432	5.62479	0.64432	0.324441	0.423997	0.64432	0.423997
3 rounds of non-Gaussian ED iteration : ground-state energy is -76.1443 | electron energy -76.204 + phonon energy 0.0597081 | electron momentum kIdx = 10
Nq = 	16	0.194358	0.262543	0.194358	0.194358	0.262543	0.359893	0.262543	0.262543	0.359893	0.42173	0.359893	0.194358	0.262543	0.359893	0.262543
Sq = 	3.58569e-19	0.334168	0.426698	0.334168	0.334168	0.426698	0.652561	0.426698	0.426698	0.652561	5.2789	0.652561	0.334168	0.426698	0.652561	0.426698
4 rounds of non-Gaussian ED iteration : ground-state energy is -76.311 | electron energy -76.3888 + phonon energy 0.0778187 | electron momentum kIdx = 10
Nq = 	16	0.199664	0.267054	0.199664	0.199664	0.267054	0.367245	0.267054	0.267054	0.367245	0.428837	0.367245	0.199664	0.267054	0.367245	0.267054
Sq = 	2.01559e-18	0.337213	0.427416	0.337213	0.337213	0.427416	0.654909	0.427416	0.427416	0.654909	5.16822	0.654909	0.337213	0.427416	0.654909	0.427416
5 rounds of non-Gaussian ED iteration : ground-state energy is -76.3337 | electron energy -76.4192 + phonon energy 0.0855325 | electron momentum kIdx = 10
Nq = 	16	0.201514	0.268586	0.201514	0.201514	0.268586	0.369835	0.268586	0.268586	0.369835	0.431304	0.369835	0.201514	0.268586	0.369835	0.268586
Sq = 	2.8752e-18	0.338249	0.427643	0.338249	0.338249	0.427643	0.655676	0.427643	0.427643	0.655676	5.13023	0.655676	0.338249	0.427643	0.655676	0.427643
6 rounds of non-Gaussian ED iteration : ground-state energy is -76.3367 | electron energy -76.4252 + phonon energy 0.0885059 | electron momentum kIdx = 10
Nq = 	16	0.202176	0.269126	0.202176	0.202176	0.269126	0.370769	0.269126	0.269126	0.370769	0.432186	0.370769	0.202176	0.269126	0.370769	0.269126
Sq = 	-2.11491e-18	0.338616	0.427721	0.338616	0.338616	0.427721	0.655945	0.427721	0.427721	0.655945	5.11671	0.655945	0.338616	0.427721	0.655945	0.427721
Ground state is obtained after 7 iterations. The current ground-state energy is -76.3372, in which electron energy is -76.4268 and phonon energy is 0.0896111
final variational state is: 
Gamma_x =       1 1.02754 1.04498 1.02754 1.02754 1.04498 1.06424 1.04498 1.04498 1.06424 1.07886 1.06424 1.02754 1.04498 1.06424 1.04498
lambda_q = 0.631874 0.496194   0.4502 0.496194 0.496194   0.4502 0.441395   0.4502   0.4502 0.441395 0.424986 0.441395 0.496194   0.4502 0.441395   0.4502
o___o  -------------------------------------
| L |	Time since last clock: 0h 38m 25.839s
A===A	Time since the beginning: 0h 38m 25.839s
********************************************

************************************************************************************
Warm up completed
o___o  -------------------------------------
| L |	Time since last clock: 0h 0m 0.028s
A===A	Time since the beginning: 0h 38m 25.867s
********************************************

************************************************************************************
0 rounds of non-Gaussian ED iteration : ground-state energy is -68.4099 | electron energy -68.4547 + phonon energy 0.0448056 | electron momentum kIdx = 10
Nq = 	16	0.138869	0.206206	0.138869	0.138869	0.206206	0.278567	0.206206	0.206206	0.278567	0.335458	0.278567	0.138869	0.206206	0.278567	0.206206
Sq = 	2.71828e-19	0.295851	0.413953	0.295851	0.295851	0.413953	0.617839	0.413953	0.413953	0.617839	6.61908	0.617839	0.295851	0.413953	0.617839	0.413953
1 rounds of non-Gaussian ED iteration : ground-state energy is -71.9249 | electron energy -72.0258 + phonon energy 0.10092 | electron momentum kIdx = 10
Nq = 	16	0.141755	0.209044	0.141755	0.141755	0.209044	0.281668	0.209044	0.209044	0.281668	0.338455	0.281668	0.141755	0.209044	0.281668	0.209044
Sq = 	7.77248e-19	0.297875	0.414938	0.297875	0.297875	0.414938	0.620197	0.414938	0.414938	0.620197	6.55167	0.620197	0.297875	0.414938	0.620197	0.414938
2 rounds of non-Gaussian ED iteration : ground-state energy is -73.2137 | electron energy -73.3427 + phonon energy 0.128926 | electron momentum kIdx = 10
Nq = 	16	0.14373	0.211032	0.14373	0.14373	0.211032	0.284139	0.211032	0.211032	0.284139	0.341072	0.284139	0.14373	0.211032	0.284139	0.211032
Sq = 	3.91816e-19	0.299286	0.415566	0.299286	0.299286	0.415566	0.621736	0.415566	0.415566	0.621736	6.50377	0.621736	0.299286	0.415566	0.621736	0.415566
3 rounds of non-Gaussian ED iteration : ground-state energy is -73.6876 | electron energy -73.8303 + phonon energy 0.142701 | electron momentum kIdx = 10
Nq = 	16	0.145016	0.212333	0.145016	0.145016	0.212333	0.285838	0.212333	0.212333	0.285838	0.342898	0.285838	0.145016	0.212333	0.285838	0.212333
Sq = 	-1.53929e-18	0.30021	0.415963	0.30021	0.30021	0.415963	0.622718	0.415963	0.415963	0.622718	6.4722	0.622718	0.30021	0.415963	0.622718	0.415963
4 rounds of non-Gaussian ED iteration : ground-state energy is -73.862 | electron energy -74.012 + phonon energy 0.150048 | electron momentum kIdx = 10
Nq = 	16	0.145836	0.21316	0.145836	0.145836	0.21316	0.286942	0.21316	0.21316	0.286942	0.344086	0.286942	0.145836	0.21316	0.286942	0.21316
Sq = 	1.3119e-18	0.300799	0.416211	0.300799	0.300799	0.416211	0.623338	0.416211	0.416211	0.623338	6.45203	0.623338	0.300799	0.416211	0.623338	0.416211
5 rounds of non-Gaussian ED iteration : ground-state energy is -73.9261 | electron energy -74.0804 + phonon energy 0.154256 | electron momentum kIdx = 10
Nq = 	16	0.146352	0.21368	0.146352	0.146352	0.21368	0.287644	0.21368	0.21368	0.287644	0.344839	0.287644	0.146352	0.21368	0.287644	0.21368
Sq = 	-1.66797e-18	0.301169	0.416366	0.301169	0.301169	0.416366	0.623726	0.416366	0.416366	0.623726	6.43932	0.623726	0.301169	0.416366	0.623726	0.416366
6 rounds of non-Gaussian ED iteration : ground-state energy is -73.9498 | electron energy -74.1065 + phonon energy 0.156776 | electron momentum kIdx = 10
Nq = 	16	0.146676	0.214004	0.146676	0.146676	0.214004	0.288088	0.214004	0.214004	0.288088	0.345312	0.288088	0.146676	0.214004	0.288088	0.214004
Sq = 	1.37098e-19	0.301401	0.416462	0.301401	0.301401	0.416462	0.623969	0.416462	0.416462	0.623969	6.43135	0.623969	0.301401	0.416462	0.623969	0.416462
7 rounds of non-Gaussian ED iteration : ground-state energy is -73.9584 | electron energy -74.1168 + phonon energy 0.158319 | electron momentum kIdx = 10
Nq = 	16	0.146879	0.214207	0.146879	0.146879	0.214207	0.288366	0.214207	0.214207	0.288366	0.345609	0.288366	0.146879	0.214207	0.288366	0.214207
Sq = 	-1.698e-18	0.301547	0.416523	0.301547	0.301547	0.416523	0.624121	0.416523	0.416523	0.624121	6.42636	0.624121	0.301547	0.416523	0.624121	0.416523
8 rounds of non-Gaussian ED iteration : ground-state energy is -73.9616 | electron energy -74.1209 + phonon energy 0.159275 | electron momentum kIdx = 10
Nq = 	16	0.147006	0.214333	0.147006	0.147006	0.214333	0.28854	0.214333	0.214333	0.28854	0.345794	0.28854	0.147006	0.214333	0.28854	0.214333
Sq = 	-1.05627e-18	0.301637	0.41656	0.301637	0.301637	0.41656	0.624216	0.41656	0.41656	0.624216	6.42325	0.624216	0.301637	0.41656	0.624216	0.41656
9 rounds of non-Gaussian ED iteration : ground-state energy is -73.9628 | electron energy -74.1227 + phonon energy 0.159871 | electron momentum kIdx = 10
Nq = 	16	0.147085	0.214412	0.147085	0.147085	0.214412	0.288649	0.214412	0.214412	0.288649	0.34591	0.288649	0.147085	0.214412	0.288649	0.214412
Sq = 	-1.9187e-18	0.301694	0.416584	0.301694	0.301694	0.416584	0.624275	0.416584	0.416584	0.624275	6.4213	0.624275	0.301694	0.416584	0.624275	0.416584
10 rounds of non-Gaussian ED iteration : ground-state energy is -73.9632 | electron energy -74.1235 + phonon energy 0.160242 | electron momentum kIdx = 10
Nq = 	16	0.147135	0.214461	0.147135	0.147135	0.214461	0.288718	0.214461	0.214461	0.288718	0.345983	0.288718	0.147135	0.214461	0.288718	0.214461
Sq = 	-1.01852e-18	0.301729	0.416598	0.301729	0.301729	0.416598	0.624312	0.416598	0.416598	0.624312	6.42008	0.624312	0.301729	0.416598	0.624312	0.416598
11 rounds of non-Gaussian ED iteration : ground-state energy is -73.9634 | electron energy -74.1239 + phonon energy 0.160475 | electron momentum kIdx = 10
Nq = 	16	0.147166	0.214492	0.147166	0.147166	0.214492	0.288761	0.214492	0.214492	0.288761	0.346028	0.288761	0.147166	0.214492	0.288761	0.214492
Sq = 	-7.95501e-19	0.301752	0.416607	0.301752	0.301752	0.416607	0.624336	0.416607	0.416607	0.624336	6.41932	0.624336	0.301752	0.416607	0.624336	0.416607
12 rounds of non-Gaussian ED iteration : ground-state energy is -73.9635 | electron energy -74.1241 + phonon energy 0.16062 | electron momentum kIdx = 10
Nq = 	16	0.147185	0.214511	0.147185	0.147185	0.214511	0.288787	0.214511	0.214511	0.288787	0.346057	0.288787	0.147185	0.214511	0.288787	0.214511
Sq = 	1.01346e-18	0.301765	0.416613	0.301765	0.301765	0.416613	0.62435	0.416613	0.416613	0.62435	6.41885	0.62435	0.301765	0.416613	0.62435	0.416613
13 rounds of non-Gaussian ED iteration : ground-state energy is -73.9635 | electron energy -74.1242 + phonon energy 0.160711 | electron momentum kIdx = 10
Nq = 	16	0.147197	0.214523	0.147197	0.147197	0.214523	0.288804	0.214523	0.214523	0.288804	0.346074	0.288804	0.147197	0.214523	0.288804	0.214523
Sq = 	-1.81232e-18	0.301774	0.416617	0.301774	0.301774	0.416617	0.624359	0.416617	0.416617	0.624359	6.41855	0.624359	0.301774	0.416617	0.624359	0.416617
14 rounds of non-Gaussian ED iteration : ground-state energy is -73.9635 | electron energy -74.1243 + phonon energy 0.160767 | electron momentum kIdx = 10
Nq = 	16	0.147205	0.214531	0.147205	0.147205	0.214531	0.288815	0.214531	0.214531	0.288815	0.346085	0.288815	0.147205	0.214531	0.288815	0.214531
Sq = 	2.77045e-19	0.301779	0.416619	0.301779	0.301779	0.416619	0.624365	0.416619	0.416619	0.624365	6.41836	0.624365	0.301779	0.416619	0.624365	0.416619
15 rounds of non-Gaussian ED iteration : ground-state energy is -73.9635 | electron energy -74.1243 + phonon energy 0.160803 | electron momentum kIdx = 10
Nq = 	16	0.147209	0.214535	0.147209	0.147209	0.214535	0.288821	0.214535	0.214535	0.288821	0.346092	0.288821	0.147209	0.214535	0.288821	0.214535
Sq = 	-2.8598e-18	0.301783	0.41662	0.301783	0.301783	0.41662	0.624368	0.41662	0.41662	0.624368	6.41825	0.624368	0.301783	0.41662	0.624368	0.41662
16 rounds of non-Gaussian ED iteration : ground-state energy is -73.9635 | electron energy -74.1243 + phonon energy 0.160825 | electron momentum kIdx = 10
Nq = 	16	0.147212	0.214538	0.147212	0.147212	0.214538	0.288825	0.214538	0.214538	0.288825	0.346097	0.288825	0.147212	0.214538	0.288825	0.214538
Sq = 	-3.46122e-18	0.301785	0.416621	0.301785	0.301785	0.416621	0.62437	0.416621	0.416621	0.62437	6.41818	0.62437	0.301785	0.416621	0.62437	0.416621
Ground state is obtained after 17 iterations. The current ground-state energy is -73.9635, in which electron energy is -74.1243 and phonon energy is 0.160839
final variational state is: 
Gamma_x =       1 1.05801 1.08911 1.05801 1.05801 1.08911  1.1221 1.08911 1.08911  1.1221 1.14792  1.1221 1.05801 1.08911  1.1221 1.08911
lambda_q = 0.894367 0.538595 0.475565 0.538595 0.538595 0.475565 0.458094 0.475565 0.475565 0.458094 0.439306 0.458094 0.538595 0.475565 0.458094 0.475565
o___o  -------------------------------------
| L |	Time since last clock: 1h 28m 18.233s
A===A	Time since the beginning: 2h 6m 44.1s
********************************************

************************************************************************************
