TACC:  Starting up job 4188039 
TACC:  Starting parallel tasks... 
SNEDics v3.4 Non-Gaussian ED ground state program		Start at Sun Aug 18 16:48:01 2019

parallized on 32 MPI threads  * 6 OpenMP threads = 192 total threads.
********************************************************************************************************************
********************************************************************************************************************

********************************************************************************************************************
System parameters and configurations
********************************************************************************************************************
Special program options are enabled: splitted diagonal Hamiltonian
********************************************************************************************************************
Read input file "model_params.in"
	Hubbard-Holstein model parameters : 	t = 1    U = 7.5    g = 3.1623    W = 5    
********************************************************************************************************************
Read input file "hilbertspace_params.in"
	Requested 16-site 2D lattice, with 16 electrons (8, 8)
	Boundary : Periodic		Hilbert space representation : momentum-space (restricted to kIdx = 10)
	Conservation: particle number[U(1)]      spin[U(1)]     momentum
********************************************************************************************************************

Cluster Positions:				Cluster symmetry group : D4
 x ... x ... x ... x .....                       x ... x ... x ... x .....
 |           |           :                       |           |           :
 |           |           :                       |           |           :
12    13    14    15     x                       1     5     6     5     x
 |           |           :                       |           |           :
 |           |           :                       |           |           :
 8 --- 9 ---10 ---11 --- x                       2 --- 6 ---10 --- 6 --- x
 |           |           :                       |           |           :
 |           |           :                       |           |           :
 4     5     6     7     x                       1     5     6     5     x
 |           |           :                       |           |           :
 |           |           :                       |           |           :
 0 --- 1 --- 2 --- 3 --- x                       0 --- 1 --- 2 --- 1 --- x
orbital number : 1
********************************************************************************************************************
Read input file "obs_params.in"
	Observable Type : Nq[All],   Sq[All],   N[All]
********************************************************************************************************************
** WARNING ** the input observables have non-local factors which have been reinterpreted. The total observable number is 48
********************************************************************************************************************


********************************************************************************************************************
Start calculating the non-Gaussian ED ground state
** WARNING ** Detected low phonon energy W < 10. The initial state will be prepared through a warm-up process.
********************************************************************************************************************
Start warm-up calculation for scaling factor 2
open output files: NGSEDWarmUpW10Obs.txt
********************************************************************************************************************
Start the 0 rounds of NGS-ED iteration
	effective electronic model is modified as: kinetic energy t = 1
	                                           effective interaction Vq = [0,0,0,0,0,0,0,0,0,0,0,0,0,0,0,0]
	first Hamiltonian is constructed, non-zero numbers = 2845334624
	PARPACK diagonalization completed after 120 matrix-vector product operations.
	iteration results: : total energy is -8.729860 | electron energy -8.729860 + phonon energy 0.000000 | electron momentum kIdx = 10
	Nq(0) = 16,	Nq(1) = 0.069818,	Nq(2) = 0.119945,	Nq(3) = 0.069818,	Nq(4) = 0.069818,	Nq(5) = 0.119945,	Nq(6) = 0.16531,	Nq(7) = 0.119945,	Nq(8) = 0.119945,	Nq(9) = 0.16531,	Nq(10) = 0.20705,	Nq(11) = 0.16531,	Nq(12) = 0.069818,	Nq(13) = 0.119945,	Nq(14) = 0.16531,	Nq(15) = 0.119945,	Sq(0) = -2.15678e-19,	Sq(1) = 0.240657,	Sq(2) = 0.387413,	Sq(3) = 0.240657,	Sq(4) = 0.240657,	Sq(5) = 0.387413,	Sq(6) = 0.571656,	Sq(7) = 0.387413,	Sq(8) = 0.387413,	Sq(9) = 0.571656,	Sq(10) = 8.55904,	Sq(11) = 0.571656,	Sq(12) = 0.240657,	Sq(13) = 0.387413,	Sq(14) = 0.571656,	Sq(15) = 0.387413,	N(0) = 1.79256,	N(1) = 1.58697,	N(2) = 1,	N(3) = 1.58697,	N(4) = 1.58697,	N(5) = 1,	N(6) = 0.413033,	N(7) = 1,	N(8) = 1,	N(9) = 0.413033,	N(10) = 0.207438,	N(11) = 0.413033,	N(12) = 1.58697,	N(13) = 1,	N(14) = 0.413033,	N(15) = 1
The 0-th iteration is completed.	|| time cost : 0h 2m 38.341s
********************************************************************************************************************
Start the 1 rounds of NGS-ED iteration
	effective electronic model is modified as: kinetic energy t = 0.958591
	                                           effective interaction Vq = [-1.72935,-1.46785,-1.42814,-1.46785,-1.46785,-1.42814,-1.40406,-1.42814,-1.42814,-1.40406,-1.38537,-1.40406,-1.46785,-1.42814,-1.40406,-1.42814]
	PARPACK diagonalization completed after 45 matrix-vector product operations.
	iteration results: : total energy is -39.161262 | electron energy -39.162302 + phonon energy 0.001040 | electron momentum kIdx = 10
The 1-th iteration is completed.	|| time cost : 0h 3m 45.639s
********************************************************************************************************************
Start the 2 rounds of NGS-ED iteration
	effective electronic model is modified as: kinetic energy t = 0.931958
	                                           effective interaction Vq = [ -1.9634,-1.75324,-1.68559,-1.75324,-1.75324,-1.68559,-1.65599,-1.68559,-1.68559,-1.65599,-1.62698,-1.65599,-1.75324,-1.68559,-1.65599,-1.68559]
	PARPACK diagonalization completed after 45 matrix-vector product operations.
	iteration results: : total energy is -43.224707 | electron energy -43.233183 + phonon energy 0.008476 | electron momentum kIdx = 10
The 2-th iteration is completed.	|| time cost : 0h 0m 23.947s
********************************************************************************************************************
Start the 3 rounds of NGS-ED iteration
	effective electronic model is modified as: kinetic energy t = 0.923164
	                                           effective interaction Vq = [-1.99507,-1.82236,-1.74622,-1.82236,-1.82236,-1.74622,-1.71653,-1.74622,-1.74622,-1.71653,-1.68399,-1.71653,-1.82236,-1.74622,-1.71653,-1.74622]
	PARPACK diagonalization completed after 30 matrix-vector product operations.
	iteration results: : total energy is -43.761219 | electron energy -43.775936 + phonon energy 0.014717 | electron momentum kIdx = 10
The 3-th iteration is completed.	|| time cost : 0h 0m 20.234s
********************************************************************************************************************
Start the 4 rounds of NGS-ED iteration
	effective electronic model is modified as: kinetic energy t = 0.920555
	                                           effective interaction Vq = [-1.99936,-1.84154,-1.76237,-1.84154,-1.84154,-1.76237,-1.73283,-1.76237,-1.76237,-1.73283,-1.69905,-1.73283,-1.84154,-1.76237,-1.73283,-1.76237]
	PARPACK diagonalization completed after 30 matrix-vector product operations.
	iteration results: : total energy is -43.832402 | electron energy -43.849714 + phonon energy 0.017312 | electron momentum kIdx = 10
The 4-th iteration is completed.	|| time cost : 0h 0m 20.274s
********************************************************************************************************************
Start the 5 rounds of NGS-ED iteration
	effective electronic model is modified as: kinetic energy t = 0.919798
	                                           effective interaction Vq = [-1.99994,-1.84718,-1.76687,-1.84718,-1.84718,-1.76687, -1.7374,-1.76687,-1.76687, -1.7374, -1.7032, -1.7374,-1.84718,-1.76687, -1.7374,-1.76687]
	PARPACK diagonalization completed after 30 matrix-vector product operations.
	iteration results: : total energy is -43.841907 | electron energy -43.860072 + phonon energy 0.018165 | electron momentum kIdx = 10
The 5-th iteration is completed.	|| time cost : 0h 0m 20.235s
********************************************************************************************************************
Start the 6 rounds of NGS-ED iteration
	effective electronic model is modified as: kinetic energy t = 0.919579
	                                           effective interaction Vq = [-2.00002,-1.84887,-1.76815,-1.84887,-1.84887,-1.76815,-1.73871,-1.76815,-1.76815,-1.73871,-1.70437,-1.73871,-1.84887,-1.76815,-1.73871,-1.76815]
	PARPACK diagonalization completed after 30 matrix-vector product operations.
	iteration results: : total energy is -43.843182 | electron energy -43.861605 + phonon energy 0.018423 | electron momentum kIdx = 10
The 6-th iteration is completed.	|| time cost : 0h 0m 20.256s
********************************************************************************************************************
Start the 7 rounds of NGS-ED iteration
	effective electronic model is modified as: kinetic energy t = 0.919515
	                                           effective interaction Vq = [-2.00003,-1.84938,-1.76852,-1.84938,-1.84938,-1.76852,-1.73908,-1.76852,-1.76852,-1.73908, -1.7047,-1.73908,-1.84938,-1.76852,-1.73908,-1.76852]
	PARPACK diagonalization completed after 30 matrix-vector product operations.
	iteration results: : total energy is -43.843354 | electron energy -43.861852 + phonon energy 0.018498 | electron momentum kIdx = 10
	Nq(0) = 16,	Nq(1) = 0.154437,	Nq(2) = 0.224687,	Nq(3) = 0.154437,	Nq(4) = 0.154437,	Nq(5) = 0.224687,	Nq(6) = 0.304908,	Nq(7) = 0.224687,	Nq(8) = 0.224687,	Nq(9) = 0.304908,	Nq(10) = 0.365934,	Nq(11) = 0.304908,	Nq(12) = 0.154437,	Nq(13) = 0.224687,	Nq(14) = 0.304908,	Nq(15) = 0.224687,	Sq(0) = 1.18595e-18,	Sq(1) = 0.308065,	Sq(2) = 0.418305,	Sq(3) = 0.308065,	Sq(4) = 0.308065,	Sq(5) = 0.418305,	Sq(6) = 0.628691,	Sq(7) = 0.418305,	Sq(8) = 0.418305,	Sq(9) = 0.628691,	Sq(10) = 6.19171,	Sq(11) = 0.628691,	Sq(12) = 0.308065,	Sq(13) = 0.418305,	Sq(14) = 0.628691,	Sq(15) = 0.418305,	N(0) = 1.92085,	N(1) = 1.82475,	N(2) = 1,	N(3) = 1.82475,	N(4) = 1.82475,	N(5) = 1,	N(6) = 0.175249,	N(7) = 1,	N(8) = 1,	N(9) = 0.175249,	N(10) = 0.079149,	N(11) = 0.175249,	N(12) = 1.82475,	N(13) = 1,	N(14) = 0.175249,	N(15) = 1
The 7-th iteration is completed.	|| time cost : 0h 0m 53.607s
********************************************************************************************************************
********************************************************************************************************************
Ground state is obtained after 8 iterations. The current ground-state energy is -43.8434, in which electron energy is -43.8619 and phonon energy is 0.0184984
final variational state is: 
	Gamma_x = [      1,1.01237,1.02037,1.01237,1.01237,1.02037,1.02853,1.02037,1.02037,1.02853,1.03522,1.02853,1.01237,1.02037,1.02853,1.02037]
	lambda_q = [0.447067,0.324539,0.295097,0.324539,0.324539,0.295097,0.285712,0.295097,0.295097,0.285712,0.275392,0.285712,0.324539,0.295097,0.285712,0.295097]
********************************************************************************************************************
o___o  ----------------------------------------
| L |	Time since last clock: 0h 0m 0s
A===A	Time since the beginning: 0h 9m 2.537s
***********************************************


********************************************************************************************************************
Warm up runs have been completed. Start calculating W = 5 phonon.
open output files: NGSEDIterationObs.txt
Start the 0 rounds of NGS-ED iteration
	effective electronic model is modified as: kinetic energy t = 0.919497
	                                           effective interaction Vq = [-1.82817,-1.52595,-1.43096,-1.52595,-1.52595,-1.43096,-1.39886,-1.43096,-1.43096,-1.39886,-1.36254,-1.39886,-1.52595,-1.43096,-1.39886,-1.43096]
	PARPACK diagonalization completed after 45 matrix-vector product operations.
	iteration results: : total energy is -39.988881 | electron energy -39.998141 + phonon energy 0.009260 | electron momentum kIdx = 10
	Nq(0) = 16,	Nq(1) = 0.12874,	Nq(2) = 0.196063,	Nq(3) = 0.12874,	Nq(4) = 0.12874,	Nq(5) = 0.196063,	Nq(6) = 0.265229,	Nq(7) = 0.196063,	Nq(8) = 0.196063,	Nq(9) = 0.265229,	Nq(10) = 0.322217,	Nq(11) = 0.265229,	Nq(12) = 0.12874,	Nq(13) = 0.196063,	Nq(14) = 0.265229,	Nq(15) = 0.196063,	Sq(0) = 8.69193e-19,	Sq(1) = 0.28845,	Sq(2) = 0.410506,	Sq(3) = 0.28845,	Sq(4) = 0.28845,	Sq(5) = 0.410506,	Sq(6) = 0.609687,	Sq(7) = 0.410506,	Sq(8) = 0.410506,	Sq(9) = 0.609687,	Sq(10) = 6.86995,	Sq(11) = 0.609687,	Sq(12) = 0.28845,	Sq(13) = 0.410506,	Sq(14) = 0.609687,	Sq(15) = 0.410506,	N(0) = 1.89397,	N(1) = 1.76865,	N(2) = 1,	N(3) = 1.76865,	N(4) = 1.76865,	N(5) = 1,	N(6) = 0.231351,	N(7) = 1,	N(8) = 1,	N(9) = 0.231351,	N(10) = 0.106028,	N(11) = 0.231351,	N(12) = 1.76865,	N(13) = 1,	N(14) = 0.231351,	N(15) = 1
The 0-th iteration is completed.	|| time cost : 0h 0m 57.331s
********************************************************************************************************************
Start the 1 rounds of NGS-ED iteration
	effective electronic model is modified as: kinetic energy t = 0.919288
	                                           effective interaction Vq = [-1.93681, -1.5568,-1.44164, -1.5568, -1.5568,-1.44164,-1.39801,-1.44164,-1.44164,-1.39801,-1.35452,-1.39801, -1.5568,-1.44164,-1.39801,-1.44164]
	PARPACK diagonalization completed after 30 matrix-vector product operations.
	iteration results: : total energy is -41.734745 | electron energy -41.757233 + phonon energy 0.022489 | electron momentum kIdx = 10
The 1-th iteration is completed.	|| time cost : 0h 0m 24.122s
********************************************************************************************************************
Start the 2 rounds of NGS-ED iteration
	effective electronic model is modified as: kinetic energy t = 0.91863
	                                           effective interaction Vq = [-1.97677,-1.57147, -1.4487,-1.57147,-1.57147, -1.4487,-1.40177, -1.4487, -1.4487,-1.40177,-1.35652,-1.40177,-1.57147, -1.4487,-1.40177, -1.4487]
	PARPACK diagonalization completed after 30 matrix-vector product operations.
	iteration results: : total energy is -42.375468 | electron energy -42.404445 + phonon energy 0.028977 | electron momentum kIdx = 10
The 2-th iteration is completed.	|| time cost : 0h 0m 23.724s
********************************************************************************************************************
Start the 3 rounds of NGS-ED iteration
	effective electronic model is modified as: kinetic energy t = 0.918146
	                                           effective interaction Vq = [-1.99147,-1.57863,-1.45273,-1.57863,-1.57863,-1.45273,-1.40481,-1.45273,-1.45273,-1.40481,-1.35908,-1.40481,-1.57863,-1.45273,-1.40481,-1.45273]
	PARPACK diagonalization completed after 30 matrix-vector product operations.
	iteration results: : total energy is -42.610967 | electron energy -42.642796 + phonon energy 0.031829 | electron momentum kIdx = 10
The 3-th iteration is completed.	|| time cost : 0h 0m 21.478s
********************************************************************************************************************
Start the 4 rounds of NGS-ED iteration
	effective electronic model is modified as: kinetic energy t = 0.91786
	                                           effective interaction Vq = [-1.99688,-1.58216,-1.45488,-1.58216,-1.58216,-1.45488,-1.40665,-1.45488,-1.45488,-1.40665,-1.36075,-1.40665,-1.58216,-1.45488,-1.40665,-1.45488]
	PARPACK diagonalization completed after 30 matrix-vector product operations.
	iteration results: : total energy is -42.697564 | electron energy -42.730656 + phonon energy 0.033092 | electron momentum kIdx = 10
The 4-th iteration is completed.	|| time cost : 0h 0m 20.283s
********************************************************************************************************************
Start the 5 rounds of NGS-ED iteration
	effective electronic model is modified as: kinetic energy t = 0.917705
	                                           effective interaction Vq = [-1.99887,-1.58392,-1.45599,-1.58392,-1.58392,-1.45599,-1.40765,-1.45599,-1.45599,-1.40765,-1.36169,-1.40765,-1.58392,-1.45599,-1.40765,-1.45599]
	PARPACK diagonalization completed after 30 matrix-vector product operations.
	iteration results: : total energy is -42.729414 | electron energy -42.763080 + phonon energy 0.033666 | electron momentum kIdx = 10
The 5-th iteration is completed.	|| time cost : 0h 0m 20.265s
********************************************************************************************************************
Start the 6 rounds of NGS-ED iteration
	effective electronic model is modified as: kinetic energy t = 0.917625
	                                           effective interaction Vq = [ -1.9996,-1.58479,-1.45655,-1.58479,-1.58479,-1.45655,-1.40818,-1.45655,-1.45655,-1.40818,-1.36218,-1.40818,-1.58479,-1.45655,-1.40818,-1.45655]
	PARPACK diagonalization completed after 30 matrix-vector product operations.
	iteration results: : total energy is -42.741129 | electron energy -42.775063 + phonon energy 0.033934 | electron momentum kIdx = 10
The 6-th iteration is completed.	|| time cost : 0h 0m 20.253s
********************************************************************************************************************
Start the 7 rounds of NGS-ED iteration
	effective electronic model is modified as: kinetic energy t = 0.917584
	                                           effective interaction Vq = [-1.99987,-1.58523,-1.45683,-1.58523,-1.58523,-1.45683,-1.40845,-1.45683,-1.45683,-1.40845,-1.36243,-1.40845,-1.58523,-1.45683,-1.40845,-1.45683]
	PARPACK diagonalization completed after 30 matrix-vector product operations.
	iteration results: : total energy is -42.745438 | electron energy -42.779500 + phonon energy 0.034062 | electron momentum kIdx = 10
The 7-th iteration is completed.	|| time cost : 0h 0m 20.253s
********************************************************************************************************************
Start the 8 rounds of NGS-ED iteration
	effective electronic model is modified as: kinetic energy t = 0.917563
	                                           effective interaction Vq = [-1.99997,-1.58545,-1.45697,-1.58545,-1.58545,-1.45697,-1.40858,-1.45697,-1.45697,-1.40858,-1.36255,-1.40858,-1.58545,-1.45697,-1.40858,-1.45697]
	PARPACK diagonalization completed after 30 matrix-vector product operations.
	iteration results: : total energy is -42.747023 | electron energy -42.781147 + phonon energy 0.034124 | electron momentum kIdx = 10
The 8-th iteration is completed.	|| time cost : 0h 0m 20.257s
********************************************************************************************************************
Start the 9 rounds of NGS-ED iteration
	effective electronic model is modified as: kinetic energy t = 0.917553
	                                           effective interaction Vq = [-2.00001,-1.58555,-1.45704,-1.58555,-1.58555,-1.45704,-1.40865,-1.45704,-1.45704,-1.40865,-1.36262,-1.40865,-1.58555,-1.45704,-1.40865,-1.45704]
	PARPACK diagonalization completed after 30 matrix-vector product operations.
	iteration results: : total energy is -42.747606 | electron energy -42.781760 + phonon energy 0.034154 | electron momentum kIdx = 10
The 9-th iteration is completed.	|| time cost : 0h 0m 20.284s
********************************************************************************************************************
Start the 10 rounds of NGS-ED iteration
	effective electronic model is modified as: kinetic energy t = 0.917548
	                                           effective interaction Vq = [-2.00002,-1.58561,-1.45707,-1.58561,-1.58561,-1.45707,-1.40868,-1.45707,-1.45707,-1.40868,-1.36265,-1.40868,-1.58561,-1.45707,-1.40868,-1.45707]
	PARPACK diagonalization completed after 30 matrix-vector product operations.
	iteration results: : total energy is -42.747821 | electron energy -42.781989 + phonon energy 0.034168 | electron momentum kIdx = 10
	Nq(0) = 16,	Nq(1) = 0.130561,	Nq(2) = 0.197848,	Nq(3) = 0.130561,	Nq(4) = 0.130561,	Nq(5) = 0.197848,	Nq(6) = 0.26724,	Nq(7) = 0.197848,	Nq(8) = 0.197848,	Nq(9) = 0.26724,	Nq(10) = 0.324104,	Nq(11) = 0.26724,	Nq(12) = 0.130561,	Nq(13) = 0.197848,	Nq(14) = 0.26724,	Nq(15) = 0.197848,	Sq(0) = 1.20165e-18,	Sq(1) = 0.289757,	Sq(2) = 0.411174,	Sq(3) = 0.289757,	Sq(4) = 0.289757,	Sq(5) = 0.411174,	Sq(6) = 0.611226,	Sq(7) = 0.411174,	Sq(8) = 0.411174,	Sq(9) = 0.611226,	Sq(10) = 6.82663,	Sq(11) = 0.611226,	Sq(12) = 0.289757,	Sq(13) = 0.411174,	Sq(14) = 0.611226,	Sq(15) = 0.411174,	N(0) = 1.89535,	N(1) = 1.77232,	N(2) = 1,	N(3) = 1.77232,	N(4) = 1.77232,	N(5) = 1,	N(6) = 0.227681,	N(7) = 1,	N(8) = 1,	N(9) = 0.227681,	N(10) = 0.10465,	N(11) = 0.227681,	N(12) = 1.77232,	N(13) = 1,	N(14) = 0.227681,	N(15) = 1
The 10-th iteration is completed.	|| time cost : 0h 0m 53.581s
********************************************************************************************************************
Start the 11 rounds of NGS-ED iteration
	effective electronic model is modified as: kinetic energy t = 0.917545
	                                           effective interaction Vq = [-2.00003,-1.58563,-1.45709,-1.58563,-1.58563,-1.45709, -1.4087,-1.45709,-1.45709, -1.4087,-1.36266, -1.4087,-1.58563,-1.45709, -1.4087,-1.45709]
	PARPACK diagonalization completed after 30 matrix-vector product operations.
	iteration results: : total energy is -42.747900 | electron energy -42.782075 + phonon energy 0.034175 | electron momentum kIdx = 10
The 11-th iteration is completed.	|| time cost : 0h 0m 20.281s
********************************************************************************************************************
Start the 12 rounds of NGS-ED iteration
	effective electronic model is modified as: kinetic energy t = 0.917544
	                                           effective interaction Vq = [-2.00003,-1.58565, -1.4571,-1.58565,-1.58565, -1.4571,-1.40871, -1.4571, -1.4571,-1.40871,-1.36267,-1.40871,-1.58565, -1.4571,-1.40871, -1.4571]
	PARPACK diagonalization completed after 30 matrix-vector product operations.
	iteration results: : total energy is -42.747929 | electron energy -42.782108 + phonon energy 0.034179 | electron momentum kIdx = 10
The 12-th iteration is completed.	|| time cost : 0h 0m 20.27s
********************************************************************************************************************
Start the 13 rounds of NGS-ED iteration
	effective electronic model is modified as: kinetic energy t = 0.917543
	                                           effective interaction Vq = [-2.00003,-1.58565, -1.4571,-1.58565,-1.58565, -1.4571,-1.40871, -1.4571, -1.4571,-1.40871,-1.36267,-1.40871,-1.58565, -1.4571,-1.40871, -1.4571]
	PARPACK diagonalization completed after 30 matrix-vector product operations.
	iteration results: : total energy is -42.747939 | electron energy -42.782120 + phonon energy 0.034181 | electron momentum kIdx = 10
The 13-th iteration is completed.	|| time cost : 0h 0m 21.705s
********************************************************************************************************************
Start the 14 rounds of NGS-ED iteration
	effective electronic model is modified as: kinetic energy t = 0.917543
	                                           effective interaction Vq = [-2.00003,-1.58566, -1.4571,-1.58566,-1.58566, -1.4571,-1.40871, -1.4571, -1.4571,-1.40871,-1.36268,-1.40871,-1.58566, -1.4571,-1.40871, -1.4571]
	PARPACK diagonalization completed after 30 matrix-vector product operations.
	iteration results: : total energy is -42.747943 | electron energy -42.782125 + phonon energy 0.034182 | electron momentum kIdx = 10
The 14-th iteration is completed.	|| time cost : 0h 0m 23.653s
********************************************************************************************************************
Start the 15 rounds of NGS-ED iteration
	effective electronic model is modified as: kinetic energy t = 0.917543
	                                           effective interaction Vq = [-2.00003,-1.58566,-1.45711,-1.58566,-1.58566,-1.45711,-1.40872,-1.45711,-1.45711,-1.40872,-1.36268,-1.40872,-1.58566,-1.45711,-1.40872,-1.45711]
	PARPACK diagonalization completed after 30 matrix-vector product operations.
	iteration results: : total energy is -42.747945 | electron energy -42.782127 + phonon energy 0.034182 | electron momentum kIdx = 10
The 15-th iteration is completed.	|| time cost : 0h 0m 23.54s
********************************************************************************************************************
Start the 16 rounds of NGS-ED iteration
	effective electronic model is modified as: kinetic energy t = 0.917543
	                                           effective interaction Vq = [-2.00003,-1.58566,-1.45711,-1.58566,-1.58566,-1.45711,-1.40872,-1.45711,-1.45711,-1.40872,-1.36268,-1.40872,-1.58566,-1.45711,-1.40872,-1.45711]
	PARPACK diagonalization completed after 30 matrix-vector product operations.
	iteration results: : total energy is -42.747945 | electron energy -42.782127 + phonon energy 0.034182 | electron momentum kIdx = 10
The 16-th iteration is completed.	|| time cost : 0h 0m 23.511s
********************************************************************************************************************
Start the 17 rounds of NGS-ED iteration
	effective electronic model is modified as: kinetic energy t = 0.917543
	                                           effective interaction Vq = [-2.00003,-1.58566,-1.45711,-1.58566,-1.58566,-1.45711,-1.40872,-1.45711,-1.45711,-1.40872,-1.36268,-1.40872,-1.58566,-1.45711,-1.40872,-1.45711]
	PARPACK diagonalization completed after 30 matrix-vector product operations.
	iteration results: : total energy is -42.747946 | electron energy -42.782128 + phonon energy 0.034182 | electron momentum kIdx = 10
The 17-th iteration is completed.	|| time cost : 0h 0m 23.55s
********************************************************************************************************************
Start the 18 rounds of NGS-ED iteration
	effective electronic model is modified as: kinetic energy t = 0.917543
	                                           effective interaction Vq = [-2.00003,-1.58566,-1.45711,-1.58566,-1.58566,-1.45711,-1.40872,-1.45711,-1.45711,-1.40872,-1.36268,-1.40872,-1.58566,-1.45711,-1.40872,-1.45711]
	PARPACK diagonalization completed after 30 matrix-vector product operations.
	iteration results: : total energy is -42.747946 | electron energy -42.782128 + phonon energy 0.034182 | electron momentum kIdx = 10
The 18-th iteration is completed.	|| time cost : 0h 0m 23.343s
********************************************************************************************************************
Start the 19 rounds of NGS-ED iteration
	effective electronic model is modified as: kinetic energy t = 0.917543
	                                           effective interaction Vq = [-2.00003,-1.58566,-1.45711,-1.58566,-1.58566,-1.45711,-1.40872,-1.45711,-1.45711,-1.40872,-1.36268,-1.40872,-1.58566,-1.45711,-1.40872,-1.45711]
	PARPACK diagonalization completed after 30 matrix-vector product operations.
	iteration results: : total energy is -42.747946 | electron energy -42.782128 + phonon energy 0.034182 | electron momentum kIdx = 10
The 19-th iteration is completed.	|| time cost : 0h 0m 23.435s
********************************************************************************************************************
Start the 20 rounds of NGS-ED iteration
	effective electronic model is modified as: kinetic energy t = 0.917543
	                                           effective interaction Vq = [-2.00003,-1.58566,-1.45711,-1.58566,-1.58566,-1.45711,-1.40872,-1.45711,-1.45711,-1.40872,-1.36268,-1.40872,-1.58566,-1.45711,-1.40872,-1.45711]
	PARPACK diagonalization completed after 30 matrix-vector product operations.
	iteration results: : total energy is -42.747946 | electron energy -42.782128 + phonon energy 0.034182 | electron momentum kIdx = 10
	Nq(0) = 16,	Nq(1) = 0.130563,	Nq(2) = 0.19785,	Nq(3) = 0.130563,	Nq(4) = 0.130563,	Nq(5) = 0.19785,	Nq(6) = 0.267243,	Nq(7) = 0.19785,	Nq(8) = 0.19785,	Nq(9) = 0.267243,	Nq(10) = 0.324107,	Nq(11) = 0.267243,	Nq(12) = 0.130563,	Nq(13) = 0.19785,	Nq(14) = 0.267243,	Nq(15) = 0.19785,	Sq(0) = 1.87061e-18,	Sq(1) = 0.289759,	Sq(2) = 0.411174,	Sq(3) = 0.289759,	Sq(4) = 0.289759,	Sq(5) = 0.411174,	Sq(6) = 0.611227,	Sq(7) = 0.411174,	Sq(8) = 0.411174,	Sq(9) = 0.611227,	Sq(10) = 6.82658,	Sq(11) = 0.611227,	Sq(12) = 0.289759,	Sq(13) = 0.411174,	Sq(14) = 0.611227,	Sq(15) = 0.411174,	N(0) = 1.89535,	N(1) = 1.77232,	N(2) = 1,	N(3) = 1.77232,	N(4) = 1.77232,	N(5) = 1,	N(6) = 0.227677,	N(7) = 1,	N(8) = 1,	N(9) = 0.227677,	N(10) = 0.104648,	N(11) = 0.227677,	N(12) = 1.77232,	N(13) = 1,	N(14) = 0.227677,	N(15) = 1
The 20-th iteration is completed.	|| time cost : 0h 0m 55.283s
********************************************************************************************************************
Start the 21 rounds of NGS-ED iteration
	effective electronic model is modified as: kinetic energy t = 0.917543
	                                           effective interaction Vq = [-2.00003,-1.58566,-1.45711,-1.58566,-1.58566,-1.45711,-1.40872,-1.45711,-1.45711,-1.40872,-1.36268,-1.40872,-1.58566,-1.45711,-1.40872,-1.45711]
	PARPACK diagonalization completed after 30 matrix-vector product operations.
	iteration results: : total energy is -42.747946 | electron energy -42.782128 + phonon energy 0.034182 | electron momentum kIdx = 10
The 21-th iteration is completed.	|| time cost : 0h 0m 20.307s
********************************************************************************************************************
Start the 22 rounds of NGS-ED iteration
	effective electronic model is modified as: kinetic energy t = 0.917543
	                                           effective interaction Vq = [-2.00003,-1.58566,-1.45711,-1.58566,-1.58566,-1.45711,-1.40872,-1.45711,-1.45711,-1.40872,-1.36268,-1.40872,-1.58566,-1.45711,-1.40872,-1.45711]
	PARPACK diagonalization completed after 30 matrix-vector product operations.
	iteration results: : total energy is -42.747946 | electron energy -42.782128 + phonon energy 0.034182 | electron momentum kIdx = 10
The 22-th iteration is completed.	|| time cost : 0h 0m 20.238s
********************************************************************************************************************
Start the 23 rounds of NGS-ED iteration
	effective electronic model is modified as: kinetic energy t = 0.917543
	                                           effective interaction Vq = [-2.00003,-1.58566,-1.45711,-1.58566,-1.58566,-1.45711,-1.40872,-1.45711,-1.45711,-1.40872,-1.36268,-1.40872,-1.58566,-1.45711,-1.40872,-1.45711]
	PARPACK diagonalization completed after 30 matrix-vector product operations.
	iteration results: : total energy is -42.747946 | electron energy -42.782128 + phonon energy 0.034182 | electron momentum kIdx = 10
The 23-th iteration is completed.	|| time cost : 0h 0m 20.287s
********************************************************************************************************************
Start the 24 rounds of NGS-ED iteration
	effective electronic model is modified as: kinetic energy t = 0.917543
	                                           effective interaction Vq = [-2.00003,-1.58566,-1.45711,-1.58566,-1.58566,-1.45711,-1.40872,-1.45711,-1.45711,-1.40872,-1.36268,-1.40872,-1.58566,-1.45711,-1.40872,-1.45711]
	PARPACK diagonalization completed after 30 matrix-vector product operations.
	iteration results: : total energy is -42.747946 | electron energy -42.782128 + phonon energy 0.034182 | electron momentum kIdx = 10
	Nq(0) = 16,	Nq(1) = 0.130563,	Nq(2) = 0.19785,	Nq(3) = 0.130563,	Nq(4) = 0.130563,	Nq(5) = 0.19785,	Nq(6) = 0.267243,	Nq(7) = 0.19785,	Nq(8) = 0.19785,	Nq(9) = 0.267243,	Nq(10) = 0.324107,	Nq(11) = 0.267243,	Nq(12) = 0.130563,	Nq(13) = 0.19785,	Nq(14) = 0.267243,	Nq(15) = 0.19785,	Sq(0) = 4.72571e-18,	Sq(1) = 0.289759,	Sq(2) = 0.411174,	Sq(3) = 0.289759,	Sq(4) = 0.289759,	Sq(5) = 0.411174,	Sq(6) = 0.611227,	Sq(7) = 0.411174,	Sq(8) = 0.411174,	Sq(9) = 0.611227,	Sq(10) = 6.82658,	Sq(11) = 0.611227,	Sq(12) = 0.289759,	Sq(13) = 0.411174,	Sq(14) = 0.611227,	Sq(15) = 0.411174,	N(0) = 1.89535,	N(1) = 1.77232,	N(2) = 1,	N(3) = 1.77232,	N(4) = 1.77232,	N(5) = 1,	N(6) = 0.227677,	N(7) = 1,	N(8) = 1,	N(9) = 0.227677,	N(10) = 0.104648,	N(11) = 0.227677,	N(12) = 1.77232,	N(13) = 1,	N(14) = 0.227677,	N(15) = 1
The 24-th iteration is completed.	|| time cost : 0h 0m 58.098s
********************************************************************************************************************
********************************************************************************************************************
Ground state is obtained after 25 iterations. The current ground-state energy is -42.7479, in which electron energy is -42.7821 and phonon energy is 0.0341824
final variational state is: 
	Gamma_x = [      1,1.02624,1.04028,1.02624,1.02624,1.04028,1.05445,1.04028,1.04028,1.05445,1.06577,1.05445,1.02624,1.04028,1.05445,1.04028]
	lambda_q = [0.632459,0.344582,0.302938,0.344582,0.344582,0.302938,0.288567,0.302938,0.302938,0.288567, 0.27543,0.288567,0.344582,0.302938,0.288567,0.302938]
********************************************************************************************************************
o___o  ----------------------------------------
| L |	Time since last clock: 0h 0m 0s
A===A	Time since the beginning: 0h 20m 21.883s
***********************************************


Non-Gaussina ED ground state calculation is completed. The final ground-state energy is -42.7479
********************************************************************************************************************
o___o  ----------------------------------------
| L |	Time since last clock: 0h 0m 0.001s
A===A	Time since the beginning: 0h 20m 21.884s
***********************************************



********************************************************************************************************************
All non-Gaussian ED ground state calculations have been completed. Exit now.
TACC:  Shutdown complete. Exiting. 
