TACC:  Starting up job 1744381 
TACC:  Starting parallel tasks... 
SNEDics v3.4 Non-Gaussian ED ground state program		Start at Sun Oct 11 00:48:50 2020

parallized on 16 MPI threads  * 7 OpenMP threads = 112 total threads.
********************************************************************************************************************
********************************************************************************************************************

********************************************************************************************************************
System parameters and configurations
********************************************************************************************************************
Special program options are enabled: splitted diagonal Hamiltonian
********************************************************************************************************************
Read input file "model_params.in"
	Hubbard-Holstein model parameters : 	t = 1    U = 8    g = 0.07    W = 0.2    g' = 0.07    
********************************************************************************************************************
Read input file "hilbertspace_params.in"
	Requested 16-site 2D lattice, with 14 electrons (7, 7)
	Boundary : Periodic		Hilbert space representation : momentum-space (restricted to kIdx = 0)
	Conservation: particle number[U(1)]      spin[U(1)]     momentum
********************************************************************************************************************

Cluster Positions:				Cluster symmetry group : D4
 x ... x ... x ... x .....                       x ... x ... x ... x .....
 |           |           :                       |           |           :
 |           |           :                       |           |           :
12    13    14    15     x                       1     5     6     5     x
 |           |           :                       |           |           :
 |           |           :                       |           |           :
 8 --- 9 ---10 ---11 --- x                       2 --- 6 ---10 --- 6 --- x
 |           |           :                       |           |           :
 |           |           :                       |           |           :
 4     5     6     7     x                       1     5     6     5     x
 |           |           :                       |           |           :
 |           |           :                       |           |           :
 0 --- 1 --- 2 --- 3 --- x                       0 --- 1 --- 2 --- 1 --- x
orbital number : 1
********************************************************************************************************************
Read input file "obs_params.in"
	Observable Type : Nq(All),   Sq(All),   N(All),   Delta[s](All),   Delta[d](All),   Delta[s+](All)
********************************************************************************************************************
** WARNING ** the input observables have non-local factors which have been reinterpreted. The total observable number is 96
********************************************************************************************************************


********************************************************************************************************************
Start calculating the non-Gaussian ED ground state
** WARNING ** Detected low phonon energy W < 10. The initial state will be prepared through a warm-up process.
********************************************************************************************************************
Start warm-up calculation for scaling factor 64
open output files: NGSEDWarmUpW12.8Obs.txt
********************************************************************************************************************
Start the 0 rounds of NGS-ED iteration
	effective electronic model is modified as: kinetic energy t = 1
	                                           effective interaction Vq = [0,0,0,0,0,0,0,0,0,0,0,0,0,0,0,0]
	first Hamiltonian is constructed, non-zero numbers = 2178478298
	PARPACK diagonalization completed after 165 matrix-vector product operations.
	iteration results: : total energy is -11.868836 | electron energy -11.868836 + phonon energy 0.000000 | electron momentum kIdx = 0
	Nq(0) = 12.25,	Nq(1) = 0.154193,	Nq(2) = 0.185311,	Nq(3) = 0.154193,	Nq(4) = 0.154193,	Nq(5) = 0.203281,	Nq(6) = 0.235634,	Nq(7) = 0.203281,	Nq(8) = 0.185311,	Nq(9) = 0.235634,	Nq(10) = 0.275446,	Nq(11) = 0.235634,	Nq(12) = 0.154193,	Nq(13) = 0.203281,	Nq(14) = 0.235634,	Nq(15) = 0.203281,	Sq(0) = 1.11096e-18,	Sq(1) = 0.474292,	Sq(2) = 0.766364,	Sq(3) = 0.474292,	Sq(4) = 0.474292,	Sq(5) = 0.630724,	Sq(6) = 1.05279,	Sq(7) = 0.630724,	Sq(8) = 0.766364,	Sq(9) = 1.05279,	Sq(10) = 2.56755,	Sq(11) = 1.05279,	Sq(12) = 0.474292,	Sq(13) = 0.630724,	Sq(14) = 1.05279,	Sq(15) = 0.630724,	N(0) = 1.75464,	N(1) = 1.59086,	N(2) = 0.323321,	N(3) = 1.59086,	N(4) = 1.59086,	N(5) = 0.999881,	N(6) = 0.267546,	N(7) = 0.999881,	N(8) = 0.323321,	N(9) = 0.267546,	N(10) = 0.165565,	N(11) = 0.267546,	N(12) = 1.59086,	N(13) = 0.999881,	N(14) = 0.267546,	N(15) = 0.999881,	Delta[s](0) = 0.0790901,	Delta[s](1) = 0.0591397,	Delta[s](2) = 0.0354243,	Delta[s](3) = 0.0591397,	Delta[s](4) = 0.0591397,	Delta[s](5) = 0.0422844,	Delta[s](6) = 0.0195762,	Delta[s](7) = 0.0422844,	Delta[s](8) = 0.0354243,	Delta[s](9) = 0.0195762,	Delta[s](10) = 0.00031005,	Delta[s](11) = 0.0195762,	Delta[s](12) = 0.0591397,	Delta[s](13) = 0.0422844,	Delta[s](14) = 0.0195762,	Delta[s](15) = 0.0422844,	Delta[d](0) = 0.277921,	Delta[d](1) = 0.191411,	Delta[d](2) = 0.201161,	Delta[d](3) = 0.191411,	Delta[d](4) = 0.191411,	Delta[d](5) = 0.177968,	Delta[d](6) = 0.133534,	Delta[d](7) = 0.177968,	Delta[d](8) = 0.201161,	Delta[d](9) = 0.133534,	Delta[d](10) = 0.0538739,	Delta[d](11) = 0.133534,	Delta[d](12) = 0.191411,	Delta[d](13) = 0.177968,	Delta[d](14) = 0.133534,	Delta[d](15) = 0.177968,	Delta[s+](0) = 0.563963,	Delta[s+](1) = 0.419946,	Delta[s+](2) = 0.201161,	Delta[s+](3) = 0.419946,	Delta[s+](4) = 0.419946,	Delta[s+](5) = 0.293528,	Delta[s+](6) = 0.127102,	Delta[s+](7) = 0.293528,	Delta[s+](8) = 0.201161,	Delta[s+](9) = 0.127102,	Delta[s+](10) = 0.0385636,	Delta[s+](11) = 0.127102,	Delta[s+](12) = 0.419946,	Delta[s+](13) = 0.293528,	Delta[s+](14) = 0.127102,	Delta[s+](15) = 0.293528
The 0-th iteration is completed.	|| time cost : 0h 6m 30.071s
********************************************************************************************************************
Start the 1 rounds of NGS-ED iteration
	effective electronic model is modified as: kinetic energy t = 0.998024
	                                           effective interaction Vq = [ -0.565151, -0.190823,-0.0202395, -0.190823, -0.190823,-0.0204524, -0.019809,-0.0204524,-0.0202395, -0.019809,  -0.17477, -0.019809, -0.190823,-0.0204524, -0.019809,-0.0204524]
	PARPACK diagonalization completed after 60 matrix-vector product operations.
	iteration results: : total energy is -18.968545 | electron energy -18.968551 + phonon energy 0.000006 | electron momentum kIdx = 0
The 1-th iteration is completed.	|| time cost : 0h 5m 11.145s
********************************************************************************************************************
Start the 2 rounds of NGS-ED iteration
	effective electronic model is modified as: kinetic energy t = 0.997308
	                                           effective interaction Vq = [  -0.60884, -0.207765, -0.021904, -0.207765, -0.207765,-0.0221672,-0.0213661,-0.0221672, -0.021904,-0.0213661, -0.188265,-0.0213661, -0.207765,-0.0221672,-0.0213661,-0.0221672]
	PARPACK diagonalization completed after 45 matrix-vector product operations.
	iteration results: : total energy is -19.509437 | electron energy -19.509458 + phonon energy 0.000021 | electron momentum kIdx = 0
The 2-th iteration is completed.	|| time cost : 0h 0m 24.359s
********************************************************************************************************************
Start the 3 rounds of NGS-ED iteration
	effective electronic model is modified as: kinetic energy t = 0.997173
	                                           effective interaction Vq = [ -0.612217, -0.210302,-0.0221283, -0.210302, -0.210302,-0.0224051, -0.021562,-0.0224051,-0.0221283, -0.021562, -0.189894, -0.021562, -0.210302,-0.0224051, -0.021562,-0.0224051]
	PARPACK diagonalization completed after 45 matrix-vector product operations.
	iteration results: : total energy is -19.551009 | electron energy -19.551036 + phonon energy 0.000026 | electron momentum kIdx = 0
The 3-th iteration is completed.	|| time cost : 0h 0m 24.353s
********************************************************************************************************************
Start the 4 rounds of NGS-ED iteration
	effective electronic model is modified as: kinetic energy t = 0.997148
	                                           effective interaction Vq = [ -0.612478, -0.210774,-0.0221626, -0.210774, -0.210774,-0.0224432,-0.0215893,-0.0224432,-0.0221626,-0.0215893,  -0.19011,-0.0215893, -0.210774,-0.0224432,-0.0215893,-0.0224432]
	PARPACK diagonalization completed after 45 matrix-vector product operations.
	iteration results: : total energy is -19.554215 | electron energy -19.554242 + phonon energy 0.000027 | electron momentum kIdx = 0
The 4-th iteration is completed.	|| time cost : 0h 0m 24.423s
********************************************************************************************************************
Start the 5 rounds of NGS-ED iteration
	effective electronic model is modified as: kinetic energy t = 0.997144
	                                           effective interaction Vq = [ -0.612498, -0.210867, -0.022168, -0.210867, -0.210867,-0.0224494,-0.0215932,-0.0224494, -0.022168,-0.0215932, -0.190139,-0.0215932, -0.210867,-0.0224494,-0.0215932,-0.0224494]
	PARPACK diagonalization completed after 30 matrix-vector product operations.
	iteration results: : total energy is -19.554463 | electron energy -19.554490 + phonon energy 0.000028 | electron momentum kIdx = 0
	Nq(0) = 12.25,	Nq(1) = 0.157148,	Nq(2) = 0.186058,	Nq(3) = 0.157148,	Nq(4) = 0.157148,	Nq(5) = 0.203951,	Nq(6) = 0.23694,	Nq(7) = 0.203951,	Nq(8) = 0.186058,	Nq(9) = 0.23694,	Nq(10) = 0.280756,	Nq(11) = 0.23694,	Nq(12) = 0.157148,	Nq(13) = 0.203951,	Nq(14) = 0.23694,	Nq(15) = 0.203951,	Sq(0) = -1.59147e-19,	Sq(1) = 0.472265,	Sq(2) = 0.764098,	Sq(3) = 0.472265,	Sq(4) = 0.472265,	Sq(5) = 0.62906,	Sq(6) = 1.05252,	Sq(7) = 0.62906,	Sq(8) = 0.764098,	Sq(9) = 1.05252,	Sq(10) = 2.56138,	Sq(11) = 1.05252,	Sq(12) = 0.472265,	Sq(13) = 0.62906,	Sq(14) = 1.05252,	Sq(15) = 0.62906,	N(0) = 1.7585,	N(1) = 1.59694,	N(2) = 0.320272,	N(3) = 1.59694,	N(4) = 1.59694,	N(5) = 0.998927,	N(6) = 0.263466,	N(7) = 0.998927,	N(8) = 0.320272,	N(9) = 0.263466,	N(10) = 0.163633,	N(11) = 0.263466,	N(12) = 1.59694,	N(13) = 0.998927,	N(14) = 0.263466,	N(15) = 0.998927,	Delta[s](0) = 0.0805133,	Delta[s](1) = 0.0602735,	Delta[s](2) = 0.0361729,	Delta[s](3) = 0.0602735,	Delta[s](4) = 0.0602735,	Delta[s](5) = 0.0431906,	Delta[s](6) = 0.0200842,	Delta[s](7) = 0.0431906,	Delta[s](8) = 0.0361729,	Delta[s](9) = 0.0200842,	Delta[s](10) = 0.000463061,	Delta[s](11) = 0.0200842,	Delta[s](12) = 0.0602735,	Delta[s](13) = 0.0431906,	Delta[s](14) = 0.0200842,	Delta[s](15) = 0.0431906,	Delta[d](0) = 0.283865,	Delta[d](1) = 0.192661,	Delta[d](2) = 0.202267,	Delta[d](3) = 0.192661,	Delta[d](4) = 0.192661,	Delta[d](5) = 0.179063,	Delta[d](6) = 0.133885,	Delta[d](7) = 0.179063,	Delta[d](8) = 0.202267,	Delta[d](9) = 0.133885,	Delta[d](10) = 0.0542652,	Delta[d](11) = 0.133885,	Delta[d](12) = 0.192661,	Delta[d](13) = 0.179063,	Delta[d](14) = 0.133885,	Delta[d](15) = 0.179063,	Delta[s+](0) = 0.56836,	Delta[s+](1) = 0.423186,	Delta[s+](2) = 0.202267,	Delta[s+](3) = 0.423186,	Delta[s+](4) = 0.423186,	Delta[s+](5) = 0.295458,	Delta[s+](6) = 0.127559,	Delta[s+](7) = 0.295458,	Delta[s+](8) = 0.202267,	Delta[s+](9) = 0.127559,	Delta[s+](10) = 0.0385313,	Delta[s+](11) = 0.127559,	Delta[s+](12) = 0.423186,	Delta[s+](13) = 0.295458,	Delta[s+](14) = 0.127559,	Delta[s+](15) = 0.295458
The 5-th iteration is completed.	|| time cost : 0h 3m 57.853s
********************************************************************************************************************
********************************************************************************************************************
Ground state is obtained after 6 iterations. The current ground-state energy is -19.5545, in which electron energy is -19.5545 and phonon energy is 2.75109e-05
final variational state is: 
	Gamma_x = [      1,1.00089,1.00015,1.00089,1.00089,1.00016, 1.0002,1.00016,1.00015, 1.0002,1.00226, 1.0002,1.00089,1.00016, 1.0002,1.00016]
	lambda_q = [  0.218649,  0.103843, 0.0302547,  0.103843,  0.103843, 0.0310961,-0.0286818, 0.0310961, 0.0302547,-0.0286818,-0.0825503,-0.0286818,  0.103843, 0.0310961,-0.0286818, 0.0310961]
The effective e-e interactions mediated by phonons are: [   0.6125, 0.210885,0.0221688, 0.210885, 0.210885,0.0224505,0.0215938,0.0224505,0.0221688,0.0215938, 0.190143,0.0215938, 0.210885,0.0224505,0.0215938,0.0224505]
The real-space interactions mediated by phonons are: [  -1.8667,-0.718877,-0.212898,-0.606663, -0.80094, -0.81155,-0.212898,-0.224234,-0.757178,-0.224234,-0.212898, -0.81155, -0.80094,-0.606663,-0.212898,-0.718877]
********************************************************************************************************************
o___o  ----------------------------------------
| L |	Time since last clock: 0h 0m 0s
A===A	Time since the beginning: 0h 16m 52.206s
***********************************************

********************************************************************************************************************
Start warm-up calculation for scaling factor 32
open output files: NGSEDWarmUpW6.4Obs.txt
********************************************************************************************************************
Start the 0 rounds of NGS-ED iteration
	effective electronic model is modified as: kinetic energy t = 0.997143
	                                           effective interaction Vq = [ -0.559839, -0.177705,-0.0181023, -0.177705, -0.177705,-0.0184383,-0.0174499,-0.0184383,-0.0181023,-0.0174499, -0.152516,-0.0174499, -0.177705,-0.0184383,-0.0174499,-0.0184383]
	PARPACK diagonalization completed after 60 matrix-vector product operations.
	iteration results: : total energy is -18.869321 | electron energy -18.869334 + phonon energy 0.000014 | electron momentum kIdx = 0
	Nq(0) = 12.25,	Nq(1) = 0.156636,	Nq(2) = 0.185852,	Nq(3) = 0.156636,	Nq(4) = 0.156636,	Nq(5) = 0.203741,	Nq(6) = 0.236605,	Nq(7) = 0.203741,	Nq(8) = 0.185852,	Nq(9) = 0.236605,	Nq(10) = 0.279604,	Nq(11) = 0.236605,	Nq(12) = 0.156636,	Nq(13) = 0.203741,	Nq(14) = 0.236605,	Nq(15) = 0.203741,	Sq(0) = 4.00199e-18,	Sq(1) = 0.47256,	Sq(2) = 0.764565,	Sq(3) = 0.47256,	Sq(4) = 0.47256,	Sq(5) = 0.629384,	Sq(6) = 1.05282,	Sq(7) = 0.629384,	Sq(8) = 0.764565,	Sq(9) = 1.05282,	Sq(10) = 2.56257,	Sq(11) = 1.05282,	Sq(12) = 0.47256,	Sq(13) = 0.629384,	Sq(14) = 1.05282,	Sq(15) = 0.629384,	N(0) = 1.75764,	N(1) = 1.59564,	N(2) = 0.321021,	N(3) = 1.59564,	N(4) = 1.59564,	N(5) = 0.999081,	N(6) = 0.264325,	N(7) = 0.999081,	N(8) = 0.321021,	N(9) = 0.264325,	N(10) = 0.164119,	N(11) = 0.264325,	N(12) = 1.59564,	N(13) = 0.999081,	N(14) = 0.264325,	N(15) = 0.999081,	Delta[s](0) = 0.0801101,	Delta[s](1) = 0.0599817,	Delta[s](2) = 0.0360219,	Delta[s](3) = 0.0599817,	Delta[s](4) = 0.0599817,	Delta[s](5) = 0.0429829,	Delta[s](6) = 0.0200208,	Delta[s](7) = 0.0429829,	Delta[s](8) = 0.0360219,	Delta[s](9) = 0.0200208,	Delta[s](10) = 0.000523198,	Delta[s](11) = 0.0200208,	Delta[s](12) = 0.0599817,	Delta[s](13) = 0.0429829,	Delta[s](14) = 0.0200208,	Delta[s](15) = 0.0429829,	Delta[d](0) = 0.284904,	Delta[d](1) = 0.194074,	Delta[d](2) = 0.203655,	Delta[d](3) = 0.194074,	Delta[d](4) = 0.194074,	Delta[d](5) = 0.180323,	Delta[d](6) = 0.13494,	Delta[d](7) = 0.180323,	Delta[d](8) = 0.203655,	Delta[d](9) = 0.13494,	Delta[d](10) = 0.0546993,	Delta[d](11) = 0.13494,	Delta[d](12) = 0.194074,	Delta[d](13) = 0.180323,	Delta[d](14) = 0.13494,	Delta[d](15) = 0.180323,	Delta[s+](0) = 0.57168,	Delta[s+](1) = 0.425684,	Delta[s+](2) = 0.203655,	Delta[s+](3) = 0.425684,	Delta[s+](4) = 0.425684,	Delta[s+](5) = 0.297297,	Delta[s+](6) = 0.128517,	Delta[s+](7) = 0.297297,	Delta[s+](8) = 0.203655,	Delta[s+](9) = 0.128517,	Delta[s+](10) = 0.0389173,	Delta[s+](11) = 0.128517,	Delta[s+](12) = 0.425684,	Delta[s+](13) = 0.297297,	Delta[s+](14) = 0.128517,	Delta[s+](15) = 0.297297
The 0-th iteration is completed.	|| time cost : 0h 4m 5.809s
********************************************************************************************************************
Start the 1 rounds of NGS-ED iteration
	effective electronic model is modified as: kinetic energy t = 0.996736
	                                           effective interaction Vq = [ -0.597858, -0.188441,-0.0187808, -0.188441, -0.188441,-0.0192292,-0.0179062,-0.0192292,-0.0187808,-0.0179062, -0.155018,-0.0179062, -0.188441,-0.0192292,-0.0179062,-0.0192292]
	PARPACK diagonalization completed after 45 matrix-vector product operations.
	iteration results: : total energy is -19.336863 | electron energy -19.336909 + phonon energy 0.000046 | electron momentum kIdx = 0
The 1-th iteration is completed.	|| time cost : 0h 0m 24.414s
********************************************************************************************************************
Start the 2 rounds of NGS-ED iteration
	effective electronic model is modified as: kinetic energy t = 0.996584
	                                           effective interaction Vq = [ -0.608429, -0.192108,-0.0189762, -0.192108, -0.192108, -0.019466,-0.0180272, -0.019466,-0.0189762,-0.0180272, -0.155681,-0.0180272, -0.192108, -0.019466,-0.0180272, -0.019466]
	PARPACK diagonalization completed after 45 matrix-vector product operations.
	iteration results: : total energy is -19.466607 | electron energy -19.466671 + phonon energy 0.000064 | electron momentum kIdx = 0
The 2-th iteration is completed.	|| time cost : 0h 0m 24.374s
********************************************************************************************************************
Start the 3 rounds of NGS-ED iteration
	effective electronic model is modified as: kinetic energy t = 0.996528
	                                           effective interaction Vq = [ -0.611368, -0.193441, -0.019034, -0.193441, -0.193441,-0.0195391,-0.0180598,-0.0195391, -0.019034,-0.0180598, -0.155861,-0.0180598, -0.193441,-0.0195391,-0.0180598,-0.0195391]
	PARPACK diagonalization completed after 45 matrix-vector product operations.
	iteration results: : total energy is -19.502646 | electron energy -19.502718 + phonon energy 0.000072 | electron momentum kIdx = 0
The 3-th iteration is completed.	|| time cost : 0h 0m 24.363s
********************************************************************************************************************
Start the 4 rounds of NGS-ED iteration
	effective electronic model is modified as: kinetic energy t = 0.996507
	                                           effective interaction Vq = [ -0.612185, -0.193938,-0.0190513, -0.193938, -0.193938, -0.019562,-0.0180687, -0.019562,-0.0190513,-0.0180687,  -0.15591,-0.0180687, -0.193938, -0.019562,-0.0180687, -0.019562]
	PARPACK diagonalization completed after 45 matrix-vector product operations.
	iteration results: : total energy is -19.512662 | electron energy -19.512737 + phonon energy 0.000075 | electron momentum kIdx = 0
The 4-th iteration is completed.	|| time cost : 0h 0m 24.357s
********************************************************************************************************************
Start the 5 rounds of NGS-ED iteration
	effective electronic model is modified as: kinetic energy t = 0.9965
	                                           effective interaction Vq = [ -0.612412, -0.194125,-0.0190564, -0.194125, -0.194125,-0.0195692,-0.0180711,-0.0195692,-0.0190564,-0.0180711, -0.155924,-0.0180711, -0.194125,-0.0195692,-0.0180711,-0.0195692]
	PARPACK diagonalization completed after 30 matrix-vector product operations.
	iteration results: : total energy is -19.515446 | electron energy -19.515522 + phonon energy 0.000077 | electron momentum kIdx = 0
The 5-th iteration is completed.	|| time cost : 0h 0m 21.517s
********************************************************************************************************************
Start the 6 rounds of NGS-ED iteration
	effective electronic model is modified as: kinetic energy t = 0.996497
	                                           effective interaction Vq = [ -0.612476, -0.194196, -0.019058, -0.194196, -0.194196,-0.0195714,-0.0180718,-0.0195714, -0.019058,-0.0180718, -0.155928,-0.0180718, -0.194196,-0.0195714,-0.0180718,-0.0195714]
	PARPACK diagonalization completed after 30 matrix-vector product operations.
	iteration results: : total energy is -19.516220 | electron energy -19.516297 + phonon energy 0.000077 | electron momentum kIdx = 0
The 6-th iteration is completed.	|| time cost : 0h 0m 21.575s
********************************************************************************************************************
Start the 7 rounds of NGS-ED iteration
	effective electronic model is modified as: kinetic energy t = 0.996496
	                                           effective interaction Vq = [ -0.612493, -0.194223,-0.0190585, -0.194223, -0.194223,-0.0195721,-0.0180719,-0.0195721,-0.0190585,-0.0180719, -0.155929,-0.0180719, -0.194223,-0.0195721,-0.0180719,-0.0195721]
	PARPACK diagonalization completed after 30 matrix-vector product operations.
	iteration results: : total energy is -19.516435 | electron energy -19.516512 + phonon energy 0.000077 | electron momentum kIdx = 0
	Nq(0) = 12.25,	Nq(1) = 0.15683,	Nq(2) = 0.185822,	Nq(3) = 0.15683,	Nq(4) = 0.15683,	Nq(5) = 0.203683,	Nq(6) = 0.236567,	Nq(7) = 0.203683,	Nq(8) = 0.185822,	Nq(9) = 0.236567,	Nq(10) = 0.279641,	Nq(11) = 0.236567,	Nq(12) = 0.15683,	Nq(13) = 0.203683,	Nq(14) = 0.236567,	Nq(15) = 0.203683,	Sq(0) = 3.57214e-18,	Sq(1) = 0.472376,	Sq(2) = 0.764506,	Sq(3) = 0.472376,	Sq(4) = 0.472376,	Sq(5) = 0.629326,	Sq(6) = 1.05306,	Sq(7) = 0.629326,	Sq(8) = 0.764506,	Sq(9) = 1.05306,	Sq(10) = 2.56234,	Sq(11) = 1.05306,	Sq(12) = 0.472376,	Sq(13) = 0.629326,	Sq(14) = 1.05306,	Sq(15) = 0.629326,	N(0) = 1.75767,	N(1) = 1.59575,	N(2) = 0.321069,	N(3) = 1.59575,	N(4) = 1.59575,	N(5) = 0.998998,	N(6) = 0.264254,	N(7) = 0.998998,	N(8) = 0.321069,	N(9) = 0.264254,	N(10) = 0.164175,	N(11) = 0.264254,	N(12) = 1.59575,	N(13) = 0.998998,	N(14) = 0.264254,	N(15) = 0.998998,	Delta[s](0) = 0.080095,	Delta[s](1) = 0.0599811,	Delta[s](2) = 0.0360356,	Delta[s](3) = 0.0599811,	Delta[s](4) = 0.0599811,	Delta[s](5) = 0.042992,	Delta[s](6) = 0.0200451,	Delta[s](7) = 0.042992,	Delta[s](8) = 0.0360356,	Delta[s](9) = 0.0200451,	Delta[s](10) = 0.00056195,	Delta[s](11) = 0.0200451,	Delta[s](12) = 0.0599811,	Delta[s](13) = 0.042992,	Delta[s](14) = 0.0200451,	Delta[s](15) = 0.042992,	Delta[d](0) = 0.287386,	Delta[d](1) = 0.195645,	Delta[d](2) = 0.205217,	Delta[d](3) = 0.195645,	Delta[d](4) = 0.195645,	Delta[d](5) = 0.181741,	Delta[d](6) = 0.135983,	Delta[d](7) = 0.181741,	Delta[d](8) = 0.205217,	Delta[d](9) = 0.135983,	Delta[d](10) = 0.0551783,	Delta[d](11) = 0.135983,	Delta[d](12) = 0.195645,	Delta[d](13) = 0.181741,	Delta[d](14) = 0.135983,	Delta[d](15) = 0.181741,	Delta[s+](0) = 0.575938,	Delta[s+](1) = 0.428858,	Delta[s+](2) = 0.205217,	Delta[s+](3) = 0.428858,	Delta[s+](4) = 0.428858,	Delta[s+](5) = 0.299509,	Delta[s+](6) = 0.129504,	Delta[s+](7) = 0.299509,	Delta[s+](8) = 0.205217,	Delta[s+](9) = 0.129504,	Delta[s+](10) = 0.0392421,	Delta[s+](11) = 0.129504,	Delta[s+](12) = 0.428858,	Delta[s+](13) = 0.299509,	Delta[s+](14) = 0.129504,	Delta[s+](15) = 0.299509
The 7-th iteration is completed.	|| time cost : 0h 3m 57.504s
********************************************************************************************************************
********************************************************************************************************************
Ground state is obtained after 8 iterations. The current ground-state energy is -19.5164, in which electron energy is -19.5165 and phonon energy is 7.73613e-05
final variational state is: 
	Gamma_x = [      1,1.00244,1.00035,1.00244,1.00244,1.00039,1.00045,1.00039,1.00035,1.00045, 1.0048,1.00045,1.00244,1.00039,1.00045,1.00039]
	lambda_q = [  0.308817,  0.121552, 0.0327133,  0.121552,  0.121552, 0.0341239,-0.0301799, 0.0341239, 0.0327133,-0.0301799,-0.0851704,-0.0301799,  0.121552, 0.0341239,-0.0301799, 0.0341239]
The effective e-e interactions mediated by phonons are: [ 0.612498, 0.194234,0.0190586, 0.194234, 0.194234,0.0195723, 0.018072,0.0195723,0.0190586, 0.018072, 0.155929, 0.018072, 0.194234,0.0195723, 0.018072,0.0195723]
The real-space interactions mediated by phonons are: [ -1.73406,-0.726824,-0.243089,-0.594883,-0.808893, -0.78556,-0.243089,-0.266491,-0.728255,-0.266491,-0.243089, -0.78556,-0.808893,-0.594883,-0.243089,-0.726824]
********************************************************************************************************************
o___o  ----------------------------------------
| L |	Time since last clock: 0h 0m 0s
A===A	Time since the beginning: 0h 27m 16.123s
***********************************************

********************************************************************************************************************
Start warm-up calculation for scaling factor 16
open output files: NGSEDWarmUpW3.2Obs.txt
********************************************************************************************************************
Start the 0 rounds of NGS-ED iteration
	effective electronic model is modified as: kinetic energy t = 0.996495
	                                           effective interaction Vq = [  -0.55951, -0.156928,-0.0148949, -0.156928, -0.156928,-0.0153832,-0.0139861,-0.0153832,-0.0148949,-0.0139861, -0.119873,-0.0139861, -0.156928,-0.0153832,-0.0139861,-0.0153832]
	PARPACK diagonalization completed after 60 matrix-vector product operations.
	iteration results: : total energy is -18.825188 | electron energy -18.825227 + phonon energy 0.000039 | electron momentum kIdx = 0
	Nq(0) = 12.25,	Nq(1) = 0.156264,	Nq(2) = 0.185615,	Nq(3) = 0.156264,	Nq(4) = 0.156264,	Nq(5) = 0.203477,	Nq(6) = 0.23623,	Nq(7) = 0.203477,	Nq(8) = 0.185615,	Nq(9) = 0.23623,	Nq(10) = 0.27852,	Nq(11) = 0.23623,	Nq(12) = 0.156264,	Nq(13) = 0.203477,	Nq(14) = 0.23623,	Nq(15) = 0.203477,	Sq(0) = -1.94516e-18,	Sq(1) = 0.47272,	Sq(2) = 0.764994,	Sq(3) = 0.47272,	Sq(4) = 0.47272,	Sq(5) = 0.629669,	Sq(6) = 1.05332,	Sq(7) = 0.629669,	Sq(8) = 0.764994,	Sq(9) = 1.05332,	Sq(10) = 2.56356,	Sq(11) = 1.05332,	Sq(12) = 0.47272,	Sq(13) = 0.629669,	Sq(14) = 1.05332,	Sq(15) = 0.629669,	N(0) = 1.75679,	N(1) = 1.5944,	N(2) = 0.321847,	N(3) = 1.5944,	N(4) = 1.5944,	N(5) = 0.999172,	N(6) = 0.265141,	N(7) = 0.999172,	N(8) = 0.321847,	N(9) = 0.265141,	N(10) = 0.164659,	N(11) = 0.265141,	N(12) = 1.5944,	N(13) = 0.999172,	N(14) = 0.265141,	N(15) = 0.999172,	Delta[s](0) = 0.0797544,	Delta[s](1) = 0.0597168,	Delta[s](2) = 0.0358722,	Delta[s](3) = 0.0597168,	Delta[s](4) = 0.0597168,	Delta[s](5) = 0.0427838,	Delta[s](6) = 0.0199415,	Delta[s](7) = 0.0427838,	Delta[s](8) = 0.0358722,	Delta[s](9) = 0.0199415,	Delta[s](10) = 0.00054928,	Delta[s](11) = 0.0199415,	Delta[s](12) = 0.0597168,	Delta[s](13) = 0.0427838,	Delta[s](14) = 0.0199415,	Delta[s](15) = 0.0427838,	Delta[d](0) = 0.288467,	Delta[d](1) = 0.197019,	Delta[d](2) = 0.206625,	Delta[d](3) = 0.197019,	Delta[d](4) = 0.197019,	Delta[d](5) = 0.182992,	Delta[d](6) = 0.137024,	Delta[d](7) = 0.182992,	Delta[d](8) = 0.206625,	Delta[d](9) = 0.137024,	Delta[d](10) = 0.0555814,	Delta[d](11) = 0.137024,	Delta[d](12) = 0.197019,	Delta[d](13) = 0.182992,	Delta[d](14) = 0.137024,	Delta[d](15) = 0.182992,	Delta[s+](0) = 0.579447,	Delta[s+](1) = 0.431488,	Delta[s+](2) = 0.206625,	Delta[s+](3) = 0.431488,	Delta[s+](4) = 0.431488,	Delta[s+](5) = 0.301429,	Delta[s+](6) = 0.130458,	Delta[s+](7) = 0.301429,	Delta[s+](8) = 0.206625,	Delta[s+](9) = 0.130458,	Delta[s+](10) = 0.0395968,	Delta[s+](11) = 0.130458,	Delta[s+](12) = 0.431488,	Delta[s+](13) = 0.301429,	Delta[s+](14) = 0.130458,	Delta[s+](15) = 0.301429
The 0-th iteration is completed.	|| time cost : 0h 4m 5.989s
********************************************************************************************************************
Start the 1 rounds of NGS-ED iteration
	effective electronic model is modified as: kinetic energy t = 0.996546
	                                           effective interaction Vq = [ -0.584559,  -0.15958,-0.0146323,  -0.15958,  -0.15958,-0.0152276,-0.0135298,-0.0152276,-0.0146323,-0.0135298, -0.114482,-0.0135298,  -0.15958,-0.0152276,-0.0135298,-0.0152276]
	PARPACK diagonalization completed after 45 matrix-vector product operations.
	iteration results: : total energy is -19.132347 | electron energy -19.132429 + phonon energy 0.000082 | electron momentum kIdx = 0
The 1-th iteration is completed.	|| time cost : 0h 0m 24.431s
********************************************************************************************************************
Start the 2 rounds of NGS-ED iteration
	effective electronic model is modified as: kinetic energy t = 0.996545
	                                           effective interaction Vq = [ -0.597767, -0.160962,-0.0145237, -0.160962, -0.160962,-0.0151603,-0.0133586,-0.0151603,-0.0145237,-0.0133586, -0.112654,-0.0133586, -0.160962,-0.0151603,-0.0133586,-0.0151603]
	PARPACK diagonalization completed after 45 matrix-vector product operations.
	iteration results: : total energy is -19.294204 | electron energy -19.294314 + phonon energy 0.000110 | electron momentum kIdx = 0
The 2-th iteration is completed.	|| time cost : 0h 0m 24.447s
********************************************************************************************************************
Start the 3 rounds of NGS-ED iteration
	effective electronic model is modified as: kinetic energy t = 0.996536
	                                           effective interaction Vq = [ -0.604731, -0.161688,-0.0144792, -0.161688, -0.161688,-0.0151313,-0.0132949,-0.0151313,-0.0144792,-0.0132949, -0.112046,-0.0132949, -0.161688,-0.0151313,-0.0132949,-0.0151313]
	PARPACK diagonalization completed after 45 matrix-vector product operations.
	iteration results: : total energy is -19.379532 | electron energy -19.379659 + phonon energy 0.000126 | electron momentum kIdx = 0
The 3-th iteration is completed.	|| time cost : 0h 0m 24.459s
********************************************************************************************************************
Start the 4 rounds of NGS-ED iteration
	effective electronic model is modified as: kinetic energy t = 0.996528
	                                           effective interaction Vq = [ -0.608404, -0.162072, -0.014461, -0.162072, -0.162072,-0.0151189,-0.0132714,-0.0151189, -0.014461,-0.0132714, -0.111846,-0.0132714, -0.162072,-0.0151189,-0.0132714,-0.0151189]
	PARPACK diagonalization completed after 45 matrix-vector product operations.
	iteration results: : total energy is -19.424522 | electron energy -19.424657 + phonon energy 0.000136 | electron momentum kIdx = 0
The 4-th iteration is completed.	|| time cost : 0h 0m 24.404s
********************************************************************************************************************
Start the 5 rounds of NGS-ED iteration
	effective electronic model is modified as: kinetic energy t = 0.996523
	                                           effective interaction Vq = [  -0.61034, -0.162276,-0.0144536, -0.162276, -0.162276,-0.0151136,-0.0132627,-0.0151136,-0.0144536,-0.0132627, -0.111781,-0.0132627, -0.162276,-0.0151136,-0.0132627,-0.0151136]
	PARPACK diagonalization completed after 30 matrix-vector product operations.
	iteration results: : total energy is -19.448243 | electron energy -19.448385 + phonon energy 0.000141 | electron momentum kIdx = 0
The 5-th iteration is completed.	|| time cost : 0h 0m 21.552s
********************************************************************************************************************
Start the 6 rounds of NGS-ED iteration
	effective electronic model is modified as: kinetic energy t = 0.99652
	                                           effective interaction Vq = [ -0.611361, -0.162385,-0.0144505, -0.162385, -0.162385,-0.0151113,-0.0132595,-0.0151113,-0.0144505,-0.0132595, -0.111761,-0.0132595, -0.162385,-0.0151113,-0.0132595,-0.0151113]
	PARPACK diagonalization completed after 30 matrix-vector product operations.
	iteration results: : total energy is -19.460751 | electron energy -19.460896 + phonon energy 0.000145 | electron momentum kIdx = 0
The 6-th iteration is completed.	|| time cost : 0h 0m 21.606s
********************************************************************************************************************
Start the 7 rounds of NGS-ED iteration
	effective electronic model is modified as: kinetic energy t = 0.996518
	                                           effective interaction Vq = [ -0.611899, -0.162443,-0.0144493, -0.162443, -0.162443,-0.0151103,-0.0132583,-0.0151103,-0.0144493,-0.0132583, -0.111755,-0.0132583, -0.162443,-0.0151103,-0.0132583,-0.0151103]
	PARPACK diagonalization completed after 30 matrix-vector product operations.
	iteration results: : total energy is -19.467346 | electron energy -19.467493 + phonon energy 0.000146 | electron momentum kIdx = 0
The 7-th iteration is completed.	|| time cost : 0h 0m 21.605s
********************************************************************************************************************
Start the 8 rounds of NGS-ED iteration
	effective electronic model is modified as: kinetic energy t = 0.996517
	                                           effective interaction Vq = [ -0.612183, -0.162474,-0.0144488, -0.162474, -0.162474,-0.0151099,-0.0132579,-0.0151099,-0.0144488,-0.0132579, -0.111753,-0.0132579, -0.162474,-0.0151099,-0.0132579,-0.0151099]
	PARPACK diagonalization completed after 30 matrix-vector product operations.
	iteration results: : total energy is -19.470824 | electron energy -19.470971 + phonon energy 0.000147 | electron momentum kIdx = 0
The 8-th iteration is completed.	|| time cost : 0h 0m 21.599s
********************************************************************************************************************
Start the 9 rounds of NGS-ED iteration
	effective electronic model is modified as: kinetic energy t = 0.996516
	                                           effective interaction Vq = [ -0.612333, -0.162491,-0.0144486, -0.162491, -0.162491,-0.0151098,-0.0132577,-0.0151098,-0.0144486,-0.0132577, -0.111753,-0.0132577, -0.162491,-0.0151098,-0.0132577,-0.0151098]
	PARPACK diagonalization completed after 30 matrix-vector product operations.
	iteration results: : total energy is -19.472658 | electron energy -19.472806 + phonon energy 0.000148 | electron momentum kIdx = 0
The 9-th iteration is completed.	|| time cost : 0h 0m 21.597s
********************************************************************************************************************
Start the 10 rounds of NGS-ED iteration
	effective electronic model is modified as: kinetic energy t = 0.996516
	                                           effective interaction Vq = [ -0.612412,   -0.1625,-0.0144485,   -0.1625,   -0.1625,-0.0151097,-0.0132577,-0.0151097,-0.0144485,-0.0132577, -0.111753,-0.0132577,   -0.1625,-0.0151097,-0.0132577,-0.0151097]
	PARPACK diagonalization completed after 30 matrix-vector product operations.
	iteration results: : total energy is -19.473625 | electron energy -19.473773 + phonon energy 0.000148 | electron momentum kIdx = 0
The 10-th iteration is completed.	|| time cost : 0h 0m 21.584s
********************************************************************************************************************
Start the 11 rounds of NGS-ED iteration
	effective electronic model is modified as: kinetic energy t = 0.996516
	                                           effective interaction Vq = [ -0.612454, -0.162505,-0.0144485, -0.162505, -0.162505,-0.0151097,-0.0132577,-0.0151097,-0.0144485,-0.0132577, -0.111753,-0.0132577, -0.162505,-0.0151097,-0.0132577,-0.0151097]
	PARPACK diagonalization completed after 30 matrix-vector product operations.
	iteration results: : total energy is -19.474135 | electron energy -19.474283 + phonon energy 0.000148 | electron momentum kIdx = 0
The 11-th iteration is completed.	|| time cost : 0h 0m 21.589s
********************************************************************************************************************
Start the 12 rounds of NGS-ED iteration
	effective electronic model is modified as: kinetic energy t = 0.996516
	                                           effective interaction Vq = [ -0.612476, -0.162507,-0.0144485, -0.162507, -0.162507,-0.0151096,-0.0132577,-0.0151096,-0.0144485,-0.0132577, -0.111753,-0.0132577, -0.162507,-0.0151096,-0.0132577,-0.0151096]
	PARPACK diagonalization completed after 30 matrix-vector product operations.
	iteration results: : total energy is -19.474403 | electron energy -19.474552 + phonon energy 0.000148 | electron momentum kIdx = 0
The 12-th iteration is completed.	|| time cost : 0h 0m 21.614s
********************************************************************************************************************
Start the 13 rounds of NGS-ED iteration
	effective electronic model is modified as: kinetic energy t = 0.996516
	                                           effective interaction Vq = [ -0.612487, -0.162509,-0.0144485, -0.162509, -0.162509,-0.0151096,-0.0132577,-0.0151096,-0.0144485,-0.0132577, -0.111753,-0.0132577, -0.162509,-0.0151096,-0.0132577,-0.0151096]
	PARPACK diagonalization completed after 30 matrix-vector product operations.
	iteration results: : total energy is -19.474545 | electron energy -19.474694 + phonon energy 0.000149 | electron momentum kIdx = 0
