SNEDics v3.22.2 Non-Gaussian ED ground state program		Start at Sat Feb 19 16:47:40 2022

Parallelization: 32 MPI threads  * 8 OpenMP threads = 256 total threads.
********************************************************************************************************************
********************************************************************************************************************

********************************************************************************************************************
System parameters and configurations
	special program options are enabled: splitted diagonal Hamiltonian | splitted Hamiltonian terms
********************************************************************************************************************
Read input file "model_params.in"
	Hubbard-Holstein model parameters : 	t = 1    t' = -0.1    U = 8    g = 0.5    W = 0.2    g' = 0.2    
********************************************************************************************************************
Read input file "hilbertspace_params.in"
	Requested 16-site 2D lattice, with 6 electrons (3, 3)
	Boundary : Periodic		Hilbert space representation : momentum-space (restricted to kIdx = 0)
	Conservation: particle number[U(1)]      spin[U(1)]     momentum
********************************************************************************************************************

Cluster Positions:				Cluster symmetry group : D4
 x ... x ... x ... x .....                       x ... x ... x ... x .....
 |           |           :                       |           |           :
 |           |           :                       |           |           :
12    13    14    15     x                       1     5     6     5     x
 |           |           :                       |           |           :
 |           |           :                       |           |           :
 8 --- 9 ---10 ---11 --- x                       2 --- 6 ---10 --- 6 --- x
 |           |           :                       |           |           :
 |           |           :                       |           |           :
 4     5     6     7     x                       1     5     6     5     x
 |           |           :                       |           |           :
 |           |           :                       |           |           :
 0 --- 1 --- 2 --- 3 --- x                       0 --- 1 --- 2 --- 1 --- x
orbital number : 1
********************************************************************************************************************
Read input file "obs_params.in"
	Observable Type : Nq(All),   Sq(All),   N(All-Orbital),   Delta[s](All),   Delta[d](All),   Delta[s+](All)
** WARNING ** the input observables have non-local factors which have been reinterpreted. The total observable number is 96
********************************************************************************************************************


********************************************************************************************************************
Start calculating the non-Gaussian ED ground state
Maximal iteration number is 1000; energy resolution is 1e-06. Phonon state relaxation time is 2000
W = 0.2 is relatively large. The non-Gaussian ED calculation starts directly.
open output files: NGSED_iteration_observables.txt
********************************************************************************************************************
Start the 0 rounds of NGS-ED iteration
	effective electronic model is modified as: kinetic energy t = 1, t' = -0.1
	                                           effective interaction Vq = [0,0,0,0,0,0,0,0,0,0,0,0,0,0,0,0]
	first Hamiltonian is constructed, size = 19600 and non-zero numbers = 2024436
	PARPACK diagonalization completed after 75 matrix-vector product operations.
	iteration results: : total energy is -13.996543 | electron energy -13.996543 + phonon energy 0.000000 | electron momentum kIdx = 0
	Nq(0) = 2.25,	Nq(1) = 0.201653,	Nq(2) = 0.225968,	Nq(3) = 0.201653,	Nq(4) = 0.201653,	Nq(5) = 0.229365,	
	Nq(6) = 0.335313,	Nq(7) = 0.229365,	Nq(8) = 0.225968,	Nq(9) = 0.335313,	Nq(10) = 0.361344,	
	Nq(11) = 0.335313,	Nq(12) = 0.201653,	Nq(13) = 0.229365,	Nq(14) = 0.335313,	Nq(15) = 0.229365;	
	Sq(0) = 7.83139e-18,	Sq(1) = 0.231789,	Sq(2) = 0.503388,	Sq(3) = 0.231789,	Sq(4) = 0.231789,	
	Sq(5) = 0.488436,	Sq(6) = 0.399368,	Sq(7) = 0.488436,	Sq(8) = 0.503388,	Sq(9) = 0.399368,	
	Sq(10) = 0.386248,	Sq(11) = 0.399368,	Sq(12) = 0.231789,	Sq(13) = 0.488436,	Sq(14) = 0.399368,	
	Sq(15) = 0.488436;	N(0) = 1.85002,	N(1) = 0.990831,	N(2) = 0.0280886,	N(3) = 0.990831,	
	N(4) = 0.990831,	N(5) = 0.02154,	N(6) = 0.0100772,	N(7) = 0.02154,	N(8) = 0.0280886,	
	N(9) = 0.0100772,	N(10) = 0.00400559,	N(11) = 0.0100772,	N(12) = 0.990831,	N(13) = 0.02154,	
	N(14) = 0.0100772,	N(15) = 0.02154;	Delta[s](0) = 0.0142988,	Delta[s](1) = 0.00941504,	Delta[s](2) = 0.00177006,	
	Delta[s](3) = 0.00941504,	Delta[s](4) = 0.00941504,	Delta[s](5) = 0.00178365,	Delta[s](6) = 0.000392234,	Delta[s](7) = 0.00178365,	
	Delta[s](8) = 0.00177006,	Delta[s](9) = 0.000392234,	Delta[s](10) = 9.99332e-05,	Delta[s](11) = 0.000392234,	Delta[s](12) = 0.00941504,	
	Delta[s](13) = 0.00178365,	Delta[s](14) = 0.000392234,	Delta[s](15) = 0.00178365;	Delta[d](0) = 0.00845764,	Delta[d](1) = 0.0314463,	
	Delta[d](2) = 0.014966,	Delta[d](3) = 0.0314463,	Delta[d](4) = 0.0314463,	Delta[d](5) = 0.0653628,	Delta[d](6) = 0.0170868,	
	Delta[d](7) = 0.0653628,	Delta[d](8) = 0.014966,	Delta[d](9) = 0.0170868,	Delta[d](10) = 0.00559898,	Delta[d](11) = 0.0170868,	
	Delta[d](12) = 0.0314463,	Delta[d](13) = 0.0653628,	Delta[d](14) = 0.0170868,	Delta[d](15) = 0.0653628;	Delta[s+](0) = 0.226614,	
	Delta[s+](1) = 0.129685,	Delta[s+](2) = 0.014966,	Delta[s+](3) = 0.129685,	Delta[s+](4) = 0.129685,	Delta[s+](5) = 0.0150036,	
	Delta[s+](6) = 0.00189132,	Delta[s+](7) = 0.0150036,	Delta[s+](8) = 0.014966,	Delta[s+](9) = 0.00189132,	Delta[s+](10) = 0.000324359,	
	Delta[s+](11) = 0.00189132,	Delta[s+](12) = 0.129685,	Delta[s+](13) = 0.0150036,	Delta[s+](14) = 0.00189132,	Delta[s+](15) = 0.0150036
	
The 0-th iteration is completed.	|| time cost : 0h 0m 0.952s
********************************************************************************************************************
Start the 1 rounds of NGS-ED iteration
	effective electronic model is modified as: kinetic energy t = 0.947441, t' = -0.0902849
	                                           effective interaction Vq = [     -8.45,  -1.75367,   -0.1472,  -1.75367,  -1.75367, -0.142451,-0.0047785, -0.142451,   -0.1472,-0.0047785,-0.0361077,-0.0047785,  -1.75367, -0.142451,-0.0047785, -0.142451]
	PARPACK diagonalization completed after 30 matrix-vector product operations.
	iteration results: : total energy is -33.791224 | electron energy -34.126458 + phonon energy 0.335235 | electron momentum kIdx = 0
The 1-th iteration is completed.	|| time cost : 0h 0m 0.878s
********************************************************************************************************************
Start the 2 rounds of NGS-ED iteration
	effective electronic model is modified as: kinetic energy t = 0.910451, t' = -0.0833694
	                                           effective interaction Vq = [     -8.45,   -2.7586, -0.148238,   -2.7586,   -2.7586, -0.143134,-0.0044099, -0.143134, -0.148238,-0.0044099,-0.0346937,-0.0044099,   -2.7586, -0.143134,-0.0044099, -0.143134]
	PARPACK diagonalization completed after 30 matrix-vector product operations.
	iteration results: : total energy is -34.076935 | electron energy -34.835023 + phonon energy 0.758088 | electron momentum kIdx = 0
The 2-th iteration is completed.	|| time cost : 0h 0m 0.562s
********************************************************************************************************************
Start the 3 rounds of NGS-ED iteration
	effective electronic model is modified as: kinetic energy t = 0.886473, t' = -0.0790296
	                                           effective interaction Vq = [      -8.45,   -3.23692,  -0.146835,   -3.23692,   -3.23692,  -0.142357,-0.00421374,  -0.142357,  -0.146835,-0.00421374, -0.0336232,-0.00421374,   -3.23692,  -0.142357,-0.00421374,  -0.142357]
	PARPACK diagonalization completed after 30 matrix-vector product operations.
	iteration results: : total energy is -34.187480 | electron energy -35.190230 + phonon energy 1.002751 | electron momentum kIdx = 0
The 3-th iteration is completed.	|| time cost : 0h 0m 0.565s
********************************************************************************************************************
Start the 4 rounds of NGS-ED iteration
	effective electronic model is modified as: kinetic energy t = 0.875015, t' = -0.0769981
	                                           effective interaction Vq = [      -8.45,   -3.41205,  -0.145984,   -3.41205,   -3.41205,  -0.142053,-0.00413592,  -0.142053,  -0.145984,-0.00413592, -0.0331418,-0.00413592,   -3.41205,  -0.142053,-0.00413592,  -0.142053]
	PARPACK diagonalization completed after 30 matrix-vector product operations.
	iteration results: : total energy is -34.208981 | electron energy -35.305508 + phonon energy 1.096527 | electron momentum kIdx = 0
The 4-th iteration is completed.	|| time cost : 0h 0m 0.578s
********************************************************************************************************************
Start the 5 rounds of NGS-ED iteration
	effective electronic model is modified as: kinetic energy t = 0.870732, t' = -0.076246
	                                           effective interaction Vq = [      -8.45,   -3.46861,  -0.145685,   -3.46861,   -3.46861,   -0.14199,-0.00411206,   -0.14199,  -0.145685,-0.00411206, -0.0329971,-0.00411206,   -3.46861,   -0.14199,-0.00411206,   -0.14199]
	PARPACK diagonalization completed after 30 matrix-vector product operations.
	iteration results: : total energy is -34.211673 | electron energy -35.337824 + phonon energy 1.126151 | electron momentum kIdx = 0
The 5-th iteration is completed.	|| time cost : 0h 0m 0.522s
********************************************************************************************************************
Start the 6 rounds of NGS-ED iteration
	effective electronic model is modified as: kinetic energy t = 0.869319, t' = -0.0759987
	                                           effective interaction Vq = [      -8.45,   -3.48621,  -0.145592,   -3.48621,   -3.48621,  -0.141978,-0.00410498,  -0.141978,  -0.145592,-0.00410498,  -0.032956,-0.00410498,   -3.48621,  -0.141978,-0.00410498,  -0.141978]
	PARPACK diagonalization completed after 30 matrix-vector product operations.
	iteration results: : total energy is -34.211953 | electron energy -35.347135 + phonon energy 1.135182 | electron momentum kIdx = 0
The 6-th iteration is completed.	|| time cost : 0h 0m 0.588s
********************************************************************************************************************
Start the 7 rounds of NGS-ED iteration
	effective electronic model is modified as: kinetic energy t = 0.868875, t' = -0.0759211
	                                           effective interaction Vq = [      -8.45,   -3.49164,  -0.145564,   -3.49164,   -3.49164,  -0.141975,-0.00410284,  -0.141975,  -0.145564,-0.00410284, -0.0329438,-0.00410284,   -3.49164,  -0.141975,-0.00410284,  -0.141975]
	PARPACK diagonalization completed after 30 matrix-vector product operations.
	iteration results: : total energy is -34.211980 | electron energy -35.349923 + phonon energy 1.137942 | electron momentum kIdx = 0
The 7-th iteration is completed.	|| time cost : 0h 0m 0.596s
********************************************************************************************************************
Start the 8 rounds of NGS-ED iteration
	effective electronic model is modified as: kinetic energy t = 0.868737, t' = -0.075897
	                                           effective interaction Vq = [      -8.45,   -3.49331,  -0.145556,   -3.49331,   -3.49331,  -0.141974,-0.00410219,  -0.141974,  -0.145556,-0.00410219, -0.0329401,-0.00410219,   -3.49331,  -0.141974,-0.00410219,  -0.141974]
	PARPACK diagonalization completed after 30 matrix-vector product operations.
	iteration results: : total energy is -34.211983 | electron energy -35.350772 + phonon energy 1.138789 | electron momentum kIdx = 0
The 8-th iteration is completed.	|| time cost : 0h 0m 0.576s
********************************************************************************************************************
Start the 9 rounds of NGS-ED iteration
	effective electronic model is modified as: kinetic energy t = 0.868695, t' = -0.0758896
	                                           effective interaction Vq = [      -8.45,   -3.49382,  -0.145553,   -3.49382,   -3.49382,  -0.141974,-0.00410199,  -0.141974,  -0.145553,-0.00410199,  -0.032939,-0.00410199,   -3.49382,  -0.141974,-0.00410199,  -0.141974]
	PARPACK diagonalization completed after 30 matrix-vector product operations.
	iteration results: : total energy is -34.211983 | electron energy -35.351032 + phonon energy 1.139049 | electron momentum kIdx = 0
The 9-th iteration is completed.	|| time cost : 0h 0m 0.583s
********************************************************************************************************************
Start the 10 rounds of NGS-ED iteration
	effective electronic model is modified as: kinetic energy t = 0.868682, t' = -0.0758874
	                                           effective interaction Vq = [      -8.45,   -3.49398,  -0.145552,   -3.49398,   -3.49398,  -0.141974,-0.00410192,  -0.141974,  -0.145552,-0.00410192, -0.0329387,-0.00410192,   -3.49398,  -0.141974,-0.00410192,  -0.141974]
	PARPACK diagonalization completed after 30 matrix-vector product operations.
	iteration results: : total energy is -34.211983 | electron energy -35.351112 + phonon energy 1.139129 | electron momentum kIdx = 0
The 10-th iteration is completed.	|| time cost : 0h 0m 0.579s
********************************************************************************************************************
Start the 11 rounds of NGS-ED iteration
	effective electronic model is modified as: kinetic energy t = 0.868678, t' = -0.0758867
	                                           effective interaction Vq = [      -8.45,   -3.49403,  -0.145552,   -3.49403,   -3.49403,  -0.141974,-0.00410191,  -0.141974,  -0.145552,-0.00410191, -0.0329385,-0.00410191,   -3.49403,  -0.141974,-0.00410191,  -0.141974]
	PARPACK diagonalization completed after 30 matrix-vector product operations.
	iteration results: : total energy is -34.211983 | electron energy -35.351136 + phonon energy 1.139153 | electron momentum kIdx = 0
The 11-th iteration is completed.	|| time cost : 0h 0m 0.564s
********************************************************************************************************************
Start the 12 rounds of NGS-ED iteration
	effective electronic model is modified as: kinetic energy t = 0.868677, t' = -0.0758864
	                                           effective interaction Vq = [     -8.45,  -3.49405, -0.145552,  -3.49405,  -3.49405, -0.141974,-0.0041019, -0.141974, -0.145552,-0.0041019,-0.0329385,-0.0041019,  -3.49405, -0.141974,-0.0041019, -0.141974]
	PARPACK diagonalization completed after 30 matrix-vector product operations.
	iteration results: : total energy is -34.211983 | electron energy -35.351144 + phonon energy 1.139161 | electron momentum kIdx = 0
The 12-th iteration is completed.	|| time cost : 0h 0m 0.62s
********************************************************************************************************************
Start the 13 rounds of NGS-ED iteration
	effective electronic model is modified as: kinetic energy t = 0.868676, t' = -0.0758864
	                                           effective interaction Vq = [     -8.45,  -3.49405, -0.145552,  -3.49405,  -3.49405, -0.141973,-0.0041019, -0.141973, -0.145552,-0.0041019,-0.0329385,-0.0041019,  -3.49405, -0.141973,-0.0041019, -0.141973]
	PARPACK diagonalization completed after 30 matrix-vector product operations.
	iteration results: : total energy is -34.211983 | electron energy -35.351146 + phonon energy 1.139163 | electron momentum kIdx = 0
The 13-th iteration is completed.	|| time cost : 0h 0m 0.574s
********************************************************************************************************************
Start the 14 rounds of NGS-ED iteration
	effective electronic model is modified as: kinetic energy t = 0.868676, t' = -0.0758864
	                                           effective interaction Vq = [     -8.45,  -3.49405, -0.145552,  -3.49405,  -3.49405, -0.141973,-0.0041019, -0.141973, -0.145552,-0.0041019,-0.0329385,-0.0041019,  -3.49405, -0.141973,-0.0041019, -0.141973]
	PARPACK diagonalization completed after 30 matrix-vector product operations.
	iteration results: : total energy is -34.211983 | electron energy -35.351147 + phonon energy 1.139164 | electron momentum kIdx = 0
The 14-th iteration is completed.	|| time cost : 0h 0m 0.571s
********************************************************************************************************************
Start the 15 rounds of NGS-ED iteration
	effective electronic model is modified as: kinetic energy t = 0.868676, t' = -0.0758864
	                                           effective interaction Vq = [     -8.45,  -3.49405, -0.145552,  -3.49405,  -3.49405, -0.141973,-0.0041019, -0.141973, -0.145552,-0.0041019,-0.0329385,-0.0041019,  -3.49405, -0.141973,-0.0041019, -0.141973]
	PARPACK diagonalization completed after 30 matrix-vector product operations.
	iteration results: : total energy is -34.211983 | electron energy -35.351147 + phonon energy 1.139164 | electron momentum kIdx = 0
The 15-th iteration is completed.	|| time cost : 0h 0m 0.575s
********************************************************************************************************************
Start the 16 rounds of NGS-ED iteration
	effective electronic model is modified as: kinetic energy t = 0.868676, t' = -0.0758863
	                                           effective interaction Vq = [     -8.45,  -3.49405, -0.145552,  -3.49405,  -3.49405, -0.141973,-0.0041019, -0.141973, -0.145552,-0.0041019,-0.0329385,-0.0041019,  -3.49405, -0.141973,-0.0041019, -0.141973]
	PARPACK diagonalization completed after 30 matrix-vector product operations.
	iteration results: : total energy is -34.211983 | electron energy -35.351147 + phonon energy 1.139164 | electron momentum kIdx = 0
	Nq(0) = 2.25,	Nq(1) = 0.391825,	Nq(2) = 0.193667,	Nq(3) = 0.391825,	Nq(4) = 0.391825,	Nq(5) = 0.197211,	
	Nq(6) = 0.240664,	Nq(7) = 0.197211,	Nq(8) = 0.193667,	Nq(9) = 0.240664,	Nq(10) = 0.280806,	
	Nq(11) = 0.240664,	Nq(12) = 0.391825,	Nq(13) = 0.197211,	Nq(14) = 0.240664,	Nq(15) = 0.197211;	
	Sq(0) = 1.87788e-18,	Sq(1) = 0.222887,	Sq(2) = 0.414933,	Sq(3) = 0.222887,	Sq(4) = 0.222887,	
	Sq(5) = 0.414823,	Sq(6) = 0.478312,	Sq(7) = 0.414823,	Sq(8) = 0.414933,	Sq(9) = 0.478312,	
	Sq(10) = 0.469107,	Sq(11) = 0.478312,	Sq(12) = 0.222887,	Sq(13) = 0.414823,	Sq(14) = 0.478312,	
	Sq(15) = 0.414823;	N(0) = 1.85161,	N(1) = 0.859949,	N(2) = 0.10053,	N(3) = 0.859949,	
	N(4) = 0.859949,	N(5) = 0.0928527,	N(6) = 0.0286636,	N(7) = 0.0928527,	N(8) = 0.10053,	
	N(9) = 0.0286636,	N(10) = 0.0214704,	N(11) = 0.0286636,	N(12) = 0.859949,	N(13) = 0.0928527,	
	N(14) = 0.0286636,	N(15) = 0.0928527;	Delta[s](0) = 0.016027,	Delta[s](1) = 0.0124972,	Delta[s](2) = 0.00655251,	
	Delta[s](3) = 0.0124972,	Delta[s](4) = 0.0124972,	Delta[s](5) = 0.00648923,	Delta[s](6) = 0.0030137,	Delta[s](7) = 0.00648923,	
	Delta[s](8) = 0.00655251,	Delta[s](9) = 0.0030137,	Delta[s](10) = 0.00133671,	Delta[s](11) = 0.0030137,	Delta[s](12) = 0.0124972,	
	Delta[s](13) = 0.00648923,	Delta[s](14) = 0.0030137,	Delta[s](15) = 0.00648923;	Delta[d](0) = 0.0156161,	Delta[d](1) = 0.0380608,	
	Delta[d](2) = 0.0424166,	Delta[d](3) = 0.0380608,	Delta[d](4) = 0.0380608,	Delta[d](5) = 0.0686234,	Delta[d](6) = 0.0462864,	
	Delta[d](7) = 0.0686234,	Delta[d](8) = 0.0424166,	Delta[d](9) = 0.0462864,	Delta[d](10) = 0.03153,	Delta[d](11) = 0.0462864,	
	Delta[d](12) = 0.0380608,	Delta[d](13) = 0.0686234,	Delta[d](14) = 0.0462864,	Delta[d](15) = 0.0686234;	Delta[s+](0) = 0.215061,	
	Delta[s+](1) = 0.128922,	Delta[s+](2) = 0.0424166,	Delta[s+](3) = 0.128922,	Delta[s+](4) = 0.128922,	Delta[s+](5) = 0.0417048,	
	Delta[s+](6) = 0.0137536,	Delta[s+](7) = 0.0417048,	Delta[s+](8) = 0.0424166,	Delta[s+](9) = 0.0137536,	Delta[s+](10) = 0.00668274,	
	Delta[s+](11) = 0.0137536,	Delta[s+](12) = 0.128922,	Delta[s+](13) = 0.0417048,	Delta[s+](14) = 0.0137536,	Delta[s+](15) = 0.0417048
	
The 16-th iteration is completed.	|| time cost : 0h 0m 0.732s
********************************************************************************************************************
********************************************************************************************************************
Ground state is obtained after 17 iterations. The current ground-state energy is -34.212, in which electron energy is -35.3511 and phonon energy is 1.13916
Final variational state is: 
	Gamma_x = [      1,7.53493,1.14587,7.53493,7.53493,1.14495,1.00484,1.14495,1.14587,1.00484, 1.0464,1.00484,7.53493,1.14495,1.00484,1.14495]
	lambda_q = [       6.5,   2.83274,  0.150055,   2.83274,   2.83274,  0.146251, 0.0209483,  0.146251,  0.150055, 0.0209483,-0.0559406, 0.0209483,   2.83274,  0.146251, 0.0209483,  0.146251]
Effective e-e interactions mediated by phonons are:
	momentum-space Vq = [     -8.45,  -3.49405, -0.145552,  -3.49405,  -3.49405, -0.141973,-0.0041019, -0.141973, -0.145552,-0.0041019,-0.0329385,-0.0041019,  -3.49405, -0.141973,-0.0041019, -0.141973]
	real-space Vr = [  -1.45841,  -0.96231, -0.512884,  -0.96231,  -0.96231,  -0.51199,-0.0898226,  -0.51199, -0.512884,-0.0898226,  0.290667,-0.0898226,  -0.96231,  -0.51199,-0.0898226,  -0.51199]
********************************************************************************************************************
o___o  ----------------------------------------
| L |	Time since last clock: 0h 0m 0.011s
A===A	Time since the beginning: 0h 0m 10.635s
***********************************************


Non-Gaussina ED ground state calculation is completed. The final ground-state energy is -34.212
********************************************************************************************************************
o___o  ----------------------------------------
| L |	Time since last clock: 0h 0m 0.003s
A===A	Time since the beginning: 0h 0m 10.639s
***********************************************



********************************************************************************************************************
All non-Gaussian ED ground state calculations have been completed. Exit now.
